,45,50,51,55,54,52,53,60,56,59,58,57,61
0,97.45034889962426,2.5496511003757383,,,,,,,,,,,
1,93.16290928609769,6.816961889425658,0.020128824476650563,,,,,,,,,,
2,92.74691358024691,7.232957595276436,0.020128824476650563,,,,,,,,,,
3,88.75469672571121,10.534084809447128,0.630703166935051,0.08051529790660225,,,,,,,,,
4,85.77563070316694,13.506441223832528,0.630703166935051,0.08722490606548577,,,,,,,,,
5,84.6886741814278,14.479334406870638,0.6105743424584005,0.10064412238325282,0.12077294685990338,,,,,,,,
6,84.57461084272678,14.546430488459475,0.6374127750939346,0.10064412238325282,0.12077294685990338,0.020128824476650563,,,,,,,
7,83.82313472893183,15.096618357487923,0.6374127750939346,0.12077294685990338,0.12077294685990338,0.10735373054213634,0.0939345142243693,,,,,,
8,83.39371980676329,15.45222758990875,0.644122383252818,0.16774020397208803,0.12077294685990338,0.13419216317767044,0.08722490606548577,,,,,,
9,80.46162104133118,18.337359098228664,0.6575415995705851,0.18115942028985507,0.12077294685990338,0.15432098765432098,0.08722490606548577,,,,,,
10,79.46859903381643,18.95464304884595,0.7112184648416533,0.24825550187869028,0.12077294685990338,0.4227053140096618,0.07380568974771873,,,,,,
11,76.9927536231884,21.175523349436393,0.7581857219538379,0.4227053140096618,0.12077294685990338,0.4227053140096618,0.10735373054213634,,,,,,
12,73.14814814814815,24.832259796027913,0.7581857219538379,0.46967257112184646,0.12077294685990338,0.5636070853462157,0.10735373054213634,,,,,,
13,72.61808910359635,25.275093934514224,0.7648953301127214,0.5166398282340311,0.15432098765432098,0.5636070853462157,0.10735373054213634,,,,,,
14,69.8268921095008,27.623456790123456,0.8722490606548577,0.6709608158883521,0.16774020397208803,0.5636070853462157,0.27509393451422437,,,,,,
15,68.37090713902307,28.965378421900162,0.8722490606548577,0.7380568974771873,0.16774020397208803,0.5770263016639828,0.30864197530864196,,,,,,
16,66.76060118089103,30.159688674181428,0.9192163177670424,0.6977992485238862,0.14761137949543746,0.9057971014492754,0.4092860976918948,,,,,,
17,66.34460547504025,29.918142780461622,0.9594739667203436,0.8990874932903918,0.30864197530864196,1.0399892646269457,0.5300590445517982,,,,,,
18,66.20370370370371,29.884594739667204,0.9594739667203436,0.9326355340848095,0.33548040794417605,1.0735373054213635,0.6105743424584005,,,,,,
19,65.39855072463769,30.56897477187332,1.0064412238325282,0.9728931830381106,0.36902844873859364,1.0735373054213635,0.6105743424584005,,,,,,
20,64.9825550187869,30.515297906602253,1.1808910359634996,1.0802469135802468,0.38915727321524424,1.1741814278046163,0.6776704240472357,,,,,,
21,54.200214707461086,41.34460547504026,1.0265700483091786,1.107085346215781,0.48980139559849706,1.1540526033279657,0.6776704240472357,,,,,,
22,53.97208803005905,41.237251744498124,1.1137949543746646,1.3553408480944713,0.48980139559849706,1.1540526033279657,0.6776704240472357,,,,,,
23,52.99919484702093,41.31105743424584,1.1406333870101986,2.2208803005904456,0.48980139559849706,1.1741814278046163,0.6642512077294686,,,,,,
24,52.41545893719807,41.23054213633924,1.2681159420289856,2.38191089640365,0.48980139559849706,1.2144390767579174,0.9997316156736447,,,,,,
25,51.918947933440684,40.4723564143854,2.818035426731079,2.200751476113795,0.3824476650563607,1.2144390767579174,0.9460547504025765,0.04696725711218465,,,,,
26,46.67874396135266,45.37707997852925,2.2879763821792807,1.6304347826086956,2.5161030595813205,0.9057971014492754,0.5367686527106817,0.04696725711218465,0.020128824476650563,,,,
27,46.403650026838434,45.16237251744498,2.2946859903381642,1.932367149758454,2.4691358024691357,0.9930220075147611,0.5971551261406334,0.04696725711218465,0.020128824476650563,0.08051529790660225,,,
28,46.08829844337091,45.410628019323674,2.341653247450349,1.9122383252818036,2.4892646269457863,1.0064412238325282,0.5971551261406334,0.04696725711218465,0.026838432635534086,0.08051529790660225,,,
29,45.59849704777241,45.24288781535159,2.5161030595813205,1.9659151905528718,2.4221685453569513,1.42914653784219,0.5971551261406334,0.04696725711218465,0.026838432635534086,0.11406333870101985,0.040257648953301126,,
30,44.135802469135804,46.45061728395062,2.5563607085346214,2.2208803005904456,2.2946859903381642,1.4224369296833066,0.6910896403650026,0.04696725711218465,0.026838432635534086,0.11406333870101985,0.040257648953301126,,
31,43.41787439613527,46.323134728931834,3.1870638754696725,2.314814814814815,2.2946859903381642,1.4224369296833066,0.8118625872249061,0.04696725711218465,0.026838432635534086,0.11406333870101985,0.040257648953301126,,
32,43.06897477187332,46.26945786366076,3.2541599570585076,2.442297369833602,2.2946859903381642,1.4559849704777241,0.966183574879227,0.06709608158883522,0.026838432635534086,0.11406333870101985,0.040257648953301126,,
33,42.20343531937735,47.839506172839506,2.2208803005904456,2.6301663982823404,2.2946859903381642,1.4626945786366077,1.1205045625335481,0.06709608158883522,0.0067096081588835215,0.11406333870101985,0.040257648953301126,,
34,41.95517981749866,47.678475577026305,2.200751476113795,3.0595813204508855,2.2946859903381642,1.4626945786366077,1.1205045625335481,0.06709608158883522,0.0067096081588835215,0.11406333870101985,0.040257648953301126,,
35,41.720343531937736,47.725442834138484,2.281266774020397,3.140096618357488,2.3215244229736984,1.4626945786366077,1.1205045625335481,0.06709608158883522,0.0067096081588835215,0.11406333870101985,0.040257648953301126,,
36,41.639828234031135,46.47074610842727,2.2946859903381642,4.300858829844337,2.442297369833602,1.4492753623188406,1.1607622114868492,0.06709608158883522,0.020128824476650563,0.11406333870101985,0.040257648953301126,,
37,40.62667740203972,47.18196457326892,2.395330112721417,4.260601180891036,2.475845410628019,1.442565754159957,1.2815351583467525,0.08051529790660225,0.020128824476650563,0.19457863660762212,0.040257648953301126,,
38,40.3918411164788,47.094739667203434,2.536231884057971,4.40150295222759,2.3349436392914655,1.4694041867954912,1.3016639828234031,0.08051529790660225,0.14761137949543746,0.20128824476650564,0.040257648953301126,,
39,39.99597423510467,46.96725711218465,2.6033279656468062,4.669887278582931,2.328234031132582,1.5096618357487923,1.42914653784219,0.08051529790660225,0.14761137949543746,0.20128824476650564,0.040257648953301126,0.026838432635534086,
40,39.91545893719807,46.141975308641975,2.7241009125067097,5.314009661835748,2.3215244229736984,1.4962426194310252,1.5767579173376274,0.08051529790660225,0.16774020397208803,0.19457863660762212,0.040257648953301126,0.026838432635534086,
41,39.69404186795491,46.07487922705314,2.737520128824477,5.307300053676865,2.4490069779924855,1.4962426194310252,1.710950080515298,0.08051529790660225,0.1610305958132045,0.19457863660762212,0.06709608158883522,0.026838432635534086,
42,38.66747181964573,44.65244229736983,2.831454643048846,5.065754159957058,1.90552871712292,4.757112184648417,1.737788513150832,0.08051529790660225,0.1610305958132045,0.07380568974771873,0.040257648953301126,0.026838432635534086,
43,38.31186258722491,44.518250134192165,3.361513687600644,5.092592592592593,1.9793344068706387,4.783950617283951,1.570048309178744,0.08051529790660225,0.1610305958132045,0.07380568974771873,0.040257648953301126,0.026838432635534086,
44,37.473161567364464,45.21604938271605,3.2139023081052067,5.199946323134729,2.0933977455716586,4.736983360171766,1.6371443907675791,0.08051529790660225,0.1610305958132045,0.07380568974771873,0.040257648953301126,0.07380568974771873,
45,34.47396672034353,47.66505636070853,6.347289318303811,3.3950617283950617,2.033011272141707,4.361245303274289,1.1876006441223832,0.08051529790660225,0.1610305958132045,0.03354804079441761,0.040257648953301126,0.2214170692431562,
46,34.17203435319377,47.56441223832528,6.333870101986044,3.44873859366613,2.254428341384863,4.374664519592056,1.1876006441223832,0.08051529790660225,0.2885131508319914,0.03354804079441761,0.040257648953301126,0.2214170692431562,
47,34.05126140633387,47.28931830381106,6.387546967257112,3.69699409554482,2.2342995169082127,4.38137412775094,1.2949543746645196,0.08051529790660225,0.30193236714975846,0.03354804079441761,0.026838432635534086,0.2214170692431562,
48,33.9170692431562,47.134997316156735,6.367418142780462,3.8043478260869565,2.38191089640365,4.253891572732153,1.3150831991411702,0.08051529790660225,0.33548040794417605,0.03354804079441761,0.026838432635534086,0.3488996242619431,
49,33.80971551261406,46.89345142243693,6.481481481481482,3.938539989264627,2.395330112721417,4.294149221685454,1.3620504562533549,0.08051529790660225,0.33548040794417605,0.03354804079441761,0.026838432635534086,0.3488996242619431,
50,33.49436392914654,46.93370907139023,6.494900697799249,4.019055287171229,2.5563607085346214,4.253891572732153,1.4090177133655395,0.08051529790660225,0.3488996242619431,0.03354804079441761,0.026838432635534086,0.3488996242619431,
51,33.2259796027912,46.95383789586688,6.494900697799249,4.186795491143317,2.576489533011272,4.253891572732153,1.415727321524423,0.08051529790660225,0.4025764895330113,0.03354804079441761,0.026838432635534086,0.3488996242619431,
52,33.20585077831455,46.57139023081052,6.501610305958132,4.274020397208803,2.6637144390767578,4.066022544283414,1.583467525496511,0.08051529790660225,0.48980139559849706,0.03354804079441761,0.026838432635534086,0.5032206119162641,
53,33.08507783145464,46.141975308641975,6.5485775630703165,4.280730005367687,2.7844873859366612,4.072732152442297,1.9659151905528718,0.08051529790660225,0.47638217928073,0.03354804079441761,0.026838432635534086,0.5032206119162641,
54,32.58185721953838,46.01449275362319,6.957863660762212,4.542404723564144,2.818035426731079,4.03918411164788,1.9256575415995705,0.08051529790660225,0.47638217928073,0.03354804079441761,0.026838432635534086,0.5032206119162641,
55,32.56172839506173,45.69914117015566,6.977992485238862,4.757112184648417,2.818035426731079,4.05931293612453,2.006172839506173,0.08051529790660225,0.47638217928073,0.03354804079441761,0.026838432635534086,0.5032206119162641,
56,32.46779388083736,45.511272141706925,7.024959742351046,4.871175523349437,2.818035426731079,4.1532474503489,2.033011272141707,0.08051529790660225,0.47638217928073,0.03354804079441761,0.026838432635534086,0.5032206119162641,
57,31.93773483628556,44.518250134192165,7.199409554482019,5.065754159957058,2.791196994095545,5.2066559312936125,2.006172839506173,0.11406333870101985,0.5434782608695652,0.03354804079441761,0.026838432635534086,0.5568974771873323,
58,31.749865807836823,43.98148148148148,7.192699946323135,5.159688674181428,2.7844873859366612,5.844068706387547,1.9927536231884058,0.11406333870101985,0.5434782608695652,0.05367686527106817,0.026838432635534086,0.5568974771873323,
59,30.683038110574344,37.4194847020934,15.042941492216855,4.468599033816425,2.6972624798711755,6.1929683306494905,1.9659151905528718,0.11406333870101985,0.6642512077294686,0.08051529790660225,0.026838432635534086,0.644122383252818,
60,28.938539989264626,39.18411164787977,14.620236178207193,4.790660225442834,2.757648953301127,6.139291465378422,2.0397208803005906,0.11406333870101985,0.6642512077294686,0.08051529790660225,0.026838432635534086,0.644122383252818,
61,28.65673644659152,37.86231884057971,16.384863123993558,4.9718196457326895,2.6301663982823404,6.052066559312936,1.8988191089640365,0.11406333870101985,0.630703166935051,0.08051529790660225,0.026838432635534086,0.6910896403650026,
62,28.327965646806227,37.533548040794415,16.13660762211487,5.421363392377885,2.576489533011272,6.213097155126141,2.100107353730542,0.11406333870101985,0.7514761137949544,0.06709608158883522,0.026838432635534086,0.7313472893183038,
63,27.68384326355341,38.2313472893183,15.874932903918411,5.756843800322061,2.3081052066559313,6.179549114331723,2.2611379495437465,0.11406333870101985,0.7514761137949544,0.06709608158883522,0.026838432635534086,0.7447665056360708,
64,27.623456790123456,38.08373590982286,15.821256038647343,5.763553408480945,2.3752012882447664,6.206387546967257,2.301395598497048,0.11406333870101985,0.8923778851315083,0.06709608158883522,0.026838432635534086,0.7246376811594203,
65,25.623993558776167,41.53918411164788,15.11003757380569,5.60252281266774,2.3215244229736984,5.897745571658615,2.1403650026838434,0.11406333870101985,0.8051529790660226,0.06709608158883522,0.026838432635534086,0.7514761137949544,
66,25.637412775093935,41.31105743424584,15.029522275899087,5.763553408480945,2.301395598497048,5.984970477724101,2.2074610842726785,0.11406333870101985,0.8051529790660226,0.06709608158883522,0.026838432635534086,0.7514761137949544,
67,25.583735909822867,41.196994095544824,14.922168545356952,5.864197530864198,2.314814814814815,6.105743424584004,2.187332259796028,0.11406333870101985,0.8655394524959742,0.06709608158883522,0.026838432635534086,0.7514761137949544,
68,25.51663982823403,40.371712292002144,10.185185185185185,7.018250134192163,6.112453032742888,6.66935050993022,2.2745571658615136,0.14090177133655393,0.8655394524959742,0.06709608158883522,0.026838432635534086,0.7514761137949544,
69,25.53676865271068,40.284487385936664,10.151637144390767,7.071926999463232,6.031937734836285,6.347289318303811,2.301395598497048,0.20799785292538917,0.9728931830381106,0.06709608158883522,0.026838432635534086,0.9997316156736447,
70,25.577026301663984,40.00939345142244,10.071121846484166,7.716049382716049,5.850778314546431,6.246645195920558,2.3081052066559313,0.20799785292538917,0.9728931830381106,0.06709608158883522,0.026838432635534086,0.9460547504025765,
71,25.5703166935051,39.9020397208803,9.98389694041868,7.823403113258186,5.884326355340848,6.246645195920558,2.301395598497048,0.20799785292538917,0.9728931830381106,0.06709608158883522,0.026838432635534086,1.0131508319914118,
72,25.47638217928073,39.48604401502952,10.104669887278583,8.172302737520129,6.011808910359635,6.085614600107354,2.3483628556092326,0.32877079978529256,0.9125067096081588,0.06709608158883522,0.026838432635534086,0.9796027911969941,
73,25.34219001610306,38.27831454643049,11.621041331186259,8.293075684380032,5.884326355340848,6.005099302200751,2.2208803005904456,0.3421900161030596,0.9393451422436929,0.06709608158883522,0.026838432635534086,0.9796027911969941,
74,25.355609232420825,38.056897477187334,11.66129898013956,8.319914117015566,5.8172302737520125,6.005099302200751,2.1806226516371443,0.3421900161030596,1.1607622114868492,0.06709608158883522,0.05367686527106817,0.9796027911969941,
75,25.067096081588836,38.27160493827161,11.728395061728396,8.293075684380032,5.844068706387547,5.971551261406334,2.1940418679549114,0.36902844873859364,1.1607622114868492,0.06709608158883522,0.05367686527106817,0.9796027911969941,
76,24.711486849168008,37.69457863660762,11.614331723027375,8.447396672034353,5.394524959742351,5.9514224369296835,3.6768652710681695,0.2616747181964573,1.2345679012345678,0.06709608158883522,0.026838432635534086,0.9192163177670424,
77,24.476650563607084,37.486580783682236,11.124530327428879,8.373590982286634,4.696725711218465,7.702630166398282,3.683574879227053,0.23483628556092323,1.2345679012345678,0.06709608158883522,,0.9192163177670424,
78,24.537037037037038,37.39264626945786,11.191626409017713,8.32662372517445,4.736983360171766,7.581857219538379,3.6902844873859366,0.23483628556092323,1.221148684916801,0.06709608158883522,0.020128824476650563,0.9997316156736447,
79,24.56387546967257,37.0504562533548,11.399624261943103,8.548040794417606,4.736983360171766,7.4006977992485234,3.6768652710681695,0.23483628556092323,1.2144390767579174,0.06709608158883522,0.03354804079441761,1.0735373054213635,
80,24.476650563607084,35.829307568438004,11.33923778851315,8.487654320987655,4.40150295222759,7.360440150295223,5.320719269994632,0.20799785292538917,1.2010198604401503,0.06709608158883522,0.14761137949543746,1.1607622114868492,
81,24.4699409554482,35.849436392914654,11.245303274288782,8.53462157809984,4.428341384863124,7.380568974771873,5.307300053676865,0.20799785292538917,1.2010198604401503,0.06709608158883522,0.14761137949543746,1.1607622114868492,
82,24.261943102522814,35.82259796027912,11.325818572195384,8.514492753623188,4.40150295222759,7.4006977992485234,4.891304347826087,0.24825550187869028,1.7310789049919484,0.08722490606548577,0.14761137949543746,1.1674718196457328,
83,24.14117015566291,35.48040794417606,11.325818572195384,8.32662372517445,4.85775630703167,7.37385936661299,5.025496511003757,0.24825550187869028,1.710950080515298,0.08722490606548577,0.2549651100375738,1.1674718196457328,
84,24.16129898013956,35.31266774020397,11.272141706924316,8.360171765968868,4.8443370907139025,7.37385936661299,5.038915727321524,0.24825550187869028,1.7042404723564144,0.19457863660762212,0.322061191626409,1.1674718196457328,
85,24.08078368223296,35.25228126677402,11.238593666129898,8.413848631239935,4.797369833601718,7.085346215780999,5.139559849704777,0.24825550187869028,1.6908212560386473,0.2214170692431562,0.33548040794417605,1.4962426194310252,
86,23.49704777241009,34.44041867954911,12.620772946859903,8.628556092324208,4.797369833601718,6.998121309715513,4.938271604938271,0.23483628556092323,1.778046162104133,0.2214170692431562,0.3488996242619431,1.4962426194310252,
87,23.19511540526033,34.18545356951154,12.929414922168545,8.628556092324208,4.924852388620504,7.185990338164252,4.924852388620504,0.23483628556092323,1.7042404723564144,0.2214170692431562,0.3488996242619431,1.5163714439076759,
88,23.101180891035963,33.9170692431562,12.929414922168545,8.373590982286634,5.112721417069243,7.286634460547504,5.193236714975845,0.30193236714975846,1.7176596886741815,0.2214170692431562,0.32877079978529256,1.5163714439076759,
89,23.047504025764894,33.702361782071925,12.949543746645196,8.561460010735374,5.112721417069243,7.300053676865271,5.199946323134729,0.30193236714975846,1.7176596886741815,0.20128824476650564,0.32877079978529256,1.5767579173376274,
90,23.047504025764894,33.50107353730542,12.929414922168545,8.702361782071927,5.112721417069243,7.266505636070853,5.293880837359098,0.30193236714975846,1.737788513150832,0.20128824476650564,0.32877079978529256,1.5767579173376274,
91,23.007246376811594,32.79656468062265,13.137412775093935,8.742619431025227,5.683038110574342,7.1725711218464845,5.260332796564681,0.30193236714975846,1.7981749865807837,0.2147074610842727,0.3421900161030596,1.5432098765432098,
92,22.993827160493826,32.689210950080515,13.097155126140633,8.849973161567364,5.636070853462158,7.226247987117552,5.267042404723564,0.30193236714975846,1.8183038110574343,0.20128824476650564,0.3421900161030596,1.5767579173376274,
93,22.933440687063875,32.44095544820183,13.023349436392914,8.917069243156199,5.756843800322061,7.253086419753086,5.293880837359098,0.30193236714975846,1.8048845947396672,0.20128824476650564,0.3421900161030596,1.7310789049919484,
94,22.819377348362856,32.56843800322061,13.063607085346217,8.923778851315083,5.756843800322061,7.132313472893183,5.307300053676865,0.2952227589908749,1.8853998926462694,0.20128824476650564,0.3421900161030596,1.7042404723564144,
95,22.67176596886742,32.41411701556629,13.231347289318304,9.01100375738057,5.797101449275362,7.159151905528717,5.307300053676865,0.2952227589908749,1.8853998926462694,0.1878690284487386,0.3421900161030596,1.6975308641975309,
96,22.638217928073,32.2866344605475,13.399087493290391,9.044551798174986,5.703166935050993,7.1658615136876005,5.267042404723564,0.33548040794417605,1.8853998926462694,0.1878690284487386,0.36231884057971014,1.724369296833065,
97,22.510735373054214,32.11218464841653,13.47289318303811,9.245840042941492,5.5756843800322065,7.25979602791197,5.226784755770263,0.36902844873859364,1.8853998926462694,0.2147074610842727,0.36231884057971014,1.7646269457863661,
98,22.27589908749329,32.17257112184648,13.553408480944713,9.420289855072463,5.562265163714439,7.226247987117552,5.22007514761138,0.36902844873859364,1.8451422436929683,0.2147074610842727,0.36231884057971014,1.778046162104133,
99,22.094739667203434,31.904186795491142,13.499731615673644,9.286097691894794,6.005099302200751,7.2933440687063875,5.340848094471283,0.36902844873859364,1.9189479334406871,0.1878690284487386,0.35560923242082665,1.7444981213097155,
100,21.430488459473967,32.49463231347289,13.600375738056897,9.406870638754697,5.884326355340848,7.185990338164252,5.253623188405797,0.36902844873859364,1.9256575415995705,0.2683843263553409,0.35560923242082665,1.8250134192163177,
101,21.32313472893183,32.367149758454104,13.385668276972625,9.5276435856146,6.0654857756307035,7.1658615136876005,5.367686527106817,0.36902844873859364,1.9524959742351047,0.2683843263553409,0.38915727321524424,1.8183038110574343,
102,21.390230810520666,32.1256038647343,13.39237788513151,9.675254965110037,6.112453032742888,7.118894256575416,5.3274288781535155,0.36902844873859364,1.9457863660762211,0.30193236714975846,0.4227053140096618,1.8183038110574343,
103,19.082125603864736,35.487117552334944,12.828770799785293,9.420289855072463,6.353998926462695,6.796833064949007,5.038915727321524,0.36902844873859364,1.9659151905528718,0.30193236714975846,0.41599570585077833,1.9390767579173376,
104,18.88083735909823,35.587761674718195,12.781803542673108,9.447128287707997,6.320450885668277,6.884057971014493,5.132850241545894,0.35560923242082665,1.9659151905528718,0.30193236714975846,0.41599570585077833,1.9256575415995705,
105,18.733225979602793,34.574610842726784,12.5402576489533,9.494095544820183,6.78341384863124,7.7831454643048845,5.186527106816962,0.36902844873859364,1.8719806763285025,0.30193236714975846,0.4025764895330113,1.9592055823939882,
106,18.666129898013956,34.514224369296834,12.600644122383253,9.426999463231347,6.884057971014493,7.7831454643048845,5.146269457863661,0.36902844873859364,1.9457863660762211,0.30193236714975846,0.4025764895330113,1.9592055823939882,
107,18.256843800322063,34.13848631239936,13.466183574879228,9.480676328502415,6.937734836285561,7.62211486849168,5.038915727321524,0.36902844873859364,1.9457863660762211,0.30193236714975846,0.4830917874396135,1.9592055823939882,
108,17.518786902844873,34.68196457326892,13.39237788513151,9.675254965110037,7.085346215780999,7.494632313472893,5.092592592592593,0.3824476650563607,1.9457863660762211,0.30864197530864196,0.4830917874396135,1.9390767579173376,
109,17.431561996779386,33.28636607622115,15.042941492216855,9.245840042941492,7.380568974771873,7.48792270531401,5.0858829844337095,0.3824476650563607,1.9256575415995705,0.30864197530864196,0.4830917874396135,1.9390767579173376,
110,17.364465915190554,33.16559312936125,15.103327965646805,9.31964573268921,7.387278582930757,7.440955448201825,5.0993022007514766,0.4092860976918948,1.9256575415995705,0.30864197530864196,0.5367686527106817,1.9390767579173376,
111,17.438271604938272,32.79656468062265,14.942297369833602,9.353193773483628,7.729468599033816,7.440955448201825,5.186527106816962,0.4092860976918948,1.8786902844873858,0.30864197530864196,0.5367686527106817,1.9793344068706387,
112,17.404723564143854,32.46108427267848,15.03623188405797,9.359903381642512,7.796564680622652,7.434245840042942,5.3274288781535155,0.4092860976918948,1.8988191089640365,0.30864197530864196,0.5568974771873323,2.006172839506173,
113,17.2638217928073,31.769994632313473,14.99597423510467,9.359903381642512,8.239398819108963,7.340311325818572,5.790391841116479,0.4092860976918948,1.8719806763285025,0.30864197530864196,0.5770263016639828,2.073268921095008,
114,17.05582393988191,30.66290928609769,14.949006977992486,8.601717659688674,7.991143317230274,9.796027911969942,5.750134192163178,0.39586688137412773,1.8317230273752012,0.30864197530864196,0.5770263016639828,2.0799785292538915,
115,16.867954911433173,29.99194847020934,14.774557165861514,9.05126140633387,7.742887815351583,10.57434245840043,5.683038110574342,0.4025764895330113,1.9122383252818036,0.30193236714975846,0.6105743424584005,2.086688137412775,
116,16.854535695115406,29.924852388620504,14.9020397208803,9.037842190016104,7.796564680622652,10.554213633923778,5.730005367686527,0.3824476650563607,1.8853998926462694,0.30193236714975846,0.6105743424584005,2.01959205582394,
117,16.841116478797638,29.750402576489535,14.673913043478262,9.480676328502415,7.709339774557166,10.554213633923778,5.803811057434245,0.4025764895330113,1.8853998926462694,0.30193236714975846,0.5770263016639828,2.01959205582394,
118,16.659957058507782,28.482286634460547,14.720880300590446,9.346484165324744,7.628824476650563,12.124261943102523,5.803811057434245,0.4025764895330113,1.932367149758454,0.30193236714975846,0.5770263016639828,2.01959205582394,
119,16.680085882984432,28.039452495974235,14.74771873322598,9.359903381642512,7.7361782071927,12.090713902308105,6.125872249060655,0.4025764895330113,1.9189479334406871,0.30193236714975846,0.5770263016639828,2.01959205582394,
120,16.659957058507782,27.865002683843265,14.955716586151368,9.339774557165862,7.689210950080516,11.943102522812667,6.253354804079442,0.4025764895330113,1.932367149758454,0.30193236714975846,0.6508319914117016,2.006172839506173,
121,16.472088030059044,27.482555018786904,15.304616210413311,9.460547504025765,7.7361782071927,11.916264090177133,6.260064412238325,0.4025764895330113,2.006172839506173,0.30193236714975846,0.6508319914117016,2.006172839506173,
122,16.29092860976919,27.24771873322598,15.063070316693505,9.769189479334408,7.514761137949543,11.90955448201825,6.575415995705851,0.4025764895330113,2.2074610842726785,0.30193236714975846,0.6105743424584005,2.1068169618894257,
123,16.29092860976919,27.15378421900161,15.03623188405797,9.769189479334408,7.568438003220612,11.90955448201825,6.561996779388084,0.4025764895330113,2.2074610842726785,0.30193236714975846,0.6508319914117016,2.147074610842727,
124,15.687063875469672,27.502683843263554,14.922168545356952,9.896672034353195,7.816693505099302,11.990069779924852,6.488191089640365,0.4025764895330113,2.200751476113795,0.30193236714975846,0.6508319914117016,2.1403650026838434,
125,15.163714439076758,26.84514224369297,14.895330112721417,9.863123993558776,7.816693505099302,12.983091787439614,6.575415995705851,0.4025764895330113,2.1739130434782608,0.2952227589908749,0.7581857219538379,2.227589908749329,
126,15.150295222758992,26.69753086419753,14.989264626945786,10.057702630166398,7.6556629092860975,12.942834138486312,6.588835212023618,0.38915727321524424,2.200751476113795,0.2952227589908749,0.7581857219538379,2.2745571658615136,
127,14.794685990338165,26.556629092860977,15.4723564143854,10.104669887278583,7.716049382716049,13.144122383252817,6.421095008051529,0.3824476650563607,2.214170692431562,0.2952227589908749,0.7045088566827697,2.1940418679549114,
128,14.720880300590446,26.41572732152442,15.4723564143854,10.178475577026301,7.950885668276973,13.083735909822867,6.407675791733762,0.3824476650563607,2.200751476113795,0.2885131508319914,0.7045088566827697,2.1940418679549114,
129,14.53972088030059,26.174181427804616,17.14975845410628,10.225442834138486,7.816693505099302,12.184648416532475,6.260064412238325,0.3824476650563607,2.1940418679549114,0.2885131508319914,0.7179280730005367,2.0665593129361244,
130,14.53972088030059,26.006441223832528,17.257112184648417,10.305958132045088,7.809983896940419,12.117552334943639,6.3137412775093935,0.36231884057971014,2.2074610842726785,0.2885131508319914,0.7514761137949544,2.0397208803005906,
131,14.526301663982823,25.81857219538379,17.042404723564143,10.050993022007514,7.501341921631776,12.204777241009126,7.253086419753086,0.36231884057971014,2.1806226516371443,0.2885131508319914,0.7514761137949544,2.01959205582394,
132,14.49946323134729,25.825281803542673,16.70692431561997,9.997316156736447,7.481213097155126,12.204777241009126,7.246376811594203,0.36231884057971014,2.6167471819645733,0.2885131508319914,0.7514761137949544,2.01959205582394,
133,14.452495974235104,25.657541599570585,16.75389157273215,9.970477724100913,7.467793880837359,12.31213097155126,7.313472893183038,0.36231884057971014,2.6502952227589907,0.2885131508319914,0.7514761137949544,2.01959205582394,
134,14.318303811057435,25.409286097691894,16.686795491143318,9.957058507783145,7.729468599033816,12.198067632850242,7.494632313472893,0.36231884057971014,2.7308105206655933,0.2885131508319914,0.7783145464304885,2.046430488459474,
135,14.184111647879764,25.275093934514224,16.75389157273215,9.977187332259795,7.803274288781535,12.338969404186795,7.50805152979066,0.35560923242082665,2.690552871712292,0.2885131508319914,0.7783145464304885,2.046430488459474,
136,14.190821256038648,25.167740203972087,16.666666666666668,10.017444981213098,7.890499194847021,12.473161567364466,7.494632313472893,0.3421900161030596,2.6167471819645733,0.2885131508319914,0.7783145464304885,2.073268921095008,
137,14.036500268384327,24.966451959205582,17.807300053676865,9.86983360171766,7.937466451959206,12.077294685990339,7.232957595276436,0.3421900161030596,2.623456790123457,0.2885131508319914,0.7648953301127214,2.0531400966183573,
138,12.050456253354804,38.868760064412236,13.989533011272142,7.997852925389157,5.998389694041868,9.353193773483628,6.139291465378422,0.3421900161030596,2.2879763821792807,0.2885131508319914,0.6843800322061192,1.9994632313472893,
139,11.963231347289318,38.95598497047772,13.79495437466452,8.07836822329576,6.0654857756307035,9.353193773483628,6.159420289855072,0.3421900161030596,2.2879763821792807,0.2885131508319914,0.6843800322061192,2.0263016639828235,
140,11.782071926999464,38.459473966720346,13.848631239935587,8.501073537305421,6.018518518518518,9.554482018250134,6.1929683306494905,0.3421900161030596,2.26784755770263,0.322061191626409,0.6843800322061192,2.0263016639828235,
141,11.674718196457327,38.30515297906602,13.882179280730005,8.521202361782072,6.011808910359635,9.494095544820183,6.260064412238325,0.3421900161030596,2.368491680085883,0.322061191626409,0.7917337627482555,2.0263016639828235,
142,11.600912506709609,38.26489533011272,13.821792807300053,8.53462157809984,6.025228126677402,9.41358024691358,6.199677938808374,0.3421900161030596,2.5563607085346214,0.322061191626409,0.7917337627482555,2.1269457863660763,
143,10.889694041867955,35.52066559312936,24.355877616747183,7.4141170155662905,3.8311862587224907,8.407139023081053,5.636070853462158,0.20799785292538917,1.8719806763285025,0.2147074610842727,0.6239935587761675,1.0265700483091786,
144,10.84272678475577,35.09125067096082,24.402844873859365,7.796564680622652,3.8311862587224907,8.373590982286634,5.683038110574342,0.20799785292538917,1.8719806763285025,0.2147074610842727,0.6239935587761675,1.0601180891035964,
145,10.802469135802468,34.76247987117552,24.27536231884058,8.044820182501342,3.8915727321524423,8.380300590445518,5.689747718733226,0.19457863660762212,1.8786902844873858,0.24825550187869028,0.6105743424584005,1.221148684916801,
146,10.735373054213634,34.15190552871712,24.053945249597422,8.024691358024691,4.025764895330113,9.125067096081589,5.609232420826624,0.2214170692431562,1.9256575415995705,0.2214170692431562,0.6508319914117016,1.2546967257112185,
147,10.72866344605475,33.823134728931834,23.839237788513152,8.413848631239935,4.03918411164788,9.151905528717123,5.743424584004294,0.19457863660762212,1.932367149758454,0.2214170692431562,0.6508319914117016,1.261406333870102,
148,10.755501878690284,31.91760601180891,23.79898013955985,8.293075684380032,3.938539989264627,9.333064949006978,7.595276435856146,0.19457863660762212,1.9592055823939882,0.2214170692431562,0.6508319914117016,1.3419216317767042,
149,10.695115405260333,31.870638754696724,23.517176596886742,8.68894256575416,3.9586688137412773,9.25925925925926,7.601986044015029,0.19457863660762212,1.9592055823939882,0.2214170692431562,0.6910896403650026,1.3419216317767042,
150,10.701825013419215,31.588835212023618,23.309178743961354,9.004294149221685,4.146537842190016,9.212292002147075,7.595276435856146,0.19457863660762212,1.9592055823939882,0.2214170692431562,0.6910896403650026,1.3754696725711217,
151,10.59447128287708,31.206387546967257,23.517176596886742,9.219001610305957,4.3478260869565215,9.098228663446054,7.561728395061729,0.19457863660762212,1.9524959742351047,0.2214170692431562,0.6910896403650026,1.3955984970477724,
152,10.648148148148149,31.05877616747182,23.329307568438004,9.16532474503489,4.555823939881911,8.99087493290392,7.561728395061729,0.19457863660762212,2.0799785292538915,0.2214170692431562,0.798443370907139,1.3955984970477724,
153,10.661567364465915,30.951422436929683,22.920021470746107,9.306226516371444,4.528985507246377,9.561191626409018,7.467793880837359,0.19457863660762212,2.0128824476650564,0.2214170692431562,0.798443370907139,1.3754696725711217,
154,10.661567364465915,30.783682232957595,22.859634997316157,9.447128287707997,4.542404723564144,9.54777241009125,7.575147611379496,0.19457863660762212,2.0128824476650564,0.2147074610842727,0.8118625872249061,1.3486312399355878,
155,10.755501878690284,30.52871712292002,22.899892646269457,9.426999463231347,4.582662372517445,9.541062801932368,7.548309178743962,0.19457863660762212,2.073268921095008,0.2147074610842727,0.798443370907139,1.4358561460010735,
156,10.7085346215781,30.22007514761138,22.886473429951693,9.601449275362318,4.62962962962963,9.628287707997853,7.555018786902845,0.19457863660762212,2.1403650026838434,0.2147074610842727,0.798443370907139,1.4224369296833066,
157,10.68840579710145,30.059044551798173,22.893183038110575,9.655126140633387,4.676596886741814,9.608158883521202,7.648953301127214,0.19457863660762212,2.1403650026838434,0.2147074610842727,0.798443370907139,1.4224369296833066,
158,10.63472893183038,29.965110037573805,22.705314009661837,9.71551261406334,4.904723564143854,9.440418679549115,7.742887815351583,0.20799785292538917,2.15378421900161,0.2147074610842727,0.798443370907139,1.5163714439076759,
159,10.158346752549651,30.52200751476114,22.510735373054214,9.728931830381105,4.8376274825550185,9.440418679549115,7.648953301127214,0.20799785292538917,2.254428341384863,0.2952227589908749,0.8521202361782072,1.5432098765432098,
160,10.218733225979603,30.213365539452496,22.510735373054214,9.829575952764358,4.9651100375738055,9.46725711218465,7.64224369296833,0.18115942028985507,2.24771873322598,0.28180354267310787,0.9057971014492754,1.5297906602254427,0.0067096081588835215
161,10.171765968867419,29.857756307031668,22.510735373054214,9.883252818035427,4.931561996779388,9.440418679549115,8.252818035426731,0.18115942028985507,2.200751476113795,0.30193236714975846,0.8185721953837896,1.442565754159957,0.0067096081588835215
162,10.037573805689748,29.55582393988191,22.33628556092324,10.218733225979603,4.830917874396135,9.816156736446592,8.266237251744498,0.19457863660762212,2.1739130434782608,0.30193236714975846,0.8185721953837896,1.442565754159957,0.0067096081588835215
163,7.863660762211487,40.5126140633387,21.24261943102523,8.091787439613526,3.9318303811057436,8.192431561996779,5.548845947396672,0.19457863660762212,2.046430488459474,0.30193236714975846,0.7648953301127214,1.3016639828234031,0.0067096081588835215
164,7.856951154052603,40.103327965646805,20.8870101986044,8.78287707997853,4.045893719806763,8.192431561996779,5.515297906602254,0.16774020397208803,2.046430488459474,0.33548040794417605,0.7648953301127214,1.2949543746645196,0.0067096081588835215
165,7.796564680622652,39.90874932903918,20.86688137412775,8.849973161567364,4.213633923778851,8.017981749865807,5.676328502415459,0.1610305958132045,2.086688137412775,0.33548040794417605,0.7783145464304885,1.3016639828234031,0.0067096081588835215
166,7.689210950080516,39.60010735373054,20.591787439613526,9.057971014492754,4.240472356414386,7.944176060118089,5.998389694041868,0.13419216317767044,2.2879763821792807,0.32877079978529256,0.7783145464304885,1.3419216317767042,0.0067096081588835215
167,7.7831454643048845,39.17740203972088,20.457595276435857,9.406870638754697,4.30756843800322,7.957595276435856,5.991680085882985,0.1610305958132045,2.2745571658615136,0.36902844873859364,0.7648953301127214,1.3419216317767042,0.0067096081588835215
168,7.7831454643048845,39.03650026838432,20.336822329575952,9.601449275362318,4.28743961352657,7.944176060118089,5.9514224369296835,0.1610305958132045,2.3752012882447664,0.36231884057971014,0.7648953301127214,1.3888888888888888,0.0067096081588835215
169,7.937466451959206,38.88217928073001,19.85373054213634,10.084541062801932,4.320987654320987,7.830112721417069,5.897745571658615,0.1610305958132045,2.368491680085883,0.36231884057971014,0.7648953301127214,1.5297906602254427,0.0067096081588835215
170,7.300053676865271,38.1508319914117,22.041062801932366,10.25228126677402,4.40150295222759,6.991411701556629,5.669618894256575,0.1610305958132045,2.368491680085883,0.36231884057971014,0.7648953301127214,1.5297906602254427,0.0067096081588835215
171,7.360440150295223,37.7012882447665,21.973966720343533,10.59447128287708,4.488727858293076,7.065217391304348,5.629361245303274,0.1610305958132045,2.395330112721417,0.32877079978529256,0.7648953301127214,1.5297906602254427,0.0067096081588835215
172,7.065217391304348,36.8894256575416,23.443370907139023,10.641438539989265,4.562533548040794,6.575415995705851,5.595813204508857,0.2147074610842727,2.395330112721417,0.32877079978529256,0.7648953301127214,1.5163714439076759,0.0067096081588835215
173,6.964573268921095,36.70155662909286,23.376274825550187,10.775630703166936,4.723564143853999,6.521739130434782,5.622651637144391,0.2147074610842727,2.49597423510467,0.32877079978529256,0.7514761137949544,1.5163714439076759,0.0067096081588835215
174,6.9243156199677935,36.25872249060655,23.30246913580247,11.151368760064413,4.985238862050457,6.488191089640365,5.5689747718733225,0.2147074610842727,2.522812667740204,0.32877079978529256,0.7313472893183038,1.5163714439076759,0.0067096081588835215
175,7.03166935050993,36.15807836822329,23.18840579710145,11.238593666129898,4.944981213097155,6.481481481481482,5.46833064949007,0.2147074610842727,2.6704240472356413,0.3824476650563607,0.6977992485238862,1.5163714439076759,0.0067096081588835215
176,7.078636607622115,35.909822866344605,23.013955984970476,11.352657004830919,5.24020397208803,6.468062265163715,5.481749865807837,0.2147074610842727,2.6704240472356413,0.3824476650563607,0.6977992485238862,1.482823403113258,0.0067096081588835215
177,7.0383789586688135,35.54079441760601,22.933440687063875,11.621041331186259,5.3341384863123995,6.427804616210413,5.629361245303274,0.1610305958132045,2.6704240472356413,0.3824476650563607,0.6843800322061192,1.570048309178744,0.0067096081588835215
178,6.998121309715513,35.36634460547504,22.604669887278583,11.829039184111648,5.4549114331723025,6.380837359098229,5.642780461621041,0.1878690284487386,2.9589371980676327,0.3824476650563607,0.6172839506172839,1.570048309178744,0.0067096081588835215
179,7.011540526033279,35.16505636070853,22.423510466988727,12.030327428878154,5.4616210413311865,6.4412238325281805,5.615942028985507,0.1878690284487386,3.0864197530864197,0.3824476650563607,0.6172839506172839,1.570048309178744,0.0067096081588835215
180,7.051798174986581,34.74235104669887,22.134997316156735,12.614063338701019,5.428073000536768,6.515029522275899,5.676328502415459,0.1878690284487386,3.0059044551798175,0.3757380568974772,0.6172839506172839,1.6438539989264627,0.0067096081588835215
181,7.078636607622115,34.72893183038111,22.094739667203434,12.580515297906603,5.441492216854535,6.561996779388084,5.676328502415459,0.1878690284487386,3.0059044551798175,0.3757380568974772,0.6172839506172839,1.6438539989264627,0.0067096081588835215
182,7.125603864734299,34.54777241009125,22.067901234567902,12.647611379495437,5.475040257648954,6.541867954911433,5.662909286097692,0.1878690284487386,3.052871712292002,0.4227053140096618,0.6172839506172839,1.6438539989264627,0.0067096081588835215
183,7.199409554482019,34.306226516371446,21.732420826623724,12.801932367149758,5.488459473966721,6.528448738593666,5.683038110574342,0.1878690284487386,3.3548040794417604,0.4227053140096618,0.6172839506172839,1.6706924315619969,0.0067096081588835215
