,45,50,52,51,54,55,56,53,57
0,96.88003220611917,3.1199677938808374,,,,,,,
1,94.91411701556629,5.0858829844337095,,,,,,,
2,94.96108427267848,5.038915727321524,,,,,,,
3,94.96108427267848,5.038915727321524,,,,,,,
4,94.97450348899625,5.025496511003757,,,,,,,
5,86.49355877616748,13.506441223832528,,,,,,,
6,86.59420289855072,13.405797101449275,,,,,,,
7,86.21846484165324,13.781535158346752,,,,,,,
8,86.23188405797102,13.768115942028986,,,,,,,
9,83.86339237788513,16.13660762211487,,,,,,,
10,83.74932903918412,15.848094471282877,0.4025764895330113,,,,,,
11,83.91035963499732,15.687063875469672,0.4025764895330113,,,,,,
12,79.96511003757381,19.41760601180891,0.39586688137412773,0.2214170692431562,,,,,
13,78.89828234031133,20.48443370907139,0.39586688137412773,0.2214170692431562,,,,,
14,75.74476650563606,21.477455716586153,0.3757380568974772,2.4020397208803006,,,,,
15,75.87224906065485,21.430488459473967,0.3757380568974772,2.3215244229736984,,,,,
16,75.95276435856147,21.349973161567366,0.3757380568974772,2.3215244229736984,,,,,
17,75.07380568974772,22.24235104669887,0.3757380568974772,2.3081052066559313,,,,,
18,75.22141706924316,22.10144927536232,0.36902844873859364,2.3081052066559313,,,,,
19,75.46296296296296,21.886741814278047,0.36902844873859364,2.281266774020397,,,,,
20,69.52495974235104,28.059581320450885,0.36902844873859364,2.046430488459474,,,,,
21,69.61218464841653,27.9723564143854,0.36902844873859364,2.046430488459474,,,,,
22,69.92082662372518,27.66371443907676,0.36902844873859364,2.046430488459474,,,,,
23,70.04830917874396,27.536231884057973,0.36902844873859364,2.046430488459474,,,,,
24,67.49865807836822,30.08588298443371,0.36902844873859364,2.046430488459474,,,,,
25,65.89506172839506,31.689479334406872,0.36902844873859364,2.046430488459474,,,,,
26,65.15700483091787,30.844068706387546,0.36902844873859364,3.629898013955985,,,,,
27,64.55314009661836,29.723564143854,2.1068169618894257,3.616478797638218,,,,,
28,64.62694578636608,29.69001610305958,2.0665593129361244,3.616478797638218,,,,,
29,64.90874932903918,29.448470209339774,2.046430488459474,3.5963499731615673,,,,,
30,65.13016639828234,29.240472356414386,2.046430488459474,3.5829307568438002,,,,,
31,63.45276435856146,30.971551261406333,2.046430488459474,3.5292538915727323,,,,,
32,54.40150295222759,43.23671497584541,0.3421900161030596,2.01959205582394,,,,,
33,54.428341384863124,41.438539989264626,0.3421900161030596,1.9860440150295222,1.8048845947396672,,,,
34,54.690016103059584,41.176865271068166,0.3421900161030596,1.9860440150295222,1.8048845947396672,,,,
35,54.95840042941492,40.90848094471283,0.3421900161030596,1.9860440150295222,1.8048845947396672,,,,
36,54.8443370907139,34.064680622651636,7.326892109500805,1.9592055823939882,1.8048845947396672,,,,
37,55.24020397208803,33.803005904455176,7.239667203435319,1.9256575415995705,1.7914653784219001,,,,
38,55.542136339237786,32.88378958668814,7.179280730005368,1.8786902844873858,1.7914653784219001,0.7246376811594203,,,
39,55.68974771873322,32.709339774557165,7.118894256575416,1.8518518518518519,1.90552871712292,0.7246376811594203,,,
40,55.95142243692968,32.54830917874396,7.051798174986581,1.8183038110574343,1.90552871712292,0.7246376811594203,,,
41,56.03864734299517,32.50134192163178,7.051798174986581,1.8183038110574343,1.865271068169619,0.7246376811594203,,,
42,56.407675791733766,32.27992485238862,6.951154052603328,1.7847557702630166,1.865271068169619,0.7112184648416533,,,
43,52.35507246376812,36.48684916800859,6.951154052603328,1.7713365539452497,1.724369296833065,0.7112184648416533,,,
44,52.52952227589909,36.3191089640365,6.944444444444445,1.7713365539452497,1.724369296833065,0.7112184648416533,,,
45,47.36983360171766,33.48094471282877,6.91760601180891,9.796027911969942,1.724369296833065,0.7112184648416533,,,
46,47.745571658615134,33.25952764358561,6.796833064949007,9.762479871175524,1.724369296833065,0.7112184648416533,,,
47,47.758990874932906,33.10520665593129,6.729736983360172,9.977187332259795,1.7176596886741815,0.7112184648416533,,,
48,47.98040794417606,33.031400966183575,6.662640901771336,9.923510466988727,1.6908212560386473,0.7112184648416533,,,
49,48.13472893183038,32.971014492753625,6.602254428341385,9.88996242619431,1.6908212560386473,0.7112184648416533,,,
50,48.369565217391305,32.80327428878154,6.602254428341385,9.842995169082126,1.6706924315619969,0.7112184648416533,,,
51,48.63794954374664,32.628824476650564,6.602254428341385,9.809447128287708,1.6103059581320451,0.7112184648416533,,,
52,49.00697799248524,32.360440150295226,6.602254428341385,9.708803005904455,1.6103059581320451,0.7112184648416533,,,
53,49.302200751476114,32.17257112184648,6.595544820182502,9.648416532474503,1.6103059581320451,0.6709608158883521,,,
54,49.503488996242616,32.03166935050993,6.568706387546968,9.614868491680086,1.6103059581320451,0.6709608158883521,,,
55,48.91975308641975,32.769726247987116,6.521739130434782,9.54777241009125,1.570048309178744,0.6709608158883521,,,
56,48.89291465378422,32.01154052603328,6.400966183574879,9.50751476113795,2.5161030595813205,0.6709608158883521,,,
57,48.631239935587764,31.749865807836823,6.387546967257112,10.084541062801932,2.475845410628019,0.6709608158883521,,,
58,48.698336017176594,31.64922168545357,6.494900697799249,10.050993022007514,2.4355877616747184,0.6709608158883521,,,
59,48.22866344605475,32.21282877079979,6.447933440687064,10.037573805689748,2.408749329039184,0.6642512077294686,,,
60,48.49704777241009,32.045088566827694,6.414385399892646,9.970477724100913,2.408749329039184,0.6642512077294686,,,
61,48.50375738056898,31.50161030595813,6.414385399892646,10.34621578099839,2.395330112721417,0.8387010198604401,,,
62,48.7788513150832,31.32716049382716,6.367418142780462,10.305958132045088,2.395330112721417,0.8252818035426731,,,
63,49.13446054750403,31.092324208266238,6.293612453032743,10.272410091250672,2.395330112721417,0.8118625872249061,,,
64,49.10762211486849,30.407944176060116,6.260064412238325,10.23215244229737,2.3617820719269993,1.6304347826086956,,,
65,49.342458400429415,30.246913580246915,6.260064412238325,10.178475577026301,2.341653247450349,1.6304347826086956,,,
66,48.8996242619431,29.22705314009662,8.628556092324208,10.138217928073,1.3955984970477724,1.710950080515298,,,
67,49.27536231884058,28.951959205582394,8.722490606548577,10.064412238325282,1.328502415458937,1.6572732152442298,,,
68,49.39613526570049,28.878153515834676,8.709071390230811,10.057702630166398,1.3016639828234031,1.6572732152442298,,,
69,40.92190016103059,40.13687600644123,7.6623725174449815,8.21256038647343,1.261406333870102,1.8048845947396672,,,
70,41.55931293612453,39.62694578636608,7.575147611379496,8.172302737520129,1.261406333870102,1.8048845947396672,,,
71,41.948470209339774,39.35856146001073,7.548309178743962,8.105206655931294,1.2412775093934514,1.7981749865807837,,,
72,41.928341384863124,39.392109500805155,7.353730542136339,8.07836822329576,1.2412775093934514,1.7981749865807837,0.20799785292538917,,
73,42.24369296833065,39.170692431561996,7.353730542136339,8.017981749865807,1.2077294685990339,1.7981749865807837,0.20799785292538917,,
74,41.700214707461086,39.801395598497045,7.320182501341922,8.004562533548041,1.1943102522812667,1.7713365539452497,0.20799785292538917,,
75,41.948470209339774,39.59339774557166,7.313472893183038,7.971014492753623,1.1943102522812667,1.7713365539452497,0.20799785292538917,,
76,42.1833064949007,39.2512077294686,7.246376811594203,7.561728395061729,1.1943102522812667,1.7713365539452497,0.20799785292538917,0.5837359098228664,
77,42.48523886205046,39.02308105206656,7.212828770799785,7.541599570585078,1.1943102522812667,1.751207729468599,0.20799785292538917,0.5837359098228664,
78,40.33816425120773,41.26409017713365,7.1725711218464845,7.514761137949543,1.1808910359634996,1.737788513150832,0.20799785292538917,0.5837359098228664,
79,40.55958132045089,41.176865271068166,7.078636607622115,7.481213097155126,1.1808910359634996,1.737788513150832,0.20799785292538917,0.5770263016639828,
80,39.31830381105743,39.28475577026302,6.830381105743425,9.930220075147611,1.1808910359634996,1.737788513150832,0.20799785292538917,1.5096618357487923,
81,39.60681696188943,39.06333870101986,6.823671497584541,9.883252818035427,1.1674718196457328,1.737788513150832,0.20799785292538917,1.5096618357487923,
82,39.64036500268384,39.190821256038646,6.756575415995706,9.809447128287708,1.1540526033279657,1.737788513150832,0.20799785292538917,1.5029522275899088,
83,40.24422973698336,38.92243692968331,6.689479334406871,9.809447128287708,1.1473429951690821,1.4761137949543746,0.20799785292538917,1.5029522275899088,
84,40.57300053676865,38.67418142780462,6.642512077294686,9.802737520128824,1.1473429951690821,1.4761137949543746,0.20799785292538917,1.4761137949543746,
85,40.666935050993025,38.61379495437466,6.561996779388084,9.75577026301664,1.1473429951690821,1.4492753623188406,0.20799785292538917,1.596886741814278,
86,40.76086956521739,38.27831454643049,6.515029522275899,9.708803005904455,1.4895330112721417,1.442565754159957,0.20799785292538917,1.596886741814278,
87,41.0426731078905,38.10386473429951,6.474771873322598,9.695383789586689,1.4895330112721417,1.402308105206656,0.20799785292538917,1.583467525496511,
88,40.633387010198604,37.25174449812131,5.394524959742351,9.675254965110037,1.596886741814278,3.683574879227053,0.20799785292538917,1.556629092860977,
89,39.58668813741278,36.191626409017715,5.394524959742351,11.90955448201825,1.4895330112721417,3.6634460547504024,0.20799785292538917,1.556629092860977,
90,39.2512077294686,30.18652710681696,5.367686527106817,18.290391841116477,1.4895330112721417,3.6634460547504024,0.19457863660762212,1.556629092860977,
91,39.44578636607622,30.112721417069242,5.3341384863123995,18.209876543209877,1.4895330112721417,3.656736446591519,0.19457863660762212,1.556629092860977,
92,37.11084272678475,27.4422973698336,5.314009661835748,23.362855609232422,1.4895330112721417,3.5292538915727323,0.19457863660762212,1.556629092860977,
93,37.34567901234568,27.34836285560923,5.287171229200215,23.26892109500805,1.4694041867954912,3.5292538915727323,0.19457863660762212,1.556629092860977,
94,37.835480407944175,27.059849704777243,5.253623188405797,23.221953837895867,1.4559849704777241,3.4420289855072466,0.19457863660762212,1.5365002683843263,
95,38.35212023617821,26.878690284487387,5.340848094471283,22.966988727858293,1.3352120236178207,3.3950617283950617,0.19457863660762212,1.5365002683843263,
96,38.64734299516908,26.757917337627482,5.3274288781535155,22.86634460547504,1.3083735909822867,3.3950617283950617,0.19457863660762212,1.5029522275899088,
97,38.92914653784219,26.583467525496513,5.320719269994632,22.779119699409556,1.3083735909822867,3.3950617283950617,0.19457863660762212,1.4895330112721417,
98,39.08346752549651,26.482823403113258,5.320719269994632,22.758990874932906,1.2949543746645196,3.3816425120772946,0.19457863660762212,1.482823403113258,
99,39.439076757917334,26.34863123993559,5.273752012882448,22.584541062801932,1.2949543746645196,3.3816425120772946,0.19457863660762212,1.482823403113258,
100,39.781266774020395,26.241277509393452,5.273752012882448,22.34970477724101,1.2949543746645196,3.3816425120772946,0.19457863660762212,1.482823403113258,
101,38.868760064412236,25.55018786902845,5.246913580246914,24.020397208803004,1.2949543746645196,3.3480944712828773,0.19457863660762212,1.4761137949543746,
102,38.888888888888886,25.650831991411703,5.495169082125604,23.97342995169082,1.0869565217391304,3.2340311325818574,0.19457863660762212,1.4761137949543746,
103,39.17740203972088,25.469672571121848,5.495169082125604,23.17498658078368,1.0869565217391304,3.92512077294686,0.19457863660762212,1.4761137949543746,
104,39.46591519055287,25.295222758990874,5.495169082125604,23.081052066559312,1.0802469135802468,3.92512077294686,0.19457863660762212,1.4626945786366077,
105,39.79468599033817,25.120772946859905,5.46833064949007,22.953569511540525,1.0802469135802468,3.92512077294686,0.19457863660762212,1.4626945786366077,
106,39.62023617820719,24.93961352657005,5.46833064949007,23.356146001073537,1.0802469135802468,3.878153515834675,0.19457863660762212,1.4626945786366077,
107,39.83494363929147,24.86580783682233,5.46833064949007,23.21524422973698,1.0802469135802468,3.878153515834675,0.19457863660762212,1.4626945786366077,
108,40.19055287171229,24.771873322597962,5.414653784219001,23.027375201288244,1.0802469135802468,3.878153515834675,0.19457863660762212,1.442565754159957,
109,40.4723564143854,24.644390767579175,5.394524959742351,22.933440687063875,1.0802469135802468,3.851315083199141,0.19457863660762212,1.42914653784219,
110,40.61325818572195,24.55716586151369,5.4616210413311865,22.893183038110575,1.0802469135802468,3.7775093934514223,0.1878690284487386,1.42914653784219,
111,41.15002683843264,24.362587224906065,5.421363392377885,22.6784755770263,1.0534084809447128,3.7775093934514223,0.1878690284487386,1.3687600644122384,
112,41.6129898013956,24.14117015566291,5.360976918947934,22.584541062801932,1.0534084809447128,3.69699409554482,0.1878690284487386,1.3620504562533549,
113,40.25764895330113,23.577563070316693,5.522007514761138,24.610842726784757,1.0466988727858293,3.435319377348363,0.1878690284487386,1.3620504562533549,
114,40.4723564143854,23.49033816425121,5.522007514761138,24.496779388083738,1.0466988727858293,3.421900161030596,0.1878690284487386,1.3620504562533549,
115,40.74074074074074,23.336017176596886,5.515297906602254,24.436392914653783,1.0466988727858293,3.3950617283950617,0.1878690284487386,1.3419216317767042,
116,40.935319377348364,23.30246913580247,5.515297906602254,24.288781535158346,1.0466988727858293,3.3816425120772946,0.1878690284487386,1.3419216317767042,
117,41.076221148684915,23.30246913580247,5.481749865807837,24.22168545356951,1.0466988727858293,3.3682232957595275,0.1878690284487386,1.3150831991411702,
118,41.23054213633924,23.262211486849168,5.481749865807837,24.12104133118626,1.0466988727858293,3.361513687600644,0.1878690284487386,1.3083735909822867,
119,41.398282340311326,22.81266774020397,5.434782608695652,23.845947396672035,1.0466988727858293,3.965378421900161,0.1878690284487386,1.3083735909822867,
120,41.646537842190014,22.69189479334407,5.434782608695652,23.785560923242084,1.0198604401502953,3.9519592055823938,0.1878690284487386,1.2815351583467525,
121,39.720880300590444,21.390230810520666,5.287171229200215,27.200751476113794,1.0198604401502953,3.9318303811057436,0.1878690284487386,1.261406333870102,
122,39.85507246376812,21.289586688137412,5.112721417069243,27.120236178207193,1.0198604401502953,3.9318303811057436,0.23483628556092323,1.261406333870102,0.17444981213097155
123,40.22410091250671,21.22249060654858,5.072463768115942,26.898819108964037,1.0198604401502953,3.9049919484702094,0.23483628556092323,1.261406333870102,0.1610305958132045
124,40.53274288781535,21.048040794417606,5.059044551798175,26.710950080515296,0.9326355340848095,3.9049919484702094,0.23483628556092323,1.415727321524423,0.1610305958132045
125,40.74074074074074,20.947396672034355,5.059044551798175,26.617015566290927,0.9259259259259259,3.898282340311326,0.23483628556092323,1.415727321524423,0.1610305958132045
126,41.176865271068166,20.840042941492218,4.9718196457326895,26.37546967257112,0.9259259259259259,3.898282340311326,0.23483628556092323,1.415727321524423,0.1610305958132045
127,41.33118625872249,20.8064949006978,4.9718196457326895,26.301663982823403,0.8923778851315083,3.898282340311326,0.23483628556092323,1.415727321524423,0.14761137949543746
128,41.50563607085346,20.40391841116479,4.924852388620504,26.147342995169083,0.8923778851315083,4.327697262479871,0.23483628556092323,1.415727321524423,0.14761137949543746
129,41.80756843800322,20.363660762211488,4.924852388620504,25.91250670960816,0.8923778851315083,4.300858829844337,0.23483628556092323,1.415727321524423,0.14761137949543746
130,41.700214707461086,19.81347289318304,4.911433172302737,25.55689747718733,0.8923778851315083,4.300858829844337,0.23483628556092323,2.442297369833602,0.14761137949543746
131,42.01556629092861,19.766505636070853,4.891304347826087,25.369028448738593,0.8923778851315083,4.26731078904992,0.23483628556092323,2.4154589371980677,0.14761137949543746
132,42.32420826623725,19.618894256575416,4.851046698872786,25.275093934514224,0.8923778851315083,4.26731078904992,0.23483628556092323,2.395330112721417,0.14090177133655393
133,42.49194847020934,19.53166935050993,4.824208266237251,25.221417069243156,0.8923778851315083,4.26731078904992,0.23483628556092323,2.395330112721417,0.14090177133655393
134,42.72007514761138,19.51154052603328,4.824208266237251,24.765163714439076,0.8923778851315083,4.51556629092861,0.23483628556092323,2.395330112721417,0.14090177133655393
135,42.98845947396672,19.410896403650028,4.9718196457326895,24.590713902308106,0.8923778851315083,4.428341384863124,0.23483628556092323,2.341653247450349,0.14090177133655393
136,43.41116478797638,19.182769726247987,4.9718196457326895,24.396135265700483,0.8923778851315083,4.428341384863124,0.23483628556092323,2.341653247450349,0.14090177133655393
137,43.525228126677405,19.176060118089104,4.9718196457326895,24.288781535158346,0.8923778851315083,4.428341384863124,0.23483628556092323,2.341653247450349,0.14090177133655393
138,43.76677402039721,19.0955448201825,4.9718196457326895,24.188137412775095,0.9594739667203436,4.300858829844337,0.23483628556092323,2.341653247450349,0.14090177133655393
139,43.947933440687066,19.0150295222759,4.951690821256038,24.10762211486849,0.9594739667203436,4.300858829844337,0.23483628556092323,2.341653247450349,0.14090177133655393
140,44.16935050993022,18.96135265700483,4.911433172302737,24.04723564143854,0.95276435856146,4.240472356414386,0.23483628556092323,2.341653247450349,0.14090177133655393
141,44.22302737520129,18.947933440687063,4.911433172302737,24.033816425120772,0.95276435856146,4.2203435319377345,0.23483628556092323,2.3349436392914655,0.14090177133655393
142,44.16935050993022,18.867418142780462,4.911433172302737,23.60440150295223,0.95276435856146,4.2203435319377345,0.23483628556092323,2.898550724637681,0.14090177133655393
143,44.28341384863124,18.310520665593128,5.662909286097692,23.403113258185723,0.9460547504025765,4.180085882984434,0.23483628556092323,2.8381642512077296,0.14090177133655393
144,44.43102522812668,18.19645732689211,5.642780461621041,23.403113258185723,0.9460547504025765,4.180085882984434,0.23483628556092323,2.8247450348899625,0.14090177133655393
145,44.60547504025765,18.136070853462158,5.642780461621041,23.22866344605475,0.9460547504025765,4.133118625872249,0.35560923242082665,2.8113258185721954,0.14090177133655393
146,44.840311325818575,18.089103596349972,5.642780461621041,23.09447128287708,0.9460547504025765,4.133118625872249,0.35560923242082665,2.757648953301127,0.14090177133655393
147,44.96108427267848,18.04213633923779,5.609232420826624,23.05421363392378,0.9460547504025765,4.133118625872249,0.35560923242082665,2.757648953301127,0.14090177133655393
148,45.3166935050993,17.94820182501342,5.609232420826624,22.799248523886206,0.9460547504025765,4.126409017713366,0.35560923242082665,2.757648953301127,0.14090177133655393
149,45.04830917874396,17.860976918947934,8.064949006977992,20.67230273752013,0.9460547504025765,4.1129898013955986,0.35560923242082665,2.6838432635534084,0.2549651100375738
150,45.289855072463766,17.834138486312398,8.031400966183575,20.551529790660226,0.9460547504025765,4.052603327965647,0.35560923242082665,2.6838432635534084,0.2549651100375738
151,45.65217391304348,17.807300053676865,7.937466451959206,20.343531937734838,0.9460547504025765,4.03918411164788,0.3488996242619431,2.6704240472356413,0.2549651100375738
152,45.82662372517445,17.67981749865808,7.924047235641439,20.336822329575952,0.9460547504025765,4.025764895330113,0.3488996242619431,2.657004830917874,0.2549651100375738
153,46.03462157809984,17.56575415995706,7.9039184111647875,20.263016639828233,0.9460547504025765,4.025764895330113,0.3488996242619431,2.657004830917874,0.2549651100375738
154,46.061460010735374,17.23027375201288,9.480676328502415,19.202898550724637,0.9460547504025765,3.864734299516908,0.30193236714975846,2.657004830917874,0.2549651100375738
155,46.32984433709071,17.143048845947398,9.46725711218465,19.048577563070317,0.9460547504025765,3.864734299516908,0.30193236714975846,2.6435856146001075,0.2549651100375738
156,46.464036500268385,17.082662372517444,9.420289855072463,19.03515834675255,0.9460547504025765,3.851315083199141,0.30193236714975846,2.6435856146001075,0.2549651100375738
157,46.544551798174986,17.07595276435856,9.406870638754697,18.988191089640367,0.9460547504025765,3.8378958668813743,0.30193236714975846,2.6435856146001075,0.2549651100375738
158,46.175523349436396,16.847826086956523,8.950617283950617,18.914385399892645,0.9460547504025765,3.4286097691894795,0.30193236714975846,4.180085882984434,0.2549651100375738
159,46.32984433709071,16.834406870638755,8.890230810520666,18.86070853462158,0.9460547504025765,3.4151905528717124,0.30193236714975846,4.166666666666667,0.2549651100375738
160,46.544551798174986,16.780730005367687,8.82313472893183,18.793612453032743,0.9460547504025765,3.4151905528717124,0.30193236714975846,4.139828234031133,0.2549651100375738
161,46.846484165324746,16.760601180891037,8.78287707997853,18.659420289855074,0.8856682769726248,3.3682232957595275,0.30193236714975846,4.139828234031133,0.2549651100375738
162,47.054482018250134,16.720343531937736,8.776167471819646,18.59903381642512,0.8856682769726248,3.3145464304884595,0.2885131508319914,4.106280193236715,0.2549651100375738
163,47.215512614063336,16.61969940955448,8.735909822866345,18.59903381642512,0.8856682769726248,3.294417606011809,0.2885131508319914,4.106280193236715,0.2549651100375738
164,47.08132045088567,16.512345679012345,8.715780998389693,18.572195383789587,0.8185721953837896,3.2004830917874396,0.2885131508319914,4.555823939881911,0.2549651100375738
165,47.27589908749329,16.478797638217927,8.668813741277509,18.49838969404187,0.8185721953837896,3.193773483628556,0.2885131508319914,4.522275899087493,0.2549651100375738
166,46.806226516371446,16.378153515834676,8.896940418679549,18.84728931830381,0.8185721953837896,3.193773483628556,0.2885131508319914,4.51556629092861,0.2549651100375738
167,47.00751476113795,16.27079978529254,8.84326355340848,18.840579710144926,0.798443370907139,3.193773483628556,0.2885131508319914,4.502147074610843,0.2549651100375738
168,47.60466988727858,16.19699409554482,8.61513687600644,18.585614600107355,0.7917337627482555,3.1602254428341383,0.2885131508319914,4.502147074610843,0.2549651100375738
169,47.78582930756844,16.150026838432634,8.61513687600644,18.50509930220075,0.7917337627482555,3.1333870101986045,0.2885131508319914,4.4753086419753085,0.2549651100375738
170,47.92673107890499,16.109769189479334,8.61513687600644,18.411164787976382,0.7917337627482555,3.1333870101986045,0.2885131508319914,4.468599033816425,0.2549651100375738
171,48.409822866344605,16.069511540526033,8.393719806763285,18.21658615136876,0.7917337627482555,3.1065485775630703,0.2885131508319914,4.468599033816425,0.2549651100375738
172,47.92002147074611,15.98899624261943,10.144927536231885,17.223564143854,0.785024154589372,3.0730005367686526,0.2885131508319914,4.320987654320987,0.2549651100375738
173,48.20182501341922,15.94873859366613,10.071121846484166,17.143048845947398,0.785024154589372,3.0730005367686526,0.2885131508319914,4.26731078904992,0.2214170692431562
174,48.35614600107354,15.94873859366613,10.030864197530864,17.042404723564143,0.7716049382716049,3.0730005367686526,0.2885131508319914,4.26731078904992,0.2214170692431562
175,48.2487922705314,15.499194847020934,9.98389694041868,16.968599033816425,1.6103059581320451,2.945517981749866,0.2885131508319914,4.233762748255502,0.2214170692431562
176,48.490338164251206,15.479066022544284,9.943639291465379,16.888083735909824,1.6103059581320451,2.9388083735909825,0.2885131508319914,4.139828234031133,0.2214170692431562
177,48.66478797638218,15.405260332796564,9.91009125067096,16.854535695115406,1.5901771336553945,2.9388083735909825,0.2885131508319914,4.126409017713366,0.2214170692431562
178,48.83923778851315,15.344873859366613,9.876543209876543,16.800858829844337,1.583467525496511,2.9253891572732154,0.2885131508319914,4.119699409554482,0.2214170692431562
179,49.02710681696189,15.297906602254429,9.842995169082126,16.7337627482555,1.583467525496511,2.9253891572732154,0.2885131508319914,4.079441760601181,0.2214170692431562
180,48.95330112721417,15.217391304347826,9.453837895866881,17.23027375201288,1.8451422436929683,2.9253891572732154,0.2885131508319914,3.864734299516908,0.2214170692431562
181,49.053945249597426,15.190552871712292,9.41358024691358,17.20343531937735,1.8451422436929683,2.918679549114332,0.2885131508319914,3.864734299516908,0.2214170692431562
182,49.241814278046164,15.076489533011273,9.39345142243693,17.176596886741816,1.8451422436929683,2.8918411164787976,0.2885131508319914,3.864734299516908,0.2214170692431562
183,49.33574879227053,15.03623188405797,9.359903381642512,17.156468062265162,1.8451422436929683,2.8918411164787976,0.2885131508319914,3.864734299516908,0.2214170692431562
184,49.51690821256039,14.99597423510467,9.339774557165862,17.102791196994094,1.8115942028985508,2.8918411164787976,0.2885131508319914,3.8311862587224907,0.2214170692431562
185,49.8792270531401,14.982555018786902,9.292807300053678,16.861245303274288,1.8115942028985508,2.871712292002147,0.2885131508319914,3.7909286097691894,0.2214170692431562
186,50.033548040794415,14.982555018786902,9.205582393988191,16.80756843800322,1.8115942028985508,2.871712292002147,0.2885131508319914,3.7775093934514223,0.2214170692431562
187,50.17444981213097,14.9020397208803,9.205582393988191,16.774020397208805,1.7981749865807837,2.871712292002147,0.2885131508319914,3.7640901771336552,0.2214170692431562
188,50.214707461084274,14.875201288244767,9.131776704240472,16.5727321524423,1.7981749865807837,3.1736446591519054,0.2885131508319914,3.7238325281803544,0.2214170692431562
189,50.47638217928073,14.834943639291465,9.078099838969404,16.458668813741276,1.7847557702630166,3.1736446591519054,0.2885131508319914,3.683574879227053,0.2214170692431562
190,50.436124530327426,14.65378421900161,9.03113258185722,16.42512077294686,2.1269457863660763,3.1333870101986045,0.2885131508319914,3.683574879227053,0.2214170692431562
191,50.40257648953301,14.566559312936125,9.01100375738057,16.398282340311326,2.1269457863660763,3.321256038647343,0.2885131508319914,3.6634460547504024,0.2214170692431562
192,50.79173376274826,14.49946323134729,8.910359634997317,16.27079978529254,2.1068169618894257,3.2675791733762747,0.27509393451422437,3.656736446591519,0.2214170692431562
193,50.966183574879224,14.445786366076222,8.910359634997317,16.183574879227052,2.100107353730542,3.2675791733762747,0.27509393451422437,3.629898013955985,0.2214170692431562
194,51.11379495437466,14.398819108964037,8.896940418679549,16.170155662909288,2.0799785292538915,3.2139023081052067,0.27509393451422437,3.629898013955985,0.2214170692431562
195,51.19431025228127,14.378690284487385,8.876811594202898,16.14331723027375,2.073268921095008,3.2139023081052067,0.27509393451422437,3.6231884057971016,0.2214170692431562
196,51.27482555018787,14.36527106816962,8.876811594202898,16.0829307568438,2.0665593129361244,3.2139023081052067,0.27509393451422437,3.6231884057971016,0.2214170692431562
197,51.84514224369297,13.90901771336554,8.829844337090714,16.015834675254965,2.0665593129361244,3.2139023081052067,0.27509393451422437,3.6231884057971016,0.2214170692431562
198,51.96591519055287,13.875469672571121,8.82313472893183,15.96886741814278,2.033011272141707,3.2139023081052067,0.27509393451422437,3.6231884057971016,0.2214170692431562
199,52.15378421900161,13.841921631776705,8.796296296296296,15.908480944712828,2.033011272141707,3.1602254428341383,0.27509393451422437,3.6097691894793345,0.2214170692431562
200,52.21417069243156,13.828502415458937,8.789586688137414,15.888352120236178,2.033011272141707,3.1602254428341383,0.27509393451422437,3.589640365002684,0.2214170692431562
201,52.30810520665593,13.768115942028986,8.76274825550188,15.888352120236178,2.033011272141707,3.1602254428341383,0.27509393451422437,3.5829307568438002,0.2214170692431562
202,52.583199141170155,13.768115942028986,8.682232957595277,15.807836822329575,2.006172839506173,3.1333870101986045,0.27509393451422437,3.5292538915727323,0.2147074610842727
203,52.462426194310254,13.88888888888889,8.682232957595277,15.807836822329575,2.006172839506173,3.1333870101986045,0.27509393451422437,3.5292538915727323,0.2147074610842727
204,52.38862050456253,13.862050456253355,8.561460010735374,15.01610305958132,2.006172839506173,3.099838969404187,0.20128824476650564,4.64975845410628,0.2147074610842727
205,52.44900697799248,13.841921631776705,8.541331186258722,14.99597423510467,2.006172839506173,3.099838969404187,0.20128824476650564,4.64975845410628,0.2147074610842727
206,52.462426194310254,13.92914653784219,8.474235104669887,14.828234031132581,2.006172839506173,3.2340311325818574,0.20128824476650564,4.64975845410628,0.2147074610842727
207,52.542941492216855,13.902308105206655,8.447396672034353,14.801395598497047,2.006172839506173,3.2340311325818574,0.20128824476650564,4.64975845410628,0.2147074610842727
208,52.61674718196457,13.902308105206655,8.3467525496511,14.714170692431562,2.006172839506173,3.2340311325818574,0.33548040794417605,4.62962962962963,0.2147074610842727
209,51.932367149758456,13.238056897477188,8.299785292538916,14.553140096618357,3.408480944712829,3.4017713365539453,0.33548040794417605,4.616210413311863,0.2147074610842727
210,51.57675791733763,14.029790660225443,8.185721953837897,14.325013419216317,3.4017713365539453,3.361513687600644,0.33548040794417605,4.569243156199678,0.2147074610842727
211,51.73778851315083,13.982823403113258,8.179012345679013,14.2914653784219,3.361513687600644,3.33467525496511,0.33548040794417605,4.562533548040794,0.2147074610842727
212,51.939076757917334,13.982823403113258,8.105206655931294,14.197530864197532,3.361513687600644,3.3011272141706924,0.33548040794417605,4.562533548040794,0.2147074610842727
213,50.295222758990874,13.43263553408481,7.950885668276973,14.002952227589908,5.5689747718733225,3.260869565217391,0.33548040794417605,4.938271604938271,0.2147074610842727
214,50.46296296296296,13.399087493290391,7.950885668276973,13.989533011272142,5.5689747718733225,3.260869565217391,0.33548040794417605,4.817498658078368,0.2147074610842727
215,50.62399355877617,13.358829844337091,7.897208803005904,13.962694578636608,5.535426731078905,3.260869565217391,0.32877079978529256,4.817498658078368,0.2147074610842727
216,50.77831454643049,13.358829844337091,7.856951154052603,13.94927536231884,5.508588298443371,3.260869565217391,0.32877079978529256,4.74369296833065,0.2147074610842727
217,50.84541062801932,13.298443370907139,7.856951154052603,13.94927536231884,5.508588298443371,3.2541599570585076,0.32877079978529256,4.74369296833065,0.2147074610842727
218,50.905797101449274,13.278314546430488,7.843531937734836,13.922436929683306,5.508588298443371,3.2541599570585076,0.32877079978529256,4.74369296833065,0.2147074610842727
219,50.959473966720346,13.258185721953838,7.843531937734836,13.902308105206655,5.495169082125604,3.2541599570585076,0.32877079978529256,4.74369296833065,0.2147074610842727
220,51.03327965646806,13.24476650563607,7.843531937734836,13.88888888888889,5.448201825013419,3.2541599570585076,0.32877079978529256,4.74369296833065,0.2147074610842727
221,51.07353730542136,13.056897477187333,7.830112721417069,13.781535158346752,5.803811057434245,3.2474503488996245,0.322061191626409,4.669887278582931,0.2147074610842727
222,51.29495437466452,12.962962962962964,7.796564680622652,13.741277509393452,5.790391841116479,3.227321524422974,0.322061191626409,4.64975845410628,0.2147074610842727
223,51.27482555018787,12.942834138486312,7.991143317230274,13.7211486849168,5.736714975845411,3.207192699946323,0.30864197530864196,4.602791196994096,0.2147074610842727
224,51.489533011272144,12.828770799785293,7.950885668276973,13.707729468599034,5.736714975845411,3.1736446591519054,0.30864197530864196,4.5893719806763285,0.2147074610842727
225,51.54320987654321,12.828770799785293,7.937466451959206,13.707729468599034,5.723295759527644,3.1736446591519054,0.30864197530864196,4.575952764358561,0.20128824476650564
226,51.650563607085346,12.815351583467525,7.917337627482555,13.654052603327965,5.709876543209877,3.1736446591519054,0.30864197530864196,4.569243156199678,0.20128824476650564
227,51.85856146001073,12.801932367149758,7.883789586688137,13.533279656468062,5.669618894256575,3.1736446591519054,0.30864197530864196,4.569243156199678,0.20128824476650564
228,51.992753623188406,12.795222758990874,7.830112721417069,13.479602791196994,5.669618894256575,3.1535158346752548,0.30864197530864196,4.569243156199678,0.20128824476650564
229,52.16720343531938,12.788513150831992,7.776435856146001,13.43263553408481,5.629361245303274,3.1535158346752548,0.30864197530864196,4.542404723564144,0.20128824476650564
230,51.939076757917334,12.76838432635534,8.32662372517445,13.39237788513151,5.5756843800322065,3.1535158346752548,0.24154589371980675,4.522275899087493,0.08051529790660225
231,52.29468599033817,12.667740203972087,8.313204508856682,13.20450885668277,5.522007514761138,3.1535158346752548,0.24154589371980675,4.522275899087493,0.08051529790660225
232,52.43558776167472,12.654320987654321,8.279656468062266,13.16425120772947,5.495169082125604,3.1468062265163717,0.24154589371980675,4.502147074610843,0.08051529790660225
233,52.442297369833604,12.580515297906603,8.440687063875469,13.097155126140633,5.495169082125604,3.1468062265163717,0.2147074610842727,4.502147074610843,0.08051529790660225
234,52.48926462694579,12.580515297906603,8.440687063875469,13.083735909822867,5.475040257648954,3.1333870101986045,0.2147074610842727,4.502147074610843,0.08051529790660225
235,52.74422973698336,12.52012882447665,8.373590982286634,12.99651100375738,5.4616210413311865,3.1199677938808374,0.20128824476650564,4.502147074610843,0.08051529790660225
236,52.83816425120773,12.52012882447665,8.373590982286634,12.99651100375738,5.381105743424584,3.1199677938808374,0.20128824476650564,4.488727858293076,0.08051529790660225
237,53.07300053676865,12.453032742887816,8.333333333333334,12.97638217928073,5.360976918947934,3.0595813204508855,0.20128824476650564,4.461889425657541,0.08051529790660225
238,53.05958132045089,12.580515297906603,8.293075684380032,12.942834138486312,5.360976918947934,3.0595813204508855,0.20128824476650564,4.42163177670424,0.08051529790660225
239,53.166935050993025,12.52012882447665,8.514492753623188,12.909286097691895,5.193236714975845,3.0595813204508855,0.20128824476650564,4.3545356951154055,0.08051529790660225
240,53.26086956521739,12.513419216317766,8.460815888352121,12.875738056897477,5.193236714975845,3.0595813204508855,0.20128824476650564,4.3545356951154055,0.08051529790660225
241,53.40177133655394,12.5,8.460815888352121,12.835480407944177,5.179817498658078,3.046162104133119,0.20128824476650564,4.294149221685454,0.08051529790660225
242,53.576221148684915,12.486580783682234,8.460815888352121,12.781803542673108,5.166398282340311,3.0193236714975846,0.20128824476650564,4.2270531400966185,0.08051529790660225
243,53.69028448738594,12.466451959205582,8.440687063875469,12.70799785292539,5.166398282340311,3.0193236714975846,0.20128824476650564,4.2270531400966185,0.08051529790660225
244,53.80434782608695,12.466451959205582,8.387010198604402,12.681159420289855,5.139559849704777,3.0193236714975846,0.20128824476650564,4.2203435319377345,0.08051529790660225
245,53.878153515834676,12.453032742887816,8.387010198604402,12.667740203972087,5.139559849704777,3.0193236714975846,0.20128824476650564,4.17337627482555,0.08051529790660225
246,54.05931293612453,12.439613526570048,8.340042941492216,12.593934514224369,5.10601180891036,3.0059044551798175,0.20128824476650564,4.17337627482555,0.08051529790660225
247,54.159957058507786,12.439613526570048,8.299785292538916,12.580515297906603,5.065754159957058,3.0059044551798175,0.20128824476650564,4.17337627482555,0.07380568974771873
248,54.206924315619965,12.439613526570048,8.272946859903382,12.560386473429952,5.065754159957058,3.0059044551798175,0.20128824476650564,4.17337627482555,0.07380568974771873
249,54.32769726247987,12.385936661298981,8.246108427267847,12.546967257112184,5.059044551798175,2.985775630703167,0.20128824476650564,4.17337627482555,0.07380568974771873
250,54.45517981749866,12.338969404186795,8.225979602791197,12.52012882447665,5.025496511003757,2.985775630703167,0.20128824476650564,4.17337627482555,0.07380568974771873
251,54.50214707461084,12.338969404186795,8.21256038647343,12.506709608158884,5.025496511003757,2.985775630703167,0.20128824476650564,4.1532474503489,0.07380568974771873
252,54.488727858293075,12.332259796027913,8.165593129361245,12.338969404186795,5.005367686527107,3.240740740740741,0.20128824476650564,4.1532474503489,0.07380568974771873
253,54.63633923778851,12.298711755233494,8.07836822329576,12.31213097155126,5.005367686527107,3.240740740740741,0.20128824476650564,4.1532474503489,0.07380568974771873
254,54.690016103059584,12.29200214707461,8.07836822329576,12.298711755233494,5.005367686527107,3.2340311325818574,0.20128824476650564,4.126409017713366,0.07380568974771873
255,54.8443370907139,12.265163714439076,8.07836822329576,12.23161567364466,4.978529253891573,3.2206119162640903,0.20128824476650564,4.106280193236715,0.07380568974771873
256,54.99194847020934,12.23161567364466,8.05823939881911,12.13768115942029,4.978529253891573,3.2206119162640903,0.20128824476650564,4.106280193236715,0.07380568974771873
257,55.19994632313473,12.211486849168008,8.031400966183575,12.04374664519592,4.931561996779388,3.2004830917874396,0.20128824476650564,4.106280193236715,0.07380568974771873
258,55.401234567901234,12.06387546967257,8.031400966183575,12.00348899624262,4.918142780461621,3.2004830917874396,0.20128824476650564,4.106280193236715,0.07380568974771873
259,55.481749865807835,12.06387546967257,8.031400966183575,11.990069779924852,4.891304347826087,3.1870638754696725,0.20128824476650564,4.079441760601181,0.07380568974771873
260,55.60252281266774,12.030327428878154,8.031400966183575,11.782071926999464,4.884594739667204,3.3145464304884595,0.20128824476650564,4.079441760601181,0.07380568974771873
261,55.662909286097694,12.030327428878154,7.997852925389157,11.768652710681696,4.884594739667204,3.3145464304884595,0.20128824476650564,4.066022544283414,0.07380568974771873
262,55.783682232957595,12.016908212560386,7.991143317230274,11.768652710681696,4.8443370907139025,3.2541599570585076,0.20128824476650564,4.066022544283414,0.07380568974771873
263,56.025228126677405,11.976650563607086,7.930756843800322,11.728395061728396,4.777241009125067,3.2541599570585076,0.20128824476650564,4.032474503488996,0.07380568974771873
264,55.844068706387546,11.889425657541599,7.863660762211487,12.097423510466989,4.7638217928073,3.2474503488996245,0.20128824476650564,4.019055287171229,0.07380568974771873
265,55.91787439613527,11.869296833064949,7.863660762211487,12.06387546967257,4.74369296833065,3.2474503488996245,0.20128824476650564,4.019055287171229,0.07380568974771873
266,55.95813204508857,11.862587224906065,7.863660762211487,12.06387546967257,4.7101449275362315,3.2474503488996245,0.20128824476650564,4.019055287171229,0.07380568974771873
267,55.70987654320987,11.788781535158346,8.185721953837897,12.06387546967257,4.7101449275362315,3.2474503488996245,0.20128824476650564,4.019055287171229,0.07380568974771873
268,55.884326355340846,11.688137412775093,8.165593129361245,12.06387546967257,4.683306494900698,3.2206119162640903,0.20128824476650564,4.019055287171229,0.07380568974771873
269,56.045356951154055,11.674718196457327,8.145464304884594,11.990069779924852,4.676596886741814,3.1736446591519054,0.20128824476650564,4.019055287171229,0.07380568974771873
270,56.18625872249061,11.627750939345143,8.064949006977992,11.990069779924852,4.676596886741814,3.1602254428341383,0.20128824476650564,4.019055287171229,0.07380568974771873
