,45,50,55,51,52,53,60,56,57,54,58,59,61
0,97.75228126677402,2.24771873322598,,,,,,,,,,,
1,97.07461084272678,2.9253891572732154,,,,,,,,,,,
2,96.75925925925925,3.240740740740741,,,,,,,,,,,
3,76.69082125603865,23.309178743961354,,,,,,,,,,,
4,76.21443907675791,23.10789049919485,0.6776704240472357,,,,,,,,,,
5,72.77911969940955,24.97987117552335,0.7380568974771873,0.17444981213097155,1.328502415458937,,,,,,,,
6,71.35668276972625,24.490069779924852,0.7380568974771873,0.17444981213097155,3.240740740740741,,,,,,,,
7,70.43075684380032,25.369028448738593,0.785024154589372,0.17444981213097155,3.240740740740741,,,,,,,,
8,68.9747718733226,26.798174986580783,0.798443370907139,0.17444981213097155,3.2541599570585076,,,,,,,,
9,66.6532474503489,28.28099838969404,1.6371443907675791,0.17444981213097155,3.2541599570585076,,,,,,,,
10,66.62640901771337,28.307836822329577,1.6371443907675791,0.17444981213097155,3.2541599570585076,,,,,,,,
11,66.35131508319914,28.5829307568438,1.596886741814278,0.17444981213097155,3.2541599570585076,0.013419216317767043,0.026838432635534086,,,,,,
12,66.06951154052604,28.743961352657006,1.6035963499731616,0.18115942028985507,3.240740740740741,0.13419216317767044,0.026838432635534086,,,,,,
13,65.3918411164788,29.314278046162105,1.5767579173376274,0.18115942028985507,3.207192699946323,0.13419216317767044,0.026838432635534086,0.13419216317767044,0.03354804079441761,,,,
14,65.40526033279656,29.2337627482555,1.6505636070853462,0.18115942028985507,3.2004830917874396,0.13419216317767044,0.026838432635534086,0.13419216317767044,0.03354804079441761,,,,
15,65.37842190016103,28.938539989264626,1.9726247987117553,0.18115942028985507,3.2004830917874396,0.13419216317767044,0.026838432635534086,0.13419216317767044,0.03354804079441761,,,,
16,63.17096081588835,30.83064949006978,1.9726247987117553,0.5099302200751477,3.1870638754696725,0.13419216317767044,0.026838432635534086,0.13419216317767044,0.03354804079441761,,,,
17,63.077026301663984,30.870907139023082,2.0128824476650564,0.5233494363929146,3.1870638754696725,0.13419216317767044,0.026838432635534086,0.13419216317767044,0.03354804079441761,,,,
18,63.00322061191626,30.88432635534085,2.046430488459474,0.5233494363929146,3.2004830917874396,0.13419216317767044,0.026838432635534086,0.13419216317767044,0.04696725711218465,,,,
19,61.39291465378422,30.683038110574344,3.9049919484702094,0.5636070853462157,3.193773483628556,0.12077294685990338,0.026838432635534086,0.06709608158883522,0.04696725711218465,,,,
20,57.68250134192163,34.4068706387547,3.9049919484702094,0.5636070853462157,3.180354267310789,0.12077294685990338,0.026838432635534086,0.06709608158883522,0.04696725711218465,,,,
21,57.52147074610843,34.11164787976382,4.361245303274289,0.5636070853462157,3.180354267310789,0.12077294685990338,0.026838432635534086,0.06709608158883522,0.04696725711218465,,,,
22,57.50134192163178,34.12506709608159,4.314278046162104,0.5636070853462157,3.2139023081052067,0.12077294685990338,0.026838432635534086,0.06709608158883522,0.04696725711218465,0.020128824476650563,,,
23,57.47450348899624,34.15190552871712,4.300858829844337,0.5367686527106817,3.2139023081052067,0.12077294685990338,0.040257648953301126,0.06709608158883522,0.04696725711218465,0.04696725711218465,,,
24,45.93397745571659,45.65217391304348,4.374664519592056,0.5367686527106817,3.180354267310789,0.12077294685990338,0.040257648953301126,0.06709608158883522,0.04696725711218465,0.04696725711218465,,,
25,45.893719806763286,45.63204508856683,4.40150295222759,0.5367686527106817,3.166935050993022,0.12077294685990338,0.040257648953301126,0.06709608158883522,0.06038647342995169,0.08051529790660225,,,
26,45.04830917874396,46.182232957595275,4.7101449275362315,0.49651100375738055,3.166935050993022,0.14761137949543746,0.040257648953301126,0.06709608158883522,0.06038647342995169,0.08051529790660225,,,
27,44.38405797101449,45.410628019323674,5.622651637144391,0.8387010198604401,3.2206119162640903,0.14761137949543746,0.040257648953301126,0.06709608158883522,0.06038647342995169,0.20799785292538917,,,
28,44.43102522812668,45.36366076221149,5.609232420826624,0.8521202361782072,3.2206119162640903,0.14761137949543746,0.040257648953301126,0.06709608158883522,0.06038647342995169,0.20799785292538917,,,
29,42.0625335480408,45.41733762748255,5.83064949006978,2.9589371980676327,3.207192699946323,0.14761137949543746,0.040257648953301126,0.06709608158883522,0.06038647342995169,0.20799785292538917,,,
30,41.58615136876006,43.612453032742884,5.763553408480945,2.0397208803005906,4.87788513150832,1.6975308641975309,0.040257648953301126,0.06709608158883522,0.08722490606548577,0.2281266774020397,,,
31,41.5727321524423,43.63929146537842,5.750134192163178,2.0397208803005906,4.87788513150832,1.6975308641975309,0.040257648953301126,0.06709608158883522,0.08722490606548577,0.2281266774020397,,,
32,40.43880837359098,42.579173376274824,5.730005367686527,3.7573805689747717,4.898013955984971,2.167203435319377,0.040257648953301126,0.10735373054213634,0.08722490606548577,0.19457863660762212,,,
33,38.90230810520666,40.56629092860977,4.62962962962963,3.7573805689747717,8.997584541062801,2.7844873859366612,0.040257648953301126,0.040257648953301126,0.08722490606548577,0.19457863660762212,,,
34,38.6406333870102,37.0907139023081,3.6634460547504024,3.7573805689747717,12.218196457326892,4.274020397208803,0.020128824476650563,0.040257648953301126,0.08722490606548577,0.19457863660762212,0.013419216317767043,,
35,37.895866881374126,36.8894256575416,3.69699409554482,4.334406870638754,11.842458400429415,4.274020397208803,0.020128824476650563,0.040257648953301126,0.08722490606548577,0.9057971014492754,0.013419216317767043,,
36,35.84272678475577,38.801663982823406,3.8378958668813743,4.327697262479871,11.842458400429415,4.26731078904992,0.020128824476650563,0.040257648953301126,0.10064412238325282,0.9057971014492754,0.013419216317767043,,
37,35.52066559312936,38.117283950617285,3.8378958668813743,4.341116478797638,13.553408480944713,3.515834675254965,0.020128824476650563,0.07380568974771873,0.10064412238325282,0.9057971014492754,0.013419216317767043,,
38,35.487117552334944,38.137412775093935,3.8580246913580245,4.341116478797638,13.486312399355878,3.515834675254965,0.020128824476650563,0.07380568974771873,0.1274825550187869,0.9259259259259259,0.026838432635534086,,
39,33.400429414922165,38.45276435856146,4.025764895330113,5.038915727321524,14.31159420289855,3.5292538915727323,0.020128824476650563,0.1274825550187869,0.14090177133655393,0.9259259259259259,0.026838432635534086,,
40,31.622383252818036,39.57997852925389,4.247181964573269,5.173107890499195,14.714170692431562,3.5292538915727323,0.020128824476650563,0.1274825550187869,0.14090177133655393,0.8118625872249061,0.03354804079441761,,
41,31.5150295222759,38.93585614600107,3.8915727321524423,5.260332796564681,15.68035426731079,3.5292538915727323,0.020128824476650563,0.1274825550187869,0.18115942028985507,0.7917337627482555,0.06709608158883522,,
42,29.51556629092861,41.0024154589372,3.8915727321524423,5.24020397208803,15.633387010198604,3.5292538915727323,0.020128824476650563,0.10735373054213634,0.18115942028985507,0.7917337627482555,0.08722490606548577,,
43,28.99892646269458,41.438539989264626,3.9184111647879765,5.159688674181428,15.60654857756307,2.844873859366613,0.020128824476650563,0.10735373054213634,0.18115942028985507,1.6371443907675791,0.08722490606548577,,
44,28.28099838969404,41.6129898013956,3.938539989264627,5.649490069779925,15.593129361245303,2.844873859366613,0.020128824476650563,0.15432098765432098,0.18115942028985507,1.6371443907675791,0.08722490606548577,,
45,28.25415995705851,41.337895866881375,4.213633923778851,5.649490069779925,15.593129361245303,2.844873859366613,0.020128824476650563,0.1878690284487386,0.18115942028985507,1.6304347826086956,0.08722490606548577,,
46,24.812130971551262,43.572195383789584,4.200214707461084,5.615942028985507,16.5727321524423,2.844873859366613,0.020128824476650563,0.1878690284487386,0.20799785292538917,1.8786902844873858,0.08722490606548577,,
47,24.738325281803544,42.93478260869565,4.280730005367687,6.219806763285024,16.5727321524423,2.844873859366613,0.020128824476650563,0.20128824476650564,0.20799785292538917,1.8786902844873858,0.10064412238325282,,
48,24.738325281803544,42.250402576489535,3.475577026301664,6.219806763285024,16.55931293612453,4.40150295222759,0.020128824476650563,0.13419216317767044,0.2214170692431562,1.8786902844873858,0.10064412238325282,,
49,24.718196457326894,42.16317767042405,3.502415458937198,6.219806763285024,16.626409017713364,4.40150295222759,0.020128824476650563,0.13419216317767044,0.27509393451422437,1.8719806763285025,0.06709608158883522,,
50,24.59742351046699,42.03569511540526,3.374932903918411,6.374127750939345,16.867954911433173,4.394793344068707,0.020128824476650563,0.13419216317767044,0.27509393451422437,1.8585614600107354,0.06709608158883522,,
51,24.61755233494364,41.5727321524423,3.4151905528717124,6.300322061191626,16.78743961352657,4.911433172302737,0.020128824476650563,0.13419216317767044,0.28180354267310787,1.892109500805153,0.06709608158883522,,
52,24.57729468599034,41.50563607085346,3.4621578099838968,6.300322061191626,16.760601180891037,4.911433172302737,0.020128824476650563,0.13419216317767044,0.30864197530864196,1.9524959742351047,0.06709608158883522,,
53,24.382716049382715,40.66022544283414,3.8378958668813743,6.837090713902308,16.72705314009662,4.931561996779388,0.020128824476650563,0.13419216317767044,0.4428341384863124,1.9457863660762211,0.06709608158883522,0.013419216317767043,
54,22.7187332259796,42.62614063338701,3.911701556629093,6.662640901771336,16.525764895330113,4.931561996779388,0.020128824476650563,0.13419216317767044,0.4428341384863124,1.9457863660762211,0.06709608158883522,0.013419216317767043,
55,21.26274825550188,42.11621041331186,3.938539989264627,9.158615136876007,16.009125067096083,4.87788513150832,0.020128824476650563,0.13419216317767044,0.46967257112184646,1.932367149758454,0.06709608158883522,0.013419216317767043,
56,21.289586688137412,42.04240472356415,3.9519592055823938,9.172034353193773,16.002415458937197,4.891304347826087,0.020128824476650563,0.14761137949543746,0.46967257112184646,1.932367149758454,0.06709608158883522,0.013419216317767043,
57,21.30300590445518,41.99543746645196,3.978797638217928,9.172034353193773,15.98899624261943,4.87788513150832,0.020128824476650563,0.14761137949543746,0.48980139559849706,1.932367149758454,0.08051529790660225,0.013419216317767043,
58,21.336553945249598,41.86795491143317,4.086151368760064,9.145195920558239,15.975577026301664,4.87788513150832,0.020128824476650563,0.17444981213097155,0.48980139559849706,1.932367149758454,0.08051529790660225,0.013419216317767043,
59,21.329844337090712,41.76060118089104,4.072732152442297,9.312936124530328,15.96886741814278,4.851046698872786,0.020128824476650563,0.18115942028985507,0.48980139559849706,1.932367149758454,0.08051529790660225,,
60,21.26274825550188,41.67337627482555,4.119699409554482,9.286097691894794,15.935319377348362,4.918142780461621,0.020128824476650563,0.20799785292538917,0.48980139559849706,2.006172839506173,0.08051529790660225,,
61,20.8870101986044,41.25067096081589,4.146537842190016,9.23913043478261,16.97530864197531,4.522275899087493,0.020128824476650563,0.20799785292538917,0.5166398282340311,2.15378421900161,0.08051529790660225,,
62,20.73268921095008,40.98899624261943,4.280730005367687,9.66183574879227,16.80756843800322,4.522275899087493,0.020128824476650563,0.23483628556092323,0.5166398282340311,2.15378421900161,0.08051529790660225,,
63,20.69243156199678,40.90177133655394,4.3478260869565215,9.66183574879227,16.76731078904992,4.582662372517445,0.020128824476650563,0.23483628556092323,0.5166398282340311,2.15378421900161,0.12077294685990338,,
64,20.74610842726785,39.55314009661836,4.280730005367687,9.634997316156737,18.156199677938808,4.582662372517445,0.020128824476650563,0.23483628556092323,0.5166398282340311,2.15378421900161,0.12077294685990338,,
65,20.67230273752013,38.27831454643049,4.193505099302201,9.574610842726784,20.303274288781534,4.508856682769726,0.020128824476650563,0.2683843263553409,0.5300590445517982,1.5297906602254427,0.12077294685990338,,
66,19.93424584004294,39.59339774557166,4.2270531400966185,9.460547504025765,19.79334406870639,4.455179817498658,0.020128824476650563,0.30193236714975846,0.5636070853462157,1.5297906602254427,0.12077294685990338,,
67,19.920826623725173,39.31159420289855,4.528985507246377,9.440418679549115,19.706119162640903,4.49543746645196,0.020128824476650563,0.3488996242619431,0.5636070853462157,1.5297906602254427,0.13419216317767044,,
68,19.558507783145465,37.25845410628019,4.461889425657541,11.869296833064949,19.699409554482017,4.4753086419753085,0.020128824476650563,0.3757380568974772,0.5971551261406334,1.5297906602254427,0.15432098765432098,,
69,19.578636607622116,37.21819645732689,4.508856682769726,11.81561996779388,19.659151905528716,4.4753086419753085,0.020128824476650563,0.4227053140096618,0.6172839506172839,1.5297906602254427,0.15432098765432098,,
70,19.57192699946323,37.144390767579175,4.549114331723027,11.808910359634996,19.665861513687602,4.488727858293076,0.020128824476650563,0.4227053140096618,0.6172839506172839,1.556629092860977,0.15432098765432098,,
71,19.6256038647343,37.05716586151369,4.569243156199678,11.506977992485238,19.639023081052066,4.4753086419753085,0.020128824476650563,0.7514761137949544,0.6172839506172839,1.556629092860977,0.18115942028985507,,
72,19.49812130971551,36.00375738056898,4.502147074610843,12.95625335480408,19.806763285024154,4.032474503488996,0.020128824476650563,0.7514761137949544,0.6508319914117016,1.5633387010198605,0.18115942028985507,0.03354804079441761,
73,19.49812130971551,35.279119699409556,4.394793344068707,12.95625335480408,18.397745571658614,4.019055287171229,0.020128824476650563,0.7380568974771873,0.6374127750939346,3.8177670424047236,0.20799785292538917,0.03354804079441761,
74,19.37734836285561,35.23215244229737,4.461889425657541,16.069511540526033,15.767579173376275,4.019055287171229,0.020128824476650563,0.7581857219538379,0.6239935587761675,3.535963499731616,0.10064412238325282,0.03354804079441761,
75,19.43102522812668,34.957058507783145,4.904723564143854,16.06280193236715,15.5126140633387,4.019055287171229,0.020128824476650563,0.7581857219538379,0.6642512077294686,3.535963499731616,0.10064412238325282,0.03354804079441761,
76,19.35721953837896,33.7157809983897,4.562533548040794,16.056092324208265,14.915458937198068,6.260064412238325,0.020128824476650563,0.7783145464304885,0.6642512077294686,3.535963499731616,0.10064412238325282,0.03354804079441761,
77,19.343800322061192,33.69565217391305,4.5960815888352125,16.015834675254965,14.88191089640365,6.260064412238325,0.020128824476650563,0.8521202361782072,0.6642512077294686,3.535963499731616,0.10064412238325282,0.03354804079441761,
78,19.410896403650028,33.62855609232421,4.5960815888352125,15.975577026301664,14.781266774020397,6.273483628556092,0.020128824476650563,0.8923778851315083,0.6977992485238862,3.535963499731616,0.15432098765432098,0.03354804079441761,
79,19.43773483628556,33.561460010735374,4.582662372517445,15.94873859366613,14.714170692431562,6.3137412775093935,0.020128824476650563,0.9863123993558777,0.7246376811594203,3.5091250670960816,0.15432098765432098,0.04696725711218465,
80,19.45115405260333,32.75630703166935,4.616210413311863,15.895061728395062,14.700751476113794,6.300322061191626,0.020128824476650563,0.9863123993558777,0.7246376811594203,4.334406870638754,0.16774020397208803,0.04696725711218465,
81,18.250134192163177,34.004294149221685,4.669887278582931,15.861513687600644,14.620236178207193,6.293612453032743,0.020128824476650563,0.9997316156736447,0.7246376811594203,4.334406870638754,0.17444981213097155,0.04696725711218465,
82,18.276972624798713,34.01100375738057,4.64975845410628,15.807836822329575,14.392109500805153,6.293612453032743,0.020128824476650563,0.9997316156736447,0.7581857219538379,4.555823939881911,0.1878690284487386,0.04696725711218465,
83,18.317230273752013,33.964036500268385,4.643048845947397,15.807836822329575,14.345142243692969,6.286902844873859,0.020128824476650563,0.9997316156736447,0.7917337627482555,4.575952764358561,0.20128824476650564,0.04696725711218465,
84,18.35077831454643,33.19243156199678,4.656468062265164,15.74074074074074,13.734567901234568,6.991411701556629,0.020128824476650563,0.9930220075147611,0.7917337627482555,5.280461621041331,0.20128824476650564,0.04696725711218465,
85,18.377616747181964,33.13204508856683,4.669887278582931,15.653515834675256,13.613794954374665,6.951154052603328,0.020128824476650563,1.2681159420289856,0.7514761137949544,5.314009661835748,0.20128824476650564,0.04696725711218465,
86,18.35077831454643,31.280193236714975,4.669887278582931,17.250402576489535,12.969672571121846,7.917337627482555,0.020128824476650563,1.2681159420289856,0.7313472893183038,5.280461621041331,0.1878690284487386,0.07380568974771873,
87,18.38432635534085,31.186258722490606,4.730273752012883,17.24369296833065,12.969672571121846,7.917337627482555,0.040257648953301126,1.2681159420289856,0.7313472893183038,5.267042404723564,0.1878690284487386,0.07380568974771873,
88,18.337359098228664,30.770263016639827,4.723564143853999,16.80756843800322,12.614063338701019,9.252549651100376,0.040257648953301126,1.2345679012345678,0.6776704240472357,5.267042404723564,0.20128824476650564,0.07380568974771873,
89,18.303811057434245,30.817230273752013,4.696725711218465,16.80756843800322,12.614063338701019,9.265968867418144,0.040257648953301126,1.2345679012345678,0.6776704240472357,5.267042404723564,0.20128824476650564,0.07380568974771873,
90,17.8743961352657,30.079173376274827,4.7168545356951155,17.881105743424584,12.614063338701019,9.312936124530328,0.040257648953301126,1.2345679012345678,0.6776704240472357,5.280461621041331,0.2147074610842727,0.07380568974771873,
91,17.887815351583466,29.985238862050455,4.750402576489533,17.881105743424584,12.634192163177671,9.312936124530328,0.040257648953301126,1.261406333870102,0.6776704240472357,5.280461621041331,0.2147074610842727,0.07380568974771873,
92,17.894524959742352,29.978529253891573,4.750402576489533,17.8743961352657,12.634192163177671,9.312936124530328,0.040257648953301126,1.2681159420289856,0.7112184648416533,5.246913580246914,0.2147074610842727,0.07380568974771873,
93,17.92807300053677,29.95169082125604,4.777241009125067,16.25738056897477,14.492753623188406,9.29951690821256,0.040257648953301126,1.0332796564680622,0.6910896403650026,5.24020397208803,0.2147074610842727,0.07380568974771873,
94,17.726784755770264,29.56924315619968,4.810789049919484,16.364734299516908,14.452495974235104,9.796027911969942,0.040257648953301126,1.0332796564680622,0.6910896403650026,5.226784755770263,0.2147074610842727,0.07380568974771873,
95,17.753623188405797,29.448470209339774,4.85775630703167,16.27750939345142,14.506172839506172,9.809447128287708,0.040257648953301126,1.1003757380568975,0.6910896403650026,5.199946323134729,0.2147074610842727,0.10064412238325282,
96,17.28395061728395,28.764090177133657,4.790660225442834,15.599838969404187,16.049382716049383,9.796027911969942,0.040257648953301126,1.1003757380568975,0.7380568974771873,5.535426731078905,0.2147074610842727,0.08722490606548577,
97,17.122920021470748,27.831454643048847,4.569243156199678,15.874932903918411,16.317767042404725,8.789586688137414,0.040257648953301126,1.107085346215781,0.7581857219538379,7.286634460547504,0.2147074610842727,0.08722490606548577,
98,17.156468062265162,27.75764895330113,4.622920021470746,15.854804079441761,16.25067096081589,8.78287707997853,0.040257648953301126,1.1741814278046163,0.785024154589372,7.273215244229737,0.2147074610842727,0.08722490606548577,
99,17.16988727858293,27.697262479871174,4.49543746645196,15.854804079441761,16.19699409554482,8.977455716586151,0.040257648953301126,1.2077294685990339,0.8051529790660226,7.253086419753086,0.2147074610842727,0.08722490606548577,
100,17.19001610305958,27.616747181964573,4.488727858293076,15.83467525496511,16.33118625872249,8.977455716586151,0.05367686527106817,1.2077294685990339,0.7783145464304885,7.219538378958669,0.2147074610842727,0.08722490606548577,
101,17.03569511540526,27.24771873322598,4.51556629092861,16.438539989264626,16.23725174449812,8.964036500268385,0.08051529790660225,1.2077294685990339,0.7783145464304885,7.192699946323135,0.2147074610842727,0.08722490606548577,
102,17.04911433172303,27.167203435319376,4.5960815888352125,16.398282340311326,16.109769189479334,8.977455716586151,0.08051529790660225,1.2278582930756843,0.8789586688137413,7.199409554482019,0.2281266774020397,0.08722490606548577,
103,17.062533548040793,27.079978529253893,4.602791196994096,16.418411164787976,15.411969940955448,8.970746108427267,0.08051529790660225,1.8719806763285025,0.9863123993558777,7.199409554482019,0.2281266774020397,0.08722490606548577,
104,17.062533548040793,27.079978529253893,4.602791196994096,16.404991948470208,15.411969940955448,8.970746108427267,0.08051529790660225,1.8853998926462694,0.9863123993558777,7.199409554482019,0.2281266774020397,0.08722490606548577,
105,17.04911433172303,27.079978529253893,4.616210413311863,16.35131508319914,15.411969940955448,8.930488459473967,0.08051529790660225,1.9122383252818036,1.0131508319914118,7.239667203435319,0.2281266774020397,0.08722490606548577,
106,17.09608158883521,27.012882447665056,4.723564143853999,16.35131508319914,15.271068169618895,8.809715512614064,0.08051529790660225,1.9122383252818036,1.1272141706924315,7.2933440687063875,0.2281266774020397,0.0939345142243693,
107,17.156468062265162,27.006172839506174,4.723564143853999,16.31105743424584,15.230810520665592,8.84326355340848,0.08051529790660225,1.9390767579173376,1.1272141706924315,7.25979602791197,0.2281266774020397,0.0939345142243693,
108,16.646537842190018,27.871712292002147,4.723564143853999,16.049382716049383,15.250939345142244,8.84326355340848,0.08051529790660225,1.9390767579173376,1.0869565217391304,7.185990338164252,0.2281266774020397,0.0939345142243693,
109,16.63311862587225,26.663982823403114,4.461889425657541,16.049382716049383,14.99597423510467,8.568169618894256,0.08051529790660225,1.9256575415995705,0.9796027911969941,9.31964573268921,0.2281266774020397,0.0939345142243693,
110,15.94873859366613,27.865002683843265,4.388083735909823,14.358561460010735,16.163446054750402,8.809715512614064,0.08051529790660225,1.90552871712292,0.9326355340848095,9.23913043478261,0.2147074610842727,0.0939345142243693,
111,15.921900161030596,27.89855072463768,4.320987654320987,14.325013419216317,16.14331723027375,8.863392377885132,0.08051529790660225,1.90552871712292,0.9393451422436929,9.292807300053678,0.2147074610842727,0.0939345142243693,
112,15.814546430488459,27.140365002683843,4.280730005367687,14.318303811057435,15.98899624261943,10.88298443370907,0.08051529790660225,1.5432098765432098,0.9326355340848095,8.709071390230811,0.2147074610842727,0.0939345142243693,
113,15.579710144927537,26.717659688674182,4.072732152442297,15.13016639828234,15.98899624261943,10.86285560923242,0.08051529790660225,1.5432098765432098,1.0064412238325282,8.709071390230811,0.2147074610842727,0.0939345142243693,
114,15.539452495974235,26.33521202361782,4.461889425657541,15.116747181964573,15.975577026301664,10.88298443370907,0.06709608158883522,1.570048309178744,1.0064412238325282,8.722490606548577,0.2147074610842727,0.10735373054213634,
115,15.599838969404187,26.234567901234566,4.455179817498658,15.096618357487923,15.955448201825014,10.849436392914654,0.10064412238325282,1.6505636070853462,1.0064412238325282,8.729200214707461,0.2147074610842727,0.10735373054213634,
116,15.633387010198604,25.77831454643049,4.414922168545357,15.083199141170155,15.96886741814278,11.252012882447666,0.10064412238325282,1.6841116478797638,1.0332796564680622,8.756038647342995,0.1878690284487386,0.10735373054213634,
117,15.687063875469672,25.704508856682768,4.4753086419753085,15.022812667740205,15.962157809983896,11.252012882447666,0.08722490606548577,1.6841116478797638,1.0735373054213635,8.756038647342995,0.1878690284487386,0.10735373054213634,
118,15.673644659151906,25.44283413848631,4.555823939881911,15.009393451422437,15.566290928609769,11.513687600644122,0.08722490606548577,1.6975308641975309,1.093666129898014,9.064680622651638,0.1878690284487386,0.10735373054213634,
119,15.646806226516372,25.469672571121848,4.569243156199678,14.935587761674718,15.526033279656469,11.58749329039184,0.08722490606548577,1.6975308641975309,1.133923778851315,9.05126140633387,0.1878690284487386,0.10735373054213634,
120,15.619967793880837,25.328770799785293,4.569243156199678,14.660493827160494,15.4723564143854,11.748523886205046,0.08722490606548577,1.6975308641975309,1.0466988727858293,9.46725711218465,0.16774020397208803,0.13419216317767044,
121,15.646806226516372,25.221417069243156,4.616210413311863,14.620236178207193,15.425389157273216,11.748523886205046,0.10064412238325282,1.724369296833065,1.0534084809447128,9.514224369296834,0.19457863660762212,0.13419216317767044,
122,15.633387010198604,25.201288244766506,4.51556629092861,14.593397745571659,15.33816425120773,11.969940955448202,0.10064412238325282,1.724369296833065,1.0534084809447128,9.541062801932368,0.19457863660762212,0.13419216317767044,
123,15.666935050993022,25.187869028448738,4.51556629092861,14.573268921095009,15.33816425120773,11.969940955448202,0.10064412238325282,1.724369296833065,1.0534084809447128,9.541062801932368,0.19457863660762212,0.13419216317767044,
124,15.505904455179817,24.879227053140095,4.64975845410628,14.861782071927,14.99597423510467,11.735104669887278,0.1274825550187869,1.7579173376274826,1.0399892646269457,10.124798711755233,0.1878690284487386,0.13419216317767044,
125,14.687332259796028,22.007514761137948,3.9720880300590444,21.443907675791735,13.821792807300053,11.137949543746645,0.1274825550187869,1.6774020397208802,0.9125067096081588,9.863123993558776,0.1878690284487386,0.1610305958132045,
126,14.74771873322598,21.826355340848096,3.92512077294686,21.07487922705314,13.66076221148685,11.75523349436393,0.1274825550187869,1.6639828234031133,0.8990874932903918,9.950348899624261,0.1878690284487386,0.18115942028985507,
127,14.727589908749328,21.79951690821256,3.92512077294686,21.068169618894256,13.855340848094471,11.600912506709609,0.1610305958132045,1.6774020397208802,0.8990874932903918,9.88996242619431,0.1878690284487386,0.20799785292538917,
128,14.660493827160494,21.772678475577028,3.965378421900161,20.994363929146537,13.895598497047773,11.654589371980677,0.1610305958132045,1.6908212560386473,0.9125067096081588,9.91009125067096,0.1878690284487386,0.19457863660762212,
129,14.727589908749328,21.73913043478261,3.992216854535695,20.947396672034355,13.83521202361782,11.654589371980677,0.1610305958132045,1.724369296833065,0.9460547504025765,9.91009125067096,0.1878690284487386,0.17444981213097155,
130,14.700751476113794,21.70558239398819,4.066022544283414,20.90713902308105,13.862050456253355,11.58749329039184,0.1610305958132045,1.7914653784219001,0.9460547504025765,9.91009125067096,0.1878690284487386,0.17444981213097155,
131,14.680622651637144,21.450617283950617,4.314278046162104,20.8467525496511,13.862050456253355,11.58749329039184,0.1610305958132045,1.724369296833065,0.9460547504025765,10.064412238325282,0.1878690284487386,0.17444981213097155,
132,14.720880300590446,21.410359634997317,4.314278046162104,20.813204508856682,13.88888888888889,11.600912506709609,0.1610305958132045,1.6975308641975309,0.9796027911969941,10.050993022007514,0.1878690284487386,0.17444981213097155,
133,14.36527106816962,23.027375201288244,4.367954911433173,20.598497047772412,12.76838432635534,11.600912506709609,0.1610305958132045,1.6908212560386473,1.0131508319914118,10.010735373054214,0.1878690284487386,0.20799785292538917,
134,14.331723027375201,22.69860440150295,4.38137412775094,20.544820182501343,13.573537305421363,11.117820719269995,0.14761137949543746,1.6908212560386473,1.0131508319914118,10.11808910359635,0.17444981213097155,0.20799785292538917,
135,13.425925925925926,22.36983360171766,4.367954911433173,22.108158883521202,13.318572195383789,11.117820719269995,0.14761137949543746,1.6908212560386473,1.0131508319914118,10.057702630166398,0.17444981213097155,0.20799785292538917,
136,13.486312399355878,22.322866344605476,4.435050993022007,22.034353193773484,13.271604938271604,11.07085346215781,0.14761137949543746,1.7646269457863661,1.0131508319914118,10.050993022007514,0.19457863660762212,0.20799785292538917,
137,13.56682769726248,22.302737520128826,4.435050993022007,21.973966720343533,13.117283950617283,11.037305421363392,0.14761137949543746,1.9592055823939882,1.0131508319914118,10.030864197530864,0.20799785292538917,0.20799785292538917,
138,13.580246913580247,22.27589908749329,4.435050993022007,21.960547504025765,13.117283950617283,11.010466988727858,0.14761137949543746,1.9592055823939882,1.0131508319914118,10.057702630166398,0.20799785292538917,0.23483628556092323,
139,13.539989264626946,22.363123993558776,4.502147074610843,21.906870638754697,13.097155126140633,10.970209339774557,0.14761137949543746,1.9592055823939882,1.0131508319914118,10.057702630166398,0.20799785292538917,0.23483628556092323,
140,13.22463768115942,22.188674181427803,4.636339237788513,21.75925925925926,14.184111647879764,10.487117552334944,0.14761137949543746,1.9659151905528718,1.0131508319914118,9.96376811594203,0.19457863660762212,0.23483628556092323,
141,13.157541599570585,22.034353193773484,4.757112184648417,21.67874396135266,15.13016639828234,9.816156736446592,0.14761137949543746,1.9457863660762211,0.95276435856146,9.782608695652174,0.2214170692431562,0.3757380568974772,
142,13.157541599570585,21.967257112184647,4.770531400966184,21.55126140633387,15.096618357487923,10.265700483091788,0.14761137949543746,1.9189479334406871,0.966183574879227,9.514224369296834,0.2214170692431562,0.4227053140096618,
143,11.922973698336017,21.786097691894792,4.736983360171766,25.05367686527107,15.01610305958132,8.769457863660762,0.14761137949543746,1.6505636070853462,0.95276435856146,9.346484165324744,0.19457863660762212,0.4227053140096618,
144,12.02361782071927,21.73913043478261,4.7638217928073,24.993290391841118,14.949006977992486,8.76274825550188,0.14761137949543746,1.6774020397208802,0.95276435856146,9.346484165324744,0.2214170692431562,0.4227053140096618,
145,12.13768115942029,21.68545356951154,4.770531400966184,24.94632313472893,14.88191089640365,8.78287707997853,0.1610305958132045,1.6975308641975309,0.9796027911969941,9.312936124530328,0.2214170692431562,0.4227053140096618,
146,12.144390767579173,21.68545356951154,4.770531400966184,24.315619967793882,15.5126140633387,8.749329039184111,0.1610305958132045,1.6975308641975309,0.9796027911969941,9.312936124530328,0.24825550187869028,0.4227053140096618,
147,12.164519592055823,21.672034353193773,4.757112184648417,24.248523886205046,15.479066022544284,8.722490606548577,0.1610305958132045,1.7981749865807837,1.0332796564680622,9.265968867418144,0.24825550187869028,0.4495437466451959,
148,12.211486849168008,21.62506709608159,4.790660225442834,24.208266237251745,15.45222758990875,8.749329039184111,0.1610305958132045,1.8183038110574343,1.0198604401502953,9.232420826623725,0.24825550187869028,0.4830917874396135,
149,11.66129898013956,21.095008051529792,4.8443370907139025,24.832259796027913,15.599838969404187,8.722490606548577,0.1610305958132045,1.751207729468599,0.95276435856146,9.648416532474503,0.24825550187869028,0.4830917874396135,
150,10.151637144390767,35.06441223832528,3.3413848631239937,21.235909822866343,11.621041331186259,6.877348362855609,0.10735373054213634,2.147074610842727,0.5367686527106817,8.501073537305421,0.16774020397208803,0.24825550187869028,
151,10.131508319914117,34.60144927536232,3.475577026301664,21.081588835212024,12.164519592055823,6.763285024154589,0.10735373054213634,2.1604938271604937,0.6508319914117016,8.420558239398819,0.19457863660762212,0.24825550187869028,
152,10.144927536231885,34.50751476113795,3.535963499731616,21.081588835212024,12.164519592055823,6.763285024154589,0.10735373054213634,2.1604938271604937,0.6508319914117016,8.440687063875469,0.19457863660762212,0.24825550187869028,
153,10.165056360708535,34.37332259796028,3.656736446591519,21.108427267847556,12.124261943102523,6.649221685453569,0.10735373054213634,2.147074610842727,0.6776704240472357,8.427267847557703,0.2885131508319914,0.27509393451422437,
154,10.19189479334407,34.35990338164251,3.69699409554482,21.088298443370906,12.124261943102523,6.649221685453569,0.10735373054213634,2.15378421900161,0.6776704240472357,8.393719806763285,0.2885131508319914,0.2683843263553409,
155,10.171765968867419,34.292807300053674,3.69699409554482,21.014492753623188,12.359098228663447,6.333870101986044,0.10735373054213634,2.147074610842727,0.6977992485238862,8.588298443370908,0.322061191626409,0.2683843263553409,
156,10.258990874932904,34.20558239398819,3.7372517444981215,20.974235104669887,12.426194310252281,6.333870101986044,0.10735373054213634,2.147074610842727,0.6977992485238862,8.521202361782072,0.322061191626409,0.2683843263553409,
157,10.299248523886206,34.18545356951154,3.750670960815888,20.933977455716587,12.412775093934513,6.320450885668277,0.10735373054213634,2.167203435319377,0.7112184648416533,8.521202361782072,0.322061191626409,0.2683843263553409,
158,10.312667740203972,33.8768115942029,4.092860976918948,20.8870101986044,12.412775093934513,6.320450885668277,0.10735373054213634,2.167203435319377,0.7112184648416533,8.521202361782072,0.322061191626409,0.2683843263553409,
159,10.319377348362856,33.82984433709071,4.193505099302201,20.840042941492218,12.412775093934513,6.320450885668277,0.10735373054213634,2.167203435319377,0.7112184648416533,8.507783145464305,0.322061191626409,0.2683843263553409,
160,10.25228126677402,33.8365539452496,4.280730005367687,20.1959205582394,12.392646269457863,6.320450885668277,0.10735373054213634,2.26784755770263,0.7112184648416533,9.057971014492754,0.30864197530864196,0.2683843263553409,
161,10.299248523886206,33.340042941492214,4.314278046162104,20.67230273752013,12.392646269457863,6.286902844873859,0.10735373054213634,2.2611379495437465,0.7112184648416533,9.037842190016104,0.30864197530864196,0.2683843263553409,
162,10.279119699409554,33.28636607622115,4.26731078904992,20.652173913043477,12.392646269457863,6.400966183574879,0.10735373054213634,2.301395598497048,0.7112184648416533,9.024422973698336,0.30864197530864196,0.2683843263553409,
163,10.279119699409554,33.28636607622115,4.26731078904992,20.632045088566827,12.392646269457863,6.400966183574879,0.10735373054213634,2.3215244229736984,0.7112184648416533,9.024422973698336,0.30864197530864196,0.2683843263553409,
164,10.305958132045088,33.272946859903385,4.240472356414386,20.625335480407944,12.352388620504563,6.461352657004831,0.10735373054213634,2.38191089640365,0.6977992485238862,8.977455716586151,0.30864197530864196,0.2683843263553409,
165,10.326086956521738,33.17901234567901,4.300858829844337,20.625335480407944,12.31213097155126,6.461352657004831,0.10735373054213634,2.428878153515835,0.6977992485238862,8.93719806763285,0.35560923242082665,0.2683843263553409,
166,10.305958132045088,33.17901234567901,4.3545356951154055,20.585077831454644,12.278582930756844,6.474771873322598,0.10735373054213634,2.4557165861513686,0.6977992485238862,8.923778851315083,0.36902844873859364,0.2683843263553409,
167,5.555555555555555,54.8040794417606,3.488996242619431,14.526301663982823,9.802737520128824,5.340848094471283,0.10735373054213634,1.133923778851315,0.630703166935051,4.180085882984434,0.2885131508319914,0.14090177133655393,
168,5.58239398819109,54.47530864197531,3.5091250670960816,14.861782071927,9.802737520128824,5.293880837359098,0.10735373054213634,1.133923778851315,0.630703166935051,4.17337627482555,0.2885131508319914,0.14090177133655393,
169,5.528717122920021,53.247450348899626,4.797369833601718,14.861782071927,9.802737520128824,5.280461621041331,0.10735373054213634,1.1272141706924315,0.630703166935051,4.186795491143317,0.2885131508319914,0.14090177133655393,
170,5.535426731078905,52.95222758990875,5.092592592592593,14.855072463768115,9.802737520128824,5.280461621041331,0.10735373054213634,1.1272141706924315,0.630703166935051,4.186795491143317,0.2885131508319914,0.14090177133655393,
171,5.555555555555555,52.851583467525494,5.159688674181428,14.868491680085883,9.802737520128824,5.280461621041331,0.10735373054213634,1.1272141706924315,0.630703166935051,4.186795491143317,0.2885131508319914,0.14090177133655393,
172,5.46833064949007,51.16747181964573,5.636070853462158,16.21712292002147,9.796027911969942,5.280461621041331,0.10735373054213634,1.0802469135802468,0.6642512077294686,4.1532474503489,0.2885131508319914,0.14090177133655393,
173,5.522007514761138,51.13392377885131,5.676328502415459,15.995705850778315,9.728931830381105,5.3274288781535155,0.10735373054213634,1.107085346215781,0.6642512077294686,4.247181964573269,0.3488996242619431,0.14090177133655393,
174,5.5689747718733225,50.899087493290395,5.891035963499732,15.995705850778315,9.708803005904455,5.3274288781535155,0.10735373054213634,1.107085346215781,0.6709608158883521,4.233762748255502,0.3488996242619431,0.14090177133655393,
175,5.636070853462158,50.84541062801932,5.958132045088567,15.96886741814278,9.695383789586689,5.320719269994632,0.10735373054213634,1.1205045625335481,0.6709608158883521,4.2203435319377345,0.3153515834675255,0.14090177133655393,
176,5.689747718733226,50.717928073000536,6.052066559312936,15.868223295759528,9.695383789586689,5.320719269994632,0.10735373054213634,1.247987117552335,0.6709608158883521,4.200214707461084,0.2885131508319914,0.14090177133655393,
177,5.649490069779925,50.38244766505636,6.052066559312936,15.713902308105206,10.265700483091788,5.287171229200215,0.10735373054213634,1.247987117552335,0.6709608158883521,4.193505099302201,0.2885131508319914,0.14090177133655393,
178,5.750134192163178,50.295222758990874,6.099033816425121,15.666935050993022,10.225442834138486,5.287171229200215,0.10735373054213634,1.247987117552335,0.6843800322061192,4.193505099302201,0.30193236714975846,0.14090177133655393,
179,5.770263016639828,49.88593666129898,5.743424584004294,15.26435856146001,10.19189479334407,5.307300053676865,0.10735373054213634,1.2949543746645196,0.6709608158883521,5.3341384863123995,0.2885131508319914,0.14090177133655393,
180,5.750134192163178,49.724906065485776,5.891035963499732,15.177133655394526,10.279119699409554,5.307300053676865,0.10735373054213634,1.2949543746645196,0.6709608158883521,5.367686527106817,0.2885131508319914,0.14090177133655393,
181,5.776972624798712,49.69806763285024,5.924584004294149,15.163714439076758,10.017444981213098,5.495169082125604,0.10735373054213634,1.3821792807300053,0.6575415995705851,5.347557702630167,0.2885131508319914,0.14090177133655393,
182,5.683038110574342,49.44981213097155,5.964841653247451,15.157004830917874,11.11111111111111,5.267042404723564,0.10735373054213634,1.3687600644122384,0.5971551261406334,5.032206119162641,0.13419216317767044,0.1274825550187869,
183,5.6964573268921095,47.0679012345679,8.3467525496511,15.136876006441224,11.104401502952227,5.287171229200215,0.11406333870101985,1.3687600644122384,0.7045088566827697,4.898013955984971,0.13419216317767044,0.14090177133655393,
184,5.709876543209877,47.04106280193237,8.360171765968868,15.136876006441224,11.104401502952227,5.287171229200215,0.11406333870101985,1.3687600644122384,0.7045088566827697,4.898013955984971,0.13419216317767044,0.14090177133655393,
185,5.810520665593129,46.93370907139023,8.467525496511003,15.096618357487923,11.057434245840042,5.253623188405797,0.11406333870101985,1.415727321524423,0.6776704240472357,4.898013955984971,0.13419216317767044,0.14090177133655393,
186,5.844068706387547,46.752549651100374,9.185453569511541,14.49946323134729,11.057434245840042,5.24020397208803,0.1274825550187869,1.4559849704777241,0.6776704240472357,4.884594739667204,0.13419216317767044,0.14090177133655393,
