,45,50,53,55,51,54,52,56,58,57
0,89.44578636607622,10.554213633923778,,,,,,,,
1,82.80998389694042,17.19001610305958,,,,,,,,
2,82.72275899087494,17.277241009125067,,,,,,,,
3,70.90713902308106,29.09286097691895,,,,,,,,
4,70.7259796027912,28.858024691358025,0.15432098765432098,0.2616747181964573,,,,,,
5,70.73268921095008,28.59634997316157,0.05367686527106817,0.2616747181964573,0.35560923242082665,,,,,
6,70.79307568438003,28.535963499731615,0.05367686527106817,0.2616747181964573,0.35560923242082665,,,,,
7,67.36446591519055,31.5955448201825,0.05367686527106817,0.4830917874396135,0.5032206119162641,,,,,
8,66.1231884057971,32.6959205582394,0.05367686527106817,0.4830917874396135,0.5032206119162641,0.14090177133655393,,,,
9,66.15673644659152,32.54830917874396,0.16774020397208803,0.4830917874396135,0.5032206119162641,0.14090177133655393,,,,
10,66.34460547504025,30.750134192163177,0.16774020397208803,0.4830917874396135,1.9927536231884058,0.2616747181964573,,,,
11,64.44578636607622,33.05823939881911,0.11406333870101985,0.4830917874396135,1.6371443907675791,0.2616747181964573,,,,
12,64.40552871712292,33.09849704777241,0.11406333870101985,0.4830917874396135,1.6371443907675791,0.2616747181964573,,,,
13,63.58024691358025,31.769994632313473,0.11406333870101985,0.4830917874396135,3.7909286097691894,0.2616747181964573,,,,
14,60.78234031132582,30.770263016639827,0.11406333870101985,0.5568974771873323,7.514761137949543,0.2616747181964573,,,,
15,52.61674718196457,42.29736983360172,0.11406333870101985,0.5568974771873323,4.1532474503489,0.2616747181964573,,,,
16,47.18196457326892,47.765700483091784,0.11406333870101985,0.5568974771873323,4.119699409554482,0.2616747181964573,,,,
17,46.09500805152979,45.8467525496511,0.11406333870101985,0.5568974771873323,6.588835212023618,0.2616747181964573,0.5367686527106817,,,
18,46.3365539452496,45.60520665593129,0.11406333870101985,0.5568974771873323,6.588835212023618,0.2616747181964573,0.5367686527106817,,,
19,41.928341384863124,36.85587761674718,0.11406333870101985,0.14090177133655393,17.60601180891036,0.2616747181964573,3.0931293612453032,,,
20,41.136607622114866,34.514224369296834,0.19457863660762212,0.3488996242619431,19.04186795491143,0.2616747181964573,4.502147074610843,,,
21,41.277509393451425,34.43370907139023,0.19457863660762212,0.5032206119162641,18.86070853462158,0.2616747181964573,4.468599033816425,,,
22,41.36473429951691,34.43370907139023,0.19457863660762212,0.5032206119162641,18.793612453032743,0.2616747181964573,4.448470209339774,,,
23,39.53301127214171,37.32555018786903,0.19457863660762212,0.5032206119162641,18.57890499194847,0.2616747181964573,3.603059581320451,,,
24,39.91545893719807,37.02361782071927,0.19457863660762212,0.5032206119162641,18.49838969404187,0.2616747181964573,3.603059581320451,,,
25,40.063070316693505,36.922973698336016,0.19457863660762212,0.6239935587761675,18.23671497584541,0.2616747181964573,3.603059581320451,0.0939345142243693,,
26,39.85507246376812,36.520397208803004,0.19457863660762212,0.6239935587761675,18.84728931830381,0.2616747181964573,3.603059581320451,0.0939345142243693,,
27,40.371712292002144,36.2385936661299,0.19457863660762212,0.8521202361782072,18.397745571658614,0.2616747181964573,3.589640365002684,0.0939345142243693,,
28,40.425389157273216,36.252012882447666,0.19457863660762212,0.8521202361782072,18.310520665593128,0.2616747181964573,3.475577026301664,0.2281266774020397,,
29,40.81454643048846,35.99704777241009,0.19457863660762212,0.8521202361782072,18.310520665593128,0.23483628556092323,3.3682232957595275,0.2281266774020397,,
30,41.056092324208265,35.970209339774556,0.19457863660762212,0.8521202361782072,18.21658615136876,0.12077294685990338,3.361513687600644,0.2281266774020397,,
31,34.07809983896941,42.94820182501342,0.19457863660762212,0.8521202361782072,18.12265163714439,0.12077294685990338,3.361513687600644,0.322061191626409,,
32,34.38674181427805,42.78717122920021,0.19457863660762212,0.8387010198604401,17.98845947396672,0.12077294685990338,3.361513687600644,0.322061191626409,,
33,31.17283950617284,45.96081588835212,0.19457863660762212,1.0601180891035964,16.59957058507783,0.12077294685990338,4.569243156199678,0.322061191626409,,
34,31.333870101986044,45.28314546430489,0.7716049382716049,0.9930220075147611,16.545893719806763,0.12077294685990338,4.51556629092861,0.43612453032742887,,
35,31.239935587761675,45.390499194847024,0.7716049382716049,0.9930220075147611,16.532474503488995,0.12077294685990338,4.51556629092861,0.43612453032742887,,
36,31.333870101986044,45.08185721953838,0.7716049382716049,1.2010198604401503,16.465378421900162,0.2281266774020397,4.4820182501341925,0.43612453032742887,,
37,31.82367149758454,44.61218464841653,0.7716049382716049,1.2010198604401503,16.445249597423512,0.2281266774020397,4.4820182501341925,0.43612453032742887,,
38,30.703166935050994,45.57836822329576,0.7716049382716049,1.2010198604401503,16.384863123993558,0.2281266774020397,4.804079441760601,0.32877079978529256,,
39,30.54213633923779,44.115673644659154,0.7716049382716049,2.9052603327965647,16.304347826086957,0.2281266774020397,4.804079441760601,0.32877079978529256,,
40,30.917874396135264,43.79361245303274,0.7716049382716049,2.9052603327965647,16.27750939345142,0.2281266774020397,4.777241009125067,0.32877079978529256,,
41,31.5552871712292,43.33735909822866,0.7716049382716049,2.965646806226516,16.0829307568438,0.2281266774020397,4.730273752012883,0.32877079978529256,,
42,29.817498658078367,31.629092860976918,0.7716049382716049,1.0534084809447128,31.36070853462158,0.20128824476650564,4.730273752012883,0.43612453032742887,,
43,30.119431025228128,31.4747718733226,0.7716049382716049,1.0198604401502953,31.320450885668276,0.20128824476650564,4.783950617283951,0.30864197530864196,,
44,29.280730005367687,32.49463231347289,0.7716049382716049,1.133923778851315,31.0654857756307,0.20128824476650564,4.783950617283951,0.2683843263553409,,
45,28.77750939345142,31.57541599570585,0.7716049382716049,1.1674718196457328,32.47450348899624,0.20128824476650564,4.7638217928073,0.2683843263553409,,
46,28.951959205582394,31.394256575415994,0.7380568974771873,1.4090177133655395,32.400697799248526,0.20128824476650564,4.643048845947397,0.2616747181964573,,
47,29.11969940955448,31.45464304884595,0.7380568974771873,1.4090177133655395,32.06521739130435,0.3421900161030596,4.609500805152979,0.2616747181964573,,
48,28.6231884057971,30.56897477187332,1.5163714439076759,2.200751476113795,29.965110037573805,0.8252818035426731,6.038647342995169,0.2616747181964573,,
49,21.048040794417606,41.78743961352657,0.7447665056360708,2.9119699409554483,27.355072463768117,0.966183574879227,4.924852388620504,0.2616747181964573,,
50,21.195652173913043,41.6532474503489,0.7447665056360708,2.9119699409554483,27.334943639291467,0.966183574879227,4.931561996779388,0.2616747181964573,,
51,21.497584541062803,41.337895866881375,1.2546967257112185,2.8515834675254963,27.053140096618357,0.966183574879227,4.669887278582931,0.36902844873859364,,
52,21.967257112184647,39.53301127214171,1.2546967257112185,2.8515834675254963,26.1808910359635,0.9460547504025765,6.649221685453569,0.6172839506172839,,
53,20.92055823939882,35.225442834138484,0.6642512077294686,2.737520128824477,34.11835748792271,0.630703166935051,5.0993022007514766,0.6038647342995169,,
54,21.162104133118625,34.997316156736446,0.6642512077294686,2.831454643048846,34.024422973698336,0.7112184648416533,5.005367686527107,0.6038647342995169,,
55,21.484165324745035,34.92351046698873,0.6642512077294686,2.8247450348899625,33.782877079978526,0.7112184648416533,5.005367686527107,0.6038647342995169,,
56,22.000805152979066,33.89694041867955,0.6642512077294686,2.945517981749866,32.17257112184648,4.012345679012346,3.717122920021471,0.5904455179817498,,
57,22.376543209876544,33.53462157809984,0.6642512077294686,3.052871712292002,31.776704240472355,4.012345679012346,3.851315083199141,0.7313472893183038,,
58,22.644927536231883,33.50107353730542,0.6642512077294686,3.052871712292002,31.689479334406872,3.911701556629093,3.8043478260869565,0.7313472893183038,,
59,23.03408480944713,33.319914117015564,0.7514761137949544,2.9924852388620504,31.4747718733226,3.911701556629093,3.784219001610306,0.7313472893183038,,
60,22.624798711755233,31.984702093397747,2.49597423510467,3.113258185721954,31.353998926462694,3.911701556629093,3.784219001610306,0.7313472893183038,,
61,23.020665593129362,31.790123456790123,2.4825550187869028,3.260869565217391,31.04535695115405,3.8848631239935587,3.784219001610306,0.7313472893183038,,
62,23.34272678475577,31.756575415995705,2.4825550187869028,3.260869565217391,30.756843800322063,3.8848631239935587,3.784219001610306,0.7313472893183038,,
63,23.72517444981213,31.682769726247987,2.38191089640365,3.227321524422974,30.52871712292002,3.9720880300590444,3.770799785292539,0.7112184648416533,,
64,24.02710681696189,31.54186795491143,2.38191089640365,3.227321524422974,30.394524959742352,3.9720880300590444,3.743961352657005,0.7112184648416533,,
65,24.476650563607084,31.36070853462158,2.328234031132582,3.193773483628556,30.112721417069242,3.9519592055823938,3.743961352657005,0.8319914117015567,,
66,24.52361782071927,30.750134192163177,2.301395598497048,3.166935050993022,30.85077831454643,3.8848631239935587,3.6902844873859366,0.8319914117015567,,
67,25.046967257112186,30.62265163714439,2.301395598497048,3.2206119162640903,30.48845947396672,3.8378958668813743,3.6500268384326353,0.8319914117015567,,
68,24.476650563607084,28.71712292002147,2.301395598497048,3.2206119162640903,29.884594739667204,3.8378958668813743,6.3070316693505095,1.2546967257112185,,
69,24.671229200214707,28.59634997316157,2.2074610842726785,3.1333870101986045,29.8040794417606,4.025764895330113,6.3070316693505095,1.2546967257112185,,
70,23.658078368223297,33.49436392914654,2.2074610842726785,2.4221685453569513,27.140365002683843,4.1532474503489,5.8239398819108965,1.1003757380568975,,
71,24.22168545356951,33.15888352120236,2.2074610842726785,2.5295222758990876,26.932367149758456,4.133118625872249,5.736714975845411,1.0802469135802468,,
72,21.826355340848096,34.856414385399894,2.1269457863660763,2.4490069779924855,26.704240472356414,4.944981213097155,6.011808910359635,1.0802469135802468,,
73,22.074610842726784,34.78931830381106,2.1269457863660763,2.804616210413312,26.281535158346752,4.891304347826087,5.9514224369296835,1.0802469135802468,,
74,22.423510466988727,34.66854535695116,2.086688137412775,2.757648953301127,26.25469672571122,4.871175523349437,5.857487922705314,1.0802469135802468,,
75,22.65834675254965,34.46054750402576,2.5026838432635534,2.7442297369833604,25.93263553408481,4.871175523349437,5.750134192163178,1.0802469135802468,,
76,22.725442834138487,33.78958668813741,1.4559849704777241,2.7442297369833604,25.764895330112722,5.0858829844337095,7.380568974771873,1.0534084809447128,,
77,22.953569511540525,33.84997316156736,1.4559849704777241,2.7442297369833604,25.677670424047236,5.065754159957058,7.232957595276436,1.0198604401502953,,
78,23.463499731615673,33.53462157809984,1.4559849704777241,2.7442297369833604,25.355609232420825,5.213365539452496,7.232957595276436,0.9997316156736447,,
79,23.295759527643586,32.400697799248526,1.6774020397208802,2.791196994095545,25.275093934514224,6.474771873322598,7.004830917874396,1.0802469135802468,,
80,23.678207192699947,31.682769726247987,1.5901771336553945,3.2877079978529253,25.221417069243156,6.454643048845948,7.004830917874396,1.0802469135802468,,
81,23.980139559849704,31.45464304884595,1.5901771336553945,3.2877079978529253,25.174449812130973,6.427804616210413,7.004830917874396,1.0802469135802468,,
82,24.315619967793882,31.011808910359633,1.5901771336553945,3.502415458937198,24.94632313472893,5.5689747718733225,7.98443370907139,1.0802469135802468,,
83,24.510198604401502,30.743424584004295,1.5901771336553945,3.502415458937198,24.872517444981213,5.636070853462158,8.064949006977992,1.0802469135802468,,
84,24.93961352657005,30.48845947396672,1.5901771336553945,3.502415458937198,24.825550187869027,5.5756843800322065,7.997852925389157,1.0802469135802468,,
85,25.067096081588836,30.320719269994633,1.5901771336553945,3.603059581320451,24.698067632850243,5.495169082125604,8.145464304884594,1.0802469135802468,,
86,25.087224906065487,28.958668813741276,1.5901771336553945,3.421900161030596,24.630971551261407,7.185990338164252,8.044820182501342,1.0802469135802468,,
87,25.201288244766506,28.764090177133657,1.583467525496511,3.797638217928073,24.40955448201825,7.185990338164252,7.977724100912507,1.0802469135802468,,
88,25.603864734299517,28.589640365002683,1.583467525496511,3.797638217928073,24.288781535158346,7.139023081052066,7.957595276435856,1.0399892646269457,,
89,24.644390767579175,28.37493290391841,1.556629092860977,4.025764895330113,23.429951690821255,7.27992485238862,9.588030059044552,1.1003757380568975,,
90,25.41599570585078,27.569779924852387,1.4895330112721417,4.502147074610843,23.201825013419217,7.185990338164252,9.534353193773484,1.1003757380568975,,
91,25.77831454643049,27.502683843263554,1.4626945786366077,4.488727858293076,23.21524422973698,7.152442297369833,9.339774557165862,1.0601180891035964,,
92,25.785024154589372,27.522812667740205,1.42914653784219,5.501878690284487,22.463768115942027,7.152442297369833,9.205582393988191,0.9393451422436929,,
93,25.523349436392916,24.671229200214707,1.4224369296833066,5.683038110574342,22.27589908749329,6.729736983360172,12.667740203972087,0.9192163177670424,0.10735373054213634,
94,25.623993558776167,24.422973698336016,1.5499194847020934,5.857487922705314,22.188674181427803,6.66935050993022,12.661030595813205,0.9192163177670424,0.10735373054213634,
95,26.167471819645733,24.208266237251745,1.5499194847020934,5.803811057434245,22.14170692431562,6.655931293612453,12.453032742887816,0.9125067096081588,0.10735373054213634,
96,26.42914653784219,24.060654857756308,1.5029522275899088,5.676328502415459,21.77938808373591,7.078636607622115,12.453032742887816,0.9125067096081588,0.10735373054213634,
97,27.01959205582394,23.74530327428878,1.3419216317767042,5.622651637144391,21.93370907139023,6.984702093397746,12.332259796027913,0.9125067096081588,0.10735373054213634,
98,27.334943639291467,23.59098228663446,1.2546967257112185,5.71658615136876,21.732420826623724,6.971282877079979,12.278582930756844,1.0131508319914118,0.10735373054213634,
99,26.77133655394525,22.973698336017176,4.636339237788513,5.5689747718733225,20.8467525496511,5.8172302737520125,12.265163714439076,1.0131508319914118,0.10735373054213634,
100,27.200751476113794,22.839506172839506,4.569243156199678,5.414653784219001,20.611916264090176,5.736714975845411,12.25174449812131,1.2681159420289856,0.10735373054213634,
101,27.522812667740205,22.75228126677402,4.542404723564144,5.414653784219001,20.45088566827697,5.736714975845411,12.224906065485776,1.247987117552335,0.10735373054213634,
102,27.992485238862052,22.665056360708533,4.49543746645196,5.414653784219001,20.263016639828233,5.669618894256575,12.151100375738057,1.2412775093934514,0.10735373054213634,
103,28.28099838969404,22.403381642512077,4.441760601180891,5.267042404723564,20.222758990874933,5.810520665593129,12.224906065485776,1.2412775093934514,0.10735373054213634,
104,28.703703703703702,22.0276435856146,4.414922168545357,5.246913580246914,19.900697799248523,6.213097155126141,12.171229200214707,1.2144390767579174,0.10735373054213634,
105,29.260601180891037,21.806226516371442,4.38137412775094,5.233494363929147,19.64573268921095,6.213097155126141,12.13768115942029,1.2144390767579174,0.10735373054213634,
106,29.280730005367687,21.658615136876005,4.3478260869565215,5.018786902844874,18.726516371443907,6.206387546967257,13.325281803542673,1.2144390767579174,0.10735373054213634,0.11406333870101985
107,29.59608158883521,21.537842190016104,4.300858829844337,5.01207729468599,18.679549114331724,6.166129898013956,13.325281803542673,1.1607622114868492,0.10735373054213634,0.11406333870101985
108,29.408212560386474,21.571390230810522,4.394793344068707,5.132850241545894,18.63929146537842,6.1929683306494905,13.278314546430488,1.1607622114868492,0.10735373054213634,0.11406333870101985
109,28.85131508319914,21.484165324745035,4.314278046162104,5.132850241545894,20.108695652173914,6.0587761674718195,12.714707461084272,1.1540526033279657,0.06709608158883522,0.11406333870101985
110,29.20692431561997,21.195652173913043,4.314278046162104,5.112721417069243,19.6256038647343,6.414385399892646,12.795222758990874,1.1540526033279657,0.06709608158883522,0.11406333870101985
111,29.421631776704242,21.108427267847556,4.314278046162104,5.0993022007514766,19.585346215780998,6.400966183574879,12.775093934514224,1.1137949543746646,0.06709608158883522,0.11406333870101985
112,29.723564143854,20.967525496511005,4.314278046162104,5.360976918947934,19.28341384863124,6.380837359098229,12.674449812130971,1.1137949543746646,0.06709608158883522,0.11406333870101985
113,29.898013955984972,20.819914117015568,4.314278046162104,5.360976918947934,19.236446591519055,6.521739130434782,12.553676865271068,1.1137949543746646,0.06709608158883522,0.11406333870101985
114,30.08588298443371,20.725979602791195,4.314278046162104,5.360976918947934,19.229736983360173,6.521739130434782,12.466451959205582,1.1137949543746646,0.06709608158883522,0.11406333870101985
115,26.952495974235106,19.142512077294686,4.28743961352657,5.146269457863661,24.382716049382715,6.521739130434782,12.338969404186795,1.1137949543746646,0.06709608158883522,0.04696725711218465
116,27.30810520665593,18.914385399892645,4.186795491143317,5.347557702630167,24.335748792270532,6.340579710144928,12.184648416532475,1.2681159420289856,0.06709608158883522,0.04696725711218465
117,27.68384326355341,18.739935587761675,4.186795491143317,5.562265163714439,24.02710681696189,6.3137412775093935,12.110842726784755,1.2681159420289856,0.06709608158883522,0.040257648953301126
118,27.992485238862052,18.67283950617284,4.025764895330113,5.562265163714439,23.939881910896403,6.266774020397209,12.164519592055823,1.2681159420289856,0.06709608158883522,0.040257648953301126
119,28.06629092860977,18.61916264090177,3.9989264626945786,5.542136339237788,23.89291465378422,6.233225979602791,12.27187332259796,1.2681159420289856,0.06709608158883522,0.040257648953301126
120,28.75738056897477,18.276972624798713,3.8580246913580245,5.515297906602254,23.778851315083198,6.213097155126141,12.224906065485776,1.2681159420289856,0.06709608158883522,0.040257648953301126
121,29.394793344068706,18.189747718733226,3.8378958668813743,5.475040257648954,23.483628556092324,6.125872249060655,12.211486849168008,1.1741814278046163,0.06709608158883522,0.040257648953301126
122,29.723564143854,17.881105743424584,5.2066559312936125,5.401234567901234,23.26892109500805,5.186527106816962,12.177938808373591,1.1137949543746646,,0.040257648953301126
123,29.985238862050455,17.814009661835748,5.2066559312936125,5.401234567901234,23.161567364465917,5.226784755770263,12.050456253354804,1.1137949543746646,,0.040257648953301126
124,30.44820182501342,17.599302200751477,5.179817498658078,5.374396135265701,23.047504025764894,5.179817498658078,12.016908212560386,1.1137949543746646,,0.040257648953301126
125,30.897745571658614,17.351046698872786,5.179817498658078,5.273752012882448,22.745571658615138,5.394524959742351,12.00348899624262,1.1137949543746646,,0.040257648953301126
126,31.199677938808374,17.2638217928073,5.179817498658078,5.24020397208803,22.52415458937198,5.367686527106817,11.990069779924852,1.1943102522812667,,0.040257648953301126
127,31.629092860976918,17.062533548040793,5.179817498658078,5.340848094471283,22.396672034353195,5.246913580246914,11.90955448201825,1.1943102522812667,,0.040257648953301126
128,31.790123456790123,16.968599033816425,5.12614063338701,5.320719269994632,22.289318303811058,5.246913580246914,12.02361782071927,1.1943102522812667,,0.040257648953301126
129,30.9044551798175,16.19699409554482,5.12614063338701,5.280461621041331,22.18196457326892,5.367686527106817,13.768115942028986,1.133923778851315,,0.040257648953301126
130,31.273483628556093,16.015834675254965,5.032206119162641,5.10601180891036,21.69887278582931,5.622651637144391,14.123725174449811,1.0869565217391304,,0.040257648953301126
131,31.353998926462694,15.975577026301664,5.032206119162641,5.22007514761138,21.67874396135266,5.622651637144391,13.989533011272142,1.0869565217391304,,0.040257648953301126
132,32.2463768115942,15.687063875469672,4.85775630703167,5.213365539452496,21.296296296296298,5.589103596349974,13.982823403113258,1.0869565217391304,,0.040257648953301126
133,32.628824476650564,15.519323671497585,4.85775630703167,5.173107890499195,21.296296296296298,5.508588298443371,13.88888888888889,1.0869565217391304,,0.040257648953301126
134,33.111916264090176,15.398550724637682,4.85775630703167,5.092592592592593,21.14868491680086,5.508588298443371,13.754696725711218,1.0869565217391304,,0.040257648953301126
135,33.40713902308105,15.351583467525497,4.85775630703167,5.092592592592593,21.07487922705314,5.495169082125604,13.593666129898015,1.0869565217391304,,0.040257648953301126
136,33.65539452495974,15.277777777777779,4.824208266237251,5.24020397208803,20.913848631239937,5.4616210413311865,13.365539452495975,1.221148684916801,,0.040257648953301126
137,33.621846484165324,15.069779924852389,6.239935587761675,5.146269457863661,20.169082125603865,5.414653784219001,13.358829844337091,0.9393451422436929,,0.040257648953301126
138,33.722490606548575,14.982555018786902,6.239935587761675,5.146269457863661,20.189210950080515,5.414653784219001,13.325281803542673,0.9393451422436929,,0.040257648953301126
139,34.31964573268921,14.80810520665593,6.239935587761675,5.260332796564681,19.880568974771872,5.340848094471283,13.170960815888352,0.9393451422436929,,0.040257648953301126
140,33.7157809983897,14.42565754159957,6.239935587761675,5.253623188405797,20.564949006977994,5.8239398819108965,12.99651100375738,0.9393451422436929,,0.040257648953301126
141,34.11835748792271,14.331723027375201,6.152710681696189,5.24020397208803,20.471014492753625,5.8239398819108965,12.882447665056361,0.9393451422436929,,0.040257648953301126
142,34.31964573268921,14.17740203972088,5.877616747181965,5.24020397208803,20.2361782071927,6.608964036500268,12.560386473429952,0.9393451422436929,,0.040257648953301126
143,33.561460010735374,14.049919484702093,5.877616747181965,5.112721417069243,21.792807300053678,6.582125603864735,12.157809983896941,0.8252818035426731,,0.040257648953301126
144,33.964036500268385,13.922436929683306,5.877616747181965,5.112721417069243,21.584809447128286,6.582125603864735,12.090713902308105,0.8252818035426731,,0.040257648953301126
145,34.19887278582931,13.848631239935587,5.877616747181965,4.978529253891573,21.470746108427267,6.709608158883521,12.050456253354804,0.8252818035426731,,0.040257648953301126
146,33.742619431025226,12.640901771336553,5.877616747181965,6.830381105743425,21.35668276972625,6.716317767042405,11.969940955448202,0.8252818035426731,,0.040257648953301126
147,34.11164787976382,12.5,5.797101449275362,6.904186795491143,21.101717659688674,6.689479334406871,12.077294685990339,0.7783145464304885,,0.040257648953301126
148,34.23913043478261,12.446323134728932,5.662909286097692,6.890767579173376,21.041331186258724,6.696188942565755,12.070585077831455,0.7783145464304885,,0.17444981213097155
149,34.29951690821256,12.392646269457863,5.58239398819109,7.011540526033279,20.739398819108963,7.159151905528717,11.862587224906065,0.7783145464304885,,0.17444981213097155
150,34.4068706387547,12.211486849168008,5.797101449275362,7.058507783145465,20.69243156199678,7.118894256575416,11.761943102522812,0.7783145464304885,,0.17444981213097155
151,34.796027911969944,12.110842726784755,5.783682232957595,6.951154052603328,20.585077831454644,7.092055823939882,11.761943102522812,0.7447665056360708,,0.17444981213097155
152,35.017444981213096,12.00348899624262,5.743424584004294,6.716317767042405,20.356951154052602,6.944444444444445,11.902844873859367,0.7447665056360708,,0.5703166935050993
153,35.17176596886742,11.949812130971551,5.743424584004294,6.716317767042405,20.25630703166935,6.944444444444445,11.902844873859367,0.7447665056360708,,0.5703166935050993
154,35.27241009125067,11.916264090177133,5.743424584004294,6.6827697262479875,20.068438003220614,7.098765432098766,11.902844873859367,0.7447665056360708,,0.5703166935050993
155,35.14492753623188,11.641170155662909,5.743424584004294,6.582125603864735,20.491143317230275,7.226247987117552,11.855877616747183,0.7447665056360708,,0.5703166935050993
156,35.265700483091784,11.493558776167472,5.743424584004294,6.696188942565755,20.491143317230275,7.313472893183038,11.681427804616211,0.7447665056360708,,0.5703166935050993
157,35.53408480944713,11.366076221148685,5.58239398819109,6.716317767042405,20.531400966183575,7.313472893183038,11.56736446591519,0.8387010198604401,,0.5501878690284487
158,35.65485775630703,11.158078368223295,5.58239398819109,6.769994632313473,20.491143317230275,7.300053676865271,11.654589371980677,0.8387010198604401,,0.5501878690284487
159,34.95034889962426,11.084272678475577,5.475040257648954,6.655931293612453,21.85990338164251,7.179280730005368,11.406333870101985,0.8387010198604401,,0.5501878690284487
160,35.15163714439077,11.064143853998926,5.367686527106817,6.635802469135802,21.77938808373591,7.1658615136876005,11.446591519055287,0.8387010198604401,,0.5501878690284487
161,35.30595813204509,11.044015029522276,5.314009661835748,6.635802469135802,21.752549651100377,7.112184648416532,11.446591519055287,0.8387010198604401,,0.5501878690284487
162,35.39318303811057,10.929951690821255,5.448201825013419,6.568706387546968,21.752549651100377,7.092055823939882,11.426462694578637,0.8387010198604401,,0.5501878690284487
163,35.70182501341922,10.88298443370907,5.548845947396672,6.4345142243692965,21.631776704240472,7.0383789586688135,11.386205045625335,0.8387010198604401,,0.5367686527106817
164,35.768921095008054,10.876274825550189,5.535426731078905,6.4345142243692965,21.631776704240472,7.0383789586688135,11.33923778851315,0.8387010198604401,,0.5367686527106817
165,35.869565217391305,10.641438539989265,5.662909286097692,6.535158346752549,21.557971014492754,7.0383789586688135,11.33923778851315,0.8319914117015567,,0.5233494363929146
166,35.30595813204509,9.970477724100913,6.575415995705851,6.481481481481482,21.450617283950617,7.467793880837359,11.392914653784219,0.8319914117015567,,0.5233494363929146
167,35.45356951154053,9.957058507783145,6.575415995705851,7.092055823939882,20.974235104669887,7.440955448201825,11.18491680085883,0.798443370907139,,0.5233494363929146
168,35.909822866344605,9.749060654857756,6.541867954911433,7.125603864734299,20.860171765968868,7.427536231884058,11.064143853998926,0.798443370907139,,0.5233494363929146
169,35.45356951154053,9.71551261406334,7.548309178743962,7.118894256575416,20.202630166398283,7.306763285024155,11.198336017176597,0.9326355340848095,,0.5233494363929146
170,35.86285560923242,9.695383789586689,7.588566827697263,7.105475040257649,19.82018250134192,7.306763285024155,11.05072463768116,1.0466988727858293,,0.5233494363929146
171,35.768921095008054,9.29951690821256,8.21256038647343,7.0383789586688135,19.847020933977454,7.212828770799785,11.05072463768116,1.0466988727858293,,0.5233494363929146
172,36.15807836822329,9.172034353193773,8.091787439613526,6.984702093397746,19.81347289318304,7.159151905528717,10.929951690821255,1.1674718196457328,,0.5233494363929146
173,36.741814278046164,9.091519055287172,7.4141170155662905,6.837090713902308,19.45115405260333,7.078636607622115,11.714975845410628,1.1473429951690821,,0.5233494363929146
174,36.99006977992485,9.004294149221685,7.273215244229737,6.850509930220075,19.404186795491142,7.071926999463232,11.735104669887278,1.1473429951690821,,0.5233494363929146
175,37.3792270531401,8.876811594202898,7.273215244229737,6.743156199677939,19.296833064949006,7.058507783145465,11.701556629092861,1.1473429951690821,,0.5233494363929146
176,37.795222758990874,8.856682769726248,7.253086419753086,6.5485775630703165,19.176060118089104,7.018250134192163,11.681427804616211,1.1473429951690821,,0.5233494363929146
177,38.26489533011272,8.78287707997853,7.071926999463232,6.521739130434782,19.028448738593667,7.051798174986581,11.60762211486849,1.1473429951690821,,0.5233494363929146
178,37.2987117552335,7.568438003220612,9.923510466988727,6.575415995705851,18.80703166935051,6.642512077294686,11.52710681696189,1.133923778851315,,0.5233494363929146
179,37.57380568974772,7.454374664519592,9.849704777241008,6.568706387546968,18.612453032742888,6.756575415995706,11.52710681696189,1.133923778851315,,0.5233494363929146
180,37.80193236714976,7.454374664519592,9.782608695652174,6.541867954911433,18.59903381642512,6.884057971014493,11.466720343531938,1.0466988727858293,,0.4227053140096618
181,38.177670424047236,7.367149758454106,9.749060654857756,6.541867954911433,18.54535695115405,6.6827697262479875,11.466720343531938,1.0466988727858293,,0.4227053140096618
182,38.36553945249597,7.333601717659689,9.628287707997853,6.5485775630703165,18.46484165324745,6.796833064949007,11.426462694578637,1.0131508319914118,,0.4227053140096618
183,38.56682769726248,7.333601717659689,9.628287707997853,6.447933440687064,18.391035963499732,6.716317767042405,11.500268384326356,0.9930220075147611,,0.4227053140096618
184,38.747987117552334,7.25979602791197,9.39345142243693,6.447933440687064,18.290391841116477,6.843800322061192,11.473429951690822,0.9930220075147611,0.1274825550187869,0.4227053140096618
185,39.10359634997316,7.152442297369833,9.312936124530328,6.394256575415996,18.189747718733226,6.756575415995706,11.54723564143854,0.9930220075147611,0.1274825550187869,0.4227053140096618
186,39.32501341921632,7.118894256575416,9.312936124530328,6.280193236714976,18.10252281266774,6.66935050993022,11.647879763821793,0.9930220075147611,0.1274825550187869,0.4227053140096618
187,39.68733225979603,7.078636607622115,9.245840042941492,6.260064412238325,17.733494363929147,6.488191089640365,11.58749329039184,1.3687600644122384,0.1274825550187869,0.4227053140096618
188,39.92216854535695,6.984702093397746,9.272678475577026,6.400966183574879,17.498658078368223,6.407675791733762,11.506977992485238,1.3955984970477724,0.1274825550187869,0.4830917874396135
189,38.56682769726248,6.380837359098229,9.212292002147075,6.179549114331723,20.625335480407944,6.085614600107354,11.09098228663446,1.261406333870102,0.1274825550187869,0.46967257112184646
190,38.056897477187334,6.1862587224906065,8.997584541062801,6.112453032742888,20.04830917874396,5.776972624798712,12.962962962962964,1.261406333870102,0.1274825550187869,0.46967257112184646
191,38.27831454643049,6.172839506172839,8.84326355340848,6.112453032742888,19.826892109500804,5.911164787976382,12.882447665056361,1.261406333870102,0.2549651100375738,0.4562533548040794
192,38.51315083199141,6.139291465378422,8.78287707997853,6.112453032742888,19.605475040257648,5.857487922705314,12.848899624261943,1.42914653784219,0.2549651100375738,0.4562533548040794
193,38.79495437466452,6.112453032742888,8.715780998389693,6.112453032742888,19.47799248523886,5.803811057434245,12.842190016103059,1.42914653784219,0.2549651100375738,0.4562533548040794
194,38.91572732152442,6.0587761674718195,8.729200214707461,6.172839506172839,19.47799248523886,5.776972624798712,12.68786902844874,1.42914653784219,0.2952227589908749,0.4562533548040794
195,39.492753623188406,6.038647342995169,8.635265700483092,6.199677938808374,19.330381105743424,5.5756843800322065,12.560386473429952,1.415727321524423,0.2952227589908749,0.4562533548040794
196,39.67391304347826,5.998389694041868,8.662104133118627,6.159420289855072,18.71309715512614,6.031937734836285,12.593934514224369,1.415727321524423,0.2952227589908749,0.4562533548040794
197,39.720880300590444,5.844068706387547,8.662104133118627,6.152710681696189,18.874127750939344,5.991680085882985,12.587224906065487,1.415727321524423,0.2952227589908749,0.4562533548040794
198,39.734299516908216,5.8239398819108965,8.648684916800859,6.152710681696189,18.746645195920557,6.139291465378422,12.587224906065487,1.415727321524423,0.2952227589908749,0.4562533548040794
199,39.81481481481482,5.763553408480945,9.091519055287172,6.152710681696189,18.5654857756307,6.139291465378422,12.305421363392378,1.415727321524423,0.2952227589908749,0.4562533548040794
200,39.36527106816962,5.656199677938808,8.507783145464305,5.448201825013419,18.12265163714439,6.233225979602791,14.640365002683843,1.2748255501878691,0.2952227589908749,0.4562533548040794
201,39.35856146001073,5.656199677938808,8.59500805152979,5.535426731078905,18.12265163714439,6.038647342995169,14.667203435319378,1.2748255501878691,0.2952227589908749,0.4562533548040794
202,39.88862050456253,5.622651637144391,8.433977455716587,5.475040257648954,17.96833064949007,5.984970477724101,14.378690284487385,1.5096618357487923,0.28180354267310787,0.4562533548040794
203,40.11003757380569,5.60252281266774,8.360171765968868,5.340848094471283,17.914653784219002,5.971551261406334,14.452495974235104,1.5096618357487923,0.28180354267310787,0.4562533548040794
204,40.445517981749866,5.5689747718733225,8.232689210950081,5.280461621041331,17.793880837359097,5.9447128287707995,14.512882447665056,1.5096618357487923,0.2683843263553409,0.4428341384863124
205,40.58641975308642,5.508588298443371,8.279656468062266,5.273752012882448,17.70665593129361,5.924584004294149,14.49946323134729,1.5096618357487923,0.2683843263553409,0.4428341384863124
206,39.93558776167472,5.481749865807837,8.13875469672571,5.052334943639291,19.216317767042405,5.669618894256575,14.284755770263017,1.5096618357487923,0.2683843263553409,0.4428341384863124
207,40.063070316693505,5.481749865807837,8.05823939881911,5.146269457863661,19.182769726247987,5.669618894256575,14.17740203972088,1.5096618357487923,0.2683843263553409,0.4428341384863124
208,40.11674718196457,5.481749865807837,8.05823939881911,5.032206119162641,18.773483628556093,6.172839506172839,14.049919484702093,1.6035963499731616,0.2683843263553409,0.4428341384863124
209,40.47906602254428,5.448201825013419,7.96430488459474,4.99194847020934,18.63929146537842,6.152710681696189,14.009661835748792,1.6035963499731616,0.2683843263553409,0.4428341384863124
210,40.5126140633387,5.448201825013419,7.843531937734836,4.884594739667204,19.276704240472355,6.078904991948471,13.687600644122384,1.5633387010198605,0.2616747181964573,0.4428341384863124
211,40.72061191626409,5.421363392377885,7.830112721417069,4.824208266237251,19.196188942565755,6.078904991948471,13.66076221148685,1.5633387010198605,0.2616747181964573,0.4428341384863124
212,41.40499194847021,5.3274288781535155,7.7361782071927,4.736983360171766,18.86070853462158,6.219806763285024,13.47289318303811,1.5633387010198605,0.2616747181964573,0.41599570585077833
213,41.50563607085346,5.314009661835748,7.568438003220612,4.8443370907139025,18.840579710144926,6.179549114331723,13.399087493290391,1.4559849704777241,0.23483628556092323,0.6575415995705851
214,41.908212560386474,5.253623188405797,7.494632313472893,4.790660225442834,18.746645195920557,6.159420289855072,13.318572195383789,1.4358561460010735,0.23483628556092323,0.6575415995705851
215,41.84111647879764,5.22007514761138,7.481213097155126,4.777241009125067,18.96135265700483,6.152710681696189,13.258185721953838,1.4358561460010735,0.2281266774020397,0.644122383252818
216,42.1833064949007,5.199946323134729,7.447665056360709,4.777241009125067,18.833870101986044,6.152710681696189,13.097155126140633,1.4358561460010735,0.2281266774020397,0.644122383252818
217,42.54562533548041,5.199946323134729,7.447665056360709,4.898013955984971,18.5252281266774,6.152710681696189,12.922705314009661,1.4358561460010735,0.2281266774020397,0.644122383252818
218,42.639559849704774,5.159688674181428,7.367149758454106,4.898013955984971,18.511808910359633,6.253354804079442,12.875738056897477,1.4224369296833066,0.2281266774020397,0.644122383252818
219,42.76033279656468,5.159688674181428,7.27992485238862,4.87788513150832,18.370907139023082,6.481481481481482,12.775093934514224,1.4224369296833066,0.2281266774020397,0.644122383252818
220,42.77375201288245,5.152979066022544,7.246376811594203,4.87788513150832,18.189747718733226,6.588835212023618,12.909286097691895,1.3955984970477724,0.2281266774020397,0.6374127750939346
221,42.84755770263017,5.139559849704777,7.48792270531401,4.951690821256038,17.894524959742352,6.561996779388084,12.895866881374127,1.3687600644122384,0.2281266774020397,0.6239935587761675
222,42.74020397208803,5.10601180891036,7.461084272678476,4.924852388620504,18.19645732689211,6.561996779388084,12.788513150831992,1.3687600644122384,0.2281266774020397,0.6239935587761675
223,42.70665593129361,5.065754159957058,7.461084272678476,5.032206119162641,18.00187869028449,6.561996779388084,12.949543746645196,1.3687600644122384,0.2281266774020397,0.6239935587761675
224,43.09581320450886,5.032206119162641,7.440955448201825,5.005367686527107,17.941492216854535,6.5552871712292005,12.70799785292539,1.3687600644122384,0.2281266774020397,0.6239935587761675
225,42.8341384863124,5.01207729468599,7.440955448201825,5.0993022007514766,17.632850241545892,7.118894256575416,12.647611379495437,1.3620504562533549,0.2281266774020397,0.6239935587761675
226,42.961621041331185,4.931561996779388,7.434245840042942,5.0993022007514766,17.384594739667204,7.232957595276436,12.634192163177671,1.4694041867954912,0.2281266774020397,0.6239935587761675
227,42.90794417606012,4.851046698872786,7.863660762211487,5.045625335480408,17.270531400966185,7.219538378958669,12.52012882447665,1.4694041867954912,0.2281266774020397,0.6239935587761675
228,43.001878690284485,4.824208266237251,8.185721953837897,5.01207729468599,17.03569511540526,7.286634460547504,12.446323134728932,1.3553408480944713,0.2281266774020397,0.6239935587761675
229,42.98845947396672,4.804079441760601,8.548040794417606,5.005367686527107,16.894793344068706,7.199409554482019,12.352388620504563,1.3553408480944713,0.2281266774020397,0.6239935587761675
230,42.639559849704774,4.750402576489533,8.675523349436393,4.414922168545357,16.438539989264626,7.132313472893183,13.741277509393452,1.3553408480944713,0.2281266774020397,0.6239935587761675
231,43.07568438003221,4.770531400966184,8.59500805152979,4.374664519592056,16.27079978529254,7.105475040257649,13.600375738056897,1.3553408480944713,0.2281266774020397,0.6239935587761675
232,43.4044551798175,4.750402576489533,9.205582393988191,4.3478260869565215,16.190284487385938,7.004830917874396,12.922705314009661,1.3217928073000538,0.2281266774020397,0.6239935587761675
233,43.45813204508857,4.750402576489533,9.339774557165862,4.320987654320987,16.11647879763822,6.984702093397746,12.855609232420827,1.3217928073000538,0.2281266774020397,0.6239935587761675
234,43.67954911433172,4.730273752012883,9.306226516371444,4.42163177670424,16.002415458937197,6.984702093397746,12.714707461084272,1.3083735909822867,0.2281266774020397,0.6239935587761675
235,43.947933440687066,4.5960815888352125,9.272678475577026,4.361245303274289,15.901771336553946,7.179280730005368,12.634192163177671,1.2546967257112185,0.2281266774020397,0.6239935587761675
236,43.86070853462158,4.5960815888352125,9.245840042941492,4.3545356951154055,15.74074074074074,7.5348899624261945,12.560386473429952,1.2546967257112185,0.2281266774020397,0.6239935587761675
237,43.243424584004295,4.30756843800322,9.151905528717123,4.280730005367687,15.619967793880837,8.890230810520666,12.399355877616747,1.2546967257112185,0.2281266774020397,0.6239935587761675
238,43.29039184111648,4.2203435319377345,9.286097691894794,4.394793344068707,15.35829307568438,8.970746108427267,12.31213097155126,1.3150831991411702,0.2281266774020397,0.6239935587761675
239,43.505099302200755,4.119699409554482,9.212292002147075,4.394793344068707,15.438808373590982,8.970746108427267,12.224906065485776,1.2815351583467525,0.2281266774020397,0.6239935587761675
240,43.625872249060656,4.106280193236715,9.192163177670425,4.38137412775094,15.479066022544284,8.849973161567364,12.245034889962426,1.2681159420289856,0.2281266774020397,0.6239935587761675
