,45,50,55,51,52,54,53,56,57,60,58,61,59,62
0,85.0979602791197,14.78797638217928,0.11406333870101985,,,,,,,,,,,
1,81.56870638754697,18.263553408480945,0.16774020397208803,,,,,,,,,,,
2,80.93800322061192,18.867418142780462,0.16774020397208803,0.026838432635534086,,,,,,,,,,
3,78.28770799785292,21.537842190016104,0.13419216317767044,0.026838432635534086,0.013419216317767043,,,,,,,,,
4,75.77160493827161,23.19511540526033,0.14761137949543746,0.026838432635534086,0.5434782608695652,0.3153515834675255,,,,,,,,
5,75.1610305958132,23.752012882447666,0.20128824476650564,0.026838432635534086,0.5434782608695652,0.3153515834675255,,,,,,,,
6,62.01690821256039,36.808910359635,0.27509393451422437,0.026838432635534086,0.5434782608695652,0.3153515834675255,0.013419216317767043,,,,,,,
7,60.78234031132582,34.15190552871712,0.5501878690284487,3.488996242619431,0.5770263016639828,0.43612453032742887,0.013419216317767043,,,,,,,
8,55.89103596349973,39.472624798711756,0.7716049382716049,2.757648953301127,0.5636070853462157,0.48980139559849706,0.05367686527106817,,,,,,,
9,55.77697262479871,39.51959205582394,0.8387010198604401,2.757648953301127,0.5636070853462157,0.48980139559849706,0.05367686527106817,,,,,,,
10,55.68974771873322,39.54643048845947,0.8588298443370908,2.757648953301127,0.5770263016639828,0.5166398282340311,0.05367686527106817,,,,,,,
11,55.63607085346216,39.512882447665056,0.9460547504025765,2.757648953301127,0.5770263016639828,0.5166398282340311,0.05367686527106817,,,,,,,
12,46.99409554482018,48.19511540526033,1.1540526033279657,2.657004830917874,0.5837359098228664,0.3421900161030596,0.07380568974771873,,,,,,,
13,38.26489533011272,44.256575415995705,0.9796027911969941,15.5126140633387,0.5501878690284487,0.3421900161030596,0.06038647342995169,0.03354804079441761,,,,,,
14,38.378958668813745,43.994900697799245,1.1876006441223832,15.418679549114332,0.5837359098228664,0.3421900161030596,0.06038647342995169,0.03354804079441761,,,,,,
15,38.27160493827161,42.53891572732152,1.2278582930756843,14.640365002683843,2.885131508319914,0.3421900161030596,0.06038647342995169,0.03354804079441761,,,,,,
16,35.017444981213096,44.91411701556629,1.4224369296833066,15.344873859366613,2.8381642512077296,0.3421900161030596,0.06038647342995169,0.040257648953301126,0.020128824476650563,,,,,
17,29.126409017713364,41.79414922168545,4.092860976918948,19.94766505636071,4.549114331723027,0.3421900161030596,0.040257648953301126,0.06709608158883522,0.040257648953301126,,,,,
18,24.10762211486849,46.75925925925926,4.428341384863124,19.732957595276435,4.361245303274289,0.33548040794417605,0.040257648953301126,0.16774020397208803,0.040257648953301126,0.026838432635534086,,,,
19,18.632581857219538,42.15646806226516,2.462426194310252,29.918142780461622,5.971551261406334,0.05367686527106817,0.6642512077294686,0.0939345142243693,0.04696725711218465,,,,,
20,17.51207729468599,50.577026301663984,2.0263016639828235,23.64465915190553,5.958132045088567,0.07380568974771873,0.026838432635534086,0.13419216317767044,0.04696725711218465,,,,,
21,15.60654857756307,40.98228663446055,2.046430488459474,36.7686527106817,4.2203435319377345,0.07380568974771873,0.06038647342995169,0.1610305958132045,0.08051529790660225,,,,,
22,15.58641975308642,36.922973698336016,2.200751476113795,34.326355340848096,4.233762748255502,0.07380568974771873,6.407675791733762,0.16774020397208803,0.08051529790660225,,,,,
23,15.633387010198604,35.76221148684917,3.5426731078904994,34.09822866344606,4.200214707461084,0.10064412238325282,6.347289318303811,0.19457863660762212,0.0939345142243693,,0.026838432635534086,,,
24,11.18491680085883,27.61003757380569,3.3548040794417604,47.60466988727858,3.5762211486849167,0.08722490606548577,6.3137412775093935,0.15432098765432098,0.08722490606548577,,0.026838432635534086,,,
25,11.18491680085883,27.569779924852387,3.4420289855072466,47.36983360171766,3.5762211486849167,0.08722490606548577,6.273483628556092,0.3153515834675255,0.08722490606548577,0.026838432635534086,0.06709608158883522,,,
26,9.004294149221685,24.61755233494364,3.743961352657005,52.08668813741278,3.5829307568438002,0.12077294685990338,6.219806763285024,0.36231884057971014,0.11406333870101985,0.026838432635534086,0.12077294685990338,,,
27,9.084809447128288,24.58400429414922,3.824476650563607,51.86527106816962,3.5829307568438002,0.12077294685990338,6.206387546967257,0.46967257112184646,0.11406333870101985,0.026838432635534086,0.12077294685990338,,,
28,9.16532474503489,24.382716049382715,3.9452495974235107,51.50295222758991,3.616478797638218,0.1610305958132045,6.206387546967257,0.7581857219538379,0.11406333870101985,0.026838432635534086,0.12077294685990338,,,
29,9.232420826623725,24.295491143317232,3.9989264626945786,51.29495437466452,3.616478797638218,0.1610305958132045,6.219806763285024,0.9125067096081588,0.11406333870101985,0.026838432635534086,0.1274825550187869,,,
30,9.151905528717123,24.188137412775095,4.032474503488996,53.40848094471283,3.5963499731615673,0.14761137949543746,4.28743961352657,0.9460547504025765,0.13419216317767044,0.026838432635534086,0.08051529790660225,,,
31,9.111647879763822,24.18142780461621,4.05931293612453,52.93880837359098,3.589640365002684,0.49651100375738055,4.38137412775094,0.966183574879227,0.13419216317767044,0.026838432635534086,0.11406333870101985,,,
32,9.138486312399356,23.047504025764894,3.2139023081052067,47.58454106280193,10.681696188942565,0.5032206119162641,4.388083735909823,1.0064412238325282,0.2952227589908749,0.026838432635534086,0.11406333870101985,,,
33,8.09849704777241,24.06736446591519,3.475577026301664,47.18867418142781,10.59447128287708,0.5233494363929146,4.374664519592056,1.2010198604401503,0.322061191626409,0.026838432635534086,0.1274825550187869,,,
34,8.132045088566828,23.946591519055286,3.5091250670960816,47.02093397745572,10.50053676865271,0.5971551261406334,4.374664519592056,1.3016639828234031,0.3488996242619431,0.026838432635534086,0.1274825550187869,0.11406333870101985,,
35,8.165593129361245,23.980139559849704,3.549382716049383,46.752549651100374,10.487117552334944,0.6105743424584005,4.367954911433173,1.442565754159957,0.3757380568974772,0.026838432635534086,0.1274825550187869,0.11406333870101985,,
36,5.025496511003757,30.66290928609769,3.294417606011809,41.38486312399356,12.110842726784755,2.4557165861513686,3.240740740740741,1.1876006441223832,0.3757380568974772,0.06038647342995169,0.08722490606548577,0.11406333870101985,,
37,5.0791733762748255,30.609232420826622,3.3548040794417604,41.237251744498124,12.097423510466989,2.428878153515835,3.240740740740741,1.2748255501878691,0.38915727321524424,0.06038647342995169,0.0939345142243693,0.11406333870101985,0.020128824476650563,
38,5.179817498658078,30.293880837359097,3.7104133118625873,41.035963499731615,12.077294685990339,2.4355877616747184,3.240740740740741,1.3486312399355878,0.38915727321524424,0.06038647342995169,0.0939345142243693,0.11406333870101985,0.020128824476650563,
39,5.246913580246914,30.17981749865808,3.81105743424584,40.92190016103059,12.050456253354804,2.4355877616747184,3.2004830917874396,1.3955984970477724,0.46296296296296297,0.06038647342995169,0.10064412238325282,0.11406333870101985,0.020128824476650563,
40,5.032206119162641,26.32850241545894,4.045893719806763,48.96672034353194,8.205850778314547,2.368491680085883,3.1333870101986045,1.3419216317767042,0.20128824476650564,0.06038647342995169,0.18115942028985507,0.11406333870101985,0.020128824476650563,
41,5.10601180891036,23.61111111111111,4.146537842190016,45.86688137412775,11.225174449812132,2.368491680085883,5.783682232957595,1.3016639828234031,0.2147074610842727,0.06038647342995169,0.18115942028985507,0.11406333870101985,0.020128824476650563,
42,5.173107890499195,23.43666129898014,4.26731078904992,45.7259796027912,11.171497584541063,2.4154589371980677,5.750134192163178,1.3821792807300053,0.2683843263553409,0.06038647342995169,0.2147074610842727,0.11406333870101985,0.020128824476650563,
43,3.5829307568438002,18.632581857219538,4.448470209339774,51.25469672571122,11.07085346215781,2.254428341384863,6.763285024154589,1.3419216317767042,0.2683843263553409,0.06038647342995169,0.1878690284487386,0.11406333870101985,0.020128824476650563,
44,3.6500268384326353,18.5654857756307,4.602791196994096,51.0601180891036,11.07085346215781,2.2208803005904456,6.796833064949007,1.3821792807300053,0.2683843263553409,0.06038647342995169,0.1878690284487386,0.11406333870101985,0.020128824476650563,
45,3.743961352657005,18.451422436929683,4.736983360171766,49.18142780461621,10.976918947933441,2.200751476113795,8.494363929146537,1.4559849704777241,0.3421900161030596,0.08051529790660225,0.1878690284487386,0.11406333870101985,0.03354804079441761,
46,3.797638217928073,18.417874396135264,5.508588298443371,48.27563070316693,10.929951690821255,2.2208803005904456,8.480944712828771,1.570048309178744,0.3824476650563607,0.08051529790660225,0.1878690284487386,0.11406333870101985,0.03354804079441761,
47,3.784219001610306,18.38432635534085,5.501878690284487,46.71900161030596,10.265700483091788,2.254428341384863,10.527375201288244,1.751207729468599,0.39586688137412773,0.05367686527106817,0.2147074610842727,0.11406333870101985,0.03354804079441761,
48,3.8311862587224907,18.317230273752013,5.683038110574342,46.584809447128286,10.218733225979603,2.2879763821792807,10.507246376811594,1.737788513150832,0.41599570585077833,0.05367686527106817,0.2147074610842727,0.11406333870101985,0.03354804079441761,
49,3.730542136339238,18.223295759527645,5.723295759527644,45.249597423510465,10.218733225979603,3.643317230273752,10.601180891035963,1.6774020397208802,0.41599570585077833,0.05367686527106817,0.24154589371980675,0.13419216317767044,0.08722490606548577,
50,3.7640901771336552,18.115942028985508,5.730005367686527,44.558507783145465,9.581320450885668,5.092592592592593,10.534084809447128,1.7042404723564144,0.3153515834675255,0.08722490606548577,0.2952227589908749,0.13419216317767044,0.08722490606548577,
51,3.126677402039721,16.109769189479334,5.3274288781535155,46.222490606548575,10.896403650026839,4.9651100375738055,10.61460010735373,1.7310789049919484,0.33548040794417605,0.11406333870101985,0.27509393451422437,0.13419216317767044,0.14761137949543746,
52,3.227321524422974,16.035963499731615,5.434782608695652,46.081588835212024,10.869565217391305,4.9718196457326895,10.59447128287708,1.7176596886741815,0.33548040794417605,0.11406333870101985,0.30864197530864196,0.13419216317767044,0.17444981213097155,
53,3.260869565217391,15.854804079441761,5.656199677938808,45.8064949006978,10.856146001073537,4.9651100375738055,10.59447128287708,1.9390767579173376,0.33548040794417605,0.11406333870101985,0.30864197530864196,0.13419216317767044,0.17444981213097155,
54,3.488996242619431,15.801127214170693,5.723295759527644,45.51798174986581,10.849436392914654,4.924852388620504,10.554213633923778,2.0397208803005906,0.33548040794417605,0.11406333870101985,0.30864197530864196,0.13419216317767044,0.20799785292538917,
55,3.603059581320451,15.747450348899624,5.837359098228664,45.36366076221149,10.829307568438002,4.924852388620504,10.507246376811594,2.059849704777241,0.3488996242619431,0.11406333870101985,0.322061191626409,0.13419216317767044,0.20799785292538917,
56,3.7037037037037037,15.734031132581856,5.924584004294149,45.03488996242619,10.782340311325818,4.951690821256038,10.433440687063875,2.214170692431562,0.39586688137412773,0.11406333870101985,0.3488996242619431,0.13419216317767044,0.2281266774020397,
57,3.3279656468062266,13.6808910359635,5.844068706387547,51.301663982823406,7.836822329575953,4.159957058507783,10.285829307568438,2.2946859903381642,0.3824476650563607,0.1274825550187869,0.36902844873859364,0.13419216317767044,0.2549651100375738,
58,3.421900161030596,11.574074074074074,5.709876543209877,49.5101986044015,7.823403113258186,8.709071390230811,9.796027911969942,2.2208803005904456,0.3824476650563607,0.1274825550187869,0.36231884057971014,0.13419216317767044,0.2281266774020397,
59,3.4957058507783145,11.54723564143854,5.8172302737520125,49.3894256575416,7.803274288781535,8.715780998389693,9.796027911969942,2.1806226516371443,0.4025764895330113,0.1274825550187869,0.36231884057971014,0.13419216317767044,0.2281266774020397,
60,3.515834675254965,11.54723564143854,5.83064949006978,49.25523349436393,7.675791733762749,8.61513687600644,9.782608695652174,2.2410091250670963,0.5568974771873323,0.1878690284487386,0.36231884057971014,0.13419216317767044,0.2952227589908749,
61,3.3816425120772946,11.540526033279656,4.233762748255502,43.45813204508857,14.942297369833602,8.55475040257649,9.688674181427805,2.623456790123457,0.48980139559849706,0.18115942028985507,0.48980139559849706,0.13419216317767044,0.28180354267310787,
62,3.4621578099838968,11.540526033279656,4.28743961352657,43.31723027375201,14.834943639291465,8.413848631239935,9.655126140633387,2.657004830917874,0.48980139559849706,0.18115942028985507,0.7648953301127214,0.13419216317767044,0.2616747181964573,
63,3.603059581320451,11.486849168008588,4.274020397208803,43.20987654320987,14.801395598497047,8.400429414922169,9.648416532474503,2.657004830917874,0.5367686527106817,0.18115942028985507,0.7783145464304885,0.13419216317767044,0.2885131508319914,
64,3.6634460547504024,11.392914653784219,4.2203435319377345,42.48523886205046,15.854804079441761,7.702630166398282,9.561191626409018,2.945517981749866,0.8118625872249061,0.12077294685990338,0.7917337627482555,0.16774020397208803,0.28180354267310787,
65,3.6231884057971016,11.05072463768116,4.213633923778851,42.351046698872786,19.94766505636071,6.662640901771336,7.098765432098766,2.85829307568438,0.9259259259259259,0.12077294685990338,0.6977992485238862,0.16774020397208803,0.28180354267310787,
66,2.9790660225442833,9.923510466988727,3.0931293612453032,49.55716586151369,19.57192699946323,5.857487922705314,4.428341384863124,2.717391304347826,0.8051529790660226,0.12077294685990338,0.7112184648416533,0.13419216317767044,0.10064412238325282,
67,3.046162104133119,9.876543209876543,3.207192699946323,49.33574879227053,19.49812130971551,5.8172302737520125,4.40150295222759,2.8113258185721954,0.8387010198604401,0.12077294685990338,0.7447665056360708,0.13419216317767044,0.16774020397208803,
68,3.1870638754696725,9.440418679549115,3.6634460547504024,49.18813741277509,19.484702093397747,5.790391841116479,4.42163177670424,2.818035426731079,0.8387010198604401,0.12077294685990338,0.7447665056360708,0.13419216317767044,0.16774020397208803,
69,3.2675791733762747,9.366612989801396,3.750670960815888,47.86634460547504,19.424315619967793,6.951154052603328,4.455179817498658,2.818035426731079,0.8856682769726248,0.12077294685990338,0.7917337627482555,0.13419216317767044,0.16774020397208803,
70,3.455448201825013,9.192163177670425,3.8848631239935587,47.60466988727858,19.343800322061192,6.937734836285561,4.455179817498658,2.9723564143853998,0.9192163177670424,0.12077294685990338,0.7917337627482555,0.13419216317767044,0.1878690284487386,
71,3.6231884057971016,9.145195920558239,3.8714439076757916,47.48389694041868,19.229736983360173,6.9243156199677935,4.4820182501341925,2.985775630703167,0.9796027911969941,0.12077294685990338,0.8387010198604401,0.13419216317767044,0.18115942028985507,
72,3.166935050993022,6.736446591519055,3.2474503488996245,50.64412238325282,18.323939881910896,6.91760601180891,5.314009661835748,3.3011272141706924,1.06682769726248,0.12077294685990338,0.9393451422436929,0.013419216317767043,0.20799785292538917,
73,3.2474503488996245,6.736446591519055,3.33467525496511,50.30864197530864,17.216854535695116,6.870638754696726,5.340848094471283,4.461889425657541,1.2144390767579174,0.10735373054213634,0.9393451422436929,0.013419216317767043,0.20799785292538917,
74,3.388352120236178,6.608964036500268,3.455448201825013,49.82555018786903,18.230005367686527,6.857219538378959,4.62962962962963,4.575952764358561,1.2546967257112185,0.10735373054213634,0.8454106280193237,0.013419216317767043,0.20799785292538917,
75,3.33467525496511,6.327160493827161,3.488996242619431,49.3491680085883,19.216317767042405,6.837090713902308,4.334406870638754,4.676596886741814,1.2681159420289856,0.10735373054213634,0.8387010198604401,0.013419216317767043,0.20799785292538917,
76,3.1602254428341383,6.159420289855072,3.5963499731615673,50.355609232420825,18.71309715512614,6.850509930220075,4.320987654320987,4.441760601180891,1.2144390767579174,0.13419216317767044,0.8252818035426731,0.013419216317767043,0.2147074610842727,
77,3.1535158346752548,6.172839506172839,3.556092324208266,49.7987117552335,17.12962962962963,5.414653784219001,7.494632313472893,4.998658078368224,1.1808910359634996,0.14761137949543746,0.8051529790660226,0.013419216317767043,0.13419216317767044,
78,3.2340311325818574,5.273752012882448,3.488996242619431,49.00697799248524,17.07595276435856,7.018250134192163,7.447665056360709,5.092592592592593,1.247987117552335,0.14761137949543746,0.8185721953837896,0.013419216317767043,0.13419216317767044,
79,3.3548040794417604,5.260332796564681,3.515834675254965,48.79898013955985,17.05582393988191,6.991411701556629,7.447665056360709,5.152979066022544,1.2748255501878691,0.1610305958132045,0.8387010198604401,0.013419216317767043,0.13419216317767044,
80,3.3480944712828773,5.233494363929147,4.072732152442297,48.268921095008054,17.03569511540526,7.024959742351046,7.447665056360709,5.179817498658078,1.2412775093934514,0.1610305958132045,0.8387010198604401,0.013419216317767043,0.13419216317767044,
81,2.757648953301127,4.166666666666667,3.33467525496511,61.07756307031669,11.936392914653783,6.964573268921095,3.8714439076757916,4.180085882984434,1.0064412238325282,0.1610305958132045,0.39586688137412773,0.013419216317767043,0.13419216317767044,
82,2.8113258185721954,4.1532474503489,3.307836822329576,60.27241009125067,11.902844873859367,7.5348899624261945,3.8714439076757916,4.341116478797638,1.0332796564680622,0.2147074610842727,0.39586688137412773,0.013419216317767043,0.14761137949543746,
83,2.918679549114332,4.139828234031133,3.3548040794417604,60.02415458937198,11.674718196457327,7.555018786902845,3.8848631239935587,4.455179817498658,1.2077294685990339,0.2147074610842727,0.4092860976918948,0.013419216317767043,0.14761137949543746,
84,3.1333870101986045,4.139828234031133,3.3950617283950617,59.54106280193237,11.580783682232958,7.548309178743962,3.8311862587224907,4.770531400966184,1.2748255501878691,0.2147074610842727,0.4092860976918948,0.013419216317767043,0.14761137949543746,
85,3.166935050993022,4.052603327965647,4.072732152442297,58.84997316156736,11.506977992485238,7.595276435856146,3.8311862587224907,4.770531400966184,1.3419216317767042,0.2147074610842727,0.4092860976918948,0.013419216317767043,0.17444981213097155,
86,3.240740740740741,4.052603327965647,4.985238862050457,58.581588835212024,10.829307568438002,7.514761137949543,3.683574879227053,4.824208266237251,1.4224369296833066,0.2147074610842727,0.4495437466451959,0.013419216317767043,0.1878690284487386,
87,3.3480944712828773,4.052603327965647,5.065754159957058,58.36688137412775,10.775630703166936,7.514761137949543,3.6902844873859366,4.884594739667204,1.4358561460010735,0.2147074610842727,0.4495437466451959,0.013419216317767043,0.1878690284487386,
88,3.388352120236178,3.978797638217928,4.817498658078368,57.6154052603328,10.748792270531402,8.648684916800859,3.5829307568438002,4.9718196457326895,1.4626945786366077,0.2147074610842727,0.4294149221685454,,0.14090177133655393,
89,3.4286097691894795,3.9586688137412773,5.018786902844874,56.98470209339774,10.721953837895867,8.635265700483092,3.656736446591519,5.320719269994632,1.4492753623188406,0.2281266774020397,0.4562533548040794,,0.14090177133655393,
90,3.374932903918411,3.603059581320451,4.730273752012883,54.790660225442835,14.53972088030059,8.380300590445518,3.6500268384326353,4.730273752012883,1.3821792807300053,0.2281266774020397,0.4495437466451959,,0.14090177133655393,
91,3.2877079978529253,3.280998389694042,4.7101449275362315,55.89103596349973,14.002952227589908,8.32662372517445,3.6231884057971016,4.74369296833065,1.3016639828234031,0.2281266774020397,0.4495437466451959,,0.15432098765432098,
92,3.3480944712828773,3.2742887815351582,4.750402576489533,55.783682232957595,13.989533011272142,8.293075684380032,3.603059581320451,4.810789049919484,1.288244766505636,0.2147074610842727,0.4562533548040794,,0.1878690284487386,
93,3.4017713365539453,3.2541599570585076,4.817498658078368,55.63607085346216,13.875469672571121,8.252818035426731,3.6231884057971016,4.8376274825550185,1.415727321524423,0.2147074610842727,0.4830917874396135,,0.1878690284487386,
94,3.4688674181427803,3.2541599570585076,4.864465915190553,55.43478260869565,13.781535158346752,8.179012345679013,3.6500268384326353,5.01207729468599,1.4559849704777241,0.2147074610842727,0.4830917874396135,,0.20128824476650564,
95,3.616478797638218,3.2340311325818574,5.0791733762748255,55.08588298443371,13.6808910359635,8.165593129361245,3.6366076221148687,5.052334943639291,1.5230810520665594,0.2147074610842727,0.5099302200751477,,0.20128824476650564,
96,3.7640901771336552,3.2340311325818574,5.146269457863661,54.871175523349436,13.6406333870102,8.192431561996779,3.6231884057971016,5.0993022007514766,1.5365002683843263,0.2147074610842727,0.48980139559849706,,0.1878690284487386,
97,3.321256038647343,2.9052603327965647,4.790660225442834,59.82957595276436,11.681427804616211,7.729468599033816,3.4957058507783145,3.992216854535695,1.3419216317767042,0.2147074610842727,0.48980139559849706,,0.20799785292538917,
98,3.4151905528717124,2.85829307568438,4.884594739667204,59.46725711218465,11.641170155662909,7.729468599033816,3.4822866344605474,4.2203435319377345,1.3687600644122384,0.2147074610842727,0.48980139559849706,0.020128824476650563,0.20799785292538917,
99,3.421900161030596,2.8247450348899625,5.01207729468599,55.70987654320987,15.250939345142244,7.675791733762749,3.4957058507783145,4.28743961352657,1.402308105206656,0.20128824476650564,0.48980139559849706,0.020128824476650563,0.20799785292538917,
100,3.5225442834138487,2.8247450348899625,5.032206119162641,55.58239398819109,15.123456790123457,7.6556629092860975,3.4957058507783145,4.334406870638754,1.4962426194310252,0.20128824476650564,0.48980139559849706,0.020128824476650563,0.2214170692431562,
101,3.549382716049383,2.8247450348899625,5.179817498658078,54.39479334406871,14.99597423510467,7.689210950080516,3.4957058507783145,5.307300053676865,1.6706924315619969,0.20128824476650564,0.4495437466451959,0.020128824476650563,0.2214170692431562,
102,3.4621578099838968,2.8247450348899625,4.958400429414922,58.380300590445515,12.124261943102523,8.132045088566828,3.4822866344605474,4.703435319377348,1.0735373054213635,0.20128824476650564,0.4428341384863124,0.013419216317767043,0.20128824476650564,
103,3.569511540526033,2.831454643048846,5.038915727321524,58.05823939881911,12.097423510466989,8.13875469672571,3.4688674181427803,4.851046698872786,1.0869565217391304,0.20128824476650564,0.4428341384863124,0.013419216317767043,0.20128824476650564,
104,3.6500268384326353,2.831454643048846,5.897745571658615,57.10547504025765,12.077294685990339,8.13875469672571,3.435319377348363,4.891304347826087,1.107085346215781,0.20128824476650564,0.4562533548040794,0.020128824476650563,0.1878690284487386,
105,3.730542136339238,2.831454643048846,5.984970477724101,56.796833064949006,12.02361782071927,8.125335480407944,3.435319377348363,5.065754159957058,1.1540526033279657,0.20128824476650564,0.4428341384863124,0.020128824476650563,0.1878690284487386,
106,3.7909286097691894,2.7979066022544283,7.447665056360709,55.18652710681696,11.996779388083736,7.763016639828234,3.421900161030596,5.535426731078905,1.2010198604401503,0.20799785292538917,0.4428341384863124,0.020128824476650563,0.1878690284487386,
107,3.1468062265163717,2.6838432635534084,7.313472893183038,61.07085346215781,7.64224369296833,7.454374664519592,4.549114331723027,4.441760601180891,0.8722490606548577,0.20128824476650564,0.41599570585077833,0.020128824476650563,0.1878690284487386,
108,3.280998389694042,2.677133655394525,7.4208266237251745,60.03086419753087,7.628824476650563,7.434245840042942,4.51556629092861,5.280461621041331,0.8722490606548577,0.20128824476650564,0.4495437466451959,0.020128824476650563,0.1878690284487386,
109,3.3682232957595275,2.6502952227589907,7.434245840042942,59.77589908749329,7.628824476650563,7.4208266237251745,4.508856682769726,5.441492216854535,0.8856682769726248,0.20128824476650564,0.47638217928073,0.020128824476650563,0.1878690284487386,
110,3.3413848631239937,2.6502952227589907,7.4208266237251745,60.889694041867955,7.0450885668276975,7.494632313472893,4.461889425657541,5.092592592592593,0.8118625872249061,0.20128824476650564,0.4025764895330113,0.020128824476650563,0.16774020397208803,
111,3.166935050993022,2.563070316693505,7.575147611379496,61.808910359635,6.951154052603328,7.830112721417069,4.502147074610843,3.9855072463768115,0.8252818035426731,0.20128824476650564,0.39586688137412773,0.013419216317767043,0.18115942028985507,
112,3.2474503488996245,2.5496511003757383,7.575147611379496,61.553945249597426,6.910896403650026,7.7898550724637685,4.502147074610843,4.200214707461084,0.8319914117015567,0.2281266774020397,0.41599570585077833,0.013419216317767043,0.18115942028985507,
113,3.3480944712828773,2.5496511003757383,7.555018786902845,61.211755233494365,6.910896403650026,7.803274288781535,4.51556629092861,4.435050993022007,0.8319914117015567,0.2281266774020397,0.41599570585077833,0.013419216317767043,0.18115942028985507,
114,3.388352120236178,2.5295222758990876,7.581857219538379,59.46725711218465,6.89747718733226,9.447128287707997,4.549114331723027,4.461889425657541,0.8387010198604401,0.2281266774020397,0.41599570585077833,0.013419216317767043,0.18115942028985507,
115,3.455448201825013,2.5295222758990876,7.615405260332796,59.20558239398819,6.89747718733226,9.386741814278047,4.51556629092861,4.62962962962963,0.8387010198604401,0.2281266774020397,0.4495437466451959,0.013419216317767043,0.23483628556092323,
116,2.804616210413312,2.5161030595813205,6.890767579173376,64.98926462694578,5.60252281266774,7.997852925389157,4.0995705850778315,3.784219001610306,0.5971551261406334,0.2281266774020397,0.3488996242619431,,0.14090177133655393,
117,2.918679549114332,2.5161030595813205,6.910896403650026,64.79468599033817,5.5689747718733225,8.031400966183575,4.0995705850778315,3.8378958668813743,0.6239935587761675,0.20799785292538917,0.3488996242619431,,0.14090177133655393,
118,3.0059044551798175,2.5161030595813205,7.957595276435856,64.17740203972087,5.233494363929147,7.87037037037037,4.005636070853462,3.878153515834675,0.6038647342995169,0.23483628556092323,0.3421900161030596,,0.17444981213097155,
119,3.1065485775630703,2.5161030595813205,8.07836822329576,62.9898013955985,4.944981213097155,7.823403113258186,5.441492216854535,3.750670960815888,0.6105743424584005,0.20799785292538917,0.3421900161030596,,0.1878690284487386,
120,3.193773483628556,2.5161030595813205,7.997852925389157,62.775093934514224,4.904723564143854,7.75630703166935,5.441492216854535,3.9318303811057436,0.6977992485238862,0.2683843263553409,0.3421900161030596,,0.17444981213097155,
121,3.2206119162640903,2.5161030595813205,7.997852925389157,61.480139559849704,4.898013955984971,7.695920558239399,5.448201825013419,5.186527106816962,0.6977992485238862,0.2885131508319914,0.3757380568974772,,0.19457863660762212,
122,3.207192699946323,2.5026838432635534,7.971014492753623,61.198336017176594,4.891304347826087,7.648953301127214,5.448201825013419,5.421363392377885,0.7313472893183038,0.322061191626409,0.46296296296296297,,0.19457863660762212,
123,3.227321524422974,2.5026838432635534,8.011272141706923,60.85614600107354,4.87788513150832,7.702630166398282,5.441492216854535,5.649490069779925,0.7380568974771873,0.322061191626409,0.48980139559849706,,0.18115942028985507,
124,3.052871712292002,2.13365539452496,7.608695652173913,56.414385399892645,3.9184111647879765,7.776435856146001,11.969940955448202,5.589103596349974,0.6105743424584005,0.322061191626409,0.4227053140096618,,0.18115942028985507,
125,3.126677402039721,2.086688137412775,7.6623725174449815,56.09903381642512,3.9184111647879765,7.856951154052603,11.969940955448202,5.730005367686527,0.6105743424584005,0.33548040794417605,0.4227053140096618,,0.18115942028985507,
126,3.2139023081052067,2.073268921095008,7.6556629092860975,55.93800322061192,3.9184111647879765,7.87037037037037,11.929683306494901,5.783682232957595,0.6038647342995169,0.33548040794417605,0.49651100375738055,,0.18115942028985507,
127,3.307836822329576,2.073268921095008,7.675791733762749,55.83064949006978,3.9049919484702094,7.843531937734836,11.922973698336017,5.783682232957595,0.6172839506172839,0.36231884057971014,0.49651100375738055,,0.18115942028985507,
128,3.307836822329576,2.073268921095008,7.675791733762749,55.642780461621044,3.911701556629093,7.843531937734836,11.869296833064949,5.9447128287707995,0.6374127750939346,0.4025764895330113,0.49651100375738055,,0.19457863660762212,
129,3.3279656468062266,2.073268921095008,7.50805152979066,54.508856682769725,6.132581857219538,7.836822329575953,10.795759527643586,6.085614600107354,0.6508319914117016,0.4025764895330113,0.49651100375738055,,0.18115942028985507,
130,3.3548040794417604,2.033011272141707,8.896940418679549,53.133387010198604,6.119162640901771,7.763016639828234,10.581052066559312,6.293612453032743,0.6374127750939346,0.43612453032742887,0.5703166935050993,,0.18115942028985507,
131,3.435319377348363,2.033011272141707,8.883521202361782,52.97906602254428,6.125872249060655,7.7831454643048845,10.554213633923778,6.380837359098229,0.6105743424584005,0.43612453032742887,0.5904455179817498,,0.1878690284487386,
132,3.4822866344605474,2.033011272141707,8.829844337090714,52.824745034889965,6.105743424584004,7.763016639828234,10.520665593129362,6.400966183574879,0.6105743424584005,0.5166398282340311,0.6776704240472357,,0.23483628556092323,
133,3.5963499731615673,2.033011272141707,8.849973161567364,52.65700483091788,6.105743424584004,7.7361782071927,10.520665593129362,6.447933440687064,0.6105743424584005,0.5099302200751477,0.6977992485238862,,0.23483628556092323,
134,3.683574879227053,2.033011272141707,8.816425120772946,52.33494363929147,6.072195383789587,7.729468599033816,10.513955984970478,6.709608158883521,0.6575415995705851,0.49651100375738055,0.7179280730005367,,0.23483628556092323,
135,3.455448201825013,2.0128824476650564,10.72866344605475,42.7133655394525,15.190552871712292,7.320182501341922,10.453569511540525,5.984970477724101,0.6843800322061192,0.46296296296296297,0.7581857219538379,,0.23483628556092323,
136,3.6768652710681695,2.0128824476650564,10.7085346215781,42.47181964573269,15.157004830917874,7.286634460547504,10.38647342995169,6.112453032742888,0.6977992485238862,0.46296296296296297,0.785024154589372,0.0067096081588835215,0.23483628556092323,
137,3.750670960815888,2.0128824476650564,10.654857756307031,42.3040794417606,15.163714439076758,7.1658615136876005,10.393183038110575,6.1862587224906065,0.7246376811594203,0.49651100375738055,0.785024154589372,0.020128824476650563,0.3421900161030596,
138,3.864734299516908,1.6035963499731616,10.037573805689748,41.84111647879764,14.955716586151368,8.413848631239935,10.393183038110575,6.360708534621578,0.8923778851315083,0.49651100375738055,0.785024154589372,0.020128824476650563,0.33548040794417605,
139,3.9720880300590444,1.6035963499731616,10.131508319914117,41.6129898013956,14.868491680085883,8.420558239398819,10.299248523886206,6.494900697799249,0.9192163177670424,0.5367686527106817,0.785024154589372,0.020128824476650563,0.33548040794417605,
140,4.066022544283414,1.596886741814278,10.225442834138486,41.42512077294686,14.814814814814815,8.407139023081053,10.25228126677402,6.5485775630703165,0.9192163177670424,0.5971551261406334,0.7917337627482555,0.020128824476650563,0.33548040794417605,
141,4.079441760601181,1.570048309178744,10.359634997316157,41.176865271068166,14.774557165861514,8.319914117015566,10.171765968867419,6.696188942565755,1.0466988727858293,0.6239935587761675,0.7716049382716049,0.040257648953301126,0.36902844873859364,
142,4.2203435319377345,1.570048309178744,10.373054213633925,41.035963499731615,14.754428341384862,8.3467525496511,10.077831454643048,6.749865807836822,1.0466988727858293,0.6172839506172839,0.798443370907139,0.040257648953301126,0.36902844873859364,
143,4.280730005367687,1.556629092860977,10.36634460547504,40.83467525496511,14.727589908749328,8.407139023081053,10.084541062801932,6.837090713902308,1.0601180891035964,0.6172839506172839,0.8185721953837896,0.040257648953301126,0.36902844873859364,
144,4.367954911433173,1.583467525496511,10.38647342995169,40.76086956521739,14.680622651637144,8.373590982286634,10.077831454643048,6.8035426731078905,1.0869565217391304,0.6508319914117016,0.8185721953837896,0.040257648953301126,0.36902844873859364,
145,4.441760601180891,1.583467525496511,10.493827160493828,40.58641975308642,14.63365539452496,8.380300590445518,10.010735373054214,6.810252281266774,1.1137949543746646,0.6508319914117016,0.8655394524959742,0.04696725711218465,0.3824476650563607,
146,4.549114331723027,1.583467525496511,10.433440687063875,40.365002683843265,14.61352657004831,8.407139023081053,10.030864197530864,6.964573268921095,1.1137949543746646,0.6508319914117016,0.8454106280193237,0.04696725711218465,0.39586688137412773,
147,3.9318303811057436,1.583467525496511,9.822866344605474,44.22973698336017,14.412238325281804,7.14573268921095,9.91009125067096,6.099033816425121,1.1741814278046163,0.5300590445517982,0.7179280730005367,0.04696725711218465,0.39586688137412773,
148,4.019055287171229,1.583467525496511,9.916800858829845,44.06870638754697,14.40552871712292,7.14573268921095,9.86983360171766,6.072195383789587,1.1741814278046163,0.5300590445517982,0.7380568974771873,0.04696725711218465,0.39586688137412773,0.03354804079441761
149,3.9184111647879765,0.8588298443370908,9.433709071390231,47.296027911969944,14.351851851851851,5.273752012882448,9.856414385399892,6.219806763285024,1.1741814278046163,0.5166398282340311,0.6843800322061192,0.04696725711218465,0.33548040794417605,0.03354804079441761
150,3.824476650563607,0.8387010198604401,8.246108427267847,52.52952227589909,11.594202898550725,5.065754159957058,9.708803005904455,5.609232420826624,1.0601180891035964,0.4830917874396135,0.6575415995705851,0.04696725711218465,0.33548040794417605,
151,2.831454643048846,0.1878690284487386,7.434245840042942,43.927804616210416,26.50295222758991,3.421900161030596,9.306226516371444,4.019055287171229,1.1607622114868492,0.4428341384863124,0.48980139559849706,0.06038647342995169,0.2147074610842727,
152,2.9924852388620504,0.1878690284487386,7.326892109500805,43.65942028985507,26.33521202361782,3.4420289855072466,9.50751476113795,4.079441760601181,1.261406333870102,0.39586688137412773,0.5568974771873323,0.06038647342995169,0.19457863660762212,
153,3.113258185721954,0.18115942028985507,7.326892109500805,43.39774557165862,26.133923778851315,3.44873859366613,9.4873859366613,4.166666666666667,1.4895330112721417,0.39586688137412773,0.6038647342995169,0.06038647342995169,0.19457863660762212,
154,3.1602254428341383,0.18115942028985507,7.273215244229737,42.40472356414385,26.080246913580247,3.4420289855072466,9.373322597960279,5.119431025228127,1.5297906602254427,0.39586688137412773,0.6508319914117016,0.19457863660762212,0.19457863660762212,
155,2.7844873859366612,0.18115942028985507,7.185990338164252,39.86849168008588,25.93263553408481,3.0327428878153517,13.459473966720344,4.864465915190553,1.3553408480944713,0.4092860976918948,0.5300590445517982,0.2214170692431562,0.17444981213097155,
156,2.9790660225442833,0.18115942028985507,7.092055823939882,39.67391304347826,25.85212023617821,3.046162104133119,13.43263553408481,4.891304347826087,1.402308105206656,0.4227053140096618,0.630703166935051,0.2214170692431562,0.17444981213097155,
157,3.0059044551798175,0.18115942028985507,7.118894256575416,39.51959205582394,25.51663982823403,3.046162104133119,13.43263553408481,4.978529253891573,1.6841116478797638,0.4227053140096618,0.6776704240472357,0.24154589371980675,0.17444981213097155,
158,3.126677402039721,0.18115942028985507,7.14573268921095,39.412238325281805,25.449543746645197,3.052871712292002,13.331991411701557,5.01207729468599,1.6975308641975309,0.4092860976918948,0.7648953301127214,0.24154589371980675,0.17444981213097155,
159,3.2877079978529253,0.18115942028985507,7.098765432098766,38.52657004830918,25.42270531400966,3.113258185721954,13.231347289318304,5.756843800322061,1.778046162104133,0.4092860976918948,0.7783145464304885,0.24154589371980675,0.17444981213097155,
160,3.3279656468062266,0.18115942028985507,7.125603864734299,38.22463768115942,25.335480407944175,3.1065485775630703,13.16425120772947,6.005099302200751,1.8317230273752012,0.4092860976918948,0.8722490606548577,0.24154589371980675,0.17444981213097155,
161,3.408480944712829,0.17444981213097155,8.259527643585615,38.00993022007515,25.11406333870102,3.2206119162640903,12.04374664519592,6.0587761674718195,2.01959205582394,0.39586688137412773,0.8923778851315083,0.24154589371980675,0.1610305958132045,
162,3.455448201825013,0.17444981213097155,8.259527643585615,37.848899624261946,25.046967257112186,3.2206119162640903,12.04374664519592,6.105743424584004,2.1135265700483092,0.39586688137412773,0.8923778851315083,0.28180354267310787,0.1610305958132045,
163,3.535963499731616,0.17444981213097155,7.776435856146001,36.943102522812666,24.9194847020934,4.64975845410628,11.849168008588299,6.280193236714976,2.0799785292538915,0.3824476650563607,0.966183574879227,0.28180354267310787,0.1610305958132045,
164,3.3011272141706924,0.17444981213097155,7.7361782071927,38.62050456253355,23.839237788513152,5.193236714975845,11.849168008588299,5.360976918947934,2.086688137412775,0.3757380568974772,0.966183574879227,0.28180354267310787,0.18115942028985507,0.03354804079441761
165,3.4286097691894795,0.17444981213097155,7.695920558239399,38.33870101986044,23.752012882447666,5.159688674181428,11.83574879227053,5.555555555555555,2.0933977455716586,0.3757380568974772,1.0802469135802468,0.2952227589908749,0.18115942028985507,0.03354804079441761
166,3.5762211486849167,0.17444981213097155,7.62211486849168,38.1508319914117,23.59098228663446,5.146269457863661,11.81561996779388,5.783682232957595,2.147074610842727,0.3757380568974772,1.0869565217391304,0.2952227589908749,0.20128824476650564,0.03354804079441761
167,3.5762211486849167,0.17444981213097155,7.695920558239399,37.69457863660762,23.577563070316693,5.139559849704777,11.81561996779388,6.159420289855072,2.147074610842727,0.3757380568974772,1.1137949543746646,0.2952227589908749,0.20128824476650564,0.03354804079441761
168,3.629898013955985,0.17444981213097155,7.454374664519592,37.35909822866345,24.792002147074612,4.690016103059581,11.211755233494364,6.273483628556092,2.341653247450349,0.3757380568974772,1.1540526033279657,0.28180354267310787,0.2281266774020397,0.03354804079441761
169,3.6231884057971016,0.17444981213097155,7.481213097155126,37.265163714439076,22.7187332259796,4.3545356951154055,13.633923778851315,6.266774020397209,2.341653247450349,0.3757380568974772,1.1876006441223832,0.28180354267310787,0.2616747181964573,0.03354804079441761
170,3.4688674181427803,0.17444981213097155,7.179280730005368,41.54589371980676,20.356951154052602,4.320987654320987,12.76838432635534,6.018518518518518,2.0128824476650564,0.41599570585077833,1.133923778851315,0.30864197530864196,0.2616747181964573,0.03354804079441761
171,3.515834675254965,0.17444981213097155,7.27992485238862,41.31105743424584,20.79307568438003,4.17337627482555,12.453032742887816,6.119162640901771,2.0128824476650564,0.41599570585077833,1.1406333870101986,0.30864197530864196,0.2952227589908749,0.0067096081588835215
172,3.5963499731615673,0.17444981213097155,7.333601717659689,41.176865271068166,20.74610842726785,4.133118625872249,12.392646269457863,6.159420289855072,2.033011272141707,0.41599570585077833,1.2010198604401503,0.30864197530864196,0.322061191626409,0.0067096081588835215
