,45,50,53,55,51,54,58,52,56,57
0,99.55716586151368,0.4428341384863124,,,,,,,,
1,97.23564143853999,2.7643585614600106,,,,,,,,
2,90.88164251207729,9.118357487922705,,,,,,,,
3,89.18411164787976,10.815888352120236,,,,,,,,
4,85.21202361782072,14.78797638217928,,,,,,,,
5,30.864197530864196,69.1358024691358,,,,,,,,
6,31.105743424584006,56.937734836285564,9.27938808373591,2.677133655394525,,,,,,
7,28.837895866881375,55.36768652710682,9.272678475577026,2.677133655394525,3.844605475040258,,,,,
8,23.95330112721417,62.432903918411164,9.23913043478261,2.657004830917874,1.7176596886741815,,,,,
9,19.598765432098766,53.207192699946326,8.55475040257649,2.6502952227589907,14.170692431561998,1.5230810520665594,0.2952227589908749,,,
10,11.943102522812667,59.84970477724101,8.521202361782072,2.6167471819645733,14.110305958132045,2.6637144390767578,0.2952227589908749,,,
11,10.534084809447128,57.56843800322061,6.642512077294686,2.5966183574879227,17.52549651100376,4.8376274825550185,0.2952227589908749,,,
12,9.27938808373591,49.624261943102525,5.71658615136876,2.5697799248523885,30.06575415995706,2.4490069779924855,0.2952227589908749,,,
13,7.051798174986581,19.330381105743424,1.6103059581320451,,56.25335480407944,,,15.277777777777779,0.20128824476650564,0.27509393451422437
14,7.320182501341922,18.780193236714975,1.6103059581320451,0.46296296296296297,56.072195383789584,,,15.157004830917874,0.20128824476650564,0.39586688137412773
15,7.776435856146001,18.63929146537842,3.743961352657005,0.46296296296296297,53.80434782608695,,,14.97584541062802,0.20128824476650564,0.39586688137412773
16,7.50805152979066,16.42512077294686,4.810789049919484,0.46296296296296297,49.61755233494364,2.046430488459474,,16.243961352657006,2.4892646269457863,0.39586688137412773
17,7.7898550724637685,16.358024691358025,2.462426194310252,0.46296296296296297,53.696994095544824,0.41599570585077833,,16.056092324208265,2.4020397208803006,0.35560923242082665
18,7.897208803005904,16.264090177133657,4.502147074610843,0.7380568974771873,41.25067096081589,0.41599570585077833,,26.25469672571122,2.5161030595813205,0.1610305958132045
19,8.3467525496511,14.868491680085883,4.213633923778851,1.0735373054213635,40.94202898550725,2.1135265700483092,,25.764895330112722,2.5161030595813205,0.1610305958132045
20,8.246108427267847,14.821524422973699,4.206924315619967,1.0735373054213635,48.25550187869028,2.4490069779924855,,18.223295759527645,2.576489533011272,0.14761137949543746
21,7.816693505099302,13.405797101449275,4.186795491143317,1.0466988727858293,45.229468599033815,2.214170692431562,,19.880568974771872,6.085614600107354,0.13419216317767044
22,8.179012345679013,12.842190016103059,6.125872249060655,1.107085346215781,41.076221148684915,2.214170692431562,,23.51046698872786,4.817498658078368,0.1274825550187869
23,8.568169618894256,12.701288244766506,6.125872249060655,5.891035963499732,36.480139559849704,1.932367149758454,,23.450080515297905,4.723564143853999,0.1274825550187869
24,7.702630166398282,15.425389157273216,6.018518518518518,5.891035963499732,36.42646269457864,1.932367149758454,,21.55126140633387,4.7168545356951155,0.33548040794417605
25,6.884057971014493,13.593666129898015,4.8376274825550185,5.891035963499732,44.10896403650027,4.0995705850778315,,17.55233494363929,2.6838432635534084,0.3488996242619431
26,6.884057971014493,13.58695652173913,4.8376274825550185,5.864197530864198,44.75308641975309,4.032474503488996,,17.022275899087493,2.6704240472356413,0.3488996242619431
27,7.306763285024155,13.526570048309178,4.810789049919484,5.837359098228664,44.578636607622116,4.019055287171229,,16.914922168545356,2.657004830917874,0.3488996242619431
28,7.763016639828234,12.607353730542137,4.797369833601718,4.461889425657541,44.155931293612454,4.958400429414922,,18.189747718733226,2.717391304347826,0.3488996242619431
29,8.373590982286634,12.593934514224369,4.750402576489533,4.461889425657541,43.76006441223833,4.958400429414922,,18.04213633923779,2.7106816961889426,0.3488996242619431
30,8.440687063875469,12.593934514224369,6.736446591519055,3.294417606011809,43.31723027375201,4.958400429414922,,17.599302200751477,2.7106816961889426,0.3488996242619431
31,8.715780998389693,12.587224906065487,6.696188942565755,3.569511540526033,42.881105743424584,4.931561996779388,,17.559044551798173,2.7106816961889426,0.3488996242619431
32,8.460815888352121,12.385936661298981,6.5552871712292005,3.5628019323671496,37.546967257112186,4.7638217928073,,23.772141706924316,2.6033279656468062,0.3488996242619431
33,7.62211486849168,7.185990338164252,6.146001073537305,2.9388083735909825,38.58024691358025,1.3821792807300053,0.19457863660762212,33.07836822329576,2.522812667740204,0.3488996242619431
34,7.7361782071927,7.185990338164252,8.970746108427267,2.9119699409554483,36.00375738056898,1.2278582930756843,0.19457863660762212,32.2866344605475,2.368491680085883,1.1137949543746646
35,7.5348899624261945,7.1725711218464845,11.057434245840042,2.8247450348899625,34.796027911969944,1.247987117552335,0.19457863660762212,32.13231347289318,1.9256575415995705,1.1137949543746646
36,7.098765432098766,4.53569511540526,10.983628556092324,2.771068169618894,33.581588835212024,1.247987117552335,0.19457863660762212,36.99677938808374,1.6170155662909287,0.9728931830381106
37,7.4006977992485234,4.508856682769726,10.916532474503489,2.771068169618894,31.756575415995705,1.247987117552335,0.1878690284487386,35.65485775630703,4.582662372517445,0.9728931830381106
38,7.635534084809447,4.508856682769726,10.889694041867955,2.771068169618894,31.662640901771336,1.2144390767579174,0.1878690284487386,35.45356951154053,4.582662372517445,1.093666129898014
39,8.440687063875469,4.414922168545357,10.742082662372518,2.703972088030059,32.8166935050993,1.2144390767579174,0.1878690284487386,33.59500805152979,4.797369833601718,1.0869565217391304
40,6.414385399892646,4.240472356414386,9.185453569511541,1.5767579173376274,24.288781535158346,1.1540526033279657,0.12077294685990338,50.32206119162641,1.7579173376274826,0.9393451422436929
41,6.528448738593666,4.240472356414386,9.07139023081052,1.5767579173376274,23.087761674718198,6.595544820182502,0.12077294685990338,46.081588835212024,1.7579173376274826,0.9393451422436929
42,6.91760601180891,4.240472356414386,9.037842190016104,1.5767579173376274,23.060923242082662,6.568706387546968,0.12077294685990338,45.67901234567901,1.7579173376274826,1.0399892646269457
43,7.434245840042942,3.965378421900161,8.507783145464305,1.8115942028985508,22.832796564680624,6.662640901771336,0.12077294685990338,45.900429414922165,1.8384326355340848,0.9259259259259259
44,7.521470746108427,3.616478797638218,8.480944712828771,1.7981749865807837,24.60413311862587,5.522007514761138,,45.62533548040794,1.9860440150295222,0.8454106280193237
45,7.2933440687063875,3.556092324208266,5.857487922705314,1.7646269457863661,33.111916264090176,4.938271604938271,0.11406333870101985,41.438539989264626,1.1540526033279657,0.7716049382716049
46,7.937466451959206,3.5426731078904994,5.837359098228664,1.7310789049919484,32.72275899087493,4.757112184648417,0.11406333870101985,41.196994095544824,1.3888888888888888,0.7716049382716049
47,8.413848631239935,3.5426731078904994,5.776972624798712,1.7176596886741815,31.280193236714975,7.253086419753086,0.11406333870101985,39.741009125067094,1.3888888888888888,0.7716049382716049
48,8.702361782071927,3.4822866344605474,5.763553408480945,1.7176596886741815,31.07890499194847,7.226247987117552,0.11406333870101985,39.660493827160494,1.482823403113258,0.7716049382716049
49,9.084809447128288,3.374932903918411,5.750134192163178,1.7176596886741815,30.96484165324745,7.071926999463232,0.2549651100375738,39.48604401502952,1.5230810520665594,0.7716049382716049
50,9.433709071390231,3.374932903918411,5.750134192163178,1.7176596886741815,30.69645732689211,7.058507783145465,0.2549651100375738,39.418947933440684,1.5230810520665594,0.7716049382716049
51,9.842995169082126,3.294417606011809,5.488459473966721,1.6639828234031133,32.045088566827694,7.018250134192163,0.2549651100375738,38.14412238325282,1.4761137949543746,0.7716049382716049
52,9.50751476113795,2.4490069779924855,5.4549114331723025,1.6639828234031133,38.66747181964573,6.998121309715513,0.2549651100375738,32.48792270531401,1.4761137949543746,1.0399892646269457
53,9.88996242619431,2.4490069779924855,5.407944176060118,1.6505636070853462,38.32528180354267,6.984702093397746,0.2549651100375738,32.340311325818575,1.6572732152442298,1.0399892646269457
54,9.634997316156737,2.428878153515835,8.588298443370908,1.6371443907675791,35.39318303811057,6.984702093397746,0.2549651100375738,32.09205582393988,1.9592055823939882,1.0265700483091786
55,6.374127750939345,24.516908212560388,8.28636607622115,3.3011272141706924,27.68384326355341,4.931561996779388,0.11406333870101985,22.604669887278583,1.4224369296833066,0.7648953301127214
56,6.622383252818035,21.980676328502415,10.715244229736983,3.3011272141706924,27.536231884057973,4.931561996779388,0.11406333870101985,22.356414385399894,1.5230810520665594,0.9192163177670424
57,6.9310252281266775,21.926999463231347,10.61460010735373,3.2541599570585076,27.47584541062802,4.931561996779388,0.11406333870101985,22.342995169082126,1.4895330112721417,0.9192163177670424
58,7.347020933977456,14.801395598497047,8.145464304884594,3.140096618357488,32.769726247987116,4.924852388620504,0.11406333870101985,26.100375738056897,1.3888888888888888,1.2681159420289856
59,7.4006977992485234,13.130703166935051,7.877079978529254,5.22007514761138,35.37976382179281,3.079710144927536,0.11406333870101985,25.214707461084274,1.3150831991411702,1.2681159420289856
60,7.816693505099302,13.083735909822867,7.877079978529254,5.22007514761138,35.20531400966183,3.066290928609769,0.11406333870101985,25.033548040794418,1.3150831991411702,1.2681159420289856
61,6.092324208266238,11.822329575952764,5.280461621041331,5.159688674181428,30.99838969404187,2.3349436392914655,0.2616747181964573,35.32608695652174,1.4559849704777241,1.2681159420289856
62,6.937734836285561,10.48040794417606,5.260332796564681,5.12614063338701,37.124261943102525,2.3349436392914655,0.2616747181964573,29.750402576489535,1.4559849704777241,1.2681159420289856
63,7.25979602791197,10.433440687063875,7.387278582930757,4.64975845410628,36.3996242619431,1.8317230273752012,0.2616747181964573,28.77079978529254,1.737788513150832,1.2681159420289856
64,7.561728395061729,10.406602254428341,7.14573268921095,5.139559849704777,35.581052066559316,2.0531400966183573,0.2616747181964573,28.690284487385938,1.892109500805153,1.2681159420289856
65,7.991143317230274,10.339506172839506,7.139023081052066,5.018786902844874,33.293075684380035,2.046430488459474,0.2616747181964573,30.750134192163177,1.892109500805153,1.2681159420289856
66,7.7831454643048845,10.272410091250672,8.299785292538916,5.005367686527107,38.02334943639291,1.8048845947396672,0.2616747181964573,26.01315083199141,1.6170155662909287,0.9192163177670424
67,8.246108427267847,10.272410091250672,8.28636607622115,4.99194847020934,36.83574879227053,1.7847557702630166,0.2616747181964573,25.717928073000536,2.6838432635534084,0.9192163177670424
68,8.668813741277509,6.655931293612453,10.312667740203972,4.958400429414922,35.14492753623188,1.6371443907675791,0.2616747181964573,28.958668813741276,2.4825550187869028,0.9192163177670424
69,9.219001610305957,6.629092860976919,9.903381642512077,4.931561996779388,35.46698872785829,1.6371443907675791,0.2616747181964573,28.723832528180353,2.3483628556092326,0.8789586688137413
70,8.393719806763285,6.608964036500268,8.440687063875469,5.589103596349974,33.903650026838434,1.6371443907675791,0.2616747181964573,32.045088566827694,2.2745571658615136,0.8454106280193237
71,9.131776704240472,6.488191089640365,8.333333333333334,5.522007514761138,33.742619431025226,1.6103059581320451,0.2616747181964573,31.5150295222759,2.563070316693505,0.8319914117015567
72,9.494095544820183,6.340579710144928,8.333333333333334,5.58239398819109,33.60842726784756,1.6103059581320451,0.2616747181964573,31.387546967257112,2.5496511003757383,0.8319914117015567
73,9.970477724100913,6.280193236714976,8.252818035426731,5.6964573268921095,33.23939881910896,1.6035963499731616,0.2616747181964573,30.817230273752013,2.9052603327965647,0.9728931830381106
74,10.292538915727322,6.253354804079442,8.232689210950081,5.71658615136876,33.13204508856683,1.6035963499731616,0.2616747181964573,30.64278046162104,2.9052603327965647,0.9594739667203436
75,10.581052066559312,6.045356951154052,8.185721953837897,5.615942028985507,33.011272141706925,2.3617820719269993,0.2616747181964573,30.07246376811594,2.9052603327965647,0.9594739667203436
76,10.721953837895867,5.9514224369296835,8.185721953837897,5.528717122920021,32.75630703166935,2.3617820719269993,0.2616747181964573,29.622920021470748,3.6500268384326353,0.9594739667203436
77,11.010466988727858,5.9447128287707995,8.172302737520129,5.501878690284487,32.68250134192163,2.2946859903381642,0.2616747181964573,29.55582393988191,3.629898013955985,0.9460547504025765
78,11.037305421363392,5.9447128287707995,8.152173913043478,5.656199677938808,32.59527643585615,2.2946859903381642,0.2616747181964573,29.482018250134193,3.629898013955985,0.9460547504025765
79,11.66129898013956,5.9447128287707995,8.13875469672571,5.642780461621041,32.17257112184648,2.2946859903381642,0.2616747181964573,29.180085882984432,3.7573805689747717,0.9460547504025765
80,12.211486849168008,5.911164787976382,7.96430488459474,5.642780461621041,31.602254428341386,2.2946859903381642,0.2616747181964573,28.978797638217927,4.206924315619967,0.9259259259259259
81,12.513419216317766,5.864197530864198,7.87037037037037,6.300322061191626,31.0252281266774,2.281266774020397,0.2616747181964573,28.891572732152444,4.1129898013955986,0.8789586688137413
82,13.003220611916264,5.810520665593129,7.87037037037037,8.635265700483092,29.180085882984432,2.187332259796028,0.24825550187869028,28.26086956521739,3.92512077294686,0.8789586688137413
83,13.58695652173913,5.683038110574342,7.830112721417069,8.635265700483092,28.972088030059044,2.187332259796028,0.24825550187869028,28.08641975308642,3.898282340311326,0.8722490606548577
84,14.2914653784219,5.562265163714439,7.803274288781535,8.507783145464305,28.81105743424584,2.120236178207193,0.24825550187869028,27.82474503488996,3.9586688137412773,0.8722490606548577
85,14.761137949543746,5.555555555555555,7.7898550724637685,8.487654320987655,28.509125067096083,2.0933977455716586,0.24825550187869028,27.583199141170155,4.0995705850778315,0.8722490606548577
86,14.962426194310252,5.542136339237788,7.7898550724637685,8.454106280193237,28.415190552871714,2.0799785292538915,0.24825550187869028,27.536231884057973,4.0995705850778315,0.8722490606548577
87,15.331454643048845,5.522007514761138,7.742887815351583,8.387010198604402,28.026033279656467,2.0799785292538915,0.24825550187869028,27.36849168008588,4.334406870638754,0.9594739667203436
88,15.794417606011809,5.4549114331723025,7.722758990874933,8.433977455716587,27.911969940955448,2.073268921095008,0.24825550187869028,26.92565754159957,4.4753086419753085,0.9594739667203436
89,16.163446054750402,5.4549114331723025,7.682501341921632,8.407139023081053,27.76435856146001,1.9860440150295222,0.24825550187869028,26.878690284487387,4.468599033816425,0.9460547504025765
90,16.190284487385938,5.401234567901234,7.675791733762749,8.3064949006978,27.70397208803006,1.9860440150295222,0.24825550187869028,27.18733225979603,4.193505099302201,1.107085346215781
91,16.358024691358025,5.387815351583468,10.017444981213098,8.239398819108963,25.77831454643049,1.9726247987117553,0.24825550187869028,26.992753623188406,3.898282340311326,1.107085346215781
92,15.807836822329575,5.374396135265701,9.876543209876543,6.454643048845948,28.703703703703702,1.9726247987117553,0.24825550187869028,26.778046162104133,3.6768652710681695,1.107085346215781
93,14.398819108964037,5.347557702630167,6.501610305958132,5.548845947396672,37.5805152979066,0.9594739667203436,0.15432098765432098,25.97289318303811,2.428878153515835,1.107085346215781
94,14.720880300590446,5.347557702630167,6.481481481481482,5.548845947396672,37.25845410628019,0.9594739667203436,0.15432098765432098,25.865539452495973,2.5563607085346214,1.107085346215781
95,14.935587761674718,5.347557702630167,6.481481481481482,5.548845947396672,37.13768115942029,0.9594739667203436,0.15432098765432098,25.791733762748255,2.5563607085346214,1.0869565217391304
96,14.868491680085883,5.159688674181428,5.978260869565218,5.267042404723564,36.22517444981213,0.7179280730005367,0.15432098765432098,27.30810520665593,3.2340311325818574,1.0869565217391304
97,15.177133655394526,5.146269457863661,5.978260869565218,5.280461621041331,35.88298443370907,0.7179280730005367,0.15432098765432098,27.274557165861513,3.3011272141706924,1.0869565217391304
98,15.76086956521739,5.119431025228127,5.897745571658615,5.246913580246914,35.50053676865271,0.7179280730005367,0.15432098765432098,26.94578636607622,3.569511540526033,1.0869565217391304
99,15.821256038647343,5.119431025228127,5.83064949006978,5.213365539452496,35.97691894793344,0.7179280730005367,0.15432098765432098,26.31508319914117,3.670155662909286,1.1808910359634996
100,15.955448201825014,5.01207729468599,6.4412238325281805,5.347557702630167,35.74208266237252,0.7179280730005367,0.15432098765432098,25.684380032206118,3.7640901771336552,1.1808910359634996
101,16.35131508319914,4.985238862050457,6.4412238325281805,5.300590445517981,35.59447128287708,0.7179280730005367,0.15432098765432098,25.509930220075148,3.7640901771336552,1.1808910359634996
102,16.53918411164788,4.985238862050457,6.414385399892646,5.300590445517981,35.48040794417606,0.7179280730005367,0.15432098765432098,25.462962962962962,3.7640901771336552,1.1808910359634996
103,17.05582393988191,4.918142780461621,6.414385399892646,5.287171229200215,34.97047772410091,0.7179280730005367,0.15432098765432098,25.41599570585078,3.8848631239935587,1.1808910359634996
104,17.10950080515298,4.87788513150832,6.407675791733762,5.173107890499195,35.28582930756844,0.7179280730005367,0.15432098765432098,25.268384326355342,3.824476650563607,1.1808910359634996
105,17.632850241545892,4.8376274825550185,6.394256575415996,5.186527106816962,34.95034889962426,0.7179280730005367,0.15432098765432098,25.241545893719806,3.7037037037037037,1.1808910359634996
106,15.848094471282877,4.180085882984434,6.273483628556092,4.723564143853999,42.93478260869565,2.2410091250670963,0.15432098765432098,19.558507783145465,3.0931293612453032,0.9930220075147611
107,16.337895866881375,4.1532474503489,6.260064412238325,4.676596886741814,42.67981749865808,2.227589908749329,0.15432098765432098,19.45115405260333,3.066290928609769,0.9930220075147611
108,16.63311862587225,4.1532474503489,6.233225979602791,5.052334943639291,42.14975845410628,2.227589908749329,0.15432098765432098,19.363929146537842,3.0394524959742353,0.9930220075147611
109,16.666666666666668,4.1532474503489,8.454106280193237,5.072463768115942,40.324745034889965,2.227589908749329,0.15432098765432098,19.16935050993022,2.7844873859366612,0.9930220075147611
110,17.143048845947398,4.1129898013955986,8.393719806763285,5.025496511003757,40.103327965646805,2.214170692431562,0.15432098765432098,19.11567364465915,2.7442297369833604,0.9930220075147611
111,17.639559849704778,4.1129898013955986,8.252818035426731,5.166398282340311,39.660493827160494,2.214170692431562,0.15432098765432098,18.968062265163713,2.844873859366613,0.9863123993558777
112,16.955179817498657,4.086151368760064,7.75630703166935,5.025496511003757,37.96967257112185,4.1129898013955986,0.13419216317767044,20.632045088566827,2.5026838432635534,0.8252818035426731
113,17.136339237788512,4.086151368760064,7.722758990874933,4.985238862050457,37.9092860976919,4.1129898013955986,0.13419216317767044,20.591787439613526,2.49597423510467,0.8252818035426731
114,17.659688674181428,4.045893719806763,7.709339774557166,4.9718196457326895,37.754965110037574,4.1129898013955986,0.13419216317767044,20.30998389694042,2.475845410628019,0.8252818035426731
115,17.726784755770264,4.045893719806763,7.615405260332796,4.9718196457326895,37.67444981213097,4.851046698872786,0.13419216317767044,19.699409554482017,2.475845410628019,0.8051529790660226
116,16.99543746645196,4.005636070853462,7.306763285024155,4.555823939881911,39.9020397208803,4.790660225442834,0.13419216317767044,19.269994632313473,2.2342995169082127,0.8051529790660226
117,15.861513687600644,3.9720880300590444,7.0383789586688135,4.186795491143317,42.169887278582934,4.736983360171766,0.13419216317767044,19.135802469135804,1.9592055823939882,0.8051529790660226
118,16.445249597423512,3.9519592055823938,6.977992485238862,4.180085882984434,41.8142780461621,4.643048845947397,0.13419216317767044,19.061996779388085,1.9927536231884058,0.798443370907139
119,16.72705314009662,3.9184111647879765,6.957863660762212,4.1129898013955986,41.6935050993022,4.643048845947397,0.13419216317767044,19.02173913043478,1.9927536231884058,0.798443370907139
120,17.156468062265162,3.9184111647879765,6.9243156199677935,4.1129898013955986,41.44524959742351,4.569243156199678,0.13419216317767044,18.947933440687063,1.9927536231884058,0.798443370907139
121,17.693236714975846,3.8915727321524423,6.823671497584541,4.0995705850778315,41.217122920021474,4.49543746645196,0.13419216317767044,18.793612453032743,2.073268921095008,0.7783145464304885
122,17.814009661835748,3.824476650563607,7.051798174986581,5.394524959742351,39.741009125067094,3.965378421900161,0.13419216317767044,19.176060118089104,2.120236178207193,0.7783145464304885
123,18.256843800322063,3.7573805689747717,9.185453569511541,5.360976918947934,37.58722490606549,3.8311862587224907,0.13419216317767044,19.02173913043478,2.0933977455716586,0.7716049382716049
124,18.874127750939344,3.7573805689747717,9.078099838969404,5.340848094471283,37.07058507783145,3.7640901771336552,0.13419216317767044,18.92109500805153,2.2879763821792807,0.7716049382716049
125,18.968062265163713,3.6097691894793345,8.984165324745035,5.213365539452496,36.02388620504563,4.582662372517445,0.13419216317767044,19.424315619967793,2.2879763821792807,0.7716049382716049
126,19.182769726247987,3.5762211486849167,8.896940418679549,5.381105743424584,35.849436392914654,4.582662372517445,0.13419216317767044,19.33709071390231,2.2879763821792807,0.7716049382716049
127,19.43773483628556,3.569511540526033,8.870101986044014,5.360976918947934,35.621309715512616,4.64975845410628,0.13419216317767044,19.189479334406872,2.395330112721417,0.7716049382716049
128,19.83360171765969,3.569511540526033,8.856682769726248,5.3341384863123995,35.46698872785829,4.575952764358561,0.13419216317767044,19.061996779388085,2.395330112721417,0.7716049382716049
129,20.04830917874396,3.569511540526033,8.82313472893183,5.589103596349974,35.17176596886742,4.569243156199678,0.13419216317767044,18.914385399892645,2.408749329039184,0.7716049382716049
130,19.6256038647343,3.569511540526033,8.085077831454644,5.394524959742351,34.655126140633385,6.830381105743425,0.13419216317767044,18.54535695115405,2.187332259796028,0.9728931830381106
131,19.880568974771872,3.569511540526033,8.024691358024691,5.401234567901234,34.514224369296834,6.823671497584541,0.13419216317767044,18.337359098228664,2.3483628556092326,0.966183574879227
132,18.57890499194847,3.5292538915727323,7.87037037037037,4.7168545356951155,39.84836285560923,5.059044551798175,0.24154589371980675,17.23027375201288,2.0263016639828235,0.8990874932903918
133,18.867418142780462,3.5292538915727323,7.769726247987117,4.690016103059581,39.69404186795491,4.951690821256038,0.24154589371980675,17.23027375201288,2.1269457863660763,0.8990874932903918
134,19.061996779388085,3.515834675254965,7.7361782071927,4.683306494900698,39.56655931293612,4.951690821256038,0.24154589371980675,17.216854535695116,2.1269457863660763,0.8990874932903918
135,19.343800322061192,3.515834675254965,7.675791733762749,4.656468062265164,39.472624798711756,4.938271604938271,0.24154589371980675,17.12962962962963,2.1269457863660763,0.8990874932903918
136,18.90096618357488,3.4017713365539453,7.675791733762749,4.622920021470746,38.97611379495437,4.938271604938271,0.24154589371980675,18.149490069779926,2.2342995169082127,0.8588298443370908
137,18.726516371443907,3.4017713365539453,9.520933977455716,4.4820182501341925,37.043746645195924,4.575952764358561,0.24154589371980675,19.39747718733226,1.751207729468599,0.8588298443370908
138,19.088835212023618,3.4017713365539453,9.46725711218465,4.723564143853999,36.72168545356951,4.609500805152979,0.24154589371980675,19.155931293612454,1.7310789049919484,0.8588298443370908
139,19.269994632313473,3.3950617283950617,9.447128287707997,4.663177670424047,36.553945249597426,4.676596886741814,0.24154589371980675,18.96135265700483,1.9457863660762211,0.8454106280193237
140,19.45115405260333,3.3950617283950617,9.386741814278047,4.7638217928073,36.3191089640365,4.783950617283951,0.24154589371980675,18.894256575415994,1.9189479334406871,0.8454106280193237
141,19.85373054213634,3.3950617283950617,9.346484165324744,4.696725711218465,35.97691894793344,4.783950617283951,0.24154589371980675,18.800322061191626,2.059849704777241,0.8454106280193237
142,19.404186795491142,3.3950617283950617,9.292807300053678,2.9253891572732154,34.23913043478261,4.569243156199678,0.24154589371980675,22.893183038110575,2.227589908749329,0.8118625872249061
143,19.605475040257648,3.294417606011809,9.292807300053678,3.0193236714975846,34.14519592055824,4.569243156199678,0.24154589371980675,22.79253891572732,2.227589908749329,0.8118625872249061
144,20.162372517444982,3.294417606011809,9.252549651100376,3.0193236714975846,33.87010198604401,4.448470209339774,0.24154589371980675,22.611379495437465,2.2946859903381642,0.8051529790660226
145,20.48443370907139,3.2877079978529253,9.23913043478261,2.9924852388620504,33.7157809983897,4.428341384863124,0.24154589371980675,22.510735373054214,2.2946859903381642,0.8051529790660226
146,20.860171765968868,3.260869565217391,9.178743961352657,3.260869565217391,33.25952764358561,4.414922168545357,0.24154589371980675,22.423510466988727,2.2946859903381642,0.8051529790660226
147,21.115136876006442,3.260869565217391,9.138486312399356,3.260869565217391,33.13204508856683,4.414922168545357,0.24154589371980675,22.356414385399894,2.2745571658615136,0.8051529790660226
148,21.631776704240472,3.260869565217391,9.07139023081052,3.240740740740741,32.80327428878154,4.508856682769726,0.24154589371980675,22.16183574879227,2.2745571658615136,0.8051529790660226
149,21.732420826623724,3.227321524422974,9.05126140633387,3.227321524422974,32.749597423510465,4.562533548040794,0.24154589371980675,22.128287707997853,2.2745571658615136,0.8051529790660226
150,21.960547504025765,3.166935050993022,9.05126140633387,3.227321524422974,32.6154052603328,4.830917874396135,0.24154589371980675,21.83977455716586,2.2611379495437465,0.8051529790660226
151,21.349973161567366,3.1333870101986045,8.433977455716587,3.0931293612453032,31.736446591519055,5.387815351583468,0.24154589371980675,23.557434245840042,2.2611379495437465,0.8051529790660226
152,21.658615136876005,3.113258185721954,8.360171765968868,3.079710144927536,31.427804616210413,5.60252281266774,0.24154589371980675,23.450080515297905,2.2611379495437465,0.8051529790660226
153,21.926999463231347,3.099838969404187,8.293075684380032,3.079710144927536,31.32716049382716,5.58239398819109,0.24154589371980675,23.382984433709073,2.2611379495437465,0.8051529790660226
154,22.10144927536232,3.0864197530864197,8.179012345679013,3.3480944712828773,31.07890499194847,5.595813204508857,0.24154589371980675,23.18840579710145,2.2611379495437465,0.9192163177670424
155,22.322866344605476,3.0864197530864197,8.165593129361245,3.3480944712828773,30.9447128287708,5.542136339237788,0.24154589371980675,23.17498658078368,2.254428341384863,0.9192163177670424
156,22.685185185185187,3.0864197530864197,8.13875469672571,3.3413848631239937,30.797101449275363,5.501878690284487,0.24154589371980675,23.047504025764894,2.2410091250670963,0.9192163177670424
157,22.81266774020397,3.0730005367686526,8.085077831454644,3.4420289855072466,30.743424584004295,5.501878690284487,0.24154589371980675,22.940150295222757,2.2410091250670963,0.9192163177670424
158,23.221953837895867,3.0059044551798175,8.051529790660226,3.4420289855072466,30.52200751476114,5.448201825013419,0.24154589371980675,22.906602254428343,2.2410091250670963,0.9192163177670424
159,22.966988727858293,2.576489533011272,9.98389694041868,3.3548040794417604,30.273752012882447,5.428073000536768,0.24154589371980675,21.926999463231347,2.328234031132582,0.9192163177670424
160,23.282340311325818,2.576489533011272,9.943639291465379,3.3279656468062266,30.18652710681696,5.407944176060118,0.24154589371980675,21.786097691894792,2.328234031132582,0.9192163177670424
161,23.564143853998928,2.576489533011272,9.856414385399892,3.3145464304884595,30.10601180891036,5.407944176060118,0.24154589371980675,21.68545356951154,2.328234031132582,0.9192163177670424
162,23.18840579710145,2.5697799248523885,9.520933977455716,4.924852388620504,29.367954911433173,5.407944176060118,0.24154589371980675,21.631776704240472,2.227589908749329,0.9192163177670424
163,23.557434245840042,2.5563607085346214,9.420289855072463,4.8443370907139025,29.274020397208805,5.407944176060118,0.24154589371980675,21.55126140633387,2.227589908749329,0.9192163177670424
164,23.89291465378422,2.5429414922168547,9.420289855072463,4.810789049919484,29.146537842190018,5.347557702630167,0.24154589371980675,21.484165324745035,2.1940418679549114,0.9192163177670424
165,23.960010735373054,2.5429414922168547,9.39345142243693,4.804079441760601,29.03918411164788,5.770263016639828,0.24154589371980675,21.141975308641975,2.187332259796028,0.9192163177670424
166,23.698336017176597,2.5429414922168547,9.272678475577026,4.74369296833065,26.093666129898015,7.5348899624261945,0.24154589371980675,22.67176596886742,2.1806226516371443,1.0198604401502953
167,23.8191089640365,2.4691358024691357,9.514224369296834,4.9718196457326895,25.805152979066023,7.353730542136339,0.24154589371980675,22.63150831991412,2.1739130434782608,1.0198604401502953
168,23.879495437466453,2.4691358024691357,9.514224369296834,5.199946323134729,25.577026301663984,7.326892109500805,0.24154589371980675,22.38996242619431,2.38191089640365,1.0198604401502953
169,24.033816425120772,2.4691358024691357,9.500805152979066,5.199946323134729,25.41599570585078,7.27992485238862,0.24154589371980675,22.27589908749329,2.563070316693505,1.0198604401502953
170,24.248523886205046,2.4490069779924855,9.500805152979066,5.199946323134729,25.34219001610306,7.27992485238862,0.35560923242082665,22.04777241009125,2.5563607085346214,1.0198604401502953
171,24.691358024691358,2.4490069779924855,9.473966720343531,5.179817498658078,25.140901771336555,7.192699946323135,0.35560923242082665,21.940418679549115,2.5563607085346214,1.0198604401502953
172,25.15432098765432,2.4490069779924855,9.373322597960279,5.3274288781535155,24.90606548577563,6.984702093397746,0.3488996242619431,21.900161030595815,2.536231884057971,1.0198604401502953
173,25.44283413848631,2.4490069779924855,9.353193773483628,5.300590445517981,24.818840579710145,6.964573268921095,0.3488996242619431,21.792807300053678,2.509393451422437,1.0198604401502953
174,23.376274825550187,2.408749329039184,8.232689210950081,4.643048845947397,31.233225979602793,5.83064949006978,0.3488996242619431,20.9272678475577,1.9793344068706387,1.0198604401502953
175,23.74530327428878,2.408749329039184,8.185721953837897,4.985238862050457,30.803811057434245,5.770263016639828,0.33548040794417605,20.7662372517445,1.9793344068706387,1.0198604401502953
176,23.95330112721417,2.408749329039184,8.085077831454644,5.173107890499195,28.804347826086957,7.96430488459474,0.33548040794417605,20.397208803005906,1.8585614600107354,1.0198604401502953
177,24.261943102522814,2.408749329039184,8.051529790660226,5.2066559312936125,28.556092324208265,7.950885668276973,0.33548040794417605,20.2361782071927,1.9726247987117553,1.0198604401502953
178,24.490069779924852,2.408749329039184,8.038110574342458,5.2066559312936125,28.509125067096083,7.87037037037037,0.33548040794417605,20.148953301127214,1.9726247987117553,1.0198604401502953
179,25.02012882447665,2.408749329039184,8.011272141706923,4.998658078368224,28.119967793880836,7.836822329575953,0.33548040794417605,20.189210950080515,2.059849704777241,1.0198604401502953
180,24.14787976382179,2.395330112721417,7.977724100912507,4.898013955984971,27.24771873322598,10.319377348362856,0.33548040794417605,19.632313472893184,2.0397208803005906,1.0064412238325282
181,24.329039184111647,2.3752012882447664,7.971014492753623,4.810789049919484,27.093397745571657,10.319377348362856,0.33548040794417605,19.51825013419216,2.2410091250670963,1.0064412238325282
182,24.570585077831456,2.3752012882447664,8.105206655931294,5.119431025228127,26.77133655394525,10.225442834138486,0.33548040794417605,19.249865807836823,2.2410091250670963,1.0064412238325282
183,24.859098228663445,2.3752012882447664,8.038110574342458,5.119431025228127,26.67740203972088,10.178475577026301,0.33548040794417605,19.182769726247987,2.227589908749329,1.0064412238325282
184,25.248255501878692,2.3752012882447664,8.031400966183575,5.119431025228127,26.54320987654321,10.111379495437467,0.33548040794417605,19.00161030595813,2.227589908749329,1.0064412238325282
185,25.543478260869566,2.3752012882447664,7.9039184111647875,5.119431025228127,26.50966183574879,10.050993022007514,0.33548040794417605,18.95464304884595,2.200751476113795,1.0064412238325282
186,25.83870101986044,2.3617820719269993,7.856951154052603,5.005367686527107,26.40901771336554,10.332796564680622,0.32877079978529256,18.666129898013956,2.1940418679549114,1.0064412238325282
187,26.234567901234566,2.3617820719269993,7.856951154052603,4.99194847020934,26.234567901234566,10.25228126677402,0.32877079978529256,18.592324208266238,2.1403650026838434,1.0064412238325282
188,26.44927536231884,2.3081052066559313,7.856951154052603,4.944981213097155,26.187600644122384,10.071121846484166,0.32877079978529256,18.42458400429415,2.2879763821792807,1.1406333870101986
189,24.490069779924852,1.7981749865807837,5.776972624798712,4.696725711218465,33.50107353730542,9.353193773483628,0.32877079978529256,16.6532474503489,2.2611379495437465,1.1406333870101986
190,24.771873322597962,1.7981749865807837,5.743424584004294,4.696725711218465,33.25281803542673,9.353193773483628,0.32877079978529256,16.59957058507783,2.314814814814815,1.1406333870101986
191,25.207997852925388,1.6103059581320451,5.743424584004294,4.790660225442834,33.03811057434246,9.232420826623725,0.32877079978529256,16.49892646269458,2.408749329039184,1.1406333870101986
192,25.37573805689748,1.6103059581320451,5.743424584004294,4.783950617283951,32.971014492753625,9.232420826623725,0.32877079978529256,16.404991948470208,2.408749329039184,1.1406333870101986
193,25.55689747718733,1.6103059581320451,5.723295759527644,5.025496511003757,32.76301663982824,9.078099838969404,0.32877079978529256,16.384863123993558,2.3886205045625335,1.1406333870101986
194,25.93263553408481,1.6103059581320451,5.8172302737520125,5.025496511003757,32.44095544820183,8.970746108427267,0.32877079978529256,16.35131508319914,2.38191089640365,1.1406333870101986
195,26.100375738056897,1.570048309178744,5.803811057434245,4.891304347826087,32.15915190552872,8.970746108427267,0.32877079978529256,16.398282340311326,2.636876006441224,1.1406333870101986
196,26.39559849704777,1.5633387010198605,5.783682232957595,5.018786902844874,31.843800322061192,9.118357487922705,0.32877079978529256,16.190284487385938,2.6167471819645733,1.1406333870101986
197,24.58400429414922,8.480944712828771,4.723564143853999,4.38137412775094,30.132850241545892,8.57487922705314,0.32877079978529256,15.096618357487923,2.6167471819645733,1.0802469135802468
198,24.993290391841118,8.454106280193237,4.723564143853999,4.367954911433173,29.851046698872786,8.561460010735374,0.32877079978529256,15.022812667740205,2.6167471819645733,1.0802469135802468
199,25.006709608158882,8.279656468062266,4.723564143853999,4.51556629092861,29.911433172302736,8.541331186258722,0.32877079978529256,15.002683843263553,2.6167471819645733,1.0735373054213635
200,25.301932367149757,8.272946859903382,4.723564143853999,4.51556629092861,29.736983360171767,8.527911969940956,0.32877079978529256,14.814814814814815,2.703972088030059,1.0735373054213635
201,25.617283950617285,8.225979602791197,4.723564143853999,4.51556629092861,29.61621041331186,8.440687063875469,0.32877079978529256,14.76784755770263,2.690552871712292,1.0735373054213635
202,25.825281803542673,8.064949006977992,4.690016103059581,4.636339237788513,29.54911433172303,8.440687063875469,0.32877079978529256,14.714170692431562,2.677133655394525,1.0735373054213635
203,25.697799248523886,7.991143317230274,4.5893719806763285,4.361245303274289,31.38083735909823,7.742887815351583,0.30864197530864196,14.123725174449811,2.7308105206655933,1.0735373054213635
204,26.093666129898015,7.924047235641439,4.569243156199678,4.300858829844337,31.19296833064949,7.722758990874933,0.30864197530864196,14.103596349973161,2.7106816961889426,1.0735373054213635
205,26.41572732152442,7.924047235641439,4.569243156199678,4.280730005367687,30.96484165324745,7.722758990874933,0.30864197530864196,14.036500268384327,2.7106816961889426,1.06682769726248
206,26.670692431561996,7.924047235641439,4.51556629092861,4.280730005367687,30.870907139023082,7.62211486849168,0.30864197530864196,14.036500268384327,2.703972088030059,1.06682769726248
207,26.898819108964037,7.890499194847021,4.51556629092861,4.3478260869565215,30.723295759527645,7.62211486849168,0.30193236714975846,13.81508319914117,2.703972088030059,1.1808910359634996
208,27.375201288244767,7.890499194847021,4.40150295222759,4.508856682769726,30.18652710681696,7.514761137949543,0.30193236714975846,13.6406333870102,2.8784219001610305,1.3016639828234031
209,27.851583467525497,7.85024154589372,4.394793344068707,4.502147074610843,29.857756307031668,7.4141170155662905,0.30193236714975846,13.546698872785829,3.012614063338701,1.2681159420289856
210,28.06629092860977,7.843531937734836,4.374664519592056,4.7101449275362315,29.643048845947398,7.387278582930757,0.30193236714975846,13.419216317767042,2.985775630703167,1.2681159420289856
211,28.14009661835749,7.836822329575953,4.341116478797638,4.918142780461621,29.54911433172303,7.360440150295223,0.30193236714975846,13.298443370907139,2.985775630703167,1.2681159420289856
212,28.29441760601181,7.836822329575953,4.334406870638754,5.300590445517981,29.320987654320987,7.273215244229737,0.30193236714975846,13.137412775093935,2.932098765432099,1.2681159420289856
213,28.462157809983896,7.769726247987117,4.334406870638754,5.293880837359098,29.260601180891037,7.273215244229737,0.30193236714975846,13.170960815888352,2.932098765432099,1.2010198604401503
214,28.904991948470208,7.702630166398282,4.334406870638754,5.293880837359098,29.025764895330113,7.212828770799785,0.30193236714975846,13.144122383252817,2.8784219001610305,1.2010198604401503
215,29.025764895330113,7.695920558239399,4.253891572732153,5.434782608695652,28.878153515834676,7.212828770799785,0.2885131508319914,13.130703166935051,2.8784219001610305,1.2010198604401503
216,29.13311862587225,7.615405260332796,4.233762748255502,5.528717122920021,28.703703703703702,7.212828770799785,0.2885131508319914,13.083735909822867,2.999194847020934,1.2010198604401503
217,29.441760601180892,7.615405260332796,4.213633923778851,5.515297906602254,28.56280193236715,7.199409554482019,0.28180354267310787,12.969672571121846,2.999194847020934,1.2010198604401503
218,29.797369833601717,7.615405260332796,4.213633923778851,5.508588298443371,28.368223295759528,7.14573268921095,0.28180354267310787,12.869028448738593,2.999194847020934,1.2010198604401503
219,30.307300053676865,7.548309178743962,4.166666666666667,5.508588298443371,28.093129361245303,7.139023081052066,0.28180354267310787,12.822061191626409,2.9388083735909825,1.1943102522812667
