,45,50,51,55,52,54,53,56,58,60,57,59,61
0,99.60413311862587,0.39586688137412773,,,,,,,,,,,
1,99.1814278046162,0.8185721953837896,,,,,,,,,,,
2,98.67149758454106,1.328502415458937,,,,,,,,,,,
3,93.8137412775094,6.1862587224906065,,,,,,,,,,,
4,90.04965110037574,9.950348899624261,,,,,,,,,,,
5,89.51959205582394,10.34621578099839,0.13419216317767044,,,,,,,,,,
6,88.81508319914117,11.05072463768116,0.13419216317767044,,,,,,,,,,
7,87.52012882447666,12.345679012345679,0.13419216317767044,,,,,,,,,,
8,87.2181964573269,12.647611379495437,0.13419216317767044,,,,,,,,,,
9,86.26543209876543,13.56682769726248,0.13419216317767044,0.03354804079441761,,,,,,,,,
10,82.25979602791197,17.55233494363929,0.15432098765432098,0.03354804079441761,,,,,,,,,
11,80.91787439613526,18.726516371443907,0.15432098765432098,0.03354804079441761,0.16774020397208803,,,,,,,,
12,80.1328502415459,19.384057971014492,0.28180354267310787,0.03354804079441761,0.16774020397208803,,,,,,,,
13,79.22705314009661,20.28985507246377,0.28180354267310787,0.03354804079441761,0.16774020397208803,,,,,,,,
14,78.52925389157274,20.685721953837895,0.28180354267310787,0.33548040794417605,0.16774020397208803,,,,,,,,
15,68.38432635534085,31.01851851851852,0.1274825550187869,0.30193236714975846,0.16774020397208803,,,,,,,,
16,67.06253354804079,30.173107890499196,0.1274825550187869,0.30193236714975846,2.3349436392914655,,,,,,,,
17,66.00912506709608,31.159420289855074,0.1274825550187869,0.30193236714975846,2.3349436392914655,0.06709608158883522,,,,,,,
18,65.56629092860977,31.602254428341386,0.1274825550187869,0.30193236714975846,2.3349436392914655,0.06709608158883522,,,,,,,
19,61.3996242619431,34.084809447128286,1.4895330112721417,0.5434782608695652,2.3349436392914655,0.14761137949543746,,,,,,,
20,59.695383789586685,32.83682232957595,5.642780461621041,0.5837359098228664,0.5032206119162641,0.7380568974771873,,,,,,,
21,58.97745571658615,30.50858829844337,8.702361782071927,0.5703166935050993,0.5032206119162641,0.7380568974771873,,,,,,,
22,56.68947933440687,32.83682232957595,8.709071390230811,0.5703166935050993,0.4562533548040794,0.7380568974771873,,,,,,,
23,56.56870638754697,32.83682232957595,8.84326355340848,0.5703166935050993,0.4562533548040794,0.7246376811594203,,,,,,,
24,53.33467525496511,32.80327428878154,9.876543209876543,0.5703166935050993,1.2345679012345678,0.8454106280193237,1.3352120236178207,,,,,,
25,52.220880300590444,33.823134728931834,9.849704777241008,0.5703166935050993,1.3553408480944713,0.8454106280193237,1.3352120236178207,,,,,,
26,51.36205045625336,34.15190552871712,9.842995169082126,0.5434782608695652,1.4224369296833066,1.1876006441223832,1.4895330112721417,,,,,,
27,51.38217928073001,34.064680622651636,9.688674181427805,0.5434782608695652,1.4224369296833066,1.1741814278046163,1.583467525496511,0.14090177133655393,,,,,
28,49.75174449812131,35.39989264626946,9.782608695652174,0.8118625872249061,1.4224369296833066,1.107085346215781,1.583467525496511,0.14090177133655393,,,,,
29,49.61084272678475,35.46698872785829,9.856414385399892,0.8118625872249061,1.4224369296833066,1.107085346215781,1.583467525496511,0.14090177133655393,,,,,
30,19.746376811594203,70.6857219538379,1.8384326355340848,4.30756843800322,0.2885131508319914,0.08051529790660225,2.8515834675254963,0.14090177133655393,0.06038647342995169,,,,
31,19.162640901771336,67.88110574342458,1.9860440150295222,6.823671497584541,0.2885131508319914,0.08051529790660225,3.4688674181427803,0.14090177133655393,0.16774020397208803,,,,
32,18.96135265700483,68.00858829844337,1.9860440150295222,6.830381105743425,0.2885131508319914,0.12077294685990338,3.4286097691894795,0.14090177133655393,0.16774020397208803,0.06709608158883522,,,
33,18.149490069779926,68.26355340848094,2.328234031132582,7.159151905528717,0.3153515834675255,0.12077294685990338,3.4286097691894795,,0.16774020397208803,0.06709608158883522,,,
34,18.19645732689211,67.68652710681697,2.38191089640365,7.427536231884058,0.3153515834675255,0.12077294685990338,3.3816425120772946,0.17444981213097155,0.16774020397208803,0.06709608158883522,0.08051529790660225,,
35,18.451422436929683,65.76086956521739,2.442297369833602,9.104938271604938,0.2885131508319914,0.12077294685990338,3.260869565217391,0.17444981213097155,0.16774020397208803,0.14761137949543746,0.08051529790660225,,
36,18.51851851851852,64.91545893719807,2.328234031132582,9.75577026301664,0.4092860976918948,0.23483628556092323,3.1870638754696725,0.17444981213097155,0.1610305958132045,0.14761137949543746,0.16774020397208803,,
37,18.38432635534085,64.38539989264628,2.301395598497048,10.25228126677402,0.4092860976918948,0.23483628556092323,3.3279656468062266,0.17444981213097155,0.1610305958132045,0.14761137949543746,0.16774020397208803,0.05367686527106817,
38,18.364197530864196,63.5601180891036,2.328234031132582,10.420021470746109,0.4562533548040794,0.5568974771873323,3.5292538915727323,0.17444981213097155,0.24154589371980675,0.14761137949543746,0.16774020397208803,0.05367686527106817,
39,18.45813204508857,61.782071926999464,2.281266774020397,11.990069779924852,0.4562533548040794,0.6374127750939346,3.5292538915727323,0.17444981213097155,0.24154589371980675,0.14761137949543746,0.24825550187869028,0.05367686527106817,
40,18.49838969404187,61.37949543746645,2.281266774020397,12.23161567364466,0.4562533548040794,0.7581857219538379,3.5292538915727323,0.17444981213097155,0.24154589371980675,0.14761137949543746,0.24825550187869028,0.05367686527106817,
41,18.491680085882983,61.14465915190553,2.033011272141707,12.218196457326892,0.4562533548040794,0.9057971014492754,3.8848631239935587,0.17444981213097155,0.24154589371980675,0.14761137949543746,0.24825550187869028,0.05367686527106817,
42,18.813741277509394,60.64143853998927,2.059849704777241,12.29200214707461,0.4562533548040794,0.9057971014492754,3.8848631239935587,0.17444981213097155,0.24154589371980675,0.14761137949543746,0.32877079978529256,0.05367686527106817,
43,18.59903381642512,60.33279656468062,2.086688137412775,12.00348899624262,0.4562533548040794,0.966183574879227,3.8848631239935587,0.95276435856146,0.24154589371980675,0.14761137949543746,0.32877079978529256,,
44,18.63929146537842,59.23242082662372,2.086688137412775,13.063607085346217,0.4562533548040794,0.966183574879227,3.8848631239935587,0.95276435856146,0.24154589371980675,0.14761137949543746,0.32877079978529256,,
45,18.867418142780462,58.299785292538914,2.120236178207193,13.580246913580247,0.4562533548040794,0.966183574879227,3.844605475040258,1.1674718196457328,0.24154589371980675,0.1274825550187869,0.32877079978529256,,
46,18.947933440687063,57.39398819108964,2.1604938271604937,13.513150831991412,0.4562533548040794,1.6371443907675791,3.750670960815888,1.1003757380568975,0.5568974771873323,0.1274825550187869,0.32877079978529256,0.026838432635534086,
47,18.773483628556093,56.85050993022008,2.200751476113795,13.66076221148685,0.4562533548040794,2.1739130434782608,3.743961352657005,1.1003757380568975,0.5568974771873323,0.1274825550187869,0.32877079978529256,0.026838432635534086,
48,18.733225979602793,56.387546967257116,2.2342995169082127,14.110305958132045,0.4562533548040794,2.2879763821792807,3.6500268384326353,1.1003757380568975,0.5568974771873323,0.1274825550187869,0.32877079978529256,0.026838432635534086,
49,18.69296833064949,56.03193773483628,2.2342995169082127,14.42565754159957,0.4428341384863124,2.38191089640365,3.6500268384326353,1.1003757380568975,0.5568974771873323,0.1274825550187869,0.32877079978529256,0.026838432635534086,
50,18.739935587761675,55.43478260869565,2.2342995169082127,14.814814814814815,0.4428341384863124,2.5429414922168547,3.6768652710681695,1.1003757380568975,0.5568974771873323,0.1274825550187869,0.30193236714975846,0.026838432635534086,
51,18.290391841116477,53.898282340311326,2.2208803005904456,14.74771873322598,0.322061191626409,2.5429414922168547,5.870907139023081,1.093666129898014,0.5568974771873323,0.1274825550187869,0.30193236714975846,0.026838432635534086,
52,17.62614063338701,54.37466451959206,2.0665593129361244,15.096618357487923,0.322061191626409,2.536231884057971,5.870907139023081,1.093666129898014,0.5568974771873323,0.1274825550187869,0.30193236714975846,0.026838432635534086,
53,17.599302200751477,53.71041331186259,2.0665593129361244,15.344873859366613,0.9125067096081588,2.61003757380569,5.669618894256575,1.0735373054213635,0.5568974771873323,0.1274825550187869,0.30193236714975846,0.026838432635534086,
54,16.364734299516908,51.82501341921632,5.528717122920021,15.640096618357488,0.9125067096081588,2.717391304347826,5.24020397208803,1.0399892646269457,0.39586688137412773,0.1274825550187869,0.18115942028985507,0.026838432635534086,
55,16.431830381105744,49.89264626945786,5.528717122920021,14.593397745571659,0.8923778851315083,5.723295759527644,5.24020397208803,1.0131508319914118,0.39586688137412773,0.08051529790660225,0.18115942028985507,0.026838432635534086,
56,15.955448201825014,48.993558776167475,5.501878690284487,13.499731615673644,0.8923778851315083,7.816693505099302,5.381105743424584,1.0131508319914118,0.5434782608695652,0.2281266774020397,0.14761137949543746,0.026838432635534086,
57,16.317767042404725,47.497316156736446,5.495169082125604,14.600107353730541,0.8923778851315083,7.776435856146001,5.347557702630167,0.9863123993558777,0.5434782608695652,0.3153515834675255,0.1610305958132045,0.06709608158883522,
58,16.337895866881375,47.36983360171766,5.495169082125604,14.452495974235104,0.8923778851315083,7.474503488996243,5.542136339237788,0.9863123993558777,0.7581857219538379,0.3153515834675255,0.30864197530864196,0.06709608158883522,
59,15.593129361245303,44.18276972624799,4.072732152442297,13.633923778851315,2.9723564143853998,8.59500805152979,8.601717659688674,0.9594739667203436,0.7447665056360708,0.3153515834675255,0.2616747181964573,0.06709608158883522,
60,15.398550724637682,42.41814278046162,4.0995705850778315,15.230810520665592,3.1199677938808374,8.601717659688674,8.521202361782072,1.1741814278046163,0.7917337627482555,0.3153515834675255,0.2616747181964573,0.06709608158883522,
61,15.425389157273216,41.0024154589372,4.146537842190016,16.371443907675793,3.2541599570585076,8.527911969940956,8.521202361782072,1.3419216317767042,0.7648953301127214,0.3153515834675255,0.2616747181964573,0.06709608158883522,
62,15.519323671497585,40.264358561460014,4.146537842190016,16.076221148684915,3.2541599570585076,9.27938808373591,8.722490606548577,1.3419216317767042,0.7514761137949544,0.3153515834675255,0.2616747181964573,0.06709608158883522,
63,15.640096618357488,40.11674718196457,4.146537842190016,15.942028985507246,3.3145464304884595,9.272678475577026,8.829844337090714,1.328502415458937,0.7648953301127214,0.3153515834675255,0.2616747181964573,0.06709608158883522,
64,15.74074074074074,38.93585614600107,5.152979066022544,15.901771336553946,3.2877079978529253,9.125067096081589,9.252549651100376,1.2815351583467525,0.6776704240472357,0.3153515834675255,0.2616747181964573,0.06709608158883522,
65,15.935319377348362,38.73456790123457,5.226784755770263,15.807836822329575,3.2877079978529253,9.172034353193773,9.111647879763822,1.2815351583467525,0.798443370907139,0.3153515834675255,0.2616747181964573,0.06709608158883522,
66,16.0426731078905,38.20450885668277,4.64975845410628,16.015834675254965,3.2877079978529253,9.145195920558239,10.00402576489533,1.2815351583467525,0.7246376811594203,0.3153515834675255,0.2616747181964573,0.06709608158883522,
67,15.888352120236178,37.98309178743961,4.931561996779388,15.995705850778315,3.4017713365539453,9.16532474503489,9.91009125067096,1.2815351583467525,0.798443370907139,0.3153515834675255,0.2616747181964573,0.06709608158883522,
68,15.908480944712828,37.795222758990874,4.931561996779388,16.089640365002683,3.4017713365539453,9.29951690821256,9.829575952764358,1.3083735909822867,0.7917337627482555,0.3153515834675255,0.2616747181964573,0.06709608158883522,
69,16.163446054750402,37.56038647342995,4.884594739667204,16.23725174449812,3.4017713365539453,9.272678475577026,9.789318303811058,1.2546967257112185,0.7917337627482555,0.3153515834675255,0.2616747181964573,0.06709608158883522,
70,16.076221148684915,37.5805152979066,4.830917874396135,16.15673644659152,3.388352120236178,9.406870638754697,9.796027911969942,1.3553408480944713,0.7783145464304885,0.3153515834675255,0.24825550187869028,0.06709608158883522,
71,14.55984970477724,36.62775093934514,7.7831454643048845,16.056092324208265,2.3483628556092326,9.809447128287708,9.836285560923242,1.4492753623188406,0.7783145464304885,0.3153515834675255,0.36902844873859364,0.06709608158883522,
72,14.492753623188406,36.52710681696189,7.7831454643048845,16.23054213633924,2.3483628556092326,9.809447128287708,9.77589908749329,1.3016639828234031,0.966183574879227,0.3153515834675255,0.36902844873859364,0.08051529790660225,
73,13.761406333870102,37.5,7.595276435856146,16.23725174449812,2.2342995169082127,9.809447128287708,9.762479871175524,1.261406333870102,0.966183574879227,0.3153515834675255,0.47638217928073,0.08051529790660225,
74,13.714439076757918,37.285292538915726,7.729468599033816,16.0829307568438,2.341653247450349,9.809447128287708,9.849704777241008,1.3486312399355878,0.966183574879227,0.3153515834675255,0.47638217928073,0.08051529790660225,
75,13.714439076757918,37.285292538915726,7.729468599033816,16.0829307568438,2.341653247450349,9.809447128287708,9.849704777241008,1.3486312399355878,0.966183574879227,0.3153515834675255,0.47638217928073,0.08051529790660225,
76,13.781535158346752,37.003488996242616,7.588566827697263,16.284219001610307,2.4020397208803006,9.702093397745571,9.856414385399892,1.4761137949543746,0.966183574879227,0.30193236714975846,0.47638217928073,0.1610305958132045,
77,13.66076221148685,35.138217928073,7.588566827697263,16.13660762211487,2.368491680085883,9.997316156736447,11.855877616747183,1.2412775093934514,0.9594739667203436,0.30193236714975846,0.5904455179817498,0.1610305958132045,
78,13.902308105206655,34.856414385399894,7.561728395061729,15.96886741814278,2.3886205045625335,10.00402576489533,12.090713902308105,1.2412775093934514,0.9594739667203436,0.30193236714975846,0.5904455179817498,0.13419216317767044,
79,13.895598497047773,34.628287707997856,7.561728395061729,16.13660762211487,2.368491680085883,10.00402576489533,12.177938808373591,1.2412775093934514,0.9594739667203436,0.30193236714975846,0.5904455179817498,0.13419216317767044,
80,13.560118089103597,34.33977455716586,6.991411701556629,16.0426731078905,3.126677402039721,10.077831454643048,12.426194310252281,1.4492753623188406,0.9594739667203436,0.30193236714975846,0.5904455179817498,0.13419216317767044,
81,13.425925925925926,34.23913043478261,6.9310252281266775,16.25067096081589,3.556092324208266,9.88996242619431,12.198067632850242,1.415727321524423,0.95276435856146,0.30193236714975846,0.5434782608695652,0.2952227589908749,
82,13.117283950617283,33.84997316156736,7.39398819108964,16.284219001610307,3.5426731078904994,10.104669887278583,12.198067632850242,1.415727321524423,0.95276435856146,0.30193236714975846,0.5434782608695652,0.2952227589908749,
83,12.949543746645196,33.071658615136876,7.454374664519592,15.519323671497585,3.488996242619431,12.392646269457863,11.574074074074074,1.5365002683843263,0.95276435856146,0.2214170692431562,0.5434782608695652,0.2952227589908749,
84,13.18438003220612,32.82340311325819,7.380568974771873,15.693773483628556,3.4688674181427803,12.385936661298981,11.466720343531938,1.5096618357487923,0.95276435856146,0.2214170692431562,0.5703166935050993,0.3421900161030596,
85,13.023349436392914,31.353998926462694,7.347020933977456,15.022812667740205,3.4688674181427803,14.761137949543746,11.3191089640365,1.5096618357487923,0.95276435856146,0.2214170692431562,0.5703166935050993,0.4495437466451959,
86,12.95625335480408,31.28690284487386,7.313472893183038,15.009393451422437,3.6768652710681695,14.673913043478262,11.352657004830919,1.5096618357487923,0.95276435856146,0.2214170692431562,0.5971551261406334,0.4495437466451959,
87,13.110574342458401,30.213365539452496,8.091787439613526,14.781266774020397,3.6500268384326353,14.855072463768115,11.513687600644122,1.5096618357487923,1.0064412238325282,0.2214170692431562,0.5971551261406334,0.4495437466451959,
88,13.16425120772947,29.998658078368223,8.07836822329576,14.935587761674718,3.6366076221148687,14.888620504562533,11.500268384326356,1.5230810520665594,1.0064412238325282,0.2214170692431562,0.5971551261406334,0.4495437466451959,
89,13.110574342458401,30.05233494363929,8.07836822329576,14.888620504562533,3.6097691894793345,14.922168545356952,11.540526033279656,1.5230810520665594,1.0064412238325282,0.2214170692431562,0.5971551261406334,0.4495437466451959,
90,12.372517444981213,26.979334406870638,7.96430488459474,14.096886741814279,3.5829307568438002,20.081857219538378,11.386205045625335,1.5365002683843263,0.9125067096081588,0.20799785292538917,0.5904455179817498,0.2885131508319914,
91,12.372517444981213,26.67740203972088,8.601717659688674,13.747987117552334,3.4286097691894795,20.04830917874396,11.466720343531938,1.6774020397208802,0.9125067096081588,0.20799785292538917,0.5904455179817498,0.2683843263553409,
92,11.272141706924316,26.52308105206656,9.359903381642512,13.063607085346217,6.1862587224906065,19.43102522812668,11.211755233494364,1.5365002683843263,0.49651100375738055,0.06038647342995169,0.5904455179817498,0.2683843263553409,
93,11.030595813204508,25.865539452495973,9.366612989801396,13.90901771336554,7.461084272678476,19.276704240472355,10.138217928073,1.5365002683843263,0.49651100375738055,0.06038647342995169,0.5904455179817498,0.2683843263553409,
94,11.104401502952227,25.81857219538379,9.31964573268921,13.882179280730005,7.461084272678476,19.14922168545357,10.19189479334407,1.5633387010198605,0.49651100375738055,0.06038647342995169,0.5904455179817498,0.36231884057971014,
95,11.037305421363392,25.543478260869566,9.158615136876007,13.976113794954374,7.313472893183038,18.397745571658614,11.3191089640365,1.6505636070853462,0.49651100375738055,0.06038647342995169,0.6910896403650026,0.35560923242082665,
96,11.292270531400966,25.42270531400966,9.158615136876007,13.989533011272142,6.729736983360172,18.17632850241546,11.936392914653783,1.737788513150832,0.49651100375738055,0.06038647342995169,0.5770263016639828,0.4227053140096618,
97,11.332528180354267,25.161030595813205,9.158615136876007,13.734567901234568,7.051798174986581,18.256843800322063,11.768652710681696,1.8115942028985508,0.49651100375738055,0.06038647342995169,0.7447665056360708,0.4227053140096618,
98,11.399624261943103,25.10064412238325,9.151905528717123,13.83521202361782,7.1658615136876005,18.149490069779926,11.580783682232958,1.7713365539452497,0.6172839506172839,0.06038647342995169,0.7447665056360708,0.4227053140096618,
99,11.077563070316694,25.617283950617285,8.970746108427267,13.862050456253355,7.139023081052066,17.85426731078905,11.500268384326356,1.8786902844873858,0.7380568974771873,0.04696725711218465,0.7447665056360708,0.5703166935050993,
100,11.131239935587761,25.469672571121848,8.970746108427267,13.895598497047773,7.139023081052066,17.901234567901234,11.453301127214171,1.8786902844873858,0.7380568974771873,0.04696725711218465,0.7447665056360708,0.630703166935051,
101,10.88298443370907,25.127482555018787,8.970746108427267,13.942565754159958,7.132313472893183,18.42458400429415,11.386205045625335,1.8384326355340848,0.7380568974771873,0.04696725711218465,0.7447665056360708,0.7648953301127214,
102,11.178207192699947,25.013419216317768,8.970746108427267,13.895598497047773,7.253086419753086,18.283682232957595,11.20504562533548,1.8384326355340848,0.7380568974771873,0.04696725711218465,0.7447665056360708,0.8319914117015567,
103,11.406333870101985,24.973161567364468,8.970746108427267,13.620504562533547,7.239667203435319,17.860976918947934,11.084272678475577,1.9524959742351047,0.9728931830381106,0.04696725711218465,1.0399892646269457,0.8319914117015567,
104,11.634460547504025,24.832259796027913,8.776167471819646,13.513150831991412,7.481213097155126,17.54562533548041,11.245303274288782,2.033011272141707,0.9259259259259259,0.04696725711218465,1.133923778851315,0.8319914117015567,
105,11.634460547504025,24.745034889962426,8.742619431025227,13.399087493290391,7.179280730005368,18.06897477187332,11.151368760064413,2.26784755770263,0.8655394524959742,0.04696725711218465,1.1272141706924315,0.7716049382716049,
106,11.43317230273752,23.289049919484704,8.756038647342995,12.93612453032743,6.998121309715513,18.625872249060656,12.869028448738593,2.254428341384863,0.9192163177670424,0.04696725711218465,1.1003757380568975,0.7716049382716049,
107,11.406333870101985,23.101180891035963,8.856682769726248,13.063607085346217,6.9310252281266775,18.820450885668276,12.714707461084272,2.254428341384863,0.8923778851315083,0.04696725711218465,1.1674718196457328,0.7447665056360708,
108,11.466720343531938,22.920021470746107,8.749329039184111,13.144122383252817,7.051798174986581,18.82716049382716,12.842190016103059,2.147074610842727,0.8923778851315083,0.04696725711218465,1.1674718196457328,0.7447665056360708,
109,11.58749329039184,22.591250670960815,8.930488459473967,13.050187869028449,6.991411701556629,18.59903381642512,12.741545893719806,2.0933977455716586,0.9326355340848095,0.04696725711218465,1.6975308641975309,0.7380568974771873,
110,11.688137412775093,22.530864197530864,8.930488459473967,13.137412775093935,6.991411701556629,18.511808910359633,12.647611379495437,2.0933977455716586,0.9863123993558777,0.04696725711218465,1.6975308641975309,0.7380568974771873,
111,11.869296833064949,22.32957595276436,8.903650026838433,13.083735909822867,6.991411701556629,18.54535695115405,12.714707461084272,2.0933977455716586,0.9863123993558777,0.04696725711218465,1.6975308641975309,0.7380568974771873,
112,11.936392914653783,22.309447128287708,8.876811594202898,13.157541599570585,6.863929146537842,18.511808910359633,12.781803542673108,2.0933977455716586,0.9863123993558777,0.04696725711218465,1.6975308641975309,0.7380568974771873,
113,12.030327428878154,22.061191626409016,9.118357487922705,13.191089640365004,6.816961889425658,18.357487922705314,12.781803542673108,2.0933977455716586,0.9863123993558777,0.04696725711218465,1.6975308641975309,0.8185721953837896,
114,12.06387546967257,22.0276435856146,9.27938808373591,13.258185721953838,6.582125603864735,18.250134192163177,12.795222758990874,2.2342995169082127,0.9594739667203436,0.04696725711218465,1.6841116478797638,0.8185721953837896,
115,12.144390767579173,21.866612989801396,9.138486312399356,13.103864734299517,6.78341384863124,18.364197530864196,12.788513150831992,2.200751476113795,1.0064412238325282,0.04696725711218465,1.737788513150832,0.8185721953837896,
116,12.030327428878154,21.651905528717123,9.366612989801396,12.922705314009661,6.863929146537842,17.733494363929147,13.620504562533547,2.26784755770263,1.0064412238325282,0.04696725711218465,1.737788513150832,0.7514761137949544,
117,11.81561996779388,21.833064949006978,9.366612989801396,12.801932367149758,6.716317767042405,17.98174986580784,13.70101986044015,2.187332259796028,1.0601180891035964,0.04696725711218465,1.7176596886741815,0.7716049382716049,
118,12.198067632850242,21.618357487922705,9.312936124530328,12.533548040794418,6.608964036500268,18.00187869028449,13.741277509393452,2.1806226516371443,1.0601180891035964,0.04696725711218465,1.8988191089640365,0.798443370907139,
119,12.238325281803542,21.390230810520666,9.312936124530328,12.573805689747719,6.642512077294686,17.901234567901234,13.855340848094471,2.1806226516371443,1.0869565217391304,0.04696725711218465,1.9726247987117553,0.798443370907139,
120,12.27187332259796,21.235909822866343,9.27938808373591,12.567096081588835,6.6827697262479875,17.921363392377884,13.92914653784219,2.100107353730542,1.0869565217391304,0.04696725711218465,1.9122383252818036,0.966183574879227,
121,12.506709608158884,20.78636607622115,9.219001610305957,12.929414922168545,6.394256575415996,17.69994632313473,14.049919484702093,2.2208803005904456,1.288244766505636,0.04696725711218465,1.9122383252818036,0.9460547504025765,
122,12.674449812130971,20.739398819108963,9.212292002147075,12.909286097691895,6.387546967257112,17.53220611916264,13.935856146001074,2.3081052066559313,1.288244766505636,0.04696725711218465,1.8786902844873858,1.0869565217391304,
123,12.815351583467525,20.611916264090176,9.212292002147075,12.983091787439614,6.340579710144928,17.411433172302736,13.922436929683306,2.2946859903381642,1.4090177133655395,0.04696725711218465,1.8786902844873858,1.0735373054213635,
124,12.614063338701019,20.497852925389157,8.863392377885132,12.842190016103059,8.440687063875469,15.479066022544284,14.42565754159957,2.4154589371980677,1.4090177133655395,0.04696725711218465,1.8183038110574343,1.1473429951690821,
125,12.808641975308642,20.45088566827697,8.816425120772946,12.775093934514224,8.393719806763285,15.425389157273216,14.378690284487385,2.3752012882447664,1.4090177133655395,0.04696725711218465,1.9994632313472893,1.1205045625335481,
126,12.761674718196458,20.263016639828233,8.789586688137414,12.74825550187869,8.393719806763285,15.76086956521739,14.371980676328503,2.368491680085883,1.3754696725711217,0.04696725711218465,1.9994632313472893,1.1205045625335481,
127,12.822061191626409,20.229468599033815,8.76274825550188,12.74825550187869,8.380300590445518,15.98899624261943,14.016371443907676,2.368491680085883,1.3754696725711217,0.04696725711218465,1.9994632313472893,1.261406333870102,
128,13.009930220075148,20.04830917874396,8.715780998389693,13.023349436392914,8.474235104669887,15.96886741814278,13.7211486849168,2.3550724637681157,1.3754696725711217,0.04696725711218465,1.9994632313472893,1.261406333870102,
129,12.681159420289855,19.85373054213634,9.366612989801396,12.258454106280194,8.407139023081053,16.035963499731615,13.553408480944713,2.3752012882447664,1.415727321524423,0.04696725711218465,2.7509393451422435,1.2546967257112185,
130,12.909286097691895,19.592055823939884,9.366612989801396,12.285292538915728,8.407139023081053,16.056092324208265,13.573537305421363,2.3752012882447664,1.415727321524423,0.04696725711218465,2.7442297369833604,1.2278582930756843,
131,12.942834138486312,19.410896403650028,9.406870638754697,12.701288244766506,8.474235104669887,16.002415458937197,13.39237788513151,2.3752012882447664,1.3150831991411702,0.04696725711218465,2.703972088030059,1.2278582930756843,
132,13.083735909822867,19.04186795491143,9.460547504025765,12.661030595813205,8.480944712828771,16.458668813741276,13.22463768115942,2.462426194310252,1.1808910359634996,0.04696725711218465,2.6972624798711755,1.2010198604401503,
133,12.929414922168545,18.290391841116477,9.426999463231347,11.929683306494901,8.460815888352121,17.70665593129361,14.090177133655395,2.214170692431562,1.2546967257112185,0.04696725711218465,2.4490069779924855,1.2010198604401503,
134,12.962962962962964,18.075684380032207,9.366612989801396,11.896135265700483,8.454106280193237,17.840848094471284,14.224369296833064,2.147074610842727,1.3754696725711217,0.04696725711218465,2.408749329039184,1.2010198604401503,
135,13.056897477187333,18.055555555555557,9.366612989801396,11.882716049382717,8.313204508856682,17.60601180891036,14.210950080515298,2.254428341384863,1.3754696725711217,0.04696725711218465,2.408749329039184,1.4224369296833066,
136,13.077026301663983,17.96833064949007,10.225442834138486,11.963231347289318,7.816693505099302,17.3040794417606,14.163982823403114,2.2074610842726785,1.4090177133655395,0.04696725711218465,2.408749329039184,1.4090177133655395,
137,13.177670424047236,17.961621041331185,10.151637144390767,11.963231347289318,7.944176060118089,17.196725711218466,14.016371443907676,2.2074610842726785,1.5163714439076759,0.04696725711218465,2.408749329039184,1.4090177133655395,
138,13.191089640365004,17.887815351583466,10.02415458937198,11.916264090177133,7.85024154589372,17.277241009125067,14.06333870101986,2.3215244229736984,1.5163714439076759,0.04696725711218465,2.49597423510467,1.4090177133655395,
139,12.942834138486312,17.76033279656468,10.124798711755233,11.782071926999464,7.830112721417069,17.767042404723565,14.002952227589908,2.3215244229736984,1.5163714439076759,0.04696725711218465,2.49597423510467,1.4090177133655395,
140,12.889157273215245,17.21014492753623,10.124798711755233,11.647879763821793,6.870638754696726,17.444981213097154,16.035963499731615,2.13365539452496,1.737788513150832,,2.49597423510467,1.4090177133655395,
141,13.030059044551798,17.183306494900698,10.124798711755233,11.540526033279656,6.870638754696726,17.404723564143854,15.935319377348362,2.1940418679549114,1.8115942028985508,,2.49597423510467,1.4090177133655395,
142,13.030059044551798,16.921631776704242,10.124798711755233,11.352657004830919,6.870638754696726,17.820719269994633,16.015834675254965,2.1604938271604937,1.8115942028985508,,2.4825550187869028,1.4090177133655395,
143,12.99651100375738,16.794149221685455,11.05072463768116,10.95679012345679,6.635802469135802,17.37788513150832,16.35131508319914,2.2745571658615136,1.8115942028985508,,2.341653247450349,1.4090177133655395,
144,13.20450885668277,16.6532474503489,10.909822866344605,11.030595813204508,6.696188942565755,17.364465915190554,16.29092860976919,2.2208803005904456,1.8988191089640365,,2.3215244229736984,1.4090177133655395,
145,13.130703166935051,16.35131508319914,10.86285560923242,10.82259796027912,6.582125603864735,17.23027375201288,17.19001610305958,2.2611379495437465,1.8048845947396672,,2.4355877616747184,1.328502415458937,
146,13.150831991411701,16.29092860976919,10.742082662372518,10.721953837895867,6.971282877079979,17.310789049919485,16.908212560386474,2.1940418679549114,1.8853998926462694,,2.49597423510467,1.328502415458937,
147,13.258185721953838,16.25738056897477,10.742082662372518,10.63472893183038,6.810252281266774,17.09608158883521,16.955179817498657,2.3483628556092326,1.8853998926462694,,2.49597423510467,1.5163714439076759,
148,13.157541599570585,16.33118625872249,10.721953837895867,10.46027911969941,7.071926999463232,17.08937198067633,16.854535695115406,2.4154589371980677,1.8853998926462694,,2.49597423510467,1.5163714439076759,
149,13.352120236178207,16.243961352657006,10.674986580783683,10.540794417606012,7.051798174986581,17.156468062265162,16.6935050993022,2.328234031132582,1.9726247987117553,,2.49597423510467,1.4895330112721417,
150,13.39237788513151,16.163446054750402,10.59447128287708,10.493827160493828,7.326892109500805,17.136339237788512,16.55931293612453,2.3081052066559313,1.9726247987117553,,2.563070316693505,1.4895330112721417,
151,13.459473966720344,16.089640365002683,10.527375201288244,10.36634460547504,7.253086419753086,17.03569511540526,16.304347826086957,2.818035426731079,2.100107353730542,,2.5563607085346214,1.4895330112721417,
152,13.580246913580247,16.089640365002683,10.527375201288244,10.285829307568438,7.226247987117552,16.988727858293075,16.337895866881375,2.818035426731079,2.0799785292538915,,2.636876006441224,1.42914653784219,
153,13.66076221148685,16.022544283413847,10.312667740203972,10.218733225979603,7.340311325818572,16.955179817498657,16.27079978529254,3.0059044551798175,2.0799785292538915,,2.6838432635534084,1.4492753623188406,
154,13.519860440150294,15.98899624261943,10.305958132045088,10.305958132045088,7.595276435856146,16.82769726247987,16.25067096081589,3.0059044551798175,2.0799785292538915,,2.6704240472356413,1.4492753623188406,
155,13.714439076757918,15.955448201825014,10.064412238325282,10.238862050456254,7.689210950080516,16.888083735909824,16.243961352657006,3.0059044551798175,2.0799785292538915,,2.6704240472356413,1.4492753623188406,
156,13.92914653784219,15.687063875469672,10.144927536231885,10.23215244229737,7.689210950080516,16.834406870638755,15.982286634460548,3.3011272141706924,2.033011272141707,,2.737520128824477,1.42914653784219,
157,13.875469672571121,15.613258185721953,10.11808910359635,10.21202361782072,8.514492753623188,16.17686527106817,15.814546430488459,3.3279656468062266,2.120236178207193,,2.831454643048846,1.3955984970477724,
158,13.855340848094471,15.613258185721953,10.0979602791197,10.144927536231885,8.440687063875469,16.13660762211487,15.92860976918948,3.3279656468062266,2.2074610842726785,,2.8515834675254963,1.3955984970477724,
159,13.92914653784219,15.539452495974235,10.225442834138486,10.319377348362856,8.413848631239935,15.908480944712828,16.210413311862588,3.0394524959742353,2.254428341384863,,2.7643585614600106,1.3955984970477724,
160,13.969404186795492,15.458937198067632,10.379763821792807,10.305958132045088,8.36688137412775,15.908480944712828,15.888352120236178,3.321256038647343,2.2410091250670963,,2.7643585614600106,1.3955984970477724,
161,13.935856146001074,15.398550724637682,10.406602254428341,10.218733225979603,8.57487922705314,16.0829307568438,15.754159957058508,3.3011272141706924,2.2342995169082127,,2.6972624798711755,1.3955984970477724,
162,13.94927536231884,15.378421900161031,10.406602254428341,10.185185185185185,8.568169618894256,16.0829307568438,15.60654857756307,3.475577026301664,2.15378421900161,,2.7979066022544283,1.3955984970477724,
163,13.848631239935587,15.425389157273216,10.332796564680622,10.11808910359635,8.635265700483092,16.297638217928075,15.854804079441761,3.280998389694042,2.147074610842727,,2.8515834675254963,1.2077294685990339,
164,13.848631239935587,15.418679549114332,9.997316156736447,10.7085346215781,8.641975308641975,16.170155662909288,15.895061728395062,3.1870638754696725,2.13365539452496,,2.831454643048846,1.1674718196457328,
165,13.942565754159958,15.398550724637682,9.957058507783145,10.674986580783683,8.61513687600644,16.11647879763822,15.868223295759528,3.321256038647343,2.0933977455716586,,2.831454643048846,1.1808910359634996,
166,13.855340848094471,15.250939345142244,9.762479871175524,11.097691894793345,8.507783145464305,16.17686527106817,15.827965646806227,3.321256038647343,2.187332259796028,,2.831454643048846,1.1808910359634996,
167,13.88888888888889,15.230810520665592,9.762479871175524,11.097691894793345,8.494363929146537,16.1231884057971,15.814546430488459,3.408480944712829,2.187332259796028,,2.831454643048846,1.1607622114868492,
168,13.493022007514762,14.720880300590446,9.73564143853999,10.091250670960816,8.682232957595277,15.465646806226516,18.947933440687063,3.294417606011809,2.1739130434782608,,2.24771873322598,1.1473429951690821,
169,13.539989264626946,14.55984970477724,9.722222222222221,9.970477724100913,8.635265700483092,15.418679549114332,19.189479334406872,3.4286097691894795,2.147074610842727,,2.2410091250670963,1.1473429951690821,
170,13.687600644122384,14.398819108964037,9.722222222222221,9.796027911969942,8.628556092324208,15.633387010198604,19.068706387546968,3.4688674181427803,2.147074610842727,,2.301395598497048,1.1473429951690821,
171,13.506441223832528,14.009661835748792,9.608158883521202,9.54777241009125,9.16532474503489,14.49946323134729,20.511272141706925,3.44873859366613,2.147074610842727,,2.4490069779924855,1.107085346215781,
172,13.600375738056897,13.855340848094471,9.608158883521202,9.426999463231347,9.286097691894794,14.65378421900161,20.37037037037037,3.44873859366613,2.2074610842726785,,2.4355877616747184,1.107085346215781,
173,13.727858293075684,13.808373590982287,9.5276435856146,9.380032206119163,9.400161030595813,14.65378421900161,20.2361782071927,3.44873859366613,2.2745571658615136,,2.4355877616747184,1.107085346215781,
174,13.741277509393452,13.808373590982287,9.500805152979066,9.380032206119163,9.353193773483628,14.647074610842727,20.189210950080515,3.5628019323671496,2.2745571658615136,,2.4355877616747184,1.107085346215781,
175,13.459473966720344,13.801663982823403,9.494095544820183,9.333064949006978,10.997047772410092,13.761406333870102,20.665593129361245,3.502415458937198,2.147074610842727,,2.073268921095008,0.7648953301127214,
176,13.43263553408481,13.801663982823403,9.178743961352657,9.333064949006978,11.721685453569512,13.580246913580247,20.437466451959207,3.7775093934514223,2.0933977455716586,,1.9122383252818036,0.7313472893183038,
177,13.211218464841654,13.6808910359635,8.964036500268385,9.25925925925926,13.996242619431026,13.043478260869565,19.49812130971551,3.898282340311326,2.0531400966183573,,1.6706924315619969,0.7246376811594203,
178,13.291733762748256,13.56682769726248,8.917069243156199,9.359903381642512,13.882179280730005,13.291733762748256,19.390767579173378,3.851315083199141,2.0531400966183573,,1.6706924315619969,0.7246376811594203,
179,12.52012882447665,14.2914653784219,8.541331186258722,9.326355340848094,13.285024154589372,14.80810520665593,18.887546967257112,3.824476650563607,2.0531400966183573,,1.737788513150832,0.7246376811594203,
180,12.607353730542137,14.264626945786366,8.433977455716587,9.205582393988191,13.33870101986044,14.888620504562533,18.95464304884595,3.81105743424584,2.0531400966183573,,1.7176596886741815,0.7246376811594203,
181,12.72812667740204,14.237788513150832,8.527911969940956,9.07139023081052,13.150831991411701,14.99597423510467,18.96135265700483,3.7909286097691894,2.0933977455716586,,1.7176596886741815,0.7246376811594203,
182,12.453032742887816,14.49946323134729,8.460815888352121,9.05126140633387,12.962962962962964,15.734031132581856,18.411164787976382,3.7909286097691894,2.0799785292538915,,1.8384326355340848,0.7179280730005367,
183,12.553676865271068,14.479334406870638,8.246108427267847,9.286097691894794,13.157541599570585,15.479066022544284,18.290391841116477,3.878153515834675,2.073268921095008,,1.8384326355340848,0.7179280730005367,
184,12.526838432635534,14.076757917337627,8.36688137412775,9.158615136876007,12.86231884057971,16.33118625872249,17.867686527106816,3.9318303811057436,2.073268921095008,,2.086688137412775,0.7179280730005367,
185,12.526838432635534,14.076757917337627,8.32662372517445,9.23913043478261,12.97638217928073,16.069511540526033,18.015297906602253,4.025764895330113,1.8183038110574343,,2.2074610842726785,0.7179280730005367,
186,12.754965110037574,13.875469672571121,8.279656468062266,9.420289855072463,13.043478260869565,16.049382716049383,17.901234567901234,3.8848631239935587,1.7646269457863661,,2.328234031132582,0.6977992485238862,
187,12.634192163177671,13.855340848094471,11.05072463768116,9.41358024691358,11.379495437466453,15.747450348899624,17.827428878153516,3.5829307568438002,1.6035963499731616,,2.2410091250670963,0.6642512077294686,
188,12.808641975308642,13.647342995169081,11.05072463768116,9.520933977455716,11.238593666129898,15.70048309178744,17.76033279656468,3.683574879227053,1.6035963499731616,,2.3215244229736984,0.6642512077294686,
189,12.855609232420827,13.607085346215781,10.95679012345679,9.588030059044552,11.20504562533548,15.754159957058508,17.76033279656468,3.683574879227053,1.6035963499731616,,2.3215244229736984,0.6642512077294686,
190,13.09044551798175,13.499731615673644,10.775630703166936,9.594739667203436,11.097691894793345,15.955448201825014,17.58588298443371,3.844605475040258,1.570048309178744,,2.3215244229736984,0.6642512077294686,
191,13.298443370907139,13.399087493290391,10.72866344605475,9.66183574879227,11.05072463768116,15.908480944712828,17.55233494363929,3.844605475040258,1.570048309178744,,2.3215244229736984,0.6642512077294686,
192,13.083735909822867,13.231347289318304,10.82259796027912,9.494095544820183,11.748523886205046,15.76086956521739,17.54562533548041,3.8043478260869565,1.5901771336553945,,2.254428341384863,0.6642512077294686,
193,13.217928073000536,12.95625335480408,10.916532474503489,9.541062801932368,11.741814278046162,15.72061191626409,17.632850241545892,3.7775093934514223,1.5901771336553945,,2.254428341384863,0.6508319914117016,
194,13.466183574879228,12.95625335480408,10.876274825550189,9.514224369296834,11.75523349436393,15.613258185721953,17.54562533548041,3.7775093934514223,1.5901771336553945,,2.254428341384863,0.6508319914117016,
195,13.385668276972625,12.694578636607622,10.869565217391305,9.46725711218465,11.741814278046162,16.492216854535695,17.11621041331186,3.750670960815888,1.5901771336553945,,2.2410091250670963,0.6508319914117016,
