,45,50,51,55,53,54,52,56,57
0,100.0,,,,,,,,
1,97.15512614063339,2.844873859366613,,,,,,,
2,96.89345142243693,3.1065485775630703,,,,,,,
3,89.2109500805153,10.789049919484702,,,,,,,
4,87.74825550187869,12.25174449812131,,,,,,,
5,87.79522275899087,12.204777241009126,,,,,,,
6,84.19216317767042,15.807836822329575,,,,,,,
7,82.17928073000537,17.820719269994633,,,,,,,
8,77.51610305958133,22.48389694041868,,,,,,,
9,75.75147611379495,24.248523886205046,,,,,,,
10,75.66425120772946,24.335748792270532,,,,,,,
11,75.72463768115942,24.27536231884058,,,,,,,
12,75.7380568974772,24.261943102522814,,,,,,,
13,75.61728395061728,24.382716049382715,,,,,,,
14,75.67096081588835,24.329039184111647,,,,,,,
15,61.211755233494365,38.446054750402574,0.3421900161030596,,,,,,
16,58.299785292538914,41.358024691358025,0.3421900161030596,,,,,,
17,56.30032206119163,41.34460547504026,2.3550724637681157,,,,,,
18,55.31400966183575,42.330917874396135,2.3550724637681157,,,,,,
19,53.30112721417069,44.34380032206119,2.3550724637681157,,,,,,
20,51.61701556629093,46.02791196994095,2.3550724637681157,,,,,,
21,48.57085346215781,48.9398819108964,2.3550724637681157,0.13419216317767044,,,,,
22,48.57756307031669,48.93317230273752,2.3550724637681157,0.13419216317767044,,,,,
23,48.470209339774556,49.15458937198068,2.2410091250670963,0.13419216317767044,,,,,
24,48.78556092324208,48.59769189479334,2.2410091250670963,0.13419216317767044,0.24154589371980675,,,,
25,46.65861513687601,50.72463768115942,2.2410091250670963,0.13419216317767044,0.24154589371980675,,,,
26,46.77938808373591,50.60386473429951,2.2410091250670963,0.13419216317767044,0.24154589371980675,,,,
27,46.70558239398819,50.677670424047236,2.2410091250670963,0.13419216317767044,0.24154589371980675,,,,
28,46.90016103059581,50.48309178743961,2.2410091250670963,0.13419216317767044,0.24154589371980675,,,,
29,43.73322597960279,53.52254428341385,2.2410091250670963,0.13419216317767044,0.24154589371980675,0.1274825550187869,,,
30,42.3443370907139,54.911433172302736,2.2410091250670963,0.13419216317767044,0.24154589371980675,0.1274825550187869,,,
31,40.17042404723564,56.92431561996779,2.214170692431562,0.3757380568974772,0.24154589371980675,0.07380568974771873,,,
32,38.77482555018787,54.26731078904992,5.783682232957595,0.8588298443370908,0.24154589371980675,0.07380568974771873,,,
33,38.989533011272144,52.08668813741278,3.2206119162640903,0.8588298443370908,0.4294149221685454,0.07380568974771873,4.341116478797638,,
34,37.996511003757384,52.95222758990875,3.2206119162640903,0.8588298443370908,0.4294149221685454,0.20128824476650564,4.341116478797638,,
35,38.00993022007515,51.90552871712292,3.2004830917874396,0.8588298443370908,2.690552871712292,0.20128824476650564,3.1333870101986045,,
36,37.164519592055825,52.49597423510467,3.166935050993022,1.0332796564680622,2.6502952227589907,0.20128824476650564,3.2877079978529253,,
37,35.08454106280193,54.609500805152976,3.166935050993022,1.0332796564680622,2.6502952227589907,0.20128824476650564,3.2541599570585076,,
38,27.82474503488996,64.12372517444982,3.0193236714975846,0.7917337627482555,2.9589371980676327,0.07380568974771873,1.2077294685990339,,
39,27.965646806226516,63.7614063338701,3.0193236714975846,1.0131508319914118,2.9589371980676327,0.07380568974771873,1.2077294685990339,,
40,24.074074074074073,67.90123456790124,3.0193236714975846,1.0131508319914118,2.918679549114332,0.07380568974771873,0.9997316156736447,,
41,24.36929683306495,67.10950080515298,3.0193236714975846,1.5096618357487923,2.918679549114332,0.07380568974771873,0.9997316156736447,,
42,24.879227053140095,64.9422973698336,3.0193236714975846,1.5096618357487923,4.428341384863124,0.2214170692431562,0.9997316156736447,,
43,24.630971551261407,64.31830381105743,3.0193236714975846,1.7579173376274826,3.743961352657005,0.2214170692431562,2.3081052066559313,,
44,25.11406333870102,64.04320987654322,3.0193236714975846,1.7579173376274826,3.535963499731616,0.2214170692431562,2.3081052066559313,,
45,25.147611379495437,62.76167471819646,3.0193236714975846,2.2208803005904456,4.005636070853462,0.5367686527106817,2.3081052066559313,,
46,25.44283413848631,62.02361782071927,3.1535158346752548,2.2208803005904456,4.314278046162104,0.5367686527106817,2.3081052066559313,,
47,23.409822866344605,64.54643048845948,3.1535158346752548,2.0531400966183573,4.314278046162104,0.2147074610842727,2.3081052066559313,,
48,22.208803005904453,59.695383789586685,9.675254965110037,2.0531400966183573,3.844605475040258,0.2147074610842727,2.3081052066559313,,
49,22.356414385399894,59.574610842726784,9.675254965110037,2.0531400966183573,3.8177670424047236,0.2147074610842727,2.3081052066559313,,
50,22.899892646269457,58.51449275362319,8.856682769726248,2.2074610842726785,4.998658078368224,0.2147074610842727,2.3081052066559313,,
51,22.450348899624263,56.78341384863124,10.782340311325818,2.4825550187869028,4.978529253891573,0.2147074610842727,2.3081052066559313,,
52,22.356414385399894,55.99168008588298,10.782340311325818,2.4825550187869028,4.978529253891573,1.1003757380568975,2.3081052066559313,,
53,22.430220075147613,55.61594202898551,10.782340311325818,2.4490069779924855,5.3274288781535155,1.1003757380568975,2.2946859903381642,,
54,22.79253891572732,55.43478260869565,10.782340311325818,2.428878153515835,5.166398282340311,1.1003757380568975,2.2946859903381642,,
55,22.50402576489533,54.05931293612453,12.298711755233494,2.3617820719269993,5.407944176060118,1.0735373054213635,2.2946859903381642,,
56,21.87332259796028,54.186795491143315,12.546967257112184,2.314814814814815,5.71658615136876,1.06682769726248,2.2946859903381642,,
57,21.87332259796028,53.33467525496511,12.164519592055823,2.49597423510467,5.676328502415459,1.06682769726248,3.388352120236178,,
58,22.41009125067096,52.643585614600106,12.097423510466989,2.49597423510467,5.642780461621041,1.3217928073000538,3.388352120236178,,
59,21.87332259796028,52.21417069243156,14.298174986580785,2.49597423510467,5.3274288781535155,1.3217928073000538,2.4691358024691357,,
60,21.806226516371442,51.2614063338701,14.298174986580785,2.690552871712292,5.025496511003757,1.1406333870101986,3.7775093934514223,,
61,22.014224369296834,51.08024691358025,14.298174986580785,2.6838432635534084,5.025496511003757,1.1406333870101986,3.7573805689747717,,
62,22.416800858829845,50.93263553408481,14.056629092860977,2.6838432635534084,5.025496511003757,1.1406333870101986,3.743961352657005,,
63,22.604669887278583,50.86553945249597,13.996242619431026,2.677133655394525,5.01207729468599,1.1003757380568975,3.743961352657005,,
64,23.10789049919485,50.6508319914117,13.741277509393452,2.677133655394525,4.985238862050457,1.1003757380568975,3.7372517444981215,,
65,21.329844337090712,55.22007514761138,12.110842726784755,1.6438539989264627,4.911433172302737,1.0534084809447128,3.616478797638218,0.11406333870101985,
66,21.618357487922705,55.03891572732152,12.057165861513688,1.6438539989264627,4.911433172302737,1.0534084809447128,3.5628019323671496,0.11406333870101985,
67,20.73268921095008,55.12614063338701,13.285024154589372,1.6035963499731616,4.736983360171766,1.0534084809447128,3.3480944712828773,0.11406333870101985,
68,21.088298443370906,54.62292002147075,13.45276435856146,1.6035963499731616,4.7168545356951155,1.0534084809447128,3.3480944712828773,0.11406333870101985,
69,21.26945786366076,54.54240472356415,13.43263553408481,1.6035963499731616,4.7168545356951155,1.0534084809447128,3.2675791733762747,0.11406333870101985,
70,21.443907675791735,54.508856682769725,13.305152979066023,1.6035963499731616,4.7168545356951155,1.0399892646269457,3.2675791733762747,0.11406333870101985,
71,21.182232957595275,53.44202898550725,13.231347289318304,1.7310789049919484,4.683306494900698,1.3821792807300053,4.233762748255502,0.11406333870101985,
72,21.202361782071925,53.42190016103059,13.231347289318304,1.7310789049919484,4.683306494900698,1.3821792807300053,4.233762748255502,0.11406333870101985,
73,21.531132581857218,53.0931293612453,13.231347289318304,1.7310789049919484,4.683306494900698,1.3821792807300053,4.233762748255502,0.11406333870101985,
74,21.048040794417606,51.36205045625336,12.379227053140097,2.006172839506173,7.4141170155662905,1.442565754159957,4.233762748255502,0.11406333870101985,
75,21.544551798174986,50.878958668813745,12.298711755233494,2.006172839506173,7.4141170155662905,1.442565754159957,4.233762748255502,0.18115942028985507,
76,21.66532474503489,50.86553945249597,12.285292538915728,1.9793344068706387,7.367149758454106,1.4224369296833066,4.233762748255502,0.18115942028985507,
77,21.70558239398819,50.697799248523886,12.52012882447665,1.9793344068706387,7.340311325818572,1.415727321524423,4.159957058507783,0.18115942028985507,
78,15.505904455179817,47.557702630166396,26.690821256038646,1.6975308641975309,3.388352120236178,1.1406333870101986,3.8378958668813743,0.18115942028985507,
79,15.539452495974235,47.32957595276436,26.684111647879764,1.9122383252818036,3.374932903918411,1.1406333870101986,3.8378958668813743,0.18115942028985507,
80,15.573000536768653,47.00751476113795,26.42914653784219,2.15378421900161,3.33467525496511,1.4895330112721417,3.8311862587224907,0.18115942028985507,
81,13.117283950617283,43.14949006977992,35.45356951154053,2.059849704777241,2.576489533011272,0.9728931830381106,2.522812667740204,0.14761137949543746,
82,12.902576489533011,37.104133118625874,41.74047235641439,2.033011272141707,2.576489533011272,0.9728931830381106,2.522812667740204,0.14761137949543746,
83,13.352120236178207,36.72839506172839,41.51234567901235,2.200751476113795,2.576489533011272,0.9594739667203436,2.522812667740204,0.14761137949543746,
84,13.754696725711218,36.46672034353194,41.378153515834676,2.200751476113795,2.5697799248523885,0.9594739667203436,2.522812667740204,0.14761137949543746,
85,13.862050456253355,36.30568974771873,41.458668813741276,2.200751476113795,2.5697799248523885,0.9326355340848095,2.522812667740204,0.14761137949543746,
86,14.204240472356414,36.06414385399893,41.358024691358025,2.200751476113795,2.5697799248523885,0.9326355340848095,2.522812667740204,0.14761137949543746,
87,14.31159420289855,36.030595813204506,41.358024691358025,2.200751476113795,2.5563607085346214,0.8722490606548577,2.522812667740204,0.14761137949543746,
88,14.445786366076222,35.98362855609233,41.27079978529254,2.200751476113795,2.5563607085346214,0.8722490606548577,2.522812667740204,0.14761137949543746,
89,13.741277509393452,33.66881374127751,44.24986580783682,2.428878153515835,2.5563607085346214,0.6843800322061192,2.522812667740204,0.14761137949543746,
90,13.801663982823403,33.13875469672571,44.0955448201825,3.1065485775630703,2.5563607085346214,0.6843800322061192,2.4691358024691357,0.14761137949543746,
91,14.023081052066559,31.548577563070317,39.720880300590444,3.099838969404187,2.3752012882447664,0.8118625872249061,8.272946859903382,0.14761137949543746,
92,13.868760064412239,30.42807300053677,39.56655931293612,3.026033279656468,3.878153515834675,0.8118625872249061,8.272946859903382,0.14761137949543746,
93,14.31159420289855,30.02549651100376,39.53301127214171,3.026033279656468,3.878153515834675,0.8118625872249061,8.266237251744498,0.14761137949543746,
94,14.55984970477724,29.924852388620504,39.412238325281805,3.026033279656468,3.878153515834675,0.8118625872249061,8.239398819108963,0.14761137949543746,
95,14.942297369833602,29.70343531937735,38.95598497047772,3.2206119162640903,3.878153515834675,0.8118625872249061,8.11862587224906,0.36902844873859364,
96,15.08990874932904,29.528985507246375,38.2313472893183,3.2206119162640903,3.8378958668813743,0.7716049382716049,8.950617283950617,0.36902844873859364,
97,15.136876006441224,29.528985507246375,37.4194847020934,3.2206119162640903,3.8378958668813743,1.6170155662909287,8.870101986044014,0.36902844873859364,
98,14.868491680085883,24.630971551261407,45.430756843800324,3.1870638754696725,2.3349436392914655,1.3419216317767042,7.836822329575953,0.36902844873859364,
99,14.734299516908212,24.745034889962426,41.59286097691895,3.180354267310789,6.078904991948471,1.3352120236178207,7.96430488459474,0.36902844873859364,
100,15.076489533011273,24.731615673644658,41.297638217928075,3.180354267310789,6.052066559312936,1.3352120236178207,7.957595276435856,0.36902844873859364,
101,15.237520128824476,24.651100375738057,41.277509393451425,3.166935050993022,6.045356951154052,1.3352120236178207,7.917337627482555,0.36902844873859364,
102,15.432098765432098,24.62426194310252,41.136607622114866,3.166935050993022,6.045356951154052,1.3352120236178207,7.890499194847021,0.36902844873859364,
103,15.841384863123993,24.36929683306495,40.84138486312399,3.166935050993022,5.964841653247451,1.3083735909822867,7.843531937734836,0.6642512077294686,
104,16.11647879763822,24.255233494363928,40.68035426731079,3.166935050993022,5.964841653247451,1.3083735909822867,7.843531937734836,0.6642512077294686,
105,16.834406870638755,23.98684916800859,40.29119699409554,3.166935050993022,5.917874396135265,1.3083735909822867,7.830112721417069,0.6642512077294686,
106,17.05582393988191,23.89291465378422,40.23752012882448,3.166935050993022,5.891035963499732,1.288244766505636,7.803274288781535,0.6642512077294686,
107,17.324208266237253,23.8191089640365,40.19726247987118,3.166935050993022,5.790391841116479,1.288244766505636,7.749597423510467,0.6642512077294686,
108,17.277241009125067,23.792270531400966,39.42565754159957,4.032474503488996,5.790391841116479,1.288244766505636,7.749597423510467,0.644122383252818,
109,17.599302200751477,23.537305421363392,39.378690284487384,4.139828234031133,5.689747718733226,1.2748255501878691,7.7361782071927,0.644122383252818,
110,17.51207729468599,23.067632850241544,39.36527106816962,4.139828234031133,6.1929683306494905,1.2748255501878691,7.803274288781535,0.644122383252818,
111,16.337895866881375,20.833333333333332,44.57192699946323,3.026033279656468,6.159420289855072,1.2748255501878691,7.199409554482019,0.5971551261406334,
112,16.686795491143318,20.833333333333332,44.37063875469673,3.0059044551798175,6.0587761674718195,1.2748255501878691,7.1725711218464845,0.5971551261406334,
113,16.901502952227588,20.652173913043477,44.24315619967794,3.0059044551798175,6.038647342995169,1.3821792807300053,7.125603864734299,0.6508319914117016,
114,16.190284487385938,18.71309715512614,43.98819108964037,3.0730005367686526,5.35426731078905,1.570048309178744,10.473698336017177,0.6374127750939346,
115,15.344873859366613,19.87385936661299,43.82045088566828,2.918679549114332,5.3274288781535155,1.570048309178744,10.46027911969941,0.6843800322061192,
116,15.76086956521739,19.632313472893184,43.79361245303274,2.918679549114332,5.193236714975845,1.570048309178744,10.326086956521738,0.6843800322061192,0.12077294685990338
117,16.076221148684915,19.370638754696724,43.80703166935051,2.918679549114332,5.193236714975845,1.570048309178744,10.258990874932904,0.6843800322061192,0.12077294685990338
118,16.344605475040257,19.33709071390231,43.625872249060656,2.918679549114332,5.193236714975845,1.570048309178744,10.245571658615138,0.644122383252818,0.12077294685990338
119,16.472088030059044,19.33709071390231,43.55877616747182,2.918679549114332,5.193236714975845,1.570048309178744,10.185185185185185,0.644122383252818,0.12077294685990338
120,16.371443907675793,18.00858829844337,43.23671497584541,2.7509393451422435,5.193236714975845,3.488996242619431,10.185185185185185,0.644122383252818,0.12077294685990338
121,16.49892646269458,17.98174986580784,43.17632850241546,2.7509393451422435,5.193236714975845,3.488996242619431,10.144927536231885,0.644122383252818,0.12077294685990338
122,16.505636070853463,17.847557702630166,43.162909286097694,3.0394524959742353,5.193236714975845,3.3413848631239937,10.144927536231885,0.644122383252818,0.12077294685990338
123,16.458668813741276,17.21014492753623,42.36446591519055,2.8650026838432634,6.850509930220075,3.3413848631239937,10.144927536231885,0.644122383252818,0.12077294685990338
124,16.317767042404725,16.09634997316157,41.93505099302201,2.8650026838432634,6.830381105743425,4.7168545356951155,10.124798711755233,0.9930220075147611,0.12077294685990338
125,16.639828234031132,15.982286634460548,41.67337627482555,2.831454643048846,6.830381105743425,4.7168545356951155,10.21202361782072,0.9930220075147611,0.12077294685990338
126,16.961889425657542,15.687063875469672,41.398282340311326,2.831454643048846,6.830381105743425,4.99194847020934,10.185185185185185,0.9930220075147611,0.12077294685990338
127,16.867954911433173,15.479066022544284,41.2842190016103,2.831454643048846,6.830381105743425,5.407944176060118,10.185185185185185,0.9930220075147611,0.12077294685990338
128,17.11621041331186,15.398550724637682,40.727321524422976,2.831454643048846,6.830381105743425,5.407944176060118,10.171765968867419,1.3955984970477724,0.12077294685990338
129,17.277241009125067,15.391841116478798,40.5931293612453,2.831454643048846,6.971282877079979,5.367686527106817,10.050993022007514,1.3955984970477724,0.12077294685990338
130,17.431561996779386,15.378421900161031,38.41250670960816,2.7777777777777777,7.118894256575416,5.360976918947934,12.037037037037036,1.3620504562533549,0.12077294685990338
131,17.69994632313473,15.378421900161031,38.29173376274826,2.7777777777777777,6.971282877079979,5.360976918947934,12.037037037037036,1.3620504562533549,0.12077294685990338
132,18.075684380032207,15.378421900161031,38.16425120772947,2.7777777777777777,6.857219538378959,5.267042404723564,11.996779388083736,1.3620504562533549,0.12077294685990338
133,18.243424584004295,15.351583467525497,38.09044551798175,2.7777777777777777,6.857219538378959,5.226784755770263,11.976650563607086,1.3553408480944713,0.12077294685990338
134,18.4447128287708,15.311325818572195,37.9495437466452,2.7777777777777777,6.857219538378959,5.226784755770263,11.956521739130435,1.3553408480944713,0.12077294685990338
135,18.733225979602793,15.291196994095545,37.82877079978529,2.7777777777777777,6.857219538378959,5.226784755770263,11.808910359634996,1.3553408480944713,0.12077294685990338
136,17.639559849704778,12.332259796027913,37.65432098765432,2.1739130434782608,6.816961889425658,5.213365539452496,16.814278046162105,1.3553408480944713,
137,17.94820182501342,12.224906065485776,37.513419216317764,2.147074610842727,6.816961889425658,5.213365539452496,16.780730005367687,1.3553408480944713,
138,18.203166935050994,11.98336017176597,37.58722490606549,2.13365539452496,6.769994632313473,6.1862587224906065,15.807836822329575,1.328502415458937,
139,18.23671497584541,11.969940955448202,37.5805152979066,2.13365539452496,6.769994632313473,6.172839506172839,15.807836822329575,1.328502415458937,
140,18.02200751476114,11.862587224906065,35.265700483091784,2.13365539452496,6.743156199677939,5.917874396135265,18.726516371443907,1.328502415458937,
141,18.129361245303276,11.862587224906065,35.08454106280193,2.2611379495437465,6.729736983360172,5.917874396135265,18.357487922705314,1.3217928073000538,0.33548040794417605
142,16.659957058507782,9.91009125067096,40.07648953301127,1.8518518518518519,6.260064412238325,5.421363392377885,18.17632850241546,1.3083735909822867,0.33548040794417605
143,16.80756843800322,9.561191626409018,39.734299516908216,1.8518518518518519,6.857219538378959,5.421363392377885,18.12265163714439,1.3083735909822867,0.33548040794417605
144,17.465110037573805,9.272678475577026,39.44578636607622,1.8518518518518519,6.6760601180891035,5.756843800322061,17.995169082125603,1.3083735909822867,0.2281266774020397
145,17.62614063338701,9.245840042941492,39.331723027375205,2.033011272141707,6.3070316693505095,6.172839506172839,17.834138486312398,1.221148684916801,0.2281266774020397
146,17.860976918947934,9.245840042941492,39.25791733762748,2.033011272141707,6.280193236714976,6.038647342995169,17.834138486312398,1.221148684916801,0.2281266774020397
147,18.243424584004295,9.111647879763822,39.23778851315083,2.033011272141707,6.159420289855072,5.971551261406334,17.612721417069242,1.402308105206656,0.2281266774020397
148,18.35077831454643,9.017713365539452,39.09688674181428,1.9927536231884058,6.360708534621578,5.964841653247451,17.58588298443371,1.402308105206656,0.2281266774020397
149,18.491680085882983,8.99087493290392,39.009661835748794,1.9860440150295222,6.360708534621578,5.964841653247451,17.56575415995706,1.402308105206656,0.2281266774020397
150,18.57890499194847,8.99087493290392,38.821792807300056,1.9860440150295222,6.340579710144928,5.964841653247451,17.56575415995706,1.5230810520665594,0.2281266774020397
151,18.699677938808374,8.923778851315083,38.801663982823406,1.9860440150295222,6.340579710144928,5.938003220611916,17.559044551798173,1.5230810520665594,0.2281266774020397
152,19.008319914117017,8.910359634997317,38.54669887278583,1.8719806763285025,6.608964036500268,5.938003220611916,17.53220611916264,1.3553408480944713,0.2281266774020397
153,17.834138486312398,8.735909822866345,41.096349973161566,1.8585614600107354,6.4412238325281805,5.260332796564681,17.52549651100376,1.0198604401502953,0.2281266774020397
154,16.59286097691895,7.991143317230274,40.06977992485239,1.6975308641975309,6.367418142780462,8.460815888352121,17.57246376811594,1.0198604401502953,0.2281266774020397
155,16.928341384863124,7.890499194847021,39.97584541062802,1.6908212560386473,6.233225979602791,8.460815888352121,17.57246376811594,1.0198604401502953,0.2281266774020397
156,17.102791196994094,7.890499194847021,39.95571658615137,1.6908212560386473,6.219806763285024,8.460815888352121,17.431561996779386,1.0198604401502953,0.2281266774020397
157,17.297369833601717,7.890499194847021,38.788244766505635,1.6908212560386473,5.904455179817498,9.762479871175524,17.418142780461622,1.0198604401502953,0.2281266774020397
158,17.834138486312398,7.877079978529254,38.479602791196996,1.6908212560386473,5.904455179817498,9.561191626409018,17.404723564143854,1.0198604401502953,0.2281266774020397
159,17.954911433172303,7.7361782071927,38.399087493290395,1.6774020397208802,5.904455179817498,9.5276435856146,17.56575415995706,1.0064412238325282,0.2281266774020397
160,18.015297906602253,7.729468599033816,38.34541062801932,1.6774020397208802,5.904455179817498,9.5276435856146,17.56575415995706,1.0064412238325282,0.2281266774020397
161,18.46484165324745,7.5281803542673105,38.24476650563607,1.6706924315619969,6.119162640901771,9.406870638754697,17.330917874396135,1.0064412238325282,0.2281266774020397
162,18.82716049382716,7.5281803542673105,37.94283413848631,1.6706924315619969,6.119162640901771,9.50751476113795,17.042404723564143,1.0064412238325282,0.35560923242082665
163,19.129092860976918,7.521470746108427,37.64090177133655,1.6505636070853462,6.340579710144928,9.333064949006978,17.022275899087493,1.0064412238325282,0.35560923242082665
164,19.182769726247987,7.514761137949543,37.63419216317767,1.6505636070853462,6.3137412775093935,9.333064949006978,17.008856682769725,1.0064412238325282,0.35560923242082665
165,19.316961889425656,7.514761137949543,37.513419216317764,1.6505636070853462,6.3137412775093935,9.333064949006978,16.99543746645196,1.0064412238325282,0.35560923242082665
166,19.504830917874397,7.467793880837359,37.37251744498121,1.6505636070853462,6.3137412775093935,9.333064949006978,16.99543746645196,1.0064412238325282,0.35560923242082665
167,19.49812130971551,7.454374664519592,36.90955448201825,1.6170155662909287,6.219806763285024,9.796027911969942,16.908212560386474,1.2412775093934514,0.35560923242082665
168,19.81347289318304,7.447665056360709,35.970209339774556,2.200751476113795,6.213097155126141,9.796027911969942,16.82769726247987,1.3754696725711217,0.35560923242082665
169,19.64573268921095,7.447665056360709,35.47369833601718,3.0193236714975846,6.179549114331723,9.789318303811058,16.72705314009662,1.3620504562533549,0.35560923242082665
170,19.90740740740741,7.427536231884058,35.37976382179281,3.0193236714975846,6.152710681696189,9.782608695652174,16.63311862587225,1.3419216317767042,0.35560923242082665
171,20.055018786902846,7.387278582930757,35.29253891572732,3.0193236714975846,6.152710681696189,9.782608695652174,16.6129898013956,1.3419216317767042,0.35560923242082665
172,20.477724100912507,7.387278582930757,34.78931830381106,2.871712292002147,6.407675791733762,10.030864197530864,16.337895866881375,1.3419216317767042,0.35560923242082665
173,20.90042941492217,7.353730542136339,34.58132045088567,2.871712292002147,6.407675791733762,9.849704777241008,16.337895866881375,1.3419216317767042,0.35560923242082665
174,21.081588835212024,7.326892109500805,34.54106280193237,2.871712292002147,6.380837359098229,9.849704777241008,16.25738056897477,1.3352120236178207,0.35560923242082665
175,21.55126140633387,7.300053676865271,34.29951690821256,2.8515834675254963,6.273483628556092,9.829575952764358,16.203703703703702,1.3352120236178207,0.35560923242082665
176,21.651905528717123,7.185990338164252,34.19887278582931,3.0327428878153517,6.260064412238325,9.796027911969942,16.183574879227052,1.3352120236178207,0.35560923242082665
177,21.79951690821256,7.185990338164252,34.15861513687601,3.0327428878153517,6.233225979602791,9.742351046698873,16.170155662909288,1.3217928073000538,0.35560923242082665
178,21.87332259796028,7.179280730005368,34.09822866344606,3.0327428878153517,6.226516371443908,9.742351046698873,16.170155662909288,1.3217928073000538,0.35560923242082665
179,22.18196457326892,7.179280730005368,33.93048845947396,2.9924852388620504,6.226516371443908,9.86983360171766,16.035963499731615,1.2278582930756843,0.35560923242082665
180,22.34970477724101,7.179280730005368,33.8365539452496,2.9924852388620504,6.206387546967257,9.842995169082126,15.827965646806227,1.4224369296833066,0.3421900161030596
181,22.530864197530864,7.179280730005368,33.69565217391305,2.9924852388620504,6.199677938808374,9.809447128287708,15.827965646806227,1.4224369296833066,0.3421900161030596
182,22.725442834138487,7.105475040257649,33.621846484165324,2.9924852388620504,6.199677938808374,9.782608695652174,15.807836822329575,1.4224369296833066,0.3421900161030596
183,23.262211486849168,7.105475040257649,33.031400966183575,2.985775630703167,6.199677938808374,9.648416532474503,15.693773483628556,1.7310789049919484,0.3421900161030596
184,23.396403650026837,7.105475040257649,33.00456253354804,2.985775630703167,6.199677938808374,9.634997316156737,15.599838969404187,1.7310789049919484,0.3421900161030596
185,23.161567364465917,7.105475040257649,32.94417606011809,2.985775630703167,6.508319914117015,9.634997316156737,15.58641975308642,1.7310789049919484,0.3421900161030596
186,23.429951690821255,7.27992485238862,32.8166935050993,2.9589371980676327,6.508319914117015,9.634997316156737,15.351583467525497,1.6774020397208802,0.3421900161030596
187,23.758722490606548,7.273215244229737,32.669082125603865,2.8113258185721954,6.501610305958132,9.634997316156737,15.331454643048845,1.6774020397208802,0.3421900161030596
188,23.89291465378422,7.273215244229737,32.56843800322061,2.7777777777777777,6.501610305958132,9.634997316156737,15.331454643048845,1.6774020397208802,0.3421900161030596
189,23.960010735373054,7.159151905528717,32.51476113794954,2.7308105206655933,6.501610305958132,9.634997316156737,14.962426194310252,2.1940418679549114,0.3421900161030596
190,24.27536231884058,6.977992485238862,32.44095544820183,2.7308105206655933,6.501610305958132,9.594739667203436,14.942297369833602,2.1940418679549114,0.3421900161030596
191,24.691358024691358,6.937734836285561,32.29334406870639,2.7308105206655933,6.468062265163715,9.447128287707997,14.895330112721417,2.1940418679549114,0.3421900161030596
192,24.745034889962426,6.937734836285561,32.038378958668815,2.7308105206655933,6.468062265163715,9.447128287707997,14.861782071927,2.428878153515835,0.3421900161030596
193,24.798711755233494,6.776704240472356,32.14573268921095,2.7308105206655933,6.468062265163715,9.447128287707997,14.861782071927,2.428878153515835,0.3421900161030596
194,25.214707461084274,6.756575415995706,31.93102522812668,2.7241009125067097,6.4412238325281805,9.447128287707997,14.80810520665593,2.3349436392914655,0.3421900161030596
195,25.644122383252817,6.696188942565755,31.816961889425656,2.7241009125067097,6.407675791733762,9.359903381642512,14.673913043478262,2.3349436392914655,0.3421900161030596
196,25.55689747718733,6.662640901771336,31.602254428341386,3.2675791733762747,6.407675791733762,9.359903381642512,14.465915190552872,2.3349436392914655,0.3421900161030596
197,25.925925925925927,6.629092860976919,31.44122383252818,3.2206119162640903,6.6827697262479875,9.232420826623725,14.190821256038648,2.3349436392914655,0.3421900161030596
198,25.785024154589372,6.602254428341385,28.502415458937197,3.2206119162640903,6.655931293612453,9.138486312399356,17.330917874396135,2.4221685453569513,0.3421900161030596
199,24.785292538915726,6.568706387546968,32.91733762748255,2.9052603327965647,6.602254428341385,8.917069243156199,14.53972088030059,2.4221685453569513,0.3421900161030596
200,24.912775093934513,6.568706387546968,32.890499194847024,2.9052603327965647,6.602254428341385,8.896940418679549,14.459205582393988,2.4221685453569513,0.3421900161030596
201,25.248255501878692,6.541867954911433,32.8569511540526,2.9052603327965647,6.508319914117015,8.78287707997853,14.392109500805153,2.4221685453569513,0.3421900161030596
202,25.637412775093935,6.488191089640365,32.75630703166935,2.8918411164787976,6.494900697799249,8.756038647342995,14.257917337627482,2.3752012882447664,0.3421900161030596
203,26.03327965646806,6.474771873322598,32.72275899087493,2.8918411164787976,6.387546967257112,8.514492753623188,14.257917337627482,2.3752012882447664,0.3421900161030596
204,26.100375738056897,6.474771873322598,32.689210950080515,2.885131508319914,6.387546967257112,8.494363929146537,14.251207729468598,2.3752012882447664,0.3421900161030596
205,26.147342995169083,6.474771873322598,32.669082125603865,2.885131508319914,6.367418142780462,8.487654320987655,14.251207729468598,2.3752012882447664,0.3421900161030596
206,26.556629092860977,6.474771873322598,32.380568974771876,2.885131508319914,6.327160493827161,8.454106280193237,14.204240472356414,2.3752012882447664,0.3421900161030596
207,26.462694578636608,6.407675791733762,32.19269994632314,2.885131508319914,6.608964036500268,8.601717659688674,14.123725174449811,2.3752012882447664,0.3421900161030596
208,26.56333870101986,6.407675791733762,31.95115405260333,2.885131508319914,6.608964036500268,8.601717659688674,14.123725174449811,2.5161030595813205,0.3421900161030596
209,26.710950080515296,6.360708534621578,31.93102522812668,2.885131508319914,6.608964036500268,8.541331186258722,14.103596349973161,2.5161030595813205,0.3421900161030596
210,26.912238325281802,6.320450885668277,31.830381105743424,2.885131508319914,6.608964036500268,8.514492753623188,14.070048309178745,2.5161030595813205,0.3421900161030596
211,27.01959205582394,6.320450885668277,31.749865807836823,2.85829307568438,6.5552871712292005,8.849973161567364,13.989533011272142,2.314814814814815,0.3421900161030596
212,27.053140096618357,6.320450885668277,29.59608158883521,2.844873859366613,8.82313472893183,8.849973161567364,13.855340848094471,2.314814814814815,0.3421900161030596
213,27.274557165861513,6.233225979602791,29.562533548040793,2.8381642512077296,8.82313472893183,8.829844337090714,13.781535158346752,2.314814814814815,0.3421900161030596
214,27.241009125067094,6.233225979602791,29.468599033816425,2.818035426731079,8.82313472893183,8.709071390230811,13.781535158346752,2.5831991411701556,0.3421900161030596
215,27.274557165861513,6.233225979602791,29.421631776704242,2.771068169618894,8.917069243156199,8.695652173913043,13.781535158346752,2.563070316693505,0.3421900161030596
216,27.462426194310254,6.213097155126141,29.314278046162105,2.771068169618894,8.917069243156199,8.695652173913043,13.727858293075684,2.5563607085346214,0.3421900161030596
217,27.58990874932904,6.213097155126141,29.159957058507782,2.871712292002147,8.870101986044014,8.695652173913043,13.70101986044015,2.5563607085346214,0.3421900161030596
218,27.77777777777778,6.213097155126141,29.09957058507783,2.871712292002147,8.870101986044014,8.588298443370908,13.6808910359635,2.5563607085346214,0.3421900161030596
219,28.019323671497585,6.152710681696189,28.938539989264626,2.871712292002147,8.870101986044014,8.729200214707461,13.553408480944713,2.522812667740204,0.3421900161030596
220,28.153515834675254,6.152710681696189,28.837895866881375,2.871712292002147,8.856682769726248,8.722490606548577,13.546698872785829,2.5161030595813205,0.3421900161030596
221,28.287707997852927,6.152710681696189,28.743961352657006,2.871712292002147,8.836553945249598,8.722490606548577,13.533279656468062,2.5161030595813205,0.33548040794417605
222,28.421900161030596,6.152710681696189,28.71712292002147,2.8515834675254963,9.138486312399356,8.387010198604402,13.479602791196994,2.5161030595813205,0.33548040794417605
223,28.864734299516908,5.958132045088567,28.44873859366613,2.8381642512077296,9.245840042941492,8.353462157809984,13.439345142243694,2.5161030595813205,0.33548040794417605
224,28.723832528180353,5.46833064949007,29.186795491143318,2.8381642512077296,9.212292002147075,8.299785292538916,13.419216317767042,2.5161030595813205,0.33548040794417605
225,28.784219001610307,5.46833064949007,29.1532474503489,2.8381642512077296,9.212292002147075,8.299785292538916,13.39237788513151,2.5161030595813205,0.33548040794417605
226,29.126409017713364,5.381105743424584,28.85131508319914,2.8381642512077296,9.185453569511541,8.185721953837897,13.157541599570585,2.9388083735909825,0.33548040794417605
227,29.24718196457327,5.381105743424584,28.824476650563607,2.8247450348899625,9.151905528717123,8.152173913043478,13.144122383252817,2.9388083735909825,0.33548040794417605
228,29.341116478797638,5.347557702630167,28.65673644659152,3.388352120236178,9.145195920558239,8.09849704777241,12.815351583467525,2.871712292002147,0.33548040794417605
229,29.401502952227588,5.347557702630167,28.44873859366613,3.535963499731616,9.145195920558239,8.09849704777241,12.815351583467525,2.871712292002147,0.33548040794417605
230,29.47530864197531,5.347557702630167,28.44873859366613,3.5292538915727323,9.138486312399356,8.09849704777241,12.754965110037574,2.871712292002147,0.33548040794417605
231,29.924852388620504,5.347557702630167,28.193773483628558,3.4420289855072466,9.292807300053678,8.064949006977992,12.70799785292539,2.690552871712292,0.33548040794417605
232,29.998658078368223,5.347557702630167,28.14680622651637,3.4286097691894795,9.292807300053678,8.064949006977992,12.694578636607622,2.690552871712292,0.33548040794417605
233,30.14626945786366,5.347557702630167,28.08641975308642,3.4151905528717124,9.252549651100376,8.05823939881911,12.667740203972087,2.690552871712292,0.33548040794417605
234,30.56226516371444,5.347557702630167,27.865002683843265,3.3682232957595275,9.252549651100376,7.9106280193236715,12.667740203972087,2.690552871712292,0.33548040794417605
235,30.60252281266774,5.347557702630167,27.78448738593666,3.629898013955985,9.212292002147075,7.9106280193236715,12.493290391841116,2.6838432635534084,0.33548040794417605
236,30.85077831454643,5.347557702630167,27.603327965646805,3.629898013955985,9.198872785829307,7.863660762211487,12.493290391841116,2.677133655394525,0.33548040794417605
237,31.011808910359633,5.273752012882448,27.2812667740204,3.7909286097691894,9.198872785829307,7.716049382716049,12.775093934514224,2.6167471819645733,0.33548040794417605
238,31.239935587761675,5.273752012882448,27.214170692431562,3.7909286097691894,9.178743961352657,7.615405260332796,12.734836285560924,2.6167471819645733,0.33548040794417605
239,31.588835212023618,5.24020397208803,27.194041867954912,3.770799785292539,9.178743961352657,7.501341921631776,12.627482555018787,2.576489533011272,0.322061191626409
240,31.629092860976918,5.24020397208803,27.15378421900161,3.770799785292539,9.178743961352657,7.501341921631776,12.627482555018787,2.576489533011272,0.322061191626409
241,31.904186795491142,5.193236714975845,27.120236178207193,3.7573805689747717,9.151905528717123,7.4208266237251745,12.553676865271068,2.576489533011272,0.322061191626409
242,32.25308641975309,5.0993022007514766,26.94578636607622,3.7037037037037037,9.125067096081589,7.4208266237251745,12.553676865271068,2.576489533011272,0.322061191626409
243,32.326892109500804,5.0993022007514766,26.939076757917338,3.7037037037037037,9.125067096081589,7.4141170155662905,12.493290391841116,2.576489533011272,0.322061191626409
244,32.57514761137949,5.018786902844874,26.78475577026302,3.683574879227053,9.044551798174986,7.6556629092860975,12.379227053140097,2.536231884057971,0.322061191626409
245,32.87707997852925,4.884594739667204,26.724369296833064,3.6634460547504024,9.044551798174986,7.6556629092860975,12.318840579710145,2.509393451422437,0.322061191626409
246,33.07836822329576,4.884594739667204,26.643853998926463,3.6634460547504024,8.957326892109501,7.6556629092860975,12.285292538915728,2.509393451422437,0.322061191626409
247,32.88378958668814,4.797369833601718,26.482823403113258,3.6634460547504024,9.574610842726784,7.722758990874933,12.04374664519592,2.509393451422437,0.322061191626409
248,33.01798174986581,4.797369833601718,26.32850241545894,3.6634460547504024,9.54777241009125,7.722758990874933,11.956521739130435,2.6435856146001075,0.322061191626409
249,33.17230273752013,4.797369833601718,25.986312399355878,3.616478797638218,9.500805152979066,7.722758990874933,12.27187332259796,2.61003757380569,0.322061191626409
250,33.272946859903385,4.797369833601718,25.95276435856146,3.616478797638218,9.494095544820183,7.669082125603865,12.27187332259796,2.6033279656468062,0.322061191626409
251,32.950885668276975,4.790660225442834,25.523349436392916,3.616478797638218,9.433709071390231,7.326892109500805,13.727858293075684,2.3081052066559313,0.322061191626409
252,33.11862587224906,4.74369296833065,25.509930220075148,3.616478797638218,9.39345142243693,7.326892109500805,13.66076221148685,2.3081052066559313,0.322061191626409
253,33.400429414922165,4.696725711218465,25.281803542673106,3.616478797638218,9.39345142243693,7.326892109500805,13.66076221148685,2.301395598497048,0.322061191626409
254,33.48765432098765,4.696725711218465,25.214707461084274,3.5963499731615673,9.39345142243693,7.326892109500805,13.66076221148685,2.301395598497048,0.322061191626409
255,33.72920021470746,4.696725711218465,25.167740203972087,3.5963499731615673,9.272678475577026,7.266505636070853,13.66076221148685,2.2879763821792807,0.322061191626409
256,33.87010198604401,4.676596886741814,25.127482555018787,3.5963499731615673,9.232420826623725,7.266505636070853,13.633923778851315,2.2745571658615136,0.322061191626409
257,33.95061728395062,4.636339237788513,25.10064412238325,3.7104133118625873,9.219001610305957,7.266505636070853,13.533279656468062,2.2745571658615136,0.30864197530864196
258,33.58829844337091,4.730273752012883,24.651100375738057,4.891304347826087,9.172034353193773,7.051798174986581,13.331991411701557,2.2745571658615136,0.30864197530864196
259,33.72920021470746,4.730273752012883,24.58400429414922,4.891304347826087,9.158615136876007,7.0383789586688135,13.285024154589372,2.2745571658615136,0.30864197530864196
260,33.53462157809984,4.730273752012883,24.496779388083738,4.891304347826087,9.158615136876007,7.320182501341922,13.285024154589372,2.2745571658615136,0.30864197530864196
261,33.756038647343,4.730273752012883,24.402844873859365,4.864465915190553,9.138486312399356,7.286634460547504,13.238056897477188,2.2745571658615136,0.30864197530864196
262,33.23268921095008,5.065754159957058,24.261943102522814,4.549114331723027,9.138486312399356,8.024691358024691,13.157541599570585,2.2611379495437465,0.30864197530864196
263,33.49436392914654,5.065754159957058,24.12104133118626,4.522275899087493,9.078099838969404,8.024691358024691,13.130703166935051,2.254428341384863,0.30864197530864196
264,33.43397745571659,5.065754159957058,23.980139559849704,4.461889425657541,9.05126140633387,8.232689210950081,13.271604938271604,2.1940418679549114,0.30864197530864196
265,33.80971551261406,5.065754159957058,24.20155662909286,4.294149221685454,9.044551798174986,8.064949006977992,13.01663982823403,2.1940418679549114,0.30864197530864196
