,45,50,51,55,52,53,54,57,58,56,59
0,82.70933977455717,8.635265700483092,8.655394524959743,,,,,,,,
1,81.83038110574343,9.460547504025765,8.548040794417606,0.1610305958132045,,,,,,,
2,79.44176060118089,11.681427804616211,8.507783145464305,0.36902844873859364,,,,,,,
3,74.94632313472893,16.183574879227052,8.507783145464305,0.36231884057971014,,,,,,,
4,75.00670960815889,16.076221148684915,8.447396672034353,0.36231884057971014,0.10735373054213634,,,,,,
5,75.32877079978529,15.821256038647343,8.380300590445518,0.36231884057971014,0.10735373054213634,,,,,,
6,75.51663982823403,15.653515834675256,8.132045088566828,0.5904455179817498,0.10735373054213634,,,,,,
7,71.77267847557702,17.94820182501342,9.608158883521202,0.5636070853462157,0.10735373054213634,,,,,,
8,68.01529790660226,21.85990338164251,9.480676328502415,0.5367686527106817,0.10735373054213634,,,,,,
9,67.29736983360172,22.67176596886742,9.386741814278047,0.5367686527106817,0.10735373054213634,,,,,,
10,66.72705314009661,22.987117552334944,7.50805152979066,0.5367686527106817,2.2410091250670963,,,,,,
11,63.909017713365536,25.91921631776704,7.407407407407407,0.5367686527106817,2.227589908749329,,,,,,
12,63.16425120772947,26.56333870101986,7.407407407407407,0.5367686527106817,2.1940418679549114,0.13419216317767044,,,,,
13,63.09044551798175,26.78475577026302,7.125603864734299,0.5367686527106817,2.1940418679549114,0.2683843263553409,,,,,
14,59.675254965110035,30.159688674181428,7.112184648416532,0.7514761137949544,1.90552871712292,0.39586688137412773,,,,,
15,56.68276972624799,33.1857219538379,7.078636607622115,0.7514761137949544,1.90552871712292,0.39586688137412773,,,,,
16,51.81159420289855,37.40606548577563,6.823671497584541,0.7447665056360708,2.2410091250670963,0.27509393451422437,0.6977992485238862,,,,
17,52.32823403113258,37.03032742887815,6.823671497584541,0.644122383252818,2.200751476113795,0.27509393451422437,0.6977992485238862,,,,
18,49.060654857756305,39.25791733762748,7.648953301127214,0.8722490606548577,2.187332259796028,0.27509393451422437,0.6977992485238862,,,,
19,38.31186258722491,55.864197530864196,3.5762211486849167,0.36902844873859364,0.47638217928073,0.13419216317767044,1.2681159420289856,,,,
20,24.261943102522814,71.59151905528716,0.8252818035426731,0.9393451422436929,0.14090177133655393,2.1068169618894257,0.13419216317767044,,,,
21,25.07380568974772,70.41062801932367,0.8252818035426731,1.2412775093934514,0.14090177133655393,2.1739130434782608,0.13419216317767044,,,,
22,25.429414922168544,69.7061191626409,0.8118625872249061,1.6035963499731616,0.14090177133655393,2.1739130434782608,0.13419216317767044,,,,
23,25.697799248523886,68.38432635534085,0.8118625872249061,2.120236178207193,0.1274825550187869,2.1739130434782608,0.6843800322061192,,,,
24,26.32850241545894,66.8142780461621,0.8118625872249061,3.0595813204508855,0.1274825550187869,2.1739130434782608,0.6843800322061192,,,,
25,26.912238325281802,65.25764895330113,0.7648953301127214,4.092860976918948,0.1274825550187869,1.9927536231884058,0.6843800322061192,0.16774020397208803,,,
26,27.636876006441224,64.55984970477724,0.7648953301127214,4.066022544283414,0.1274825550187869,1.9927536231884058,0.6843800322061192,0.16774020397208803,,,
27,28.052871712292003,63.85534084809447,0.8856682769726248,4.052603327965647,0.1274825550187869,2.200751476113795,0.6575415995705851,0.16774020397208803,,,
28,28.381642512077295,62.65432098765432,0.8856682769726248,4.924852388620504,0.1274825550187869,2.200751476113795,0.6575415995705851,0.16774020397208803,,,
29,28.509125067096083,59.554482018250134,1.5633387010198605,6.944444444444445,0.12077294685990338,2.4825550187869028,0.6575415995705851,0.16774020397208803,,,
30,28.992216854535695,58.903650026838434,1.5633387010198605,7.14573268921095,0.12077294685990338,2.4490069779924855,0.6575415995705851,0.16774020397208803,,,
31,14.298174986580785,78.46215780998389,1.751207729468599,2.7308105206655933,,1.932367149758454,0.6575415995705851,0.16774020397208803,,,
32,12.412775093934513,79.96511003757381,1.5365002683843263,3.3279656468062266,,1.932367149758454,0.6575415995705851,0.16774020397208803,,,
33,12.842190016103059,78.8311862587225,2.1604938271604937,3.3279656468062266,,2.0128824476650564,0.6575415995705851,0.16774020397208803,,,
34,13.727858293075684,77.46913580246914,2.1269457863660763,3.844605475040258,,2.0128824476650564,0.6575415995705851,0.1610305958132045,,,
35,14.754428341384862,75.75818572195384,2.1068169618894257,4.562533548040794,,1.9994632313472893,0.6575415995705851,0.1610305958132045,,,
36,15.874932903918411,74.69135802469135,2.1068169618894257,4.562533548040794,,1.9524959742351047,0.6508319914117016,0.1610305958132045,,,
37,17.028985507246375,73.66478797638219,2.1068169618894257,4.549114331723027,,1.7444981213097155,0.6508319914117016,0.1610305958132045,0.0939345142243693,,
38,18.149490069779926,70.67230273752013,2.0933977455716586,6.481481481481482,,1.5096618357487923,0.6508319914117016,0.1610305958132045,0.06038647342995169,0.2214170692431562,
39,7.689210950080516,28.079710144927535,0.8521202361782072,2.690552871712292,58.272946859903385,1.2345679012345678,0.5434782608695652,0.35560923242082665,0.06038647342995169,0.2214170692431562,
40,8.246108427267847,27.851583467525497,0.8521202361782072,2.6838432635534084,56.394256575415994,1.2278582930756843,0.5434782608695652,1.9189479334406871,0.06038647342995169,0.2214170692431562,
41,9.017713365539452,26.207729468599034,0.8521202361782072,2.006172839506173,53.90499194847021,2.737520128824477,2.5831991411701556,2.408749329039184,0.06038647342995169,0.2214170692431562,
42,9.842995169082126,25.771604938271604,0.8521202361782072,2.147074610842727,53.455448201825014,2.737520128824477,2.5831991411701556,2.328234031132582,0.06038647342995169,0.2214170692431562,
43,10.540794417606012,25.657541599570585,0.8521202361782072,2.147074610842727,52.11352657004831,2.737520128824477,2.49597423510467,3.1736446591519054,0.06038647342995169,0.2214170692431562,
44,11.07085346215781,25.301932367149757,0.8521202361782072,2.120236178207193,51.16747181964573,2.737520128824477,2.4557165861513686,4.012345679012346,0.06038647342995169,0.2214170692431562,
45,11.3593666129898,24.416264090177133,0.8387010198604401,2.932098765432099,47.89318303811057,5.9447128287707995,2.4154589371980677,3.92512077294686,0.05367686527106817,0.2214170692431562,
46,11.621041331186259,24.349168008588297,0.8387010198604401,2.932098765432099,43.954643048845945,5.911164787976382,5.595813204508857,4.435050993022007,0.05367686527106817,0.30864197530864196,
47,12.104133118625873,24.013687600644122,0.8387010198604401,3.2675791733762747,43.47826086956522,5.911164787976382,5.589103596349974,4.435050993022007,0.05367686527106817,0.30864197530864196,
48,12.560386473429952,23.544015029522274,0.8387010198604401,3.770799785292539,43.19645732689211,5.750134192163178,5.589103596349974,4.414922168545357,0.026838432635534086,0.30864197530864196,
49,13.258185721953838,23.141438539989263,0.8387010198604401,3.9586688137412773,40.90177133655394,8.165593129361245,5.589103596349974,3.6366076221148687,0.026838432635534086,0.4830917874396135,
50,13.16425120772947,21.85319377348363,0.8387010198604401,6.421095008051529,40.39855072463768,8.085077831454644,5.562265163714439,3.166935050993022,0.026838432635534086,0.4830917874396135,
51,14.224369296833064,21.69887278582931,0.8387010198604401,6.394256575415996,39.700751476113794,8.064949006977992,5.414653784219001,3.1535158346752548,0.026838432635534086,0.4830917874396135,
52,15.311325818572195,21.296296296296298,0.798443370907139,6.179549114331723,39.45920558239399,8.051529790660226,5.340848094471283,3.052871712292002,0.026838432635534086,0.4830917874396135,
53,16.25067096081589,21.061460010735374,0.798443370907139,5.924584004294149,38.45276435856146,7.96430488459474,5.246913580246914,3.8177670424047236,0.026838432635534086,0.4562533548040794,
54,16.6935050993022,20.26972624798712,0.798443370907139,6.407675791733762,38.137412775093935,7.957595276435856,5.24020397208803,3.797638217928073,0.026838432635534086,0.6709608158883521,
55,17.538915727321523,20.175791733762747,0.785024154589372,6.340579710144928,37.39935587761675,7.897208803005904,5.314009661835748,3.851315083199141,0.026838432635534086,0.6709608158883521,
56,18.4044551798175,20.12211486849168,0.785024154589372,6.273483628556092,36.81561996779388,7.843531937734836,5.166398282340311,3.9519592055823938,0.026838432635534086,0.6105743424584005,
57,18.94122383252818,19.753086419753085,0.785024154589372,6.454643048845948,36.64787976382179,7.843531937734836,5.052334943639291,3.9184111647879765,0.026838432635534086,0.5770263016639828,
58,19.41760601180891,19.49812130971551,0.785024154589372,6.421095008051529,35.849436392914654,7.548309178743962,5.01207729468599,4.64975845410628,0.24154589371980675,0.5770263016639828,
59,20.598497047772412,19.122383252818036,0.785024154589372,6.213097155126141,35.17176596886742,7.50805152979066,4.9651100375738055,4.8376274825550185,0.24154589371980675,0.5568974771873323,
60,21.85319377348363,18.793612453032743,0.7783145464304885,6.179549114331723,34.77589908749329,7.253086419753086,4.804079441760601,4.7638217928073,0.24154589371980675,0.5568974771873323,
61,21.91358024691358,18.699677938808374,0.7648953301127214,6.146001073537305,36.2385936661299,7.139023081052066,3.8311862587224907,4.468599033816425,0.24154589371980675,0.5568974771873323,
62,22.63150831991412,18.46484165324745,0.7648953301127214,6.206387546967257,35.869565217391305,7.051798174986581,3.797638217928073,4.414922168545357,0.24154589371980675,0.5568974771873323,
63,22.436929683306495,16.42512077294686,0.7648953301127214,10.540794417606012,34.07139023081052,6.179549114331723,3.784219001610306,4.824208266237251,0.41599570585077833,0.5568974771873323,
64,22.926731078904993,16.27079978529254,0.7648953301127214,10.426731078904991,33.621846484165324,6.078904991948471,3.992216854535695,4.944981213097155,0.41599570585077833,0.5568974771873323,
65,23.63123993558776,15.72061191626409,0.7648953301127214,10.802469135802468,33.13875469672571,6.038647342995169,3.9519592055823938,4.978529253891573,0.41599570585077833,0.5568974771873323,
66,24.590713902308106,15.08990874932904,0.7045088566827697,11.097691894793345,32.669082125603865,6.038647342995169,3.9318303811057436,4.904723564143854,0.41599570585077833,0.5568974771873323,
67,24.436392914653783,13.486312399355878,0.7045088566827697,13.47289318303811,32.13231347289318,5.998389694041868,3.9318303811057436,4.864465915190553,0.41599570585077833,0.5568974771873323,
68,24.818840579710145,13.385668276972625,0.7045088566827697,13.01663982823403,31.5955448201825,5.864197530864198,4.690016103059581,4.810789049919484,0.41599570585077833,0.6977992485238862,
69,25.006709608158882,13.372249060654857,0.7045088566827697,12.99651100375738,31.548577563070317,5.797101449275362,4.64975845410628,4.810789049919484,0.41599570585077833,0.6977992485238862,
70,25.97289318303811,13.097155126140633,0.6776704240472357,12.788513150831992,31.273483628556093,5.689747718733226,4.569243156199678,4.7101449275362315,0.41599570585077833,0.8051529790660226,
71,26.133923778851315,12.808641975308642,0.6776704240472357,12.506709608158884,31.11916264090177,6.481481481481482,4.40150295222759,4.64975845410628,0.41599570585077833,0.8051529790660226,
72,26.99946323134729,12.674449812130971,0.6776704240472357,12.385936661298981,30.669618894256576,6.4345142243692965,4.40150295222759,4.569243156199678,0.41599570585077833,0.7716049382716049,
73,27.616747181964573,12.25174449812131,0.6776704240472357,12.473161567364466,30.213365539452496,6.4345142243692965,4.3478260869565215,4.797369833601718,0.41599570585077833,0.7716049382716049,
74,27.569779924852387,12.06387546967257,0.6776704240472357,12.338969404186795,29.790660225442835,6.394256575415996,5.132850241545894,4.394793344068707,0.41599570585077833,1.221148684916801,
75,27.958937198067634,12.010198604401502,0.6575415995705851,11.996779388083736,29.468599033816425,6.447933440687064,5.22007514761138,4.602791196994096,0.41599570585077833,1.221148684916801,
76,28.871443907675793,11.83574879227053,0.6575415995705851,11.889425657541599,29.07944176060118,6.367418142780462,5.025496511003757,4.555823939881911,0.41599570585077833,1.3016639828234031,
77,29.394793344068706,11.748523886205046,0.6575415995705851,11.614331723027375,28.945249597423512,6.253354804079442,4.978529253891573,4.555823939881911,0.5568974771873323,1.2949543746645196,
78,29.777241009125067,11.60762211486849,0.6575415995705851,11.366076221148685,27.79790660225443,6.568706387546968,4.944981213097155,5.441492216854535,0.5568974771873323,1.2815351583467525,
79,30.320719269994633,11.466720343531938,0.6575415995705851,11.782071926999464,27.623456790123456,6.568706387546968,4.851046698872786,4.904723564143854,0.5568974771873323,1.2681159420289856,
80,30.159688674181428,10.513955984970478,0.6575415995705851,14.009661835748792,26.724369296833064,6.246645195920558,4.851046698872786,4.7638217928073,0.5568974771873323,1.5163714439076759,
81,29.320987654320987,9.554482018250134,0.6239935587761675,13.264895330112722,28.27428878153516,5.314009661835748,6.474771873322598,4.851046698872786,0.5568974771873323,1.7646269457863661,
82,29.797369833601717,9.473966720343531,0.6239935587761675,13.197799248523886,27.831454643048847,5.186527106816962,6.4345142243692965,4.777241009125067,0.5568974771873323,2.120236178207193,
83,30.226784755770264,9.353193773483628,0.6239935587761675,13.331991411701557,26.78475577026302,4.85775630703167,6.233225979602791,5.0993022007514766,0.5568974771873323,2.932098765432099,
84,29.522275899087493,9.27938808373591,0.5636070853462157,13.003220611916264,28.918411164787976,4.918142780461621,6.515029522275899,4.830917874396135,0.20128824476650564,2.24771873322598,
85,29.602791196994094,9.265968867418144,0.5636070853462157,12.902576489533011,28.515834675254965,4.924852388620504,6.89747718733226,4.750402576489533,0.20128824476650564,2.3752012882447664,
86,29.696725711218466,8.467525496511003,0.5636070853462157,12.869028448738593,27.771068169618893,6.025228126677402,7.004830917874396,4.616210413311863,0.20128824476650564,2.7844873859366612,
87,29.8040794417606,8.3467525496511,0.5636070853462157,13.580246913580247,27.314814814814813,5.998389694041868,6.837090713902308,4.549114331723027,0.20128824476650564,2.804616210413312,
88,30.213365539452496,8.266237251744498,0.5434782608695652,13.405797101449275,26.623725174449813,6.528448738593666,6.810252281266774,4.636339237788513,0.20128824476650564,2.771068169618894,
89,29.998658078368223,8.219269994632313,0.5434782608695652,13.298443370907139,25.771604938271604,8.172302737520129,6.736446591519055,4.361245303274289,0.20128824476650564,2.6972624798711755,
90,29.448470209339774,7.9039184111647875,0.5434782608695652,12.915995705850777,26.147342995169083,8.172302737520129,7.7361782071927,4.206924315619967,0.20128824476650564,2.7241009125067097,
91,29.918142780461622,7.877079978529254,0.5434782608695652,12.775093934514224,25.657541599570585,8.172302737520129,7.514761137949543,4.180085882984434,0.20128824476650564,3.1602254428341383,
92,30.46833064949007,7.830112721417069,0.5300590445517982,12.869028448738593,25.281803542673106,8.105206655931294,7.48792270531401,4.133118625872249,0.20128824476650564,3.0931293612453032,
93,31.5955448201825,7.514761137949543,0.5300590445517982,12.681159420289855,25.006709608158882,8.07836822329576,7.239667203435319,4.079441760601181,0.20128824476650564,3.0730005367686526,
94,31.99141170155663,7.615405260332796,0.5300590445517982,12.620772946859903,24.530327428878152,8.017981749865807,7.185990338164252,4.274020397208803,0.20128824476650564,3.0327428878153517,
95,32.25979602791197,7.454374664519592,0.5300590445517982,12.754965110037574,24.228395061728396,7.98443370907139,7.139023081052066,4.146537842190016,0.20128824476650564,3.3011272141706924,
96,32.14573268921095,7.4208266237251745,0.5300590445517982,12.835480407944177,24.476650563607084,8.05823939881911,7.0383789586688135,4.146537842190016,0.06038647342995169,3.2877079978529253,
97,32.64224369296833,7.387278582930757,0.5300590445517982,12.835480407944177,24.013687600644122,7.971014492753623,6.857219538378959,4.086151368760064,0.06038647342995169,3.616478797638218,
98,32.669082125603865,7.37385936661299,0.5300590445517982,15.103327965646805,23.362855609232422,6.729736983360172,6.857219538378959,3.8915727321524423,0.06038647342995169,3.421900161030596,
99,33.333333333333336,7.313472893183038,0.5300590445517982,15.291196994095545,22.940150295222757,6.541867954911433,6.837090713902308,3.8848631239935587,0.06038647342995169,3.2675791733762747,
100,33.44739667203435,7.071926999463232,0.5233494363929146,14.861782071927,22.873054213633925,6.146001073537305,7.62211486849168,3.851315083199141,0.06038647342995169,3.5426731078904994,
101,33.903650026838434,6.951154052603328,0.5233494363929146,14.660493827160494,22.77241009125067,5.978260869565218,7.608695652173913,3.7909286097691894,0.06038647342995169,3.750670960815888,
102,34.306226516371446,6.937734836285561,0.5233494363929146,14.566559312936125,22.544283413848632,5.917874396135265,7.682501341921632,3.730542136339238,0.06038647342995169,3.730542136339238,
103,34.96376811594203,6.9310252281266775,0.3824476650563607,14.398819108964037,22.443639291465377,5.9447128287707995,7.62211486849168,3.549382716049383,0.06038647342995169,3.7037037037037037,
104,35.37976382179281,6.810252281266774,0.3824476650563607,14.2914653784219,22.188674181427803,6.078904991948471,7.615405260332796,3.5292538915727323,0.06038647342995169,3.6634460547504024,
105,35.68840579710145,6.756575415995706,0.33548040794417605,14.184111647879764,22.088030059044552,6.139291465378422,7.561728395061729,3.5225442834138487,0.06038647342995169,3.6634460547504024,
106,36.3191089640365,6.729736983360172,0.32877079978529256,13.92914653784219,21.309715512614062,6.1929683306494905,7.461084272678476,3.9184111647879765,0.06038647342995169,3.750670960815888,
107,36.29898013955985,6.588835212023618,0.32877079978529256,14.553140096618357,20.94068706387547,6.1862587224906065,7.4006977992485234,3.938539989264627,0.06038647342995169,3.7037037037037037,
108,36.89613526570049,6.508319914117015,0.32877079978529256,14.680622651637144,20.39049919484702,6.132581857219538,7.286634460547504,4.03918411164788,0.06038647342995169,3.6768652710681695,
109,37.124261943102525,6.421095008051529,0.32877079978529256,14.720880300590446,20.101986044015028,6.508319914117015,7.192699946323135,3.992216854535695,0.06038647342995169,3.549382716049383,
110,36.74852388620504,6.353998926462695,0.32877079978529256,13.976113794954374,21.74584004294149,6.300322061191626,7.098765432098766,3.851315083199141,0.06038647342995169,3.535963499731616,
111,36.37949543746645,6.179549114331723,0.32877079978529256,13.097155126140633,21.20907139023081,9.158615136876007,6.508319914117015,3.589640365002684,0.06038647342995169,3.488996242619431,
112,36.782071926999464,6.099033816425121,0.32877079978529256,13.036768652710682,20.813204508856682,9.111647879763822,6.723027375201288,3.556092324208266,0.06038647342995169,3.488996242619431,
113,34.37332259796028,6.045356951154052,4.690016103059581,11.896135265700483,19.665861513687602,10.44015029522276,6.481481481481482,3.046162104133119,0.06038647342995169,3.3011272141706924,
114,35.04428341384863,6.038647342995169,4.636339237788513,11.802200751476114,19.236446591519055,10.339506172839506,6.394256575415996,3.180354267310789,0.06038647342995169,3.2675791733762747,
115,35.527375201288244,5.978260869565218,4.502147074610843,11.621041331186259,18.99490069779925,10.305958132045088,6.253354804079442,3.180354267310789,0.06038647342995169,3.5762211486849167,
116,35.72866344605475,5.924584004294149,4.502147074610843,11.621041331186259,18.914385399892645,10.279119699409554,6.253354804079442,3.1736446591519054,0.06038647342995169,3.5426731078904994,
117,35.44015029522276,5.71658615136876,4.448470209339774,11.399624261943103,20.242887815351583,9.923510466988727,5.911164787976382,3.1736446591519054,0.06038647342995169,3.683574879227053,
118,35.79575952764358,5.71658615136876,4.341116478797638,11.332528180354267,20.1959205582394,9.91009125067096,5.8239398819108965,3.166935050993022,0.06038647342995169,3.656736446591519,
119,36.22517444981213,5.669618894256575,4.314278046162104,11.218464841653248,19.83360171765969,9.883252818035427,5.790391841116479,3.1602254428341383,0.06038647342995169,3.844605475040258,
120,36.842458400429415,5.669618894256575,4.233762748255502,10.809178743961352,19.826892109500804,9.883252818035427,5.783682232957595,3.0730005367686526,0.06038647342995169,3.8177670424047236,
121,37.124261943102525,5.609232420826624,4.233762748255502,10.72866344605475,19.73966720343532,9.990606548577563,5.642780461621041,3.0730005367686526,0.06038647342995169,3.797638217928073,
122,37.27187332259796,5.522007514761138,4.233762748255502,10.661567364465915,19.652442297369834,9.863123993558776,5.683038110574342,3.0595813204508855,0.06038647342995169,3.992216854535695,
123,36.95652173913044,5.522007514761138,4.233762748255502,10.59447128287708,18.297101449275363,9.903381642512077,8.024691358024691,2.9052603327965647,0.06038647342995169,3.502415458937198,
124,36.85587761674718,5.421363392377885,4.233762748255502,10.903113258185721,18.14278046162104,9.829575952764358,7.87037037037037,2.898550724637681,0.06038647342995169,3.784219001610306,
125,36.36607622114869,5.139559849704777,4.146537842190016,9.936929683306495,17.72007514761138,12.875738056897477,7.206119162640902,2.8784219001610305,0.06038647342995169,3.670155662909286,
126,36.782071926999464,5.0791733762748255,4.146537842190016,9.842995169082126,17.60601180891036,12.822061191626409,7.1725711218464845,2.818035426731079,0.06038647342995169,3.670155662909286,
127,37.486580783682236,5.072463768115942,3.8848631239935587,9.816156736446592,17.444981213097154,12.681159420289855,7.098765432098766,2.8113258185721954,0.06038647342995169,3.643317230273752,
128,37.7012882447665,5.072463768115942,3.7573805689747717,9.621578099838969,17.2638217928073,12.546967257112184,7.065217391304348,2.8113258185721954,0.06038647342995169,4.0995705850778315,
129,38.13070316693505,5.059044551798175,3.683574879227053,9.50751476113795,17.20343531937735,12.493290391841116,7.0450885668276975,2.8113258185721954,0.06038647342995169,4.005636070853462,
130,37.92941492216855,5.01207729468599,3.6634460547504024,9.312936124530328,17.01556629092861,12.110842726784755,7.199409554482019,2.703972088030059,0.06038647342995169,4.99194847020934,
131,38.24476650563607,4.931561996779388,3.361513687600644,10.138217928073,16.659957058507782,11.929683306494901,7.192699946323135,2.5831991411701556,0.06038647342995169,4.898013955984971,
132,38.51315083199141,4.898013955984971,3.307836822329576,9.997316156736447,16.61969940955448,11.90955448201825,7.132313472893183,2.5831991411701556,0.06038647342995169,4.8443370907139025,0.13419216317767044
133,39.02308105206656,4.864465915190553,3.307836822329576,9.957058507783145,16.404991948470208,11.782071926999464,7.092055823939882,2.563070316693505,0.04696725711218465,4.824208266237251,0.13419216317767044
134,39.418947933440684,4.8443370907139025,3.3011272141706924,9.923510466988727,16.33118625872249,11.56736446591519,7.092055823939882,2.536231884057971,0.04696725711218465,4.804079441760601,0.13419216317767044
135,39.58668813741278,4.797369833601718,3.3011272141706924,9.903381642512077,16.264090177133657,11.66129898013956,7.024959742351046,2.522812667740204,0.04696725711218465,4.757112184648417,0.13419216317767044
136,40.03623188405797,4.783950617283951,3.280998389694042,9.782608695652174,16.210413311862588,11.453301127214171,6.8035426731078905,2.5026838432635534,0.04696725711218465,4.9651100375738055,0.13419216317767044
137,40.81454643048846,4.783950617283951,3.166935050993022,9.420289855072463,16.854535695115406,11.621041331186259,6.038647342995169,2.462426194310252,0.04696725711218465,4.656468062265164,0.13419216317767044
138,41.08964036500269,4.7638217928073,3.1602254428341383,9.406870638754697,16.74718196457327,11.621041331186259,6.038647342995169,2.3349436392914655,0.04696725711218465,4.656468062265164,0.13419216317767044
139,41.49892646269458,4.730273752012883,3.140096618357488,9.373322597960279,16.545893719806763,11.560654857756306,5.991680085882985,2.3349436392914655,0.04696725711218465,4.643048845947397,0.13419216317767044
140,41.82769726247987,4.7168545356951155,3.113258185721954,9.31964573268921,16.472088030059044,11.513687600644122,5.917874396135265,2.3215244229736984,0.04696725711218465,4.616210413311863,0.13419216317767044
141,40.21739130434783,4.320987654320987,3.113258185721954,8.55475040257649,15.687063875469672,15.660225442834138,5.5689747718733225,2.314814814814815,0.04696725711218465,4.38137412775094,0.13419216317767044
142,40.45222758990875,4.247181964573269,3.099838969404187,8.541331186258722,15.619967793880837,15.660225442834138,5.522007514761138,2.314814814814815,0.04696725711218465,4.361245303274289,0.13419216317767044
143,40.82125603864734,4.200214707461084,3.099838969404187,8.521202361782072,15.45222758990875,15.599838969404187,5.481749865807837,2.301395598497048,0.04696725711218465,4.341116478797638,0.13419216317767044
144,40.88164251207729,4.186795491143317,3.099838969404187,8.494363929146537,15.344873859366613,15.291196994095545,5.736714975845411,2.2946859903381642,0.04696725711218465,4.488727858293076,0.13419216317767044
145,41.27079978529254,4.186795491143317,3.099838969404187,8.427267847557703,15.277777777777779,15.237520128824476,5.595813204508857,2.281266774020397,0.04696725711218465,4.441760601180891,0.13419216317767044
146,41.686795491143315,4.180085882984434,2.9924852388620504,8.360171765968868,14.593397745571659,14.9020397208803,6.468062265163715,2.254428341384863,0.04696725711218465,4.38137412775094,0.13419216317767044
147,42.05582393988191,4.146537842190016,2.965646806226516,8.205850778314547,14.452495974235104,14.915458937198068,6.3137412775093935,2.24771873322598,0.04696725711218465,4.51556629092861,0.13419216317767044
148,42.371175523349436,4.139828234031133,2.932098765432099,8.085077831454644,14.371980676328503,14.61352657004831,6.5552871712292005,2.2342995169082127,0.04696725711218465,4.51556629092861,0.13419216317767044
149,42.579173376274824,4.106280193236715,2.932098765432099,8.051529790660226,14.338432635534085,14.55984970477724,6.515029522275899,2.2342995169082127,0.04696725711218465,4.502147074610843,0.13419216317767044
150,43.4044551798175,4.025764895330113,2.932098765432099,7.863660762211487,14.579978529253891,14.204240472356414,6.146001073537305,2.2342995169082127,0.2147074610842727,4.260601180891036,0.13419216317767044
151,43.39774557165862,4.019055287171229,2.8650026838432634,7.635534084809447,15.33816425120773,14.090177133655395,5.864197530864198,2.2208803005904456,0.20799785292538917,4.2270531400966185,0.13419216317767044
152,42.54562533548041,3.6366076221148687,2.8650026838432634,7.333601717659689,15.237520128824476,13.788244766505636,7.944176060118089,2.214170692431562,0.20799785292538917,4.092860976918948,0.13419216317767044
153,42.84755770263017,3.5829307568438002,2.8650026838432634,7.206119162640902,15.177133655394526,13.747987117552334,7.944176060118089,2.1940418679549114,0.20799785292538917,4.092860976918948,0.13419216317767044
154,43.25684380032206,3.5426731078904994,2.8650026838432634,7.179280730005368,15.150295222758992,13.801663982823403,7.823403113258186,1.9994632313472893,0.20799785292538917,4.03918411164788,0.13419216317767044
155,43.70638754696726,3.5292538915727323,2.7643585614600106,7.179280730005368,15.08990874932904,13.687600644122384,7.803274288781535,1.9994632313472893,0.20799785292538917,3.898282340311326,0.13419216317767044
156,44.12909286097692,3.515834675254965,2.737520128824477,7.1725711218464845,14.888620504562533,13.774825550187868,7.716049382716049,1.9659151905528718,0.20799785292538917,3.7573805689747717,0.13419216317767044
157,44.51154052603328,3.488996242619431,2.737520128824477,7.112184648416532,15.619967793880837,13.6406333870102,6.884057971014493,1.9256575415995705,0.20799785292538917,3.7372517444981215,0.13419216317767044
158,44.33038110574343,3.488996242619431,2.657004830917874,7.065217391304348,15.499194847020934,13.607085346215781,7.440955448201825,1.9256575415995705,0.20799785292538917,3.643317230273752,0.13419216317767044
159,44.71282877079979,3.488996242619431,2.657004830917874,6.91760601180891,15.593129361245303,13.405797101449275,7.37385936661299,1.9256575415995705,0.20799785292538917,3.5829307568438002,0.13419216317767044
160,44.900697799248526,3.435319377348363,2.657004830917874,6.857219538378959,15.539452495974235,13.291733762748256,7.501341921631776,1.9256575415995705,0.20799785292538917,3.549382716049383,0.13419216317767044
161,45.20263016639828,3.388352120236178,2.6435856146001075,7.407407407407407,15.163714439076758,12.855609232420827,7.595276435856146,1.9122383252818036,0.20799785292538917,3.488996242619431,0.13419216317767044
162,45.3569511540526,3.374932903918411,2.6435856146001075,7.387278582930757,15.096618357487923,12.788513150831992,7.628824476650563,1.892109500805153,0.20799785292538917,3.488996242619431,0.13419216317767044
163,45.70585077831455,3.374932903918411,2.636876006441224,7.347020933977456,15.01610305958132,12.754965110037574,7.555018786902845,1.8585614600107354,0.20799785292538917,3.408480944712829,0.13419216317767044
164,46.22920021470746,3.374932903918411,2.636876006441224,7.333601717659689,14.848362855609233,12.399355877616747,7.333601717659689,1.8585614600107354,0.20799785292538917,3.643317230273752,0.13419216317767044
165,46.30971551261406,3.33467525496511,2.636876006441224,7.387278582930757,14.74771873322598,12.365807836822329,7.5281803542673105,1.7444981213097155,0.20799785292538917,3.603059581320451,0.13419216317767044
166,46.64519592055824,3.280998389694042,2.623456790123457,7.300053676865271,14.680622651637144,12.285292538915728,7.494632313472893,1.7444981213097155,0.20799785292538917,3.603059581320451,0.13419216317767044
167,47.094739667203434,3.2139023081052067,2.6033279656468062,7.226247987117552,14.606816961889425,12.25174449812131,7.340311325818572,1.7444981213097155,0.19457863660762212,3.589640365002684,0.13419216317767044
168,47.0679012345679,3.1736446591519054,2.6033279656468062,7.139023081052066,15.237520128824476,12.097423510466989,7.065217391304348,1.6975308641975309,0.19457863660762212,3.589640365002684,0.13419216317767044
169,47.50402576489533,3.140096618357488,2.49597423510467,6.9243156199677935,15.821256038647343,11.761943102522812,6.9243156199677935,1.6505636070853462,0.19457863660762212,3.44873859366613,0.13419216317767044
170,46.94041867954911,2.6301663982823404,2.442297369833602,6.763285024154589,15.063070316693505,13.976113794954374,6.78341384863124,1.6237251744498122,0.19457863660762212,3.44873859366613,0.13419216317767044
171,45.370370370370374,2.4221685453569513,2.428878153515835,6.649221685453569,14.15727321524423,16.06280193236715,7.601986044015029,1.5297906602254427,0.19457863660762212,3.44873859366613,0.13419216317767044
172,45.82662372517445,2.395330112721417,2.3081052066559313,6.608964036500268,14.029790660225443,16.14331723027375,7.387278582930757,1.5297906602254427,0.19457863660762212,3.4420289855072466,0.13419216317767044
173,45.410628019323674,2.314814814814815,2.3081052066559313,7.843531937734836,13.774825550187868,15.881642512077295,7.380568974771873,1.4358561460010735,0.19457863660762212,3.321256038647343,0.13419216317767044
174,45.840042941492214,2.301395598497048,2.3081052066559313,7.836822329575953,13.667471819645733,15.68035426731079,7.367149758454106,1.4090177133655395,0.19457863660762212,3.260869565217391,0.13419216317767044
175,42.20343531937735,1.5096618357487923,13.117283950617283,7.635534084809447,12.04374664519592,13.030059044551798,5.9447128287707995,1.4090177133655395,0.16774020397208803,2.804616210413312,0.13419216317767044
176,41.74718196457327,1.5096618357487923,12.882447665056361,7.333601717659689,13.271604938271604,13.036768652710682,5.797101449275362,1.4090177133655395,0.16774020397208803,2.7106816961889426,0.13419216317767044
177,41.83440687063875,1.5029522275899088,12.801932367149758,7.286634460547504,13.023349436392914,12.99651100375738,6.159420289855072,1.3888888888888888,0.16774020397208803,2.703972088030059,0.13419216317767044
178,42.19672571121846,1.4761137949543746,12.4597423510467,7.199409554482019,13.003220611916264,13.378958668813741,6.011808910359635,1.3821792807300053,0.15432098765432098,2.6033279656468062,0.13419216317767044
179,42.51878690284487,1.42914653784219,12.372517444981213,7.125603864734299,13.009930220075148,13.311862587224907,5.958132045088567,1.3821792807300053,0.15432098765432098,2.6033279656468062,0.13419216317767044
180,42.619431025228124,1.42914653784219,12.204777241009126,7.320182501341922,12.989801395598498,13.217928073000536,5.9447128287707995,1.3821792807300053,0.15432098765432098,2.6033279656468062,0.13419216317767044
181,42.81400966183575,1.42914653784219,12.177938808373591,7.300053676865271,12.97638217928073,13.103864734299517,5.931293612453032,1.3821792807300053,0.14761137949543746,2.6033279656468062,0.13419216317767044
182,43.04884594739667,1.4224369296833066,12.104133118625873,7.1658615136876005,12.855609232420827,13.211218464841654,5.924584004294149,1.3821792807300053,0.14761137949543746,2.6033279656468062,0.13419216317767044
183,43.31052066559313,1.4090177133655395,11.876006441223833,6.951154052603328,12.620772946859903,13.841921631776705,5.924584004294149,1.3754696725711217,0.14761137949543746,2.408749329039184,0.13419216317767044
184,43.67283950617284,1.4090177133655395,11.788781535158346,6.837090713902308,12.473161567364466,13.70101986044015,5.850778314546431,1.3754696725711217,0.14761137949543746,2.61003757380569,0.13419216317767044
185,44.16264090177134,1.3955984970477724,11.627750939345143,6.796833064949007,12.654320987654321,13.526570048309178,5.656199677938808,1.3687600644122384,0.14761137949543746,2.5295222758990876,0.13419216317767044
186,44.20960815888352,1.3821792807300053,11.460010735373054,6.709608158883521,12.426194310252281,13.446054750402576,6.206387546967257,1.3687600644122384,0.14761137949543746,2.509393451422437,0.13419216317767044
187,44.316961889425656,1.3553408480944713,11.392914653784219,6.6760601180891035,12.325550187869029,13.83521202361782,6.112453032742888,1.2077294685990339,0.14761137949543746,2.49597423510467,0.13419216317767044
188,44.83360171765969,1.3486312399355878,10.473698336017177,6.629092860976919,12.224906065485776,13.687600644122384,6.112453032742888,1.2077294685990339,0.14761137949543746,3.2004830917874396,0.13419216317767044
189,44.67928073000537,1.3486312399355878,10.433440687063875,6.414385399892646,12.788513150831992,13.58695652173913,6.099033816425121,1.2077294685990339,0.14761137949543746,3.1602254428341383,0.13419216317767044
190,44.518250134192165,1.2345679012345678,10.406602254428341,6.407675791733762,12.614063338701019,13.553408480944713,6.629092860976919,1.2077294685990339,0.14761137949543746,3.1468062265163717,0.13419216317767044
191,45.10198604401503,1.1876006441223832,10.373054213633925,6.353998926462695,12.446323134728932,13.365539452495975,6.615673644659152,1.1607622114868492,0.14761137949543746,3.113258185721954,0.13419216317767044
192,45.35024154589372,1.1607622114868492,10.272410091250672,6.266774020397209,12.399355877616747,13.43263553408481,6.561996779388084,1.1607622114868492,0.14761137949543746,3.113258185721954,0.13419216317767044
193,46.061460010735374,1.1607622114868492,9.789318303811058,6.260064412238325,12.74825550187869,13.217928073000536,6.3070316693505095,1.0869565217391304,0.14761137949543746,3.0864197530864197,0.13419216317767044
194,46.081588835212024,1.0534084809447128,9.749060654857756,6.541867954911433,12.654320987654321,13.077026301663983,6.3070316693505095,1.0466988727858293,0.14761137949543746,3.207192699946323,0.13419216317767044
195,46.61164787976382,1.0534084809447128,9.514224369296834,6.494900697799249,12.526838432635534,13.003220611916264,6.286902844873859,1.0466988727858293,0.14761137949543746,3.180354267310789,0.13419216317767044
196,47.25577026301664,1.0332796564680622,9.420289855072463,6.374127750939345,12.399355877616747,12.929414922168545,6.273483628556092,1.0466988727858293,0.14761137949543746,2.985775630703167,0.13419216317767044
197,47.43022007514761,1.0198604401502953,9.39345142243693,6.353998926462695,12.359098228663447,12.882447665056361,6.253354804079442,1.0466988727858293,0.14761137949543746,2.9790660225442833,0.13419216317767044
198,47.47047772410091,1.0131508319914118,9.333064949006978,6.213097155126141,12.278582930756844,13.231347289318304,6.172839506172839,1.0466988727858293,0.14761137949543746,2.9589371980676327,0.13419216317767044
199,47.70531400966183,0.9796027911969941,9.23913043478261,6.4345142243692965,12.124261943102523,13.063607085346217,6.045356951154052,1.0332796564680622,0.14761137949543746,3.0931293612453032,0.13419216317767044
200,47.24906065485776,0.966183574879227,10.104669887278583,6.394256575415996,11.916264090177133,12.74825550187869,6.528448738593666,0.9930220075147611,0.1274825550187869,2.8381642512077296,0.13419216317767044
201,47.678475577026305,0.8923778851315083,10.93666129898014,6.300322061191626,11.641170155662909,12.211486849168008,6.3137412775093935,0.9863123993558777,0.1274825550187869,2.818035426731079,0.0939345142243693
202,46.041331186258724,0.8923778851315083,10.755501878690284,5.629361245303274,10.963499731615673,16.129898013955984,5.911164787976382,0.7917337627482555,0.1274825550187869,2.6637144390767578,0.0939345142243693
203,46.202361782071925,0.8923778851315083,10.755501878690284,5.629361245303274,10.943370907139023,16.022544283413847,5.891035963499732,0.7917337627482555,0.1274825550187869,2.6502952227589907,0.0939345142243693
204,46.4573268921095,0.8923778851315083,10.82259796027912,5.622651637144391,10.735373054213634,15.975577026301664,5.857487922705314,0.785024154589372,0.12077294685990338,2.636876006441224,0.0939345142243693
205,46.3365539452496,0.8521202361782072,10.715244229736983,5.4549114331723025,10.68840579710145,16.75389157273215,5.5756843800322065,0.785024154589372,0.10735373054213634,2.636876006441224,0.0939345142243693
206,47.04777241009125,0.8454106280193237,10.493827160493828,5.347557702630167,10.607890499194847,16.626409017713364,5.508588298443371,0.785024154589372,0.10735373054213634,2.536231884057971,0.0939345142243693
207,47.49060654857756,0.8118625872249061,10.44015029522276,5.287171229200215,10.473698336017177,16.49892646269458,5.508588298443371,0.785024154589372,0.10735373054213634,2.5026838432635534,0.0939345142243693
208,47.745571658615134,0.7783145464304885,10.279119699409554,5.139559849704777,10.473698336017177,16.378153515834676,5.756843800322061,0.7783145464304885,0.10735373054213634,2.4691358024691357,0.0939345142243693
209,46.26945786366076,0.7783145464304885,11.520397208803006,5.609232420826624,10.19189479334407,16.720343531937736,5.6964573268921095,0.6843800322061192,0.10735373054213634,2.328234031132582,0.0939345142243693
210,46.66532474503489,0.7648953301127214,11.446591519055287,5.589103596349974,10.111379495437467,16.53918411164788,5.669618894256575,0.6843800322061192,0.10735373054213634,2.328234031132582,0.0939345142243693
211,46.88003220611916,0.7648953301127214,11.3593666129898,5.542136339237788,10.091250670960816,16.505636070853463,5.662909286097692,0.6843800322061192,0.10735373054213634,2.314814814814815,0.08722490606548577
212,47.36312399355877,0.7380568974771873,11.312399355877616,5.501878690284487,10.044283413848632,16.25738056897477,5.636070853462158,0.6374127750939346,0.10735373054213634,2.314814814814815,0.08722490606548577
213,47.60466988727858,0.7380568974771873,11.272141706924316,5.46833064949007,10.00402576489533,16.076221148684915,5.689747718733226,0.6374127750939346,0.10735373054213634,2.314814814814815,0.08722490606548577
