,45,50,54,55,53,51,52,58,57,56
0,99.88593666129898,0.11406333870101985,,,,,,,,
1,98.10789049919485,1.892109500805153,,,,,,,,
2,97.84621578099839,2.15378421900161,,,,,,,,
3,97.90660225442834,2.0933977455716586,,,,,,,,
4,97.61808910359635,2.38191089640365,,,,,,,,
5,75.87895866881374,24.12104133118626,,,,,,,,
6,76.02657004830918,23.832528180354267,0.14090177133655393,,,,,,,
7,73.22866344605475,26.630434782608695,0.14090177133655393,,,,,,,
8,73.34943639291465,26.50966183574879,0.14090177133655393,,,,,,,
9,43.94122383252818,55.91787439613527,0.14090177133655393,,,,,,,
10,44.06870638754697,55.54884594739667,0.14090177133655393,0.24154589371980675,,,,,,
11,44.477992485238865,53.32125603864734,0.14090177133655393,2.059849704777241,,,,,,
12,44.60547504025765,53.193773483628554,0.14090177133655393,2.059849704777241,,,,,,
13,44.85373054213634,52.95893719806763,0.14090177133655393,2.046430488459474,,,,,,
14,44.65915190552872,47.96027911969941,2.6972624798711755,1.9592055823939882,2.7241009125067097,,,,,
15,42.21685453569511,50.496511003757384,2.6838432635534084,1.9592055823939882,2.6435856146001075,,,,,
16,42.43827160493827,50.375738056897475,2.6637144390767578,1.8786902844873858,2.6435856146001075,,,,,
17,41.438539989264626,51.24127750939345,2.6637144390767578,2.0128824476650564,2.6435856146001075,,,,,
18,40.05636070853462,52.47584541062802,2.5831991411701556,1.9592055823939882,2.9253891572732154,,,,,
19,40.304616210413315,49.932903918411164,3.1535158346752548,2.0397208803005906,4.569243156199678,,,,,
20,40.74074074074074,49.651100375738054,3.113258185721954,2.0397208803005906,4.455179817498658,,,,,
21,40.45893719806763,45.833333333333336,2.7643585614600106,2.0397208803005906,3.280998389694042,5.622651637144391,,,,
22,40.88835212023618,45.41733762748255,2.7643585614600106,2.033011272141707,3.280998389694042,5.501878690284487,0.11406333870101985,,,
23,39.418947933440684,46.61835748792271,2.818035426731079,2.006172839506173,3.7037037037037037,5.320719269994632,0.11406333870101985,,,
24,38.36553945249597,45.209339774557165,2.6435856146001075,4.7101449275362315,3.7037037037037037,5.253623188405797,0.11406333870101985,,,
25,35.99704777241009,43.874127750939344,4.1129898013955986,4.64975845410628,3.5426731078904994,7.581857219538379,0.24154589371980675,,,
26,35.51395598497048,41.97530864197531,4.052603327965647,4.64975845410628,3.515834675254965,9.990606548577563,0.30193236714975846,,,
27,34.39345142243693,43.21658615136876,4.03918411164788,4.569243156199678,3.515834675254965,9.96376811594203,0.30193236714975846,,,
28,32.60198604401503,38.84192163177671,6.870638754696726,3.5292538915727323,3.44873859366613,9.96376811594203,4.74369296833065,,,
29,33.071658615136876,38.73456790123457,6.723027375201288,3.5292538915727323,3.435319377348363,9.762479871175524,4.74369296833065,,,
30,33.13875469672571,37.184648416532475,6.629092860976919,5.12614063338701,3.435319377348363,9.742351046698873,4.74369296833065,,,
31,33.682232957595275,36.72839506172839,6.515029522275899,5.267042404723564,3.435319377348363,9.66183574879227,4.7101449275362315,,,
32,33.782877079978526,35.017444981213096,6.662640901771336,6.474771873322598,3.435319377348363,9.916800858829845,4.7101449275362315,,,
33,34.17874396135266,34.84299516908212,6.662640901771336,6.454643048845948,3.4151905528717124,9.73564143853999,4.7101449275362315,,,
34,34.675254965110035,34.514224369296834,6.662640901771336,6.454643048845948,3.3011272141706924,9.681964573268921,4.7101449275362315,,,
35,34.94363929146538,34.40016103059581,6.662640901771336,6.454643048845948,3.3011272141706924,9.5276435856146,4.7101449275362315,,,
36,34.735641438539986,33.641975308641975,6.447933440687064,6.454643048845948,2.1604938271604937,8.527911969940956,7.9106280193236715,0.12077294685990338,,
37,34.916800858829845,33.49436392914654,6.179549114331723,6.823671497584541,2.100107353730542,8.501073537305421,7.863660762211487,0.12077294685990338,,
38,30.387815351583466,36.94981213097155,7.548309178743962,6.6827697262479875,2.100107353730542,8.353462157809984,7.856951154052603,0.12077294685990338,,
39,30.897745571658614,36.60762211486849,7.494632313472893,6.608964036500268,2.0933977455716586,8.319914117015566,7.856951154052603,0.12077294685990338,,
40,30.9044551798175,36.3191089640365,8.152173913043478,6.837090713902308,2.0933977455716586,7.716049382716049,7.856951154052603,0.12077294685990338,,
41,31.246645195920557,36.010466988727856,8.158883521202362,6.837090713902308,2.0933977455716586,7.716049382716049,7.816693505099302,0.12077294685990338,,
42,31.072195383789587,34.25925925925926,8.044820182501342,6.508319914117015,4.797369833601718,9.272678475577026,5.924584004294149,0.12077294685990338,,
43,31.11916264090177,33.95061728395062,8.044820182501342,6.823671497584541,4.797369833601718,9.219001610305957,5.924584004294149,0.12077294685990338,,
44,31.676060118089104,33.84997316156736,8.011272141706923,6.823671497584541,4.871175523349437,9.219001610305957,5.428073000536768,0.12077294685990338,,
45,32.00483091787439,33.62855609232421,8.011272141706923,6.790123456790123,4.871175523349437,9.178743961352657,5.394524959742351,0.12077294685990338,,
46,32.2866344605475,33.43397745571659,8.011272141706923,6.790123456790123,4.85775630703167,9.104938271604938,5.394524959742351,0.12077294685990338,,
47,32.68250134192163,32.46108427267848,10.071121846484166,5.394524959742351,4.85775630703167,9.044551798174986,5.367686527106817,0.12077294685990338,,
48,32.52818035426731,30.16639828234031,9.943639291465379,5.394524959742351,7.635534084809447,9.024422973698336,5.0791733762748255,0.08051529790660225,0.14761137949543746,
49,32.30005367686527,30.42807300053677,9.943639291465379,5.394524959742351,7.635534084809447,9.024422973698336,5.045625335480408,0.08051529790660225,0.14761137949543746,
50,32.45437466451959,30.287171229200215,9.943639291465379,5.394524959742351,7.635534084809447,9.01100375738057,5.045625335480408,0.08051529790660225,0.14761137949543746,
51,32.56843800322061,28.670155662909288,11.681427804616211,5.475040257648954,7.628824476650563,8.870101986044014,4.891304347826087,0.08051529790660225,0.13419216317767044,
52,31.863929146537842,28.569511540526033,11.681427804616211,5.46833064949007,7.628824476650563,9.722222222222221,4.851046698872786,0.08051529790660225,0.13419216317767044,
53,32.15915190552872,28.529253891572733,11.647879763821793,5.46833064949007,7.769726247987117,9.380032206119163,4.830917874396135,0.08051529790660225,0.13419216317767044,
54,32.06521739130435,28.14680622651637,11.533816425120772,5.253623188405797,7.212828770799785,9.380032206119163,6.1929683306494905,0.08051529790660225,0.13419216317767044,
55,31.736446591519055,28.5426731078905,12.110842726784755,5.112721417069243,7.1658615136876005,9.29951690821256,5.8172302737520125,0.08051529790660225,0.13419216317767044,
56,32.70263016639828,28.093129361245303,12.010198604401502,5.22007514761138,7.159151905528717,9.192163177670425,5.407944176060118,0.08051529790660225,0.13419216317767044,
57,29.21363392377885,33.93048845947396,11.936392914653783,5.2066559312936125,6.843800322061192,7.246376811594203,5.407944176060118,0.08051529790660225,0.13419216317767044,
58,29.334406870638755,33.76945786366076,11.882716049382717,5.199946323134729,6.843800322061192,7.37385936661299,5.381105743424584,0.08051529790660225,0.13419216317767044,
59,28.958668813741276,30.401234567901234,13.868760064412239,5.032206119162641,6.595544820182502,7.27992485238862,7.648953301127214,0.08051529790660225,0.13419216317767044,
60,28.723832528180353,30.01207729468599,15.485775630703166,5.025496511003757,5.803811057434245,7.118894256575416,7.615405260332796,0.08051529790660225,0.13419216317767044,
61,29.186795491143318,29.7638217928073,15.45222758990875,5.025496511003757,5.776972624798712,7.065217391304348,7.514761137949543,0.08051529790660225,0.13419216317767044,
62,29.320987654320987,29.71014492753623,15.391841116478798,5.01207729468599,5.776972624798712,7.065217391304348,7.50805152979066,0.08051529790660225,0.13419216317767044,
63,29.24718196457327,29.455179817498657,15.143585614600108,5.01207729468599,5.911164787976382,7.065217391304348,7.950885668276973,0.08051529790660225,0.13419216317767044,
64,27.18733225979603,28.609769189479334,12.795222758990874,4.978529253891573,9.125067096081589,10.071121846484166,6.870638754696726,0.08051529790660225,0.13419216317767044,0.14761137949543746
65,27.717391304347824,28.395061728395063,12.70799785292539,4.958400429414922,8.957326892109501,10.071121846484166,6.830381105743425,0.08051529790660225,0.13419216317767044,0.14761137949543746
66,27.65029522275899,28.046162104133117,10.19189479334407,5.810520665593129,10.084541062801932,11.07085346215781,6.78341384863124,0.08051529790660225,0.13419216317767044,0.14761137949543746
67,27.81803542673108,27.871712292002147,10.19189479334407,5.797101449275362,10.084541062801932,11.144659151905529,6.729736983360172,0.08051529790660225,0.13419216317767044,0.14761137949543746
68,25.81857219538379,27.603327965646805,9.789318303811058,5.776972624798712,12.822061191626409,11.097691894793345,6.729736983360172,0.08051529790660225,0.13419216317767044,0.14761137949543746
69,25.55018786902845,26.100375738056897,9.77589908749329,5.515297906602254,12.010198604401502,13.298443370907139,7.387278582930757,0.08051529790660225,0.13419216317767044,0.14761137949543746
70,25.959473966720342,26.02657004830918,9.695383789586689,5.515297906602254,11.936392914653783,13.258185721953838,7.246376811594203,0.08051529790660225,0.13419216317767044,0.14761137949543746
71,26.053408480944714,25.207997852925388,9.695383789586689,5.387815351583468,13.231347289318304,13.003220611916264,7.058507783145465,0.08051529790660225,0.13419216317767044,0.14761137949543746
72,25.11406333870102,24.033816425120772,9.245840042941492,4.951690821256038,10.95679012345679,14.070048309178745,11.265432098765432,0.08051529790660225,0.13419216317767044,0.14761137949543746
73,25.067096081588836,23.382984433709073,8.957326892109501,4.891304347826087,10.661567364465915,13.841921631776705,12.848899624261943,0.08051529790660225,0.13419216317767044,0.13419216317767044
74,24.570585077831456,20.78636607622115,8.957326892109501,3.851315083199141,10.50053676865271,15.673644659151906,15.311325818572195,0.08051529790660225,0.13419216317767044,0.13419216317767044
75,25.026838432635532,20.645464304884594,8.883521202361782,3.8043478260869565,10.332796564680622,15.660225442834138,15.297906602254429,0.08051529790660225,0.13419216317767044,0.13419216317767044
76,25.087224906065487,20.591787439613526,8.742619431025227,3.8043478260869565,10.332796564680622,15.660225442834138,15.277777777777779,0.08051529790660225,0.2885131508319914,0.13419216317767044
77,25.59044551798175,20.44417606011809,8.729200214707461,3.7104133118625873,11.533816425120772,15.11003757380569,14.378690284487385,0.08051529790660225,0.2885131508319914,0.13419216317767044
78,25.751476113794954,20.397208803005906,8.715780998389693,3.7104133118625873,11.493558776167472,15.063070316693505,14.36527106816962,0.08051529790660225,0.2885131508319914,0.13419216317767044
79,25.979602791196996,19.672571121846484,8.581588835212024,3.6231884057971016,11.191626409017713,14.982555018786902,15.505904455179817,0.08051529790660225,0.24825550187869028,0.13419216317767044
80,26.140633387010197,19.598765432098766,8.581588835212024,3.616478797638218,11.191626409017713,14.915458937198068,15.49248523886205,0.08051529790660225,0.24825550187869028,0.13419216317767044
81,25.811862587224905,19.51154052603328,8.387010198604402,3.7372517444981215,10.768921095008052,18.666129898013956,12.654320987654321,0.08051529790660225,0.24825550187869028,0.13419216317767044
82,26.321792807300053,19.464573268921097,8.373590982286634,3.743961352657005,10.661567364465915,18.38432635534085,12.587224906065487,0.08051529790660225,0.24825550187869028,0.13419216317767044
83,26.898819108964037,19.082125603864736,8.36688137412775,3.743961352657005,10.621309715512615,18.303811057434245,12.52012882447665,0.08051529790660225,0.24825550187869028,0.13419216317767044
84,27.160493827160494,19.008319914117017,8.36688137412775,3.7372517444981215,10.621309715512615,15.935319377348362,14.707461084272678,0.08051529790660225,0.24825550187869028,0.13419216317767044
85,27.522812667740205,18.840579710144926,8.36688137412775,3.7372517444981215,10.641438539989265,15.83467525496511,14.593397745571659,0.08051529790660225,0.24825550187869028,0.13419216317767044
86,27.885131508319915,18.753354804079443,8.3467525496511,3.7372517444981215,10.540794417606012,15.727321524422974,14.546430488459475,0.08051529790660225,0.24825550187869028,0.13419216317767044
87,28.133387010198604,18.65271068169619,8.447396672034353,3.730542136339238,10.420021470746109,15.673644659151906,14.479334406870638,0.08051529790660225,0.24825550187869028,0.13419216317767044
88,28.44873859366613,18.49838969404187,8.360171765968868,3.730542136339238,10.393183038110575,15.626677402039721,14.479334406870638,0.08051529790660225,0.24825550187869028,0.13419216317767044
89,28.710413311862588,18.47826086956522,8.319914117015566,3.7037037037037037,10.34621578099839,15.626677402039721,14.351851851851851,0.08051529790660225,0.24825550187869028,0.13419216317767044
90,25.449543746645197,23.564143853998928,9.185453569511541,3.9452495974235107,10.299248523886206,14.04320987654321,12.929414922168545,0.08051529790660225,0.24825550187869028,0.2549651100375738
91,25.55018786902845,23.43666129898014,9.292807300053678,3.9452495974235107,10.299248523886206,14.002952227589908,12.889157273215245,0.08051529790660225,0.24825550187869028,0.2549651100375738
92,26.06682769726248,23.09447128287708,9.292807300053678,3.9452495974235107,10.299248523886206,13.862050456253355,12.869028448738593,0.08051529790660225,0.24825550187869028,0.24154589371980675
93,26.053408480944714,23.081052066559312,8.943907675791733,4.274020397208803,10.245571658615138,13.83521202361782,12.855609232420827,0.08051529790660225,0.24825550187869028,0.3824476650563607
94,25.865539452495973,22.946859903381643,8.756038647342995,4.206924315619967,9.668545356951155,13.83521202361782,14.016371443907676,0.08051529790660225,0.24154589371980675,0.3824476650563607
95,24.825550187869027,22.443639291465377,8.648684916800859,4.17337627482555,9.588030059044552,16.09634997316157,13.519860440150294,0.08051529790660225,0.24154589371980675,0.3824476650563607
96,24.44310252281267,21.370101986044016,8.480944712828771,3.864734299516908,8.984165324745035,16.076221148684915,16.109769189479334,0.08051529790660225,0.20799785292538917,0.3824476650563607
97,24.765163714439076,21.22920021470746,8.480944712828771,3.864734299516908,8.84326355340848,16.076221148684915,16.069511540526033,0.08051529790660225,0.20799785292538917,0.3824476650563607
98,25.0805152979066,20.48443370907139,8.474235104669887,3.81105743424584,8.84326355340848,16.076221148684915,16.55931293612453,0.08051529790660225,0.20799785292538917,0.3824476650563607
99,25.127482555018787,20.29656468062265,8.487654320987655,3.5292538915727323,8.829844337090714,15.136876006441224,18.06897477187332,0.08051529790660225,0.06038647342995169,0.3824476650563607
100,25.37573805689748,19.652442297369834,9.064680622651638,3.643317230273752,8.648684916800859,14.88191089640365,18.209876543209877,0.08051529790660225,0.06038647342995169,0.3824476650563607
101,25.771604938271604,19.464573268921097,9.064680622651638,3.643317230273752,8.635265700483092,14.875201288244767,18.02200751476114,0.08051529790660225,0.06038647342995169,0.3824476650563607
102,26.019860440150296,19.39747718733226,9.158615136876007,3.6231884057971016,8.521202361782072,14.794685990338165,17.961621041331185,0.08051529790660225,0.06038647342995169,0.3824476650563607
103,26.442565754159958,19.390767579173378,9.125067096081589,3.603059581320451,8.427267847557703,14.63365539452496,17.72007514761138,0.08051529790660225,0.06038647342995169,0.5166398282340311
104,23.382984433709073,17.008856682769725,8.501073537305421,3.6231884057971016,8.031400966183575,22.517444981213096,16.51905528717123,0.08051529790660225,0.06038647342995169,0.27509393451422437
105,23.65136876006441,16.97530864197531,8.440687063875469,3.6231884057971016,7.971014492753623,22.477187332259795,16.445249597423512,0.08051529790660225,0.06038647342995169,0.27509393451422437
106,24.10762211486849,16.941760601180892,8.440687063875469,3.5963499731615673,7.950885668276973,22.168545356951153,16.378153515834676,0.08051529790660225,0.06038647342995169,0.27509393451422437
107,22.879763821792807,18.344068706387546,8.413848631239935,3.5963499731615673,7.950885668276973,22.134997316156735,16.264090177133657,0.08051529790660225,0.06038647342995169,0.27509393451422437
108,23.483628556092324,18.337359098228664,8.3064949006978,3.4420289855072466,7.769726247987117,22.041062801932366,16.203703703703702,0.08051529790660225,0.06038647342995169,0.27509393451422437
109,23.8191089640365,18.08239398819109,8.272946859903382,3.4286097691894795,7.749597423510467,21.980676328502415,16.25067096081589,0.08051529790660225,0.06038647342995169,0.27509393451422437
110,23.66478797638218,17.92807300053677,8.272946859903382,3.321256038647343,7.742887815351583,22.5979602791197,16.056092324208265,0.08051529790660225,0.06038647342995169,0.27509393451422437
111,23.832528180354267,17.85426731078905,8.09849704777241,3.643317230273752,7.722758990874933,22.282608695652176,16.0426731078905,0.08051529790660225,0.06038647342995169,0.3824476650563607
112,24.168008588298445,17.767042404723565,8.004562533548041,3.643317230273752,7.716049382716049,22.12157809983897,16.056092324208265,0.08051529790660225,0.06038647342995169,0.3824476650563607
113,24.825550187869027,17.76033279656468,8.004562533548041,3.5292538915727323,7.581857219538379,21.940418679549115,15.83467525496511,0.08051529790660225,0.06038647342995169,0.3824476650563607
114,24.84567901234568,17.136339237788512,9.453837895866881,3.0193236714975846,7.427536231884058,21.93370907139023,15.660225442834138,0.08051529790660225,0.06038647342995169,0.3824476650563607
115,25.174449812130973,16.76731078904992,9.608158883521202,3.1602254428341383,7.427536231884058,21.866612989801396,15.4723564143854,0.08051529790660225,0.06038647342995169,0.3824476650563607
116,25.677670424047236,16.646537842190018,9.534353193773484,3.1468062265163717,7.407407407407407,21.85990338164251,15.203972088030058,0.08051529790660225,0.06038647342995169,0.3824476650563607
117,26.207729468599034,16.525764895330113,9.433709071390231,3.113258185721954,7.206119162640902,21.806226516371442,15.183843263553408,0.08051529790660225,0.06038647342995169,0.3824476650563607
118,26.912238325281802,16.485507246376812,9.306226516371444,3.4017713365539453,7.1725711218464845,21.182232957595275,15.01610305958132,0.08051529790660225,0.06038647342995169,0.3824476650563607
119,27.086688137412775,16.398282340311326,9.480676328502415,3.4017713365539453,7.0450885668276975,21.095008051529792,14.969135802469136,0.08051529790660225,0.06038647342995169,0.3824476650563607
120,27.415458937198068,16.35131508319914,9.453837895866881,3.3145464304884595,7.313472893183038,20.658883521202362,14.969135802469136,0.08051529790660225,0.06038647342995169,0.3824476650563607
121,27.932098765432098,16.344605475040257,9.453837895866881,3.280998389694042,7.232957595276436,20.336822329575952,14.895330112721417,0.08051529790660225,0.06038647342995169,0.3824476650563607
122,27.28797638217928,16.089640365002683,9.359903381642512,3.280998389694042,7.185990338164252,22.510735373054214,13.761406333870102,0.08051529790660225,0.06038647342995169,0.3824476650563607
123,27.750939345142243,15.794417606011809,8.917069243156199,3.2206119162640903,7.219538378958669,22.436929683306495,14.13714439076758,0.08051529790660225,0.06038647342995169,0.3824476650563607
124,28.026033279656467,15.72061191626409,8.756038647342995,3.2541599570585076,7.192699946323135,22.423510466988727,14.103596349973161,0.08051529790660225,0.06038647342995169,0.3824476650563607
125,28.395061728395063,15.673644659151906,8.581588835212024,3.33467525496511,7.092055823939882,22.322866344605476,14.076757917337627,0.08051529790660225,0.06038647342995169,0.3824476650563607
126,28.60305958132045,15.5126140633387,8.581588835212024,3.33467525496511,7.2933440687063875,22.20209339774557,13.94927536231884,0.08051529790660225,0.06038647342995169,0.3824476650563607
127,29.07944176060118,15.318035426731079,8.541331186258722,3.33467525496511,7.246376811594203,22.088030059044552,13.868760064412239,0.08051529790660225,0.06038647342995169,0.3824476650563607
128,29.663177670424048,15.170424047235642,8.541331186258722,3.321256038647343,7.219538378958669,21.812936124530328,13.747987117552334,0.08051529790660225,0.06038647342995169,0.3824476650563607
129,30.434782608695652,15.143585614600108,8.420558239398819,3.307836822329576,7.051798174986581,21.537842190016104,13.580246913580247,0.08051529790660225,0.06038647342995169,0.3824476650563607
130,30.079173376274827,13.258185721953838,8.225979602791197,4.274020397208803,7.0383789586688135,23.315888352120236,13.285024154589372,0.08051529790660225,0.06038647342995169,0.3824476650563607
131,30.20665593129361,13.231347289318304,8.199141170155663,4.274020397208803,7.152442297369833,23.15485775630703,13.258185721953838,0.08051529790660225,0.06038647342995169,0.3824476650563607
132,30.609232420826622,13.030059044551798,8.179012345679013,4.2203435319377345,7.152442297369833,22.953569511540525,13.331991411701557,0.08051529790660225,0.06038647342995169,0.3824476650563607
133,31.179549114331724,12.962962962962964,8.145464304884594,4.2203435319377345,6.964573268921095,22.75228126677402,13.251476113794954,0.08051529790660225,0.06038647342995169,0.3824476650563607
134,31.776704240472355,12.875738056897477,7.950885668276973,4.2203435319377345,6.857219538378959,22.544283413848632,13.103864734299517,0.08051529790660225,0.06038647342995169,0.5300590445517982
135,31.830381105743424,12.654320987654321,8.3467525496511,4.213633923778851,6.843800322061192,22.33628556092324,13.103864734299517,0.08051529790660225,0.06038647342995169,0.5300590445517982
136,31.28690284487386,13.774825550187868,8.272946859903382,4.260601180891036,6.884057971014493,22.041062801932366,12.808641975308642,0.08051529790660225,0.06038647342995169,0.5300590445517982
137,31.0654857756307,13.036768652710682,8.252818035426731,4.253891572732153,6.863929146537842,21.987385936661298,13.868760064412239,0.08051529790660225,0.06038647342995169,0.5300590445517982
138,31.246645195920557,13.009930220075148,8.252818035426731,4.253891572732153,6.863929146537842,21.85990338164251,13.841921631776705,0.08051529790660225,0.06038647342995169,0.5300590445517982
139,30.495169082125603,12.949543746645196,9.500805152979066,4.0995705850778315,6.823671497584541,22.134997316156735,13.325281803542673,0.08051529790660225,0.06038647342995169,0.5300590445517982
140,30.837359098228664,12.922705314009661,9.782608695652174,4.05931293612453,6.790123456790123,21.74584004294149,13.191089640365004,0.08051529790660225,0.06038647342995169,0.5300590445517982
141,31.233225979602793,12.895866881374127,9.66183574879227,4.045893719806763,6.655931293612453,21.71900161030596,13.117283950617283,0.08051529790660225,0.06038647342995169,0.5300590445517982
142,31.689479334406872,12.848899624261943,9.655126140633387,4.019055287171229,6.454643048845948,21.611647879763822,13.030059044551798,0.08051529790660225,0.06038647342995169,0.5501878690284487
143,31.427804616210413,12.466451959205582,8.977455716586151,3.92512077294686,7.219538378958669,21.336553945249598,13.989533011272142,0.08051529790660225,0.06038647342995169,0.5166398282340311
144,31.816961889425656,12.406065485775631,8.84326355340848,3.9049919484702094,7.219538378958669,21.28287707997853,13.868760064412239,0.08051529790660225,0.06038647342995169,0.5166398282340311
145,32.06521739130435,12.372517444981213,8.715780998389693,4.025764895330113,7.199409554482019,21.14868491680086,13.828502415458937,0.08051529790660225,0.06038647342995169,0.5032206119162641
146,32.23966720343532,12.338969404186795,8.588298443370908,3.9855072463768115,7.152442297369833,21.054750402576488,13.727858293075684,0.08051529790660225,0.06038647342995169,0.7716049382716049
147,32.306763285024154,12.238325281803542,8.722490606548577,3.9855072463768115,7.139023081052066,21.021202361782073,13.674181427804616,0.08051529790660225,0.06038647342995169,0.7716049382716049
148,32.60198604401503,12.084004294149223,8.715780998389693,3.978797638217928,7.132313472893183,20.913848631239937,13.66076221148685,0.08051529790660225,0.06038647342995169,0.7716049382716049
149,32.809983896940416,12.04374664519592,8.655394524959743,3.965378421900161,7.132313472893183,20.819914117015568,13.66076221148685,0.08051529790660225,0.06038647342995169,0.7716049382716049
150,33.15888352120236,11.90955448201825,8.621846484165324,3.9452495974235107,7.03166935050993,20.813204508856682,13.607085346215781,0.08051529790660225,0.06038647342995169,0.7716049382716049
151,33.20585077831455,11.768652710681696,8.420558239398819,3.8378958668813743,6.964573268921095,21.3768115942029,13.553408480944713,0.08051529790660225,0.06038647342995169,0.7313472893183038
152,33.63526570048309,11.688137412775093,8.32662372517445,3.978797638217928,6.964573268921095,21.128556092324207,13.405797101449275,0.08051529790660225,0.06038647342995169,0.7313472893183038
153,32.76301663982824,11.52710681696189,7.588566827697263,3.8311862587224907,6.89747718733226,20.82662372517445,15.854804079441761,0.08051529790660225,0.06038647342995169,0.5703166935050993
154,33.70907139023081,11.386205045625335,7.588566827697263,3.784219001610306,6.89747718733226,20.632045088566827,15.291196994095545,0.08051529790660225,0.06038647342995169,0.5703166935050993
155,34.252549651100374,11.312399355877616,7.601986044015029,3.7372517444981215,6.89747718733226,20.491143317230275,15.022812667740205,0.08051529790660225,0.06038647342995169,0.5434782608695652
156,34.23242082662372,11.43317230273752,7.306763285024155,4.066022544283414,6.863929146537842,20.39049919484702,15.022812667740205,0.08051529790660225,0.06038647342995169,0.5434782608695652
157,34.252549651100374,11.43317230273752,7.447665056360709,4.052603327965647,6.863929146537842,20.242887815351583,15.022812667740205,0.08051529790660225,0.06038647342995169,0.5434782608695652
158,34.326355340848096,11.43317230273752,7.5348899624261945,4.052603327965647,6.78341384863124,20.095276435856146,15.08990874932904,0.08051529790660225,0.06038647342995169,0.5434782608695652
159,35.07783145464305,11.238593666129898,7.39398819108964,3.9989264626945786,6.743156199677939,19.900697799248523,14.962426194310252,0.08051529790660225,0.06038647342995169,0.5434782608695652
160,35.507246376811594,11.231884057971014,7.39398819108964,3.9855072463768115,6.696188942565755,19.612184648416534,14.888620504562533,0.08051529790660225,0.06038647342995169,0.5434782608695652
161,36.05743424584004,11.084272678475577,7.447665056360709,3.9720880300590444,6.5552871712292005,19.45115405260333,14.74771873322598,0.08051529790660225,0.06038647342995169,0.5434782608695652
162,33.84997316156736,10.171765968867419,7.239667203435319,3.851315083199141,6.333870101986044,23.993558776167472,13.875469672571121,0.08051529790660225,0.06038647342995169,0.5434782608695652
163,34.01100375738057,10.11808910359635,7.320182501341922,3.7573805689747717,6.4345142243692965,23.832528180354267,13.841921631776705,0.08051529790660225,0.06038647342995169,0.5434782608695652
164,33.15888352120236,9.96376811594203,7.253086419753086,3.743961352657005,6.085614600107354,26.435856146001072,12.674449812130971,0.08051529790660225,0.06038647342995169,0.5434782608695652
165,33.293075684380035,9.96376811594203,7.253086419753086,3.743961352657005,6.078904991948471,26.35534084809447,12.627482555018787,0.08051529790660225,0.06038647342995169,0.5434782608695652
166,33.675523349436396,9.883252818035427,7.253086419753086,3.743961352657005,6.052066559312936,26.261406333870102,12.446323134728932,0.08051529790660225,0.06038647342995169,0.5434782608695652
167,33.8768115942029,9.796027911969942,7.246376811594203,3.6902844873859366,6.052066559312936,26.207729468599034,12.446323134728932,0.08051529790660225,0.06038647342995169,0.5434782608695652
168,34.21229200214707,9.608158883521202,7.219538378958669,3.6902844873859366,6.052066559312936,26.08695652173913,12.446323134728932,0.08051529790660225,0.06038647342995169,0.5434782608695652
169,34.447128287708,9.265968867418144,8.76274825550188,3.6231884057971016,6.052066559312936,25.85882984433709,11.305689747718732,0.08051529790660225,0.06038647342995169,0.5434782608695652
170,34.836285560923244,9.232420826623725,8.742619431025227,3.6097691894793345,5.971551261406334,25.731347289318304,11.191626409017713,0.08051529790660225,0.06038647342995169,0.5434782608695652
171,35.17176596886742,9.205582393988191,8.742619431025227,3.750670960815888,5.938003220611916,25.261674718196456,11.245303274288782,0.08051529790660225,0.06038647342995169,0.5434782608695652
172,35.809178743961354,9.158615136876007,8.742619431025227,3.717122920021471,5.743424584004294,24.92619431025228,11.218464841653248,0.08051529790660225,0.06038647342995169,0.5434782608695652
173,36.12453032742888,9.017713365539452,8.641975308641975,3.750670960815888,5.743424584004294,24.818840579710145,11.064143853998926,0.08051529790660225,0.06038647342995169,0.6977992485238862
174,36.39291465378422,8.930488459473967,8.581588835212024,3.6768652710681695,5.810520665593129,24.818840579710145,10.950080515297907,0.08051529790660225,0.06038647342995169,0.6977992485238862
175,36.79549114331723,8.910359634997317,8.702361782071927,3.656736446591519,5.810520665593129,24.52361782071927,10.802469135802468,0.08051529790660225,0.06038647342995169,0.6575415995705851
176,37.0504562533548,8.856682769726248,8.648684916800859,3.6500268384326353,5.837359098228664,24.27536231884058,10.795759527643586,0.08051529790660225,0.06038647342995169,0.7447665056360708
177,37.74825550187869,8.662104133118627,8.61513687600644,3.6231884057971016,5.803811057434245,23.919753086419753,10.742082662372518,0.08051529790660225,0.06038647342995169,0.7447665056360708
178,38.137412775093935,8.568169618894256,8.668813741277509,3.603059581320451,5.71658615136876,23.74530327428878,10.681696188942565,0.08051529790660225,0.06038647342995169,0.7380568974771873
179,37.533548040794415,8.494363929146537,8.407139023081053,3.569511540526033,5.642780461621041,24.48336017176597,10.829307568438002,0.08051529790660225,0.06038647342995169,0.8990874932903918
180,38.09044551798175,8.460815888352121,8.165593129361245,3.569511540526033,5.589103596349974,24.362587224906065,10.721953837895867,0.08051529790660225,0.06038647342995169,0.8990874932903918
181,37.96296296296296,8.299785292538916,8.091787439613526,3.4151905528717124,4.817498658078368,23.960010735373054,12.412775093934513,0.08051529790660225,0.06038647342995169,0.8990874932903918
182,38.34541062801932,8.299785292538916,7.98443370907139,3.4151905528717124,4.810789049919484,23.980139559849704,12.151100375738057,0.08051529790660225,0.06038647342995169,0.8722490606548577
183,38.47289318303811,8.279656468062266,7.930756843800322,3.3950617283950617,4.810789049919484,22.79253891572732,13.466183574879228,0.08051529790660225,0.06038647342995169,0.7112184648416533
184,38.53327965646806,8.192431561996779,8.024691358024691,3.4822866344605474,4.810789049919484,22.65834675254965,13.446054750402576,0.08051529790660225,0.06038647342995169,0.7112184648416533
185,38.75469672571122,8.192431561996779,8.024691358024691,3.475577026301664,4.810789049919484,22.52415458937198,13.41250670960816,0.08051529790660225,0.013419216317767043,0.7112184648416533
186,38.6808910359635,8.192431561996779,8.004562533548041,3.227321524422974,4.790660225442834,23.07434245840043,13.22463768115942,0.08051529790660225,0.013419216317767043,0.7112184648416533
187,38.888888888888886,8.192431561996779,7.883789586688137,3.2139023081052067,4.783950617283951,23.013955984970476,13.22463768115942,0.08051529790660225,0.013419216317767043,0.7045088566827697
188,39.378690284487384,8.152173913043478,7.628824476650563,3.2139023081052067,4.783950617283951,22.987117552334944,13.056897477187333,0.08051529790660225,0.013419216317767043,0.7045088566827697
189,37.063875469672574,8.125335480407944,6.904186795491143,3.0931293612453032,4.528985507246377,24.61755233494364,15.163714439076758,0.08051529790660225,0.013419216317767043,0.4092860976918948
190,36.48684916800859,8.11862587224906,6.863929146537842,3.012614063338701,4.206924315619967,24.040526033279658,16.76731078904992,0.08051529790660225,0.013419216317767043,0.4092860976918948
191,36.78878153515835,8.011272141706923,6.823671497584541,3.012614063338701,4.206924315619967,23.93317230273752,16.720343531937736,0.08051529790660225,0.013419216317767043,0.4092860976918948
192,36.29898013955985,7.722758990874933,6.790123456790123,3.012614063338701,3.911701556629093,25.234836285560924,16.525764895330113,0.08051529790660225,0.013419216317767043,0.4092860976918948
193,35.36634460547504,7.689210950080516,6.266774020397209,3.012614063338701,3.6366076221148687,27.180622651637144,16.42512077294686,0.08051529790660225,0.013419216317767043,0.32877079978529256
194,35.567632850241544,7.581857219538379,6.421095008051529,3.012614063338701,3.6366076221148687,27.086688137412775,16.27079978529254,0.08051529790660225,0.013419216317767043,0.32877079978529256
195,35.829307568438004,7.575147611379496,6.327160493827161,2.9790660225442833,3.616478797638218,26.979334406870638,16.27079978529254,0.08051529790660225,0.013419216317767043,0.32877079978529256
196,36.07756307031669,7.5281803542673105,6.327160493827161,3.099838969404187,3.5963499731615673,26.8317230273752,16.11647879763822,0.08051529790660225,0.013419216317767043,0.32877079978529256
197,36.37949543746645,7.48792270531401,6.327160493827161,3.099838969404187,3.5963499731615673,26.596886741814277,16.089640365002683,0.08051529790660225,0.013419216317767043,0.32877079978529256
198,36.61433172302738,7.4141170155662905,6.468062265163715,3.0059044551798175,3.5963499731615673,26.50295222758991,15.975577026301664,0.08051529790660225,0.013419216317767043,0.32877079978529256
199,36.67471819645733,7.4141170155662905,6.468062265163715,3.0059044551798175,3.475577026301664,26.41572732152442,16.1231884057971,0.08051529790660225,0.013419216317767043,0.32877079978529256
200,36.882716049382715,7.4141170155662905,6.454643048845948,2.918679549114332,3.6231884057971016,26.321792807300053,15.962157809983896,0.08051529790660225,0.013419216317767043,0.32877079978529256
201,37.0101986044015,7.4006977992485234,6.602254428341385,2.8918411164787976,3.6097691894793345,26.147342995169083,15.915190552871712,0.08051529790660225,0.013419216317767043,0.32877079978529256
202,37.265163714439076,7.4006977992485234,6.575415995705851,2.8918411164787976,3.589640365002684,26.080246913580247,15.774288781535159,0.08051529790660225,0.013419216317767043,0.32877079978529256
203,37.68115942028985,7.347020933977456,6.521739130434782,2.844873859366613,3.6768652710681695,25.87895866881374,15.626677402039721,0.08051529790660225,0.013419216317767043,0.32877079978529256
204,37.936124530327426,7.300053676865271,6.494900697799249,2.7844873859366612,3.6634460547504024,25.785024154589372,15.613258185721953,0.08051529790660225,0.013419216317767043,0.32877079978529256
205,38.439345142243695,7.273215244229737,6.561996779388084,2.6033279656468062,3.569511540526033,25.583735909822867,15.546162104133119,0.08051529790660225,0.013419216317767043,0.32877079978529256
206,38.727858293075684,7.273215244229737,6.501610305958132,2.589908749329039,3.569511540526033,25.44283413848631,15.4723564143854,0.08051529790660225,0.013419216317767043,0.32877079978529256
207,38.89559849704777,7.239667203435319,6.649221685453569,2.589908749329039,3.5225442834138487,25.261674718196456,15.432098765432098,0.08051529790660225,0.013419216317767043,0.3153515834675255
208,39.08346752549651,7.1658615136876005,6.635802469135802,2.589908749329039,3.5225442834138487,25.248255501878692,15.344873859366613,0.08051529790660225,0.013419216317767043,0.3153515834675255
209,39.28475577026302,7.132313472893183,6.595544820182502,2.589908749329039,3.5225442834138487,25.09393451422437,15.371712292002147,0.08051529790660225,0.013419216317767043,0.3153515834675255
210,38.848631239935585,6.749865807836822,7.883789586688137,2.3215244229736984,3.515834675254965,24.932903918411164,15.33816425120773,0.08051529790660225,0.013419216317767043,0.3153515834675255
211,39.13714439076758,6.689479334406871,7.883789586688137,2.281266774020397,3.4822866344605474,24.711486849168008,15.277777777777779,0.08051529790660225,0.013419216317767043,0.4428341384863124
212,39.28475577026302,6.66935050993022,7.843531937734836,2.38191089640365,3.4621578099838968,24.550456253354803,15.291196994095545,0.08051529790660225,0.013419216317767043,0.4227053140096618
213,39.439076757917334,6.66935050993022,7.843531937734836,2.3617820719269993,3.5762211486849167,24.4699409554482,15.123456790123457,0.08051529790660225,0.013419216317767043,0.4227053140096618
214,39.56655931293612,6.66935050993022,7.843531937734836,2.3617820719269993,3.5762211486849167,24.40955448201825,15.056360708534621,0.08051529790660225,0.013419216317767043,0.4227053140096618
215,39.68733225979603,6.66935050993022,7.836822329575953,2.3550724637681157,3.556092324208266,24.27536231884058,15.056360708534621,0.08051529790660225,0.013419216317767043,0.46967257112184646
216,39.01637144390767,6.622383252818035,7.836822329575953,2.2946859903381642,3.7037037037037037,23.845947396672035,16.11647879763822,0.08051529790660225,0.013419216317767043,0.46967257112184646
217,39.25791733762748,6.622383252818035,7.816693505099302,2.2946859903381642,3.7037037037037037,23.738593666129898,16.015834675254965,0.08051529790660225,0.013419216317767043,0.4562533548040794
218,39.55314009661836,6.622383252818035,7.816693505099302,2.2879763821792807,3.7037037037037037,23.637949543746647,15.868223295759528,0.08051529790660225,0.013419216317767043,0.41599570585077833
219,39.72758990874933,6.602254428341385,7.816693505099302,2.2879763821792807,3.7909286097691894,23.517176596886742,15.747450348899624,0.08051529790660225,0.013419216317767043,0.41599570585077833
220,40.05636070853462,6.582125603864735,7.796564680622652,2.2879763821792807,3.7037037037037037,23.396403650026837,15.666935050993022,0.08051529790660225,0.013419216317767043,0.41599570585077833
221,37.96967257112185,6.582125603864735,6.964573268921095,1.9122383252818036,3.6634460547504024,27.079978529253893,15.33816425120773,0.08051529790660225,0.013419216317767043,0.39586688137412773
222,38.18438003220612,6.568706387546968,6.9243156199677935,1.9122383252818036,3.6634460547504024,26.86527106816962,15.277777777777779,0.08051529790660225,0.013419216317767043,0.5099302200751477
223,38.499731615673646,6.568706387546968,6.9243156199677935,2.0531400966183573,3.6634460547504024,26.610305958132045,15.076489533011273,0.08051529790660225,0.013419216317767043,0.5099302200751477
224,38.93585614600107,6.521739130434782,6.9243156199677935,1.9256575415995705,3.5963499731615673,26.476113794954376,15.01610305958132,0.08051529790660225,0.013419216317767043,0.5099302200751477
225,39.22436929683307,6.488191089640365,6.843800322061192,1.9256575415995705,3.5963499731615673,26.301663982823403,15.01610305958132,0.08051529790660225,0.013419216317767043,0.5099302200751477
226,39.76784755770263,6.421095008051529,6.769994632313473,1.9256575415995705,3.5829307568438002,26.140633387010197,14.78797638217928,0.08051529790660225,0.013419216317767043,0.5099302200751477
227,40.11003757380569,6.421095008051529,6.6827697262479875,1.865271068169619,3.5762211486849167,26.06682769726248,14.673913043478262,0.08051529790660225,0.013419216317767043,0.5099302200751477
228,40.425389157273216,6.407675791733762,6.655931293612453,1.865271068169619,3.5762211486849167,25.939345142243692,14.526301663982823,0.08051529790660225,0.013419216317767043,0.5099302200751477
