,45,50,55,52,51,54,53,56,57,59,58,60,61
0,75.5703166935051,24.4296833064949,,,,,,,,,,,
1,75.42270531400966,24.57729468599034,,,,,,,,,,,
2,70.00134192163178,29.978529253891573,0.020128824476650563,,,,,,,,,,
3,67.41814278046162,32.360440150295226,0.020128824476650563,0.20128824476650564,,,,,,,,,
4,61.292270531400966,38.41250670960816,0.0939345142243693,0.20128824476650564,,,,,,,,,
5,60.319377348362856,34.09822866344606,0.0939345142243693,0.20128824476650564,5.287171229200215,,,,,,,,
6,56.27348362855609,37.795222758990874,0.0939345142243693,0.20128824476650564,5.287171229200215,0.3488996242619431,,,,,,,
7,53.837895866881375,40.23081052066559,0.0939345142243693,0.20128824476650564,5.287171229200215,0.3488996242619431,,,,,,,
8,49.83225979602791,36.198336017176594,0.20799785292538917,0.0067096081588835215,13.43263553408481,0.322061191626409,,,,,,,
9,49.88593666129898,36.11782071926999,0.20799785292538917,0.0067096081588835215,13.43263553408481,0.3488996242619431,,,,,,,
10,36.95652173913044,50.6105743424584,0.20799785292538917,0.0067096081588835215,11.721685453569512,0.3488996242619431,0.14761137949543746,,,,,,
11,22.5577026301664,52.442297369833604,0.20799785292538917,2.965646806226516,21.20907139023081,0.2616747181964573,0.2616747181964573,0.0939345142243693,,,,,
12,22.14170692431562,43.98819108964037,0.20799785292538917,16.478797638217927,16.566022544283413,0.2616747181964573,0.2616747181964573,0.0939345142243693,,,,,
13,21.947128287707997,43.65271068169619,0.20799785292538917,17.746913580246915,15.801127214170693,0.2616747181964573,0.2616747181964573,0.12077294685990338,,,,,
14,21.953837895866883,43.35077831454643,0.5300590445517982,17.72007514761138,15.801127214170693,0.2616747181964573,0.2616747181964573,0.12077294685990338,,,,,
15,18.38432635534085,47.22893183038111,0.4830917874396135,17.62614063338701,15.754159957058508,0.2616747181964573,0.14090177133655393,0.12077294685990338,,,,,
16,18.303811057434245,47.28260869565217,0.5971551261406334,17.58588298443371,15.707192699946322,0.2616747181964573,0.14090177133655393,0.12077294685990338,,,,,
17,18.4849704777241,47.12157809983897,0.5971551261406334,17.498658078368223,15.707192699946322,0.32877079978529256,0.14090177133655393,0.12077294685990338,,,,,
18,18.47826086956522,47.06119162640902,0.6776704240472357,17.485238862050455,15.707192699946322,0.32877079978529256,0.14090177133655393,0.12077294685990338,,,,,
19,18.377616747181964,46.81964573268921,0.7179280730005367,16.874664519592056,15.646806226516372,1.2681159420289856,0.14090177133655393,0.15432098765432098,,,,,
20,18.57890499194847,46.4573268921095,0.7179280730005367,14.794685990338165,17.887815351583466,1.2681159420289856,0.14090177133655393,0.15432098765432098,,,,,
21,18.666129898013956,43.384326355340846,0.7179280730005367,14.794685990338165,20.739398819108963,1.5432098765432098,,0.15432098765432098,,,,,
22,18.80703166935051,43.364197530864196,0.7179280730005367,14.74771873322598,20.665593129361245,1.5432098765432098,,0.15432098765432098,,,,,
23,18.773483628556093,36.574074074074076,0.8051529790660226,18.19645732689211,23.845947396672035,1.4090177133655395,,0.39586688137412773,,,,,
24,8.61513687600644,65.26435856146001,0.4830917874396135,10.473698336017177,10.68840579710145,4.448470209339774,,,0.026838432635534086,,,,
25,7.387278582930757,44.7463768115942,0.19457863660762212,23.21524422973698,10.628019323671497,4.448470209339774,9.353193773483628,,0.026838432635534086,,,,
26,7.447665056360709,34.52093397745572,0.19457863660762212,24.315619967793882,10.628019323671497,4.38137412775094,18.203166935050994,,0.30864197530864196,,,,
27,7.50805152979066,33.63526570048309,0.19457863660762212,24.22168545356951,10.59447128287708,5.891035963499732,17.478529253891573,0.03354804079441761,0.4025764895330113,0.040257648953301126,,,
28,7.548309178743962,33.467525496511,0.32877079978529256,24.22168545356951,10.59447128287708,5.891035963499732,17.47181964573269,0.03354804079441761,0.4025764895330113,0.040257648953301126,,,
29,7.5348899624261945,33.3870101986044,0.4495437466451959,24.194847020933977,10.520665593129362,5.891035963499732,17.337627482555018,0.10735373054213634,0.4025764895330113,0.040257648953301126,0.13419216317767044,,
30,7.628824476650563,32.769726247987116,3.683574879227053,25.469672571121848,10.513955984970478,5.891035963499732,13.58695652173913,0.10735373054213634,0.30864197530864196,0.040257648953301126,,,
31,7.695920558239399,32.67579173376275,3.7909286097691894,25.275093934514224,10.48040794417606,5.877616747181965,13.553408480944713,0.10735373054213634,0.5032206119162641,0.040257648953301126,,,
32,7.85024154589372,32.50805152979066,3.7909286097691894,25.275093934514224,10.225442834138486,6.146001073537305,13.553408480944713,0.10735373054213634,0.5032206119162641,0.040257648953301126,,,
33,7.991143317230274,32.23295759527644,3.9586688137412773,25.10064412238325,10.21202361782072,6.213097155126141,13.519860440150294,0.10735373054213634,0.6239935587761675,0.040257648953301126,,,
34,8.085077831454644,32.07192699946323,4.0995705850778315,25.033548040794418,10.151637144390767,6.213097155126141,13.39237788513151,0.14761137949543746,0.7313472893183038,0.040257648953301126,0.03354804079441761,,
35,8.232689210950081,32.01154052603328,4.0995705850778315,25.0,10.151637144390767,6.213097155126141,13.33870101986044,0.14761137949543746,0.7313472893183038,0.040257648953301126,0.03354804079441761,,
36,8.32662372517445,29.958400429414922,7.004830917874396,24.12104133118626,10.138217928073,6.1862587224906065,13.291733762748256,0.14761137949543746,0.7313472893183038,0.040257648953301126,0.03354804079441761,0.020128824476650563,
37,6.957863660762212,26.88539989264627,6.689479334406871,21.74584004294149,17.277241009125067,6.1862587224906065,12.808641975308642,0.14761137949543746,0.7313472893183038,0.040257648953301126,0.5099302200751477,0.020128824476650563,
38,7.098765432098766,26.86527106816962,6.655931293612453,21.64519592055824,17.2638217928073,6.1862587224906065,12.70799785292539,0.14761137949543746,0.7917337627482555,0.040257648953301126,0.5770263016639828,0.020128824476650563,
39,7.159151905528717,26.670692431561996,5.374396135265701,23.235373054213635,17.236983360171767,6.1862587224906065,12.553676865271068,0.14761137949543746,0.6776704240472357,0.040257648953301126,0.6977992485238862,0.020128824476650563,
40,6.951154052603328,20.42404723564144,3.7640901771336552,33.621846484165324,19.847020933977454,4.414922168545357,9.782608695652174,0.14761137949543746,0.5703166935050993,0.040257648953301126,0.41599570585077833,0.020128824476650563,
41,7.011540526033279,19.860440150295222,6.072195383789587,32.86366076221149,19.847020933977454,4.414922168545357,8.769457863660762,0.14761137949543746,0.5367686527106817,0.040257648953301126,0.41599570585077833,0.020128824476650563,
42,7.1658615136876005,19.82018250134192,5.938003220611916,32.79656468062265,19.786634460547504,4.414922168545357,8.769457863660762,0.14761137949543746,0.6843800322061192,0.040257648953301126,0.41599570585077833,0.020128824476650563,
43,7.246376811594203,19.639023081052066,6.998121309715513,32.024959742351044,19.712828770799785,4.408212560386473,8.722490606548577,0.1878690284487386,0.5837359098228664,0.040257648953301126,0.41599570585077833,0.020128824476650563,
44,7.340311325818572,19.605475040257648,6.998121309715513,29.69001610305958,19.706119162640903,3.5963499731615673,11.708266237251744,0.1878690284487386,0.7045088566827697,0.026838432635534086,0.41599570585077833,0.020128824476650563,
45,6.89747718733226,18.80703166935051,6.977992485238862,29.636339237788512,21.296296296296298,3.2541599570585076,11.460010735373054,0.1878690284487386,0.7447665056360708,0.026838432635534086,0.6910896403650026,0.020128824476650563,
46,6.769994632313473,14.875201288244767,6.763285024154589,24.953032742887814,30.320719269994633,3.2340311325818574,11.399624261943103,0.1878690284487386,0.6977992485238862,0.026838432635534086,0.7514761137949544,0.020128824476650563,
47,6.340579710144928,12.68786902844874,7.065217391304348,35.789049919484704,21.967257112184647,3.2004830917874396,11.292270531400966,0.1878690284487386,0.6709608158883521,0.026838432635534086,0.7514761137949544,0.020128824476650563,
48,5.998389694041868,10.849436392914654,3.81105743424584,38.58024691358025,20.652173913043477,2.9924852388620504,15.519323671497585,0.11406333870101985,0.6843800322061192,0.026838432635534086,0.7514761137949544,0.020128824476650563,
49,5.60252281266774,7.856951154052603,3.0931293612453032,36.37278582930757,34.225711218464845,0.6910896403650026,10.983628556092324,0.11406333870101985,0.5636070853462157,,0.47638217928073,0.020128824476650563,
50,5.595813204508857,7.856951154052603,3.0931293612453032,35.82259796027912,34.13848631239936,0.6910896403650026,10.983628556092324,0.8521202361782072,0.46967257112184646,,0.47638217928073,0.020128824476650563,
51,5.179817498658078,7.823403113258186,3.0931293612453032,36.621041331186255,33.81642512077295,0.6776704240472357,10.970209339774557,0.8521202361782072,0.46967257112184646,,0.47638217928073,0.020128824476650563,
52,5.394524959742351,7.7361782071927,4.200214707461084,35.67498658078368,33.52791196994095,0.6776704240472357,10.970209339774557,0.8521202361782072,0.46967257112184646,,0.47638217928073,0.020128824476650563,
53,5.387815351583468,7.588566827697263,3.878153515834675,35.68169618894257,34.333064949006975,0.6776704240472357,10.856146001073537,0.7783145464304885,0.322061191626409,,0.47638217928073,0.020128824476650563,
54,5.4616210413311865,7.588566827697263,3.8714439076757916,35.63472893183038,34.312936124530324,0.6776704240472357,10.856146001073537,0.7783145464304885,0.322061191626409,,0.47638217928073,0.020128824476650563,
55,5.24020397208803,7.5281803542673105,3.8714439076757916,40.405260332796566,31.635802469135804,0.5770263016639828,9.091519055287172,0.8051529790660226,0.3488996242619431,,0.47638217928073,0.020128824476650563,
56,5.3341384863123995,7.501341921631776,3.8714439076757916,40.13016639828234,31.246645195920557,0.5770263016639828,9.037842190016104,0.8051529790660226,1.0064412238325282,,0.46967257112184646,0.020128824476650563,
57,5.045625335480408,6.280193236714976,3.4286097691894795,36.68142780461621,38.94927536231884,0.5770263016639828,7.25979602791197,0.5703166935050993,0.7648953301127214,,0.4227053140096618,0.020128824476650563,
58,4.797369833601718,23.866076221148685,3.4420289855072466,31.95115405260333,28.670155662909288,0.5770263016639828,5.555555555555555,0.5300590445517982,0.4428341384863124,,0.14761137949543746,0.020128824476650563,
59,4.676596886741814,23.66478797638218,3.280998389694042,25.254965110037574,36.48684916800859,0.5770263016639828,5.146269457863661,0.30193236714975846,0.4428341384863124,,0.14761137949543746,0.020128824476650563,
60,3.8714439076757916,19.343800322061192,3.2340311325818574,25.10064412238325,36.25872249060655,0.5770263016639828,10.473698336017177,0.5300590445517982,0.4428341384863124,,0.14761137949543746,0.020128824476650563,
61,3.9989264626945786,19.32367149758454,3.9452495974235107,24.58400429414922,36.01717659688674,0.5770263016639828,10.44015029522276,0.5300590445517982,0.41599570585077833,,0.14761137949543746,0.020128824476650563,
62,4.066022544283414,19.32367149758454,3.9452495974235107,24.12104133118626,35.64143853998927,0.5770263016639828,10.44015029522276,1.3016639828234031,0.41599570585077833,,0.14761137949543746,0.020128824476650563,
63,4.072732152442297,19.39747718733226,3.898282340311326,24.04723564143854,35.45356951154053,0.5770263016639828,10.44015029522276,1.3016639828234031,0.644122383252818,,0.14761137949543746,0.020128824476650563,
64,4.012345679012346,19.249865807836823,3.4621578099838968,18.06897477187332,43.11594202898551,0.5770263016639828,9.742351046698873,1.3217928073000538,0.3824476650563607,,0.06709608158883522,,
65,4.133118625872249,19.209608158883523,3.4621578099838968,17.98174986580784,43.04884594739667,0.5770263016639828,9.681964573268921,1.3217928073000538,0.4562533548040794,,0.1274825550187869,,
66,4.334406870638754,19.196188942565755,3.4621578099838968,14.036500268384327,47.60466988727858,0.5636070853462157,9.66183574879227,0.5837359098228664,0.4294149221685454,,0.1274825550187869,,
67,4.361245303274289,19.176060118089104,3.4621578099838968,14.023081052066559,47.47047772410091,0.6508319914117016,9.634997316156737,0.6642512077294686,0.4294149221685454,,0.1274825550187869,,
68,4.294149221685454,12.144390767579173,3.1468062265163717,12.754965110037574,57.6154052603328,0.6508319914117016,8.185721953837897,0.7783145464304885,0.4294149221685454,,,,
69,4.240472356414386,12.144390767579173,3.1468062265163717,12.661030595813205,49.402844873859365,0.6508319914117016,16.566022544283413,0.7581857219538379,0.4294149221685454,,,,
70,4.274020397208803,11.990069779924852,3.374932903918411,12.661030595813205,49.241814278046164,0.6508319914117016,16.53918411164788,0.8387010198604401,0.4025764895330113,,0.026838432635534086,,
71,4.3545356951154055,12.04374664519592,3.3279656468062266,12.47987117552335,45.52469135802469,0.6508319914117016,20.41062801932367,0.8655394524959742,0.3153515834675255,,0.026838432635534086,,
72,2.6167471819645733,10.983628556092324,2.3886205045625335,17.53220611916264,45.36366076221149,0.6508319914117016,19.07541599570585,1.0198604401502953,0.3153515834675255,,0.05367686527106817,,
73,2.6301663982823404,10.715244229736983,2.6704240472356413,17.277241009125067,45.35024154589372,0.6508319914117016,18.95464304884595,1.0198604401502953,0.5568974771873323,,0.17444981213097155,,
74,2.717391304347826,8.903650026838433,2.8113258185721954,17.250402576489535,42.74020397208803,0.6508319914117016,18.94122383252818,5.253623188405797,0.5568974771873323,,0.17444981213097155,,
75,2.737520128824477,8.903650026838433,2.7777777777777777,17.250402576489535,42.72007514761138,0.6508319914117016,18.94122383252818,5.253623188405797,0.5568974771873323,0.03354804079441761,0.17444981213097155,,
76,2.831454643048846,8.903650026838433,2.7777777777777777,17.10950080515298,42.652979066022546,0.6508319914117016,18.833870101986044,5.253623188405797,0.6843800322061192,0.03354804079441761,0.2683843263553409,,
77,2.677133655394525,8.105206655931294,2.7509393451422435,17.082662372517444,44.10225442834138,0.28180354267310787,18.699677938808374,5.052334943639291,0.8051529790660226,0.03354804079441761,0.4092860976918948,,
78,2.314814814814815,8.07836822329576,1.6103059581320451,22.96027911969941,53.824476650563604,0.28180354267310787,7.018250134192163,3.0595813204508855,0.785024154589372,0.0067096081588835215,0.06038647342995169,,
79,2.3550724637681157,7.749597423510467,1.8384326355340848,20.725979602791195,48.40311325818572,2.9924852388620504,10.258990874932904,4.770531400966184,0.8387010198604401,0.0067096081588835215,0.06038647342995169,,
80,2.428878153515835,7.729468599033816,1.8115942028985508,20.719269994632313,48.35614600107354,2.9924852388620504,10.25228126677402,4.770531400966184,0.8387010198604401,0.040257648953301126,0.06038647342995169,,
81,2.442297369833602,5.213365539452496,1.5297906602254427,28.951959205582394,44.71282877079979,2.9924852388620504,10.131508319914117,3.1736446591519054,0.7179280730005367,0.040257648953301126,0.0939345142243693,,
82,2.509393451422437,5.186527106816962,1.5163714439076759,28.951959205582394,44.69269994632314,2.985775630703167,10.131508319914117,3.1736446591519054,0.7179280730005367,0.040257648953301126,0.0939345142243693,,
83,2.4154589371980677,5.119431025228127,1.2949543746645196,36.99677938808374,40.123456790123456,0.95276435856146,9.178743961352657,3.1333870101986045,0.6642512077294686,0.026838432635534086,0.0939345142243693,,
84,2.5496511003757383,5.10601180891036,1.2949543746645196,38.94256575415996,39.57326892109501,0.95276435856146,7.581857219538379,3.126677402039721,0.6910896403650026,0.08722490606548577,0.0939345142243693,,
85,2.2074610842726785,4.918142780461621,1.1808910359634996,37.506709608158886,41.700214707461086,0.95276435856146,7.581857219538379,3.126677402039721,0.644122383252818,0.08722490606548577,0.0939345142243693,,
86,2.2611379495437465,4.911433172302737,1.1808910359634996,37.43961352657005,41.686795491143315,0.95276435856146,7.581857219538379,3.126677402039721,0.6776704240472357,0.08722490606548577,0.0939345142243693,,
87,2.408749329039184,4.911433172302737,1.1808910359634996,37.32555018786903,41.619699409554485,0.95276435856146,7.581857219538379,3.1602254428341383,0.6776704240472357,0.08722490606548577,0.0939345142243693,,
88,2.49597423510467,4.911433172302737,1.1808910359634996,36.69484702093398,38.808373590982285,0.7380568974771873,10.923242082662373,3.388352120236178,0.6776704240472357,0.08722490606548577,0.0939345142243693,,
89,2.61003757380569,4.911433172302737,1.1808910359634996,34.15861513687601,38.7614063338701,0.7380568974771873,13.378958668813741,3.4017713365539453,0.6776704240472357,0.08722490606548577,0.0939345142243693,,
90,2.6637144390767578,4.904723564143854,1.1808910359634996,34.11164787976382,38.63392377885131,0.8990874932903918,13.217928073000536,3.502415458937198,0.7045088566827697,0.08722490606548577,0.0939345142243693,,
91,2.6704240472356413,4.904723564143854,1.1808910359634996,33.97745571658615,38.60708534621578,0.8990874932903918,13.217928073000536,3.6231884057971016,0.7380568974771873,0.08722490606548577,0.0939345142243693,,
92,2.6838432635534084,4.898013955984971,1.247987117552335,33.9573268921095,38.191089640365,0.8990874932903918,13.211218464841654,3.992216854535695,0.7380568974771873,0.08722490606548577,0.0939345142243693,,
93,2.7844873859366612,4.884594739667204,1.288244766505636,36.9699409554482,34.68867418142781,0.8990874932903918,14.392109500805153,3.1736446591519054,0.7380568974771873,0.08722490606548577,0.0939345142243693,,
94,2.8113258185721954,4.884594739667204,1.288244766505636,40.935319377348364,30.723295759527645,0.8856682769726248,14.284755770263017,3.126677402039721,0.7380568974771873,0.19457863660762212,0.1274825550187869,,
95,3.026033279656468,4.87788513150832,1.288244766505636,40.70048309178744,30.60252281266774,0.8588298443370908,14.278046162104133,3.1535158346752548,0.8923778851315083,0.19457863660762212,0.1274825550187869,,
96,3.1535158346752548,4.87788513150832,1.288244766505636,40.57300053676865,30.60252281266774,0.8588298443370908,14.278046162104133,3.1535158346752548,0.8923778851315083,0.19457863660762212,0.1274825550187869,,
97,3.1736446591519054,4.864465915190553,4.38137412775094,40.143585614600106,28.837895866881375,0.8588298443370908,13.385668276972625,3.2004830917874396,0.8319914117015567,0.19457863660762212,0.1274825550187869,,
98,3.3279656468062266,4.864465915190553,4.38137412775094,40.103327965646805,28.77750939345142,0.8588298443370908,13.33870101986044,3.193773483628556,0.8319914117015567,0.19457863660762212,0.1274825550187869,,
99,3.2877079978529253,4.864465915190553,4.38137412775094,38.06360708534621,28.690284487385938,0.6374127750939346,15.653515834675256,3.260869565217391,0.8722490606548577,0.19457863660762212,0.0939345142243693,,
100,3.3480944712828773,4.817498658078368,4.38137412775094,38.14412238325282,28.515834675254965,0.6374127750939346,15.653515834675256,3.260869565217391,0.95276435856146,0.19457863660762212,0.0939345142243693,,
101,3.4688674181427803,4.810789049919484,4.38137412775094,38.056897477187334,28.515834675254965,0.6374127750939346,15.519323671497585,3.260869565217391,0.95276435856146,0.19457863660762212,0.20128824476650564,,
102,3.589640365002684,4.5893719806763285,4.884594739667204,38.0300590445518,27.992485238862052,0.6374127750939346,15.673644659151906,3.2541599570585076,0.95276435856146,0.19457863660762212,0.20128824476650564,,
103,3.670155662909286,4.582662372517445,2.737520128824477,36.12453032742888,33.49436392914654,0.6374127750939346,14.626945786366075,2.885131508319914,0.95276435856146,0.08722490606548577,0.20128824476650564,,
104,3.6231884057971016,4.569243156199678,2.7308105206655933,38.35212023617821,31.662640901771336,0.6374127750939346,14.55984970477724,2.7777777777777777,0.798443370907139,0.08722490606548577,0.20128824476650564,,
105,3.69699409554482,4.569243156199678,2.3550724637681157,37.82206119162641,28.992216854535695,0.6374127750939346,17.85426731078905,2.85829307568438,0.9259259259259259,0.08722490606548577,0.20128824476650564,,
106,2.7241009125067097,3.878153515834675,2.214170692431562,37.13768115942029,32.84353193773484,0.5770263016639828,16.874664519592056,2.536231884057971,0.9259259259259259,0.08722490606548577,0.20128824476650564,,
107,2.589908749329039,3.7775093934514223,2.328234031132582,36.963231347289316,31.468062265163713,2.6301663982823404,16.700214707461082,2.442297369833602,0.8118625872249061,0.08722490606548577,0.20128824476650564,,
108,2.5831991411701556,3.7775093934514223,2.328234031132582,36.93639291465379,31.266774020397207,3.2340311325818574,16.14331723027375,2.442297369833602,0.9997316156736447,0.08722490606548577,0.20128824476650564,,
109,2.636876006441224,3.7775093934514223,2.737520128824477,36.52710681696189,31.199677938808374,3.227321524422974,15.861513687600644,2.4490069779924855,1.2949543746645196,0.08722490606548577,0.20128824476650564,,
110,2.804616210413312,3.7372517444981215,2.737520128824477,36.44659151905529,31.199677938808374,3.193773483628556,15.801127214170693,2.408749329039184,1.3217928073000538,0.14761137949543746,0.20128824476650564,,
111,3.0864197530864197,3.7372517444981215,2.7106816961889426,35.89640365002684,30.971551261406333,3.1602254428341383,16.445249597423512,2.408749329039184,1.2345679012345678,0.14761137949543746,0.20128824476650564,,
112,3.294417606011809,3.7372517444981215,2.7106816961889426,35.65485775630703,30.891035963499732,3.1602254428341383,16.404991948470208,2.563070316693505,1.2345679012345678,0.14761137949543746,0.20128824476650564,,
113,3.012614063338701,0.5300590445517982,2.1269457863660763,40.68035426731079,30.253623188405797,3.1602254428341383,16.33118625872249,2.3752012882447664,1.1876006441223832,0.14761137949543746,0.19457863660762212,,
114,3.0327428878153517,0.5300590445517982,2.1940418679549114,40.666935050993025,30.18652710681696,3.1602254428341383,16.324476650563607,2.3752012882447664,1.1876006441223832,0.14761137949543746,0.19457863660762212,,
115,3.066290928609769,0.5300590445517982,2.1940418679549114,40.64680622651637,30.173107890499196,3.1602254428341383,16.324476650563607,2.3752012882447664,1.1876006441223832,0.14761137949543746,0.19457863660762212,,
116,3.166935050993022,0.5300590445517982,5.300590445517981,35.16505636070853,33.10520665593129,2.6637144390767578,16.31105743424584,2.2879763821792807,1.1272141706924315,0.14761137949543746,0.19457863660762212,,
117,3.307836822329576,0.5300590445517982,5.300590445517981,35.158346752549654,33.05823939881911,2.6637144390767578,16.223832528180353,2.2879763821792807,1.1272141706924315,0.14761137949543746,0.19457863660762212,,
118,3.3480944712828773,0.5300590445517982,5.300590445517981,35.017444981213096,32.930756843800324,2.6637144390767578,16.223832528180353,2.4892646269457863,1.1540526033279657,0.14761137949543746,0.19457863660762212,,
119,3.4286097691894795,0.5300590445517982,5.287171229200215,34.92351046698873,32.930756843800324,2.6637144390767578,16.19699409554482,2.475845410628019,1.221148684916801,0.14761137949543746,0.19457863660762212,,
120,3.556092324208266,0.5300590445517982,5.273752012882448,34.86983360171766,32.8972088030059,2.6637144390767578,16.109769189479334,2.5026838432635534,1.221148684916801,0.14761137949543746,0.2281266774020397,,
121,3.589640365002684,0.5300590445517982,5.246913580246914,34.84970477724101,30.683038110574344,2.6637144390767578,16.109769189479334,4.730273752012883,1.221148684916801,0.14761137949543746,0.2281266774020397,,
122,3.3548040794417604,0.3757380568974772,5.159688674181428,33.85668276972625,26.8317230273752,2.6435856146001075,21.70558239398819,4.4753086419753085,1.221148684916801,0.14761137949543746,0.2281266774020397,,
123,3.408480944712829,0.3757380568974772,5.159688674181428,33.8365539452496,26.80488459473967,2.6435856146001075,21.69887278582931,4.4753086419753085,1.221148684916801,0.14761137949543746,0.2281266774020397,,
124,3.4151905528717124,0.36902844873859364,5.273752012882448,33.43397745571659,26.50966183574879,2.6435856146001075,21.604938271604937,4.938271604938271,1.221148684916801,0.14761137949543746,0.4428341384863124,,
125,3.5091250670960816,0.36902844873859364,5.273752012882448,33.380300590445515,26.48953301127214,2.6435856146001075,21.598228663446054,4.924852388620504,1.221148684916801,0.14761137949543746,0.4428341384863124,,
126,3.6231884057971016,0.36902844873859364,5.273752012882448,33.25281803542673,26.41572732152442,2.6435856146001075,21.55126140633387,4.938271604938271,1.3419216317767042,0.14761137949543746,0.4428341384863124,,
127,3.6500268384326353,0.36902844873859364,5.179817498658078,33.071658615136876,26.34863123993559,2.6435856146001075,21.511003757380568,5.186527106816962,1.415727321524423,0.14761137949543746,0.47638217928073,,
128,3.7573805689747717,0.36902844873859364,5.179817498658078,33.04482018250134,26.268115942028984,2.6435856146001075,21.470746108427267,5.186527106816962,1.415727321524423,0.14761137949543746,0.5166398282340311,,
129,3.8043478260869565,0.36902844873859364,5.179817498658078,32.971014492753625,26.261406333870102,2.6435856146001075,21.43719806763285,5.186527106816962,1.5029522275899088,0.14761137949543746,0.49651100375738055,,
130,3.8311862587224907,0.36902844873859364,5.179817498658078,32.95759527643585,26.261406333870102,2.6301663982823404,21.43719806763285,5.186527106816962,1.5029522275899088,0.14761137949543746,0.49651100375738055,,
131,3.9318303811057436,0.36902844873859364,5.072463768115942,32.8569511540526,25.825281803542673,3.207192699946323,21.3768115942029,5.186527106816962,1.5029522275899088,0.14761137949543746,0.5233494363929146,,
132,4.045893719806763,0.36902844873859364,5.213365539452496,32.769726247987116,25.644122383252817,3.207192699946323,21.32313472893183,5.199946323134729,1.4962426194310252,0.14761137949543746,0.5837359098228664,,
133,3.978797638217928,0.30864197530864196,5.4616210413311865,30.05233494363929,28.341384863123995,3.207192699946323,21.26274825550188,5.22007514761138,1.4358561460010735,0.14761137949543746,0.5837359098228664,,
134,4.005636070853462,0.30864197530864196,5.4616210413311865,30.03220611916264,28.33467525496511,3.207192699946323,21.22920021470746,5.22007514761138,1.4358561460010735,0.18115942028985507,0.5837359098228664,,
135,4.126409017713366,0.30864197530864196,5.844068706387547,29.985238862050455,28.046162104133117,3.079710144927536,21.108427267847556,5.226784755770263,1.4358561460010735,0.18115942028985507,0.6575415995705851,,
136,4.361245303274289,0.30864197530864196,5.803811057434245,29.958400429414922,27.925389157273216,3.079710144927536,21.095008051529792,5.199946323134729,1.42914653784219,0.18115942028985507,0.6575415995705851,,
137,4.51556629092861,0.30864197530864196,5.770263016639828,29.931561996779386,27.89855072463768,3.079710144927536,21.027911969940956,5.199946323134729,1.42914653784219,0.18115942028985507,0.6575415995705851,,
138,4.602791196994096,0.30864197530864196,5.763553408480945,29.78395061728395,27.851583467525497,3.079710144927536,21.007783145464305,5.186527106816962,1.5767579173376274,0.18115942028985507,0.6575415995705851,,
139,4.549114331723027,0.30864197530864196,5.615942028985507,29.770531400966185,30.870907139023082,3.052871712292002,18.471551261406333,4.985238862050457,1.5767579173376274,0.18115942028985507,0.6172839506172839,,
140,4.106280193236715,0.30864197530864196,5.501878690284487,36.00375738056898,27.77777777777778,2.509393451422437,16.639828234031132,4.944981213097155,1.5297906602254427,0.06038647342995169,0.6172839506172839,,
141,4.186795491143317,0.30864197530864196,5.501878690284487,35.94337090713902,27.717391304347824,2.509393451422437,16.59957058507783,4.9651100375738055,1.5901771336553945,0.06038647342995169,0.6172839506172839,,
142,4.233762748255502,0.30864197530864196,5.501878690284487,35.94337090713902,27.710681696188942,2.475845410628019,16.465378421900162,4.9651100375738055,1.583467525496511,0.06038647342995169,0.7514761137949544,,
143,4.341116478797638,0.30864197530864196,5.46833064949007,35.869565217391305,27.63016639828234,2.475845410628019,16.445249597423512,5.045625335480408,1.5767579173376274,0.06038647342995169,0.7783145464304885,,
144,4.616210413311863,0.30864197530864196,5.4549114331723025,35.74208266237252,27.583199141170155,2.475845410628019,16.358024691358025,5.045625335480408,1.5767579173376274,0.06038647342995169,0.7783145464304885,,
145,4.797369833601718,0.30864197530864196,5.522007514761138,35.59447128287708,27.489264626945786,2.462426194310252,16.297638217928075,5.045625335480408,1.6438539989264627,0.06038647342995169,0.7783145464304885,,
146,4.810789049919484,0.30864197530864196,5.750134192163178,35.45356951154053,27.388620504562535,2.462426194310252,16.27079978529254,5.045625335480408,1.6438539989264627,0.06038647342995169,0.8051529790660226,,
147,4.931561996779388,0.30864197530864196,5.750134192163178,35.17176596886742,27.375201288244767,2.462426194310252,16.25738056897477,5.045625335480408,1.7847557702630166,0.06038647342995169,0.8521202361782072,,
148,4.978529253891573,0.30864197530864196,5.71658615136876,35.17176596886742,27.3215244229737,2.462426194310252,16.25738056897477,5.0858829844337095,1.7847557702630166,0.06038647342995169,0.8521202361782072,,
149,5.233494363929147,0.30864197530864196,5.736714975845411,35.08454106280193,27.20746108427268,2.462426194310252,16.25738056897477,5.01207729468599,1.7847557702630166,0.06038647342995169,0.8521202361782072,,
150,5.394524959742351,0.30864197530864196,5.736714975845411,34.648416532474506,27.194041867954912,2.7442297369833604,16.150026838432634,5.01207729468599,1.8988191089640365,0.06038647342995169,0.8521202361782072,,
151,5.475040257648954,0.30864197530864196,5.736714975845411,34.614868491680085,27.079978529253893,2.7442297369833604,16.13660762211487,5.092592592592593,1.8988191089640365,0.06038647342995169,0.8521202361782072,,
152,5.562265163714439,0.30864197530864196,5.736714975845411,34.326355340848096,27.053140096618357,2.7442297369833604,16.13660762211487,5.092592592592593,2.1135265700483092,0.06038647342995169,0.8655394524959742,,
153,5.555555555555555,0.30864197530864196,5.736714975845411,34.286097691894796,27.033011272141707,2.8113258185721954,16.13660762211487,5.092592592592593,2.1135265700483092,0.06038647342995169,0.8655394524959742,,
154,5.609232420826624,0.30864197530864196,5.776972624798712,34.13177670424047,26.959205582393988,2.8113258185721954,16.13660762211487,5.092592592592593,2.24771873322598,0.06038647342995169,0.8655394524959742,,
155,5.683038110574342,0.30864197530864196,5.750134192163178,34.07809983896941,26.952495974235106,2.7979066022544283,16.13660762211487,5.092592592592593,2.24771873322598,0.06038647342995169,0.8923778851315083,,
156,5.797101449275362,0.30864197530864196,5.736714975845411,33.97745571658615,26.939076757917338,2.7979066022544283,16.10305958132045,5.092592592592593,2.2611379495437465,0.06038647342995169,0.9259259259259259,,
157,5.857487922705314,0.30864197530864196,5.71658615136876,33.93048845947396,26.932367149758456,2.7844873859366612,16.076221148684915,5.132850241545894,2.2745571658615136,0.06038647342995169,0.9259259259259259,,
158,5.964841653247451,0.30864197530864196,5.71658615136876,33.81642512077295,26.898819108964037,2.771068169618894,16.035963499731615,5.24020397208803,2.2611379495437465,0.06038647342995169,0.9259259259259259,,
159,5.864197530864198,0.30864197530864196,7.87037037037037,33.01798174986581,25.684380032206118,2.771068169618894,16.029253891572733,5.22007514761138,2.2342995169082127,0.05367686527106817,0.9259259259259259,0.020128824476650563,
160,6.179549114331723,0.30864197530864196,7.87037037037037,32.8972088030059,25.59044551798175,2.771068169618894,15.780998389694043,5.260332796564681,2.2879763821792807,0.05367686527106817,0.9796027911969941,0.020128824476650563,
161,6.011808910359635,0.30864197530864196,8.011272141706923,32.25308641975309,25.483091787439612,2.6972624798711755,16.820987654320987,5.10601180891036,2.2879763821792807,0.05367686527106817,0.9460547504025765,0.020128824476650563,
162,6.112453032742888,0.30864197530864196,8.011272141706923,32.23295759527644,25.40257648953301,2.7308105206655933,16.78743961352657,5.10601180891036,2.2879763821792807,0.05367686527106817,0.9460547504025765,0.020128824476650563,
163,6.159420289855072,0.30864197530864196,8.011272141706923,32.1256038647343,25.40257648953301,2.7308105206655933,16.78743961352657,5.10601180891036,2.3483628556092326,0.05367686527106817,0.9460547504025765,0.020128824476650563,
164,5.984970477724101,0.30864197530864196,7.977724100912507,35.36634460547504,24.986580783682232,2.7308105206655933,13.955984970477724,5.3341384863123995,2.3483628556092326,0.05367686527106817,0.8990874932903918,0.05367686527106817,
165,6.112453032742888,0.30864197530864196,7.96430488459474,35.238862050456255,24.832259796027913,2.7308105206655933,13.915727321524423,5.515297906602254,2.3752012882447664,0.05367686527106817,0.8990874932903918,0.05367686527106817,
166,6.072195383789587,0.30864197530864196,7.917337627482555,37.1309715512614,23.020665593129362,2.7308105206655933,13.895598497047773,5.515297906602254,2.3349436392914655,0.05367686527106817,0.966183574879227,0.05367686527106817,
167,6.0587761674718195,0.30864197530864196,7.9039184111647875,36.78878153515835,21.89345142243693,2.7308105206655933,15.304616210413311,5.515297906602254,2.4221685453569513,0.05367686527106817,0.966183574879227,0.05367686527106817,
168,6.119162640901771,0.30864197530864196,7.897208803005904,36.78878153515835,21.85319377348363,2.717391304347826,15.257648953301127,5.515297906602254,2.4557165861513686,0.05367686527106817,0.9796027911969941,0.05367686527106817,
169,6.239935587761675,0.30864197530864196,7.883789586688137,36.151368760064415,21.85319377348363,2.703972088030059,15.217391304347826,6.099033816425121,2.4557165861513686,0.05367686527106817,0.9796027911969941,0.05367686527106817,
170,6.414385399892646,0.30864197530864196,7.883789586688137,36.12453032742888,21.826355340848096,2.690552871712292,15.083199141170155,6.099033816425121,2.4825550187869028,0.05367686527106817,0.9796027911969941,0.05367686527106817,
171,6.468062265163715,0.30864197530864196,7.883789586688137,36.030595813204506,21.826355340848096,2.690552871712292,15.157004830917874,6.099033816425121,2.4825550187869028,0.05367686527106817,0.9460547504025765,0.05367686527106817,
172,6.421095008051529,0.30864197530864196,8.380300590445518,37.466451959205585,21.55126140633387,2.690552871712292,13.741277509393452,6.099033816425121,2.2879763821792807,0.05367686527106817,0.9460547504025765,0.05367686527106817,
173,6.246645195920558,0.30864197530864196,8.111916264090176,39.80810520665593,20.068438003220614,2.690552871712292,13.238056897477188,6.1862587224906065,2.2879763821792807,0.05367686527106817,0.9460547504025765,0.05367686527106817,
174,6.3070316693505095,0.30864197530864196,8.111916264090176,39.62023617820719,19.82018250134192,2.690552871712292,13.231347289318304,6.4412238325281805,2.4154589371980677,0.05367686527106817,0.9460547504025765,0.05367686527106817,
175,6.360708534621578,0.30864197530864196,8.111916264090176,39.47933440687064,19.77992485238862,2.690552871712292,13.20450885668277,6.474771873322598,2.4154589371980677,0.05367686527106817,1.06682769726248,0.05367686527106817,
176,6.447933440687064,0.30864197530864196,8.09849704777241,39.472624798711756,19.77992485238862,2.690552871712292,13.170960815888352,6.474771873322598,2.4154589371980677,0.05367686527106817,1.0332796564680622,0.05367686527106817,
177,6.125872249060655,0.30864197530864196,8.09849704777241,38.848631239935585,22.24235104669887,2.690552871712292,11.634460547504025,6.629092860976919,2.368491680085883,0.05367686527106817,0.9460547504025765,0.05367686527106817,
178,6.360708534621578,0.30864197530864196,8.09849704777241,38.747987117552334,22.114868491680085,2.690552871712292,11.634460547504025,6.615673644659152,2.3752012882447664,0.05367686527106817,0.9460547504025765,0.05367686527106817,
179,6.588835212023618,0.30864197530864196,8.3064949006978,38.399087493290395,22.034353193773484,2.690552871712292,11.627750939345143,6.615673644659152,2.3752012882447664,0.05367686527106817,0.9460547504025765,0.05367686527106817,
180,6.6760601180891035,0.30864197530864196,8.3064949006978,38.35882984433709,21.987385936661298,2.690552871712292,11.627750939345143,6.615673644659152,2.3752012882447664,0.05367686527106817,0.9460547504025765,0.05367686527106817,
181,6.8035426731078905,0.30864197530864196,8.279656468062266,38.35882984433709,21.947128287707997,2.657004830917874,11.553945249597424,6.662640901771336,2.3752012882447664,0.05367686527106817,0.9460547504025765,0.05367686527106817,
182,6.957863660762212,0.30864197530864196,8.313204508856682,38.191089640365,21.906870638754697,2.657004830917874,11.386205045625335,6.662640901771336,2.563070316693505,0.05367686527106817,0.9460547504025765,0.05367686527106817,
183,7.065217391304348,0.30864197530864196,8.28636607622115,38.056897477187334,21.618357487922705,2.6502952227589907,11.352657004830919,6.957863660762212,2.6167471819645733,0.05367686527106817,0.9796027911969941,0.05367686527106817,
184,7.078636607622115,0.30864197530864196,8.272946859903382,37.895866881374126,21.584809447128286,2.6502952227589907,11.352657004830919,7.206119162640902,2.563070316693505,0.05367686527106817,0.9796027911969941,0.05367686527106817,
185,7.098765432098766,0.30193236714975846,8.272946859903382,37.775093934514224,21.571390230810522,2.8515834675254963,11.392914653784219,7.03166935050993,2.6167471819645733,0.05367686527106817,0.9796027911969941,0.05367686527106817,
186,6.944444444444445,0.30193236714975846,8.272946859903382,34.84970477724101,20.92055823939882,6.655931293612453,11.392914653784219,6.991411701556629,2.5831991411701556,0.05367686527106817,0.9796027911969941,0.05367686527106817,
187,7.132313472893183,0.30193236714975846,8.246108427267847,34.68196457326892,20.86688137412775,6.655931293612453,11.372785829307569,7.078636607622115,2.589908749329039,0.05367686527106817,0.966183574879227,0.05367686527106817,
188,7.112184648416532,0.30193236714975846,8.246108427267847,34.5679012345679,19.343800322061192,6.655931293612453,12.848899624261943,7.105475040257649,2.589908749329039,0.05367686527106817,1.1205045625335481,0.05367686527106817,
189,7.125603864734299,0.30193236714975846,8.246108427267847,34.40016103059581,19.343800322061192,6.629092860976919,12.842190016103059,7.105475040257649,2.7643585614600106,0.08051529790660225,1.107085346215781,0.05367686527106817,
190,7.139023081052066,0.30193236714975846,8.702361782071927,34.11164787976382,19.088835212023618,6.629092860976919,12.842190016103059,7.206119162640902,2.737520128824477,0.08051529790660225,1.107085346215781,0.05367686527106817,
191,7.232957595276436,0.30193236714975846,8.722490606548577,34.064680622651636,19.088835212023618,6.582125603864735,12.835480407944177,7.192699946323135,2.737520128824477,0.08051529790660225,1.107085346215781,0.05367686527106817,
192,7.306763285024155,0.30193236714975846,8.742619431025227,34.024422973698336,19.02173913043478,6.575415995705851,12.808641975308642,7.179280730005368,2.7643585614600106,0.08051529790660225,1.1406333870101986,0.05367686527106817,
193,7.112184648416532,0.27509393451422437,8.085077831454644,33.56816961889426,21.289586688137412,6.018518518518518,12.76838432635534,6.9310252281266775,2.677133655394525,0.08051529790660225,1.1406333870101986,0.05367686527106817,
194,7.199409554482019,0.27509393451422437,8.064949006977992,33.43397745571659,21.235909822866343,6.018518518518518,12.741545893719806,6.957863660762212,2.7979066022544283,0.08051529790660225,1.1406333870101986,0.05367686527106817,
195,7.226247987117552,0.27509393451422437,8.064949006977992,33.43397745571659,21.20907139023081,6.018518518518518,12.741545893719806,6.957863660762212,2.7979066022544283,0.08051529790660225,1.1406333870101986,0.05367686527106817,
