,45,50,54,52,55,51,53,57,56,58,59,61,60,47,46
0,98.2085346215781,1.724369296833065,0.06709608158883522,,,,,,,,,,,,
1,96.67874396135265,2.7509393451422435,0.013419216317767043,0.5568974771873323,,,,,,,,,,,
2,94.3840579710145,5.045625335480408,0.013419216317767043,0.5568974771873323,,,,,,,,,,,
3,93.88083735909822,5.508588298443371,0.013419216317767043,0.5770263016639828,0.020128824476650563,,,,,,,,,,
4,91.31105743424584,8.07836822329576,0.013419216317767043,0.5770263016639828,0.020128824476650563,,,,,,,,,,
5,87.04374664519592,12.285292538915728,0.013419216317767043,0.6038647342995169,0.020128824476650563,0.03354804079441761,,,,,,,,,
6,83.28636607622114,15.76086956521739,0.2952227589908749,0.6038647342995169,0.020128824476650563,0.03354804079441761,,,,,,,,,
7,64.75442834138487,35.05099302200752,0.08051529790660225,0.026838432635534086,0.05367686527106817,0.03354804079441761,,,,,,,,,
8,63.828502415458935,35.950080515297905,0.08051529790660225,0.026838432635534086,0.05367686527106817,0.06038647342995169,,,,,,,,,
9,59.76918947933441,39.99597423510467,0.08051529790660225,0.026838432635534086,0.06709608158883522,0.06038647342995169,,,,,,,,,
10,59.68867418142781,39.85507246376812,0.08051529790660225,0.026838432635534086,0.2885131508319914,0.06038647342995169,,,,,,,,,
11,59.58132045088567,39.80810520665593,0.08051529790660225,0.026838432635534086,0.4428341384863124,0.06038647342995169,,,,,,,,,
12,58.93048845947396,40.41196994095545,0.08051529790660225,0.026838432635534086,0.48980139559849706,0.06038647342995169,,,,,,,,,
13,54.93827160493827,35.66156736446592,0.06709608158883522,0.026838432635534086,0.4495437466451959,8.856682769726248,,,,,,,,,
14,53.515834675254965,36.28556092324208,0.08051529790660225,0.026838432635534086,0.4830917874396135,9.608158883521202,,,,,,,,,
15,53.274288781535155,36.46672034353194,0.11406333870101985,0.026838432635534086,0.5300590445517982,9.588030059044552,,,,,,,,,
16,52.804616210413315,36.802200751476114,0.11406333870101985,0.026838432635534086,0.5367686527106817,9.588030059044552,0.1274825550187869,,,,,,,,
17,51.08024691358025,38.419216317767045,0.15432098765432098,0.026838432635534086,0.6239935587761675,9.567901234567902,0.1274825550187869,,,,,,,,
18,49.27536231884058,39.10359634997316,0.15432098765432098,0.040257648953301126,0.8051529790660226,10.493827160493828,0.1274825550187869,,,,,,,,
19,48.107890499194845,40.21739130434783,0.15432098765432098,0.040257648953301126,0.8789586688137413,10.473698336017177,0.1274825550187869,,,,,,,,
20,47.84621578099839,40.33145464304884,0.17444981213097155,0.040257648953301126,0.9326355340848095,10.547504025764896,0.1274825550187869,,,,,,,,
21,47.34299516908212,40.673644659151904,0.17444981213097155,0.040257648953301126,1.1808910359634996,10.46027911969941,0.1274825550187869,,,,,,,,
22,46.4170692431562,40.707192699946326,0.17444981213097155,0.05367686527106817,1.2144390767579174,11.305689747718732,0.1274825550187869,,,,,,,,
23,46.383521202361784,40.002683843263554,0.7447665056360708,0.05367686527106817,1.3620504562533549,11.29898013955985,0.15432098765432098,,,,,,,,
24,45.16237251744498,39.331723027375205,0.7447665056360708,1.7914653784219001,1.5163714439076759,11.292270531400966,0.15432098765432098,0.0067096081588835215,,,,,,,
25,45.02818035426731,39.35856146001073,0.8118625872249061,1.7914653784219001,1.556629092860977,11.292270531400966,0.15432098765432098,0.0067096081588835215,,,,,,,
26,45.02818035426731,39.14385399892646,0.9997316156736447,1.7914653784219001,1.5499194847020934,11.252012882447666,0.15432098765432098,0.0067096081588835215,0.07380568974771873,,,,,,
27,44.96779388083736,39.05662909286098,0.9997316156736447,1.7914653784219001,1.6975308641975309,11.252012882447666,0.15432098765432098,0.0067096081588835215,0.07380568974771873,,,,,,
28,44.920826623725176,39.04320987654321,0.9997316156736447,1.8518518518518519,1.6975308641975309,11.252012882447666,0.15432098765432098,0.0067096081588835215,0.07380568974771873,,,,,,
29,44.880568974771876,39.070048309178745,0.9997316156736447,1.8518518518518519,1.8451422436929683,11.117820719269995,0.15432098765432098,0.0067096081588835215,0.07380568974771873,,,,,,
30,44.7463768115942,39.090177133655395,0.9997316156736447,1.8518518518518519,1.9592055823939882,11.117820719269995,0.15432098765432098,0.0067096081588835215,0.07380568974771873,,,,,,
31,44.72624798711755,38.1508319914117,0.9997316156736447,2.6502952227589907,1.9659151905528718,11.104401502952227,0.15432098765432098,0.0067096081588835215,0.24154589371980675,,,,,,
32,44.64573268921095,37.47987117552335,0.9997316156736447,2.6167471819645733,2.757648953301127,11.097691894793345,0.15432098765432098,0.0067096081588835215,0.24154589371980675,,,,,,
33,44.545088566827694,37.446323134728935,0.9997316156736447,2.6167471819645733,2.844873859366613,11.144659151905529,0.15432098765432098,0.0067096081588835215,0.24154589371980675,,,,,,
34,43.31723027375201,38.06360708534621,0.9997316156736447,2.49597423510467,3.3413848631239937,11.104401502952227,0.30864197530864196,0.1274825550187869,0.24154589371980675,,,,,,
35,43.20987654320987,38.157541599570585,1.0064412238325282,2.49597423510467,3.3950617283950617,11.030595813204508,0.30864197530864196,0.1274825550187869,0.24154589371980675,0.026838432635534086,,,,,
36,42.84755770263017,38.41250670960816,1.0064412238325282,2.475845410628019,3.3279656468062266,9.863123993558776,1.6706924315619969,0.14761137949543746,0.2214170692431562,0.026838432635534086,,,,,
37,41.79414922168545,39.231078904991946,0.8856682769726248,2.475845410628019,3.3413848631239937,10.258990874932904,1.556629092860977,0.14761137949543746,0.2214170692431562,0.08722490606548577,,,,,
38,41.659957058507786,38.486312399355874,1.415727321524423,2.49597423510467,3.321256038647343,9.977187332259795,2.187332259796028,0.14761137949543746,0.2214170692431562,0.08722490606548577,,,,,
39,39.91545893719807,40.27777777777778,1.4358561460010735,2.254428341384863,3.2541599570585076,9.977187332259795,2.187332259796028,0.38915727321524424,0.2214170692431562,0.08722490606548577,,,,,
40,39.68733225979603,40.08990874932904,1.570048309178744,2.254428341384863,3.099838969404187,9.990606548577563,2.6033279656468062,0.38915727321524424,0.2281266774020397,0.08722490606548577,,,,,
41,38.687600644122384,40.405260332796566,1.5230810520665594,3.240740740740741,3.052871712292002,9.695383789586689,2.5831991411701556,0.49651100375738055,0.2281266774020397,0.08722490606548577,,,,,
42,37.74825550187869,41.0426731078905,1.5633387010198605,3.3480944712828773,3.1736446591519054,9.655126140633387,2.6167471819645733,0.46967257112184646,0.2952227589908749,0.08722490606548577,,,,,
43,37.21819645732689,41.45195920558239,1.5633387010198605,3.260869565217391,3.294417606011809,9.64170692431562,2.6167471819645733,0.5568974771873323,0.30864197530864196,0.08722490606548577,,,,,
44,35.225442834138484,41.666666666666664,1.5633387010198605,3.0059044551798175,3.5426731078904994,11.553945249597424,2.4825550187869028,0.5636070853462157,0.30864197530864196,0.08722490606548577,,,,,
45,35.20531400966183,41.59286097691895,1.5633387010198605,3.012614063338701,3.629898013955985,11.480139559849706,2.4825550187869028,0.5636070853462157,0.3824476650563607,0.08722490606548577,,,,,
46,29.045893719806763,48.52388620504563,1.3419216317767042,3.012614063338701,3.502415458937198,11.11111111111111,2.428878153515835,0.5636070853462157,0.3824476650563607,0.08722490606548577,,,,,
47,28.23403113258186,49.261943102522814,1.3217928073000538,3.0059044551798175,3.569511540526033,10.084541062801932,3.421900161030596,0.5703166935050993,0.4092860976918948,0.08722490606548577,0.03354804079441761,,,,
48,28.213902308105208,48.70504562533548,1.1540526033279657,5.844068706387547,3.488996242619431,8.76274825550188,2.7241009125067097,0.5703166935050993,0.4092860976918948,0.0939345142243693,0.03354804079441761,,,,
49,28.08641975308642,47.779119699409556,1.1473429951690821,6.837090713902308,3.515834675254965,8.729200214707461,2.7777777777777777,0.5837359098228664,0.41599570585077833,0.0939345142243693,0.03354804079441761,,,,
50,27.9723564143854,47.57783145464305,1.6035963499731616,6.608964036500268,3.7037037037037037,8.655394524959743,2.737520128824477,0.5837359098228664,0.4294149221685454,0.0939345142243693,0.03354804079441761,,,,
51,27.83816425120773,47.54428341384863,1.5901771336553945,6.629092860976919,3.8378958668813743,8.655394524959743,2.7241009125067097,0.5837359098228664,0.4294149221685454,0.12077294685990338,0.04696725711218465,,,,
52,27.84487385936661,47.436929683306495,1.5901771336553945,6.582125603864735,3.938539989264627,8.655394524959743,2.7241009125067097,0.630703166935051,0.4294149221685454,0.12077294685990338,0.04696725711218465,,,,
53,27.811325818572197,47.38325281803543,1.4358561460010735,6.749865807836822,3.978797638217928,8.641975308641975,2.7509393451422435,0.630703166935051,0.4495437466451959,0.12077294685990338,0.04696725711218465,,,,
54,27.70397208803006,47.34970477724101,1.415727321524423,6.971282877079979,4.0995705850778315,8.447396672034353,2.791196994095545,0.630703166935051,0.4227053140096618,0.12077294685990338,0.04696725711218465,,,,
55,27.603327965646805,47.155126140633385,1.4090177133655395,6.743156199677939,4.38137412775094,9.104938271604938,2.4557165861513686,0.6038647342995169,0.38915727321524424,0.10735373054213634,0.04696725711218465,,,,
56,27.30139559849705,47.296027911969944,1.4559849704777241,6.736446591519055,4.522275899087493,9.091519055287172,2.4221685453569513,0.6105743424584005,0.38915727321524424,0.1274825550187869,0.04696725711218465,,,,
57,25.751476113794954,46.303005904455176,1.0399892646269457,8.84326355340848,4.528985507246377,10.017444981213098,2.314814814814815,0.6374127750939346,0.38915727321524424,0.1274825550187869,0.04696725711218465,,,,
58,25.738056897477186,46.16881374127751,1.0399892646269457,8.970746108427267,4.562533548040794,9.923510466988727,2.395330112721417,0.6374127750939346,0.38915727321524424,0.1274825550187869,0.04696725711218465,,,,
59,24.704777241009126,44.524959742351044,1.0466988727858293,8.340042941492216,4.49543746645196,13.620504562533547,2.100107353730542,0.630703166935051,0.38915727321524424,0.10064412238325282,0.04696725711218465,,,,
60,24.510198604401502,44.31025228126678,1.0332796564680622,8.474235104669887,5.166398282340311,12.989801395598498,2.3483628556092326,0.630703166935051,0.38915727321524424,0.10064412238325282,0.04696725711218465,,,,
61,24.490069779924852,42.20343531937735,0.9930220075147611,8.319914117015566,4.998658078368224,15.499194847020934,2.281266774020397,0.6843800322061192,0.38915727321524424,0.0939345142243693,0.04696725711218465,,,,
62,24.4296833064949,42.09608158883521,1.0601180891035964,8.319914117015566,5.0993022007514766,15.445517981749866,2.281266774020397,0.6843800322061192,0.4428341384863124,0.0939345142243693,0.04696725711218465,,,,
63,24.4296833064949,42.069243156199676,1.0601180891035964,8.319914117015566,5.12614063338701,15.445517981749866,2.281266774020397,0.6843800322061192,0.4428341384863124,0.0939345142243693,0.04696725711218465,,,,
64,24.382716049382715,41.93505099302201,1.0601180891035964,8.259527643585615,5.280461621041331,15.445517981749866,2.281266774020397,0.7447665056360708,0.46296296296296297,0.0939345142243693,0.05367686527106817,,,,
65,24.355877616747183,41.86795491143317,1.093666129898014,8.259527643585615,5.280461621041331,15.505904455179817,2.281266774020397,0.7447665056360708,0.46296296296296297,0.0939345142243693,0.05367686527106817,,,,
66,24.134460547504027,39.32501341921632,0.9393451422436929,6.206387546967257,5.059044551798175,20.860171765968868,2.167203435319377,0.7648953301127214,0.4495437466451959,0.040257648953301126,0.05367686527106817,,,,
67,23.96672034353194,39.38539989264627,0.95276435856146,6.273483628556092,5.0791733762748255,20.813204508856682,2.167203435319377,0.7648953301127214,0.5032206119162641,0.040257648953301126,0.05367686527106817,,,,
68,23.926462694578635,39.26462694578637,0.95276435856146,6.776704240472356,5.01207729468599,20.819914117015568,1.8384326355340848,0.7045088566827697,0.5568974771873323,0.0939345142243693,0.05367686527106817,,,,
69,23.43666129898014,39.17740203972088,1.5365002683843263,6.454643048845948,5.0993022007514766,21.068169618894256,1.8115942028985508,0.6776704240472357,0.5904455179817498,0.0939345142243693,0.05367686527106817,,,,
70,23.43666129898014,39.07675791733763,1.5365002683843263,6.488191089640365,5.119431025228127,20.90042941492217,1.8585614600107354,0.6776704240472357,0.7581857219538379,0.0939345142243693,0.05367686527106817,,,,
71,23.007246376811594,38.97611379495437,1.5365002683843263,7.125603864734299,5.226784755770263,20.591787439613526,1.8585614600107354,0.6776704240472357,0.8521202361782072,0.0939345142243693,0.05367686527106817,,,,
72,22.873054213633925,39.02308105206656,1.4694041867954912,6.769994632313473,5.293880837359098,19.39747718733226,3.4957058507783145,0.644122383252818,0.8856682769726248,0.0939345142243693,0.05367686527106817,,,,
73,22.77241009125067,38.81508319914117,1.5163714439076759,6.769994632313473,5.394524959742351,19.384057971014492,3.5628019323671496,0.6843800322061192,0.95276435856146,0.0939345142243693,0.05367686527106817,,,,
74,20.860171765968868,42.552334943639295,1.415727321524423,6.541867954911433,5.3274288781535155,18.075684380032207,3.307836822329576,0.6843800322061192,1.0869565217391304,0.0939345142243693,0.05367686527106817,,,,
75,20.86688137412775,42.49194847020934,1.4492753623188406,6.561996779388084,5.3274288781535155,18.075684380032207,3.307836822329576,0.6843800322061192,1.0869565217391304,0.0939345142243693,0.05367686527106817,,,,
76,20.74610842726785,42.45840042941492,1.6371443907675791,6.521739130434782,5.280461621041331,18.075684380032207,3.33467525496511,0.7112184648416533,1.0869565217391304,0.0939345142243693,0.05367686527106817,,,,
77,20.014761137949545,43.07568438003221,1.6237251744498122,6.535158346752549,5.4549114331723025,18.00187869028449,3.307836822329576,0.7112184648416533,1.1272141706924315,0.0939345142243693,0.05367686527106817,,,,
78,19.96779388083736,42.92807300053677,1.6908212560386473,6.528448738593666,5.515297906602254,17.98845947396672,3.307836822329576,0.7514761137949544,1.1741814278046163,0.0939345142243693,0.05367686527106817,,,,
79,19.847020933977454,43.07568438003221,1.7176596886741815,6.501610305958132,5.501878690284487,17.867686527106816,3.2742887815351582,0.7648953301127214,1.3016639828234031,0.0939345142243693,0.05367686527106817,,,,
80,19.618894256575416,42.16317767042405,1.7042404723564144,7.682501341921632,5.407944176060118,18.04213633923779,3.2139023081052067,0.7648953301127214,1.2546967257112185,0.0939345142243693,0.05367686527106817,,,,
81,19.545088566827697,41.94176060118089,1.7042404723564144,7.682501341921632,5.481749865807837,18.283682232957595,3.2139023081052067,0.7313472893183038,1.2681159420289856,0.0939345142243693,0.05367686527106817,,,,
82,19.350509930220074,41.196994095544824,1.8183038110574343,8.393719806763285,5.562265163714439,18.364197530864196,3.1602254428341383,0.7313472893183038,1.2748255501878691,0.0939345142243693,0.05367686527106817,,,,
83,19.229736983360173,41.19028448738594,1.8384326355340848,8.353462157809984,5.5756843800322065,18.49838969404187,3.1602254428341383,0.7313472893183038,1.2748255501878691,0.0939345142243693,0.05367686527106817,,,,
84,16.834406870638755,45.50456253354804,1.751207729468599,8.333333333333334,5.119431025228127,16.72705314009662,3.643317230273752,0.6910896403650026,1.261406333870102,0.08051529790660225,0.05367686527106817,,,,
85,16.74718196457327,45.58507783145464,1.751207729468599,8.313204508856682,5.119431025228127,16.72705314009662,3.643317230273752,0.6910896403650026,1.2546967257112185,0.10735373054213634,0.06038647342995169,,,,
86,16.680085882984432,45.05501878690284,2.26784755770263,8.205850778314547,5.052334943639291,16.760601180891037,3.7372517444981215,0.7783145464304885,1.2546967257112185,0.14761137949543746,0.06038647342995169,,,,
87,16.09634997316157,45.511272141706925,2.717391304347826,8.205850778314547,5.0791733762748255,16.51905528717123,3.6500268384326353,0.7783145464304885,1.221148684916801,0.14761137949543746,0.07380568974771873,,,,
88,16.06280193236715,45.30327428878154,2.6972624798711755,8.232689210950081,5.253623188405797,16.431830381105744,3.6902844873859366,0.7783145464304885,1.3016639828234031,0.14761137949543746,0.10064412238325282,,,,
89,15.94873859366613,44.98792270531401,2.657004830917874,8.185721953837897,5.307300053676865,16.854535695115406,3.7775093934514223,0.7648953301127214,1.2546967257112185,0.14761137949543746,0.11406333870101985,,,,
90,15.955448201825014,44.83360171765969,2.5966183574879227,8.05823939881911,5.374396135265701,17.398013955984972,3.6634460547504024,0.6038647342995169,1.2546967257112185,0.14761137949543746,0.11406333870101985,,,,
91,15.982286634460548,44.37734836285561,2.5966183574879227,8.024691358024691,5.770263016639828,17.37788513150832,3.6634460547504024,0.6038647342995169,1.3352120236178207,0.14761137949543746,0.11406333870101985,0.0067096081588835215,,,
92,15.98899624261943,43.29710144927536,2.636876006441224,9.373322597960279,5.642780461621041,17.14975845410628,3.656736446591519,0.6038647342995169,1.3486312399355878,0.18115942028985507,0.11406333870101985,0.0067096081588835215,,,
93,15.868223295759528,43.21658615136876,2.844873859366613,9.29951690821256,5.709876543209877,16.867954911433173,3.7037037037037037,0.6374127750939346,1.5029522275899088,0.2147074610842727,0.1274825550187869,0.0067096081588835215,,,
94,15.713902308105206,42.961621041331185,2.8381642512077296,9.25925925925926,5.709876543209877,16.5727321524423,4.38137412775094,0.6709608158883521,1.5432098765432098,0.19457863660762212,0.14761137949543746,0.0067096081588835215,,,
95,15.237520128824476,43.907675791733766,2.7442297369833604,9.306226516371444,5.649490069779925,15.552871712292003,4.931561996779388,0.6709608158883521,1.6505636070853462,0.19457863660762212,0.14761137949543746,0.0067096081588835215,,,
96,14.720880300590446,44.31025228126678,2.757648953301127,9.232420826623725,5.897745571658615,15.526033279656469,4.85775630703167,0.6709608158883521,1.6774020397208802,0.19457863660762212,0.14761137949543746,0.0067096081588835215,,,
97,14.734299516908212,43.894256575415994,2.522812667740204,9.098228663446054,5.669618894256575,16.659957058507782,4.730273752012883,0.7112184648416533,1.6438539989264627,0.19457863660762212,0.13419216317767044,0.0067096081588835215,,,
98,14.720880300590446,43.646001073537306,2.509393451422437,9.037842190016104,5.931293612453032,16.639828234031132,4.74369296833065,0.7179280730005367,1.7042404723564144,0.19457863660762212,0.14761137949543746,0.0067096081588835215,,,
99,14.626945786366075,43.67954911433172,2.965646806226516,8.648684916800859,5.984970477724101,16.465378421900162,4.74369296833065,0.7783145464304885,1.7646269457863661,0.19457863660762212,0.14090177133655393,0.0067096081588835215,,,
100,14.65378421900161,43.53864734299517,3.1535158346752548,8.541331186258722,6.099033816425121,16.431830381105744,4.736983360171766,0.7783145464304885,1.751207729468599,0.16774020397208803,0.14090177133655393,0.0067096081588835215,,,
101,14.620236178207193,43.51180891035963,3.166935050993022,8.53462157809984,6.119162640901771,16.445249597423512,4.736983360171766,0.798443370907139,1.751207729468599,0.16774020397208803,0.14090177133655393,0.0067096081588835215,,,
102,14.586688137412775,43.27697262479871,3.2139023081052067,8.514492753623188,6.320450885668277,16.451959205582394,4.736983360171766,0.8185721953837896,1.7646269457863661,0.16774020397208803,0.14090177133655393,0.0067096081588835215,,,
103,14.553140096618357,43.08239398819109,2.952227589908749,8.420558239398819,6.488191089640365,16.33118625872249,5.273752012882448,0.8185721953837896,1.7646269457863661,0.16774020397208803,0.14090177133655393,0.0067096081588835215,,,
104,12.218196457326892,45.450885668276975,3.0394524959742353,8.246108427267847,6.474771873322598,16.022544283413847,5.548845947396672,0.9057971014492754,1.7579173376274826,0.16774020397208803,0.14090177133655393,0.0067096081588835215,0.020128824476650563,,
105,12.198067632850242,45.4374664519592,3.0394524959742353,8.219269994632313,6.461352657004831,16.009125067096083,5.615942028985507,0.9930220075147611,1.7444981213097155,0.14090177133655393,0.11406333870101985,0.0067096081588835215,0.020128824476650563,,
106,11.902844873859367,44.927536231884055,3.0394524959742353,8.172302737520129,6.488191089640365,17.196725711218466,5.280461621041331,0.9930220075147611,1.7176596886741815,0.14090177133655393,0.11406333870101985,0.0067096081588835215,0.020128824476650563,,
107,11.748523886205046,44.477992485238865,3.026033279656468,8.158883521202362,7.078636607622115,17.196725711218466,5.293880837359098,1.0064412238325282,1.7176596886741815,0.14090177133655393,0.1274825550187869,0.0067096081588835215,0.020128824476650563,,
108,11.728395061728396,44.38405797101449,3.079710144927536,8.185721953837897,7.112184648416532,17.196725711218466,5.293880837359098,1.0064412238325282,1.7176596886741815,0.14090177133655393,0.1274825550187869,0.0067096081588835215,0.020128824476650563,,
109,11.66129898013956,44.07541599570585,3.2139023081052067,8.185721953837897,7.320182501341922,17.14975845410628,5.374396135265701,1.0064412238325282,1.7176596886741815,0.14090177133655393,0.1274825550187869,0.0067096081588835215,0.020128824476650563,,
110,11.003757380568974,43.505099302200755,3.099838969404187,8.172302737520129,7.367149758454106,18.431293612453032,5.374396135265701,1.0064412238325282,1.7444981213097155,0.14090177133655393,0.1274825550187869,0.0067096081588835215,0.020128824476650563,,
111,10.976918947933441,43.45142243692968,3.079710144927536,8.172302737520129,7.467793880837359,18.431293612453032,5.387815351583468,1.0064412238325282,1.7042404723564144,0.16774020397208803,0.1274825550187869,0.0067096081588835215,0.020128824476650563,,
112,10.943370907139023,43.23000536768653,3.193773483628556,8.158883521202362,7.608695652173913,18.33064949006978,5.441492216854535,1.0198604401502953,1.724369296833065,0.19457863660762212,0.1274825550187869,0.0067096081588835215,0.020128824476650563,,
113,10.93666129898014,42.881105743424584,3.207192699946323,8.158883521202362,7.917337627482555,18.263553408480945,5.407944176060118,1.0198604401502953,1.7914653784219001,0.2616747181964573,0.1274825550187869,0.0067096081588835215,0.020128824476650563,,
114,10.86285560923242,42.78046162104133,3.193773483628556,8.293075684380032,8.051529790660226,18.183038110574344,5.381105743424584,1.0198604401502953,1.8048845947396672,0.2616747181964573,0.14090177133655393,0.0067096081588835215,0.020128824476650563,,
115,10.775630703166936,49.946323134728935,2.442297369833602,6.998121309715513,7.447665056360709,15.821256038647343,4.180085882984434,0.5971551261406334,1.4895330112721417,0.17444981213097155,0.10735373054213634,,0.020128824476650563,,
116,10.802469135802468,49.85909822866345,2.442297369833602,6.998121309715513,7.440955448201825,15.794417606011809,4.247181964573269,0.5971551261406334,1.4626945786366077,0.20128824476650564,0.13419216317767044,,0.020128824476650563,,
117,10.534084809447128,44.91411701556629,2.4355877616747184,6.998121309715513,7.300053676865271,21.20907139023081,4.193505099302201,0.5971551261406334,1.4626945786366077,0.20128824476650564,0.13419216317767044,,0.020128824476650563,,
118,10.560923242082662,44.598765432098766,2.5161030595813205,6.971282877079979,7.548309178743962,21.095008051529792,4.206924315619967,0.6239935587761675,1.5230810520665594,0.20128824476650564,0.13419216317767044,,0.020128824476650563,,
119,10.560923242082662,44.437734836285564,2.6167471819645733,6.971282877079979,7.628824476650563,21.068169618894256,4.213633923778851,0.6239935587761675,1.5230810520665594,0.20128824476650564,0.13419216317767044,,0.020128824476650563,,
120,10.57434245840043,44.38405797101449,2.6167471819645733,6.971282877079979,7.6623725174449815,21.034621578099838,4.213633923778851,0.6239935587761675,1.5633387010198605,0.20128824476650564,0.13419216317767044,,0.020128824476650563,,
121,10.547504025764896,43.53193773483628,2.5026838432635534,8.903650026838433,7.595276435856146,19.732957595276435,4.871175523349437,0.4830917874396135,1.5633387010198605,0.16774020397208803,0.08051529790660225,,0.020128824476650563,,
122,10.560923242082662,43.022007514761135,2.5295222758990876,8.789586688137414,8.32662372517445,19.585346215780998,4.871175523349437,0.4830917874396135,1.5633387010198605,0.16774020397208803,0.08051529790660225,,0.020128824476650563,,
123,10.507246376811594,42.82742887815352,2.563070316693505,8.76274825550188,8.541331186258722,19.618894256575416,4.85775630703167,0.4830917874396135,1.570048309178744,0.16774020397208803,0.08051529790660225,,0.020128824476650563,,
124,10.534084809447128,41.5727321524423,3.717122920021471,8.76274825550188,8.675523349436393,19.49812130971551,4.851046698872786,0.4830917874396135,1.6371443907675791,0.16774020397208803,0.08051529790660225,,0.020128824476650563,,
125,10.527375201288244,41.41170155662909,3.717122920021471,8.836553945249598,8.836553945249598,19.49141170155663,4.87788513150832,0.39586688137412773,1.6371443907675791,0.16774020397208803,0.08051529790660225,,0.020128824476650563,,
126,10.446859903381643,41.50563607085346,3.743961352657005,8.816425120772946,8.836553945249598,19.444444444444443,4.87788513150832,0.39586688137412773,1.6639828234031133,0.16774020397208803,0.08051529790660225,,0.020128824476650563,,
127,10.44015029522276,41.02254428341385,3.7573805689747717,8.809715512614064,9.286097691894794,19.35721953837896,4.790660225442834,0.4495437466451959,1.8183038110574343,0.16774020397208803,0.08051529790660225,,0.020128824476650563,,
128,10.00402576489533,40.13016639828234,3.7775093934514223,9.789318303811058,9.447128287707997,19.370638754696724,4.770531400966184,0.4830917874396135,1.9592055823939882,0.16774020397208803,0.08051529790660225,,0.020128824476650563,,
129,9.88996242619431,39.76784755770263,3.8580246913580245,9.789318303811058,9.923510466988727,19.330381105743424,4.696725711218465,0.4830917874396135,1.9860440150295222,0.17444981213097155,0.08051529790660225,,0.020128824476650563,,
130,9.903381642512077,39.47933440687064,3.864734299516908,9.77589908749329,10.050993022007514,19.370638754696724,4.797369833601718,0.49651100375738055,1.9860440150295222,0.17444981213097155,0.08051529790660225,,0.020128824476650563,,
131,9.863123993558776,39.26462694578637,3.9318303811057436,9.769189479334408,10.064412238325282,18.88083735909823,4.958400429414922,0.49651100375738055,2.4557165861513686,0.1878690284487386,0.10735373054213634,,0.020128824476650563,,
132,9.930220075147611,39.210950080515296,3.9855072463768115,9.762479871175524,10.077831454643048,18.780193236714975,4.978529253891573,0.49651100375738055,2.4355877616747184,0.2147074610842727,0.10735373054213634,,0.020128824476650563,,
133,9.88996242619431,38.506441223832525,3.9855072463768115,9.762479871175524,10.138217928073,18.45813204508857,5.931293612453032,0.49651100375738055,2.475845410628019,0.2281266774020397,0.10735373054213634,,0.020128824476650563,,
134,9.849704777241008,38.466183574879224,4.045893719806763,9.742351046698873,10.158346752549651,18.38432635534085,5.931293612453032,0.48980139559849706,2.576489533011272,0.2281266774020397,0.10735373054213634,,0.020128824476650563,,
135,9.836285560923242,38.446054750402574,4.918142780461621,9.75577026301664,10.225442834138486,17.726784755770264,5.756843800322061,0.5032206119162641,2.475845410628019,0.2281266774020397,0.10735373054213634,,0.020128824476650563,,
136,9.876543209876543,38.157541599570585,4.904723564143854,9.688674181427805,10.446859903381643,17.733494363929147,5.790391841116479,0.5703166935050993,2.475845410628019,0.2281266774020397,0.10735373054213634,,0.020128824476650563,,
137,9.876543209876543,38.06360708534621,4.938271604938271,9.688674181427805,10.46027911969941,17.619431025228128,5.756843800322061,0.5703166935050993,2.6704240472356413,0.2281266774020397,0.10735373054213634,,0.020128824476650563,,
138,9.863123993558776,37.64090177133655,4.64975845410628,9.433709071390231,10.768921095008052,19.310252281266774,5.213365539452496,0.6709608158883521,2.120236178207193,0.20128824476650564,0.10735373054213634,,0.020128824476650563,,
139,9.863123993558776,37.57380568974772,4.7638217928073,9.353193773483628,10.82259796027912,19.276704240472355,5.193236714975845,0.6709608158883521,2.1403650026838434,0.2147074610842727,0.10735373054213634,,0.020128824476650563,,
140,9.856414385399892,37.513419216317764,4.790660225442834,9.198872785829307,10.836017176596886,19.26328502415459,5.159688674181428,0.6910896403650026,2.314814814814815,0.24825550187869028,0.10735373054213634,,0.020128824476650563,,
141,9.876543209876543,37.31213097155126,4.938271604938271,9.198872785829307,10.762211486849168,19.162640901771336,5.253623188405797,0.6910896403650026,2.428878153515835,0.24825550187869028,0.10735373054213634,,0.020128824476650563,,
142,9.842995169082126,37.19806763285024,5.018786902844874,9.232420826623725,10.748792270531402,19.162640901771336,5.253623188405797,0.7045088566827697,2.4490069779924855,0.24825550187869028,0.12077294685990338,,0.020128824476650563,,
143,9.849704777241008,36.58749329039184,4.978529253891573,9.232420826623725,11.325818572195384,19.162640901771336,5.24020397208803,0.7380568974771873,2.4490069779924855,0.24825550187869028,0.16774020397208803,,0.020128824476650563,,
144,9.762479871175524,36.540526033279654,5.025496511003757,9.648416532474503,11.292270531400966,18.914385399892645,5.24020397208803,0.7380568974771873,2.4020397208803006,0.24825550187869028,0.16774020397208803,,0.020128824476650563,,
145,9.722222222222221,36.43317230273752,5.025496511003757,9.648416532474503,11.480139559849706,18.766774020397207,5.24020397208803,0.7380568974771873,2.509393451422437,0.24825550187869028,0.16774020397208803,,0.020128824476650563,,
146,9.702093397745571,36.38620504562534,5.045625335480408,9.601449275362318,11.43317230273752,18.753354804079443,5.347557702630167,0.7648953301127214,2.509393451422437,0.2683843263553409,0.16774020397208803,,0.020128824476650563,,
147,9.66183574879227,34.333064949006975,5.032206119162641,12.399355877616747,11.023886205045626,18.753354804079443,5.307300053676865,0.6642512077294686,2.3886205045625335,0.2683843263553409,0.16774020397208803,,,,
148,9.574610842726784,34.252549651100374,5.052334943639291,13.130703166935051,11.084272678475577,18.075684380032207,5.475040257648954,0.6642512077294686,2.24771873322598,0.27509393451422437,0.16774020397208803,,,,
149,9.54777241009125,34.17874396135266,5.052334943639291,13.103864734299517,10.976918947933441,18.06897477187332,5.501878690284487,0.6642512077294686,2.38191089640365,0.3488996242619431,0.16774020397208803,,0.0067096081588835215,,
150,9.520933977455716,34.11835748792271,5.052334943639291,12.989801395598498,11.131239935587761,18.075684380032207,5.501878690284487,0.6843800322061192,2.4020397208803006,0.3488996242619431,0.16774020397208803,,0.0067096081588835215,,
151,9.500805152979066,33.89023081052066,5.186527106816962,12.983091787439614,11.292270531400966,18.035426731078903,5.501878690284487,0.6843800322061192,2.4020397208803006,0.3488996242619431,0.16774020397208803,,0.0067096081588835215,,
152,9.420289855072463,33.8365539452496,5.22007514761138,12.889157273215245,11.439881910896403,17.907944176060116,5.528717122920021,0.7917337627482555,2.4020397208803006,0.38915727321524424,0.16774020397208803,,0.0067096081588835215,,
153,9.420289855072463,33.74932903918411,5.253623188405797,12.882447665056361,11.466720343531938,17.8743961352657,5.636070853462158,0.7648953301127214,2.3886205045625335,0.38915727321524424,0.16774020397208803,,0.0067096081588835215,,
154,9.111647879763822,33.25281803542673,5.226784755770263,12.560386473429952,11.325818572195384,19.404186795491142,5.414653784219001,0.7447665056360708,2.38191089640365,0.38915727321524424,0.1878690284487386,,,,
155,9.01100375738057,32.55501878690284,5.186527106816962,12.560386473429952,11.312399355877616,19.350509930220074,6.233225979602791,0.7447665056360708,2.428878153515835,0.3824476650563607,0.23483628556092323,,,,
156,8.588298443370908,32.88378958668814,5.186527106816962,12.204777241009126,11.379495437466453,19.343800322061192,6.582125603864735,0.7447665056360708,2.462426194310252,0.38915727321524424,0.23483628556092323,,,,
157,8.420558239398819,32.80327428878154,5.2066559312936125,12.077294685990339,11.520397208803006,19.310252281266774,6.622383252818035,0.8923778851315083,2.4825550187869028,0.38915727321524424,0.27509393451422437,,,,
158,8.360171765968868,32.72275899087493,5.2066559312936125,12.070585077831455,11.56736446591519,19.390767579173378,6.622383252818035,0.8990874932903918,2.49597423510467,0.38915727321524424,0.27509393451422437,,,,
159,8.299785292538916,32.56172839506173,5.46833064949007,12.02361782071927,11.668008588298443,19.236446591519055,6.622383252818035,0.9796027911969941,2.49597423510467,0.38915727321524424,0.2549651100375738,,,,
160,8.3467525496511,32.30005367686527,5.522007514761138,12.010198604401502,11.876006441223833,19.202898550724637,6.615673644659152,0.9930220075147611,2.4892646269457863,0.38915727321524424,0.2549651100375738,,,,
161,8.333333333333334,32.31347289318304,5.488459473966721,11.996779388083736,11.929683306494901,19.176060118089104,6.649221685453569,0.9930220075147611,2.475845410628019,0.38915727321524424,0.2549651100375738,,,,
162,8.333333333333334,32.018250134192165,5.756843800322061,12.06387546967257,11.869296833064949,19.129092860976918,6.535158346752549,0.9930220075147611,2.657004830917874,0.38915727321524424,0.2549651100375738,,,,
163,8.319914117015566,31.447933440687063,5.723295759527644,12.084004294149223,11.460010735373054,19.129092860976918,7.843531937734836,0.9930220075147611,2.3550724637681157,0.38915727321524424,0.2549651100375738,,,,
164,8.252818035426731,31.28690284487386,5.736714975845411,12.04374664519592,11.654589371980677,19.07541599570585,7.843531937734836,1.0332796564680622,2.428878153515835,0.38915727321524424,0.2549651100375738,,,,
165,8.252818035426731,31.226516371443907,5.850778314546431,12.00348899624262,11.627750939345143,18.98148148148148,7.816693505099302,1.0735373054213635,2.49597423510467,0.41599570585077833,0.2549651100375738,,,,
166,7.950885668276973,30.703166935050994,5.810520665593129,11.936392914653783,11.83574879227053,19.880568974771872,7.716049382716049,1.0735373054213635,2.462426194310252,0.3757380568974772,0.2549651100375738,,,,
167,7.9039184111647875,30.656199677938808,5.803811057434245,11.922973698336017,11.963231347289318,19.82018250134192,7.702630166398282,1.0601180891035964,2.5496511003757383,0.35560923242082665,0.2616747181964573,,,,
168,7.890499194847021,30.636070853462158,5.8172302737520125,11.916264090177133,11.943102522812667,19.82018250134192,7.689210950080516,1.0601180891035964,2.5831991411701556,0.3824476650563607,0.2616747181964573,,,,
169,7.87037037037037,30.54884594739667,5.810520665593129,11.708266237251744,12.412775093934513,19.679280730005367,7.615405260332796,1.0601180891035964,2.623456790123457,0.4092860976918948,0.2616747181964573,,,,
170,7.85024154589372,30.52871712292002,5.850778314546431,11.708266237251744,12.412775093934513,19.665861513687602,7.615405260332796,1.0601180891035964,2.61003757380569,0.43612453032742887,0.2616747181964573,,,,
171,7.877079978529254,30.273752012882447,6.072195383789587,11.674718196457327,12.466451959205582,19.598765432098766,7.5281803542673105,1.133923778851315,2.677133655394525,0.43612453032742887,0.2616747181964573,,,,
172,7.9039184111647875,30.226784755770264,6.072195383789587,11.681427804616211,12.526838432635534,19.565217391304348,7.5281803542673105,1.1205045625335481,2.677133655394525,0.43612453032742887,0.2616747181964573,,,,
173,7.937466451959206,30.226784755770264,6.0654857756307035,11.66129898013956,12.600644122383253,19.49141170155663,7.541599570585078,1.1205045625335481,2.6637144390767578,0.43612453032742887,0.2549651100375738,,,,
174,7.971014492753623,30.17981749865808,6.052066559312936,11.721685453569512,12.607353730542137,19.39747718733226,7.548309178743962,1.133923778851315,2.6972624798711755,0.43612453032742887,0.2549651100375738,,,,
175,7.991143317230274,30.038915727321523,6.072195383789587,11.748523886205046,12.681159420289855,19.37734836285561,7.548309178743962,1.1674718196457328,2.6838432635534084,0.43612453032742887,0.2549651100375738,,,,
176,7.997852925389157,30.005367686527105,6.031937734836285,11.735104669887278,13.097155126140633,19.0955448201825,7.5281803542673105,1.1808910359634996,2.6167471819645733,0.4562533548040794,0.2549651100375738,,,,
177,7.96430488459474,29.562533548040793,6.0654857756307035,11.674718196457327,13.573537305421363,19.122383252818036,7.494632313472893,1.2144390767579174,2.6167471819645733,0.4562533548040794,0.2549651100375738,,,,
178,7.87037037037037,29.57595276435856,6.219806763285024,11.822329575952764,13.539989264626946,18.894256575415994,7.5348899624261945,1.2144390767579174,2.6033279656468062,0.4562533548040794,0.2549651100375738,,0.013419216317767043,,
179,7.809983896940419,29.54911433172303,6.219806763285024,11.81561996779388,13.58695652173913,18.887546967257112,7.5348899624261945,1.2345679012345678,2.636876006441224,0.4562533548040794,0.2549651100375738,,0.013419216317767043,,
180,7.843531937734836,29.508856682769725,6.273483628556092,11.81561996779388,13.553408480944713,18.739935587761675,7.494632313472893,1.2077294685990339,2.7979066022544283,0.49651100375738055,0.2549651100375738,,0.013419216317767043,,
181,7.856951154052603,29.341116478797638,6.333870101986044,11.849168008588299,13.580246913580247,18.612453032742888,7.481213097155126,1.2077294685990339,2.9388083735909825,0.49651100375738055,0.2885131508319914,,0.013419216317767043,,
182,7.843531937734836,28.77079978529254,6.199677938808374,11.11111111111111,12.889157273215245,20.699141170155663,7.434245840042942,1.2077294685990339,2.9924852388620504,0.5501878690284487,0.2885131508319914,,0.013419216317767043,,
183,7.749597423510467,28.710413311862588,6.219806763285024,11.11111111111111,12.86231884057971,21.276167471819647,7.051798174986581,1.2077294685990339,3.026033279656468,0.4830917874396135,0.2885131508319914,,0.013419216317767043,,
184,7.749597423510467,28.5426731078905,6.139291465378422,11.05072463768116,12.795222758990874,21.07487922705314,7.387278582930757,1.2144390767579174,3.2474503488996245,0.4830917874396135,0.30193236714975846,,0.013419216317767043,,
185,7.763016639828234,28.515834675254965,6.139291465378422,10.88298443370907,12.701288244766506,21.088298443370906,7.62211486849168,1.221148684916801,3.2474503488996245,0.4830917874396135,0.322061191626409,,0.013419216317767043,,
186,5.6964573268921095,46.14868491680086,4.830917874396135,4.864465915190553,10.124798711755233,17.85426731078905,6.0654857756307035,0.7648953301127214,2.8918411164787976,0.43612453032742887,0.30864197530864196,,0.013419216317767043,,
187,5.636070853462158,44.96779388083736,4.944981213097155,4.817498658078368,11.057434245840042,18.06897477187332,6.072195383789587,0.7648953301127214,2.9119699409554483,0.43612453032742887,0.30864197530864196,,0.013419216317767043,,
188,5.669618894256575,43.84057971014493,4.944981213097155,4.804079441760601,12.157809983896941,18.04213633923779,6.078904991948471,0.7648953301127214,2.965646806226516,0.4092860976918948,0.30864197530864196,,0.013419216317767043,,
189,5.649490069779925,43.71309715512614,4.898013955984971,4.468599033816425,12.177938808373591,18.699677938808374,6.031937734836285,0.6172839506172839,3.012614063338701,0.4092860976918948,0.30864197530864196,,0.013419216317767043,,
190,5.649490069779925,43.59903381642512,4.898013955984971,4.435050993022007,12.29200214707461,18.572195383789587,5.958132045088567,0.6508319914117016,3.1468062265163717,0.47638217928073,0.30864197530864196,,0.013419216317767043,,
