,45,50,51,53,52,55,54,56,57
0,96.77938808373591,3.2206119162640903,,,,,,,
1,96.77938808373591,3.2206119162640903,,,,,,,
2,96.77938808373591,3.2206119162640903,,,,,,,
3,96.77938808373591,3.2206119162640903,,,,,,,
4,92.9951690821256,7.004830917874396,,,,,,,
5,87.36580783682233,12.634192163177671,,,,,,,
6,82.76301663982824,17.236983360171767,,,,,,,
7,82.85695115405261,17.143048845947398,,,,,,,
8,79.9718196457327,20.02818035426731,,,,,,,
9,78.44202898550725,21.557971014492754,,,,,,,
10,78.52925389157274,21.470746108427267,,,,,,,
11,78.68357487922705,21.316425120772948,,,,,,,
12,78.69699409554482,21.30300590445518,,,,,,,
13,78.69699409554482,21.30300590445518,,,,,,,
14,76.7109500805153,23.289049919484704,,,,,,,
15,76.77804616210413,23.221953837895867,,,,,,,
16,74.89264626945787,25.107353730542137,,,,,,,
17,70.276435856146,29.723564143854,,,,,,,
18,68.25684380032206,31.743156199677937,,,,,,,
19,68.27026301663983,31.729736983360173,,,,,,,
20,68.37761674718196,31.622383252818036,,,,,,,
21,65.31803542673107,34.68196457326892,,,,,,,
22,63.67418142780462,35.11137949543747,1.2144390767579174,,,,,,
23,60.057702630166396,39.31830381105743,0.6239935587761675,,,,,,
24,60.198604401502955,39.17740203972088,0.6239935587761675,,,,,,
25,58.53462157809984,40.84138486312399,0.6239935587761675,,,,,,
26,50.66425120772947,48.711755233494365,0.6239935587761675,,,,,,
27,50.82528180354267,48.55072463768116,0.6239935587761675,,,,,,
28,50.77831454643049,44.04186795491143,0.6239935587761675,4.555823939881911,,,,,
29,49.241814278046164,43.022007514761135,1.9860440150295222,4.528985507246377,1.221148684916801,,,,
30,44.0955448201825,48.95330112721417,1.2546967257112185,4.502147074610843,1.1943102522812667,,,,
31,43.74664519592056,46.584809447128286,1.2546967257112185,4.394793344068707,4.019055287171229,,,,
32,44.04857756307032,46.363392377885134,1.2546967257112185,4.341116478797638,3.992216854535695,,,,
33,42.29736983360172,47.36312399355877,1.2278582930756843,4.341116478797638,4.542404723564144,0.2281266774020397,,,
34,40.284487385936664,49.503488996242616,1.2278582930756843,4.240472356414386,4.51556629092861,0.2281266774020397,,,
35,40.37842190016103,46.61164787976382,1.2278582930756843,3.535963499731616,7.823403113258186,0.4227053140096618,,,
36,40.24422973698336,44.69940955448202,3.0730005367686526,3.502415458937198,7.809983896940419,0.6709608158883521,,,
37,40.41867954911433,44.524959742351044,3.0730005367686526,3.502415458937198,7.809983896940419,0.6709608158883521,,,
38,36.540526033279654,49.90606548577563,3.0730005367686526,3.502415458937198,6.501610305958132,0.47638217928073,,,
39,36.761943102522814,49.69806763285024,3.0730005367686526,3.502415458937198,6.488191089640365,0.47638217928073,,,
40,34.74906065485776,49.946323134728935,3.046162104133119,3.2541599570585076,7.226247987117552,0.47638217928073,1.3016639828234031,,
41,34.98389694041868,49.7987117552335,2.9723564143853998,3.2541599570585076,7.212828770799785,0.47638217928073,1.3016639828234031,,
42,31.910896403650028,49.73161567364466,12.989801395598498,1.4761137949543746,3.5829307568438002,0.24825550187869028,0.06038647342995169,,
43,30.770263016639827,39.452495974235106,14.97584541062802,0.5837359098228664,12.822061191626409,1.2949543746645196,,0.10064412238325282,
44,30.951422436929683,39.331723027375205,14.935587761674718,0.5837359098228664,12.822061191626409,1.2748255501878691,,0.10064412238325282,
45,31.300322061191626,39.231078904991946,13.6808910359635,0.5837359098228664,12.446323134728932,1.261406333870102,,1.4962426194310252,
46,28.965378421900162,40.25093934514224,14.11701556629093,0.5837359098228664,13.325281803542673,1.261406333870102,,1.4962426194310252,
47,29.106280193236714,40.09661835748792,14.090177133655395,0.6508319914117016,13.311862587224907,1.261406333870102,,1.482823403113258,
48,29.032474503488995,39.28475577026302,13.989533011272142,0.6508319914117016,14.318303811057435,1.261406333870102,,1.4626945786366077,
49,28.401771336553946,40.01610305958132,13.94927536231884,0.6508319914117016,14.257917337627482,1.261406333870102,,1.4626945786366077,
50,27.415458937198068,38.26489533011272,17.62614063338701,0.6508319914117016,13.358829844337091,1.247987117552335,,1.4358561460010735,
51,27.61003757380569,38.1508319914117,17.59259259259259,0.6508319914117016,13.311862587224907,1.247987117552335,,1.4358561460010735,
52,28.173644659151904,37.69457863660762,17.538915727321523,0.6508319914117016,13.258185721953838,1.247987117552335,,1.4358561460010735,
53,28.435319377348364,36.3996242619431,18.90096618357488,0.6508319914117016,13.150831991411701,1.0265700483091786,,1.4358561460010735,
54,28.576221148684915,36.32581857219538,18.853998926462694,0.6508319914117016,13.130703166935051,1.0265700483091786,,1.4358561460010735,
55,28.33467525496511,36.61433172302738,18.84728931830381,0.644122383252818,13.097155126140633,1.0265700483091786,,1.4358561460010735,
56,28.5829307568438,36.37278582930757,18.61916264090177,0.630703166935051,13.211218464841654,1.0265700483091786,0.12077294685990338,1.4358561460010735,
57,27.167203435319376,37.88915727321525,18.4447128287708,0.630703166935051,13.197799248523886,1.1137949543746646,0.12077294685990338,1.4358561460010735,
58,27.26784755770263,35.93666129898014,20.8870101986044,0.630703166935051,12.607353730542137,1.1137949543746646,0.12077294685990338,1.4358561460010735,
59,27.455716586151368,35.809178743961354,20.75281803542673,0.630703166935051,12.70799785292539,1.1003757380568975,0.12077294685990338,1.4224369296833066,
60,27.79790660225443,35.79575952764358,20.645464304884594,0.630703166935051,12.486580783682234,1.1003757380568975,0.12077294685990338,1.4224369296833066,
61,24.812130971551262,42.330917874396135,18.988191089640367,0.630703166935051,11.3191089640365,0.49651100375738055,,1.4224369296833066,
62,24.671229200214707,42.54562533548041,18.9345142243693,0.630703166935051,11.29898013955985,0.49651100375738055,,1.4224369296833066,
63,24.832259796027913,42.23698336017176,18.840579710144926,0.8185721953837896,11.258722490606548,0.5904455179817498,,1.4224369296833066,
64,25.046967257112186,42.05582393988191,18.659420289855074,0.8185721953837896,11.258722490606548,0.5904455179817498,,1.570048309178744,
65,24.214975845410628,38.405797101449274,21.470746108427267,2.0933977455716586,11.52710681696189,0.5770263016639828,0.14090177133655393,1.570048309178744,
66,22.611379495437465,40.063070316693505,21.4170692431562,2.0933977455716586,11.52710681696189,0.5770263016639828,0.14090177133655393,1.570048309178744,
67,22.859634997316157,38.35212023617821,21.349973161567366,2.0933977455716586,11.513687600644122,2.120236178207193,0.14090177133655393,1.570048309178744,
68,23.007246376811594,38.2313472893183,21.30300590445518,2.0933977455716586,11.352657004830919,2.0933977455716586,0.14090177133655393,1.778046162104133,
69,23.2085346215781,37.98309178743961,21.20907139023081,2.2410091250670963,11.352657004830919,2.086688137412775,0.14090177133655393,1.778046162104133,
70,23.597691894793343,37.78180354267311,21.068169618894256,2.2410091250670963,11.325818572195384,2.086688137412775,0.14090177133655393,1.7579173376274826,
71,23.79898013955985,37.65432098765432,20.954106280193237,2.227589908749329,11.325818572195384,2.167203435319377,0.14090177133655393,1.7310789049919484,
72,24.208266237251745,37.36580783682233,20.8467525496511,2.227589908749329,11.325818572195384,2.15378421900161,0.14090177133655393,1.7310789049919484,
73,24.228395061728396,37.4194847020934,20.799785292538918,2.227589908749329,11.305689747718732,2.147074610842727,0.14090177133655393,1.7310789049919484,
74,24.228395061728396,36.64117015566291,21.74584004294149,2.1739130434782608,11.198336017176597,2.147074610842727,0.13419216317767044,1.7310789049919484,
75,24.48336017176597,36.48684916800859,21.658615136876005,2.1739130434782608,11.18491680085883,2.147074610842727,0.13419216317767044,1.7310789049919484,
76,24.838969404186795,36.18491680085883,21.604938271604937,2.1739130434782608,11.18491680085883,2.147074610842727,0.13419216317767044,1.7310789049919484,
77,24.282071926999464,35.75550187869028,22.517444981213096,2.147074610842727,11.151368760064413,2.281266774020397,0.13419216317767044,1.7310789049919484,
78,24.490069779924852,34.977187332259795,22.517444981213096,2.8247450348899625,11.044015029522276,2.281266774020397,0.13419216317767044,1.7310789049919484,
79,24.62426194310252,34.80273752012882,22.15512614063339,2.6301663982823404,11.694847020933977,2.2611379495437465,0.13419216317767044,1.6975308641975309,
80,24.879227053140095,34.634997316156735,21.83977455716586,2.6301663982823404,11.60762211486849,2.2611379495437465,0.4495437466451959,1.6975308641975309,
81,25.067096081588836,34.56119162640902,21.73913043478261,2.6301663982823404,11.594202898550725,2.2611379495437465,0.4495437466451959,1.6975308641975309,
82,25.335480407944175,34.44041867954911,20.551529790660226,2.6301663982823404,12.614063338701019,2.200751476113795,0.5568974771873323,1.6706924315619969,
83,25.5300590445518,34.366612989801396,20.471014492753625,2.6301663982823404,12.587224906065487,2.187332259796028,0.5568974771873323,1.6706924315619969,
84,25.81857219538379,34.20558239398819,20.397208803005906,2.6301663982823404,12.573805689747719,2.147074610842727,0.5568974771873323,1.6706924315619969,
85,25.925925925925927,34.306226516371446,20.30998389694042,2.6301663982823404,12.506709608158884,2.147074610842727,0.5568974771873323,1.6170155662909287,
86,25.89237788513151,33.1454643048846,20.1959205582394,2.6301663982823404,12.47987117552335,3.4822866344605474,0.5568974771873323,1.6170155662909287,
87,26.1808910359635,33.04482018250134,20.169082125603865,2.5697799248523885,12.392646269457863,3.4688674181427803,0.5568974771873323,1.6170155662909287,
88,26.41572732152442,32.91733762748255,20.162372517444982,2.522812667740204,12.379227053140097,3.4286097691894795,0.5568974771873323,1.6170155662909287,
89,25.301932367149757,31.608964036500268,24.268652710681696,2.522812667740204,11.18491680085883,2.61003757380569,0.5568974771873323,1.9457863660762211,
90,25.503220611916262,31.48148148148148,24.248523886205046,2.522812667740204,11.131239935587761,2.61003757380569,0.5568974771873323,1.9457863660762211,
91,25.87895866881374,31.32716049382716,24.02710681696189,2.522812667740204,11.131239935587761,2.61003757380569,0.5568974771873323,1.9457863660762211,
92,25.885668276972623,30.931293612453032,24.537037037037038,2.522812667740204,11.010466988727858,2.61003757380569,0.5568974771873323,1.9457863660762211,
93,25.167740203972087,29.468599033816425,29.086151368760063,2.522812667740204,10.976918947933441,1.778046162104133,0.5568974771873323,0.4428341384863124,
94,25.194578636607623,29.03918411164788,29.30756843800322,2.4020397208803006,10.950080515297907,1.7646269457863661,0.5568974771873323,0.785024154589372,
95,25.335480407944175,28.958668813741276,29.30756843800322,2.3617820719269993,10.929951690821255,1.7646269457863661,0.5568974771873323,0.785024154589372,
96,25.509930220075148,28.904991948470208,29.186795491143318,2.3617820719269993,10.929951690821255,1.7646269457863661,0.5568974771873323,0.785024154589372,
97,25.523349436392916,28.81105743424584,27.70397208803006,4.74369296833065,10.426731078904991,1.7646269457863661,0.322061191626409,0.7045088566827697,
98,25.825281803542673,28.5426731078905,27.596618357487923,4.696725711218465,10.406602254428341,1.90552871712292,0.322061191626409,0.7045088566827697,
99,26.053408480944714,28.37493290391841,27.509393451422437,4.770531400966184,10.359634997316157,1.90552871712292,0.322061191626409,0.7045088566827697,
100,26.33521202361782,28.247450348899623,27.388620504562535,4.7638217928073,10.339506172839506,1.8988191089640365,0.322061191626409,0.7045088566827697,
101,26.690821256038646,28.12667740203972,27.126945786366075,4.830917874396135,10.299248523886206,1.8988191089640365,0.322061191626409,0.7045088566827697,
102,26.858561460010737,27.49597423510467,27.616747181964573,4.804079441760601,10.299248523886206,1.8988191089640365,0.322061191626409,0.7045088566827697,
103,27.140365002683843,27.449006977992486,27.536231884057973,4.777241009125067,10.171765968867419,1.8988191089640365,0.322061191626409,0.7045088566827697,
104,27.428878153515836,27.361782071927,27.4422973698336,4.74369296833065,10.124798711755233,1.8988191089640365,0.322061191626409,0.6776704240472357,
105,27.750939345142243,27.274557165861513,27.314814814814813,4.690016103059581,10.071121846484166,1.8988191089640365,0.322061191626409,0.6776704240472357,
106,27.80461621041331,26.8317230273752,27.18733225979603,5.475040257648954,9.816156736446592,1.8853998926462694,0.322061191626409,0.6776704240472357,
107,24.10762211486849,37.473161567364464,23.79898013955985,3.2340311325818574,8.816425120772946,1.751207729468599,0.322061191626409,0.49651100375738055,
108,24.268652710681696,37.27858293075684,23.778851315083198,3.2004830917874396,8.809715512614064,1.7042404723564144,0.46296296296296297,0.49651100375738055,
109,24.516908212560388,37.07058507783145,23.765432098765434,3.2004830917874396,8.78287707997853,1.7042404723564144,0.46296296296296297,0.49651100375738055,
110,24.61755233494364,36.983360171765966,23.79898013955985,3.2004830917874396,8.76274825550188,1.6774020397208802,0.46296296296296297,0.49651100375738055,
111,24.288781535158346,36.574074074074076,23.19511540526033,4.582662372517445,8.722490606548577,1.6774020397208802,0.46296296296296297,0.49651100375738055,
112,24.12775093934514,35.487117552334944,23.34272678475577,4.562533548040794,9.842995169082126,1.6774020397208802,0.46296296296296297,0.49651100375738055,
113,23.235373054213635,35.621309715512616,21.07487922705314,4.528985507246377,12.97638217928073,1.9189479334406871,0.46296296296296297,0.18115942028985507,
114,23.577563070316693,35.35963499731616,20.055018786902846,4.508856682769726,12.889157273215245,1.9189479334406871,1.5096618357487923,0.18115942028985507,
115,23.68491680085883,35.265700483091784,20.055018786902846,4.508856682769726,12.875738056897477,1.9189479334406871,1.5096618357487923,0.18115942028985507,
116,23.946591519055286,35.198604401502955,19.940955448201827,4.4820182501341925,12.848899624261943,1.892109500805153,1.5096618357487923,0.18115942028985507,
117,22.973698336017176,34.15190552871712,22.98040794417606,4.4820182501341925,11.829039184111648,1.892109500805153,1.5096618357487923,0.18115942028985507,
118,22.38996242619431,33.93048845947396,25.764895330112722,4.455179817498658,10.144927536231885,1.6505636070853462,1.482823403113258,0.18115942028985507,
119,22.33628556092324,33.76945786366076,25.355609232420825,4.455179817498658,10.775630703166936,1.6505636070853462,1.4761137949543746,0.18115942028985507,
120,21.470746108427267,31.910896403650028,28.401771336553946,4.300858829844337,10.641438539989265,1.6505636070853462,1.442565754159957,0.18115942028985507,
121,21.235909822866343,31.246645195920557,28.27428878153516,4.2203435319377345,10.628019323671497,2.3483628556092326,1.8719806763285025,0.17444981213097155,
122,21.66532474503489,31.07890499194847,28.073000536768653,4.2203435319377345,10.466988727858293,2.3483628556092326,1.8384326355340848,0.17444981213097155,0.13419216317767044
123,19.209608158883523,29.844337090713903,31.50161030595813,4.159957058507783,10.86285560923242,2.2745571658615136,1.8384326355340848,0.17444981213097155,0.13419216317767044
124,19.464573268921097,29.62962962962963,31.394256575415994,4.388083735909823,10.715244229736983,2.2745571658615136,1.8250134192163177,0.17444981213097155,0.13419216317767044
125,19.753086419753085,29.53569511540526,31.260064412238325,4.361245303274289,10.681696188942565,2.2745571658615136,1.8250134192163177,0.17444981213097155,0.13419216317767044
126,20.101986044015028,29.374664519592056,31.112453032742888,4.3478260869565215,10.567632850241546,2.3617820719269993,1.8250134192163177,0.17444981213097155,0.13419216317767044
127,20.242887815351583,29.086151368760063,31.052066559312937,4.3478260869565215,10.487117552334944,2.6637144390767578,1.8115942028985508,0.17444981213097155,0.13419216317767044
128,20.457595276435857,29.052603327965645,30.97826086956522,4.334406870638754,10.406602254428341,2.6637144390767578,1.7981749865807837,0.17444981213097155,0.13419216317767044
129,20.92055823939882,28.898282340311326,30.743424584004295,4.30756843800322,10.359634997316157,2.6637144390767578,1.7981749865807837,0.17444981213097155,0.13419216317767044
130,21.423778851315085,28.683574879227052,30.515297906602253,4.260601180891036,10.352925389157273,2.657004830917874,1.7981749865807837,0.17444981213097155,0.13419216317767044
131,21.76596886741814,28.509125067096083,30.099302200751477,4.2203435319377345,10.205314009661835,3.099838969404187,1.7914653784219001,0.17444981213097155,0.13419216317767044
132,21.886741814278047,28.32125603864734,30.01207729468599,4.2203435319377345,10.359634997316157,3.099838969404187,1.7914653784219001,0.17444981213097155,0.13419216317767044
133,22.041062801932366,28.227321524422972,29.884594739667204,4.2203435319377345,10.25228126677402,3.099838969404187,1.9659151905528718,0.17444981213097155,0.13419216317767044
134,22.228931830381107,28.079710144927535,29.542404723564143,4.2203435319377345,10.225442834138486,3.1870638754696725,2.2074610842726785,0.17444981213097155,0.13419216317767044
135,22.396672034353195,28.012614063338702,29.51556629092861,4.206924315619967,10.165056360708535,3.1870638754696725,2.2074610842726785,0.17444981213097155,0.13419216317767044
136,22.530864197530864,27.85829307568438,29.59608158883521,4.206924315619967,10.104669887278583,3.1870638754696725,2.2074610842726785,0.17444981213097155,0.13419216317767044
137,22.309447128287708,27.569779924852387,30.595813204508858,4.193505099302201,10.071121846484166,3.166935050993022,1.7847557702630166,0.17444981213097155,0.13419216317767044
138,22.463768115942027,27.180622651637144,31.320450885668276,3.743961352657005,10.071121846484166,3.1535158346752548,1.7579173376274826,0.17444981213097155,0.13419216317767044
139,22.537573805689746,26.92565754159957,31.199677938808374,3.743961352657005,10.25228126677402,3.1535158346752548,1.8786902844873858,0.17444981213097155,0.13419216317767044
140,22.665056360708533,26.637144390767578,30.18652710681696,4.998658078368224,10.21202361782072,3.126677402039721,1.8786902844873858,0.1610305958132045,0.13419216317767044
141,22.685185185185187,26.630434782608695,30.173107890499196,5.132850241545894,10.21202361782072,3.126677402039721,1.8786902844873858,0.1610305958132045,
142,22.779119699409556,26.113794954374665,29.817498658078367,5.991680085882985,10.205314009661835,3.079710144927536,1.8518518518518519,0.1610305958132045,
143,23.067632850241544,25.603864734299517,28.891572732152444,7.192699946323135,10.057702630166398,3.1736446591519054,1.8518518518518519,0.1610305958132045,
144,23.295759527643586,25.577026301663984,28.804347826086957,7.152442297369833,9.997316156736447,3.1602254428341383,1.8518518518518519,0.1610305958132045,
145,23.74530327428878,25.348899624261943,28.663446054750402,7.098765432098766,9.970477724100913,3.1602254428341383,1.8518518518518519,0.1610305958132045,
146,24.12104133118626,25.308641975308642,28.435319377348364,7.024959742351046,9.96376811594203,3.1602254428341383,1.8250134192163177,0.1610305958132045,
147,24.362587224906065,25.254965110037574,28.35480407944176,6.984702093397746,9.896672034353195,3.1602254428341383,1.8250134192163177,0.1610305958132045,
148,24.54374664519592,23.939881910896403,28.079710144927535,8.279656468062266,9.816156736446592,3.1602254428341383,1.8250134192163177,0.1610305958132045,0.19457863660762212
149,24.89935587761675,23.812399355877616,28.44873859366613,8.132045088566828,9.816156736446592,3.0864197530864197,1.4492753623188406,0.1610305958132045,0.19457863660762212
150,25.161030595813205,23.792270531400966,28.368223295759528,7.991143317230274,9.796027911969942,3.0864197530864197,1.4492753623188406,0.1610305958132045,0.19457863660762212
151,24.04723564143854,22.088030059044552,32.52147074610843,7.2933440687063875,9.480676328502415,3.079710144927536,1.133923778851315,0.1610305958132045,0.19457863660762212
152,24.12104133118626,22.067901234567902,32.50134192163178,7.2933440687063875,9.473966720343531,3.079710144927536,1.107085346215781,0.1610305958132045,0.19457863660762212
153,24.342458400429415,22.034353193773484,32.39398819108964,7.246376811594203,9.400161030595813,3.126677402039721,1.107085346215781,0.1610305958132045,0.1878690284487386
154,24.48336017176597,21.980676328502415,32.2463768115942,7.232957595276436,9.366612989801396,3.126677402039721,1.2144390767579174,0.1610305958132045,0.1878690284487386
155,24.731615673644658,21.89345142243693,32.18599033816425,7.232957595276436,9.265968867418144,3.126677402039721,1.2144390767579174,0.1610305958132045,0.1878690284487386
156,24.92619431025228,21.772678475577028,32.15915190552872,7.232957595276436,9.252549651100376,3.1065485775630703,1.2010198604401503,0.1610305958132045,0.1878690284487386
157,25.033548040794418,21.584809447128286,32.078636607622116,7.219538378958669,9.192163177670425,3.3413848631239937,1.2010198604401503,0.1610305958132045,0.1878690284487386
158,25.328770799785293,21.537842190016104,31.89747718733226,7.185990338164252,9.172034353193773,3.3279656468062266,1.2010198604401503,0.1610305958132045,0.1878690284487386
159,25.483091787439612,21.531132581857218,31.810252281266774,7.185990338164252,9.131776704240472,3.321256038647343,1.1876006441223832,0.1610305958132045,0.1878690284487386
160,25.06038647342995,21.349973161567366,31.052066559312937,8.266237251744498,9.440418679549115,3.307836822329576,1.1741814278046163,0.1610305958132045,0.1878690284487386
161,25.44283413848631,21.16881374127751,30.96484165324745,8.199141170155663,9.426999463231347,3.2742887815351582,1.1741814278046163,0.1610305958132045,0.1878690284487386
162,25.744766505636072,20.98094471282877,30.85077831454643,8.199141170155663,9.426999463231347,3.2742887815351582,1.1741814278046163,0.1610305958132045,0.1878690284487386
163,26.02657004830918,20.974235104669887,30.689747718733226,8.132045088566828,9.380032206119163,3.2742887815351582,1.1741814278046163,0.1610305958132045,0.1878690284487386
164,26.113794954374665,19.994632313472895,30.62265163714439,8.064949006977992,9.353193773483628,4.341116478797638,1.1607622114868492,0.1610305958132045,0.1878690284487386
165,26.402308105206657,19.806763285024154,30.56897477187332,8.05823939881911,9.353193773483628,4.300858829844337,1.1607622114868492,0.1610305958132045,0.1878690284487386
166,26.690821256038646,19.77992485238862,30.407944176060116,8.011272141706923,9.312936124530328,4.28743961352657,1.1607622114868492,0.1610305958132045,0.1878690284487386
167,26.918947933440688,19.712828770799785,30.253623188405797,8.011272141706923,9.306226516371444,4.28743961352657,1.1607622114868492,0.1610305958132045,0.1878690284487386
168,27.167203435319376,19.6256038647343,30.253623188405797,7.96430488459474,9.232420826623725,4.247181964573269,1.1607622114868492,0.1610305958132045,0.1878690284487386
169,27.38191089640365,19.585346215780998,30.233494363929147,7.944176060118089,9.198872785829307,4.213633923778851,1.093666129898014,0.1610305958132045,0.1878690284487386
170,27.63016639828234,19.545088566827697,30.12614063338701,7.917337627482555,9.151905528717123,4.200214707461084,1.093666129898014,0.1610305958132045,0.17444981213097155
171,25.147611379495437,16.800858829844337,36.06414385399893,7.836822329575953,8.53462157809984,4.186795491143317,1.093666129898014,0.1610305958132045,0.17444981213097155
172,25.49651100375738,16.7337627482555,35.950080515297905,7.836822329575953,8.36688137412775,4.186795491143317,1.093666129898014,0.1610305958132045,0.17444981213097155
173,25.41599570585078,16.666666666666668,35.829307568438004,7.809983896940419,8.662104133118627,4.186795491143317,1.093666129898014,0.1610305958132045,0.17444981213097155
174,25.670960815888353,16.6129898013956,35.66156736446592,7.809983896940419,8.628556092324208,4.186795491143317,1.093666129898014,0.1610305958132045,0.17444981213097155
175,25.831991411701555,16.6129898013956,35.57434245840043,7.796564680622652,8.608427267847558,4.146537842190016,1.093666129898014,0.1610305958132045,0.17444981213097155
176,25.91921631776704,16.6129898013956,35.487117552334944,7.796564680622652,8.527911969940956,4.146537842190016,1.093666129898014,0.1610305958132045,0.2549651100375738
177,25.36231884057971,16.022544283413847,36.26543209876543,7.763016639828234,8.454106280193237,4.126409017713366,1.5901771336553945,0.1610305958132045,0.2549651100375738
178,25.764895330112722,16.009125067096083,36.09769189479334,7.555018786902845,8.440687063875469,4.126409017713366,1.5901771336553945,0.1610305958132045,0.2549651100375738
179,25.72463768115942,15.94873859366613,34.876543209876544,7.541599570585078,9.782608695652174,4.126409017713366,1.5901771336553945,0.15432098765432098,0.2549651100375738
180,25.986312399355878,15.861513687600644,34.75577026301664,7.521470746108427,9.769189479334408,4.106280193236715,1.5901771336553945,0.15432098765432098,0.2549651100375738
181,25.697799248523886,15.499194847020934,34.675254965110035,8.635265700483092,9.353193773483628,4.092860976918948,1.570048309178744,0.15432098765432098,0.322061191626409
182,25.91250670960816,15.499194847020934,34.534353193773484,8.635265700483092,9.339774557165862,4.092860976918948,1.5096618357487923,0.15432098765432098,0.322061191626409
183,26.1808910359635,15.378421900161031,34.39345142243693,8.57487922705314,9.31964573268921,4.079441760601181,1.596886741814278,0.15432098765432098,0.322061191626409
184,26.321792807300053,15.371712292002147,34.366612989801396,8.57487922705314,9.292807300053678,4.03918411164788,1.556629092860977,0.15432098765432098,0.322061191626409
185,26.46940418679549,15.371712292002147,34.21900161030596,8.57487922705314,9.292807300053678,4.03918411164788,1.556629092860977,0.15432098765432098,0.322061191626409
186,26.84514224369297,15.351583467525497,34.004294149221685,8.507783145464305,9.219001610305957,4.03918411164788,1.556629092860977,0.15432098765432098,0.322061191626409
187,27.17391304347826,15.250939345142244,33.81642512077295,8.480944712828771,9.219001610305957,4.025764895330113,1.556629092860977,0.15432098765432098,0.322061191626409
188,27.38191089640365,15.22410091250671,33.722490606548575,8.467525496511003,9.205582393988191,4.025764895330113,1.5297906602254427,0.15432098765432098,0.2885131508319914
189,24.10762211486849,22.363123993558776,30.951422436929683,8.407139023081053,7.924047235641439,4.274020397208803,1.5297906602254427,0.15432098765432098,0.2885131508319914
190,24.248523886205046,22.262479871175522,30.938003220611915,8.407139023081053,7.924047235641439,4.247181964573269,1.5297906602254427,0.15432098765432098,0.2885131508319914
191,24.805421363392377,22.19538378958669,30.54884594739667,8.380300590445518,7.890499194847021,4.206924315619967,1.5297906602254427,0.15432098765432098,0.2885131508319914
192,24.651100375738057,19.384057971014492,33.59500805152979,8.380300590445518,7.85024154589372,4.166666666666667,1.5297906602254427,0.15432098765432098,0.2885131508319914
193,24.731615673644658,19.37734836285561,33.373590982286636,8.152173913043478,8.11862587224906,4.159957058507783,1.5297906602254427,0.2683843263553409,0.2885131508319914
194,24.879227053140095,19.129092860976918,33.293075684380035,7.843531937734836,8.064949006977992,4.1532474503489,2.1135265700483092,0.2683843263553409,0.2549651100375738
195,25.254965110037574,19.129092860976918,33.25281803542673,7.50805152979066,8.064949006977992,4.1532474503489,2.1135265700483092,0.2683843263553409,0.2549651100375738
196,25.489801395598498,19.068706387546968,33.09849704777241,7.50805152979066,8.064949006977992,4.146537842190016,2.1135265700483092,0.2683843263553409,0.24154589371980675
197,25.63070316693505,18.853998926462694,33.031400966183575,7.4006977992485234,8.313204508856682,4.146537842190016,2.1135265700483092,0.2683843263553409,0.24154589371980675
198,25.805152979066023,18.82716049382716,32.95759527643585,7.387278582930757,8.252818035426731,4.146537842190016,2.1135265700483092,0.2683843263553409,0.24154589371980675
199,25.744766505636072,18.646001073537306,33.702361782071925,7.14573268921095,8.051529790660226,4.139828234031133,2.059849704777241,0.2683843263553409,0.24154589371980675
200,26.02657004830918,18.491680085882983,33.45410628019324,7.098765432098766,8.038110574342458,4.139828234031133,2.059849704777241,0.4495437466451959,0.24154589371980675
201,26.241277509393452,18.411164787976382,33.3870101986044,7.065217391304348,8.024691358024691,4.119699409554482,2.059849704777241,0.4495437466451959,0.24154589371980675
202,26.529790660225444,18.283682232957595,33.319914117015564,7.018250134192163,7.98443370907139,4.1129898013955986,2.059849704777241,0.4495437466451959,0.24154589371980675
203,26.50966183574879,18.10252281266774,34.13848631239936,6.776704240472356,7.628824476650563,4.1129898013955986,2.0397208803005906,0.4495437466451959,0.24154589371980675
204,26.65727321524423,18.06226516371444,34.044551798174986,6.830381105743425,7.561728395061729,4.1129898013955986,2.0397208803005906,0.4495437466451959,0.24154589371980675
205,26.918947933440688,18.00858829844337,33.91035963499731,6.796833064949007,7.447665056360709,4.186795491143317,2.0397208803005906,0.4495437466451959,0.24154589371980675
206,27.106816961889425,17.98174986580784,33.82984433709071,6.790123456790123,7.4208266237251745,4.139828234031133,2.0397208803005906,0.4495437466451959,0.24154589371980675
207,27.294685990338163,17.92807300053677,33.77616747181965,6.769994632313473,7.37385936661299,4.126409017713366,2.0397208803005906,0.4495437466451959,0.24154589371980675
208,27.563070316693505,17.767042404723565,33.68894256575416,6.769994632313473,7.353730542136339,4.126409017713366,2.0397208803005906,0.4495437466451959,0.24154589371980675
209,27.623456790123456,17.767042404723565,33.675523349436396,6.749865807836822,7.353730542136339,4.1129898013955986,2.0263016639828235,0.4495437466451959,0.24154589371980675
210,28.059581320450885,17.746913580246915,33.380300590445515,6.689479334406871,7.300053676865271,4.106280193236715,2.0263016639828235,0.4495437466451959,0.24154589371980675
211,28.133387010198604,17.60601180891036,33.62855609232421,6.66935050993022,7.1725711218464845,4.0995705850778315,1.9994632313472893,0.4495437466451959,0.24154589371980675
212,28.166935050993022,17.424852388620504,33.279656468062264,6.66935050993022,7.14573268921095,4.092860976918948,2.2879763821792807,0.6910896403650026,0.24154589371980675
213,28.435319377348364,17.3040794417606,33.16559312936125,6.662640901771336,7.139023081052066,4.092860976918948,2.26784755770263,0.6910896403650026,0.24154589371980675
214,28.576221148684915,17.12962962962963,33.00456253354804,7.004830917874396,7.011540526033279,4.086151368760064,2.254428341384863,0.6910896403650026,0.24154589371980675
215,28.824476650563607,17.01556629092861,32.90391841116479,7.004830917874396,7.011540526033279,4.052603327965647,2.254428341384863,0.6910896403650026,0.24154589371980675
216,28.985507246376812,17.002147074610843,32.8166935050993,6.977992485238862,7.004830917874396,4.052603327965647,2.254428341384863,0.6642512077294686,0.24154589371980675
217,29.05931293612453,16.914922168545356,32.789855072463766,7.0450885668276975,7.004830917874396,4.025764895330113,2.254428341384863,0.6642512077294686,0.24154589371980675
218,28.978797638217927,16.800858829844337,31.83709071390231,7.024959742351046,8.373590982286634,3.965378421900161,2.254428341384863,0.5233494363929146,0.24154589371980675
219,29.166666666666668,16.686795491143318,31.82367149758454,7.018250134192163,8.373590982286634,3.9452495974235107,2.227589908749329,0.5166398282340311,0.24154589371980675
220,29.280730005367687,16.659957058507782,31.796833064949006,6.991411701556629,8.373590982286634,3.9184111647879765,2.2208803005904456,0.5166398282340311,0.24154589371980675
221,29.414922168545356,16.639828234031132,31.689479334406872,6.991411701556629,8.36688137412775,3.9184111647879765,2.2208803005904456,0.5166398282340311,0.24154589371980675
222,29.401502952227588,16.445249597423512,31.53515834675255,6.991411701556629,8.319914117015566,4.3478260869565215,2.2208803005904456,0.5166398282340311,0.2214170692431562
223,29.70343531937735,16.317767042404725,31.387546967257112,6.991411701556629,8.319914117015566,4.3478260869565215,2.2208803005904456,0.48980139559849706,0.2214170692431562
224,29.99194847020934,16.297638217928075,31.206387546967257,6.9310252281266775,8.293075684380032,4.3478260869565215,2.2208803005904456,0.48980139559849706,0.2214170692431562
225,30.293880837359097,16.25067096081589,30.9849704777241,6.9310252281266775,8.272946859903382,4.3478260869565215,2.2208803005904456,0.47638217928073,0.2214170692431562
226,30.52200751476114,16.163446054750402,30.911164787976382,6.9310252281266775,8.246108427267847,4.334406870638754,2.1940418679549114,0.47638217928073,0.2214170692431562
227,30.609232420826622,16.0426731078905,31.0654857756307,6.850509930220075,8.246108427267847,4.294149221685454,2.1940418679549114,0.47638217928073,0.2214170692431562
228,30.891035963499732,16.035963499731615,30.891035963499732,6.89747718733226,8.219269994632313,4.2203435319377345,2.167203435319377,0.4562533548040794,0.2214170692431562
229,30.85077831454643,16.035963499731615,29.931561996779386,6.89747718733226,8.172302737520129,5.267042404723564,2.167203435319377,0.4562533548040794,0.2214170692431562
230,30.971551261406333,15.98899624261943,29.830917874396135,6.877348362855609,8.172302737520129,5.401234567901234,2.0933977455716586,0.4562533548040794,0.20799785292538917
231,31.260064412238325,15.942028985507246,29.71014492753623,6.877348362855609,8.111916264090176,5.340848094471283,2.0933977455716586,0.4562533548040794,0.20799785292538917
232,31.4747718733226,15.908480944712828,29.522275899087493,6.877348362855609,8.111916264090176,5.35426731078905,2.086688137412775,0.4562533548040794,0.20799785292538917
233,31.702898550724637,15.881642512077295,29.347826086956523,6.877348362855609,8.09849704777241,5.340848094471283,2.086688137412775,0.4562533548040794,0.20799785292538917
234,31.944444444444443,15.814546430488459,29.240472356414386,6.843800322061192,8.091787439613526,5.314009661835748,2.086688137412775,0.4562533548040794,0.20799785292538917
235,32.118894256575416,15.814546430488459,29.139828234031132,6.830381105743425,8.031400966183575,5.314009661835748,2.086688137412775,0.4562533548040794,0.20799785292538917
236,32.340311325818575,15.707192699946322,29.066022544283413,6.823671497584541,8.031400966183575,5.314009661835748,2.0531400966183573,0.4562533548040794,0.20799785292538917
237,32.67579173376275,15.626677402039721,28.951959205582394,6.78341384863124,7.937466451959206,5.307300053676865,2.0531400966183573,0.4562533548040794,0.20799785292538917
238,32.74288781535159,15.626677402039721,28.938539989264626,6.776704240472356,7.937466451959206,5.280461621041331,2.033011272141707,0.4562533548040794,0.20799785292538917
239,32.88378958668814,15.619967793880837,28.85131508319914,6.776704240472356,7.890499194847021,5.280461621041331,2.033011272141707,0.4562533548040794,0.20799785292538917
240,32.930756843800324,15.619967793880837,28.69699409554482,6.769994632313473,7.877079978529254,5.280461621041331,2.033011272141707,0.5837359098228664,0.20799785292538917
241,33.13875469672571,15.58641975308642,28.650026838432634,6.736446591519055,7.877079978529254,5.24020397208803,1.9793344068706387,0.5837359098228664,0.20799785292538917
242,33.293075684380035,15.552871712292003,28.6231884057971,6.736446591519055,7.863660762211487,5.159688674181428,1.9793344068706387,0.5837359098228664,0.20799785292538917
243,33.380300590445515,15.552871712292003,28.515834675254965,6.843800322061192,7.863660762211487,5.159688674181428,1.892109500805153,0.5837359098228664,0.20799785292538917
244,33.68894256575416,15.479066022544284,28.307836822329577,6.830381105743425,7.856951154052603,5.152979066022544,1.892109500805153,0.5837359098228664,0.20799785292538917
245,33.883521202361784,15.45222758990875,28.247450348899623,6.729736983360172,7.856951154052603,5.146269457863661,1.892109500805153,0.5837359098228664,0.20799785292538917
246,34.044551798174986,15.432098765432098,28.026033279656467,6.716317767042405,7.816693505099302,5.280461621041331,1.892109500805153,0.5837359098228664,0.20799785292538917
247,34.366612989801396,15.35829307568438,27.84487385936661,6.689479334406871,7.796564680622652,5.260332796564681,1.892109500805153,0.5837359098228664,0.20799785292538917
248,34.50080515297907,15.344873859366613,27.737520128824478,6.6760601180891035,7.796564680622652,5.260332796564681,1.892109500805153,0.5837359098228664,0.20799785292538917
249,34.64170692431562,15.297906602254429,27.697262479871174,6.649221685453569,7.7831454643048845,5.260332796564681,1.8786902844873858,0.5837359098228664,0.20799785292538917
250,34.78260869565217,15.250939345142244,27.623456790123456,6.635802469135802,7.7831454643048845,5.260332796564681,1.8719806763285025,0.5837359098228664,0.20799785292538917
251,34.94363929146538,15.210681696188942,27.549651100375737,6.635802469135802,7.776435856146001,5.246913580246914,1.8451422436929683,0.5837359098228664,0.20799785292538917
252,35.10466988727858,15.210681696188942,27.4422973698336,6.608964036500268,7.776435856146001,5.246913580246914,1.8183038110574343,0.5837359098228664,0.20799785292538917
253,35.20531400966183,15.183843263553408,27.395330112721417,6.608964036500268,7.776435856146001,5.22007514761138,1.8183038110574343,0.5837359098228664,0.20799785292538917
254,34.58803005904455,15.170424047235642,25.831991411701555,6.521739130434782,10.205314009661835,5.280461621041331,1.737788513150832,0.4562533548040794,0.20799785292538917
255,34.90338164251208,15.03623188405797,25.764895330112722,6.494900697799249,10.151637144390767,5.260332796564681,1.724369296833065,0.4562533548040794,0.20799785292538917
256,35.00402576489533,15.022812667740205,25.704508856682768,6.488191089640365,10.151637144390767,5.24020397208803,1.724369296833065,0.4562533548040794,0.20799785292538917
257,35.10466988727858,14.989264626945786,25.644122383252817,6.488191089640365,10.144927536231885,5.24020397208803,1.724369296833065,0.4562533548040794,0.20799785292538917
258,35.158346752549654,14.942297369833602,25.603864734299517,6.528448738593666,10.138217928073,5.24020397208803,1.724369296833065,0.4562533548040794,0.20799785292538917
259,35.178475577026305,14.928878153515834,25.275093934514224,6.528448738593666,10.124798711755233,5.24020397208803,2.059849704777241,0.4562533548040794,0.20799785292538917
260,35.30595813204509,14.88191089640365,25.10064412238325,6.501610305958132,10.091250670960816,5.394524959742351,2.059849704777241,0.4562533548040794,0.20799785292538917
261,35.46698872785829,14.834943639291465,25.07380568974772,6.501610305958132,10.057702630166398,5.340848094471283,2.059849704777241,0.4562533548040794,0.20799785292538917
262,35.72195383789587,14.741009125067096,24.993290391841118,6.501610305958132,10.030864197530864,5.287171229200215,2.059849704777241,0.4562533548040794,0.20799785292538917
263,35.77563070316693,14.734299516908212,24.93961352657005,6.468062265163715,9.842995169082126,5.280461621041331,2.2946859903381642,0.4562533548040794,0.20799785292538917
264,35.91653247450349,14.714170692431562,24.771873322597962,6.468062265163715,9.789318303811058,5.132850241545894,2.5496511003757383,0.4495437466451959,0.20799785292538917
265,36.131239935587764,14.647074610842727,24.684648416532475,6.407675791733762,9.789318303811058,5.132850241545894,2.5496511003757383,0.4495437466451959,0.20799785292538917
266,36.18491680085883,14.640365002683843,24.651100375738057,6.407675791733762,9.782608695652174,5.12614063338701,2.5496511003757383,0.4495437466451959,0.20799785292538917
267,36.33252818035427,14.620236178207193,24.590713902308106,6.407675791733762,9.722222222222221,5.119431025228127,2.5496511003757383,0.4495437466451959,0.20799785292538917
