,45,50,52,55,51,54,53,56,57,58,59,61,60,46
0,99.01368760064412,0.9863123993558777,,,,,,,,,,,,
1,94.26999463231347,5.676328502415459,0.026838432635534086,0.026838432635534086,,,,,,,,,,
2,92.5925925925926,7.2933440687063875,0.026838432635534086,0.08722490606548577,,,,,,,,,,
3,88.34541062801932,11.540526033279656,0.026838432635534086,0.08722490606548577,,,,,,,,,,
4,75.68438003220612,24.000268384326354,,0.2885131508319914,0.026838432635534086,,,,,,,,,
5,75.48309178743962,23.778851315083198,,0.36231884057971014,0.06709608158883522,0.30864197530864196,,,,,,,,
6,75.07380568974772,23.98684916800859,,0.5568974771873323,0.06709608158883522,0.30864197530864196,0.0067096081588835215,,,,,,,
7,73.83923778851315,25.06038647342995,0.10735373054213634,0.5971551261406334,0.08051529790660225,0.30864197530864196,0.0067096081588835215,,,,,,,
8,66.01583467525496,32.50805152979066,0.1878690284487386,0.630703166935051,0.3421900161030596,0.30864197530864196,0.0067096081588835215,,,,,,,
9,65.42538915727322,29.2337627482555,0.2683843263553409,0.6776704240472357,2.703972088030059,0.38915727321524424,1.3016639828234031,,,,,,,
10,63.20450885668277,31.253354804079443,0.30864197530864196,0.8454106280193237,2.536231884057971,0.5300590445517982,1.3217928073000538,,,,,,,
11,62.67444981213097,31.61567364465915,0.30864197530864196,0.8923778851315083,2.677133655394525,0.5300590445517982,1.3016639828234031,,,,,,,
12,62.224906065485776,29.663177670424048,0.322061191626409,0.9125067096081588,4.911433172302737,0.5099302200751477,1.3016639828234031,0.15432098765432098,,,,,,
13,56.70960815888352,34.997316156736446,0.2952227589908749,0.9057971014492754,4.830917874396135,0.8185721953837896,1.3016639828234031,0.14090177133655393,,,,,,
14,55.26704240472356,33.682232957595275,0.41599570585077833,0.95276435856146,7.568438003220612,0.9125067096081588,1.0601180891035964,0.14090177133655393,,,,,,
15,54.93156199677939,33.89023081052066,0.4830917874396135,1.0332796564680622,7.541599570585078,0.9125067096081588,1.0265700483091786,0.18115942028985507,,,,,,
16,52.885131508319915,33.7157809983897,2.8247450348899625,0.9863123993558777,7.118894256575416,1.2345679012345678,0.9863123993558777,0.24825550187869028,,,,,,
17,50.10064412238325,34.84970477724101,2.8381642512077296,1.1003757380568975,8.32662372517445,1.2345679012345678,1.3016639828234031,0.24825550187869028,,,,,,
18,49.63768115942029,34.876543209876544,2.871712292002147,1.3821792807300053,8.333333333333334,1.3486312399355878,1.3016639828234031,0.24825550187869028,,,,,,
19,39.62694578636608,43.12936124530327,8.293075684380032,1.221148684916801,5.669618894256575,0.6575415995705851,1.06682769726248,0.2281266774020397,0.10735373054213634,,,,,
20,39.36527106816962,42.98845947396672,8.353462157809984,1.2815351583467525,5.689747718733226,0.8387010198604401,1.107085346215781,0.24825550187869028,0.1274825550187869,,,,,
21,38.33199141170156,42.8341384863124,9.326355340848094,1.3620504562533549,5.8239398819108965,0.8655394524959742,1.107085346215781,0.27509393451422437,0.07380568974771873,,,,,
22,33.68894256575416,46.95383789586688,9.480676328502415,1.6170155662909287,5.676328502415459,1.133923778851315,1.133923778851315,0.2952227589908749,0.020128824476650563,,,,,
23,33.43397745571659,43.565485775630705,9.39345142243693,2.0531400966183573,5.709876543209877,1.4895330112721417,3.965378421900161,0.2952227589908749,0.0939345142243693,,,,,
24,33.46081588835212,43.39103596349973,9.23913043478261,2.13365539452496,5.723295759527644,1.4895330112721417,4.032474503488996,0.2952227589908749,0.23483628556092323,,,,,
25,24.530327428878152,48.067632850241544,12.25174449812131,1.7042404723564144,7.96430488459474,1.0265700483091786,3.851315083199141,0.35560923242082665,0.2281266774020397,0.013419216317767043,0.0067096081588835215,,,
26,24.422973698336016,44.77992485238862,15.411969940955448,1.892109500805153,7.917337627482555,1.0265700483091786,3.8177670424047236,0.41599570585077833,0.2616747181964573,0.04696725711218465,0.0067096081588835215,,,
27,24.235104669887278,44.840311325818575,15.297906602254429,1.9659151905528718,7.7898550724637685,1.1406333870101986,3.8043478260869565,0.4562533548040794,0.41599570585077833,0.04696725711218465,0.0067096081588835215,,,
28,24.342458400429415,44.67257112184648,15.24422973698336,1.9860440150295222,7.749597423510467,1.261406333870102,3.8043478260869565,0.4562533548040794,0.4294149221685454,0.04696725711218465,0.0067096081588835215,,,
29,24.248523886205046,44.545088566827694,15.076489533011273,2.227589908749329,7.695920558239399,1.261406333870102,3.770799785292539,0.5032206119162641,0.5636070853462157,0.10064412238325282,0.0067096081588835215,,,
30,23.993558776167472,41.30434782608695,11.969940955448202,2.328234031132582,15.901771336553946,1.261406333870102,1.6975308641975309,0.7179280730005367,0.7179280730005367,0.10064412238325282,0.0067096081588835215,,,
31,20.48443370907139,31.702898550724637,10.735373054213634,3.4151905528717124,29.07944176060118,1.1741814278046163,1.4559849704777241,1.3352120236178207,0.5099302200751477,0.10064412238325282,0.0067096081588835215,,,
32,19.048577563070317,32.96430488459474,10.332796564680622,4.126409017713366,28.83118625872249,1.221148684916801,1.442565754159957,1.4224369296833066,0.47638217928073,0.1274825550187869,0.0067096081588835215,,,
33,18.250134192163177,33.69565217391305,10.205314009661835,4.213633923778851,28.515834675254965,1.221148684916801,1.4626945786366077,1.724369296833065,0.5770263016639828,0.1274825550187869,0.0067096081588835215,,,
34,17.941492216854535,32.085346215781,10.138217928073,4.314278046162104,30.62265163714439,0.8252818035426731,1.4626945786366077,1.8719806763285025,0.6105743424584005,0.12077294685990338,0.0067096081588835215,,,
35,17.954911433172303,31.676060118089104,10.151637144390767,4.703435319377348,30.06575415995706,0.8454106280193237,1.4626945786366077,2.4020397208803006,0.6105743424584005,0.12077294685990338,0.0067096081588835215,,,
36,18.075684380032207,31.53515834675255,9.970477724100913,4.8376274825550185,29.70343531937735,0.8454106280193237,1.4626945786366077,2.7442297369833604,0.6843800322061192,0.13419216317767044,0.0067096081588835215,,,
37,18.17632850241546,31.253354804079443,9.856414385399892,4.898013955984971,29.49543746645196,1.0131508319914118,1.4626945786366077,2.918679549114332,0.6843800322061192,0.2214170692431562,0.0067096081588835215,0.013419216317767043,,
38,13.231347289318304,47.557702630166396,9.608158883521202,5.615942028985507,18.78690284487386,1.0265700483091786,1.415727321524423,1.751207729468599,0.7313472893183038,0.2549651100375738,0.0067096081588835215,0.013419216317767043,,
39,11.198336017176597,42.13633923778851,8.890230810520666,5.119431025228127,27.80461621041331,1.6304347826086956,0.48980139559849706,1.7042404723564144,0.7648953301127214,0.24825550187869028,,0.013419216317767043,,
40,11.144659151905529,41.988727858293075,8.890230810520666,5.347557702630167,27.086688137412775,1.6505636070853462,0.4830917874396135,2.38191089640365,0.7648953301127214,0.24825550187869028,,0.013419216317767043,,
41,11.158078368223295,41.83440687063875,8.84326355340848,5.495169082125604,26.992753623188406,1.6035963499731616,0.4830917874396135,2.5295222758990876,0.798443370907139,0.24825550187869028,,0.013419216317767043,,
42,11.09098228663446,41.706924315619965,8.789586688137414,5.615942028985507,26.29495437466452,2.2410091250670963,0.49651100375738055,2.657004830917874,0.798443370907139,0.2952227589908749,,0.013419216317767043,,
43,11.097691894793345,40.90177133655394,8.715780998389693,6.092324208266238,26.127214170692433,2.509393451422437,0.5166398282340311,2.7844873859366612,0.8990874932903918,0.3153515834675255,,0.013419216317767043,0.026838432635534086,
44,11.064143853998926,40.49919484702093,8.722490606548577,6.394256575415996,25.905797101449274,2.49597423510467,0.5904455179817498,2.9119699409554483,0.8990874932903918,0.46296296296296297,0.013419216317767043,0.013419216317767043,0.026838432635534086,
45,10.976918947933441,38.399087493290395,8.68894256575416,6.246645195920558,25.09393451422437,3.0730005367686526,2.757648953301127,3.307836822329576,0.9259259259259259,0.47638217928073,0.013419216317767043,0.013419216317767043,0.026838432635534086,
46,11.030595813204508,38.036768652710684,8.735909822866345,6.528448738593666,24.953032742887814,3.1602254428341383,2.703972088030059,3.3480944712828773,0.9259259259259259,0.5032206119162641,0.013419216317767043,0.026838432635534086,0.03354804079441761,
47,11.137949543746645,37.72812667740204,8.621846484165324,6.816961889425658,24.825550187869027,3.240740740740741,2.6637144390767578,3.361513687600644,0.9326355340848095,0.5770263016639828,0.03354804079441761,0.026838432635534086,0.03354804079441761,
48,11.037305421363392,37.60735373054214,8.440687063875469,6.991411701556629,24.46323134728932,3.307836822329576,2.6637144390767578,3.7573805689747717,0.966183574879227,0.6105743424584005,0.10735373054213634,0.013419216317767043,0.03354804079441761,
49,10.923242082662373,34.42699946323135,8.172302737520129,8.601717659688674,26.10708534621578,3.3950617283950617,2.623456790123457,3.8848631239935587,0.9930220075147611,0.7179280730005367,0.10735373054213634,0.013419216317767043,0.03354804079441761,
50,10.86285560923242,33.91035963499731,7.011540526033279,9.433709071390231,25.758185721953836,3.307836822329576,3.851315083199141,4.012345679012346,1.0332796564680622,0.6374127750939346,0.10735373054213634,0.013419216317767043,0.06038647342995169,
51,10.789049919484702,33.55475040257649,6.984702093397746,9.655126140633387,24.798711755233494,3.616478797638218,3.616478797638218,5.193236714975845,0.9728931830381106,0.6374127750939346,0.10735373054213634,0.013419216317767043,0.06038647342995169,
52,9.957058507783145,33.923778851315085,7.024959742351046,9.836285560923242,24.88593666129898,3.616478797638218,3.6097691894793345,5.3341384863123995,0.9728931830381106,0.6575415995705851,0.10735373054213634,0.013419216317767043,0.06038647342995169,
53,9.916800858829845,33.7157809983897,7.105475040257649,10.044283413848632,24.63768115942029,3.616478797638218,3.616478797638218,5.481749865807837,0.9997316156736447,0.6843800322061192,0.10735373054213634,0.013419216317767043,0.06038647342995169,
54,9.708803005904455,33.467525496511,7.877079978529254,10.373054213633925,24.315619967793882,3.5426731078904994,3.3480944712828773,5.58239398819109,0.9192163177670424,0.6843800322061192,0.10735373054213634,0.013419216317767043,0.06038647342995169,
55,9.54777241009125,29.51556629092861,5.662909286097692,8.870101986044014,32.7361782071927,3.4621578099838968,3.3279656468062266,5.662909286097692,0.8252818035426731,0.15432098765432098,0.10735373054213634,0.040257648953301126,0.08722490606548577,
56,9.541062801932368,29.32769726247987,5.609232420826624,9.333064949006978,32.326892109500804,3.4621578099838968,3.1065485775630703,5.803811057434245,0.9796027911969941,0.27509393451422437,0.10735373054213634,0.040257648953301126,0.08722490606548577,
57,9.574610842726784,29.1532474503489,5.609232420826624,9.520933977455716,32.018250134192165,3.5091250670960816,3.046162104133119,5.9447128287707995,0.95276435856146,0.35560923242082665,0.16774020397208803,0.08722490606548577,0.06038647342995169,
58,9.695383789586689,28.871443907675793,5.609232420826624,9.742351046698873,31.850509930220074,3.5628019323671496,3.0327428878153517,6.005099302200751,0.95276435856146,0.36231884057971014,0.16774020397208803,0.08722490606548577,0.06038647342995169,
59,9.789318303811058,28.784219001610307,5.589103596349974,12.177938808373591,29.1532474503489,3.743961352657005,2.9723564143853998,6.011808910359635,1.06682769726248,0.4092860976918948,0.15432098765432098,0.08722490606548577,0.06038647342995169,
60,8.957326892109501,29.468599033816425,5.5689747718733225,12.372517444981213,28.858024691358025,3.8915727321524423,2.8381642512077296,6.052066559312936,1.06682769726248,0.4428341384863124,0.3488996242619431,0.07380568974771873,0.06038647342995169,
61,9.044551798174986,29.22705314009662,5.589103596349974,12.607353730542137,28.30112721417069,3.8714439076757916,2.818035426731079,6.501610305958132,1.0601180891035964,0.4428341384863124,0.36231884057971014,0.07380568974771873,0.10064412238325282,
62,9.07139023081052,28.858024691358025,5.589103596349974,12.97638217928073,27.905260332796566,4.019055287171229,2.5563607085346214,6.957863660762212,1.0601180891035964,0.46967257112184646,0.36231884057971014,0.07380568974771873,0.10064412238325282,
63,9.158615136876007,28.24074074074074,5.615942028985507,13.117283950617283,27.79790660225443,4.2203435319377345,2.7106816961889426,6.977992485238862,1.0601180891035964,0.5501878690284487,0.36231884057971014,0.08722490606548577,0.10064412238325282,
64,7.1658615136876005,24.490069779924852,11.976650563607086,11.453301127214171,30.938003220611915,4.106280193236715,2.563070316693505,5.407944176060118,1.0735373054213635,0.3757380568974772,0.27509393451422437,0.07380568974771873,0.10064412238325282,
65,7.152442297369833,24.456521739130434,13.747987117552334,11.104401502952227,29.421631776704242,4.092860976918948,2.5831991411701556,5.501878690284487,1.06682769726248,0.4025764895330113,0.27509393451422437,0.07380568974771873,0.12077294685990338,
66,7.25979602791197,24.422973698336016,13.613794954374665,11.05072463768116,29.280730005367687,4.079441760601181,2.61003757380569,5.548845947396672,1.1674718196457328,0.4294149221685454,0.27509393451422437,0.1274825550187869,0.13419216317767044,
67,7.300053676865271,24.174718196457327,13.56682769726248,11.178207192699947,29.22705314009662,3.9720880300590444,2.589908749329039,5.689747718733226,1.221148684916801,0.4562533548040794,0.36231884057971014,0.1274825550187869,0.13419216317767044,
68,7.347020933977456,23.21524422973698,13.553408480944713,10.990338164251208,29.086151368760063,5.186527106816962,2.5831991411701556,5.656199677938808,1.2412775093934514,0.46967257112184646,0.3757380568974772,0.1274825550187869,0.16774020397208803,
69,7.132313472893183,22.020933977455716,13.41250670960816,11.158078368223295,28.817767042404725,5.159688674181428,4.126409017713366,5.723295759527644,1.2144390767579174,0.5501878690284487,0.38915727321524424,0.1274825550187869,0.16774020397208803,
70,6.9310252281266775,21.088298443370906,11.18491680085883,9.634997316156737,33.8768115942029,4.931561996779388,4.092860976918948,5.709876543209877,1.3553408480944713,0.5233494363929146,0.38915727321524424,0.1274825550187869,0.15432098765432098,
71,6.977992485238862,20.873590982286636,11.151368760064413,9.634997316156737,33.722490606548575,5.10601180891036,4.233762748255502,5.723295759527644,1.3754696725711217,0.5166398282340311,0.38915727321524424,0.1274825550187869,0.16774020397208803,
72,7.03166935050993,20.605206655931294,11.11111111111111,9.876543209876543,33.40713902308105,5.2066559312936125,4.274020397208803,5.877616747181965,1.3687600644122384,0.5568974771873323,0.38915727321524424,0.1274825550187869,0.16774020397208803,
73,7.185990338164252,20.457595276435857,10.95679012345679,9.970477724100913,33.17230273752013,5.146269457863661,4.26731078904992,6.0654857756307035,1.4895330112721417,0.5568974771873323,0.4092860976918948,0.1274825550187869,0.19457863660762212,
74,7.206119162640902,20.2361782071927,10.909822866344605,10.084541062801932,32.910628019323674,5.159688674181428,4.361245303274289,6.3070316693505095,1.5297906602254427,0.5770263016639828,0.4092860976918948,0.11406333870101985,0.19457863660762212,
75,6.293612453032743,16.968599033816425,16.854535695115406,9.588030059044552,31.884057971014492,5.186527106816962,3.844605475040258,6.447933440687064,1.6774020397208802,0.5367686527106817,0.4092860976918948,0.11406333870101985,0.19457863660762212,
76,6.333870101986044,16.841116478797638,16.800858829844337,9.668545356951155,31.57541599570585,5.414653784219001,3.8177670424047236,6.595544820182502,1.6975308641975309,0.5367686527106817,0.4092860976918948,0.11406333870101985,0.19457863660762212,
77,6.367418142780462,16.820987654320987,16.774020397208805,9.66183574879227,31.427804616210413,5.481749865807837,3.8177670424047236,6.635802469135802,1.7176596886741815,0.5703166935050993,0.4092860976918948,0.12077294685990338,0.19457863660762212,
78,6.125872249060655,16.1231884057971,19.6256038647343,9.353193773483628,30.12614063338701,5.199946323134729,3.8043478260869565,6.541867954911433,1.8115942028985508,0.5703166935050993,0.4092860976918948,0.12077294685990338,0.1878690284487386,
79,6.1929683306494905,16.129898013955984,19.618894256575416,9.29951690821256,30.407944176060116,5.045625335480408,3.7238325281803544,6.374127750939345,1.9189479334406871,0.5703166935050993,0.4092860976918948,0.12077294685990338,0.1878690284487386,
80,6.099033816425121,15.975577026301664,18.947933440687063,9.460547504025765,31.42109500805153,4.871175523349437,3.717122920021471,6.515029522275899,1.8183038110574343,0.46967257112184646,0.4092860976918948,0.12077294685990338,0.17444981213097155,
81,5.978260869565218,14.090177133655395,17.68652710681696,8.903650026838433,36.24530327428878,4.086151368760064,3.629898013955985,6.300322061191626,1.9390767579173376,0.46967257112184646,0.39586688137412773,0.13419216317767044,0.14090177133655393,
82,5.71658615136876,23.275630703166936,17.49194847020934,8.641975308641975,29.07944176060118,3.603059581320451,3.730542136339238,5.381105743424584,2.0397208803005906,0.4294149221685454,0.322061191626409,0.14761137949543746,0.14090177133655393,
83,5.683038110574342,23.17498658078368,17.196725711218466,8.964036500268385,28.83118625872249,3.730542136339238,3.643317230273752,5.555555555555555,2.15378421900161,0.4562533548040794,0.322061191626409,0.14761137949543746,0.14090177133655393,
84,5.770263016639828,22.839506172839506,17.06924315619968,9.225711218464841,28.482286634460547,3.6902844873859366,3.851315083199141,5.736714975845411,2.2879763821792807,0.4495437466451959,0.30864197530864196,0.14761137949543746,0.14090177133655393,
85,5.783682232957595,22.745571658615138,16.941760601180892,9.27938808373591,28.395061728395063,3.683574879227053,3.8378958668813743,5.8172302737520125,2.3886205045625335,0.4830917874396135,0.30864197530864196,0.15432098765432098,0.18115942028985507,
86,5.649490069779925,21.544551798174986,20.283145464304884,8.93719806763285,26.81159420289855,3.549382716049383,3.8311862587224907,5.656199677938808,2.61003757380569,0.4830917874396135,0.30864197530864196,0.15432098765432098,0.18115942028985507,
87,5.790391841116479,21.35668276972625,19.940955448201827,9.017713365539452,26.596886741814277,3.5829307568438002,3.8177670424047236,5.904455179817498,2.7979066022544283,0.5501878690284487,0.30864197530864196,0.15432098765432098,0.18115942028985507,
88,5.911164787976382,19.316961889425656,19.692699946323135,8.970746108427267,26.435856146001072,3.549382716049383,6.132581857219538,5.998389694041868,2.7979066022544283,0.5501878690284487,0.30864197530864196,0.15432098765432098,0.18115942028985507,
89,6.011808910359635,18.988191089640367,19.45786366076221,9.125067096081589,26.160762211486848,3.629898013955985,6.099033816425121,6.508319914117015,2.8247450348899625,0.5501878690284487,0.30864197530864196,0.15432098765432098,0.18115942028985507,
90,5.998389694041868,18.86070853462158,19.35721953837896,9.339774557165862,25.979602791196996,3.6231884057971016,6.078904991948471,6.655931293612453,2.9052603327965647,0.5501878690284487,0.30864197530864196,0.15432098765432098,0.1878690284487386,
91,6.018518518518518,18.06897477187332,21.947128287707997,9.480676328502415,24.00697799248524,3.6902844873859366,6.045356951154052,6.528448738593666,3.046162104133119,0.5032206119162641,0.30864197530864196,0.16774020397208803,0.1878690284487386,
92,6.025228126677402,17.887815351583466,21.77938808373591,10.044283413848632,23.731884057971016,3.7037037037037037,5.8172302737520125,6.756575415995706,3.099838969404187,0.48980139559849706,0.30864197530864196,0.16774020397208803,0.1878690284487386,
93,5.481749865807837,17.082662372517444,21.276167471819647,9.46725711218465,25.49651100375738,3.5829307568438002,6.6827697262479875,6.736446591519055,3.066290928609769,0.46296296296296297,0.30864197530864196,0.16774020397208803,0.1878690284487386,
94,5.522007514761138,16.941760601180892,20.860171765968868,9.541062801932368,25.214707461084274,3.5292538915727323,6.78341384863124,7.011540526033279,3.4688674181427803,0.4830917874396135,0.2885131508319914,0.16774020397208803,0.1878690284487386,
95,5.629361245303274,16.921631776704242,20.69243156199678,9.561191626409018,25.087224906065487,3.683574879227053,6.716317767042405,7.132313472893183,3.4420289855072466,0.4830917874396135,0.2885131508319914,0.16774020397208803,0.19457863660762212,
96,5.508588298443371,16.42512077294686,21.900161030595815,8.984165324745035,24.154589371980677,3.770799785292539,7.950885668276973,6.89747718733226,3.3682232957595275,0.4428341384863124,0.2885131508319914,0.14761137949543746,0.1610305958132045,
97,5.622651637144391,16.371443907675793,21.752549651100377,9.057971014492754,24.013687600644122,3.770799785292539,8.031400966183575,6.857219538378959,3.475577026301664,0.4495437466451959,0.2885131508319914,0.14761137949543746,0.1610305958132045,
98,5.743424584004294,16.297638217928075,21.611647879763822,9.125067096081589,23.121309715512613,3.770799785292539,8.702361782071927,7.03166935050993,3.5091250670960816,0.46967257112184646,0.2885131508319914,0.13419216317767044,0.19457863660762212,
99,5.797101449275362,16.049382716049383,21.443907675791735,9.292807300053678,23.040794417606012,3.9452495974235107,8.735909822866345,7.085346215780999,3.5091250670960816,0.4830917874396135,0.2885131508319914,0.13419216317767044,0.19457863660762212,
100,5.850778314546431,15.942028985507246,21.349973161567366,9.842995169082126,22.665056360708533,3.8848631239935587,8.76274825550188,7.139023081052066,3.4621578099838968,0.4830917874396135,0.2885131508319914,0.13419216317767044,0.19457863660762212,
101,5.723295759527644,16.150026838432634,21.20907139023081,9.883252818035427,22.497316156736446,4.012345679012346,8.769457863660762,7.132313472893183,3.5225442834138487,0.4830917874396135,0.2885131508319914,0.13419216317767044,0.19457863660762212,
102,5.703166935050993,16.009125067096083,20.101986044015028,9.957058507783145,22.31615673644659,5.642780461621041,8.648684916800859,6.984702093397746,3.4420289855072466,0.5434782608695652,0.30864197530864196,0.14761137949543746,0.19457863660762212,
103,5.683038110574342,15.942028985507246,20.02818035426731,10.165056360708535,22.067901234567902,5.562265163714439,8.662104133118627,7.239667203435319,3.455448201825013,0.5434782608695652,0.30864197530864196,0.14761137949543746,0.19457863660762212,
104,5.797101449275362,15.780998389694043,19.840311325818572,10.34621578099839,21.947128287707997,5.589103596349974,8.601717659688674,7.232957595276436,3.6366076221148687,0.5770263016639828,0.30864197530864196,0.14761137949543746,0.19457863660762212,
105,5.770263016639828,15.365002683843263,19.672571121846484,10.50053676865271,22.34970477724101,5.589103596349974,8.521202361782072,7.1725711218464845,3.750670960815888,0.6575415995705851,0.30864197530864196,0.14761137949543746,0.19457863660762212,
106,5.837359098228664,15.28448738593666,19.484702093397747,10.520665593129362,22.31615673644659,5.656199677938808,8.57487922705314,7.232957595276436,3.7640901771336552,0.6575415995705851,0.30864197530864196,0.14761137949543746,0.2147074610842727,
107,5.897745571658615,15.257648953301127,19.37734836285561,10.607890499194847,22.108158883521202,5.6964573268921095,8.635265700483092,7.367149758454106,3.7238325281803544,0.6575415995705851,0.30864197530864196,0.14761137949543746,0.2147074610842727,
108,6.011808910359635,15.136876006441224,19.048577563070317,10.57434245840043,22.36983360171766,5.743424584004294,8.55475040257649,7.5281803542673105,3.7037037037037037,0.6575415995705851,0.30864197530864196,0.14761137949543746,0.2147074610842727,
109,5.984970477724101,14.928878153515834,19.04186795491143,10.621309715512615,22.32957595276436,6.488191089640365,7.9106280193236715,7.481213097155126,3.824476650563607,0.6575415995705851,0.3824476650563607,0.14761137949543746,0.20128824476650564,
110,5.797101449275362,14.51959205582394,20.94068706387547,9.950348899624261,22.302737520128826,6.394256575415996,7.863660762211487,7.273215244229737,3.603059581320451,0.6374127750939346,0.39586688137412773,0.12077294685990338,0.20128824476650564,
111,5.770263016639828,14.163982823403114,20.873590982286636,10.198604401502953,22.061191626409016,6.407675791733762,8.11862587224906,7.4208266237251745,3.6366076221148687,0.6172839506172839,0.4227053140096618,0.12077294685990338,0.1878690284487386,
112,5.542136339237788,13.747987117552334,20.242887815351583,10.433440687063875,23.718464841653248,6.568706387546968,7.481213097155126,7.206119162640902,3.7104133118625873,0.6172839506172839,0.4227053140096618,0.12077294685990338,0.1878690284487386,
113,5.629361245303274,13.6406333870102,19.665861513687602,10.507246376811594,26.060118089103597,5.387815351583468,7.461084272678476,6.823671497584541,3.515834675254965,0.6575415995705851,0.3488996242619431,0.11406333870101985,0.1878690284487386,
114,5.723295759527644,13.526570048309178,19.598765432098766,10.701825013419215,25.966183574879228,5.414653784219001,7.427536231884058,6.796833064949007,3.5292538915727323,0.6910896403650026,0.3488996242619431,0.08722490606548577,0.1878690284487386,
115,5.636070853462158,13.123993558776167,19.296833064949006,11.017176596886742,25.449543746645197,5.703166935050993,8.192431561996779,6.642512077294686,3.616478797638218,0.6910896403650026,0.3488996242619431,0.10064412238325282,0.18115942028985507,
116,5.387815351583468,13.070316693505099,15.96886741814278,11.023886205045626,30.280461621041333,5.535426731078905,8.172302737520129,6.501610305958132,2.9790660225442833,0.630703166935051,0.17444981213097155,0.0939345142243693,0.18115942028985507,
117,5.46833064949007,12.902576489533011,15.848094471282877,11.104401502952227,30.07246376811594,5.595813204508857,8.172302737520129,6.723027375201288,3.052871712292002,0.644122383252818,0.17444981213097155,0.0939345142243693,0.14761137949543746,
118,5.179817498658078,12.4597423510467,15.445517981749866,11.325818572195384,30.56226516371444,5.595813204508857,8.179012345679013,7.011540526033279,3.0730005367686526,0.7514761137949544,0.17444981213097155,0.0939345142243693,0.14761137949543746,
119,5.260332796564681,12.412775093934513,15.318035426731079,11.117820719269995,29.62962962962963,6.971282877079979,8.064949006977992,6.890767579173376,3.166935050993022,0.6910896403650026,0.17444981213097155,0.12077294685990338,0.18115942028985507,
120,5.314009661835748,12.238325281803542,14.781266774020397,11.345947396672035,30.14626945786366,6.870638754696726,7.991143317230274,6.9243156199677935,3.166935050993022,0.7313472893183038,0.17444981213097155,0.12077294685990338,0.19457863660762212,
121,5.421363392377885,12.157809983896941,14.65378421900161,11.366076221148685,29.95169082125604,6.884057971014493,7.836822329575953,7.253086419753086,3.2206119162640903,0.7581857219538379,0.17444981213097155,0.1274825550187869,0.19457863660762212,
122,5.542136339237788,12.104133118625873,14.53972088030059,11.399624261943103,29.837627482555018,6.850509930220075,7.823403113258186,7.239667203435319,3.421900161030596,0.7313472893183038,0.17444981213097155,0.14090177133655393,0.19457863660762212,
123,5.595813204508857,12.077294685990339,14.439076757917338,12.02361782071927,29.146537842190018,6.796833064949007,7.809983896940419,7.39398819108964,3.44873859366613,0.7581857219538379,0.17444981213097155,0.14090177133655393,0.19457863660762212,
124,5.723295759527644,12.057165861513688,14.412238325281804,12.050456253354804,28.804347826086957,6.9310252281266775,7.695920558239399,7.5348899624261945,3.4957058507783145,0.7917337627482555,0.16774020397208803,0.14090177133655393,0.19457863660762212,
125,5.656199677938808,11.849168008588299,16.814278046162105,11.245303274288782,27.563070316693505,6.561996779388084,7.635534084809447,7.689210950080516,3.6500268384326353,0.8319914117015567,0.16774020397208803,0.14090177133655393,0.19457863660762212,
126,5.750134192163178,11.788781535158346,16.760601180891037,11.560654857756306,27.556360708534623,6.4345142243692965,7.5281803542673105,7.601986044015029,3.6634460547504024,0.8252818035426731,0.16774020397208803,0.14090177133655393,0.2214170692431562,
127,5.8172302737520125,11.75523349436393,16.53918411164788,11.473429951690822,27.455716586151368,6.749865807836822,7.628824476650563,7.50805152979066,3.603059581320451,0.8990874932903918,0.20799785292538917,0.14090177133655393,0.2214170692431562,
128,5.904455179817498,11.674718196457327,16.472088030059044,11.332528180354267,26.50966183574879,8.695652173913043,7.018250134192163,7.206119162640902,3.616478797638218,0.9930220075147611,0.2147074610842727,0.14090177133655393,0.2214170692431562,
129,5.884326355340848,11.466720343531938,16.465378421900162,11.473429951690822,26.33521202361782,8.735909822866345,7.152442297369833,7.333601717659689,3.629898013955985,0.9728931830381106,0.2147074610842727,0.11406333870101985,0.2214170692431562,
130,5.6964573268921095,10.943370907139023,18.317230273752013,11.419753086419753,26.03327965646806,8.628556092324208,6.998121309715513,6.944444444444445,3.5426731078904994,0.9796027911969941,0.20128824476650564,0.07380568974771873,0.2214170692431562,
131,5.870907139023081,10.601180891035963,18.129361245303276,11.191626409017713,25.758185721953836,7.997852925389157,8.413848631239935,7.085346215780999,3.535963499731616,0.9460547504025765,0.17444981213097155,0.07380568974771873,0.2214170692431562,
132,5.857487922705314,10.560923242082662,18.431293612453032,11.225174449812132,25.429414922168544,8.319914117015566,8.192431561996779,7.058507783145465,3.488996242619431,0.9594739667203436,0.17444981213097155,0.07380568974771873,0.2281266774020397,
133,5.857487922705314,10.534084809447128,18.391035963499732,11.453301127214171,25.268384326355342,8.373590982286634,8.199141170155663,6.964573268921095,3.44873859366613,1.0332796564680622,0.17444981213097155,0.07380568974771873,0.2281266774020397,
134,5.917874396135265,10.34621578099839,18.531937734836287,11.43317230273752,25.214707461084274,8.454106280193237,7.950885668276973,7.024959742351046,3.4822866344605474,1.133923778851315,0.17444981213097155,0.07380568974771873,0.2616747181964573,
135,6.072195383789587,10.285829307568438,18.46484165324745,11.641170155662909,24.550456253354803,8.467525496511003,7.944176060118089,7.447665056360709,3.475577026301664,1.1607622114868492,0.1610305958132045,0.07380568974771873,0.2549651100375738,
136,5.911164787976382,9.5276435856146,18.21658615136876,11.761943102522812,25.63070316693505,8.393719806763285,7.7361782071927,7.709339774557166,3.455448201825013,1.2010198604401503,0.1610305958132045,0.06038647342995169,0.23483628556092323,
137,6.005099302200751,9.5276435856146,17.96833064949007,11.748523886205046,25.583735909822867,8.32662372517445,7.722758990874933,7.716049382716049,3.683574879227053,1.1943102522812667,0.1610305958132045,0.08722490606548577,0.27509393451422437,
138,6.072195383789587,9.420289855072463,17.881105743424584,11.808910359634996,25.55689747718733,8.373590982286634,7.682501341921632,7.729468599033816,3.730542136339238,1.221148684916801,0.1610305958132045,0.08722490606548577,0.27509393451422437,
139,6.105743424584004,9.380032206119163,17.57246376811594,11.855877616747183,25.503220611916262,8.76274825550188,7.689210950080516,7.709339774557166,3.643317230273752,1.247987117552335,0.1610305958132045,0.0939345142243693,0.27509393451422437,
140,6.166129898013956,9.339774557165862,17.51207729468599,12.050456253354804,25.207997852925388,8.709071390230811,7.722758990874933,7.7898550724637685,3.69699409554482,1.261406333870102,0.17444981213097155,0.0939345142243693,0.27509393451422437,
141,6.273483628556092,9.339774557165862,17.391304347826086,12.385936661298981,25.05367686527107,8.628556092324208,7.561728395061729,7.7898550724637685,3.6902844873859366,1.3419216317767042,0.17444981213097155,0.0939345142243693,0.27509393451422437,
142,6.286902844873859,9.386741814278047,17.223564143854,12.466451959205582,24.771873322597962,8.57487922705314,7.447665056360709,8.145464304884594,3.670155662909286,1.482823403113258,0.17444981213097155,0.0939345142243693,0.27509393451422437,
143,6.360708534621578,9.333064949006978,18.303811057434245,12.5402576489533,23.463499731615673,8.57487922705314,7.64224369296833,8.091787439613526,3.717122920021471,1.42914653784219,0.1878690284487386,0.0939345142243693,0.2616747181964573,
144,6.327160493827161,9.265968867418144,18.06226516371444,12.5,23.376274825550187,8.608427267847558,8.017981749865807,8.132045088566828,3.6902844873859366,1.42914653784219,0.2214170692431562,0.10735373054213634,0.2616747181964573,
145,6.421095008051529,9.158615136876007,18.10252281266774,12.721417069243156,23.05421363392378,8.809715512614064,7.9039184111647875,8.205850778314547,3.629898013955985,1.402308105206656,0.2214170692431562,0.10735373054213634,0.2616747181964573,
146,6.481481481481482,9.138486312399356,17.85426731078905,13.050187869028449,22.906602254428343,8.756038647342995,7.87037037037037,8.360171765968868,3.4822866344605474,1.5163714439076759,0.2147074610842727,0.10735373054213634,0.2616747181964573,
147,6.474771873322598,9.131776704240472,17.8743961352657,13.170960815888352,22.73886205045625,8.80300590445518,7.75630703166935,8.246108427267847,3.556092324208266,1.6237251744498122,0.24154589371980675,0.12077294685990338,0.2616747181964573,
148,6.1929683306494905,7.675791733762749,16.908212560386474,14.915458937198068,24.020397208803004,8.57487922705314,7.863660762211487,8.132045088566828,3.5426731078904994,1.556629092860977,0.24154589371980675,0.11406333870101985,0.2616747181964573,
149,6.179549114331723,7.501341921631776,16.760601180891037,15.150295222758992,23.758722490606548,8.695652173913043,7.856951154052603,8.259527643585615,3.7104133118625873,1.5230810520665594,0.2281266774020397,0.11406333870101985,0.2616747181964573,
150,6.253354804079442,7.4208266237251745,17.411433172302736,15.210681696188942,23.429951690821255,8.588298443370908,7.729468599033816,8.172302737520129,3.6366076221148687,1.5297906602254427,0.2549651100375738,0.11406333870101985,0.24825550187869028,
151,5.9447128287707995,6.884057971014493,15.318035426731079,13.291733762748256,27.771068169618893,8.440687063875469,8.836553945249598,8.246108427267847,3.5091250670960816,1.1674718196457328,0.2549651100375738,0.08722490606548577,0.24825550187869028,
152,6.031937734836285,6.870638754696726,15.150295222758992,13.365539452495975,27.3215244229737,8.353462157809984,8.836553945249598,8.581588835212024,3.5762211486849167,1.1943102522812667,0.322061191626409,0.08722490606548577,0.30864197530864196,
153,6.031937734836285,6.870638754696726,17.337627482555018,12.842190016103059,26.147342995169083,8.219269994632313,8.883521202361782,8.333333333333334,3.4957058507783145,1.1137949543746646,0.32877079978529256,0.08722490606548577,0.30864197530864196,
154,5.622651637144391,6.756575415995706,18.364197530864196,11.98336017176597,28.388352120236178,7.7898550724637685,7.863660762211487,8.071658615136876,3.4957058507783145,0.9460547504025765,0.30193236714975846,0.08722490606548577,0.32877079978529256,
155,5.662909286097692,6.622383252818035,18.357487922705314,11.969940955448202,28.166935050993022,8.024691358024691,7.803274288781535,8.205850778314547,3.5225442834138487,0.9594739667203436,0.30193236714975846,0.07380568974771873,0.32877079978529256,
156,5.750134192163178,6.622383252818035,18.344068706387546,11.949812130971551,27.95222758990875,8.017981749865807,7.763016639828234,8.32662372517445,3.6097691894793345,0.9594739667203436,0.30193236714975846,0.07380568974771873,0.32877079978529256,
157,5.797101449275362,6.588835212023618,18.183038110574344,12.057165861513688,27.811325818572197,7.997852925389157,7.997852925389157,8.272946859903382,3.616478797638218,0.9594739667203436,0.3153515834675255,0.07380568974771873,0.32877079978529256,
158,5.964841653247451,6.568706387546968,18.08239398819109,12.090713902308105,27.78448738593666,8.024691358024691,7.856951154052603,8.32662372517445,3.6500268384326353,0.9326355340848095,0.3153515834675255,0.07380568974771873,0.32877079978529256,
159,5.850778314546431,6.528448738593666,17.881105743424584,12.016908212560386,27.4422973698336,8.185721953837897,8.05823939881911,8.655394524959743,3.7238325281803544,0.9326355340848095,0.3153515834675255,0.07380568974771873,0.33548040794417605,
160,5.71658615136876,6.347289318303811,21.36339237788513,12.177938808373591,24.496779388083738,8.165593129361245,8.044820182501342,8.293075684380032,3.7238325281803544,0.9326355340848095,0.3153515834675255,0.08722490606548577,0.33548040794417605,
161,5.803811057434245,6.1929683306494905,21.07487922705314,12.305421363392378,24.382716049382715,8.172302737520129,8.044820182501342,8.53462157809984,3.8177670424047236,0.9057971014492754,0.3153515834675255,0.08722490606548577,0.36231884057971014,
162,5.803811057434245,6.159420289855072,20.98094471282877,12.453032742887816,24.27536231884058,8.158883521202362,8.111916264090176,8.561460010735374,3.8177670424047236,0.8923778851315083,0.3421900161030596,0.08722490606548577,0.35560923242082665,
163,5.931293612453032,6.139291465378422,20.78636607622115,12.513419216317766,24.094202898550726,8.225979602791197,8.172302737520129,8.59500805152979,3.864734299516908,0.8789586688137413,0.3421900161030596,0.08722490606548577,0.36902844873859364,
164,5.964841653247451,6.112453032742888,20.531400966183575,12.828770799785293,24.013687600644122,8.232689210950081,8.21256038647343,8.494363929146537,3.898282340311326,0.8923778851315083,0.36231884057971014,0.08722490606548577,0.36902844873859364,
165,6.045356951154052,6.099033816425121,20.551529790660226,12.634192163177671,23.939881910896403,8.179012345679013,8.266237251744498,8.709071390230811,3.878153515834675,0.8789586688137413,0.3757380568974772,0.08722490606548577,0.35560923242082665,
166,6.052066559312936,6.092324208266238,20.605206655931294,12.526838432635534,23.785560923242084,8.668813741277509,8.158883521202362,8.682232957595277,3.797638217928073,0.8588298443370908,0.32877079978529256,0.08722490606548577,0.35560923242082665,
167,6.0654857756307035,5.938003220611916,20.457595276435857,12.76838432635534,23.678207192699947,8.641975308641975,8.199141170155663,8.729200214707461,3.8714439076757916,0.8521202361782072,0.3421900161030596,0.08051529790660225,0.35560923242082665,0.020128824476650563
168,5.998389694041868,5.810520665593129,21.108427267847556,12.701288244766506,23.577563070316693,8.849973161567364,7.971014492753623,8.608427267847558,3.7104133118625873,0.8387010198604401,0.36902844873859364,0.08051529790660225,0.35560923242082665,0.020128824476650563
169,6.025228126677402,5.783682232957595,21.16881374127751,12.754965110037574,23.32259796027912,8.76274825550188,7.971014492753623,8.76274825550188,3.784219001610306,0.8387010198604401,0.36902844873859364,0.08051529790660225,0.35560923242082665,0.020128824476650563
170,6.146001073537305,5.756843800322061,20.987654320987655,12.721417069243156,23.060923242082662,8.80300590445518,8.044820182501342,8.930488459473967,3.898282340311326,0.8252818035426731,0.36902844873859364,0.08051529790660225,0.35560923242082665,0.020128824476650563
171,6.152710681696189,5.6964573268921095,20.813204508856682,12.634192163177671,22.993827160493826,8.99087493290392,8.064949006977992,9.024422973698336,3.9586688137412773,0.8252818035426731,0.38915727321524424,0.08051529790660225,0.35560923242082665,0.020128824476650563
172,6.179549114331723,5.669618894256575,20.699141170155663,13.050187869028449,22.638217928073,8.883521202361782,8.266237251744498,8.917069243156199,4.025764895330113,0.8319914117015567,0.38915727321524424,0.08051529790660225,0.3488996242619431,0.020128824476650563
