,45,50,51,52,54,55,53,57,56,58
0,98.64465915190553,1.3553408480944713,,,,,,,,
1,98.55743424584004,1.442565754159957,,,,,,,,
2,98.18169618894257,1.8183038110574343,,,,,,,,
3,95.87359098228663,4.126409017713366,,,,,,,,
4,95.87359098228663,4.126409017713366,,,,,,,,
5,95.12211486849168,3.455448201825013,1.4224369296833066,,,,,,,
6,92.23698336017176,6.340579710144928,1.4224369296833066,,,,,,,
7,92.0558239398819,6.521739130434782,1.4224369296833066,,,,,,,
8,88.29844337090714,10.292538915727322,1.4090177133655395,,,,,,,
9,87.50670960815889,11.084272678475577,1.4090177133655395,,,,,,,
10,87.52012882447666,11.07085346215781,1.4090177133655395,,,,,,,
11,87.5805152979066,11.010466988727858,1.4090177133655395,,,,,,,
12,84.55448201825014,14.036500268384327,1.4090177133655395,,,,,,,
13,84.58803005904456,14.002952227589908,1.4090177133655395,,,,,,,
14,76.27482555018787,23.30246913580247,0.4227053140096618,,,,,,,
15,76.4224369296833,23.15485775630703,0.4227053140096618,,,,,,,
16,76.17418142780461,23.403113258185723,0.4227053140096618,,,,,,,
17,76.11379495437467,23.463499731615673,0.4227053140096618,,,,,,,
18,75.86553945249598,22.785829307568438,0.4227053140096618,0.8185721953837896,0.10735373054213634,,,,,
19,76.04669887278583,22.604669887278583,0.4227053140096618,0.8185721953837896,0.10735373054213634,,,,,
20,76.15405260332797,20.74610842726785,0.4227053140096618,0.8185721953837896,0.10735373054213634,1.751207729468599,,,,
21,76.27482555018787,20.625335480407944,0.4227053140096618,0.8185721953837896,0.10735373054213634,1.751207729468599,,,,
22,76.27482555018787,20.625335480407944,0.4227053140096618,0.8185721953837896,0.10735373054213634,1.751207729468599,,,,
23,74.24852388620505,19.55179817498658,3.5225442834138487,0.8185721953837896,0.10735373054213634,1.751207729468599,,,,
24,70.6857219538379,23.11460010735373,3.5225442834138487,0.8185721953837896,0.10735373054213634,1.751207729468599,,,,
25,70.38378958668814,22.758990874932906,3.2139023081052067,1.7847557702630166,0.10735373054213634,1.751207729468599,,,,
26,59.265968867418145,33.984165324745035,3.2139023081052067,1.7847557702630166,,1.751207729468599,,,,
27,59.333064949006975,33.9170692431562,3.2139023081052067,1.7847557702630166,,1.751207729468599,,,,
28,59.05797101449275,33.73590982286635,3.670155662909286,1.7847557702630166,,1.751207729468599,,,,
29,59.11164787976382,33.54804079441761,3.670155662909286,1.7847557702630166,0.13419216317767044,1.751207729468599,,,,
30,59.15861513687601,33.5077831454643,3.6634460547504024,1.7847557702630166,0.13419216317767044,1.751207729468599,,,,
31,56.01851851851852,36.69484702093398,3.616478797638218,1.7847557702630166,0.13419216317767044,1.751207729468599,,,,
32,56.13258185721954,36.66800858829844,3.556092324208266,1.7847557702630166,0.13419216317767044,1.724369296833065,,,,
33,56.21309715512614,36.61433172302738,3.549382716049383,1.778046162104133,0.13419216317767044,1.710950080515298,,,,
34,55.95142243692968,36.87600644122383,3.549382716049383,1.778046162104133,0.13419216317767044,1.710950080515298,,,,
35,55.75013419216318,36.560654857756305,3.2139023081052067,2.6972624798711755,0.13419216317767044,1.6438539989264627,,,,
36,54.21363392377885,33.8365539452496,7.816693505099302,2.3752012882447664,0.13419216317767044,1.6237251744498122,,,,
37,53.42190016103059,28.99892646269458,7.769726247987117,8.051529790660226,0.13419216317767044,1.6237251744498122,,,,
38,53.52254428341385,28.911701556629094,7.769726247987117,8.038110574342458,0.13419216317767044,1.6237251744498122,,,,
39,53.5426731078905,28.891572732152444,7.769726247987117,8.038110574342458,0.13419216317767044,1.6237251744498122,,,,
40,51.74449812130972,30.059044551798173,7.75630703166935,8.038110574342458,0.13419216317767044,1.6237251744498122,0.644122383252818,,,
41,51.7914653784219,30.01207729468599,7.75630703166935,8.038110574342458,0.13419216317767044,1.6237251744498122,0.644122383252818,,,
42,48.349436392914654,26.01315083199141,16.774020397208805,6.977992485238862,0.13419216317767044,1.2345679012345678,0.5166398282340311,,,
43,47.85963499731616,26.402308105206657,16.7337627482555,7.118894256575416,0.13419216317767044,1.2345679012345678,0.5166398282340311,,,
44,44.60547504025765,29.488727858293075,16.71363392377885,7.306763285024155,0.13419216317767044,1.2345679012345678,0.5166398282340311,,,
45,43.08910359634997,30.20665593129361,16.505636070853463,8.011272141706923,0.24154589371980675,1.42914653784219,0.5166398282340311,,,
46,42.954911433172306,30.16639828234031,16.418411164787976,8.011272141706923,0.35560923242082665,1.5767579173376274,0.5166398282340311,,,
47,42.961621041331185,30.307300053676865,16.304347826086957,8.011272141706923,0.35560923242082665,1.5432098765432098,0.5166398282340311,,,
48,40.365002683843265,32.8569511540526,16.29092860976919,7.957595276435856,0.46967257112184646,1.5432098765432098,0.5166398282340311,,,
49,40.45893719806763,32.83682232957595,16.29092860976919,7.930756843800322,0.46967257112184646,1.4962426194310252,0.5166398282340311,,,
50,40.45222758990875,31.816961889425656,16.19699409554482,9.05126140633387,0.46967257112184646,1.4962426194310252,0.5166398282340311,,,
51,40.64680622651637,31.53515834675255,16.049382716049383,9.044551798174986,0.7112184648416533,1.4962426194310252,0.5166398282340311,,,
52,39.40552871712292,32.96430488459474,15.982286634460548,8.984165324745035,0.5703166935050993,1.4962426194310252,0.5971551261406334,,,
53,39.44578636607622,32.94417606011809,15.962157809983896,8.984165324745035,0.5703166935050993,1.4962426194310252,0.5971551261406334,,,
54,38.788244766505635,32.078636607622116,18.089103596349972,8.541331186258722,0.4092860976918948,1.4962426194310252,0.5971551261406334,,,
55,38.7211486849168,31.93102522812668,17.68652710681696,9.31964573268921,0.4092860976918948,1.3352120236178207,0.5971551261406334,,,
56,38.459473966720346,30.10601180891036,17.67981749865808,9.31964573268921,2.7509393451422435,0.6642512077294686,1.0198604401502953,,,
57,29.320987654320987,39.62023617820719,17.351046698872786,9.292807300053678,2.7308105206655933,0.6642512077294686,1.0198604401502953,,,
58,28.73725174449812,36.540526033279654,21.4573268921095,8.950617283950617,2.6972624798711755,0.5971551261406334,1.0198604401502953,,,
59,28.764090177133657,33.78958668813741,21.4573268921095,8.950617283950617,2.703972088030059,0.5971551261406334,3.7372517444981215,,,
60,26.39559849704777,43.94122383252818,17.411433172302736,8.038110574342458,2.6301663982823404,0.5971551261406334,0.9863123993558777,,,
61,26.422436929683307,43.75335480407944,17.411433172302736,8.038110574342458,2.791196994095545,0.5971551261406334,0.9863123993558777,,,
62,25.99302200751476,44.236446591519055,17.391304347826086,8.004562533548041,2.791196994095545,0.5971551261406334,0.9863123993558777,,,
63,25.315351583467525,43.243424584004295,19.49812130971551,8.004562533548041,2.6301663982823404,0.5971551261406334,0.7112184648416533,,,
64,25.41599570585078,43.223295759527645,19.41760601180891,8.004562533548041,2.6301663982823404,0.5971551261406334,0.7112184648416533,,,
65,25.49651100375738,42.40472356414385,19.269994632313473,8.004562533548041,2.6301663982823404,0.5971551261406334,1.596886741814278,,,
66,25.563607085346217,42.43156199677939,19.249865807836823,7.1725711218464845,3.388352120236178,0.5971551261406334,1.596886741814278,,,
67,25.489801395598498,42.42485238862051,19.0955448201825,7.407407407407407,3.388352120236178,0.5971551261406334,1.596886741814278,,,
68,25.865539452495973,42.23698336017176,19.07541599570585,7.273215244229737,3.3816425120772946,0.5971551261406334,1.570048309178744,,,
69,26.060118089103597,42.1833064949007,18.99490069779925,7.273215244229737,3.3480944712828773,0.5971551261406334,1.5432098765432098,,,
70,26.174181427804616,41.84111647879764,19.236446591519055,7.273215244229737,3.3480944712828773,0.5971551261406334,1.5297906602254427,,,
71,26.227858293075684,41.80085882984434,19.223027375201287,7.273215244229737,3.3480944712828773,0.5971551261406334,1.5297906602254427,,,
72,26.160762211486848,41.63311862587225,15.593129361245303,11.158078368223295,3.3279656468062266,0.5971551261406334,1.5297906602254427,,,
73,26.20101986044015,41.59286097691895,15.593129361245303,11.158078368223295,3.3279656468062266,0.5971551261406334,1.5297906602254427,,,
74,26.073537305421365,41.38486312399356,13.063607085346217,13.895598497047773,3.455448201825013,0.5971551261406334,1.5297906602254427,,,
75,26.38888888888889,41.297638217928075,13.050187869028449,13.687600644122384,3.455448201825013,0.5971551261406334,1.5230810520665594,,,
76,26.50966183574879,41.26409017713365,13.01663982823403,13.633923778851315,3.455448201825013,0.5971551261406334,1.5230810520665594,,,
77,26.576757917337627,40.774288781535155,13.003220611916264,13.633923778851315,3.589640365002684,0.9326355340848095,1.4895330112721417,,,
78,26.120504562533547,41.34460547504026,12.902576489533011,13.620504562533547,3.589640365002684,0.9326355340848095,1.4895330112721417,,,
79,26.187600644122384,41.317767042404725,12.902576489533011,13.580246913580247,3.589640365002684,0.9326355340848095,1.4895330112721417,,,
80,26.42914653784219,40.995705850778315,12.855609232420827,13.580246913580247,3.589640365002684,1.0601180891035964,1.4895330112721417,,,
81,25.10064412238325,43.10252281266774,12.5,13.157541599570585,3.589640365002684,1.0601180891035964,1.4895330112721417,,,
82,25.47638217928073,42.70665593129361,12.432903918411165,13.130703166935051,3.589640365002684,1.2010198604401503,1.4626945786366077,,,
83,22.309447128287708,35.34621578099839,28.576221148684915,7.863660762211487,3.5762211486849167,0.8655394524959742,1.4626945786366077,,,
84,22.29602791196994,35.39318303811057,28.549382716049383,7.856951154052603,3.5762211486849167,0.8655394524959742,1.4626945786366077,,,
85,22.564412238325282,35.14492753623188,28.401771336553946,7.856951154052603,3.5762211486849167,0.9930220075147611,1.4626945786366077,,,
86,20.75281803542673,40.86151368760064,27.220880300590444,5.065754159957058,3.4822866344605474,1.1540526033279657,1.4626945786366077,,,
87,21.041331186258724,40.70048309178744,27.093397745571657,5.065754159957058,3.4822866344605474,1.1540526033279657,1.4626945786366077,,,
88,19.732957595276435,40.11003757380569,29.01905528717123,5.038915727321524,3.4822866344605474,1.1540526033279657,1.4626945786366077,,,
89,20.135534084809446,39.87520128824477,28.898282340311326,5.032206119162641,3.44873859366613,1.1473429951690821,1.4626945786366077,,,
90,20.169082125603865,39.781266774020395,28.75067096081589,5.005367686527107,3.44873859366613,1.3821792807300053,1.4626945786366077,,,
91,20.276435856146,39.48604401502952,28.683574879227052,5.005367686527107,3.4420289855072466,1.6572732152442298,1.4492753623188406,,,
92,20.645464304884594,39.14385399892646,28.556092324208265,4.985238862050457,3.4420289855072466,1.778046162104133,1.4492753623188406,,,
93,20.78636607622115,39.02308105206656,28.535963499731615,4.985238862050457,3.4420289855072466,1.778046162104133,1.4492753623188406,,,
94,20.974235104669887,38.81508319914117,28.488996242619432,4.985238862050457,3.4420289855072466,1.8451422436929683,1.4492753623188406,,,
95,21.175523349436393,38.66076221148685,28.31454643048846,4.985238862050457,3.4420289855072466,1.9726247987117553,1.4492753623188406,,,
96,21.07487922705314,38.238056897477186,28.85131508319914,4.985238862050457,3.4420289855072466,1.9592055823939882,1.4492753623188406,,,
97,21.115136876006442,38.197799248523886,28.85131508319914,4.985238862050457,3.4420289855072466,1.9592055823939882,1.4492753623188406,,,
98,21.22249060654858,38.137412775093935,28.81105743424584,4.951690821256038,3.4420289855072466,1.9592055823939882,1.4492753623188406,0.026838432635534086,,
99,21.833064949006978,37.70799785292539,28.629898013955984,4.951690821256038,3.3950617283950617,2.006172839506173,1.4492753623188406,0.026838432635534086,,
100,21.967257112184647,36.808910359635,28.650026838432634,4.898013955984971,3.3950617283950617,2.677133655394525,1.5767579173376274,0.026838432635534086,,
101,22.08132045088567,36.72168545356951,28.6231884057971,4.898013955984971,3.3950617283950617,2.677133655394525,1.5767579173376274,0.026838432635534086,,
102,22.27589908749329,36.460010735373054,28.6231884057971,4.898013955984971,3.4621578099838968,2.677133655394525,1.5767579173376274,0.026838432635534086,,
103,22.510735373054214,36.231884057971016,28.502415458937197,4.898013955984971,3.4621578099838968,2.6704240472356413,1.6975308641975309,0.026838432635534086,,
104,22.0276435856146,33.360171765968865,28.502415458937197,7.709339774557166,3.992216854535695,2.6972624798711755,1.6841116478797638,0.026838432635534086,,
105,22.38996242619431,33.279656468062264,28.22061191626409,7.709339774557166,3.992216854535695,2.6972624798711755,1.6841116478797638,0.026838432635534086,,
106,22.463768115942027,33.3064949006978,28.187063875469672,7.64224369296833,3.9519592055823938,2.6838432635534084,1.737788513150832,0.026838432635534086,,
107,22.396672034353195,31.508319914117017,27.482555018786904,7.930756843800322,3.8714439076757916,3.361513687600644,3.421900161030596,0.026838432635534086,,
108,22.84621578099839,31.09903381642512,27.214170692431562,7.890499194847021,3.8311862587224907,3.670155662909286,3.421900161030596,0.026838432635534086,,
109,23.05421363392378,31.03864734299517,27.093397745571657,7.890499194847021,3.8311862587224907,3.643317230273752,3.421900161030596,0.026838432635534086,,
110,23.295759527643586,30.971551261406333,27.012882447665056,7.890499194847021,3.8043478260869565,3.5762211486849167,3.421900161030596,0.026838432635534086,,
111,23.463499731615673,30.9044551798175,26.96591519055287,7.863660762211487,3.8043478260869565,3.549382716049383,3.421900161030596,0.026838432635534086,,
112,23.61111111111111,30.71658615136876,26.65727321524423,7.830112721417069,4.166666666666667,3.569511540526033,3.421900161030596,0.026838432635534086,,
113,22.920021470746107,29.851046698872786,27.70397208803006,7.514761137949543,4.166666666666667,3.7104133118625873,4.106280193236715,0.026838432635534086,,
114,22.920021470746107,29.851046698872786,27.70397208803006,7.514761137949543,4.166666666666667,3.7104133118625873,4.106280193236715,0.026838432635534086,,
115,23.027375201288244,29.851046698872786,27.616747181964573,7.514761137949543,4.146537842190016,3.7104133118625873,4.106280193236715,0.026838432635534086,,
116,23.10789049919485,29.891304347826086,27.529522275899087,7.454374664519592,4.1129898013955986,3.784219001610306,4.0995705850778315,0.020128824476650563,,
117,22.282608695652176,28.28099838969404,27.3215244229737,11.044015029522276,3.978797638217928,3.750670960815888,3.321256038647343,0.020128824476650563,,
118,22.36983360171766,28.22061191626409,27.294685990338163,11.017176596886742,4.53569511540526,3.750670960815888,2.791196994095545,0.020128824476650563,,
119,22.6784755770263,28.046162104133117,27.20746108427268,11.017176596886742,4.522275899087493,3.717122920021471,2.791196994095545,0.020128824476650563,,
120,22.765700483091788,27.891841116478798,26.838432635534083,10.970209339774557,4.522275899087493,4.066022544283414,2.771068169618894,0.020128824476650563,0.15432098765432098,
121,22.208803005904453,27.241009125067094,26.623725174449813,12.654320987654321,4.522275899087493,3.8043478260869565,2.771068169618894,0.020128824476650563,0.15432098765432098,
122,22.282608695652176,27.200751476113794,26.476113794954376,12.640901771336553,4.522275899087493,3.9318303811057436,2.771068169618894,0.020128824476650563,0.15432098765432098,
123,22.23564143853999,26.8317230273752,26.41572732152442,12.620772946859903,4.522275899087493,4.448470209339774,2.6972624798711755,0.020128824476650563,0.20799785292538917,
124,22.423510466988727,26.7914653784219,26.33521202361782,12.587224906065487,4.488727858293076,4.448470209339774,2.6972624798711755,0.020128824476650563,0.20799785292538917,
125,22.644927536231883,26.764626945786365,26.227858293075684,12.580515297906603,4.488727858293076,4.367954911433173,2.6972624798711755,0.020128824476650563,0.20799785292538917,
126,22.490606548577563,26.50295222758991,26.10708534621578,12.580515297906603,4.663177670424047,4.562533548040794,2.8650026838432634,0.020128824476650563,0.20799785292538917,
127,22.423510466988727,26.060118089103597,26.039989264626946,12.580515297906603,4.51556629092861,4.542404723564144,3.6097691894793345,0.020128824476650563,0.20799785292538917,
128,22.423510466988727,26.019860440150296,26.019860440150296,12.580515297906603,4.51556629092861,4.602791196994096,3.6097691894793345,0.020128824476650563,0.20799785292538917,
129,22.69189479334407,25.91250670960816,25.89908749329039,12.573805689747719,4.51556629092861,4.569243156199678,3.6097691894793345,0.020128824476650563,0.20799785292538917,
130,22.926731078904993,25.885668276972623,25.81857219538379,12.278582930756844,4.777241009125067,4.569243156199678,3.5292538915727323,0.020128824476650563,0.19457863660762212,
131,23.013955984970476,25.885668276972623,25.711218464841654,12.278582930756844,4.864465915190553,4.555823939881911,3.475577026301664,0.020128824476650563,0.19457863660762212,
132,23.22866344605475,25.697799248523886,25.637412775093935,12.25174449812131,4.864465915190553,4.656468062265164,3.475577026301664,0.020128824476650563,0.16774020397208803,
133,23.282340311325818,25.429414922168544,25.711218464841654,12.218196457326892,5.038915727321524,4.656468062265164,3.475577026301664,0.020128824476650563,0.16774020397208803,
134,23.45679012345679,25.36231884057971,25.657541599570585,12.084004294149223,4.99194847020934,4.656468062265164,3.475577026301664,0.14761137949543746,0.16774020397208803,
135,23.785560923242084,25.308641975308642,25.603864734299517,11.862587224906065,4.99194847020934,4.656468062265164,3.475577026301664,0.14761137949543746,0.16774020397208803,
136,23.872785829307567,25.308641975308642,25.51663982823403,11.862587224906065,4.99194847020934,4.656468062265164,3.475577026301664,0.14761137949543746,0.16774020397208803,
137,23.980139559849704,25.248255501878692,25.469672571121848,11.862587224906065,4.99194847020934,4.656468062265164,3.475577026301664,0.14761137949543746,0.16774020397208803,
138,24.214975845410628,25.248255501878692,25.38244766505636,11.829039184111648,4.99194847020934,4.656468062265164,3.361513687600644,0.14761137949543746,0.16774020397208803,
139,23.67149758454106,25.0805152979066,26.120504562533547,11.829039184111648,4.99194847020934,4.62962962962963,3.361513687600644,0.14761137949543746,0.16774020397208803,
140,23.752012882447666,25.0805152979066,26.080246913580247,11.822329575952764,4.978529253891573,4.616210413311863,3.361513687600644,0.14090177133655393,0.16774020397208803,
141,24.194847020933977,24.832259796027913,25.785024154589372,11.782071926999464,4.978529253891573,4.757112184648417,3.361513687600644,0.14090177133655393,0.16774020397208803,
142,24.476650563607084,24.758454106280194,25.684380032206118,11.674718196457327,4.9718196457326895,4.797369833601718,3.3279656468062266,0.14090177133655393,0.16774020397208803,
143,24.376006441223833,24.724906065485776,24.932903918411164,11.231884057971014,4.944981213097155,4.74369296833065,4.736983360171766,0.14090177133655393,0.16774020397208803,
144,24.50348899624262,24.664519592055825,24.63768115942029,11.332528180354267,4.891304347826087,4.74369296833065,4.951690821256038,0.14090177133655393,0.13419216317767044,
145,24.570585077831456,24.664519592055825,24.60413311862587,11.332528180354267,4.85775630703167,4.74369296833065,4.951690821256038,0.14090177133655393,0.13419216317767044,
146,24.67793880837359,24.644390767579175,24.27536231884058,11.312399355877616,4.85775630703167,5.005367686527107,4.951690821256038,0.14090177133655393,0.13419216317767044,
147,24.86580783682233,24.570585077831456,24.02710681696189,11.285560923242082,4.911433172302737,5.112721417069243,4.951690821256038,0.14090177133655393,0.13419216317767044,
148,25.120772946859905,24.50348899624262,23.89291465378422,11.258722490606548,4.911433172302737,5.0858829844337095,4.951690821256038,0.14090177133655393,0.13419216317767044,
149,25.140901771336555,24.48336017176597,23.89291465378422,11.124530327428879,4.898013955984971,5.0858829844337095,4.951690821256038,0.2885131508319914,0.13419216317767044,
150,25.489801395598498,23.859366612989803,23.597691894793343,11.017176596886742,4.998658078368224,5.689747718733226,4.924852388620504,0.2885131508319914,0.13419216317767044,
151,25.261674718196456,23.597691894793343,24.00697799248524,10.929951690821255,4.985238862050457,5.978260869565218,4.824208266237251,0.28180354267310787,0.13419216317767044,
152,25.369028448738593,23.65136876006441,23.946591519055286,10.829307568438002,4.938271604938271,5.978260869565218,4.824208266237251,0.28180354267310787,0.18115942028985507,
153,25.53676865271068,23.63123993558776,23.89291465378422,10.829307568438002,4.938271604938271,5.884326355340848,4.824208266237251,0.28180354267310787,0.18115942028985507,
154,25.597155126140635,23.564143853998928,23.778851315083198,10.829307568438002,4.938271604938271,6.005099302200751,4.824208266237251,0.28180354267310787,0.18115942028985507,
155,25.348899624261943,23.275630703166936,23.60440150295223,11.218464841653248,4.998658078368224,5.991680085882985,4.824208266237251,0.27509393451422437,0.46296296296296297,
156,25.543478260869566,23.255501878690286,23.523886205045624,11.131239935587761,4.99194847020934,5.991680085882985,4.824208266237251,0.27509393451422437,0.46296296296296297,
157,25.771604938271604,23.19511540526033,23.45679012345679,11.064143853998926,4.99194847020934,5.978260869565218,4.824208266237251,0.2549651100375738,0.46296296296296297,
158,25.89237788513151,22.98040794417606,23.423242082662373,11.064143853998926,4.978529253891573,6.152710681696189,4.790660225442834,0.2549651100375738,0.46296296296296297,
159,25.925925925925927,22.342995169082126,23.2487922705314,11.023886205045626,6.1862587224906065,5.703166935050993,4.851046698872786,0.2549651100375738,0.46296296296296297,
160,25.91921631776704,22.309447128287708,22.993827160493826,11.366076221148685,6.1862587224906065,5.676328502415459,4.830917874396135,0.2549651100375738,0.46296296296296297,
161,26.41572732152442,22.114868491680085,22.644927536231883,11.366076221148685,6.112453032742888,5.83064949006978,4.797369833601718,0.2549651100375738,0.46296296296296297,
162,26.422436929683307,21.70558239398819,22.591250670960815,11.3593666129898,6.910896403650026,5.501878690284487,4.790660225442834,0.2549651100375738,0.46296296296296297,
163,26.321792807300053,20.28985507246377,22.584541062801932,12.969672571121846,6.910896403650026,5.414653784219001,4.790660225442834,0.2549651100375738,0.46296296296296297,
164,26.402308105206657,20.242887815351583,22.450348899624263,12.969672571121846,6.890767579173376,5.535426731078905,4.790660225442834,0.2549651100375738,0.46296296296296297,
165,26.650563607085346,20.229468599033815,22.21551261406334,12.922705314009661,6.890767579173376,5.535426731078905,4.736983360171766,0.2549651100375738,0.5636070853462157,
166,26.710950080515296,20.229468599033815,22.148416532474503,12.922705314009661,6.957863660762212,5.501878690284487,4.7101449275362315,0.2549651100375738,0.5636070853462157,
167,26.89210950080515,19.746376811594203,22.128287707997853,12.546967257112184,6.904186795491143,5.501878690284487,5.4616210413311865,0.2549651100375738,0.5636070853462157,
168,27.126945786366075,19.672571121846484,22.128287707997853,12.546967257112184,6.904186795491143,5.495169082125604,5.307300053676865,0.2549651100375738,0.5636070853462157,
169,27.22758990874933,19.64573268921095,22.094739667203434,12.546967257112184,6.904186795491143,5.475040257648954,5.287171229200215,0.2549651100375738,0.5636070853462157,
170,27.502683843263554,19.504830917874397,22.041062801932366,12.546967257112184,7.0450885668276975,5.253623188405797,5.287171229200215,0.2549651100375738,0.5636070853462157,
171,27.74422973698336,19.47799248523886,21.947128287707997,12.533548040794418,7.0383789586688135,5.166398282340311,5.273752012882448,0.2549651100375738,0.5636070853462157,
172,27.95222758990875,19.33709071390231,22.061191626409016,12.513419216317766,6.890767579173376,5.166398282340311,5.260332796564681,0.2549651100375738,0.5636070853462157,
173,27.70397208803006,17.975040257648953,24.255233494363928,12.432903918411165,6.837090713902308,5.166398282340311,4.810789049919484,0.2549651100375738,0.5636070853462157,
174,27.83816425120773,17.975040257648953,24.255233494363928,12.298711755233494,6.837090713902308,5.166398282340311,4.810789049919484,0.2549651100375738,0.5636070853462157,
175,27.979066022544284,17.975040257648953,24.22168545356951,12.191358024691358,6.837090713902308,5.166398282340311,4.810789049919484,0.2549651100375738,0.5636070853462157,
176,27.91867954911433,17.954911433172303,24.630971551261407,12.191358024691358,6.837090713902308,5.018786902844874,4.62962962962963,0.2549651100375738,0.5636070853462157,
177,28.14009661835749,17.753623188405797,24.57729468599034,12.13768115942029,6.743156199677939,5.01207729468599,4.817498658078368,0.2549651100375738,0.5636070853462157,
178,28.153515834675254,17.726784755770264,24.57729468599034,12.04374664519592,6.260064412238325,4.7168545356951155,5.703166935050993,0.2549651100375738,0.5636070853462157,
179,28.388352120236178,17.659688674181428,24.302200751476114,12.04374664519592,6.260064412238325,4.730273752012883,5.797101449275362,0.2549651100375738,0.5636070853462157,
180,28.495705850778315,17.659688674181428,24.255233494363928,12.04374664519592,6.239935587761675,4.730273752012883,5.797101449275362,0.24825550187869028,0.5300590445517982,
181,28.5426731078905,17.639559849704778,24.154589371980677,12.04374664519592,6.239935587761675,4.817498658078368,5.783682232957595,0.24825550187869028,0.5300590445517982,
182,28.743961352657006,17.60601180891036,24.000268384326354,12.010198604401502,6.320450885668277,4.817498658078368,5.723295759527644,0.24825550187869028,0.5300590445517982,
183,27.2812667740204,16.324476650563607,29.220343531937736,11.506977992485238,5.300590445517981,4.441760601180891,5.146269457863661,0.24825550187869028,0.5300590445517982,
184,27.408749329039185,16.324476650563607,29.11969940955448,11.493558776167472,5.287171229200215,4.441760601180891,5.146269457863661,0.24825550187869028,0.5300590445517982,
185,27.38191089640365,16.324476650563607,29.0727321524423,11.480139559849706,5.287171229200215,4.435050993022007,5.24020397208803,0.24825550187869028,0.5300590445517982,
186,27.509393451422437,16.243961352657006,28.978797638217927,11.258722490606548,5.287171229200215,4.7101449275362315,5.233494363929147,0.24825550187869028,0.5300590445517982,
187,27.737520128824478,16.203703703703702,28.965378421900162,11.191626409017713,5.260332796564681,4.7101449275362315,5.152979066022544,0.24825550187869028,0.5300590445517982,
188,27.905260332796566,16.15673644659152,28.864734299516908,11.191626409017713,5.260332796564681,4.643048845947397,5.199946323134729,0.24825550187869028,0.5300590445517982,
189,27.985775630703166,16.13660762211487,28.85131508319914,11.144659151905529,5.260332796564681,4.643048845947397,5.199946323134729,0.24825550187869028,0.5300590445517982,
190,28.515834675254965,16.089640365002683,28.56280193236715,11.037305421363392,5.260332796564681,4.5893719806763285,5.166398282340311,0.24825550187869028,0.5300590445517982,
191,28.56280193236715,16.056092324208265,28.56280193236715,11.037305421363392,5.260332796564681,4.582662372517445,5.166398282340311,0.24154589371980675,0.5300590445517982,
192,28.837895866881375,16.056092324208265,28.529253891572733,10.929951690821255,5.260332796564681,4.582662372517445,5.032206119162641,0.24154589371980675,0.5300590445517982,
193,28.824476650563607,16.009125067096083,28.32125603864734,11.20504562533548,5.166398282340311,4.582662372517445,5.119431025228127,0.24154589371980675,0.5300590445517982,
194,28.938539989264626,16.009125067096083,28.213902308105208,11.198336017176597,5.166398282340311,4.582662372517445,5.119431025228127,0.24154589371980675,0.5300590445517982,
195,28.83118625872249,15.143585614600108,28.119967793880836,11.198336017176597,5.119431025228127,5.6964573268921095,5.119431025228127,0.24154589371980675,0.5300590445517982,
196,28.85131508319914,15.136876006441224,27.945517981749866,11.178207192699947,5.314009661835748,5.776972624798712,5.025496511003757,0.24154589371980675,0.5300590445517982,
197,28.958668813741276,15.096618357487923,27.87842190016103,11.178207192699947,5.314009661835748,5.776972624798712,5.025496511003757,0.24154589371980675,0.5300590445517982,
198,28.938539989264626,15.083199141170155,27.66371443907676,11.151368760064413,5.300590445517981,6.0654857756307035,5.025496511003757,0.24154589371980675,0.5300590445517982,
199,29.146537842190018,14.989264626945786,27.469135802469136,11.117820719269995,5.300590445517981,6.179549114331723,5.025496511003757,0.24154589371980675,0.5300590445517982,
200,29.159957058507782,14.989264626945786,27.469135802469136,11.117820719269995,5.287171229200215,6.179549114331723,5.025496511003757,0.24154589371980675,0.5300590445517982,
201,29.381374127750938,14.962426194310252,27.408749329039185,11.117820719269995,5.159688674181428,6.179549114331723,5.018786902844874,0.24154589371980675,0.5300590445517982,
202,29.582662372517444,14.868491680085883,27.361782071927,10.997047772410092,5.159688674181428,6.239935587761675,5.018786902844874,0.24154589371980675,0.5300590445517982,
203,29.59608158883521,14.855072463768115,27.361782071927,10.997047772410092,5.159688674181428,6.239935587761675,5.018786902844874,0.24154589371980675,0.5300590445517982,
204,29.918142780461622,14.821524422973699,27.160493827160494,10.990338164251208,5.159688674181428,6.239935587761675,4.938271604938271,0.24154589371980675,0.5300590445517982,
205,30.018786902844873,14.821524422973699,27.13365539452496,10.916532474503489,5.159688674181428,6.239935587761675,4.938271604938271,0.24154589371980675,0.5300590445517982,
206,30.018786902844873,14.492753623188406,28.032742887815353,10.695115405260333,5.159688674181428,5.891035963499732,4.938271604938271,0.24154589371980675,0.5300590445517982,
207,30.079173376274827,14.452495974235104,27.549651100375737,10.601180891035963,5.159688674181428,6.447933440687064,4.938271604938271,0.24154589371980675,0.5300590445517982,
208,30.173107890499196,14.38539989264627,27.549651100375737,10.601180891035963,5.146269457863661,6.4345142243692965,4.938271604938271,0.24154589371980675,0.5300590445517982,
209,30.307300053676865,14.298174986580785,27.522812667740205,10.601180891035963,5.146269457863661,6.421095008051529,4.931561996779388,0.24154589371980675,0.5300590445517982,
210,30.401234567901234,14.251207729468598,27.4422973698336,11.097691894793345,4.904723564143854,6.233225979602791,4.898013955984971,0.24154589371980675,0.5300590445517982,
211,30.595813204508858,14.197530864197532,27.361782071927,11.097691894793345,4.904723564143854,6.179549114331723,4.891304347826087,0.24154589371980675,0.5300590445517982,
212,30.555555555555557,14.170692431561998,27.361782071927,11.084272678475577,4.985238862050457,6.179549114331723,4.891304347826087,0.24154589371980675,0.5300590445517982,
213,30.54213633923779,14.056629092860977,27.34165324745035,11.084272678475577,5.132850241545894,6.179549114331723,4.891304347826087,0.24154589371980675,0.5300590445517982,
214,30.709876543209877,14.056629092860977,27.100107353730543,11.044015029522276,5.112721417069243,6.233225979602791,4.9718196457326895,0.24154589371980675,0.5300590445517982,
215,30.776972624798713,13.526570048309178,26.818303811057433,11.896135265700483,5.005367686527107,6.1929683306494905,4.911433172302737,0.24154589371980675,0.630703166935051,
216,30.931293612453032,13.425925925925926,26.80488459473967,11.882716049382717,5.005367686527107,6.166129898013956,4.911433172302737,0.24154589371980675,0.630703166935051,
217,31.04535695115405,13.399087493290391,26.744498121309714,11.882716049382717,5.005367686527107,6.166129898013956,4.884594739667204,0.24154589371980675,0.630703166935051,
218,30.891035963499732,12.808641975308642,26.704240472356414,11.882716049382717,5.005367686527107,6.964573268921095,4.871175523349437,0.24154589371980675,0.630703166935051,
219,30.52871712292002,12.754965110037574,27.455716586151368,11.748523886205046,4.898013955984971,6.964573268921095,4.777241009125067,0.24154589371980675,0.630703166935051,
220,30.817230273752013,12.754965110037574,27.200751476113794,11.728395061728396,4.884594739667204,6.964573268921095,4.777241009125067,0.24154589371980675,0.630703166935051,
221,31.04535695115405,12.754965110037574,27.140365002683843,11.728395061728396,4.810789049919484,6.9310252281266775,4.7168545356951155,0.24154589371980675,0.630703166935051,
222,31.105743424584006,12.754965110037574,27.093397745571657,11.728395061728396,4.810789049919484,6.9310252281266775,4.703435319377348,0.24154589371980675,0.630703166935051,
223,31.13929146537842,12.72812667740204,27.026301663982824,11.694847020933977,4.810789049919484,6.9310252281266775,4.703435319377348,0.24154589371980675,0.7246376811594203,
224,31.19296833064949,12.701288244766506,26.912238325281802,11.694847020933977,4.783950617283951,6.9310252281266775,4.817498658078368,0.24154589371980675,0.7246376811594203,
225,31.21309715512614,12.661030595813205,26.912238325281802,11.66129898013956,4.757112184648417,6.9310252281266775,4.898013955984971,0.24154589371980675,0.7246376811594203,
226,31.353998926462694,12.493290391841116,26.878690284487387,11.580783682232958,4.904723564143854,6.9310252281266775,4.891304347826087,0.24154589371980675,0.7246376811594203,
227,31.488191089640367,12.473161567364466,26.78475577026302,11.574074074074074,4.904723564143854,6.9310252281266775,4.87788513150832,0.24154589371980675,0.7246376811594203,
228,31.696188942565755,12.473161567364466,26.52308105206656,11.486849168008588,4.884594739667204,6.91760601180891,4.8376274825550185,0.36231884057971014,0.8185721953837896,
229,31.816961889425656,12.473161567364466,26.41572732152442,11.473429951690822,4.884594739667204,6.91760601180891,4.8376274825550185,0.36231884057971014,0.8185721953837896,
230,31.87734836285561,12.473161567364466,26.41572732152442,11.43317230273752,4.884594739667204,6.910896403650026,4.824208266237251,0.36231884057971014,0.8185721953837896,
231,32.038378958668815,11.896135265700483,26.36876006441224,11.352657004830919,4.804079441760601,7.615405260332796,4.74369296833065,0.36231884057971014,0.8185721953837896,
232,32.2463768115942,11.849168008588299,26.221148684916802,11.352657004830919,4.804079441760601,7.615405260332796,4.730273752012883,0.36231884057971014,0.8185721953837896,
233,32.340311325818575,11.808910359634996,26.1808910359635,11.352657004830919,4.790660225442834,7.615405260332796,4.730273752012883,0.36231884057971014,0.8185721953837896,
234,32.43424584004294,11.79549114331723,26.113794954374665,11.345947396672035,4.783950617283951,7.615405260332796,4.730273752012883,0.36231884057971014,0.8185721953837896,
235,32.56172839506173,11.788781535158346,25.999731615673646,11.33923778851315,4.783950617283951,7.615405260332796,4.730273752012883,0.36231884057971014,0.8185721953837896,
236,32.669082125603865,11.782071926999464,25.91921631776704,11.33923778851315,4.7638217928073,7.615405260332796,4.730273752012883,0.36231884057971014,0.8185721953837896,
237,32.70263016639828,11.782071926999464,25.831991411701555,11.33923778851315,4.757112184648417,7.675791733762749,4.730273752012883,0.36231884057971014,0.8185721953837896,
238,32.8569511540526,11.728395061728396,25.603864734299517,11.372785829307569,4.757112184648417,7.6556629092860975,4.730273752012883,0.36231884057971014,0.9326355340848095,
239,33.031400966183575,11.674718196457327,25.49651100375738,11.366076221148685,4.750402576489533,7.6556629092860975,4.730273752012883,0.36231884057971014,0.9326355340848095,
240,33.21926999463231,11.668008588298443,25.295222758990874,11.366076221148685,4.797369833601718,7.6556629092860975,4.7168545356951155,0.36231884057971014,0.9192163177670424,
241,33.340042941492214,11.621041331186259,25.228126677402038,11.366076221148685,4.797369833601718,7.6556629092860975,4.7168545356951155,0.36231884057971014,0.9125067096081588,
242,33.702361782071925,11.614331723027375,24.9194847020934,11.379495437466453,4.696725711218465,7.776435856146001,4.636339237788513,0.36231884057971014,0.9125067096081588,
243,33.803005904455176,11.701556629092861,24.86580783682233,11.29898013955985,4.696725711218465,7.722758990874933,4.636339237788513,0.36231884057971014,0.9125067096081588,
244,33.87010198604401,11.641170155662909,24.859098228663445,11.29898013955985,4.696725711218465,7.722758990874933,4.636339237788513,0.36231884057971014,0.9125067096081588,
245,33.85668276972625,11.748523886205046,24.745034889962426,11.29898013955985,4.636339237788513,7.722758990874933,4.62962962962963,0.36231884057971014,0.9997316156736447,
246,33.984165324745035,11.748523886205046,24.684648416532475,11.258722490606548,4.636339237788513,7.722758990874933,4.62962962962963,0.33548040794417605,0.9997316156736447,
247,34.09822866344606,11.748523886205046,24.664519592055825,11.211755233494364,4.636339237788513,7.722758990874933,4.582662372517445,0.33548040794417605,0.9997316156736447,
248,34.272678475577024,11.714975845410628,24.55716586151369,11.211755233494364,4.562533548040794,7.763016639828234,4.582662372517445,0.33548040794417605,0.9997316156736447,
249,34.312936124530324,11.714975845410628,24.516908212560388,11.211755233494364,4.562533548040794,7.763016639828234,4.582662372517445,0.33548040794417605,0.9997316156736447,
250,34.42028985507246,11.627750939345143,24.4699409554482,11.158078368223295,4.549114331723027,7.742887815351583,4.582662372517445,0.3153515834675255,1.133923778851315,
251,34.42699946323135,11.621041331186259,24.4699409554482,11.158078368223295,4.549114331723027,7.742887815351583,4.582662372517445,0.3153515834675255,1.133923778851315,
252,34.48067632850242,11.58749329039184,24.402844873859365,11.151368760064413,4.549114331723027,7.803274288781535,4.575952764358561,0.3153515834675255,1.133923778851315,
253,34.574610842726784,11.574074074074074,24.248523886205046,11.252012882447666,4.549114331723027,7.776435856146001,4.575952764358561,0.3153515834675255,1.133923778851315,
254,34.735641438539986,11.553945249597424,24.18142780461621,11.178207192699947,4.549114331723027,7.776435856146001,4.575952764358561,0.3153515834675255,1.133923778851315,
255,34.84299516908212,11.553945249597424,24.18142780461621,11.097691894793345,4.549114331723027,7.749597423510467,4.575952764358561,0.3153515834675255,1.133923778851315,
256,34.84970477724101,11.553945249597424,24.10762211486849,11.097691894793345,4.549114331723027,7.749597423510467,4.562533548040794,0.3153515834675255,1.2144390767579174,
257,34.92351046698873,11.553945249597424,24.04723564143854,11.084272678475577,4.549114331723027,7.749597423510467,4.562533548040794,0.3153515834675255,1.2144390767579174,
258,34.98389694041868,11.54723564143854,23.97342995169082,11.017176596886742,4.549114331723027,7.87037037037037,4.528985507246377,0.3153515834675255,1.2144390767579174,
259,34.977187332259795,11.540526033279656,23.879495437466453,11.017176596886742,4.549114331723027,7.87037037037037,4.636339237788513,0.3153515834675255,1.2144390767579174,
260,35.138217928073,11.513687600644122,23.597691894793343,11.003757380568974,4.522275899087493,7.87037037037037,4.824208266237251,0.3153515834675255,1.2144390767579174,
261,35.245571658615134,11.513687600644122,23.49033816425121,11.003757380568974,4.522275899087493,7.87037037037037,4.824208266237251,0.3153515834675255,1.2144390767579174,
262,35.39318303811057,11.486849168008588,23.429951690821255,10.943370907139023,4.522275899087493,7.87037037037037,4.824208266237251,0.3153515834675255,1.2144390767579174,
263,35.29253891572732,11.460010735373054,23.329307568438004,10.869565217391305,4.522275899087493,7.997852925389157,4.824208266237251,0.30864197530864196,1.3955984970477724,
264,35.42002147074611,11.41304347826087,23.17498658078368,10.84272678475577,4.522275899087493,8.09849704777241,4.824208266237251,0.30864197530864196,1.3955984970477724,
