,45,50,55,51,54,53,52,58,56,57,59
0,83.09849704777241,16.57944176060118,0.322061191626409,,,,,,,,
1,80.42807300053677,19.249865807836823,0.322061191626409,,,,,,,,
2,74.50348899624262,25.174449812130973,0.322061191626409,,,,,,,,
3,74.53032742887815,25.147611379495437,0.322061191626409,,,,,,,,
4,68.41116478797638,31.105743424584006,0.4830917874396135,,,,,,,,
5,68.27026301663983,31.246645195920557,0.4830917874396135,,,,,,,,
6,58.05823939881911,41.22383252818035,0.7179280730005367,,,,,,,,
7,53.207192699946326,38.157541599570585,0.3757380568974772,7.96430488459474,0.2952227589908749,,,,,,
8,52.9723564143854,37.936124530327426,0.3757380568974772,7.306763285024155,0.2952227589908749,1.1137949543746646,,,,,
9,53.187063875469676,37.69457863660762,0.5099302200751477,7.199409554482019,0.2952227589908749,1.1137949543746646,,,,,
10,53.28099838969404,37.23161567364466,0.8789586688137413,7.199409554482019,0.2952227589908749,1.1137949543746646,,,,,
11,53.36151368760064,37.09742351046699,0.9796027911969941,7.1725711218464845,0.2952227589908749,1.093666129898014,,,,,
12,53.254159957058505,34.20558239398819,0.9796027911969941,10.171765968867419,0.2952227589908749,1.093666129898014,,,,,
13,49.57729468599034,39.049919484702095,1.107085346215781,8.984165324745035,0.2952227589908749,0.9863123993558777,,,,,
14,46.15539452495974,42.47181964573269,1.107085346215781,8.984165324745035,0.2952227589908749,0.9863123993558777,,,,,
15,45.96081588835212,42.04240472356415,1.328502415458937,9.225711218464841,0.4294149221685454,1.0131508319914118,,,,,
16,46.0077831454643,41.076221148684915,1.328502415458937,9.212292002147075,0.4294149221685454,1.0131508319914118,0.9326355340848095,,,,
17,44.75979602791197,40.78770799785293,1.328502415458937,10.748792270531402,0.4294149221685454,1.0131508319914118,0.9326355340848095,,,,
18,43.27026301663983,38.84192163177671,1.093666129898014,14.432367149758454,0.4294149221685454,1.0131508319914118,0.9192163177670424,,,,
19,41.666666666666664,36.842458400429415,1.3083735909822867,17.820719269994633,0.4294149221685454,1.0131508319914118,0.9192163177670424,,,,
20,41.619699409554485,36.46672034353194,1.3083735909822867,17.800590445517983,0.8722490606548577,1.0131508319914118,0.9192163177670424,,,,
21,41.41170155662909,36.231884057971016,1.7042404723564144,17.59259259259259,0.8722490606548577,1.2681159420289856,0.9192163177670424,,,,
22,38.32528180354267,39.76784755770263,1.6706924315619969,17.176596886741816,0.8722490606548577,1.2681159420289856,0.9192163177670424,,,,
23,38.35212023617821,39.74771873322598,1.724369296833065,17.11621041331186,0.8722490606548577,1.2681159420289856,0.9192163177670424,,,,
24,36.7686527106817,41.35131508319914,1.724369296833065,17.10950080515298,0.8588298443370908,1.2681159420289856,0.9192163177670424,,,,
25,33.621846484165324,41.948470209339774,1.724369296833065,18.733225979602793,0.8588298443370908,1.5901771336553945,1.5230810520665594,,,,
26,33.81642512077295,41.78073000536769,1.724369296833065,18.719806763285025,0.8588298443370908,1.5767579173376274,1.5230810520665594,,,,
27,31.508319914117017,44.135802469135804,1.724369296833065,18.686258722490606,0.8588298443370908,1.5633387010198605,1.5230810520665594,,,,
28,28.415190552871714,46.16881374127751,1.724369296833065,19.847020933977454,0.7581857219538379,1.5633387010198605,1.5230810520665594,,,,
29,22.75228126677402,58.3467525496511,2.6033279656468062,14.204240472356414,1.1003757380568975,0.798443370907139,0.19457863660762212,,,,
30,22.779119699409556,57.2061191626409,2.5966183574879227,13.90901771336554,2.7241009125067097,0.5904455179817498,0.19457863660762212,,,,
31,22.765700483091788,54.29414922168545,2.563070316693505,13.841921631776705,2.7241009125067097,0.5904455179817498,3.2206119162640903,,,,
32,22.879763821792807,53.93183038110574,2.6637144390767578,14.80810520665593,1.247987117552335,1.247987117552335,3.2206119162640903,,,,
33,22.81266774020397,49.59742351046699,2.6637144390767578,18.927804616210413,1.1272141706924315,1.6505636070853462,3.2206119162640903,,,,
34,22.86634460547504,49.4699409554482,2.657004830917874,18.5252281266774,1.1137949543746646,1.5633387010198605,3.8043478260869565,,,,
35,22.269189479334408,47.44363929146538,2.677133655394525,18.4447128287708,1.1137949543746646,4.247181964573269,3.8043478260869565,,,,
36,22.094739667203434,47.02093397745572,2.677133655394525,19.068706387546968,1.0869565217391304,4.247181964573269,3.8043478260869565,,,,
37,21.940418679549115,41.97530864197531,2.717391304347826,19.02173913043478,1.0332796564680622,9.50751476113795,3.8043478260869565,,,,
38,22.020933977455716,41.928341384863124,2.717391304347826,19.008319914117017,1.0332796564680622,9.4873859366613,3.8043478260869565,,,,
39,20.497852925389157,40.29790660225443,2.717391304347826,23.05421363392378,0.9057971014492754,9.306226516371444,3.2206119162640903,,,,
40,19.732957595276435,38.768115942028984,2.885131508319914,28.421900161030596,0.9057971014492754,9.091519055287172,0.19457863660762212,,,,
41,19.77992485238862,37.835480407944175,2.885131508319914,29.347826086956523,0.9057971014492754,9.05126140633387,0.19457863660762212,,,,
42,14.687332259796028,43.565485775630705,2.885131508319914,28.965378421900162,0.9057971014492754,8.796296296296296,0.19457863660762212,,,,
43,14.734299516908212,43.31052066559313,2.885131508319914,28.307836822329577,0.8655394524959742,7.595276435856146,1.9592055823939882,0.3421900161030596,,,
44,14.888620504562533,43.23671497584541,2.885131508319914,28.12667740203972,0.8655394524959742,7.595276435856146,1.9592055823939882,0.3421900161030596,0.10064412238325282,,
45,14.63365539452496,41.6129898013956,2.5563607085346214,27.569779924852387,0.5636070853462157,7.601986044015029,5.018786902844874,0.3421900161030596,0.10064412238325282,,
46,14.546430488459475,41.33118625872249,2.5563607085346214,24.97987117552335,0.5636070853462157,7.601986044015029,7.924047235641439,0.3421900161030596,0.15432098765432098,,
47,14.606816961889425,39.55314009661836,2.5563607085346214,24.892646269457863,0.5636070853462157,9.440418679549115,7.924047235641439,0.30864197530864196,0.15432098765432098,,
48,14.318303811057435,35.0979602791197,2.5026838432635534,28.32125603864734,3.81105743424584,7.347020933977456,7.890499194847021,0.30864197530864196,0.4025764895330113,,
49,14.392109500805153,35.06441223832528,2.5026838432635534,29.21363392377885,3.7909286097691894,7.347020933977456,6.977992485238862,0.30864197530864196,0.4025764895330113,,
50,14.512882447665056,35.037573805689746,2.5026838432635534,29.052603327965645,3.7909286097691894,7.347020933977456,6.977992485238862,0.30864197530864196,0.46967257112184646,,
51,14.606816961889425,34.95034889962426,2.5026838432635534,27.911969940955448,3.7909286097691894,7.347020933977456,7.98443370907139,0.30864197530864196,0.5971551261406334,,
52,14.31159420289855,34.35990338164251,2.509393451422437,28.797638217928075,4.703435319377348,7.347020933977456,7.065217391304348,0.30864197530864196,0.5971551261406334,,
53,14.244498121309716,34.50080515297907,2.509393451422437,28.73054213633924,4.703435319377348,7.347020933977456,7.065217391304348,0.30864197530864196,0.5904455179817498,,
54,14.338432635534085,34.50080515297907,2.509393451422437,28.703703703703702,4.656468062265164,7.326892109500805,7.065217391304348,0.30864197530864196,0.5904455179817498,,
55,14.418947933440688,34.4873859366613,2.7442297369833604,28.408480944712828,4.64975845410628,7.326892109500805,7.065217391304348,0.30864197530864196,0.5904455179817498,,
56,14.42565754159957,34.50080515297907,2.7979066022544283,27.563070316693505,4.62962962962963,8.21256038647343,7.024959742351046,0.30864197530864196,0.5367686527106817,,
57,14.579978529253891,34.43370907139023,2.7979066022544283,27.47584541062802,4.62962962962963,8.21256038647343,7.024959742351046,0.30864197530864196,0.5367686527106817,,
58,14.512882447665056,34.20558239398819,2.7844873859366612,29.052603327965645,4.569243156199678,8.21256038647343,5.911164787976382,0.30864197530864196,0.4428341384863124,,
59,13.821792807300053,32.15915190552872,2.38191089640365,27.160493827160494,5.790391841116479,12.050456253354804,5.884326355340848,0.30864197530864196,0.4428341384863124,,
60,12.640901771336553,19.578636607622116,2.046430488459474,42.8341384863124,4.85775630703167,11.668008588298443,5.689747718733226,0.30864197530864196,0.3757380568974772,,
61,12.74825550187869,19.565217391304348,2.046430488459474,42.77375201288245,4.851046698872786,11.641170155662909,5.689747718733226,0.30864197530864196,0.3757380568974772,,
62,12.869028448738593,19.565217391304348,2.033011272141707,42.74020397208803,4.851046698872786,11.600912506709609,5.656199677938808,0.30864197530864196,0.3757380568974772,,
63,12.70799785292539,16.659957058507782,2.4557165861513686,40.25093934514224,4.4753086419753085,9.198872785829307,14.076757917337627,0.04696725711218465,0.1274825550187869,,
64,12.365807836822329,15.774288781535159,2.3886205045625335,47.47047772410091,3.7573805689747717,6.582125603864735,11.486849168008588,0.04696725711218465,0.1274825550187869,,
65,12.392646269457863,15.76086956521739,2.3886205045625335,47.457058507783145,3.7573805689747717,6.582125603864735,11.486849168008588,0.04696725711218465,0.1274825550187869,,
66,12.553676865271068,15.76086956521739,2.509393451422437,45.17579173376275,5.83064949006978,6.568706387546968,11.426462694578637,0.04696725711218465,0.1274825550187869,,
67,12.573805689747719,15.76086956521739,2.509393451422437,44.900697799248526,6.099033816425121,6.561996779388084,11.332528180354267,0.04696725711218465,0.1274825550187869,0.08722490606548577,
68,12.473161567364466,15.613258185721953,2.509393451422437,42.028985507246375,6.099033816425121,6.561996779388084,14.533011272141707,0.04696725711218465,0.04696725711218465,0.08722490606548577,
69,12.694578636607622,15.593129361245303,2.462426194310252,41.928341384863124,6.099033816425121,6.5552871712292005,14.392109500805153,0.040257648953301126,0.04696725711218465,0.1878690284487386,
70,12.5402576489533,12.365807836822329,2.4355877616747184,45.873590982286636,6.085614600107354,6.535158346752549,13.674181427804616,0.040257648953301126,0.2616747181964573,0.1878690284487386,
71,12.68786902844874,12.245034889962426,2.4355877616747184,45.8467525496511,6.085614600107354,6.535158346752549,13.674181427804616,0.040257648953301126,0.2616747181964573,0.1878690284487386,
72,12.701288244766506,11.963231347289318,2.589908749329039,48.18840579710145,6.085614600107354,4.30756843800322,13.674181427804616,0.040257648953301126,0.2616747181964573,0.1878690284487386,
73,12.909286097691895,11.90955448201825,3.629898013955985,46.812936124530324,6.0654857756307035,4.30756843800322,13.647342995169081,0.040257648953301126,0.48980139559849706,0.1878690284487386,
74,12.399355877616747,10.72866344605475,2.690552871712292,44.887278582930755,5.689747718733226,9.359903381642512,13.533279656468062,0.040257648953301126,0.4830917874396135,0.1878690284487386,
75,12.318840579710145,10.72866344605475,2.690552871712292,44.867149758454104,5.689747718733226,9.473966720343531,13.519860440150294,0.040257648953301126,0.4830917874396135,0.1878690284487386,
76,12.620772946859903,10.72866344605475,2.677133655394525,44.72624798711755,5.636070853462158,9.447128287707997,13.45276435856146,0.040257648953301126,0.4830917874396135,0.1878690284487386,
77,12.526838432635534,10.00402576489533,3.844605475040258,44.38405797101449,5.555555555555555,9.091519055287172,13.251476113794954,,1.1540526033279657,0.1878690284487386,
78,12.164519592055823,9.977187332259795,3.5225442834138487,46.41035963499731,5.555555555555555,8.789586688137414,12.332259796027913,,1.0601180891035964,0.1878690284487386,
79,12.385936661298981,9.977187332259795,3.6634460547504024,46.14868491680086,5.555555555555555,8.695652173913043,12.305421363392378,,1.0802469135802468,0.1878690284487386,
80,12.493290391841116,9.923510466988727,3.4822866344605474,46.041331186258724,5.723295759527644,8.695652173913043,12.285292538915728,,1.1674718196457328,0.1878690284487386,
81,12.607353730542137,9.896672034353195,3.455448201825013,45.390499194847024,5.723295759527644,8.682232957595277,12.23161567364466,,1.8250134192163177,0.1878690284487386,
82,12.587224906065487,9.25925925925926,3.455448201825013,42.592592592592595,5.629361245303274,10.84272678475577,13.654052603327965,,1.7914653784219001,0.1878690284487386,
83,12.191358024691358,8.84326355340848,4.3478260869565215,41.99543746645196,5.5756843800322065,10.795759527643586,14.163982823403114,,1.9189479334406871,0.16774020397208803,
84,11.990069779924852,7.232957595276436,3.3480944712828773,40.83467525496511,5.119431025228127,11.580783682232958,17.807300053676865,,1.9189479334406871,0.16774020397208803,
85,11.902844873859367,7.232957595276436,3.1736446591519054,45.66559312936125,3.3548040794417604,8.896940418679549,17.807300053676865,,1.7981749865807837,0.16774020397208803,
86,12.00348899624262,7.185990338164252,3.166935050993022,45.491143317230275,3.3548040794417604,8.896940418679549,17.773752012882447,,1.9592055823939882,0.16774020397208803,
87,10.681696188942565,8.55475040257649,2.5563607085346214,43.92109500805153,3.3413848631239937,8.896940418679549,19.679280730005367,,2.200751476113795,0.16774020397208803,
88,11.003757380568974,8.527911969940956,2.5563607085346214,43.51851851851852,3.3413848631239937,8.896940418679549,19.679280730005367,,2.3081052066559313,0.16774020397208803,
89,10.567632850241546,8.507783145464305,3.052871712292002,43.53193773483628,3.7573805689747717,8.829844337090714,19.612184648416534,,1.9726247987117553,0.16774020397208803,
90,10.493827160493828,8.3467525496511,3.052871712292002,43.72651637144391,3.743961352657005,8.910359634997317,19.585346215780998,,1.9726247987117553,0.16774020397208803,
91,10.547504025764896,8.427267847557703,3.052871712292002,43.67954911433172,3.7104133118625873,8.896940418679549,19.545088566827697,,1.9726247987117553,0.16774020397208803,
92,10.601180891035963,8.313204508856682,3.2206119162640903,37.07729468599034,3.7104133118625873,8.896940418679549,25.999731615673646,,2.0128824476650564,0.16774020397208803,
93,10.19189479334407,8.199141170155663,2.6435856146001075,41.1231884057971,3.7104133118625873,8.896940418679549,22.79253891572732,,1.751207729468599,0.6910896403650026,
94,10.299248523886206,8.145464304884594,2.6435856146001075,41.056092324208265,4.005636070853462,8.883521202361782,22.544283413848632,,1.751207729468599,0.6709608158883521,
95,10.339506172839506,8.13875469672571,2.7777777777777777,40.915190552871714,4.005636070853462,8.856682769726248,22.544283413848632,,1.751207729468599,0.6709608158883521,
96,10.44015029522276,8.111916264090176,2.7777777777777777,38.43263553408481,3.9318303811057436,11.56736446591519,22.383252818035427,,1.6841116478797638,0.6709608158883521,
97,10.607890499194847,8.111916264090176,2.7777777777777777,38.36553945249597,3.9318303811057436,11.56736446591519,22.282608695652176,,1.6841116478797638,0.6709608158883521,
98,10.621309715512615,8.09849704777241,2.771068169618894,36.64787976382179,4.26731078904992,11.54723564143854,23.718464841653248,,1.6572732152442298,0.6709608158883521,
99,10.68840579710145,8.085077831454644,2.965646806226516,36.4398819108964,4.522275899087493,11.52710681696189,23.577563070316693,,1.583467525496511,0.6105743424584005,
100,10.856146001073537,8.085077831454644,2.965646806226516,36.36607622114869,4.830917874396135,11.252012882447666,23.450080515297905,,1.583467525496511,0.6105743424584005,
101,10.929951690821255,8.051529790660226,2.965646806226516,36.231884057971016,4.830917874396135,11.225174449812132,23.416532474503487,,1.737788513150832,0.6105743424584005,
102,10.970209339774557,8.051529790660226,2.965646806226516,35.39318303811057,4.817498658078368,11.211755233494364,22.0276435856146,,3.9519592055823938,0.6105743424584005,
103,11.158078368223295,8.051529790660226,2.965646806226516,35.14492753623188,4.804079441760601,11.191626409017713,21.967257112184647,,4.106280193236715,0.6105743424584005,
104,11.178207192699947,15.08990874932904,2.965646806226516,32.52818035426731,4.804079441760601,6.904186795491143,21.604938271604937,,4.314278046162104,0.6105743424584005,
105,10.849436392914654,14.99597423510467,2.965646806226516,33.00456253354804,4.804079441760601,6.904186795491143,21.564680622651636,,4.300858829844337,0.6105743424584005,
106,9.695383789586689,14.090177133655395,2.6972624798711755,42.55904455179817,4.1129898013955986,7.239667203435319,16.861245303274288,,2.657004830917874,0.08722490606548577,
107,9.789318303811058,14.04320987654321,2.6838432635534084,41.94176060118089,4.327697262479871,7.232957595276436,17.54562533548041,,2.3483628556092326,0.08722490606548577,
108,9.668545356951155,13.493022007514762,2.6838432635534084,43.79361245303274,3.5762211486849167,6.816961889425658,17.53220611916264,,2.3483628556092326,0.08722490606548577,
109,9.883252818035427,13.493022007514762,2.6838432635534084,43.69296833064949,3.5762211486849167,6.796833064949007,17.438271604938272,,2.3483628556092326,0.08722490606548577,
110,9.957058507783145,13.493022007514762,2.6838432635534084,43.344068706387546,3.5762211486849167,6.796833064949007,17.391304347826086,,2.6704240472356413,0.08722490606548577,
111,10.050993022007514,13.331991411701557,2.8247450348899625,43.27697262479871,3.3950617283950617,5.938003220611916,18.438003220611915,,2.657004830917874,0.08722490606548577,
112,10.077831454643048,13.331991411701557,2.8247450348899625,43.04884594739667,3.3950617283950617,6.239935587761675,18.337359098228664,,2.657004830917874,0.08722490606548577,
113,10.185185185185185,13.291733762748256,2.8113258185721954,42.99516908212561,3.3950617283950617,6.239935587761675,18.337359098228664,,2.657004830917874,0.08722490606548577,
114,10.258990874932904,13.291733762748256,3.421900161030596,42.310789049919485,3.3950617283950617,6.239935587761675,18.337359098228664,,2.657004830917874,0.08722490606548577,
115,10.507246376811594,13.291733762748256,3.421900161030596,42.12292002147075,3.3950617283950617,6.239935587761675,18.276972624798713,,2.657004830917874,0.08722490606548577,
116,10.446859903381643,13.238056897477188,3.421900161030596,39.81481481481482,6.689479334406871,6.239935587761675,17.431561996779386,,2.6301663982823404,0.08722490606548577,
117,10.57434245840043,13.238056897477188,3.388352120236178,39.49946323134729,6.6760601180891035,6.132581857219538,17.398013955984972,0.10735373054213634,2.898550724637681,0.08722490606548577,
118,10.352925389157273,11.3191089640365,3.388352120236178,41.76060118089104,6.662640901771336,6.085614600107354,17.384594739667204,0.10735373054213634,2.8515834675254963,0.08722490606548577,
119,10.48040794417606,11.3191089640365,3.388352120236178,41.700214707461086,6.662640901771336,6.072195383789587,17.344337090713903,0.10735373054213634,2.8381642512077296,0.08722490606548577,
120,10.721953837895867,11.218464841653248,3.388352120236178,41.58615136876006,6.635802469135802,6.072195383789587,17.344337090713903,0.10735373054213634,2.8381642512077296,0.08722490606548577,
121,10.829307568438002,10.628019323671497,3.3145464304884595,41.08964036500269,6.541867954911433,7.360440150295223,17.324208266237253,0.10735373054213634,2.717391304347826,0.08722490606548577,
122,10.654857756307031,8.038110574342458,2.4892646269457863,39.070048309178745,6.078904991948471,6.749865807836822,23.63123993558776,0.10735373054213634,2.9723564143853998,0.20799785292538917,
123,10.755501878690284,8.038110574342458,2.4892646269457863,39.00295222758991,6.078904991948471,6.716317767042405,23.63123993558776,0.10735373054213634,2.9723564143853998,0.20799785292538917,
124,10.648148148148149,4.85775630703167,2.4892646269457863,38.45276435856146,10.057702630166398,6.716317767042405,23.49033816425121,0.10735373054213634,2.9723564143853998,0.20799785292538917,
125,10.695115405260333,4.85775630703167,3.730542136339238,38.439345142243695,9.970477724100913,6.696188942565755,22.21551261406334,0.10735373054213634,2.945517981749866,0.3421900161030596,
126,10.775630703166936,4.85775630703167,3.824476650563607,36.7686527106817,10.124798711755233,8.07836822329576,21.886741814278047,0.10735373054213634,3.2541599570585076,0.322061191626409,
127,11.05072463768116,4.824208266237251,3.8177670424047236,35.79575952764358,9.990606548577563,9.353193773483628,21.786097691894792,0.10735373054213634,2.952227589908749,0.322061191626409,
128,11.198336017176597,4.824208266237251,3.7037037037037037,35.72866344605475,10.138217928073,9.29951690821256,21.72571121846484,0.10735373054213634,2.952227589908749,0.322061191626409,
129,11.325818572195384,4.824208266237251,3.69699409554482,34.98389694041868,11.017176596886742,9.252549651100376,21.67874396135266,0.10735373054213634,2.791196994095545,0.322061191626409,
130,11.406333870101985,4.824208266237251,3.69699409554482,34.93022007514761,11.003757380568974,9.252549651100376,21.672034353193773,0.10735373054213634,2.7844873859366612,0.322061191626409,
131,11.513687600644122,4.804079441760601,3.69699409554482,34.856414385399894,10.950080515297907,9.23913043478261,21.66532474503489,0.10735373054213634,2.7844873859366612,0.3824476650563607,
132,10.534084809447128,4.314278046162104,2.952227589908749,43.283682232957595,9.796027911969942,8.796296296296296,17.66639828234031,0.10735373054213634,2.0397208803005906,0.5099302200751477,
133,10.61460010735373,4.30756843800322,2.952227589908749,43.001878690284485,9.796027911969942,8.796296296296296,17.639559849704778,0.10735373054213634,2.281266774020397,0.5032206119162641,
134,10.661567364465915,4.30756843800322,3.4420289855072466,42.619431025228124,9.769189479334408,8.662104133118627,17.639559849704778,0.04696725711218465,2.3483628556092326,0.5032206119162641,
135,10.742082662372518,4.253891572732153,3.4420289855072466,42.54562533548041,10.48040794417606,8.548040794417606,16.820987654320987,0.04696725711218465,2.3483628556092326,0.5032206119162641,0.2683843263553409
136,10.63472893183038,4.253891572732153,2.8113258185721954,46.765968867418145,9.54777241009125,6.790123456790123,16.398282340311326,,2.15378421900161,0.3757380568974772,0.2683843263553409
137,10.815888352120236,4.240472356414386,2.8113258185721954,46.67203435319377,9.534353193773484,6.790123456790123,16.337895866881375,,2.15378421900161,0.3757380568974772,0.2683843263553409
138,10.795759527643586,4.052603327965647,2.6167471819645733,46.57809983896941,10.420021470746109,6.729736983360172,16.009125067096083,,2.15378421900161,0.3757380568974772,0.2683843263553409
139,11.05072463768116,4.052603327965647,2.6167471819645733,46.504294149221685,10.393183038110575,6.729736983360172,15.96886741814278,,2.0397208803005906,0.3757380568974772,0.2683843263553409
140,11.144659151905529,4.052603327965647,2.4221685453569513,47.61137949543747,9.77589908749329,6.615673644659152,15.70048309178744,,2.033011272141707,0.3757380568974772,0.2683843263553409
141,11.171497584541063,4.032474503488996,2.4221685453569513,47.46376811594203,9.896672034353195,6.535158346752549,15.566290928609769,,2.1269457863660763,0.5166398282340311,0.2683843263553409
142,11.3191089640365,4.019055287171229,2.408749329039184,47.38325281803543,9.896672034353195,6.535158346752549,15.53274288781535,,2.1269457863660763,0.5099302200751477,0.2683843263553409
143,11.3593666129898,4.019055287171229,2.3886205045625335,47.36312399355877,9.896672034353195,6.535158346752549,15.53274288781535,,2.1269457863660763,0.5099302200751477,0.2683843263553409
144,11.473429951690822,3.7775093934514223,2.3886205045625335,48.087761674718195,10.030864197530864,5.877616747181965,15.458937198067632,,2.1269457863660763,0.5099302200751477,0.2683843263553409
145,11.56736446591519,3.7775093934514223,2.3886205045625335,48.04079441760601,10.030864197530864,5.837359098228664,15.45222758990875,,2.1269457863660763,0.5099302200751477,0.2683843263553409
146,11.708266237251744,3.770799785292539,2.3886205045625335,47.79253891572732,10.017444981213098,5.8239398819108965,15.445517981749866,,2.2745571658615136,0.5099302200751477,0.2683843263553409
147,11.426462694578637,3.683574879227053,2.3886205045625335,48.8191089640365,9.990606548577563,5.5756843800322065,15.083199141170155,,2.254428341384863,0.5099302200751477,0.2683843263553409
148,11.708266237251744,3.6768652710681695,2.3886205045625335,48.66478797638218,9.930220075147611,5.562265163714439,15.042941492216855,,2.24771873322598,0.5099302200751477,0.2683843263553409
149,10.829307568438002,3.6768652710681695,2.0531400966183573,53.67015566290929,8.199141170155663,4.294149221685454,14.049919484702093,,2.1739130434782608,0.785024154589372,0.2683843263553409
150,11.064143853998926,3.6768652710681695,2.0531400966183573,53.455448201825014,8.199141170155663,4.294149221685454,14.04320987654321,,2.1604938271604937,0.785024154589372,0.2683843263553409
151,11.144659151905529,3.670155662909286,2.0531400966183573,53.28770799785293,8.165593129361245,4.274020397208803,14.04320987654321,,2.3081052066559313,0.785024154589372,0.2683843263553409
152,11.084272678475577,3.589640365002684,2.0397208803005906,51.85856146001073,7.991143317230274,4.240472356414386,15.68035426731079,,2.462426194310252,0.785024154589372,0.2683843263553409
153,11.158078368223295,3.589640365002684,2.0397208803005906,51.78475577026302,7.769726247987117,4.240472356414386,15.68035426731079,,2.462426194310252,0.785024154589372,0.48980139559849706
154,11.151368760064413,3.5762211486849167,2.0397208803005906,49.75845410628019,7.769726247987117,6.293612453032743,15.673644659151906,,2.462426194310252,0.785024154589372,0.48980139559849706
155,11.252012882447666,3.616478797638218,2.0397208803005906,49.65780998389694,7.769726247987117,6.253354804079442,15.673644659151906,,2.462426194310252,0.785024154589372,0.48980139559849706
156,11.332528180354267,3.616478797638218,2.0397208803005906,49.55716586151369,7.749597423510467,6.253354804079442,14.868491680085883,,2.462426194310252,1.6304347826086956,0.48980139559849706
157,11.466720343531938,3.616478797638218,1.90552871712292,49.43639291465379,7.588566827697263,6.541867954911433,14.861782071927,,2.462426194310252,1.6304347826086956,0.48980139559849706
158,11.641170155662909,3.616478797638218,2.3215244229736984,49.13446054750403,7.561728395061729,6.541867954911433,14.741009125067096,,2.3215244229736984,1.6304347826086956,0.48980139559849706
159,11.829039184111648,3.616478797638218,2.3215244229736984,49.000268384326354,7.521470746108427,6.541867954911433,14.727589908749328,,2.3215244229736984,1.6304347826086956,0.48980139559849706
160,11.842458400429415,3.589640365002684,2.3215244229736984,48.57085346215781,7.521470746108427,7.03166935050993,14.687332259796028,,2.3215244229736984,1.6237251744498122,0.48980139559849706
161,11.990069779924852,3.589640365002684,2.3215244229736984,48.42324208266237,7.521470746108427,7.03166935050993,14.687332259796028,,2.3215244229736984,1.6237251744498122,0.48980139559849706
162,12.211486849168008,3.589640365002684,2.3215244229736984,48.25550187869028,7.494632313472893,7.011540526033279,14.680622651637144,,2.3215244229736984,1.6237251744498122,0.48980139559849706
163,11.714975845410628,3.140096618357488,2.2946859903381642,49.11433172302738,7.494632313472893,6.863929146537842,14.707461084272678,0.11406333870101985,2.442297369833602,1.6237251744498122,0.48980139559849706
164,11.681427804616211,3.140096618357488,2.2946859903381642,49.053945249597426,7.494632313472893,6.843800322061192,14.821524422973699,0.11406333870101985,2.442297369833602,1.6237251744498122,0.48980139559849706
165,11.81561996779388,3.140096618357488,2.2946859903381642,48.97342995169082,7.48792270531401,6.816961889425658,14.714170692431562,0.11406333870101985,2.442297369833602,1.710950080515298,0.48980139559849706
166,11.916264090177133,2.9790660225442833,2.2946859903381642,47.336285560923244,7.112184648416532,8.890230810520666,14.714170692431562,0.11406333870101985,2.442297369833602,1.710950080515298,0.48980139559849706
167,11.98336017176597,2.9790660225442833,2.2946859903381642,47.20880300590446,7.112184648416532,8.870101986044014,14.65378421900161,0.11406333870101985,2.5831991411701556,1.710950080515298,0.48980139559849706
168,11.2788513150832,2.442297369833602,2.6167471819645733,50.82528180354267,6.602254428341385,7.300053676865271,14.184111647879764,,2.5496511003757383,1.710950080515298,0.48980139559849706
169,11.117820719269995,2.4221685453569513,2.6167471819645733,53.0931293612453,6.380837359098229,7.03166935050993,12.74825550187869,,2.522812667740204,1.5767579173376274,0.48980139559849706
170,11.158078368223295,2.4221685453569513,2.6167471819645733,53.07971014492754,6.353998926462695,7.03166935050993,12.74825550187869,,2.522812667740204,1.5767579173376274,0.48980139559849706
171,11.057434245840042,2.4020397208803006,2.6838432635534084,52.160493827160494,6.3070316693505095,8.145464304884594,12.734836285560924,,2.442297369833602,1.5767579173376274,0.48980139559849706
172,11.198336017176597,2.4020397208803006,2.6301663982823404,52.10681696188943,6.280193236714976,8.145464304884594,12.734836285560924,,2.4355877616747184,1.5767579173376274,0.48980139559849706
173,11.480139559849706,2.395330112721417,2.61003757380569,51.01315083199141,6.246645195920558,9.125067096081589,12.681159420289855,,2.38191089640365,1.5767579173376274,0.48980139559849706
174,11.77536231884058,2.38191089640365,2.61003757380569,50.6105743424584,6.246645195920558,9.111647879763822,12.654320987654321,,2.5429414922168547,1.5767579173376274,0.48980139559849706
175,11.929683306494901,2.38191089640365,2.5831991411701556,50.55018786902845,6.246645195920558,9.091519055287172,12.647611379495437,,2.5697799248523885,1.5096618357487923,0.48980139559849706
176,12.218196457326892,2.38191089640365,2.5831991411701556,50.32877079978529,6.219806763285024,9.064680622651638,12.634192163177671,,2.5697799248523885,1.5096618357487923,0.48980139559849706
177,12.265163714439076,2.368491680085883,2.5831991411701556,49.261943102522814,6.3137412775093935,8.99087493290392,12.620772946859903,,3.603059581320451,1.5029522275899088,0.48980139559849706
178,12.439613526570048,2.368491680085883,2.5831991411701556,49.13446054750403,6.3070316693505095,8.950617283950617,12.620772946859903,,3.603059581320451,1.5029522275899088,0.48980139559849706
179,12.647611379495437,2.3550724637681157,2.5831991411701556,49.02710681696189,6.3070316693505095,8.943907675791733,12.567096081588835,,3.603059581320451,1.4761137949543746,0.48980139559849706
180,12.681159420289855,2.328234031132582,2.757648953301127,48.772141706924316,6.286902844873859,8.930488459473967,12.567096081588835,,3.717122920021471,1.4694041867954912,0.48980139559849706
181,12.721417069243156,2.328234031132582,2.757648953301127,48.15485775630703,5.723295759527644,8.923778851315083,13.466183574879228,,3.965378421900161,1.4694041867954912,0.48980139559849706
182,12.835480407944177,2.408749329039184,2.8918411164787976,47.92002147074611,5.689747718733226,8.910359634997317,13.43263553408481,,3.965378421900161,1.4694041867954912,0.47638217928073
183,13.023349436392914,2.408749329039184,2.8918411164787976,47.75228126677402,5.689747718733226,8.910359634997317,13.43263553408481,,3.9452495974235107,1.4694041867954912,0.47638217928073
184,13.130703166935051,2.4825550187869028,2.85829307568438,47.63150831991412,5.683038110574342,8.910359634997317,13.41250670960816,,3.9452495974235107,1.4694041867954912,0.47638217928073
185,13.331991411701557,2.4825550187869028,3.33467525496511,47.0679012345679,5.864197530864198,8.682232957595277,13.20450885668277,,4.086151368760064,1.4694041867954912,0.47638217928073
186,13.479602791196994,2.4825550187869028,3.3145464304884595,46.85990338164251,5.850778314546431,8.668813741277509,13.191089640365004,,4.206924315619967,1.4694041867954912,0.47638217928073
187,13.063607085346217,2.4691358024691357,3.260869565217391,48.389694041867955,5.837359098228664,7.669082125603865,13.177670424047236,,4.186795491143317,1.4694041867954912,0.47638217928073
188,13.191089640365004,2.4691358024691357,4.30756843800322,46.752549651100374,5.837359098228664,8.682232957595277,13.009930220075148,,3.864734299516908,1.4090177133655395,0.47638217928073
189,13.305152979066023,2.4691358024691357,4.30756843800322,46.383521202361784,5.837359098228664,8.682232957595277,13.009930220075148,,4.119699409554482,1.4090177133655395,0.47638217928073
190,13.58695652173913,2.4691358024691357,4.622920021470746,46.2157809983897,5.803811057434245,8.521202361782072,12.795222758990874,,4.119699409554482,1.4090177133655395,0.4562533548040794
191,13.79495437466452,2.4557165861513686,4.622920021470746,46.202361782071925,5.743424584004294,8.521202361782072,12.674449812130971,,4.119699409554482,1.4090177133655395,0.4562533548040794
192,13.79495437466452,2.4557165861513686,4.622920021470746,46.383521202361784,5.9514224369296835,8.387010198604402,12.533548040794418,,4.032474503488996,1.3821792807300053,0.4562533548040794
193,13.855340848094471,2.4557165861513686,4.622920021470746,46.34997316156736,5.931293612453032,8.387010198604402,12.419484702093397,,4.032474503488996,1.4895330112721417,0.4562533548040794
194,13.875469672571121,2.3617820719269993,4.622920021470746,46.18894256575416,6.206387546967257,8.3467525496511,12.419484702093397,,4.032474503488996,1.4895330112721417,0.4562533548040794
195,13.915727321524423,2.3617820719269993,4.622920021470746,45.99436392914654,6.206387546967257,8.3467525496511,12.406065485775631,,4.213633923778851,1.4761137949543746,0.4562533548040794
196,14.090177133655395,2.3617820719269993,4.622920021470746,45.819914117015564,6.206387546967257,8.3467525496511,12.406065485775631,,4.213633923778851,1.4761137949543746,0.4562533548040794
197,14.163982823403114,2.3617820719269993,4.622920021470746,45.7662372517445,6.199677938808374,8.319914117015566,12.084004294149223,,4.549114331723027,1.4761137949543746,0.4562533548040794
198,14.298174986580785,2.3349436392914655,4.622920021470746,45.60520665593129,6.159420289855072,8.279656468062266,11.990069779924852,,4.643048845947397,1.6103059581320451,0.4562533548040794
199,14.51959205582394,2.3349436392914655,4.5960815888352125,45.46430488459474,6.266774020397209,8.266237251744498,11.990069779924852,,4.49543746645196,1.6103059581320451,0.4562533548040794
200,14.586688137412775,2.3349436392914655,4.5960815888352125,45.16237251744498,6.239935587761675,8.279656468062266,11.90955448201825,,4.824208266237251,1.6103059581320451,0.4562533548040794
201,14.593397745571659,2.3349436392914655,4.5960815888352125,45.148953301127214,6.132581857219538,8.501073537305421,11.855877616747183,,4.824208266237251,1.6103059581320451,0.4025764895330113
202,14.620236178207193,2.3349436392914655,4.5960815888352125,45.12211486849168,6.132581857219538,8.501073537305421,11.855877616747183,,4.824208266237251,1.6103059581320451,0.4025764895330113
203,14.74771873322598,2.3349436392914655,4.5960815888352125,45.07514761137949,6.132581857219538,8.474235104669887,11.81561996779388,,4.810789049919484,1.6103059581320451,0.4025764895330113
204,14.888620504562533,2.3349436392914655,4.582662372517445,44.97450348899624,6.132581857219538,8.447396672034353,11.761943102522812,,4.864465915190553,1.6103059581320451,0.4025764895330113
205,14.955716586151368,2.3349436392914655,4.582662372517445,44.927536231884055,6.132581857219538,8.433977455716587,11.75523349436393,,4.864465915190553,1.6103059581320451,0.4025764895330113
206,15.096618357487923,2.328234031132582,4.582662372517445,44.860440150295226,6.125872249060655,8.259527643585615,11.721685453569512,0.15432098765432098,4.864465915190553,1.6035963499731616,0.4025764895330113
207,15.203972088030058,2.4490069779924855,4.582662372517445,44.7463768115942,6.112453032742888,8.252818035426731,11.701556629092861,0.15432098765432098,4.790660225442834,1.6035963499731616,0.4025764895330113
208,15.297906602254429,2.4490069779924855,4.582662372517445,44.67257112184648,6.219806763285024,8.252818035426731,11.668008588298443,0.15432098765432098,4.696725711218465,1.6035963499731616,0.4025764895330113
209,15.58641975308642,2.4490069779924855,4.555823939881911,44.56521739130435,6.213097155126141,8.172302737520129,11.668008588298443,0.15432098765432098,4.62962962962963,1.6035963499731616,0.4025764895330113
210,15.767579173376275,2.4490069779924855,4.555823939881911,44.498121309715515,6.213097155126141,8.172302737520129,11.600912506709609,0.15432098765432098,4.5893719806763285,1.596886741814278,0.4025764895330113
211,15.76086956521739,2.4490069779924855,4.555823939881911,43.96135265700483,6.213097155126141,8.722490606548577,11.594202898550725,0.15432098765432098,4.5893719806763285,1.596886741814278,0.4025764895330113
212,15.881642512077295,2.4490069779924855,4.555823939881911,43.874127750939344,6.213097155126141,8.709071390230811,11.594202898550725,0.15432098765432098,4.569243156199678,1.596886741814278,0.4025764895330113
213,15.962157809983896,2.4490069779924855,4.528985507246377,43.76677402039721,6.273483628556092,8.709071390230811,11.594202898550725,0.15432098765432098,4.569243156199678,1.5901771336553945,0.4025764895330113
214,16.183574879227052,2.428878153515835,4.528985507246377,43.384326355340846,6.266774020397209,8.68894256575416,11.594202898550725,0.15432098765432098,4.777241009125067,1.5901771336553945,0.4025764895330113
215,16.31105743424584,2.408749329039184,4.51556629092861,43.16961889425657,6.266774020397209,8.68894256575416,11.533816425120772,0.15432098765432098,4.958400429414922,1.5901771336553945,0.4025764895330113
216,16.404991948470208,2.408749329039184,4.736983360171766,43.08239398819109,6.253354804079442,8.662104133118627,11.366076221148685,0.15432098765432098,4.938271604938271,1.5901771336553945,0.4025764895330113
217,16.485507246376812,2.408749329039184,4.7101449275362315,43.05555555555556,6.253354804079442,8.608427267847558,11.272141706924316,0.15432098765432098,5.059044551798175,1.5901771336553945,0.4025764895330113
218,16.55931293612453,2.38191089640365,4.7101449275362315,43.001878690284485,5.615942028985507,8.514492753623188,12.097423510466989,0.15432098765432098,5.052334943639291,1.5901771336553945,0.322061191626409
219,16.659957058507782,2.38191089640365,4.676596886741814,42.98845947396672,5.589103596349974,8.514492753623188,12.097423510466989,0.15432098765432098,5.052334943639291,1.5633387010198605,0.322061191626409
220,15.921900161030596,2.38191089640365,4.1129898013955986,41.83440687063875,5.314009661835748,8.031400966183575,15.660225442834138,0.15432098765432098,4.703435319377348,1.5633387010198605,0.322061191626409
221,15.982286634460548,2.38191089640365,4.1129898013955986,41.80756843800322,5.307300053676865,8.004562533548041,15.660225442834138,0.15432098765432098,4.703435319377348,1.5633387010198605,0.322061191626409
222,16.049382716049383,2.38191089640365,4.1129898013955986,41.76731078904992,5.307300053676865,7.98443370907139,15.653515834675256,0.15432098765432098,4.703435319377348,1.5633387010198605,0.322061191626409
223,16.029253891572733,2.38191089640365,4.1129898013955986,41.30434782608695,6.166129898013956,7.608695652173913,15.653515834675256,0.15432098765432098,4.703435319377348,1.5633387010198605,0.322061191626409
224,16.10305958132045,2.38191089640365,4.092860976918948,41.19028448738594,6.166129898013956,7.521470746108427,15.653515834675256,0.15432098765432098,4.851046698872786,1.5633387010198605,0.322061191626409
225,16.27750939345142,2.38191089640365,4.092860976918948,41.10305958132045,6.159420289855072,7.467793880837359,15.653515834675256,0.15432098765432098,4.824208266237251,1.5633387010198605,0.322061191626409
226,16.451959205582394,2.38191089640365,4.052603327965647,41.015834675254965,6.139291465378422,7.467793880837359,15.552871712292003,0.15432098765432098,4.824208266237251,1.6371443907675791,0.322061191626409
227,16.358024691358025,2.38191089640365,4.019055287171229,40.666935050993025,6.481481481481482,7.615405260332796,15.432098765432098,0.15432098765432098,4.931561996779388,1.6371443907675791,0.322061191626409
228,16.451959205582394,2.38191089640365,3.9720880300590444,40.344873859366615,6.588835212023618,7.615405260332796,15.411969940955448,0.15432098765432098,5.119431025228127,1.6371443907675791,0.322061191626409
