,45,50,55,51,52,54,53,57,58,59,56
0,99.69806763285024,0.30193236714975846,,,,,,,,,
1,97.38996242619432,2.61003757380569,,,,,,,,,
2,94.31696188942566,5.683038110574342,,,,,,,,,
3,51.64385399892646,46.30971551261406,2.046430488459474,,,,,,,,
4,49.85909822866345,47.78582930756844,2.3550724637681157,,,,,,,,
5,48.96672034353194,48.58427267847558,2.4490069779924855,,,,,,,,
6,48.83252818035427,48.39640365002684,2.589908749329039,0.0939345142243693,0.08722490606548577,,,,,,
7,46.3365539452496,50.89237788513151,2.589908749329039,0.0939345142243693,0.08722490606548577,,,,,,
8,46.162104133118625,50.82528180354267,2.831454643048846,0.0939345142243693,0.08722490606548577,,,,,,
9,43.42458400429415,52.17391304347826,3.0864197530864197,0.0939345142243693,0.08722490606548577,1.133923778851315,,,,,
10,43.45813204508857,51.85856146001073,3.3682232957595275,0.0939345142243693,0.08722490606548577,1.133923778851315,,,,,
11,43.11594202898551,50.4495437466452,3.33467525496511,0.0939345142243693,0.08722490606548577,0.7112184648416533,2.2074610842726785,,,,
12,41.458668813741276,52.10681696188943,3.3682232957595275,0.0939345142243693,0.08722490606548577,0.6239935587761675,2.147074610842727,0.11406333870101985,,,
13,41.619699409554485,51.81830381105743,3.5091250670960816,0.0939345142243693,0.08722490606548577,0.6105743424584005,2.147074610842727,0.11406333870101985,,,
14,41.700214707461086,51.81830381105743,3.5091250670960816,0.0939345142243693,0.08722490606548577,0.6105743424584005,2.0665593129361244,0.11406333870101985,,,
15,41.83440687063875,49.00697799248524,3.5225442834138487,0.1610305958132045,0.08722490606548577,0.8588298443370908,4.414922168545357,0.11406333870101985,,,
16,41.988727858293075,48.82581857219538,3.488996242619431,0.1610305958132045,0.08722490606548577,0.8319914117015567,4.414922168545357,0.20128824476650564,,,
17,42.049114331723025,48.409822866344605,3.844605475040258,0.1610305958132045,0.08722490606548577,0.8118625872249061,4.300858829844337,0.20128824476650564,0.13419216317767044,,
18,41.89479334406871,44.015029522275896,7.199409554482019,0.1610305958132045,0.08722490606548577,2.15378421900161,4.1532474503489,0.20128824476650564,0.13419216317767044,,
19,41.988727858293075,43.344068706387546,6.488191089640365,0.1610305958132045,0.08722490606548577,2.046430488459474,5.548845947396672,0.20128824476650564,0.13419216317767044,,
20,42.069243156199676,42.49865807836822,7.2933440687063875,0.1610305958132045,0.08722490606548577,2.046430488459474,5.508588298443371,0.20128824476650564,0.13419216317767044,,
21,42.129629629629626,42.3845947396672,7.27992485238862,0.1610305958132045,0.08722490606548577,2.1135265700483092,5.508588298443371,0.20128824476650564,0.13419216317767044,,
22,42.40472356414385,40.53945249597424,8.849973161567364,0.1610305958132045,0.08722490606548577,2.1135265700483092,5.508588298443371,0.20128824476650564,0.13419216317767044,,
23,42.27724100912507,39.9020397208803,8.729200214707461,0.1610305958132045,0.08722490606548577,2.999194847020934,5.508588298443371,0.20128824476650564,0.13419216317767044,,
24,41.94176060118089,34.27938808373591,5.555555555555555,0.1610305958132045,0.08722490606548577,13.043478260869565,4.730273752012883,0.20128824476650564,,,
25,41.55260332796565,33.66881374127751,5.475040257648954,0.1610305958132045,1.1808910359634996,13.030059044551798,4.730273752012883,0.20128824476650564,,,
26,41.324476650563604,33.51449275362319,5.501878690284487,0.1610305958132045,1.1808910359634996,13.177670424047236,4.864465915190553,0.20128824476650564,,0.07380568974771873,
27,41.1231884057971,31.76328502415459,5.35426731078905,0.1610305958132045,0.8588298443370908,12.97638217928073,7.27992485238862,0.1878690284487386,0.14090177133655393,0.15432098765432098,
28,40.94202898550725,31.863929146537842,5.35426731078905,0.1610305958132045,0.8588298443370908,13.056897477187333,7.27992485238862,0.1878690284487386,0.14090177133655393,0.15432098765432098,
29,40.92860976918948,31.736446591519055,4.938271604938271,0.1610305958132045,0.95276435856146,12.734836285560924,7.991143317230274,,0.2683843263553409,0.2885131508319914,
30,41.176865271068166,31.42109500805153,5.005367686527107,0.1610305958132045,0.95276435856146,12.734836285560924,7.991143317230274,,0.2683843263553409,0.2885131508319914,
31,41.29092860976919,30.434782608695652,4.904723564143854,0.14761137949543746,0.9393451422436929,13.747987117552334,7.944176060118089,0.03354804079441761,0.2683843263553409,0.2885131508319914,
32,38.70101986044015,31.50161030595813,4.025764895330113,0.14761137949543746,0.8521202361782072,14.143853998926463,10.131508319914117,0.03354804079441761,0.17444981213097155,0.2885131508319914,
33,35.560923242082666,33.82984433709071,3.3682232957595275,0.14761137949543746,0.7783145464304885,14.103596349973161,11.714975845410628,0.03354804079441761,0.17444981213097155,0.2885131508319914,
34,35.601180891035966,33.64868491680086,3.361513687600644,0.24825550187869028,0.8856682769726248,14.170692431561998,11.58749329039184,0.03354804079441761,0.17444981213097155,0.2885131508319914,
35,35.601180891035966,33.59500805152979,3.421900161030596,0.2885131508319914,0.8856682769726248,14.123725174449811,11.58749329039184,0.03354804079441761,0.17444981213097155,0.2885131508319914,
36,34.836285560923244,34.37332259796028,3.421900161030596,0.2885131508319914,0.8856682769726248,14.110305958132045,11.58749329039184,0.03354804079441761,0.17444981213097155,0.2885131508319914,
37,33.05823939881911,32.9777241009125,3.307836822329576,0.2885131508319914,4.8443370907139025,13.513150831991412,11.513687600644122,0.03354804079441761,0.17444981213097155,0.2885131508319914,
38,32.99785292538916,33.08507783145464,3.2742887815351582,0.2885131508319914,4.8443370907139025,13.405797101449275,11.533816425120772,0.03354804079441761,0.17444981213097155,0.2885131508319914,0.07380568974771873
39,33.031400966183575,33.051529790660226,3.2742887815351582,0.2885131508319914,4.8443370907139025,13.405797101449275,11.533816425120772,0.03354804079441761,0.17444981213097155,0.2885131508319914,0.07380568974771873
40,32.991143317230275,33.19243156199678,3.2742887815351582,0.2885131508319914,4.783950617283951,13.318572195383789,11.533816425120772,0.03354804079441761,0.17444981213097155,0.33548040794417605,0.07380568974771873
41,33.031400966183575,33.1857219538379,3.2742887815351582,0.2885131508319914,4.783950617283951,13.318572195383789,11.500268384326356,0.03354804079441761,0.17444981213097155,0.33548040794417605,0.07380568974771873
42,33.031400966183575,33.13875469672571,3.2742887815351582,0.2885131508319914,4.783950617283951,13.378958668813741,11.486849168008588,0.03354804079441761,0.17444981213097155,0.33548040794417605,0.07380568974771873
43,30.97826086956522,33.3467525496511,3.1870638754696725,2.0263016639828235,7.950885668276973,10.339506172839506,11.285560923242082,0.03354804079441761,0.17444981213097155,0.36902844873859364,0.30864197530864196
44,30.88432635534085,32.63553408480945,2.771068169618894,1.9726247987117553,7.924047235641439,10.312667740203972,12.614063338701019,0.03354804079441761,0.17444981213097155,0.36902844873859364,0.30864197530864196
45,29.864465915190554,33.621846484165324,2.9119699409554483,1.9659151905528718,7.830112721417069,10.205314009661835,12.614063338701019,0.13419216317767044,0.17444981213097155,0.36902844873859364,0.30864197530864196
46,30.14626945786366,33.55475040257649,2.9119699409554483,1.9659151905528718,7.709339774557166,9.98389694041868,12.52012882447665,0.13419216317767044,0.4092860976918948,0.36902844873859364,0.2952227589908749
47,30.293880837359097,33.44068706387547,2.965646806226516,1.8988191089640365,7.709339774557166,9.970477724100913,12.419484702093397,0.13419216317767044,0.5032206119162641,0.36902844873859364,0.2952227589908749
48,24.758454106280194,38.7614063338701,2.965646806226516,2.2410091250670963,7.380568974771873,10.285829307568438,12.050456253354804,0.13419216317767044,0.7581857219538379,0.36902844873859364,0.2952227589908749
49,23.832528180354267,36.85587761674718,2.7442297369833604,2.2410091250670963,16.968599033816425,5.152979066022544,11.030595813204508,0.06709608158883522,0.7313472893183038,0.08051529790660225,0.2952227589908749
50,23.939881910896403,36.69484702093398,3.1736446591519054,2.2410091250670963,16.53918411164788,5.2066559312936125,11.030595813204508,0.06709608158883522,0.7313472893183038,0.08051529790660225,0.2952227589908749
51,24.22168545356951,36.3191089640365,3.1333870101986045,2.2410091250670963,16.512345679012345,5.199946323134729,10.836017176596886,0.19457863660762212,0.7313472893183038,0.3153515834675255,0.2952227589908749
52,23.906333870101985,28.509125067096083,2.8784219001610305,10.46027911969941,16.485507246376812,5.414653784219001,10.809178743961352,0.19457863660762212,0.7313472893183038,0.3153515834675255,0.2952227589908749
53,21.511003757380568,36.63446054750403,2.885131508319914,4.944981213097155,16.35131508319914,5.414653784219001,10.721953837895867,0.19457863660762212,0.7313472893183038,0.3153515834675255,0.2952227589908749
54,21.571390230810522,36.594202898550726,2.885131508319914,4.978529253891573,16.35131508319914,5.401234567901234,10.61460010735373,0.19457863660762212,0.798443370907139,0.3153515834675255,0.2952227589908749
55,21.39694041867955,36.15807836822329,2.7106816961889426,4.770531400966184,17.74020397208803,5.548845947396672,10.00402576489533,0.19457863660762212,0.7112184648416533,0.3153515834675255,0.4495437466451959
56,21.584809447128286,35.98362855609233,2.7509393451422435,4.770531400966184,17.74020397208803,5.508588298443371,9.990606548577563,0.19457863660762212,0.7112184648416533,0.3153515834675255,0.4495437466451959
57,21.71900161030596,35.7085346215781,2.7241009125067097,4.723564143853999,17.518786902844873,5.810520665593129,9.977187332259795,0.3421900161030596,0.7112184648416533,0.3153515834675255,0.4495437466451959
58,21.40365002683843,34.6081588835212,2.6838432635534084,4.690016103059581,17.51207729468599,7.541599570585078,9.742351046698873,0.3421900161030596,0.7112184648416533,0.3153515834675255,0.4495437466451959
59,21.658615136876005,33.87010198604401,2.6301663982823404,7.112184648416532,16.170155662909288,7.112184648416532,9.628287707997853,0.39586688137412773,0.6776704240472357,0.3153515834675255,0.4294149221685454
60,21.66532474503489,33.50107353730542,2.703972088030059,7.152442297369833,16.358024691358025,6.964573268921095,9.628287707997853,0.6038647342995169,0.6776704240472357,0.3153515834675255,0.4294149221685454
61,22.094739667203434,33.17901234567901,2.6435856146001075,7.004830917874396,16.35131508319914,6.937734836285561,9.4873859366613,0.6843800322061192,0.6508319914117016,0.3153515834675255,0.6508319914117016
62,22.108158883521202,31.602254428341386,2.576489533011272,6.904186795491143,16.451959205582394,6.984702093397746,10.903113258185721,0.7783145464304885,0.6508319914117016,0.3153515834675255,0.7246376811594203
63,22.134997316156735,31.32716049382716,2.7241009125067097,6.877348362855609,16.478797638217927,6.977992485238862,10.762211486849168,0.8856682769726248,0.7917337627482555,0.3153515834675255,0.7246376811594203
64,22.0276435856146,30.20665593129361,3.8714439076757916,6.877348362855609,15.526033279656469,7.843531937734836,10.715244229736983,0.9863123993558777,0.7917337627482555,0.3153515834675255,0.8387010198604401
65,21.66532474503489,28.663446054750402,3.8378958668813743,9.145195920558239,17.250402576489535,5.756843800322061,10.520665593129362,1.0399892646269457,0.7917337627482555,0.3153515834675255,1.0131508319914118
66,21.524422973698336,28.113258185721953,3.408480944712829,12.211486849168008,17.102791196994094,5.515297906602254,9.225711218464841,1.0534084809447128,0.6776704240472357,0.2952227589908749,0.8722490606548577
67,21.618357487922705,28.099838969404185,3.3816425120772946,12.211486849168008,17.09608158883521,5.441492216854535,9.225711218464841,1.093666129898014,0.6642512077294686,0.2952227589908749,0.8722490606548577
68,21.900161030595815,27.911969940955448,3.421900161030596,12.084004294149223,17.05582393988191,5.387815351583468,9.131776704240472,1.2144390767579174,0.6642512077294686,0.2952227589908749,0.9326355340848095
69,22.17525496511004,25.731347289318304,3.321256038647343,12.04374664519592,16.666666666666668,5.293880837359098,11.379495437466453,1.328502415458937,0.7447665056360708,0.3488996242619431,0.966183574879227
70,22.745571658615138,24.315619967793882,3.240740740740741,11.782071926999464,15.98899624261943,7.682501341921632,10.856146001073537,1.2748255501878691,0.7447665056360708,0.3488996242619431,1.0198604401502953
71,22.77241009125067,24.214975845410628,3.227321524422974,11.782071926999464,15.98899624261943,7.763016639828234,10.768921095008052,1.2748255501878691,0.7447665056360708,0.3488996242619431,1.1137949543746646
72,22.7187332259796,24.060654857756308,3.4957058507783145,11.29898013955985,16.505636070853463,7.729468599033816,10.701825013419215,1.2748255501878691,0.8118625872249061,0.3421900161030596,1.0601180891035964
73,22.799248523886206,23.55072463768116,3.488996242619431,11.037305421363392,17.619431025228128,7.206119162640902,10.721953837895867,1.3955984970477724,0.8118625872249061,0.3421900161030596,1.0265700483091786
74,22.926731078904993,23.45679012345679,3.4621578099838968,10.997047772410092,17.619431025228128,7.139023081052066,10.82259796027912,1.3955984970477724,0.8118625872249061,0.3421900161030596,1.0265700483091786
75,23.17498658078368,23.34272678475577,3.4621578099838968,10.983628556092324,17.310789049919485,7.139023081052066,10.789049919484702,1.6438539989264627,0.785024154589372,0.3421900161030596,1.0265700483091786
76,23.295759527643586,23.382984433709073,3.4621578099838968,10.929951690821255,17.277241009125067,7.125603864734299,10.742082662372518,1.6438539989264627,0.785024154589372,0.3421900161030596,1.0131508319914118
77,23.74530327428878,23.309178743961354,3.4621578099838968,10.809178743961352,17.24369296833065,7.011540526033279,10.715244229736983,1.5633387010198605,0.785024154589372,0.3421900161030596,1.0131508319914118
78,24.214975845410628,23.262211486849168,3.589640365002684,10.701825013419215,17.143048845947398,6.823671497584541,10.607890499194847,1.5365002683843263,0.7648953301127214,0.3421900161030596,1.0131508319914118
79,24.10762211486849,22.886473429951693,3.656736446591519,10.59447128287708,17.102791196994094,6.890767579173376,10.809178743961352,1.5365002683843263,0.8454106280193237,0.3421900161030596,1.2278582930756843
80,24.074074074074073,23.047504025764894,3.7640901771336552,10.59447128287708,16.914922168545356,6.857219538378959,10.876274825550189,1.5230810520665594,0.8454106280193237,0.3421900161030596,1.1607622114868492
81,23.362855609232422,21.578099838969404,2.791196994095545,10.466988727858293,17.21014492753623,10.124798711755233,10.581052066559312,1.5767579173376274,0.8454106280193237,0.3421900161030596,1.1205045625335481
82,23.503757380568974,21.571390230810522,2.791196994095545,10.393183038110575,17.19001610305958,9.66183574879227,10.527375201288244,1.5767579173376274,0.8454106280193237,0.7514761137949544,1.1876006441223832
83,23.349436392914654,21.68545356951154,2.771068169618894,10.44015029522276,17.21014492753623,9.66183574879227,10.413311862587225,1.5767579173376274,0.8454106280193237,0.7514761137949544,1.2949543746645196
84,23.409822866344605,21.604938271604937,2.8381642512077296,10.493827160493828,17.176596886741816,9.4873859366613,10.406602254428341,1.5767579173376274,0.8454106280193237,0.7917337627482555,1.3687600644122384
85,23.382984433709073,21.410359634997317,2.945517981749866,10.57434245840043,17.21014492753623,9.453837895866881,10.466988727858293,1.556629092860977,0.8454106280193237,0.7917337627482555,1.3620504562533549
86,21.571390230810522,18.46484165324745,4.871175523349437,13.962694578636608,16.99543746645196,9.27938808373591,10.151637144390767,1.556629092860977,0.8454106280193237,0.7917337627482555,1.5096618357487923
87,21.658615136876005,18.397745571658614,4.918142780461621,13.915727321524423,16.982018250134193,9.27938808373591,10.151637144390767,1.556629092860977,0.8454106280193237,0.7917337627482555,1.5029522275899088
88,21.79951690821256,18.256843800322063,5.032206119162641,13.788244766505636,16.988727858293075,9.31964573268921,10.010735373054214,1.556629092860977,0.8387010198604401,0.7917337627482555,1.6170155662909287
89,21.83977455716586,18.183038110574344,5.01207729468599,13.761406333870102,18.78690284487386,7.555018786902845,9.990606548577563,1.6706924315619969,0.8387010198604401,0.7716049382716049,1.5901771336553945
90,22.289318303811058,18.04213633923779,3.911701556629093,13.466183574879228,19.719538378958667,7.575147611379496,9.98389694041868,1.6706924315619969,0.8387010198604401,0.7716049382716049,1.7310789049919484
91,21.79951690821256,17.921363392377884,3.9049919484702094,13.754696725711218,21.215780998389693,7.273215244229737,9.232420826623725,1.6706924315619969,0.8387010198604401,0.5636070853462157,1.8250134192163177
92,21.920289855072465,17.58588298443371,3.7037037037037037,13.56682769726248,21.135265700483092,7.273215244229737,10.272410091250672,1.6304347826086956,0.7112184648416533,0.4025764895330113,1.7981749865807837
93,22.041062801932366,17.559044551798173,3.7037037037037037,13.560118089103597,21.021202361782073,7.206119162640902,10.272410091250672,1.6035963499731616,0.6977992485238862,0.4025764895330113,1.932367149758454
94,21.947128287707997,17.632850241545892,3.7037037037037037,13.546698872785829,20.86688137412775,7.139023081052066,10.265700483091788,1.596886741814278,0.6977992485238862,0.46967257112184646,2.13365539452496
95,22.000805152979066,16.780730005367687,3.515834675254965,13.519860440150294,20.571658615136876,8.165593129361245,10.46027911969941,1.6841116478797638,0.6977992485238862,0.46967257112184646,2.13365539452496
96,22.27589908749329,16.760601180891037,3.515834675254965,13.41250670960816,20.477724100912507,8.111916264090176,10.567632850241546,1.6841116478797638,0.6977992485238862,0.46967257112184646,2.0263016639828235
97,22.363123993558776,16.465378421900162,3.603059581320451,13.613794954374665,20.42404723564144,8.205850778314547,10.59447128287708,1.6841116478797638,0.6977992485238862,0.46967257112184646,1.8786902844873858
98,22.544283413848632,16.378153515834676,3.5762211486849167,13.506441223832528,20.263016639828233,8.427267847557703,10.406602254428341,1.8518518518518519,0.6977992485238862,0.46967257112184646,1.8786902844873858
99,22.886473429951693,16.297638217928075,3.569511540526033,13.278314546430488,20.055018786902846,8.36688137412775,10.25228126677402,2.0531400966183573,0.6977992485238862,0.46967257112184646,2.073268921095008
100,22.987117552334944,16.317767042404725,3.569511540526033,13.278314546430488,19.940955448201827,8.319914117015566,10.19189479334407,2.1806226516371443,0.6977992485238862,0.46967257112184646,2.046430488459474
101,23.047504025764894,16.371443907675793,3.549382716049383,13.20450885668277,19.900697799248523,8.360171765968868,10.19189479334407,2.1806226516371443,0.6977992485238862,0.4495437466451959,2.046430488459474
102,22.624798711755233,16.029253891572733,3.616478797638218,16.814278046162105,18.86070853462158,7.950885668276973,9.232420826623725,2.033011272141707,0.6843800322061192,0.30864197530864196,1.8451422436929683
103,22.899892646269457,15.901771336553946,3.6097691894793345,16.80756843800322,18.753354804079443,7.924047235641439,9.151905528717123,2.100107353730542,0.6642512077294686,0.30864197530864196,1.8786902844873858
104,21.531132581857218,15.22410091250671,3.4688674181427803,21.75925925925926,18.06897477187332,7.004830917874396,8.158883521202362,1.8853998926462694,0.644122383252818,0.30864197530864196,1.9457863660762211
105,21.531132581857218,15.22410091250671,3.5292538915727323,22.342995169082126,17.800590445517983,7.25979602791197,7.4141170155662905,1.865271068169619,0.644122383252818,0.2683843263553409,2.120236178207193
106,21.880032206119164,15.170424047235642,3.5292538915727323,22.134997316156735,17.67981749865808,7.212828770799785,7.367149758454106,1.9927536231884058,0.644122383252818,0.2683843263553409,2.120236178207193
107,21.175523349436393,14.848362855609233,4.636339237788513,20.759527643585614,19.223027375201287,7.192699946323135,7.219538378958669,1.932367149758454,0.644122383252818,0.2683843263553409,2.100107353730542
108,21.329844337090712,14.754428341384862,5.280461621041331,20.611916264090176,18.927804616210413,7.192699946323135,6.977992485238862,1.8853998926462694,0.644122383252818,0.2147074610842727,2.1806226516371443
109,21.76596886741814,14.546430488459475,5.300590445517981,20.417337627482556,18.833870101986044,7.185990338164252,6.91760601180891,2.006172839506173,0.644122383252818,0.2147074610842727,2.167203435319377
110,21.83977455716586,14.506172839506172,5.4616210413311865,20.35024154589372,18.625872249060656,7.098765432098766,6.91760601180891,2.0665593129361244,0.644122383252818,0.2147074610842727,2.2745571658615136
111,21.947128287707997,14.2914653784219,5.522007514761138,20.101986044015028,18.303811057434245,7.427536231884058,6.877348362855609,2.147074610842727,0.644122383252818,0.2147074610842727,2.522812667740204
112,21.994095544820183,14.244498121309716,5.535426731078905,19.994632313472895,18.303811057434245,7.5281803542673105,6.830381105743425,2.147074610842727,0.6172839506172839,0.2147074610842727,2.589908749329039
113,22.16183574879227,14.210950080515298,5.522007514761138,19.98792270531401,18.095813204508858,7.628824476650563,6.729736983360172,2.2410091250670963,0.6172839506172839,0.2147074610842727,2.589908749329039
114,22.322866344605476,14.150563607085346,5.522007514761138,19.961084272678477,18.06226516371444,7.615405260332796,6.810252281266774,2.13365539452496,0.6172839506172839,0.2147074610842727,2.589908749329039
115,22.584541062801932,14.130434782608695,5.522007514761138,19.900697799248523,18.035426731078903,7.615405260332796,6.723027375201288,2.13365539452496,0.5501878690284487,0.2147074610842727,2.589908749329039
116,22.584541062801932,14.029790660225443,5.481749865807837,19.6256038647343,17.921363392377884,7.75630703166935,6.723027375201288,2.13365539452496,0.5501878690284487,0.2147074610842727,2.9790660225442833
117,22.82608695652174,13.828502415458937,5.683038110574342,18.80703166935051,18.53864734299517,7.729468599033816,6.608964036500268,2.1068169618894257,0.5501878690284487,0.2147074610842727,3.1065485775630703
118,22.84621578099839,13.81508319914117,5.8172302737520125,18.719806763285025,18.431293612453032,7.608695652173913,6.535158346752549,2.0933977455716586,0.5501878690284487,0.2147074610842727,3.3682232957595275
119,23.05421363392378,13.70101986044015,5.8172302737520125,18.605743424584006,18.310520665593128,7.776435856146001,6.508319914117015,2.086688137412775,0.5501878690284487,0.2147074610842727,3.374932903918411
120,22.96027911969941,13.600375738056897,4.871175523349437,19.236446591519055,18.02200751476114,9.004294149221685,6.112453032742888,2.086688137412775,0.5434782608695652,0.20799785292538917,3.3548040794417604
121,23.007246376811594,13.573537305421363,4.770531400966184,19.11567364465915,19.243156199677937,8.776167471819646,5.756843800322061,1.8451422436929683,0.5434782608695652,0.20799785292538917,3.1602254428341383
122,22.966988727858293,13.526570048309178,4.280730005367687,19.243156199677937,20.303274288781534,8.420558239398819,5.595813204508857,1.7847557702630166,0.5367686527106817,0.20799785292538917,3.1333870101986045
123,23.13472893183038,13.519860440150294,4.414922168545357,18.840579710144926,20.2361782071927,8.373590982286634,5.676328502415459,1.7847557702630166,0.5367686527106817,0.20799785292538917,3.2742887815351582
124,23.09447128287708,12.922705314009661,4.414922168545357,19.598765432098766,20.263016639828233,8.21256038647343,5.60252281266774,1.737788513150832,0.5233494363929146,0.20799785292538917,3.421900161030596
125,23.2085346215781,12.86231884057971,4.528985507246377,19.55179817498658,20.1959205582394,8.064949006977992,5.589103596349974,1.8451422436929683,0.5233494363929146,0.20799785292538917,3.421900161030596
126,23.403113258185723,12.761674718196458,4.461889425657541,19.43102522812668,19.900697799248523,8.232689210950081,5.5756843800322065,1.9726247987117553,0.5233494363929146,0.20799785292538917,3.5292538915727323
127,23.597691894793343,12.634192163177671,4.414922168545357,19.30354267310789,19.961084272678477,8.111916264090176,5.703166935050993,2.100107353730542,0.5233494363929146,0.20799785292538917,3.4420289855072466
128,23.396403650026837,12.614063338701019,4.549114331723027,19.79334406870639,19.85373054213634,7.897208803005904,5.562265163714439,2.3617820719269993,0.5233494363929146,0.1274825550187869,3.321256038647343
129,23.70504562533548,12.506709608158884,4.64975845410628,19.605475040257648,19.699409554482017,7.9106280193236715,5.522007514761138,2.3617820719269993,0.5166398282340311,0.1274825550187869,3.3950617283950617
130,23.658078368223297,12.406065485775631,4.64975845410628,19.85373054213634,19.665861513687602,7.722758990874933,5.488459473966721,2.428878153515835,0.6038647342995169,0.1274825550187869,3.3950617283950617
131,23.691626409017715,12.238325281803542,4.64975845410628,19.712828770799785,19.6256038647343,7.541599570585078,5.984970477724101,2.428878153515835,0.6038647342995169,0.1274825550187869,3.3950617283950617
132,23.698336017176597,12.224906065485776,4.636339237788513,19.592055823939884,19.618894256575416,7.454374664519592,6.219806763285024,2.428878153515835,0.6038647342995169,0.1274825550187869,3.3950617283950617
133,23.825818572195384,12.184648416532475,4.669887278582931,19.504830917874397,19.558507783145465,7.474503488996243,6.139291465378422,2.428878153515835,0.6038647342995169,0.1274825550187869,3.4822866344605474
134,24.06736446591519,11.976650563607086,4.7101449275362315,19.639023081052066,19.45115405260333,7.37385936661299,6.219806763285024,2.4154589371980677,0.5367686527106817,0.1274825550187869,3.4822866344605474
135,24.188137412775095,11.855877616747183,4.790660225442834,19.578636607622116,19.176060118089104,7.367149758454106,6.219806763285024,2.5429414922168547,0.5367686527106817,0.1274825550187869,3.616478797638218
136,24.228395061728396,11.855877616747183,4.931561996779388,19.51825013419216,18.968062265163713,7.367149758454106,6.219806763285024,2.5429414922168547,0.5367686527106817,0.1274825550187869,3.7037037037037037
137,24.456521739130434,11.714975845410628,4.931561996779388,19.33709071390231,18.86070853462158,7.4208266237251745,6.273483628556092,2.5429414922168547,0.5367686527106817,0.1274825550187869,3.797638217928073
138,24.62426194310252,11.641170155662909,4.85775630703167,19.16935050993022,18.337359098228664,7.521470746108427,6.884057971014493,2.428878153515835,0.5300590445517982,0.1274825550187869,3.878153515834675
139,24.61755233494364,11.540526033279656,4.8443370907139025,19.028448738593667,17.827428878153516,7.883789586688137,7.024959742351046,2.5697799248523885,0.5300590445517982,0.1274825550187869,4.005636070853462
140,24.718196457326894,11.480139559849706,4.8443370907139025,18.94122383252818,17.04911433172303,7.702630166398282,7.971014492753623,2.536231884057971,0.5300590445517982,0.1274825550187869,4.0995705850778315
141,24.912775093934513,11.473429951690822,4.8376274825550185,18.80703166935051,16.928341384863124,7.62211486849168,7.971014492753623,2.61003757380569,0.5300590445517982,0.1274825550187869,4.180085882984434
142,25.0402576489533,11.406333870101985,4.944981213097155,18.719806763285025,16.928341384863124,7.6623725174449815,7.937466451959206,2.61003757380569,0.5300590445517982,0.1274825550187869,4.092860976918948
143,25.241545893719806,11.292270531400966,4.944981213097155,18.4849704777241,16.80756843800322,7.62211486849168,8.252818035426731,2.6033279656468062,0.5300590445517982,0.1274825550187869,4.092860976918948
144,25.429414922168544,11.218464841653248,4.918142780461621,18.42458400429415,16.740472356414386,7.648953301127214,8.313204508856682,2.6033279656468062,0.5300590445517982,0.1274825550187869,4.045893719806763
145,25.51663982823403,11.191626409017713,4.9651100375738055,18.243424584004295,16.680085882984432,7.648953301127214,8.474235104669887,2.5697799248523885,0.5300590445517982,0.1274825550187869,4.052603327965647
146,25.717928073000536,11.178207192699947,5.065754159957058,18.08239398819109,16.512345679012345,7.635534084809447,8.55475040257649,2.5563607085346214,0.5300590445517982,0.1274825550187869,4.03918411164788
147,25.523349436392916,11.439881910896403,5.3341384863123995,18.00187869028449,16.324476650563607,7.615405260332796,8.460815888352121,2.5295222758990876,0.5300590445517982,0.1274825550187869,4.1129898013955986
148,25.288513150831992,11.258722490606548,5.394524959742351,17.94820182501342,16.002415458937197,7.581857219538379,9.440418679549115,2.3215244229736984,0.5300590445517982,0.1274825550187869,4.106280193236715
149,25.174449812130973,11.252012882447666,5.394524959742351,17.69994632313473,16.304347826086957,7.541599570585078,9.433709071390231,2.314814814814815,0.5300590445517982,0.1274825550187869,4.2270531400966185
150,25.42270531400966,11.231884057971014,5.4549114331723025,17.364465915190554,16.284219001610307,7.541599570585078,9.433709071390231,2.314814814814815,0.5300590445517982,0.1274825550187869,4.294149221685454
151,25.469672571121848,11.178207192699947,5.340848094471283,17.310789049919485,16.109769189479334,7.98443370907139,9.41358024691358,2.314814814814815,0.5300590445517982,0.1274825550187869,4.2203435319377345
152,25.503220611916262,11.064143853998926,5.3274288781535155,17.418142780461622,16.09634997316157,7.98443370907139,9.41358024691358,2.314814814814815,0.5300590445517982,0.1274825550187869,4.2203435319377345
153,25.623993558776167,11.05072463768116,5.112721417069243,18.035426731078903,16.002415458937197,7.6556629092860975,9.353193773483628,2.2946859903381642,0.5300590445517982,0.1274825550187869,4.213633923778851
154,25.577026301663984,10.963499731615673,5.10601180891036,18.256843800322063,15.921900161030596,7.6556629092860975,9.353193773483628,2.2946859903381642,0.5300590445517982,0.1274825550187869,4.213633923778851
155,24.4296833064949,12.761674718196458,5.273752012882448,17.538915727321523,15.895061728395062,7.830112721417069,9.03113258185722,2.281266774020397,0.5300590445517982,0.1274825550187869,4.300858829844337
156,24.698067632850243,12.761674718196458,5.273752012882448,17.310789049919485,15.794417606011809,7.816693505099302,9.104938271604938,2.281266774020397,0.5300590445517982,0.1274825550187869,4.300858829844337
157,24.812130971551262,12.754965110037574,6.91760601180891,16.566022544283413,15.177133655394526,7.816693505099302,8.964036500268385,2.1135265700483092,0.5770263016639828,0.1274825550187869,4.17337627482555
158,25.187869028448738,12.681159420289855,6.877348362855609,16.478797638217927,15.157004830917874,7.796564680622652,8.923778851315083,2.1135265700483092,0.5770263016639828,0.1274825550187869,4.079441760601181
159,24.40955448201825,12.466451959205582,6.843800322061192,18.5252281266774,14.88191089640365,7.749597423510467,8.53462157809984,1.9457863660762211,0.5770263016639828,0.1274825550187869,3.938539989264627
160,24.396135265700483,12.325550187869029,7.004830917874396,18.57890499194847,14.868491680085883,7.669082125603865,8.648684916800859,1.865271068169619,0.5770263016639828,0.1274825550187869,3.938539989264627
161,24.18142780461621,12.439613526570048,7.011540526033279,20.397208803005906,14.184111647879764,7.588566827697263,7.75630703166935,1.8183038110574343,0.5770263016639828,0.1274825550187869,3.9184111647879765
162,24.154589371980677,12.439613526570048,7.011540526033279,20.437466451959207,14.170692431561998,7.588566827697263,7.75630703166935,1.8183038110574343,0.5770263016639828,0.1274825550187869,3.9184111647879765
163,24.44981213097155,12.31213097155126,6.984702093397746,20.323403113258184,14.163982823403114,7.588566827697263,7.75630703166935,1.8183038110574343,0.5770263016639828,0.1274825550187869,3.898282340311326
164,24.530327428878152,12.278582930756844,6.9243156199677935,20.128824476650564,14.11701556629093,7.6623725174449815,7.830112721417069,1.9390767579173376,0.5770263016639828,0.1274825550187869,3.8848631239935587
165,24.65780998389694,12.338969404186795,6.971282877079979,20.02818035426731,14.04320987654321,7.6623725174449815,7.796564680622652,1.9189479334406871,0.5770263016639828,0.1274825550187869,3.878153515834675
166,24.751744498121308,12.399355877616747,7.071926999463232,19.77992485238862,14.036500268384327,7.635534084809447,7.749597423510467,1.8853998926462694,0.5770263016639828,0.1274825550187869,3.9855072463768115
167,24.36929683306495,12.090713902308105,7.018250134192163,19.565217391304348,14.720880300590446,7.595276435856146,8.266237251744498,1.7713365539452497,0.5770263016639828,0.10735373054213634,3.9184111647879765
168,24.785292538915726,11.98336017176597,6.957863660762212,19.316961889425656,14.720880300590446,7.5348899624261945,8.333333333333334,1.7713365539452497,0.5770263016639828,0.10735373054213634,3.911701556629093
169,24.785292538915726,11.98336017176597,6.957863660762212,19.223027375201287,14.720880300590446,7.5348899624261945,8.333333333333334,1.7713365539452497,0.5770263016639828,0.10735373054213634,4.005636070853462
170,25.06038647342995,11.969940955448202,6.957863660762212,19.108964036500268,14.680622651637144,7.514761137949543,8.266237251744498,1.7713365539452497,0.5568974771873323,0.10735373054213634,4.005636070853462
171,25.09393451422437,11.010466988727858,6.957863660762212,18.988191089640367,15.693773483628556,7.514761137949543,8.225979602791197,1.737788513150832,0.5568974771873323,0.10735373054213634,4.1129898013955986
172,25.315351583467525,11.010466988727858,7.085346215780999,18.887546967257112,15.673644659151906,7.427536231884058,8.105206655931294,1.724369296833065,0.5568974771873323,0.10735373054213634,4.106280193236715
173,25.45625335480408,10.929951690821255,7.0383789586688135,18.78690284487386,15.666935050993022,7.467793880837359,8.091787439613526,1.724369296833065,0.5568974771873323,0.10735373054213634,4.17337627482555
174,25.657541599570585,10.896403650026839,7.018250134192163,18.746645195920557,15.499194847020934,7.555018786902845,8.091787439613526,1.7310789049919484,0.5568974771873323,0.10735373054213634,4.139828234031133
175,25.577026301663984,10.668276972624799,7.461084272678476,18.666129898013956,15.385131508319914,7.930756843800322,8.011272141706923,1.7310789049919484,0.4294149221685454,0.10735373054213634,4.032474503488996
176,25.93263553408481,10.601180891035963,7.367149758454106,18.57890499194847,15.351583467525497,7.877079978529254,8.05823939881911,1.710950080515298,0.3824476650563607,0.10735373054213634,4.032474503488996
177,25.905797101449274,10.57434245840043,7.326892109500805,18.438003220611915,15.546162104133119,7.877079978529254,7.997852925389157,1.710950080515298,0.3824476650563607,0.10735373054213634,4.133118625872249
178,23.711755233494365,9.702093397745571,7.185990338164252,22.108158883521202,14.962426194310252,7.924047235641439,8.004562533548041,1.7042404723564144,0.3824476650563607,0.10735373054213634,4.206924315619967
179,23.49033816425121,9.702093397745571,7.011540526033279,21.027911969940956,16.6129898013956,7.9106280193236715,7.977724100912507,1.7042404723564144,0.3824476650563607,0.10735373054213634,4.072732152442297
180,23.66478797638218,9.702093397745571,7.024959742351046,20.974235104669887,16.59286097691895,7.890499194847021,7.883789586688137,1.7042404723564144,0.3824476650563607,0.10735373054213634,4.072732152442297
181,23.718464841653248,9.567901234567902,7.185990338164252,20.88030059044552,16.566022544283413,7.890499194847021,7.98443370907139,1.7042404723564144,0.3824476650563607,0.10735373054213634,4.012345679012346
182,23.181696188942567,9.447128287707997,7.024959742351046,22.497316156736446,16.478797638217927,7.6623725174449815,7.548309178743962,1.6841116478797638,0.3824476650563607,0.10735373054213634,3.9855072463768115
183,23.32259796027912,9.31964573268921,7.018250134192163,22.443639291465377,16.485507246376812,7.709339774557166,7.541599570585078,1.6841116478797638,0.3824476650563607,0.10735373054213634,3.9855072463768115
184,23.68491680085883,9.25925925925926,6.964573268921095,22.356414385399894,16.398282340311326,7.709339774557166,7.50805152979066,1.6841116478797638,0.3824476650563607,0.10735373054213634,3.9452495974235107
185,23.785560923242084,9.198872785829307,6.9243156199677935,22.31615673644659,16.458668813741276,7.635534084809447,7.501341921631776,1.6572732152442298,0.4428341384863124,0.10735373054213634,3.9720880300590444
186,23.832528180354267,9.078099838969404,6.971282877079979,22.24235104669887,16.398282340311326,7.796564680622652,7.501341921631776,1.6572732152442298,0.4428341384863124,0.10735373054213634,3.9720880300590444
187,23.926462694578635,9.064680622651638,6.9243156199677935,22.014224369296834,16.814278046162105,7.830112721417069,7.434245840042942,1.5633387010198605,0.4428341384863124,0.10735373054213634,3.878153515834675
188,24.329039184111647,9.064680622651638,6.910896403650026,21.880032206119164,16.525764895330113,7.830112721417069,7.4006977992485234,1.5365002683843263,0.4428341384863124,0.10735373054213634,3.9720880300590444
189,24.644390767579175,9.004294149221685,6.991411701556629,21.833064949006978,16.485507246376812,7.648953301127214,7.37385936661299,1.5365002683843263,0.4428341384863124,0.10735373054213634,3.9318303811057436
190,24.691358024691358,8.977455716586151,7.454374664519592,21.658615136876005,16.27079978529254,7.615405260332796,7.347020933977456,1.5365002683843263,0.4428341384863124,0.10735373054213634,3.898282340311326
191,24.778582930756844,8.93719806763285,7.541599570585078,21.578099838969404,16.27079978529254,7.588566827697263,7.286634460547504,1.570048309178744,0.4428341384863124,0.10735373054213634,3.898282340311326
192,24.97987117552335,8.896940418679549,7.50805152979066,21.571390230810522,16.190284487385938,7.588566827697263,7.333601717659689,1.5633387010198605,0.39586688137412773,0.10735373054213634,3.864734299516908
193,25.335480407944175,8.896940418679549,7.427536231884058,21.40365002683843,16.11647879763822,7.581857219538379,7.333601717659689,1.556629092860977,0.39586688137412773,0.10735373054213634,3.844605475040258
194,25.11406333870102,8.816425120772946,7.50805152979066,21.618357487922705,16.09634997316157,7.568438003220612,7.37385936661299,1.556629092860977,0.39586688137412773,0.10735373054213634,3.844605475040258
195,25.47638217928073,8.796296296296296,7.434245840042942,21.36339237788513,15.982286634460548,7.575147611379496,7.360440150295223,1.556629092860977,0.39586688137412773,0.10735373054213634,3.9519592055823938
196,25.657541599570585,8.682232957595277,7.4141170155662905,21.162104133118625,15.72061191626409,7.6556629092860975,7.729468599033816,1.5365002683843263,0.39586688137412773,0.10735373054213634,3.938539989264627
197,25.738056897477186,8.608427267847558,7.326892109500805,21.276167471819647,15.713902308105206,7.501341921631776,7.816693505099302,1.5365002683843263,0.4495437466451959,0.10735373054213634,3.92512077294686
198,24.52361782071927,8.313204508856682,6.756575415995706,21.141975308641975,18.10252281266774,7.50805152979066,7.830112721417069,1.5029522275899088,0.4495437466451959,0.10735373054213634,3.7640901771336552
199,24.57729468599034,8.299785292538916,6.857219538378959,20.92055823939882,17.901234567901234,7.494632313472893,7.924047235641439,1.5029522275899088,0.4495437466451959,0.10735373054213634,3.965378421900161
200,24.57729468599034,8.28636607622115,6.843800322061192,20.813204508856682,17.807300053676865,7.588566827697263,7.924047235641439,1.5029522275899088,0.4495437466451959,0.10735373054213634,4.0995705850778315
201,24.58400429414922,8.252818035426731,6.796833064949007,20.82662372517445,17.773752012882447,7.635534084809447,7.9039184111647875,1.482823403113258,0.4495437466451959,0.10735373054213634,4.186795491143317
202,24.691358024691358,8.199141170155663,6.837090713902308,20.73268921095008,17.773752012882447,7.568438003220612,7.971014492753623,1.482823403113258,0.4495437466451959,0.10735373054213634,4.186795491143317
