,45,50,51,53,55,54,52,56,57,58,59
0,90.6333870101986,9.366612989801396,,,,,,,,,
1,67.37788513150832,18.90096618357488,13.47289318303811,0.11406333870101985,0.13419216317767044,,,,,,
2,58.722490606548575,25.89237788513151,13.446054750402576,0.06038647342995169,0.32877079978529256,1.5499194847020934,,,,,
3,56.30703166935051,27.26113794954375,13.425925925925926,0.06038647342995169,0.32877079978529256,1.7042404723564144,0.9125067096081588,,,,
4,56.052066559312934,27.38191089640365,13.39237788513151,0.06038647342995169,0.39586688137412773,1.8048845947396672,0.9125067096081588,,,,
5,46.69887278582931,36.741814278046164,13.325281803542673,0.06038647342995169,0.4830917874396135,1.778046162104133,0.9125067096081588,,,,
6,43.47155126140633,28.529253891572733,23.376274825550187,0.020128824476650563,0.28180354267310787,2.522812667740204,1.7981749865807837,,,,
7,43.646001073537306,28.442028985507246,23.30246913580247,0.020128824476650563,0.28180354267310787,2.509393451422437,1.7981749865807837,,,,
8,42.32420826623725,28.32125603864734,17.59259259259259,2.214170692431562,0.35560923242082665,2.6033279656468062,6.588835212023618,,,,
9,4.703435319377348,66.532474503489,17.53220611916264,3.5292538915727323,0.3757380568974772,1.8384326355340848,4.260601180891036,1.1272141706924315,0.10064412238325282,,
10,5.072463768115942,65.56629092860977,17.49194847020934,3.5292538915727323,1.0131508319914118,1.8384326355340848,4.072732152442297,1.1272141706924315,0.2885131508319914,,
11,5.179817498658078,65.37171229200214,16.089640365002683,3.4420289855072466,2.200751476113795,1.8384326355340848,3.388352120236178,2.4020397208803006,,0.08722490606548577,
12,5.669618894256575,62.5805152979066,15.908480944712828,2.757648953301127,4.575952764358561,1.7981749865807837,4.186795491143317,2.4355877616747184,,0.08722490606548577,
13,6.112453032742888,62.09742351046699,15.861513687600644,2.7442297369833604,4.690016103059581,1.6505636070853462,4.186795491143317,2.475845410628019,,0.18115942028985507,
14,6.729736983360172,61.03730542136339,15.552871712292003,2.6972624798711755,5.501878690284487,1.6505636070853462,4.17337627482555,2.475845410628019,,0.18115942028985507,
15,6.3137412775093935,54.032474503489,15.445517981749866,10.547504025764896,5.179817498658078,1.6505636070853462,4.17337627482555,2.475845410628019,,0.18115942028985507,
16,7.058507783145465,53.44202898550725,15.277777777777779,10.466988727858293,5.293880837359098,1.6505636070853462,4.1532474503489,2.475845410628019,,0.18115942028985507,
17,6.6760601180891035,43.666129898013956,14.694041867954912,21.423778851315085,4.408212560386473,1.7981749865807837,4.1532474503489,2.999194847020934,,0.18115942028985507,
18,6.998121309715513,43.545356951154055,14.694041867954912,21.34326355340848,4.408212560386473,1.7981749865807837,4.1532474503489,2.8784219001610305,,0.18115942028985507,
19,6.696188942565755,37.39264626945786,14.734299516908212,15.26435856146001,5.320719269994632,1.8384326355340848,15.693773483628556,2.8784219001610305,,0.18115942028985507,
20,6.863929146537842,29.146537842190018,14.378690284487385,12.29200214707461,4.213633923778851,2.5161030595813205,27.241009125067094,3.166935050993022,,0.18115942028985507,
21,6.769994632313473,27.388620504562535,12.285292538915728,12.144390767579173,4.025764895330113,2.898550724637681,31.85721953837896,2.2611379495437465,0.08051529790660225,0.2885131508319914,
22,6.300322061191626,24.053945249597422,22.302737520128826,11.124530327428879,2.0799785292538915,7.25979602791197,25.087224906065487,1.4358561460010735,0.08051529790660225,0.27509393451422437,
23,6.427804616210413,21.638486312399355,21.987385936661298,11.084272678475577,1.5432098765432098,6.823671497584541,28.683574879227052,1.4559849704777241,0.08051529790660225,0.27509393451422437,
24,5.837359098228664,19.75979602791197,15.063070316693505,11.07085346215781,3.1333870101986045,7.950885668276973,36.312399355877616,0.2885131508319914,0.30864197530864196,0.27509393451422437,
25,5.9447128287707995,18.914385399892645,24.490069779924852,9.789318303811058,1.5365002683843263,5.428073000536768,31.293612453032743,1.892109500805153,0.43612453032742887,0.27509393451422437,
26,6.213097155126141,18.914385399892645,24.214975845410628,9.769189479334408,3.012614063338701,5.522007514761138,29.58937198067633,1.9592055823939882,0.5300590445517982,0.27509393451422437,
27,6.488191089640365,18.887546967257112,23.678207192699947,9.614868491680086,3.012614063338701,5.501878690284487,29.341116478797638,2.4221685453569513,0.6374127750939346,0.41599570585077833,
28,6.4412238325281805,15.83467525496511,23.235373054213635,18.263553408480945,2.771068169618894,3.321256038647343,26.56333870101986,2.4221685453569513,0.7313472893183038,0.41599570585077833,
29,6.119162640901771,12.634192163177671,28.052871712292003,18.075684380032207,2.509393451422437,2.7979066022544283,26.10708534621578,2.576489533011272,0.7112184648416533,0.41599570585077833,
30,6.038647342995169,10.997047772410092,32.71604938271605,16.854535695115406,2.5295222758990876,2.7979066022544283,24.342458400429415,2.2611379495437465,1.0466988727858293,0.41599570585077833,
31,6.125872249060655,10.869565217391305,29.1935050993022,16.7337627482555,8.776167471819646,2.791196994095545,21.692163177670423,2.301395598497048,1.1205045625335481,0.39586688137412773,
32,6.4345142243692965,10.809178743961352,29.09286097691895,16.639828234031132,8.68894256575416,2.8650026838432634,21.517713365539453,2.4355877616747184,1.1205045625335481,0.39586688137412773,
33,6.253354804079442,10.446859903381643,24.020397208803004,14.029790660225443,8.876811594202898,4.770531400966184,28.5829307568438,2.046430488459474,0.6776704240472357,0.2952227589908749,
34,6.649221685453569,10.111379495437467,22.31615673644659,12.828770799785293,8.870101986044014,5.515297906602254,30.16639828234031,2.536231884057971,0.7112184648416533,0.2952227589908749,
35,6.944444444444445,10.057702630166398,22.15512614063339,12.775093934514224,8.011272141706923,5.515297906602254,30.9044551798175,2.536231884057971,0.8118625872249061,0.2885131508319914,
36,7.071926999463232,9.634997316156737,22.074610842726784,11.735104669887278,8.722490606548577,5.515297906602254,30.434782608695652,3.0931293612453032,0.8118625872249061,0.9057971014492754,
37,7.300053676865271,9.541062801932368,22.020933977455716,11.701556629092861,8.722490606548577,5.515297906602254,30.394524959742352,3.0864197530864197,0.8118625872249061,0.9057971014492754,
38,7.5348899624261945,9.111647879763822,21.309715512614062,12.198067632850242,8.635265700483092,4.53569511540526,31.427804616210413,3.670155662909286,0.6709608158883521,0.9057971014492754,
39,7.823403113258186,9.084809447128288,21.195652173913043,12.117552334943639,8.514492753623188,4.51556629092861,30.917874396135264,3.670155662909286,1.1876006441223832,0.9728931830381106,
40,8.360171765968868,8.99087493290392,21.088298443370906,11.956521739130435,8.494363929146537,4.51556629092861,30.48845947396672,3.81105743424584,1.1876006441223832,1.107085346215781,
41,8.870101986044014,8.910359634997317,21.07487922705314,11.956521739130435,8.427267847557703,4.51556629092861,30.03220611916264,3.81105743424584,1.2949543746645196,1.107085346215781,
42,9.01100375738057,8.809715512614064,16.834406870638755,13.238056897477188,7.836822329575953,4.166666666666667,34.42699946323135,3.4621578099838968,1.1473429951690821,1.06682769726248,
43,9.400161030595813,8.61513687600644,16.438539989264626,12.5,7.836822329575953,5.059044551798175,34.312936124530324,3.5426731078904994,1.1473429951690821,1.1473429951690821,
44,8.420558239398819,7.1725711218464845,25.704508856682768,11.714975845410628,6.736446591519055,7.367149758454106,27.200751476113794,3.502415458937198,1.093666129898014,1.0869565217391304,
45,8.84326355340848,7.078636607622115,25.617283950617285,11.614331723027375,6.729736983360172,7.353730542136339,26.85185185185185,3.488996242619431,1.221148684916801,1.2010198604401503,
46,8.675523349436393,5.5756843800322065,25.5300590445518,12.130971551261407,8.608427267847558,7.467793880837359,26.187600644122384,3.374932903918411,1.2748255501878691,1.1741814278046163,
47,8.769457863660762,5.5756843800322065,25.41599570585078,12.130971551261407,8.601717659688674,7.467793880837359,26.113794954374665,3.475577026301664,1.2748255501878691,1.1741814278046163,
48,9.212292002147075,5.367686527106817,25.013419216317768,12.077294685990339,8.789586688137414,7.333601717659689,25.36231884057971,4.28743961352657,1.3821792807300053,1.1741814278046163,
49,8.742619431025227,3.643317230273752,20.497852925389157,23.96672034353194,6.266774020397209,7.239667203435319,22.913311862587225,4.240472356414386,1.1540526033279657,1.3352120236178207,
50,8.735909822866345,3.5628019323671496,20.169082125603865,25.254965110037574,6.233225979602791,7.206119162640902,21.564680622651636,4.851046698872786,1.0869565217391304,1.3352120236178207,
51,9.245840042941492,3.5091250670960816,19.732957595276435,24.953032742887814,6.421095008051529,7.206119162640902,21.202361782071925,4.85775630703167,1.42914653784219,1.442565754159957,
52,9.769189479334408,3.502415458937198,19.256575415995705,24.892646269457863,6.515029522275899,7.467793880837359,20.994363929146537,4.777241009125067,1.42914653784219,1.3955984970477724,
53,8.038110574342458,2.522812667740204,31.50161030595813,18.095813204508858,5.280461621041331,7.971014492753623,20.82662372517445,3.5292538915727323,0.95276435856146,1.2815351583467525,
54,8.225979602791197,2.5563607085346214,30.870907139023082,17.98174986580784,4.7101449275362315,7.9039184111647875,21.55126140633387,3.5762211486849167,1.3419216317767042,1.2815351583467525,
55,8.655394524959743,2.5563607085346214,30.636070853462158,17.98174986580784,4.7101449275362315,7.877079978529254,21.329844337090712,3.643317230273752,1.328502415458937,1.2815351583467525,
56,6.964573268921095,2.4355877616747184,38.405797101449274,16.914922168545356,4.3545356951154055,6.615673644659152,18.4447128287708,3.2139023081052067,1.3687600644122384,1.2815351583467525,
57,7.4006977992485234,2.4355877616747184,38.29173376274826,16.874664519592056,4.327697262479871,6.615673644659152,17.98845947396672,3.1870638754696725,1.596886741814278,1.2815351583467525,
58,7.924047235641439,2.4355877616747184,38.00322061191626,16.545893719806763,4.30756843800322,6.615673644659152,17.726784755770264,3.2139023081052067,1.710950080515298,1.5163714439076759,
59,7.997852925389157,2.4355877616747184,36.252012882447666,18.310520665593128,4.280730005367687,6.582125603864735,17.478529253891573,3.475577026301664,1.6706924315619969,1.5163714439076759,
60,8.319914117015566,2.4355877616747184,36.05743424584004,18.23671497584541,4.280730005367687,7.071926999463232,16.847826086956523,3.5628019323671496,1.6706924315619969,1.5163714439076759,
61,8.816425120772946,2.408749329039184,34.554482018250134,18.00187869028449,4.240472356414386,7.03166935050993,18.344068706387546,3.4151905528717124,1.724369296833065,1.4626945786366077,
62,9.145195920558239,2.408749329039184,34.38003220611916,17.867686527106816,4.2270531400966185,7.03166935050993,18.223295759527645,3.4151905528717124,1.724369296833065,1.5767579173376274,
63,9.16532474503489,2.2611379495437465,40.09661835748792,17.411433172302736,3.770799785292539,6.4345142243692965,15.103327965646805,2.6301663982823404,1.5633387010198605,1.5633387010198605,
64,9.286097691894794,2.1940418679549114,40.02952227589909,17.907944176060116,3.770799785292539,5.300590445517981,15.344873859366613,2.9253891572732154,1.5230810520665594,1.7176596886741815,
65,8.876811594202898,2.167203435319377,36.30568974771873,18.98148148148148,4.696725711218465,4.770531400966184,18.16290928609769,2.7979066022544283,1.5230810520665594,1.7176596886741815,
66,9.27938808373591,2.1269457863660763,35.95679012345679,18.572195383789587,4.696725711218465,4.783950617283951,18.055555555555557,2.9052603327965647,1.90552871712292,1.7176596886741815,
67,9.514224369296834,2.1269457863660763,35.92324208266237,18.364197530864196,4.696725711218465,4.783950617283951,17.834138486312398,2.844873859366613,2.0531400966183573,1.8585614600107354,
68,9.386741814278047,2.0933977455716586,35.30595813204509,17.840848094471284,5.2066559312936125,4.51556629092861,18.95464304884595,2.8918411164787976,1.9592055823939882,1.8451422436929683,
69,9.380032206119163,2.0933977455716586,34.856414385399894,18.53864734299517,4.9718196457326895,4.51556629092861,18.867418142780462,3.113258185721954,1.9592055823939882,1.7042404723564144,
70,9.608158883521202,2.073268921095008,34.41358024691358,18.53864734299517,5.179817498658078,4.49543746645196,18.686258722490606,3.3413848631239937,1.9592055823939882,1.7042404723564144,
71,9.782608695652174,2.0128824476650564,34.11164787976382,18.46484165324745,5.166398282340311,4.575952764358561,18.57890499194847,3.589640365002684,1.9592055823939882,1.7579173376274826,
72,10.48040794417606,1.9793344068706387,33.756038647343,18.297101449275363,5.246913580246914,4.562533548040794,18.310520665593128,3.6097691894793345,2.0263016639828235,1.7310789049919484,
73,10.621309715512615,1.9189479334406871,32.83682232957595,18.08239398819109,5.669618894256575,4.502147074610843,17.92807300053677,4.690016103059581,2.0263016639828235,1.724369296833065,
74,10.61460010735373,1.9189479334406871,32.2463768115942,18.02200751476114,6.353998926462695,5.314009661835748,17.19001610305958,4.696725711218465,1.9457863660762211,1.6975308641975309,
75,10.775630703166936,1.8585614600107354,31.99812130971551,17.881105743424584,6.6760601180891035,5.233494363929147,17.183306494900698,4.750402576489533,1.9457863660762211,1.6975308641975309,
76,11.218464841653248,1.8585614600107354,31.57541599570585,17.847557702630166,6.716317767042405,5.159688674181428,16.97530864197531,4.9718196457326895,1.9793344068706387,1.6975308641975309,
77,11.198336017176597,1.8585614600107354,31.21309715512614,17.673107890499196,7.897208803005904,5.132850241545894,16.364734299516908,4.944981213097155,2.01959205582394,1.6975308641975309,
78,9.796027911969942,1.8585614600107354,22.73215244229737,18.71309715512614,6.011808910359635,4.005636070853462,29.341116478797638,3.8580246913580245,1.9927536231884058,1.6908212560386473,
79,10.171765968867419,1.8518518518518519,22.443639291465377,19.672571121846484,6.011808910359635,3.9989264626945786,28.29441760601181,4.052603327965647,1.8115942028985508,1.6908212560386473,
80,10.534084809447128,1.7444981213097155,22.363123993558776,19.32367149758454,6.011808910359635,3.965378421900161,28.207192699946322,4.045893719806763,1.9256575415995705,1.8786902844873858,
81,11.137949543746645,1.7444981213097155,21.55126140633387,19.209608158883523,6.501610305958132,3.965378421900161,27.925389157273216,4.032474503488996,2.0531400966183573,1.8786902844873858,
82,11.419753086419753,1.6371443907675791,21.477455716586153,19.028448738593667,6.5552871712292005,3.9318303811057436,26.878690284487387,5.246913580246914,1.9524959742351047,1.8719806763285025,
83,11.90955448201825,1.6170155662909287,21.162104133118625,18.907675791733762,6.6827697262479875,3.8580246913580245,26.704240472356414,5.360976918947934,2.046430488459474,1.751207729468599,
84,12.04374664519592,1.6170155662909287,20.893719806763286,18.82716049382716,6.790123456790123,3.8580246913580245,26.778046162104133,5.24020397208803,2.200751476113795,1.751207729468599,
85,12.265163714439076,1.6170155662909287,25.751476113794954,18.679549114331724,6.776704240472356,3.8580246913580245,21.62506709608159,5.367686527106817,2.1940418679549114,1.865271068169619,
86,12.057165861513688,1.5901771336553945,23.805689747718734,21.517713365539453,6.776704240472356,4.032474503488996,21.048040794417606,5.119431025228127,2.3215244229736984,1.7310789049919484,
87,12.037037037037036,1.5901771336553945,23.356146001073537,22.188674181427803,6.904186795491143,4.025764895330113,21.041331186258724,5.146269457863661,2.033011272141707,1.6774020397208802,
88,12.513419216317766,1.5365002683843263,23.852657004830917,21.121846484165324,6.327160493827161,4.025764895330113,22.14170692431562,4.750402576489533,2.0531400966183573,1.6774020397208802,
89,12.298711755233494,1.5365002683843263,31.367418142780462,21.014492753623188,6.213097155126141,3.938539989264627,16.129898013955984,3.8311862587224907,1.9927536231884058,1.6774020397208802,
90,12.70799785292539,1.5096618357487923,30.119431025228128,20.92055823939882,5.595813204508857,3.911701556629093,17.85426731078905,3.797638217928073,1.9189479334406871,1.6639828234031133,
91,12.52012882447665,1.5029522275899088,29.1935050993022,19.95437466451959,5.22007514761138,4.53569511540526,19.85373054213634,3.629898013955985,1.9994632313472893,1.5901771336553945,
92,13.009930220075148,1.5029522275899088,28.864734299516908,19.672571121846484,5.22007514761138,4.468599033816425,19.826892109500804,3.7238325281803544,2.073268921095008,1.5767579173376274,0.06038647342995169
93,12.93612453032743,1.5365002683843263,28.60305958132045,19.07541599570585,5.22007514761138,4.502147074610843,21.182232957595275,3.1333870101986045,2.15378421900161,1.6572732152442298,
94,13.144122383252817,1.5365002683843263,27.4020397208803,17.807300053676865,5.226784755770263,6.810252281266774,20.9272678475577,3.0730005367686526,2.428878153515835,1.6438539989264627,
95,13.298443370907139,1.5365002683843263,26.549919484702095,19.90740740740741,5.213365539452496,5.662909286097692,20.833333333333332,2.9253891572732154,2.428878153515835,1.6438539989264627,
96,13.895598497047773,1.5365002683843263,26.27482555018787,19.692699946323135,5.072463768115942,5.6964573268921095,20.491143317230275,2.918679549114332,2.7777777777777777,1.6438539989264627,
97,14.278046162104133,1.5365002683843263,26.100375738056897,19.43102522812668,5.10601180891036,5.750134192163178,20.437466451959207,2.9589371980676327,2.7777777777777777,1.6237251744498122,
98,14.714170692431562,1.5365002683843263,25.95276435856146,19.316961889425656,5.0791733762748255,5.71658615136876,20.377079978529252,2.932098765432099,2.7777777777777777,1.596886741814278,
99,13.955984970477724,1.288244766505636,21.235909822866343,20.021470746108427,6.253354804079442,5.649490069779925,24.315619967793882,2.8650026838432634,2.7308105206655933,1.6841116478797638,
100,13.150831991411701,1.288244766505636,26.42914653784219,20.52469135802469,5.984970477724101,6.018518518518518,20.00805152979066,2.7777777777777777,2.200751476113795,1.6170155662909287,
101,13.211218464841654,1.288244766505636,25.140901771336555,21.947128287707997,5.931293612453032,5.9447128287707995,19.87385936661299,2.9119699409554483,2.1940418679549114,1.556629092860977,
102,13.808373590982287,1.288244766505636,25.006709608158882,21.69887278582931,5.904455179817498,5.978260869565218,19.726247987117553,2.8650026838432634,2.167203435319377,1.556629092860977,
103,13.311862587224907,1.2815351583467525,30.575684380032207,20.665593129361245,5.629361245303274,5.9514224369296835,15.96886741814278,2.85829307568438,2.200751476113795,1.556629092860977,
104,13.627214170692431,1.2412775093934514,30.515297906602253,20.611916264090176,5.5756843800322065,5.938003220611916,15.874932903918411,2.85829307568438,2.200751476113795,1.556629092860977,
105,13.560118089103597,1.1876006441223832,25.758185721953836,20.40391841116479,5.522007514761138,5.857487922705314,20.90042941492217,3.079710144927536,2.1739130434782608,1.556629092860977,
106,13.24476650563607,1.093666129898014,25.47638217928073,22.21551261406334,5.367686527106817,5.636070853462158,20.2361782071927,3.3011272141706924,1.9659151905528718,1.4626945786366077,
107,13.620504562533547,1.093666129898014,24.06736446591519,21.994095544820183,5.387815351583468,7.018250134192163,20.169082125603865,3.2675791733762747,1.9524959742351047,1.42914653784219,
108,14.096886741814279,1.0735373054213635,23.8191089640365,22.20209339774557,5.0791733762748255,7.132313472893183,19.659151905528716,3.361513687600644,2.147074610842727,1.42914653784219,
109,13.848631239935587,1.0601180891035964,27.85829307568438,20.169082125603865,5.139559849704777,5.441492216854535,19.598765432098766,3.3480944712828773,2.1068169618894257,1.42914653784219,
110,13.915727321524423,1.0601180891035964,27.771068169618893,20.055018786902846,5.267042404723564,5.441492216854535,19.47799248523886,3.3011272141706924,2.214170692431562,1.4962426194310252,
111,14.217659688674182,1.0198604401502953,27.17391304347826,19.940955448201827,5.186527106816962,5.770263016639828,19.685990338164252,3.475577026301664,2.073268921095008,1.4559849704777241,
112,14.237788513150832,1.0198604401502953,27.046430488459475,20.169082125603865,5.112721417069243,5.770263016639828,19.53166935050993,3.6231884057971016,2.0531400966183573,1.4358561460010735,
113,14.459205582393988,1.0198604401502953,26.798174986580783,20.088566827697264,5.112721417069243,5.642780461621041,19.53166935050993,3.8915727321524423,2.0531400966183573,1.402308105206656,
114,14.801395598497047,0.95276435856146,26.496242619431026,20.108695652173914,5.146269457863661,5.642780461621041,19.410896403650028,4.106280193236715,1.932367149758454,1.402308105206656,
115,12.453032742887816,10.748792270531402,29.381374127750938,17.934782608695652,4.5960815888352125,4.341116478797638,14.546430488459475,3.6500268384326353,1.3620504562533549,0.9863123993558777,
116,12.801932367149758,10.628019323671497,29.146537842190018,18.035426731078903,4.622920021470746,4.334406870638754,14.338432635534085,3.6500268384326353,1.4559849704777241,0.9863123993558777,
117,10.903113258185721,9.16532474503489,39.42565754159957,16.304347826086957,4.05931293612453,5.193236714975845,9.608158883521202,3.307836822329576,1.1473429951690821,0.8856682769726248,
118,11.18491680085883,9.104938271604938,39.12372517444981,16.19699409554482,4.126409017713366,5.193236714975845,9.534353193773484,3.435319377348363,1.2144390767579174,0.8856682769726248,
119,11.493558776167472,9.017713365539452,39.05662909286098,16.06280193236715,4.012345679012346,5.307300053676865,9.534353193773484,3.4151905528717124,1.2144390767579174,0.8856682769726248,
120,11.681427804616211,9.004294149221685,38.781535158346756,15.787707997852925,3.9049919484702094,5.991680085882985,9.440418679549115,3.4822866344605474,1.0399892646269457,0.8856682769726248,
121,12.04374664519592,8.796296296296296,38.506441223832525,15.666935050993022,4.1532474503489,5.931293612453032,9.433709071390231,3.4822866344605474,1.1003757380568975,0.8856682769726248,
122,12.365807836822329,8.776167471819646,38.26489533011272,15.552871712292003,4.2203435319377345,5.897745571658615,9.339774557165862,3.6634460547504024,1.1003757380568975,0.8185721953837896,
123,12.278582930756844,8.742619431025227,37.34567901234568,14.694041867954912,5.179817498658078,5.850778314546431,10.050993022007514,3.8177670424047236,1.1540526033279657,0.8856682769726248,
124,12.654320987654321,8.742619431025227,37.144390767579175,14.586688137412775,5.112721417069243,5.850778314546431,10.050993022007514,3.8177670424047236,1.1540526033279657,0.8856682769726248,
125,12.620772946859903,8.621846484165324,38.00322061191626,14.445786366076222,4.824208266237251,6.837090713902308,9.057971014492754,3.5762211486849167,1.1406333870101986,0.8722490606548577,
126,11.580783682232958,4.569243156199678,46.5378421900161,12.439613526570048,4.072732152442297,6.649221685453569,8.796296296296296,3.3548040794417604,1.1272141706924315,0.8722490606548577,
127,11.701556629092861,4.549114331723027,45.430756843800324,12.412775093934513,4.17337627482555,7.326892109500805,9.111647879763822,3.294417606011809,1.1272141706924315,0.8722490606548577,
128,12.359098228663447,4.428341384863124,44.880568974771876,12.365807836822329,4.294149221685454,7.4006977992485234,8.977455716586151,3.294417606011809,1.1272141706924315,0.8722490606548577,
129,12.23161567364466,4.394793344068707,43.572195383789584,12.332259796027913,4.64975845410628,7.239667203435319,9.380032206119163,4.200214707461084,1.1272141706924315,0.8722490606548577,
130,12.372517444981213,4.394793344068707,42.8341384863124,12.27187332259796,4.7638217928073,7.179280730005368,10.373054213633925,3.81105743424584,1.1272141706924315,0.8722490606548577,
131,10.507246376811594,10.225442834138486,42.008856682769725,11.017176596886742,4.750402576489533,6.1862587224906065,9.648416532474503,3.911701556629093,0.9460547504025765,0.798443370907139,
132,10.809178743961352,10.111379495437467,41.243961352657,10.86285560923242,4.4820182501341925,6.253354804079442,10.426731078904991,4.0995705850778315,0.9259259259259259,0.785024154589372,
133,10.916532474503489,10.111379495437467,41.2037037037037,10.701825013419215,4.4820182501341925,6.394256575415996,10.413311862587225,4.066022544283414,0.9259259259259259,0.785024154589372,
134,10.997047772410092,10.084541062801932,40.51932367149758,10.63472893183038,4.663177670424047,6.998121309715513,10.25228126677402,4.005636070853462,0.9259259259259259,0.9192163177670424,
135,10.762211486849168,10.104669887278583,38.801663982823406,12.29200214707461,4.066022544283414,6.91760601180891,11.252012882447666,4.092860976918948,0.8722490606548577,0.8387010198604401,
136,11.231884057971014,10.071121846484166,38.36553945249597,12.29200214707461,4.253891572732153,6.890767579173376,11.124530327428879,4.05931293612453,0.8722490606548577,0.8387010198604401,
137,11.701556629092861,9.957058507783145,37.88244766505636,12.412775093934513,4.26731078904992,6.890767579173376,10.990338164251208,4.186795491143317,0.8722490606548577,0.8387010198604401,
138,11.916264090177133,9.943639291465379,37.63419216317767,12.365807836822329,4.17337627482555,6.890767579173376,10.929951690821255,4.374664519592056,0.9326355340848095,0.8387010198604401,
139,11.79549114331723,9.943639291465379,35.93666129898014,12.224906065485776,5.10601180891036,5.924584004294149,12.86231884057971,4.435050993022007,0.9326355340848095,0.8387010198604401,
140,11.976650563607086,9.943639291465379,35.789049919484704,12.218196457326892,5.10601180891036,5.897745571658615,12.86231884057971,4.435050993022007,0.9326355340848095,0.8387010198604401,
141,12.144390767579173,9.943639291465379,35.59447128287708,12.184648416532475,5.10601180891036,5.837359098228664,12.76838432635534,4.609500805152979,0.9728931830381106,0.8387010198604401,
142,12.781803542673108,9.916800858829845,33.97745571658615,12.077294685990339,6.4345142243692965,5.776972624798712,12.614063338701019,4.609500805152979,0.9728931830381106,0.8387010198604401,
143,13.123993558776167,9.796027911969942,33.675523349436396,12.077294685990339,6.515029522275899,5.870907139023081,12.52012882447665,4.609500805152979,0.9728931830381106,0.8387010198604401,
144,13.20450885668277,9.796027911969942,33.06494900697799,11.98336017176597,6.622383252818035,7.253086419753086,11.916264090177133,4.441760601180891,0.9326355340848095,0.785024154589372,
145,13.788244766505636,9.702093397745571,32.83682232957595,11.963231347289318,6.709608158883521,7.273215244229737,11.621041331186259,4.428341384863124,0.9326355340848095,0.7447665056360708,
146,14.284755770263017,9.567901234567902,32.19940955448202,11.842458400429415,6.769994632313473,7.4006977992485234,11.580783682232958,4.622920021470746,0.9863123993558777,0.7447665056360708,
147,14.673913043478262,9.567901234567902,31.843800322061192,11.822329575952764,6.850509930220075,7.514761137949543,11.406333870101985,4.569243156199678,1.0064412238325282,0.7447665056360708,
148,14.694041867954912,9.567901234567902,31.749865807836823,11.802200751476114,6.850509930220075,7.514761137949543,11.325818572195384,4.74369296833065,1.0064412238325282,0.7447665056360708,
149,14.103596349973161,9.426999463231347,31.166129898013956,11.191626409017713,6.850509930220075,6.105743424584004,14.949006977992486,4.62962962962963,0.8588298443370908,0.7179280730005367,
150,14.27133655394525,9.426999463231347,31.085614600107355,11.11111111111111,6.904186795491143,6.085614600107354,14.908749329039184,4.62962962962963,0.8588298443370908,0.7179280730005367,
151,13.841921631776705,7.62211486849168,29.864465915190554,15.418679549114332,6.723027375201288,6.166129898013956,14.687332259796028,4.045893719806763,0.8588298443370908,0.7716049382716049,
152,13.982823403113258,7.601986044015029,29.656468062265162,15.378421900161031,6.9310252281266775,6.246645195920558,14.512882447665056,4.072732152442297,0.8588298443370908,0.7581857219538379,
153,14.036500268384327,7.37385936661299,29.56924315619968,15.378421900161031,7.0450885668276975,5.287171229200215,15.660225442834138,4.03918411164788,0.8521202361782072,0.7581857219538379,
154,14.506172839506172,7.313472893183038,29.126409017713364,14.942297369833602,7.024959742351046,5.434782608695652,15.579710144927537,4.334406870638754,1.0064412238325282,0.7313472893183038,
155,14.714170692431562,7.253086419753086,28.992216854535695,15.083199141170155,7.004830917874396,5.421363392377885,15.405260332796564,4.388083735909823,1.0064412238325282,0.7313472893183038,
156,15.083199141170155,7.232957595276436,28.569511540526033,14.80810520665593,6.870638754696726,4.703435319377348,16.532474503488995,4.4820182501341925,0.9863123993558777,0.7313472893183038,
157,15.183843263553408,7.232957595276436,28.368223295759528,15.539452495974235,6.6760601180891035,4.428341384863124,16.458668813741276,4.394793344068707,0.9863123993558777,0.7313472893183038,
158,15.33816425120773,7.152442297369833,28.28099838969404,15.49248523886205,6.837090713902308,4.428341384863124,16.358024691358025,4.394793344068707,0.9863123993558777,0.7313472893183038,
159,15.646806226516372,7.139023081052066,28.173644659151904,15.318035426731079,6.884057971014493,4.528985507246377,16.210413311862588,4.394793344068707,0.9728931830381106,0.7313472893183038,
160,15.713902308105206,7.112184648416532,27.811325818572197,15.942028985507246,7.011540526033279,4.374664519592056,15.915190552871712,4.414922168545357,0.9728931830381106,0.7313472893183038,
161,15.96886741814278,7.085346215780999,27.214170692431562,15.92860976918948,7.689210950080516,4.166666666666667,15.827965646806227,4.502147074610843,0.9728931830381106,0.644122383252818,
162,15.344873859366613,6.977992485238862,25.55689747718733,15.70048309178744,7.125603864734299,3.9855072463768115,19.538378958668815,4.367954911433173,0.8118625872249061,0.5904455179817498,
163,15.693773483628556,6.91760601180891,25.268384326355342,15.70048309178744,7.159151905528717,3.8915727321524423,19.524959742351047,4.441760601180891,0.8118625872249061,0.5904455179817498,
164,16.33118625872249,6.870638754696726,25.0,15.526033279656469,7.286634460547504,3.8915727321524423,19.209608158883523,4.461889425657541,0.8722490606548577,0.5501878690284487,
165,16.478797638217927,6.870638754696726,24.912775093934513,15.479066022544284,7.4208266237251745,3.8714439076757916,19.176060118089104,4.367954911433173,0.8722490606548577,0.5501878690284487,
166,16.7337627482555,6.769994632313473,24.872517444981213,15.331454643048845,7.481213097155126,3.8714439076757916,18.907675791733762,4.3478260869565215,1.133923778851315,0.5501878690284487,
167,17.022275899087493,6.6760601180891035,24.812130971551262,15.271068169618895,7.521470746108427,3.878153515834675,18.840579710144926,4.294149221685454,1.133923778851315,0.5501878690284487,
168,17.183306494900698,6.622383252818035,24.60413311862587,14.741009125067096,7.4141170155662905,3.656736446591519,19.887278582930758,4.206924315619967,1.133923778851315,0.5501878690284487,
169,17.52549651100376,6.622383252818035,24.36929683306495,14.794685990338165,7.340311325818572,3.8043478260869565,19.712828770799785,4.146537842190016,1.133923778851315,0.5501878690284487,
170,17.800590445517983,6.622383252818035,24.208266237251745,14.754428341384862,7.340311325818572,3.770799785292539,19.504830917874397,4.274020397208803,1.133923778851315,0.5904455179817498,
171,18.06897477187332,6.320450885668277,23.993558776167472,14.687332259796028,7.64224369296833,3.743961352657005,19.37734836285561,4.3545356951154055,1.221148684916801,0.5904455179817498,
172,17.98174986580784,6.320450885668277,23.18840579710145,14.573268921095009,8.896940418679549,3.7104133118625873,19.249865807836823,4.26731078904992,1.221148684916801,0.5904455179817498,
173,18.183038110574344,6.293612453032743,22.71202361782072,14.573268921095009,8.82313472893183,3.978797638217928,18.99490069779925,4.62962962962963,1.221148684916801,0.5904455179817498,
174,18.33064949006978,6.293612453032743,22.611379495437465,14.445786366076222,8.964036500268385,3.978797638217928,18.90096618357488,4.62962962962963,1.2546967257112185,0.5904455179817498,
175,17.183306494900698,6.179549114331723,27.569779924852387,13.821792807300053,8.132045088566828,4.025764895330113,17.022275899087493,4.40150295222759,1.0735373054213635,0.5904455179817498,
176,17.57246376811594,5.958132045088567,27.36849168008588,13.788244766505636,8.380300590445518,3.9049919484702094,16.935050993022006,4.428341384863124,1.0735373054213635,0.5904455179817498,
177,17.921363392377884,5.917874396135265,27.126945786366075,13.882179280730005,8.259527643585615,3.81105743424584,16.874664519592056,4.428341384863124,1.1876006441223832,0.5904455179817498,
178,17.297369833601717,5.917874396135265,30.387815351583466,11.969940955448202,8.199141170155663,3.7238325281803544,16.297638217928075,4.428341384863124,1.1876006441223832,0.5904455179817498,
179,17.70665593129361,5.857487922705314,29.911433172302736,11.862587224906065,8.313204508856682,3.8043478260869565,16.163446054750402,4.53569511540526,1.2546967257112185,0.5904455179817498,
180,18.263553408480945,5.857487922705314,29.421631776704242,11.822329575952764,8.68894256575416,3.7372517444981215,15.895061728395062,4.4753086419753085,1.247987117552335,0.5904455179817498,
181,18.5252281266774,5.857487922705314,29.166666666666668,11.681427804616211,8.68894256575416,3.7775093934514223,15.895061728395062,4.5893719806763285,1.1808910359634996,0.6374127750939346,
182,17.98845947396672,5.797101449275362,27.012882447665056,11.399624261943103,8.259527643585615,3.8043478260869565,19.370638754696724,4.62962962962963,1.1003757380568975,0.6374127750939346,
183,18.21658615136876,5.797101449275362,26.684111647879764,11.272141706924316,8.400429414922169,3.965378421900161,19.196188942565755,4.616210413311863,1.1003757380568975,0.7514761137949544,
184,18.4849704777241,5.709876543209877,26.610305958132045,11.272141706924316,8.360171765968868,4.079441760601181,19.028448738593667,4.616210413311863,1.0869565217391304,0.7514761137949544,
185,18.719806763285025,5.669618894256575,26.529790660225444,11.20504562533548,8.232689210950081,4.072732152442297,18.98148148148148,4.750402576489533,1.0869565217391304,0.7514761137949544,
186,15.747450348899624,5.555555555555555,39.821524422973695,8.809715512614064,6.937734836285561,3.9586688137412773,15.277777777777779,2.522812667740204,0.8521202361782072,0.5166398282340311,
187,14.264626945786366,3.2877079978529253,46.57809983896941,9.29951690821256,6.394256575415996,3.629898013955985,12.775093934514224,2.509393451422437,0.7716049382716049,0.48980139559849706,
188,14.512882447665056,3.2877079978529253,45.833333333333336,9.205582393988191,6.863929146537842,3.683574879227053,12.661030595813205,2.703972088030059,0.7581857219538379,0.48980139559849706,
189,14.922168545356952,3.1535158346752548,45.370370370370374,9.145195920558239,6.857219538378959,3.6768652710681695,12.607353730542137,3.0193236714975846,0.7581857219538379,0.48980139559849706,
190,15.311325818572195,3.1535158346752548,44.947665056360705,8.964036500268385,6.830381105743425,3.6768652710681695,12.593934514224369,3.307836822329576,0.7581857219538379,0.4562533548040794,
191,15.479066022544284,3.140096618357488,44.37734836285561,9.111647879763822,6.763285024154589,3.6231884057971016,12.432903918411165,3.6366076221148687,0.9796027911969941,0.4562533548040794,
192,15.787707997852925,3.1333870101986045,44.12238325281803,8.729200214707461,6.602254428341385,4.166666666666667,12.238325281803542,3.8378958668813743,0.9259259259259259,0.4562533548040794,
193,15.895061728395062,3.1199677938808374,44.64573268921095,8.769457863660762,6.964573268921095,4.005636070853462,11.560654857756306,3.683574879227053,0.8990874932903918,0.4562533548040794,
194,16.0426731078905,3.113258185721954,44.437734836285564,8.809715512614064,6.9243156199677935,3.992216854535695,11.520397208803006,3.81105743424584,0.8923778851315083,0.4562533548040794,
195,16.170155662909288,3.052871712292002,44.22973698336017,8.809715512614064,6.910896403650026,3.938539989264627,11.533816425120772,4.005636070853462,0.8923778851315083,0.4562533548040794,
196,16.170155662909288,3.052871712292002,43.605743424584006,8.709071390230811,6.837090713902308,3.9519592055823938,11.748523886205046,4.575952764358561,0.8923778851315083,0.4562533548040794,
197,16.51905528717123,3.046162104133119,43.10252281266774,8.588298443370908,6.8035426731078905,3.9318303811057436,11.647879763821793,5.045625335480408,0.8588298443370908,0.4562533548040794,
198,17.028985507246375,3.046162104133119,42.77375201288245,8.55475040257649,6.790123456790123,3.9318303811057436,11.627750939345143,4.931561996779388,0.8588298443370908,0.4562533548040794,
199,17.143048845947398,3.046162104133119,42.0222758990875,8.447396672034353,6.729736983360172,3.9318303811057436,12.02361782071927,5.213365539452496,0.8521202361782072,0.5904455179817498,
200,17.277241009125067,3.046162104133119,41.700214707461086,8.789586688137414,6.716317767042405,3.864734299516908,11.949812130971551,5.213365539452496,0.8521202361782072,0.5904455179817498,
201,17.418142780461622,3.046162104133119,39.58668813741278,8.61513687600644,8.514492753623188,3.8580246913580245,11.922973698336017,5.5689747718733225,0.8521202361782072,0.6172839506172839,
202,17.559044551798173,2.9723564143853998,39.472624798711756,8.440687063875469,8.494363929146537,3.8580246913580245,11.922973698336017,5.689747718733226,0.9796027911969941,0.6105743424584005,
203,17.881105743424584,2.8381642512077296,39.10359634997316,8.340042941492216,8.702361782071927,3.8580246913580245,11.81561996779388,5.884326355340848,0.966183574879227,0.6105743424584005,
204,15.854804079441761,2.3215244229736984,44.900697799248526,7.796564680622652,7.199409554482019,3.3816425120772946,11.460010735373054,5.4549114331723025,1.0869565217391304,0.5434782608695652,
205,16.0426731078905,2.3215244229736984,43.625872249060656,8.984165324745035,7.239667203435319,3.361513687600644,11.460010735373054,5.3341384863123995,1.0869565217391304,0.5434782608695652,
206,16.33118625872249,2.3081052066559313,43.484970477724104,8.984165324745035,7.179280730005368,3.361513687600644,11.460010735373054,5.260332796564681,1.0869565217391304,0.5434782608695652,
207,16.478797638217927,2.3081052066559313,42.639559849704774,8.984165324745035,7.803274288781535,3.361513687600644,11.439881910896403,5.367686527106817,1.0869565217391304,0.5300590445517982,
208,13.493022007514762,16.492216854535695,36.64787976382179,5.911164787976382,7.467793880837359,2.844873859366613,11.721685453569512,4.280730005367687,0.7447665056360708,0.39586688137412773,
209,13.761406333870102,15.955448201825014,36.030595813204506,5.884326355340848,8.588298443370908,2.844873859366613,11.60762211486849,4.193505099302201,0.7380568974771873,0.39586688137412773,
210,13.687600644122384,14.40552871712292,35.279119699409556,5.844068706387547,9.480676328502415,3.099838969404187,12.775093934514224,4.294149221685454,0.7380568974771873,0.39586688137412773,
211,14.237788513150832,14.284755770263017,34.634997316156735,5.803811057434245,9.514224369296834,3.0864197530864197,12.627482555018787,4.696725711218465,0.7380568974771873,0.3757380568974772,
212,14.506172839506172,14.244498121309716,34.44041867954911,5.763553408480945,9.494095544820183,3.052871712292002,12.473161567364466,4.824208266237251,0.8252818035426731,0.3757380568974772,
213,14.660493827160494,14.150563607085346,34.326355340848096,5.723295759527644,9.561191626409018,3.052871712292002,12.4597423510467,4.864465915190553,0.8252818035426731,0.3757380568974772,
214,15.076489533011273,14.04320987654321,31.85721953837896,7.830112721417069,9.500805152979066,3.0931293612453032,12.412775093934513,4.985238862050457,0.8252818035426731,0.3757380568974772,
