,45,50,54,51,53,52,55,56,57
0,97.17525496511004,2.8247450348899625,,,,,,,
1,97.11486849168008,2.885131508319914,,,,,,,
2,97.11486849168008,2.885131508319914,,,,,,,
3,96.68545356951154,3.3145464304884595,,,,,,,
4,94.7463768115942,4.9651100375738055,0.2885131508319914,,,,,,
5,94.81347289318303,4.898013955984971,0.2885131508319914,,,,,,
6,94.49141170155663,5.0858829844337095,0.2885131508319914,0.13419216317767044,,,,,
7,92.90123456790124,6.6760601180891035,0.2885131508319914,0.13419216317767044,,,,,
8,93.00858829844337,6.568706387546968,0.2885131508319914,0.13419216317767044,,,,,
9,93.00858829844337,6.568706387546968,0.2885131508319914,0.13419216317767044,,,,,
10,88.0703166935051,11.399624261943103,0.28180354267310787,0.13419216317767044,0.11406333870101985,,,,
11,81.40096618357488,17.820719269994633,0.4092860976918948,0.11406333870101985,0.11406333870101985,0.14090177133655393,,,
12,78.34809447128288,20.987654320987655,0.4092860976918948,,0.11406333870101985,0.14090177133655393,,,
13,74.49006977992485,24.84567901234568,0.4092860976918948,,0.11406333870101985,0.14090177133655393,,,
14,74.10762211486849,25.241545893719806,0.39586688137412773,,0.11406333870101985,0.14090177133655393,,,
15,74.25523349436394,24.792002147074612,0.39586688137412773,,0.11406333870101985,0.4428341384863124,,,
16,70.11540526033279,27.925389157273216,0.39586688137412773,1.0466988727858293,0.11406333870101985,0.4025764895330113,,,
17,68.67954911433172,29.361245303274288,0.39586688137412773,1.0466988727858293,0.11406333870101985,0.4025764895330113,,,
18,69.49812130971551,28.549382716049383,0.39586688137412773,1.0466988727858293,0.11406333870101985,0.39586688137412773,,,
19,67.88110574342458,28.64331723027375,0.35560923242082665,2.61003757380569,0.11406333870101985,0.39586688137412773,,,
20,67.86097691894793,28.69699409554482,0.35560923242082665,2.4825550187869028,0.20799785292538917,0.39586688137412773,,,
21,68.05555555555556,28.529253891572733,0.35560923242082665,2.4557165861513686,0.20799785292538917,0.39586688137412773,,,
22,68.25013419216317,28.341384863123995,0.35560923242082665,2.4490069779924855,0.20799785292538917,0.39586688137412773,,,
23,62.78180354267311,33.82984433709071,0.35560923242082665,2.428878153515835,0.20799785292538917,0.39586688137412773,,,
24,61.01717659688674,33.21256038647343,0.35560923242082665,4.676596886741814,0.20799785292538917,0.39586688137412773,0.13419216317767044,,
25,61.25872249060655,32.971014492753625,0.35560923242082665,4.676596886741814,0.20799785292538917,0.39586688137412773,0.13419216317767044,,
26,61.3191089640365,32.70263016639828,0.4428341384863124,4.656468062265164,0.3488996242619431,0.39586688137412773,0.13419216317767044,,
27,61.33252818035427,32.427536231884055,0.4428341384863124,4.542404723564144,0.7514761137949544,0.36902844873859364,0.13419216317767044,,
28,61.52710681696189,32.27321524422974,0.4428341384863124,4.51556629092861,0.7380568974771873,0.36902844873859364,0.13419216317767044,,
29,61.030595813204506,29.562533548040793,2.1604938271604937,4.488727858293076,0.6709608158883521,1.9659151905528718,0.12077294685990338,,
30,60.11137949543747,30.226784755770264,2.13365539452496,4.53569511540526,0.6709608158883521,1.932367149758454,0.38915727321524424,,
31,60.158346752549654,29.857756307031668,2.13365539452496,4.750402576489533,0.6709608158883521,2.0397208803005906,0.38915727321524424,,
32,59.45383789586688,29.1532474503489,1.9927536231884058,6.327160493827161,0.6709608158883521,2.0128824476650564,0.38915727321524424,,
33,59.13848631239936,29.602791196994094,1.9793344068706387,6.233225979602791,0.6709608158883521,1.9860440150295222,0.38915727321524424,,
34,54.6833064949007,33.25281803542673,1.9457863660762211,7.071926999463232,0.6709608158883521,1.9860440150295222,0.38915727321524424,,
35,54.96511003757381,32.971014492753625,1.9122383252818036,6.977992485238862,0.6709608158883521,1.9860440150295222,0.5166398282340311,,
36,48.22195383789587,37.96296296296296,1.8786902844873858,9.158615136876007,0.5099302200751477,1.778046162104133,0.48980139559849706,,
37,48.63794954374664,37.60064412238325,1.8786902844873858,9.104938271604938,0.5099302200751477,1.778046162104133,0.48980139559849706,,
38,48.76543209876543,37.5805152979066,1.8518518518518519,9.057971014492754,0.5099302200751477,1.7444981213097155,0.48980139559849706,,
39,49.51690821256039,36.8894256575416,1.8518518518518519,9.024422973698336,0.6172839506172839,1.6103059581320451,0.48980139559849706,,
40,46.9873859366613,39.33843263553408,1.8317230273752012,8.923778851315083,0.8387010198604401,1.6035963499731616,0.47638217928073,,
41,47.457058507783145,38.97611379495437,1.7713365539452497,8.876811594202898,0.8387010198604401,1.6035963499731616,0.47638217928073,,
42,47.89318303811057,38.419216317767045,2.033011272141707,8.82313472893183,0.8387010198604401,1.5163714439076759,0.47638217928073,,
43,44.276704240472355,42.39801395598497,1.9122383252818036,8.548040794417606,0.7313472893183038,1.5163714439076759,0.6172839506172839,,
44,44.63231347289318,42.12292002147075,1.8719806763285025,8.467525496511003,0.8387010198604401,1.4492753623188406,0.6172839506172839,,
45,42.90794417606012,43.96135265700483,1.8719806763285025,8.36688137412775,0.8252818035426731,1.4492753623188406,0.6172839506172839,,
46,41.639828234031135,45.53811057434246,1.6572732152442298,8.239398819108963,1.0265700483091786,1.288244766505636,0.6105743424584005,,
47,41.243961352657,44.0552871712292,1.6572732152442298,10.21202361782072,0.9326355340848095,1.288244766505636,0.6105743424584005,,
48,40.60654857756307,44.56521739130435,1.6438539989264627,10.131508319914117,1.1607622114868492,1.288244766505636,0.6038647342995169,,
49,41.076221148684915,44.31025228126678,1.6438539989264627,9.936929683306495,1.1406333870101986,1.288244766505636,0.6038647342995169,,
50,41.2842190016103,43.03542673107891,1.724369296833065,9.842995169082126,1.1406333870101986,2.1739130434782608,0.798443370907139,,
51,38.31186258722491,50.348899624261946,1.8719806763285025,5.71658615136876,1.2748255501878691,2.0397208803005906,0.43612453032742887,,
52,38.62721417069243,49.953032742887814,1.9457863660762211,5.736714975845411,1.261406333870102,2.0397208803005906,0.43612453032742887,,
53,39.49946323134729,49.060654857756305,1.9457863660762211,5.58239398819109,1.261406333870102,2.086688137412775,0.5636070853462157,,
54,40.01610305958132,48.43666129898014,1.9457863660762211,5.58239398819109,1.2345679012345678,2.2208803005904456,0.5636070853462157,,
55,37.4597423510467,45.48443370907139,2.073268921095008,10.876274825550189,1.3821792807300053,2.1604938271604937,0.5636070853462157,,
56,37.23832528180354,42.92807300053677,3.670155662909286,11.936392914653783,1.3821792807300053,2.147074610842727,0.6977992485238862,,
57,36.83574879227053,40.713902308105204,3.643317230273752,15.022812667740205,1.1003757380568975,2.100107353730542,0.5837359098228664,,
58,35.88298443370907,41.51234567901235,3.6097691894793345,15.331454643048845,1.0064412238325282,2.073268921095008,0.5837359098228664,,
59,36.802200751476114,40.85480407944176,3.556092324208266,15.136876006441224,0.9930220075147611,2.073268921095008,0.5837359098228664,,
60,37.30542136339238,40.68035426731079,3.4822866344605474,14.908749329039184,0.9796027911969941,2.059849704777241,0.5837359098228664,,
61,37.76167471819646,40.264358561460014,3.616478797638218,14.794685990338165,0.966183574879227,2.059849704777241,0.5367686527106817,,
62,38.43263553408481,39.85507246376812,3.5829307568438002,14.600107353730541,0.966183574879227,2.033011272141707,0.5300590445517982,,
63,38.66076221148685,38.788244766505635,3.5628019323671496,15.955448201825014,0.9125067096081588,1.5901771336553945,0.5300590445517982,,
64,39.19753086419753,38.35212023617821,3.502415458937198,15.754159957058508,1.06682769726248,1.5633387010198605,0.5636070853462157,,
65,39.64707461084273,38.02334943639291,3.488996242619431,15.653515834675256,1.06682769726248,1.556629092860977,0.5636070853462157,,
66,39.49946323134729,36.151368760064415,4.05931293612453,15.411969940955448,1.06682769726248,1.556629092860977,2.254428341384863,,
67,39.22436929683307,34.15861513687601,4.03918411164788,17.753623188405797,0.9259259259259259,1.5230810520665594,2.254428341384863,0.12077294685990338,
68,39.08346752549651,33.00456253354804,4.005636070853462,19.256575415995705,0.8319914117015567,1.4761137949543746,2.2208803005904456,0.12077294685990338,
69,39.42565754159957,31.468062265163713,3.8580246913580245,19.182769726247987,0.8319914117015567,3.1199677938808374,1.9927536231884058,0.12077294685990338,
70,39.98926462694579,31.199677938808374,3.8580246913580245,18.90096618357488,0.8319914117015567,3.1199677938808374,1.9793344068706387,0.12077294685990338,
71,40.06977992485239,29.528985507246375,4.17337627482555,18.63929146537842,2.4355877616747184,3.1199677938808374,1.9122383252818036,0.12077294685990338,
72,40.41867954911433,29.240472356414386,4.17337627482555,18.471551261406333,2.462426194310252,3.113258185721954,1.9994632313472893,0.12077294685990338,
73,40.49248523886205,28.26086956521739,4.575952764358561,17.954911433172303,2.5831991411701556,4.2270531400966185,1.7847557702630166,0.12077294685990338,
74,41.243961352657,27.87842190016103,4.53569511540526,17.733494363929147,2.5026838432635534,4.200214707461084,1.7847557702630166,0.12077294685990338,
75,41.706924315619965,27.147074610842726,4.522275899087493,17.57246376811594,3.193773483628556,4.133118625872249,1.6035963499731616,0.12077294685990338,
76,42.37788513150832,26.663982823403114,4.4820182501341925,17.344337090713903,3.193773483628556,4.05931293612453,1.7579173376274826,0.12077294685990338,
77,42.43827160493827,25.5703166935051,4.4820182501341925,20.04830917874396,2.6637144390767578,3.8915727321524423,0.785024154589372,0.12077294685990338,
78,42.82742887815352,24.63768115942029,4.38137412775094,19.269994632313473,2.6435856146001075,5.340848094471283,0.7783145464304885,0.12077294685990338,
79,43.25684380032206,24.40955448201825,4.280730005367687,18.46484165324745,2.5026838432635534,6.199677938808374,0.7648953301127214,0.12077294685990338,
80,42.44498121309716,25.650831991411703,4.233762748255502,18.270263016639827,2.5026838432635534,6.011808910359635,0.7648953301127214,0.12077294685990338,
81,43.00858829844337,25.44283413848631,4.186795491143317,17.827428878153516,2.7241009125067097,5.9447128287707995,0.7447665056360708,0.12077294685990338,
82,35.42002147074611,18.33064949006978,3.0059044551798175,36.77536231884058,2.086688137412775,3.7573805689747717,0.5032206119162641,0.12077294685990338,
83,36.00375738056898,18.38432635534085,2.871712292002147,36.493558776167475,2.006172839506173,3.616478797638218,0.5032206119162641,0.12077294685990338,
84,36.520397208803004,18.209876543209877,2.8515834675254963,36.01717659688674,2.006172839506173,3.569511540526033,0.7045088566827697,0.12077294685990338,
85,35.560923242082666,16.982018250134193,2.8515834675254963,38.14412238325282,2.0933977455716586,3.408480944712829,0.8387010198604401,0.12077294685990338,
86,31.427804616210413,27.77777777777778,1.90552871712292,31.00509930220075,1.8384326355340848,5.166398282340311,0.7581857219538379,0.12077294685990338,
87,32.15244229736983,27.34836285560923,2.059849704777241,30.461621041331185,1.8384326355340848,5.119431025228127,0.8990874932903918,0.12077294685990338,
88,32.78314546430489,27.160493827160494,2.0128824476650564,30.099302200751477,1.8384326355340848,5.0858829844337095,0.8990874932903918,0.12077294685990338,
89,33.52120236178207,26.7512077294686,2.15378421900161,29.810789049919485,1.8183038110574343,4.951690821256038,0.8722490606548577,0.12077294685990338,
90,33.74932903918411,25.744766505636072,3.864734299516908,29.05931293612453,1.8183038110574343,4.790660225442834,0.8521202361782072,0.12077294685990338,
91,34.38003220611916,25.49651100375738,3.770799785292539,28.85131508319914,1.778046162104133,4.750402576489533,0.8521202361782072,0.12077294685990338,
92,34.594739667203434,25.315351583467525,3.7573805689747717,28.663446054750402,1.7444981213097155,4.750402576489533,1.0534084809447128,0.12077294685990338,
93,35.08454106280193,25.167740203972087,3.743961352657005,28.462157809983896,1.7444981213097155,4.643048845947397,1.0332796564680622,0.12077294685990338,
94,32.82340311325819,27.72410091250671,3.730542136339238,28.173644659151904,1.724369296833065,4.602791196994096,1.0332796564680622,0.1878690284487386,
95,27.851583467525497,39.78797638217928,2.1940418679549114,19.85373054213634,1.6170155662909287,7.628824476650563,0.8789586688137413,0.1878690284487386,
96,28.75067096081589,39.25791733762748,2.1940418679549114,19.558507783145465,1.6170155662909287,7.555018786902845,0.8789586688137413,0.1878690284487386,
97,29.159957058507782,38.21121846484165,2.187332259796028,18.927804616210413,1.5767579173376274,8.749329039184111,0.9997316156736447,0.1878690284487386,
98,29.61621041331186,37.76167471819646,2.187332259796028,18.88083735909823,1.5767579173376274,8.648684916800859,1.1406333870101986,0.1878690284487386,
99,30.02549651100376,37.533548040794415,2.147074610842727,18.773483628556093,1.5029522275899088,8.57487922705314,1.2546967257112185,0.1878690284487386,
100,30.314009661835748,37.38593666129898,2.1739130434782608,18.552066559312937,1.5029522275899088,8.527911969940956,1.3553408480944713,0.1878690284487386,
101,31.30703166935051,36.741814278046164,2.120236178207193,18.377616747181964,1.6035963499731616,8.3467525496511,1.3150831991411702,0.1878690284487386,
102,31.97799248523886,36.43317230273752,2.1135265700483092,18.16290928609769,1.5767579173376274,8.105206655931294,1.442565754159957,0.1878690284487386,
103,31.89747718733226,26.50295222758991,2.033011272141707,28.56280193236715,1.5767579173376274,7.937466451959206,1.3016639828234031,0.1878690284487386,
104,32.1256038647343,26.583467525496513,2.033011272141707,28.307836822329577,1.570048309178744,7.776435856146001,1.2748255501878691,0.32877079978529256,
105,32.50805152979066,26.382179280730007,2.2208803005904456,28.026033279656467,1.6237251744498122,7.635534084809447,1.2748255501878691,0.32877079978529256,
106,33.319914117015564,26.006441223832528,2.200751476113795,27.623456790123456,1.6237251744498122,7.5281803542673105,1.3687600644122384,0.32877079978529256,
107,34.01771336553945,25.704508856682768,2.1940418679549114,27.241009125067094,1.6237251744498122,7.434245840042942,1.4559849704777241,0.32877079978529256,
108,34.54777241009125,25.261674718196456,2.1940418679549114,27.20746108427268,1.6237251744498122,7.380568974771873,1.4559849704777241,0.32877079978529256,
109,35.48040794417606,24.86580783682233,2.1403650026838434,26.838432635534083,1.6237251744498122,7.273215244229737,1.4492753623188406,0.32877079978529256,
110,36.04401502952228,24.704777241009126,2.0933977455716586,26.52308105206656,1.6237251744498122,7.232957595276436,1.4492753623188406,0.32877079978529256,
111,32.91733762748255,20.21604938271605,1.5767579173376274,37.58722490606549,0.7380568974771873,5.730005367686527,1.0735373054213635,0.1610305958132045,
112,33.48094471282877,20.061728395061728,1.5633387010198605,37.265163714439076,0.7380568974771873,5.683038110574342,1.0466988727858293,0.1610305958132045,
113,33.903650026838434,19.95437466451959,1.5633387010198605,36.8894256575416,0.7380568974771873,5.676328502415459,1.0198604401502953,0.2549651100375738,
114,34.333064949006975,19.672571121846484,1.5499194847020934,36.761943102522814,0.7380568974771873,5.669618894256575,1.0198604401502953,0.2549651100375738,
115,34.76247987117552,19.578636607622116,1.6774020397208802,36.48684916800859,0.7380568974771873,5.481749865807837,1.0198604401502953,0.2549651100375738,
116,35.04428341384863,19.598765432098766,1.7713365539452497,36.03730542136339,0.7380568974771873,5.434782608695652,1.1205045625335481,0.2549651100375738,
117,35.55421363392378,19.343800322061192,1.7310789049919484,35.71524422973698,0.7380568974771873,5.267042404723564,1.3150831991411702,0.33548040794417605,
118,36.06414385399893,19.256575415995705,1.6304347826086956,35.30595813204509,0.7380568974771873,5.246913580246914,1.4224369296833066,0.33548040794417605,
119,36.56736446591519,19.229736983360173,1.596886741814278,33.63526570048309,0.6910896403650026,5.199946323134729,2.7442297369833604,0.33548040794417605,
120,37.31884057971015,19.129092860976918,1.596886741814278,33.24610842726785,0.5636070853462157,5.065754159957058,2.7442297369833604,0.33548040794417605,
121,38.00993022007515,18.793612453032743,1.5096618357487923,32.90391841116479,0.5636070853462157,5.059044551798175,2.8247450348899625,0.33548040794417605,
122,37.88244766505636,18.310520665593128,1.5096618357487923,34.004294149221685,0.5636070853462157,4.582662372517445,2.818035426731079,0.32877079978529256,
123,37.473161567364464,17.847557702630166,1.2412775093934514,36.41975308641975,0.5636070853462157,3.4151905528717124,2.7777777777777777,0.2616747181964573,
124,37.27187332259796,17.505367686527105,1.2412775093934514,34.18545356951154,0.5636070853462157,6.5485775630703165,2.3349436392914655,0.3488996242619431,
125,36.67471819645733,16.324476650563607,1.1741814278046163,36.808910359635,0.5300590445517982,6.0654857756307035,2.227589908749329,0.19457863660762212,
126,37.21148684916801,16.17686527106817,1.1741814278046163,36.480139559849704,0.5300590445517982,6.005099302200751,2.227589908749329,0.19457863660762212,
127,37.5,16.14331723027375,1.1741814278046163,36.292270531400966,0.5300590445517982,5.964841653247451,2.200751476113795,0.19457863660762212,
128,38.217928073000536,16.089640365002683,1.1741814278046163,35.59447128287708,0.5300590445517982,5.964841653247451,2.2745571658615136,0.15432098765432098,
129,37.82877079978529,15.579710144927537,1.1741814278046163,36.500268384326354,0.5300590445517982,5.83064949006978,2.2611379495437465,0.2952227589908749,
130,38.12399355877617,15.445517981749866,1.1473429951690821,36.34594739667203,0.6642512077294686,5.676328502415459,2.301395598497048,0.2952227589908749,
131,38.32528180354267,15.163714439076758,1.0869565217391304,36.030595813204506,0.6239935587761675,6.052066559312936,2.2946859903381642,0.4227053140096618,
132,38.96269457863661,14.875201288244767,1.0332796564680622,35.849436392914654,0.6239935587761675,5.984970477724101,2.24771873322598,0.4227053140096618,
133,39.60010735373054,14.74771873322598,1.0332796564680622,35.20531400966183,0.6239935587761675,5.984970477724101,2.38191089640365,0.4227053140096618,
134,39.40552871712292,15.13016639828234,1.0332796564680622,35.037573805689746,0.6239935587761675,5.964841653247451,2.38191089640365,0.4227053140096618,
135,39.821524422973695,14.97584541062802,1.0332796564680622,34.86983360171766,0.6239935587761675,5.870907139023081,2.38191089640365,0.4227053140096618,
136,40.27106816961889,14.834943639291465,1.0332796564680622,34.49409554482018,0.6239935587761675,5.8239398819108965,2.3550724637681157,0.5636070853462157,
137,40.66022544283414,14.720880300590446,1.0332796564680622,34.252549651100374,0.6239935587761675,5.810520665593129,2.341653247450349,0.5568974771873323,
138,40.98899624261943,14.707461084272678,1.0332796564680622,33.68894256575416,0.6239935587761675,5.803811057434245,2.462426194310252,0.6910896403650026,
139,41.34460547504026,14.606816961889425,1.0332796564680622,33.400429414922165,0.6038647342995169,5.743424584004294,2.576489533011272,0.6910896403650026,
140,41.243961352657,14.506172839506172,1.0265700483091786,30.35426731078905,0.6709608158883521,5.5756843800322065,5.971551261406334,0.6508319914117016,
141,41.55931293612453,14.418947933440688,1.0265700483091786,30.132850241545892,0.6709608158883521,5.5756843800322065,5.971551261406334,0.644122383252818,
142,41.97530864197531,14.2914653784219,1.0265700483091786,29.844337090713903,0.6709608158883521,5.508588298443371,6.038647342995169,0.644122383252818,
143,42.612721417069245,14.096886741814279,1.0265700483091786,29.468599033816425,0.6709608158883521,6.696188942565755,4.891304347826087,0.5367686527106817,
144,42.941492216854535,14.036500268384327,1.1607622114868492,29.24718196457327,0.6709608158883521,6.515029522275899,4.891304347826087,0.5367686527106817,
145,43.223295759527645,13.79495437466452,1.1473429951690821,28.73054213633924,0.9259259259259259,6.515029522275899,4.978529253891573,0.6843800322061192,
146,43.625872249060656,13.694310252281268,1.247987117552335,28.6231884057971,0.9259259259259259,6.273483628556092,4.924852388620504,0.6843800322061192,
147,44.155931293612454,13.580246913580247,1.247987117552335,28.33467525496511,0.8856682769726248,6.246645195920558,4.864465915190553,0.6843800322061192,
148,39.19753086419753,26.194310252281266,0.966183574879227,19.766505636070853,0.7179280730005367,8.608427267847558,4.40150295222759,0.14761137949543746,
149,39.58668813741278,26.039989264626946,0.966183574879227,19.592055823939884,0.7179280730005367,8.548040794417606,4.40150295222759,0.14761137949543746,
150,39.27804616210413,25.89237788513151,1.0265700483091786,20.2361782071927,0.7179280730005367,8.474235104669887,4.2270531400966185,0.14761137949543746,
151,39.070048309178745,24.745034889962426,1.0131508319914118,19.91411701556629,0.7179280730005367,8.319914117015566,6.072195383789587,0.14761137949543746,
152,39.50617283950617,24.570585077831456,0.9997316156736447,19.753086419753085,0.6843800322061192,8.219269994632313,6.119162640901771,0.14761137949543746,
153,38.727858293075684,24.168008588298445,1.0735373054213635,19.008319914117017,3.569511540526033,8.179012345679013,5.139559849704777,0.13419216317767044,
154,39.33843263553408,23.939881910896403,1.0332796564680622,18.686258722490606,3.549382716049383,8.085077831454644,5.233494363929147,0.13419216317767044,
155,38.89559849704777,23.19511540526033,1.0332796564680622,18.310520665593128,3.851315083199141,9.353193773483628,5.226784755770263,0.13419216317767044,
156,39.50617283950617,22.973698336017176,1.0332796564680622,18.12265163714439,3.8177670424047236,9.225711218464841,5.186527106816962,0.13419216317767044,
157,40.3918411164788,22.57783145464305,1.0332796564680622,17.693236714975846,3.8043478260869565,9.205582393988191,5.173107890499195,0.12077294685990338,
158,40.64680622651637,22.32957595276436,1.1540526033279657,17.652979066022546,3.7909286097691894,9.07139023081052,5.233494363929147,0.12077294685990338,
159,41.035963499731615,22.134997316156735,1.0466988727858293,17.52549651100376,3.9049919484702094,9.01100375738057,5.22007514761138,0.12077294685990338,
160,41.418411164787976,21.87332259796028,1.0399892646269457,17.51207729468599,3.8714439076757916,8.964036500268385,5.199946323134729,0.12077294685990338,
161,41.46537842190016,21.504294149221685,0.9393451422436929,18.189747718733226,3.7775093934514223,8.68894256575416,5.10601180891036,0.32877079978529256,
162,41.720343531937736,21.390230810520666,1.1406333870101986,17.847557702630166,3.5426731078904994,8.628556092324208,5.401234567901234,0.32877079978529256,
163,41.378153515834676,21.14868491680086,1.0332796564680622,19.316961889425656,3.5091250670960816,7.937466451959206,5.253623188405797,0.4227053140096618,
164,40.50590445517982,20.79307568438003,1.0198604401502953,20.69243156199678,3.475577026301664,7.863660762211487,5.226784755770263,0.4227053140096618,
165,41.15002683843264,20.598497047772412,0.9863123993558777,20.477724100912507,3.408480944712829,7.689210950080516,5.146269457863661,0.5434782608695652,
166,42.008856682769725,20.42404723564144,0.9393451422436929,19.994632313472895,3.408480944712829,7.635534084809447,5.0791733762748255,0.5099302200751477,
167,42.223564143854,20.316693505099302,1.06682769726248,19.981213097155127,3.2541599570585076,7.568438003220612,5.0791733762748255,0.5099302200751477,
168,40.76757917337628,18.666129898013956,3.4151905528717124,20.055018786902846,3.2541599570585076,8.373590982286634,4.958400429414922,0.5099302200751477,
169,41.0024154589372,18.310520665593128,3.515834675254965,20.075147611379496,3.2541599570585076,8.340042941492216,4.864465915190553,0.6374127750939346,
170,41.33118625872249,17.8743961352657,3.502415458937198,19.847020933977454,3.2474503488996245,8.28636607622115,5.273752012882448,0.6374127750939346,
171,41.968599033816425,17.599302200751477,3.4688674181427803,19.47128287707998,3.2474503488996245,8.225979602791197,5.381105743424584,0.6374127750939346,
172,42.53220611916264,16.97530864197531,2.8918411164787976,19.04186795491143,4.42163177670424,8.192431561996779,5.360976918947934,0.5837359098228664,
173,42.98845947396672,16.80756843800322,2.8918411164787976,18.874127750939344,4.414922168545357,8.017981749865807,5.287171229200215,0.7179280730005367,
174,43.35077831454643,16.80756843800322,2.831454643048846,18.679549114331724,4.367954911433173,7.977724100912507,5.267042404723564,0.7179280730005367,
175,43.57890499194847,16.70692431561997,2.7643585614600106,18.699677938808374,4.3545356951154055,7.924047235641439,5.253623188405797,0.7179280730005367,
176,43.94122383252818,16.545893719806763,2.7308105206655933,18.63929146537842,4.3478260869565215,7.877079978529254,5.199946323134729,0.7179280730005367,
177,44.598765432098766,16.223832528180353,2.7106816961889426,18.552066559312937,4.30756843800322,7.709339774557166,5.179817498658078,0.7179280730005367,
178,44.98792270531401,16.170155662909288,2.6704240472356413,18.4044551798175,4.30756843800322,7.581857219538379,5.052334943639291,0.7179280730005367,0.10735373054213634
179,45.3166935050993,16.109769189479334,2.61003757380569,18.270263016639827,4.294149221685454,7.581857219538379,5.005367686527107,0.7045088566827697,0.10735373054213634
180,46.01449275362319,15.962157809983896,2.5563607085346214,17.96833064949007,4.280730005367687,7.521470746108427,4.884594739667204,0.7045088566827697,0.10735373054213634
181,46.51100375738057,15.767579173376275,2.5496511003757383,17.914653784219002,4.1532474503489,7.467793880837359,4.824208266237251,0.7045088566827697,0.10735373054213634
182,46.96725711218465,15.687063875469672,2.5429414922168547,17.807300053676865,4.066022544283414,7.367149758454106,4.750402576489533,0.7045088566827697,0.10735373054213634
183,47.34970477724101,15.559581320450885,2.5161030595813205,17.753623188405797,3.992216854535695,7.306763285024155,4.7168545356951155,0.6977992485238862,0.10735373054213634
184,47.89318303811057,15.391841116478798,2.4691358024691357,17.579173376274827,3.992216854535695,7.199409554482019,4.676596886741814,0.6977992485238862,0.10064412238325282
185,47.718733225979605,15.157004830917874,2.7308105206655933,17.143048845947398,4.9718196457326895,7.098765432098766,4.4820182501341925,0.5971551261406334,0.10064412238325282
186,47.87976382179281,15.136876006441224,2.703972088030059,17.04911433172303,4.9718196457326895,7.085346215780999,4.4753086419753085,0.5971551261406334,0.10064412238325282
187,48.2085346215781,15.029522275899087,2.6972624798711755,16.928341384863124,4.938271604938271,7.024959742351046,4.4753086419753085,0.5971551261406334,0.10064412238325282
188,48.490338164251206,14.861782071927,2.6704240472356413,16.908212560386474,4.911433172302737,7.024959742351046,4.448470209339774,0.5837359098228664,0.10064412238325282
189,48.85265700483092,14.76784755770263,2.6704240472356413,16.814278046162105,4.85775630703167,6.991411701556629,4.361245303274289,0.5837359098228664,0.10064412238325282
190,49.11433172302738,14.660493827160494,2.6435856146001075,16.80756843800322,4.817498658078368,6.971282877079979,4.30756843800322,0.5770263016639828,0.10064412238325282
191,49.5101986044015,14.626945786366075,2.6301663982823404,16.63311862587225,4.736983360171766,6.9243156199677935,4.260601180891036,0.5770263016639828,0.10064412238325282
192,49.020397208803004,13.372249060654857,2.623456790123457,16.472088030059044,4.757112184648417,6.937734836285561,6.1929683306494905,0.5233494363929146,0.10064412238325282
193,48.409822866344605,13.18438003220612,2.6033279656468062,18.156199677938808,4.750402576489533,6.810252281266774,5.4616210413311865,0.5233494363929146,0.10064412238325282
194,49.02710681696189,13.009930220075148,2.341653247450349,18.02871712292002,4.7168545356951155,6.756575415995706,5.495169082125604,0.5233494363929146,0.10064412238325282
195,49.24852388620504,12.842190016103059,2.5026838432635534,17.673107890499196,4.7168545356951155,6.66935050993022,5.723295759527644,0.5233494363929146,0.10064412238325282
196,48.94659151905529,11.922973698336017,2.4892646269457863,17.418142780461622,6.1929683306494905,6.588835212023618,5.837359098228664,0.5166398282340311,0.08722490606548577
197,49.241814278046164,11.75523349436393,2.475845410628019,16.982018250134193,6.729736983360172,6.400966183574879,5.790391841116479,0.5367686527106817,0.08722490606548577
198,49.39613526570049,11.426462694578637,2.4557165861513686,16.760601180891037,6.5552871712292005,6.367418142780462,6.414385399892646,0.5367686527106817,0.08722490606548577
199,49.584004294149224,11.386205045625335,2.4490069779924855,16.646537842190018,6.474771873322598,6.367418142780462,6.468062265163715,0.5367686527106817,0.08722490606548577
200,48.60440150295223,11.057434245840042,2.38191089640365,17.934782608695652,6.447933440687064,6.226516371443908,6.723027375201288,0.5367686527106817,0.08722490606548577
201,48.55743424584004,11.044015029522276,2.368491680085883,17.881105743424584,6.414385399892646,6.199677938808374,6.723027375201288,0.7246376811594203,0.08722490606548577
202,49.013687600644126,10.990338164251208,2.3617820719269993,17.767042404723565,6.273483628556092,6.166129898013956,6.615673644659152,0.7246376811594203,0.08722490606548577
203,49.39613526570049,10.93666129898014,2.3617820719269993,17.51207729468599,6.179549114331723,6.125872249060655,6.6827697262479875,0.7179280730005367,0.08722490606548577
204,49.67793880837359,10.889694041867955,2.3617820719269993,17.431561996779386,6.159420289855072,6.025228126677402,6.649221685453569,0.7179280730005367,0.08722490606548577
205,50.013419216317764,10.742082662372518,2.3550724637681157,17.23027375201288,6.139291465378422,5.9514224369296835,6.763285024154589,0.7179280730005367,0.08722490606548577
206,50.315351583467525,10.61460010735373,2.3550724637681157,17.196725711218466,6.072195383789587,5.884326355340848,6.756575415995706,0.7179280730005367,0.08722490606548577
207,50.54347826086956,10.513955984970478,2.341653247450349,17.102791196994094,6.072195383789587,5.877616747181965,6.743156199677939,0.7179280730005367,0.08722490606548577
208,50.878958668813745,10.426731078904991,2.328234031132582,16.867954911433173,6.172839506172839,5.877616747181965,6.642512077294686,0.7179280730005367,0.08722490606548577
209,50.95276435856146,10.265700483091788,2.4691358024691357,16.780730005367687,6.172839506172839,5.83064949006978,6.622383252818035,0.6977992485238862,0.20799785292538917
210,51.10708534621578,10.225442834138486,2.4557165861513686,16.740472356414386,6.166129898013956,5.810520665593129,6.588835212023618,0.6977992485238862,0.20799785292538917
211,51.1003757380569,10.205314009661835,2.5697799248523885,16.59957058507783,6.159420289855072,5.917874396135265,6.541867954911433,0.6977992485238862,0.20799785292538917
212,51.549919484702095,10.165056360708535,2.5496511003757383,16.458668813741276,6.072195383789587,5.857487922705314,6.4412238325281805,0.6977992485238862,0.20799785292538917
213,51.72436929683307,10.11808910359635,2.6637144390767578,16.203703703703702,6.125872249060655,5.83064949006978,6.427804616210413,0.6977992485238862,0.20799785292538917
214,51.90552871712292,10.044283413848632,2.623456790123457,15.94873859366613,6.099033816425121,5.931293612453032,6.414385399892646,0.8252818035426731,0.20799785292538917
215,52.321524422973695,10.02415458937198,2.5429414922168547,15.854804079441761,5.884326355340848,6.025228126677402,6.360708534621578,0.7783145464304885,0.20799785292538917
216,52.764358561460014,9.916800858829845,2.522812667740204,15.767579173376275,5.83064949006978,5.998389694041868,6.213097155126141,0.7783145464304885,0.20799785292538917
217,52.9320987654321,9.829575952764358,2.509393451422437,15.599838969404187,5.763553408480945,5.9447128287707995,6.333870101986044,0.8789586688137413,0.20799785292538917
218,52.20746108427268,9.601449275362318,1.583467525496511,15.378421900161031,8.340042941492216,5.803811057434245,6.005099302200751,0.8722490606548577,0.20799785292538917
219,51.66398282340311,9.54777241009125,2.7979066022544283,14.74771873322598,8.3467525496511,5.857487922705314,5.958132045088567,0.8722490606548577,0.20799785292538917
220,51.99946323134729,9.473966720343531,2.7979066022544283,14.741009125067096,8.259527643585615,5.743424584004294,5.904455179817498,0.8722490606548577,0.20799785292538917
221,52.22758990874933,9.453837895866881,2.85829307568438,14.620236178207193,8.199141170155663,5.703166935050993,5.904455179817498,0.8252818035426731,0.20799785292538917
222,52.663714439076756,9.306226516371444,2.9253891572732154,14.392109500805153,8.185721953837897,5.683038110574342,5.810520665593129,0.8252818035426731,0.20799785292538917
223,52.804616210413315,9.225711218464841,2.9253891572732154,14.210950080515298,8.333333333333334,5.683038110574342,5.783682232957595,0.8252818035426731,0.20799785292538917
224,53.12667740203972,9.138486312399356,2.9119699409554483,14.17740203972088,8.21256038647343,5.683038110574342,5.71658615136876,0.8252818035426731,0.20799785292538917
225,53.37493290391841,9.118357487922705,2.9119699409554483,13.996242619431026,8.199141170155663,5.656199677938808,5.709876543209877,0.8252818035426731,0.20799785292538917
226,53.72383252818035,8.923778851315083,2.885131508319914,13.88888888888889,8.07836822329576,5.528717122920021,5.938003220611916,0.8252818035426731,0.20799785292538917
227,53.7842190016103,8.82313472893183,2.885131508319914,13.90901771336554,7.977724100912507,5.649490069779925,5.938003220611916,0.8252818035426731,0.20799785292538917
228,54.21363392377885,8.749329039184111,2.8515834675254963,13.81508319914117,7.96430488459474,5.642780461621041,5.730005367686527,0.8252818035426731,0.20799785292538917
229,54.48201825013419,8.722490606548577,2.844873859366613,13.808373590982287,7.897208803005904,5.615942028985507,5.676328502415459,0.7447665056360708,0.20799785292538917
230,54.8443370907139,8.722490606548577,2.844873859366613,13.6808910359635,7.7361782071927,5.60252281266774,5.622651637144391,0.7380568974771873,0.20799785292538917
231,54.93156199677939,8.628556092324208,2.844873859366613,13.747987117552334,7.702630166398282,5.595813204508857,5.60252281266774,0.7380568974771873,0.20799785292538917
232,55.19994632313473,8.568169618894256,2.831454643048846,13.6808910359635,7.648953301127214,5.595813204508857,5.562265163714439,0.7045088566827697,0.20799785292538917
233,55.62936124530327,8.568169618894256,2.831454643048846,13.499731615673644,7.481213097155126,5.46833064949007,5.528717122920021,0.798443370907139,0.19457863660762212
234,55.73000536768653,8.601717659688674,2.7979066022544283,13.446054750402576,7.581857219538379,5.46833064949007,5.501878690284487,0.798443370907139,0.07380568974771873
235,55.97155126140633,8.53462157809984,2.7509393451422435,13.39237788513151,7.568438003220612,5.4616210413311865,5.448201825013419,0.798443370907139,0.07380568974771873
236,56.21980676328502,8.440687063875469,2.7442297369833604,13.285024154589372,7.474503488996243,5.515297906602254,5.448201825013419,0.798443370907139,0.07380568974771873
237,56.60225442834138,8.360171765968868,2.657004830917874,13.251476113794954,7.474503488996243,5.441492216854535,5.401234567901234,0.7380568974771873,0.07380568974771873
238,56.716317767042405,8.299785292538916,2.757648953301127,13.20450885668277,7.4141170155662905,5.441492216854535,5.35426731078905,0.7380568974771873,0.07380568974771873
239,57.1256038647343,8.21256038647343,2.7442297369833604,13.130703166935051,7.347020933977456,5.35426731078905,5.307300053676865,0.7246376811594203,0.05367686527106817
240,57.380568974771876,8.05823939881911,2.7308105206655933,12.969672571121846,7.313472893183038,5.260332796564681,5.522007514761138,0.7112184648416533,0.05367686527106817
241,56.46135265700483,7.4006977992485234,4.5893719806763285,12.909286097691895,7.353730542136339,5.233494363929147,5.287171229200215,0.7112184648416533,0.05367686527106817
242,55.95142243692968,7.03166935050993,5.595813204508857,12.681159420289855,7.286634460547504,5.226784755770263,5.213365539452496,0.8118625872249061,0.20128824476650564
243,56.052066559312934,7.03166935050993,5.5756843800322065,12.647611379495437,7.273215244229737,5.213365539452496,5.193236714975845,0.8118625872249061,0.20128824476650564
244,56.427804616210416,6.998121309715513,5.35426731078905,12.600644122383253,7.105475040257649,5.2066559312936125,5.179817498658078,0.9594739667203436,0.16774020397208803
245,56.494900697799245,6.937734836285561,5.213365539452496,12.634192163177671,7.098765432098766,5.186527106816962,5.307300053676865,0.9594739667203436,0.16774020397208803
246,57.098765432098766,6.91760601180891,5.193236714975845,12.52012882447665,6.951154052603328,5.159688674181428,5.065754159957058,0.9259259259259259,0.16774020397208803
247,57.25979602791197,6.89747718733226,5.179817498658078,12.5,6.863929146537842,5.193236714975845,5.01207729468599,0.9259259259259259,0.16774020397208803
248,57.33360171765969,6.863929146537842,5.152979066022544,12.546967257112184,6.837090713902308,5.159688674181428,5.01207729468599,0.9259259259259259,0.16774020397208803
249,57.46779388083736,6.709608158883521,5.253623188405797,12.486580783682234,6.998121309715513,5.0993022007514766,4.911433172302737,0.9057971014492754,0.16774020397208803
250,57.789855072463766,6.629092860976919,5.2066559312936125,12.372517444981213,7.024959742351046,5.0993022007514766,4.8376274825550185,0.8789586688137413,0.1610305958132045
251,56.72973698336017,6.454643048845948,4.7168545356951155,14.492753623188406,6.823671497584541,5.0791733762748255,4.690016103059581,0.8521202361782072,0.1610305958132045
252,56.87734836285561,6.427804616210413,4.851046698872786,14.27133655394525,6.850509930220075,5.0791733762748255,4.64975845410628,0.8319914117015567,0.1610305958132045
253,57.024959742351044,6.333870101986044,4.790660225442834,14.27133655394525,6.756575415995706,5.0791733762748255,4.7638217928073,0.8185721953837896,0.1610305958132045
254,56.97128287707998,6.300322061191626,4.750402576489533,14.526301663982823,6.756575415995706,4.9651100375738055,4.757112184648417,0.8118625872249061,0.1610305958132045
255,57.19940955448202,6.125872249060655,4.750402576489533,14.579978529253891,6.756575415995706,4.918142780461621,4.696725711218465,0.8118625872249061,0.1610305958132045
256,57.37385936661299,6.092324208266238,4.683306494900698,14.526301663982823,6.716317767042405,4.958400429414922,4.676596886741814,0.8118625872249061,0.1610305958132045
257,57.33360171765969,6.078904991948471,4.663177670424047,14.2914653784219,6.6827697262479875,5.038915727321524,4.944981213097155,0.8051529790660226,0.1610305958132045
258,57.51476113794954,6.0654857756307035,4.777241009125067,14.210950080515298,6.629092860976919,5.038915727321524,4.797369833601718,0.8051529790660226,0.1610305958132045
259,58.08507783145464,6.031937734836285,4.683306494900698,13.81508319914117,6.595544820182502,4.951690821256038,4.871175523349437,0.8051529790660226,0.1610305958132045
260,58.40713902308105,5.9514224369296835,4.5960815888352125,13.714439076757918,6.541867954911433,4.918142780461621,4.931561996779388,0.7783145464304885,0.1610305958132045
261,59.01771336553945,5.864197530864198,4.569243156199678,13.47289318303811,6.427804616210413,4.85775630703167,4.851046698872786,0.7783145464304885,0.1610305958132045
262,59.56119162640902,5.864197530864198,4.528985507246377,13.358829844337091,6.414385399892646,4.51556629092861,4.830917874396135,0.7648953301127214,0.1610305958132045
263,59.82286634460547,5.864197530864198,4.414922168545357,13.285024154589372,6.320450885668277,4.643048845947397,4.723564143853999,0.7648953301127214,0.1610305958132045
264,60.13150831991412,5.756843800322061,4.455179817498658,13.144122383252817,6.286902844873859,4.616210413311863,4.690016103059581,0.7581857219538379,0.1610305958132045
