,45,50,51,55,52,54,53,57,56
0,88.74798711755234,11.252012882447666,,,,,,,
1,80.50187869028449,19.49812130971551,,,,,,,
2,80.15968867418142,16.304347826086957,3.535963499731616,,,,,,
3,67.512077294686,27.83816425120773,3.488996242619431,1.1607622114868492,,,,,
4,62.9495437466452,33.32662372517445,3.488996242619431,0.23483628556092323,,,,,
5,59.554482018250134,36.72168545356951,3.488996242619431,0.23483628556092323,,,,,
6,59.064680622651636,37.21148684916801,3.488996242619431,0.23483628556092323,,,,,
7,54.099570585077835,42.17659688674181,3.488996242619431,0.23483628556092323,,,,,
8,45.61862587224906,49.27536231884058,3.488996242619431,0.23483628556092323,1.1741814278046163,0.20799785292538917,,,
9,40.57971014492754,53.743961352657,4.9718196457326895,0.23483628556092323,0.2616747181964573,0.20799785292538917,,,
10,35.27241009125067,56.46135265700483,4.944981213097155,0.3824476650563607,2.7308105206655933,0.20799785292538917,,,
11,32.648953301127214,59.044551798174986,4.985238862050457,0.3824476650563607,2.7308105206655933,0.20799785292538917,,,
12,32.30005367686527,55.75684380032206,7.03166935050993,0.6977992485238862,4.005636070853462,0.20799785292538917,,,
13,28.287707997852927,58.50107353730542,8.299785292538916,0.6977992485238862,4.005636070853462,0.20799785292538917,,,
14,24.90606548577563,58.44068706387547,11.842458400429415,0.5971551261406334,4.005636070853462,0.20799785292538917,,,
15,18.61916264090177,33.15888352120236,45.12211486849168,0.14761137949543746,2.4691358024691357,0.19457863660762212,0.2885131508319914,,
16,18.90096618357488,32.971014492753625,44.98792270531401,0.24154589371980675,2.4154589371980677,0.19457863660762212,0.2885131508319914,,
17,19.03515834675255,32.8972088030059,44.927536231884055,0.24154589371980675,2.4154589371980677,0.19457863660762212,0.2885131508319914,,
18,18.57890499194847,31.743156199677937,41.78743961352657,0.24154589371980675,7.1658615136876005,0.19457863660762212,0.2885131508319914,,
19,18.65271068169619,30.340848094471284,41.71363392377885,0.36902844873859364,7.112184648416532,0.19457863660762212,1.6170155662909287,,
20,18.80703166935051,30.139559849704778,41.6129898013956,0.9728931830381106,6.655931293612453,0.19457863660762212,1.6170155662909287,,
21,19.16935050993022,30.079173376274827,41.324476650563604,0.9594739667203436,6.655931293612453,0.19457863660762212,1.6170155662909287,,
22,16.344605475040257,33.3870101986044,41.04938271604938,1.0735373054213635,6.333870101986044,0.19457863660762212,1.6170155662909287,,
23,16.51905528717123,33.2259796027912,40.89506172839506,1.0735373054213635,6.333870101986044,0.19457863660762212,1.7579173376274826,,
24,13.768115942028986,37.96296296296296,39.81481481481482,1.0735373054213635,5.428073000536768,0.19457863660762212,1.7579173376274826,,
25,13.627214170692431,30.347557702630166,42.008856682769725,0.6910896403650026,11.372785829307569,0.19457863660762212,1.7579173376274826,,
26,13.774825550187868,30.307300053676865,41.96188942565754,0.6910896403650026,11.33923778851315,0.19457863660762212,1.7310789049919484,,
27,13.90901771336554,29.918142780461622,39.09688674181428,0.6910896403650026,11.20504562533548,2.8784219001610305,2.301395598497048,,
28,14.163982823403114,29.844337090713903,38.71443907675792,0.95276435856146,11.144659151905529,2.8784219001610305,2.301395598497048,,
29,13.063607085346217,28.16022544283414,41.8545356951154,0.8655394524959742,11.131239935587761,2.8784219001610305,2.046430488459474,,
30,12.084004294149223,27.126945786366075,35.76221148684917,0.6038647342995169,19.806763285024154,2.3081052066559313,2.046430488459474,0.2616747181964573,
31,10.7085346215781,24.731615673644658,40.734031132581855,0.5703166935050993,18.78690284487386,2.3081052066559313,1.8988191089640365,0.2616747181964573,
32,6.91760601180891,30.50187869028449,34.78260869565217,0.5703166935050993,22.470477724100913,1.9457863660762211,1.8988191089640365,0.2616747181964573,0.6508319914117016
33,6.66935050993022,27.47584541062802,41.94176060118089,0.7313472893183038,19.766505636070853,1.932367149758454,0.5904455179817498,0.24154589371980675,0.6508319914117016
34,6.655931293612453,20.947396672034355,48.57085346215781,0.6508319914117016,19.618894256575416,1.932367149758454,0.5904455179817498,0.24154589371980675,0.7917337627482555
35,6.991411701556629,20.38378958668814,48.107890499194845,1.2546967257112185,19.592055823939884,1.932367149758454,0.5837359098228664,0.24154589371980675,0.9125067096081588
36,7.011540526033279,19.64573268921095,47.91331186258722,1.9994632313472893,19.545088566827697,1.932367149758454,0.6910896403650026,0.24154589371980675,1.0198604401502953
37,7.454374664519592,19.64573268921095,47.53086419753087,1.9994632313472893,19.155931293612454,2.2611379495437465,0.6910896403650026,0.24154589371980675,1.0198604401502953
38,7.179280730005368,19.0955448201825,47.02093397745572,1.9994632313472893,20.564949006977994,2.227589908749329,0.6910896403650026,0.24154589371980675,0.9796027911969941
39,6.796833064949007,18.169618894256576,51.281535158346756,1.5297906602254427,15.707192699946322,2.227589908749329,3.1468062265163717,0.24154589371980675,0.8990874932903918
40,6.910896403650026,18.156199677938808,51.19431025228127,1.5297906602254427,15.693773483628556,2.227589908749329,3.1468062265163717,0.24154589371980675,0.8990874932903918
41,7.179280730005368,18.12265163714439,51.006441223832525,1.5230810520665594,15.68035426731079,2.200751476113795,3.1468062265163717,0.24154589371980675,0.8990874932903918
42,5.213365539452496,15.103327965646805,58.782877079978526,1.4224369296833066,13.647342995169081,1.6774020397208802,3.1870638754696725,0.06709608158883522,0.8990874932903918
43,5.045625335480408,14.99597423510467,53.92512077294686,1.402308105206656,19.310252281266774,1.6774020397208802,3.1870638754696725,0.06709608158883522,0.38915727321524424
44,4.723564143853999,9.77589908749329,54.90472356414385,0.7112184648416533,22.765700483091788,1.6774020397208802,3.180354267310789,0.06709608158883522,2.1940418679549114
45,4.569243156199678,8.635265700483092,59.33977455716586,0.020128824476650563,19.920826623725173,1.6505636070853462,4.26731078904992,0.06709608158883522,1.5297906602254427
46,4.736983360171766,8.581588835212024,59.265968867418145,0.020128824476650563,19.91411701556629,1.6170155662909287,4.26731078904992,0.06709608158883522,1.5297906602254427
47,4.924852388620504,8.55475040257649,59.044551798174986,0.020128824476650563,20.055018786902846,1.5163714439076759,4.240472356414386,0.20128824476650564,1.442565754159957
48,5.193236714975845,8.55475040257649,58.903650026838434,0.020128824476650563,19.98792270531401,1.4962426194310252,4.200214707461084,0.20128824476650564,1.442565754159957
49,5.22007514761138,7.548309178743962,57.54830917874396,0.020128824476650563,22.19538378958669,1.4962426194310252,4.200214707461084,0.20128824476650564,1.570048309178744
50,5.434782608695652,7.092055823939882,58.55475040257649,0.020128824476650563,22.12157809983897,1.4962426194310252,3.3816425120772946,0.19457863660762212,1.7042404723564144
51,5.072463768115942,5.776972624798712,65.99570585077832,0.020128824476650563,16.646537842190018,1.221148684916801,3.3682232957595275,0.19457863660762212,1.7042404723564144
52,5.595813204508857,5.703166935050993,65.68035426731079,0.020128824476650563,16.55931293612453,1.221148684916801,3.3279656468062266,0.19457863660762212,1.6975308641975309
53,6.045356951154052,5.703166935050993,65.38513150831992,0.020128824476650563,16.42512077294686,1.2010198604401503,3.3279656468062266,0.19457863660762212,1.6975308641975309
54,5.964841653247451,5.703166935050993,63.486312399355874,0.020128824476650563,16.371443907675793,3.2541599570585076,3.3279656468062266,0.19457863660762212,1.6774020397208802
55,6.340579710144928,5.642780461621041,62.96967257112185,0.020128824476650563,16.264090177133657,3.2541599570585076,3.3279656468062266,0.19457863660762212,1.9860440150295222
56,6.501610305958132,5.636070853462158,62.58722490606549,0.020128824476650563,16.700214707461082,3.2474503488996245,3.126677402039721,0.19457863660762212,1.9860440150295222
57,6.884057971014493,5.636070853462158,62.33225979602791,0.020128824476650563,16.700214707461082,3.166935050993022,3.079710144927536,0.19457863660762212,1.9860440150295222
58,7.427536231884058,5.615942028985507,61.902844873859365,0.020128824476650563,16.659957058507782,3.166935050993022,3.052871712292002,0.19457863660762212,1.9592055823939882
59,6.823671497584541,5.5689747718733225,68.10923242082663,0.33548040794417605,13.694310252281268,3.140096618357488,1.482823403113258,0.19457863660762212,0.6508319914117016
60,7.333601717659689,5.535426731078905,67.76704240472357,0.33548040794417605,13.41250670960816,3.140096618357488,1.482823403113258,0.19457863660762212,0.798443370907139
61,7.608695652173913,5.535426731078905,67.46511003757381,0.33548040794417605,13.345410628019323,3.1199677938808374,1.482823403113258,0.19457863660762212,0.9125067096081588
62,7.2933440687063875,4.656468062265164,68.59903381642512,0.33548040794417605,13.526570048309178,3.1199677938808374,1.482823403113258,0.19457863660762212,0.7917337627482555
63,6.884057971014493,3.33467525496511,65.5931293612453,2.4892646269457863,13.01663982823403,6.427804616210413,1.2681159420289856,0.19457863660762212,0.7917337627482555
64,6.729736983360172,3.307836822329576,64.15727321524423,2.4892646269457863,15.573000536768653,5.488459473966721,1.2681159420289856,0.19457863660762212,0.7917337627482555
65,7.092055823939882,3.307836822329576,63.94256575415996,2.4825550187869028,15.5126140633387,5.407944176060118,1.2681159420289856,0.19457863660762212,0.7917337627482555
66,7.1658615136876005,3.2675791733762747,63.425925925925924,2.4825550187869028,14.942297369833602,6.488191089640365,1.2412775093934514,0.19457863660762212,0.7917337627482555
67,7.467793880837359,3.2675791733762747,63.04347826086956,2.4825550187869028,14.942297369833602,6.488191089640365,1.2412775093934514,0.19457863660762212,0.8722490606548577
68,7.568438003220612,3.2474503488996245,62.98309178743961,2.4825550187869028,14.922168545356952,6.488191089640365,1.2412775093934514,0.19457863660762212,0.8722490606548577
69,7.521470746108427,2.7308105206655933,63.94256575415996,2.4825550187869028,14.868491680085883,6.488191089640365,0.9057971014492754,0.19457863660762212,0.8655394524959742
70,7.555018786902845,2.7308105206655933,63.92243692968331,2.4825550187869028,14.868491680085883,6.474771873322598,0.9057971014492754,0.19457863660762212,0.8655394524959742
71,7.749597423510467,2.7308105206655933,63.828502415458935,2.4825550187869028,14.76784755770263,6.474771873322598,0.9057971014492754,0.19457863660762212,0.8655394524959742
72,7.729468599033816,2.7308105206655933,62.74825550187869,3.046162104133119,15.210681696188942,6.474771873322598,0.9057971014492754,0.19457863660762212,0.9594739667203436
73,8.091787439613526,2.6972624798711755,62.63419216317767,3.0394524959742353,15.096618357487923,6.387546967257112,0.8990874932903918,0.19457863660762212,0.9594739667203436
74,8.3467525496511,2.6972624798711755,62.56038647342995,3.0394524959742353,15.01610305958132,6.286902844873859,0.8990874932903918,0.19457863660762212,0.9594739667203436
75,7.749597423510467,2.5563607085346214,64.82823403113258,3.0193236714975846,13.506441223832528,6.1862587224906065,0.8990874932903918,0.19457863660762212,1.0601180891035964
76,8.3467525496511,2.623456790123457,64.30488459473966,2.9723564143853998,13.425925925925926,6.1862587224906065,0.8990874932903918,0.19457863660762212,1.0466988727858293
77,8.55475040257649,2.623456790123457,64.14385399892646,2.9723564143853998,13.419216317767042,6.146001073537305,0.8990874932903918,0.19457863660762212,1.0466988727858293
78,8.608427267847558,2.623456790123457,58.47423510466989,2.462426194310252,17.834138486312398,5.9514224369296835,2.804616210413312,0.19457863660762212,1.0466988727858293
79,9.01100375738057,2.61003757380569,56.837090713902306,2.462426194310252,19.370638754696724,5.6964573268921095,2.771068169618894,0.19457863660762212,1.0466988727858293
80,8.997584541062801,2.314814814814815,53.34809447128288,2.462426194310252,19.243156199677937,5.60252281266774,6.696188942565755,0.2885131508319914,1.0466988727858293
81,9.151905528717123,2.301395598497048,53.12667740203972,2.462426194310252,18.9747718733226,5.60252281266774,6.696188942565755,0.2885131508319914,1.3955984970477724
82,9.131776704240472,2.301395598497048,51.509661835748794,2.462426194310252,20.611916264090176,5.60252281266774,6.696188942565755,0.2885131508319914,1.3955984970477724
83,9.091519055287172,2.254428341384863,49.65780998389694,2.462426194310252,20.249597423510465,5.562265163714439,9.185453569511541,0.2885131508319914,1.247987117552335
84,9.245840042941492,2.254428341384863,49.18813741277509,2.5563607085346214,19.92753623188406,5.857487922705314,9.098228663446054,0.2885131508319914,1.583467525496511
85,9.272678475577026,2.24771873322598,48.081052066559316,3.784219001610306,19.847020933977454,5.857487922705314,9.05126140633387,0.27509393451422437,1.583467525496511
86,8.158883521202362,2.24771873322598,52.663714439076756,4.079441760601181,17.082662372517444,4.911433172302737,9.044551798174986,,1.8115942028985508
87,7.96430488459474,2.24771873322598,57.380568974771876,4.032474503488996,14.761137949543746,4.911433172302737,6.890767579173376,,1.8115942028985508
88,8.252818035426731,2.24771873322598,56.60225442834138,4.032474503488996,15.083199141170155,5.10601180891036,6.776704240472356,,1.8988191089640365
89,8.709071390230811,2.24771873322598,56.26677402039721,4.005636070853462,15.002683843263553,5.092592592592593,6.776704240472356,,1.8988191089640365
90,8.836553945249598,2.24771873322598,56.20638754696726,4.005636070853462,15.002683843263553,5.092592592592593,6.709608158883521,,1.8988191089640365
91,8.588298443370908,2.24771873322598,53.87144390767579,3.69699409554482,17.814009661835748,5.293880837359098,6.709608158883521,,1.778046162104133
92,8.440687063875469,2.24771873322598,52.905260332796566,2.5697799248523885,20.618625872249062,5.213365539452496,6.320450885668277,,1.6841116478797638
93,8.641975308641975,2.24771873322598,52.73752012882448,2.5697799248523885,20.585077831454644,5.213365539452496,6.320450885668277,,1.6841116478797638
94,7.9039184111647875,2.046430488459474,58.49436392914654,2.5563607085346214,18.88083735909823,2.9589371980676327,5.58239398819109,,1.5767579173376274
95,8.3064949006978,2.046430488459474,58.32662372517445,2.536231884057971,18.699677938808374,2.952227589908749,5.58239398819109,,1.5499194847020934
96,8.568169618894256,2.046430488459474,57.50805152979066,2.536231884057971,18.605743424584006,2.945517981749866,6.239935587761675,,1.5499194847020934
97,8.380300590445518,2.046430488459474,62.97638217928073,2.536231884057971,13.613794954374665,2.690552871712292,6.206387546967257,,1.5499194847020934
98,8.427267847557703,2.046430488459474,62.526838432635536,2.536231884057971,13.573537305421363,2.6167471819645733,6.219806763285024,,2.0531400966183573
99,8.333333333333334,2.046430488459474,55.89103596349973,2.536231884057971,11.137949543746645,2.6167471819645733,15.203972088030058,,2.2342995169082127
100,8.57487922705314,1.8585614600107354,55.381105743424584,3.3480944712828773,11.11111111111111,2.3617820719269993,15.136876006441224,,2.227589908749329
101,7.883789586688137,1.8451422436929683,48.711755233494365,3.166935050993022,18.766774020397207,2.3550724637681157,15.257648953301127,,2.0128824476650564
102,8.09849704777241,1.8451422436929683,48.590982286634464,3.166935050993022,18.746645195920557,2.3550724637681157,15.217391304347826,,1.9793344068706387
103,8.340042941492216,1.8451422436929683,48.47691894793344,3.166935050993022,18.659420289855074,2.3483628556092326,15.183843263553408,,1.9793344068706387
104,8.59500805152979,1.8451422436929683,48.329307568438004,3.140096618357488,18.646001073537306,2.3483628556092326,15.116747181964573,,1.9793344068706387
105,8.876811594202898,1.8250134192163177,48.22866344605475,3.140096618357488,18.54535695115405,2.3483628556092326,15.096618357487923,,1.9390767579173376
106,9.044551798174986,1.8250134192163177,48.18840579710145,3.1065485775630703,18.50509930220075,2.3483628556092326,15.042941492216855,,1.9390767579173376
107,9.54777241009125,1.8250134192163177,47.745571658615134,3.1065485775630703,18.4447128287708,2.3483628556092326,15.042941492216855,,1.9390767579173376
108,9.75577026301664,1.8250134192163177,46.71900161030596,3.1065485775630703,18.38432635534085,2.3483628556092326,15.01610305958132,,2.844873859366613
109,9.883252818035427,1.8250134192163177,46.68545356951154,3.046162104133119,18.364197530864196,2.3483628556092326,15.002683843263553,,2.844873859366613
110,10.00402576489533,1.8250134192163177,46.564680622651636,3.046162104133119,18.364197530864196,2.3483628556092326,15.002683843263553,,2.844873859366613
111,10.205314009661835,1.8250134192163177,46.4975845410628,3.046162104133119,18.357487922705314,2.3483628556092326,14.875201288244767,,2.844873859366613
112,10.25228126677402,1.8250134192163177,46.101717659688674,3.0327428878153517,18.16290928609769,2.3483628556092326,14.861782071927,,3.4151905528717124
113,10.768921095008052,1.8250134192163177,45.779656468062264,2.985775630703167,18.115942028985508,2.3483628556092326,14.774557165861514,,3.4017713365539453
114,10.923242082662373,1.8250134192163177,45.75281803542673,2.9790660225442833,18.10252281266774,2.3215244229736984,14.720880300590446,,3.374932903918411
115,11.044015029522276,1.7914653784219001,45.56494900697799,2.9589371980676327,18.793612453032743,2.3215244229736984,14.150563607085346,,3.374932903918411
116,11.3191089640365,1.7914653784219001,45.3972088030059,2.9589371980676327,18.780193236714975,2.3215244229736984,14.096886741814279,,3.33467525496511
117,11.446591519055287,1.7914653784219001,45.34353193773484,2.9589371980676327,18.746645195920557,2.3215244229736984,14.056629092860977,,3.33467525496511
118,11.285560923242082,1.7646269457863661,44.155931293612454,2.15378421900161,21.034621578099838,2.3215244229736984,14.009661835748792,,3.2742887815351582
119,11.272141706924316,1.7646269457863661,45.793075684380035,2.2611379495437465,19.256575415995705,2.657004830917874,13.734567901234568,,3.260869565217391
120,11.493558776167472,1.7579173376274826,45.67230273752013,2.2611379495437465,19.189479334406872,2.657004830917874,13.707729468599034,,3.260869565217391
121,11.802200751476114,1.7579173376274826,45.53811057434246,2.2611379495437465,19.135802469135804,2.636876006441224,13.627214170692431,,3.240740740740741
122,11.936392914653783,1.751207729468599,42.3443370907139,2.254428341384863,22.457058507783145,2.636876006441224,13.378958668813741,,3.240740740740741
123,12.164519592055823,1.7176596886741815,41.56602254428341,3.643317230273752,21.67874396135266,2.636876006441224,13.365539452495975,,3.227321524422974
124,12.305421363392378,1.7176596886741815,41.46537842190016,3.643317230273752,21.651905528717123,2.636876006441224,13.352120236178207,,3.227321524422974
125,12.580515297906603,1.7176596886741815,41.06951154052604,3.8915727321524423,21.591519055287172,2.636876006441224,13.318572195383789,,3.193773483628556
126,12.74825550187869,1.7176596886741815,40.9621578099839,3.8915727321524423,21.578099838969404,2.6033279656468062,13.305152979066023,,3.193773483628556
127,13.157541599570585,1.710950080515298,40.713902308105204,3.8915727321524423,21.511003757380568,2.5697799248523885,13.251476113794954,,3.193773483628556
128,13.41250670960816,1.6774020397208802,40.61996779388084,3.844605475040258,21.175523349436393,2.9119699409554483,13.16425120772947,,3.193773483628556
129,13.6406333870102,1.6774020397208802,42.19672571121846,3.730542136339238,19.578636607622116,2.9119699409554483,13.097155126140633,,3.166935050993022
130,13.868760064412239,1.6774020397208802,42.05582393988191,3.730542136339238,19.545088566827697,2.85829307568438,13.097155126140633,,3.166935050993022
131,14.197530864197532,1.6774020397208802,41.84111647879764,3.730542136339238,19.444444444444443,2.85829307568438,13.097155126140633,,3.1535158346752548
132,14.358561460010735,1.6774020397208802,41.80085882984434,3.92512077294686,19.296833064949006,2.85829307568438,12.929414922168545,,3.1535158346752548
133,14.42565754159957,1.6774020397208802,41.76731078904992,3.9184111647879765,19.296833064949006,2.85829307568438,12.902576489533011,,3.1535158346752548
134,14.640365002683843,1.6774020397208802,41.58615136876006,3.730542136339238,19.229736983360173,2.85829307568438,13.123993558776167,,3.1535158346752548
135,14.74771873322598,1.6774020397208802,41.217122920021474,3.69699409554482,19.196188942565755,3.1870638754696725,12.76838432635534,,3.5091250670960816
136,14.606816961889425,1.6774020397208802,43.46484165324745,3.69699409554482,17.12962962962963,3.1870638754696725,12.76838432635534,,3.4688674181427803
137,14.553140096618357,1.6774020397208802,43.35748792270532,4.019055287171229,16.968599033816425,3.1870638754696725,12.76838432635534,,3.4688674181427803
138,15.069779924852389,1.6774020397208802,43.14949006977992,4.012345679012346,16.794149221685455,3.126677402039721,12.647611379495437,,3.5225442834138487
139,14.42565754159957,1.4492753623188406,40.11003757380569,3.9318303811057436,16.666666666666668,6.454643048845948,13.593666129898015,,3.3682232957595275
140,14.848362855609233,1.4492753623188406,40.00939345142244,3.92512077294686,16.492216854535695,6.454643048845948,13.45276435856146,,3.3682232957595275
141,15.076489533011273,1.4492753623188406,39.89533011272142,3.92512077294686,16.451959205582394,6.4345142243692965,13.399087493290391,,3.3682232957595275
142,13.560118089103597,1.4492753623188406,44.37734836285561,3.1736446591519054,15.499194847020934,6.387546967257112,13.16425120772947,,2.3886205045625335
143,13.801663982823403,1.442565754159957,44.16935050993022,3.1736446591519054,15.485775630703166,6.387546967257112,13.16425120772947,,2.3752012882447664
144,14.056629092860977,1.442565754159957,44.07541599570585,3.166935050993022,15.418679549114332,6.360708534621578,13.103864734299517,,2.3752012882447664
145,14.17740203972088,1.442565754159957,44.03515834675255,3.1468062265163717,15.26435856146001,6.353998926462695,13.077026301663983,,2.5026838432635534
146,14.351851851851851,1.442565754159957,43.37090713902308,3.1065485775630703,15.217391304347826,6.353998926462695,13.063607085346217,,3.0931293612453032
147,13.768115942028986,1.442565754159957,41.55931293612453,2.85829307568438,14.51959205582394,7.353730542136339,15.432098765432098,,3.066290928609769
148,14.163982823403114,1.442565754159957,41.324476650563604,2.85829307568438,14.445786366076222,7.474503488996243,15.203972088030058,,3.0864197530864197
149,14.298174986580785,1.442565754159957,41.2842190016103,2.85829307568438,14.432367149758454,7.474503488996243,15.123456790123457,,3.0864197530864197
150,14.720880300590446,1.442565754159957,41.0426731078905,2.85829307568438,14.398819108964037,7.353730542136339,15.11003757380569,,3.0730005367686526
151,15.163714439076758,1.442565754159957,40.79441760601181,2.7777777777777777,14.351851851851851,7.326892109500805,15.069779924852389,,3.0730005367686526
152,15.344873859366613,1.442565754159957,40.64680622651637,2.7777777777777777,14.331723027375201,7.320182501341922,15.063070316693505,,3.0730005367686526
153,15.552871712292003,1.442565754159957,40.4320987654321,2.771068169618894,14.2914653784219,7.273215244229737,15.009393451422437,0.040257648953301126,3.1870638754696725
154,15.74074074074074,1.442565754159957,40.33145464304884,2.771068169618894,14.27133655394525,7.273215244229737,14.97584541062802,0.040257648953301126,3.1535158346752548
155,16.170155662909288,1.442565754159957,40.21739130434783,2.7442297369833604,14.15727321524423,7.212828770799785,14.88191089640365,0.040257648953301126,3.1333870101986045
156,15.103327965646805,1.3419216317767042,43.505099302200755,2.7442297369833604,13.083735909822867,6.226516371443908,14.841653247450349,0.040257648953301126,3.113258185721954
157,15.291196994095545,1.3419216317767042,43.4447128287708,2.7442297369833604,13.070316693505099,6.199677938808374,14.781266774020397,0.040257648953301126,3.0864197530864197
158,15.552871712292003,1.3419216317767042,43.4044551798175,2.7979066022544283,13.003220611916264,6.166129898013956,14.606816961889425,0.040257648953301126,3.0864197530864197
159,15.868223295759528,1.3419216317767042,43.27697262479871,2.7979066022544283,12.902576489533011,6.166129898013956,14.51959205582394,0.040257648953301126,3.0864197530864197
160,16.15673644659152,1.3419216317767042,43.12265163714439,2.7643585614600106,12.869028448738593,6.152710681696189,14.492753623188406,0.040257648953301126,3.0595813204508855
161,15.908480944712828,1.3419216317767042,42.23698336017176,2.7643585614600106,15.123456790123457,6.072195383789587,13.707729468599034,0.040257648953301126,2.804616210413312
162,16.0426731078905,1.3419216317767042,42.210144927536234,2.7643585614600106,15.069779924852389,6.038647342995169,13.687600644122384,0.040257648953301126,2.804616210413312
163,16.002415458937197,1.3419216317767042,42.109500805152976,2.9388083735909825,15.063070316693505,6.038647342995169,13.687600644122384,0.040257648953301126,2.7777777777777777
164,16.31105743424584,1.3352120236178207,41.968599033816425,2.9388083735909825,14.949006977992486,5.998389694041868,13.6808910359635,0.040257648953301126,2.7777777777777777
165,16.431830381105744,1.3352120236178207,41.908212560386474,2.9388083735909825,14.935587761674718,5.978260869565218,13.6808910359635,0.040257648953301126,2.7509393451422435
166,16.740472356414386,1.3352120236178207,41.6935050993022,2.9388083735909825,14.908749329039184,5.9447128287707995,13.6808910359635,0.040257648953301126,2.717391304347826
167,17.19001610305958,1.3352120236178207,41.639828234031135,2.885131508319914,14.801395598497047,5.9447128287707995,13.446054750402576,0.040257648953301126,2.717391304347826
168,17.270531400966185,1.3352120236178207,41.6129898013956,2.885131508319914,14.76784755770263,5.9447128287707995,13.425925925925926,0.040257648953301126,2.717391304347826
169,17.458400429414922,1.3352120236178207,41.50563607085346,2.8784219001610305,14.754428341384862,5.9447128287707995,13.365539452495975,0.040257648953301126,2.717391304347826
170,17.56575415995706,1.3352120236178207,41.23054213633924,2.871712292002147,14.727589908749328,5.9447128287707995,13.352120236178207,0.040257648953301126,2.932098765432099
171,17.787171229200215,1.3352120236178207,41.15002683843264,2.871712292002147,14.586688137412775,5.9447128287707995,13.352120236178207,0.040257648953301126,2.932098765432099
172,18.035426731078903,1.3352120236178207,40.96886741814278,2.871712292002147,14.526301663982823,5.9447128287707995,13.345410628019323,0.040257648953301126,2.932098765432099
173,18.256843800322063,1.3352120236178207,40.82796564680623,2.871712292002147,14.49946323134729,5.931293612453032,13.318572195383789,0.040257648953301126,2.918679549114332
174,18.243424584004295,1.3352120236178207,40.81454643048846,2.8515834675254963,14.660493827160494,5.931293612453032,13.20450885668277,0.040257648953301126,2.918679549114332
175,18.317230273752013,1.3352120236178207,41.035963499731615,2.8515834675254963,14.452495974235104,5.931293612453032,13.117283950617283,0.040257648953301126,2.918679549114332
176,18.47826086956522,1.3352120236178207,40.955448201825014,2.8381642512077296,14.264626945786366,5.776972624798712,13.39237788513151,0.040257648953301126,2.918679549114332
177,18.780193236714975,1.3352120236178207,40.747450348899626,2.8381642512077296,14.231078904991948,5.750134192163178,13.358829844337091,0.040257648953301126,2.918679549114332
178,17.57246376811594,1.3083735909822867,47.356414385399894,2.589908749329039,11.41304347826087,5.360976918947934,11.493558776167472,0.040257648953301126,2.8650026838432634
179,17.773752012882447,1.3083735909822867,47.22222222222222,2.5831991411701556,11.366076221148685,5.360976918947934,11.480139559849706,0.040257648953301126,2.8650026838432634
180,17.941492216854535,1.3083735909822867,47.134997316156735,2.5831991411701556,11.366076221148685,5.300590445517981,11.466720343531938,0.040257648953301126,2.85829307568438
181,18.08239398819109,1.3083735909822867,47.074610842726784,2.5831991411701556,11.312399355877616,5.300590445517981,11.439881910896403,0.040257648953301126,2.85829307568438
182,17.21014492753623,8.185721953837897,42.74691358024691,2.5161030595813205,10.406602254428341,5.300590445517981,10.876274825550189,0.040257648953301126,2.717391304347826
183,17.344337090713903,8.185721953837897,42.639559849704774,2.5161030595813205,10.379763821792807,5.273752012882448,10.903113258185721,0.040257648953301126,2.717391304347826
184,17.746913580246915,8.185721953837897,42.13633923778851,2.5026838432635534,10.326086956521738,5.267042404723564,10.869565217391305,0.040257648953301126,2.9253891572732154
185,17.941492216854535,8.158883521202362,42.03569511540526,2.4892646269457863,10.272410091250672,5.267042404723564,10.869565217391305,0.040257648953301126,2.9253891572732154
186,18.035426731078903,8.158883521202362,41.99543746645196,2.4892646269457863,10.272410091250672,5.267042404723564,10.829307568438002,0.040257648953301126,2.9119699409554483
187,18.21658615136876,8.158883521202362,41.91492216854536,2.4892646269457863,10.25228126677402,5.260332796564681,10.768921095008052,0.040257648953301126,2.898550724637681
188,18.377616747181964,8.152173913043478,41.8142780461621,2.4825550187869028,10.218733225979603,5.260332796564681,10.755501878690284,0.040257648953301126,2.898550724637681
189,18.666129898013956,8.071658615136876,41.6532474503489,2.4557165861513686,10.151637144390767,5.246913580246914,10.755501878690284,0.040257648953301126,2.9589371980676327
190,18.840579710144926,8.044820182501342,41.52576489533011,2.4557165861513686,10.131508319914117,5.246913580246914,10.755501878690284,0.040257648953301126,2.9589371980676327
191,19.082125603864736,8.011272141706923,41.418411164787976,2.4557165861513686,10.111379495437467,5.193236714975845,10.72866344605475,0.040257648953301126,2.9589371980676327
192,19.196188942565755,8.011272141706923,41.37144390767579,2.4557165861513686,10.0979602791197,5.159688674181428,10.7085346215781,0.040257648953301126,2.9589371980676327
193,19.424315619967793,7.971014492753623,40.81454643048846,2.737520128824477,9.970477724100913,5.159688674181428,10.68840579710145,0.14761137949543746,3.0864197530864197
194,19.51154052603328,7.971014492753623,40.734031132581855,2.7241009125067097,9.970477724100913,5.186527106816962,10.668276972624799,0.14761137949543746,3.0864197530864197
195,18.867418142780462,7.695920558239399,37.3389694041868,2.831454643048846,14.479334406870638,5.10601180891036,10.59447128287708,0.14761137949543746,2.9388083735909825
196,19.11567364465915,7.669082125603865,37.27187332259796,2.8113258185721954,14.418947933440688,5.059044551798175,10.57434245840043,0.14761137949543746,2.932098765432099
197,19.122383252818036,7.4141170155662905,37.17122920021471,3.046162104133119,13.969404186795492,5.394524959742351,10.540794417606012,0.4092860976918948,2.932098765432099
198,19.122383252818036,7.380568974771873,34.836285560923244,3.046162104133119,13.862050456253355,5.387815351583468,13.150831991411701,0.4092860976918948,2.804616210413312
199,18.86070853462158,7.347020933977456,34.31964573268921,5.12614063338701,12.614063338701019,5.381105743424584,13.150831991411701,0.4092860976918948,2.791196994095545
200,19.108964036500268,7.320182501341922,34.17203435319377,5.193236714975845,12.600644122383253,5.340848094471283,13.063607085346217,0.4092860976918948,2.791196994095545
201,19.28341384863124,7.206119162640902,34.11164787976382,5.193236714975845,12.600644122383253,5.340848094471283,13.063607085346217,0.4092860976918948,2.791196994095545
202,19.384057971014492,7.185990338164252,33.340042941492214,6.052066559312936,12.4597423510467,5.3341384863123995,13.056897477187333,0.4092860976918948,2.7777777777777777
203,19.665861513687602,7.071926999463232,33.25281803542673,6.045356951154052,12.453032742887816,5.314009661835748,13.043478260869565,0.4092860976918948,2.7442297369833604
204,19.80005367686527,7.071926999463232,33.17901234567901,6.045356951154052,12.453032742887816,5.314009661835748,12.983091787439614,0.4092860976918948,2.7442297369833604
205,19.981213097155127,7.065217391304348,33.06494900697799,6.045356951154052,12.453032742887816,5.287171229200215,12.949543746645196,0.4092860976918948,2.7442297369833604
206,20.135534084809446,6.971282877079979,32.971014492753625,6.005099302200751,12.090713902308105,5.287171229200215,13.385668276972625,0.4092860976918948,2.7442297369833604
207,20.477724100912507,6.944444444444445,32.7361782071927,5.984970477724101,12.077294685990339,5.287171229200215,13.358829844337091,0.4092860976918948,2.7241009125067097
208,21.175523349436393,6.662640901771336,32.62211486849168,5.984970477724101,12.010198604401502,5.287171229200215,13.137412775093935,0.4092860976918948,2.7106816961889426
209,21.26945786366076,6.662640901771336,32.57514761137949,5.971551261406334,11.922973698336017,5.381105743424584,13.110574342458401,0.4092860976918948,2.6972624798711755
210,21.511003757380568,6.629092860976919,32.48792270531401,5.9447128287707995,11.862587224906065,5.381105743424584,13.077026301663983,0.4092860976918948,2.6972624798711755
211,21.584809447128286,6.494900697799249,32.39398819108964,6.092324208266238,11.782071926999464,5.381105743424584,13.043478260869565,0.4092860976918948,2.818035426731079
212,21.537842190016104,6.394256575415996,32.27992485238862,6.347289318303811,11.681427804616211,5.233494363929147,13.298443370907139,0.4092860976918948,2.818035426731079
213,21.095008051529792,6.018518518518518,31.756575415995705,6.239935587761675,14.63365539452496,4.918142780461621,11.969940955448202,0.3824476650563607,2.985775630703167
214,21.22920021470746,6.018518518518518,31.66935050993022,6.233225979602791,14.63365539452496,4.891304347826087,11.969940955448202,0.3824476650563607,2.9723564143853998
215,21.390230810520666,5.9514224369296835,31.622383252818036,6.233225979602791,14.606816961889425,4.891304347826087,11.956521739130435,0.3824476650563607,2.965646806226516
216,21.571390230810522,5.9514224369296835,31.608964036500268,6.1862587224906065,14.606816961889425,4.757112184648417,11.996779388083736,0.3824476650563607,2.9388083735909825
217,21.792807300053678,5.9514224369296835,31.45464304884595,6.172839506172839,14.579978529253891,4.750402576489533,11.976650563607086,0.3824476650563607,2.9388083735909825
218,21.880032206119164,5.917874396135265,31.447933440687063,6.172839506172839,14.553140096618357,4.750402576489533,11.956521739130435,0.3824476650563607,2.9388083735909825
219,22.128287707997853,5.870907139023081,31.367418142780462,6.139291465378422,14.486044015029522,4.730273752012883,11.956521739130435,0.3824476650563607,2.9388083735909825
220,22.31615673644659,5.864197530864198,31.206387546967257,6.3137412775093935,14.398819108964037,4.683306494900698,11.936392914653783,0.3824476650563607,2.898550724637681
221,22.624798711755233,5.864197530864198,31.00509930220075,6.260064412238325,14.38539989264627,4.683306494900698,11.896135265700483,0.3824476650563607,2.898550724637681
222,23.040794417606012,5.783682232957595,30.991680085882983,6.199677938808374,14.371980676328503,4.683306494900698,11.647879763821793,0.3824476650563607,2.898550724637681
223,23.295759527643586,5.770263016639828,30.877616747181964,6.166129898013956,14.318303811057435,4.669887278582931,11.621041331186259,0.3824476650563607,2.898550724637681
224,23.55072463768116,5.770263016639828,30.844068706387546,6.085614600107354,14.284755770263017,4.64975845410628,11.553945249597424,0.3824476650563607,2.8784219001610305
225,23.91304347826087,5.763553408480945,30.709876543209877,6.085614600107354,14.123725174449811,4.636339237788513,11.540526033279656,0.3824476650563607,2.844873859366613
226,24.16129898013956,5.730005367686527,30.52200751476114,5.991680085882985,14.150563607085346,4.622920021470746,11.473429951690822,0.3824476650563607,2.965646806226516
227,24.194847020933977,5.730005367686527,30.300590445517983,6.233225979602791,14.13714439076758,4.622920021470746,11.43317230273752,0.3824476650563607,2.965646806226516
228,24.288781535158346,5.709876543209877,30.246913580246915,6.219806763285024,14.06333870101986,4.730273752012883,11.305689747718732,0.3824476650563607,3.052871712292002
229,24.52361782071927,5.669618894256575,30.10601180891036,6.219806763285024,14.04320987654321,4.730273752012883,11.272141706924316,0.3824476650563607,3.052871712292002
230,23.658078368223297,2.0799785292538915,35.89640365002684,5.60252281266774,13.862050456253355,4.3545356951154055,11.272141706924316,0.3824476650563607,2.8918411164787976
231,23.812399355877616,2.0799785292538915,35.68840579710145,5.548845947396672,13.841921631776705,4.3545356951154055,11.258722490606548,0.3824476650563607,3.0327428878153517
232,24.20155662909286,2.0799785292538915,35.52066559312936,5.481749865807837,13.761406333870102,4.320987654320987,11.218464841653248,0.3824476650563607,3.0327428878153517
233,24.416264090177133,2.0128824476650564,35.46698872785829,5.448201825013419,13.727858293075684,4.30756843800322,11.218464841653248,0.3824476650563607,3.0193236714975846
234,24.44981213097155,2.0128824476650564,35.46698872785829,5.434782608695652,13.727858293075684,4.30756843800322,11.218464841653248,0.3824476650563607,2.999194847020934
235,24.62426194310252,1.9860440150295222,35.35292538915727,5.434782608695652,13.727858293075684,4.300858829844337,11.191626409017713,0.3824476650563607,2.999194847020934
236,24.58400429414922,1.9860440150295222,35.017444981213096,5.35426731078905,13.70101986044015,3.992216854535695,11.802200751476114,0.3824476650563607,3.180354267310789
237,24.718196457326894,1.9860440150295222,34.96376811594203,5.320719269994632,13.667471819645733,4.2270531400966185,11.674718196457327,0.3824476650563607,3.0595813204508855
238,24.745034889962426,1.9793344068706387,34.916800858829845,5.320719269994632,13.654052603327965,4.2270531400966185,11.728395061728396,0.3824476650563607,3.046162104133119
239,24.832259796027913,1.9793344068706387,34.88325281803543,5.320719269994632,13.6406333870102,4.2270531400966185,11.701556629092861,0.3824476650563607,3.0327428878153517
240,24.966451959205582,1.9793344068706387,34.78260869565217,5.320719269994632,13.607085346215781,4.2270531400966185,11.701556629092861,0.3824476650563607,3.0327428878153517
241,25.268384326355342,1.9793344068706387,34.62157809983897,5.280461621041331,13.553408480944713,4.260601180891036,11.52710681696189,0.47638217928073,3.0327428878153517
242,25.44283413848631,1.9793344068706387,34.50751476113795,5.267042404723564,13.459473966720344,4.2270531400966185,11.520397208803006,0.47638217928073,3.1199677938808374
243,25.543478260869566,1.9592055823939882,34.46054750402576,5.267042404723564,13.459473966720344,4.2270531400966185,11.486849168008588,0.47638217928073,3.1199677938808374
244,25.677670424047236,1.9592055823939882,34.37332259796028,5.226784755770263,13.45276435856146,4.2270531400966185,11.486849168008588,0.47638217928073,3.1199677938808374
245,25.72463768115942,1.9592055823939882,34.346484165324746,5.213365539452496,13.385668276972625,4.213633923778851,11.486849168008588,0.4562533548040794,3.2139023081052067
246,25.81857219538379,1.9256575415995705,34.084809447128286,4.904723564143854,13.258185721953838,4.206924315619967,12.298711755233494,0.4562533548040794,3.046162104133119
247,26.093666129898015,1.9256575415995705,33.9975845410628,4.777241009125067,13.258185721953838,4.206924315619967,12.265163714439076,0.4562533548040794,3.0193236714975846
248,26.241277509393452,1.9256575415995705,33.863392377885134,4.777241009125067,13.20450885668277,4.193505099302201,12.218196457326892,0.4562533548040794,3.1199677938808374
249,26.44927536231884,1.9256575415995705,33.782877079978526,4.797369833601718,13.177670424047236,4.180085882984434,12.164519592055823,0.4562533548040794,3.066290928609769
