,45,50,51,52,55,54,58,56,53,59,57,60
0,98.85265700483092,1.1473429951690821,,,,,,,,,,
1,92.28395061728395,7.595276435856146,0.12077294685990338,,,,,,,,,
2,89.96242619431025,6.447933440687064,3.589640365002684,,,,,,,,,
3,55.28717122920021,41.1231884057971,3.589640365002684,,,,,,,,,
4,55.38781535158347,33.10520665593129,3.589640365002684,7.796564680622652,0.12077294685990338,,,,,,,
5,52.844873859366615,33.53462157809984,3.589640365002684,6.937734836285561,0.12077294685990338,2.3483628556092326,0.6239935587761675,,,,,
6,52.73081052066559,33.40713902308105,3.589640365002684,6.642512077294686,0.12077294685990338,2.3483628556092326,0.6239935587761675,0.5367686527106817,,,,
7,52.28797638217928,33.84997316156736,3.589640365002684,6.642512077294686,0.12077294685990338,2.3483628556092326,0.6239935587761675,0.5367686527106817,,,,
8,46.3768115942029,40.08990874932904,3.180354267310789,6.642512077294686,0.2147074610842727,2.3483628556092326,0.6105743424584005,0.5367686527106817,,,,
9,46.08829844337091,39.861782071927,3.69699409554482,6.642512077294686,0.2147074610842727,2.3483628556092326,0.6105743424584005,0.5367686527106817,,,,
10,45.611916264090176,40.351583467525494,3.683574879227053,6.642512077294686,0.2147074610842727,2.3483628556092326,0.6105743424584005,0.5367686527106817,,,,
11,45.65888352120236,40.304616210413315,3.683574879227053,6.642512077294686,0.2147074610842727,2.3483628556092326,0.6105743424584005,0.5367686527106817,,,,
12,42.975040257648956,43.022007514761135,3.6500268384326353,6.642512077294686,0.2147074610842727,2.3483628556092326,0.6105743424584005,0.5367686527106817,,,,
13,41.80085882984434,41.10305958132045,3.6500268384326353,6.132581857219538,4.240472356414386,2.3483628556092326,0.6105743424584005,0.11406333870101985,,,,
14,41.97530864197531,40.98899624261943,3.6500268384326353,6.072195383789587,4.240472356414386,2.3483628556092326,0.6105743424584005,0.11406333870101985,,,,
15,40.687063875469676,31.30703166935051,20.571658615136876,2.6301663982823404,2.227589908749329,2.26784755770263,0.30864197530864196,,,,,
16,40.485775630703166,31.246645195920557,17.58588298443371,2.2879763821792807,2.5026838432635534,5.60252281266774,0.2885131508319914,,,,,
17,40.84138486312399,31.01851851851852,17.458400429414922,2.2879763821792807,2.5026838432635534,5.60252281266774,0.2885131508319914,,,,,
18,40.935319377348364,30.730005367686527,17.424852388620504,1.8786902844873858,1.7042404723564144,7.098765432098766,,0.10064412238325282,0.05367686527106817,0.07380568974771873,,
19,40.84809447128288,30.730005367686527,17.518786902844873,1.8786902844873858,1.7042404723564144,7.098765432098766,,0.10064412238325282,0.04696725711218465,0.07380568974771873,,
20,39.45920558239399,29.817498658078367,17.444981213097154,5.314009661835748,1.7042404723564144,6.038647342995169,,0.10064412238325282,0.04696725711218465,0.07380568974771873,,
21,37.265163714439076,31.4747718733226,16.814278046162105,5.314009661835748,2.15378421900161,6.038647342995169,,0.8185721953837896,0.04696725711218465,0.07380568974771873,,
22,37.486580783682236,31.40096618357488,16.666666666666668,5.314009661835748,2.15378421900161,6.038647342995169,,0.8185721953837896,0.04696725711218465,0.07380568974771873,,
23,37.40606548577563,31.40096618357488,16.6532474503489,5.300590445517981,2.15378421900161,6.038647342995169,,0.8185721953837896,0.15432098765432098,0.07380568974771873,,
24,37.42619431025228,31.266774020397207,16.67337627482555,5.226784755770263,2.15378421900161,6.038647342995169,0.06709608158883522,0.9192163177670424,0.15432098765432098,0.07380568974771873,,
25,36.24530327428878,32.608695652173914,16.566022544283413,5.193236714975845,2.086688137412775,6.018518518518518,0.06709608158883522,0.9192163177670424,0.15432098765432098,0.07380568974771873,0.06709608158883522,
26,36.24530327428878,32.63553408480945,16.53918411164788,5.193236714975845,2.086688137412775,6.018518518518518,0.06709608158883522,0.9192163177670424,0.15432098765432098,0.07380568974771873,0.06709608158883522,
27,36.39291465378422,32.54159957058508,16.53918411164788,5.139559849704777,2.086688137412775,6.018518518518518,0.06709608158883522,0.9192163177670424,0.15432098765432098,0.07380568974771873,0.06709608158883522,
28,29.49543746645196,37.82206119162641,12.151100375738057,5.038915727321524,2.086688137412775,5.964841653247451,0.06709608158883522,1.1943102522812667,6.038647342995169,0.07380568974771873,0.06709608158883522,
29,29.70343531937735,37.07058507783145,11.58749329039184,7.9039184111647875,2.395330112721417,6.367418142780462,0.06709608158883522,1.1943102522812667,3.569511540526033,0.07380568974771873,0.06709608158883522,
30,27.811325818572197,36.43317230273752,13.83521202361782,7.830112721417069,2.6033279656468062,6.515029522275899,0.06709608158883522,1.1943102522812667,3.569511540526033,0.07380568974771873,0.06709608158883522,
31,27.999194847020934,36.25872249060655,13.848631239935587,7.830112721417069,2.6033279656468062,6.488191089640365,0.06709608158883522,1.1943102522812667,3.569511540526033,0.07380568974771873,0.06709608158883522,
32,27.992485238862052,36.171497584541065,13.942565754159958,7.830112721417069,2.6033279656468062,6.488191089640365,0.06709608158883522,1.1943102522812667,3.569511540526033,0.07380568974771873,0.06709608158883522,
33,27.75764895330113,35.40660225442834,15.029522275899087,7.809983896940419,2.6033279656468062,6.421095008051529,0.06709608158883522,1.1943102522812667,3.569511540526033,0.07380568974771873,0.06709608158883522,
34,21.631776704240472,43.67954911433172,8.756038647342995,7.4141170155662905,1.2748255501878691,6.132581857219538,0.06709608158883522,1.8719806763285025,9.057971014492754,0.07380568974771873,0.040257648953301126,
35,21.115136876006442,37.27187332259796,11.171497584541063,13.399087493290391,1.2748255501878691,4.891304347826087,0.06709608158883522,1.7042404723564144,8.99087493290392,,0.11406333870101985,
36,21.135265700483092,37.27187332259796,11.158078368223295,13.39237788513151,1.2748255501878691,4.891304347826087,0.06709608158883522,1.7042404723564144,8.99087493290392,,0.11406333870101985,
37,20.21604938271605,35.44685990338164,11.097691894793345,16.243961352657006,1.1674718196457328,4.87788513150832,0.06709608158883522,1.7444981213097155,9.024422973698336,,0.11406333870101985,
38,20.471014492753625,35.23215244229737,10.607890499194847,16.14331723027375,1.8115942028985508,4.830917874396135,0.06709608158883522,1.6170155662909287,9.004294149221685,,0.2147074610842727,
39,20.497852925389157,34.46725711218465,10.513955984970478,15.029522275899087,1.7042404723564144,4.528985507246377,0.06709608158883522,1.6170155662909287,10.923242082662373,,0.6508319914117016,
40,20.618625872249062,29.435050993022006,20.33011272141707,9.896672034353195,2.1269457863660763,4.528985507246377,0.06709608158883522,1.6170155662909287,10.829307568438002,,0.5501878690284487,
41,20.088566827697264,29.086151368760063,21.20907139023081,9.896672034353195,2.1269457863660763,4.528985507246377,0.06709608158883522,1.6170155662909287,10.829307568438002,,0.5501878690284487,
42,19.03515834675255,26.798174986580783,21.20907139023081,13.258185721953838,2.1068169618894257,4.609500805152979,0.06709608158883522,1.6170155662909287,10.748792270531402,,0.5501878690284487,
43,18.927804616210413,25.348899624261943,17.881105743424584,12.607353730542137,4.777241009125067,4.341116478797638,0.06709608158883522,0.9930220075147611,13.593666129898015,,1.4626945786366077,
44,19.122383252818036,25.207997852925388,17.881105743424584,12.607353730542137,4.750402576489533,4.2270531400966185,0.06709608158883522,0.9930220075147611,13.56682769726248,0.11406333870101985,1.4626945786366077,
45,19.316961889425656,24.93961352657005,17.860976918947934,12.593934514224369,4.750402576489533,4.2270531400966185,0.06709608158883522,1.2144390767579174,13.45276435856146,0.11406333870101985,1.4626945786366077,
46,18.4447128287708,23.946591519055286,17.726784755770264,14.895330112721417,4.723564143853999,4.012345679012346,0.06709608158883522,1.2010198604401503,13.405797101449275,0.11406333870101985,1.4626945786366077,
47,17.418142780461622,22.550993022007514,25.0,13.352120236178207,4.414922168545357,3.9318303811057436,0.06709608158883522,0.9930220075147611,10.782340311325818,0.11406333870101985,1.3754696725711217,
48,17.54562533548041,22.52415458937198,24.89935587761675,13.352120236178207,4.414922168545357,3.9318303811057436,0.06709608158883522,0.9930220075147611,10.782340311325818,0.11406333870101985,1.3754696725711217,
49,17.599302200751477,22.450348899624263,23.201825013419217,13.311862587224907,4.414922168545357,3.9184111647879765,0.06709608158883522,1.06682769726248,12.47987117552335,0.11406333870101985,1.3754696725711217,
50,17.444981213097154,22.020933977455716,23.62453032742888,13.493022007514762,4.569243156199678,3.9184111647879765,0.06709608158883522,1.06682769726248,12.23161567364466,0.11406333870101985,1.4492753623188406,
51,17.49194847020934,21.85990338164251,23.349436392914654,13.493022007514762,4.669887278582931,3.9184111647879765,0.06709608158883522,1.3821792807300053,12.204777241009126,0.11406333870101985,1.4492753623188406,
52,17.559044551798173,21.926999463231347,23.32259796027912,13.425925925925926,4.62962962962963,3.8378958668813743,0.16774020397208803,1.3821792807300053,12.204777241009126,0.0939345142243693,1.4492753623188406,
53,17.659688674181428,21.880032206119164,23.282340311325818,13.425925925925926,4.616210413311863,3.8378958668813743,0.16774020397208803,1.3821792807300053,12.204777241009126,0.0939345142243693,1.4492753623188406,
54,17.45169082125604,21.76596886741814,20.303274288781534,13.425925925925926,4.7638217928073,7.253086419753086,0.16774020397208803,1.3821792807300053,11.943102522812667,0.0939345142243693,1.4492753623188406,
55,17.431561996779386,21.74584004294149,20.229468599033815,13.533279656468062,4.7638217928073,7.253086419753086,0.16774020397208803,1.3888888888888888,11.943102522812667,0.0939345142243693,1.4492753623188406,
56,17.418142780461622,21.611647879763822,20.222758990874933,13.513150831991412,4.7638217928073,7.313472893183038,0.28180354267310787,1.3888888888888888,11.862587224906065,0.17444981213097155,1.4492753623188406,
57,17.398013955984972,21.571390230810522,17.94820182501342,17.01556629092861,4.5960815888352125,7.440955448201825,0.28180354267310787,1.3754696725711217,10.715244229736983,0.0939345142243693,1.5633387010198605,
58,17.465110037573805,21.557971014492754,17.934782608695652,16.982018250134193,4.5960815888352125,7.434245840042942,0.28180354267310787,1.3754696725711217,10.715244229736983,0.0939345142243693,1.5633387010198605,
59,17.518786902844873,21.55126140633387,17.934782608695652,16.955179817498657,4.5960815888352125,7.340311325818572,0.28180354267310787,1.3754696725711217,10.695115405260333,0.1878690284487386,1.5633387010198605,
60,17.344337090713903,20.26972624798712,19.484702093397747,16.955179817498657,4.5960815888352125,7.340311325818572,0.28180354267310787,1.3754696725711217,10.601180891035963,0.1878690284487386,1.5633387010198605,
61,17.398013955984972,20.1959205582394,19.45786366076221,16.431830381105744,4.5960815888352125,7.340311325818572,0.28180354267310787,1.8988191089640365,10.648148148148149,0.1878690284487386,1.5633387010198605,
62,17.45169082125604,20.1959205582394,19.45786366076221,16.431830381105744,4.5960815888352125,7.1725711218464845,0.4227053140096618,1.8988191089640365,10.621309715512615,0.1878690284487386,1.5633387010198605,
63,11.20504562533548,44.47128287707998,14.667203435319378,13.405797101449275,3.7238325281803544,6.561996779388084,0.4227053140096618,1.1674718196457328,2.6637144390767578,0.1878690284487386,1.5230810520665594,
64,11.688137412775093,44.04186795491143,14.640365002683843,13.378958668813741,3.7238325281803544,6.561996779388084,0.4227053140096618,1.1674718196457328,2.6637144390767578,0.1878690284487386,1.5230810520665594,
65,11.862587224906065,40.80112721417069,14.264626945786366,13.372249060654857,7.360440150295223,6.380837359098229,0.4227053140096618,1.1674718196457328,2.657004830917874,0.1878690284487386,1.5230810520665594,
66,11.83574879227053,39.781266774020395,13.358829844337091,15.45222758990875,7.232957595276436,6.454643048845948,0.4227053140096618,1.1674718196457328,2.657004830917874,0.1878690284487386,1.4492753623188406,
67,11.855877616747183,39.761137949543745,13.358829844337091,15.45222758990875,7.232957595276436,6.454643048845948,0.4227053140096618,1.3016639828234031,2.522812667740204,0.1878690284487386,1.4492753623188406,
68,11.023886205045626,32.71604938271605,11.077563070316694,25.644122383252817,7.1725711218464845,6.407675791733762,0.4227053140096618,1.3419216317767042,2.4490069779924855,0.1878690284487386,1.556629092860977,
69,10.929951690821255,32.64224369296833,14.150563607085346,25.791733762748255,6.078904991948471,4.609500805152979,0.16774020397208803,1.3419216317767042,2.5697799248523885,0.1610305958132045,1.556629092860977,
70,11.117820719269995,32.52147074610843,14.150563607085346,25.791733762748255,6.152710681696189,4.468599033816425,0.16774020397208803,1.3419216317767042,2.5697799248523885,0.1610305958132045,1.556629092860977,
71,11.211755233494364,32.52147074610843,14.110305958132045,25.45625335480408,6.152710681696189,4.448470209339774,0.16774020397208803,1.3419216317767042,2.563070316693505,0.1610305958132045,1.865271068169619,
72,11.252012882447666,32.447665056360705,13.405797101449275,25.45625335480408,6.132581857219538,5.984970477724101,0.16774020397208803,0.5971551261406334,2.5295222758990876,0.1610305958132045,1.865271068169619,
73,11.312399355877616,32.018250134192165,13.385668276972625,25.45625335480408,6.5485775630703165,5.958132045088567,0.16774020397208803,0.5971551261406334,2.5295222758990876,0.1610305958132045,1.865271068169619,
74,11.097691894793345,31.199677938808374,11.949812130971551,27.911969940955448,6.629092860976919,5.891035963499732,0.16774020397208803,0.5971551261406334,2.5295222758990876,0.1610305958132045,1.865271068169619,
75,11.017176596886742,27.26113794954375,11.949812130971551,32.776435856146,6.763285024154589,5.246913580246914,0.16774020397208803,0.5971551261406334,2.5026838432635534,0.1610305958132045,1.556629092860977,
76,11.20504562533548,27.13365539452496,11.949812130971551,33.16559312936125,6.6827697262479875,5.0993022007514766,0.16774020397208803,0.5971551261406334,2.1604938271604937,0.28180354267310787,1.556629092860977,
77,11.332528180354267,27.073268921095007,11.949812130971551,33.111916264090176,6.66935050993022,5.0993022007514766,0.16774020397208803,0.5971551261406334,2.1604938271604937,0.28180354267310787,1.556629092860977,
78,11.406333870101985,27.073268921095007,11.949812130971551,33.09849704777241,6.655931293612453,5.0791733762748255,0.16774020397208803,0.5703166935050993,2.1604938271604937,0.28180354267310787,1.556629092860977,
79,11.305689747718732,25.44283413848631,11.949812130971551,33.05823939881911,6.655931293612453,5.0791733762748255,0.16774020397208803,0.5703166935050993,3.9318303811057436,0.28180354267310787,1.556629092860977,
80,11.258722490606548,25.006709608158882,12.439613526570048,32.809983896940416,6.655931293612453,5.0791733762748255,0.16774020397208803,0.5703166935050993,3.9318303811057436,0.28180354267310787,1.7981749865807837,
81,11.366076221148685,24.818840579710145,12.439613526570048,32.72275899087493,6.843800322061192,5.059044551798175,0.16774020397208803,0.5703166935050993,3.9318303811057436,0.28180354267310787,1.7981749865807837,
82,11.533816425120772,24.684648416532475,11.829039184111648,33.36688137412775,6.830381105743425,4.9651100375738055,0.16774020397208803,0.6709608158883521,3.9318303811057436,0.28180354267310787,1.737788513150832,
83,11.54723564143854,24.684648416532475,11.822329575952764,33.360171765968865,6.830381105743425,4.9651100375738055,0.16774020397208803,0.6709608158883521,3.9318303811057436,0.28180354267310787,1.737788513150832,
84,11.60762211486849,24.295491143317232,11.694847020933977,33.353462157809986,6.360708534621578,5.931293612453032,0.16774020397208803,0.6709608158883521,3.9318303811057436,0.28180354267310787,1.7042404723564144,
85,11.728395061728396,24.235104669887278,11.674718196457327,33.19914117015566,6.360708534621578,5.931293612453032,0.16774020397208803,0.6709608158883521,3.851315083199141,0.28180354267310787,1.8988191089640365,
86,11.66129898013956,23.960010735373054,11.647879763821793,32.94417606011809,6.723027375201288,5.917874396135265,0.14090177133655393,0.8185721953837896,3.851315083199141,0.28180354267310787,2.0531400966183573,
87,11.668008588298443,23.812399355877616,11.627750939345143,32.80327428878154,6.723027375201288,6.125872249060655,0.14090177133655393,0.8118625872249061,3.8311862587224907,0.28180354267310787,2.1739130434782608,
88,11.52710681696189,23.772141706924316,13.331991411701557,32.44095544820183,6.723027375201288,6.119162640901771,0.14090177133655393,0.6374127750939346,2.932098765432099,0.28180354267310787,2.0933977455716586,
89,11.735104669887278,23.758722490606548,13.331991411701557,32.2463768115942,6.723027375201288,6.119162640901771,0.14090177133655393,0.6374127750939346,2.932098765432099,0.28180354267310787,2.0933977455716586,
90,11.701556629092861,23.752012882447666,13.157541599570585,32.2463768115942,6.723027375201288,6.031937734836285,0.24825550187869028,0.6374127750939346,3.2004830917874396,0.2616747181964573,2.0397208803005906,
91,11.90955448201825,23.68491680085883,13.117283950617283,32.17928073000537,6.689479334406871,6.031937734836285,0.24825550187869028,0.6374127750939346,3.2004830917874396,0.2616747181964573,2.0397208803005906,
92,12.070585077831455,23.68491680085883,13.117283950617283,32.018250134192165,6.689479334406871,6.031937734836285,0.24825550187869028,0.6374127750939346,3.2004830917874396,0.2616747181964573,2.0397208803005906,
93,12.23161567364466,23.617820719269993,12.795222758990874,31.99812130971551,6.689479334406871,6.031937734836285,0.24825550187869028,0.8856682769726248,3.2004830917874396,0.2616747181964573,2.0397208803005906,
94,11.634460547504025,33.373590982286636,9.923510466988727,31.863929146537842,3.2474503488996245,4.019055287171229,0.24825550187869028,0.7045088566827697,3.0864197530864197,0.07380568974771873,1.8250134192163177,
95,11.79549114331723,33.25281803542673,9.923510466988727,31.716317767042405,3.2474503488996245,4.019055287171229,0.24825550187869028,0.7045088566827697,3.0864197530864197,0.07380568974771873,1.932367149758454,
96,11.902844873859367,33.2259796027912,9.923510466988727,31.66935050993022,3.2474503488996245,3.9989264626945786,0.24825550187869028,0.7045088566827697,3.0864197530864197,0.07380568974771873,1.9189479334406871,
97,11.876006441223833,33.11862587224906,9.91009125067096,31.608964036500268,3.455448201825013,3.9989264626945786,0.24825550187869028,0.7045088566827697,3.0864197530864197,0.07380568974771873,1.9189479334406871,
98,11.849168008588299,32.447665056360705,9.88996242619431,31.125872249060656,4.133118625872249,4.522275899087493,0.24825550187869028,0.7045088566827697,3.0864197530864197,0.07380568974771873,1.9189479334406871,
99,11.714975845410628,30.743424584004295,9.73564143853999,29.74369296833065,4.025764895330113,7.7898550724637685,0.24825550187869028,0.8185721953837896,3.0327428878153517,0.07380568974771873,2.073268921095008,
100,11.849168008588299,30.743424584004295,9.73564143853999,29.61621041331186,4.025764895330113,7.863660762211487,0.24825550187869028,0.798443370907139,2.999194847020934,0.07380568974771873,2.046430488459474,
101,11.922973698336017,30.703166935050994,9.73564143853999,29.61621041331186,3.9989264626945786,7.856951154052603,0.24825550187869028,0.798443370907139,2.999194847020934,0.07380568974771873,2.046430488459474,
102,12.184648416532475,30.615942028985508,9.695383789586689,29.54911433172303,3.9989264626945786,7.85024154589372,0.24825550187869028,0.798443370907139,2.9388083735909825,0.07380568974771873,2.046430488459474,
103,12.365807836822329,30.54884594739667,9.675254965110037,29.401502952227588,3.9519592055823938,7.85024154589372,0.24825550187869028,0.798443370907139,2.9388083735909825,0.07380568974771873,2.147074610842727,
104,12.218196457326892,30.461621041331185,9.675254965110037,29.441760601180892,4.4820182501341925,7.669082125603865,0.20799785292538917,0.798443370907139,2.9388083735909825,0.07380568974771873,2.033011272141707,
105,12.47987117552335,30.320719269994633,9.621578099838969,29.347826086956523,4.575952764358561,7.669082125603865,0.20799785292538917,0.798443370907139,2.9388083735909825,0.07380568974771873,1.9659151905528718,
106,12.634192163177671,30.22007514761138,9.621578099838969,29.294149221685455,4.575952764358561,7.669082125603865,0.20799785292538917,0.798443370907139,2.9388083735909825,0.07380568974771873,1.9659151905528718,
107,12.822061191626409,30.112721417069242,9.588030059044552,29.25389157273215,4.575952764358561,7.669082125603865,0.20799785292538917,0.798443370907139,2.932098765432099,0.07380568974771873,1.9659151905528718,
108,12.875738056897477,28.173644659151904,9.588030059044552,28.99892646269458,4.616210413311863,9.494095544820183,0.20799785292538917,0.9594739667203436,2.932098765432099,0.07380568974771873,2.0799785292538915,
109,12.909286097691895,28.166935050993022,9.541062801932368,28.972088030059044,4.616210413311863,9.4873859366613,0.20799785292538917,0.9594739667203436,2.932098765432099,0.07380568974771873,2.0799785292538915,0.05367686527106817
110,13.097155126140633,28.133387010198604,9.433709071390231,28.67686527106817,4.757112184648417,9.480676328502415,0.20799785292538917,1.0869565217391304,2.932098765432099,0.07380568974771873,2.0665593129361244,0.05367686527106817
111,12.989801395598498,25.825281803542673,9.346484165324744,28.56280193236715,4.810789049919484,11.641170155662909,0.20799785292538917,1.0869565217391304,3.33467525496511,0.07380568974771873,2.0665593129361244,0.05367686527106817
112,12.983091787439614,25.785024154589372,9.219001610305957,28.23403113258186,4.770531400966184,12.070585077831455,0.20799785292538917,1.0869565217391304,3.44873859366613,0.07380568974771873,2.0665593129361244,0.05367686527106817
113,12.869028448738593,25.805152979066023,9.198872785829307,27.938808373590984,4.770531400966184,12.06387546967257,0.20799785292538917,1.0869565217391304,3.864734299516908,0.07380568974771873,2.0665593129361244,0.05367686527106817
114,12.983091787439614,25.764895330112722,9.16532474503489,27.91867954911433,4.770531400966184,12.04374664519592,0.20799785292538917,1.0869565217391304,3.864734299516908,0.07380568974771873,2.0665593129361244,0.05367686527106817
115,12.949543746645196,22.926731078904993,9.16532474503489,27.831454643048847,8.266237251744498,11.506977992485238,0.20799785292538917,1.0869565217391304,3.864734299516908,0.07380568974771873,2.0665593129361244,0.05367686527106817
116,13.043478260869565,22.906602254428343,9.138486312399356,27.428878153515836,8.266237251744498,11.54723564143854,0.20799785292538917,1.402308105206656,3.864734299516908,0.07380568974771873,2.0665593129361244,0.05367686527106817
117,13.285024154589372,22.82608695652174,9.138486312399356,27.428878153515836,8.192431561996779,11.533816425120772,0.20799785292538917,1.402308105206656,3.7909286097691894,0.07380568974771873,2.0665593129361244,0.05367686527106817
118,11.245303274288782,22.14170692431562,21.926999463231347,20.538110574342458,7.434245840042942,8.11862587224906,0.17444981213097155,1.221148684916801,5.669618894256575,0.0067096081588835215,1.4694041867954912,0.05367686527106817
119,11.466720343531938,22.262479871175522,21.85990338164251,20.538110574342458,7.179280730005368,8.105206655931294,0.17444981213097155,1.221148684916801,5.662909286097692,0.0067096081588835215,1.4694041867954912,0.05367686527106817
120,10.185185185185185,21.3768115942029,24.684648416532475,20.209339774557165,6.9310252281266775,7.917337627482555,0.17444981213097155,1.3888888888888888,5.60252281266774,0.0067096081588835215,1.4694041867954912,0.05367686527106817
121,10.25228126677402,21.28287707997853,24.651100375738057,20.081857219538378,6.904186795491143,7.997852925389157,0.17444981213097155,1.3888888888888888,5.60252281266774,0.0067096081588835215,1.6035963499731616,0.05367686527106817
122,10.305958132045088,21.24932903918411,24.651100375738057,19.89398819108964,6.89747718733226,7.917337627482555,0.17444981213097155,1.3888888888888888,5.6964573268921095,0.0067096081588835215,1.7646269457863661,0.05367686527106817
123,10.473698336017177,21.16881374127751,22.7187332259796,19.81347289318304,7.004830917874396,7.917337627482555,0.17444981213097155,1.3888888888888888,7.514761137949543,0.0067096081588835215,1.7646269457863661,0.05367686527106817
124,10.554213633923778,21.155394524959743,22.416800858829845,19.79334406870639,7.273215244229737,7.917337627482555,0.17444981213097155,1.3888888888888888,7.501341921631776,0.0067096081588835215,1.7646269457863661,0.05367686527106817
125,10.668276972624799,21.14868491680086,22.33628556092324,19.712828770799785,7.246376811594203,7.917337627482555,0.17444981213097155,1.3888888888888888,7.501341921631776,0.0067096081588835215,1.8451422436929683,0.05367686527106817
126,10.876274825550189,21.108427267847556,22.188674181427803,19.685990338164252,7.2933440687063875,7.917337627482555,0.17444981213097155,1.3888888888888888,7.461084272678476,0.0067096081588835215,1.8451422436929683,0.05367686527106817
127,10.983628556092324,21.054750402576488,22.094739667203434,19.605475040257648,7.427536231884058,7.917337627482555,0.17444981213097155,1.3821792807300053,7.454374664519592,0.0067096081588835215,1.8451422436929683,0.05367686527106817
128,11.18491680085883,21.054750402576488,22.074610842726784,19.43102522812668,7.427536231884058,7.917337627482555,0.17444981213097155,1.42914653784219,7.440955448201825,0.0067096081588835215,1.8048845947396672,0.05367686527106817
129,10.88298443370907,22.973698336017176,21.87332259796028,19.16935050993022,7.39398819108964,7.883789586688137,0.17444981213097155,1.42914653784219,6.360708534621578,0.0067096081588835215,1.7981749865807837,0.05367686527106817
130,10.963499731615673,22.973698336017176,21.604938271604937,19.088835212023618,7.39398819108964,8.152173913043478,0.17444981213097155,1.42914653784219,6.360708534621578,0.0067096081588835215,1.7981749865807837,0.05367686527106817
131,11.097691894793345,22.953569511540525,21.35668276972625,19.088835212023618,7.5281803542673105,8.152173913043478,0.17444981213097155,1.42914653784219,6.360708534621578,0.0067096081588835215,1.7981749865807837,0.05367686527106817
132,11.16478797638218,22.940150295222757,21.336553945249598,19.0552871712292,7.5281803542673105,8.152173913043478,0.17444981213097155,1.42914653784219,6.360708534621578,0.0067096081588835215,1.7981749865807837,0.05367686527106817
133,9.118357487922705,22.31615673644659,24.751744498121308,18.572195383789587,7.481213097155126,8.152173913043478,0.17444981213097155,1.42914653784219,6.166129898013956,0.0067096081588835215,1.778046162104133,0.05367686527106817
134,9.252549651100376,22.282608695652176,24.738325281803544,18.4849704777241,7.481213097155126,8.152173913043478,0.17444981213097155,1.42914653784219,6.166129898013956,0.0067096081588835215,1.778046162104133,0.05367686527106817
135,9.5276435856146,22.19538378958669,24.671229200214707,18.451422436929683,7.481213097155126,8.192431561996779,0.17444981213097155,1.42914653784219,6.0654857756307035,0.0067096081588835215,1.751207729468599,0.05367686527106817
136,9.822866344605474,21.980676328502415,24.65780998389694,18.38432635534085,7.481213097155126,8.192431561996779,0.17444981213097155,1.42914653784219,6.0654857756307035,0.0067096081588835215,1.751207729468599,0.05367686527106817
137,9.534353193773484,21.880032206119164,22.57783145464305,21.43719806763285,7.286634460547504,8.044820182501342,0.17444981213097155,1.4090177133655395,5.864197530864198,0.0067096081588835215,1.7310789049919484,0.05367686527106817
138,9.614868491680086,21.85319377348363,22.57783145464305,21.39694041867955,7.273215244229737,8.044820182501342,0.17444981213097155,1.4090177133655395,5.864197530864198,0.0067096081588835215,1.7310789049919484,0.05367686527106817
139,9.86983360171766,21.85319377348363,22.262479871175522,21.20907139023081,7.481213097155126,8.017981749865807,0.17444981213097155,1.4761137949543746,5.864197530864198,0.0067096081588835215,1.7310789049919484,0.05367686527106817
140,9.997316156736447,21.81964573268921,22.21551261406334,21.175523349436393,7.481213097155126,8.017981749865807,0.17444981213097155,1.4761137949543746,5.850778314546431,0.0067096081588835215,1.7310789049919484,0.05367686527106817
141,9.849704777241008,21.410359634997317,21.39694041867955,21.631776704240472,7.803274288781535,8.561460010735374,0.17444981213097155,1.6035963499731616,5.790391841116479,0.0067096081588835215,1.7176596886741815,0.05367686527106817
142,8.548040794417606,15.257648953301127,21.34326355340848,33.93719806763285,3.280998389694042,8.55475040257649,0.17444981213097155,1.402308105206656,5.723295759527644,0.0067096081588835215,1.7176596886741815,0.05367686527106817
143,8.662104133118627,15.069779924852389,21.336553945249598,33.85668276972625,3.3413848631239937,8.682232957595277,0.17444981213097155,1.402308105206656,5.6964573268921095,0.0067096081588835215,1.7176596886741815,0.05367686527106817
144,8.655394524959743,15.103327965646805,21.336553945249598,33.843263553408484,3.3413848631239937,8.682232957595277,0.17444981213097155,1.402308105206656,5.683038110574342,0.0067096081588835215,1.7176596886741815,0.05367686527106817
145,8.68894256575416,14.942297369833602,21.316425120772948,33.7157809983897,3.421900161030596,8.682232957595277,0.17444981213097155,1.4559849704777241,5.8239398819108965,0.0067096081588835215,1.7176596886741815,0.05367686527106817
146,8.870101986044014,14.935587761674718,21.30300590445518,33.52791196994095,3.4151905528717124,8.682232957595277,0.17444981213097155,1.5901771336553945,5.723295759527644,0.0067096081588835215,1.7176596886741815,0.05367686527106817
147,9.05126140633387,14.888620504562533,21.276167471819647,33.3870101986044,3.656736446591519,8.53462157809984,0.17444981213097155,1.5901771336553945,5.723295759527644,0.0067096081588835215,1.6572732152442298,0.05367686527106817
148,8.393719806763285,12.466451959205582,21.007783145464305,37.245034889962426,3.5426731078904994,8.507783145464305,0.2885131508319914,1.5901771336553945,5.24020397208803,0.0067096081588835215,1.6572732152442298,0.05367686527106817
149,8.568169618894256,12.466451959205582,20.92055823939882,37.043746645195924,3.5292538915727323,8.507783145464305,0.2885131508319914,1.724369296833065,5.233494363929147,0.0067096081588835215,1.6572732152442298,0.05367686527106817
150,8.601717659688674,12.4597423510467,20.86688137412775,36.963231347289316,3.5292538915727323,8.507783145464305,0.2885131508319914,1.724369296833065,5.280461621041331,0.0067096081588835215,1.7176596886741815,0.05367686527106817
151,8.917069243156199,12.399355877616747,20.86688137412775,36.81561996779388,3.5292538915727323,8.487654320987655,0.2885131508319914,1.724369296833065,5.2066559312936125,0.0067096081588835215,1.7042404723564144,0.05367686527106817
152,8.977455716586151,12.399355877616747,20.86688137412775,36.782071926999464,3.4822866344605474,8.3064949006978,0.2885131508319914,1.724369296833065,5.199946323134729,0.1610305958132045,1.7042404723564144,0.10735373054213634
153,9.098228663446054,12.399355877616747,20.819914117015568,36.73510466988728,3.4822866344605474,8.3064949006978,0.2885131508319914,1.724369296833065,5.173107890499195,0.1610305958132045,1.7042404723564144,0.10735373054213634
154,9.185453569511541,12.399355877616747,20.598497047772412,36.64117015566291,3.7104133118625873,8.3064949006978,0.2885131508319914,1.724369296833065,5.173107890499195,0.1610305958132045,1.7042404723564144,0.10735373054213634
155,9.185453569511541,12.399355877616747,20.598497047772412,36.64117015566291,3.7104133118625873,8.3064949006978,0.2885131508319914,1.724369296833065,5.173107890499195,0.1610305958132045,1.7042404723564144,0.10735373054213634
156,9.192163177670425,12.379227053140097,20.551529790660226,36.64117015566291,3.69699409554482,8.380300590445518,0.2885131508319914,1.724369296833065,5.173107890499195,0.1610305958132045,1.7042404723564144,0.10735373054213634
157,9.23913043478261,12.379227053140097,20.50456253354804,36.26543209876543,3.69699409554482,8.380300590445518,0.17444981213097155,2.046430488459474,4.998658078368224,0.1610305958132045,2.046430488459474,0.10735373054213634
158,9.339774557165862,12.365807836822329,20.44417606011809,36.252012882447666,3.69699409554482,8.380300590445518,0.17444981213097155,2.046430488459474,4.985238862050457,0.1610305958132045,2.046430488459474,0.10735373054213634
159,9.366612989801396,12.29200214707461,17.612721417069242,36.07085346215781,7.024959742351046,8.387010198604402,0.17444981213097155,2.046430488459474,4.978529253891573,0.1610305958132045,1.778046162104133,0.10735373054213634
160,9.534353193773484,12.27187332259796,17.59259259259259,35.37305421363392,7.024959742351046,8.319914117015566,0.17444981213097155,2.703972088030059,4.958400429414922,0.1610305958132045,1.778046162104133,0.10735373054213634
161,9.66183574879227,12.13768115942029,17.579173376274827,35.258990874932906,7.1658615136876005,8.319914117015566,0.17444981213097155,2.6972624798711755,4.958400429414922,0.1610305958132045,1.778046162104133,0.10735373054213634
162,9.842995169082126,12.110842726784755,17.52549651100376,35.07783145464305,7.1658615136876005,8.319914117015566,0.1610305958132045,2.818035426731079,4.931561996779388,0.1610305958132045,1.778046162104133,0.10735373054213634
163,10.124798711755233,12.110842726784755,17.37788513150832,34.977187332259795,7.1658615136876005,8.28636607622115,0.1610305958132045,2.818035426731079,4.931561996779388,0.1610305958132045,1.778046162104133,0.10735373054213634
164,10.25228126677402,12.110842726784755,17.37788513150832,34.78931830381106,7.139023081052066,8.279656468062266,0.1610305958132045,2.9119699409554483,4.931561996779388,0.1610305958132045,1.778046162104133,0.10735373054213634
165,10.61460010735373,11.936392914653783,17.37788513150832,34.70209339774557,7.139023081052066,8.205850778314547,0.1610305958132045,2.9119699409554483,4.904723564143854,0.1610305958132045,1.778046162104133,0.10735373054213634
166,10.896403650026839,11.936392914653783,17.344337090713903,34.614868491680085,7.051798174986581,8.192431561996779,0.1610305958132045,2.9119699409554483,4.904723564143854,0.1610305958132045,1.7176596886741815,0.10735373054213634
167,11.010466988727858,11.929683306494901,17.310789049919485,34.54106280193237,7.051798174986581,8.192431561996779,0.1610305958132045,2.9119699409554483,4.904723564143854,0.1610305958132045,1.7176596886741815,0.10735373054213634
168,11.2788513150832,11.922973698336017,17.310789049919485,34.312936124530324,7.051798174986581,8.179012345679013,0.1610305958132045,2.818035426731079,4.978529253891573,0.1610305958132045,1.7176596886741815,0.10735373054213634
169,11.33923778851315,11.922973698336017,17.257112184648417,34.306226516371446,7.051798174986581,8.179012345679013,0.1610305958132045,2.818035426731079,4.978529253891573,0.1610305958132045,1.7176596886741815,0.10735373054213634
170,11.406333870101985,11.922973698336017,17.257112184648417,34.23913043478261,7.051798174986581,8.179012345679013,0.1610305958132045,2.818035426731079,4.978529253891573,0.1610305958132045,1.7176596886741815,0.10735373054213634
171,11.60762211486849,11.896135265700483,17.257112184648417,34.14519592055824,7.14573268921095,8.165593129361245,0.1610305958132045,2.8650026838432634,4.931561996779388,0.1610305958132045,1.556629092860977,0.10735373054213634
172,11.822329575952764,11.896135265700483,17.21014492753623,34.044551798174986,7.132313472893183,8.165593129361245,0.1610305958132045,2.8650026838432634,4.931561996779388,0.1610305958132045,1.5029522275899088,0.10735373054213634
173,11.855877616747183,11.822329575952764,17.20343531937735,33.85668276972625,7.199409554482019,8.105206655931294,0.1610305958132045,3.0327428878153517,4.931561996779388,0.2214170692431562,1.5029522275899088,0.10735373054213634
174,11.929683306494901,11.822329575952764,17.062533548040793,33.77616747181965,7.340311325818572,7.971014492753623,0.1610305958132045,3.0327428878153517,4.931561996779388,0.2214170692431562,1.6438539989264627,0.10735373054213634
175,12.010198604401502,11.822329575952764,16.99543746645196,33.2259796027912,7.890499194847021,7.971014492753623,0.1610305958132045,3.0327428878153517,4.918142780461621,0.2214170692431562,1.6438539989264627,0.10735373054213634
176,12.050456253354804,11.768652710681696,16.928341384863124,33.09849704777241,8.09849704777241,7.944176060118089,0.1610305958132045,2.9924852388620504,4.87788513150832,0.2214170692431562,1.751207729468599,0.10735373054213634
177,12.037037037037036,11.768652710681696,16.841116478797638,33.09849704777241,8.09849704777241,7.944176060118089,0.1610305958132045,3.0931293612453032,4.87788513150832,0.2214170692431562,1.751207729468599,0.10735373054213634
178,12.037037037037036,11.768652710681696,16.740472356414386,29.294149221685455,7.803274288781535,8.474235104669887,0.1610305958132045,3.066290928609769,8.849973161567364,0.2214170692431562,1.4761137949543746,0.10735373054213634
179,12.090713902308105,11.761943102522812,16.532474503488995,29.1532474503489,7.648953301127214,9.03113258185722,0.1610305958132045,3.046162104133119,8.849973161567364,0.2214170692431562,1.3955984970477724,0.10735373054213634
180,12.110842726784755,11.641170155662909,15.921900161030596,30.931293612453032,7.347020933977456,8.950617283950617,0.1610305958132045,3.0327428878153517,8.179012345679013,0.2214170692431562,1.3955984970477724,0.10735373054213634
181,12.110842726784755,11.641170155662909,15.921900161030596,30.931293612453032,7.347020933977456,8.950617283950617,0.1610305958132045,3.0327428878153517,8.179012345679013,0.2214170692431562,1.3955984970477724,0.10735373054213634
182,11.882716049382717,11.52710681696189,15.579710144927537,31.13929146537842,7.809983896940419,9.272678475577026,0.1610305958132045,3.0327428878153517,7.87037037037037,0.2214170692431562,1.3955984970477724,0.10735373054213634
183,12.030327428878154,11.52710681696189,15.566290928609769,31.00509930220075,7.729468599033816,9.272678475577026,0.1610305958132045,3.0327428878153517,7.816693505099302,0.2214170692431562,1.5297906602254427,0.10735373054213634
184,12.016908212560386,11.574074074074074,15.552871712292003,30.9849704777241,7.883789586688137,9.272678475577026,0.1610305958132045,3.0327428878153517,7.6623725174449815,0.2214170692431562,1.5297906602254427,0.10735373054213634
185,12.25174449812131,11.54723564143854,15.526033279656469,30.931293612453032,7.883789586688137,9.272678475577026,0.1610305958132045,3.0193236714975846,7.434245840042942,0.2214170692431562,1.6438539989264627,0.10735373054213634
186,12.338969404186795,11.453301127214171,15.526033279656469,30.636070853462158,7.769726247987117,9.272678475577026,0.1610305958132045,3.44873859366613,7.4208266237251745,0.2214170692431562,1.6438539989264627,0.10735373054213634
187,12.224906065485776,11.312399355877616,15.479066022544284,30.589103596349972,7.917337627482555,9.5276435856146,0.1610305958132045,3.3950617283950617,7.4208266237251745,0.2214170692431562,1.6438539989264627,0.10735373054213634
188,12.29200214707461,11.258722490606548,15.479066022544284,30.589103596349972,7.937466451959206,9.5276435856146,0.1610305958132045,3.3950617283950617,7.387278582930757,0.2214170692431562,1.6438539989264627,0.10735373054213634
189,11.896135265700483,10.46027911969941,16.686795491143318,30.3743961352657,7.749597423510467,9.769189479334408,0.1610305958132045,3.502415458937198,7.313472893183038,0.2214170692431562,1.7579173376274826,0.10735373054213634
190,12.204777241009126,10.46027911969941,16.67337627482555,30.18652710681696,7.742887815351583,9.71551261406334,0.1610305958132045,3.5963499731615673,7.185990338164252,0.2214170692431562,1.7444981213097155,0.10735373054213634
