,45,50,52,51,53,55,54,57,56,58
0,100.0,,,,,,,,,
1,73.14814814814815,26.85185185185185,,,,,,,,
2,59.80944712828771,39.97584541062802,0.2147074610842727,,,,,,,
3,54.1532474503489,45.63204508856683,0.2147074610842727,,,,,,,
4,53.97879763821793,41.076221148684915,0.2147074610842727,4.730273752012883,,,,,,
5,37.42619431025228,58.3064949006978,0.2147074610842727,4.052603327965647,,,,,,
6,36.15807836822329,46.47745571658615,0.2147074610842727,17.14975845410628,,,,,,
7,34.38674181427805,47.1081588835212,1.4224369296833066,17.082662372517444,,,,,,
8,29.61621041331186,51.878690284487384,1.4224369296833066,17.082662372517444,,,,,,
9,29.441760601180892,43.914385399892645,1.4224369296833066,14.036500268384327,11.18491680085883,,,,,
10,29.62962962962963,43.61916264090177,1.4224369296833066,14.016371443907676,11.178207192699947,0.13419216317767044,,,,
11,29.844337090713903,43.4044551798175,1.4224369296833066,14.016371443907676,11.178207192699947,0.13419216317767044,,,,
12,29.938271604938272,42.49194847020934,1.4224369296833066,14.009661835748792,11.16478797638218,0.4562533548040794,0.5166398282340311,,,
13,25.295222758990874,40.5931293612453,2.8650026838432634,19.444444444444443,11.16478797638218,0.4227053140096618,0.2147074610842727,,,
14,21.443907675791735,38.727858293075684,2.8650026838432634,30.817230273752013,5.5756843800322065,0.35560923242082665,0.2147074610842727,,,
15,21.537842190016104,38.63392377885131,2.8650026838432634,30.817230273752013,5.5756843800322065,0.35560923242082665,0.2147074610842727,,,
16,20.50456253354804,31.48148148148148,13.285024154589372,27.925389157273216,4.797369833601718,1.5096618357487923,,0.49651100375738055,,
17,19.746376811594203,23.429951690821255,13.285024154589372,36.73510466988728,4.797369833601718,1.5096618357487923,,0.49651100375738055,,
18,17.297369833601717,26.093666129898015,13.170960815888352,36.68142780461621,4.750402576489533,1.5096618357487923,,0.49651100375738055,,
19,17.297369833601717,26.093666129898015,13.170960815888352,36.68142780461621,4.750402576489533,1.5096618357487923,,0.49651100375738055,,
20,17.371175523349436,26.093666129898015,13.137412775093935,36.64117015566291,4.750402576489533,1.5096618357487923,,0.49651100375738055,,
21,17.56575415995706,26.019860440150296,13.137412775093935,36.3996242619431,4.683306494900698,1.5096618357487923,,0.49651100375738055,0.1878690284487386,
22,17.53220611916264,25.301932367149757,13.117283950617283,36.3191089640365,4.683306494900698,1.5096618357487923,0.8789586688137413,0.46967257112184646,0.1878690284487386,
23,16.70692431561997,17.002147074610843,13.077026301663983,48.711755233494365,2.1269457863660763,1.221148684916801,0.8789586688137413,0.08722490606548577,0.1878690284487386,
24,16.70692431561997,17.002147074610843,13.077026301663983,47.92002147074611,2.1269457863660763,2.0128824476650564,0.8789586688137413,0.08722490606548577,0.1878690284487386,
25,16.941760601180892,16.935050993022006,13.077026301663983,47.75228126677402,2.1269457863660763,2.0128824476650564,0.8789586688137413,0.08722490606548577,0.1878690284487386,
26,16.894793344068706,16.921631776704242,12.902576489533011,47.215512614063336,2.1135265700483092,2.0128824476650564,0.8789586688137413,0.08722490606548577,0.9728931830381106,
27,16.015834675254965,14.99597423510467,25.34219001610306,38.21121846484165,2.1135265700483092,1.221148684916801,0.8789586688137413,0.08722490606548577,1.133923778851315,
28,16.129898013955984,14.97584541062802,25.288513150831992,38.17096081588835,2.1135265700483092,1.221148684916801,0.8789586688137413,0.08722490606548577,1.133923778851315,
29,14.626945786366075,14.63365539452496,24.416264090177133,40.88835212023618,2.1135265700483092,1.221148684916801,0.8789586688137413,0.08722490606548577,1.133923778851315,
30,14.774557165861514,14.606816961889425,24.3894256575416,40.79441760601181,2.1135265700483092,1.221148684916801,0.8789586688137413,0.08722490606548577,1.133923778851315,
31,14.88191089640365,14.318303811057435,21.544551798174986,42.11621041331186,3.1468062265163717,2.2410091250670963,0.8789586688137413,0.08722490606548577,0.785024154589372,
32,15.26435856146001,14.318303811057435,21.4573268921095,41.82098765432099,3.1468062265163717,2.2410091250670963,0.8789586688137413,0.08722490606548577,0.785024154589372,
33,14.707461084272678,12.432903918411165,18.323939881910896,47.69189479334407,3.7573805689747717,2.0263016639828235,0.8789586688137413,0.08722490606548577,0.0939345142243693,
34,14.935587761674718,12.399355877616747,18.310520665593128,46.96054750402576,3.7573805689747717,2.006172839506173,0.9796027911969941,0.08722490606548577,0.5636070853462157,
35,15.029522275899087,12.392646269457863,18.297101449275363,46.62506709608159,3.7573805689747717,2.006172839506173,0.9796027911969941,0.08722490606548577,0.8252818035426731,
36,14.579978529253891,12.392646269457863,18.793612453032743,47.66505636070853,1.90552871712292,2.965646806226516,0.9796027911969941,0.08722490606548577,0.630703166935051,
37,7.977724100912507,17.20343531937735,22.510735373054214,45.73939881910896,1.90552871712292,2.965646806226516,0.9796027911969941,0.08722490606548577,0.630703166935051,
38,8.071658615136876,17.028985507246375,22.282608695652176,45.20263016639828,2.6838432635534084,2.690552871712292,1.3217928073000538,0.08722490606548577,0.630703166935051,
39,8.165593129361245,17.028985507246375,22.282608695652176,45.13553408480945,2.657004830917874,2.690552871712292,1.3217928073000538,0.08722490606548577,0.630703166935051,
40,8.051529790660226,16.982018250134193,19.77992485238862,45.430756843800324,5.032206119162641,2.690552871712292,1.3150831991411702,0.08722490606548577,0.630703166935051,
41,7.96430488459474,16.680085882984432,14.606816961889425,51.529790660225444,4.549114331723027,2.428878153515835,1.3150831991411702,0.08722490606548577,0.8387010198604401,
42,8.038110574342458,16.626409017713364,18.337359098228664,47.987117552334944,4.549114331723027,2.428878153515835,1.3150831991411702,0.08722490606548577,0.630703166935051,
43,8.064949006977992,16.626409017713364,18.310520665593128,47.987117552334944,4.549114331723027,2.428878153515835,1.3150831991411702,0.08722490606548577,0.630703166935051,
44,8.13875469672571,16.606280193236714,18.310520665593128,47.93344068706388,4.549114331723027,2.428878153515835,1.3150831991411702,0.08722490606548577,0.630703166935051,
45,8.353462157809984,16.59957058507783,18.223295759527645,47.819377348362856,4.549114331723027,2.428878153515835,1.3150831991411702,0.08722490606548577,0.6239935587761675,
46,8.333333333333334,16.411701556629094,17.92807300053677,47.69189479334407,4.441760601180891,2.428878153515835,1.7579173376274826,0.08722490606548577,0.9192163177670424,
47,8.387010198604402,16.384863123993558,17.92807300053677,47.66505636070853,4.441760601180891,2.428878153515835,1.7579173376274826,0.08722490606548577,0.9192163177670424,
48,8.340042941492216,16.384863123993558,17.11621041331186,45.40391841116479,7.749597423510467,2.3215244229736984,1.7579173376274826,0.08722490606548577,0.8387010198604401,
49,8.527911969940956,16.27750939345142,17.06924315619968,45.370370370370374,7.749597423510467,2.3215244229736984,1.7579173376274826,0.08722490606548577,0.8387010198604401,
50,8.407139023081053,16.21712292002147,14.754428341384862,48.46349973161568,7.27992485238862,2.4825550187869028,1.7579173376274826,0.08722490606548577,0.5501878690284487,
51,8.380300590445518,16.13660762211487,17.505367686527105,45.69914117015566,7.25979602791197,2.4825550187869028,1.7579173376274826,0.2281266774020397,0.5501878690284487,
52,8.340042941492216,16.1231884057971,14.97584541062802,48.309178743961354,7.25979602791197,2.462426194310252,1.7579173376274826,0.2281266774020397,0.5434782608695652,
53,8.427267847557703,16.1231884057971,11.862587224906065,52.281266774020395,6.582125603864735,2.187332259796028,1.7579173376274826,0.08722490606548577,0.6910896403650026,
54,8.474235104669887,16.1231884057971,11.862587224906065,52.234299516908216,6.582125603864735,2.187332259796028,1.7579173376274826,0.08722490606548577,0.6910896403650026,
55,8.111916264090176,15.069779924852389,10.493827160493828,54.96511003757381,6.125872249060655,2.3215244229736984,2.13365539452496,0.08722490606548577,0.6910896403650026,
56,8.152173913043478,15.049651100375739,10.493827160493828,54.830917874396135,6.125872249060655,2.3215244229736984,2.13365539452496,0.08722490606548577,0.8051529790660226,
57,8.420558239398819,14.700751476113794,10.38647342995169,54.54240472356415,6.125872249060655,2.3215244229736984,2.6167471819645733,0.08722490606548577,0.798443370907139,
58,8.514492753623188,14.687332259796028,10.38647342995169,53.656736446591516,6.125872249060655,2.3215244229736984,2.6167471819645733,0.08722490606548577,1.6035963499731616,
59,8.420558239398819,14.660493827160494,22.537573805689746,43.65942028985507,5.173107890499195,1.6170155662909287,2.2410091250670963,0.08722490606548577,1.6035963499731616,
60,8.474235104669887,14.647074610842727,22.537573805689746,43.61916264090177,5.173107890499195,1.6170155662909287,2.2410091250670963,0.08722490606548577,1.6035963499731616,
61,8.61513687600644,14.647074610842727,22.50402576489533,43.53193773483628,5.152979066022544,1.6170155662909287,2.2410091250670963,0.08722490606548577,1.6035963499731616,
62,8.420558239398819,14.016371443907676,32.15915190552872,36.218464841653244,3.965378421900161,1.482823403113258,2.2410091250670963,0.08722490606548577,1.4090177133655395,
63,8.507783145464305,14.016371443907676,32.15915190552872,36.218464841653244,3.965378421900161,1.415727321524423,2.2208803005904456,0.08722490606548577,1.4090177133655395,
64,8.561460010735374,13.962694578636608,32.15915190552872,36.218464841653244,3.965378421900161,1.415727321524423,2.2208803005904456,0.08722490606548577,1.4090177133655395,
65,8.272946859903382,13.94927536231884,35.245571658615134,33.80971551261406,3.965378421900161,1.415727321524423,2.2208803005904456,0.08722490606548577,1.0332796564680622,
66,8.07836822329576,13.841921631776705,34.628287707997856,32.07192699946323,6.790123456790123,1.2815351583467525,2.187332259796028,0.08722490606548577,1.0332796564680622,
67,8.105206655931294,13.828502415458937,34.628287707997856,32.07192699946323,6.790123456790123,1.2815351583467525,2.1739130434782608,0.08722490606548577,1.0332796564680622,
68,8.165593129361245,13.828502415458937,34.514224369296834,29.924852388620504,8.99087493290392,1.2815351583467525,2.1739130434782608,0.08722490606548577,1.0332796564680622,
69,8.313204508856682,13.828502415458937,34.46725711218465,29.830917874396135,8.99087493290392,1.2815351583467525,2.167203435319377,0.08722490606548577,1.0332796564680622,
70,7.769726247987117,13.66076221148685,34.936929683306495,29.810789049919485,9.4873859366613,1.0869565217391304,2.1269457863660763,0.08722490606548577,1.0332796564680622,
71,7.9039184111647875,13.633923778851315,34.88996242619431,29.777241009125067,9.4873859366613,1.0869565217391304,2.100107353730542,0.08722490606548577,1.0332796564680622,
72,8.185721953837897,12.842190016103059,34.628287707997856,29.723564143854,10.312667740203972,1.0869565217391304,2.100107353730542,0.08722490606548577,1.0332796564680622,
73,8.185721953837897,12.191358024691358,34.614868491680085,29.716854535695116,10.299248523886206,1.7713365539452497,2.100107353730542,0.08722490606548577,1.0332796564680622,
74,8.132045088566828,12.057165861513688,34.594739667203434,28.63660762211487,10.299248523886206,1.9189479334406871,3.240740740740741,0.08722490606548577,1.0332796564680622,
75,8.259527643585615,11.922973698336017,34.326355340848096,28.247450348899623,10.299248523886206,1.9189479334406871,3.3950617283950617,0.08722490606548577,1.5432098765432098,
76,8.360171765968868,11.922973698336017,34.252549651100374,28.22061191626409,10.299248523886206,1.9189479334406871,3.3950617283950617,0.08722490606548577,1.5432098765432098,
77,8.393719806763285,11.922973698336017,34.225711218464845,28.22061191626409,10.292538915727322,1.9189479334406871,3.3950617283950617,0.08722490606548577,1.5432098765432098,
78,8.266237251744498,11.721685453569512,34.225711218464845,28.10654857756307,10.762211486849168,1.9189479334406871,3.3950617283950617,0.08722490606548577,1.5163714439076759,
79,7.427536231884058,11.627750939345143,25.355609232420825,39.51959205582394,9.225711218464841,2.187332259796028,3.374932903918411,0.08722490606548577,1.1943102522812667,
80,7.50805152979066,11.60762211486849,25.355609232420825,39.14385399892646,9.219001610305957,2.187332259796028,3.374932903918411,0.08722490606548577,1.5163714439076759,
81,7.635534084809447,11.60762211486849,25.315351583467525,38.90230810520666,9.219001610305957,2.187332259796028,3.3413848631239937,0.08722490606548577,1.7042404723564144,
82,7.695920558239399,11.600912506709609,25.234836285560924,38.85534084809447,9.219001610305957,2.187332259796028,3.3413848631239937,0.1610305958132045,1.7042404723564144,
83,7.628824476650563,11.553945249597424,25.677670424047236,38.539989264626946,9.205582393988191,2.187332259796028,3.3413848631239937,0.1610305958132045,1.7042404723564144,
84,7.836822329575953,11.533816425120772,25.644122383252817,38.38566827697262,9.205582393988191,2.187332259796028,3.3413848631239937,0.1610305958132045,1.7042404723564144,
85,8.071658615136876,11.533816425120772,25.315351583467525,38.1508319914117,9.205582393988191,2.187332259796028,3.3413848631239937,0.1610305958132045,2.033011272141707,
86,7.521470746108427,23.027375201288244,19.028448738593667,35.34621578099839,8.655394524959743,2.167203435319377,3.3413848631239937,0.1610305958132045,0.7514761137949544,
87,7.776435856146001,22.443639291465377,18.914385399892645,35.34621578099839,8.641975308641975,1.9524959742351047,4.012345679012346,0.1610305958132045,0.7514761137949544,
88,7.763016639828234,22.188674181427803,18.914385399892645,35.27241009125067,8.641975308641975,2.2946859903381642,4.012345679012346,0.1610305958132045,0.7514761137949544,
89,7.75630703166935,22.168545356951153,31.5552871712292,22.926731078904993,8.695652173913043,2.086688137412775,3.898282340311326,0.1610305958132045,0.7514761137949544,
90,7.890499194847021,22.088030059044552,31.488191089640367,22.77241009125067,8.668813741277509,2.2879763821792807,3.8915727321524423,0.1610305958132045,0.7514761137949544,
91,7.944176060118089,22.061191626409016,31.186258722490606,22.77241009125067,8.668813741277509,2.563070316693505,3.8915727321524423,0.1610305958132045,0.7514761137949544,
92,8.05823939881911,22.061191626409016,30.951422436929683,22.309447128287708,8.668813741277509,2.563070316693505,3.8915727321524423,0.30193236714975846,1.1943102522812667,
93,7.7898550724637685,21.517713365539453,32.8166935050993,21.947128287707997,8.668813741277509,2.563070316693505,3.2004830917874396,0.30193236714975846,1.1943102522812667,
94,7.313472893183038,21.511003757380568,22.29602791196994,33.3870101986044,8.668813741277509,2.2208803005904456,3.2004830917874396,0.24154589371980675,1.1607622114868492,
95,7.494632313472893,21.4573268921095,22.067901234567902,33.3064949006978,8.668813741277509,2.2208803005904456,3.2004830917874396,0.4227053140096618,1.1607622114868492,
96,7.588566827697263,21.4573268921095,22.041062801932366,33.23939881910896,8.668813741277509,2.2208803005904456,3.2004830917874396,0.4227053140096618,1.1607622114868492,
97,7.62211486849168,21.423778851315085,22.041062801932366,33.23939881910896,8.668813741277509,2.2208803005904456,3.2004830917874396,0.4227053140096618,1.1607622114868492,
98,7.75630703166935,21.40365002683843,22.014224369296834,33.16559312936125,8.668813741277509,2.2208803005904456,3.2004830917874396,0.4092860976918948,1.1607622114868492,
99,7.944176060118089,21.390230810520666,21.926999463231347,30.152979066022546,8.668813741277509,2.2208803005904456,6.125872249060655,0.4092860976918948,1.1607622114868492,
100,8.091787439613526,21.28287707997853,21.926999463231347,30.12614063338701,8.655394524959743,2.2208803005904456,6.125872249060655,0.4092860976918948,1.1607622114868492,
101,8.051529790660226,20.947396672034355,21.833064949006978,30.119431025228128,8.635265700483092,2.214170692431562,6.629092860976919,0.4092860976918948,1.1607622114868492,
102,8.3064949006978,20.92055823939882,22.34970477724101,29.965110037573805,8.387010198604402,1.8719806763285025,6.629092860976919,0.4092860976918948,1.1607622114868492,
103,8.158883521202362,20.860171765968868,20.081857219538378,29.455179817498657,11.372785829307569,1.8719806763285025,6.629092860976919,0.4092860976918948,1.1607622114868492,
104,8.333333333333334,20.82662372517445,20.081857219538378,29.347826086956523,11.372785829307569,1.865271068169619,6.602254428341385,0.4092860976918948,1.1607622114868492,
105,8.514492753623188,20.799785292538918,19.981213097155127,29.28743961352657,11.520397208803006,1.865271068169619,6.602254428341385,0.2683843263553409,1.1607622114868492,
106,8.76274825550188,20.7662372517445,19.981213097155127,28.569511540526033,11.439881910896403,1.865271068169619,6.602254428341385,0.2616747181964573,1.751207729468599,
107,8.78287707997853,20.7662372517445,19.981213097155127,28.549382716049383,11.439881910896403,1.865271068169619,6.602254428341385,0.2616747181964573,1.751207729468599,
108,8.883521202361782,20.75281803542673,19.981213097155127,28.488996242619432,11.439881910896403,1.865271068169619,6.575415995705851,0.2616747181964573,1.751207729468599,
109,8.997584541062801,20.725979602791195,19.920826623725173,28.193773483628558,11.439881910896403,2.13365539452496,6.474771873322598,0.2616747181964573,1.8518518518518519,
110,9.125067096081589,20.725979602791195,19.887278582930758,28.113258185721953,11.426462694578637,2.13365539452496,6.474771873322598,0.2616747181964573,1.8518518518518519,
111,9.286097691894794,20.69243156199678,19.860440150295222,28.012614063338702,11.426462694578637,2.13365539452496,6.474771873322598,0.2616747181964573,1.8518518518518519,
112,9.514224369296834,20.531400966183575,19.618894256575416,27.75764895330113,11.379495437466453,2.61003757380569,6.474771873322598,0.2616747181964573,1.8518518518518519,
113,9.594739667203436,20.531400966183575,19.618894256575416,27.710681696188942,11.366076221148685,2.61003757380569,6.454643048845948,0.2616747181964573,1.8518518518518519,
114,9.71551261406334,20.52469135802469,19.612184648416534,27.603327965646805,11.366076221148685,2.61003757380569,6.454643048845948,0.2616747181964573,1.8518518518518519,
115,10.292538915727322,20.48443370907139,19.612184648416534,27.408749329039185,11.023886205045626,2.61003757380569,6.454643048845948,0.2616747181964573,1.8518518518518519,
116,10.21202361782072,20.564949006977994,19.612184648416534,27.408749329039185,11.023886205045626,2.61003757380569,6.454643048845948,0.2616747181964573,1.8518518518518519,
117,10.245571658615138,20.544820182501343,19.598765432098766,27.408749329039185,11.023886205045626,2.61003757380569,6.454643048845948,0.2616747181964573,1.8518518518518519,
118,10.312667740203972,20.323403113258184,18.605743424584006,27.200751476113794,12.204777241009126,2.7844873859366612,6.454643048845948,0.2616747181964573,1.8518518518518519,
119,10.091250670960816,13.58695652173913,18.189747718733226,26.50295222758991,20.45088566827697,2.7844873859366612,6.454643048845948,0.2616747181964573,1.6774020397208802,
120,10.185185185185185,13.58695652173913,18.169618894256576,26.462694578636608,20.45088566827697,2.7509393451422435,6.454643048845948,0.2616747181964573,1.6774020397208802,
121,10.305958132045088,13.58695652173913,18.14278046162104,26.435856146001072,20.38378958668814,2.7509393451422435,6.454643048845948,0.2616747181964573,1.6774020397208802,
122,10.359634997316157,13.58695652173913,18.129361245303276,26.39559849704777,20.38378958668814,2.7509393451422435,6.454643048845948,0.2616747181964573,1.6774020397208802,
123,10.198604401502953,13.499731615673644,16.163446054750402,29.294149221685455,20.142243692968332,2.7509393451422435,6.125872249060655,0.14761137949543746,1.6774020397208802,
124,10.265700483091788,13.493022007514762,16.163446054750402,29.2337627482555,20.142243692968332,2.7509393451422435,6.125872249060655,0.14761137949543746,1.6774020397208802,
125,10.406602254428341,13.479602791196994,16.0829307568438,29.220343531937736,20.108695652173914,2.7509393451422435,6.125872249060655,0.14761137949543746,1.6774020397208802,
126,10.406602254428341,13.18438003220612,16.022544283413847,29.220343531937736,20.034889962426195,2.7509393451422435,6.5552871712292005,0.14761137949543746,1.6774020397208802,
127,10.433440687063875,13.16425120772947,15.619967793880837,29.20692431561997,20.021470746108427,2.7509393451422435,6.749865807836822,0.14761137949543746,1.90552871712292,
128,10.144927536231885,13.16425120772947,15.411969940955448,26.536500268384327,23.926462694578635,2.6435856146001075,6.588835212023618,0.06709608158883522,1.5163714439076759,
129,10.292538915727322,13.16425120772947,15.411969940955448,26.496242619431026,23.919753086419753,2.6167471819645733,6.515029522275899,0.06709608158883522,1.5163714439076759,
130,10.332796564680622,13.16425120772947,14.821524422973699,26.476113794954376,23.919753086419753,3.193773483628556,6.515029522275899,0.06709608158883522,1.5096618357487923,
131,10.332796564680622,13.16425120772947,14.821524422973699,26.476113794954376,23.919753086419753,3.193773483628556,6.515029522275899,0.06709608158883522,1.5096618357487923,
132,10.030864197530864,13.023349436392914,15.801127214170693,26.174181427804616,23.778851315083198,3.193773483628556,6.515029522275899,0.06709608158883522,1.3083735909822867,0.10735373054213634
133,10.0979602791197,13.023349436392914,15.780998389694043,26.147342995169083,23.758722490606548,3.193773483628556,6.515029522275899,0.06709608158883522,1.3083735909822867,0.10735373054213634
134,9.004294149221685,12.640901771336553,12.614063338701019,33.803005904455176,23.63123993558776,2.985775630703167,4.066022544283414,0.06709608158883522,1.0802469135802468,0.10735373054213634
135,9.037842190016104,12.627482555018787,12.258454106280194,31.28690284487386,23.597691894793343,2.985775630703167,6.951154052603328,0.06709608158883522,1.0802469135802468,0.10735373054213634
136,9.111647879763822,12.627482555018787,12.258454106280194,31.260064412238325,23.55072463768116,2.985775630703167,6.951154052603328,0.06709608158883522,1.0802469135802468,0.10735373054213634
137,8.742619431025227,11.75523349436393,11.406333870101985,35.65485775630703,22.208803005904453,2.7777777777777777,6.199677938808374,0.06709608158883522,1.0802469135802468,0.10735373054213634
138,8.957326892109501,11.75523349436393,11.406333870101985,35.51395598497048,22.168545356951153,2.7777777777777777,6.166129898013956,0.06709608158883522,1.0802469135802468,0.10735373054213634
139,9.004294149221685,11.741814278046162,11.406333870101985,35.51395598497048,22.134997316156735,2.7777777777777777,6.166129898013956,0.06709608158883522,1.0802469135802468,0.10735373054213634
140,9.07139023081052,11.741814278046162,11.406333870101985,35.02415458937198,22.094739667203434,3.240740740740741,6.166129898013956,0.06709608158883522,1.0802469135802468,0.10735373054213634
141,9.145195920558239,11.741814278046162,11.372785829307569,34.98389694041868,22.094739667203434,3.240740740740741,6.166129898013956,0.06709608158883522,1.0802469135802468,0.10735373054213634
142,9.473966720343531,11.741814278046162,11.05072463768116,34.98389694041868,22.088030059044552,3.240740740740741,6.166129898013956,0.06709608158883522,1.0802469135802468,0.10735373054213634
143,9.145195920558239,11.218464841653248,12.634192163177671,34.66183574879227,21.85990338164251,3.0595813204508855,6.166129898013956,0.06709608158883522,1.0802469135802468,0.10735373054213634
144,9.541062801932368,11.097691894793345,12.553676865271068,34.39345142243693,21.792807300053678,3.374932903918411,6.099033816425121,0.06709608158883522,0.9728931830381106,0.10735373054213634
145,9.655126140633387,11.09098228663446,12.553676865271068,34.333064949006975,21.77938808373591,3.374932903918411,6.0654857756307035,0.06709608158883522,0.9728931830381106,0.10735373054213634
146,9.769189479334408,11.09098228663446,12.5,34.333064949006975,21.71900161030596,3.374932903918411,6.0654857756307035,0.06709608158883522,0.9728931830381106,0.10735373054213634
147,10.00402576489533,11.05072463768116,12.493290391841116,34.13848631239936,21.658615136876005,3.374932903918411,6.011808910359635,0.06709608158883522,1.093666129898014,0.10735373054213634
148,10.017444981213098,11.05072463768116,12.493290391841116,34.13848631239936,21.64519592055824,3.374932903918411,6.011808910359635,0.06709608158883522,1.093666129898014,0.10735373054213634
149,10.0979602791197,11.05072463768116,12.47987117552335,34.12506709608159,21.591519055287172,3.374932903918411,6.011808910359635,0.06709608158883522,1.093666129898014,0.10735373054213634
150,9.96376811594203,10.762211486849168,12.466451959205582,34.11164787976382,20.162372517444982,5.139559849704777,5.998389694041868,0.06709608158883522,1.221148684916801,0.10735373054213634
151,10.11808910359635,10.715244229736983,12.385936661298981,34.23913043478261,20.12211486849168,5.092592592592593,5.931293612453032,0.06709608158883522,1.221148684916801,0.10735373054213634
152,10.144927536231885,10.715244229736983,12.379227053140097,34.23913043478261,20.101986044015028,5.092592592592593,5.931293612453032,0.06709608158883522,1.221148684916801,0.10735373054213634
153,10.245571658615138,10.68840579710145,12.372517444981213,34.21229200214707,20.061728395061728,5.092592592592593,5.931293612453032,0.06709608158883522,1.221148684916801,0.10735373054213634
154,10.279119699409554,10.661567364465915,12.372517444981213,34.20558239398819,20.061728395061728,5.092592592592593,5.931293612453032,0.06709608158883522,1.221148684916801,0.10735373054213634
155,10.34621578099839,10.661567364465915,12.365807836822329,34.09151905528717,19.994632313472895,5.072463768115942,5.931293612453032,0.11406333870101985,1.3150831991411702,0.10735373054213634
156,10.48040794417606,10.661567364465915,12.298711755233494,34.03113258185722,19.98792270531401,5.072463768115942,5.931293612453032,0.11406333870101985,1.3150831991411702,0.10735373054213634
157,10.285829307568438,10.621309715512615,10.171765968867419,33.4272678475577,23.03408480944713,5.072463768115942,5.931293612453032,0.11406333870101985,1.2345679012345678,0.10735373054213634
158,10.292538915727322,10.621309715512615,10.171765968867419,33.4272678475577,23.027375201288244,5.072463768115942,5.931293612453032,0.11406333870101985,1.2345679012345678,0.10735373054213634
159,10.38647342995169,10.621309715512615,10.171765968867419,33.02469135802469,22.953569511540525,5.065754159957058,5.931293612453032,0.11406333870101985,1.6237251744498122,0.10735373054213634
160,10.473698336017177,10.61460010735373,10.171765968867419,33.02469135802469,22.906602254428343,5.045625335480408,5.917874396135265,0.11406333870101985,1.6237251744498122,0.10735373054213634
161,10.554213633923778,10.61460010735373,10.171765968867419,32.94417606011809,22.906602254428343,5.045625335480408,5.917874396135265,0.11406333870101985,1.6237251744498122,0.10735373054213634
162,10.628019323671497,10.61460010735373,10.171765968867419,32.91733762748255,22.906602254428343,5.032206119162641,5.884326355340848,0.11406333870101985,1.6237251744498122,0.10735373054213634
163,10.493827160493828,10.446859903381643,13.009930220075148,32.39398819108964,21.18894256575416,4.9651100375738055,5.723295759527644,0.11406333870101985,1.556629092860977,0.10735373054213634
164,10.547504025764896,10.36634460547504,13.009930220075148,31.76328502415459,21.155394524959743,5.810520665593129,5.5689747718733225,0.11406333870101985,1.556629092860977,0.10735373054213634
165,10.621309715512615,10.34621578099839,12.99651100375738,31.723027375201287,21.155394524959743,5.810520665593129,5.5689747718733225,0.11406333870101985,1.556629092860977,0.10735373054213634
166,10.735373054213634,10.34621578099839,12.95625335480408,31.662640901771336,21.141975308641975,5.810520665593129,5.5689747718733225,0.11406333870101985,1.556629092860977,0.10735373054213634
167,10.829307568438002,10.326086956521738,12.942834138486312,31.266774020397207,21.121846484165324,5.810520665593129,5.555555555555555,0.11406333870101985,1.9256575415995705,0.10735373054213634
168,10.929951690821255,10.279119699409554,12.942834138486312,31.233225979602793,21.101717659688674,5.810520665593129,5.555555555555555,0.11406333870101985,1.9256575415995705,0.10735373054213634
169,11.023886205045626,10.279119699409554,12.942834138486312,31.17283950617284,21.068169618894256,5.810520665593129,5.555555555555555,0.11406333870101985,1.9256575415995705,0.10735373054213634
170,11.09098228663446,10.265700483091788,12.942834138486312,31.11916264090177,21.068169618894256,5.810520665593129,5.555555555555555,0.11406333870101985,1.9256575415995705,0.10735373054213634
171,11.211755233494364,10.265700483091788,12.942834138486312,31.07890499194847,21.068169618894256,5.810520665593129,5.548845947396672,0.11406333870101985,1.8518518518518519,0.10735373054213634
172,11.292270531400966,10.265700483091788,12.915995705850777,31.0252281266774,21.068169618894256,5.810520665593129,5.548845947396672,0.11406333870101985,1.8518518518518519,0.10735373054213634
173,11.41304347826087,10.205314009661835,12.76838432635534,30.797101449275363,21.068169618894256,5.756843800322061,5.689747718733226,0.11406333870101985,2.0799785292538915,0.10735373054213634
174,11.60762211486849,10.185185185185185,12.754965110037574,30.609232420826622,21.021202361782073,5.756843800322061,5.689747718733226,0.11406333870101985,2.15378421900161,0.10735373054213634
175,11.647879763821793,10.185185185185185,12.74825550187869,30.595813204508858,21.021202361782073,5.736714975845411,5.689747718733226,0.11406333870101985,2.15378421900161,0.10735373054213634
176,11.627750939345143,10.158346752549651,12.694578636607622,29.97181964573269,21.021202361782073,5.736714975845411,6.501610305958132,0.11406333870101985,2.0665593129361244,0.10735373054213634
177,11.627750939345143,10.158346752549651,12.694578636607622,29.97181964573269,21.021202361782073,5.736714975845411,6.501610305958132,0.11406333870101985,2.0665593129361244,0.10735373054213634
178,11.60762211486849,9.151905528717123,12.694578636607622,29.924852388620504,22.584541062801932,5.320719269994632,6.427804616210413,0.11406333870101985,2.0665593129361244,0.10735373054213634
179,11.520397208803006,9.145195920558239,12.808641975308642,29.401502952227588,23.825818572195384,5.300590445517981,6.018518518518518,0.11406333870101985,1.7579173376274826,0.10735373054213634
180,11.768652710681696,9.03113258185722,12.506709608158884,29.381374127750938,24.14787976382179,5.22007514761138,5.964841653247451,0.11406333870101985,1.7579173376274826,0.10735373054213634
181,11.748523886205046,8.99087493290392,13.560118089103597,29.220343531937736,23.70504562533548,5.22007514761138,5.5756843800322065,0.11406333870101985,1.7579173376274826,0.10735373054213634
182,12.06387546967257,8.99087493290392,13.560118089103597,29.012345679012345,23.691626409017715,5.166398282340311,5.535426731078905,0.11406333870101985,1.7579173376274826,0.10735373054213634
183,12.23161567364466,8.99087493290392,13.533279656468062,29.005636070853463,23.557434245840042,5.166398282340311,5.535426731078905,0.11406333870101985,1.7579173376274826,0.10735373054213634
184,12.365807836822329,8.99087493290392,13.533279656468062,29.005636070853463,23.423242082662373,5.166398282340311,5.535426731078905,0.11406333870101985,1.7579173376274826,0.10735373054213634
185,12.412775093934513,8.99087493290392,13.513150831991412,29.005636070853463,23.423242082662373,5.166398282340311,5.508588298443371,0.11406333870101985,1.7579173376274826,0.10735373054213634
186,12.506709608158884,8.99087493290392,13.513150831991412,28.938539989264626,23.396403650026837,5.166398282340311,5.508588298443371,0.11406333870101985,1.7579173376274826,0.10735373054213634
187,12.546967257112184,8.99087493290392,13.499731615673644,28.938539989264626,23.369565217391305,5.166398282340311,5.508588298443371,0.11406333870101985,1.7579173376274826,0.10735373054213634
188,12.667740203972087,8.930488459473967,13.493022007514762,28.904991948470208,23.275630703166936,5.166398282340311,5.508588298443371,0.11406333870101985,1.7310789049919484,0.20799785292538917
189,10.198604401502953,5.615942028985507,12.567096081588835,37.67444981213097,22.436929683306495,4.3545356951154055,4.918142780461621,0.11406333870101985,1.9122383252818036,0.20799785292538917
190,10.305958132045088,5.615942028985507,12.5402576489533,37.60064412238325,22.436929683306495,4.3545356951154055,4.911433172302737,0.11406333870101985,1.9122383252818036,0.20799785292538917
191,10.48040794417606,5.615942028985507,12.526838432635534,37.60064412238325,22.27589908749329,4.3545356951154055,4.911433172302737,0.11406333870101985,1.9122383252818036,0.20799785292538917
192,10.648148148148149,5.615942028985507,12.385936661298981,37.4194847020934,21.87332259796028,4.3545356951154055,5.488459473966721,0.11406333870101985,1.892109500805153,0.20799785292538917
193,10.648148148148149,5.615942028985507,12.385936661298981,37.4194847020934,21.87332259796028,4.3545356951154055,5.488459473966721,0.11406333870101985,1.892109500805153,0.20799785292538917
194,10.86285560923242,5.595813204508857,12.372517444981213,37.25845410628019,21.87332259796028,4.3545356951154055,5.46833064949007,0.11406333870101985,1.892109500805153,0.20799785292538917
195,11.023886205045626,5.595813204508857,12.352388620504563,37.164519592055825,21.87332259796028,4.320987654320987,5.46833064949007,0.10735373054213634,1.8853998926462694,0.20799785292538917
196,11.037305421363392,5.501878690284487,13.24476650563607,37.151100375738054,21.088298443370906,4.052603327965647,5.723295759527644,0.10735373054213634,1.8853998926462694,0.20799785292538917
197,11.05072463768116,5.501878690284487,13.24476650563607,37.151100375738054,21.088298443370906,4.052603327965647,5.709876543209877,0.10735373054213634,1.8853998926462694,0.20799785292538917
198,11.057434245840042,5.501878690284487,13.24476650563607,37.151100375738054,21.081588835212024,4.052603327965647,5.709876543209877,0.10735373054213634,1.8853998926462694,0.20799785292538917
199,11.158078368223295,5.501878690284487,13.217928073000536,37.0907139023081,21.068169618894256,4.052603327965647,5.709876543209877,0.10735373054213634,1.8853998926462694,0.20799785292538917
200,11.252012882447666,5.501878690284487,13.197799248523886,37.063875469672574,21.021202361782073,4.052603327965647,5.709876543209877,0.10735373054213634,1.8853998926462694,0.20799785292538917
201,11.641170155662909,5.501878690284487,13.16425120772947,37.0101986044015,21.021202361782073,4.052603327965647,5.407944176060118,0.10735373054213634,1.8853998926462694,0.20799785292538917
202,11.741814278046162,5.46833064949007,13.16425120772947,36.943102522812666,21.021202361782073,4.052603327965647,5.407944176060118,0.10735373054213634,1.8853998926462694,0.20799785292538917
203,12.050456253354804,5.46833064949007,13.150831991411701,36.14465915190553,21.672034353193773,4.052603327965647,5.260332796564681,0.10735373054213634,1.8853998926462694,0.20799785292538917
204,12.365807836822329,5.46833064949007,13.030059044551798,36.07756307031669,21.544551798174986,4.052603327965647,5.260332796564681,0.10735373054213634,1.8853998926462694,0.20799785292538917
205,11.345947396672035,5.4616210413311865,13.003220611916264,42.619431025228124,18.14278046162104,4.045893719806763,3.280998389694042,0.10735373054213634,1.8853998926462694,0.10735373054213634
206,11.345947396672035,5.4616210413311865,13.003220611916264,42.619431025228124,18.14278046162104,4.045893719806763,3.280998389694042,0.10735373054213634,1.8853998926462694,0.10735373054213634
207,11.553945249597424,5.428073000536768,12.989801395598498,42.54562533548041,18.08239398819109,4.045893719806763,3.280998389694042,0.10735373054213634,1.8585614600107354,0.10735373054213634
208,11.60762211486849,5.428073000536768,12.969672571121846,42.49194847020934,18.055555555555557,4.045893719806763,3.280998389694042,0.10735373054213634,1.90552871712292,0.10735373054213634
209,11.77536231884058,5.401234567901234,12.929414922168545,42.45840042941492,18.02200751476114,4.025764895330113,3.280998389694042,0.10735373054213634,1.892109500805153,0.10735373054213634
210,11.808910359634996,5.401234567901234,12.909286097691895,42.45840042941492,18.00858829844337,4.025764895330113,3.280998389694042,0.10735373054213634,1.892109500805153,0.10735373054213634
211,11.83574879227053,5.347557702630167,12.909286097691895,42.45840042941492,18.00858829844337,4.052603327965647,3.280998389694042,0.10735373054213634,1.892109500805153,0.10735373054213634
212,11.996779388083736,5.347557702630167,12.909286097691895,42.07595276435856,17.975040257648953,4.052603327965647,3.280998389694042,0.10735373054213634,2.147074610842727,0.10735373054213634
213,12.02361782071927,5.347557702630167,12.889157273215245,42.07595276435856,17.96833064949007,4.052603327965647,3.280998389694042,0.10735373054213634,2.147074610842727,0.10735373054213634
214,12.050456253354804,5.347557702630167,12.882447665056361,42.05582393988191,17.96833064949007,4.052603327965647,3.280998389694042,0.10735373054213634,2.147074610842727,0.10735373054213634
215,12.057165861513688,5.347557702630167,12.5402576489533,41.43183038110574,18.451422436929683,4.052603327965647,3.280998389694042,0.10735373054213634,2.623456790123457,0.10735373054213634
216,12.352388620504563,5.233494363929147,12.533548040794418,41.358024691358025,18.35077831454643,4.052603327965647,3.280998389694042,0.10735373054213634,2.623456790123457,0.10735373054213634
217,12.392646269457863,5.233494363929147,12.513419216317766,41.337895866881375,18.35077831454643,4.052603327965647,3.280998389694042,0.10735373054213634,2.623456790123457,0.10735373054213634
218,12.446323134728932,5.233494363929147,12.513419216317766,41.324476650563604,18.310520665593128,4.052603327965647,3.280998389694042,0.10735373054213634,2.623456790123457,0.10735373054213634
219,12.560386473429952,5.186527106816962,12.513419216317766,41.2842190016103,18.283682232957595,4.052603327965647,3.280998389694042,0.10735373054213634,2.623456790123457,0.10735373054213634
220,12.587224906065487,5.186527106816962,12.5,41.06280193236715,18.283682232957595,4.274020397208803,3.2675791733762747,0.10735373054213634,2.623456790123457,0.10735373054213634
221,12.674449812130971,5.179817498658078,12.5,40.98228663446055,18.283682232957595,4.274020397208803,3.2675791733762747,0.10735373054213634,2.623456790123457,0.10735373054213634
222,12.614063338701019,5.179817498658078,12.47987117552335,40.666935050993025,18.136070853462158,4.8376274825550185,3.2675791733762747,0.08722490606548577,2.623456790123457,0.10735373054213634
223,12.634192163177671,5.179817498658078,12.47987117552335,40.64680622651637,18.136070853462158,4.8376274825550185,3.2675791733762747,0.08722490606548577,2.623456790123457,0.10735373054213634
224,12.882447665056361,5.179817498658078,12.466451959205582,40.41196994095545,18.136070853462158,4.944981213097155,3.1602254428341383,0.08722490606548577,2.623456790123457,0.10735373054213634
225,12.949543746645196,5.173107890499195,12.466451959205582,40.385131508319915,18.109232420826622,4.938271604938271,3.1602254428341383,0.08722490606548577,2.623456790123457,0.10735373054213634
226,13.030059044551798,5.173107890499195,12.466451959205582,40.304616210413315,18.109232420826622,4.938271604938271,3.1602254428341383,0.08722490606548577,2.623456790123457,0.10735373054213634
227,13.09044551798175,5.173107890499195,12.466451959205582,40.264358561460014,18.109232420826622,4.938271604938271,3.1602254428341383,0.08722490606548577,2.6033279656468062,0.10735373054213634
228,13.271604938271604,4.931561996779388,12.466451959205582,40.4320987654321,18.109232420826622,4.911433172302737,3.1602254428341383,0.08722490606548577,2.522812667740204,0.10735373054213634
