,45,50,51,52,53,54,55,57,56,61,59,60,58
0,89.84165324745035,10.158346752549651,,,,,,,,,,,
1,87.85560923242083,12.144390767579173,,,,,,,,,,,
2,84.40016103059581,15.599838969404187,,,,,,,,,,,
3,81.57541599570585,18.42458400429415,,,,,,,,,,,
4,78.32125603864735,21.67874396135266,,,,,,,,,,,
5,77.4825550187869,22.517444981213096,,,,,,,,,,,
6,77.58319914117016,19.732957595276435,2.6838432635534084,,,,,,,,,,
7,68.8137412775094,28.032742887815353,2.6838432635534084,0.46967257112184646,,,,,,,,,
8,68.94122383252818,27.905260332796566,2.6838432635534084,0.46967257112184646,,,,,,,,,
9,59.68867418142781,37.15780998389694,2.6838432635534084,0.46967257112184646,,,,,,,,,
10,55.67632850241546,39.51959205582394,4.334406870638754,0.46967257112184646,,,,,,,,,
11,54.32098765432099,39.42565754159957,5.783682232957595,0.46967257112184646,,,,,,,,,
12,50.86553945249597,42.914653784219,5.750134192163178,0.46967257112184646,,,,,,,,,
13,50.14761137949544,43.63258185721954,5.750134192163178,0.46967257112184646,,,,,,,,,
14,49.651100375738054,44.26999463231347,5.609232420826624,0.46967257112184646,,,,,,,,,
15,49.77187332259796,43.887546967257116,5.414653784219001,0.9259259259259259,,,,,,,,,
16,49.88593666129898,43.77348362855609,5.414653784219001,0.9259259259259259,,,,,,,,,
17,49.80542136339238,43.384326355340846,5.3341384863123995,1.4761137949543746,,,,,,,,,
18,49.308910359635,43.505099302200755,5.709876543209877,1.4761137949543746,,,,,,,,,
19,46.2962962962963,44.585346215781,7.27992485238862,1.8384326355340848,,,,,,,,,
20,41.34460547504026,48.18169618894257,7.078636607622115,2.0665593129361244,0.7380568974771873,0.43612453032742887,0.15432098765432098,,,,,,
21,39.512882447665056,49.094202898550726,6.951154052603328,3.113258185721954,0.7380568974771873,0.43612453032742887,0.15432098765432098,,,,,,
22,39.79468599033817,48.651368760064415,6.9243156199677935,3.0595813204508855,0.7380568974771873,0.43612453032742887,0.39586688137412773,,,,,,
23,35.36634460547504,36.7686527106817,18.04884594739667,6.749865807836822,2.2342995169082127,0.43612453032742887,0.39586688137412773,,,,,,
24,35.607890499194845,34.80273752012882,19.94766505636071,6.749865807836822,2.1269457863660763,0.43612453032742887,0.32877079978529256,,,,,,
25,35.198604401502955,35.41331186258722,19.920826623725173,6.729736983360172,2.1269457863660763,0.43612453032742887,0.17444981213097155,,,,,,
26,35.057702630166396,35.64143853998927,19.920826623725173,6.642512077294686,2.1269457863660763,0.43612453032742887,0.17444981213097155,,,,,,
27,35.621309715512616,35.16505636070853,19.665861513687602,6.642512077294686,2.1269457863660763,0.43612453032742887,0.3421900161030596,,,,,,
28,34.93022007514761,34.245840042941495,20.860171765968868,7.14573268921095,1.7847557702630166,0.6910896403650026,0.3421900161030596,,,,,,
29,21.752549651100377,55.461621041331185,11.634460547504025,9.145195920558239,1.0466988727858293,0.6910896403650026,0.2683843263553409,,,,,,
30,22.383252818035427,53.71041331186259,11.60762211486849,9.145195920558239,1.0466988727858293,0.6910896403650026,1.415727321524423,,,,,,
31,22.82608695652174,51.1003757380569,11.56736446591519,9.125067096081589,1.0131508319914118,0.6910896403650026,3.6768652710681695,,,,,,
32,23.275630703166936,50.78502415458937,11.513687600644122,9.044551798174986,1.0131508319914118,0.6910896403650026,3.6768652710681695,,,,,,
33,23.262211486849168,47.00751476113795,15.318035426731079,9.03113258185722,1.0131508319914118,0.6910896403650026,3.6768652710681695,,,,,,
34,22.430220075147613,43.55877616747182,17.10950080515298,11.11111111111111,1.0131508319914118,0.6910896403650026,4.086151368760064,,,,,,
35,21.980676328502415,40.98899624261943,18.189747718733226,9.534353193773484,2.0397208803005906,2.945517981749866,4.320987654320987,,,,,,
36,22.457058507783145,39.35856146001073,17.478529253891573,9.534353193773484,1.8048845947396672,4.549114331723027,4.663177670424047,0.15432098765432098,,,,,
37,22.584541062801932,38.868760064412236,17.478529253891573,9.520933977455716,1.8048845947396672,4.549114331723027,4.663177670424047,0.15432098765432098,0.3757380568974772,,,,
38,20.853462157809982,40.64009661835749,16.63311862587225,10.373054213633925,1.8048845947396672,4.502147074610843,4.663177670424047,0.15432098765432098,0.3757380568974772,,,,
39,20.78636607622115,39.95571658615137,17.06924315619968,10.373054213633925,1.8048845947396672,4.817498658078368,4.663177670424047,0.15432098765432098,0.3757380568974772,,,,
40,20.611916264090176,37.59393451422437,17.693236714975846,10.373054213633925,1.8048845947396672,6.850509930220075,4.542404723564144,0.15432098765432098,0.3757380568974772,,,,
41,20.00805152979066,37.96967257112185,17.901234567901234,10.25228126677402,1.8048845947396672,6.400966183574879,5.132850241545894,0.15432098765432098,0.3757380568974772,,,,
42,19.77992485238862,37.3792270531401,18.659420289855074,8.930488459473967,3.240740740740741,6.387546967257112,5.119431025228127,0.15432098765432098,0.3488996242619431,,,,
43,20.25630703166935,36.58749329039184,17.847557702630166,9.688674181427805,3.227321524422974,6.816961889425658,5.072463768115942,0.15432098765432098,0.3488996242619431,,,,
44,20.25630703166935,36.08427267847558,17.780461621041333,10.61460010735373,3.207192699946323,6.481481481481482,5.072463768115942,0.15432098765432098,0.3488996242619431,,,,
45,20.48443370907139,34.90338164251208,17.68652710681696,10.61460010735373,3.670155662909286,6.481481481481482,5.656199677938808,0.15432098765432098,0.3488996242619431,,,,
46,22.544283413848632,34.17203435319377,17.310789049919485,10.091250670960816,4.166666666666667,6.018518518518518,5.3274288781535155,0.020128824476650563,0.3488996242619431,,,,
47,22.758990874932906,34.064680622651636,17.042404723564143,10.493827160493828,4.166666666666667,5.790391841116479,5.314009661835748,0.020128824476650563,0.3488996242619431,,,,
48,23.027375201288244,33.97074610842727,16.955179817498657,10.628019323671497,4.166666666666667,5.5689747718733225,5.314009661835748,0.020128824476650563,0.3488996242619431,,,,
49,23.101180891035963,33.803005904455176,16.5727321524423,11.09098228663446,4.166666666666667,5.542136339237788,5.35426731078905,0.020128824476650563,0.3488996242619431,,,,
50,23.443370907139023,33.52791196994095,16.505636070853463,11.09098228663446,4.166666666666667,5.542136339237788,5.35426731078905,0.020128824476650563,0.3488996242619431,,,,
51,23.58427267847558,33.41384863123994,16.478797638217927,11.09098228663446,4.166666666666667,5.542136339237788,5.35426731078905,0.020128824476650563,0.3488996242619431,,,,
52,22.926731078904993,33.74932903918411,16.418411164787976,11.802200751476114,4.139828234031133,5.434782608695652,5.159688674181428,0.020128824476650563,0.3488996242619431,,,,
53,22.29602791196994,31.93102522812668,19.256575415995705,11.466720343531938,4.126409017713366,5.414653784219001,5.139559849704777,0.020128824476650563,0.3488996242619431,,,,
54,22.57783145464305,31.36070853462158,17.847557702630166,13.285024154589372,4.086151368760064,5.360976918947934,5.112721417069243,0.020128824476650563,0.3488996242619431,,,,
55,22.08132045088567,30.723295759527645,19.04186795491143,13.22463768115942,4.086151368760064,5.360976918947934,5.112721417069243,0.020128824476650563,0.3488996242619431,,,,
56,23.040794417606012,30.07246376811594,18.947933440687063,13.16425120772947,4.086151368760064,5.233494363929147,5.0858829844337095,0.020128824476650563,0.3488996242619431,,,,
57,22.571121846484164,29.844337090713903,18.276972624798713,13.063607085346217,5.649490069779925,5.615942028985507,4.609500805152979,0.020128824476650563,0.3488996242619431,,,,
58,22.953569511540525,28.019323671497585,17.74020397208803,13.003220611916264,5.515297906602254,6.125872249060655,6.273483628556092,0.020128824476650563,0.3488996242619431,,,,
59,22.34970477724101,27.167203435319376,20.833333333333332,12.211486849168008,5.515297906602254,5.280461621041331,6.273483628556092,0.020128824476650563,0.3488996242619431,,,,
60,21.79951690821256,26.536500268384327,22.342995169082126,11.90955448201825,5.35426731078905,4.931561996779388,6.260064412238325,0.020128824476650563,0.8454106280193237,,,,
61,13.493022007514762,10.695115405260333,60.43344068706388,5.837359098228664,2.5496511003757383,5.683038110574342,0.33548040794417605,0.013419216317767043,0.9594739667203436,,,,
62,14.016371443907676,10.258990874932904,59.46725711218465,5.803811057434245,2.5496511003757383,5.683038110574342,0.4495437466451959,0.013419216317767043,1.7579173376274826,,,,
63,14.345142243692969,10.258990874932904,56.776704240472355,5.803811057434245,2.5496511003757383,5.629361245303274,0.4025764895330113,0.013419216317767043,4.2203435319377345,,,,
64,14.55984970477724,10.23215244229737,56.58883521202362,5.803811057434245,2.5496511003757383,5.629361245303274,0.4025764895330113,0.013419216317767043,4.2203435319377345,,,,
65,14.184111647879764,9.574610842726784,59.514224369296834,3.7573805689747717,2.475845410628019,5.870907139023081,0.38915727321524424,0.013419216317767043,4.2203435319377345,,,,
66,12.372517444981213,11.634460547504025,59.05797101449275,3.7573805689747717,2.475845410628019,5.763553408480945,0.38915727321524424,0.013419216317767043,4.53569511540526,,,,
67,12.453032742887816,11.634460547504025,58.9975845410628,3.7573805689747717,2.475845410628019,5.743424584004294,0.38915727321524424,0.013419216317767043,4.53569511540526,,,,
68,12.815351583467525,8.454106280193237,61.73510466988728,3.730542136339238,2.475845410628019,5.736714975845411,0.5032206119162641,0.013419216317767043,4.53569511540526,,,,
69,13.103864734299517,8.454106280193237,61.520397208803004,3.730542136339238,2.475845410628019,5.736714975845411,0.5032206119162641,0.013419216317767043,4.461889425657541,,,,
70,10.198604401502953,6.541867954911433,76.84514224369296,3.3682232957595275,1.482823403113258,1.3754696725711217,0.1878690284487386,,,,,,
71,10.621309715512615,6.541867954911433,76.38217928073,3.361513687600644,1.482823403113258,1.4224369296833066,0.1878690284487386,,,,,,
72,10.795759527643586,6.501610305958132,72.07461084272678,3.1736446591519054,1.482823403113258,5.783682232957595,0.1878690284487386,,,,,,
73,10.963499731615673,6.501610305958132,63.31186258722491,3.1535158346752548,1.3888888888888888,5.703166935050993,8.977455716586151,,,,,,
74,11.3593666129898,6.414385399892646,63.00993022007515,3.1535158346752548,1.3821792807300053,5.703166935050993,8.977455716586151,,,,,,
75,11.3191089640365,6.360708534621578,51.86527106816962,3.126677402039721,1.3821792807300053,8.279656468062266,17.66639828234031,,,,,,
76,11.560654857756306,6.300322061191626,51.60359634997316,3.126677402039721,1.5163714439076759,8.259527643585615,17.632850241545892,,,,,,
77,11.75523349436393,6.266774020397209,47.90660225442834,3.126677402039721,1.5163714439076759,8.259527643585615,21.16881374127751,,,,,,
78,11.788781535158346,6.260064412238325,47.557702630166396,3.126677402039721,1.5163714439076759,9.433709071390231,20.202630166398283,,,0.11406333870101985,,,
79,11.929683306494901,6.260064412238325,45.42404723564144,3.126677402039721,1.5163714439076759,12.674449812130971,18.95464304884595,,,0.11406333870101985,,,
80,12.31213097155126,6.260064412238325,45.1154052603328,3.126677402039721,1.5163714439076759,12.661030595813205,18.894256575415994,,,0.11406333870101985,,,
81,12.949543746645196,6.253354804079442,44.65244229736983,3.126677402039721,1.5163714439076759,12.640901771336553,18.766774020397207,,,0.0939345142243693,,,
82,12.781803542673108,6.253354804079442,42.77375201288245,3.1199677938808374,1.9860440150295222,16.11647879763822,16.874664519592056,,,0.0939345142243693,,,
83,12.795222758990874,6.253354804079442,41.71363392377885,3.1199677938808374,4.9718196457326895,15.26435856146001,15.787707997852925,,,0.0939345142243693,,,
84,12.909286097691895,6.072195383789587,40.92860976918948,3.1199677938808374,4.9718196457326895,15.250939345142244,16.6532474503489,,,0.0939345142243693,,,
85,13.18438003220612,5.917874396135265,40.85480407944176,3.1199677938808374,4.9718196457326895,15.217391304347826,16.639828234031132,,,0.0939345142243693,,,
86,13.593666129898015,5.917874396135265,40.80783682232958,3.1199677938808374,4.851046698872786,15.143585614600108,16.472088030059044,,,0.0939345142243693,,,
87,13.539989264626946,5.917874396135265,39.439076757917334,3.1199677938808374,4.770531400966184,17.156468062265162,15.962157809983896,,,0.0939345142243693,,,
88,14.298174986580785,5.877616747181965,36.38620504562534,3.1199677938808374,4.770531400966184,17.37788513150832,18.12265163714439,,,0.04696725711218465,,,
89,14.620236178207193,5.877616747181965,36.25872249060655,3.1199677938808374,4.683306494900698,17.37788513150832,18.015297906602253,,,0.04696725711218465,,,
90,14.99597423510467,5.877616747181965,36.09769189479334,3.1199677938808374,4.683306494900698,17.357756307031668,17.820719269994633,,,0.04696725711218465,,,
91,15.271068169618895,5.877616747181965,35.84272678475577,3.1065485775630703,4.683306494900698,16.686795491143318,17.76033279656468,0.7246376811594203,,0.04696725711218465,,,
92,15.324745034889963,5.850778314546431,35.05099302200752,3.1065485775630703,4.683306494900698,16.686795491143318,18.5252281266774,0.7246376811594203,,0.04696725711218465,,,
93,15.432098765432098,5.850778314546431,34.90338164251208,3.1065485775630703,4.327697262479871,18.753354804079443,16.854535695115406,0.7246376811594203,,0.04696725711218465,,,
94,15.962157809983896,5.837359098228664,34.628287707997856,3.1065485775630703,4.26731078904992,18.753354804079443,16.67337627482555,0.7246376811594203,,0.04696725711218465,,,
95,16.243961352657006,5.730005367686527,35.14492753623188,3.1065485775630703,4.26731078904992,18.35077831454643,16.384863123993558,0.7246376811594203,,0.04696725711218465,,,
96,16.163446054750402,5.71658615136876,35.13150831991412,3.1065485775630703,5.12614063338701,18.666129898013956,15.318035426731079,0.7246376811594203,,0.04696725711218465,,,
97,14.949006977992486,5.394524959742351,33.97745571658615,6.535158346752549,4.636339237788513,18.625872249060656,15.11003757380569,0.7246376811594203,,0.04696725711218465,,,
98,15.566290928609769,5.2066559312936125,33.313204508856685,6.4412238325281805,4.62962962962963,18.38432635534085,15.687063875469672,0.7246376811594203,,0.04696725711218465,,,
99,15.60654857756307,5.407944176060118,32.35373054213634,6.414385399892646,4.522275899087493,18.364197530864196,16.55931293612453,0.7246376811594203,,0.04696725711218465,,,
100,15.465646806226516,4.656468062265164,33.8768115942029,6.025228126677402,4.361245303274289,18.317230273752013,16.525764895330113,0.7246376811594203,,0.04696725711218465,,,
101,15.827965646806227,4.656468062265164,33.57487922705314,6.025228126677402,4.361245303274289,18.256843800322063,16.525764895330113,0.7246376811594203,,0.04696725711218465,,,
102,15.183843263553408,4.62962962962963,33.051529790660226,8.729200214707461,4.361245303274289,16.988727858293075,16.029253891572733,0.7112184648416533,0.30193236714975846,0.013419216317767043,,,
103,15.552871712292003,4.62962962962963,32.88378958668814,8.695652173913043,4.361245303274289,16.794149221685455,15.901771336553946,0.7112184648416533,0.4562533548040794,0.013419216317767043,,,
104,15.76086956521739,4.62962962962963,33.4272678475577,8.61513687600644,4.079441760601181,16.505636070853463,15.801127214170693,0.7112184648416533,0.4562533548040794,0.013419216317767043,,,
105,14.707461084272678,6.541867954911433,32.52147074610843,8.601717659688674,5.622651637144391,15.230810520665592,15.499194847020934,0.7112184648416533,0.41599570585077833,0.013419216317767043,0.13419216317767044,,
106,14.801395598497047,6.541867954911433,32.48121309715513,8.454106280193237,5.622651637144391,15.197262479871176,15.485775630703166,0.8588298443370908,0.4092860976918948,0.013419216317767043,0.13419216317767044,,
107,14.962426194310252,5.924584004294149,31.904186795491142,10.02415458937198,5.528717122920021,14.9020397208803,15.33816425120773,0.8588298443370908,0.4092860976918948,0.013419216317767043,0.13419216317767044,,
108,14.99597423510467,5.750134192163178,31.04535695115405,9.29951690821256,5.776972624798712,16.67337627482555,15.042941492216855,0.8588298443370908,0.4092860976918948,0.013419216317767043,0.13419216317767044,,
109,15.304616210413311,5.293880837359098,30.246913580246915,9.111647879763822,6.595544820182502,17.03569511540526,14.99597423510467,0.8588298443370908,0.4092860976918948,0.013419216317767043,0.13419216317767044,,
110,15.660225442834138,5.24020397208803,30.132850241545892,9.098228663446054,6.890767579173376,16.948470209339774,14.626945786366075,0.8588298443370908,0.4025764895330113,0.0067096081588835215,0.13419216317767044,,
111,15.573000536768653,5.24020397208803,29.797369833601717,9.098228663446054,6.890767579173376,16.901502952227588,15.096618357487923,0.8588298443370908,0.4025764895330113,0.0067096081588835215,0.13419216317767044,,
112,15.660225442834138,5.24020397208803,28.92512077294686,9.091519055287172,6.816961889425658,18.23671497584541,14.626945786366075,0.8588298443370908,0.4025764895330113,0.0067096081588835215,0.13419216317767044,,
113,16.163446054750402,5.24020397208803,28.83118625872249,8.836553945249598,6.816961889425658,18.19645732689211,14.512882447665056,0.8588298443370908,0.4025764895330113,0.0067096081588835215,0.13419216317767044,,
114,16.1231884057971,5.24020397208803,28.65673644659152,8.809715512614064,6.816961889425658,18.47826086956522,14.479334406870638,0.8521202361782072,0.4025764895330113,0.0067096081588835215,0.13419216317767044,,
115,15.74074074074074,4.918142780461621,30.857487922705314,7.5348899624261945,6.629092860976919,18.47826086956522,14.445786366076222,0.8521202361782072,0.4025764895330113,0.0067096081588835215,0.13419216317767044,,
116,16.264090177133657,4.891304347826087,30.750134192163177,7.467793880837359,6.629092860976919,18.337359098228664,14.264626945786366,0.8521202361782072,0.4025764895330113,0.0067096081588835215,0.13419216317767044,,
117,16.566022544283413,4.891304347826087,29.01905528717123,9.366612989801396,6.629092860976919,17.881105743424584,14.251207729468598,0.8521202361782072,0.4025764895330113,0.0067096081588835215,0.13419216317767044,,
118,16.867954911433173,4.797369833601718,28.945249597423512,9.366612989801396,6.575415995705851,17.807300053676865,14.251207729468598,0.8454106280193237,0.4025764895330113,0.0067096081588835215,0.13419216317767044,,
119,14.338432635534085,4.757112184648417,46.20907139023081,7.950885668276973,5.709876543209877,10.581052066559312,10.064412238325282,,0.2549651100375738,,0.13419216317767044,,
120,14.754428341384862,4.690016103059581,46.06816961889426,7.608695652173913,6.018518518518518,10.413311862587225,10.057702630166398,,0.2549651100375738,,0.13419216317767044,,
121,14.526301663982823,4.51556629092861,43.545356951154055,7.588566827697263,5.649490069779925,13.747987117552334,10.037573805689748,,0.2549651100375738,,0.13419216317767044,,
122,14.217659688674182,4.569243156199678,42.88781535158347,8.447396672034353,5.562265163714439,13.56682769726248,10.00402576489533,,0.6105743424584005,,0.13419216317767044,,
123,14.51959205582394,4.569243156199678,42.66639828234031,8.447396672034353,5.562265163714439,13.539989264626946,9.950348899624261,,0.6105743424584005,,0.13419216317767044,,
124,14.801395598497047,4.502147074610843,43.21658615136876,7.890499194847021,5.475040257648954,13.519860440150294,9.849704777241008,,0.6105743424584005,,0.13419216317767044,,
125,14.814814814814815,4.40150295222759,43.384326355340846,7.87037037037037,5.441492216854535,13.519860440150294,9.822866344605474,,0.6105743424584005,,0.13419216317767044,,
126,15.163714439076758,4.40150295222759,43.25013419216318,7.796564680622652,5.374396135265701,13.446054750402576,9.822866344605474,,0.6105743424584005,,0.13419216317767044,,
127,15.519323671497585,4.40150295222759,43.07568438003221,7.796564680622652,5.340848094471283,13.33870101986044,9.796027911969942,,0.6105743424584005,,0.12077294685990338,,
128,15.4723564143854,4.40150295222759,42.12292002147075,7.776435856146001,6.602254428341385,13.097155126140633,9.796027911969942,,0.6105743424584005,,0.12077294685990338,,
129,15.593129361245303,4.40150295222759,41.626409017713364,7.085346215780999,7.669082125603865,12.989801395598498,9.796027911969942,,0.6105743424584005,,0.2281266774020397,,
130,15.485775630703166,4.367954911433173,41.08964036500269,7.085346215780999,7.669082125603865,13.043478260869565,10.420021470746109,,0.6105743424584005,,0.2281266774020397,,
131,15.713902308105206,4.367954911433173,40.955448201825014,7.085346215780999,7.669082125603865,13.043478260869565,10.326086956521738,,0.6105743424584005,,0.2281266774020397,,
132,14.55984970477724,3.589640365002684,43.49838969404187,7.065217391304348,6.723027375201288,12.983091787439614,10.064412238325282,,1.288244766505636,,0.2281266774020397,,
133,15.230810520665592,3.569511540526033,43.12265163714439,7.065217391304348,6.689479334406871,12.781803542673108,10.02415458937198,,1.288244766505636,,0.2281266774020397,,
134,15.331454643048845,3.569511540526033,41.8142780461621,7.065217391304348,6.689479334406871,12.741545893719806,9.970477724100913,,2.589908749329039,,0.2281266774020397,,
135,15.646806226516372,3.5225442834138487,41.55260332796565,7.266505636070853,6.649221685453569,12.614063338701019,9.930220075147611,,2.589908749329039,,0.2281266774020397,,
136,15.861513687600644,3.5225442834138487,41.418411164787976,7.266505636070853,6.649221685453569,12.614063338701019,9.849704777241008,,2.589908749329039,,0.2281266774020397,,
137,16.451959205582394,3.502415458937198,41.18357487922705,7.1658615136876005,6.629092860976919,12.506709608158884,9.742351046698873,,2.589908749329039,,0.2281266774020397,,
138,16.6129898013956,3.455448201825013,40.19055287171229,7.1658615136876005,6.602254428341385,12.667740203972087,10.487117552334944,,2.589908749329039,,0.2281266774020397,,
139,17.317498658078367,3.44873859366613,39.801395598497045,7.1658615136876005,6.387546967257112,12.580515297906603,10.48040794417606,,2.589908749329039,,0.2281266774020397,,
140,17.458400429414922,3.44873859366613,39.33843263553408,8.427267847557703,6.246645195920558,11.79549114331723,10.466988727858293,,2.589908749329039,,0.2281266774020397,,
141,17.814009661835748,3.44873859366613,39.009661835748794,8.393719806763285,5.877616747181965,11.748523886205046,10.889694041867955,,2.589908749329039,,0.2281266774020397,,
142,17.74020397208803,3.44873859366613,38.506441223832525,8.393719806763285,5.877616747181965,11.688137412775093,10.950080515297907,,3.166935050993022,,0.2281266774020397,,
143,17.753623188405797,3.4017713365539453,38.26489533011272,8.360171765968868,5.877616747181965,11.668008588298443,11.2788513150832,,3.166935050993022,,0.2281266774020397,,
144,16.5727321524423,3.294417606011809,37.31884057971015,8.299785292538916,9.675254965110037,10.7085346215781,10.735373054213634,,3.166935050993022,,0.2281266774020397,,
145,16.6935050993022,3.2675791733762747,37.30542136339238,8.299785292538916,9.675254965110037,10.695115405260333,10.668276972624799,,3.166935050993022,,0.2281266774020397,,
146,16.874664519592056,3.2675791733762747,36.87600644122383,8.299785292538916,9.621578099838969,10.674986580783683,10.560923242082662,,3.5963499731615673,,0.2281266774020397,,
147,16.7337627482555,3.2675791733762747,36.3191089640365,8.299785292538916,8.729200214707461,13.580246913580247,9.245840042941492,,3.5963499731615673,,0.2281266774020397,,
148,16.525764895330113,3.113258185721954,36.70155662909286,8.299785292538916,8.702361782071927,13.459473966720344,9.373322597960279,,3.5963499731615673,,0.2281266774020397,,
149,16.646537842190018,3.099838969404187,35.63472893183038,8.299785292538916,8.702361782071927,13.459473966720344,9.232420826623725,,4.542404723564144,,0.2281266774020397,0.15432098765432098,
150,17.196725711218466,3.099838969404187,35.218733225979605,8.192431561996779,8.829844337090714,13.352120236178207,9.185453569511541,,4.542404723564144,,0.2281266774020397,0.15432098765432098,
151,17.10950080515298,3.099838969404187,34.292807300053674,8.185721953837897,8.829844337090714,13.18438003220612,10.124798711755233,,4.790660225442834,,0.2281266774020397,0.15432098765432098,
152,17.68652710681696,3.0931293612453032,33.87010198604401,8.172302737520129,8.769457863660762,13.157541599570585,10.077831454643048,,4.790660225442834,,0.2281266774020397,0.15432098765432098,
153,17.867686527106816,3.0931293612453032,33.81642512077295,8.172302737520129,8.21256038647343,13.687600644122384,9.997316156736447,,4.770531400966184,,0.2281266774020397,0.15432098765432098,
154,17.619431025228128,3.0931293612453032,32.83682232957595,8.044820182501342,10.661567364465915,15.01610305958132,9.245840042941492,,3.099838969404187,,0.2281266774020397,0.15432098765432098,
155,17.995169082125603,3.0931293612453032,32.749597423510465,8.044820182501342,10.648148148148149,14.888620504562533,9.098228663446054,,3.099838969404187,,0.2281266774020397,0.15432098765432098,
156,18.397745571658614,3.0931293612453032,32.60198604401503,8.011272141706923,10.587761674718196,14.875201288244767,8.957326892109501,,3.0931293612453032,,0.2281266774020397,0.15432098765432098,
157,18.686258722490606,3.0931293612453032,32.447665056360705,7.98443370907139,10.560923242082662,14.875201288244767,8.876811594202898,,3.0931293612453032,,0.2281266774020397,0.15432098765432098,
158,18.867418142780462,3.066290928609769,32.347020933977454,7.98443370907139,10.507246376811594,14.875201288244767,8.876811594202898,,3.0931293612453032,,0.2281266774020397,0.15432098765432098,
159,18.947933440687063,3.0595813204508855,32.22624798711755,8.433977455716587,10.158346752549651,14.875201288244767,8.82313472893183,,3.0931293612453032,,0.2281266774020397,0.15432098765432098,
160,19.122383252818036,3.0595813204508855,31.756575415995705,8.380300590445518,10.641438539989265,14.814814814814815,8.749329039184111,,3.0931293612453032,,0.2281266774020397,0.15432098765432098,
161,19.47128287707998,3.0595813204508855,31.629092860976918,8.219269994632313,10.641438539989265,14.754428341384862,8.749329039184111,,3.0931293612453032,,0.2281266774020397,0.15432098765432098,
162,19.605475040257648,3.0327428878153517,31.964573268921097,8.165593129361245,10.359634997316157,14.647074610842727,8.749329039184111,,3.0931293612453032,,0.2281266774020397,0.15432098765432098,
163,19.867149758454108,3.012614063338701,31.91760601180891,8.165593129361245,10.359634997316157,14.486044015029522,8.715780998389693,,3.0931293612453032,,0.2281266774020397,0.15432098765432098,
164,20.209339774557165,3.012614063338701,31.80354267310789,8.13875469672571,10.809178743961352,14.217659688674182,8.353462157809984,,3.0931293612453032,,0.2281266774020397,0.13419216317767044,
165,19.129092860976918,2.7777777777777777,35.44685990338164,7.890499194847021,10.7085346215781,12.801932367149758,7.803274288781535,,3.1870638754696725,,0.12077294685990338,0.13419216317767044,
166,19.77992485238862,2.7643585614600106,35.12479871175523,7.890499194847021,10.057702630166398,12.701288244766506,8.239398819108963,,3.1870638754696725,,0.12077294685990338,0.13419216317767044,
167,20.142243692968332,2.7308105206655933,34.95034889962426,7.890499194847021,10.030864197530864,12.654320987654321,8.158883521202362,,3.1870638754696725,,0.12077294685990338,0.13419216317767044,
168,20.52469135802469,2.7308105206655933,34.76918947933441,7.856951154052603,9.990606548577563,12.5402576489533,8.145464304884594,,3.1870638754696725,,0.12077294685990338,0.13419216317767044,
169,20.947396672034355,2.7308105206655933,34.50751476113795,7.856951154052603,9.990606548577563,12.466451959205582,8.05823939881911,,3.1870638754696725,,0.12077294685990338,0.13419216317767044,
170,20.98094471282877,2.6972624798711755,34.23913043478261,7.856951154052603,9.990606548577563,12.781803542673108,8.011272141706923,,3.1870638754696725,,0.12077294685990338,0.13419216317767044,
171,21.296296296296298,2.6972624798711755,34.14519592055824,7.716049382716049,10.050993022007514,12.640901771336553,8.011272141706923,,3.1870638754696725,,0.12077294685990338,0.13419216317767044,
172,20.77294685990338,2.4557165861513686,34.05126140633387,8.279656468062266,12.211486849168008,10.809178743961352,7.977724100912507,,3.1870638754696725,,0.12077294685990338,0.13419216317767044,
173,19.545088566827697,2.1940418679549114,36.2385936661299,7.716049382716049,11.600912506709609,11.332528180354267,7.957595276435856,,3.1602254428341383,,0.12077294685990338,0.13419216317767044,
174,19.726247987117553,2.120236178207193,36.28556092324208,7.615405260332796,11.728395061728396,11.312399355877616,7.944176060118089,,3.012614063338701,,0.12077294685990338,0.13419216317767044,
175,19.97450348899624,2.100107353730542,36.178207192699944,7.521470746108427,11.701556629092861,11.312399355877616,7.944176060118089,,3.012614063338701,,0.12077294685990338,0.13419216317767044,
176,20.544820182501343,2.100107353730542,35.67498658078368,7.48792270531401,11.694847020933977,11.305689747718732,7.944176060118089,,2.9924852388620504,,0.12077294685990338,0.13419216317767044,
177,19.806763285024154,2.100107353730542,35.54079441760601,7.48792270531401,14.190821256038648,10.420021470746109,7.206119162640902,,2.9924852388620504,,0.12077294685990338,0.13419216317767044,
178,20.128824476650564,2.100107353730542,35.32608695652174,7.481213097155126,14.150563607085346,10.312667740203972,7.253086419753086,,2.9924852388620504,,0.12077294685990338,0.13419216317767044,
179,20.77294685990338,2.059849704777241,35.09125067096082,7.454374664519592,14.023081052066559,10.205314009661835,7.199409554482019,,2.9388083735909825,,0.12077294685990338,0.13419216317767044,
180,20.82662372517445,2.059849704777241,35.09125067096082,7.454374664519592,13.996242619431026,10.178475577026301,7.199409554482019,,2.9388083735909825,,0.12077294685990338,0.13419216317767044,
181,21.128556092324207,2.059849704777241,34.856414385399894,7.440955448201825,13.996242619431026,10.144927536231885,7.179280730005368,,2.9388083735909825,,0.12077294685990338,0.13419216317767044,
182,21.67874396135266,2.0531400966183573,34.6081588835212,7.232957595276436,13.969404186795492,10.0979602791197,7.179280730005368,,2.9253891572732154,,0.12077294685990338,0.13419216317767044,
183,21.39694041867955,2.0531400966183573,33.60842726784756,7.232957595276436,13.768115942028986,12.090713902308105,6.736446591519055,,2.85829307568438,,0.12077294685990338,0.13419216317767044,
184,21.611647879763822,2.033011272141707,33.44739667203435,7.199409554482019,13.768115942028986,12.090713902308105,6.736446591519055,,2.85829307568438,,0.12077294685990338,0.13419216317767044,
185,21.91358024691358,2.0263016639828235,33.42055823939882,7.105475040257649,13.7211486849168,12.090713902308105,6.709608158883521,,2.757648953301127,,0.12077294685990338,0.13419216317767044,
186,22.061191626409016,2.0263016639828235,33.299785292538914,7.078636607622115,13.7211486849168,12.090713902308105,6.709608158883521,,2.757648953301127,,0.12077294685990338,0.13419216317767044,
187,22.148416532474503,2.0263016639828235,32.33360171765969,7.48792270531401,14.284755770263017,12.077294685990339,6.689479334406871,,2.6972624798711755,,0.12077294685990338,0.13419216317767044,
188,22.188674181427803,2.0263016639828235,32.306763285024154,7.48792270531401,14.27133655394525,12.077294685990339,6.689479334406871,,2.6972624798711755,,0.12077294685990338,0.13419216317767044,
189,22.65163714439077,2.0263016639828235,31.964573268921097,7.890499194847021,13.915727321524423,11.990069779924852,6.649221685453569,,2.657004830917874,,0.12077294685990338,0.13419216317767044,
190,22.785829307568438,1.9659151905528718,31.944444444444443,7.883789586688137,13.88888888888889,11.969940955448202,6.649221685453569,,2.657004830917874,,0.12077294685990338,0.13419216317767044,
191,22.946859903381643,1.9659151905528718,31.528448738593667,7.883789586688137,13.862050456253355,12.25174449812131,6.649221685453569,,2.657004830917874,,0.12077294685990338,0.13419216317767044,
192,23.201825013419217,1.9659151905528718,31.48148148148148,7.883789586688137,13.862050456253355,12.084004294149223,6.615673644659152,,2.6502952227589907,,0.12077294685990338,0.13419216317767044,
193,23.49033816425121,1.9659151905528718,31.353998926462694,7.863660762211487,13.828502415458937,11.976650563607086,6.615673644659152,,2.6502952227589907,,0.12077294685990338,0.13419216317767044,
194,23.866076221148685,1.9659151905528718,31.30703166935051,7.763016639828234,13.727858293075684,11.889425657541599,6.615673644659152,,2.61003757380569,,0.12077294685990338,0.13419216317767044,
195,25.087224906065487,1.9659151905528718,30.48174986580784,7.75630703166935,13.533279656468062,11.647879763821793,6.528448738593666,0.1610305958132045,2.5831991411701556,,0.12077294685990338,0.13419216317767044,
196,25.248255501878692,1.9659151905528718,30.06575415995706,7.9039184111647875,13.647342995169081,11.647879763821793,6.521739130434782,0.1610305958132045,2.5831991411701556,,0.12077294685990338,0.13419216317767044,
197,25.717928073000536,1.9659151905528718,29.924852388620504,7.883789586688137,13.58695652173913,11.466720343531938,6.488191089640365,0.1610305958132045,2.5496511003757383,,0.12077294685990338,0.13419216317767044,
198,26.019860440150296,1.9122383252818036,29.837627482555018,7.863660762211487,13.573537305421363,11.3593666129898,6.468062265163715,0.1610305958132045,2.5496511003757383,,0.12077294685990338,0.13419216317767044,
199,26.321792807300053,1.9122383252818036,29.64975845410628,7.863660762211487,13.539989264626946,11.3191089640365,6.427804616210413,0.1610305958132045,2.5496511003757383,,0.12077294685990338,0.13419216317767044,
200,26.77133655394525,1.90552871712292,29.461889425657542,7.749597423510467,13.506441223832528,11.3191089640365,6.320450885668277,0.1610305958132045,2.5496511003757383,,0.12077294685990338,0.13419216317767044,
201,27.01959205582394,1.90552871712292,29.461889425657542,7.682501341921632,13.47289318303811,11.3191089640365,6.280193236714976,0.1610305958132045,2.442297369833602,,0.12077294685990338,0.13419216317767044,
202,27.15378421900161,1.90552871712292,29.03918411164788,7.682501341921632,13.466183574879228,11.272141706924316,6.273483628556092,0.1610305958132045,2.791196994095545,,0.12077294685990338,0.13419216317767044,
203,27.449006977992486,1.8853998926462694,28.864734299516908,7.6623725174449815,13.466183574879228,11.258722490606548,6.206387546967257,0.1610305958132045,2.791196994095545,,0.12077294685990338,0.13419216317767044,
204,27.254428341384862,1.8250134192163177,28.549382716049383,8.863392377885132,13.01663982823403,11.077563070316694,6.206387546967257,0.1610305958132045,2.791196994095545,,0.12077294685990338,0.13419216317767044,
205,27.49597423510467,1.8250134192163177,28.44873859366613,8.863392377885132,12.93612453032743,11.017176596886742,6.206387546967257,0.1610305958132045,2.791196994095545,,0.12077294685990338,0.13419216317767044,
206,27.999194847020934,1.7176596886741815,28.31454643048846,8.80300590445518,12.815351583467525,10.970209339774557,6.179549114331723,0.1610305958132045,2.7844873859366612,,0.12077294685990338,0.13419216317767044,
207,28.046162104133117,1.6841116478797638,28.28099838969404,8.80300590445518,12.607353730542137,11.460010735373054,5.971551261406334,0.1610305958132045,2.7308105206655933,,0.12077294685990338,0.13419216317767044,
208,28.133387010198604,1.6639828234031133,28.193773483628558,9.688674181427805,11.829039184111648,11.453301127214171,5.958132045088567,0.1610305958132045,2.6637144390767578,,0.12077294685990338,0.13419216317767044,
209,28.193773483628558,1.6639828234031133,27.274557165861513,10.715244229736983,11.842458400429415,11.285560923242082,5.9447128287707995,0.1610305958132045,2.6637144390767578,,0.12077294685990338,0.13419216317767044,
210,28.193773483628558,1.6505636070853462,26.912238325281802,10.715244229736983,11.822329575952764,11.285560923242082,6.454643048845948,0.1610305958132045,2.5496511003757383,,0.12077294685990338,0.13419216317767044,
211,28.28099838969404,1.6505636070853462,26.8719806763285,10.715244229736983,11.822329575952764,11.238593666129898,6.454643048845948,0.1610305958132045,2.5496511003757383,,0.12077294685990338,0.13419216317767044,
212,28.287707997852927,1.6505636070853462,26.684111647879764,10.715244229736983,11.822329575952764,11.238593666129898,6.863929146537842,0.1610305958132045,2.3215244229736984,,0.12077294685990338,0.13419216317767044,
213,28.37493290391841,1.6505636070853462,26.65727321524423,10.701825013419215,11.822329575952764,11.231884057971014,6.823671497584541,0.1610305958132045,2.3215244229736984,,0.12077294685990338,0.13419216317767044,
214,28.703703703703702,1.6505636070853462,26.570048309178745,10.701825013419215,11.802200751476114,11.05072463768116,6.78341384863124,0.1610305958132045,2.3215244229736984,,0.12077294685990338,0.13419216317767044,
215,28.824476650563607,1.6505636070853462,26.462694578636608,10.674986580783683,11.681427804616211,11.05072463768116,6.78341384863124,0.1610305958132045,2.4557165861513686,,0.12077294685990338,0.13419216317767044,
216,28.81105743424584,1.6505636070853462,26.288244766505635,10.587761674718196,11.627750939345143,10.93666129898014,7.226247987117552,0.1610305958132045,2.4557165861513686,,0.12077294685990338,0.13419216317767044,
217,28.978797638217927,1.6505636070853462,25.93263553408481,10.406602254428341,11.594202898550725,10.86285560923242,7.769726247987117,0.1610305958132045,2.3886205045625335,,0.12077294685990338,0.13419216317767044,
218,28.435319377348364,1.6505636070853462,25.664251207729468,10.406602254428341,11.580783682232958,12.27187332259796,7.226247987117552,0.1610305958132045,2.3483628556092326,,0.12077294685990338,0.13419216317767044,
219,28.442028985507246,1.556629092860977,25.449543746645197,10.379763821792807,11.627750939345143,12.681159420289855,7.098765432098766,0.1610305958132045,2.3483628556092326,,0.12077294685990338,0.13419216317767044,
220,28.69699409554482,1.556629092860977,25.315351583467525,10.379763821792807,11.614331723027375,12.661030595813205,7.051798174986581,0.1610305958132045,2.3215244229736984,,0.10735373054213634,0.13419216317767044,
221,29.435050993022006,1.5499194847020934,24.973161567364468,10.326086956521738,11.439881910896403,12.5402576489533,7.011540526033279,0.1610305958132045,2.3215244229736984,,0.10735373054213634,0.13419216317767044,
222,29.582662372517444,1.5499194847020934,24.825550187869027,10.326086956521738,11.191626409017713,12.842190016103059,6.957863660762212,0.1610305958132045,2.3215244229736984,,0.10735373054213634,0.13419216317767044,
223,29.57595276435856,1.5499194847020934,24.476650563607084,10.279119699409554,11.191626409017713,12.835480407944177,7.427536231884058,0.1610305958132045,2.2611379495437465,,0.10735373054213634,0.13419216317767044,
224,29.817498658078367,1.5499194847020934,23.946591519055286,10.050993022007514,11.144659151905529,13.667471819645733,7.159151905528717,0.1610305958132045,2.2611379495437465,,0.10735373054213634,0.13419216317767044,
225,29.240472356414386,1.5499194847020934,24.12775093934514,10.285829307568438,10.950080515297907,13.385668276972625,7.803274288781535,0.1610305958132045,2.254428341384863,,0.10735373054213634,0.13419216317767044,
226,29.663177670424048,1.5499194847020934,23.960010735373054,10.225442834138486,10.84272678475577,13.358829844337091,7.742887815351583,0.1610305958132045,2.254428341384863,,0.10735373054213634,0.13419216317767044,
227,29.716854535695116,1.5499194847020934,23.926462694578635,10.225442834138486,10.775630703166936,13.298443370907139,7.695920558239399,0.1610305958132045,2.254428341384863,,0.10735373054213634,0.13419216317767044,0.15432098765432098
228,29.898013955984972,1.5499194847020934,23.89291465378422,10.171765968867419,10.748792270531402,13.231347289318304,7.695920558239399,0.1610305958132045,2.254428341384863,,0.10735373054213634,0.13419216317767044,0.15432098765432098
