,45,50,52,54,53,55,57,56,51
0,99.85238862050456,0.14761137949543746,,,,,,,
1,90.26435856146001,9.73564143853999,,,,,,,
2,90.00939345142244,9.990606548577563,,,,,,,
3,89.89533011272141,10.104669887278583,,,,,,,
4,85.63472893183038,14.36527106816962,,,,,,,
5,85.0174449812131,12.124261943102523,2.737520128824477,0.12077294685990338,,,,,
6,85.05099302200752,12.090713902308105,2.737520128824477,0.12077294685990338,,,,,
7,83.13875469672571,14.016371443907676,2.7241009125067097,0.12077294685990338,,,,,
8,79.38808373590982,17.767042404723565,2.7241009125067097,0.12077294685990338,,,,,
9,79.435050993022,17.72007514761138,2.7241009125067097,0.12077294685990338,,,,,
10,78.00590445517982,18.739935587761675,2.6502952227589907,0.12077294685990338,0.4830917874396135,,,,
11,75.59044551798175,21.07487922705314,2.589908749329039,0.12077294685990338,0.4830917874396135,0.14090177133655393,,,
12,75.61728395061728,19.847020933977454,3.7909286097691894,0.12077294685990338,0.4830917874396135,0.14090177133655393,,,
13,75.94605475040258,19.51825013419216,3.7909286097691894,0.12077294685990338,0.4830917874396135,0.14090177133655393,,,
14,56.22651637144391,37.151100375738054,2.4557165861513686,3.421900161030596,0.4830917874396135,0.14090177133655393,0.12077294685990338,,
15,56.427804616210416,36.33252818035427,2.3215244229736984,3.421900161030596,0.4830917874396135,0.7581857219538379,0.11406333870101985,0.14090177133655393,
16,55.62265163714439,34.796027911969944,2.0531400966183573,3.421900161030596,0.4830917874396135,1.4559849704777241,0.11406333870101985,0.14090177133655393,1.9122383252818036
17,53.28099838969404,37.11755233494364,2.0531400966183573,3.421900161030596,0.7380568974771873,1.4559849704777241,0.11406333870101985,0.14090177133655393,1.6774020397208802
18,53.213902308105204,37.19806763285024,2.0531400966183573,3.421900161030596,0.7380568974771873,1.4559849704777241,0.11406333870101985,0.14090177133655393,1.6639828234031133
19,48.7788513150832,31.394256575415994,2.0531400966183573,3.421900161030596,0.7380568974771873,0.8387010198604401,0.11406333870101985,0.14090177133655393,12.52012882447665
20,49.100912506709605,31.105743424584006,2.0531400966183573,3.421900161030596,0.7380568974771873,0.8387010198604401,0.11406333870101985,0.14090177133655393,12.486580783682234
21,46.91358024691358,33.823134728931834,2.0531400966183573,3.421900161030596,0.7380568974771873,0.8387010198604401,0.11406333870101985,0.14090177133655393,11.956521739130435
22,38.85534084809447,42.069243156199676,2.0531400966183573,3.280998389694042,0.7380568974771873,0.8118625872249061,0.11406333870101985,0.2549651100375738,11.822329575952764
23,39.210950080515296,41.0024154589372,2.7979066022544283,3.280998389694042,0.7380568974771873,0.8118625872249061,0.11406333870101985,0.2549651100375738,11.788781535158346
24,34.15861513687601,44.0552871712292,2.7844873859366612,3.280998389694042,1.2412775093934514,0.9192163177670424,0.11406333870101985,0.2549651100375738,13.191089640365004
25,32.085346215781,46.87332259796028,2.717391304347826,3.280998389694042,1.133923778851315,1.2077294685990339,0.11406333870101985,0.2549651100375738,12.332259796027913
26,32.2866344605475,46.68545356951154,2.717391304347826,3.280998389694042,1.133923778851315,1.2077294685990339,0.11406333870101985,0.2549651100375738,12.318840579710145
27,28.59634997316157,51.321792807300056,1.8384326355340848,3.280998389694042,1.133923778851315,0.9997316156736447,0.11406333870101985,0.4025764895330113,12.31213097155126
28,27.61003757380569,48.51717659688674,,3.2742887815351582,0.966183574879227,0.8051529790660226,,0.11406333870101985,18.71309715512614
29,27.2812667740204,47.40338164251208,,3.2675791733762747,0.966183574879227,2.046430488459474,,0.11406333870101985,18.92109500805153
30,26.8719806763285,47.04106280193237,,3.2675791733762747,0.966183574879227,2.046430488459474,,0.11406333870101985,19.692699946323135
31,26.69753086419753,46.35668276972625,,3.1199677938808374,0.8990874932903918,1.8317230273752012,,0.2549651100375738,20.840042941492218
32,26.986044015029524,45.09527643585615,,3.0730005367686526,2.147074610842727,1.8317230273752012,,0.2549651100375738,20.611916264090176
33,23.758722490606548,45.833333333333336,,3.0730005367686526,4.958400429414922,1.724369296833065,,0.2549651100375738,20.397208803005906
34,23.906333870101985,45.59849704777241,,3.0730005367686526,4.958400429414922,1.8518518518518519,,0.2549651100375738,20.356951154052602
35,24.315619967793882,44.99463231347289,,3.0730005367686526,5.065754159957058,2.100107353730542,,0.2549651100375738,20.1959205582394
36,24.349168008588297,44.49141170155663,,3.026033279656468,5.609232420826624,2.100107353730542,,0.23483628556092323,20.189210950080515
37,24.832259796027913,40.425389157273216,3.770799785292539,3.026033279656468,5.481749865807837,2.100107353730542,,0.23483628556092323,20.128824476650564
38,25.140901771336555,40.19055287171229,3.743961352657005,2.985775630703167,5.481749865807837,2.100107353730542,,0.2281266774020397,20.128824476650564
39,25.597155126140635,39.61352657004831,3.743961352657005,3.307836822329576,5.481749865807837,2.100107353730542,,0.2281266774020397,19.92753623188406
40,25.603864734299517,37.80193236714976,3.743961352657005,3.864734299516908,6.991411701556629,2.4691358024691357,,0.2281266774020397,19.296833064949006
41,23.544015029522274,39.09688674181428,3.2877079978529253,4.1532474503489,6.790123456790123,2.6033279656468062,,0.39586688137412773,20.128824476650564
42,23.470209339774556,38.83521202361782,3.140096618357488,4.1532474503489,6.736446591519055,2.657004830917874,,0.5434782608695652,20.46430488459474
43,23.03408480944713,37.33225979602791,3.5829307568438002,4.139828234031133,6.702898550724638,2.657004830917874,,0.4227053140096618,22.128287707997853
44,23.369565217391305,37.265163714439076,3.455448201825013,4.139828234031133,6.702898550724638,2.657004830917874,,0.644122383252818,21.76596886741814
45,22.10144927536232,32.2061191626409,5.763553408480945,3.4151905528717124,10.923242082662373,2.2410091250670963,,0.644122383252818,22.705314009661837
46,22.443639291465377,31.132581857219538,5.743424584004294,3.4017713365539453,13.674181427804616,2.0799785292538915,,0.644122383252818,20.88030059044552
47,22.665056360708533,31.0654857756307,5.730005367686527,3.4017713365539453,13.741277509393452,2.0799785292538915,,0.7313472893183038,20.585077831454644
48,23.15485775630703,30.763553408480945,5.676328502415459,2.9119699409554483,14.2914653784219,2.0799785292538915,,0.6172839506172839,20.50456253354804
49,23.349436392914654,30.314009661835748,6.957863660762212,3.3011272141706924,12.701288244766506,2.442297369833602,,0.6172839506172839,20.316693505099302
50,23.067632850241544,29.294149221685455,6.937734836285561,2.9790660225442833,12.775093934514224,2.214170692431562,,0.7581857219538379,21.973966720343533
51,23.45679012345679,29.13311862587225,6.9243156199677935,2.965646806226516,12.775093934514224,2.703972088030059,,0.7313472893183038,21.309715512614062
52,24.053945249597422,29.012345679012345,6.843800322061192,2.965646806226516,12.694578636607622,2.5831991411701556,,0.7313472893183038,21.115136876006442
53,23.678207192699947,28.166935050993022,8.729200214707461,2.965646806226516,12.694578636607622,2.4691358024691357,,0.7313472893183038,20.564949006977994
54,23.718464841653248,28.16022544283414,8.729200214707461,2.965646806226516,12.855609232420827,2.328234031132582,,0.7313472893183038,20.511272141706925
55,24.208266237251745,27.82474503488996,8.675523349436393,2.945517981749866,12.694578636607622,2.328234031132582,,0.8856682769726248,20.437466451959207
56,24.838969404186795,27.791196994095547,8.675523349436393,2.85829307568438,12.526838432635534,2.328234031132582,,0.8856682769726248,20.095276435856146
57,24.718196457326894,26.52308105206656,8.675523349436393,2.8381642512077296,12.815351583467525,2.945517981749866,,0.8789586688137413,20.605206655931294
58,25.10064412238325,26.42914653784219,8.668813741277509,2.8381642512077296,12.620772946859903,3.0595813204508855,,0.8789586688137413,20.40391841116479
59,24.738325281803544,26.46940418679549,8.527911969940956,2.8381642512077296,12.486580783682234,3.052871712292002,,0.8789586688137413,21.007783145464305
60,24.48336017176597,25.207997852925388,8.420558239398819,3.321256038647343,12.486580783682234,3.012614063338701,,0.8789586688137413,22.188674181427803
61,24.92619431025228,24.932903918411164,8.548040794417606,3.307836822329576,12.4597423510467,2.844873859366613,,0.8789586688137413,22.10144927536232
62,25.328770799785293,24.859098228663445,8.420558239398819,3.307836822329576,12.432903918411165,2.844873859366613,,0.8789586688137413,21.926999463231347
63,25.509930220075148,24.738325281803544,8.420558239398819,3.307836822329576,12.432903918411165,2.844873859366613,,0.8789586688137413,21.866612989801396
64,25.288513150831992,23.18840579710145,11.553945249597424,3.2474503488996245,11.225174449812132,2.985775630703167,,0.7246376811594203,21.786097691894792
65,25.489801395598498,23.00053676865271,11.486849168008588,3.2474503488996245,11.33923778851315,3.099838969404187,,0.8655394524959742,21.470746108427267
66,25.07380568974772,22.436929683306495,11.366076221148685,3.2474503488996245,12.714707461084272,3.099838969404187,,0.8655394524959742,21.195652173913043
67,25.697799248523886,22.24235104669887,11.218464841653248,3.3145464304884595,12.453032742887816,3.0595813204508855,,1.0735373054213635,20.94068706387547
68,25.483091787439612,22.71202361782072,11.218464841653248,3.3145464304884595,12.359098228663447,3.0595813204508855,,1.0735373054213635,20.779656468062264
69,25.248255501878692,22.228931830381107,11.158078368223295,5.005367686527107,12.359098228663447,3.455448201825013,,0.9192163177670424,19.6256038647343
70,25.47638217928073,22.12157809983897,11.124530327428879,4.998658078368224,12.332259796027913,3.4286097691894795,,0.9192163177670424,19.598765432098766
71,23.839237788513152,20.39049919484702,14.647074610842727,4.669887278582931,12.372517444981213,2.7979066022544283,,0.9192163177670424,20.363660762211488
72,24.06736446591519,20.35024154589372,15.022812667740205,4.643048845947397,11.990069779924852,2.7979066022544283,,0.9125067096081588,20.21604938271605
73,23.96672034353194,20.303274288781534,14.969135802469136,4.012345679012346,11.453301127214171,2.791196994095545,,0.8789586688137413,21.62506709608159
74,24.020397208803004,19.592055823939884,15.975577026301664,3.9586688137412773,11.426462694578637,2.7308105206655933,,0.8722490606548577,21.423778851315085
75,24.349168008588297,19.55179817498658,15.915190552871712,3.9586688137412773,11.426462694578637,2.7308105206655933,,0.8722490606548577,21.195652173913043
76,24.65780998389694,19.068706387546968,15.848094471282877,3.8915727321524423,11.460010735373054,3.1065485775630703,,0.8722490606548577,21.095008051529792
77,23.859366612989803,19.129092860976918,15.573000536768653,3.8915727321524423,11.231884057971014,3.1065485775630703,,0.8722490606548577,22.33628556092324
78,24.288781535158346,19.04186795491143,15.479066022544284,3.8915727321524423,11.144659151905529,3.099838969404187,,0.8722490606548577,22.18196457326892
79,23.45679012345679,18.209876543209877,15.432098765432098,3.8915727321524423,11.144659151905529,3.099838969404187,,0.8722490606548577,23.89291465378422
80,23.58427267847558,18.089103596349972,16.344605475040257,4.03918411164788,10.198604401502953,2.885131508319914,,0.8521202361782072,24.00697799248524
81,23.68491680085883,17.55233494363929,16.344605475040257,4.032474503488996,10.198604401502953,3.408480944712829,,0.8521202361782072,23.926462694578635
82,23.95330112721417,17.47181964573269,16.29092860976919,4.032474503488996,10.198604401502953,3.374932903918411,,0.8521202361782072,23.825818572195384
83,24.362587224906065,17.351046698872786,16.29092860976919,3.92512077294686,10.198604401502953,3.3480944712828773,,0.8387010198604401,23.68491680085883
84,24.731615673644658,17.176596886741816,16.23725174449812,3.92512077294686,10.178475577026301,3.3480944712828773,,0.8387010198604401,23.564143853998928
85,25.0402576489533,17.11621041331186,16.19699409554482,3.8714439076757916,10.091250670960816,3.3480944712828773,,0.8387010198604401,23.49704777241009
86,25.127482555018787,17.10950080515298,16.15673644659152,3.864734299516908,10.091250670960816,3.3413848631239937,,0.8387010198604401,23.470209339774556
87,25.194578636607623,16.74718196457327,16.09634997316157,3.864734299516908,9.836285560923242,3.3413848631239937,,0.8185721953837896,24.10091250670961
88,25.42270531400966,16.472088030059044,16.056092324208265,4.435050993022007,9.66183574879227,3.280998389694042,,0.7917337627482555,23.879495437466453
89,25.97289318303811,16.472088030059044,16.076221148684915,4.260601180891036,9.621578099838969,3.280998389694042,,0.7716049382716049,23.544015029522274
90,25.469672571121848,15.599838969404187,16.284219001610307,4.1532474503489,9.608158883521202,3.227321524422974,,0.7716049382716049,24.88593666129898
91,25.59044551798175,15.593129361245303,16.190284487385938,4.1532474503489,9.608158883521202,3.227321524422974,,0.7716049382716049,24.86580783682233
92,23.839237788513152,14.861782071927,18.659420289855074,4.139828234031133,9.608158883521202,3.193773483628556,,0.8789586688137413,24.818840579710145
93,24.590713902308106,14.700751476113794,17.767042404723565,4.253891572732153,9.628287707997853,3.656736446591519,,0.8789586688137413,24.52361782071927
94,24.476650563607084,14.492753623188406,18.189747718733226,4.092860976918948,9.802737520128824,3.797638217928073,,0.8789586688137413,24.268652710681696
95,25.046967257112186,14.130434782608695,18.149490069779926,4.280730005367687,9.628287707997853,3.797638217928073,,0.8789586688137413,24.08749329039184
96,25.489801395598498,13.955984970477724,18.035426731078903,4.26731078904992,9.500805152979066,3.797638217928073,,0.8789586688137413,24.074074074074073
97,25.577026301663984,13.942565754159958,17.96833064949007,4.253891572732153,9.648416532474503,3.784219001610306,,0.8789586688137413,23.946591519055286
98,25.026838432635532,16.431830381105744,17.559044551798173,4.005636070853462,8.997584541062801,3.260869565217391,,0.8789586688137413,23.839237788513152
99,24.751744498121308,16.029253891572733,16.780730005367687,4.005636070853462,9.07139023081052,3.1333870101986045,,0.8789586688137413,25.348899624261943
100,16.901502952227588,42.941492216854535,8.896940418679549,2.6301663982823404,7.454374664519592,2.536231884057971,,0.5837359098228664,18.055555555555557
101,17.404723564143854,40.92860976918948,8.735909822866345,2.5966183574879227,9.192163177670425,2.5026838432635534,,0.5837359098228664,18.055555555555557
102,17.01556629092861,40.13687600644123,8.3064949006978,2.5966183574879227,8.870101986044014,2.3752012882447664,,0.5837359098228664,20.115405260332796
103,17.47181964573269,39.67391304347826,9.567901234567902,2.5966183574879227,8.829844337090714,2.4355877616747184,,0.5837359098228664,18.840579710144926
104,17.693236714975846,39.57997852925389,9.567901234567902,2.5966183574879227,8.829844337090714,2.4355877616747184,,0.5837359098228664,18.71309715512614
105,18.00858829844337,39.34514224369297,9.4873859366613,2.5966183574879227,8.829844337090714,2.4355877616747184,,0.5837359098228664,18.71309715512614
106,18.733225979602793,37.848899624261946,10.755501878690284,2.6502952227589907,8.61513687600644,2.428878153515835,,0.5837359098228664,18.38432635534085
107,19.404186795491142,37.56038647342995,10.628019323671497,2.6502952227589907,8.608427267847558,2.3617820719269993,,0.5837359098228664,18.203166935050994
108,19.806763285024154,37.0907139023081,10.339506172839506,2.85829307568438,8.608427267847558,2.717391304347826,,0.5837359098228664,17.995169082125603
109,20.303274288781534,36.81561996779388,10.379763821792807,2.844873859366613,8.460815888352121,2.717391304347826,,0.5703166935050993,17.907944176060116
110,20.33011272141707,35.79575952764358,10.359634997316157,2.818035426731079,8.460815888352121,3.9586688137412773,,0.5703166935050993,17.70665593129361
111,20.551529790660226,35.72195383789587,10.61460010735373,2.757648953301127,8.3467525496511,4.079441760601181,,0.5703166935050993,17.357756307031668
112,20.531400966183575,35.46698872785829,11.574074074074074,2.757648953301127,7.957595276435856,3.8580246913580245,,0.5703166935050993,17.28395061728395
113,19.840311325818572,31.89747718733226,9.822866344605474,3.099838969404187,7.501341921631776,3.750670960815888,,0.5636070853462157,23.523886205045624
114,19.940955448201827,31.830381105743424,9.77589908749329,3.099838969404187,7.39398819108964,3.911701556629093,,0.5636070853462157,23.483628556092324
115,18.968062265163713,32.890499194847024,9.769189479334408,3.099838969404187,7.326892109500805,4.5960815888352125,,0.5233494363929146,22.82608695652174
116,19.53166935050993,32.400697799248526,9.722222222222221,3.099838969404187,7.326892109500805,4.569243156199678,,0.5233494363929146,22.82608695652174
117,20.202630166398283,32.18599033816425,9.722222222222221,3.099838969404187,7.226247987117552,4.414922168545357,,0.5233494363929146,22.624798711755233
118,20.377079978529252,32.098765432098766,9.708803005904455,3.099838969404187,7.219538378958669,4.414922168545357,,0.5233494363929146,22.5577026301664
119,21.16881374127751,31.82367149758454,9.373322597960279,3.099838969404187,7.219538378958669,4.408212560386473,,0.5233494363929146,22.383252818035427
120,20.705850778314545,28.99892646269458,9.272678475577026,6.629092860976919,7.078636607622115,4.408212560386473,,0.5233494363929146,22.383252818035427
121,20.9272678475577,28.871443907675793,9.23913043478261,6.629092860976919,7.078636607622115,4.408212560386473,,0.5233494363929146,22.322866344605476
122,21.202361782071925,28.73054213633924,9.205582393988191,6.629092860976919,7.078636607622115,4.408212560386473,,0.5233494363929146,22.22222222222222
123,21.309715512614062,28.213902308105208,9.205582393988191,6.528448738593666,7.078636607622115,4.898013955984971,,0.630703166935051,22.134997316156735
124,21.69887278582931,28.073000536768653,9.125067096081589,6.427804616210413,7.024959742351046,5.032206119162641,,0.630703166935051,21.987385936661298
125,21.55126140633387,25.0,9.084809447128288,5.092592592592593,11.439881910896403,5.347557702630167,,0.630703166935051,21.85319377348363
126,22.020933977455716,24.805421363392377,9.084809447128288,5.24020397208803,11.43317230273752,5.2066559312936125,,0.5770263016639828,21.631776704240472
127,22.65163714439077,24.58400429414922,9.05126140633387,5.233494363929147,11.379495437466453,5.199946323134729,,0.5770263016639828,21.32313472893183
128,22.69860440150295,24.48336017176597,8.997584541062801,5.233494363929147,11.79549114331723,4.958400429414922,,0.5770263016639828,21.256038647342994
129,23.577563070316693,23.899624261943103,8.903650026838433,5.132850241545894,11.641170155662909,5.112721417069243,,0.5770263016639828,21.155394524959743
130,22.067901234567902,26.7512077294686,8.038110574342458,5.132850241545894,11.641170155662909,5.132850241545894,,0.5636070853462157,20.67230273752013
131,22.550993022007514,26.422436929683307,7.997852925389157,5.132850241545894,11.574074074074074,5.132850241545894,,0.6910896403650026,20.497852925389157
132,22.75228126677402,26.32850241545894,8.091787439613526,5.132850241545894,11.506977992485238,5.0993022007514766,,0.7447665056360708,20.343531937734838
133,22.73886205045625,25.107353730542137,7.977724100912507,5.052334943639291,13.097155126140633,5.0791733762748255,,0.7447665056360708,20.202630166398283
134,22.839506172839506,25.0,7.977724100912507,5.199946323134729,13.063607085346217,5.018786902844874,,0.7447665056360708,20.155662909286097
135,23.21524422973698,24.838969404186795,8.091787439613526,5.260332796564681,12.600644122383253,5.260332796564681,,0.7447665056360708,19.98792270531401
136,23.349436392914654,24.745034889962426,8.648684916800859,5.092592592592593,12.466451959205582,5.260332796564681,,0.7045088566827697,19.732957595276435
137,23.537305421363392,24.644390767579175,8.648684916800859,5.233494363929147,12.432903918411165,5.260332796564681,,0.6977992485238862,19.545088566827697
138,23.812399355877616,24.490069779924852,8.635265700483092,5.233494363929147,12.392646269457863,5.260332796564681,,0.6977992485238862,19.47799248523886
139,23.879495437466453,24.476650563607084,8.735909822866345,5.233494363929147,12.352388620504563,5.193236714975845,,0.6977992485238862,19.43102522812668
140,24.074074074074073,24.44310252281267,8.608427267847558,5.233494363929147,12.305421363392378,5.273752012882448,,0.6977992485238862,19.363929146537842
141,24.62426194310252,24.228395061728396,8.59500805152979,5.213365539452496,12.352388620504563,5.166398282340311,,0.6977992485238862,19.122383252818036
142,25.026838432635532,23.939881910896403,8.917069243156199,5.2066559312936125,12.177938808373591,5.052334943639291,,0.6977992485238862,18.98148148148148
143,25.966183574879228,23.72517444981213,8.870101986044014,4.9718196457326895,11.929683306494901,5.038915727321524,,0.6575415995705851,18.840579710144926
144,25.845410628019323,23.564143853998928,8.360171765968868,4.911433172302737,11.808910359634996,4.757112184648417,,0.6508319914117016,20.101986044015028
145,26.52308105206656,23.382984433709073,8.279656468062266,4.723564143853999,11.714975845410628,4.750402576489533,,0.6508319914117016,19.97450348899624
146,26.90552871712292,23.101180891035963,8.252818035426731,4.723564143853999,11.66129898013956,4.736983360171766,,0.644122383252818,19.97450348899624
147,26.918947933440688,22.886473429951693,8.239398819108963,5.904455179817498,10.997047772410092,4.549114331723027,,0.644122383252818,19.860440150295222
148,27.36849168008588,22.5979602791197,8.239398819108963,5.844068706387547,11.41304347826087,4.528985507246377,,0.644122383252818,19.363929146537842
149,27.85829307568438,22.470477724100913,8.064949006977992,5.783682232957595,11.406333870101985,4.528985507246377,,0.644122383252818,19.243156199677937
150,23.792270531400966,22.22222222222222,7.62211486849168,4.3545356951154055,10.104669887278583,4.180085882984434,,0.2885131508319914,27.435587761674718
151,24.10762211486849,22.134997316156735,7.595276435856146,4.300858829844337,10.00402576489533,4.180085882984434,,0.2885131508319914,27.388620504562535
152,22.611379495437465,21.477455716586153,7.481213097155126,4.2270531400966185,9.943639291465379,4.066022544283414,,0.2885131508319914,29.904723564143854
153,23.027375201288244,21.296296296296298,7.467793880837359,4.133118625872249,9.916800858829845,4.045893719806763,,0.2885131508319914,29.824208266237253
154,23.060923242082662,19.981213097155127,7.461084272678476,4.106280193236715,11.513687600644122,4.032474503488996,,0.28180354267310787,29.562533548040793
155,23.309178743961354,19.940955448201827,7.306763285024155,4.106280193236715,11.345947396672035,4.3478260869565215,,0.28180354267310787,29.361245303274288
156,24.053945249597422,19.887278582930758,7.253086419753086,4.005636070853462,11.285560923242082,4.320987654320987,,0.28180354267310787,28.911701556629094
157,24.510198604401502,19.699409554482017,7.239667203435319,3.9855072463768115,11.265432098765432,4.320987654320987,,0.28180354267310787,28.69699409554482
158,24.852388620504563,19.41760601180891,7.669082125603865,3.9519592055823938,11.265432098765432,4.133118625872249,,0.28180354267310787,28.428609769189478
159,25.05367686527107,19.390767579173378,7.62211486849168,3.938539989264627,11.265432098765432,4.133118625872249,,0.4025764895330113,28.193773483628558
160,25.06038647342995,18.075684380032207,7.62211486849168,3.878153515834675,13.372249060654857,3.770799785292539,,0.4025764895330113,27.81803542673108
161,25.449543746645197,18.00187869028449,7.608695652173913,3.8580246913580245,13.325281803542673,3.770799785292539,,0.4025764895330113,27.583199141170155
162,25.93263553408481,17.746913580246915,7.608695652173913,3.797638217928073,13.217928073000536,3.770799785292539,,0.4025764895330113,27.522812667740205
163,25.81857219538379,17.59259259259259,6.9243156199677935,3.797638217928073,13.217928073000536,3.750670960815888,,0.5703166935050993,28.327965646806227
164,26.20101986044015,17.3040794417606,6.837090713902308,3.643317230273752,13.466183574879228,3.750670960815888,,0.5703166935050993,28.227321524422972
165,25.979602791196996,16.472088030059044,8.487654320987655,3.643317230273752,13.285024154589372,3.589640365002684,,0.5703166935050993,27.9723564143854
166,26.227858293075684,16.411701556629094,8.487654320987655,3.6366076221148687,13.251476113794954,3.5628019323671496,,0.5434782608695652,27.87842190016103
167,26.02657004830918,16.317767042404725,8.668813741277509,3.629898013955985,13.009930220075148,3.5628019323671496,,0.5434782608695652,28.24074074074074
168,26.65727321524423,16.243961352657006,8.59500805152979,4.206924315619967,12.983091787439614,3.4017713365539453,,0.30193236714975846,27.61003757380569
169,26.90552871712292,16.243961352657006,8.59500805152979,4.206924315619967,12.949543746645196,3.4017713365539453,,0.30193236714975846,27.395330112721417
170,27.32823403113258,16.035963499731615,8.474235104669887,4.126409017713366,12.929414922168545,3.515834675254965,,0.30193236714975846,27.28797638217928
171,27.61003757380569,16.015834675254965,8.3064949006978,4.2203435319377345,12.889157273215245,3.515834675254965,,0.30193236714975846,27.140365002683843
172,28.29441760601181,15.727321524422974,8.28636607622115,4.280730005367687,12.822061191626409,3.3950617283950617,,0.30193236714975846,26.89210950080515
173,28.14680622651637,15.425389157273216,7.85024154589372,4.213633923778851,13.197799248523886,4.045893719806763,,0.30193236714975846,26.818303811057433
174,28.703703703703702,15.378421900161031,7.695920558239399,4.146537842190016,13.083735909822867,4.17337627482555,,0.2683843263553409,26.549919484702095
175,28.938539989264626,15.230810520665592,7.682501341921632,4.146537842190016,13.050187869028449,4.146537842190016,,0.2683843263553409,26.536500268384327
176,29.32769726247987,15.157004830917874,7.615405260332796,4.146537842190016,12.875738056897477,4.146537842190016,,0.2683843263553409,26.462694578636608
177,29.200214707461082,15.01610305958132,9.990606548577563,4.079441760601181,12.869028448738593,4.072732152442297,,0.2147074610842727,24.55716586151369
178,29.320987654320987,14.74771873322598,9.990606548577563,4.079441760601181,14.74771873322598,4.072732152442297,,0.2147074610842727,22.82608695652174
179,29.69001610305958,14.55984970477724,8.353462157809984,4.079441760601181,14.626945786366075,3.9519592055823938,,0.20128824476650564,24.537037037037038
180,29.924852388620504,14.546430488459475,8.3467525496511,3.992216854535695,14.600107353730541,3.9519592055823938,,0.20128824476650564,24.436392914653783
181,30.273752012882447,14.15727321524423,8.293075684380032,4.388083735909823,14.42565754159957,3.864734299516908,,0.20128824476650564,24.396135265700483
182,30.770263016639827,14.143853998926463,8.199141170155663,4.388083735909823,14.40552871712292,3.864734299516908,,0.20128824476650564,24.02710681696189
183,30.99838969404187,14.049919484702093,8.031400966183575,4.7101449275362315,14.687332259796028,3.784219001610306,,0.20128824476650564,23.537305421363392
184,31.353998926462694,13.855340848094471,8.031400966183575,4.7101449275362315,14.63365539452496,3.784219001610306,,0.20128824476650564,23.429951690821255
185,31.42109500805153,13.828502415458937,8.011272141706923,4.7101449275362315,14.61352657004831,3.784219001610306,,0.20128824476650564,23.429951690821255
186,31.64922168545357,13.79495437466452,8.011272141706923,4.683306494900698,14.61352657004831,3.784219001610306,,0.20128824476650564,23.262211486849168
187,31.80354267310789,12.392646269457863,7.98443370907139,4.683306494900698,16.049382716049383,3.770799785292539,,0.20128824476650564,23.11460010735373
188,31.696188942565755,11.60762211486849,9.084809447128288,4.663177670424047,16.009125067096083,3.750670960815888,,0.20128824476650564,22.987117552334944
189,32.15244229736983,11.56736446591519,9.05126140633387,4.62962962962963,16.089640365002683,3.616478797638218,,0.18115942028985507,22.71202361782072
190,32.45437466451959,11.513687600644122,8.957326892109501,4.622920021470746,16.056092324208265,3.603059581320451,,0.18115942028985507,22.611379495437465
191,32.628824476650564,11.41304347826087,8.943907675791733,5.01207729468599,16.297638217928075,3.515834675254965,,0.18115942028985507,22.007514761137948
192,32.91733762748255,11.292270531400966,8.849973161567364,5.199946323134729,15.827965646806227,4.106280193236715,,0.18115942028985507,21.62506709608159
193,33.467525496511,11.218464841653248,8.487654320987655,5.166398282340311,15.888352120236178,4.019055287171229,,0.18115942028985507,21.571390230810522
194,33.89694041867955,11.198336017176597,8.413848631239935,5.166398282340311,15.619967793880837,4.019055287171229,,0.18115942028985507,21.504294149221685
195,34.23242082662372,10.983628556092324,8.494363929146537,5.166398282340311,15.619967793880837,4.019055287171229,,0.18115942028985507,21.30300590445518
196,34.54106280193237,10.983628556092324,8.454106280193237,5.166398282340311,15.432098765432098,4.019055287171229,,0.18115942028985507,21.22249060654858
197,34.88996242619431,10.916532474503489,8.608427267847558,5.119431025228127,15.411969940955448,3.9318303811057436,,0.18115942028985507,20.94068706387547
198,34.92351046698873,10.809178743961352,8.527911969940956,4.790660225442834,15.49248523886205,3.9318303811057436,,0.18115942028985507,21.34326355340848
199,35.11137949543747,10.782340311325818,8.514492753623188,4.790660225442834,15.418679549114332,3.9318303811057436,,0.18115942028985507,21.26945786366076
200,35.23215244229737,10.7085346215781,8.662104133118627,4.790660225442834,15.217391304347826,4.019055287171229,,0.18115942028985507,21.18894256575416
201,35.59447128287708,10.641438539989265,8.628556092324208,4.7638217928073,15.190552871712292,4.005636070853462,,0.18115942028985507,20.994363929146537
202,35.68169618894257,10.493827160493828,8.628556092324208,4.87788513150832,15.157004830917874,4.005636070853462,,0.18115942028985507,20.974235104669887
203,35.929951690821255,10.352925389157273,8.507783145464305,5.025496511003757,15.042941492216855,4.005636070853462,,0.18115942028985507,20.954106280193237
204,36.20504562533548,10.326086956521738,8.427267847557703,5.025496511003757,15.002683843263553,4.005636070853462,,0.18115942028985507,20.82662372517445
205,36.66800858829844,10.285829307568438,8.413848631239935,5.018786902844874,14.855072463768115,3.92512077294686,,0.18115942028985507,20.652173913043477
206,37.05716586151369,10.131508319914117,8.393719806763285,4.978529253891573,14.774557165861514,3.9049919484702094,,0.2885131508319914,20.471014492753625
207,37.245034889962426,10.111379495437467,8.340042941492216,5.119431025228127,14.720880300590446,3.9049919484702094,,0.2885131508319914,20.26972624798712
208,37.69457863660762,10.111379495437467,8.259527643585615,5.119431025228127,14.472624798711756,3.9049919484702094,,0.2885131508319914,20.148953301127214
209,38.117283950617285,10.037573805689748,8.11862587224906,5.052334943639291,14.412238325281804,3.8915727321524423,,0.2885131508319914,20.081857219538378
210,37.895866881374126,9.990606548577563,9.520933977455716,5.005367686527107,14.358561460010735,3.8915727321524423,,0.2885131508319914,19.048577563070317
211,38.47289318303811,9.876543209876543,9.172034353193773,4.9718196457326895,14.36527106816962,3.851315083199141,,0.2885131508319914,19.00161030595813
212,38.687600644122384,9.681964573268921,9.16532474503489,4.958400429414922,14.36527106816962,3.851315083199141,,0.2885131508319914,19.00161030595813
213,38.99624261943102,9.66183574879227,9.084809447128288,4.898013955984971,14.318303811057435,3.824476650563607,,0.2885131508319914,18.927804616210413
214,39.16398282340311,9.648416532474503,8.977455716586151,4.898013955984971,14.378690284487385,3.8177670424047236,,0.2885131508319914,18.82716049382716
215,39.87520128824477,9.567901234567902,8.856682769726248,4.7101449275362315,14.298174986580785,3.8177670424047236,,0.2885131508319914,18.585614600107355
216,39.79468599033817,9.433709071390231,8.80300590445518,4.388083735909823,15.049651100375739,3.784219001610306,,0.2885131508319914,18.45813204508857
217,39.95571658615137,9.27938808373591,8.695652173913043,4.696725711218465,14.982555018786902,3.7775093934514223,,0.2885131508319914,18.323939881910896
218,40.183843263553406,9.272678475577026,8.682232957595277,4.696725711218465,14.915458937198068,3.7775093934514223,,0.2885131508319914,18.183038110574344
219,40.425389157273216,9.125067096081589,8.474235104669887,4.663177670424047,15.136876006441224,3.7573805689747717,,0.2885131508319914,18.129361245303276
220,40.5931293612453,9.084809447128288,8.454106280193237,4.830917874396135,14.97584541062802,3.7573805689747717,,0.2885131508319914,18.015297906602253
221,40.734031132581855,9.084809447128288,8.57487922705314,4.944981213097155,14.78797638217928,3.629898013955985,,0.2885131508319914,17.954911433172303
222,40.66022544283414,8.930488459473967,8.454106280193237,4.898013955984971,15.351583467525497,3.7640901771336552,,0.2885131508319914,17.652979066022546
223,40.304616210413315,8.910359634997317,10.00402576489533,4.891304347826087,14.264626945786366,3.7238325281803544,,0.2885131508319914,17.612721417069242
224,40.23752012882448,8.883521202361782,10.00402576489533,4.824208266237251,14.620236178207193,3.7104133118625873,,0.2885131508319914,17.431561996779386
225,40.33145464304884,8.836553945249598,9.950348899624261,4.9718196457326895,14.526301663982823,3.6634460547504024,,0.2885131508319914,17.431561996779386
226,40.49919484702093,8.769457863660762,9.950348899624261,4.944981213097155,14.398819108964037,3.9452495974235107,,0.2885131508319914,17.20343531937735
227,40.78099838969404,8.722490606548577,9.943639291465379,4.944981213097155,14.237788513150832,3.9452495974235107,,0.2885131508319914,17.136339237788512
228,40.88835212023618,8.608427267847558,9.88996242619431,5.065754159957058,14.479334406870638,3.9184111647879765,,0.2885131508319914,16.861245303274288
229,40.66022544283414,8.420558239398819,9.88996242619431,5.508588298443371,14.465915190552872,3.9049919484702094,,0.2885131508319914,16.861245303274288
230,40.94873859366613,8.279656468062266,9.433709071390231,5.508588298443371,14.935587761674718,3.9049919484702094,,0.2885131508319914,16.700214707461082
231,40.955448201825014,8.199141170155663,9.473966720343531,5.535426731078905,14.949006977992486,3.898282340311326,,0.2885131508319914,16.700214707461082
232,41.18357487922705,8.192431561996779,9.460547504025765,5.528717122920021,14.848362855609233,4.086151368760064,,0.2885131508319914,16.411701556629094
233,41.84111647879764,8.165593129361245,9.339774557165862,5.381105743424584,14.801395598497047,4.086151368760064,,0.2885131508319914,16.09634997316157
234,42.223564143854,8.044820182501342,10.413311862587225,5.287171229200215,14.459205582393988,3.911701556629093,,0.2885131508319914,15.371712292002147
235,42.250402576489535,7.971014492753623,10.86285560923242,5.287171229200215,14.056629092860977,3.8714439076757916,,0.27509393451422437,15.425389157273216
236,42.391304347826086,7.950885668276973,10.789049919484702,5.280461621041331,14.023081052066559,3.8714439076757916,,0.27509393451422437,15.418679549114332
237,42.72007514761138,7.944176060118089,10.674986580783683,5.401234567901234,13.862050456253355,3.8714439076757916,,0.27509393451422437,15.250939345142244
238,42.82071926999463,7.776435856146001,10.628019323671497,5.763553408480945,13.654052603327965,3.8714439076757916,,0.27509393451422437,15.210681696188942
239,43.223295759527645,7.689210950080516,10.587761674718196,5.683038110574342,13.707729468599034,3.770799785292539,,0.27509393451422437,15.063070316693505
240,43.525228126677405,7.635534084809447,10.38647342995169,5.750134192163178,13.694310252281268,3.7640901771336552,,0.24825550187869028,14.99597423510467
241,43.947933440687066,7.608695652173913,10.279119699409554,5.750134192163178,13.647342995169081,3.7640901771336552,,0.24154589371980675,14.761137949543746
242,44.28341384863124,7.588566827697263,10.279119699409554,5.750134192163178,13.613794954374665,3.750670960815888,,0.24154589371980675,14.492753623188406
243,44.65244229736983,7.575147611379496,10.0979602791197,5.622651637144391,13.580246913580247,3.7372517444981215,,0.24154589371980675,14.492753623188406
244,45.05501878690284,7.575147611379496,10.0979602791197,5.595813204508857,13.446054750402576,3.6768652710681695,,0.24154589371980675,14.31159420289855
245,45.08185721953838,7.454374664519592,10.0979602791197,5.475040257648954,13.674181427804616,3.6768652710681695,,0.24154589371980675,14.298174986580785
246,45.269726247987116,7.199409554482019,9.876543209876543,5.991680085882985,13.654052603327965,3.6634460547504024,,0.16774020397208803,14.17740203972088
247,45.55823939881911,7.185990338164252,9.769189479334408,5.991680085882985,13.633923778851315,3.6634460547504024,,0.16774020397208803,14.029790660225443
248,45.893719806763286,7.179280730005368,9.702093397745571,5.857487922705314,13.620504562533547,3.5829307568438002,,0.16774020397208803,13.996242619431026
249,46.22920021470746,7.098765432098766,9.688674181427805,5.857487922705314,13.580246913580247,3.515834675254965,,0.16774020397208803,13.862050456253355
250,46.32984433709071,7.078636607622115,9.621578099838969,5.857487922705314,13.580246913580247,3.515834675254965,,0.16774020397208803,13.848631239935587
251,46.423778851315085,6.944444444444445,9.480676328502415,5.837359098228664,13.345410628019323,3.4151905528717124,,0.16774020397208803,14.38539989264627
252,46.83977455716586,6.796833064949007,9.473966720343531,5.884326355340848,13.217928073000536,3.4151905528717124,,0.16774020397208803,14.204240472356414
253,46.77938808373591,6.796833064949007,9.601449275362318,5.884326355340848,13.18438003220612,3.388352120236178,,0.16774020397208803,14.197530864197532
254,47.48389694041868,6.662640901771336,9.534353193773484,5.857487922705314,12.795222758990874,3.321256038647343,,0.16774020397208803,14.17740203972088
255,46.70558239398819,6.635802469135802,11.225174449812132,5.515297906602254,12.95625335480408,3.2474503488996245,,0.16774020397208803,13.546698872785829
256,46.806226516371446,6.615673644659152,11.191626409017713,5.488459473966721,13.01663982823403,3.207192699946323,,0.15432098765432098,13.519860440150294
257,46.826355340848096,6.615673644659152,11.171497584541063,5.441492216854535,12.922705314009661,3.193773483628556,,0.15432098765432098,13.674181427804616
258,46.9873859366613,6.615673644659152,11.137949543746645,5.421363392377885,12.882447665056361,3.166935050993022,,0.15432098765432098,13.633923778851315
259,47.32286634460547,6.608964036500268,11.117820719269995,5.421363392377885,12.640901771336553,3.1468062265163717,,0.15432098765432098,13.58695652173913
260,47.416800858829845,6.608964036500268,11.05072463768116,5.421363392377885,12.640901771336553,3.1468062265163717,,0.15432098765432098,13.560118089103597
261,47.52415458937198,6.588835212023618,11.017176596886742,5.515297906602254,12.573805689747719,3.1333870101986045,,0.15432098765432098,13.493022007514762
262,47.738862050456255,6.568706387546968,11.003757380568974,5.4616210413311865,12.694578636607622,3.1199677938808374,,0.15432098765432098,13.258185721953838
263,47.92002147074611,6.541867954911433,11.003757380568974,5.3274288781535155,12.828770799785293,3.0931293612453032,,0.15432098765432098,13.130703166935051
264,47.57783145464305,6.528448738593666,10.668276972624799,5.025496511003757,12.573805689747719,3.0931293612453032,,0.15432098765432098,14.378690284487385
265,47.73215244229737,6.488191089640365,10.721953837895867,4.958400429414922,12.533548040794418,3.0327428878153517,,0.15432098765432098,14.378690284487385
266,48.007246376811594,6.474771873322598,10.674986580783683,4.944981213097155,12.533548040794418,3.012614063338701,,0.15432098765432098,14.197530864197532
267,48.45679012345679,6.468062265163715,10.44015029522276,4.904723564143854,12.419484702093397,3.012614063338701,,0.15432098765432098,14.143853998926463
