,45,50,51,52,53,55,54,56
0,98.57085346215781,1.1808910359634996,0.24825550187869028,,,,,
1,98.57085346215781,1.1808910359634996,0.24825550187869028,,,,,
2,96.67874396135265,3.0730005367686526,0.24825550187869028,,,,,
3,96.46403650026838,3.2877079978529253,0.24825550187869028,,,,,
4,94.04857756307031,5.703166935050993,0.24825550187869028,,,,,
5,94.07541599570585,5.676328502415459,0.24825550187869028,,,,,
6,93.96135265700484,5.790391841116479,0.24825550187869028,,,,,
7,93.96135265700484,5.790391841116479,0.24825550187869028,,,,,
8,92.40472356414385,7.347020933977456,0.24825550187869028,,,,,
9,92.41814278046162,7.347020933977456,0.23483628556092323,,,,,
10,90.33816425120773,8.125335480407944,0.23483628556092323,1.3016639828234031,,,,
11,90.00268384326355,8.219269994632313,0.47638217928073,1.3016639828234031,,,,
12,89.87520128824477,8.3467525496511,0.47638217928073,1.3016639828234031,,,,
13,87.88915727321525,10.332796564680622,0.47638217928073,1.3016639828234031,,,,
14,87.56709608158883,10.654857756307031,0.47638217928073,1.3016639828234031,,,,
15,87.28529253891573,10.916532474503489,0.47638217928073,0.5636070853462157,0.7581857219538379,,,
16,80.28046162104133,17.921363392377884,0.47638217928073,0.5636070853462157,0.7581857219538379,,,
17,78.71712292002147,19.484702093397747,0.47638217928073,0.5636070853462157,0.7581857219538379,,,
18,71.02791196994096,27.408749329039185,0.24154589371980675,0.5636070853462157,0.7581857219538379,,,
19,70.02147074610842,28.29441760601181,0.24154589371980675,0.7514761137949544,0.6910896403650026,,,
20,68.19645732689212,30.132850241545892,0.24154589371980675,0.7380568974771873,0.6910896403650026,,,
21,68.25013419216317,29.70343531937735,0.24154589371980675,0.7380568974771873,0.6910896403650026,0.3757380568974772,,
22,66.25067096081588,31.125872249060656,0.8185721953837896,0.7380568974771873,0.6910896403650026,0.3757380568974772,,
23,64.7410091250671,31.736446591519055,1.737788513150832,0.7179280730005367,0.6910896403650026,0.3757380568974772,,
24,64.80810520665594,31.66935050993022,1.737788513150832,0.7179280730005367,0.6910896403650026,0.3757380568974772,,
25,61.312399355877616,34.15861513687601,2.7442297369833604,0.7179280730005367,0.6910896403650026,0.3757380568974772,,
26,57.98443370907139,37.486580783682236,2.7442297369833604,0.7179280730005367,0.6910896403650026,0.3757380568974772,,
27,58.08507783145464,37.38593666129898,2.7442297369833604,0.7179280730005367,0.6910896403650026,0.3757380568974772,,
28,58.3467525496511,37.124261943102525,2.7442297369833604,0.7179280730005367,0.6910896403650026,0.3757380568974772,,
29,56.998121309715515,38.47289318303811,2.7442297369833604,0.7179280730005367,0.6910896403650026,0.3757380568974772,,
30,56.13258185721954,39.33843263553408,2.7442297369833604,0.7179280730005367,0.6910896403650026,0.3757380568974772,,
31,56.19296833064949,39.27804616210413,2.7442297369833604,0.7179280730005367,0.6910896403650026,0.3757380568974772,,
32,55.414653784219,38.808373590982285,3.992216854535695,0.7179280730005367,0.6910896403650026,0.3757380568974772,,
33,51.34192163177671,43.162909286097694,3.978797638217928,0.7179280730005367,0.6910896403650026,0.10735373054213634,,
34,51.1406333870102,41.67337627482555,3.978797638217928,0.7179280730005367,0.6910896403650026,0.10735373054213634,1.6908212560386473,
35,50.71121846484165,40.08990874932904,3.978797638217928,2.4221685453569513,0.6910896403650026,0.41599570585077833,1.6908212560386473,
36,46.03462157809984,45.67901234567901,3.9318303811057436,1.7444981213097155,,0.41599570585077833,2.1940418679549114,
37,45.03488996242619,46.22920021470746,4.180085882984434,1.9457863660762211,,0.41599570585077833,2.1940418679549114,
38,44.840311325818575,46.07487922705314,4.180085882984434,1.9457863660762211,,0.7648953301127214,2.1940418679549114,
39,43.364197530864196,46.4573268921095,4.1532474503489,1.9457863660762211,,0.7648953301127214,3.3145464304884595,
40,42.82742887815352,46.69216317767042,4.1532474503489,1.9457863660762211,0.30864197530864196,0.7648953301127214,3.307836822329576,
41,42.8743961352657,46.141975308641975,4.253891572732153,1.9457863660762211,0.7246376811594203,0.7648953301127214,3.294417606011809,
42,42.599302200751474,40.633387010198604,9.453837895866881,1.9457863660762211,1.778046162104133,0.3488996242619431,3.240740740740741,
43,36.493558776167475,45.8870101986044,10.674986580783683,1.6371443907675791,1.7176596886741815,0.3488996242619431,3.240740740740741,
44,35.49382716049383,46.19565217391305,10.171765968867419,2.563070316693505,1.7176596886741815,0.6172839506172839,3.240740740740741,
45,34.084809447128286,41.659957058507786,14.828234031132581,2.9052603327965647,2.791196994095545,0.6172839506172839,3.113258185721954,
46,34.23913043478261,41.50563607085346,14.828234031132581,2.9052603327965647,2.791196994095545,0.6172839506172839,3.113258185721954,
47,34.09151905528717,40.425389157273216,13.050187869028449,5.924584004294149,2.7777777777777777,0.6172839506172839,3.113258185721954,
48,33.903650026838434,38.25147611379496,16.51905528717123,5.897745571658615,2.0397208803005906,0.48980139559849706,2.898550724637681,
49,33.9975845410628,37.84219001610306,16.492216854535695,5.897745571658615,2.254428341384863,0.6172839506172839,2.898550724637681,
50,34.07139023081052,37.795222758990874,16.465378421900162,5.897745571658615,2.254428341384863,0.6172839506172839,2.898550724637681,
51,33.883521202361784,34.94363929146538,19.82018250134192,5.589103596349974,2.24771873322598,0.6172839506172839,2.898550724637681,
52,33.923778851315085,34.366612989801396,20.242887815351583,4.0995705850778315,3.851315083199141,0.6172839506172839,2.898550724637681,
53,33.9573268921095,34.39345142243693,20.209339774557165,4.072732152442297,3.851315083199141,0.6172839506172839,2.898550724637681,
54,31.83709071390231,32.29334406870639,25.577026301663984,3.3480944712828773,3.8378958668813743,0.3488996242619431,2.757648953301127,
55,31.78341384863124,31.642512077294686,24.288781535158346,2.932098765432099,4.428341384863124,0.3488996242619431,4.575952764358561,
56,30.50858829844337,33.313204508856685,23.906333870101985,2.918679549114332,4.428341384863124,0.3488996242619431,4.575952764358561,
57,30.555555555555557,33.299785292538914,23.886205045625335,2.918679549114332,4.414922168545357,0.3488996242619431,4.575952764358561,
58,30.669618894256576,33.1454643048846,24.12104133118626,2.7442297369833604,4.414922168545357,0.3421900161030596,4.562533548040794,
59,30.535426731078903,33.333333333333336,24.074074074074073,2.7442297369833604,4.414922168545357,0.33548040794417605,4.562533548040794,
60,30.595813204508858,33.23268921095008,23.98684916800859,2.8515834675254963,4.40150295222759,0.33548040794417605,4.5960815888352125,
61,30.193236714975846,28.99892646269458,31.810252281266774,2.033011272141707,4.38137412775094,0.8454106280193237,1.737788513150832,
62,29.696725711218466,29.461889425657542,31.743156199677937,2.033011272141707,4.38137412775094,0.9460547504025765,1.737788513150832,
63,18.54535695115405,43.01529790660226,29.898013955984972,2.033011272141707,3.844605475040258,0.9259259259259259,1.737788513150832,
64,18.49838969404187,42.028985507246375,29.898013955984972,2.033011272141707,3.7909286097691894,0.9259259259259259,2.8247450348899625,
65,17.894524959742352,42.74691358024691,29.78395061728395,2.033011272141707,3.7909286097691894,0.9259259259259259,2.8247450348899625,
66,17.98845947396672,42.7133655394525,29.723564143854,2.033011272141707,3.7909286097691894,0.9259259259259259,2.8247450348899625,
67,18.511808910359633,42.27724100912507,29.696725711218466,2.033011272141707,3.730542136339238,0.9259259259259259,2.8247450348899625,
68,18.572195383789587,42.069243156199676,28.529253891572733,3.1736446591519054,3.730542136339238,1.1003757380568975,2.8247450348899625,
69,18.719806763285025,41.92163177670424,28.529253891572733,3.1736446591519054,3.730542136339238,1.1003757380568975,2.8247450348899625,
70,18.840579710144926,41.86124530327429,28.468867418142782,3.1736446591519054,3.730542136339238,1.1003757380568975,2.8247450348899625,
71,18.9747718733226,41.74718196457327,28.468867418142782,3.1736446591519054,3.7104133118625873,1.1003757380568975,2.8247450348899625,
72,19.155931293612454,41.666666666666664,28.368223295759528,3.1736446591519054,3.7104133118625873,1.1003757380568975,2.8247450348899625,
73,19.47128287707998,41.57944176060118,28.153515834675254,3.1736446591519054,3.7104133118625873,1.1003757380568975,2.8113258185721954,
74,19.370638754696724,40.50590445517982,28.12667740203972,5.139559849704777,3.6902844873859366,1.3754696725711217,1.7914653784219001,
75,19.47128287707998,40.465646806226516,28.099838969404185,5.139559849704777,3.656736446591519,1.3754696725711217,1.7914653784219001,
76,19.618894256575416,39.371980676328505,28.83118625872249,5.139559849704777,3.9184111647879765,1.3620504562533549,1.7579173376274826,
77,19.692699946323135,39.17740203972088,28.985507246376812,5.12614063338701,3.9184111647879765,1.3419216317767042,1.7579173376274826,
78,19.766505636070853,38.98282340311326,28.64331723027375,5.12614063338701,3.9184111647879765,1.3217928073000538,2.2410091250670963,
79,20.001341921631777,38.95598497047772,28.488996242619432,5.0993022007514766,3.9184111647879765,1.3217928073000538,2.214170692431562,
80,19.585346215780998,38.6808910359635,29.2337627482555,5.072463768115942,3.8915727321524423,1.3217928073000538,2.214170692431562,
81,19.37734836285561,39.049919484702095,28.992216854535695,5.173107890499195,3.8848631239935587,1.3217928073000538,2.200751476113795,
82,19.41760601180891,39.03650026838432,28.965378421900162,5.173107890499195,3.8848631239935587,1.3217928073000538,2.200751476113795,
83,19.639023081052066,38.95598497047772,28.878153515834676,5.146269457863661,3.8580246913580245,1.3217928073000538,2.200751476113795,
84,19.370638754696724,38.077026301663984,30.152979066022546,5.146269457863661,3.5829307568438002,1.4694041867954912,2.200751476113795,
85,16.99543746645196,45.148953301127214,28.67686527106817,3.435319377348363,3.4017713365539453,0.9930220075147611,1.3486312399355878,
86,17.176596886741816,43.94122383252818,29.73027375201288,3.435319377348363,3.240740740740741,0.95276435856146,1.3486312399355878,0.17444981213097155
87,17.74020397208803,43.853998926462694,29.683306494900698,3.0059044551798175,3.240740740740741,0.95276435856146,1.3486312399355878,0.17444981213097155
88,17.3040794417606,43.16961889425657,27.710681696188942,2.8784219001610305,4.951690821256038,0.95276435856146,2.85829307568438,0.17444981213097155
89,17.47181964573269,43.09581320450886,27.643585614600106,2.8784219001610305,4.951690821256038,0.95276435856146,2.831454643048846,0.17444981213097155
90,17.612721417069242,42.961621041331185,27.34836285560923,2.871712292002147,4.951690821256038,1.247987117552335,2.831454643048846,0.17444981213097155
91,17.60601180891036,41.237251744498124,26.65727321524423,2.8113258185721954,4.951690821256038,2.1403650026838434,4.42163177670424,0.17444981213097155
92,16.069511540526033,37.35909822866345,31.76328502415459,2.8113258185721954,4.951690821256038,2.677133655394525,4.193505099302201,0.17444981213097155
93,16.324476650563607,37.19806763285024,31.66935050993022,2.8113258185721954,4.951690821256038,2.677133655394525,4.193505099302201,0.17444981213097155
94,16.61969940955448,37.084004294149224,31.508319914117017,2.791196994095545,4.951690821256038,2.677133655394525,4.193505099302201,0.17444981213097155
95,16.820987654320987,36.00375738056898,31.608964036500268,2.636876006441224,4.884594739667204,3.629898013955985,4.146537842190016,0.2683843263553409
96,16.97530864197531,35.889694041867955,31.488191089640367,2.636876006441224,4.884594739667204,3.629898013955985,4.2270531400966185,0.2683843263553409
97,16.75389157273215,34.4873859366613,31.588835212023618,2.636876006441224,4.85775630703167,5.179817498658078,4.2270531400966185,0.2683843263553409
98,16.606280193236714,32.9777241009125,31.57541599570585,2.636876006441224,4.85775630703167,5.179817498658078,5.897745571658615,0.2683843263553409
99,16.6935050993022,32.729468599033815,31.246645195920557,2.636876006441224,4.804079441760601,5.723295759527644,5.522007514761138,0.644122383252818
100,16.63311862587225,32.19940955448202,31.085614600107355,3.8848631239935587,4.334406870638754,5.723295759527644,5.495169082125604,0.644122383252818
101,16.99543746645196,32.118894256575416,30.857487922705314,3.8848631239935587,4.334406870638754,5.703166935050993,5.4616210413311865,0.644122383252818
102,16.794149221685455,39.2914653784219,25.489801395598498,3.6768652710681695,3.5426731078904994,5.0993022007514766,5.4616210413311865,0.644122383252818
103,17.04911433172303,39.18411164787977,25.40257648953301,3.6634460547504024,3.5426731078904994,5.0858829844337095,5.428073000536768,0.644122383252818
104,17.398013955984972,39.06333870101986,25.207997852925388,3.6634460547504024,3.5426731078904994,5.0858829844337095,5.394524959742351,0.644122383252818
105,17.72007514761138,39.06333870101986,25.127482555018787,3.6634460547504024,3.535963499731616,5.0858829844337095,5.193236714975845,0.6105743424584005
106,17.498658078368223,36.594202898550726,26.435856146001072,3.938539989264627,5.005367686527107,5.0858829844337095,4.8376274825550185,0.6038647342995169
107,17.465110037573805,36.500268384326354,26.37546967257112,3.938539989264627,5.199946323134729,5.0858829844337095,4.830917874396135,0.6038647342995169
108,17.726784755770264,36.32581857219538,26.308373590982285,3.938539989264627,5.199946323134729,5.072463768115942,4.824208266237251,0.6038647342995169
109,17.59259259259259,34.5679012345679,26.04669887278583,3.938539989264627,5.059044551798175,5.045625335480408,7.14573268921095,0.6038647342995169
110,17.814009661835748,34.37332259796028,25.925925925925927,3.938539989264627,4.951690821256038,5.045625335480408,7.347020933977456,0.6038647342995169
111,18.51851851851852,34.23242082662372,25.37573805689748,3.938539989264627,4.951690821256038,5.045625335480408,7.333601717659689,0.6038647342995169
112,18.699677938808374,34.024422973698336,25.543478260869566,3.797638217928073,4.891304347826087,5.159688674181428,7.313472893183038,0.5703166935050993
113,18.646001073537306,33.3064949006978,24.993290391841118,3.797638217928073,6.327160493827161,5.092592592592593,7.273215244229737,0.5636070853462157
114,18.417874396135264,33.3064949006978,23.752012882447666,3.7573805689747717,7.924047235641439,5.005367686527107,7.273215244229737,0.5636070853462157
115,18.4044551798175,33.15888352120236,23.396403650026837,3.7037037037037037,8.507783145464305,5.005367686527107,7.25979602791197,0.5636070853462157
116,18.552066559312937,33.10520665593129,23.32259796027912,3.6902844873859366,8.501073537305421,5.005367686527107,7.25979602791197,0.5636070853462157
117,18.646001073537306,33.06494900697799,23.315888352120236,3.6902844873859366,8.480944712828771,5.005367686527107,7.232957595276436,0.5636070853462157
118,18.61916264090177,32.628824476650564,23.470209339774556,3.9989264626945786,8.480944712828771,5.005367686527107,7.232957595276436,0.5636070853462157
119,18.840579710144926,32.56843800322061,23.45679012345679,3.9989264626945786,8.3467525496511,4.998658078368224,7.226247987117552,0.5636070853462157
120,19.276704240472355,31.97799248523886,23.450080515297905,3.9989264626945786,8.319914117015566,5.186527106816962,7.226247987117552,0.5636070853462157
121,19.639023081052066,31.87734836285561,23.289049919484704,3.92512077294686,8.319914117015566,5.159688674181428,7.226247987117552,0.5636070853462157
122,19.746376811594203,31.629092860976918,23.262211486849168,3.911701556629093,8.319914117015566,5.407944176060118,7.159151905528717,0.5636070853462157
123,19.33709071390231,31.53515834675255,23.886205045625335,3.911701556629093,8.3064949006978,5.300590445517981,7.159151905528717,0.5636070853462157
124,19.692699946323135,31.0654857756307,25.241545893719806,3.535963499731616,7.494632313472893,5.246913580246914,7.159151905528717,0.5636070853462157
125,18.69296833064949,35.77563070316693,23.758722490606548,3.294417606011809,6.112453032742888,4.730273752012883,7.159151905528717,0.47638217928073
126,18.659420289855074,35.38647342995169,23.68491680085883,3.294417606011809,6.112453032742888,5.360976918947934,7.024959742351046,0.47638217928073
127,18.290391841116477,34.82286634460547,24.62426194310252,3.294417606011809,6.105743424584004,5.360976918947934,6.796833064949007,0.7045088566827697
128,17.780461621041333,33.66881374127751,24.55716586151369,5.629361245303274,5.978260869565218,4.931561996779388,6.769994632313473,0.6843800322061192
129,17.733494363929147,33.43397745571659,24.16129898013956,5.475040257648954,5.964841653247451,4.924852388620504,7.62211486849168,0.6843800322061192
130,17.98174986580784,32.749597423510465,24.60413311862587,5.475040257648954,5.964841653247451,4.918142780461621,7.62211486849168,0.6843800322061192
131,18.397745571658614,32.63553408480945,24.416264090177133,5.4549114331723025,5.931293612453032,4.918142780461621,7.575147611379496,0.6709608158883521
132,18.451422436929683,32.608695652173914,24.168008588298445,5.4549114331723025,5.904455179817498,5.166398282340311,7.575147611379496,0.6709608158883521
133,18.431293612453032,32.669082125603865,24.12775093934514,5.4549114331723025,5.904455179817498,5.166398282340311,7.575147611379496,0.6709608158883521
134,18.263553408480945,32.25979602791197,23.59098228663446,6.588835212023618,5.884326355340848,5.166398282340311,7.575147611379496,0.6709608158883521
135,18.4849704777241,31.99812130971551,23.59098228663446,6.588835212023618,6.850509930220075,5.0791733762748255,6.736446591519055,0.6709608158883521
136,18.947933440687063,31.66935050993022,23.483628556092324,6.246645195920558,7.1725711218464845,5.072463768115942,6.736446591519055,0.6709608158883521
137,18.71309715512614,31.61567364465915,22.067901234567902,6.246645195920558,8.514492753623188,5.441492216854535,6.736446591519055,0.6642512077294686
138,18.71309715512614,31.568706387546968,22.020933977455716,6.246645195920558,8.514492753623188,5.535426731078905,6.736446591519055,0.6642512077294686
139,19.310252281266774,30.917874396135264,21.866612989801396,6.239935587761675,8.387010198604402,5.246913580246914,7.03166935050993,0.9997316156736447
140,19.53166935050993,30.844068706387546,21.79951690821256,6.239935587761675,8.373590982286634,5.233494363929147,6.991411701556629,0.9863123993558777
141,19.95437466451959,30.46833064949007,21.71900161030596,6.219806763285024,8.360171765968868,5.314009661835748,6.991411701556629,0.9728931830381106
142,20.02818035426731,30.394524959742352,21.71900161030596,6.219806763285024,8.360171765968868,5.314009661835748,6.991411701556629,0.9728931830381106
143,19.07541599570585,29.066022544283413,26.556629092860977,5.387815351583468,7.085346215780999,4.931561996779388,6.9243156199677935,0.9728931830381106
144,19.47128287707998,28.938539989264626,25.369028448738593,5.387815351583468,7.065217391304348,5.938003220611916,6.857219538378959,0.9728931830381106
145,19.81347289318304,28.784219001610307,25.275093934514224,5.3341384863123995,7.0383789586688135,5.938003220611916,6.843800322061192,0.9728931830381106
146,19.89398819108964,28.85131508319914,25.221417069243156,5.320719269994632,7.018250134192163,5.911164787976382,6.810252281266774,0.9728931830381106
147,20.249597423510465,28.69699409554482,24.751744498121308,5.314009661835748,7.018250134192163,5.904455179817498,7.092055823939882,0.9728931830381106
148,20.377079978529252,28.65673644659152,24.711486849168008,5.287171229200215,7.018250134192163,5.884326355340848,7.092055823939882,0.9728931830381106
149,20.517981749865807,28.6231884057971,24.691358024691358,5.260332796564681,7.018250134192163,5.850778314546431,7.065217391304348,0.9728931830381106
150,20.591787439613526,28.569511540526033,24.496779388083738,5.260332796564681,7.018250134192163,5.850778314546431,7.239667203435319,0.9728931830381106
151,20.699141170155663,28.569511540526033,24.46323134728932,5.260332796564681,6.998121309715513,5.8239398819108965,7.212828770799785,0.9728931830381106
152,20.9272678475577,27.449006977992486,24.074074074074073,5.703166935050993,6.937734836285561,6.749865807836822,7.185990338164252,0.9728931830381106
153,21.007783145464305,26.918947933440688,23.711755233494365,5.676328502415459,8.494363929146537,6.152710681696189,7.065217391304348,0.9728931830381106
154,20.679012345679013,25.91250670960816,23.711755233494365,5.676328502415459,8.205850778314547,5.622651637144391,9.219001610305957,0.9728931830381106
155,20.491143317230275,25.717928073000536,24.12775093934514,5.662909286097692,8.205850778314547,5.615942028985507,9.205582393988191,0.9728931830381106
156,20.571658615136876,25.751476113794954,23.919753086419753,5.642780461621041,8.333333333333334,5.615942028985507,9.192163177670425,0.9728931830381106
157,20.578368223295758,25.0805152979066,23.67149758454106,5.958132045088567,9.192163177670425,5.870907139023081,8.675523349436393,0.9728931830381106
158,20.75281803542673,24.932903918411164,23.64465915190553,5.958132045088567,9.192163177670425,5.870907139023081,8.675523349436393,0.9728931830381106
159,20.9272678475577,24.9194847020934,23.711755233494365,5.931293612453032,9.017713365539452,5.870907139023081,8.648684916800859,0.9728931830381106
160,21.021202361782073,24.9194847020934,23.66478797638218,5.917874396135265,8.984165324745035,5.870907139023081,8.648684916800859,0.9728931830381106
161,21.061460010735374,24.84567901234568,23.66478797638218,5.958132045088567,8.984165324745035,5.864197530864198,8.648684916800859,0.9728931830381106
162,20.994363929146537,24.94632313472893,23.65136876006441,5.958132045088567,8.964036500268385,5.864197530864198,8.648684916800859,0.9728931830381106
163,21.034621578099838,24.94632313472893,23.637949543746647,5.958132045088567,8.964036500268385,5.850778314546431,8.635265700483092,0.9728931830381106
164,21.128556092324207,24.342458400429415,23.544015029522274,5.958132045088567,8.964036500268385,6.454643048845948,8.635265700483092,0.9728931830381106
165,21.336553945249598,24.268652710681696,23.242082662372518,5.938003220611916,8.93719806763285,6.66935050993022,8.635265700483092,0.9728931830381106
166,21.182232957595275,24.248523886205046,23.8191089640365,5.938003220611916,8.548040794417606,6.66935050993022,8.621846484165324,0.9728931830381106
167,21.202361782071925,23.886205045625335,23.79898013955985,7.481213097155126,7.548309178743962,6.521739130434782,8.588298443370908,0.9728931830381106
168,21.32313472893183,23.859366612989803,23.70504562533548,7.514761137949543,7.548309178743962,6.488191089640365,8.588298443370908,0.9728931830381106
169,21.068169618894256,23.483628556092324,22.839506172839506,8.93719806763285,7.5281803542673105,6.716317767042405,8.454106280193237,0.9728931830381106
170,21.128556092324207,23.450080515297905,22.779119699409556,8.93719806763285,7.501341921631776,6.689479334406871,8.454106280193237,1.0601180891035964
171,21.329844337090712,23.416532474503487,22.624798711755233,8.93719806763285,7.494632313472893,6.6827697262479875,8.454106280193237,1.0601180891035964
172,21.014492753623188,23.020665593129362,24.134460547504027,8.3064949006978,7.494632313472893,6.588835212023618,8.454106280193237,0.9863123993558777
173,21.115136876006442,23.013955984970476,23.993558776167472,8.272946859903382,7.494632313472893,6.575415995705851,8.641975308641975,0.8923778851315083
174,21.22920021470746,22.79253891572732,23.926462694578635,8.246108427267847,7.461084272678476,6.816961889425658,8.635265700483092,0.8923778851315083
175,21.336553945249598,22.75228126677402,23.91304347826087,8.239398819108963,7.454374664519592,6.776704240472356,8.635265700483092,0.8923778851315083
176,21.598228663446054,22.745571658615138,23.718464841653248,8.239398819108963,7.39398819108964,6.776704240472356,8.635265700483092,0.8923778851315083
177,21.947128287707997,22.591250670960815,23.70504562533548,7.7898550724637685,7.387278582930757,6.622383252818035,9.078099838969404,0.8789586688137413
178,22.148416532474503,22.530864197530864,23.15485775630703,8.487654320987655,7.387278582930757,6.528448738593666,8.883521202361782,0.8789586688137413
179,21.76596886741814,21.658615136876005,23.34272678475577,8.487654320987655,7.548309178743962,6.521739130434782,9.796027911969942,0.8789586688137413
180,21.87332259796028,21.604938271604937,23.047504025764894,8.474235104669887,7.5348899624261945,6.810252281266774,9.77589908749329,0.8789586688137413
181,22.034353193773484,21.524422973698336,22.906602254428343,8.420558239398819,7.722758990874933,6.769994632313473,9.742351046698873,0.8789586688137413
182,22.114868491680085,21.511003757380568,22.852925389157274,8.407139023081053,7.722758990874933,6.769994632313473,9.742351046698873,0.8789586688137413
183,21.35668276972625,21.215780998389693,25.06038647342995,7.39398819108964,7.675791733762749,6.6760601180891035,9.742351046698873,0.8789586688137413
184,21.68545356951154,21.155394524959743,24.986580783682232,7.39398819108964,7.675791733762749,6.6760601180891035,9.581320450885668,0.8454106280193237
185,21.826355340848096,21.054750402576488,24.92619431025228,7.37385936661299,7.675791733762749,6.850509930220075,9.447128287707997,0.8454106280193237
186,22.067901234567902,20.873590982286636,24.90606548577563,7.286634460547504,7.75630703166935,6.850509930220075,9.41358024691358,0.8454106280193237
187,22.18196457326892,20.833333333333332,24.879227053140095,7.286634460547504,7.7361782071927,6.723027375201288,9.514224369296834,0.8454106280193237
188,22.249060654857757,20.8064949006978,24.832259796027913,7.286634460547504,7.7361782071927,6.723027375201288,9.520933977455716,0.8454106280193237
189,22.363123993558776,20.71256038647343,24.818840579710145,7.286634460547504,7.7361782071927,6.723027375201288,9.514224369296834,0.8454106280193237
190,22.530864197530864,20.685721953837895,24.765163714439076,7.340311325818572,7.689210950080516,6.696188942565755,9.453837895866881,0.8387010198604401
191,22.17525496511004,20.531400966183575,23.919753086419753,8.628556092324208,7.689210950080516,6.494900697799249,9.722222222222221,0.8387010198604401
192,22.33628556092324,20.46430488459474,23.899624261943103,8.628556092324208,7.689210950080516,6.468062265163715,9.675254965110037,0.8387010198604401
193,22.450348899624263,20.46430488459474,23.879495437466453,8.59500805152979,7.689210950080516,6.468062265163715,9.614868491680086,0.8387010198604401
194,22.517444981213096,20.45088566827697,23.866076221148685,8.59500805152979,7.682501341921632,6.468062265163715,9.581320450885668,0.8387010198604401
195,22.457058507783145,20.38378958668814,24.490069779924852,8.581588835212024,7.340311325818572,6.353998926462695,9.567901234567902,0.8252818035426731
196,22.591250670960815,20.356951154052602,24.46323134728932,7.6556629092860975,8.279656468062266,6.3070316693505095,9.520933977455716,0.8252818035426731
197,22.638217928073,20.155662909286097,24.4296833064949,8.360171765968868,7.62211486849168,6.213097155126141,9.75577026301664,0.8252818035426731
198,22.228931830381107,20.014761137949545,25.469672571121848,8.21256038647343,7.37385936661299,6.119162640901771,9.75577026301664,0.8252818035426731
199,22.309447128287708,19.98792270531401,25.43612453032743,8.192431561996779,7.37385936661299,6.119162640901771,9.75577026301664,0.8252818035426731
200,22.517444981213096,19.94766505636071,25.335480407944175,8.192431561996779,7.37385936661299,6.078904991948471,9.728931830381105,0.8252818035426731
201,22.705314009661837,19.90740740740741,25.268384326355342,8.192431561996779,7.353730542136339,6.018518518518518,9.728931830381105,0.8252818035426731
202,22.832796564680624,19.847020933977454,25.187869028448738,8.192431561996779,7.353730542136339,5.931293612453032,9.829575952764358,0.8252818035426731
203,23.007246376811594,19.786634460547504,25.13419216317767,8.192431561996779,7.340311325818572,5.931293612453032,9.782608695652174,0.8252818035426731
204,23.161567364465917,19.753086419753085,25.09393451422437,8.185721953837897,7.340311325818572,5.857487922705314,9.782608695652174,0.8252818035426731
205,23.26892109500805,19.746376811594203,25.087224906065487,8.185721953837897,7.253086419753086,5.857487922705314,9.77589908749329,0.8252818035426731
206,23.027375201288244,18.99490069779925,24.93961352657005,8.179012345679013,8.353462157809984,6.011808910359635,9.668545356951155,0.8252818035426731
207,23.10789049919485,18.840579710144926,24.872517444981213,8.172302737520129,8.333333333333334,6.011808910359635,9.836285560923242,0.8252818035426731
208,23.161567364465917,18.793612453032743,25.147611379495437,7.971014492753623,8.279656468062266,6.011808910359635,9.829575952764358,0.8051529790660226
209,23.463499731615673,18.679549114331724,25.006709608158882,7.9106280193236715,8.252818035426731,6.112453032742888,9.769189479334408,0.8051529790660226
210,23.70504562533548,18.646001073537306,24.93961352657005,7.830112721417069,8.205850778314547,6.099033816425121,9.769189479334408,0.8051529790660226
211,23.329307568438004,17.310789049919485,24.892646269457863,7.803274288781535,10.017444981213098,6.099033816425121,9.742351046698873,0.8051529790660226
212,23.403113258185723,17.3040794417606,24.86580783682233,7.763016639828234,10.017444981213098,6.099033816425121,9.742351046698873,0.8051529790660226
213,23.51046698872786,17.2638217928073,24.86580783682233,7.7361782071927,10.017444981213098,6.099033816425121,9.702093397745571,0.8051529790660226
214,23.544015029522274,17.2638217928073,24.852388620504563,8.085077831454644,9.849704777241008,5.911164787976382,9.688674181427805,0.8051529790660226
215,23.63123993558776,16.720343531937736,24.745034889962426,8.085077831454644,9.849704777241008,6.488191089640365,9.675254965110037,0.8051529790660226
216,23.758722490606548,16.6532474503489,24.711486849168008,8.085077831454644,9.849704777241008,6.488191089640365,9.648416532474503,0.8051529790660226
217,23.95330112721417,16.304347826086957,24.610842726784757,8.017981749865807,9.77589908749329,6.890767579173376,9.64170692431562,0.8051529790660226
218,24.000268384326354,16.29092860976919,24.57729468599034,8.239398819108963,9.77589908749329,6.66935050993022,9.64170692431562,0.8051529790660226
219,24.10091250670961,16.23054213633924,24.56387546967257,8.239398819108963,9.762479871175524,6.615673644659152,9.621578099838969,0.8655394524959742
220,24.12104133118626,16.23054213633924,24.56387546967257,8.232689210950081,9.749060654857756,6.615673644659152,9.621578099838969,0.8655394524959742
221,24.020397208803004,16.223832528180353,24.44310252281267,8.232689210950081,9.77589908749329,6.615673644659152,9.856414385399892,0.8319914117015567
222,23.423242082662373,14.660493827160494,24.402844873859365,8.199141170155663,9.762479871175524,6.468062265163715,12.25174449812131,0.8319914117015567
223,23.51046698872786,14.479334406870638,24.20155662909286,8.172302737520129,10.25228126677402,6.488191089640365,12.144390767579173,0.7514761137949544
224,23.89291465378422,14.465915190552872,24.060654857756308,8.158883521202362,10.379763821792807,6.481481481481482,11.869296833064949,0.6910896403650026
225,24.08749329039184,14.31159420289855,23.89291465378422,8.11862587224906,10.950080515297907,6.602254428341385,11.345947396672035,0.6910896403650026
226,23.396403650026837,13.58695652173913,23.752012882447666,9.306226516371444,10.889694041867955,7.212828770799785,11.16478797638218,0.6910896403650026
227,23.13472893183038,13.539989264626946,23.315888352120236,9.286097691894794,10.889694041867955,7.1725711218464845,11.969940955448202,0.6910896403650026
228,23.255501878690286,13.519860440150294,23.282340311325818,9.286097691894794,10.889694041867955,7.1725711218464845,11.902844873859367,0.6910896403650026
229,23.369565217391305,13.45276435856146,23.282340311325818,9.265968867418144,10.869565217391305,7.1725711218464845,11.896135265700483,0.6910896403650026
230,23.443370907139023,13.446054750402576,23.221953837895867,9.265968867418144,10.869565217391305,7.1658615136876005,11.896135265700483,0.6910896403650026
231,23.470209339774556,13.365539452495975,23.517176596886742,9.057971014492754,10.869565217391305,7.132313472893183,11.896135265700483,0.6910896403650026
232,23.63123993558776,13.365539452495975,23.463499731615673,9.057971014492754,10.84272678475577,7.105475040257649,11.842458400429415,0.6910896403650026
233,23.792270531400966,13.16425120772947,23.396403650026837,9.044551798174986,11.077563070316694,7.105475040257649,11.728395061728396,0.6910896403650026
234,23.852657004830917,13.16425120772947,23.389694041867955,9.03113258185722,11.037305421363392,7.105475040257649,11.728395061728396,0.6910896403650026
235,23.906333870101985,13.150831991411701,23.30246913580247,9.01100375738057,11.117820719269995,7.092055823939882,11.728395061728396,0.6910896403650026
236,24.14787976382179,13.150831991411701,23.18840579710145,8.876811594202898,11.097691894793345,7.085346215780999,11.761943102522812,0.6910896403650026
237,24.228395061728396,13.137412775093935,23.1280193236715,8.876811594202898,11.09098228663446,7.085346215780999,11.761943102522812,0.6910896403650026
238,24.402844873859365,13.09044551798175,23.1280193236715,8.829844337090714,11.057434245840042,7.0383789586688135,11.761943102522812,0.6910896403650026
239,24.214975845410628,12.681159420289855,23.10789049919485,8.816425120772946,11.90955448201825,6.863929146537842,11.714975845410628,0.6910896403650026
240,24.261943102522814,12.667740203972087,23.09447128287708,8.816425120772946,11.896135265700483,6.863929146537842,11.708266237251744,0.6910896403650026
241,24.44981213097155,12.52012882447665,23.09447128287708,8.809715512614064,11.896135265700483,6.843800322061192,11.694847020933977,0.6910896403650026
242,24.550456253354803,12.47987117552335,23.05421363392378,8.816425120772946,11.896135265700483,6.830381105743425,11.681427804616211,0.6910896403650026
243,24.14787976382179,12.265163714439076,23.557434245840042,9.172034353193773,11.728395061728396,6.823671497584541,11.614331723027375,0.6910896403650026
244,24.194847020933977,12.06387546967257,23.463499731615673,9.172034353193773,11.949812130971551,6.756575415995706,11.855877616747183,0.5434782608695652
245,24.27536231884058,12.06387546967257,23.43666129898014,9.138486312399356,11.949812130971551,6.736446591519055,11.855877616747183,0.5434782608695652
246,24.422973698336016,12.037037037037036,23.329307568438004,9.138486312399356,11.949812130971551,6.736446591519055,11.842458400429415,0.5434782608695652
247,24.57729468599034,12.02361782071927,23.30246913580247,9.05126140633387,11.929683306494901,6.729736983360172,11.842458400429415,0.5434782608695652
248,24.912775093934513,11.996779388083736,23.14814814814815,8.997584541062801,11.829039184111648,6.729736983360172,11.842458400429415,0.5434782608695652
249,24.94632313472893,11.996779388083736,23.141438539989263,8.997584541062801,11.829039184111648,6.716317767042405,11.829039184111648,0.5434782608695652
250,25.214707461084274,11.956521739130435,23.07434245840043,8.997584541062801,11.688137412775093,6.709608158883521,11.81561996779388,0.5434782608695652
251,25.301932367149757,11.956521739130435,23.07434245840043,8.950617283950617,11.681427804616211,6.709608158883521,11.782071926999464,0.5434782608695652
252,25.161030595813205,11.869296833064949,22.886473429951693,9.541062801932368,11.533816425120772,6.9243156199677935,11.553945249597424,0.5300590445517982
253,25.013419216317768,11.855877616747183,21.812936124530328,10.909822866344605,11.439881910896403,6.9243156199677935,11.513687600644122,0.5300590445517982
254,24.792002147074612,11.849168008588299,22.10144927536232,10.909822866344605,11.406333870101985,6.89747718733226,11.513687600644122,0.5300590445517982
255,24.88593666129898,11.849168008588299,22.067901234567902,10.889694041867955,11.399624261943103,6.884057971014493,11.506977992485238,0.5166398282340311
256,24.966451959205582,11.849168008588299,22.034353193773484,10.84272678475577,11.399624261943103,6.884057971014493,11.506977992485238,0.5166398282340311
257,24.973161567364468,11.849168008588299,22.034353193773484,10.84272678475577,11.399624261943103,6.884057971014493,11.500268384326356,0.5166398282340311
258,25.06038647342995,11.829039184111648,22.000805152979066,10.809178743961352,11.399624261943103,6.884057971014493,11.500268384326356,0.5166398282340311
259,25.161030595813205,11.808910359634996,21.987385936661298,10.768921095008052,11.372785829307569,6.884057971014493,11.500268384326356,0.5166398282340311
260,25.32206119162641,11.714975845410628,21.87332259796028,10.768921095008052,11.500268384326356,6.823671497584541,11.480139559849706,0.5166398282340311
261,25.201288244766506,11.654589371980677,21.85319377348363,10.768921095008052,11.714975845410628,6.823671497584541,11.466720343531938,0.5166398282340311
262,25.429414922168544,11.540526033279656,21.812936124530328,10.742082662372518,11.674718196457327,6.816961889425658,11.466720343531938,0.5166398282340311
263,25.5703166935051,11.533816425120772,21.79951690821256,10.7085346215781,11.647879763821793,6.796833064949007,11.426462694578637,0.5166398282340311
264,25.623993558776167,11.533816425120772,21.75925925925926,10.695115405260333,11.647879763821793,6.796833064949007,11.426462694578637,0.5166398282340311
265,25.603864734299517,11.533816425120772,21.812936124530328,10.661567364465915,11.647879763821793,6.796833064949007,11.426462694578637,0.5166398282340311
266,25.744766505636072,11.3191089640365,21.73913043478261,11.493558776167472,11.614331723027375,6.400966183574879,11.171497584541063,0.5166398282340311
267,25.925925925925927,11.258722490606548,21.658615136876005,11.493558776167472,11.600912506709609,6.400966183574879,11.144659151905529,0.5166398282340311
268,26.113794954374665,11.238593666129898,21.55126140633387,11.258722490606548,11.58749329039184,6.367418142780462,11.366076221148685,0.5166398282340311
269,26.140633387010197,11.238593666129898,21.524422973698336,11.258722490606548,11.58749329039184,6.367418142780462,11.366076221148685,0.5166398282340311
270,26.288244766505635,11.171497584541063,21.504294149221685,11.258722490606548,11.54723564143854,6.360708534621578,11.352657004830919,0.5166398282340311
271,26.50295222758991,11.144659151905529,21.3768115942029,11.258722490606548,11.520397208803006,6.333870101986044,11.345947396672035,0.5166398282340311
272,26.46940418679549,11.144659151905529,21.095008051529792,11.258722490606548,11.60762211486849,6.320450885668277,11.58749329039184,0.5166398282340311
273,26.744498121309714,11.124530327428879,21.041331186258724,11.231884057971014,11.60762211486849,6.293612453032743,11.439881910896403,0.5166398282340311
274,26.818303811057433,11.104401502952227,20.954106280193237,11.460010735373054,11.60762211486849,6.293612453032743,11.245303274288782,0.5166398282340311
275,26.247987117552334,10.923242082662373,20.705850778314545,13.962694578636608,10.265700483091788,6.260064412238325,11.117820719269995,0.5166398282340311
276,26.442565754159958,10.889694041867955,20.705850778314545,13.828502415458937,10.258990874932904,6.260064412238325,11.097691894793345,0.5166398282340311
277,26.576757917337627,10.86285560923242,20.699141170155663,13.774825550187868,10.23215244229737,6.260064412238325,11.077563070316694,0.5166398282340311
278,26.717659688674182,10.782340311325818,20.645464304884594,14.016371443907676,10.352925389157273,6.246645195920558,10.721953837895867,0.5166398282340311
279,26.858561460010737,10.7085346215781,20.618625872249062,14.170692431561998,10.339506172839506,6.219806763285024,10.567632850241546,0.5166398282340311
280,27.234299516908212,10.695115405260333,20.363660762211488,14.076757917337627,10.601180891035963,6.005099302200751,10.554213633923778,0.46967257112184646
281,27.851583467525497,10.607890499194847,20.189210950080515,13.935856146001074,10.520665593129362,5.9447128287707995,10.48040794417606,0.46967257112184646
282,28.37493290391841,10.601180891035963,20.155662909286097,13.841921631776705,10.312667740203972,5.83064949006978,10.413311862587225,0.46967257112184646
