,45,50,55,53,51,52,56,54,58,57,59
0,92.28395061728395,7.716049382716049,,,,,,,,,
1,84.09151905528716,15.908480944712828,,,,,,,,,
2,79.71014492753623,20.28985507246377,,,,,,,,,
3,77.26113794954375,22.73886205045625,,,,,,,,,
4,77.18733225979602,22.6784755770263,0.13419216317767044,,,,,,,,
5,76.44256575415996,20.128824476650564,0.46967257112184646,2.9589371980676327,,,,,,,
6,75.39586688137413,21.175523349436393,0.46967257112184646,2.9589371980676327,,,,,,,
7,71.10842726784756,11.312399355877616,0.43612453032742887,1.5029522275899088,15.640096618357488,,,,,,
8,68.25013419216317,10.829307568438002,0.43612453032742887,9.03113258185722,11.332528180354267,0.12077294685990338,,,,,
9,68.31052066559313,10.802469135802468,0.4294149221685454,9.017713365539452,11.3191089640365,0.12077294685990338,,,,,
10,56.81025228126678,22.383252818035427,0.4294149221685454,8.984165324745035,11.272141706924316,0.12077294685990338,,,,,
11,48.148148148148145,32.17928073000537,0.4294149221685454,7.877079978529254,11.117820719269995,0.12077294685990338,0.1274825550187869,,,,
12,48.2085346215781,32.00483091787439,0.4294149221685454,7.877079978529254,11.104401502952227,0.12077294685990338,0.1274825550187869,0.1274825550187869,,,
13,39.47933440687064,40.52603327965647,0.4294149221685454,7.863660762211487,11.104401502952227,0.12077294685990338,0.1274825550187869,0.3488996242619431,,,
14,39.700751476113794,40.465646806226516,0.4294149221685454,7.836822329575953,10.970209339774557,0.12077294685990338,0.1274825550187869,0.3488996242619431,,,
15,39.91545893719807,40.27777777777778,0.4294149221685454,7.809983896940419,10.970209339774557,0.12077294685990338,0.1274825550187869,0.3488996242619431,,,
16,39.89533011272142,40.19055287171229,0.4294149221685454,7.809983896940419,9.198872785829307,0.12077294685990338,0.07380568974771873,2.281266774020397,,,
17,40.19055287171229,39.91545893719807,0.4294149221685454,7.796564680622652,9.078099838969404,0.12077294685990338,0.1878690284487386,2.281266774020397,,,
18,35.809178743961354,24.382716049382715,0.4294149221685454,4.367954911433173,32.45437466451959,0.12077294685990338,0.1878690284487386,2.24771873322598,,,
19,35.88298443370907,24.342458400429415,0.4294149221685454,4.367954911433173,32.420826623725176,0.12077294685990338,0.1878690284487386,2.24771873322598,,,
20,36.06414385399893,23.161567364465917,0.4294149221685454,4.334406870638754,32.21282877079979,1.2278582930756843,0.322061191626409,2.24771873322598,,,
21,36.10440150295223,20.417337627482556,0.4294149221685454,6.769994632313473,31.488191089640367,1.2278582930756843,0.322061191626409,3.240740740740741,,,
22,36.06414385399893,20.101986044015028,0.4294149221685454,6.743156199677939,31.85721953837896,1.1272141706924315,0.43612453032742887,3.240740740740741,,,
23,36.11782071926999,20.101986044015028,0.4294149221685454,6.702898550724638,31.843800322061192,1.1272141706924315,0.43612453032742887,3.240740740740741,,,
24,31.5150295222759,31.52173913043478,0.4294149221685454,6.702898550724638,25.05367686527107,1.1272141706924315,0.4092860976918948,3.240740740740741,,,
25,28.837895866881375,34.286097691894796,0.4294149221685454,6.5552871712292005,24.805421363392377,1.1272141706924315,0.4092860976918948,3.549382716049383,,,
26,28.12667740203972,34.655126140633385,0.4294149221685454,6.5552871712292005,24.61755233494364,1.6572732152442298,0.4092860976918948,3.549382716049383,,,
27,28.06629092860977,33.20585077831455,0.3153515834675255,8.440687063875469,23.17498658078368,1.6572732152442298,0.2952227589908749,4.8443370907139025,,,
28,26.670692431561996,34.695383789586685,0.3153515834675255,8.440687063875469,23.1280193236715,1.6572732152442298,0.2952227589908749,4.797369833601718,,,
29,26.798174986580783,34.594739667203434,0.3153515834675255,8.433977455716587,23.121309715512613,1.6572732152442298,0.2952227589908749,4.783950617283951,,,
30,22.685185185185187,39.19753086419753,0.3153515834675255,8.024691358024691,23.060923242082662,1.6572732152442298,0.27509393451422437,4.783950617283951,,,
31,23.101180891035963,39.090177133655395,0.30864197530864196,7.944176060118089,22.86634460547504,1.6572732152442298,0.27509393451422437,4.757112184648417,,,
32,23.1682769726248,38.446054750402574,0.30864197530864196,6.629092860976919,24.818840579710145,1.6304347826086956,0.27509393451422437,4.723564143853999,,,
33,20.558239398819108,40.49248523886205,0.30193236714975846,7.581857219538379,24.436392914653783,1.6304347826086956,0.27509393451422437,4.723564143853999,,,
34,19.370638754696724,35.507246376811594,0.8588298443370908,7.0383789586688135,29.320987654320987,1.6304347826086956,0.2281266774020397,6.045356951154052,,,
35,18.59903381642512,28.629898013955984,0.8588298443370908,7.024959742351046,35.35292538915727,1.6304347826086956,1.8585614600107354,6.045356951154052,,,
36,17.941492216854535,28.361513687600645,0.8588298443370908,7.024959742351046,36.2788513150832,1.6304347826086956,1.8585614600107354,6.045356951154052,,,
37,18.089103596349972,28.267579173376276,2.086688137412775,6.971282877079979,35.27241009125067,1.6304347826086956,1.8518518518518519,5.83064949006978,,,
38,18.283682232957595,28.166935050993022,2.0531400966183573,6.971282877079979,35.21202361782072,1.6304347826086956,1.8518518518518519,5.83064949006978,,,
39,17.330917874396135,29.30756843800322,2.0531400966183573,6.9243156199677935,35.138217928073,1.6304347826086956,1.8518518518518519,5.763553408480945,,,
40,17.418142780461622,29.320987654320987,2.0531400966183573,6.843800322061192,34.54777241009125,1.6304347826086956,2.4020397208803006,5.730005367686527,0.05367686527106817,,
41,17.53220611916264,29.320987654320987,2.0531400966183573,6.816961889425658,34.46725711218465,1.6304347826086956,2.4020397208803006,5.723295759527644,0.05367686527106817,,
42,17.612721417069242,28.495705850778315,2.0531400966183573,6.816961889425658,33.85668276972625,1.6304347826086956,2.4020397208803006,7.078636607622115,0.05367686527106817,,
43,15.908480944712828,28.213902308105208,2.4691358024691357,2.9790660225442833,42.223564143854,1.6304347826086956,0.6172839506172839,5.9514224369296835,0.0067096081588835215,,
44,16.129898013955984,27.865002683843265,2.4557165861513686,4.300858829844337,41.096349973161566,1.596886741814278,0.6172839506172839,5.931293612453032,0.0067096081588835215,,
45,16.163446054750402,27.4020397208803,2.4355877616747184,7.803274288781535,37.265163714439076,1.596886741814278,2.0933977455716586,5.233494363929147,0.0067096081588835215,,
46,16.317767042404725,27.355072463768117,2.4355877616747184,7.803274288781535,37.224906065485776,1.596886741814278,2.059849704777241,5.199946323134729,0.0067096081588835215,,
47,16.404991948470208,27.18733225979603,2.4355877616747184,8.68894256575416,34.76247987117552,1.583467525496511,1.0265700483091786,7.9039184111647875,0.0067096081588835215,,
48,16.49892646269458,27.046430488459475,2.4355877616747184,8.776167471819646,34.72222222222222,1.583467525496511,1.0265700483091786,7.9039184111647875,0.0067096081588835215,,
49,16.552603327965645,27.006172839506174,2.4355877616747184,9.702093397745571,33.782877079978526,1.583467525496511,1.0265700483091786,7.9039184111647875,0.0067096081588835215,,
50,16.740472356414386,26.952495974235106,2.4154589371980677,9.681964573268921,33.69565217391305,1.583467525496511,1.0265700483091786,7.897208803005904,0.0067096081588835215,,
51,16.881374127750938,26.939076757917338,2.4154589371980677,9.681964573268921,33.58829844337091,1.583467525496511,1.0265700483091786,7.877079978529254,0.0067096081588835215,,
52,17.008856682769725,26.89210950080515,2.4154589371980677,9.64170692431562,33.56816961889426,1.583467525496511,1.0265700483091786,7.856951154052603,0.0067096081588835215,,
53,16.982018250134193,26.878690284487387,2.4154589371980677,8.581588835212024,33.19243156199678,3.066290928609769,1.0265700483091786,7.85024154589372,0.0067096081588835215,,
54,16.854535695115406,26.46940418679549,2.4154589371980677,9.749060654857756,32.57514761137949,3.066290928609769,1.0265700483091786,7.836822329575953,0.0067096081588835215,,
55,16.82769726247987,25.959473966720342,2.4154589371980677,11.500268384326356,32.49463231347289,3.066290928609769,1.0265700483091786,6.702898550724638,0.0067096081588835215,,
56,16.1231884057971,29.74369296833065,2.4020397208803006,10.339506172839506,30.589103596349972,3.066290928609769,1.0265700483091786,6.702898550724638,0.0067096081588835215,,
57,16.21712292002147,29.71014492753623,2.4020397208803006,10.339506172839506,30.555555555555557,3.0394524959742353,1.0265700483091786,6.702898550724638,0.0067096081588835215,,
58,13.553408480944713,27.91867954911433,2.4020397208803006,9.782608695652174,36.862587224906065,1.583467525496511,0.8789586688137413,7.011540526033279,0.0067096081588835215,,
59,13.734567901234568,27.831454643048847,2.4020397208803006,9.769189479334408,36.66129898013956,1.556629092860977,1.0265700483091786,7.011540526033279,0.0067096081588835215,,
60,13.862050456253355,27.75764895330113,3.730542136339238,9.675254965110037,35.54079441760601,1.556629092860977,0.8588298443370908,7.011540526033279,0.0067096081588835215,,
61,13.976113794954374,27.730810520665592,3.69699409554482,9.675254965110037,35.507246376811594,1.556629092860977,0.8588298443370908,6.991411701556629,0.0067096081588835215,,
62,14.103596349973161,26.241277509393452,3.69699409554482,10.63472893183038,36.79549114331723,1.556629092860977,0.7716049382716049,6.1929683306494905,0.0067096081588835215,,
63,14.371980676328503,26.120504562533547,3.69699409554482,10.63472893183038,36.292270531400966,1.556629092860977,1.247987117552335,6.072195383789587,0.0067096081588835215,,
64,14.573268921095009,26.080246913580247,3.69699409554482,10.601180891035963,36.191626409017715,1.556629092860977,1.247987117552335,6.045356951154052,0.0067096081588835215,,
65,12.909286097691895,20.115405260332796,3.4286097691894795,8.601717659688674,47.517444981213096,1.932367149758454,1.1808910359634996,4.30756843800322,0.0067096081588835215,,
66,13.22463768115942,20.075147611379496,3.193773483628556,9.07139023081052,47.134997316156735,1.8518518518518519,1.1473429951690821,4.294149221685454,0.0067096081588835215,,
67,13.325281803542673,20.041599570585078,3.193773483628556,9.064680622651638,45.71926999463231,3.3950617283950617,1.1473429951690821,4.106280193236715,0.0067096081588835215,,
68,13.6406333870102,19.94766505636071,3.193773483628556,9.064680622651638,45.276435856146,3.3950617283950617,1.2077294685990339,4.26731078904992,0.0067096081588835215,,
69,14.029790660225443,19.93424584004294,3.797638217928073,8.917069243156199,44.36392914653784,3.3950617283950617,1.3150831991411702,4.240472356414386,0.0067096081588835215,,
70,14.15727321524423,19.900697799248523,3.784219001610306,8.876811594202898,44.32367149758454,3.3950617283950617,1.3150831991411702,4.240472356414386,0.0067096081588835215,,
71,14.371980676328503,19.87385936661299,3.7640901771336552,8.816425120772946,44.216317767042405,3.3950617283950617,1.3150831991411702,4.240472356414386,0.0067096081588835215,,
72,14.36527106816962,18.88083735909823,3.717122920021471,7.367149758454106,46.77938808373591,3.361513687600644,1.3083735909822867,4.213633923778851,0.0067096081588835215,,
73,11.54723564143854,24.14117015566291,2.932098765432099,7.286634460547504,45.40391841116479,3.361513687600644,1.1205045625335481,4.200214707461084,0.0067096081588835215,,
74,11.83574879227053,24.013687600644122,2.932098765432099,7.273215244229737,45.289855072463766,3.361513687600644,1.1205045625335481,4.166666666666667,0.0067096081588835215,,
75,12.030327428878154,23.8191089640365,3.321256038647343,7.266505636070853,44.907407407407405,3.361513687600644,1.1205045625335481,4.166666666666667,0.0067096081588835215,,
76,12.204777241009126,23.718464841653248,3.3145464304884595,8.232689210950081,43.874127750939344,3.361513687600644,1.1205045625335481,4.166666666666667,0.0067096081588835215,,
77,12.526838432635534,23.658078368223297,3.3145464304884595,8.051529790660226,43.79361245303274,3.361513687600644,1.1205045625335481,4.166666666666667,0.0067096081588835215,,
78,12.506709608158884,23.637949543746647,3.3145464304884595,8.360171765968868,43.70638754696726,3.361513687600644,1.0466988727858293,4.05931293612453,0.0067096081588835215,,
79,12.681159420289855,23.59098228663446,3.3145464304884595,8.32662372517445,43.612453032742884,3.361513687600644,1.0466988727858293,4.05931293612453,0.0067096081588835215,,
80,12.681159420289855,23.007246376811594,3.207192699946323,8.313204508856682,41.056092324208265,6.622383252818035,1.0466988727858293,4.05931293612453,0.0067096081588835215,,
81,12.795222758990874,22.86634460547504,3.2004830917874396,8.199141170155663,39.52630166398282,8.299785292538916,1.0466988727858293,4.05931293612453,0.0067096081588835215,,
82,11.976650563607086,21.027911969940956,3.1870638754696725,8.172302737520129,43.76677402039721,6.756575415995706,1.0466988727858293,4.05931293612453,0.0067096081588835215,,
83,11.41304347826087,20.987654320987655,2.4355877616747184,8.165593129361245,38.25147611379496,14.070048309178745,1.0466988727858293,3.6231884057971016,0.0067096081588835215,,
84,11.560654857756306,20.98094471282877,2.4355877616747184,8.165593129361245,38.157541599570585,14.070048309178745,1.0466988727858293,3.5762211486849167,0.0067096081588835215,,
85,11.721685453569512,20.947396672034355,2.4355877616747184,8.13875469672571,38.1105743424584,14.016371443907676,1.0466988727858293,3.5762211486849167,0.0067096081588835215,,
86,11.829039184111648,20.947396672034355,2.408749329039184,9.286097691894794,36.75523349436393,13.996242619431026,1.1943102522812667,3.5762211486849167,0.0067096081588835215,,
87,11.896135265700483,20.947396672034355,2.408749329039184,11.54723564143854,34.90338164251208,13.546698872785829,1.1943102522812667,3.549382716049383,0.0067096081588835215,,
88,12.144390767579173,20.819914117015568,2.408749329039184,11.54723564143854,34.82286634460547,13.526570048309178,1.1943102522812667,3.5292538915727323,0.0067096081588835215,,
89,11.855877616747183,19.32367149758454,1.9994632313472893,11.513687600644122,36.090982286634464,14.63365539452496,1.1943102522812667,3.3816425120772946,0.0067096081588835215,,
90,11.949812130971551,19.32367149758454,3.180354267310789,11.16478797638218,35.48040794417606,14.593397745571659,0.9192163177670424,3.3816425120772946,0.0067096081588835215,,
91,11.366076221148685,15.432098765432098,2.9924852388620504,10.567632850241546,40.98228663446055,14.452495974235104,0.9192163177670424,3.280998389694042,0.0067096081588835215,,
92,11.258722490606548,14.949006977992486,2.7442297369833604,10.540794417606012,42.08266237251745,14.398819108964037,0.7380568974771873,3.280998389694042,0.0067096081588835215,,
93,10.198604401502953,14.110305958132045,2.677133655394525,10.071121846484166,42.20343531937735,14.392109500805153,0.7313472893183038,5.609232420826624,0.0067096081588835215,,
94,10.44015029522276,14.096886741814279,2.6502952227589907,10.044283413848632,42.09608158883521,14.36527106816962,0.7313472893183038,5.5689747718733225,0.0067096081588835215,,
95,8.333333333333334,8.514492753623188,1.4492753623188406,6.213097155126141,59.38674181427805,12.238325281803542,0.7313472893183038,3.126677402039721,0.0067096081588835215,,
96,8.474235104669887,8.501073537305421,1.4492753623188406,8.179012345679013,56.072195383789584,13.513150831991412,0.7313472893183038,3.0730005367686526,0.0067096081588835215,,
97,8.662104133118627,8.501073537305421,1.4358561460010735,8.179012345679013,55.89774557165862,13.513150831991412,0.7313472893183038,3.0730005367686526,0.0067096081588835215,,
98,8.400429414922169,6.971282877079979,1.4358561460010735,8.179012345679013,54.97852925389157,16.223832528180353,0.7313472893183038,3.0730005367686526,0.0067096081588835215,,
99,8.715780998389693,6.971282877079979,1.6774020397208802,8.158883521202362,54.26060118089104,16.210413311862588,0.9259259259259259,3.0730005367686526,0.0067096081588835215,,
100,8.896940418679549,6.971282877079979,2.13365539452496,8.13875469672571,53.52925389157273,16.190284487385938,1.0601180891035964,3.0730005367686526,0.0067096081588835215,,
101,9.151905528717123,6.971282877079979,3.2206119162640903,8.13875469672571,52.48926462694579,15.888352120236178,1.0601180891035964,3.0730005367686526,0.0067096081588835215,,
102,9.447128287707997,6.863929146537842,3.2206119162640903,8.105206655931294,52.38862050456253,15.458937198067632,1.2010198604401503,3.0730005367686526,0.24154589371980675,,
103,9.574610842726784,6.823671497584541,3.2206119162640903,8.105206655931294,52.34836285560923,15.418679549114332,1.2010198604401503,3.066290928609769,0.24154589371980675,,
104,9.863123993558776,6.776704240472356,3.2206119162640903,8.091787439613526,52.17391304347826,15.371712292002147,1.2010198604401503,3.0595813204508855,0.24154589371980675,,
105,10.104669887278583,6.776704240472356,3.2206119162640903,8.011272141706923,52.07997852925389,15.324745034889963,1.2010198604401503,3.0595813204508855,0.2214170692431562,,
106,10.326086956521738,6.776704240472356,3.1535158346752548,7.977724100912507,51.45598497047772,15.83467525496511,1.2010198604401503,3.052871712292002,0.2214170692431562,,
107,10.433440687063875,6.763285024154589,4.361245303274289,8.601717659688674,48.41653247450349,15.74074074074074,1.2010198604401503,4.260601180891036,0.2214170692431562,,
108,10.648148148148149,6.642512077294686,4.508856682769726,8.601717659688674,47.014224369296834,17.277241009125067,1.2010198604401503,3.8848631239935587,0.2214170692431562,,
109,10.513955984970478,6.642512077294686,4.508856682769726,10.86285560923242,45.56494900697799,17.19001610305958,1.1473429951690821,3.3480944712828773,0.2214170692431562,,
110,10.782340311325818,6.642512077294686,4.508856682769726,10.86285560923242,45.41733762748255,17.06924315619968,1.1473429951690821,3.3480944712828773,0.2214170692431562,,
111,10.748792270531402,6.481481481481482,4.4820182501341925,10.86285560923242,45.6857219538379,17.022275899087493,1.1473429951690821,3.3480944712828773,0.2214170692431562,,
112,10.970209339774557,6.481481481481482,4.4820182501341925,10.84272678475577,45.48443370907139,17.022275899087493,1.1473429951690821,3.3480944712828773,0.2214170692431562,,
113,11.345947396672035,6.481481481481482,4.455179817498658,10.84272678475577,45.229468599033815,17.002147074610843,1.1473429951690821,3.2742887815351582,0.2214170692431562,,
114,11.513687600644122,6.474771873322598,4.455179817498658,10.802469135802468,45.169082125603865,16.968599033816425,1.1205045625335481,3.2742887815351582,0.2214170692431562,,
115,9.903381642512077,5.052334943639291,3.0730005367686526,9.41358024691358,53.54938271604938,14.600107353730541,1.0802469135802468,3.1065485775630703,0.2214170692431562,,
116,10.064412238325282,5.052334943639291,3.0730005367686526,9.400161030595813,53.40177133655394,14.600107353730541,1.0802469135802468,3.1065485775630703,0.2214170692431562,,
117,10.292538915727322,4.851046698872786,3.0730005367686526,9.601449275362318,53.274288781535155,14.49946323134729,1.0802469135802468,3.1065485775630703,0.2214170692431562,,
118,7.03166935050993,46.866612989801396,1.4694041867954912,2.9253891572732154,33.95061728395062,6.293612453032743,0.4294149221685454,1.0332796564680622,,,
119,7.058507783145465,44.639023081052066,2.0128824476650564,2.3617820719269993,28.978797638217927,12.419484702093397,0.4294149221685454,2.100107353730542,,,
120,7.139023081052066,43.82716049382716,2.7844873859366612,2.3617820719269993,28.938539989264626,12.419484702093397,0.4294149221685454,2.100107353730542,,,
121,7.39398819108964,43.82716049382716,2.7777777777777777,2.3617820719269993,28.710413311862588,12.399355877616747,0.4294149221685454,2.100107353730542,,,
122,7.675791733762749,43.72651637144391,2.7777777777777777,2.3617820719269993,28.61647879763822,12.218196457326892,0.4294149221685454,2.1940418679549114,,,
123,7.809983896940419,43.646001073537306,2.757648953301127,2.3617820719269993,28.59634997316157,12.204777241009126,0.4294149221685454,2.1940418679549114,,,
124,7.9039184111647875,43.625872249060656,2.7106816961889426,2.3617820719269993,28.569511540526033,12.204777241009126,0.4294149221685454,2.1940418679549114,,,
125,7.971014492753623,43.592324208266234,2.690552871712292,2.3617820719269993,28.56280193236715,12.198067632850242,0.4294149221685454,2.1940418679549114,,,
126,8.400429414922169,43.31723027375201,2.690552871712292,2.3617820719269993,28.488996242619432,12.144390767579173,0.4294149221685454,2.167203435319377,,,
127,8.527911969940956,43.27026301663983,2.6838432635534084,2.3550724637681157,28.052871712292003,12.090713902308105,0.8521202361782072,2.167203435319377,,,
128,7.944176060118089,42.93478260869565,3.9989264626945786,2.2946859903381642,27.72410091250671,12.090713902308105,0.8454106280193237,2.167203435319377,,,
129,8.105206655931294,42.84084809447128,4.569243156199678,2.2946859903381642,27.13365539452496,12.070585077831455,0.8454106280193237,2.1403650026838434,,,
130,8.031400966183575,42.09608158883521,4.53569511540526,4.488727858293076,26.113794954374665,13.251476113794954,0.8454106280193237,0.6374127750939346,,,
131,8.179012345679013,40.58641975308642,7.071926999463232,4.4820182501341925,25.41599570585078,13.083735909822867,0.5434782608695652,0.6374127750939346,,,
132,7.991143317230274,39.412238325281805,7.0450885668276975,4.4820182501341925,25.758185721953836,13.083735909822867,0.5434782608695652,1.6841116478797638,,,
133,8.132045088566828,39.28475577026302,7.14573268921095,4.461889425657541,27.355072463768117,11.392914653784219,0.5434782608695652,1.6841116478797638,,,
134,8.400429414922169,39.12372517444981,7.14573268921095,4.461889425657541,27.26113794954375,11.379495437466453,0.5434782608695652,1.6841116478797638,,,
135,8.581588835212024,38.821792807300056,7.125603864734299,4.435050993022007,26.979334406870638,11.345947396672035,1.0265700483091786,1.6841116478797638,,,
136,9.125067096081589,38.31857219538379,7.105475040257649,4.300858829844337,25.885668276972623,11.2788513150832,2.301395598497048,1.6841116478797638,,,
137,9.50751476113795,38.137412775093935,7.105475040257649,5.669618894256575,25.087224906065487,10.513955984970478,2.2946859903381642,1.6841116478797638,,,
138,9.722222222222221,38.036768652710684,7.0383789586688135,5.642780461621041,25.087224906065487,10.513955984970478,2.2745571658615136,1.6841116478797638,,,
139,9.265968867418144,37.29200214707461,7.306763285024155,5.629361245303274,26.570048309178745,10.406602254428341,2.0263016639828235,1.5029522275899088,,,
140,9.460547504025765,37.265163714439076,7.212828770799785,5.615942028985507,26.50966183574879,10.406602254428341,2.0263016639828235,1.5029522275899088,,,
141,9.708803005904455,37.19135802469136,7.212828770799785,5.615942028985507,26.442565754159958,10.326086956521738,1.9994632313472893,1.5029522275899088,,,
142,9.96376811594203,37.144390767579175,7.118894256575416,5.60252281266774,26.39559849704777,10.272410091250672,1.9994632313472893,1.5029522275899088,,,
143,8.293075684380032,15.210681696188942,3.388352120236178,5.025496511003757,53.247450348899626,9.789318303811058,3.5963499731615673,1.4492753623188406,,,
144,8.507783145464305,15.183843263553408,3.388352120236178,5.005367686527107,52.81803542673108,9.789318303811058,3.3548040794417604,1.4492753623188406,,0.5032206119162641,
145,8.68894256575416,15.143585614600108,3.3548040794417604,5.005367686527107,52.73752012882448,9.762479871175524,3.3548040794417604,1.4492753623188406,,0.5032206119162641,
146,8.964036500268385,15.143585614600108,3.3548040794417604,4.978529253891573,52.54965110037574,9.742351046698873,3.3279656468062266,1.4358561460010735,,0.5032206119162641,
147,9.25925925925926,15.049651100375739,3.3548040794417604,4.978529253891573,52.36849168008588,9.722222222222221,3.3279656468062266,1.4358561460010735,,0.5032206119162641,
148,9.359903381642512,15.049651100375739,3.3548040794417604,4.978529253891573,52.341653247450346,9.695383789586689,3.3279656468062266,1.3888888888888888,,0.5032206119162641,
149,9.514224369296834,15.002683843263553,3.3548040794417604,4.978529253891573,52.234299516908216,9.695383789586689,3.3279656468062266,1.3888888888888888,,0.5032206119162641,
150,9.749060654857756,14.969135802469136,3.3548040794417604,4.978529253891573,52.08668813741278,9.64170692431562,3.3279656468062266,1.3888888888888888,,0.5032206119162641,
151,9.655126140633387,14.969135802469136,3.3548040794417604,4.9718196457326895,48.87278582930757,9.339774557165862,5.428073000536768,2.9052603327965647,,0.5032206119162641,
152,9.500805152979066,14.184111647879764,3.3548040794417604,4.9718196457326895,48.148148148148145,9.339774557165862,7.092055823939882,2.9052603327965647,,0.5032206119162641,
153,9.608158883521202,14.150563607085346,3.3548040794417604,4.9718196457326895,48.107890499194845,9.339774557165862,7.058507783145465,2.9052603327965647,,0.5032206119162641,
154,9.688674181427805,13.982823403113258,2.8650026838432634,12.144390767579173,40.88164251207729,8.984165324745035,8.313204508856682,2.9052603327965647,,0.23483628556092323,
155,9.789318303811058,13.962694578636608,2.8650026838432634,12.117552334943639,40.365002683843265,8.984165324745035,8.776167471819646,2.9052603327965647,,0.23483628556092323,
156,10.138217928073,13.962694578636608,2.8515834675254963,12.110842726784755,39.781266774020395,8.883521202361782,9.151905528717123,2.898550724637681,,0.2214170692431562,
157,10.25228126677402,13.94927536231884,2.8515834675254963,12.097423510466989,39.72758990874933,8.849973161567364,9.151905528717123,2.898550724637681,,0.2214170692431562,
158,10.446859903381643,13.882179280730005,2.831454643048846,12.070585077831455,39.65378421900161,8.849973161567364,9.151905528717123,2.8918411164787976,,0.2214170692431562,
159,10.547504025764896,13.882179280730005,2.831454643048846,12.04374664519592,39.61352657004831,8.82313472893183,9.145195920558239,2.8918411164787976,,0.2214170692431562,
160,10.916532474503489,13.768115942028986,2.831454643048846,12.04374664519592,39.40552871712292,8.668813741277509,9.111647879763822,2.8918411164787976,,0.36231884057971014,
161,11.124530327428879,13.667471819645733,2.831454643048846,12.037037037037036,39.31159420289855,8.668813741277509,9.104938271604938,2.8918411164787976,,0.36231884057971014,
162,11.198336017176597,13.667471819645733,2.831454643048846,12.037037037037036,39.23778851315083,8.668813741277509,9.104938271604938,2.8918411164787976,,0.36231884057971014,
163,11.305689747718732,13.667471819645733,2.831454643048846,12.010198604401502,39.18411164787977,8.655394524959743,9.091519055287172,2.8918411164787976,,0.36231884057971014,
164,11.513687600644122,13.633923778851315,2.8113258185721954,11.90955448201825,39.170692431561996,8.641975308641975,9.064680622651638,2.8918411164787976,,0.36231884057971014,
165,11.654589371980677,13.613794954374665,2.8113258185721954,11.81561996779388,37.97638217928073,8.588298443370908,9.997316156736447,2.8918411164787976,,0.6508319914117016,
166,11.896135265700483,13.593666129898015,2.7979066022544283,11.761943102522812,37.8690284487386,8.561460010735374,9.977187332259795,2.8918411164787976,,0.6508319914117016,
167,12.151100375738057,13.56682769726248,2.791196994095545,11.701556629092861,37.546967257112186,8.53462157809984,9.842995169082126,2.8918411164787976,,0.9728931830381106,
168,12.372517444981213,13.506441223832528,2.7777777777777777,11.674718196457327,37.47987117552335,8.53462157809984,9.816156736446592,2.8650026838432634,,0.9728931830381106,
169,12.466451959205582,13.479602791196994,2.7777777777777777,11.674718196457327,37.43961352657005,8.521202361782072,9.802737520128824,2.8650026838432634,,0.9728931830381106,
170,12.620772946859903,13.479602791196994,2.7643585614600106,11.768652710681696,37.21148684916801,8.514492753623188,9.802737520128824,2.8650026838432634,,0.9728931830381106,
171,12.949543746645196,13.459473966720344,2.737520128824477,11.60762211486849,37.15780998389694,8.467525496511003,9.782608695652174,2.8650026838432634,,0.9728931830381106,
172,13.157541599570585,13.399087493290391,2.737520128824477,11.560654857756306,37.05716586151369,8.467525496511003,9.782608695652174,2.8650026838432634,,0.9728931830381106,
173,13.399087493290391,13.358829844337091,2.737520128824477,11.533816425120772,37.0504562533548,8.360171765968868,9.75577026301664,2.831454643048846,,0.9728931830381106,
174,13.79495437466452,13.291733762748256,2.717391304347826,11.533816425120772,36.79549114331723,8.360171765968868,9.702093397745571,2.831454643048846,,0.9728931830381106,
175,13.942565754159958,13.291733762748256,2.7106816961889426,11.533816425120772,36.74852388620504,8.313204508856682,9.655126140633387,2.831454643048846,,0.9728931830381106,
176,14.13714439076758,13.264895330112722,2.690552871712292,11.460010735373054,36.72168545356951,8.299785292538916,9.621578099838969,2.831454643048846,,0.9728931830381106,
177,14.278046162104133,13.251476113794954,2.690552871712292,11.460010735373054,36.63446054750403,8.272946859903382,9.608158883521202,2.831454643048846,,0.9728931830381106,
178,14.445786366076222,13.251476113794954,2.690552871712292,11.392914653784219,36.594202898550726,8.272946859903382,9.54777241009125,2.831454643048846,,0.9728931830381106,
179,14.55984970477724,13.211218464841654,2.690552871712292,11.3593666129898,36.56736446591519,8.272946859903382,9.534353193773484,2.831454643048846,,0.9728931830381106,
180,14.472624798711756,13.197799248523886,2.690552871712292,12.607353730542137,35.54079441760601,8.272946859903382,9.420289855072463,2.8247450348899625,,0.9728931830381106,
181,14.74771873322598,13.16425120772947,2.690552871712292,12.506709608158884,35.43344068706388,8.272946859903382,9.386741814278047,2.8247450348899625,,0.9728931830381106,
182,14.841653247450349,13.16425120772947,3.3950617283950617,12.486580783682234,34.86312399355877,8.259527643585615,9.212292002147075,2.804616210413312,,0.9728931830381106,
183,14.99597423510467,13.150831991411701,3.5091250670960816,12.4597423510467,33.95061728395062,8.232689210950081,9.923510466988727,2.804616210413312,,0.9728931830381106,
184,14.620236178207193,12.929414922168545,3.488996242619431,12.4597423510467,31.561996779388085,8.205850778314547,12.983091787439614,2.7777777777777777,,0.9728931830381106,
185,14.53972088030059,12.74825550187869,3.4688674181427803,12.345679012345679,31.03864734299517,9.172034353193773,12.93612453032743,2.7777777777777777,,0.9728931830381106,
186,14.51959205582394,12.70799785292539,4.213633923778851,12.345679012345679,30.656199677938808,9.145195920558239,12.661030595813205,2.7777777777777777,,0.9728931830381106,
187,13.734567901234568,12.694578636607622,4.200214707461084,6.172839506172839,40.35829307568438,9.104938271604938,9.997316156736447,2.7777777777777777,,0.9594739667203436,
188,13.6406333870102,12.694578636607622,5.60252281266774,6.172839506172839,34.10493827160494,8.910359634997317,8.655394524959743,8.99087493290392,,1.2278582930756843,
189,13.848631239935587,12.694578636607622,5.293880837359098,5.555555555555555,33.9170692431562,10.010735373054214,9.272678475577026,8.179012345679013,,1.2278582930756843,
190,14.083467525496511,12.654320987654321,5.293880837359098,5.535426731078905,33.843263553408484,9.950348899624261,9.25925925925926,8.152173913043478,,1.2278582930756843,
191,14.210950080515298,12.627482555018787,5.293880837359098,5.501878690284487,33.81642512077295,9.923510466988727,9.25925925925926,8.13875469672571,,1.2278582930756843,
192,14.432367149758454,12.453032742887816,5.421363392377885,5.501878690284487,33.702361782071925,9.88996242619431,9.232420826623725,8.13875469672571,,1.2278582930756843,
193,14.533011272141707,12.453032742887816,5.421363392377885,5.4549114331723025,33.64868491680086,9.88996242619431,9.232420826623725,8.13875469672571,,1.2278582930756843,
194,14.714170692431562,12.453032742887816,5.360976918947934,5.4549114331723025,33.561460010735374,9.88996242619431,9.232420826623725,8.105206655931294,,1.2278582930756843,
195,14.828234031132581,12.453032742887816,5.3274288781535155,5.4549114331723025,33.53462157809984,9.863123993558776,9.205582393988191,8.105206655931294,,1.2278582930756843,
196,15.002683843263553,12.419484702093397,5.307300053676865,5.4549114331723025,33.48765432098765,9.822866344605474,9.205582393988191,8.071658615136876,,1.2278582930756843,
197,15.177133655394526,12.419484702093397,5.307300053676865,5.4549114331723025,33.3870101986044,9.822866344605474,9.172034353193773,8.044820182501342,,1.2144390767579174,
198,15.318035426731079,12.419484702093397,5.307300053676865,5.4549114331723025,33.313204508856685,9.802737520128824,9.172034353193773,7.997852925389157,,1.2144390767579174,
199,15.559581320450885,12.359098228663447,5.307300053676865,5.4549114331723025,33.071658615136876,9.77589908749329,9.118357487922705,7.98443370907139,,1.3687600644122384,
200,15.673644659151906,12.352388620504563,5.542136339237788,5.4549114331723025,32.80327428878154,9.749060654857756,9.084809447128288,7.971014492753623,,1.3687600644122384,
201,15.666935050993022,12.117552334943639,5.46833064949007,4.938271604938271,32.407407407407405,11.064143853998926,9.01100375738057,7.971014492753623,,1.3553408480944713,
202,15.901771336553946,12.090713902308105,5.46833064949007,4.938271604938271,32.23966720343532,11.030595813204508,9.004294149221685,7.971014492753623,,1.3553408480944713,
203,16.009125067096083,12.090713902308105,5.46833064949007,4.938271604938271,32.19940955448202,10.963499731615673,9.004294149221685,7.971014492753623,,1.3553408480944713,
204,16.23725174449812,12.057165861513688,5.46833064949007,4.938271604938271,32.098765432098766,10.95679012345679,8.917069243156199,7.971014492753623,,1.3553408480944713,
205,14.741009125067096,9.73564143853999,4.609500805152979,4.938271604938271,28.22061191626409,10.829307568438002,7.682501341921632,17.887815351583466,,1.3553408480944713,
206,14.27133655394525,8.380300590445518,4.4820182501341925,4.938271604938271,36.36607622114869,10.789049919484702,7.058507783145465,12.553676865271068,,1.1607622114868492,
207,13.667471819645733,8.870101986044014,4.213633923778851,6.387546967257112,35.21202361782072,10.782340311325818,7.185990338164252,12.5402576489533,,1.1406333870101986,
208,13.868760064412239,8.870101986044014,4.193505099302201,6.367418142780462,35.18518518518518,10.748792270531402,7.132313472893183,12.506709608158884,,1.1272141706924315,
209,14.123725174449811,8.870101986044014,4.159957058507783,6.333870101986044,35.017444981213096,10.72866344605475,7.132313472893183,12.506709608158884,,1.1272141706924315,
210,14.130434782608695,8.863392377885132,4.159957058507783,7.87037037037037,34.21229200214707,10.601180891035963,7.132313472893183,11.902844873859367,,1.1272141706924315,
211,14.231078904991948,8.849973161567364,4.159957058507783,7.87037037037037,34.15861513687601,10.567632850241546,7.132313472893183,11.902844873859367,,1.1272141706924315,
212,14.42565754159957,8.849973161567364,4.159957058507783,7.87037037037037,34.10493827160494,10.426731078904991,7.132313472893183,11.902844873859367,,1.1272141706924315,
213,13.130703166935051,8.480944712828771,4.139828234031133,13.110574342458401,34.07139023081052,7.6556629092860975,6.951154052603328,11.876006441223833,,0.5837359098228664,
214,13.24476650563607,8.480944712828771,4.139828234031133,13.077026301663983,34.024422973698336,7.6556629092860975,6.951154052603328,11.842458400429415,,0.5837359098228664,
215,13.56682769726248,8.454106280193237,4.106280193236715,12.962962962962964,33.91035963499731,7.6556629092860975,6.951154052603328,11.808910359634996,,0.5837359098228664,
216,13.734567901234568,8.433977455716587,4.106280193236715,12.929414922168545,33.87010198604401,7.628824476650563,6.910896403650026,11.802200751476114,,0.5837359098228664,
217,13.83521202361782,8.413848631239935,4.106280193236715,12.895866881374127,33.82984433709071,7.628824476650563,6.904186795491143,11.802200751476114,,0.5837359098228664,
218,14.251207729468598,8.373590982286634,4.106280193236715,12.882447665056361,33.722490606548575,7.628824476650563,6.870638754696726,11.580783682232958,,0.5837359098228664,
219,14.325013419216317,8.373590982286634,4.106280193236715,12.869028448738593,33.70907139023081,7.628824476650563,6.870638754696726,11.533816425120772,,0.5837359098228664,
220,14.673913043478262,8.32662372517445,4.079441760601181,12.714707461084272,33.44739667203435,7.62211486849168,6.910896403650026,11.352657004830919,0.1610305958132045,0.7112184648416533,
221,14.895330112721417,8.32662372517445,4.079441760601181,12.701288244766506,33.313204508856685,7.62211486849168,6.910896403650026,11.198336017176597,0.1610305958132045,0.7917337627482555,
222,15.177133655394526,8.21256038647343,4.072732152442297,11.782071926999464,33.13204508856683,8.635265700483092,6.863929146537842,11.171497584541063,0.1610305958132045,0.7917337627482555,
223,15.063070316693505,7.434245840042942,4.072732152442297,11.768652710681696,34.0378421900161,8.635265700483092,6.863929146537842,11.171497584541063,0.1610305958132045,0.7917337627482555,
224,15.324745034889963,7.407407407407407,4.072732152442297,11.761943102522812,33.82984433709071,8.61513687600644,6.863929146537842,11.171497584541063,0.1610305958132045,0.7917337627482555,
225,15.485775630703166,7.4006977992485234,4.045893719806763,11.714975845410628,33.80971551261406,8.588298443370908,6.863929146537842,11.137949543746645,0.1610305958132045,0.7917337627482555,
226,15.673644659151906,7.4006977992485234,4.045893719806763,11.688137412775093,33.7157809983897,8.53462157809984,6.850509930220075,11.137949543746645,0.1610305958132045,0.7917337627482555,
227,15.92860976918948,7.4006977992485234,4.012345679012346,11.58749329039184,33.64868491680086,8.521202361782072,6.837090713902308,11.11111111111111,0.1610305958132045,0.7917337627482555,
228,16.06280193236715,7.4006977992485234,3.9989264626945786,11.553945249597424,33.61513687600644,8.507783145464305,6.796833064949007,11.11111111111111,0.1610305958132045,0.7917337627482555,
229,16.21712292002147,7.37385936661299,3.9989264626945786,11.54723564143854,33.601717659688674,8.407139023081053,6.796833064949007,11.104401502952227,0.1610305958132045,0.7917337627482555,
230,16.411701556629094,7.313472893183038,3.9989264626945786,11.52710681696189,33.46081588835212,8.387010198604402,6.769994632313473,11.09098228663446,0.1610305958132045,0.8789586688137413,
231,16.458668813741276,7.1725711218464845,3.9989264626945786,11.486849168008588,33.3467525496511,7.749597423510467,6.769994632313473,11.976650563607086,0.1610305958132045,0.8789586688137413,
232,16.55931293612453,7.1725711218464845,3.9989264626945786,11.466720343531938,33.3064949006978,7.749597423510467,6.769994632313473,11.936392914653783,0.1610305958132045,0.8789586688137413,
233,16.76731078904992,7.1725711218464845,3.9989264626945786,11.231884057971014,33.19243156199678,7.749597423510467,6.736446591519055,12.110842726784755,0.1610305958132045,0.8789586688137413,
234,16.948470209339774,7.152442297369833,3.9989264626945786,11.158078368223295,33.15888352120236,7.7361782071927,6.723027375201288,12.084004294149223,0.1610305958132045,0.8789586688137413,
235,17.06924315619968,7.139023081052066,3.9989264626945786,11.131239935587761,33.111916264090176,7.7361782071927,6.689479334406871,12.084004294149223,0.1610305958132045,0.8789586688137413,
236,17.2638217928073,7.132313472893183,3.9989264626945786,11.09098228663446,32.98443370907139,7.722758990874933,6.689479334406871,12.077294685990339,0.1610305958132045,0.8789586688137413,
237,17.364465915190554,6.830381105743425,4.341116478797638,11.077563070316694,32.92404723564144,7.635534084809447,6.66935050993022,11.77536231884058,0.5032206119162641,0.8789586688137413,
238,17.45169082125604,6.830381105743425,4.341116478797638,11.07085346215781,32.90391841116479,7.635534084809447,6.635802469135802,11.748523886205046,0.5032206119162641,0.8789586688137413,
239,17.56575415995706,6.830381105743425,4.341116478797638,11.07085346215781,32.8569511540526,7.568438003220612,6.635802469135802,11.748523886205046,0.5032206119162641,0.8789586688137413,
