,45,50,55,54,53,52,51,59,56,57
0,99.87251744498121,0.1274825550187869,,,,,,,,
1,97.56441223832527,2.4355877616747184,,,,,,,,
2,94.60547504025764,5.394524959742351,,,,,,,,
3,51.918947933440684,46.03462157809984,2.046430488459474,,,,,,,
4,50.17444981213097,47.51073537305421,2.314814814814815,,,,,,,
5,49.37600644122383,48.309178743961354,2.314814814814815,,,,,,,
6,49.483360171765966,48.060923242082666,2.4557165861513686,,,,,,,
7,47.376543209876544,50.16774020397209,2.4557165861513686,,,,,,,
8,47.557702630166396,49.88593666129898,2.5563607085346214,,,,,,,
9,44.98792270531401,51.21443907675792,2.6637144390767578,1.133923778851315,,,,,,
10,45.276435856146,50.76489533011272,2.8247450348899625,1.133923778851315,,,,,,
11,45.25630703166935,49.013687600644126,2.8113258185721954,0.7112184648416533,2.2074610842726785,,,,,
12,43.79361245303274,50.738056897477186,2.6972624798711755,0.6239935587761675,2.147074610842727,,,,,
13,43.934514224369295,50.46967257112185,2.8381642512077296,0.6105743424584005,2.147074610842727,,,,,
14,44.08212560386473,50.40257648953301,2.8381642512077296,0.6105743424584005,2.0665593129361244,,,,,
15,44.35050993022008,47.59125067096082,2.7844873859366612,0.8588298443370908,4.414922168545357,,,,,
16,44.67928073000537,47.396672034353195,2.677133655394525,0.8319914117015567,4.414922168545357,,,,,
17,44.867149758454104,46.9873859366613,3.0327428878153517,0.8118625872249061,4.300858829844337,,,,,
18,44.847020933977454,42.45169082125604,6.515029522275899,2.033011272141707,4.1532474503489,,,,,
19,44.98121309715513,41.74047235641439,5.803811057434245,1.9256575415995705,5.548845947396672,,,,,
20,45.06843800322061,40.80112721417069,6.696188942565755,1.9256575415995705,5.508588298443371,,,,,
21,45.1959205582394,40.673644659151904,6.696188942565755,1.9256575415995705,5.508588298443371,,,,,
22,45.52469135802469,38.828502415458935,8.21256038647343,1.9256575415995705,5.508588298443371,,,,,
23,45.44417606011809,38.177670424047236,8.051529790660226,2.818035426731079,5.508588298443371,,,,,
24,44.93424584004294,32.57514761137949,4.9651100375738055,12.86231884057971,4.663177670424047,,,,,
25,44.61218464841653,31.93102522812668,4.851046698872786,12.848899624261943,4.663177670424047,1.093666129898014,,,,
26,44.73966720343532,31.54186795491143,4.9651100375738055,12.99651100375738,4.663177670424047,1.093666129898014,,,,
27,44.63231347289318,29.777241009125067,4.817498658078368,12.915995705850777,7.078636607622115,0.7783145464304885,,,,
28,44.639023081052066,29.8040794417606,4.817498658078368,12.882447665056361,7.078636607622115,0.7783145464304885,,,,
29,44.826892109500804,29.542404723564143,4.394793344068707,12.573805689747719,7.7898550724637685,0.8722490606548577,,,,
30,45.14224369296833,29.22705314009662,4.394793344068707,12.573805689747719,7.7898550724637685,0.8722490606548577,,,,
31,45.14224369296833,28.25415995705851,4.394793344068707,13.600375738056897,7.749597423510467,0.8588298443370908,,,,
32,42.53220611916264,29.20692431561997,3.4688674181427803,13.996242619431026,9.936929683306495,0.8588298443370908,,,,
33,39.53301127214171,31.48148148148148,2.7241009125067097,13.955984970477724,11.52710681696189,0.7783145464304885,,,,
34,39.63365539452496,31.407675791733762,2.7241009125067097,13.955984970477724,11.399624261943103,0.7783145464304885,0.10064412238325282,,,
35,39.79468599033817,31.293612453032743,2.7241009125067097,13.90901771336554,11.399624261943103,0.7783145464304885,0.10064412238325282,,,
36,38.90230810520666,32.19940955448202,2.7241009125067097,13.895598497047773,11.399624261943103,0.7783145464304885,0.10064412238325282,,,
37,37.01690821256039,30.85077831454643,2.6033279656468062,13.365539452495975,11.325818572195384,4.736983360171766,0.10064412238325282,,,
38,37.01690821256039,31.04535695115405,2.5697799248523885,13.278314546430488,11.252012882447666,4.736983360171766,0.10064412238325282,,,
39,37.0907139023081,30.971551261406333,2.5697799248523885,13.278314546430488,11.252012882447666,4.736983360171766,0.10064412238325282,,,
40,37.09742351046699,31.112453032742888,2.5697799248523885,13.191089640365004,11.252012882447666,4.676596886741814,0.10064412238325282,,,
41,37.224906065485776,31.011808910359633,2.5697799248523885,13.191089640365004,11.225174449812132,4.676596886741814,0.10064412238325282,,,
42,37.285292538915726,30.96484165324745,2.5697799248523885,13.191089640365004,11.211755233494364,4.676596886741814,0.10064412238325282,,,
43,35.01073537305421,31.374127750939344,2.5563607085346214,10.165056360708535,11.11111111111111,7.843531937734836,1.8518518518518519,0.08722490606548577,,
44,34.97047772410091,30.67632850241546,2.100107353730542,10.111379495437467,12.439613526570048,7.816693505099302,1.7981749865807837,0.08722490606548577,,
45,33.95061728395062,31.756575415995705,2.2410091250670963,10.00402576489533,12.439613526570048,7.722758990874933,1.7981749865807837,0.08722490606548577,,
46,34.534353193773484,31.608964036500268,2.2410091250670963,9.782608695652174,12.345679012345679,7.601986044015029,1.7981749865807837,0.08722490606548577,,
47,34.91009125067096,31.49490069779925,2.227589908749329,9.769189479334408,12.177938808373591,7.601986044015029,1.7310789049919484,0.08722490606548577,,
48,29.347826086956523,37.084004294149224,2.227589908749329,10.0979602791197,11.808910359634996,7.273215244229737,2.073268921095008,0.08722490606548577,,
49,28.18035426731079,35.037573805689746,2.1068169618894257,4.871175523349437,10.789049919484702,16.861245303274288,2.073268921095008,0.08051529790660225,,
50,28.442028985507246,34.896672034353195,2.4154589371980677,4.871175523349437,10.789049919484702,16.431830381105744,2.073268921095008,0.08051529790660225,,
51,29.180085882984432,34.554482018250134,2.2342995169082127,4.864465915190553,10.59447128287708,16.418411164787976,2.073268921095008,0.08051529790660225,,
52,28.837895866881375,26.744498121309714,1.9793344068706387,5.0791733762748255,10.59447128287708,16.391572732152444,10.292538915727322,0.08051529790660225,,
53,25.905797101449274,34.94363929146538,2.1269457863660763,5.0791733762748255,10.59447128287708,16.391572732152444,4.87788513150832,0.08051529790660225,,
54,26.06682769726248,34.90338164251208,2.1269457863660763,5.065754159957058,10.487117552334944,16.391572732152444,4.87788513150832,0.08051529790660225,,
55,25.704508856682768,34.58803005904455,1.9592055823939882,5.199946323134729,9.876543209876543,17.780461621041333,4.656468062265164,0.08051529790660225,0.15432098765432098,
56,25.91921631776704,34.42699946323135,1.9592055823939882,5.159688674181428,9.863123993558776,17.780461621041333,4.656468062265164,0.08051529790660225,0.15432098765432098,
57,26.301663982823403,34.11835748792271,1.9457863660762211,5.381105743424584,9.849704777241008,17.559044551798173,4.609500805152979,0.08051529790660225,0.15432098765432098,
58,26.053408480944714,33.01798174986581,1.90552871712292,7.112184648416532,9.54777241009125,17.55233494363929,4.575952764358561,0.08051529790660225,0.15432098765432098,
59,26.301663982823403,32.380568974771876,1.8518518518518519,6.6827697262479875,9.46725711218465,16.210413311862588,6.870638754696726,0.08051529790660225,0.15432098765432098,
60,26.576757917337627,32.024959742351044,1.9256575415995705,6.535158346752549,9.46725711218465,16.398282340311326,6.837090713902308,0.08051529790660225,0.15432098765432098,
61,27.15378421900161,31.716317767042405,1.8988191089640365,6.508319914117015,9.286097691894794,16.391572732152444,6.689479334406871,0.08051529790660225,0.27509393451422437,
62,27.26113794954375,30.139559849704778,1.8317230273752012,6.5552871712292005,10.701825013419215,16.492216854535695,6.588835212023618,0.08051529790660225,0.3488996242619431,
63,27.67042404723564,29.864465915190554,1.8317230273752012,6.5485775630703165,10.560923242082662,16.505636070853463,6.588835212023618,0.08051529790660225,0.3488996242619431,
64,27.717391304347824,28.73054213633924,2.952227589908749,7.4141170155662905,10.399892646269459,15.552871712292003,6.588835212023618,0.08051529790660225,0.46296296296296297,0.10064412238325282
65,27.576489533011273,27.100107353730543,2.8784219001610305,5.3274288781535155,10.34621578099839,17.270531400966185,8.856682769726248,0.08051529790660225,0.46296296296296297,0.10064412238325282
66,27.34836285560923,26.549919484702095,2.4490069779924855,5.152979066022544,9.05126140633387,17.122920021470748,11.855877616747183,0.08051529790660225,0.19457863660762212,0.19457863660762212
67,27.455716586151368,26.536500268384327,2.4221685453569513,5.092592592592593,9.05126140633387,17.11621041331186,11.855877616747183,0.08051529790660225,0.19457863660762212,0.19457863660762212
68,27.932098765432098,26.38888888888889,2.4221685453569513,5.025496511003757,8.957326892109501,17.07595276435856,11.728395061728396,0.08051529790660225,0.19457863660762212,0.19457863660762212
69,28.31454643048846,24.208266237251745,2.3550724637681157,4.931561996779388,11.20504562533548,16.686795491143318,11.694847020933977,0.08051529790660225,0.19457863660762212,0.32877079978529256
70,28.858024691358025,22.79253891572732,2.2946859903381642,7.326892109500805,10.681696188942565,16.009125067096083,11.43317230273752,0.08051529790660225,0.19457863660762212,0.32877079978529256
71,28.978797638217927,22.69189479334407,2.281266774020397,7.407407407407407,10.59447128287708,16.009125067096083,11.43317230273752,0.08051529790660225,0.19457863660762212,0.32877079978529256
72,29.200214707461082,22.537573805689746,2.281266774020397,7.37385936661299,10.527375201288244,16.525764895330113,10.950080515297907,0.08051529790660225,0.19457863660762212,0.32877079978529256
73,29.28743961352657,22.054482018250134,2.2745571658615136,6.877348362855609,10.453569511540525,17.639559849704778,10.68840579710145,0.08051529790660225,0.19457863660762212,0.4495437466451959
74,29.414922168545356,21.960547504025765,2.254428341384863,6.8035426731078905,10.554213633923778,17.639559849704778,10.648148148148149,0.08051529790660225,0.19457863660762212,0.4495437466451959
75,29.857756307031668,21.846484165324746,2.254428341384863,6.8035426731078905,10.520665593129362,17.344337090713903,10.648148148148149,0.08051529790660225,0.19457863660762212,0.4495437466451959
76,29.95169082125604,21.900161030595815,2.254428341384863,6.790123456790123,10.473698336017177,17.310789049919485,10.59447128287708,0.08051529790660225,0.19457863660762212,0.4495437466451959
77,30.381105743424584,21.826355340848096,2.254428341384863,6.6760601180891035,10.446859903381643,17.297369833601717,10.473698336017177,0.08051529790660225,0.19457863660762212,0.36902844873859364
78,30.790391841116477,21.77938808373591,2.395330112721417,6.488191089640365,10.339506172839506,17.196725711218466,10.36634460547504,0.08051529790660225,0.19457863660762212,0.36902844873859364
79,31.13929146537842,21.40365002683843,2.368491680085883,6.488191089640365,10.540794417606012,17.022275899087493,10.258990874932904,0.08051529790660225,0.32877079978529256,0.36902844873859364
80,31.105743424584006,21.564680622651636,2.475845410628019,6.454643048845948,10.540794417606012,16.834406870638755,10.258990874932904,0.08051529790660225,0.32877079978529256,0.35560923242082665
81,30.407944176060116,20.088566827697264,1.596886741814278,9.762479871175524,10.11808910359635,17.11621041331186,10.144927536231885,0.08051529790660225,0.32877079978529256,0.35560923242082665
82,31.01851851851852,20.081857219538378,1.596886741814278,9.29951690821256,10.064412238325282,17.102791196994094,10.071121846484166,0.08051529790660225,0.32877079978529256,0.35560923242082665
83,30.877616747181964,20.1959205582394,1.596886741814278,9.29951690821256,9.98389694041868,17.102791196994094,10.071121846484166,0.08051529790660225,0.43612453032742887,0.35560923242082665
84,31.159420289855074,20.115405260332796,1.596886741814278,9.138486312399356,9.977187332259795,17.06924315619968,10.071121846484166,0.08051529790660225,0.43612453032742887,0.35560923242082665
85,31.239935587761675,19.940955448201827,1.710950080515298,9.104938271604938,9.977187332259795,17.008856682769725,10.151637144390767,0.08051529790660225,0.4294149221685454,0.35560923242082665
86,29.166666666666668,16.948470209339774,3.797638217928073,8.943907675791733,9.648416532474503,16.794149221685455,13.687600644122384,0.08051529790660225,0.5770263016639828,0.35560923242082665
87,29.300858829844337,16.908212560386474,3.797638217928073,8.943907675791733,9.648416532474503,16.780730005367687,13.607085346215781,0.08051529790660225,0.5770263016639828,0.35560923242082665
88,29.56924315619968,16.76731078904992,3.911701556629093,8.943907675791733,9.50751476113795,16.78743961352657,13.499731615673644,0.08051529790660225,0.5770263016639828,0.35560923242082665
89,29.636339237788512,16.6935050993022,3.8915727321524423,7.179280730005368,9.4873859366613,18.612453032742888,13.499731615673644,0.08051529790660225,0.4294149221685454,0.48980139559849706
90,30.04562533548041,16.552603327965645,2.791196994095545,7.199409554482019,9.4873859366613,19.538378958668815,13.217928073000536,0.08051529790660225,0.5971551261406334,0.48980139559849706
91,29.49543746645196,16.364734299516908,2.703972088030059,6.89747718733226,8.735909822866345,21.034621578099838,13.499731615673644,0.08051529790660225,0.6977992485238862,0.48980139559849706
92,29.1935050993022,16.109769189479334,2.4892646269457863,6.89747718733226,9.77589908749329,20.954106280193237,13.311862587224907,0.08051529790660225,0.6977992485238862,0.48980139559849706
93,29.300858829844337,16.0829307568438,2.4892646269457863,6.830381105743425,9.77589908749329,20.840042941492218,13.305152979066023,0.08051529790660225,0.8319914117015567,0.46296296296296297
94,29.26731078904992,16.15673644659152,2.4892646269457863,6.763285024154589,9.769189479334408,20.685721953837895,13.291733762748256,0.08051529790660225,1.0332796564680622,0.46296296296296297
95,29.17337627482555,15.304616210413311,2.3617820719269993,7.796564680622652,10.017444981213098,20.417337627482556,13.264895330112722,0.08051529790660225,1.0332796564680622,0.5501878690284487
96,29.388083735909824,15.28448738593666,2.3617820719269993,7.769726247987117,10.124798711755233,20.336822329575952,13.177670424047236,0.08051529790660225,0.9259259259259259,0.5501878690284487
97,29.78395061728395,15.096618357487923,2.3617820719269993,7.863660762211487,10.00402576489533,20.283145464304884,13.177670424047236,0.08051529790660225,0.798443370907139,0.5501878690284487
98,30.099302200751477,15.009393451422437,2.3617820719269993,7.971014492753623,9.816156736446592,20.12211486849168,13.077026301663983,0.08051529790660225,0.798443370907139,0.6642512077294686
99,30.495169082125603,14.928878153515834,2.3617820719269993,7.9106280193236715,9.66183574879227,19.93424584004294,12.848899624261943,0.08051529790660225,0.9125067096081588,0.8655394524959742
100,30.60252281266774,14.928878153515834,2.3617820719269993,7.863660762211487,9.601449275362318,19.83360171765969,12.848899624261943,0.08051529790660225,0.8856682769726248,0.9930220075147611
101,30.64278046162104,14.982555018786902,2.341653247450349,7.85024154589372,9.601449275362318,19.806763285024154,12.815351583467525,0.08051529790660225,0.8856682769726248,0.9930220075147611
102,30.04562533548041,14.694041867954912,2.341653247450349,7.434245840042942,8.635265700483092,18.766774020397207,16.411701556629094,,0.7648953301127214,0.9057971014492754
103,30.421363392377884,14.51959205582394,2.341653247450349,7.4208266237251745,8.55475040257649,18.666129898013956,16.404991948470208,,0.7648953301127214,0.9057971014492754
104,28.75067096081589,13.848631239935587,2.2611379495437465,6.535158346752549,7.541599570585078,17.96833064949007,21.35668276972625,,0.8319914117015567,0.9057971014492754
105,28.938539989264626,13.83521202361782,2.3215244229736984,6.790123456790123,6.850509930220075,17.69994632313473,21.920289855072465,,0.8319914117015567,0.8118625872249061
106,29.25389157273215,13.81508319914117,2.3215244229736984,6.743156199677939,6.8035426731078905,17.579173376274827,21.712292002147073,,0.8319914117015567,0.9393451422436929
107,28.37493290391841,13.539989264626946,3.4621578099838968,6.723027375201288,6.796833064949007,19.0150295222759,20.336822329575952,,0.8118625872249061,0.9393451422436929
108,28.415190552871714,13.45276435856146,4.106280193236715,6.830381105743425,6.5552871712292005,18.719806763285025,20.189210950080515,,0.7917337627482555,0.9393451422436929
109,29.005636070853463,13.24476650563607,4.086151368760064,6.823671497584541,6.494900697799249,18.625872249060656,20.001341921631777,,0.7783145464304885,0.9393451422436929
110,29.186795491143318,13.20450885668277,4.247181964573269,6.736446591519055,6.494900697799249,18.417874396135264,19.961084272678477,,0.7514761137949544,0.9997316156736447
111,29.53569511540526,12.989801395598498,4.247181964573269,6.998121309715513,6.454643048845948,18.12265163714439,19.712828770799785,,0.8588298443370908,1.0802469135802468
112,29.59608158883521,12.942834138486312,4.2203435319377345,7.098765432098766,6.407675791733762,18.12265163714439,19.605475040257648,,0.9259259259259259,1.0802469135802468
113,29.985238862050455,12.909286097691895,4.213633923778851,7.058507783145465,6.3070316693505095,17.914653784219002,19.605475040257648,,0.9259259259259259,1.0802469135802468
114,30.05233494363929,12.895866881374127,4.213633923778851,7.058507783145465,6.280193236714976,17.914653784219002,19.578636607622116,,0.9259259259259259,1.0802469135802468
115,30.267042404723565,12.895866881374127,4.213633923778851,7.058507783145465,6.1929683306494905,17.887815351583466,19.47799248523886,,0.9259259259259259,1.0802469135802468
116,30.46833064949007,12.795222758990874,4.213633923778851,7.199409554482019,6.1929683306494905,17.773752012882447,19.202898550724637,,1.0735373054213635,1.0802469135802468
117,30.69645732689211,12.593934514224369,4.394793344068707,7.1725711218464845,6.092324208266238,18.391035963499732,18.38432635534085,,1.2010198604401503,1.0735373054213635
118,30.88432635534085,12.580515297906603,4.528985507246377,7.051798174986581,6.018518518518518,18.290391841116477,18.297101449275363,,1.2815351583467525,1.06682769726248
119,31.280193236714975,12.5,4.528985507246377,7.024959742351046,5.991680085882985,18.169618894256576,18.183038110574344,,1.2546967257112185,1.06682769726248
120,31.11916264090177,12.399355877616747,3.5829307568438002,8.293075684380032,5.629361245303274,17.881105743424584,18.780193236714975,,1.247987117552335,1.06682769726248
121,30.783682232957595,12.385936661298981,3.4822866344605474,8.145464304884594,5.273752012882448,19.088835212023618,18.659420289855074,,1.247987117552335,0.9326355340848095
122,30.730005367686527,12.224906065485776,3.0059044551798175,7.816693505099302,5.092592592592593,20.162372517444982,18.78690284487386,,1.247987117552335,0.9326355340848095
123,31.072195383789587,12.23161567364466,3.0059044551798175,7.769726247987117,5.173107890499195,20.095276435856146,18.38432635534085,,1.3352120236178207,0.9326355340848095
124,31.125872249060656,11.634460547504025,3.0059044551798175,7.608695652173913,5.119431025228127,20.12211486849168,19.16935050993022,,1.328502415458937,0.8856682769726248
125,31.50161030595813,11.574074074074074,3.0059044551798175,7.461084272678476,5.0993022007514766,20.041599570585078,19.102254428341386,,1.328502415458937,0.8856682769726248
126,31.910896403650028,11.473429951690822,2.952227589908749,7.635534084809447,5.0858829844337095,19.746376811594203,18.98148148148148,,1.328502415458937,0.8856682769726248
127,32.30005367686527,11.345947396672035,2.952227589908749,7.521470746108427,5.213365539452496,19.592055823939884,18.86070853462158,,1.328502415458937,0.8856682769726248
128,32.340311325818575,11.325818572195384,2.952227589908749,7.306763285024155,5.072463768115942,19.49812130971551,19.316961889425656,,1.3016639828234031,0.8856682769726248
129,32.749597423510465,11.151368760064413,2.985775630703167,7.320182501341922,5.032206119162641,19.343800322061192,19.135802469135804,,1.3955984970477724,0.8856682769726248
130,33.00456253354804,10.903113258185721,2.985775630703167,7.132313472893183,4.998658078368224,19.310252281266774,19.384057971014492,,1.3955984970477724,0.8856682769726248
131,33.02469135802469,10.755501878690284,2.985775630703167,6.937734836285561,5.501878690284487,19.269994632313473,19.243156199677937,,1.3955984970477724,0.8856682769726248
132,33.11862587224906,10.748792270531402,2.9723564143853998,6.850509930220075,5.615942028985507,19.26328502415459,19.14922168545357,,1.3955984970477724,0.8856682769726248
133,33.299785292538914,10.72866344605475,2.945517981749866,6.830381105743425,5.589103596349974,19.202898550724637,19.03515834675255,,1.482823403113258,0.8856682769726248
134,33.42055823939882,10.61460010735373,2.9052603327965647,6.729736983360172,5.6964573268921095,19.0955448201825,19.182769726247987,,1.482823403113258,0.8722490606548577
135,33.70907139023081,10.493827160493828,2.9052603327965647,6.723027375201288,5.6964573268921095,18.820450885668276,19.162640901771336,,1.6170155662909287,0.8722490606548577
136,33.8365539452496,10.493827160493828,3.046162104133119,6.723027375201288,5.6964573268921095,18.612453032742888,19.102254428341386,,1.6170155662909287,0.8722490606548577
137,34.272678475577024,10.359634997316157,3.046162104133119,6.723027375201288,5.6964573268921095,18.50509930220075,18.92109500805153,,1.6035963499731616,0.8722490606548577
138,34.40016103059581,10.245571658615138,2.999194847020934,6.823671497584541,6.3070316693505095,17.98174986580784,18.753354804079443,,1.6841116478797638,0.8051529790660226
139,34.70880300590446,10.19189479334407,2.9924852388620504,7.125603864734299,6.521739130434782,17.344337090713903,18.625872249060656,,1.6841116478797638,0.8051529790660226
140,34.86983360171766,10.158346752549651,2.9924852388620504,6.944444444444445,7.467793880837359,16.55931293612453,18.53864734299517,,1.6639828234031133,0.8051529790660226
141,34.92351046698873,10.144927536231885,2.9924852388620504,6.951154052603328,7.467793880837359,16.552603327965645,18.4044551798175,,1.6639828234031133,0.8990874932903918
142,35.138217928073,10.077831454643048,2.985775630703167,6.937734836285561,7.434245840042942,16.552603327965645,18.33064949006978,,1.6438539989264627,0.8990874932903918
143,35.28582930756844,9.96376811594203,2.985775630703167,6.89747718733226,7.749597423510467,16.485507246376812,18.095813204508858,,1.6438539989264627,0.8923778851315083
144,35.50053676865271,9.883252818035427,2.9790660225442833,6.863929146537842,7.749597423510467,16.445249597423512,18.04213633923779,,1.6438539989264627,0.8923778851315083
145,35.97691894793344,9.789318303811058,2.8784219001610305,6.863929146537842,7.742887815351583,16.384863123993558,17.860976918947934,,1.6371443907675791,0.8655394524959742
146,36.2385936661299,9.77589908749329,2.9589371980676327,6.863929146537842,7.742887815351583,16.21712292002147,17.69994632313473,,1.6371443907675791,0.8655394524959742
147,36.2788513150832,10.050993022007514,3.046162104133119,6.843800322061192,7.6556629092860975,16.029253891572733,17.612721417069242,,1.6371443907675791,0.8454106280193237
148,35.95679012345679,9.883252818035427,3.0394524959742353,6.810252281266774,8.581588835212024,15.72061191626409,17.559044551798173,,1.6371443907675791,0.8118625872249061
149,36.010466988727856,9.863123993558776,3.0394524959742353,6.769994632313473,8.57487922705314,16.022544283413847,17.136339237788512,,1.7713365539452497,0.8118625872249061
150,36.3996242619431,9.842995169082126,3.0394524959742353,6.769994632313473,8.57487922705314,16.002415458937197,16.78743961352657,,1.7713365539452497,0.8118625872249061
151,36.63446054750403,9.789318303811058,2.9723564143853998,6.951154052603328,8.55475040257649,15.827965646806227,16.720343531937736,,1.737788513150832,0.8118625872249061
152,36.862587224906065,9.675254965110037,2.9723564143853998,6.951154052603328,8.55475040257649,15.734031132581856,16.700214707461082,,1.737788513150832,0.8118625872249061
153,36.782071926999464,9.66183574879227,2.871712292002147,6.689479334406871,8.494363929146537,15.640096618357488,17.317498658078367,,1.7310789049919484,0.8118625872249061
154,36.922973698336016,9.608158883521202,2.8650026838432634,6.689479334406871,8.494363929146537,15.559581320450885,17.317498658078367,,1.7310789049919484,0.8118625872249061
155,35.768921095008054,11.486849168008588,2.8650026838432634,6.863929146537842,8.3467525496511,15.505904455179817,16.63311862587225,,1.7310789049919484,0.798443370907139
156,35.990338164251206,11.486849168008588,2.8650026838432634,6.850509930220075,8.427267847557703,15.432098765432098,16.418411164787976,,1.7310789049919484,0.798443370907139
157,36.04401502952228,11.480139559849706,4.528985507246377,6.850509930220075,8.28636607622115,14.814814814814815,15.673644659151906,,1.6841116478797638,0.6374127750939346
158,36.35265700483092,11.406333870101985,4.528985507246377,6.837090713902308,8.266237251744498,14.794685990338165,15.58641975308642,,1.5901771336553945,0.6374127750939346
159,35.57434245840043,11.285560923242082,4.49543746645196,6.790123456790123,7.729468599033816,14.351851851851851,17.632850241545892,,1.5029522275899088,0.6374127750939346
160,35.84272678475577,11.191626409017713,4.49543746645196,6.723027375201288,7.729468599033816,14.338432635534085,17.538915727321523,,1.5029522275899088,0.6374127750939346
161,35.78234031132582,11.218464841653248,4.455179817498658,6.629092860976919,6.870638754696726,13.654052603327965,19.30354267310789,,1.4492753623188406,0.6374127750939346
162,35.82259796027912,11.218464841653248,4.455179817498658,6.629092860976919,6.870638754696726,13.6406333870102,19.276704240472355,,1.4492753623188406,0.6374127750939346
163,36.07085346215781,11.09098228663446,4.40150295222759,6.629092860976919,6.870638754696726,13.6406333870102,19.229736983360173,,1.42914653784219,0.6374127750939346
164,36.28556092324208,11.057434245840042,4.341116478797638,6.702898550724638,6.91760601180891,13.593666129898015,19.03515834675255,,1.42914653784219,0.6374127750939346
165,36.50697799248524,11.057434245840042,4.30756843800322,6.702898550724638,6.910896403650026,13.533279656468062,18.94122383252818,,1.4224369296833066,0.6172839506172839
166,36.56736446591519,11.171497584541063,4.30756843800322,6.6760601180891035,6.863929146537842,13.526570048309178,18.739935587761675,,1.5297906602254427,0.6172839506172839
167,35.90311325818572,10.909822866344605,4.146537842190016,6.709608158883521,7.380568974771873,14.278046162104133,18.5252281266774,,1.5297906602254427,0.6172839506172839
168,36.36607622114869,10.802469135802468,4.086151368760064,6.709608158883521,7.333601717659689,14.278046162104133,18.276972624798713,,1.5297906602254427,0.6172839506172839
169,36.460010735373054,10.802469135802468,4.086151368760064,6.709608158883521,7.333601717659689,14.278046162104133,18.183038110574344,,1.5297906602254427,0.6172839506172839
170,36.782071926999464,10.829307568438002,4.086151368760064,6.689479334406871,7.266505636070853,14.103596349973161,18.095813204508858,,1.5297906602254427,0.6172839506172839
171,36.87600644122383,9.86983360171766,4.086151368760064,6.689479334406871,7.226247987117552,15.13016639828234,17.975040257648953,,1.5297906602254427,0.6172839506172839
172,37.23161567364466,9.86983360171766,4.05931293612453,6.602254428341385,7.105475040257649,15.11003757380569,17.8743961352657,,1.5297906602254427,0.6172839506172839
173,37.466451959205585,9.802737520128824,4.012345679012346,6.588835212023618,7.105475040257649,15.103327965646805,17.773752012882447,,1.5297906602254427,0.6172839506172839
174,37.74154589371981,9.796027911969942,4.005636070853462,6.561996779388084,7.105475040257649,14.935587761674718,17.733494363929147,,1.5029522275899088,0.6172839506172839
175,37.8690284487386,9.567901234567902,4.1532474503489,6.890767579173376,7.024959742351046,14.761137949543746,17.67981749865808,,1.4358561460010735,0.6172839506172839
176,38.30515297906602,9.500805152979066,3.965378421900161,6.850509930220075,7.004830917874396,14.727589908749328,17.59259259259259,,1.4358561460010735,0.6172839506172839
177,38.61379495437466,9.473966720343531,3.965378421900161,6.850509930220075,6.837090713902308,14.754428341384862,17.45169082125604,,1.4358561460010735,0.6172839506172839
178,35.59447128287708,8.80300590445518,3.992216854535695,6.870638754696726,7.065217391304348,14.284755770263017,21.336553945249598,,1.4358561460010735,0.6172839506172839
179,35.279119699409556,8.80300590445518,3.898282340311326,6.857219538378959,7.0383789586688135,15.942028985507246,20.263016639828233,,1.3016639828234031,0.6172839506172839
180,35.560923242082666,8.80300590445518,3.898282340311326,6.857219538378959,6.830381105743425,15.921900161030596,20.209339774557165,,1.3016639828234031,0.6172839506172839
181,35.78234031132582,8.722490606548577,3.9989264626945786,6.857219538378959,6.796833064949007,15.895061728395062,20.02818035426731,,1.3016639828234031,0.6172839506172839
182,34.99060654857756,8.601717659688674,3.9586688137412773,6.689479334406871,6.421095008051529,15.807836822329575,21.611647879763822,,1.3016639828234031,0.6172839506172839
183,35.17176596886742,8.474235104669887,3.9519592055823938,6.689479334406871,6.414385399892646,15.821256038647343,21.557971014492754,,1.3016639828234031,0.6172839506172839
184,35.487117552334944,8.427267847557703,3.92512077294686,6.689479334406871,6.380837359098229,15.673644659151906,21.497584541062803,,1.3016639828234031,0.6172839506172839
185,35.66156736446592,8.373590982286634,3.898282340311326,6.622383252818035,6.380837359098229,15.747450348899624,21.4573268921095,,1.261406333870102,0.5971551261406334
186,35.93666129898014,8.252818035426731,3.8714439076757916,6.602254428341385,6.380837359098229,15.713902308105206,21.38352120236178,,1.261406333870102,0.5971551261406334
187,36.01717659688674,8.239398819108963,3.844605475040258,6.561996779388084,6.3137412775093935,16.129898013955984,21.155394524959743,,1.2278582930756843,0.5099302200751477
188,36.48684916800859,8.239398819108963,3.844605475040258,6.561996779388084,6.293612453032743,15.841384863123993,21.021202361782073,,1.2278582930756843,0.4830917874396135
189,36.78878153515835,8.179012345679013,3.92512077294686,6.4412238325281805,6.199677938808374,15.767579173376275,20.987654320987655,,1.2278582930756843,0.4830917874396135
190,37.15780998389694,8.152173913043478,4.012345679012346,6.407675791733762,6.179549114331723,15.552871712292003,20.833333333333332,,1.221148684916801,0.4830917874396135
191,37.4194847020934,8.111916264090176,3.9989264626945786,6.380837359098229,6.119162640901771,15.552871712292003,20.71256038647343,,1.221148684916801,0.4830917874396135
192,37.59393451422437,8.05823939881911,3.965378421900161,6.380837359098229,6.119162640901771,15.4723564143854,20.71256038647343,,1.221148684916801,0.47638217928073
193,37.88915727321525,8.05823939881911,3.92512077294686,6.374127750939345,6.119162640901771,15.398550724637682,20.551529790660226,,1.2077294685990339,0.47638217928073
194,38.036768652710684,8.024691358024691,4.005636070853462,6.360708534621578,6.092324208266238,15.378421900161031,20.417337627482556,,1.2077294685990339,0.47638217928073
195,38.32528180354267,8.004562533548041,3.992216854535695,6.374127750939345,6.085614600107354,15.26435856146001,20.162372517444982,,1.3150831991411702,0.47638217928073
196,38.62721417069243,7.890499194847021,3.992216854535695,6.3137412775093935,6.454643048845948,14.982555018786902,19.961084272678477,,1.3016639828234031,0.47638217928073
197,38.86205045625336,7.816693505099302,3.992216854535695,6.159420289855072,6.447933440687064,14.982555018786902,19.961084272678477,,1.3016639828234031,0.47638217928073
198,37.17793880837359,7.521470746108427,3.7372517444981215,6.239935587761675,6.5552871712292005,17.250402576489535,19.746376811594203,,1.2949543746645196,0.47638217928073
199,37.513419216317764,7.50805152979066,3.851315083199141,6.226516371443908,6.5552871712292005,17.062533548040793,19.524959742351047,,1.2815351583467525,0.47638217928073
200,37.466451959205585,7.494632313472893,3.851315083199141,6.320450885668277,6.5552871712292005,16.968599033816425,19.45115405260333,,1.415727321524423,0.47638217928073
201,37.32555018786903,7.461084272678476,3.844605475040258,6.387546967257112,6.535158346752549,16.941760601180892,19.504830917874397,,1.5230810520665594,0.47638217928073
202,37.52012882447665,7.4208266237251745,3.8378958668813743,6.320450885668277,6.515029522275899,16.941760601180892,19.444444444444443,,1.5230810520665594,0.47638217928073
203,37.734836285560924,7.387278582930757,3.824476650563607,6.146001073537305,6.515029522275899,16.82769726247987,19.444444444444443,,1.6438539989264627,0.47638217928073
204,37.76167471819646,7.306763285024155,3.81105743424584,6.132581857219538,6.756575415995706,16.76731078904992,19.350509930220074,,1.6371443907675791,0.47638217928073
205,37.855609232420825,7.152442297369833,3.9184111647879765,6.132581857219538,7.1725711218464845,16.344605475040257,19.316961889425656,,1.6371443907675791,0.46967257112184646
206,37.9495437466452,7.139023081052066,3.9184111647879765,6.085614600107354,7.1725711218464845,16.31105743424584,19.316961889425656,,1.6371443907675791,0.46967257112184646
207,37.98309178743961,6.957863660762212,3.9720880300590444,6.387546967257112,7.065217391304348,16.23054213633924,19.249865807836823,,1.7042404723564144,0.4495437466451959
208,38.238056897477186,6.9310252281266775,3.9519592055823938,6.266774020397209,7.004830917874396,16.203703703703702,19.249865807836823,,1.7042404723564144,0.4495437466451959
209,38.425925925925924,6.850509930220075,3.9519592055823938,6.239935587761675,7.004830917874396,16.25067096081589,19.122383252818036,,1.7042404723564144,0.4495437466451959
210,37.875738056897475,6.380837359098229,3.797638217928073,6.139291465378422,6.132581857219538,16.0829307568438,21.43719806763285,,1.7042404723564144,0.4495437466451959
211,38.036768652710684,6.380837359098229,3.92512077294686,6.092324208266238,6.132581857219538,16.0426731078905,21.28287707997853,,1.6572732152442298,0.4495437466451959
212,38.52657004830918,6.367418142780462,3.898282340311326,6.045356951154052,6.0587761674718195,15.94873859366613,21.061460010735374,,1.6438539989264627,0.4495437466451959
213,38.7614063338701,6.340579710144928,3.8043478260869565,6.045356951154052,6.0587761674718195,15.935319377348362,20.96081588835212,,1.6438539989264627,0.4495437466451959
214,38.87546967257112,6.286902844873859,3.8043478260869565,6.045356951154052,6.0587761674718195,15.962157809983896,20.873590982286636,,1.6438539989264627,0.4495437466451959
215,39.150563607085346,6.280193236714976,3.7909286097691894,5.991680085882985,5.998389694041868,15.935319377348362,20.759527643585614,,1.6438539989264627,0.4495437466451959
216,39.30488459473967,6.280193236714976,3.7909286097691894,5.991680085882985,5.998389694041868,15.83467525496511,20.73268921095008,,1.6438539989264627,0.4227053140096618
217,39.432367149758456,6.280193236714976,3.844605475040258,5.991680085882985,5.897745571658615,15.807836822329575,20.679012345679013,,1.6438539989264627,0.4227053140096618
218,39.91545893719807,6.233225979602791,3.8177670424047236,5.857487922705314,5.797101449275362,15.727321524422974,20.585077831454644,,1.6438539989264627,0.4227053140096618
219,39.88862050456253,6.206387546967257,3.911701556629093,5.924584004294149,5.763553408480945,15.713902308105206,20.42404723564144,,1.7444981213097155,0.4227053140096618
220,37.895866881374126,5.938003220611916,3.797638217928073,5.723295759527644,8.541331186258722,15.250939345142244,21.18894256575416,,1.2412775093934514,0.4227053140096618
221,38.37224906065486,5.917874396135265,3.7238325281803544,5.6964573268921095,8.36688137412775,15.24422973698336,21.014492753623188,,1.2412775093934514,0.4227053140096618
222,38.539989264626946,5.803811057434245,3.7238325281803544,5.6964573268921095,8.36688137412775,15.237520128824476,20.967525496511005,,1.2412775093934514,0.4227053140096618
223,37.74825550187869,6.615673644659152,3.603059581320451,5.374396135265701,7.87037037037037,14.888620504562533,22.24235104669887,,1.2345679012345678,0.4227053140096618
224,37.285292538915726,6.5485775630703165,3.589640365002684,5.401234567901234,7.769726247987117,15.935319377348362,21.940418679549115,,1.107085346215781,0.4227053140096618
225,37.62748255501879,6.535158346752549,3.5426731078904994,5.293880837359098,7.716049382716049,15.935319377348362,21.732420826623724,,1.1943102522812667,0.4227053140096618
226,37.98309178743961,6.535158346752549,3.5292538915727323,5.287171229200215,7.682501341921632,15.821256038647343,21.55126140633387,,1.1943102522812667,0.41599570585077833
227,38.30515297906602,6.508319914117015,3.5762211486849167,5.756843800322061,7.682501341921632,15.673644659151906,20.8870101986044,,1.1943102522812667,0.41599570585077833
228,37.72812667740204,6.400966183574879,3.7238325281803544,5.5756843800322065,8.896940418679549,15.210681696188942,20.913848631239937,,1.133923778851315,0.41599570585077833
229,37.82877079978529,6.266774020397209,3.7104133118625873,5.5756843800322065,8.896940418679549,15.150295222758992,21.021202361782073,,1.133923778851315,0.41599570585077833
230,37.88915727321525,6.152710681696189,3.9318303811057436,5.548845947396672,8.896940418679549,15.049651100375739,20.98094471282877,,1.133923778851315,0.41599570585077833
231,38.02334943639291,6.152710681696189,4.066022544283414,5.548845947396672,8.896940418679549,14.949006977992486,20.813204508856682,,1.133923778851315,0.41599570585077833
232,38.06360708534621,6.152710681696189,3.92512077294686,5.548845947396672,9.125067096081589,14.868491680085883,20.78636607622115,,1.133923778851315,0.39586688137412773
233,38.425925925925924,6.152710681696189,3.92512077294686,5.528717122920021,9.125067096081589,14.640365002683843,20.632045088566827,,1.2010198604401503,0.36902844873859364
234,38.67418142780462,6.052066559312936,3.92512077294686,5.481749865807837,9.151905528717123,14.63365539452496,20.511272141706925,,1.2010198604401503,0.36902844873859364
235,38.65405260332797,6.018518518518518,3.92512077294686,5.4549114331723025,9.265968867418144,14.600107353730541,20.511272141706925,,1.2010198604401503,0.36902844873859364
236,38.821792807300056,5.998389694041868,3.898282340311326,5.421363392377885,9.265968867418144,14.55984970477724,20.50456253354804,,1.1607622114868492,0.36902844873859364
237,39.06333870101986,5.984970477724101,3.8848631239935587,5.421363392377885,9.225711218464841,14.553140096618357,20.336822329575952,,1.1607622114868492,0.36902844873859364
238,39.17740203972088,5.9514224369296835,3.8848631239935587,5.293880837359098,9.219001610305957,14.593397745571659,20.35024154589372,,1.1607622114868492,0.36902844873859364
239,39.150563607085346,5.9514224369296835,3.8714439076757916,5.267042404723564,9.359903381642512,14.65378421900161,20.2361782071927,,1.1406333870101986,0.36902844873859364
240,38.92243692968331,5.9514224369296835,4.012345679012346,5.253623188405797,9.286097691894794,14.371980676328503,20.7662372517445,,1.06682769726248,0.36902844873859364
241,38.909017713365536,5.9514224369296835,3.9452495974235107,5.340848094471283,9.353193773483628,14.358561460010735,20.705850778314545,,1.06682769726248,0.36902844873859364
242,39.27804616210413,5.924584004294149,3.8378958668813743,5.287171229200215,9.346484165324744,14.445786366076222,20.44417606011809,,1.06682769726248,0.36902844873859364
243,39.49946323134729,5.911164787976382,3.8378958668813743,5.287171229200215,9.420289855072463,14.244498121309716,20.29656468062265,,1.133923778851315,0.36902844873859364
244,39.65378421900161,5.844068706387547,3.8378958668813743,5.280461621041331,9.406870638754697,14.110305958132045,20.249597423510465,,1.247987117552335,0.36902844873859364
245,39.741009125067094,5.837359098228664,3.8378958668813743,5.280461621041331,9.406870638754697,14.04320987654321,20.242887815351583,,1.247987117552335,0.36231884057971014
246,40.183843263553406,5.669618894256575,3.8378958668813743,5.280461621041331,9.373322597960279,13.90901771336554,20.148953301127214,,1.2345679012345678,0.36231884057971014
