,45,50,55,54,59,51,52,58,53,57,56,60,61
0,99.91277509393451,0.08722490606548577,,,,,,,,,,,
1,99.65110037573805,0.3488996242619431,,,,,,,,,,,
2,98.33601717659688,1.6639828234031133,,,,,,,,,,,
3,96.77938808373591,3.2206119162640903,,,,,,,,,,,
4,91.18357487922705,8.816425120772946,,,,,,,,,,,
5,83.44739667203436,16.53918411164788,0.013419216317767043,,,,,,,,,,
6,83.1857219538379,15.895061728395062,0.013419216317767043,0.8923778851315083,0.013419216317767043,,,,,,,,
7,80.32742887815351,18.035426731078903,0.013419216317767043,1.6103059581320451,0.013419216317767043,,,,,,,,
8,76.96591519055288,21.39694041867955,0.026838432635534086,1.596886741814278,0.013419216317767043,,,,,,,,
9,76.1808910359635,20.954106280193237,0.0939345142243693,1.596886741814278,0.013419216317767043,1.0534084809447128,0.10735373054213634,,,,,,
10,75.11406333870102,21.24932903918411,0.0939345142243693,0.8588298443370908,,2.576489533011272,0.10735373054213634,,,,,,
11,74.92619431025228,21.4170692431562,0.11406333870101985,0.8588298443370908,,2.576489533011272,0.10735373054213634,,,,,,
12,74.57729468599034,21.71900161030596,0.11406333870101985,0.8185721953837896,,2.6637144390767578,0.10735373054213634,,,,,,
13,74.49677938808374,21.752549651100377,0.1610305958132045,0.8185721953837896,,2.6637144390767578,0.10735373054213634,,,,,,
14,73.67149758454106,22.57783145464305,0.1610305958132045,0.8185721953837896,,2.6637144390767578,0.10735373054213634,,,,,,
15,62.78180354267311,33.23939881910896,0.1878690284487386,0.8185721953837896,,2.8650026838432634,0.10735373054213634,,,,,,
16,62.74154589371981,33.04482018250134,0.3824476650563607,0.7581857219538379,,2.8650026838432634,0.14761137949543746,0.06038647342995169,,,,,
17,62.56038647342995,32.90391841116479,0.6776704240472357,0.785024154589372,,2.8650026838432634,0.14761137949543746,0.06038647342995169,,,,,
18,62.486580783682236,32.90391841116479,0.7045088566827697,0.9192163177670424,,2.7509393451422435,0.17444981213097155,0.06038647342995169,,,,,
19,57.88378958668814,37.1309715512614,1.0601180891035964,0.9192163177670424,,2.771068169618894,0.17444981213097155,0.06038647342995169,,,,,
20,56.56199677938808,38.28502415458937,1.0534084809447128,1.0802469135802468,,2.757648953301127,0.17444981213097155,0.06038647342995169,0.026838432635534086,,,,
21,56.394256575415994,37.90257648953301,1.4492753623188406,1.0802469135802468,,2.831454643048846,0.2549651100375738,0.06038647342995169,0.026838432635534086,,,,
22,47.46376811594203,45.06172839506173,1.4694041867954912,1.0534084809447128,,2.831454643048846,2.033011272141707,0.06038647342995169,0.026838432635534086,,,,
23,47.16183574879227,44.29012345679013,1.5432098765432098,1.0534084809447128,,2.831454643048846,2.8918411164787976,0.06038647342995169,0.16774020397208803,,,,
24,47.16183574879227,44.24315619967794,1.583467525496511,1.0534084809447128,,2.8381642512077296,2.8918411164787976,0.06038647342995169,0.16774020397208803,,,,
25,47.128287707997856,44.22973698336017,1.583467525496511,1.0534084809447128,,2.791196994095545,2.985775630703167,0.06038647342995169,0.16774020397208803,,,,
26,47.10144927536232,44.015029522275896,1.8250134192163177,1.0534084809447128,,2.791196994095545,2.985775630703167,0.06038647342995169,0.16774020397208803,,,,
27,47.08132045088567,44.04186795491143,1.8250134192163177,1.0534084809447128,,2.7844873859366612,2.985775630703167,0.06038647342995169,0.16774020397208803,,,,
28,46.9873859366613,43.92109500805153,1.9457863660762211,1.0534084809447128,,2.85829307568438,2.985775630703167,0.06038647342995169,0.16774020397208803,0.020128824476650563,,,
29,46.464036500268385,44.02844873859367,2.046430488459474,1.1607622114868492,,3.026033279656468,2.985775630703167,0.06038647342995169,0.20799785292538917,0.020128824476650563,,,
30,44.880568974771876,46.91358024691358,1.8585614600107354,1.1808910359634996,,3.052871712292002,1.90552871712292,,0.20799785292538917,,,,
31,44.80005367686527,45.410628019323674,3.361513687600644,1.1808910359634996,,3.099838969404187,1.90552871712292,,0.20799785292538917,,0.03354804079441761,,
32,44.65244229736983,45.17579173376275,3.5762211486849167,1.3486312399355878,,3.099838969404187,1.90552871712292,,0.20799785292538917,,0.03354804079441761,,
33,44.48470209339774,45.32340311325819,3.5963499731615673,1.3486312399355878,,3.099838969404187,1.90552871712292,,0.20799785292538917,,0.03354804079441761,,
34,38.89559849704777,41.277509393451425,2.3550724637681157,1.7847557702630166,,13.20450885668277,1.90552871712292,,0.5166398282340311,,0.06038647342995169,,
35,38.016639828234034,41.39157273215244,2.408749329039184,1.8518518518518519,,13.781535158346752,1.90552871712292,,0.5166398282340311,,0.1274825550187869,,
36,31.830381105743424,44.75979602791197,2.301395598497048,1.737788513150832,,16.780730005367687,1.90552871712292,,0.5300590445517982,,0.15432098765432098,,
37,31.655931293612454,44.77992485238862,2.341653247450349,1.724369296833065,,16.71363392377885,2.046430488459474,,0.5300590445517982,,0.20799785292538917,,
38,28.032742887815353,49.604133118625874,2.428878153515835,1.724369296833065,,10.547504025764896,6.810252281266774,,0.6709608158883521,,0.18115942028985507,,
39,27.925389157273216,49.20826623725174,2.428878153515835,1.724369296833065,,10.279119699409554,6.810252281266774,,1.442565754159957,,0.18115942028985507,,
40,25.087224906065487,49.77858293075684,2.301395598497048,1.9592055823939882,,15.123456790123457,4.139828234031133,,1.442565754159957,,0.16774020397208803,,
41,25.026838432635532,48.20182501341922,2.341653247450349,1.9592055823939882,,14.97584541062802,4.086151368760064,,3.099838969404187,,0.30864197530864196,,
42,25.087224906065487,47.94685990338164,2.522812667740204,1.9592055823939882,,14.868491680085883,4.1129898013955986,,3.099838969404187,,0.4025764895330113,,
43,25.033548040794418,47.91331186258722,2.5831991411701556,1.9592055823939882,,14.868491680085883,4.139828234031133,,3.099838969404187,,0.4025764895330113,,
44,24.97987117552335,47.96698872785829,2.5831991411701556,1.9592055823939882,,14.774557165861514,4.139828234031133,,3.099838969404187,,0.49651100375738055,,
45,23.617820719269993,49.503488996242616,2.462426194310252,1.9592055823939882,,14.660493827160494,4.086151368760064,,3.099838969404187,,0.6105743424584005,,
46,23.637949543746647,49.322329575952764,2.623456790123457,1.9592055823939882,,14.49946323134729,4.086151368760064,,3.099838969404187,,0.7716049382716049,,
47,23.51046698872786,49.302200751476114,2.623456790123457,1.9390767579173376,,14.63365539452496,4.086151368760064,,3.099838969404187,,0.8051529790660226,,
48,23.43666129898014,49.31561996779388,2.6838432635534084,1.9390767579173376,,14.593397745571659,4.086151368760064,,3.099838969404187,,0.8454106280193237,,
49,23.429951690821255,45.54482018250134,2.1403650026838434,1.9390767579173376,,18.54535695115405,5.018786902844874,,2.5161030595813205,,0.8655394524959742,,
50,20.82662372517445,48.04079441760601,2.2611379495437465,1.9390767579173376,,18.417874396135264,5.038915727321524,,2.5161030595813205,,0.9594739667203436,,
51,20.182501341921633,52.11352657004831,1.7646269457863661,0.9594739667203436,,17.424852388620504,4.106280193236715,,2.576489533011272,,0.8722490606548577,,
52,19.920826623725173,46.69887278582931,3.7104133118625873,0.5300590445517982,,21.85990338164251,3.9720880300590444,,2.5563607085346214,,0.7514761137949544,,
53,19.920826623725173,46.34997316156736,4.025764895330113,0.5300590445517982,,21.812936124530328,3.965378421900161,0.03354804079441761,2.5295222758990876,,0.8252818035426731,0.0067096081588835215,
54,19.753086419753085,45.75281803542673,3.9452495974235107,0.5770263016639828,,21.812936124530328,4.7638217928073,0.03354804079441761,2.5295222758990876,,0.8252818035426731,0.0067096081588835215,
55,19.82018250134192,45.70585077831455,3.9586688137412773,0.5770263016639828,,21.74584004294149,4.7638217928073,0.06709608158883522,2.5295222758990876,,0.8252818035426731,0.0067096081588835215,
56,19.732957595276435,45.70585077831455,4.025764895330113,0.5501878690284487,,21.712292002147073,4.7638217928073,0.08051529790660225,2.5161030595813205,,0.9057971014492754,0.0067096081588835215,
57,16.25738056897477,49.43639291465379,3.844605475040258,0.5099302200751477,,21.604938271604937,4.736983360171766,0.08051529790660225,2.49597423510467,,1.0265700483091786,0.0067096081588835215,
58,16.170155662909288,47.30273752012882,3.7238325281803544,0.6508319914117016,,23.980139559849704,4.562533548040794,0.08051529790660225,2.49597423510467,,1.0265700483091786,0.0067096081588835215,
59,14.680622651637144,42.914653784219,3.4017713365539453,0.6508319914117016,,28.18035426731079,6.561996779388084,0.08051529790660225,2.49597423510467,,1.0265700483091786,0.0067096081588835215,
60,14.204240472356414,42.48523886205046,3.5426731078904994,0.6508319914117016,,28.609769189479334,6.5485775630703165,0.08051529790660225,2.49597423510467,0.013419216317767043,1.3620504562533549,0.0067096081588835215,
61,14.217659688674182,42.14975845410628,3.81105743424584,0.7246376811594203,,28.495705850778315,6.508319914117015,0.12077294685990338,2.4892646269457863,0.026838432635534086,1.4492753623188406,0.0067096081588835215,
62,13.399087493290391,42.961621041331185,3.7909286097691894,0.7917337627482555,,28.609769189479334,6.407675791733762,0.12077294685990338,2.4490069779924855,0.040257648953301126,1.4224369296833066,0.0067096081588835215,
63,13.110574342458401,39.72758990874933,2.3617820719269993,0.7045088566827697,,34.93022007514761,5.723295759527644,0.08722490606548577,2.408749329039184,0.040257648953301126,0.9057971014492754,,
64,13.157541599570585,39.55984970477724,2.4892646269457863,0.7045088566827697,,34.88996242619431,5.723295759527644,0.10064412238325282,2.428878153515835,0.040257648953301126,0.9057971014492754,,
65,13.144122383252817,38.707729468599034,3.2877079978529253,0.7581857219538379,,34.82957595276436,5.629361245303274,0.06038647342995169,2.4557165861513686,0.17444981213097155,0.95276435856146,,
66,12.93612453032743,38.47289318303811,3.260869565217391,0.7581857219538379,,35.14492753623188,5.629361245303274,0.06038647342995169,2.522812667740204,0.17444981213097155,1.0399892646269457,,
67,12.949543746645196,38.439345142243695,3.280998389694042,0.7581857219538379,,35.13150831991412,5.629361245303274,0.06038647342995169,2.522812667740204,0.17444981213097155,1.0534084809447128,,
68,12.949543746645196,38.32528180354267,3.3950617283950617,1.6975308641975309,,34.07139023081052,5.60252281266774,0.06038647342995169,2.522812667740204,0.17444981213097155,1.2010198604401503,,
69,12.801932367149758,38.12399355877617,3.4688674181427803,1.778046162104133,,33.051529790660226,5.300590445517981,0.06038647342995169,3.455448201825013,0.28180354267310787,1.6774020397208802,,
70,12.808641975308642,38.1105743424584,3.475577026301664,1.778046162104133,,32.991143317230275,5.293880837359098,0.06038647342995169,3.455448201825013,0.28180354267310787,1.7444981213097155,,
71,12.781803542673108,37.97638217928073,3.5225442834138487,1.8048845947396672,,32.92404723564144,5.381105743424584,0.06038647342995169,3.5292538915727323,0.28180354267310787,1.737788513150832,,
72,12.620772946859903,36.41975308641975,3.44873859366613,1.8048845947396672,,32.56172839506173,5.340848094471283,0.06038647342995169,5.548845947396672,0.28180354267310787,1.9122383252818036,,
73,12.620772946859903,34.76918947933441,3.3145464304884595,1.9592055823939882,,32.139023081052066,7.447665056360709,0.06038647342995169,5.548845947396672,0.28180354267310787,1.8585614600107354,,
74,12.634192163177671,34.74235104669887,3.3145464304884595,1.9592055823939882,,31.984702093397747,7.461084272678476,0.06038647342995169,5.548845947396672,0.28180354267310787,2.0128824476650564,,
75,12.674449812130971,34.675254965110035,3.3950617283950617,1.9592055823939882,,31.97128287707998,7.4208266237251745,0.06038647342995169,5.46833064949007,0.2952227589908749,2.0799785292538915,,
76,12.184648416532475,28.30112721417069,2.4691358024691357,1.5499194847020934,,43.18974771873322,4.750402576489533,0.04696725711218465,5.428073000536768,0.322061191626409,1.7579173376274826,,
77,12.157809983896941,27.536231884057973,2.4490069779924855,1.5499194847020934,,42.921363392377884,4.750402576489533,0.04696725711218465,6.280193236714976,0.322061191626409,1.9860440150295222,,
78,12.224906065485776,27.482555018786904,2.536231884057971,1.5499194847020934,,42.69994632313473,4.750402576489533,0.04696725711218465,6.266774020397209,0.322061191626409,2.120236178207193,,
79,11.211755233494364,24.93961352657005,2.1739130434782608,1.1876006441223832,,47.53086419753087,4.575952764358561,0.04696725711218465,5.938003220611916,0.322061191626409,2.073268921095008,,
80,11.218464841653248,24.46323134728932,2.0128824476650564,1.9726247987117553,,47.296027911969944,4.602791196994096,0.04696725711218465,5.904455179817498,0.322061191626409,2.1604938271604937,,
81,10.782340311325818,21.72571121846484,1.3754696725711217,1.9726247987117553,,52.44900697799248,4.569243156199678,0.04696725711218465,5.12614063338701,0.322061191626409,1.6304347826086956,,
82,10.782340311325818,21.611647879763822,1.596886741814278,1.9726247987117553,,52.321524422973695,4.569243156199678,0.04696725711218465,5.12614063338701,0.322061191626409,1.6505636070853462,,
83,9.681964573268921,20.44417606011809,1.5365002683843263,1.8585614600107354,,55.072463768115945,4.30756843800322,0.06038647342995169,5.119431025228127,0.322061191626409,1.596886741814278,,
84,9.688674181427805,20.417337627482556,1.5297906602254427,1.8585614600107354,,55.04562533548041,4.361245303274289,0.04696725711218465,5.0993022007514766,0.322061191626409,1.6304347826086956,,
85,9.702093397745571,20.397208803005906,1.556629092860977,1.8585614600107354,,54.99865807836822,4.361245303274289,0.04696725711218465,5.0993022007514766,0.322061191626409,1.6572732152442298,,
86,9.695383789586689,19.920826623725173,1.4694041867954912,1.6505636070853462,,48.7788513150832,4.253891572732153,0.04696725711218465,12.298711755233494,0.36902844873859364,1.5163714439076759,,
87,9.581320450885668,19.444444444444443,1.4895330112721417,1.6505636070853462,,49.35587761674718,4.253891572732153,0.04696725711218465,12.298711755233494,0.36902844873859364,1.5096618357487923,,
88,9.628287707997853,19.45786366076221,1.4895330112721417,1.6371443907675791,,49.308910359635,4.253891572732153,0.04696725711218465,12.298711755233494,0.36902844873859364,1.5096618357487923,,
89,9.601449275362318,18.659420289855074,1.4492753623188406,1.751207729468599,,46.3768115942029,8.158883521202362,0.04696725711218465,12.198067632850242,0.33548040794417605,1.4224369296833066,,
90,9.614868491680086,18.47826086956522,1.482823403113258,1.7444981213097155,,44.93424584004294,9.708803005904455,0.04696725711218465,12.198067632850242,0.46967257112184646,1.3217928073000538,,
91,9.628287707997853,18.451422436929683,2.589908749329039,1.7444981213097155,,43.907675791733766,9.588030059044552,0.04696725711218465,12.198067632850242,0.5770263016639828,1.2681159420289856,,
92,6.561996779388084,26.221148684916802,2.61003757380569,1.6572732152442298,,39.982555018786904,9.366612989801396,0.03354804079441761,11.701556629092861,0.5770263016639828,1.288244766505636,,
93,6.561996779388084,26.039989264626946,3.307836822329576,1.6572732152442298,,38.29844337090714,10.540794417606012,0.04696725711218465,11.688137412775093,0.5770263016639828,1.2815351583467525,,
94,6.575415995705851,26.039989264626946,3.361513687600644,1.6572732152442298,,38.1508319914117,10.540794417606012,0.04696725711218465,11.714975845410628,0.5770263016639828,1.3352120236178207,,
95,6.582125603864735,25.925925925925927,3.589640365002684,1.6572732152442298,,37.96296296296296,10.46027911969941,0.04696725711218465,11.714975845410628,0.6642512077294686,1.3821792807300053,,0.013419216317767043
96,5.756843800322061,24.838969404186795,3.549382716049383,1.5230810520665594,,42.99516908212561,9.25925925925926,0.026838432635534086,10.61460010735373,0.6239935587761675,0.798443370907139,,0.013419216317767043
97,4.448470209339774,23.658078368223297,2.368491680085883,1.583467525496511,,49.10762211486849,6.984702093397746,0.026838432635534086,10.413311862587225,0.6105743424584005,0.798443370907139,,
98,4.508856682769726,22.933440687063875,2.368491680085883,2.301395598497048,,48.8593666129898,6.89747718733226,0.026838432635534086,10.359634997316157,0.8051529790660226,0.9393451422436929,,
99,4.528985507246377,22.81266774020397,2.4825550187869028,2.301395598497048,,48.731884057971016,6.890767579173376,0.14761137949543746,10.238862050456254,0.8051529790660226,1.0601180891035964,,
100,4.582662372517445,21.651905528717123,3.7775093934514223,2.200751476113795,,48.35614600107354,6.608964036500268,0.14761137949543746,10.225442834138486,1.288244766505636,1.1607622114868492,,
101,4.49543746645196,21.692163177670423,3.8378958668813743,2.200751476113795,,48.16156736446592,6.602254428341385,0.14761137949543746,10.218733225979603,1.2949543746645196,1.3486312399355878,,
102,4.327697262479871,21.524422973698336,3.9519592055823938,2.033011272141707,,48.2085346215781,6.736446591519055,0.2281266774020397,9.829575952764358,1.7646269457863661,1.3955984970477724,,
103,4.3545356951154055,21.470746108427267,4.488727858293076,1.9726247987117553,,47.70531400966183,6.736446591519055,0.2281266774020397,9.822866344605474,1.7646269457863661,1.4559849704777241,,
104,4.26731078904992,21.22920021470746,4.542404723564144,1.8988191089640365,,46.57809983896941,9.212292002147075,0.2281266774020397,8.943907675791733,1.6572732152442298,1.442565754159957,,
105,4.30756843800322,21.135265700483092,5.005367686527107,1.8988191089640365,,46.03462157809984,9.185453569511541,0.2281266774020397,8.943907675791733,1.6841116478797638,1.5767579173376274,,
106,4.314278046162104,21.128556092324207,5.005367686527107,1.8988191089640365,,45.94068706387547,9.131776704240472,0.2281266774020397,8.93719806763285,1.737788513150832,1.6774020397208802,,
107,4.092860976918948,14.345142243692969,3.052871712292002,1.3352120236178207,,55.743424584004295,8.957326892109501,0.14761137949543746,8.903650026838433,1.6035963499731616,1.8183038110574343,,
108,4.079441760601181,14.345142243692969,4.374664519592056,1.3486312399355878,,55.06575415995706,8.849973161567364,0.14761137949543746,8.11862587224906,1.7042404723564144,1.9659151905528718,,
109,4.146537842190016,14.318303811057435,4.898013955984971,1.3486312399355878,,54.54240472356415,8.836553945249598,0.14761137949543746,8.07836822329576,1.7176596886741815,1.9659151905528718,,
110,4.0995705850778315,14.318303811057435,4.918142780461621,1.6639828234031133,,54.05260332796565,8.480944712828771,0.14761137949543746,8.07836822329576,1.7444981213097155,2.49597423510467,,
111,4.1129898013955986,14.318303811057435,4.911433172302737,1.6639828234031133,0.03354804079441761,53.84460547504026,8.480944712828771,0.14761137949543746,8.07836822329576,1.7444981213097155,2.6637144390767578,,
112,4.180085882984434,14.318303811057435,4.9651100375738055,1.6908212560386473,0.03354804079441761,53.743961352657,8.433977455716587,0.14761137949543746,8.07836822329576,1.7646269457863661,2.6435856146001075,,
113,4.2270531400966185,13.707729468599034,4.978529253891573,1.8317230273752012,0.03354804079441761,52.32823403113258,10.768921095008052,0.1610305958132045,7.695920558239399,1.7646269457863661,2.5026838432635534,,
114,4.2270531400966185,13.6406333870102,5.12614063338701,1.8250134192163177,0.03354804079441761,52.10681696188943,10.748792270531402,0.18115942028985507,7.695920558239399,1.8048845947396672,2.61003757380569,,
115,4.240472356414386,13.546698872785829,5.22007514761138,1.8250134192163177,0.03354804079441761,51.892109500805155,10.63472893183038,0.18115942028985507,7.695920558239399,1.9189479334406871,2.8113258185721954,,
116,4.260601180891036,13.439345142243694,5.360976918947934,1.9592055823939882,0.03354804079441761,49.282071926999464,10.61460010735373,0.18115942028985507,9.366612989801396,1.9457863660762211,3.556092324208266,,
117,4.320987654320987,13.24476650563607,5.776972624798712,1.9592055823939882,0.03354804079441761,49.060654857756305,10.581052066559312,0.18115942028985507,9.31964573268921,1.9659151905528718,3.556092324208266,,
118,4.361245303274289,13.20450885668277,5.891035963499732,1.9592055823939882,0.03354804079441761,48.8593666129898,10.581052066559312,0.18115942028985507,9.31964573268921,1.9659151905528718,3.643317230273752,,
119,4.394793344068707,13.20450885668277,5.931293612453032,1.9592055823939882,0.03354804079441761,48.82581857219538,10.473698336017177,0.18115942028985507,9.359903381642512,1.9659151905528718,3.670155662909286,,
120,4.408212560386473,13.20450885668277,5.924584004294149,1.9592055823939882,0.03354804079441761,48.718464841653244,10.36634460547504,0.18115942028985507,9.27938808373591,2.2074610842726785,3.7037037037037037,0.013419216317767043,
121,4.40150295222759,13.16425120772947,5.931293612453032,2.059849704777241,0.03354804079441761,48.65807836822329,10.36634460547504,0.2214170692431562,9.27938808373591,2.2074610842726785,3.6634460547504024,0.013419216317767043,
122,4.414922168545357,13.150831991411701,6.092324208266238,2.059849704777241,0.03354804079441761,48.470209339774556,10.299248523886206,0.2214170692431562,9.185453569511541,2.3483628556092326,3.7104133118625873,0.013419216317767043,
123,4.414922168545357,12.560386473429952,6.0587761674718195,2.059849704777241,0.03354804079441761,47.44363929146538,11.131239935587761,0.2214170692431562,9.836285560923242,2.3752012882447664,3.851315083199141,0.013419216317767043,
124,4.435050993022007,12.513419216317766,6.078904991948471,2.059849704777241,0.03354804079441761,46.89345142243693,11.506977992485238,0.2214170692431562,9.782608695652174,2.4557165861513686,4.005636070853462,0.013419216317767043,
125,4.314278046162104,12.426194310252281,6.91760601180891,2.059849704777241,0.03354804079441761,46.11513687600644,11.594202898550725,0.2214170692431562,9.75577026301664,2.522812667740204,4.025764895330113,0.013419216317767043,
126,4.367954911433173,12.399355877616747,7.635534084809447,2.1135265700483092,0.06709608158883522,45.148953301127214,11.553945249597424,0.2549651100375738,9.688674181427805,2.5831991411701556,4.17337627482555,0.013419216317767043,
127,4.374664519592056,12.385936661298981,7.695920558239399,2.1269457863660763,0.03354804079441761,45.06172839506173,11.480139559849706,0.3488996242619431,9.594739667203436,2.657004830917874,4.200214707461084,0.013419216317767043,0.026838432635534086
128,4.408212560386473,12.359098228663447,7.702630166398282,2.1269457863660763,0.03354804079441761,45.06172839506173,11.466720343531938,0.3488996242619431,9.594739667203436,2.6502952227589907,4.200214707461084,0.020128824476650563,0.026838432635534086
129,3.8714439076757916,11.681427804616211,7.7898550724637685,2.1269457863660763,0.03354804079441761,46.51771336553945,11.09098228663446,0.3488996242619431,9.588030059044552,2.677133655394525,4.2270531400966185,0.020128824476650563,0.026838432635534086
130,3.784219001610306,11.406333870101985,7.763016639828234,2.2410091250670963,0.03354804079441761,46.67874396135266,10.93666129898014,0.4294149221685454,9.64170692431562,2.703972088030059,4.334406870638754,0.020128824476650563,0.026838432635534086
131,3.4017713365539453,11.097691894793345,7.716049382716049,2.771068169618894,0.03354804079441761,50.28851315083199,9.098228663446054,0.4092860976918948,8.970746108427267,2.509393451422437,3.656736446591519,0.020128824476650563,0.026838432635534086
132,2.8247450348899625,10.178475577026301,7.39398819108964,2.1739130434782608,0.03354804079441761,58.10520665593129,6.226516371443908,0.41599570585077833,7.514761137949543,1.778046162104133,3.307836822329576,0.020128824476650563,0.026838432635534086
133,2.85829307568438,10.158346752549651,7.447665056360709,2.1739130434782608,0.03354804079441761,58.031400966183575,6.226516371443908,0.39586688137412773,7.367149758454106,1.9189479334406871,3.3413848631239937,0.020128824476650563,0.026838432635534086
134,2.9589371980676327,10.144927536231885,7.367149758454106,2.1739130434782608,0.03354804079441761,57.8569511540526,6.199677938808374,0.39586688137412773,7.353730542136339,1.9189479334406871,3.549382716049383,0.020128824476650563,0.026838432635534086
135,2.985775630703167,10.084541062801932,7.37385936661299,2.301395598497048,0.03354804079441761,57.628824476650564,6.199677938808374,0.4227053140096618,7.326892109500805,1.9122383252818036,3.683574879227053,0.020128824476650563,0.026838432635534086
136,3.046162104133119,10.071121846484166,7.387278582930757,2.314814814814815,0.03354804079441761,57.54159957058508,6.166129898013956,0.4227053140096618,7.360440150295223,1.9122383252818036,3.69699409554482,0.020128824476650563,0.026838432635534086
137,3.0864197530864197,10.057702630166398,7.4006977992485234,2.314814814814815,0.03354804079441761,57.48121309715513,6.166129898013956,0.4227053140096618,7.360440150295223,1.9122383252818036,3.717122920021471,0.020128824476650563,0.026838432635534086
138,2.61003757380569,9.796027911969942,7.461084272678476,2.314814814814815,0.03354804079441761,56.5955448201825,7.675791733762749,0.4227053140096618,7.300053676865271,1.9122383252818036,3.8311862587224907,0.020128824476650563,0.026838432635534086
139,2.6301663982823404,9.749060654857756,7.5348899624261945,2.314814814814815,0.03354804079441761,56.46135265700483,7.628824476650563,0.46967257112184646,7.300053676865271,1.9122383252818036,3.8915727321524423,0.020128824476650563,0.05367686527106817
140,2.6301663982823404,9.749060654857756,7.5281803542673105,2.314814814814815,0.07380568974771873,56.333870101986044,7.601986044015029,0.49651100375738055,7.266505636070853,1.8853998926462694,4.019055287171229,0.04696725711218465,0.05367686527106817
141,2.509393451422437,9.125067096081589,8.299785292538916,4.012345679012346,0.06709608158883522,52.54965110037574,9.749060654857756,0.49651100375738055,7.212828770799785,1.892109500805153,3.9720880300590444,0.04696725711218465,0.06709608158883522
142,2.5496511003757383,9.125067096081589,8.340042941492216,3.9989264626945786,0.08051529790660225,52.47584541062802,9.71551261406334,0.49651100375738055,7.212828770799785,1.892109500805153,3.9989264626945786,0.04696725711218465,0.06709608158883522
143,2.5295222758990876,9.125067096081589,8.165593129361245,6.461352657004831,0.06709608158883522,50.95276435856146,9.588030059044552,0.49651100375738055,6.602254428341385,1.932367149758454,3.965378421900161,0.04696725711218465,0.06709608158883522
144,2.563070316693505,9.104938271604938,8.09849704777241,6.421095008051529,0.10735373054213634,50.83199141170156,9.561191626409018,0.5501878690284487,6.602254428341385,1.932367149758454,4.1129898013955986,0.04696725711218465,0.06709608158883522
145,2.589908749329039,9.104938271604938,8.09849704777241,6.394256575415996,0.10735373054213634,50.79844337090714,9.561191626409018,0.6172839506172839,6.535158346752549,1.932367149758454,4.146537842190016,0.04696725711218465,0.06709608158883522
146,2.6301663982823404,9.091519055287172,8.085077831454644,6.394256575415996,0.12077294685990338,50.71121846484165,9.5276435856146,0.5904455179817498,6.528448738593666,1.9256575415995705,4.280730005367687,0.04696725711218465,0.06709608158883522
147,2.636876006441224,9.091519055287172,8.051529790660226,6.327160493827161,0.18115942028985507,50.38244766505636,9.5276435856146,0.6038647342995169,6.561996779388084,1.9122383252818036,4.609500805152979,0.04696725711218465,0.06709608158883522
148,2.677133655394525,9.07139023081052,8.125335480407944,7.2933440687063875,0.18115942028985507,49.29549114331723,9.5276435856146,0.6038647342995169,6.561996779388084,1.9122383252818036,4.636339237788513,0.04696725711218465,0.06709608158883522
149,2.6972624798711755,8.970746108427267,8.353462157809984,7.2933440687063875,0.18115942028985507,49.000268384326354,9.5276435856146,0.6038647342995169,6.561996779388084,1.9122383252818036,4.783950617283951,0.04696725711218465,0.06709608158883522
150,2.6972624798711755,8.970746108427267,8.32662372517445,7.25979602791197,0.18115942028985507,48.55072463768116,9.5276435856146,0.6239935587761675,6.541867954911433,1.9524959742351047,5.253623188405797,0.04696725711218465,0.06709608158883522
151,2.6972624798711755,8.917069243156199,8.427267847557703,7.226247987117552,0.18115942028985507,48.490338164251206,9.500805152979066,0.6977992485238862,6.5552871712292005,1.9659151905528718,5.226784755770263,0.04696725711218465,0.06709608158883522
152,2.703972088030059,8.917069243156199,8.635265700483092,6.280193236714976,0.18115942028985507,49.20155662909286,9.453837895866881,0.7380568974771873,6.4412238325281805,2.073268921095008,5.260332796564681,0.04696725711218465,0.06709608158883522
153,2.7643585614600106,7.997852925389157,8.628556092324208,7.367149758454106,0.18115942028985507,49.033816425120776,9.339774557165862,0.7380568974771873,6.421095008051529,2.01959205582394,5.394524959742351,0.04696725711218465,0.06709608158883522
154,2.8113258185721954,7.991143317230274,8.715780998389693,7.353730542136339,0.19457863660762212,48.94659151905529,9.312936124530328,0.7313472893183038,6.421095008051529,2.046430488459474,5.360976918947934,0.04696725711218465,0.06709608158883522
155,2.918679549114332,7.98443370907139,8.548040794417606,7.226247987117552,0.20799785292538917,48.78556092324208,9.29951690821256,0.5837359098228664,6.749865807836822,2.046430488459474,5.535426731078905,0.04696725711218465,0.06709608158883522
156,2.932098765432099,7.98443370907139,8.581588835212024,7.085346215780999,0.3488996242619431,48.60440150295223,9.29951690821256,0.5837359098228664,6.749865807836822,2.046430488459474,5.669618894256575,0.04696725711218465,0.06709608158883522
157,2.985775630703167,7.98443370907139,8.568169618894256,7.085346215780999,0.3488996242619431,48.43666129898014,9.29951690821256,0.5837359098228664,6.736446591519055,2.0263016639828235,5.83064949006978,0.04696725711218465,0.06709608158883522
158,2.522812667740204,7.9039184111647875,7.4141170155662905,6.790123456790123,0.3153515834675255,49.966451959205585,8.407139023081053,0.5434782608695652,10.319377348362856,1.4895330112721417,4.274020397208803,0.013419216317767043,0.040257648953301126
159,2.5161030595813205,7.890499194847021,7.387278582930757,7.27992485238862,0.30193236714975846,49.85909822866345,8.004562533548041,0.5434782608695652,10.25228126677402,1.5297906602254427,4.38137412775094,0.013419216317767043,0.040257648953301126
160,2.49597423510467,7.950885668276973,7.48792270531401,7.253086419753086,0.30193236714975846,49.77187332259796,8.004562533548041,0.5434782608695652,10.138217928073,1.6170155662909287,4.38137412775094,0.013419216317767043,0.040257648953301126
161,2.536231884057971,7.830112721417069,7.588566827697263,7.253086419753086,0.30193236714975846,49.503488996242616,8.004562533548041,0.5434782608695652,10.138217928073,1.6774020397208802,4.569243156199678,0.013419216317767043,0.040257648953301126
162,2.5697799248523885,7.830112721417069,7.648953301127214,7.253086419753086,0.30193236714975846,49.37600644122383,7.991143317230274,0.5568974771873323,10.138217928073,1.6774020397208802,4.602791196994096,0.013419216317767043,0.040257648953301126
163,2.5831991411701556,7.830112721417069,8.165593129361245,7.206119162640902,0.3488996242619431,48.8593666129898,7.977724100912507,0.5568974771873323,10.151637144390767,1.724369296833065,4.542404723564144,0.013419216317767043,0.040257648953301126
164,2.5831991411701556,7.830112721417069,8.199141170155663,7.206119162640902,0.3488996242619431,48.76543209876543,7.944176060118089,0.5568974771873323,10.151637144390767,1.7579173376274826,4.602791196994096,0.013419216317767043,0.040257648953301126
165,2.6435856146001075,7.830112721417069,8.199141170155663,7.092055823939882,0.3488996242619431,48.63794954374664,8.031400966183575,0.5568974771873323,10.144927536231885,1.7579173376274826,4.703435319377348,0.013419216317767043,0.040257648953301126
166,2.717391304347826,7.830112721417069,8.185721953837897,7.078636607622115,0.3488996242619431,48.20182501341922,8.031400966183575,0.5568974771873323,10.144927536231885,1.7444981213097155,5.10601180891036,0.013419216317767043,0.040257648953301126
167,2.7308105206655933,7.769726247987117,8.266237251744498,7.212828770799785,0.3488996242619431,48.02066559312936,7.977724100912507,0.5568974771873323,10.144927536231885,1.7444981213097155,5.173107890499195,0.013419216317767043,0.040257648953301126
168,2.7442297369833604,6.998121309715513,8.219269994632313,9.71551261406334,0.3488996242619431,46.57809983896941,7.977724100912507,0.5568974771873323,10.050993022007514,1.7444981213097155,5.01207729468599,0.013419216317767043,0.040257648953301126
169,2.771068169618894,6.984702093397746,8.205850778314547,9.648416532474503,0.39586688137412773,46.34997316156736,7.96430488459474,0.6239935587761675,9.990606548577563,1.7579173376274826,5.253623188405797,0.013419216317767043,0.040257648953301126
170,2.804616210413312,6.870638754696726,8.299785292538916,9.64170692431562,0.39586688137412773,46.26945786366076,7.96430488459474,0.6239935587761675,9.98389694041868,1.7579173376274826,5.3341384863123995,0.013419216317767043,0.040257648953301126
171,2.831454643048846,6.756575415995706,8.293075684380032,9.749060654857756,0.41599570585077833,46.22920021470746,7.96430488459474,0.6508319914117016,9.98389694041868,1.7579173376274826,5.314009661835748,0.013419216317767043,0.040257648953301126
172,2.9253891572732154,6.743156199677939,8.293075684380032,9.594739667203436,0.4428341384863124,46.13526570048309,7.944176060118089,0.6508319914117016,9.98389694041868,1.7914653784219001,5.441492216854535,0.013419216317767043,0.040257648953301126
173,2.9924852388620504,6.729736983360172,8.340042941492216,9.594739667203436,0.4428341384863124,46.01449275362319,7.836822329575953,0.7581857219538379,9.930220075147611,1.778046162104133,5.528717122920021,0.013419216317767043,0.040257648953301126
174,3.026033279656468,6.729736983360172,8.3064949006978,9.594739667203436,0.4428341384863124,45.98094471282877,7.830112721417069,0.7716049382716049,9.930220075147611,1.8115942028985508,5.522007514761138,0.013419216317767043,0.040257648953301126
175,3.052871712292002,6.723027375201288,8.487654320987655,9.594739667203436,0.4428341384863124,45.779656468062264,7.830112721417069,0.7716049382716049,9.930220075147611,1.8115942028985508,5.522007514761138,0.013419216317767043,0.040257648953301126
176,3.012614063338701,6.723027375201288,8.474235104669887,10.245571658615138,0.4294149221685454,43.303811057434245,7.313472893183038,0.7716049382716049,12.365807836822329,1.8115942028985508,5.495169082125604,0.013419216317767043,0.040257648953301126
177,2.9924852388620504,6.749865807836822,8.467525496511003,10.205314009661835,0.5032206119162641,43.27697262479871,7.300053676865271,0.7716049382716049,12.318840579710145,1.8719806763285025,5.488459473966721,0.013419216317767043,0.040257648953301126
178,2.9790660225442833,6.6760601180891035,8.561460010735374,10.178475577026301,0.5166398282340311,43.10923242082662,7.253086419753086,0.7716049382716049,12.4597423510467,1.8853998926462694,5.555555555555555,0.013419216317767043,0.040257648953301126
179,3.046162104133119,6.468062265163715,8.581588835212024,10.540794417606012,0.5166398282340311,42.619431025228124,7.232957595276436,0.8789586688137413,12.47987117552335,1.8786902844873858,5.703166935050993,0.013419216317767043,0.040257648953301126
180,3.0595813204508855,6.092324208266238,8.36688137412775,10.507246376811594,0.5501878690284487,42.55904455179817,8.158883521202362,0.7246376811594203,12.419484702093397,1.7444981213097155,5.763553408480945,0.013419216317767043,0.040257648953301126
181,3.066290928609769,6.031937734836285,8.353462157809984,10.326086956521738,0.5501878690284487,42.270531400966185,8.158883521202362,0.7246376811594203,12.694578636607622,1.7444981213097155,6.025228126677402,0.013419216317767043,0.040257648953301126
182,3.0730005367686526,6.011808910359635,8.413848631239935,10.406602254428341,0.5501878690284487,41.97530864197531,8.125335480407944,0.9192163177670424,12.52012882447665,1.7444981213097155,6.206387546967257,0.013419216317767043,0.040257648953301126
183,3.1602254428341383,6.005099302200751,8.427267847557703,10.326086956521738,0.5501878690284487,41.89479334406871,8.09849704777241,0.8990874932903918,12.506709608158884,1.8048845947396672,6.273483628556092,0.013419216317767043,0.040257648953301126
184,3.1736446591519054,6.005099302200751,8.420558239398819,10.326086956521738,0.5501878690284487,41.720343531937736,8.09849704777241,0.8990874932903918,12.52012882447665,1.8048845947396672,6.394256575415996,0.013419216317767043,0.07380568974771873
185,3.240740740740741,6.005099302200751,8.460815888352121,10.359634997316157,0.5501878690284487,41.51905528717123,8.09849704777241,0.8789586688137413,12.5,1.8048845947396672,6.494900697799249,0.013419216317767043,0.07380568974771873
186,3.2541599570585076,6.005099302200751,8.702361782071927,10.359634997316157,0.5501878690284487,41.29092860976919,8.09849704777241,0.9057971014492754,12.473161567364466,1.865271068169619,6.407675791733762,0.013419216317767043,0.07380568974771873
187,3.2742887815351582,6.005099302200751,8.668813741277509,10.185185185185185,0.5636070853462157,41.277509393451425,8.09849704777241,0.9057971014492754,12.473161567364466,1.865271068169619,6.5485775630703165,0.06038647342995169,0.07380568974771873
188,3.3279656468062266,6.005099302200751,8.943907675791733,10.158346752549651,0.5636070853462157,41.0426731078905,8.064949006977992,0.9057971014492754,12.432903918411165,1.8451422436929683,6.575415995705851,0.06038647342995169,0.07380568974771873
189,3.3816425120772946,5.984970477724101,8.930488459473967,10.158346752549651,0.5636070853462157,41.015834675254965,8.064949006977992,0.9460547504025765,12.399355877616747,1.8451422436929683,6.575415995705851,0.06038647342995169,0.07380568974771873
190,3.435319377348363,5.958132045088567,8.796296296296296,10.61460010735373,0.5636070853462157,40.78099838969404,8.051529790660226,0.9326355340848095,12.399355877616747,1.8451422436929683,6.488191089640365,0.06038647342995169,0.07380568974771873
191,3.4621578099838968,5.911164787976382,8.93719806763285,10.57434245840043,0.5770263016639828,40.713902308105204,7.937466451959206,0.8118625872249061,12.372517444981213,1.9592055823939882,6.588835212023618,0.08051529790660225,0.07380568974771873
192,3.5225442834138487,5.911164787976382,8.964036500268385,10.57434245840043,0.5770263016639828,40.68035426731079,7.930756843800322,0.785024154589372,12.372517444981213,1.9457863660762211,6.582125603864735,0.08051529790660225,0.07380568974771873
193,3.5628019323671496,5.911164787976382,8.964036500268385,10.466988727858293,0.6709608158883521,40.51932367149758,7.930756843800322,0.8387010198604401,12.305421363392378,1.9457863660762211,6.729736983360172,0.08051529790660225,0.07380568974771873
194,3.5628019323671496,5.911164787976382,8.950617283950617,10.393183038110575,0.6977992485238862,40.3918411164788,7.9039184111647875,0.9057971014492754,12.245034889962426,2.033011272141707,6.850509930220075,0.08051529790660225,0.07380568974771873
195,3.589640365002684,5.911164787976382,9.138486312399356,10.393183038110575,0.6843800322061192,39.95571658615137,8.051529790660226,0.9057971014492754,12.23161567364466,2.033011272141707,6.951154052603328,0.08051529790660225,0.07380568974771873
196,3.589640365002684,5.911164787976382,9.138486312399356,10.379763821792807,0.6977992485238862,39.84836285560923,8.017981749865807,0.9393451422436929,12.23161567364466,2.033011272141707,7.058507783145465,0.08051529790660225,0.07380568974771873
197,3.6768652710681695,5.877616747181965,9.138486312399356,10.359634997316157,0.6977992485238862,39.720880300590444,7.997852925389157,0.9393451422436929,12.184648416532475,2.15378421900161,7.098765432098766,0.08051529790660225,0.07380568974771873
198,3.656736446591519,5.877616747181965,9.16532474503489,10.359634997316157,0.6977992485238862,39.62694578636608,7.98443370907139,0.9393451422436929,12.184648416532475,2.15378421900161,7.199409554482019,0.08051529790660225,0.07380568974771873
