,45,50,51,55,54,52,53,57,56,59,58
0,96.63177670424047,3.3682232957595275,,,,,,,,,
1,96.60493827160494,3.3950617283950617,,,,,,,,,
2,96.38352120236178,3.589640365002684,0.026838432635534086,,,,,,,,
3,96.26945786366076,3.7037037037037037,0.026838432635534086,,,,,,,,
4,92.27724100912506,7.669082125603865,0.05367686527106817,,,,,,,,
5,86.65458937198068,13.291733762748256,0.05367686527106817,,,,,,,,
6,82.03166935050993,17.914653784219002,0.05367686527106817,,,,,,,,
7,82.03837895866882,17.881105743424584,0.05367686527106817,0.026838432635534086,,,,,,,
8,79.08615136876007,20.8064949006978,0.08051529790660225,0.026838432635534086,,,,,,,
9,77.50939345142244,22.383252818035427,0.08051529790660225,0.026838432635534086,,,,,,,
10,77.41545893719807,22.38996242619431,0.08051529790660225,0.11406333870101985,,,,,,,
11,77.56307031669351,22.208803005904453,0.11406333870101985,0.11406333870101985,,,,,,,
12,77.57648953301127,22.19538378958669,0.11406333870101985,0.11406333870101985,,,,,,,
13,77.5228126677402,22.249060654857757,0.11406333870101985,0.11406333870101985,,,,,,,
14,75.42941492216855,24.228395061728396,0.15432098765432098,0.11406333870101985,0.07380568974771873,,,,,,
15,75.40928609769189,24.22168545356951,0.15432098765432098,0.14090177133655393,0.07380568974771873,,,,,,
16,73.49704777241008,26.133923778851315,0.15432098765432098,0.14090177133655393,0.07380568974771873,,,,,,
17,68.90767579173377,30.71658615136876,0.15432098765432098,0.14761137949543746,0.07380568974771873,,,,,,
18,66.88137412775095,32.66237251744498,0.15432098765432098,0.2281266774020397,0.07380568974771873,,,,,,
19,66.75389157273216,32.63553408480945,0.28180354267310787,0.2549651100375738,0.07380568974771873,,,,,,
20,66.74047235641439,32.60198604401503,0.28180354267310787,0.30193236714975846,0.07380568974771873,,,,,,
21,63.60708534621578,35.68169618894257,0.2683843263553409,0.33548040794417605,0.10735373054213634,,,,,,
22,61.9296833064949,36.111111111111114,1.482823403113258,0.36902844873859364,0.10735373054213634,,,,,,
23,58.53462157809984,40.21068169618894,0.8387010198604401,0.30864197530864196,0.10735373054213634,,,,,,
24,58.60842726784756,40.083199141170155,0.8319914117015567,0.30864197530864196,0.13419216317767044,0.03354804079441761,,,,,
25,56.62909286097692,42.008856682769725,0.8319914117015567,0.36231884057971014,0.13419216317767044,0.03354804079441761,,,,,
26,48.91304347826087,49.77187332259796,0.8655394524959742,0.3824476650563607,0.03354804079441761,0.03354804079441761,,,,,
27,48.993558776167475,49.69135802469136,0.8655394524959742,0.3824476650563607,0.03354804079441761,0.03354804079441761,,,,,
28,48.90633387010199,45.1959205582394,0.8655394524959742,0.4227053140096618,0.03354804079441761,0.03354804079441761,4.542404723564144,,,,
29,47.28931830381106,44.14251207729468,2.2879763821792807,0.48980139559849706,0.03354804079441761,1.2546967257112185,4.502147074610843,,,,
30,42.17659688674181,50.013419216317764,1.5633387010198605,0.48980139559849706,0.05367686527106817,1.2278582930756843,4.4753086419753085,,,,
31,41.71363392377885,47.78582930756844,1.5633387010198605,0.46296296296296297,0.05367686527106817,4.052603327965647,4.367954911433173,,,,
32,41.91492216854536,47.5979602791197,1.5633387010198605,0.5300590445517982,0.05367686527106817,4.025764895330113,4.314278046162104,,,,
33,40.15029522275899,48.58427267847558,1.5365002683843263,0.7581857219538379,0.05367686527106817,4.575952764358561,4.341116478797638,,,,
34,38.016639828234034,50.75147611379496,1.5365002683843263,0.8252818035426731,0.05367686527106817,4.549114331723027,4.240472356414386,0.026838432635534086,,,
35,37.96296296296296,47.89318303811057,1.583467525496511,1.0399892646269457,0.05367686527106817,7.856951154052603,3.5762211486849167,0.03354804079441761,,,
36,37.848899624261946,45.93397745571659,3.4286097691894795,1.288244766505636,0.08722490606548577,7.836822329575953,3.5426731078904994,0.03354804079441761,,,
37,37.895866881374126,45.799785292538914,3.4286097691894795,1.3754696725711217,0.08722490606548577,7.836822329575953,3.5426731078904994,0.03354804079441761,,,
38,34.245840042941495,51.1406333870102,3.4286097691894795,1.0735373054213635,0.06709608158883522,6.501610305958132,3.5426731078904994,,,,
39,34.064680622651636,51.187600644122384,3.4286097691894795,1.1943102522812667,0.06709608158883522,6.488191089640365,3.535963499731616,,0.03354804079441761,,
40,32.17257112184648,51.301663982823406,3.4017713365539453,1.1943102522812667,1.3553408480944713,7.226247987117552,3.2877079978529253,,0.06038647342995169,,
41,32.39398819108964,51.15405260332797,3.3011272141706924,1.2345679012345678,1.3553408480944713,7.212828770799785,3.2877079978529253,,0.06038647342995169,,
42,29.28743961352657,51.13392377885131,13.318572195383789,1.0265700483091786,0.11406333870101985,3.5829307568438002,1.4761137949543746,,0.06038647342995169,,
43,28.119967793880836,40.87493290391841,15.291196994095545,2.1068169618894257,0.05367686527106817,12.822061191626409,0.6038647342995169,,0.1274825550187869,,
44,28.27428878153516,40.74074074074074,15.277777777777779,2.100107353730542,0.05367686527106817,12.822061191626409,0.6038647342995169,,0.1274825550187869,,
45,28.428609769189478,40.633387010198604,14.023081052066559,2.100107353730542,0.05367686527106817,12.439613526570048,0.6038647342995169,0.19457863660762212,1.5230810520665594,,
46,26.154052603327965,41.599570585077835,14.472624798711756,2.073268921095008,0.05367686527106817,13.305152979066023,0.6239935587761675,0.19457863660762212,1.5230810520665594,,
47,26.268115942028984,41.438539989264626,14.445786366076222,2.1068169618894257,0.05367686527106817,13.291733762748256,0.6910896403650026,0.19457863660762212,1.5096618357487923,,
48,26.147342995169083,40.552871712292,14.325013419216317,2.147074610842727,0.08051529790660225,14.298174986580785,0.6910896403650026,0.23483628556092323,1.5230810520665594,,
49,25.670960815888353,41.116478797638216,14.284755770263017,2.1604938271604937,0.08051529790660225,14.224369296833064,0.7179280730005367,0.23483628556092323,1.5096618357487923,,
50,24.818840579710145,39.351851851851855,17.961621041331185,2.0263016639828235,0.08051529790660225,13.325281803542673,0.6910896403650026,0.23483628556092323,1.482823403113258,0.026838432635534086,
51,24.966451959205582,39.21765968867418,17.92807300053677,2.0263016639828235,0.11406333870101985,13.278314546430488,0.6910896403650026,0.23483628556092323,1.5163714439076759,0.026838432635534086,
52,25.147611379495437,38.7614063338701,17.901234567901234,2.3550724637681157,0.11406333870101985,13.22463768115942,0.6910896403650026,0.23483628556092323,1.5432098765432098,0.026838432635534086,
53,25.281803542673106,37.486580783682236,19.28341384863124,2.2074610842726785,0.11406333870101985,13.117283950617283,0.6910896403650026,0.23483628556092323,1.556629092860977,0.026838432635534086,
54,25.462962962962962,37.36580783682233,19.216317767042405,2.2208803005904456,0.11406333870101985,13.097155126140633,0.6910896403650026,0.23483628556092323,1.570048309178744,0.026838432635534086,
55,25.214707461084274,37.67444981213097,19.196188942565755,2.2208803005904456,0.11406333870101985,13.063607085346217,0.6843800322061192,0.23483628556092323,1.570048309178744,0.026838432635534086,
56,25.328770799785293,37.4597423510467,18.968062265163713,2.2208803005904456,0.2616747181964573,13.177670424047236,0.6709608158883521,0.23483628556092323,1.6505636070853462,0.026838432635534086,
57,23.792270531400966,39.029790660225444,18.793612453032743,2.3081052066559313,0.2616747181964573,13.197799248523886,0.6709608158883521,0.23483628556092323,1.6841116478797638,0.026838432635534086,
58,23.68491680085883,37.164519592055825,21.276167471819647,2.328234031132582,0.30193236714975846,12.600644122383253,0.6709608158883521,0.23483628556092323,1.710950080515298,0.026838432635534086,
59,23.765432098765434,37.0101986044015,21.135265700483092,2.3550724637681157,0.32877079978529256,12.714707461084272,0.6977992485238862,0.2683843263553409,1.6975308641975309,0.026838432635534086,
60,23.946591519055286,36.99677938808374,21.00107353730542,2.3550724637681157,0.32877079978529256,12.493290391841116,0.6977992485238862,0.4227053140096618,1.7310789049919484,0.026838432635534086,
61,21.591519055287172,43.41787439613527,19.343800322061192,1.3016639828234031,0.20128824476650564,11.325818572195384,0.6977992485238862,0.4227053140096618,1.6706924315619969,0.026838432635534086,
62,21.517713365539453,43.61916264090177,19.28341384863124,1.2949543746645196,0.20128824476650564,11.265432098765432,0.6977992485238862,0.4227053140096618,1.6706924315619969,0.026838432635534086,
63,21.72571121846484,43.27026301663983,19.189479334406872,1.3486312399355878,0.23483628556092323,11.231884057971014,0.8856682769726248,0.38915727321524424,1.6975308641975309,0.026838432635534086,
64,21.812936124530328,43.19645732689211,18.99490069779925,1.3821792807300053,0.23483628556092323,11.231884057971014,0.8856682769726248,0.38915727321524424,1.8451422436929683,0.026838432635534086,
65,20.860171765968868,39.53972088030059,21.93370907139023,1.3486312399355878,0.3824476650563607,11.473429951690822,2.1604938271604937,0.38915727321524424,1.8853998926462694,0.026838432635534086,
66,19.390767579173378,41.0426731078905,21.880032206119164,1.3687600644122384,0.3824476650563607,11.473429951690822,2.1604938271604937,0.38915727321524424,1.8853998926462694,0.026838432635534086,
67,19.538378958668815,39.31159420289855,21.792807300053678,3.0193236714975846,0.3824476650563607,11.453301127214171,2.200751476113795,0.38915727321524424,1.8853998926462694,0.026838432635534086,
68,19.712828770799785,39.17740203972088,21.786097691894792,3.0193236714975846,0.32877079978529256,11.292270531400966,2.200751476113795,0.36231884057971014,2.0933977455716586,0.026838432635534086,
69,19.712828770799785,38.98282340311326,21.692163177670423,3.046162104133119,0.32877079978529256,11.292270531400966,2.428878153515835,0.36231884057971014,2.1269457863660763,0.026838432635534086,
70,20.001341921631777,38.768115942028984,21.524422973698336,3.2004830917874396,0.32877079978529256,11.305689747718732,2.3752012882447664,0.36231884057971014,2.1068169618894257,0.026838432635534086,
71,20.276435856146,38.56682769726248,21.410359634997317,3.2675791733762747,0.32877079978529256,11.305689747718732,2.3617820719269993,0.3421900161030596,2.1135265700483092,0.026838432635534086,
72,20.571658615136876,38.29173376274826,21.289586688137412,3.3145464304884595,0.32877079978529256,11.285560923242082,2.462426194310252,0.3153515834675255,2.1135265700483092,0.026838432635534086,
73,20.685721953837895,38.31186258722491,21.22249060654858,3.2675791733762747,0.32877079978529256,11.265432098765432,2.462426194310252,0.3153515834675255,2.1135265700483092,0.026838432635534086,
74,20.705850778314545,37.43961352657005,22.168545356951153,3.2340311325818574,0.30864197530864196,11.158078368223295,2.4892646269457863,0.35560923242082665,2.1135265700483092,0.026838432635534086,
75,20.987654320987655,37.23832528180354,22.074610842726784,3.227321524422974,0.30864197530864196,11.144659151905529,2.4892646269457863,0.35560923242082665,2.147074610842727,0.026838432635534086,
76,21.276167471819647,36.902844873859365,22.020933977455716,3.321256038647343,0.30864197530864196,11.144659151905529,2.5161030595813205,0.35560923242082665,2.1269457863660763,0.026838432635534086,
77,20.665593129361245,36.48684916800859,22.913311862587225,3.488996242619431,0.30864197530864196,11.11111111111111,2.4892646269457863,0.35560923242082665,2.15378421900161,0.026838432635534086,
78,20.77294685990338,35.7085346215781,22.926731078904993,3.535963499731616,0.30864197530864196,11.003757380568974,3.207192699946323,0.3824476650563607,2.1269457863660763,0.026838432635534086,
79,20.933977455716587,35.527375201288244,22.537573805689746,3.5091250670960816,0.30864197530864196,11.627750939345143,3.0193236714975846,0.3824476650563607,2.1269457863660763,0.026838432635534086,
80,21.108427267847556,35.35292538915727,22.20209339774557,3.488996242619431,0.6239935587761675,11.540526033279656,3.0193236714975846,0.4428341384863124,2.1940418679549114,0.026838432635534086,
81,21.215780998389693,35.279119699409556,22.088030059044552,3.4688674181427803,0.6575415995705851,11.56736446591519,3.0193236714975846,0.4428341384863124,2.2342995169082127,0.026838432635534086,
82,21.4170692431562,35.15163714439077,20.8870101986044,3.408480944712829,0.7648953301127214,12.573805689747719,3.012614063338701,0.5568974771873323,2.200751476113795,0.026838432635534086,
83,21.611647879763822,35.05099302200752,20.8064949006978,3.3950617283950617,0.7917337627482555,12.546967257112184,3.012614063338701,0.5568974771873323,2.200751476113795,0.026838432635534086,
84,21.886741814278047,34.88996242619431,20.685721953837895,3.3682232957595275,0.7917337627482555,12.533548040794418,3.012614063338701,0.6038647342995169,2.200751476113795,0.026838432635534086,
85,21.91358024691358,34.977187332259795,20.585077831454644,3.3682232957595275,0.7917337627482555,12.493290391841116,3.012614063338701,0.7112184648416533,2.147074610842727,,
86,21.920289855072465,33.81642512077295,20.471014492753625,4.7101449275362315,0.7917337627482555,12.466451959205582,2.9790660225442833,0.7112184648416533,2.13365539452496,,
87,22.24235104669887,33.7157809983897,20.417337627482556,4.703435319377348,0.8185721953837896,12.379227053140097,2.9052603327965647,0.7112184648416533,2.1068169618894257,,
88,22.463768115942027,33.57487922705314,20.437466451959207,4.663177670424047,0.8185721953837896,12.365807836822329,2.85829307568438,0.7112184648416533,2.1068169618894257,,
89,21.36339237788513,32.2463768115942,24.54374664519592,3.844605475040258,0.8051529790660226,11.171497584541063,2.85829307568438,0.7045088566827697,2.462426194310252,,
90,21.578099838969404,32.139023081052066,24.52361782071927,3.844605475040258,0.8051529790660226,11.117820719269995,2.85829307568438,0.6977992485238862,2.4355877616747184,,
91,21.64519592055824,31.97799248523886,24.329039184111647,3.9519592055823938,0.8051529790660226,11.117820719269995,2.844873859366613,0.6977992485238862,2.6301663982823404,,
92,21.571390230810522,31.582125603864736,24.838969404186795,3.9855072463768115,0.8051529790660226,10.997047772410092,2.844873859366613,0.6977992485238862,2.677133655394525,,
93,21.054750402576488,30.112721417069242,29.421631776704242,3.052871712292002,0.8655394524959742,10.970209339774557,2.818035426731079,0.47638217928073,1.2278582930756843,,
94,21.095008051529792,29.663177670424048,29.622920021470748,3.0864197530864197,0.8588298443370908,10.943370907139023,2.6838432635534084,0.47638217928073,1.570048309178744,,
95,21.141975308641975,29.57595276435856,29.643048845947398,3.0864197530864197,0.9259259259259259,10.916532474503489,2.6704240472356413,0.47638217928073,1.5633387010198605,,
96,21.296296296296298,29.53569511540526,29.488727858293075,3.1535158346752548,0.9259259259259259,10.929951690821255,2.657004830917874,0.47638217928073,1.5365002683843263,,
97,21.235909822866343,29.428341384863124,28.005904455179817,3.374932903918411,0.6910896403650026,10.426731078904991,5.038915727321524,0.4495437466451959,1.3486312399355878,,
98,21.531132581857218,29.159957058507782,27.905260332796566,3.515834675254965,0.6910896403650026,10.406602254428341,4.9651100375738055,0.47638217928073,1.3486312399355878,,
99,21.67874396135266,28.978797638217927,27.79790660225443,3.556092324208266,0.6910896403650026,10.359634997316157,5.038915727321524,0.5099302200751477,1.3888888888888888,,
100,21.926999463231347,28.85131508319914,27.677133655394524,3.549382716049383,0.6910896403650026,10.339506172839506,5.032206119162641,0.5099302200751477,1.4224369296833066,,
101,22.067901234567902,28.743961352657006,27.408749329039185,3.6097691894793345,0.8051529790660226,10.299248523886206,5.0993022007514766,0.5367686527106817,1.42914653784219,,
102,22.14170692431562,28.12667740203972,27.925389157273216,3.6634460547504024,0.8051529790660226,10.299248523886206,5.072463768115942,0.5367686527106817,1.42914653784219,,
103,22.38996242619431,28.06629092860977,27.851583467525497,3.6634460547504024,0.8252818035426731,10.19189479334407,5.045625335480408,0.5367686527106817,1.42914653784219,,
104,22.71202361782072,27.95222758990875,27.74422973698336,3.656736446591519,0.8252818035426731,10.11808910359635,5.045625335480408,0.5434782608695652,1.402308105206656,,
105,22.987117552334944,27.85829307568438,27.61003757380569,3.6768652710681695,0.8252818035426731,10.064412238325282,5.018786902844874,0.5770263016639828,1.3821792807300053,,
106,22.98040794417606,27.455716586151368,27.482555018786904,3.6366076221148687,0.8252818035426731,9.809447128287708,5.837359098228664,0.5770263016639828,1.3955984970477724,,
107,20.12211486849168,37.855609232420825,23.89291465378422,3.455448201825013,0.8252818035426731,8.769457863660762,3.488996242619431,0.5099302200751477,1.0802469135802468,,
108,20.222758990874933,37.6610305958132,23.872785829307567,3.4017713365539453,1.0332796564680622,8.76274825550188,3.455448201825013,0.5099302200751477,1.0802469135802468,,
109,20.44417606011809,37.446323134728935,23.825818572195384,3.4688674181427803,1.0332796564680622,8.735909822866345,3.455448201825013,0.5099302200751477,1.0802469135802468,,
110,20.551529790660226,37.37251744498121,23.859366612989803,3.4420289855072466,1.0332796564680622,8.695652173913043,3.455448201825013,0.5099302200751477,1.0802469135802468,,
111,20.1959205582394,36.93639291465379,23.275630703166936,3.475577026301664,1.0332796564680622,8.655394524959743,4.8443370907139025,0.5367686527106817,1.0466988727858293,,
112,20.101986044015028,35.829307568438004,23.349436392914654,3.5091250670960816,1.0332796564680622,9.75577026301664,4.8376274825550185,0.5367686527106817,1.0466988727858293,,
113,19.424315619967793,35.81588835212023,21.115136876006442,3.683574879227053,0.9997316156736447,12.909286097691895,4.810789049919484,0.5166398282340311,0.7246376811594203,,
114,19.79334406870639,35.51395598497048,20.081857219538378,3.683574879227053,2.046430488459474,12.822061191626409,4.790660225442834,0.5434782608695652,0.7246376811594203,,
115,19.994632313472895,35.41331186258722,20.021470746108427,3.7104133118625873,2.046430488459474,12.828770799785293,4.777241009125067,0.5434782608695652,0.6642512077294686,,
116,20.303274288781534,35.34621578099839,19.90740740740741,3.6500268384326353,2.046430488459474,12.801932367149758,4.736983360171766,0.5434782608695652,0.6642512077294686,,
117,19.28341384863124,34.25925925925926,22.933440687063875,3.656736446591519,2.0397208803005906,11.782071926999464,4.703435319377348,0.5434782608695652,0.798443370907139,,
118,18.80703166935051,34.0378421900161,25.704508856682768,3.321256038647343,1.9860440150295222,10.158346752549651,4.656468062265164,0.5434782608695652,0.785024154589372,,
119,18.726516371443907,33.8768115942029,25.308641975308642,3.321256038647343,1.9793344068706387,10.789049919484702,4.683306494900698,0.5434782608695652,0.7716049382716049,,
120,17.787171229200215,32.03166935050993,28.341384863123995,3.321256038647343,1.9793344068706387,10.654857756307031,4.569243156199678,0.5434782608695652,0.7716049382716049,,
121,17.57246376811594,31.367418142780462,28.213902308105208,3.978797638217928,2.408749329039184,10.63472893183038,4.488727858293076,0.5434782608695652,0.7917337627482555,,
122,17.827428878153516,31.206387546967257,27.979066022544284,4.025764895330113,2.395330112721417,10.473698336017177,4.488727858293076,0.6776704240472357,0.9259259259259259,,
123,15.734031132581856,29.830917874396135,31.414385399892645,3.92512077294686,2.328234031132582,10.856146001073537,4.428341384863124,0.5770263016639828,0.9057971014492754,,
124,15.868223295759528,29.62962962962963,31.30703166935051,4.045893719806763,2.301395598497048,10.72866344605475,4.636339237788513,0.5770263016639828,0.9057971014492754,,
125,16.15673644659152,29.51556629092861,31.17283950617284,4.045893719806763,2.301395598497048,10.695115405260333,4.64975845410628,0.5770263016639828,0.8856682769726248,,
126,16.512345679012345,29.32769726247987,31.01851851851852,4.1129898013955986,2.38191089640365,10.567632850241546,4.616210413311863,0.5770263016639828,0.8856682769726248,,
127,16.700214707461082,29.03918411164788,30.917874396135264,4.414922168545357,2.368491680085883,10.487117552334944,4.582662372517445,0.5904455179817498,0.8990874932903918,,
128,16.874664519592056,29.005636070853463,30.844068706387546,4.394793344068707,2.4154589371980677,10.406602254428341,4.569243156199678,0.5904455179817498,0.8990874932903918,,
129,17.136339237788512,28.85131508319914,30.649490069779926,4.394793344068707,2.4154589371980677,10.352925389157273,4.522275899087493,0.6239935587761675,1.0534084809447128,,
130,17.444981213097154,28.6231884057971,30.421363392377884,4.488727858293076,2.4154589371980677,10.34621578099839,4.4753086419753085,0.6239935587761675,1.1607622114868492,,
131,17.827428878153516,28.462157809983896,29.978529253891573,4.904723564143854,2.408749329039184,10.198604401502953,4.488727858293076,0.5501878690284487,1.1808910359634996,,
132,17.834138486312398,28.30112721417069,29.891304347826086,4.898013955984971,2.4221685453569513,10.352925389157273,4.522275899087493,0.5703166935050993,1.2077294685990339,,
133,18.00858829844337,28.193773483628558,29.770531400966185,4.911433172302737,2.5697799248523885,10.245571658615138,4.522275899087493,0.5703166935050993,1.2077294685990339,,
134,18.209876543209877,28.046162104133117,29.421631776704242,5.005367686527107,2.8113258185721954,10.218733225979603,4.522275899087493,0.5703166935050993,1.1943102522812667,,
135,18.411164787976382,27.965646806226516,29.374664519592056,5.005367686527107,2.8113258185721954,10.158346752549651,4.508856682769726,0.5703166935050993,1.1943102522812667,,
136,18.53864734299517,27.80461621041331,29.441760601180892,5.032206119162641,2.8113258185721954,10.0979602791197,4.508856682769726,0.5703166935050993,1.1943102522812667,,
137,18.35077831454643,27.522812667740205,30.454911433172303,5.01207729468599,2.3886205045625335,10.104669887278583,4.455179817498658,0.5703166935050993,1.1406333870101986,,
138,18.391035963499732,27.147074610842726,31.13929146537842,4.998658078368224,2.368491680085883,10.138217928073,4.03918411164788,0.5703166935050993,1.2077294685990339,,
139,18.377616747181964,26.932367149758456,31.01851851851852,5.032206119162641,2.4892646269457863,10.332796564680622,4.025764895330113,0.5703166935050993,1.221148684916801,,
140,18.51851851851852,26.643853998926463,29.965110037573805,5.018786902844874,2.462426194310252,10.299248523886206,5.280461621041331,0.5703166935050993,1.2412775093934514,,
141,18.605743424584006,26.630434782608695,29.891304347826086,5.018786902844874,2.462426194310252,10.299248523886206,5.414653784219001,0.43612453032742887,1.2412775093934514,,
142,18.833870101986044,26.127214170692433,29.49543746645196,4.898013955984971,2.4355877616747184,10.292538915727322,6.266774020397209,0.43612453032742887,1.2144390767579174,,
143,18.78690284487386,25.623993558776167,28.61647879763822,5.186527106816962,2.4691358024691357,10.144927536231885,7.50805152979066,0.46967257112184646,1.1943102522812667,,
144,18.84728931830381,25.597155126140635,28.5426731078905,5.22007514761138,2.4691358024691357,10.111379495437467,7.501341921631776,0.5367686527106817,1.1741814278046163,,
145,19.082125603864736,25.389157273215243,28.442028985507246,5.35426731078905,2.4691358024691357,10.084541062801932,7.434245840042942,0.5367686527106817,1.1741814278046163,,0.03354804079441761
146,19.410896403650028,25.348899624261943,28.20048309178744,5.35426731078905,2.442297369833602,10.077831454643048,7.360440150295223,0.5367686527106817,1.2345679012345678,,0.03354804079441761
147,19.578636607622116,25.288513150831992,28.08641975308642,5.360976918947934,2.442297369833602,10.050993022007514,7.320182501341922,0.5367686527106817,1.3016639828234031,,0.03354804079441761
148,19.618894256575416,23.980139559849704,27.811325818572197,5.387815351583468,2.4691358024691357,9.96376811594203,8.568169618894256,0.7313472893183038,1.3955984970477724,,0.07380568974771873
149,19.91411701556629,23.839237788513152,28.173644659151904,5.3341384863123995,2.1940418679549114,9.96376811594203,8.420558239398819,0.6776704240472357,1.4090177133655395,,0.07380568974771873
150,19.98792270531401,23.8191089640365,28.099838969404185,5.320719269994632,2.2611379495437465,9.957058507783145,8.279656468062266,0.6776704240472357,1.4090177133655395,,0.1878690284487386
151,18.88083735909823,22.15512614063339,32.2463768115942,5.253623188405797,1.9457863660762211,9.64170692431562,7.595276435856146,0.6575415995705851,1.4358561460010735,,0.1878690284487386
152,18.894256575415994,22.15512614063339,32.22624798711755,5.246913580246914,1.9726247987117553,9.634997316156737,7.595276435856146,0.6575415995705851,1.42914653784219,,0.1878690284487386
153,19.00161030595813,22.12157809983897,32.118894256575416,5.320719269994632,1.9726247987117553,9.561191626409018,7.548309178743962,0.6843800322061192,1.482823403113258,,0.1878690284487386
154,19.216317767042405,22.054482018250134,31.95115405260333,5.314009661835748,2.1135265700483092,9.5276435856146,7.5348899624261945,0.6843800322061192,1.415727321524423,,0.1878690284487386
155,19.316961889425656,21.980676328502415,31.89747718733226,5.35426731078905,2.100107353730542,9.426999463231347,7.568438003220612,0.7514761137949544,1.415727321524423,,0.1878690284487386
156,19.45786366076221,21.89345142243693,31.850509930220074,5.3341384863123995,2.086688137412775,9.41358024691358,7.608695652173913,0.7514761137949544,1.415727321524423,,0.1878690284487386
157,19.51825013419216,21.70558239398819,31.816961889425656,5.5689747718733225,2.120236178207193,9.339774557165862,7.575147611379496,0.7514761137949544,1.415727321524423,,0.1878690284487386
158,19.80005367686527,21.64519592055824,31.602254428341386,5.555555555555555,2.120236178207193,9.31964573268921,7.5348899624261945,0.7783145464304885,1.4559849704777241,,0.1878690284487386
159,19.92753623188406,21.64519592055824,31.50161030595813,5.548845947396672,2.1135265700483092,9.306226516371444,7.50805152979066,0.7783145464304885,1.4559849704777241,,0.2147074610842727
160,19.685990338164252,21.464036500268385,30.770263016639827,5.46833064949007,2.100107353730542,9.614868491680086,8.588298443370908,0.6910896403650026,1.3754696725711217,0.026838432635534086,0.2147074610842727
161,19.90740740740741,21.28287707997853,30.656199677938808,5.548845947396672,2.059849704777241,9.601449275362318,8.521202361782072,0.6910896403650026,1.415727321524423,0.026838432635534086,0.2885131508319914
162,20.095276435856146,21.048040794417606,30.54884594739667,5.71658615136876,2.046430488459474,9.601449275362318,8.521202361782072,0.6910896403650026,1.415727321524423,0.026838432635534086,0.2885131508319914
163,20.276435856146,21.041331186258724,30.387815351583466,5.703166935050993,2.046430488459474,9.581320450885668,8.454106280193237,0.6910896403650026,1.5029522275899088,0.026838432635534086,0.2885131508319914
164,20.276435856146,20.061728395061728,30.320719269994633,6.769994632313473,2.046430488459474,9.554482018250134,8.427267847557703,0.6910896403650026,1.5365002683843263,0.026838432635534086,0.2885131508319914
165,20.497852925389157,19.860440150295222,30.246913580246915,6.756575415995706,2.086688137412775,9.554482018250134,8.454106280193237,0.6910896403650026,1.5365002683843263,0.026838432635534086,0.2885131508319914
166,20.665593129361245,19.83360171765969,30.09259259259259,6.823671497584541,2.086688137412775,9.514224369296834,8.407139023081053,0.6910896403650026,1.570048309178744,0.026838432635534086,0.2885131508319914
167,20.8064949006978,19.80005367686527,29.95169082125604,6.91760601180891,2.086688137412775,9.494095544820183,8.380300590445518,0.6776704240472357,1.570048309178744,0.026838432635534086,0.2885131508319914
168,21.048040794417606,19.726247987117553,29.918142780461622,6.877348362855609,2.086688137412775,9.447128287707997,8.3064949006978,0.7045088566827697,1.570048309178744,0.026838432635534086,0.2885131508319914
169,21.329844337090712,19.685990338164252,29.884594739667204,6.843800322061192,2.01959205582394,9.41358024691358,8.28636607622115,0.7045088566827697,1.5163714439076759,0.026838432635534086,0.2885131508319914
170,21.564680622651636,19.659151905528716,29.790660225442835,6.816961889425658,2.01959205582394,9.366612989801396,8.259527643585615,0.6910896403650026,1.5163714439076759,0.026838432635534086,0.2885131508319914
171,19.504830917874397,16.82769726247987,35.79575952764358,6.575415995705851,2.0128824476650564,8.78287707997853,8.05823939881911,0.6709608158883521,1.4559849704777241,0.026838432635534086,0.2885131508319914
172,19.55179817498658,16.76731078904992,35.71524422973698,6.608964036500268,2.006172839506173,8.608427267847558,8.05823939881911,0.8789586688137413,1.4895330112721417,0.026838432635534086,0.2885131508319914
173,19.652442297369834,16.700214707461082,35.547504025764894,6.582125603864735,2.0397208803005906,8.917069243156199,8.031400966183575,0.7246376811594203,1.4895330112721417,0.026838432635534086,0.2885131508319914
174,19.82018250134192,16.646537842190018,35.35963499731616,6.588835212023618,2.0397208803005906,8.883521202361782,8.05823939881911,0.7581857219538379,1.556629092860977,,0.2885131508319914
175,20.02818035426731,16.646537842190018,35.27241009125067,6.535158346752549,2.0263016639828235,8.849973161567364,8.044820182501342,0.7581857219538379,1.5499194847020934,,0.2885131508319914
176,20.148953301127214,16.639828234031132,35.17176596886742,6.535158346752549,2.01959205582394,8.76274825550188,8.044820182501342,0.8387010198604401,1.5499194847020934,,0.2885131508319914
177,19.618894256575416,15.995705850778315,35.86285560923242,6.481481481481482,2.4825550187869028,8.68894256575416,8.071658615136876,0.8387010198604401,1.6706924315619969,,0.2885131508319914
178,19.80005367686527,15.982286634460548,35.69511540526033,6.461352657004831,2.717391304347826,8.682232957595277,7.863660762211487,0.8387010198604401,1.6706924315619969,,0.2885131508319914
179,19.692699946323135,15.92860976918948,34.48067632850242,6.461352657004831,2.7509393451422435,10.02415458937198,7.85024154589372,0.8252818035426731,1.6975308641975309,,0.2885131508319914
180,19.85373054213634,15.854804079441761,34.35990338164251,6.421095008051529,2.8247450348899625,9.98389694041868,7.937466451959206,0.8252818035426731,1.6505636070853462,,0.2885131508319914
181,19.524959742351047,15.505904455179817,34.25925925925926,6.468062265163715,2.7442297369833604,9.574610842726784,9.037842190016104,0.8923778851315083,1.6841116478797638,0.020128824476650563,0.2885131508319914
182,19.6256038647343,15.505904455179817,34.11835748792271,6.501610305958132,2.6838432635534084,9.54777241009125,9.064680622651638,0.8923778851315083,1.751207729468599,0.020128824476650563,0.2885131508319914
183,19.85373054213634,15.445517981749866,33.97745571658615,6.481481481481482,2.771068169618894,9.500805152979066,9.004294149221685,0.8655394524959742,1.7914653784219001,0.020128824476650563,0.2885131508319914
184,19.98792270531401,15.438808373590982,33.95061728395062,6.481481481481482,2.7308105206655933,9.473966720343531,9.004294149221685,0.8655394524959742,1.7579173376274826,0.020128824476650563,0.2885131508319914
185,20.108695652173914,15.438808373590982,33.81642512077295,6.468062265163715,2.7308105206655933,9.473966720343531,9.004294149221685,0.8655394524959742,1.7847557702630166,0.020128824476650563,0.2885131508319914
186,20.33011272141707,15.418679549114332,33.601717659688674,6.501610305958132,2.7509393451422435,9.400161030595813,8.970746108427267,0.8990874932903918,1.8183038110574343,0.020128824476650563,0.2885131508319914
187,20.46430488459474,15.318035426731079,33.41384863123994,6.629092860976919,2.7442297369833604,9.400161030595813,8.970746108427267,0.8990874932903918,1.8518518518518519,0.020128824476650563,0.2885131508319914
188,20.699141170155663,15.291196994095545,33.319914117015564,6.629092860976919,2.717391304347826,9.386741814278047,8.957326892109501,0.8655394524959742,1.8250134192163177,0.020128824476650563,0.2885131508319914
189,18.183038110574344,22.289318303811058,30.50858829844337,6.515029522275899,2.703972088030059,8.051529790660226,8.76274825550188,0.8655394524959742,1.8250134192163177,0.020128824476650563,0.27509393451422437
190,18.276972624798713,22.188674181427803,30.48174986580784,6.494900697799249,2.757648953301127,8.051529790660226,8.78287707997853,0.8454106280193237,1.8250134192163177,0.020128824476650563,0.27509393451422437
191,18.65271068169619,22.114868491680085,30.12614063338701,6.474771873322598,2.7442297369833604,7.971014492753623,8.715780998389693,0.8454106280193237,2.059849704777241,0.020128824476650563,0.27509393451422437
192,18.491680085882983,19.296833064949006,33.16559312936125,6.407675791733762,2.7308105206655933,7.930756843800322,8.756038647342995,0.8655394524959742,2.059849704777241,0.020128824476650563,0.27509393451422437
193,18.585614600107355,19.290123456790123,32.930756843800324,6.400966183574879,2.657004830917874,8.199141170155663,8.568169618894256,0.8319914117015567,2.2074610842726785,0.020128824476650563,0.30864197530864196
194,18.733225979602793,19.048577563070317,32.85024154589372,6.333870101986044,3.240740740740741,8.132045088566828,8.3064949006978,0.785024154589372,2.2410091250670963,0.020128824476650563,0.30864197530864196
195,18.739935587761675,19.048577563070317,32.809983896940416,6.280193236714976,3.6231884057971016,8.132045088566828,8.011272141706923,0.785024154589372,2.2410091250670963,0.020128824476650563,0.30864197530864196
196,18.95464304884595,18.98148148148148,32.648953301127214,6.260064412238325,3.6231884057971016,8.132045088566828,8.011272141706923,0.7716049382716049,2.2879763821792807,0.020128824476650563,0.30864197530864196
197,19.061996779388085,18.780193236714975,32.608695652173914,6.260064412238325,3.616478797638218,8.380300590445518,7.9039184111647875,0.7716049382716049,2.2879763821792807,0.020128824476650563,0.30864197530864196
198,19.202898550724637,18.746645195920557,32.54159957058508,6.246645195920558,3.6097691894793345,8.319914117015566,7.9106280193236715,0.8051529790660226,2.2879763821792807,0.020128824476650563,0.30864197530864196
199,19.182769726247987,18.57890499194847,33.24610842726785,6.300322061191626,3.4957058507783145,8.11862587224906,7.669082125603865,0.7917337627482555,2.2879763821792807,0.020128824476650563,0.30864197530864196
200,19.49812130971551,18.4044551798175,32.98443370907139,6.300322061191626,3.4957058507783145,8.105206655931294,7.62211486849168,0.7917337627482555,2.4691358024691357,0.020128824476650563,0.30864197530864196
201,19.692699946323135,18.323939881910896,32.91733762748255,6.3137412775093935,3.4957058507783145,8.111916264090176,7.561728395061729,0.7917337627482555,2.462426194310252,0.020128824476650563,0.30864197530864196
202,20.075147611379496,18.203166935050994,32.8166935050993,6.300322061191626,3.4957058507783145,8.071658615136876,7.501341921631776,0.7917337627482555,2.4355877616747184,0.020128824476650563,0.2885131508319914
203,20.182501341921633,18.02200751476114,33.675523349436396,6.293612453032743,3.3145464304884595,7.716049382716049,7.232957595276436,0.7917337627482555,2.462426194310252,0.020128824476650563,0.2885131508319914
204,20.323403113258184,17.975040257648953,33.55475040257649,6.300322061191626,3.3145464304884595,7.648953301127214,7.2933440687063875,0.785024154589372,2.49597423510467,0.020128824476650563,0.2885131508319914
205,20.43075684380032,17.921363392377884,33.43397745571659,6.400966183574879,3.3480944712828773,7.521470746108427,7.25979602791197,0.785024154589372,2.589908749329039,0.020128824476650563,0.2885131508319914
206,20.611916264090176,17.881105743424584,33.340042941492214,6.353998926462695,3.321256038647343,7.521470746108427,7.253086419753086,0.785024154589372,2.589908749329039,0.05367686527106817,0.2885131508319914
207,20.7662372517445,17.827428878153516,33.313204508856685,6.327160493827161,3.260869565217391,7.48792270531401,7.273215244229737,0.785024154589372,2.6167471819645733,0.05367686527106817,0.2885131508319914
208,20.8870101986044,17.64626945786366,33.25281803542673,6.488191089640365,3.2474503488996245,7.467793880837359,7.273215244229737,0.785024154589372,2.61003757380569,0.05367686527106817,0.2885131508319914
209,20.92055823939882,17.64626945786366,33.23939881910896,6.4412238325281805,3.260869565217391,7.467793880837359,7.273215244229737,0.798443370907139,2.61003757380569,0.05367686527106817,0.2885131508319914
210,21.061460010735374,17.62614063338701,32.950885668276975,6.488191089640365,3.260869565217391,7.4141170155662905,7.239667203435319,0.798443370907139,2.818035426731079,0.05367686527106817,0.2885131508319914
211,21.048040794417606,17.485238862050455,33.17901234567901,6.521739130434782,3.207192699946323,7.27992485238862,7.253086419753086,0.7917337627482555,2.8918411164787976,0.05367686527106817,0.2885131508319914
212,21.007783145464305,17.3040794417606,32.830112721417066,6.521739130434782,3.5091250670960816,7.253086419753086,7.246376811594203,0.7917337627482555,3.193773483628556,0.05367686527106817,0.2885131508319914
213,21.182232957595275,17.183306494900698,32.70263016639828,6.588835212023618,3.488996242619431,7.246376811594203,7.266505636070853,0.7917337627482555,3.227321524422974,0.05367686527106817,0.2683843263553409
214,21.39694041867955,17.008856682769725,32.51476113794954,6.582125603864735,3.475577026301664,7.092055823939882,7.608695652173913,0.8252818035426731,3.1736446591519054,0.05367686527106817,0.2683843263553409
215,21.55126140633387,16.894793344068706,32.41411701556629,6.5485775630703165,3.475577026301664,7.092055823939882,7.615405260332796,0.8252818035426731,3.260869565217391,0.05367686527106817,0.2683843263553409
216,21.72571121846484,16.888083735909824,32.326892109500804,6.5485775630703165,3.475577026301664,7.085346215780999,7.588566827697263,0.8252818035426731,3.2139023081052067,0.05367686527106817,0.2683843263553409
217,21.866612989801396,16.80756843800322,32.25979602791197,6.521739130434782,3.4621578099838968,7.085346215780999,7.648953301127214,0.8252818035426731,3.2004830917874396,0.05367686527106817,0.2683843263553409
218,21.85319377348363,16.6935050993022,31.313741277509394,6.488191089640365,3.455448201825013,8.440687063875469,7.595276435856146,0.8051529790660226,3.0327428878153517,0.05367686527106817,0.2683843263553409
219,21.926999463231347,16.566022544283413,31.300322061191626,6.595544820182502,3.44873859366613,8.474235104669887,7.575147611379496,0.8051529790660226,2.985775630703167,0.05367686527106817,0.2683843263553409
220,22.014224369296834,16.532474503488995,31.260064412238325,6.568706387546968,3.475577026301664,8.507783145464305,7.555018786902845,0.8051529790660226,2.9589371980676327,0.05367686527106817,0.2683843263553409
221,22.168545356951153,16.505636070853463,31.11916264090177,6.508319914117015,3.5091250670960816,8.487654320987655,7.581857219538379,0.8051529790660226,2.9924852388620504,0.05367686527106817,0.2683843263553409
222,22.074610842726784,16.324476650563607,30.9447128287708,6.991411701556629,3.4957058507783145,8.433977455716587,7.581857219538379,0.785024154589372,3.0193236714975846,0.05367686527106817,0.2952227589908749
223,22.188674181427803,16.19699409554482,30.803811057434245,7.118894256575416,3.488996242619431,8.433977455716587,7.581857219538379,0.785024154589372,3.052871712292002,0.05367686527106817,0.2952227589908749
224,22.396672034353195,16.17686527106817,30.636070853462158,7.105475040257649,3.488996242619431,8.407139023081053,7.548309178743962,0.8185721953837896,3.0730005367686526,0.05367686527106817,0.2952227589908749
225,22.624798711755233,16.129898013955984,30.441492216854535,7.179280730005368,3.475577026301664,8.400429414922169,7.548309178743962,0.8185721953837896,3.0327428878153517,0.05367686527106817,0.2952227589908749
226,22.906602254428343,16.056092324208265,30.367686527106816,7.159151905528717,3.4621578099838968,8.373590982286634,7.50805152979066,0.7917337627482555,3.026033279656468,0.05367686527106817,0.2952227589908749
