,45,50,55,51,54,56,53,52,57,58
0,100.0,,,,,,,,,
1,96.80622651637144,3.193773483628556,,,,,,,,
2,96.26945786366076,3.730542136339238,,,,,,,,
3,88.58695652173913,11.41304347826087,,,,,,,,
4,87.05716586151368,12.942834138486312,,,,,,,,
5,87.00348899624262,12.99651100375738,,,,,,,,
6,82.93075684380032,17.06924315619968,,,,,,,,
7,80.47504025764896,19.236446591519055,0.2885131508319914,,,,,,,
8,75.81186258722491,23.899624261943103,0.2885131508319914,,,,,,,
9,73.96672034353193,25.744766505636072,0.2885131508319914,,,,,,,
10,73.74530327428879,25.966183574879228,0.2885131508319914,,,,,,,
11,73.63123993558776,26.080246913580247,0.2885131508319914,,,,,,,
12,73.5775630703167,26.133923778851315,0.2885131508319914,,,,,,,
13,73.26892109500805,26.442565754159958,0.2885131508319914,,,,,,,
14,73.33601717659688,26.37546967257112,0.2885131508319914,,,,,,,
15,59.50751476113795,39.861782071927,0.2885131508319914,0.3421900161030596,,,,,,
16,56.427804616210416,42.941492216854535,0.2885131508319914,0.3421900161030596,,,,,,
17,54.723564143854,42.88781535158347,0.03354804079441761,2.3550724637681157,,,,,,
18,53.737251744498124,43.874127750939344,0.03354804079441761,2.3550724637681157,,,,,,
19,52.12023617820719,45.491143317230275,0.03354804079441761,2.3550724637681157,,,,,,
20,50.415995705850776,47.148416532474506,0.03354804079441761,2.3550724637681157,0.04696725711218465,,,,,
21,47.38996242619431,50.0402576489533,0.16774020397208803,2.3550724637681157,0.04696725711218465,,,,,
22,47.42351046698873,50.006709608158886,0.16774020397208803,2.3550724637681157,0.04696725711218465,,,,,
23,47.215512614063336,50.214707461084274,0.16774020397208803,2.2410091250670963,0.04696725711218465,0.11406333870101985,,,,
24,47.20880300590446,49.664519592055825,0.4830917874396135,2.2410091250670963,0.04696725711218465,0.11406333870101985,0.24154589371980675,,,
25,45.148953301127214,51.72436929683307,0.4830917874396135,2.2410091250670963,0.04696725711218465,0.11406333870101985,0.24154589371980675,,,
26,45.13553408480945,51.73778851315083,0.4830917874396135,2.2410091250670963,0.04696725711218465,0.11406333870101985,0.24154589371980675,,,
27,45.06172839506173,51.81159420289855,0.4830917874396135,2.2410091250670963,0.04696725711218465,0.11406333870101985,0.24154589371980675,,,
28,45.26301663982824,51.610305958132045,0.4830917874396135,2.2410091250670963,0.04696725711218465,0.11406333870101985,0.24154589371980675,,,
29,42.069243156199676,54.589371980676326,0.5703166935050993,2.2410091250670963,0.17444981213097155,0.11406333870101985,0.24154589371980675,,,
30,40.72061191626409,55.93800322061192,0.5703166935050993,2.2410091250670963,0.17444981213097155,0.11406333870101985,0.24154589371980675,,,
31,38.55340848094471,57.96430488459474,0.7917337627482555,2.214170692431562,0.12077294685990338,0.11406333870101985,0.24154589371980675,,,
32,37.17793880837359,55.32071926999463,1.2412775093934514,5.783682232957595,0.12077294685990338,0.11406333870101985,0.24154589371980675,,,
33,37.5402576489533,53.07971014492754,1.1540526033279657,3.2206119162640903,0.12077294685990338,0.11406333870101985,0.4294149221685454,4.341116478797638,,
34,36.54723564143854,53.94524959742351,1.1540526033279657,3.2206119162640903,0.24825550187869028,0.11406333870101985,0.4294149221685454,4.341116478797638,,
35,36.560654857756305,52.89855072463768,1.1540526033279657,3.2004830917874396,0.24825550187869028,0.11406333870101985,2.690552871712292,3.1333870101986045,,
36,35.72866344605475,53.475577026301664,1.328502415458937,3.166935050993022,0.24825550187869028,0.11406333870101985,2.6502952227589907,3.2877079978529253,,
37,33.7157809983897,55.522007514761135,1.328502415458937,3.166935050993022,0.24825550187869028,0.11406333870101985,2.6502952227589907,3.2541599570585076,,
38,26.65727321524423,64.98926462694578,0.9326355340848095,3.0193236714975846,0.12077294685990338,0.11406333870101985,2.9589371980676327,1.2077294685990339,,
39,26.81159420289855,64.61352657004831,1.1540526033279657,3.0193236714975846,0.12077294685990338,0.11406333870101985,2.9589371980676327,1.2077294685990339,,
40,23.14814814814815,68.5252281266774,1.1540526033279657,3.0193236714975846,0.12077294685990338,0.11406333870101985,2.918679549114332,0.9997316156736447,,
41,23.416532474503487,67.70665593129361,1.6103059581320451,3.0193236714975846,0.2147074610842727,0.11406333870101985,2.918679549114332,0.9997316156736447,,
42,23.872785829307567,65.5126140633387,1.6908212560386473,3.0193236714975846,0.36231884057971014,0.11406333870101985,4.428341384863124,0.9997316156736447,,
43,23.64465915190553,64.86849168008588,1.9390767579173376,3.0193236714975846,0.36231884057971014,0.11406333870101985,3.743961352657005,2.3081052066559313,,
44,23.960010735373054,64.62694578636608,2.073268921095008,3.0193236714975846,0.36231884057971014,0.11406333870101985,3.535963499731616,2.3081052066559313,,
45,24.040526033279658,63.31186258722491,2.536231884057971,3.0193236714975846,0.6642512077294686,0.11406333870101985,4.005636070853462,2.3081052066559313,,
46,24.329039184111647,62.5805152979066,2.536231884057971,3.1535158346752548,0.6642512077294686,0.11406333870101985,4.314278046162104,2.3081052066559313,,
47,22.33628556092324,65.06977992485238,2.368491680085883,3.1535158346752548,0.33548040794417605,0.11406333870101985,4.314278046162104,2.3081052066559313,,
48,21.34326355340848,60.037573805689746,2.368491680085883,9.675254965110037,0.33548040794417605,0.11406333870101985,3.8177670424047236,2.3081052066559313,,
49,21.39694041867955,59.91009125067096,2.368491680085883,9.668545356951155,0.33548040794417605,0.11406333870101985,3.898282340311326,2.3081052066559313,,
50,21.638486312399355,58.863392377885134,2.8113258185721954,8.849973161567364,0.33548040794417605,0.11406333870101985,5.0791733762748255,2.3081052066559313,,
51,21.215780998389693,57.19940955448202,3.1602254428341383,10.775630703166936,0.2952227589908749,,5.045625335480408,2.3081052066559313,,
52,21.256038647342994,56.38083735909823,3.1602254428341383,10.775630703166936,1.1808910359634996,,4.938271604938271,2.3081052066559313,,
53,21.329844337090712,56.005099302200755,3.126677402039721,10.775630703166936,1.1808910359634996,,5.287171229200215,2.2946859903381642,,
54,21.64519592055824,55.79710144927536,3.1065485775630703,10.775630703166936,1.2546967257112185,,5.12614063338701,2.2946859903381642,,
55,21.256038647342994,54.41492216854536,3.1468062265163717,12.29200214707461,1.2278582930756843,,5.367686527106817,2.2946859903381642,,
56,20.605206655931294,54.54240472356415,3.099838969404187,12.526838432635534,1.2681159420289856,,5.676328502415459,2.281266774020397,,
57,20.699141170155663,53.676865271068166,3.207192699946323,12.13768115942029,1.2681159420289856,,5.636070853462158,3.374932903918411,,
58,21.28287707997853,52.95222758990875,3.207192699946323,12.057165861513688,1.5230810520665594,,5.60252281266774,3.374932903918411,,
59,20.618625872249062,52.33494363929147,3.515834675254965,14.257917337627482,1.5230810520665594,,5.293880837359098,2.4557165861513686,,
60,20.551529790660226,51.38217928073001,3.7104133118625873,14.257917337627482,1.3419216317767042,,4.99194847020934,3.7640901771336552,,
61,20.77294685990338,51.187600644122384,3.7037037037037037,14.257917337627482,1.3419216317767042,,4.99194847020934,3.743961352657005,,
62,21.24932903918411,50.899087493290395,3.770799785292539,14.016371443907676,1.3419216317767042,,4.99194847020934,3.730542136339238,,
63,21.450617283950617,50.81857219538379,3.7640901771336552,13.955984970477724,1.3016639828234031,,4.978529253891573,3.730542136339238,,
64,21.87332259796028,50.60386473429951,3.7640901771336552,13.70101986044015,1.3016639828234031,,4.951690821256038,3.7238325281803544,0.08051529790660225,
65,20.001341921631777,55.14626945786366,2.7308105206655933,12.084004294149223,1.3620504562533549,0.11406333870101985,4.87788513150832,3.603059581320451,0.08051529790660225,
66,20.25630703166935,54.911433172302736,2.818035426731079,12.030327428878154,1.3620504562533549,0.11406333870101985,4.87788513150832,3.549382716049383,0.08051529790660225,
67,19.45115405260333,54.99865807836822,2.737520128824477,13.271604938271604,1.3083735909822867,0.11406333870101985,4.703435319377348,3.33467525496511,0.08051529790660225,
68,19.578636607622116,54.49543746645196,2.9589371980676327,13.446054750402576,1.3083735909822867,0.11406333870101985,4.683306494900698,3.33467525496511,0.08051529790660225,
69,19.75979602791197,54.41492216854536,2.9589371980676327,13.425925925925926,1.3083735909822867,0.11406333870101985,4.683306494900698,3.2541599570585076,0.08051529790660225,
70,19.961084272678477,54.36795491143317,2.9589371980676327,13.298443370907139,1.2949543746645196,0.11406333870101985,4.669887278582931,3.2541599570585076,0.08051529790660225,
71,19.64573268921095,53.28099838969404,3.1602254428341383,13.211218464841654,1.6371443907675791,0.11406333870101985,4.636339237788513,4.233762748255502,0.08051529790660225,
72,19.692699946323135,53.234031132581855,3.1602254428341383,13.211218464841654,1.6371443907675791,0.11406333870101985,4.636339237788513,4.233762748255502,0.08051529790660225,
73,19.900697799248523,52.905260332796566,3.1602254428341383,13.211218464841654,1.7579173376274826,0.11406333870101985,4.636339237788513,4.233762748255502,0.08051529790660225,
74,19.504830917874397,51.1808910359635,3.3413848631239937,12.359098228663447,1.8183038110574343,0.11406333870101985,7.367149758454106,4.233762748255502,0.08051529790660225,
75,19.994632313472895,50.70450885668277,3.3413848631239937,12.278582930756844,1.8183038110574343,0.18115942028985507,7.367149758454106,4.233762748255502,0.08051529790660225,
76,20.142243692968332,50.66425120772947,3.3145464304884595,12.265163714439076,1.7981749865807837,0.18115942028985507,7.320182501341922,4.233762748255502,0.08051529790660225,
77,20.175791733762747,50.50993022007515,3.3145464304884595,12.5,1.7847557702630166,0.18115942028985507,7.2933440687063875,4.159957058507783,0.08051529790660225,
78,14.794685990338165,47.26918947933441,2.3617820719269993,26.670692431561996,1.5096618357487923,0.18115942028985507,3.374932903918411,3.8378958668813743,,
79,14.922168545356952,47.00080515297907,2.576489533011272,26.610305958132045,1.5096618357487923,0.18115942028985507,3.361513687600644,3.8378958668813743,,
80,14.949006977992486,46.67874396135266,2.791196994095545,26.35534084809447,1.9189479334406871,0.18115942028985507,3.321256038647343,3.8043478260869565,,
81,11.889425657541599,42.84084809447128,2.9388083735909825,35.36634460547504,1.402308105206656,0.48980139559849706,2.576489533011272,2.49597423510467,,
82,11.748523886205046,36.782071926999464,2.9119699409554483,41.639828234031135,1.3553408480944713,0.48980139559849706,2.576489533011272,2.49597423510467,,
83,12.258454106280194,36.40633387010199,3.0595813204508855,41.41170155662909,1.3083735909822867,0.4830917874396135,2.576489533011272,2.49597423510467,,
84,12.4597423510467,36.14465915190553,3.260869565217391,41.277509393451425,1.3083735909822867,0.4830917874396135,2.5697799248523885,2.49597423510467,,
85,12.600644122383253,35.98362855609233,3.260869565217391,41.358024691358025,1.2815351583467525,0.4495437466451959,2.5697799248523885,2.49597423510467,,
86,12.949543746645196,35.73537305421363,3.260869565217391,41.257380568974774,1.2815351583467525,0.4495437466451959,2.5697799248523885,2.49597423510467,,
87,13.09044551798175,35.70182501341922,3.260869565217391,41.22383252818035,1.221148684916801,0.4495437466451959,2.5563607085346214,2.49597423510467,,
88,13.24476650563607,35.63472893183038,3.260869565217391,41.136607622114866,1.221148684916801,0.4495437466451959,2.5563607085346214,2.49597423510467,,
89,12.325550187869029,33.319914117015564,3.3816425120772946,44.115673644659154,1.0332796564680622,0.4495437466451959,2.8784219001610305,2.49597423510467,,
90,12.379227053140097,32.79656468062265,4.05931293612453,43.96135265700483,1.0332796564680622,0.4495437466451959,2.8784219001610305,2.442297369833602,,
91,12.426194310252281,31.280193236714975,4.1532474503489,39.58668813741278,1.1607622114868492,0.4495437466451959,2.6972624798711755,8.246108427267847,,
92,12.184648416532475,30.20665593129361,4.079441760601181,39.432367149758456,1.1137949543746646,0.5367686527106817,4.200214707461084,8.246108427267847,,
93,12.567096081588835,29.8040794417606,4.159957058507783,39.398819108964034,1.1137949543746646,0.5367686527106817,4.200214707461084,8.219269994632313,,
94,12.815351583467525,29.70343531937735,4.159957058507783,39.27804616210413,1.1137949543746646,0.5367686527106817,4.200214707461084,8.192431561996779,,
95,13.077026301663983,29.482018250134193,4.468599033816425,38.821792807300056,1.1137949543746646,0.7581857219538379,4.200214707461084,8.07836822329576,,
96,13.258185721953838,29.274020397208805,4.468599033816425,38.097155126140635,1.0735373054213635,0.7581857219538379,4.159957058507783,8.910359634997317,,
97,13.325281803542673,29.274020397208805,4.468599033816425,37.27858293075684,1.9189479334406871,0.7581857219538379,4.159957058507783,8.816425120772946,,
98,13.023349436392914,24.376006441223833,4.435050993022007,45.289855072463766,1.6438539989264627,0.7514761137949544,2.657004830917874,7.823403113258186,,
99,12.741545893719806,24.48336017176597,4.562533548040794,41.47208803005905,1.6371443907675791,0.7514761137949544,6.400966183574879,7.950885668276973,,
100,13.123993558776167,24.456521739130434,4.53569511540526,41.176865271068166,1.6371443907675791,0.7514761137949544,6.374127750939345,7.944176060118089,,
101,13.325281803542673,24.335748792270532,4.522275899087493,41.156736446591516,1.6371443907675791,0.7514761137949544,6.367418142780462,7.9039184111647875,,
102,13.533279656468062,24.308910359634996,4.522275899087493,41.0024154589372,1.6371443907675791,0.7514761137949544,6.367418142780462,7.877079978529254,,
103,13.83521202361782,24.040526033279658,4.703435319377348,40.68035426731079,1.6103059581320451,1.0466988727858293,6.286902844873859,7.796564680622652,,
104,14.13714439076758,23.926462694578635,4.703435319377348,40.49248523886205,1.6103059581320451,1.0466988727858293,6.286902844873859,7.796564680622652,,
105,14.720880300590446,23.68491680085883,4.703435319377348,40.103327965646805,1.6103059581320451,1.1540526033279657,6.239935587761675,7.7831454643048845,,
106,14.99597423510467,23.544015029522274,4.696725711218465,40.04965110037574,1.5901771336553945,1.1540526033279657,6.213097155126141,7.75630703166935,,
107,15.291196994095545,23.45679012345679,4.696725711218465,40.00939345142244,1.5767579173376274,1.1540526033279657,6.112453032742888,7.702630166398282,,
108,15.26435856146001,23.429951690821255,5.562265163714439,39.2512077294686,1.5633387010198605,1.133923778851315,6.112453032742888,7.682501341921632,,
109,15.445517981749866,23.15485775630703,5.669618894256575,39.20424047235642,1.710950080515298,1.133923778851315,6.011808910359635,7.669082125603865,,
110,15.411969940955448,22.6784755770263,5.656199677938808,39.190821256038646,1.710950080515298,1.133923778851315,6.481481481481482,7.7361782071927,,
111,14.700751476113794,20.46430488459474,4.1129898013955986,44.39747718733226,1.6572732152442298,1.0869565217391304,6.447933440687064,7.132313472893183,,
112,14.97584541062802,20.46430488459474,4.086151368760064,44.196188942565755,1.6304347826086956,1.1943102522812667,6.347289318303811,7.105475040257649,,
113,14.828234031132581,20.283145464304884,4.086151368760064,44.08212560386473,1.7042404723564144,1.3419216317767042,6.615673644659152,7.058507783145465,,
114,14.184111647879764,18.370907139023082,4.079441760601181,43.82716049382716,1.8719806763285025,1.328502415458937,5.931293612453032,10.406602254428341,,
115,13.43263553408481,19.53166935050993,3.92512077294686,43.646001073537306,1.8048845947396672,1.3620504562533549,5.904455179817498,10.393183038110575,,
116,13.47289318303811,19.32367149758454,4.26731078904992,43.61916264090177,1.8048845947396672,1.3620504562533549,5.770263016639828,10.258990874932904,0.12077294685990338,
117,13.821792807300053,19.061996779388085,4.247181964573269,43.61916264090177,1.8048845947396672,1.3620504562533549,5.770263016639828,10.19189479334407,0.12077294685990338,
118,14.11701556629093,19.028448738593667,4.247181964573269,43.41787439613527,1.8048845947396672,1.3217928073000538,5.770263016639828,10.171765968867419,0.12077294685990338,
119,14.244498121309716,19.028448738593667,4.247181964573269,43.35077831454643,1.8048845947396672,1.3217928073000538,5.770263016639828,10.111379495437467,0.12077294685990338,
120,14.150563607085346,17.72007514761138,4.072732152442297,43.00858829844337,3.7238325281803544,1.3217928073000538,5.770263016639828,10.111379495437467,0.12077294685990338,
121,14.331723027375201,17.673107890499196,4.072732152442297,42.914653784219,3.7238325281803544,1.3217928073000538,5.770263016639828,10.071121846484166,0.12077294685990338,
122,14.31159420289855,17.56575415995706,4.361245303274289,42.901234567901234,3.5762211486849167,1.3217928073000538,5.770263016639828,10.071121846484166,0.12077294685990338,
123,14.398819108964037,16.928341384863124,4.186795491143317,42.07595276435856,3.5762211486849167,1.2278582930756843,7.427536231884058,10.057702630166398,0.12077294685990338,
124,14.284755770263017,15.807836822329575,4.186795491143317,41.619699409554485,4.951690821256038,1.5767579173376274,7.407407407407407,10.044283413848632,0.12077294685990338,
125,14.42565754159957,15.707192699946322,4.1532474503489,41.358024691358025,4.951690821256038,1.6505636070853462,7.407407407407407,10.225442834138486,0.12077294685990338,
126,14.855072463768115,15.378421900161031,4.1532474503489,41.0829307568438,5.226784755770263,1.6505636070853462,7.380568974771873,10.165056360708535,0.10735373054213634,
127,14.801395598497047,15.183843263553408,4.133118625872249,40.96886741814278,5.642780461621041,1.6505636070853462,7.380568974771873,10.131508319914117,0.10735373054213634,
128,15.096618357487923,15.103327965646805,4.0995705850778315,40.39855072463768,5.642780461621041,2.0531400966183573,7.380568974771873,10.11808910359635,0.10735373054213634,
129,15.096618357487923,15.069779924852389,4.0995705850778315,40.264358561460014,5.60252281266774,2.15378421900161,7.521470746108427,10.010735373054214,0.18115942028985507,
130,15.304616210413311,15.056360708534621,4.045893719806763,38.08373590982286,5.595813204508857,2.120236178207193,7.6623725174449815,12.02361782071927,0.10735373054213634,
131,15.411969940955448,15.056360708534621,4.045893719806763,37.96296296296296,5.595813204508857,2.120236178207193,7.695920558239399,12.00348899624262,0.10735373054213634,
132,15.801127214170693,15.056360708534621,4.032474503488996,37.835480407944175,5.535426731078905,2.120236178207193,7.581857219538379,11.929683306494901,0.10735373054213634,
133,15.975577026301664,15.029522275899087,4.032474503488996,37.76167471819646,5.495169082125604,2.1068169618894257,7.581857219538379,11.90955448201825,0.10735373054213634,
134,16.23054213633924,14.989264626945786,4.032474503488996,37.60064412238325,5.4616210413311865,2.1068169618894257,7.581857219538379,11.889425657541599,0.10735373054213634,
135,16.586151368760063,14.969135802469136,4.032474503488996,37.43961352657005,5.4616210413311865,2.0933977455716586,7.568438003220612,11.741814278046162,0.10735373054213634,
136,15.465646806226516,12.090713902308105,3.488996242619431,37.265163714439076,5.347557702630167,2.0933977455716586,7.494632313472893,16.75389157273215,,
137,15.734031132581856,11.990069779924852,3.4621578099838968,37.09742351046699,5.347557702630167,2.15378421900161,7.494632313472893,16.720343531937736,,
138,15.827965646806227,11.748523886205046,3.5963499731615673,37.184648416532475,6.320450885668277,2.1269457863660763,7.447665056360709,15.747450348899624,,
139,15.888352120236178,11.735104669887278,3.569511540526033,37.17793880837359,6.3070316693505095,2.1269457863660763,7.447665056360709,15.747450348899624,,
140,15.713902308105206,11.627750939345143,3.569511540526033,34.93022007514761,6.052066559312936,2.01959205582394,7.4208266237251745,18.666129898013956,,
141,15.754159957058508,11.681427804616211,3.549382716049383,34.74906065485776,6.052066559312936,2.0128824476650564,7.608695652173913,18.256843800322063,0.33548040794417605,
142,14.244498121309716,9.675254965110037,3.140096618357488,39.801395598497045,5.555555555555555,1.9994632313472893,7.1725711218464845,18.075684380032207,0.33548040794417605,
143,14.31159420289855,9.326355340848094,3.140096618357488,39.45920558239399,5.555555555555555,2.0799785292538915,7.769726247987117,18.02200751476114,0.33548040794417605,
144,14.600107353730541,9.037842190016104,3.321256038647343,39.16398282340311,5.891035963499732,2.01959205582394,7.863660762211487,17.8743961352657,0.2281266774020397,
145,14.781266774020397,9.01100375738057,3.4957058507783145,38.96269457863661,6.3070316693505095,2.01959205582394,7.481213097155126,17.713365539452496,0.2281266774020397,
146,14.9020397208803,9.01100375738057,3.488996242619431,38.888888888888886,6.172839506172839,2.01959205582394,7.440955448201825,17.713365539452496,0.36231884057971014,
147,15.143585614600108,8.876811594202898,3.629898013955985,38.868760064412236,6.105743424584004,2.200751476113795,7.320182501341922,17.49194847020934,0.36231884057971014,
148,15.250939345142244,8.78287707997853,3.589640365002684,38.727858293075684,6.099033816425121,2.200751476113795,7.521470746108427,17.465110037573805,0.36231884057971014,
149,15.237520128824476,8.896940418679549,3.5762211486849167,38.6406333870102,6.099033816425121,2.200751476113795,7.521470746108427,17.465110037573805,0.36231884057971014,
150,15.365002683843263,8.896940418679549,3.5762211486849167,38.439345142243695,6.099033816425121,2.3081052066559313,7.501341921631776,17.45169082125604,0.36231884057971014,
151,15.445517981749866,8.816425120772946,3.5762211486849167,38.419216317767045,6.072195383789587,2.3752012882447664,7.501341921631776,17.431561996779386,0.36231884057971014,
152,15.573000536768653,8.80300590445518,3.4621578099838968,38.16425120772947,6.072195383789587,2.38191089640365,7.769726247987117,17.411433172302736,0.36231884057971014,
153,14.418947933440688,8.628556092324208,3.44873859366613,40.78770799785293,5.394524959742351,1.9524959742351047,7.601986044015029,17.404723564143854,0.36231884057971014,
154,13.801663982823403,7.944176060118089,2.985775630703167,39.761137949543745,8.514492753623188,1.6975308641975309,7.494632313472893,17.438271604938272,0.36231884057971014,
155,13.92914653784219,7.856951154052603,3.1736446591519054,39.66720343531938,8.514492753623188,1.6975308641975309,7.360440150295223,17.438271604938272,0.36231884057971014,
156,14.130434782608695,7.843531937734836,3.1736446591519054,39.63365539452496,8.514492753623188,1.6975308641975309,7.347020933977456,17.297369833601717,0.36231884057971014,
157,14.163982823403114,7.816693505099302,3.2742887815351582,38.466183574879224,9.816156736446592,1.7914653784219001,7.024959742351046,17.28395061728395,0.36231884057971014,
158,14.707461084272678,7.803274288781535,3.260869565217391,38.157541599570585,9.621578099838969,1.7914653784219001,7.024959742351046,17.270531400966185,0.36231884057971014,
159,14.828234031132581,7.6623725174449815,3.2474503488996245,38.077026301663984,9.588030059044552,1.778046162104133,7.024959742351046,17.431561996779386,0.36231884057971014,
160,14.888620504562533,7.6556629092860975,3.2474503488996245,38.02334943639291,9.588030059044552,1.778046162104133,7.024959742351046,17.431561996779386,0.36231884057971014,
161,15.056360708534621,7.474503488996243,3.240740740740741,37.895866881374126,9.480676328502415,1.778046162104133,7.5348899624261945,17.176596886741816,0.36231884057971014,
162,15.458937198067632,7.474503488996243,3.240740740740741,37.58722490606549,9.581320450885668,1.7444981213097155,7.5348899624261945,16.888083735909824,0.48980139559849706,
163,15.821256038647343,7.434245840042942,3.2206119162640903,37.285292538915726,9.406870638754697,1.7444981213097155,7.729468599033816,16.867954911433173,0.48980139559849706,
164,15.895061728395062,7.427536231884058,3.2206119162640903,37.27858293075684,9.400161030595813,1.7444981213097155,7.689210950080516,16.854535695115406,0.48980139559849706,
165,16.0426731078905,7.427536231884058,3.2206119162640903,37.15780998389694,9.400161030595813,1.7444981213097155,7.689210950080516,16.82769726247987,0.48980139559849706,
166,16.183574879227052,7.380568974771873,3.2206119162640903,36.99677938808374,9.39345142243693,1.8250134192163177,7.682501341921632,16.82769726247987,0.48980139559849706,
167,16.190284487385938,7.367149758454106,3.1870638754696725,36.533816425120776,9.856414385399892,2.059849704777241,7.575147611379496,16.740472356414386,0.48980139559849706,
168,16.384863123993558,7.360440150295223,3.864734299516908,35.621309715512616,9.856414385399892,2.1940418679549114,7.568438003220612,16.659957058507782,0.48980139559849706,
169,16.284219001610307,7.360440150295223,4.683306494900698,35.0979602791197,9.849704777241008,2.1403650026838434,7.5348899624261945,16.55931293612453,0.48980139559849706,
170,16.5727321524423,7.326892109500805,4.683306494900698,34.99060654857756,9.842995169082126,2.120236178207193,7.50805152979066,16.465378421900162,0.48980139559849706,
171,16.935050993022006,7.286634460547504,4.502147074610843,34.88996242619431,9.822866344605474,2.120236178207193,7.50805152979066,16.445249597423512,0.48980139559849706,
172,17.002147074610843,7.286634460547504,4.703435319377348,34.41358024691358,10.071121846484166,2.120236178207193,7.763016639828234,16.150026838432634,0.48980139559849706,
173,17.310789049919485,7.25979602791197,4.703435319377348,34.20558239398819,10.010735373054214,2.120236178207193,7.749597423510467,16.150026838432634,0.48980139559849706,
174,17.49194847020934,7.232957595276436,4.703435319377348,34.16532474503489,10.010735373054214,2.1135265700483092,7.722758990874933,16.069511540526033,0.48980139559849706,
175,17.995169082125603,7.206119162640902,4.683306494900698,33.89023081052066,9.990606548577563,2.1135265700483092,7.615405260332796,16.015834675254965,0.48980139559849706,
176,18.095813204508858,7.092055823939882,4.864465915190553,33.78958668813741,9.957058507783145,2.1135265700483092,7.601986044015029,15.995705850778315,0.48980139559849706,
177,18.270263016639827,7.092055823939882,4.864465915190553,33.72920021470746,9.903381642512077,2.100107353730542,7.575147611379496,15.975577026301664,0.48980139559849706,
178,18.357487922705314,7.085346215780999,4.851046698872786,33.66881374127751,9.903381642512077,2.100107353730542,7.568438003220612,15.975577026301664,0.48980139559849706,
179,18.686258722490606,7.085346215780999,4.783950617283951,33.49436392914654,10.030864197530864,2.006172839506173,7.568438003220612,15.854804079441761,0.48980139559849706,
180,18.853998926462694,7.085346215780999,4.783950617283951,33.400429414922165,10.00402576489533,2.200751476113795,7.548309178743962,15.646806226516372,0.47638217928073,
181,19.061996779388085,7.085346215780999,4.783950617283951,33.25952764358561,9.970477724100913,2.200751476113795,7.514761137949543,15.646806226516372,0.47638217928073,
182,19.310252281266774,7.011540526033279,4.783950617283951,33.1857219538379,9.943639291465379,2.200751476113795,7.494632313472893,15.593129361245303,0.47638217928073,
183,19.83360171765969,7.011540526033279,4.777241009125067,32.608695652173914,9.809447128287708,2.509393451422437,7.494632313472893,15.479066022544284,0.47638217928073,
184,19.96779388083736,7.011540526033279,4.777241009125067,32.58185721953838,9.796027911969942,2.509393451422437,7.494632313472893,15.385131508319914,0.47638217928073,
185,19.826892109500804,7.011540526033279,4.777241009125067,32.53488996242619,9.796027911969942,2.509393451422437,7.695920558239399,15.371712292002147,0.47638217928073,
186,19.961084272678477,7.185990338164252,4.730273752012883,32.407407407407405,9.796027911969942,2.6167471819645733,7.695920558239399,15.13016639828234,0.47638217928073,
187,19.98792270531401,7.179280730005368,4.871175523349437,32.27321524422974,9.796027911969942,2.6167471819645733,7.689210950080516,15.11003757380569,0.47638217928073,
188,20.04830917874396,7.179280730005368,4.824208266237251,32.17257112184648,9.796027911969942,2.703972088030059,7.689210950080516,15.11003757380569,0.47638217928073,
189,20.101986044015028,7.065217391304348,4.777241009125067,32.13231347289318,9.796027911969942,3.2206119162640903,7.689210950080516,14.741009125067096,0.47638217928073,
190,20.175791733762747,6.884057971014493,4.99194847020934,32.07192699946323,9.75577026301664,3.207192699946323,7.6623725174449815,14.774557165861514,0.47638217928073,
191,20.249597423510465,6.843800322061192,5.193236714975845,31.924315619967793,9.728931830381105,3.207192699946323,7.628824476650563,14.74771873322598,0.47638217928073,
192,20.25630703166935,6.843800322061192,5.193236714975845,31.662640901771336,9.728931830381105,3.4957058507783145,7.628824476650563,14.714170692431562,0.47638217928073,
193,20.35024154589372,6.655931293612453,5.193236714975845,31.769994632313473,9.728931830381105,3.4957058507783145,7.615405260332796,14.714170692431562,0.47638217928073,
194,20.77294685990338,6.629092860976919,5.186527106816962,31.5552871712292,9.728931830381105,3.4017713365539453,7.588566827697263,14.660493827160494,0.47638217928073,
195,21.14868491680086,6.568706387546968,5.12614063338701,31.44122383252818,9.64170692431562,3.4017713365539453,7.555018786902845,14.526301663982823,0.5904455179817498,
196,21.101717659688674,6.535158346752549,5.669618894256575,31.199677938808374,9.628287707997853,3.4017713365539453,7.555018786902845,14.318303811057435,0.5904455179817498,
197,21.027911969940956,6.494900697799249,5.971551261406334,31.0252281266774,9.514224369296834,3.4017713365539453,7.950885668276973,14.06333870101986,0.5501878690284487,
198,20.8467525496511,6.474771873322598,5.971551261406334,28.12667740203972,9.420289855072463,3.4822866344605474,7.924047235641439,17.20343531937735,0.5501878690284487,
199,19.840311325818572,6.4345142243692965,5.374396135265701,32.588566827697264,9.198872785829307,3.388352120236178,8.085077831454644,14.412238325281804,0.6776704240472357,
200,19.981213097155127,6.4345142243692965,5.374396135265701,32.54830917874396,9.178743961352657,3.388352120236178,8.085077831454644,14.331723027375201,0.6776704240472357,
201,20.377079978529252,6.407675791733762,5.347557702630167,32.48792270531401,9.064680622651638,3.388352120236178,7.991143317230274,14.257917337627482,0.6776704240472357,
202,20.779656468062264,6.347289318303811,5.3341384863123995,32.387278582930755,9.03113258185722,3.3413848631239937,7.977724100912507,14.123725174449811,0.6776704240472357,
203,20.94068706387547,6.333870101986044,5.3341384863123995,32.35373054213634,8.796296296296296,3.3413848631239937,7.87037037037037,14.110305958132045,0.6776704240472357,0.24154589371980675
204,21.007783145464305,6.333870101986044,5.3274288781535155,32.32018250134192,8.776167471819646,3.3413848631239937,7.87037037037037,14.103596349973161,0.6776704240472357,0.24154589371980675
205,21.088298443370906,6.327160493827161,5.3274288781535155,32.30005367686527,8.769457863660762,3.3145464304884595,7.85024154589372,14.103596349973161,0.6776704240472357,0.24154589371980675
206,21.410359634997317,6.327160493827161,5.314009661835748,31.99812130971551,8.735909822866345,3.4286097691894795,7.809983896940419,14.056629092860977,0.6776704240472357,0.24154589371980675
207,21.26945786366076,6.260064412238325,5.246913580246914,31.82367149758454,9.044551798174986,3.361513687600644,8.091787439613526,13.982823403113258,0.6776704240472357,0.24154589371980675
208,21.423778851315085,6.260064412238325,5.246913580246914,31.54186795491143,9.044551798174986,3.488996242619431,8.091787439613526,13.982823403113258,0.6776704240472357,0.24154589371980675
209,21.631776704240472,6.213097155126141,5.246913580246914,31.52173913043478,8.950617283950617,3.488996242619431,8.064949006977992,13.962694578636608,0.6776704240472357,0.24154589371980675
210,21.81964573268921,6.1862587224906065,5.246913580246914,31.407675791733762,8.923778851315083,3.488996242619431,8.064949006977992,13.942565754159958,0.6776704240472357,0.24154589371980675
211,21.960547504025765,6.1862587224906065,5.199946323134729,31.32716049382716,9.25925925925926,3.2877079978529253,8.011272141706923,13.862050456253355,0.6776704240472357,0.2281266774020397
212,22.16183574879227,6.1862587224906065,5.186527106816962,29.17337627482555,9.098228663446054,3.2877079978529253,10.279119699409554,13.727858293075684,0.6709608158883521,0.2281266774020397
213,22.208803005904453,6.099033816425121,5.059044551798175,29.13311862587225,9.380032206119163,3.2877079978529253,10.279119699409554,13.654052603327965,0.6709608158883521,0.2281266774020397
214,22.17525496511004,6.099033816425121,5.038915727321524,29.03918411164788,9.25925925925926,3.556092324208266,10.279119699409554,13.654052603327965,0.6709608158883521,0.2281266774020397
215,22.262479871175522,6.099033816425121,4.99194847020934,28.965378421900162,9.245840042941492,3.535963499731616,10.34621578099839,13.654052603327965,0.6709608158883521,0.2281266774020397
216,22.302737520128826,6.078904991948471,4.99194847020934,28.871443907675793,9.380032206119163,3.5292538915727323,10.34621578099839,13.600375738056897,0.6709608158883521,0.2281266774020397
217,22.463768115942027,6.078904991948471,5.092592592592593,28.69699409554482,9.380032206119163,3.515834675254965,10.299248523886206,13.573537305421363,0.6709608158883521,0.2281266774020397
218,22.530864197530864,6.078904991948471,5.092592592592593,28.663446054750402,9.406870638754697,3.515834675254965,10.258990874932904,13.553408480944713,0.6709608158883521,0.2281266774020397
219,22.765700483091788,6.018518518518518,5.186527106816962,28.482286634460547,9.480676328502415,3.4822866344605474,10.258990874932904,13.425925925925926,0.6709608158883521,0.2281266774020397
220,22.879763821792807,6.018518518518518,5.186527106816962,28.381642512077295,9.473966720343531,3.408480944712829,10.332796564680622,13.419216317767042,0.6709608158883521,0.2281266774020397
221,23.081052066559312,6.018518518518518,5.179817498658078,28.26086956521739,9.473966720343531,3.374932903918411,10.312667740203972,13.405797101449275,0.6642512077294686,0.2281266774020397
222,23.10789049919485,6.018518518518518,5.159688674181428,28.22061191626409,9.27938808373591,3.374932903918411,10.59447128287708,13.352120236178207,0.6642512077294686,0.2281266774020397
223,23.463499731615673,5.850778314546431,5.10601180891036,27.95222758990875,9.359903381642512,3.374932903918411,10.68840579710145,13.311862587224907,0.6642512077294686,0.2281266774020397
224,23.443370907139023,5.374396135265701,5.10601180891036,28.77079978529254,9.306226516371444,3.374932903918411,10.433440687063875,13.298443370907139,0.6642512077294686,0.2281266774020397
225,23.382984433709073,5.495169082125604,5.10601180891036,28.73725174449812,9.306226516371444,3.374932903918411,10.433440687063875,13.271604938271604,0.6642512077294686,0.2281266774020397
226,23.72517444981213,5.407944176060118,5.10601180891036,28.435319377348364,9.192163177670425,3.797638217928073,10.406602254428341,13.036768652710682,0.6642512077294686,0.2281266774020397
227,23.852657004830917,5.407944176060118,5.0858829844337095,28.408480944712828,9.158615136876007,3.797638217928073,10.373054213633925,13.023349436392914,0.6642512077294686,0.2281266774020397
228,23.946591519055286,5.374396135265701,5.649490069779925,28.24074074074074,9.104938271604938,3.730542136339238,10.36634460547504,12.694578636607622,0.6642512077294686,0.2281266774020397
229,23.939881910896403,5.367686527106817,5.763553408480945,28.032742887815353,9.23913043478261,3.7037037037037037,10.36634460547504,12.694578636607622,0.6642512077294686,0.2281266774020397
230,24.020397208803004,5.367686527106817,5.756843800322061,28.032742887815353,9.23913043478261,3.7037037037037037,10.352925389157273,12.634192163177671,0.6642512077294686,0.2281266774020397
231,24.20155662909286,5.367686527106817,5.938003220611916,27.77777777777778,9.205582393988191,3.5225442834138487,10.507246376811594,12.587224906065487,0.6642512077294686,0.2281266774020397
232,24.302200751476114,5.367686527106817,5.924584004294149,27.70397208803006,9.205582393988191,3.5225442834138487,10.507246376811594,12.573805689747719,0.6642512077294686,0.2281266774020397
233,24.50348899624262,5.367686527106817,5.904455179817498,27.643585614600106,9.185453569511541,3.5225442834138487,10.466988727858293,12.513419216317766,0.6642512077294686,0.2281266774020397
234,24.731615673644658,5.367686527106817,6.105743424584004,27.428878153515836,9.037842190016104,3.455448201825013,10.466988727858293,12.513419216317766,0.6642512077294686,0.2281266774020397
235,24.771873322597962,5.367686527106817,6.367418142780462,27.34836285560923,9.037842190016104,3.44873859366613,10.426731078904991,12.352388620504563,0.6508319914117016,0.2281266774020397
236,25.07380568974772,5.340848094471283,6.293612453032743,27.167203435319376,8.99087493290392,3.388352120236178,10.513955984970478,12.352388620504563,0.6508319914117016,0.2281266774020397
237,25.15432098765432,5.267042404723564,6.4412238325281805,26.85185185185185,8.84326355340848,3.307836822329576,10.513955984970478,12.741545893719806,0.6508319914117016,0.2281266774020397
238,25.214707461084274,5.267042404723564,6.595544820182502,26.798174986580783,8.742619431025227,3.307836822329576,10.493827160493828,12.701288244766506,0.6508319914117016,0.2281266774020397
239,25.248255501878692,5.233494363929147,6.561996779388084,26.778046162104133,8.964036500268385,3.260869565217391,10.493827160493828,12.593934514224369,0.6374127750939346,0.2281266774020397
240,25.301932367149757,5.233494363929147,6.561996779388084,26.737788513150832,8.964036500268385,3.260869565217391,10.48040794417606,12.593934514224369,0.6374127750939346,0.2281266774020397
241,25.462962962962962,5.186527106816962,6.5485775630703165,26.704240472356414,8.883521202361782,3.260869565217391,10.453569511540525,12.52012882447665,0.7514761137949544,0.2281266774020397
242,25.811862587224905,5.092592592592593,6.494900697799249,26.529790660225444,8.883521202361782,3.260869565217391,10.426731078904991,12.52012882447665,0.7514761137949544,0.2281266774020397
243,25.885668276972623,5.092592592592593,6.494900697799249,26.52308105206656,8.876811594202898,3.260869565217391,10.426731078904991,12.4597423510467,0.7514761137949544,0.2281266774020397
244,26.100375738056897,5.01207729468599,6.521739130434782,26.36876006441224,9.104938271604938,3.2206119162640903,10.34621578099839,12.345679012345679,0.7514761137949544,0.2281266774020397
245,26.113794954374665,4.884594739667204,6.4345142243692965,26.308373590982285,9.453837895866881,3.193773483628556,10.34621578099839,12.305421363392378,0.7313472893183038,0.2281266774020397
246,26.247987117552334,4.884594739667204,6.5552871712292005,26.227858293075684,9.440418679549115,3.166935050993022,10.245571658615138,12.27187332259796,0.7313472893183038,0.2281266774020397
247,26.227858293075684,4.824208266237251,6.481481481481482,26.06682769726248,9.50751476113795,3.1535158346752548,10.768921095008052,12.037037037037036,0.7313472893183038,0.20128824476650564
248,26.41572732152442,4.824208266237251,6.447933440687064,25.91250670960816,9.500805152979066,3.2877079978529253,10.742082662372518,11.949812130971551,0.7313472893183038,0.1878690284487386
249,26.78475577026302,4.824208266237251,6.280193236714976,25.543478260869566,9.494095544820183,3.2541599570585076,10.695115405260333,12.27187332259796,0.6642512077294686,0.1878690284487386
250,26.898819108964037,4.824208266237251,6.280193236714976,25.509930220075148,9.440418679549115,3.2474503488996245,10.674986580783683,12.27187332259796,0.6642512077294686,0.1878690284487386
251,26.798174986580783,4.810789049919484,6.280193236714976,25.13419216317767,8.863392377885132,2.8784219001610305,10.601180891035963,13.781535158346752,0.6642512077294686,0.1878690284487386
252,27.03972088030059,4.777241009125067,6.266774020397209,25.127482555018787,8.863392377885132,2.8784219001610305,10.48040794417606,13.714439076757918,0.6642512077294686,0.1878690284487386
