,45,50,53,51,55,52,54,56
0,100.0,,,,,,,
1,98.15485775630704,1.8451422436929683,,,,,,
2,97.99382716049382,2.006172839506173,,,,,,
3,95.97423510466989,4.025764895330113,,,,,,
4,95.33011272141707,4.669887278582931,,,,,,
5,94.99463231347289,5.005367686527107,,,,,,
6,94.72624798711755,5.0993022007514766,0.17444981213097155,,,,,
7,94.72624798711755,5.0993022007514766,0.17444981213097155,,,,,
8,94.73966720343532,5.0858829844337095,0.17444981213097155,,,,,
9,94.7866344605475,5.038915727321524,0.17444981213097155,,,,,
10,94.7866344605475,5.038915727321524,0.17444981213097155,,,,,
11,93.5654857756307,6.260064412238325,0.17444981213097155,,,,,
12,93.08910359634997,6.736446591519055,0.17444981213097155,,,,,
13,93.23671497584542,6.588835212023618,0.17444981213097155,,,,,
14,90.66022544283413,9.16532474503489,0.17444981213097155,,,,,
15,88.53327965646807,11.292270531400966,0.17444981213097155,,,,,
16,88.52657004830918,11.057434245840042,0.41599570585077833,,,,,
17,86.97665056360708,12.607353730542137,0.41599570585077833,,,,,
18,86.83574879227054,12.74825550187869,0.41599570585077833,,,,,
19,80.39452495974236,17.317498658078367,0.41599570585077833,1.8719806763285025,,,,
20,80.15297906602254,17.57246376811594,0.41599570585077833,1.8585614600107354,,,,
21,80.02549651100375,17.69994632313473,0.41599570585077833,1.8585614600107354,,,,
22,80.0523349436393,17.54562533548041,0.41599570585077833,1.9860440150295222,,,,
23,80.0523349436393,17.54562533548041,0.41599570585077833,1.9860440150295222,,,,
24,73.01395598497048,24.58400429414922,0.41599570585077833,1.9860440150295222,,,,
25,72.80595813204509,24.818840579710145,0.41599570585077833,1.9592055823939882,,,,
26,72.87305421363392,24.771873322597962,0.41599570585077833,1.9390767579173376,,,,
27,71.13526570048309,26.10708534621578,0.8252818035426731,1.932367149758454,,,,
28,67.94820182501341,29.25389157273215,0.7380568974771873,1.932367149758454,0.1274825550187869,,,
29,68.35077831454643,28.5426731078905,0.7380568974771873,1.932367149758454,0.1274825550187869,0.30864197530864196,,
30,68.39103596349973,28.32125603864734,0.7380568974771873,1.932367149758454,0.1274825550187869,0.48980139559849706,,
31,68.10252281266774,28.31454643048846,0.7380568974771873,1.932367149758454,0.1274825550187869,0.785024154589372,,
32,67.65968867418142,28.75738056897477,0.7380568974771873,1.932367149758454,0.1274825550187869,0.785024154589372,,
33,67.63955984970478,28.421900161030596,0.7380568974771873,1.6572732152442298,0.1274825550187869,1.415727321524423,,
34,67.67981749865808,28.408480944712828,0.7380568974771873,1.6572732152442298,0.10064412238325282,1.415727321524423,,
35,67.96162104133118,28.12667740203972,0.7380568974771873,1.6572732152442298,0.10064412238325282,1.415727321524423,,
36,67.94820182501341,26.42914653784219,0.7380568974771873,1.6572732152442298,0.10064412238325282,3.126677402039721,,
37,67.06253354804079,26.288244766505635,0.7380568974771873,2.6838432635534084,0.10064412238325282,3.126677402039721,,
38,66.82769726247987,26.20101986044015,0.8319914117015567,2.6838432635534084,0.10064412238325282,3.1199677938808374,0.23483628556092323,
39,66.88137412775095,26.147342995169083,0.8319914117015567,2.6838432635534084,0.10064412238325282,3.1199677938808374,0.23483628556092323,
40,66.74047235641439,26.288244766505635,0.8319914117015567,2.6838432635534084,0.10064412238325282,3.1199677938808374,0.23483628556092323,
41,66.84111647879764,26.187600644122384,0.8319914117015567,2.6838432635534084,0.10064412238325282,3.1199677938808374,0.23483628556092323,
42,63.81508319914117,27.30139559849705,0.8319914117015567,4.616210413311863,0.10064412238325282,3.099838969404187,0.23483628556092323,
43,63.81508319914117,27.334943639291467,0.8185721953837896,4.5960815888352125,0.10064412238325282,3.099838969404187,0.23483628556092323,
44,62.05716586151369,29.11969940955448,0.8185721953837896,4.569243156199678,0.10064412238325282,3.099838969404187,0.23483628556092323,
45,61.09769189479334,30.079173376274827,0.8185721953837896,4.569243156199678,0.10064412238325282,3.099838969404187,0.23483628556092323,
46,60.36634460547504,29.871175523349436,0.8185721953837896,6.132581857219538,0.10064412238325282,2.475845410628019,0.23483628556092323,
47,60.35963499731616,30.07246376811594,0.966183574879227,5.837359098228664,0.10064412238325282,2.428878153515835,0.23483628556092323,
48,60.12479871175523,30.213365539452496,0.966183574879227,5.736714975845411,0.10064412238325282,2.623456790123457,0.23483628556092323,
49,58.903650026838434,31.30703166935051,0.966183574879227,5.877616747181965,0.10064412238325282,2.61003757380569,0.23483628556092323,
50,57.84353193773484,32.44095544820183,0.966183574879227,5.475040257648954,0.10064412238325282,2.9388083735909825,0.23483628556092323,
51,50.16774020397209,40.11674718196457,0.966183574879227,5.475040257648954,0.10064412238325282,2.9388083735909825,0.23483628556092323,
52,49.49677938808374,40.56629092860977,0.966183574879227,5.6964573268921095,0.10064412238325282,2.9388083735909825,0.23483628556092323,
53,49.37600644122383,40.687063875469676,0.966183574879227,5.6964573268921095,0.10064412238325282,2.9388083735909825,0.23483628556092323,
54,49.14787976382179,40.915190552871714,0.966183574879227,5.6964573268921095,0.10064412238325282,2.9388083735909825,0.23483628556092323,
55,49.25523349436393,40.83467525496511,0.966183574879227,5.669618894256575,0.10064412238325282,2.9388083735909825,0.23483628556092323,
56,49.11433172302738,40.92860976918948,0.8856682769726248,5.622651637144391,0.27509393451422437,2.9388083735909825,0.23483628556092323,
57,46.3768115942029,41.968599033816425,0.8856682769726248,7.461084272678476,0.27509393451422437,2.7979066022544283,0.23483628556092323,
58,46.403650026838434,41.720343531937736,0.8319914117015567,7.461084272678476,0.27509393451422437,3.0730005367686526,0.23483628556092323,
59,46.73913043478261,41.10976918947934,0.9796027911969941,7.440955448201825,0.27509393451422437,3.2206119162640903,0.23483628556092323,
60,46.772678475577024,41.096349973161566,0.9796027911969941,7.4208266237251745,0.27509393451422437,3.2206119162640903,0.23483628556092323,
61,46.92028985507246,40.713902308105204,0.9796027911969941,7.4208266237251745,0.27509393451422437,3.455448201825013,0.23483628556092323,
62,46.55126140633387,40.365002683843265,1.1876006441223832,7.4208266237251745,0.27509393451422437,3.965378421900161,0.23483628556092323,
63,46.564680622651636,40.15700483091788,1.1876006441223832,7.387278582930757,0.27509393451422437,3.965378421900161,0.46296296296296297,
64,44.97450348899624,42.51878690284487,1.093666129898014,6.984702093397746,0.27509393451422437,3.69699409554482,0.4562533548040794,
65,43.223295759527645,43.666129898013956,1.0064412238325282,7.5348899624261945,0.27509393451422437,3.8378958668813743,0.4562533548040794,
66,42.82742887815352,44.35050993022008,0.8923778851315083,7.360440150295223,0.27509393451422437,3.8378958668813743,0.4562533548040794,
67,42.860976918947934,44.316961889425656,0.8923778851315083,7.360440150295223,0.27509393451422437,3.8378958668813743,0.4562533548040794,
68,40.82796564680623,46.3365539452496,0.7380568974771873,7.360440150295223,0.10064412238325282,3.8378958668813743,0.798443370907139,
69,39.53972088030059,47.61808910359635,0.7380568974771873,6.904186795491143,0.10064412238325282,4.206924315619967,0.8923778851315083,
70,39.13714439076758,44.900697799248526,1.865271068169619,8.420558239398819,0.4025764895330113,4.106280193236715,1.1674718196457328,
71,38.73456790123457,44.89398819108964,2.844873859366613,7.112184648416532,0.14761137949543746,4.052603327965647,2.214170692431562,
72,38.848631239935585,44.69269994632314,2.8381642512077296,7.065217391304348,0.2885131508319914,4.052603327965647,2.214170692431562,
73,39.01637144390767,44.36392914653784,2.6637144390767578,7.0383789586688135,0.4294149221685454,4.28743961352657,2.200751476113795,
74,38.84192163177671,43.78019323671498,3.099838969404187,7.27992485238862,0.4294149221685454,4.367954911433173,2.200751476113795,
75,39.04320987654321,42.975040257648956,3.0730005367686526,7.1658615136876005,1.0265700483091786,4.528985507246377,2.187332259796028,
76,39.13714439076758,42.8341384863124,2.918679549114332,7.380568974771873,1.0131508319914118,4.528985507246377,2.187332259796028,
77,39.378690284487384,42.619431025228124,2.918679549114332,7.380568974771873,1.0131508319914118,4.528985507246377,2.1604938271604937,
78,39.34514224369297,42.351046698872786,3.2206119162640903,7.380568974771873,1.0131508319914118,4.528985507246377,2.1604938271604937,
79,39.13714439076758,41.87466451959206,3.2206119162640903,8.407139023081053,1.0131508319914118,4.186795491143317,2.1604938271604937,
80,39.02308105206656,42.109500805152976,3.2139023081052067,8.380300590445518,1.0131508319914118,4.0995705850778315,2.1604938271604937,
81,39.2512077294686,41.90150295222759,3.180354267310789,8.380300590445518,1.0131508319914118,4.3478260869565215,1.9256575415995705,
82,37.82206119162641,39.9020397208803,2.717391304347826,12.144390767579173,1.1540526033279657,4.334406870638754,1.9256575415995705,
83,36.69484702093398,40.66022544283414,2.791196994095545,13.050187869028449,1.1473429951690821,3.730542136339238,1.9256575415995705,
84,36.79549114331723,40.57971014492754,2.791196994095545,13.030059044551798,1.1473429951690821,3.730542136339238,1.9256575415995705,
85,36.83574879227053,40.55958132045089,2.791196994095545,13.009930220075148,1.1473429951690821,3.730542136339238,1.9256575415995705,
86,36.902844873859365,40.4723564143854,2.791196994095545,12.754965110037574,1.1473429951690821,3.730542136339238,2.200751476113795,
87,36.922973698336016,40.4723564143854,2.791196994095545,12.754965110037574,1.1473429951690821,3.730542136339238,2.1806226516371443,
88,37.084004294149224,40.03623188405797,2.7777777777777777,12.801932367149758,1.1473429951690821,3.9720880300590444,2.1806226516371443,
89,37.104133118625874,39.61352657004831,2.7509393451422435,12.801932367149758,1.1406333870101986,4.240472356414386,2.3483628556092326,
90,37.25174449812131,39.231078904991946,3.0059044551798175,12.634192163177671,1.288244766505636,4.240472356414386,2.3483628556092326,
91,36.47342995169082,40.02952227589909,2.8381642512077296,13.023349436392914,1.288244766505636,4.032474503488996,2.314814814814815,
92,36.48684916800859,40.042941492216855,2.831454643048846,13.003220611916264,1.288244766505636,4.032474503488996,2.314814814814815,
93,35.93666129898014,40.62667740203972,2.8247450348899625,12.99651100375738,1.2681159420289856,4.032474503488996,2.314814814814815,
94,36.09769189479334,40.49919484702093,2.8247450348899625,12.99651100375738,1.2681159420289856,4.005636070853462,2.3081052066559313,
95,36.00375738056898,40.45222758990875,2.8247450348899625,12.99651100375738,1.415727321524423,3.9989264626945786,2.3081052066559313,
96,35.80246913580247,39.34514224369297,2.8247450348899625,14.049919484702093,1.415727321524423,4.253891572732153,2.3081052066559313,
97,35.567632850241544,39.40552871712292,2.8247450348899625,14.224369296833064,1.415727321524423,4.253891572732153,2.3081052066559313,
98,35.39989264626946,38.499731615673646,2.3215244229736984,15.022812667740205,1.415727321524423,5.032206119162641,2.3081052066559313,
99,34.99060654857756,38.909017713365536,2.3215244229736984,14.908749329039184,1.5297906602254427,5.032206119162641,2.3081052066559313,
100,35.06441223832528,38.87546967257112,2.3215244229736984,14.868491680085883,1.5297906602254427,5.032206119162641,2.3081052066559313,
101,35.527375201288244,38.446054750402574,2.3215244229736984,14.861782071927,1.5297906602254427,5.018786902844874,2.2946859903381642,
102,35.72866344605475,38.26489533011272,2.3215244229736984,14.834943639291465,1.570048309178744,5.018786902844874,2.2611379495437465,
103,35.82259796027912,38.31857219538379,2.3215244229736984,14.687332259796028,1.570048309178744,5.018786902844874,2.2611379495437465,
104,36.010466988727856,38.197799248523886,2.3081052066559313,14.63365539452496,1.570048309178744,5.018786902844874,2.2611379495437465,
105,36.16478797638218,37.714707461084274,2.6502952227589907,14.55984970477724,1.6572732152442298,5.018786902844874,2.2342995169082127,
106,36.178207192699944,37.60064412238325,2.6167471819645733,14.55984970477724,1.6572732152442298,5.152979066022544,2.2342995169082127,
107,35.46027911969941,36.74852388620504,2.7509393451422435,14.51959205582394,1.6572732152442298,6.649221685453569,2.214170692431562,
108,35.628019323671495,36.513687600644126,2.7509393451422435,14.325013419216317,1.6371443907675791,6.649221685453569,2.4020397208803006,0.0939345142243693
109,35.72866344605475,36.41304347826087,2.7509393451422435,14.325013419216317,1.6371443907675791,6.649221685453569,2.4020397208803006,0.0939345142243693
110,35.889694041867955,36.07085346215781,2.737520128824477,14.278046162104133,1.6371443907675791,6.582125603864735,2.7106816961889426,0.0939345142243693
111,35.7487922705314,36.02388620504563,2.7308105206655933,14.472624798711756,1.6371443907675791,6.582125603864735,2.7106816961889426,0.0939345142243693
112,35.52066559312936,36.34594739667203,2.918679549114332,14.224369296833064,1.6371443907675791,6.5485775630703165,2.7106816961889426,0.0939345142243693
113,35.547504025764894,36.35265700483092,2.9119699409554483,13.768115942028986,1.6371443907675791,6.508319914117015,3.180354267310789,0.0939345142243693
114,35.64143853998927,36.25872249060655,2.9119699409554483,13.768115942028986,1.6371443907675791,6.508319914117015,3.180354267310789,0.0939345142243693
115,34.40016103059581,37.5402576489533,2.9119699409554483,13.66076221148685,1.7444981213097155,6.468062265163715,3.180354267310789,0.0939345142243693
116,34.17874396135266,37.486580783682236,2.9119699409554483,13.45276435856146,1.7444981213097155,6.635802469135802,3.4957058507783145,0.0939345142243693
117,33.64868491680086,36.33252818035427,2.9119699409554483,14.486044015029522,1.7444981213097155,7.347020933977456,3.4822866344605474,0.04696725711218465
118,32.950885668276975,35.81588835212023,2.871712292002147,15.74074074074074,1.7444981213097155,7.347020933977456,3.4822866344605474,0.04696725711218465
119,32.51476113794954,35.279119699409556,2.871712292002147,16.626409017713364,1.7444981213097155,7.340311325818572,3.5762211486849167,0.04696725711218465
120,30.615942028985508,35.48040794417606,2.804616210413312,16.512345679012345,2.1135265700483092,9.07139023081052,3.3548040794417604,0.04696725711218465
121,30.797101449275363,35.05099302200752,2.7979066022544283,16.472088030059044,2.1135265700483092,9.044551798174986,3.6768652710681695,0.04696725711218465
122,30.891035963499732,35.03086419753087,2.9052603327965647,16.398282340311326,2.1135265700483092,8.93719806763285,3.6768652710681695,0.04696725711218465
123,31.11916264090177,34.45383789586688,2.945517981749866,16.720343531937736,2.3550724637681157,8.36688137412775,3.992216854535695,0.04696725711218465
124,31.15271068169619,34.312936124530324,2.9388083735909825,16.70692431561997,2.341653247450349,8.360171765968868,4.139828234031133,0.04696725711218465
125,30.844068706387546,33.72920021470746,2.8515834675254963,16.445249597423512,2.341653247450349,9.762479871175524,3.978797638217928,0.04696725711218465
126,28.743961352657006,40.52603327965647,1.8853998926462694,15.237520128824476,2.0531400966183573,7.98443370907139,3.5225442834138487,0.04696725711218465
127,28.529253891572733,39.11701556629093,1.8988191089640365,15.13016639828234,2.0531400966183573,9.54777241009125,3.7037037037037037,0.020128824476650563
128,28.5426731078905,38.86205045625336,2.1604938271604937,15.116747181964573,2.0531400966183573,9.54777241009125,3.69699409554482,0.020128824476650563
129,28.60305958132045,38.1105743424584,1.8585614600107354,16.21712292002147,2.0531400966183573,9.46725711218465,3.670155662909286,0.020128824476650563
130,28.388352120236178,37.80193236714976,1.8585614600107354,15.257648953301127,1.9994632313472893,11.305689747718732,3.3682232957595275,0.020128824476650563
131,23.336017176596886,46.5378421900161,1.8518518518518519,11.83574879227053,1.9994632313472893,10.93666129898014,3.4822866344605474,0.020128824476650563
132,22.805958132045088,47.28260869565217,2.13365539452496,11.761943102522812,1.9793344068706387,10.534084809447128,3.4822866344605474,0.020128824476650563
133,22.899892646269457,47.215512614063336,2.13365539452496,11.75523349436393,1.9793344068706387,10.527375201288244,3.4688674181427803,0.020128824476650563
134,20.21604938271605,49.52361782071927,2.3550724637681157,12.493290391841116,1.892109500805153,9.98389694041868,3.515834675254965,0.020128824476650563
135,19.91411701556629,44.85373054213634,2.341653247450349,21.370101986044016,1.4492753623188406,6.857219538378959,3.193773483628556,0.020128824476650563
136,19.98792270531401,44.48470209339774,2.61003757380569,21.32313472893183,1.6908212560386473,6.816961889425658,3.066290928609769,0.020128824476650563
137,20.081857219538378,44.296833064949006,2.61003757380569,21.289586688137412,1.8183038110574343,6.816961889425658,3.066290928609769,0.020128824476650563
138,20.491143317230275,43.605743424584006,2.61003757380569,21.26945786366076,1.8988191089640365,7.058507783145465,3.046162104133119,0.020128824476650563
139,20.202630166398283,42.58588298443371,2.509393451422437,21.215780998389693,1.8988191089640365,8.548040794417606,3.0193236714975846,0.020128824476650563
140,20.511272141706925,42.43156199677939,2.509393451422437,20.8467525496511,1.8988191089640365,8.514492753623188,3.2675791733762747,0.020128824476650563
141,20.73268921095008,42.25711218464841,2.509393451422437,20.8467525496511,1.8853998926462694,8.480944712828771,3.2675791733762747,0.020128824476650563
142,20.933977455716587,42.1027911969941,2.509393451422437,20.74610842726785,1.8853998926462694,8.440687063875469,3.361513687600644,0.020128824476650563
143,21.182232957595275,42.05582393988191,2.509393451422437,20.638754696725712,1.8853998926462694,8.3467525496511,3.361513687600644,0.020128824476650563
144,21.289586688137412,41.47208803005905,2.509393451422437,19.840311325818572,3.1870638754696725,8.333333333333334,3.3480944712828773,0.020128824476650563
145,21.484165324745035,41.34460547504026,2.509393451422437,19.605475040257648,3.1870638754696725,8.333333333333334,3.3480944712828773,0.1878690284487386
146,20.50456253354804,40.94202898550725,2.509393451422437,21.108427267847556,3.1870638754696725,8.21256038647343,3.3480944712828773,0.1878690284487386
147,20.571658615136876,40.94202898550725,2.509393451422437,21.054750402576488,3.1870638754696725,8.199141170155663,3.3480944712828773,0.1878690284487386
148,20.705850778314545,40.83467525496511,2.509393451422437,21.054750402576488,3.1870638754696725,8.172302737520129,3.3480944712828773,0.1878690284487386
149,20.759527643585614,40.33145464304884,2.737520128824477,21.054750402576488,3.1870638754696725,8.13875469672571,3.603059581320451,0.1878690284487386
150,20.833333333333332,40.27106816961889,2.737520128824477,21.054750402576488,3.1870638754696725,8.125335480407944,3.603059581320451,0.1878690284487386
151,20.974235104669887,40.05636070853462,3.052871712292002,20.967525496511005,3.1870638754696725,7.890499194847021,3.683574879227053,0.1878690284487386
152,21.021202361782073,40.042941492216855,3.052871712292002,20.94068706387547,3.180354267310789,7.890499194847021,3.683574879227053,0.1878690284487386
153,21.081588835212024,40.01610305958132,3.026033279656468,20.497852925389157,3.180354267310789,7.917337627482555,3.9989264626945786,0.28180354267310787
154,21.121846484165324,40.063070316693505,3.026033279656468,20.457595276435857,3.180354267310789,7.877079978529254,3.992216854535695,0.28180354267310787
155,21.26274825550188,39.9020397208803,3.026033279656468,20.343531937734838,3.33467525496511,7.856951154052603,3.992216854535695,0.28180354267310787
156,21.202361782071925,39.38539989264627,2.9589371980676327,20.33011272141707,3.33467525496511,8.514492753623188,3.992216854535695,0.28180354267310787
157,21.121846484165324,39.231078904991946,2.831454643048846,20.26972624798712,3.33467525496511,8.93719806763285,3.992216854535695,0.28180354267310787
158,20.38378958668814,38.20450885668277,2.831454643048846,21.87332259796028,3.502415458937198,8.930488459473967,3.992216854535695,0.28180354267310787
159,20.471014492753625,37.96967257112185,2.831454643048846,21.79951690821256,3.643317230273752,8.836553945249598,4.166666666666667,0.28180354267310787
160,20.813204508856682,37.506709608158886,3.0394524959742353,21.256038647342994,3.8915727321524423,9.044551798174986,4.166666666666667,0.28180354267310787
161,20.98094471282877,37.33225979602791,3.026033279656468,21.22920021470746,3.844605475040258,9.017713365539452,4.28743961352657,0.28180354267310787
162,21.088298443370906,37.32555018786903,3.6768652710681695,20.571658615136876,3.844605475040258,9.017713365539452,4.28743961352657,0.1878690284487386
163,21.128556092324207,37.063875469672574,3.6768652710681695,20.531400966183575,4.1129898013955986,9.158615136876007,4.139828234031133,0.1878690284487386
164,21.30300590445518,36.99006977992485,3.6768652710681695,20.50456253354804,4.106280193236715,9.111647879763822,4.119699409554482,0.1878690284487386
165,19.0150295222759,43.833870101986044,3.3548040794417604,17.673107890499196,3.69699409554482,8.192431561996779,4.045893719806763,0.1878690284487386
166,19.048577563070317,43.42458400429415,3.3548040794417604,17.901234567901234,3.898282340311326,8.145464304884594,4.03918411164788,0.1878690284487386
167,19.243156199677937,43.23671497584541,3.6634460547504024,17.787171229200215,3.8043478260869565,8.145464304884594,3.9318303811057436,0.1878690284487386
168,19.196188942565755,41.378153515834676,3.656736446591519,17.767042404723565,3.6366076221148687,8.13875469672571,6.038647342995169,0.1878690284487386
169,18.14278046162104,42.23698336017176,3.5963499731615673,17.384594739667204,4.03918411164788,8.13875469672571,6.273483628556092,0.1878690284487386
170,18.33064949006978,42.16317767042405,3.5963499731615673,17.337627482555018,4.03918411164788,8.13875469672571,6.206387546967257,0.1878690284487386
171,18.45813204508857,42.09608158883521,3.5963499731615673,17.290660225442835,4.03918411164788,8.13875469672571,6.1929683306494905,0.1878690284487386
172,18.726516371443907,42.03569511540526,3.569511540526033,17.176596886741816,4.03918411164788,8.111916264090176,6.152710681696189,0.1878690284487386
173,18.86070853462158,41.92163177670424,3.569511540526033,17.156468062265162,4.03918411164788,8.111916264090176,6.152710681696189,0.1878690284487386
174,18.988191089640367,41.89479334406871,3.569511540526033,17.08937198067633,4.005636070853462,8.111916264090176,6.152710681696189,0.1878690284487386
175,19.216317767042405,41.51905528717123,3.7640901771336552,16.901502952227588,4.005636070853462,7.957595276435856,6.447933440687064,0.1878690284487386
176,19.07541599570585,40.485775630703166,3.7640901771336552,16.78743961352657,4.327697262479871,9.198872785829307,6.172839506172839,0.1878690284487386
177,19.14922168545357,40.29119699409554,3.9855072463768115,16.75389157273215,4.260601180891036,9.198872785829307,6.172839506172839,0.1878690284487386
178,19.14922168545357,40.22410091250671,4.28743961352657,16.6532474503489,4.253891572732153,9.151905528717123,6.092324208266238,0.1878690284487386
179,19.16935050993022,39.98926462694579,4.280730005367687,16.646537842190018,4.253891572732153,9.151905528717123,6.320450885668277,0.1878690284487386
180,19.155931293612454,39.734299516908216,4.488727858293076,16.545893719806763,4.676596886741814,9.172034353193773,6.038647342995169,0.1878690284487386
181,19.229736983360173,39.942297369833604,4.394793344068707,16.378153515834676,4.656468062265164,9.172034353193773,6.038647342995169,0.1878690284487386
182,19.330381105743424,39.31159420289855,4.394793344068707,16.15673644659152,4.441760601180891,9.138486312399356,7.0383789586688135,0.1878690284487386
183,19.598765432098766,39.170692431561996,4.394793344068707,16.09634997316157,4.394793344068707,9.138486312399356,7.018250134192163,0.1878690284487386
184,19.840311325818572,39.110305958132045,4.3478260869565215,16.002415458937197,4.394793344068707,9.138486312399356,6.977992485238862,0.1878690284487386
185,19.91411701556629,38.99624261943102,4.3478260869565215,15.908480944712828,4.394793344068707,9.272678475577026,6.977992485238862,0.1878690284487386
186,20.021470746108427,38.45276435856146,5.246913580246914,15.807836822329575,4.3478260869565215,9.131776704240472,6.8035426731078905,0.1878690284487386
187,20.162372517444982,38.31857219538379,5.246913580246914,15.807836822329575,4.3478260869565215,9.131776704240472,6.796833064949007,0.1878690284487386
188,20.2361782071927,38.1508319914117,5.246913580246914,15.794417606011809,4.461889425657541,9.131776704240472,6.790123456790123,0.1878690284487386
189,20.249597423510465,37.92941492216855,5.555555555555555,15.485775630703166,4.669887278582931,9.131776704240472,6.790123456790123,0.1878690284487386
190,20.517981749865807,37.74825550187869,5.542136339237788,15.485775630703166,4.669887278582931,9.104938271604938,6.743156199677939,0.1878690284487386
191,20.67230273752013,37.65432098765432,5.542136339237788,15.485775630703166,4.669887278582931,9.044551798174986,6.743156199677939,0.1878690284487386
192,21.155394524959743,37.5402576489533,5.542136339237788,15.116747181964573,4.669887278582931,9.044551798174986,6.743156199677939,0.1878690284487386
193,21.557971014492754,37.40606548577563,5.542136339237788,14.727589908749328,4.669887278582931,9.017713365539452,6.890767579173376,0.1878690284487386
194,21.87332259796028,37.11084272678475,5.750134192163178,14.660493827160494,4.790660225442834,8.76274825550188,6.776704240472356,0.27509393451422437
195,21.692163177670423,37.31884057971015,5.750134192163178,14.660493827160494,4.7638217928073,8.735909822866345,6.702898550724638,0.3757380568974772
196,21.692163177670423,37.30542136339238,5.750134192163178,14.640365002683843,4.757112184648417,8.722490606548577,6.756575415995706,0.3757380568974772
197,21.74584004294149,35.68169618894257,5.750134192163178,14.801395598497047,6.159420289855072,8.729200214707461,6.756575415995706,0.3757380568974772
198,21.89345142243693,35.29253891572732,5.709876543209877,14.794685990338165,6.461352657004831,8.749329039184111,6.723027375201288,0.3757380568974772
199,22.302737520128826,34.93022007514761,5.709876543209877,14.63365539452496,6.5552871712292005,8.896940418679549,6.595544820182502,0.3757380568974772
200,22.376543209876544,34.86983360171766,5.709876543209877,14.626945786366075,6.5552871712292005,8.896940418679549,6.588835212023618,0.3757380568974772
201,22.584541062801932,34.78260869565217,5.676328502415459,14.512882447665056,6.5552871712292005,8.870101986044014,6.528448738593666,0.48980139559849706
202,23.013955984970476,34.43370907139023,5.662909286097692,14.512882447665056,6.541867954911433,8.84326355340848,6.501610305958132,0.48980139559849706
203,22.893183038110575,34.333064949006975,5.662909286097692,13.83521202361782,6.461352657004831,9.876543209876543,6.447933440687064,0.48980139559849706
204,22.765700483091788,33.353462157809986,5.756843800322061,13.519860440150294,6.515029522275899,10.393183038110575,7.206119162640902,0.48980139559849706
205,22.82608695652174,33.21256038647343,5.756843800322061,13.419216317767042,6.508319914117015,10.393183038110575,7.4006977992485234,0.4830917874396135
206,22.953569511540525,32.628824476650564,6.702898550724638,13.486312399355878,6.461352657004831,10.158346752549651,7.125603864734299,0.4830917874396135
207,22.75228126677402,31.870638754696724,6.702898550724638,14.445786366076222,6.575415995705851,10.064412238325282,7.105475040257649,0.4830917874396135
208,22.785829307568438,31.608964036500268,6.837090713902308,14.304884594739667,6.561996779388084,10.312667740203972,7.105475040257649,0.4830917874396135
209,22.705314009661837,31.488191089640367,6.984702093397746,14.056629092860977,6.535158346752549,10.567632850241546,7.179280730005368,0.4830917874396135
210,22.75228126677402,31.394256575415994,7.078636607622115,14.009661835748792,6.535158346752549,10.567632850241546,7.179280730005368,0.4830917874396135
211,19.867149758454108,28.421900161030596,6.615673644659152,22.094739667203434,5.984970477724101,9.728931830381105,6.890767579173376,0.39586688137412773
212,19.961084272678477,28.193773483628558,6.615673644659152,21.980676328502415,6.119162640901771,9.722222222222221,6.890767579173376,0.5166398282340311
213,20.135534084809446,27.979066022544284,6.595544820182502,21.93370907139023,6.166129898013956,9.809447128287708,6.877348362855609,0.5032206119162641
214,20.564949006977994,27.67042404723564,6.5485775630703165,21.93370907139023,6.119162640901771,9.863123993558776,6.796833064949007,0.5032206119162641
215,18.42458400429415,35.30595813204509,6.092324208266238,19.639023081052066,5.662909286097692,7.749597423510467,6.622383252818035,0.5032206119162641
216,18.49838969404187,34.92351046698873,6.092324208266238,19.598765432098766,5.8239398819108965,7.950885668276973,6.608964036500268,0.5032206119162641
217,17.746913580246915,34.09822866344606,6.011808910359635,21.34326355340848,5.743424584004294,7.950885668276973,6.602254428341385,0.5032206119162641
218,17.8743961352657,33.97745571658615,5.991680085882985,21.289586688137412,5.837359098228664,7.950885668276973,6.575415995705851,0.5032206119162641
219,18.203166935050994,33.662104133118625,5.991680085882985,21.095008051529792,5.709876543209877,7.883789586688137,6.810252281266774,0.644122383252818
220,18.612453032742888,33.353462157809986,6.045356951154052,20.75281803542673,5.709876543209877,7.769726247987117,6.951154052603328,0.8051529790660226
221,18.726516371443907,32.92404723564144,5.9514224369296835,20.67230273752013,5.991680085882985,7.977724100912507,6.951154052603328,0.8051529790660226
222,18.853998926462694,32.890499194847024,5.904455179817498,20.632045088566827,5.984970477724101,7.977724100912507,6.951154052603328,0.8051529790660226
223,18.78690284487386,32.60198604401503,5.904455179817498,20.585077831454644,5.911164787976382,8.454106280193237,6.951154052603328,0.8051529790660226
224,18.887546967257112,32.420826623725176,5.904455179817498,20.558239398819108,5.911164787976382,8.447396672034353,7.065217391304348,0.8051529790660226
225,19.155931293612454,32.340311325818575,5.9447128287707995,20.531400966183575,5.904455179817498,8.387010198604402,6.9310252281266775,0.8051529790660226
226,19.209608158883523,32.22624798711755,5.9447128287707995,20.46430488459474,5.904455179817498,8.561460010735374,6.816961889425658,0.8722490606548577
227,19.45115405260333,32.15244229736983,5.9447128287707995,20.30998389694042,5.891035963499732,8.561460010735374,6.816961889425658,0.8722490606548577
228,19.545088566827697,32.11218464841653,5.9447128287707995,20.283145464304884,5.891035963499732,8.53462157809984,6.816961889425658,0.8722490606548577
229,19.51825013419216,31.850509930220074,5.8239398819108965,20.283145464304884,6.172839506172839,8.662104133118627,6.816961889425658,0.8722490606548577
230,19.6256038647343,31.709608158883523,5.8239398819108965,20.25630703166935,6.233225979602791,8.662104133118627,6.816961889425658,0.8722490606548577
231,19.14922168545357,30.938003220611915,5.8172302737520125,20.531400966183575,7.25979602791197,8.655394524959743,6.776704240472356,0.8722490606548577
232,19.176060118089104,30.817230273752013,5.8172302737520125,20.531400966183575,7.380568974771873,8.655394524959743,6.749865807836822,0.8722490606548577
233,19.269994632313473,30.790391841116477,5.797101449275362,20.531400966183575,7.380568974771873,8.608427267847558,6.749865807836822,0.8722490606548577
234,19.43102522812668,30.756843800322063,5.763553408480945,20.511272141706925,7.306763285024155,8.608427267847558,6.749865807836822,0.8722490606548577
235,19.504830917874397,30.723295759527645,5.756843800322061,20.497852925389157,7.306763285024155,8.588298443370908,6.749865807836822,0.8722490606548577
236,19.6256038647343,30.46833064949007,5.756843800322061,20.46430488459474,7.179280730005368,8.568169618894256,7.065217391304348,0.8722490606548577
237,19.75979602791197,30.3743961352657,5.756843800322061,20.46430488459474,7.179280730005368,8.527911969940956,7.065217391304348,0.8722490606548577
238,19.77992485238862,30.273752012882447,5.877616747181965,20.44417606011809,7.1658615136876005,8.527911969940956,7.058507783145465,0.8722490606548577
239,19.860440150295222,30.04562533548041,6.146001073537305,20.37037037037037,7.118894256575416,8.527911969940956,7.058507783145465,0.8722490606548577
240,19.93424584004294,29.851046698872786,5.984970477724101,20.323403113258184,7.118894256575416,8.668813741277509,7.246376811594203,0.8722490606548577
241,19.96779388083736,29.73027375201288,6.213097155126141,20.202630166398283,7.118894256575416,8.648684916800859,7.246376811594203,0.8722490606548577
242,20.229468599033815,29.656468062265162,6.172839506172839,20.189210950080515,7.118894256575416,8.61513687600644,7.246376811594203,0.7716049382716049
243,20.29656468062265,29.636339237788512,6.172839506172839,19.94766505636071,7.118894256575416,8.61513687600644,7.246376811594203,0.966183574879227
244,20.69243156199678,29.47530864197531,6.0587761674718195,19.92753623188406,7.118894256575416,8.514492753623188,7.246376811594203,0.966183574879227
245,20.658883521202362,29.32769726247987,6.360708534621578,19.639023081052066,7.112184648416532,8.82313472893183,7.152442297369833,0.9259259259259259
246,20.699141170155663,29.30756843800322,6.360708534621578,19.632313472893184,7.098765432098766,8.82313472893183,7.152442297369833,0.9259259259259259
247,21.061460010735374,29.186795491143318,6.360708534621578,19.41760601180891,7.098765432098766,8.80300590445518,7.14573268921095,0.9259259259259259
248,21.175523349436393,29.13311862587225,6.6760601180891035,19.102254428341386,7.051798174986581,8.789586688137414,7.14573268921095,0.9259259259259259
249,21.336553945249598,28.878153515834676,6.6760601180891035,19.082125603864736,6.884057971014493,9.078099838969404,7.139023081052066,0.9259259259259259
250,21.571390230810522,28.703703703703702,6.642512077294686,19.028448738593667,6.796833064949007,9.044551798174986,7.286634460547504,0.9259259259259259
251,21.826355340848096,28.31454643048846,6.528448738593666,18.820450885668276,6.743156199677939,9.306226516371444,7.561728395061729,0.8990874932903918
252,22.21551261406334,27.95222758990875,6.515029522275899,18.699677938808374,6.951154052603328,9.205582393988191,7.561728395061729,0.8990874932903918
253,22.25577026301664,27.925389157273216,6.1929683306494905,18.699677938808374,6.951154052603328,9.192163177670425,7.883789586688137,0.8990874932903918
254,22.32957595276436,27.85829307568438,6.085614600107354,18.65271068169619,6.951154052603328,9.339774557165862,7.883789586688137,0.8990874932903918
255,22.403381642512077,27.78448738593666,6.085614600107354,18.65271068169619,6.951154052603328,9.339774557165862,7.883789586688137,0.8990874932903918
256,22.309447128287708,27.999194847020934,6.0587761674718195,18.61916264090177,6.9310252281266775,9.29951690821256,7.883789586688137,0.8990874932903918
257,22.376543209876544,27.985775630703166,6.011808910359635,18.4849704777241,6.884057971014493,9.29951690821256,7.924047235641439,1.0332796564680622
258,22.490606548577563,27.905260332796566,6.011808910359635,18.4849704777241,6.884057971014493,9.29951690821256,7.890499194847021,1.0332796564680622
259,22.69860440150295,27.616747181964573,6.011808910359635,18.42458400429415,7.058507783145465,9.185453569511541,7.971014492753623,1.0332796564680622
260,22.926731078904993,27.38191089640365,6.011808910359635,18.397745571658614,7.447665056360709,8.997584541062801,7.803274288781535,1.0332796564680622
261,23.07434245840043,27.30139559849705,6.011808910359635,18.397745571658614,7.440955448201825,8.984165324745035,7.75630703166935,1.0332796564680622
262,23.389694041867955,27.254428341384862,6.011808910359635,18.250134192163177,7.4006977992485234,8.930488459473967,7.729468599033816,1.0332796564680622
263,23.483628556092324,27.254428341384862,6.011808910359635,18.156199677938808,7.4006977992485234,8.930488459473967,7.729468599033816,1.0332796564680622
264,23.946591519055286,27.214170692431562,5.83064949006978,18.04884594739667,7.387278582930757,8.876811594202898,7.6623725174449815,1.0332796564680622
265,23.939881910896403,26.94578636607622,5.891035963499732,18.02200751476114,7.628824476650563,8.876811594202898,7.6623725174449815,1.0332796564680622
266,24.134460547504027,26.88539989264627,5.870907139023081,17.975040257648953,7.628824476650563,8.863392377885132,7.62211486849168,1.0198604401502953
267,24.235104669887278,26.764626945786365,5.870907139023081,17.92807300053677,7.628824476650563,8.816425120772946,7.7361782071927,1.0198604401502953
268,24.376006441223833,26.637144390767578,5.857487922705314,17.887815351583466,7.695920558239399,8.789586688137414,7.7361782071927,1.0198604401502953
269,24.315619967793882,26.54320987654321,5.924584004294149,17.56575415995706,7.991143317230274,8.950617283950617,7.689210950080516,1.0198604401502953
270,22.879763821792807,29.401502952227588,5.636070853462158,16.5727321524423,8.111916264090176,8.695652173913043,7.682501341921632,1.0198604401502953
271,23.2085346215781,29.314278046162105,5.636070853462158,16.512345679012345,8.071658615136876,8.695652173913043,7.568438003220612,0.9930220075147611
272,23.201825013419217,29.21363392377885,5.636070853462158,15.666935050993022,8.017981749865807,10.037573805689748,7.501341921631776,0.7246376811594203
273,23.43666129898014,28.904991948470208,5.615942028985507,15.579710144927537,8.259527643585615,9.977187332259795,7.501341921631776,0.7246376811594203
274,23.503757380568974,28.884863123993558,5.501878690284487,15.566290928609769,8.259527643585615,10.124798711755233,7.434245840042942,0.7246376811594203
275,23.349436392914654,28.79092860976919,5.555555555555555,15.499194847020934,8.232689210950081,10.111379495437467,7.7361782071927,0.7246376811594203
276,23.403113258185723,28.515834675254965,5.548845947396672,15.499194847020934,8.038110574342458,10.091250670960816,8.179012345679013,0.7246376811594203
277,23.57085346215781,28.435319377348364,5.548845947396672,15.432098765432098,8.038110574342458,10.084541062801932,8.165593129361245,0.7246376811594203
278,23.772141706924316,28.28099838969404,5.434782608695652,15.398550724637682,8.165593129361245,10.077831454643048,8.145464304884594,0.7246376811594203
279,23.792270531400966,28.22061191626409,5.434782608695652,15.398550724637682,8.165593129361245,10.077831454643048,8.185721953837897,0.7246376811594203
280,23.89291465378422,28.059581320450885,5.414653784219001,15.351583467525497,8.3064949006978,10.071121846484166,8.185721953837897,0.7179280730005367
281,23.91304347826087,28.059581320450885,5.414653784219001,15.344873859366613,8.3064949006978,10.071121846484166,8.172302737520129,0.7179280730005367
282,23.960010735373054,28.046162104133117,5.414653784219001,15.324745034889963,8.299785292538916,10.071121846484166,8.165593129361245,0.7179280730005367
283,24.08078368223296,28.046162104133117,5.414653784219001,15.277777777777779,8.299785292538916,10.050993022007514,8.13875469672571,0.6910896403650026
284,24.134460547504027,27.925389157273216,5.407944176060118,14.224369296833064,7.944176060118089,11.41304347826087,8.279656468062266,0.6709608158883521
285,24.22168545356951,27.885131508319915,5.367686527106817,14.130434782608695,7.937466451959206,11.480139559849706,8.3064949006978,0.6709608158883521
286,24.14117015566291,27.74422973698336,5.367686527106817,13.962694578636608,8.132045088566828,11.480139559849706,8.57487922705314,0.5971551261406334
287,24.282071926999464,27.657004830917874,5.367686527106817,13.935856146001074,8.132045088566828,11.466720343531938,8.561460010735374,0.5971551261406334
288,24.355877616747183,27.522812667740205,5.367686527106817,13.915727321524423,8.232689210950081,11.466720343531938,8.541331186258722,0.5971551261406334
289,24.315619967793882,27.522812667740205,5.314009661835748,13.915727321524423,8.232689210950081,11.466720343531938,8.648684916800859,0.5837359098228664
