,45,50,55,51,52,53,54,56,58,57,59,60,61
0,96.61164787976382,3.388352120236178,,,,,,,,,,,
1,96.61164787976382,3.388352120236178,,,,,,,,,,,
2,84.61486849168008,15.385131508319914,,,,,,,,,,,
3,61.39291465378422,38.58695652173913,0.020128824476650563,,,,,,,,,,
4,61.40633387010199,38.519860440150296,0.07380568974771873,,,,,,,,,,
5,60.43344068706388,33.70907139023081,0.07380568974771873,5.783682232957595,,,,,,,,,
6,60.43344068706388,33.70907139023081,0.07380568974771873,5.783682232957595,,,,,,,,,
7,60.46027911969941,31.655931293612454,2.100107353730542,5.783682232957595,,,,,,,,,
8,60.36634460547504,31.568706387546968,2.341653247450349,5.723295759527644,,,,,,,,,
9,52.07326892109501,29.70343531937735,2.341653247450349,13.580246913580247,2.301395598497048,,,,,,,,
10,49.61084272678475,33.272946859903385,1.2010198604401503,12.842190016103059,3.0730005367686526,,,,,,,,
11,49.67793880837359,33.13875469672571,1.2681159420289856,12.842190016103059,3.0730005367686526,,,,,,,,
12,47.22222222222222,32.92404723564144,1.1540526033279657,13.942565754159958,0.8990874932903918,3.569511540526033,0.2885131508319914,,,,,,
13,46.97396672034353,31.186258722490606,0.644122383252818,16.438539989264626,0.8990874932903918,3.569511540526033,0.2885131508319914,,,,,,
14,40.17042404723564,31.21309715512614,0.7716049382716049,22.86634460547504,0.8990874932903918,3.556092324208266,0.5233494363929146,,,,,,
15,38.459473966720346,26.81159420289855,0.7380568974771873,28.958668813741276,0.8990874932903918,3.455448201825013,0.6776704240472357,,,,,,
16,38.27160493827161,25.91921631776704,0.7380568974771873,31.93102522812668,0.49651100375738055,2.4892646269457863,0.15432098765432098,,,,,,
17,35.99704777241009,23.960010735373054,0.7045088566827697,38.36553945249597,0.49651100375738055,0.2885131508319914,0.15432098765432098,0.03354804079441761,,,,,
18,36.010466988727856,23.242082662372518,0.5434782608695652,35.93666129898014,3.7573805689747717,0.2885131508319914,0.15432098765432098,0.06709608158883522,,,,,
19,28.972088030059044,27.34836285560923,0.46967257112184646,38.66076221148685,3.730542136339238,0.27509393451422437,0.47638217928073,0.06709608158883522,,,,,
20,24.214975845410628,21.812936124530328,0.2616747181964573,49.19484702093398,3.730542136339238,0.4227053140096618,0.32877079978529256,0.03354804079441761,,,,,
21,24.12104133118626,21.940418679549115,0.2885131508319914,49.13446054750403,3.730542136339238,0.4227053140096618,0.32877079978529256,0.03354804079441761,,,,,
22,24.10762211486849,22.034353193773484,0.5300590445517982,48.812399355877616,3.730542136339238,0.4227053140096618,0.32877079978529256,0.03354804079441761,,,,,
23,22.36983360171766,21.960547504025765,0.5568974771873323,50.4898013955985,3.730542136339238,0.4227053140096618,0.32877079978529256,0.14090177133655393,,,,,
24,19.592055823939884,18.33064949006978,0.5099302200751477,57.37385936661299,3.2541599570585076,0.4227053140096618,0.32877079978529256,0.1878690284487386,,,,,
25,19.732957595276435,18.06897477187332,0.43612453032742887,57.360440150295226,3.2541599570585076,0.4227053140096618,0.32877079978529256,0.39586688137412773,,,,,
26,15.58641975308642,8.252818035426731,0.27509393451422437,72.5577026301664,2.341653247450349,0.30864197530864196,0.322061191626409,0.35560923242082665,,,,,
27,15.593129361245303,8.252818035426731,0.27509393451422437,72.51073537305422,2.341653247450349,0.30864197530864196,0.322061191626409,0.39586688137412773,,,,,
28,15.271068169618895,8.044820182501342,0.46967257112184646,72.59125067096082,2.341653247450349,0.30864197530864196,0.322061191626409,0.6508319914117016,,,,,
29,15.297906602254429,8.044820182501342,0.46967257112184646,72.52415458937197,2.341653247450349,0.30864197530864196,0.322061191626409,0.6910896403650026,,,,,
30,11.768652710681696,7.37385936661299,0.49651100375738055,68.00858829844337,7.87037037037037,4.052603327965647,0.013419216317767043,0.41599570585077833,,,,,
31,11.829039184111648,7.246376811594203,0.6575415995705851,66.88137412775095,7.87037037037037,4.052603327965647,0.013419216317767043,1.4492753623188406,,,,,
32,11.688137412775093,7.226247987117552,0.6575415995705851,65.98899624261944,7.494632313472893,4.03918411164788,1.4559849704777241,1.4492753623188406,,,,,
33,11.741814278046162,7.179280730005368,0.7045088566827697,65.8346752549651,7.494632313472893,4.03918411164788,1.4559849704777241,1.5499194847020934,,,,,
34,9.681964573268921,29.394793344068706,0.5032206119162641,45.53811057434246,6.488191089640365,7.313472893183038,0.5703166935050993,0.5099302200751477,,,,,
35,9.769189479334408,29.334406870638755,0.5166398282340311,45.49785292538916,6.488191089640365,7.313472893183038,0.5703166935050993,0.5099302200751477,,,,,
36,9.842995169082126,29.280730005367687,0.5166398282340311,45.46430488459474,6.488191089640365,7.313472893183038,0.5703166935050993,0.5233494363929146,,,,,
37,9.916800858829845,29.139828234031132,0.5501878690284487,45.430756843800324,6.488191089640365,7.380568974771873,0.5703166935050993,0.5233494363929146,,,,,
38,9.883252818035427,29.0727321524423,0.5837359098228664,45.450885668276975,6.488191089640365,7.380568974771873,0.5703166935050993,0.5703166935050993,,,,,
39,9.601449275362318,27.690552871712292,1.9793344068706387,45.02818035426731,5.495169082125604,7.380568974771873,2.214170692431562,0.6105743424584005,,,,,
40,9.5276435856146,27.469135802469136,1.8786902844873858,51.80488459473967,1.7579173376274826,6.723027375201288,0.5568974771873323,0.28180354267310787,,,,,
41,7.87037037037037,24.12775093934514,1.892109500805153,56.93102522812668,1.7579173376274826,6.622383252818035,0.5568974771873323,0.24154589371980675,,,,,
42,7.897208803005904,22.15512614063339,1.8853998926462694,60.73537305421363,1.7579173376274826,5.320719269994632,,0.24825550187869028,,,,,
43,8.05823939881911,22.134997316156735,1.8853998926462694,57.306763285024154,5.045625335480408,5.320719269994632,,0.24825550187869028,,,,,
44,8.044820182501342,22.134997316156735,1.8853998926462694,58.97074610842727,3.3950617283950617,5.320719269994632,,0.24825550187869028,,,,,
45,8.21256038647343,22.108158883521202,1.9122383252818036,58.85668276972625,3.3816425120772946,5.260332796564681,,0.2683843263553409,,,,,
46,8.28636607622115,20.873590982286636,3.166935050993022,58.762748255501876,3.3816425120772946,5.260332796564681,,0.2683843263553409,,,,,
47,8.373590982286634,20.8064949006978,3.1602254428341383,58.74932903918411,3.3816425120772946,5.260332796564681,,0.2683843263553409,,,,,
48,8.440687063875469,20.779656468062264,3.1602254428341383,58.73590982286635,3.3816425120772946,5.233494363929147,,0.2683843263553409,,,,,
49,8.460815888352121,20.779656468062264,3.1602254428341383,58.702361782071925,3.3816425120772946,5.213365539452496,,0.30193236714975846,,,,,
50,8.55475040257649,20.7662372517445,3.1333870101986045,58.541331186258724,3.3548040794417604,5.213365539452496,,0.43612453032742887,,,,,
51,8.507783145464305,16.223832528180353,1.9122383252818036,58.46081588835212,9.245840042941492,5.193236714975845,,0.43612453032742887,0.020128824476650563,,,,
52,8.246108427267847,16.14331723027375,1.9524959742351047,58.85668276972625,9.245840042941492,5.193236714975845,,0.3421900161030596,0.020128824476650563,,,,
53,8.373590982286634,16.14331723027375,1.9524959742351047,58.742619431025226,9.232420826623725,5.193236714975845,,0.3421900161030596,0.020128824476650563,,,,
54,8.487654320987655,16.11647879763822,2.0665593129361244,58.55475040257649,9.205582393988191,5.0791733762748255,,0.4428341384863124,0.020128824476650563,0.026838432635534086,,,
55,8.78287707997853,16.09634997316157,2.0665593129361244,57.29334406870639,9.091519055287172,6.179549114331723,,0.4428341384863124,0.020128824476650563,0.026838432635534086,,,
56,8.789586688137414,16.06280193236715,2.100107353730542,57.2866344605475,9.091519055287172,6.179549114331723,,0.4428341384863124,0.020128824476650563,0.026838432635534086,,,
57,8.917069243156199,16.015834675254965,2.100107353730542,57.22624798711755,9.091519055287172,6.159420289855072,,0.4428341384863124,0.020128824476650563,0.026838432635534086,,,
58,8.82313472893183,16.015834675254965,2.100107353730542,57.340311325818575,9.091519055287172,6.159420289855072,,0.4227053140096618,0.020128824476650563,0.026838432635534086,,,
59,8.870101986044014,16.009125067096083,2.100107353730542,57.22624798711755,9.091519055287172,6.139291465378422,,0.5166398282340311,0.020128824476650563,0.026838432635534086,,,
60,8.923778851315083,15.794417606011809,2.301395598497048,56.24664519592056,9.091519055287172,6.085614600107354,,1.5096618357487923,0.020128824476650563,0.026838432635534086,,,
61,8.997584541062801,15.767579173376275,2.301395598497048,56.03193773483628,9.064680622651638,6.025228126677402,,1.6572732152442298,0.020128824476650563,0.13419216317767044,,,
62,9.138486312399356,15.713902308105206,2.301395598497048,55.99838969404187,9.037842190016104,6.018518518518518,,1.6371443907675791,0.020128824476650563,0.13419216317767044,,,
63,9.172034353193773,15.673644659151906,2.301395598497048,55.9447128287708,9.037842190016104,6.018518518518518,,1.6975308641975309,0.020128824476650563,0.13419216317767044,,,
64,9.198872785829307,15.673644659151906,2.301395598497048,55.91787439613527,9.037842190016104,5.991680085882985,,1.724369296833065,0.020128824476650563,0.13419216317767044,,,
65,9.185453569511541,15.465646806226516,2.509393451422437,54.146537842190014,8.145464304884594,8.68894256575416,,1.7042404723564144,0.020128824476650563,0.13419216317767044,,,
66,9.252549651100376,15.465646806226516,2.509393451422437,53.958668813741276,8.017981749865807,8.675523349436393,,1.8384326355340848,0.020128824476650563,0.2616747181964573,,,
67,9.406870638754697,15.432098765432098,2.49597423510467,53.76409017713365,7.971014492753623,8.57487922705314,,1.8384326355340848,0.020128824476650563,0.49651100375738055,,,
68,9.500805152979066,15.123456790123457,2.4691358024691357,53.68357487922705,8.293075684380032,8.57487922705314,,1.8384326355340848,0.020128824476650563,0.49651100375738055,,,
69,9.621578099838969,15.063070316693505,2.4691358024691357,53.656736446591516,8.192431561996779,8.548040794417606,,1.8384326355340848,0.020128824476650563,0.5904455179817498,,,
70,9.849704777241008,15.063070316693505,2.4691358024691357,53.46886741814278,8.192431561996779,8.36688137412775,,1.8384326355340848,0.020128824476650563,0.6977992485238862,0.03354804079441761,,
71,9.916800858829845,14.962426194310252,2.5563607085346214,50.81857219538379,8.004562533548041,11.238593666129898,,1.710950080515298,0.020128824476650563,0.6977992485238862,0.07380568974771873,,
72,9.695383789586689,14.962426194310252,2.5563607085346214,50.54347826086956,8.474235104669887,11.231884057971014,,1.7444981213097155,0.020128824476650563,0.6977992485238862,0.07380568974771873,,
73,9.849704777241008,14.962426194310252,2.5563607085346214,50.436124530327426,8.474235104669887,11.144659151905529,,1.7847557702630166,0.020128824476650563,0.6977992485238862,0.07380568974771873,,
74,10.02415458937198,14.908749329039184,2.5563607085346214,50.355609232420825,8.474235104669887,11.131239935587761,,1.7579173376274826,0.020128824476650563,0.6977992485238862,0.07380568974771873,,
75,9.574610842726784,15.203972088030058,2.7106816961889426,50.013419216317764,8.460815888352121,11.131239935587761,,2.1135265700483092,0.020128824476650563,0.6977992485238862,0.07380568974771873,,
76,9.722222222222221,15.163714439076758,2.7106816961889426,49.80542136339238,8.447396672034353,11.064143853998926,,2.2946859903381642,0.020128824476650563,0.6977992485238862,0.07380568974771873,,
77,6.1862587224906065,13.103864734299517,2.7106816961889426,56.676060118089104,7.461084272678476,11.05072463768116,,2.01959205582394,0.020128824476650563,0.6977992485238862,0.07380568974771873,,
78,6.286902844873859,12.942834138486312,2.999194847020934,56.50161030595813,7.461084272678476,10.983628556092324,,2.033011272141707,0.020128824476650563,0.6977992485238862,0.07380568974771873,,
79,6.3137412775093935,12.942834138486312,2.999194847020934,56.28690284487386,7.4208266237251745,10.983628556092324,,2.2611379495437465,0.020128824476650563,0.6977992485238862,0.07380568974771873,,
80,6.360708534621578,12.929414922168545,2.999194847020934,55.79710144927536,7.4208266237251745,10.970209339774557,,2.7308105206655933,0.020128824476650563,0.6977992485238862,0.07380568974771873,,
81,5.629361245303274,12.76838432635534,2.999194847020934,57.018250134192165,7.407407407407407,10.963499731615673,,2.4221685453569513,0.020128824476650563,0.6977992485238862,0.07380568974771873,,
82,5.689747718733226,12.76838432635534,2.999194847020934,56.957863660762214,7.407407407407407,10.963499731615673,,2.4221685453569513,0.020128824476650563,0.6977992485238862,0.07380568974771873,,
83,5.844068706387547,12.661030595813205,2.9790660225442833,56.937734836285564,7.407407407407407,10.856146001073537,,2.4221685453569513,0.12077294685990338,0.6977992485238862,0.07380568974771873,,
84,5.864197530864198,12.661030595813205,3.099838969404187,56.796833064949006,7.407407407407407,10.856146001073537,,2.4221685453569513,0.12077294685990338,0.6977992485238862,0.07380568974771873,,
85,3.5091250670960816,32.669082125603865,2.1940418679549114,43.37761674718197,6.172839506172839,8.876811594202898,,2.5496511003757383,0.10064412238325282,0.47638217928073,0.07380568974771873,,
86,3.549382716049383,30.64278046162104,4.428341384863124,43.12936124530327,6.125872249060655,8.876811594202898,,2.5496511003757383,0.10064412238325282,0.4562533548040794,0.07380568974771873,0.06709608158883522,
87,3.3682232957595275,23.544015029522274,4.045893719806763,42.8341384863124,14.083467525496511,8.80300590445518,,2.5496511003757383,0.17444981213097155,0.4562533548040794,0.07380568974771873,0.06709608158883522,
88,3.307836822329576,23.255501878690286,4.045893719806763,41.680085882984436,14.083467525496511,8.735909822866345,1.5901771336553945,2.5496511003757383,0.17444981213097155,0.43612453032742887,0.07380568974771873,0.06709608158883522,
89,3.3480944712828773,23.21524422973698,4.045893719806763,41.680085882984436,14.083467525496511,8.735909822866345,1.5901771336553945,2.5496511003757383,0.17444981213097155,0.43612453032742887,0.07380568974771873,0.06709608158883522,
90,3.3682232957595275,23.09447128287708,4.139828234031133,41.680085882984436,14.049919484702093,8.735909822866345,1.5901771336553945,2.5496511003757383,0.2147074610842727,0.43612453032742887,0.07380568974771873,0.06709608158883522,
91,3.3950617283950617,23.09447128287708,4.139828234031133,41.6129898013956,14.049919484702093,8.695652173913043,1.5901771336553945,2.5563607085346214,0.2147074610842727,0.5099302200751477,0.07380568974771873,0.06709608158883522,
92,3.435319377348363,23.081052066559312,4.139828234031133,41.58615136876006,14.049919484702093,8.635265700483092,1.5901771336553945,2.6301663982823404,0.2147074610842727,0.49651100375738055,0.07380568974771873,0.06709608158883522,
93,3.515834675254965,23.081052066559312,4.139828234031133,41.4922168545357,14.036500268384327,8.635265700483092,1.5901771336553945,2.657004830917874,0.2147074610842727,0.49651100375738055,0.07380568974771873,0.06709608158883522,
94,3.5292538915727323,23.007246376811594,4.17337627482555,41.02254428341385,13.962694578636608,8.527911969940956,1.5901771336553945,3.33467525496511,0.2147074610842727,0.49651100375738055,0.07380568974771873,0.06709608158883522,
95,3.2206119162640903,19.048577563070317,4.052603327965647,35.299248523886206,13.955984970477724,19.229736983360173,1.5901771336553945,2.9052603327965647,0.2147074610842727,0.3421900161030596,0.07380568974771873,0.06709608158883522,
96,3.280998389694042,19.048577563070317,4.03918411164788,35.265700483091784,13.942565754159958,19.229736983360173,1.5901771336553945,2.9052603327965647,0.2147074610842727,0.3421900161030596,0.07380568974771873,0.06709608158883522,
97,3.5292538915727323,19.04186795491143,4.03918411164788,35.08454106280193,13.92914653784219,19.182769726247987,1.5901771336553945,2.9052603327965647,0.2147074610842727,0.3421900161030596,0.07380568974771873,0.06709608158883522,
98,3.5225442834138487,19.04186795491143,4.03918411164788,34.896672034353195,13.79495437466452,19.0955448201825,1.8853998926462694,2.9052603327965647,0.2683843263553409,0.4092860976918948,0.07380568974771873,0.06709608158883522,
99,3.6231884057971016,19.028448738593667,4.180085882984434,34.715512614063336,13.741277509393452,19.082125603864736,1.8853998926462694,2.9253891572732154,0.2683843263553409,0.4092860976918948,0.07380568974771873,0.06709608158883522,
100,3.730542136339238,18.988191089640367,5.367686527106817,34.70209339774557,13.714439076757918,17.867686527106816,1.8853998926462694,2.9253891572732154,0.2683843263553409,0.4092860976918948,0.07380568974771873,0.06709608158883522,
101,3.8378958668813743,18.988191089640367,5.367686527106817,34.675254965110035,13.707729468599034,17.807300053676865,1.8451422436929683,2.9253891572732154,0.2683843263553409,0.43612453032742887,0.07380568974771873,0.06709608158883522,
102,3.9184111647879765,18.988191089640367,5.367686527106817,34.58803005904455,13.654052603327965,17.807300053676865,1.8451422436929683,2.9253891572732154,0.2683843263553409,0.49651100375738055,0.07380568974771873,0.06709608158883522,
103,3.992216854535695,18.95464304884595,5.381105743424584,34.52093397745572,13.6406333870102,17.807300053676865,1.8451422436929683,2.918679549114332,0.2683843263553409,0.5300590445517982,0.07380568974771873,0.06709608158883522,
104,3.1065485775630703,18.887546967257112,5.421363392377885,38.60708534621578,13.573537305421363,15.08990874932904,1.8451422436929683,2.6838432635534084,0.2683843263553409,0.41599570585077833,0.03354804079441761,0.06709608158883522,
105,3.1602254428341383,18.867418142780462,5.421363392377885,38.57353730542136,13.573537305421363,15.049651100375739,1.8451422436929683,2.6838432635534084,0.30864197530864196,0.41599570585077833,0.03354804079441761,0.06709608158883522,
106,3.2139023081052067,18.035426731078903,6.286902844873859,38.399087493290395,13.22463768115942,15.049651100375739,1.8451422436929683,2.7241009125067097,0.36231884057971014,0.7581857219538379,0.03354804079441761,0.06709608158883522,
107,3.44873859366613,18.00858829844337,6.260064412238325,38.33199141170156,13.22463768115942,14.928878153515834,1.8250134192163177,2.7241009125067097,0.38915727321524424,0.7581857219538379,0.03354804079441761,0.06709608158883522,
108,3.4621578099838968,17.673107890499196,5.958132045088567,38.17096081588835,14.076757917337627,14.714170692431562,1.8250134192163177,2.7643585614600106,0.38915727321524424,0.7581857219538379,0.14090177133655393,0.06709608158883522,
109,2.8247450348899625,15.096618357487923,5.246913580246914,38.66076221148685,17.961621041331185,14.714170692431562,1.5767579173376274,2.4221685453569513,0.38915727321524424,0.8990874932903918,0.14090177133655393,0.06709608158883522,
110,2.898550724637681,14.982555018786902,5.360976918947934,38.6003757380569,17.961621041331185,14.673913043478262,1.5767579173376274,2.4221685453569513,0.41599570585077833,0.8990874932903918,0.14090177133655393,0.06709608158883522,
111,2.952227589908749,14.922168545356952,5.347557702630167,38.58695652173913,17.934782608695652,14.673913043478262,1.5767579173376274,2.4825550187869028,0.41599570585077833,0.8990874932903918,0.14090177133655393,0.06709608158883522,
112,2.871712292002147,13.593666129898015,4.750402576489533,48.55072463768116,17.92807300053677,6.870638754696726,1.5767579173376274,2.4825550187869028,0.2683843263553409,0.8990874932903918,0.14090177133655393,0.06709608158883522,
113,2.9589371980676327,13.593666129898015,4.750402576489533,48.470209339774556,17.92807300053677,6.863929146537842,1.5767579173376274,2.4825550187869028,0.2683843263553409,0.8990874932903918,0.14090177133655393,0.06709608158883522,
114,3.0327428878153517,13.593666129898015,4.736983360171766,48.43666129898014,17.887815351583466,6.830381105743425,1.5767579173376274,2.49597423510467,0.30193236714975846,0.8990874932903918,0.14090177133655393,0.06709608158883522,
115,3.0595813204508855,13.593666129898015,4.703435319377348,48.41653247450349,17.887815351583466,6.823671497584541,1.5767579173376274,2.49597423510467,0.33548040794417605,0.8990874932903918,0.14090177133655393,0.06709608158883522,
116,3.166935050993022,13.580246913580247,4.703435319377348,48.32259796027912,17.887815351583466,6.823671497584541,1.5767579173376274,2.49597423510467,0.33548040794417605,0.8990874932903918,0.14090177133655393,0.06709608158883522,
117,3.1736446591519054,13.251476113794954,4.703435319377348,45.779656468062264,20.759527643585614,6.816961889425658,1.5767579173376274,2.49597423510467,0.33548040794417605,0.8990874932903918,0.14090177133655393,0.06709608158883522,
118,3.140096618357488,11.560654857756306,6.729736983360172,45.63204508856683,20.632045088566827,6.743156199677939,1.5767579173376274,2.5026838432635534,0.38915727321524424,0.8856682769726248,0.14090177133655393,0.06709608158883522,
119,3.227321524422974,11.533816425120772,6.702898550724638,41.82098765432099,20.632045088566827,6.662640901771336,5.421363392377885,2.5429414922168547,0.38915727321524424,0.8588298443370908,0.14090177133655393,0.06709608158883522,
120,3.3950617283950617,11.533816425120772,6.6827697262479875,41.80756843800322,20.511272141706925,6.655931293612453,5.401234567901234,2.5429414922168547,0.38915727321524424,0.8722490606548577,0.14090177133655393,0.06709608158883522,
121,3.4822866344605474,11.533816425120772,6.6827697262479875,41.7337627482555,20.511272141706925,6.642512077294686,5.401234567901234,2.5429414922168547,0.38915727321524424,0.8722490606548577,0.14090177133655393,0.06709608158883522,
122,3.6231884057971016,11.520397208803006,6.6827697262479875,41.659957058507786,20.39049919484702,6.629092860976919,5.401234567901234,2.5429414922168547,0.38915727321524424,0.95276435856146,0.14090177133655393,0.06709608158883522,
123,3.770799785292539,11.480139559849706,6.6760601180891035,41.6532474503489,20.323403113258184,6.602254428341385,5.401234567901234,2.5429414922168547,0.38915727321524424,0.95276435856146,0.14090177133655393,0.06709608158883522,
124,3.8043478260869565,11.480139559849706,6.66935050993022,41.646537842190014,20.21604938271605,6.602254428341385,5.401234567901234,2.5429414922168547,0.38915727321524424,1.0399892646269457,0.14090177133655393,0.06709608158883522,
125,3.8378958668813743,11.480139559849706,6.635802469135802,41.606280193236714,20.068438003220614,6.602254428341385,5.394524959742351,2.5429414922168547,0.38915727321524424,1.2345679012345678,0.14090177133655393,0.06709608158883522,
126,3.9855072463768115,11.43317230273752,6.602254428341385,41.532474503489,20.068438003220614,6.595544820182502,5.381105743424584,2.5429414922168547,0.38915727321524424,1.261406333870102,0.14090177133655393,0.06709608158883522,
127,4.052603327965647,11.43317230273752,6.602254428341385,41.458668813741276,20.04830917874396,6.568706387546968,5.381105743424584,2.576489533011272,0.4092860976918948,1.261406333870102,0.14090177133655393,0.06709608158883522,
128,4.159957058507783,11.366076221148685,6.66935050993022,41.378153515834676,20.021470746108427,6.568706387546968,5.381105743424584,2.576489533011272,0.4092860976918948,1.261406333870102,0.14090177133655393,0.06709608158883522,
129,4.2270531400966185,11.33923778851315,6.629092860976919,41.337895866881375,19.994632313472895,6.568706387546968,5.381105743424584,2.6033279656468062,0.4227053140096618,1.261406333870102,0.14090177133655393,0.0939345142243693,
130,4.28743961352657,11.33923778851315,6.595544820182502,41.29092860976919,19.712828770799785,6.5485775630703165,5.381105743424584,2.6435856146001075,0.4227053140096618,1.5432098765432098,0.14090177133655393,0.0939345142243693,
131,4.274020397208803,11.33923778851315,6.696188942565755,41.22383252818035,19.712828770799785,6.528448738593666,5.381105743424584,2.6435856146001075,0.4227053140096618,1.5432098765432098,0.14090177133655393,0.0939345142243693,
132,4.374664519592056,11.272141706924316,6.729736983360172,41.19028448738594,19.592055823939884,6.427804616210413,5.381105743424584,2.7442297369833604,0.4227053140096618,1.6304347826086956,0.14090177133655393,0.0939345142243693,
133,4.4820182501341925,11.245303274288782,6.729736983360172,41.0829307568438,19.585346215780998,6.427804616210413,5.381105743424584,2.7777777777777777,0.4227053140096618,1.6304347826086956,0.14090177133655393,0.0939345142243693,
134,4.53569511540526,10.238862050456254,6.333870101986044,40.76086956521739,18.391035963499732,8.454106280193237,5.381105743424584,4.092860976918948,0.4227053140096618,1.1540526033279657,0.14090177133655393,0.0939345142243693,
135,4.28743961352657,7.729468599033816,4.790660225442834,40.747450348899626,23.523886205045624,8.454106280193237,5.381105743424584,3.5963499731615673,0.33548040794417605,0.9863123993558777,0.14090177133655393,0.026838432635534086,
136,4.334406870638754,7.695920558239399,4.898013955984971,40.64680622651637,23.416532474503487,8.313204508856682,5.381105743424584,3.556092324208266,0.322061191626409,1.2681159420289856,0.14090177133655393,0.026838432635534086,
137,4.408212560386473,7.575147611379496,4.898013955984971,40.53274288781535,22.987117552334944,8.340042941492216,5.367686527106817,4.133118625872249,0.322061191626409,1.2681159420289856,0.14090177133655393,0.026838432635534086,
138,4.200214707461084,6.837090713902308,5.314009661835748,44.93424584004294,22.510735373054214,6.340579710144928,3.9720880300590444,4.1532474503489,0.322061191626409,1.247987117552335,0.14090177133655393,0.026838432635534086,
139,4.247181964573269,6.823671497584541,5.3274288781535155,44.887278582930755,22.510735373054214,6.340579710144928,3.9720880300590444,4.1532474503489,0.322061191626409,1.247987117552335,0.14090177133655393,0.026838432635534086,
140,4.341116478797638,6.816961889425658,5.3274288781535155,44.82018250134192,22.32957595276436,6.340579710144928,3.9720880300590444,4.180085882984434,0.322061191626409,1.3821792807300053,0.14090177133655393,0.026838432635534086,
141,4.17337627482555,6.816961889425658,5.3274288781535155,40.633387010198604,26.623725174449813,6.273483628556092,3.9720880300590444,4.30756843800322,0.322061191626409,1.3821792807300053,0.14090177133655393,0.026838432635534086,
142,4.2270531400966185,6.796833064949007,5.320719269994632,40.633387010198604,26.596886741814277,6.273483628556092,3.9720880300590444,4.30756843800322,0.322061191626409,1.3821792807300053,0.14090177133655393,0.026838432635534086,
143,4.334406870638754,6.763285024154589,5.387815351583468,40.57971014492754,26.54320987654321,6.260064412238325,3.9586688137412773,4.30756843800322,0.322061191626409,1.3754696725711217,0.14090177133655393,0.026838432635534086,
144,4.334406870638754,6.763285024154589,6.320450885668277,40.49919484702093,25.811862587224905,6.246645195920558,3.9586688137412773,4.30756843800322,0.322061191626409,1.2681159420289856,0.14090177133655393,0.026838432635534086,
145,4.28743961352657,6.407675791733762,5.052334943639291,39.45920558239399,28.59634997316157,6.246645195920558,3.9586688137412773,4.280730005367687,0.322061191626409,1.221148684916801,0.14090177133655393,0.026838432635534086,
146,4.327697262479871,6.407675791733762,5.052334943639291,39.392109500805155,28.589640365002683,6.239935587761675,3.9586688137412773,4.320987654320987,0.322061191626409,1.221148684916801,0.14090177133655393,0.026838432635534086,
147,4.3545356951154055,6.407675791733762,5.052334943639291,39.38539989264627,28.589640365002683,6.239935587761675,3.9586688137412773,4.320987654320987,0.30193236714975846,1.221148684916801,0.14090177133655393,0.026838432635534086,
148,4.51556629092861,6.407675791733762,5.052334943639291,39.26462694578637,28.549382716049383,6.239935587761675,3.9586688137412773,4.320987654320987,0.30193236714975846,1.221148684916801,0.14090177133655393,0.026838432635534086,
149,4.40150295222759,6.407675791733762,5.045625335480408,36.29898013955985,31.427804616210413,6.233225979602791,3.9586688137412773,4.502147074610843,0.30193236714975846,1.2546967257112185,0.14090177133655393,0.026838432635534086,
150,4.488727858293076,6.374127750939345,5.045625335480408,36.26543209876543,31.387546967257112,6.233225979602791,3.9586688137412773,4.522275899087493,0.30193236714975846,1.2546967257112185,0.14090177133655393,0.026838432635534086,
151,4.669887278582931,6.374127750939345,5.005367686527107,36.24530327428878,31.300322061191626,6.199677938808374,3.9586688137412773,4.522275899087493,0.30193236714975846,1.2546967257112185,0.14090177133655393,0.026838432635534086,
152,4.783950617283951,6.374127750939345,4.998658078368224,36.171497584541065,31.233225979602793,6.199677938808374,3.69699409554482,4.562533548040794,0.30193236714975846,1.2412775093934514,0.4092860976918948,0.026838432635534086,
153,4.9718196457326895,6.374127750939345,4.998658078368224,36.10440150295223,31.112453032742888,6.199677938808374,3.69699409554482,4.5893719806763285,0.30193236714975846,1.2412775093934514,0.4092860976918948,,
154,5.10601180891036,6.3137412775093935,4.998658078368224,35.94337090713902,31.00509930220075,6.166129898013956,3.6768652710681695,4.804079441760601,0.33548040794417605,1.2412775093934514,0.4092860976918948,,
155,5.179817498658078,6.3137412775093935,4.944981213097155,35.88298443370907,30.05233494363929,6.166129898013956,4.669887278582931,4.804079441760601,0.33548040794417605,1.2412775093934514,0.4092860976918948,,
156,5.193236714975845,6.3137412775093935,4.944981213097155,35.88298443370907,30.005367686527105,6.152710681696189,4.669887278582931,4.804079441760601,0.33548040794417605,1.288244766505636,0.4092860976918948,,
157,5.233494363929147,6.260064412238325,4.998658078368224,35.85614600107354,29.99194847020934,6.152710681696189,4.669887278582931,4.804079441760601,0.33548040794417605,1.288244766505636,0.4092860976918948,,
158,5.3341384863123995,6.1862587224906065,4.951690821256038,35.78234031132582,29.931561996779386,6.152710681696189,4.824208266237251,4.804079441760601,0.33548040794417605,1.288244766505636,0.4092860976918948,,
159,5.045625335480408,5.213365539452496,4.032474503488996,35.78234031132582,32.18599033816425,6.152710681696189,4.824208266237251,4.730273752012883,0.33548040794417605,1.288244766505636,0.4092860976918948,,
160,5.119431025228127,5.213365539452496,4.032474503488996,35.71524422973698,32.14573268921095,6.152710681696189,4.824208266237251,4.7638217928073,0.33548040794417605,1.288244766505636,0.4092860976918948,,
161,5.213365539452496,5.213365539452496,4.032474503488996,35.67498658078368,32.085346215781,6.152710681696189,4.810789049919484,4.757112184648417,0.33548040794417605,1.288244766505636,0.4092860976918948,,0.026838432635534086
162,4.9718196457326895,5.173107890499195,3.965378421900161,38.177670424047236,31.689479334406872,5.12614063338701,4.669887278582931,4.51556629092861,0.2281266774020397,1.0466988727858293,0.4092860976918948,,0.026838432635534086
163,5.186527106816962,5.173107890499195,3.965378421900161,38.13070316693505,31.689479334406872,5.10601180891036,4.669887278582931,4.367954911433173,0.2281266774020397,1.0466988727858293,0.4092860976918948,,0.026838432635534086
164,5.213365539452496,5.173107890499195,3.965378421900161,38.0703166935051,31.689479334406872,4.99194847020934,4.663177670424047,4.367954911433173,0.3421900161030596,1.0869565217391304,0.4092860976918948,,0.026838432635534086
165,5.24020397208803,5.146269457863661,3.992216854535695,38.036768652710684,31.45464304884595,4.978529253891573,4.736983360171766,4.582662372517445,0.3421900161030596,1.1003757380568975,0.36231884057971014,,0.026838432635534086
166,5.2066559312936125,5.146269457863661,3.730542136339238,37.835480407944175,31.293612453032743,4.978529253891573,4.736983360171766,4.750402576489533,0.3421900161030596,1.2546967257112185,0.36231884057971014,0.33548040794417605,0.026838432635534086
167,5.401234567901234,5.146269457863661,3.730542136339238,37.65432098765432,31.260064412238325,4.978529253891573,4.736983360171766,4.770531400966184,0.3421900161030596,1.2546967257112185,0.36231884057971014,0.33548040794417605,0.026838432635534086
168,5.501878690284487,5.139559849704777,3.730542136339238,37.61406333870102,31.260064412238325,4.978529253891573,4.7168545356951155,4.74369296833065,0.3421900161030596,1.2815351583467525,0.32877079978529256,0.33548040794417605,0.026838432635534086
169,5.60252281266774,5.139559849704777,3.730542136339238,37.4194847020934,31.239935587761675,4.978529253891573,4.750402576489533,4.824208266237251,0.3421900161030596,1.2815351583467525,0.32877079978529256,0.33548040794417605,0.026838432635534086
170,5.609232420826624,5.0993022007514766,3.7640901771336552,37.245034889962426,31.239935587761675,4.944981213097155,4.750402576489533,5.032206119162641,0.3421900161030596,1.2815351583467525,0.32877079978529256,0.33548040794417605,0.026838432635534086
171,5.642780461621041,5.0993022007514766,3.7640901771336552,37.245034889962426,31.219806763285025,4.944981213097155,4.750402576489533,5.018786902844874,0.3421900161030596,1.2815351583467525,0.32877079978529256,0.33548040794417605,0.026838432635534086
172,5.649490069779925,5.0993022007514766,3.7640901771336552,37.21819645732689,31.19296833064949,4.904723564143854,4.810789049919484,5.025496511003757,0.3421900161030596,1.3016639828234031,0.32877079978529256,0.33548040794417605,0.026838432635534086
173,5.709876543209877,5.0993022007514766,4.951690821256038,36.02388620504563,31.13929146537842,4.904723564143854,4.810789049919484,5.025496511003757,0.3421900161030596,1.3016639828234031,0.32877079978529256,0.33548040794417605,0.026838432635534086
174,5.730005367686527,5.0993022007514766,4.951690821256038,36.02388620504563,31.132581857219538,4.904723564143854,4.810789049919484,5.01207729468599,0.3421900161030596,1.3016639828234031,0.32877079978529256,0.33548040794417605,0.026838432635534086
175,5.870907139023081,5.0858829844337095,4.951690821256038,35.889694041867955,31.09903381642512,4.891304347826087,4.790660225442834,5.10601180891036,0.3421900161030596,1.3016639828234031,0.30864197530864196,0.33548040794417605,0.026838432635534086
176,5.904455179817498,5.0858829844337095,4.951690821256038,35.869565217391305,31.085614600107355,4.891304347826087,4.790660225442834,5.10601180891036,0.3421900161030596,1.3016639828234031,0.30864197530864196,0.33548040794417605,0.026838432635534086
177,5.938003220611916,5.0858829844337095,4.951690821256038,35.83601717659689,31.052066559312937,4.830917874396135,4.8376274825550185,5.092592592592593,0.4025764895330113,1.3016639828234031,0.30864197530864196,0.33548040794417605,0.026838432635534086
178,6.139291465378422,5.0858829844337095,4.951690821256038,35.78234031132582,30.891035963499732,4.830917874396135,4.824208266237251,5.092592592592593,0.4294149221685454,1.3016639828234031,0.30864197530864196,0.33548040794417605,0.026838432635534086
179,6.327160493827161,5.0858829844337095,4.951690821256038,35.7085346215781,30.67632850241546,4.7638217928073,4.824208266237251,5.233494363929147,0.4294149221685454,1.328502415458937,0.30864197530864196,0.33548040794417605,0.026838432635534086
180,6.360708534621578,5.0858829844337095,4.951690821256038,35.68840579710145,30.66290928609769,4.7638217928073,4.824208266237251,5.233494363929147,0.4294149221685454,1.328502415458937,0.30864197530864196,0.33548040794417605,0.026838432635534086
181,6.468062265163715,5.0858829844337095,4.938271604938271,35.621309715512616,30.52200751476114,4.7638217928073,4.824208266237251,5.360976918947934,0.4294149221685454,1.328502415458937,0.2952227589908749,0.33548040794417605,0.026838432635534086
182,6.260064412238325,5.072463768115942,4.938271604938271,34.594739667203434,30.434782608695652,5.844068706387547,5.287171229200215,5.186527106816962,0.3757380568974772,1.3821792807300053,0.2616747181964573,0.33548040794417605,0.026838432635534086
183,6.293612453032743,5.072463768115942,4.85775630703167,34.49409554482018,30.434782608695652,5.844068706387547,5.287171229200215,5.253623188405797,0.3757380568974772,1.3821792807300053,0.3421900161030596,0.33548040794417605,0.026838432635534086
184,6.394256575415996,5.059044551798175,4.87788513150832,34.37332259796028,30.394524959742352,5.8172302737520125,5.287171229200215,5.018786902844874,0.7179280730005367,1.3821792807300053,0.3421900161030596,0.33548040794417605,
185,6.447933440687064,4.985238862050457,4.918142780461621,34.245840042941495,30.226784755770264,5.8172302737520125,5.287171229200215,5.293880837359098,0.7179280730005367,1.3821792807300053,0.3421900161030596,0.33548040794417605,
186,6.494900697799249,4.985238862050457,4.891304347826087,34.21900161030596,30.07246376811594,5.790391841116479,5.287171229200215,5.3341384863123995,0.7179280730005367,1.5297906602254427,0.3421900161030596,0.33548040794417605,
187,6.535158346752549,4.985238862050457,4.891304347826087,34.19216317767042,30.05233494363929,5.790391841116479,5.287171229200215,5.360976918947934,0.7179280730005367,1.5096618357487923,0.3421900161030596,0.33548040794417605,
188,6.615673644659152,4.958400429414922,4.918142780461621,34.19216317767042,29.898013955984972,5.790391841116479,5.428073000536768,5.307300053676865,0.7179280730005367,1.4962426194310252,0.3421900161030596,0.33548040794417605,
189,6.454643048845948,4.958400429414922,4.998658078368224,33.17230273752013,29.898013955984972,7.87037037037037,5.10601180891036,4.978529253891573,0.38915727321524424,1.4962426194310252,0.3421900161030596,0.33548040794417605,
190,6.387546967257112,4.864465915190553,4.797369833601718,31.44122383252818,29.488727858293075,7.856951154052603,7.776435856146001,4.824208266237251,0.38915727321524424,1.4962426194310252,0.3421900161030596,0.33548040794417605,
191,6.494900697799249,4.864465915190553,4.797369833601718,31.394256575415994,29.448470209339774,7.836822329575953,7.776435856146001,4.824208266237251,0.38915727321524424,1.4962426194310252,0.3421900161030596,0.33548040794417605,
192,6.454643048845948,4.864465915190553,5.186527106816962,31.09903381642512,29.414922168545356,7.836822329575953,7.763016639828234,4.783950617283951,0.38915727321524424,1.5297906602254427,0.3421900161030596,0.33548040794417605,
193,6.454643048845948,4.864465915190553,5.186527106816962,31.09903381642512,29.388083735909824,7.836822329575953,7.763016639828234,4.783950617283951,0.38915727321524424,1.556629092860977,0.3421900161030596,0.33548040794417605,
194,6.521739130434782,4.864465915190553,5.173107890499195,31.0654857756307,29.334406870638755,7.809983896940419,7.763016639828234,4.830917874396135,0.38915727321524424,1.556629092860977,0.3421900161030596,0.3488996242619431,
195,6.642512077294686,4.790660225442834,5.260332796564681,31.03864734299517,29.180085882984432,7.803274288781535,7.763016639828234,4.830917874396135,0.38915727321524424,1.6170155662909287,0.3421900161030596,0.3421900161030596,
196,6.910896403650026,4.750402576489533,5.300590445517981,30.938003220611915,29.025764895330113,7.803274288781535,7.716049382716049,4.824208266237251,0.38915727321524424,1.6572732152442298,0.3421900161030596,0.3421900161030596,
197,6.910896403650026,4.750402576489533,5.300590445517981,30.938003220611915,29.025764895330113,7.7831454643048845,7.716049382716049,4.85775630703167,0.3757380568974772,1.6572732152442298,0.3421900161030596,0.3421900161030596,
198,7.004830917874396,4.730273752012883,5.280461621041331,30.88432635534085,29.025764895330113,7.7831454643048845,7.716049382716049,4.85775630703167,0.3757380568974772,1.6572732152442298,0.3421900161030596,0.3421900161030596,
199,6.850509930220075,4.730273752012883,5.0993022007514766,29.394793344068706,29.01905528717123,9.742351046698873,7.608695652173913,4.797369833601718,0.4025764895330113,1.6572732152442298,0.322061191626409,0.3757380568974772,
200,6.910896403650026,4.730273752012883,5.112721417069243,29.28743961352657,28.92512077294686,9.728931830381105,7.608695652173913,4.904723564143854,0.3757380568974772,1.7176596886741815,0.322061191626409,0.3757380568974772,
