,45,50,53,54,51,52,55,58,56,57,59
0,94.03515834675255,5.964841653247451,,,,,,,,,
1,92.98845947396671,7.011540526033279,,,,,,,,,
2,75.979602791197,22.007514761137948,2.0128824476650564,,,,,,,,
3,76.1003757380569,21.638486312399355,2.006172839506173,0.2549651100375738,,,,,,,
4,74.93961352657004,22.799248523886206,2.006172839506173,0.2549651100375738,,,,,,,
5,74.6779388083736,23.060923242082662,2.006172839506173,0.2549651100375738,,,,,,,
6,71.68545356951154,20.115405260332796,1.4962426194310252,0.2549651100375738,6.447933440687064,,,,,,
7,70.47772410091251,20.242887815351583,1.482823403113258,2.2745571658615136,5.522007514761138,,,,,,
8,67.72678475577027,23.013955984970476,1.482823403113258,2.2745571658615136,5.501878690284487,,,,,,
9,66.59957058507783,24.14117015566291,1.482823403113258,2.2745571658615136,5.501878690284487,,,,,,
10,62.936124530327426,24.3894256575416,8.011272141706923,2.38191089640365,2.281266774020397,,,,,,
11,61.178207192699944,26.174181427804616,7.997852925389157,2.368491680085883,2.281266774020397,,,,,,
12,51.15405260332797,36.73510466988728,7.481213097155126,2.368491680085883,2.2611379495437465,,,,,,
13,51.308373590982285,36.600912506709605,7.474503488996243,2.3550724637681157,2.2611379495437465,,,,,,
14,51.409017713365536,36.513687600644126,7.474503488996243,2.341653247450349,2.2611379495437465,,,,,,
15,48.97342995169082,38.95598497047772,7.467793880837359,2.341653247450349,2.2611379495437465,,,,,,
16,45.01476113794954,42.089371980676326,7.340311325818572,2.3349436392914655,3.2206119162640903,,,,,,
17,45.06843800322061,42.03569511540526,7.340311325818572,2.3349436392914655,3.2206119162640903,,,,,,
18,44.907407407407405,40.754159957058505,7.340311325818572,2.3349436392914655,3.4286097691894795,1.1473429951690821,0.08722490606548577,,,,
19,43.947933440687066,41.75389157273215,7.326892109500805,2.3349436392914655,3.4017713365539453,1.1473429951690821,0.08722490606548577,,,,
20,43.592324208266234,40.33816425120773,7.313472893183038,2.3349436392914655,5.273752012882448,1.1473429951690821,,,,,
21,40.405260332796566,43.55877616747182,7.313472893183038,2.314814814814815,5.260332796564681,1.1473429951690821,,,,,
22,38.077026301663984,42.03569511540526,5.770263016639828,1.2010198604401503,11.768652710681696,1.1473429951690821,,,,,
23,34.977187332259795,45.1959205582394,5.743424584004294,1.2010198604401503,11.668008588298443,1.1137949543746646,0.10064412238325282,,,,
24,34.27938808373591,44.155931293612454,5.407944176060118,1.2010198604401503,13.271604938271604,1.1137949543746646,0.5703166935050993,,,,
25,34.62157809983897,43.853998926462694,5.495169082125604,1.2010198604401503,13.144122383252817,1.1137949543746646,0.5703166935050993,,,,
26,34.80944712828771,43.73993558776167,5.481749865807837,1.2010198604401503,13.083735909822867,1.1137949543746646,0.5703166935050993,,,,
27,34.064680622651636,41.257380568974774,5.481749865807837,1.3217928073000538,16.190284487385938,1.1137949543746646,0.5703166935050993,,,,
28,32.306763285024154,41.98201825013419,8.729200214707461,1.3150831991411702,14.123725174449811,1.0735373054213635,0.46967257112184646,,,,
29,27.70397208803006,43.907675791733766,7.991143317230274,1.3486312399355878,12.553676865271068,6.025228126677402,0.46967257112184646,,,,
30,22.779119699409556,48.36285560923242,7.709339774557166,1.3486312399355878,12.010198604401502,5.850778314546431,1.9390767579173376,,,,
31,22.899892646269457,44.276704240472355,5.730005367686527,1.3486312399355878,17.820719269994633,5.8172302737520125,1.9994632313472893,0.10735373054213634,,,
32,23.309178743961354,43.86070853462158,5.6964573268921095,1.3486312399355878,17.76033279656468,5.770263016639828,2.147074610842727,0.10735373054213634,,,
33,23.18840579710145,42.11621041331186,3.3413848631239937,1.3486312399355878,15.60654857756307,12.47987117552335,1.8115942028985508,0.10735373054213634,,,
34,23.537305421363392,41.92163177670424,3.3279656468062266,1.3486312399355878,15.552871712292003,12.392646269457863,1.8115942028985508,0.10735373054213634,,,
35,22.591250670960815,37.88915727321525,3.3145464304884595,2.6435856146001075,16.646537842190018,15.03623188405797,1.710950080515298,0.10735373054213634,0.06038647342995169,,
36,22.430220075147613,34.655126140633385,3.3145464304884595,3.9519592055823938,17.008856682769725,16.76731078904992,1.7042404723564144,0.10735373054213634,0.06038647342995169,,
37,22.73215244229737,33.011272141706925,3.9855072463768115,3.9519592055823938,16.371443907675793,18.08239398819109,1.6975308641975309,0.10735373054213634,0.06038647342995169,,
38,22.899892646269457,32.51476113794954,4.0995705850778315,3.938539989264627,16.317767042404725,18.02200751476114,2.0397208803005906,0.10735373054213634,0.06038647342995169,,
39,22.69860440150295,32.8166935050993,4.072732152442297,3.938539989264627,16.25738056897477,18.00858829844337,2.0397208803005906,0.10735373054213634,0.06038647342995169,,
40,22.832796564680624,32.709339774557165,3.851315083199141,3.938539989264627,15.331454643048845,17.961621041331185,3.207192699946323,0.10735373054213634,0.06038647342995169,,
41,21.598228663446054,30.22007514761138,6.501610305958132,4.072732152442297,15.747450348899624,18.552066559312937,2.871712292002147,0.10735373054213634,0.06038647342995169,0.2683843263553409,
42,19.940955448201827,36.8894256575416,4.723564143853999,2.0263016639828235,15.660225442834138,17.398013955984972,2.9253891572732154,0.10735373054213634,0.06038647342995169,0.2683843263553409,
43,18.471551261406333,45.00805152979066,4.683306494900698,1.0064412238325282,14.65378421900161,12.379227053140097,3.4286097691894795,0.10735373054213634,0.020128824476650563,0.24154589371980675,
44,16.337895866881375,46.89345142243693,5.535426731078905,1.0064412238325282,14.606816961889425,10.849436392914654,4.42163177670424,0.10735373054213634,,0.24154589371980675,
45,16.59957058507783,46.19565217391305,5.488459473966721,1.0064412238325282,15.13016639828234,10.809178743961352,4.42163177670424,0.10735373054213634,,0.24154589371980675,
46,16.814278046162105,45.967525496511,5.555555555555555,1.0064412238325282,15.049651100375739,10.748792270531402,4.508856682769726,0.10735373054213634,,0.24154589371980675,
47,16.948470209339774,43.86070853462158,7.098765432098766,1.0064412238325282,15.559581320450885,10.393183038110575,4.783950617283951,0.10735373054213634,,0.24154589371980675,
48,16.458668813741276,43.37090713902308,6.89747718733226,1.0064412238325282,15.499194847020934,11.533816425120772,4.783950617283951,0.10735373054213634,,0.3421900161030596,
49,14.546430488459475,47.678475577026305,5.864197530864198,1.0064412238325282,15.432098765432098,10.19189479334407,4.757112184648417,0.10735373054213634,,0.41599570585077833,
50,14.741009125067096,42.93478260869565,5.8172302737520125,2.4221685453569513,15.203972088030058,13.16425120772947,5.0791733762748255,0.10735373054213634,0.11406333870101985,0.41599570585077833,
51,15.009393451422437,42.7938808373591,5.9447128287707995,2.3886205045625335,15.183843263553408,13.130703166935051,4.911433172302737,0.10735373054213634,0.11406333870101985,0.41599570585077833,
52,15.318035426731079,42.58588298443371,5.984970477724101,2.408749329039184,15.123456790123457,13.083735909822867,4.85775630703167,0.10735373054213634,0.11406333870101985,0.41599570585077833,
53,15.673644659151906,42.36446591519055,5.9514224369296835,2.4020397208803006,15.042941492216855,13.070316693505099,4.85775630703167,0.10735373054213634,0.11406333870101985,0.41599570585077833,
54,15.854804079441761,42.2638217928073,5.984970477724101,2.4020397208803006,14.949006977992486,13.050187869028449,4.85775630703167,0.10735373054213634,0.11406333870101985,0.41599570585077833,
55,16.069511540526033,42.11621041331186,5.964841653247451,2.4020397208803006,14.88191089640365,12.962962962962964,4.9651100375738055,0.10735373054213634,0.11406333870101985,0.41599570585077833,
56,15.68035426731079,42.901234567901234,5.938003220611916,2.2611379495437465,14.606816961889425,12.915995705850777,5.059044551798175,0.10735373054213634,0.11406333870101985,0.41599570585077833,
57,15.881642512077295,42.76704240472356,5.938003220611916,2.2342995169082127,14.593397745571659,12.915995705850777,5.032206119162641,0.10735373054213634,0.11406333870101985,0.41599570585077833,
58,15.821256038647343,42.85426731078905,5.938003220611916,2.2342995169082127,14.593397745571659,12.795222758990874,5.032206119162641,0.10735373054213634,0.20799785292538917,0.41599570585077833,
59,16.09634997316157,42.52549651100376,5.931293612453032,2.2342995169082127,14.55984970477724,12.795222758990874,5.12614063338701,0.10735373054213634,0.20799785292538917,0.41599570585077833,
60,15.660225442834138,41.606280193236714,9.50751476113795,2.0531400966183573,12.560386473429952,12.734836285560924,5.146269457863661,0.10735373054213634,0.20799785292538917,0.41599570585077833,
61,15.888352120236178,41.46537842190016,9.480676328502415,2.0397208803005906,12.5402576489533,12.70799785292539,5.146269457863661,0.10735373054213634,0.20799785292538917,0.41599570585077833,
62,16.06280193236715,41.40499194847021,9.440418679549115,2.0397208803005906,12.486580783682234,12.68786902844874,5.146269457863661,0.10735373054213634,0.20799785292538917,0.41599570585077833,
63,14.63365539452496,35.990338164251206,7.48792270531401,1.90552871712292,12.00348899624262,23.74530327428878,3.374932903918411,0.10735373054213634,0.33548040794417605,0.41599570585077833,
64,14.922168545356952,35.20531400966183,7.434245840042942,2.509393451422437,11.976650563607086,23.698336017176597,3.3950617283950617,0.10735373054213634,0.33548040794417605,0.41599570585077833,
65,15.351583467525497,35.10466988727858,7.434245840042942,2.5026838432635534,11.788781535158346,23.58427267847558,3.421900161030596,0.10735373054213634,0.3153515834675255,0.38915727321524424,
66,15.190552871712292,33.3870101986044,7.0383789586688135,2.5026838432635534,13.197799248523886,24.872517444981213,2.8918411164787976,0.10735373054213634,0.4227053140096618,0.38915727321524424,
67,15.4723564143854,33.25281803542673,7.0383789586688135,2.475845410628019,13.150831991411701,24.798711755233494,2.8918411164787976,0.10735373054213634,0.4227053140096618,0.38915727321524424,
68,15.827965646806227,33.13875469672571,7.03166935050993,2.475845410628019,13.09044551798175,24.58400429414922,2.8918411164787976,0.10735373054213634,0.46296296296296297,0.38915727321524424,
69,16.0426731078905,32.94417606011809,6.951154052603328,2.475845410628019,13.003220611916264,24.530327428878152,3.0931293612453032,0.10735373054213634,0.46296296296296297,0.38915727321524424,
70,15.391841116478798,30.897745571658614,6.951154052603328,2.442297369833602,14.626945786366075,25.831991411701555,2.898550724637681,0.10735373054213634,0.46296296296296297,0.38915727321524424,
71,15.646806226516372,30.803811057434245,6.951154052603328,2.4221685453569513,14.606816961889425,25.6105743424584,3.0327428878153517,0.10735373054213634,0.46296296296296297,0.35560923242082665,
72,15.526033279656469,31.159420289855074,6.951154052603328,2.4221685453569513,14.439076757917338,25.543478260869566,3.0327428878153517,0.10735373054213634,0.46296296296296297,0.35560923242082665,
73,15.747450348899624,30.97826086956522,6.998121309715513,2.4154589371980677,14.398819108964037,25.489801395598498,2.999194847020934,0.10735373054213634,0.5099302200751477,0.35560923242082665,
74,15.895061728395062,30.9044551798175,6.998121309715513,2.4154589371980677,14.398819108964037,25.42270531400966,2.9924852388620504,0.10735373054213634,0.5099302200751477,0.35560923242082665,
75,16.029253891572733,30.730005367686527,6.977992485238862,2.4154589371980677,14.358561460010735,25.409286097691894,3.1065485775630703,0.10735373054213634,0.5099302200751477,0.35560923242082665,
76,16.25738056897477,30.67632850241546,6.977992485238862,2.4154589371980677,14.325013419216317,25.308641975308642,3.066290928609769,0.10735373054213634,0.5099302200751477,0.35560923242082665,
77,16.626409017713364,30.48174986580784,6.977992485238862,2.4154589371980677,14.217659688674182,25.281803542673106,3.046162104133119,0.10735373054213634,0.5099302200751477,0.33548040794417605,
78,16.70692431561997,30.407944176060116,7.380568974771873,2.5496511003757383,13.727858293075684,25.228126677402038,3.046162104133119,0.10735373054213634,0.5099302200751477,0.33548040794417605,
79,16.888083735909824,30.307300053676865,7.380568974771873,2.5496511003757383,13.707729468599034,25.067096081588836,3.046162104133119,0.10735373054213634,0.5099302200751477,0.43612453032742887,
80,16.61969940955448,29.770531400966185,8.11862587224906,2.5496511003757383,17.14975845410628,21.987385936661298,2.945517981749866,0.10735373054213634,0.41599570585077833,0.33548040794417605,
81,16.847826086956523,28.972088030059044,8.11862587224906,3.4688674181427803,17.07595276435856,21.64519592055824,3.012614063338701,0.10735373054213634,0.41599570585077833,0.33548040794417605,
82,17.10950080515298,28.871443907675793,8.829844337090714,3.455448201825013,16.59957058507783,21.557971014492754,2.717391304347826,0.10735373054213634,0.41599570585077833,0.33548040794417605,
83,16.7337627482555,28.099838969404185,10.178475577026301,3.4017713365539453,16.485507246376812,21.524422973698336,2.717391304347826,0.10735373054213634,0.41599570585077833,0.33548040794417605,
84,16.961889425657542,27.84487385936661,10.158346752549651,3.5091250670960816,16.458668813741276,21.443907675791735,2.7643585614600106,0.10735373054213634,0.41599570585077833,0.33548040794417605,
85,17.102791196994094,27.811325818572197,10.144927536231885,3.502415458937198,16.418411164787976,21.39694041867955,2.7643585614600106,0.10735373054213634,0.41599570585077833,0.33548040794417605,
86,16.411701556629094,30.669618894256576,10.131508319914117,3.878153515834675,14.016371443907676,21.35668276972625,2.703972088030059,0.08051529790660225,0.41599570585077833,0.33548040794417605,
87,16.478797638217927,30.04562533548041,9.96376811594203,4.8443370907139025,13.714439076757918,21.296296296296298,2.8247450348899625,0.08051529790660225,0.41599570585077833,0.33548040794417605,
88,16.364734299516908,29.562533548040793,9.903381642512077,4.830917874396135,14.42565754159957,21.108427267847556,2.9723564143853998,0.08051529790660225,0.41599570585077833,0.33548040794417605,
89,16.659957058507782,29.435050993022006,9.903381642512077,4.817498658078368,14.210950080515298,21.054750402576488,2.9723564143853998,0.08051529790660225,0.5300590445517982,0.33548040794417605,
90,16.626409017713364,29.1129898013956,9.25925925925926,4.797369833601718,15.049651100375739,21.121846484165324,3.0864197530864197,0.08051529790660225,0.5300590445517982,0.33548040794417605,
91,16.800858829844337,29.01905528717123,9.205582393988191,4.7101449275362315,15.01610305958132,21.108427267847556,3.0864197530864197,0.08051529790660225,0.5300590445517982,0.33548040794417605,0.10735373054213634
92,16.49892646269458,29.57595276435856,9.111647879763822,4.7101449275362315,14.895330112721417,21.068169618894256,3.0864197530864197,0.08051529790660225,0.5300590445517982,0.33548040794417605,0.10735373054213634
93,16.646537842190018,29.354535695115406,9.098228663446054,4.703435319377348,14.834943639291465,21.048040794417606,3.2675791733762747,0.08051529790660225,0.5233494363929146,0.33548040794417605,0.10735373054213634
94,15.982286634460548,28.381642512077295,10.050993022007514,4.455179817498658,13.761406333870102,23.61111111111111,2.7106816961889426,0.08051529790660225,0.5233494363929146,0.33548040794417605,0.10735373054213634
95,16.23725174449812,28.25415995705851,10.017444981213098,4.361245303274289,13.674181427804616,23.60440150295223,2.7106816961889426,0.08051529790660225,0.5233494363929146,0.4294149221685454,0.10735373054213634
96,16.451959205582394,28.14680622651637,9.96376811594203,4.361245303274289,13.674181427804616,23.57085346215781,2.690552871712292,0.08051529790660225,0.5233494363929146,0.4294149221685454,0.10735373054213634
97,16.646537842190018,28.026033279656467,9.849704777241008,4.488727858293076,13.627214170692431,23.470209339774556,2.677133655394525,0.08051529790660225,0.5971551261406334,0.4294149221685454,0.10735373054213634
98,16.774020397208805,27.831454643048847,10.916532474503489,4.461889425657541,12.587224906065487,23.423242082662373,2.791196994095545,0.08051529790660225,0.5971551261406334,0.4294149221685454,0.10735373054213634
99,17.01556629092861,27.697262479871174,10.869565217391305,4.461889425657541,12.52012882447665,23.443370907139023,2.7777777777777777,0.08051529790660225,0.5971551261406334,0.4294149221685454,0.10735373054213634
100,17.11621041331186,27.68384326355341,10.970209339774557,4.703435319377348,12.164519592055823,23.389694041867955,2.757648953301127,0.08051529790660225,0.5971551261406334,0.4294149221685454,0.10735373054213634
101,17.51207729468599,27.576489533011273,10.929951690821255,4.696725711218465,12.097423510466989,23.255501878690286,2.717391304347826,0.08051529790660225,0.5971551261406334,0.4294149221685454,0.10735373054213634
102,17.8743961352657,27.408749329039185,10.903113258185721,4.669887278582931,12.06387546967257,23.181696188942567,2.6838432635534084,0.08051529790660225,0.5971551261406334,0.4294149221685454,0.10735373054213634
103,18.095813204508858,27.28797638217928,10.829307568438002,4.804079441760601,12.02361782071927,23.087761674718198,2.657004830917874,0.08051529790660225,0.5971551261406334,0.4294149221685454,0.10735373054213634
104,18.297101449275363,27.220880300590444,10.815888352120236,4.804079441760601,11.976650563607086,23.013955984970476,2.657004830917874,0.08051529790660225,0.5971551261406334,0.4294149221685454,0.10735373054213634
105,18.51851851851852,27.106816961889425,10.715244229736983,4.797369833601718,11.949812130971551,22.946859903381643,2.7509393451422435,0.08051529790660225,0.5971551261406334,0.4294149221685454,0.10735373054213634
106,18.874127750939344,27.03972088030059,10.547504025764896,4.797369833601718,11.842458400429415,22.84621578099839,2.7442297369833604,0.08051529790660225,0.6977992485238862,0.4227053140096618,0.10735373054213634
107,19.196188942565755,26.96591519055287,10.493827160493828,4.783950617283951,11.81561996779388,22.745571658615138,2.690552871712292,0.08051529790660225,0.6977992485238862,0.4227053140096618,0.10735373054213634
108,19.35721953837896,26.82501341921632,10.493827160493828,4.74369296833065,11.79549114331723,22.65163714439077,2.8247450348899625,0.08051529790660225,0.6977992485238862,0.4227053140096618,0.10735373054213634
109,19.578636607622116,26.724369296833064,10.466988727858293,4.74369296833065,11.761943102522812,22.591250670960815,2.8247450348899625,0.08051529790660225,0.6977992485238862,0.4227053140096618,0.10735373054213634
110,18.06226516371444,25.07380568974772,12.795222758990874,4.133118625872249,18.38432635534085,17.713365539452496,2.623456790123457,0.08051529790660225,0.6977992485238862,0.32877079978529256,0.10735373054213634
111,17.713365539452496,24.00697799248524,12.795222758990874,4.092860976918948,18.23671497584541,19.545088566827697,2.4691358024691357,0.08051529790660225,0.6239935587761675,0.32877079978529256,0.10735373054213634
112,17.8743961352657,24.00697799248524,12.721417069243156,4.092860976918948,18.223295759527645,19.504830917874397,2.462426194310252,0.08051529790660225,0.5971551261406334,0.32877079978529256,0.10735373054213634
113,18.23671497584541,23.960010735373054,12.634192163177671,4.086151368760064,18.156199677938808,19.249865807836823,2.462426194310252,0.08051529790660225,0.6977992485238862,0.32877079978529256,0.10735373054213634
114,18.572195383789587,23.89291465378422,12.614063338701019,4.03918411164788,18.00858829844337,19.209608158883523,2.462426194310252,0.08051529790660225,0.6977992485238862,0.3153515834675255,0.10735373054213634
115,18.914385399892645,23.752012882447666,12.614063338701019,4.03918411164788,17.85426731078905,19.068706387546968,2.4825550187869028,0.08051529790660225,0.7716049382716049,0.3153515834675255,0.10735373054213634
116,19.088835212023618,23.67149758454106,12.5402576489533,4.03918411164788,17.834138486312398,19.088835212023618,2.4825550187869028,0.08051529790660225,0.7514761137949544,0.3153515834675255,0.10735373054213634
117,18.612453032742888,21.62506709608159,12.5,4.03918411164788,17.70665593129361,21.604938271604937,2.657004830917874,0.08051529790660225,0.7514761137949544,0.3153515834675255,0.10735373054213634
118,18.867418142780462,21.43719806763285,12.124261943102523,4.012345679012346,17.67981749865808,22.034353193773484,2.589908749329039,0.08051529790660225,0.7514761137949544,0.3153515834675255,0.10735373054213634
119,19.04186795491143,21.43719806763285,12.110842726784755,4.012345679012346,17.639559849704778,21.953837895866883,2.563070316693505,0.08051529790660225,0.7380568974771873,0.3153515834675255,0.10735373054213634
120,19.37734836285561,21.22249060654858,11.855877616747183,3.784219001610306,17.418142780461622,22.470477724100913,2.5496511003757383,0.08051529790660225,0.7380568974771873,0.3153515834675255,0.1878690284487386
121,19.612184648416534,20.833333333333332,12.29200214707461,3.69699409554482,17.317498658078367,22.376543209876544,2.5295222758990876,0.08051529790660225,0.7380568974771873,0.33548040794417605,0.1878690284487386
122,19.806763285024154,20.578368223295758,12.245034889962426,3.6902844873859366,17.290660225442835,22.376543209876544,2.6704240472356413,0.08051529790660225,0.7380568974771873,0.33548040794417605,0.1878690284487386
123,20.014761137949545,20.417337627482556,12.245034889962426,3.784219001610306,17.23027375201288,22.188674181427803,2.6704240472356413,0.08051529790660225,0.7380568974771873,0.4428341384863124,0.1878690284487386
124,18.283682232957595,17.23027375201288,9.460547504025765,3.046162104133119,28.931830381105744,19.712828770799785,2.1806226516371443,0.08051529790660225,0.630703166935051,0.33548040794417605,0.10735373054213634
125,18.51851851851852,17.216854535695116,9.447128287707997,3.046162104133119,28.784219001610307,19.652442297369834,2.1806226516371443,0.08051529790660225,0.630703166935051,0.33548040794417605,0.10735373054213634
126,18.572195383789587,17.14975845410628,9.420289855072463,3.0327428878153517,29.944981213097154,18.491680085882983,2.2879763821792807,0.08051529790660225,0.5770263016639828,0.33548040794417605,0.10735373054213634
127,18.887546967257112,17.14975845410628,9.406870638754697,2.9589371980676327,29.750402576489535,18.46484165324745,2.281266774020397,0.08051529790660225,0.5770263016639828,0.33548040794417605,0.10735373054213634
128,18.988191089640367,16.646537842190018,9.4873859366613,3.374932903918411,29.602791196994094,18.397745571658614,2.4020397208803006,0.08051529790660225,0.5770263016639828,0.33548040794417605,0.10735373054213634
129,19.276704240472355,16.566022544283413,9.4873859366613,3.361513687600644,29.47530864197531,18.33064949006978,2.4020397208803006,0.08051529790660225,0.5770263016639828,0.33548040794417605,0.10735373054213634
130,19.45786366076221,16.552603327965645,9.440418679549115,3.3480944712828773,29.354535695115406,18.223295759527645,2.4020397208803006,0.08051529790660225,0.5770263016639828,0.4562533548040794,0.10735373054213634
131,19.538378958668815,16.552603327965645,9.420289855072463,3.6768652710681695,29.005636070853463,18.183038110574344,2.4020397208803006,0.08051529790660225,0.5770263016639828,0.4562533548040794,0.10735373054213634
132,19.753086419753085,16.49892646269458,9.346484165324744,3.6768652710681695,28.978797638217927,18.12265163714439,2.4020397208803006,0.08051529790660225,0.5770263016639828,0.4562533548040794,0.10735373054213634
133,19.93424584004294,15.92860976918948,9.31964573268921,3.5628019323671496,29.656468062265162,17.98174986580784,2.4020397208803006,0.08051529790660225,0.5770263016639828,0.4495437466451959,0.10735373054213634
134,20.242887815351583,15.921900161030596,9.31964573268921,3.556092324208266,29.488727858293075,17.85426731078905,2.4020397208803006,0.08051529790660225,0.5770263016639828,0.4495437466451959,0.10735373054213634
135,20.471014492753625,15.895061728395062,9.272678475577026,3.5225442834138487,29.448470209339774,17.787171229200215,2.3886205045625335,0.08051529790660225,0.5770263016639828,0.4495437466451959,0.10735373054213634
136,20.544820182501343,15.868223295759528,8.266237251744498,3.5225442834138487,30.347557702630166,17.814009661835748,2.4355877616747184,0.08051529790660225,0.5636070853462157,0.4495437466451959,0.10735373054213634
137,20.73268921095008,15.868223295759528,8.266237251744498,3.549382716049383,30.20665593129361,17.746913580246915,2.428878153515835,0.08051529790660225,0.5636070853462157,0.4495437466451959,0.10735373054213634
138,20.725979602791195,15.92860976918948,8.266237251744498,3.5426731078904994,30.07246376811594,17.72007514761138,2.5429414922168547,0.08051529790660225,0.5636070853462157,0.4495437466451959,0.10735373054213634
139,20.893719806763286,15.888352120236178,9.158615136876007,3.502415458937198,29.562533548040793,17.176596886741816,2.5429414922168547,0.08051529790660225,0.5636070853462157,0.5233494363929146,0.10735373054213634
140,21.215780998389693,15.76086956521739,9.151905528717123,3.502415458937198,29.341116478797638,17.062533548040793,2.690552871712292,0.08051529790660225,0.5636070853462157,0.5233494363929146,0.10735373054213634
141,21.504294149221685,15.74074074074074,10.36634460547504,3.294417606011809,28.24074074074074,16.894793344068706,2.6838432635534084,0.08051529790660225,0.5636070853462157,0.5233494363929146,0.10735373054213634
142,20.30998389694042,13.009930220075148,11.003757380568974,2.281266774020397,27.925389157273216,21.67874396135266,2.5429414922168547,0.08051529790660225,0.644122383252818,0.5233494363929146,
143,20.517981749865807,12.95625335480408,10.976918947933441,2.281266774020397,27.885131508319915,21.484165324745035,2.5429414922168547,0.08051529790660225,0.7514761137949544,0.5233494363929146,
144,20.088566827697264,12.72812667740204,10.809178743961352,2.281266774020397,30.22007514761138,20.115405260332796,2.428878153515835,0.08051529790660225,0.7246376811594203,0.5233494363929146,
145,20.30998389694042,12.70799785292539,10.809178743961352,2.254428341384863,30.08588298443371,20.075147611379496,2.428878153515835,0.08051529790660225,0.7246376811594203,0.5233494363929146,
146,19.80005367686527,12.694578636607622,10.795759527643586,2.24771873322598,32.48792270531401,18.46484165324745,2.428878153515835,0.08051529790660225,0.7246376811594203,0.27509393451422437,
147,19.94766505636071,12.654320987654321,10.762211486849168,2.24771873322598,31.61567364465915,18.38432635534085,3.2340311325818574,0.08051529790660225,0.798443370907139,0.27509393451422437,
148,20.115405260332796,12.627482555018787,10.735373054213634,2.24771873322598,31.54186795491143,18.344068706387546,3.2340311325818574,0.08051529790660225,0.798443370907139,0.27509393451422437,
149,20.081857219538378,12.895866881374127,10.84272678475577,2.2208803005904456,31.38083735909823,18.19645732689211,3.2340311325818574,0.08051529790660225,0.7917337627482555,0.27509393451422437,
150,20.316693505099302,12.875738056897477,10.88298443370907,2.2208803005904456,31.233225979602793,18.089103596349972,3.2340311325818574,0.08051529790660225,0.7917337627482555,0.27509393451422437,
151,20.511272141706925,12.835480407944177,10.849436392914654,2.214170692431562,31.206387546967257,18.02200751476114,3.2206119162640903,0.08051529790660225,0.785024154589372,0.27509393451422437,
152,16.324476650563607,32.058507783145465,6.78341384863124,1.7176596886741815,25.033548040794418,14.700751476113794,2.6972624798711755,0.08051529790660225,0.32877079978529256,0.27509393451422437,
153,16.492216854535695,31.97128287707998,6.769994632313473,1.7176596886741815,24.97987117552335,14.687332259796028,2.6972624798711755,0.08051529790660225,0.32877079978529256,0.27509393451422437,
154,16.42512077294686,31.884057971014492,7.561728395061729,1.7042404723564144,24.020397208803004,14.143853998926463,3.7037037037037037,0.08051529790660225,0.32877079978529256,0.14761137949543746,
155,16.61969940955448,31.83709071390231,7.494632313472893,1.7042404723564144,23.993558776167472,14.103596349973161,3.7037037037037037,0.08051529790660225,0.32877079978529256,0.13419216317767044,
156,16.894793344068706,31.76328502415459,7.454374664519592,1.6841116478797638,23.825818572195384,14.070048309178745,3.7037037037037037,0.08051529790660225,0.39586688137412773,0.1274825550187869,
157,17.16988727858293,31.588835212023618,7.454374664519592,1.6170155662909287,23.731884057971016,14.04320987654321,3.7909286097691894,0.08051529790660225,0.39586688137412773,0.1274825550187869,
158,17.223564143854,31.528448738593667,7.185990338164252,2.522812667740204,23.1280193236715,14.023081052066559,3.784219001610306,0.08051529790660225,0.39586688137412773,0.1274825550187869,
159,17.518786902844873,31.394256575415994,7.1658615136876005,2.5496511003757383,23.040794417606012,13.962694578636608,3.7640901771336552,0.08051529790660225,0.39586688137412773,0.1274825550187869,
160,17.64626945786366,31.199677938808374,6.8035426731078905,2.5496511003757383,22.84621578099839,14.526301663982823,3.7640901771336552,0.08051529790660225,0.4562533548040794,0.1274825550187869,
161,17.673107890499196,30.857487922705314,6.790123456790123,2.3617820719269993,23.45679012345679,13.935856146001074,4.314278046162104,0.08051529790660225,0.4562533548040794,0.07380568974771873,
162,17.773752012882447,30.797101449275363,6.790123456790123,2.3617820719269993,23.429951690821255,13.922436929683306,4.314278046162104,0.08051529790660225,0.4562533548040794,0.07380568974771873,
163,17.98845947396672,30.730005367686527,6.716317767042405,2.3617820719269993,23.26892109500805,13.848631239935587,4.314278046162104,0.08051529790660225,0.6172839506172839,0.07380568974771873,
164,18.149490069779926,30.62265163714439,6.702898550724638,2.3483628556092326,22.839506172839506,14.284755770263017,4.294149221685454,0.08051529790660225,0.6172839506172839,0.06038647342995169,
165,18.4044551798175,30.589103596349972,6.635802469135802,2.3483628556092326,22.75228126677402,14.251207729468598,4.260601180891036,0.08051529790660225,0.6172839506172839,0.06038647342995169,
166,18.53864734299517,30.46833064949007,6.608964036500268,2.4557165861513686,22.7187332259796,14.231078904991948,4.247181964573269,0.08051529790660225,0.5904455179817498,0.06038647342995169,
167,18.4849704777241,30.327428878153516,7.501341921631776,2.4557165861513686,22.65163714439077,13.6406333870102,4.17337627482555,0.08051529790660225,0.5904455179817498,0.0939345142243693,
168,18.78690284487386,30.173107890499196,7.481213097155126,2.4557165861513686,22.416800858829845,13.620504562533547,4.247181964573269,0.08051529790660225,0.644122383252818,0.0939345142243693,
169,19.236446591519055,29.978529253891573,7.467793880837359,2.9723564143853998,21.987385936661298,13.513150831991412,4.032474503488996,0.08051529790660225,0.6374127750939346,0.0939345142243693,
170,19.33709071390231,29.891304347826086,7.300053676865271,2.9723564143853998,21.973966720343533,13.446054750402576,4.032474503488996,0.3153515834675255,0.6374127750939346,0.0939345142243693,
171,19.51825013419216,29.7638217928073,7.300053676865271,2.9723564143853998,21.93370907139023,13.358829844337091,4.106280193236715,0.3153515834675255,0.6374127750939346,0.0939345142243693,
172,19.806763285024154,29.468599033816425,7.273215244229737,2.9723564143853998,21.906870638754697,13.318572195383789,4.206924315619967,0.3153515834675255,0.6374127750939346,0.0939345142243693,
173,19.96779388083736,29.086151368760063,7.253086419753086,2.9723564143853998,21.73913043478261,13.291733762748256,4.643048845947397,0.3153515834675255,0.6374127750939346,0.0939345142243693,
174,19.484702093397747,28.992216854535695,7.085346215780999,2.4490069779924855,24.852388620504563,13.110574342458401,2.9253891572732154,0.3153515834675255,0.6910896403650026,0.0939345142243693,
175,19.685990338164252,28.931830381105744,7.078636607622115,2.4490069779924855,24.758454106280194,13.077026301663983,2.918679549114332,0.3153515834675255,0.6910896403650026,0.0939345142243693,
176,19.79334406870639,28.77079978529254,7.071926999463232,2.4490069779924855,24.61755233494364,12.983091787439614,3.140096618357488,0.3153515834675255,0.7648953301127214,0.0939345142243693,
177,19.880568974771872,28.6231884057971,7.071926999463232,2.589908749329039,24.590713902308106,12.983091787439614,3.0864197530864197,0.3153515834675255,0.7648953301127214,0.0939345142243693,
178,20.001341921631777,28.515834675254965,7.065217391304348,2.563070316693505,24.58400429414922,12.915995705850777,3.180354267310789,0.3153515834675255,0.7648953301127214,0.0939345142243693,
179,20.363660762211488,28.442028985507246,7.03166935050993,2.5429414922168547,24.46323134728932,12.815351583467525,3.180354267310789,0.3153515834675255,0.7514761137949544,0.0939345142243693,
180,20.1959205582394,25.449543746645197,10.178475577026301,2.5295222758990876,24.228395061728396,12.761674718196458,3.180354267310789,0.3153515834675255,1.06682769726248,0.0939345142243693,
181,20.437466451959207,25.40257648953301,10.104669887278583,2.5161030595813205,24.18142780461621,12.74825550187869,3.180354267310789,0.2683843263553409,1.06682769726248,0.0939345142243693,
182,20.638754696725712,25.261674718196456,9.970477724100913,3.8378958668813743,22.007514761137948,12.72812667740204,3.2877079978529253,0.2683843263553409,1.90552871712292,0.0939345142243693,
183,20.779656468062264,25.214707461084274,9.970477724100913,3.8378958668813743,21.980676328502415,12.667740203972087,3.2877079978529253,0.2683843263553409,1.90552871712292,0.08722490606548577,
184,20.987654320987655,25.214707461084274,9.88996242619431,3.8378958668813743,21.846484165324746,12.620772946859903,3.2877079978529253,0.2683843263553409,1.9592055823939882,0.08722490606548577,
185,21.289586688137412,25.10064412238325,9.849704777241008,3.824476650563607,21.712292002147073,12.620772946859903,3.2877079978529253,0.2683843263553409,1.9592055823939882,0.08722490606548577,
186,21.40365002683843,25.033548040794418,9.849704777241008,3.81105743424584,21.70558239398819,12.593934514224369,3.2877079978529253,0.2683843263553409,1.9592055823939882,0.08722490606548577,
187,21.4573268921095,24.44981213097155,9.822866344605474,4.49543746645196,21.370101986044016,12.593934514224369,3.374932903918411,0.2683843263553409,2.0799785292538915,0.08722490606548577,
188,21.578099838969404,24.416264090177133,9.816156736446592,4.40150295222759,21.24261943102523,12.593934514224369,3.3682232957595275,0.2683843263553409,2.1403650026838434,0.08722490606548577,0.08722490606548577
189,21.772678475577028,24.329039184111647,9.782608695652174,4.394793344068707,21.195652173913043,12.580515297906603,3.361513687600644,0.2683843263553409,2.1403650026838434,0.08722490606548577,0.08722490606548577
190,21.66532474503489,23.919753086419753,9.75577026301664,4.394793344068707,21.121846484165324,13.197799248523886,3.361513687600644,0.2683843263553409,2.1403650026838434,0.08722490606548577,0.08722490606548577
191,21.947128287707997,23.778851315083198,9.75577026301664,4.414922168545357,20.8870101986044,13.144122383252817,3.361513687600644,0.2683843263553409,2.26784755770263,0.08722490606548577,0.08722490606548577
192,22.34970477724101,23.66478797638218,9.742351046698873,4.408212560386473,20.813204508856682,12.989801395598498,3.307836822329576,0.2683843263553409,2.2410091250670963,0.1274825550187869,0.08722490606548577
193,22.309447128287708,23.58427267847558,9.71551261406334,4.99194847020934,20.705850778314545,12.681159420289855,3.2877079978529253,0.2683843263553409,2.2410091250670963,0.1274825550187869,0.08722490606548577
194,22.50402576489533,23.382984433709073,10.648148148148149,4.938271604938271,20.611916264090176,11.869296833064949,3.2541599570585076,0.2683843263553409,2.3081052066559313,0.1274825550187869,0.08722490606548577
195,22.52415458937198,23.282340311325818,10.59447128287708,4.938271604938271,20.571658615136876,11.533816425120772,3.3279656468062266,0.2683843263553409,2.7442297369833604,0.1274825550187869,0.08722490606548577
196,22.745571658615138,23.15485775630703,10.554213633923778,4.931561996779388,20.531400966183575,11.486849168008588,3.3682232957595275,0.2683843263553409,2.7442297369833604,0.1274825550187869,0.08722490606548577
197,22.16183574879227,22.873054213633925,10.36634460547504,4.669887278582931,21.792807300053678,11.305689747718732,3.4822866344605474,0.2683843263553409,2.7241009125067097,0.2683843263553409,0.08722490606548577
198,22.25577026301664,22.77241009125067,10.406602254428341,4.669887278582931,21.812936124530328,11.252012882447666,3.4822866344605474,0.2683843263553409,2.7241009125067097,0.2683843263553409,0.08722490606548577
199,22.363123993558776,22.765700483091788,10.379763821792807,4.669887278582931,21.75925925925926,11.231884057971014,3.4822866344605474,0.2683843263553409,2.7241009125067097,0.2683843263553409,0.08722490606548577
200,22.63150831991412,22.71202361782072,10.205314009661835,4.636339237788513,21.672034353193773,11.191626409017713,3.4822866344605474,0.4025764895330113,2.7106816961889426,0.2683843263553409,0.08722490606548577
201,22.799248523886206,22.6784755770263,10.205314009661835,4.622920021470746,21.598228663446054,11.16478797638218,3.4621578099838968,0.4025764895330113,2.7106816961889426,0.2683843263553409,0.08722490606548577
202,23.040794417606012,22.638217928073,10.144927536231885,4.622920021470746,21.557971014492754,11.07085346215781,3.4621578099838968,0.4495437466451959,2.6972624798711755,0.2281266774020397,0.08722490606548577
203,23.22866344605475,22.564412238325282,10.11808910359635,4.5960815888352125,21.39694041867955,10.809178743961352,3.515834675254965,0.4495437466451959,2.9052603327965647,0.32877079978529256,0.08722490606548577
204,23.362855609232422,22.530864197530864,10.091250670960816,4.582662372517445,21.370101986044016,10.802469135802468,3.488996242619431,0.4495437466451959,2.9052603327965647,0.32877079978529256,0.08722490606548577
205,23.443370907139023,22.48389694041868,10.091250670960816,4.582662372517445,21.309715512614062,10.789049919484702,3.5292538915727323,0.4495437466451959,2.9052603327965647,0.32877079978529256,0.08722490606548577
206,23.678207192699947,22.27589908749329,10.238862050456254,4.636339237788513,21.26945786366076,10.63472893183038,3.502415458937198,0.4495437466451959,2.9052603327965647,0.322061191626409,0.08722490606548577
207,23.812399355877616,22.24235104669887,10.21202361782072,4.636339237788513,21.20907139023081,10.63472893183038,3.488996242619431,0.4495437466451959,2.9052603327965647,0.322061191626409,0.08722490606548577
208,24.12775093934514,22.17525496511004,10.21202361782072,4.575952764358561,21.07487922705314,10.607890499194847,3.4621578099838968,0.4495437466451959,2.9052603327965647,0.322061191626409,0.08722490606548577
209,23.852657004830917,21.289586688137412,9.836285560923242,4.448470209339774,21.89345142243693,10.554213633923778,4.508856682769726,0.4495437466451959,2.757648953301127,0.322061191626409,0.08722490606548577
210,24.355877616747183,21.068169618894256,9.77589908749329,4.42163177670424,21.69887278582931,10.527375201288244,4.53569511540526,0.4495437466451959,2.757648953301127,0.322061191626409,0.08722490606548577
211,24.55716586151369,20.954106280193237,9.88996242619431,4.42163177670424,21.638486312399355,10.413311862587225,4.522275899087493,0.4495437466451959,2.7442297369833604,0.322061191626409,0.08722490606548577
212,24.792002147074612,20.913848631239937,9.86983360171766,4.522275899087493,21.504294149221685,10.339506172839506,4.4820182501341925,0.4495437466451959,2.717391304347826,0.322061191626409,0.08722490606548577
213,24.825550187869027,20.8467525496511,9.86983360171766,4.636339237788513,21.477455716586153,10.319377348362856,4.468599033816425,0.4495437466451959,2.6972624798711755,0.322061191626409,0.08722490606548577
214,24.9597423510467,20.813204508856682,9.789318303811058,4.616210413311863,21.477455716586153,10.319377348362856,4.468599033816425,0.4495437466451959,2.6972624798711755,0.322061191626409,0.08722490606548577
