,45,50,51,52,54,55,53,56,58,57,59
0,99.20826623725175,0.7917337627482555,,,,,,,,,
1,99.13446054750402,0.8655394524959742,,,,,,,,,
2,98.34943639291465,1.6505636070853462,,,,,,,,,
3,95.71926999463231,4.005636070853462,0.27509393451422437,,,,,,,,
4,91.72034353193773,8.004562533548041,0.27509393451422437,,,,,,,,
5,90.84809447128288,8.876811594202898,0.27509393451422437,,,,,,,,
6,90.61325818572196,8.78287707997853,0.27509393451422437,0.0067096081588835215,0.2885131508319914,0.03354804079441761,,,,,
7,84.99731615673645,14.40552871712292,0.27509393451422437,,0.2885131508319914,0.03354804079441761,,,,,
8,84.3263553408481,14.942297369833602,0.27509393451422437,0.13419216317767044,0.2885131508319914,0.03354804079441761,,,,,
9,84.09822866344605,15.063070316693505,0.27509393451422437,0.28180354267310787,0.24825550187869028,0.03354804079441761,,,,,
10,83.81642512077295,15.344873859366613,0.27509393451422437,0.28180354267310787,0.24825550187869028,0.03354804079441761,,,,,
11,83.81642512077295,15.344873859366613,0.27509393451422437,0.28180354267310787,0.24825550187869028,0.03354804079441761,,,,,
12,83.1454643048846,16.015834675254965,0.27509393451422437,0.28180354267310787,0.24825550187869028,0.03354804079441761,,,,,
13,83.05152979066023,16.109769189479334,0.27509393451422437,0.28180354267310787,0.24825550187869028,0.03354804079441761,,,,,
14,76.41572732152443,22.745571658615138,0.27509393451422437,0.28180354267310787,0.24825550187869028,0.03354804079441761,,,,,
15,75.0,24.16129898013956,0.27509393451422437,0.28180354267310787,0.24825550187869028,0.03354804079441761,,,,,
16,66.532474503489,32.41411701556629,0.46296296296296297,0.30864197530864196,0.24825550187869028,0.03354804079441761,,,,,
17,66.39828234031133,32.54830917874396,0.46296296296296297,0.30864197530864196,0.24825550187869028,0.03354804079441761,,,,,
18,66.09634997316157,32.8166935050993,0.46296296296296297,0.30864197530864196,0.24825550187869028,0.06709608158883522,,,,,
19,66.02254428341385,32.749597423510465,0.6038647342995169,0.30864197530864196,0.24825550187869028,0.06709608158883522,,,,,
20,63.2313472893183,35.35963499731616,0.6038647342995169,0.30864197530864196,0.24825550187869028,0.24825550187869028,,,,,
21,62.39935587761675,35.52066559312936,0.6038647342995169,0.95276435856146,0.24825550187869028,0.27509393451422437,,,,,
22,53.656736446591516,45.38378958668814,0.46296296296296297,0.2549651100375738,,0.24154589371980675,,,,,
23,53.676865271068166,45.209339774557165,0.46296296296296297,0.3757380568974772,,0.27509393451422437,,,,,
24,53.62989801395599,45.22275899087493,0.49651100375738055,0.3757380568974772,,0.27509393451422437,,,,,
25,53.48228663446055,45.2361782071927,0.49651100375738055,0.3757380568974772,,0.27509393451422437,0.13419216317767044,,,,
26,52.67713365539453,46.175523349436396,0.49651100375738055,0.24154589371980675,,0.27509393451422437,0.13419216317767044,,,,
27,52.40874932903918,46.39023081052066,0.49651100375738055,0.24154589371980675,,0.27509393451422437,0.1878690284487386,,,,
28,51.952495974235106,45.45759527643585,0.49651100375738055,1.6304347826086956,,0.27509393451422437,0.1878690284487386,,,,
29,51.61701556629093,44.14922168545357,1.7914653784219001,1.6304347826086956,0.3488996242619431,0.27509393451422437,0.1878690284487386,,,,
30,51.670692431561996,44.0955448201825,1.7914653784219001,1.6304347826086956,0.3488996242619431,0.27509393451422437,0.1878690284487386,,,,
31,51.509661835748794,44.256575415995705,1.7914653784219001,1.6304347826086956,0.3488996242619431,0.27509393451422437,0.1878690284487386,,,,
32,51.570048309178745,44.20289855072464,1.7914653784219001,1.6304347826086956,0.3488996242619431,0.2683843263553409,0.1878690284487386,,,,
33,51.53650026838432,43.98148148148148,1.7914653784219001,1.778046162104133,0.3488996242619431,0.3757380568974772,0.1878690284487386,,,,
34,51.53650026838432,43.98148148148148,1.7914653784219001,1.778046162104133,0.3488996242619431,0.3757380568974772,0.1878690284487386,,,,
35,50.95276435856146,44.56521739130435,1.7444981213097155,1.778046162104133,0.41599570585077833,0.35560923242082665,0.1878690284487386,,,,
36,50.89237788513151,44.6256038647343,1.7444981213097155,1.778046162104133,0.41599570585077833,0.35560923242082665,0.1878690284487386,,,,
37,49.16800858829844,43.062265163714436,4.9651100375738055,1.778046162104133,0.41599570585077833,0.4227053140096618,0.1878690284487386,,,,
38,45.20263016639828,44.357219538378956,7.387278582930757,1.892109500805153,0.3488996242619431,0.5300590445517982,0.1878690284487386,0.0939345142243693,,,
39,44.806763285024154,44.73966720343532,7.4006977992485234,1.892109500805153,0.3488996242619431,0.5300590445517982,0.1878690284487386,0.0939345142243693,,,
40,38.05018786902845,51.44927536231884,7.125603864734299,1.892109500805153,0.3488996242619431,0.8521202361782072,0.1878690284487386,0.0939345142243693,,,
41,37.513419216317764,50.13419216317767,8.984165324745035,1.892109500805153,0.3488996242619431,0.8521202361782072,0.1878690284487386,0.08722490606548577,,,
42,37.533548040794415,49.584004294149224,8.930488459473967,1.892109500805153,0.5904455179817498,0.8521202361782072,0.5300590445517982,0.08722490606548577,,,
43,37.104133118625874,49.27536231884058,9.5276435856146,1.8786902844873858,0.5904455179817498,1.0064412238325282,0.5300590445517982,0.08722490606548577,,,
44,37.144390767579175,49.23510466988728,9.5276435856146,1.8786902844873858,0.5904455179817498,1.0064412238325282,0.5300590445517982,0.08722490606548577,,,
45,36.67471819645733,48.37627482555019,8.769457863660762,3.6634460547504024,0.6374127750939346,1.261406333870102,0.5300590445517982,0.08722490606548577,,,
46,36.47342995169082,47.00751476113795,7.340311325818572,6.521739130434782,0.6374127750939346,1.3821792807300053,0.5300590445517982,0.10735373054213634,,,
47,36.4398819108964,46.67203435319377,7.306763285024155,6.521739130434782,0.6374127750939346,1.751207729468599,0.5300590445517982,0.14090177133655393,,,
48,36.44659151905529,46.4170692431562,7.092055823939882,6.608964036500268,0.7045088566827697,1.751207729468599,0.5300590445517982,0.4495437466451959,,,
49,36.26543209876543,46.61164787976382,7.078636607622115,6.608964036500268,0.7045088566827697,1.751207729468599,0.5300590445517982,0.4495437466451959,,,
50,36.30568974771873,46.23590982286635,7.092055823939882,5.797101449275362,0.7045088566827697,1.7042404723564144,1.4492753623188406,0.4495437466451959,0.2616747181964573,,
51,36.00375738056898,46.5378421900161,7.092055823939882,5.797101449275362,0.7045088566827697,1.7042404723564144,1.2681159420289856,0.4495437466451959,0.2616747181964573,0.18115942028985507,
52,35.970209339774556,46.41035963499731,7.092055823939882,5.83064949006978,0.6776704240472357,1.8585614600107354,1.2681159420289856,0.4495437466451959,0.2616747181964573,0.18115942028985507,
53,36.04401502952228,46.256038647343,7.092055823939882,5.83064949006978,0.6508319914117016,1.9659151905528718,1.2681159420289856,0.4495437466451959,0.2616747181964573,0.18115942028985507,
54,36.00375738056898,46.05475040257649,7.179280730005368,6.011808910359635,0.6239935587761675,1.9659151905528718,1.2681159420289856,0.4495437466451959,0.2616747181964573,0.18115942028985507,
55,36.10440150295223,45.880300590445515,7.179280730005368,5.964841653247451,0.6239935587761675,2.100107353730542,1.2546967257112185,0.4495437466451959,0.2616747181964573,0.18115942028985507,
56,35.38647342995169,42.190016103059584,7.300053676865271,10.715244229736983,0.6239935587761675,1.737788513150832,1.2010198604401503,0.4495437466451959,0.04696725711218465,0.3488996242619431,
57,34.97047772410091,40.673644659151904,6.689479334406871,13.499731615673644,0.6239935587761675,1.4962426194310252,1.2010198604401503,0.4495437466451959,0.04696725711218465,0.3488996242619431,
58,34.74906065485776,40.60654857756307,7.018250134192163,13.459473966720344,0.6239935587761675,1.4962426194310252,1.2010198604401503,0.4495437466451959,0.04696725711218465,0.3488996242619431,
59,34.76918947933441,40.58641975308642,7.018250134192163,13.459473966720344,0.6239935587761675,1.4962426194310252,1.2010198604401503,0.4495437466451959,0.04696725711218465,0.3488996242619431,
60,33.69565217391305,40.083199141170155,9.447128287707997,12.848899624261943,0.6239935587761675,1.3620504562533549,1.2010198604401503,0.3421900161030596,0.04696725711218465,0.3488996242619431,
61,33.85668276972625,40.03623188405797,9.078099838969404,12.848899624261943,0.6172839506172839,1.6237251744498122,1.2010198604401503,0.3421900161030596,0.04696725711218465,0.3488996242619431,
62,33.903650026838434,40.01610305958132,9.07139023081052,12.828770799785293,0.6172839506172839,1.6237251744498122,1.2010198604401503,0.3421900161030596,0.04696725711218465,0.3488996242619431,
63,33.313204508856685,40.52603327965647,9.07139023081052,12.828770799785293,0.644122383252818,1.6103059581320451,1.2681159420289856,0.3421900161030596,0.04696725711218465,0.3488996242619431,
64,33.40713902308105,40.52603327965647,8.943907675791733,12.801932367149758,0.644122383252818,1.6706924315619969,1.2681159420289856,0.3421900161030596,0.04696725711218465,0.3488996242619431,
65,33.40713902308105,40.445517981749866,8.729200214707461,12.734836285560924,0.644122383252818,1.7176596886741815,1.596886741814278,0.32877079978529256,0.04696725711218465,0.3488996242619431,
66,32.910628019323674,35.68840579710145,8.702361782071927,14.875201288244767,0.9326355340848095,1.710950080515298,4.455179817498658,0.32877079978529256,0.04696725711218465,0.3488996242619431,
67,32.950885668276975,35.65485775630703,8.702361782071927,14.868491680085883,0.9326355340848095,1.710950080515298,4.455179817498658,0.32877079978529256,0.04696725711218465,0.3488996242619431,
68,32.98443370907139,35.668276972624795,8.68894256575416,14.834943639291465,0.9326355340848095,1.710950080515298,4.455179817498658,0.32877079978529256,0.04696725711218465,0.3488996242619431,
69,32.9777241009125,35.39989264626946,8.68894256575416,15.009393451422437,0.9259259259259259,1.8183038110574343,4.455179817498658,0.32877079978529256,0.04696725711218465,0.3488996242619431,
70,32.8166935050993,35.29253891572732,8.541331186258722,14.969135802469136,1.3955984970477724,1.8183038110574343,4.2270531400966185,0.5233494363929146,0.04696725711218465,0.36902844873859364,
71,31.260064412238325,36.66800858829844,8.514492753623188,14.908749329039184,1.3955984970477724,2.046430488459474,4.2270531400966185,0.5233494363929146,0.04696725711218465,0.4092860976918948,
72,30.515297906602253,36.272141706924316,8.548040794417606,14.734299516908212,2.368491680085883,2.046430488459474,4.374664519592056,0.5233494363929146,0.04696725711218465,0.5703166935050993,
73,30.52200751476114,35.12479871175523,8.749329039184111,15.713902308105206,2.328234031132582,2.046430488459474,4.374664519592056,0.5233494363929146,0.04696725711218465,0.5703166935050993,
74,30.44820182501342,35.08454106280193,8.876811594202898,15.573000536768653,2.3215244229736984,2.046430488459474,4.4820182501341925,0.5233494363929146,0.04696725711218465,0.5971551261406334,
75,30.300590445517983,34.534353193773484,8.876811594202898,16.210413311862588,2.3215244229736984,2.073268921095008,4.280730005367687,0.5233494363929146,0.04696725711218465,0.8319914117015567,
76,30.320719269994633,34.35990338164251,8.876811594202898,16.438539989264626,2.3215244229736984,2.167203435319377,4.086151368760064,0.5233494363929146,0.04696725711218465,0.8588298443370908,
77,30.334138486312398,34.346484165324746,8.816425120772946,16.398282340311326,2.3215244229736984,2.2410091250670963,4.086151368760064,0.5233494363929146,0.04696725711218465,0.8856682769726248,
78,30.19994632313473,34.49409554482018,8.809715512614064,16.371443907675793,2.3215244229736984,2.214170692431562,4.079441760601181,0.5233494363929146,0.04696725711218465,0.9393451422436929,
79,30.233494363929147,34.49409554482018,8.789586688137414,16.358024691358025,2.3215244229736984,2.214170692431562,4.079441760601181,0.5233494363929146,0.04696725711218465,0.9393451422436929,
80,30.04562533548041,34.52093397745572,8.789586688137414,16.35131508319914,2.4355877616747184,2.408749329039184,3.938539989264627,0.5233494363929146,0.04696725711218465,0.9393451422436929,
81,30.132850241545892,34.40016103059581,8.789586688137414,16.35131508319914,2.4825550187869028,2.4355877616747184,3.911701556629093,0.5233494363929146,0.04696725711218465,0.9259259259259259,
82,28.79092860976919,35.83601717659689,8.548040794417606,16.472088030059044,2.4020397208803006,2.5429414922168547,3.911701556629093,0.5233494363929146,0.04696725711218465,0.9259259259259259,
83,28.73054213633924,35.869565217391305,8.548040794417606,16.445249597423512,2.4020397208803006,2.5966183574879227,3.911701556629093,0.5233494363929146,0.04696725711218465,0.9259259259259259,
84,27.999194847020934,35.52066559312936,9.359903381642512,16.445249597423512,2.6704240472356413,2.5966183574879227,3.911701556629093,0.5233494363929146,0.04696725711218465,0.9259259259259259,
85,27.78448738593666,35.32608695652174,9.359903381642512,16.431830381105744,2.791196994095545,2.898550724637681,3.911701556629093,0.5233494363929146,0.04696725711218465,0.9259259259259259,
86,27.361782071927,35.37976382179281,9.695383789586689,16.398282340311326,2.791196994095545,2.965646806226516,3.911701556629093,0.5233494363929146,0.04696725711218465,0.9259259259259259,
87,27.32823403113258,34.514224369296834,9.695383789586689,16.203703703703702,3.8580246913580245,3.0059044551798175,3.898282340311326,0.5233494363929146,0.04696725711218465,0.9259259259259259,
88,27.32823403113258,34.42699946323135,9.668545356951155,16.19699409554482,3.8580246913580245,3.0059044551798175,3.992216854535695,0.5501878690284487,0.04696725711218465,0.9259259259259259,
89,27.26784755770263,34.20558239398819,9.863123993558776,16.27750939345142,3.844605475040258,3.0595813204508855,3.9586688137412773,0.5501878690284487,0.04696725711218465,0.9259259259259259,
90,27.26113794954375,34.17874396135266,9.836285560923242,16.25067096081589,3.911701556629093,3.0864197530864197,3.9519592055823938,0.5501878690284487,0.04696725711218465,0.9259259259259259,
91,26.88539989264627,34.46725711218465,9.742351046698873,15.92860976918948,4.005636070853462,3.0864197530864197,4.374664519592056,0.5501878690284487,0.04696725711218465,0.9125067096081588,
92,26.576757917337627,34.82286634460547,9.473966720343531,15.821256038647343,4.005636070853462,3.421900161030596,4.374664519592056,0.5501878690284487,0.040257648953301126,0.9125067096081588,
93,26.422436929683307,34.60144927536232,9.473966720343531,15.640096618357488,3.9855072463768115,3.8311862587224907,4.320987654320987,0.7716049382716049,0.040257648953301126,0.9125067096081588,
94,26.288244766505635,34.14519592055824,10.225442834138486,15.613258185721953,3.9318303811057436,3.750670960815888,4.320987654320987,0.7716049382716049,0.040257648953301126,0.9125067096081588,
95,26.44927536231884,34.10493827160494,9.923510466988727,15.868223295759528,3.878153515834675,3.750670960815888,4.320987654320987,0.7380568974771873,0.040257648953301126,0.9259259259259259,
96,26.496242619431026,34.07139023081052,9.923510466988727,15.868223295759528,3.878153515834675,3.750670960815888,4.30756843800322,0.7380568974771873,0.040257648953301126,0.9259259259259259,
97,26.48953301127214,34.064680622651636,9.695383789586689,15.908480944712828,3.878153515834675,4.079441760601181,4.30756843800322,0.6172839506172839,0.040257648953301126,0.9192163177670424,
98,26.52308105206656,34.05797101449275,9.695383789586689,15.96886741814278,3.878153515834675,4.247181964573269,4.146537842190016,0.6172839506172839,0.040257648953301126,0.8252818035426731,
99,26.147342995169083,34.25925925925926,8.715780998389693,16.512345679012345,3.8378958668813743,4.2203435319377345,4.797369833601718,0.6172839506172839,0.06709608158883522,0.8252818035426731,
100,25.865539452495973,34.225711218464845,8.709071390230811,16.49892646269458,4.025764895330113,4.367954911433173,4.797369833601718,0.6172839506172839,0.06709608158883522,0.8252818035426731,
101,26.08695652173913,34.16532474503489,8.709071390230811,16.485507246376812,4.025764895330113,4.2203435319377345,4.797369833601718,0.6172839506172839,0.06709608158883522,0.8252818035426731,
102,25.986312399355878,34.11835748792271,8.984165324745035,16.25738056897477,3.978797638217928,4.388083735909823,4.797369833601718,0.5971551261406334,0.06709608158883522,0.8252818035426731,
103,25.55689747718733,32.51476113794954,8.984165324745035,18.61916264090177,3.9519592055823938,4.206924315619967,4.64975845410628,0.6239935587761675,0.06709608158883522,0.8252818035426731,
104,25.44283413848631,32.06521739130435,9.198872785829307,18.14278046162104,4.777241009125067,4.206924315619967,4.64975845410628,0.6239935587761675,0.06709608158883522,0.8252818035426731,
105,25.41599570585078,31.46135265700483,9.198872785829307,18.14278046162104,4.770531400966184,4.206924315619967,5.287171229200215,0.6239935587761675,0.06709608158883522,0.8252818035426731,
106,23.49704777241009,33.68894256575416,9.064680622651638,18.04213633923779,4.770531400966184,4.180085882984434,5.24020397208803,0.6239935587761675,0.06709608158883522,0.8252818035426731,
107,23.43666129898014,32.94417606011809,9.943639291465379,18.02871712292002,4.7101449275362315,4.320987654320987,5.059044551798175,0.6239935587761675,0.10735373054213634,0.8252818035426731,
108,23.45679012345679,32.890499194847024,9.943639291465379,18.00187869028449,4.7101449275362315,4.38137412775094,5.059044551798175,0.6239935587761675,0.10735373054213634,0.8252818035426731,
109,23.19511540526033,33.70907139023081,9.728931830381105,17.68652710681696,4.696725711218465,4.38137412775094,5.045625335480408,0.6239935587761675,0.10735373054213634,0.8252818035426731,
110,23.242082662372518,33.21926999463231,9.88996242619431,17.85426731078905,4.871175523349437,4.320987654320987,5.045625335480408,0.6239935587761675,0.10735373054213634,0.8252818035426731,
111,23.2487922705314,33.11862587224906,10.010735373054214,17.800590445517983,4.871175523349437,4.3478260869565215,5.045625335480408,0.6239935587761675,0.10735373054213634,0.8252818035426731,
112,23.2487922705314,32.9777241009125,9.916800858829845,17.793880837359097,4.938271604938271,4.51556629092861,5.01207729468599,0.6239935587761675,0.10735373054213634,0.8655394524959742,
113,22.906602254428343,32.340311325818575,12.02361782071927,17.042404723564143,4.817498658078368,4.49543746645196,4.683306494900698,0.5770263016639828,0.10735373054213634,1.0064412238325282,
114,23.067632850241544,32.306763285024154,11.896135265700483,17.042404723564143,4.817498658078368,4.49543746645196,4.683306494900698,0.5770263016639828,0.10735373054213634,1.0064412238325282,
115,22.906602254428343,32.23295759527644,11.949812130971551,16.720343531937736,4.804079441760601,4.4753086419753085,4.804079441760601,0.9997316156736447,0.10735373054213634,0.9997316156736447,
116,22.946859903381643,32.23295759527644,11.949812130971551,16.700214707461082,4.783950617283951,4.4753086419753085,4.804079441760601,0.9997316156736447,0.10735373054213634,0.9997316156736447,
117,22.96027911969941,32.23295759527644,11.949812130971551,16.700214707461082,4.783950617283951,4.461889425657541,4.804079441760601,0.9997316156736447,0.10735373054213634,0.9997316156736447,
118,22.920021470746107,31.427804616210413,11.943102522812667,16.76731078904992,4.750402576489533,5.139559849704777,4.944981213097155,0.9997316156736447,0.10735373054213634,0.9997316156736447,
119,22.839506172839506,31.374127750939344,11.936392914653783,15.780998389694043,5.059044551798175,5.139559849704777,5.803811057434245,0.9997316156736447,0.06709608158883522,0.9997316156736447,
120,22.906602254428343,31.34728931830381,11.936392914653783,15.747450348899624,5.059044551798175,5.139559849704777,5.797101449275362,0.9997316156736447,0.06709608158883522,0.9997316156736447,
121,22.946859903381643,31.206387546967257,11.81561996779388,15.646806226516372,5.059044551798175,5.273752012882448,5.931293612453032,0.9997316156736447,0.06709608158883522,1.0534084809447128,
122,23.007246376811594,31.15271068169619,11.788781535158346,15.49248523886205,5.226784755770263,5.300590445517981,5.924584004294149,0.9997316156736447,0.06709608158883522,1.0399892646269457,
123,22.926731078904993,31.04535695115405,11.580783682232958,15.83467525496511,5.2066559312936125,5.434782608695652,5.83064949006978,1.0332796564680622,0.06709608158883522,1.0399892646269457,
124,22.946859903381643,31.04535695115405,11.580783682232958,15.83467525496511,5.199946323134729,5.421363392377885,5.83064949006978,1.0332796564680622,0.06709608158883522,1.0399892646269457,
125,22.779119699409556,30.683038110574344,11.560654857756306,14.814814814814815,5.199946323134729,5.367686527106817,7.763016639828234,0.7246376811594203,0.06709608158883522,1.0399892646269457,
126,22.705314009661837,30.54884594739667,11.560654857756306,14.99597423510467,5.199946323134729,5.367686527106817,7.763016639828234,0.7246376811594203,0.06709608158883522,1.06682769726248,
127,22.859634997316157,30.421363392377884,11.553945249597424,14.97584541062802,5.199946323134729,5.367686527106817,7.763016639828234,0.7246376811594203,0.06709608158883522,1.06682769726248,
128,22.779119699409556,30.475040257648953,11.553945249597424,14.969135802469136,5.199946323134729,5.401234567901234,7.763016639828234,0.7246376811594203,0.06709608158883522,1.06682769726248,
129,22.84621578099839,30.441492216854535,11.553945249597424,14.962426194310252,5.199946323134729,5.401234567901234,7.7361782071927,0.7246376811594203,0.06709608158883522,1.06682769726248,
130,22.940150295222757,30.367686527106816,11.325818572195384,15.26435856146001,5.10601180891036,5.401234567901234,7.7361782071927,0.7246376811594203,0.06709608158883522,1.06682769726248,
131,22.953569511540525,30.314009661835748,11.392914653784219,15.03623188405797,5.307300053676865,5.401234567901234,7.7361782071927,0.7246376811594203,0.06709608158883522,1.06682769726248,
132,22.993827160493826,30.300590445517983,11.312399355877616,15.177133655394526,5.22007514761138,5.387815351583468,7.6623725174449815,0.8118625872249061,0.06709608158883522,1.06682769726248,
133,22.436929683306495,30.9849704777241,11.191626409017713,15.183843263553408,5.213365539452496,5.367686527106817,7.6623725174449815,0.8118625872249061,0.06709608158883522,1.0802469135802468,
134,22.38996242619431,30.891035963499732,11.18491680085883,14.687332259796028,5.3341384863123995,5.340848094471283,8.413848631239935,0.8118625872249061,0.06709608158883522,0.8789586688137413,
135,22.423510466988727,30.877616747181964,11.117820719269995,14.720880300590446,5.3274288781535155,5.307300053676865,8.400429414922169,0.8789586688137413,0.06709608158883522,0.8789586688137413,
136,22.443639291465377,30.864197530864196,10.68840579710145,15.257648953301127,5.320719269994632,5.307300053676865,8.319914117015566,0.8789586688137413,0.06709608158883522,0.8521202361782072,
137,22.38996242619431,30.857487922705314,10.68840579710145,15.35829307568438,5.320719269994632,5.307300053676865,8.279656468062266,0.8789586688137413,0.06709608158883522,0.8521202361782072,
138,22.363123993558776,30.743424584004295,10.715244229736983,15.405260332796564,5.260332796564681,5.280461621041331,8.266237251744498,0.966183574879227,0.06709608158883522,0.9326355340848095,
139,22.24235104669887,29.71014492753623,13.479602791196994,14.512882447665056,5.132850241545894,5.179817498658078,7.7898550724637685,0.966183574879227,0.06709608158883522,0.9192163177670424,
140,22.282608695652176,29.656468062265162,13.479602791196994,14.465915190552872,5.132850241545894,5.10601180891036,7.830112721417069,1.0601180891035964,0.06709608158883522,0.9192163177670424,
141,22.000805152979066,29.166666666666668,13.22463768115942,15.566290928609769,5.132850241545894,5.0858829844337095,7.776435856146001,1.0601180891035964,0.06709608158883522,0.9192163177670424,
142,21.826355340848096,29.052603327965645,13.298443370907139,15.794417606011809,5.132850241545894,5.072463768115942,7.776435856146001,1.0601180891035964,0.06709608158883522,0.9192163177670424,
143,21.906870638754697,28.931830381105744,13.056897477187333,15.727321524422974,5.052334943639291,4.985238862050457,8.313204508856682,1.0399892646269457,0.06709608158883522,0.9192163177670424,
144,21.947128287707997,28.891572732152444,13.056897477187333,15.727321524422974,5.052334943639291,4.985238862050457,8.313204508856682,1.0399892646269457,0.06709608158883522,0.9192163177670424,
145,21.83977455716586,29.01905528717123,13.056897477187333,15.673644659151906,5.0858829844337095,4.985238862050457,8.313204508856682,1.0399892646269457,0.06709608158883522,0.9192163177670424,
146,21.631776704240472,28.71712292002147,13.056897477187333,15.734031132581856,5.548845947396672,4.998658078368224,8.293075684380032,1.0399892646269457,0.06709608158883522,0.9125067096081588,
147,21.68545356951154,28.71712292002147,12.93612453032743,15.727321524422974,5.501878690284487,5.119431025228127,8.293075684380032,1.0399892646269457,0.06709608158883522,0.9125067096081588,
148,21.72571121846484,28.83118625872249,11.956521739130435,15.68035426731079,5.46833064949007,5.092592592592593,9.225711218464841,1.0399892646269457,0.06709608158883522,0.9125067096081588,
149,21.638486312399355,28.71712292002147,11.83574879227053,15.83467525496511,5.46833064949007,5.092592592592593,9.225711218464841,1.0399892646269457,0.06709608158883522,1.0802469135802468,
150,20.90042941492217,28.388352120236178,13.882179280730005,15.203972088030058,5.46833064949007,5.059044551798175,8.910359634997317,1.0399892646269457,0.06709608158883522,1.0802469135802468,
151,20.96081588835212,28.32125603864734,13.882179280730005,15.22410091250671,5.46833064949007,5.045625335480408,8.910359634997317,1.0399892646269457,0.06709608158883522,1.0802469135802468,
152,21.054750402576488,28.20048309178744,13.996242619431026,15.203972088030058,5.555555555555555,4.891304347826087,8.910359634997317,1.0399892646269457,0.06709608158883522,1.0802469135802468,
153,21.175523349436393,27.851583467525497,13.6406333870102,15.405260332796564,5.46833064949007,5.005367686527107,8.910359634997317,1.3955984970477724,0.06709608158883522,1.0802469135802468,
154,21.22249060654858,27.4020397208803,13.41250670960816,15.163714439076758,5.46833064949007,5.3341384863123995,9.473966720343531,1.3754696725711217,0.06709608158883522,1.0802469135802468,
155,21.28287707997853,27.355072463768117,13.305152979066023,15.116747181964573,5.609232420826624,5.407944176060118,9.400161030595813,1.3754696725711217,0.06709608158883522,1.0802469135802468,
156,21.370101986044016,27.086688137412775,13.459473966720344,14.955716586151368,5.931293612453032,5.300590445517981,9.346484165324744,1.3754696725711217,0.06709608158883522,1.107085346215781,
157,21.390230810520666,26.858561460010737,13.439345142243694,14.928878153515834,5.931293612453032,5.300590445517981,9.581320450885668,1.3955984970477724,0.06709608158883522,1.107085346215781,
158,21.477455716586153,26.818303811057433,13.43263553408481,14.915458937198068,5.904455179817498,5.300590445517981,9.581320450885668,1.3955984970477724,0.06709608158883522,1.107085346215781,
159,21.490874932903917,26.717659688674182,13.305152979066023,14.9020397208803,5.904455179817498,5.595813204508857,9.386741814278047,1.5230810520665594,0.06709608158883522,1.107085346215781,
160,21.490874932903917,26.704240472356414,13.305152979066023,14.9020397208803,5.850778314546431,5.5756843800322065,9.386741814278047,1.6103059581320451,0.06709608158883522,1.107085346215781,
161,21.309715512614062,26.590177133655395,13.305152979066023,15.210681696188942,5.9447128287707995,5.5756843800322065,9.27938808373591,1.6103059581320451,0.06709608158883522,1.107085346215781,
162,21.289586688137412,26.50966183574879,13.231347289318304,14.989264626945786,6.105743424584004,5.501878690284487,9.574610842726784,1.6371443907675791,0.06709608158883522,1.093666129898014,
163,21.30300590445518,26.50966183574879,13.231347289318304,14.97584541062802,6.105743424584004,5.501878690284487,9.574610842726784,1.6371443907675791,0.06709608158883522,1.093666129898014,
164,20.611916264090176,26.99946323134729,13.318572195383789,15.029522275899087,6.387546967257112,5.314009661835748,9.541062801932368,1.6371443907675791,0.06709608158883522,1.093666129898014,
165,20.618625872249062,26.94578636607622,13.251476113794954,15.022812667740205,6.528448738593666,5.293880837359098,9.541062801932368,1.6371443907675791,0.06709608158883522,1.093666129898014,
166,20.611916264090176,26.858561460010737,13.123993558776167,14.714170692431562,7.25979602791197,5.233494363929147,9.541062801932368,1.6371443907675791,0.06709608158883522,0.95276435856146,
167,20.564949006977994,26.637144390767578,13.01663982823403,14.714170692431562,7.159151905528717,5.260332796564681,9.990606548577563,1.6371443907675791,0.06709608158883522,0.95276435856146,
168,20.75281803542673,26.617015566290927,13.01663982823403,14.546430488459475,7.159151905528717,5.260332796564681,9.990606548577563,1.6371443907675791,0.06709608158883522,0.95276435856146,
169,20.699141170155663,26.650563607085346,12.835480407944177,14.398819108964037,7.1725711218464845,5.260332796564681,10.326086956521738,1.6371443907675791,0.06709608158883522,0.95276435856146,
170,20.74610842726785,26.630434782608695,12.828770799785293,14.398819108964037,7.14573268921095,5.199946323134729,10.393183038110575,1.6371443907675791,0.06709608158883522,0.95276435856146,
171,20.78636607622115,26.623725174449813,12.815351583467525,14.38539989264627,7.139023081052066,5.173107890499195,10.305958132045088,1.724369296833065,0.06709608158883522,0.9796027911969941,
172,20.77294685990338,26.84514224369297,12.614063338701019,14.378690284487385,7.139023081052066,5.173107890499195,10.305958132045088,1.724369296833065,0.06709608158883522,0.9796027911969941,
173,20.343531937734838,27.106816961889425,12.439613526570048,14.163982823403114,7.320182501341922,5.374396135265701,10.48040794417606,1.724369296833065,0.06709608158883522,0.9796027911969941,
174,20.263016639828233,27.026301663982824,12.439613526570048,14.345142243692969,7.320182501341922,5.367686527106817,10.48040794417606,1.724369296833065,0.06709608158883522,0.966183574879227,
175,20.316693505099302,27.012882447665056,12.379227053140097,14.331723027375201,7.320182501341922,5.414653784219001,10.48040794417606,1.724369296833065,0.06709608158883522,0.95276435856146,
176,20.2361782071927,27.15378421900161,12.31213097155126,14.2914653784219,7.320182501341922,5.394524959742351,10.547504025764896,1.724369296833065,0.06709608158883522,0.95276435856146,
177,20.21604938271605,27.13365539452496,12.365807836822329,14.264626945786366,7.2933440687063875,5.441492216854535,10.540794417606012,1.724369296833065,0.06709608158883522,0.95276435856146,
178,20.242887815351583,27.13365539452496,12.365807836822329,14.251207729468598,7.2933440687063875,5.441492216854535,10.540794417606012,1.710950080515298,0.06709608158883522,0.95276435856146,
179,20.263016639828233,27.006172839506174,12.446323134728932,13.962694578636608,7.2933440687063875,5.441492216854535,10.876274825550189,1.710950080515298,0.06709608158883522,0.9326355340848095,
180,20.29656468062265,26.959205582393988,12.526838432635534,13.922436929683306,7.253086419753086,5.441492216854535,10.849436392914654,1.751207729468599,0.06709608158883522,0.9326355340848095,
181,20.29656468062265,26.912238325281802,12.526838432635534,13.915727321524423,7.232957595276436,5.522007514761138,10.84272678475577,1.751207729468599,0.06709608158883522,0.9326355340848095,
182,20.38378958668814,26.818303811057433,12.466451959205582,13.895598497047773,7.320182501341922,5.548845947396672,10.815888352120236,1.751207729468599,0.06709608158883522,0.9326355340848095,
183,20.38378958668814,26.48953301127214,12.466451959205582,14.304884594739667,7.320182501341922,5.495169082125604,10.755501878690284,1.751207729468599,0.10064412238325282,0.9326355340848095,
184,20.45088566827697,26.382179280730007,12.466451959205582,14.304884594739667,7.27992485238862,5.5756843800322065,10.755501878690284,1.751207729468599,0.10064412238325282,0.9326355340848095,
185,20.491143317230275,26.362050456253353,12.466451959205582,14.284755770263017,7.27992485238862,5.5756843800322065,10.755501878690284,1.751207729468599,0.10064412238325282,0.9326355340848095,
186,20.491143317230275,26.34863123993559,12.412775093934513,14.244498121309716,7.568438003220612,5.5756843800322065,10.57434245840043,1.751207729468599,0.10064412238325282,0.9326355340848095,
187,19.712828770799785,27.4020397208803,12.016908212560386,14.036500268384327,7.555018786902845,5.58239398819109,10.916532474503489,1.751207729468599,0.10064412238325282,0.9259259259259259,
188,19.685990338164252,27.49597423510467,12.016908212560386,14.002952227589908,7.555018786902845,5.555555555555555,10.909822866344605,1.751207729468599,0.10064412238325282,0.9259259259259259,
189,19.746376811594203,27.469135802469136,12.016908212560386,14.002952227589908,7.541599570585078,5.555555555555555,10.889694041867955,1.751207729468599,0.10064412238325282,0.9259259259259259,
190,19.6256038647343,27.49597423510467,12.110842726784755,14.002952227589908,7.541599570585078,5.555555555555555,10.889694041867955,1.751207729468599,0.10064412238325282,0.9259259259259259,
191,19.47799248523886,27.395330112721417,12.332259796027913,13.935856146001074,7.467793880837359,5.481749865807837,11.064143853998926,1.7310789049919484,0.10064412238325282,1.0131508319914118,
192,19.49812130971551,27.36849168008588,12.332259796027913,13.92914653784219,7.467793880837359,5.481749865807837,11.077563070316694,1.7310789049919484,0.10064412238325282,1.0131508319914118,
193,19.43773483628556,26.972624798711756,12.27187332259796,14.439076757917338,7.353730542136339,5.763553408480945,10.997047772410092,1.6639828234031133,0.10064412238325282,0.9997316156736447,
194,19.464573268921097,26.898819108964037,12.238325281803542,14.42565754159957,7.461084272678476,5.763553408480945,10.983628556092324,1.6639828234031133,0.10064412238325282,0.9997316156736447,
195,19.565217391304348,26.82501341921632,12.157809983896941,14.55984970477724,7.27992485238862,5.743424584004294,10.943370907139023,1.8585614600107354,0.10064412238325282,0.966183574879227,
196,19.176060118089104,27.180622651637144,12.265163714439076,14.506172839506172,7.266505636070853,5.736714975845411,10.943370907139023,1.8585614600107354,0.10064412238325282,0.966183574879227,
197,19.269994632313473,26.932367149758456,12.23161567364466,14.42565754159957,7.37385936661299,5.730005367686527,11.11111111111111,1.8585614600107354,0.10064412238325282,0.966183574879227,
198,19.290123456790123,26.88539989264627,12.218196457326892,14.371980676328503,7.380568974771873,5.730005367686527,11.231884057971014,1.8585614600107354,0.10064412238325282,0.9326355340848095,
199,18.894256575415994,27.314814814814813,12.211486849168008,14.36527106816962,7.380568974771873,5.723295759527644,11.211755233494364,1.865271068169619,0.10064412238325282,0.9326355340848095,
200,18.92109500805153,27.294685990338163,12.211486849168008,14.36527106816962,7.380568974771873,5.71658615136876,11.211755233494364,1.865271068169619,0.10064412238325282,0.9326355340848095,
201,18.99490069779925,27.22758990874933,12.117552334943639,14.257917337627482,7.367149758454106,5.864197530864198,11.453301127214171,1.7176596886741815,0.10064412238325282,0.8990874932903918,
202,19.07541599570585,27.220880300590444,12.117552334943639,14.184111647879764,7.367149758454106,5.864197530864198,11.453301127214171,1.7176596886741815,0.10064412238325282,0.8990874932903918,
203,19.196188942565755,27.20746108427268,12.070585077831455,14.184111647879764,7.353730542136339,5.850778314546431,11.419753086419753,1.7176596886741815,0.10064412238325282,0.8990874932903918,
204,19.26328502415459,27.17391304347826,12.037037037037036,14.184111647879764,7.353730542136339,5.850778314546431,11.419753086419753,1.7176596886741815,0.10064412238325282,0.8990874932903918,
205,19.33709071390231,27.147074610842726,12.037037037037036,14.096886741814279,7.407407407407407,5.837359098228664,11.419753086419753,1.7176596886741815,0.10064412238325282,0.8990874932903918,
206,19.35721953837896,27.18733225979603,12.037037037037036,14.06333870101986,7.380568974771873,5.837359098228664,11.419753086419753,1.7176596886741815,0.10064412238325282,0.8990874932903918,
207,19.51825013419216,27.086688137412775,12.050456253354804,14.036500268384327,7.353730542136339,5.837359098228664,11.41304347826087,1.7042404723564144,0.10064412238325282,0.8990874932903918,
208,19.6256038647343,26.99946323134729,12.00348899624262,14.023081052066559,7.340311325818572,5.837359098228664,11.392914653784219,1.7444981213097155,0.10064412238325282,0.9326355340848095,
209,19.639023081052066,26.992753623188406,12.00348899624262,13.989533011272142,7.340311325818572,5.837359098228664,11.419753086419753,1.7444981213097155,0.10064412238325282,0.9326355340848095,
210,19.632313472893184,26.88539989264627,12.00348899624262,14.331723027375201,7.300053676865271,5.8239398819108965,11.245303274288782,1.7444981213097155,0.10064412238325282,0.9326355340848095,
211,19.558507783145465,26.778046162104133,12.00348899624262,14.325013419216317,7.48792270531401,5.8239398819108965,11.245303274288782,1.7444981213097155,0.10064412238325282,0.9326355340848095,
212,19.32367149758454,26.986044015029524,11.976650563607086,14.13714439076758,7.39398819108964,5.877616747181965,11.3191089640365,1.7444981213097155,0.10064412238325282,1.1406333870101986,
213,19.256575415995705,26.798174986580783,11.963231347289318,14.17740203972088,7.37385936661299,5.877616747181965,11.58749329039184,1.724369296833065,0.10064412238325282,1.1406333870101986,
214,19.33709071390231,26.717659688674182,11.943102522812667,14.143853998926463,7.48792270531401,5.837359098228664,11.58749329039184,1.7042404723564144,0.10064412238325282,1.1406333870101986,
215,19.45786366076221,26.690821256038646,11.943102522812667,14.123725174449811,7.447665056360709,5.803811057434245,11.58749329039184,1.7042404723564144,0.10064412238325282,1.1406333870101986,
216,19.47799248523886,26.670692431561996,11.929683306494901,14.103596349973161,7.447665056360709,5.803811057434245,11.621041331186259,1.7042404723564144,0.10064412238325282,1.1406333870101986,
217,19.410896403650028,26.570048309178745,11.855877616747183,14.083467525496511,7.729468599033816,5.904455179817498,11.500268384326356,1.7042404723564144,0.10064412238325282,1.1406333870101986,
218,19.524959742351047,26.455984970477726,11.855877616747183,14.15727321524423,7.689210950080516,5.904455179817498,11.466720343531938,1.7042404723564144,0.10064412238325282,1.1406333870101986,
219,19.43773483628556,26.29495437466452,12.037037037037036,14.304884594739667,7.716049382716049,5.904455179817498,11.426462694578637,1.7042404723564144,0.10064412238325282,1.0735373054213635,
220,19.47128287707998,26.288244766505635,12.030327428878154,14.304884594739667,7.702630166398282,5.904455179817498,11.426462694578637,1.6975308641975309,0.10064412238325282,1.0735373054213635,
221,19.545088566827697,26.154052603327965,11.922973698336017,14.74771873322598,7.5348899624261945,5.904455179817498,11.3191089640365,1.6975308641975309,0.10064412238325282,1.0735373054213635,
222,19.565217391304348,26.147342995169083,11.916264090177133,14.734299516908212,7.5348899624261945,5.897745571658615,11.29898013955985,1.7310789049919484,0.10064412238325282,1.0735373054213635,
223,19.753086419753085,26.03327965646806,11.855877616747183,14.727589908749328,7.581857219538379,5.857487922705314,11.285560923242082,1.7310789049919484,0.10064412238325282,1.0735373054213635,
224,19.786634460547504,25.999731615673646,11.855877616747183,14.546430488459475,7.588566827697263,5.857487922705314,11.460010735373054,1.7310789049919484,0.10064412238325282,1.0735373054213635,
225,19.920826623725173,25.91921631776704,11.855877616747183,14.492753623188406,7.588566827697263,5.850778314546431,11.446591519055287,1.7310789049919484,0.10064412238325282,1.093666129898014,
