,45,50,51,52,53,55,54,56,57
0,87.39935587761674,12.600644122383253,,,,,,,
1,86.50026838432636,13.499731615673644,,,,,,,
2,83.3064949006978,16.6935050993022,,,,,,,
3,82.60198604401504,17.398013955984972,,,,,,,
4,80.54884594739667,14.284755770263017,5.166398282340311,,,,,,
5,80.5756843800322,14.257917337627482,5.166398282340311,,,,,,
6,76.16747181964573,18.679549114331724,5.152979066022544,,,,,,
7,71.30971551261406,22.665056360708533,5.152979066022544,0.8722490606548577,,,,,
8,71.1688137412775,22.63150831991412,5.146269457863661,1.0534084809447128,,,,,
9,70.4844337090714,23.329307568438004,5.146269457863661,1.0399892646269457,,,,,
10,69.40418679549114,24.302200751476114,4.294149221685454,1.0399892646269457,0.9594739667203436,,,,
11,69.47128287707997,23.658078368223297,4.233762748255502,1.0399892646269457,1.596886741814278,,,,
12,68.54535695115405,24.58400429414922,4.233762748255502,1.0399892646269457,1.596886741814278,,,,
13,68.34406870638755,24.785292538915726,4.233762748255502,1.0399892646269457,1.596886741814278,,,,
14,63.53327965646806,29.62962962962963,4.200214707461084,1.0399892646269457,1.596886741814278,,,,
15,61.45330112721417,31.709608158883523,4.200214707461084,1.0399892646269457,1.596886741814278,,,,
16,60.648148148148145,28.650026838432634,8.064949006977992,1.0399892646269457,1.596886741814278,,,,
17,60.28582930756844,29.012345679012345,8.064949006977992,1.0399892646269457,1.596886741814278,,,,
18,58.823134728931834,28.75067096081589,9.796027911969942,1.0399892646269457,1.5901771336553945,,,,
19,58.943907675791735,28.63660762211487,9.702093397745571,1.0399892646269457,1.5901771336553945,0.08722490606548577,,,
20,59.024422973698336,28.556092324208265,10.057702630166398,1.0131508319914118,1.261406333870102,0.08722490606548577,,,
21,59.05126140633387,28.549382716049383,10.037573805689748,1.0131508319914118,1.261406333870102,0.08722490606548577,,,
22,59.084809447128286,28.515834675254965,10.037573805689748,1.0131508319914118,1.261406333870102,0.08722490606548577,,,
23,59.16532474503489,28.462157809983896,9.131776704240472,1.9524959742351047,1.2010198604401503,0.08722490606548577,,,
24,58.42055823939882,29.428341384863124,8.910359634997317,1.9524959742351047,1.2010198604401503,0.08722490606548577,,,
25,57.950885668276975,29.0727321524423,9.588030059044552,1.9524959742351047,1.2010198604401503,0.23483628556092323,,,
26,58.06494900697799,28.958668813741276,9.588030059044552,1.9524959742351047,1.2010198604401503,0.23483628556092323,,,
27,58.15888352120236,28.891572732152444,9.561191626409018,1.9524959742351047,1.2010198604401503,0.23483628556092323,,,
28,58.293075684380035,28.77750939345142,9.541062801932368,1.9457863660762211,1.093666129898014,0.23483628556092323,0.11406333870101985,,
29,45.967525496511,39.70746108427268,9.66183574879227,2.771068169618894,1.4559849704777241,0.322061191626409,0.11406333870101985,,
30,44.79334406870639,39.16398282340311,11.419753086419753,2.7308105206655933,1.4559849704777241,0.322061191626409,0.11406333870101985,,
31,42.1430488459474,29.086151368760063,24.235104669887278,2.7308105206655933,1.4559849704777241,0.23483628556092323,0.11406333870101985,,
32,42.20343531937735,29.025764895330113,24.235104669887278,2.7308105206655933,1.4559849704777241,0.23483628556092323,0.11406333870101985,,
33,41.41170155662909,26.932367149758456,27.046430488459475,2.6972624798711755,1.4559849704777241,0.23483628556092323,0.11406333870101985,0.10735373054213634,
34,41.45195920558239,27.046430488459475,26.918947933440688,2.6704240472356413,1.4559849704777241,0.23483628556092323,0.11406333870101985,0.10735373054213634,
35,40.774288781535155,28.978797638217927,26.25469672571122,2.3752012882447664,1.093666129898014,0.23483628556092323,0.11406333870101985,0.17444981213097155,
36,37.72141706924316,32.1658615136876,25.389157273215243,3.052871712292002,1.093666129898014,0.322061191626409,0.11406333870101985,0.14090177133655393,
37,37.86231884057971,31.910896403650028,25.281803542673106,3.052871712292002,1.3150831991411702,0.322061191626409,0.11406333870101985,0.14090177133655393,
38,38.04347826086956,31.863929146537842,25.187869028448738,3.0394524959742353,1.288244766505636,0.322061191626409,0.11406333870101985,0.14090177133655393,
39,31.729736983360173,41.10305958132045,21.390230810520666,3.0327428878153517,1.288244766505636,1.0869565217391304,0.2281266774020397,0.14090177133655393,
40,31.890767579173378,40.84809447128288,21.511003757380568,3.0327428878153517,1.288244766505636,1.0601180891035964,0.2281266774020397,0.14090177133655393,
41,31.072195383789587,40.13016639828234,23.007246376811594,2.9253891572732154,1.4358561460010735,1.0601180891035964,0.2281266774020397,0.14090177133655393,
42,31.166129898013956,40.09661835748792,22.946859903381643,2.9253891572732154,1.4358561460010735,1.0601180891035964,0.2281266774020397,0.14090177133655393,
43,29.924852388620504,39.22436929683307,22.168545356951153,2.9253891572732154,3.69699409554482,1.6908212560386473,0.2281266774020397,0.14090177133655393,
44,30.08588298443371,39.15727321524423,22.08132045088567,2.918679549114332,3.69699409554482,1.6908212560386473,0.2281266774020397,0.14090177133655393,
45,30.213365539452496,39.11701556629093,21.973966720343533,2.8650026838432634,3.69699409554482,1.6908212560386473,0.30193236714975846,0.14090177133655393,
46,30.280461621041333,38.59366612989801,21.947128287707997,3.3816425120772946,3.6902844873859366,1.6639828234031133,0.30193236714975846,0.14090177133655393,
47,30.42807300053677,38.479602791196996,21.93370907139023,3.361513687600644,3.6902844873859366,1.6639828234031133,0.30193236714975846,0.14090177133655393,
48,30.454911433172303,37.68786902844874,21.880032206119164,4.334406870638754,3.535963499731616,1.6639828234031133,0.30193236714975846,0.14090177133655393,
49,30.495169082125603,37.66774020397209,21.85990338164251,4.334406870638754,3.535963499731616,1.6639828234031133,0.30193236714975846,0.14090177133655393,
50,30.615942028985508,37.64761137949544,21.792807300053678,4.300858829844337,3.535963499731616,1.6639828234031133,0.30193236714975846,0.14090177133655393,
51,29.898013955984972,38.73456790123457,21.497584541062803,4.260601180891036,3.502415458937198,1.6639828234031133,0.30193236714975846,0.14090177133655393,
52,29.240472356414386,35.69511540526033,24.355877616747183,4.2203435319377345,3.260869565217391,1.6639828234031133,1.4224369296833066,0.14090177133655393,
53,27.79790660225443,38.6003757380569,24.214975845410628,4.052603327965647,2.6167471819645733,1.6639828234031133,0.9125067096081588,0.14090177133655393,
54,28.026033279656467,38.32528180354267,24.188137412775095,4.052603327965647,2.690552871712292,1.6639828234031133,0.9125067096081588,0.14090177133655393,
55,28.119967793880836,38.28502415458937,24.000268384326354,4.052603327965647,2.690552871712292,1.6639828234031133,0.9125067096081588,0.27509393451422437,
56,28.039452495974235,38.036768652710684,23.899624261943103,4.4820182501341925,2.690552871712292,1.6639828234031133,0.9125067096081588,0.27509393451422437,
57,28.093129361245303,37.78851315083199,23.899624261943103,4.4820182501341925,2.690552871712292,1.8585614600107354,0.9125067096081588,0.27509393451422437,
58,27.911969940955448,37.734836285560924,20.8467525496511,7.64224369296833,2.690552871712292,1.9927536231884058,0.9125067096081588,0.2683843263553409,
59,28.039452495974235,37.63419216317767,20.82662372517445,7.64224369296833,2.690552871712292,1.9860440150295222,0.9125067096081588,0.2683843263553409,
60,28.23403113258186,37.52012882447665,20.8064949006978,7.64224369296833,2.6301663982823404,1.9860440150295222,0.9125067096081588,0.2683843263553409,
61,26.603596349973163,34.99060654857756,26.33521202361782,6.857219538378959,2.167203435319377,1.9860440150295222,0.7917337627482555,0.2683843263553409,
62,26.690821256038646,34.97047772410091,26.301663982823403,6.823671497584541,2.167203435319377,1.9860440150295222,0.7917337627482555,0.2683843263553409,
63,26.88539989264627,34.80273752012882,26.288244766505635,6.810252281266774,2.167203435319377,1.9860440150295222,0.7917337627482555,0.2683843263553409,
64,27.066559312936125,34.52093397745572,26.288244766505635,6.810252281266774,2.167203435319377,2.086688137412775,0.7917337627482555,0.2683843263553409,
65,27.220880300590444,34.42028985507246,26.154052603327965,6.810252281266774,2.167203435319377,2.167203435319377,0.7917337627482555,0.2683843263553409,
66,27.294685990338163,34.42028985507246,26.147342995169083,6.743156199677939,2.167203435319377,2.167203435319377,0.7917337627482555,0.2683843263553409,
67,27.200751476113794,34.52093397745572,26.140633387010197,6.743156199677939,2.167203435319377,2.167203435319377,0.7917337627482555,0.2683843263553409,
68,27.395330112721417,34.33977455716586,26.039989264626946,6.743156199677939,2.1403650026838434,2.281266774020397,0.7917337627482555,0.2683843263553409,
69,27.489264626945786,34.17874396135266,26.019860440150296,6.716317767042405,2.2745571658615136,2.281266774020397,0.7917337627482555,0.24825550187869028,
70,27.556360708534623,34.16532474503489,25.99302200751476,6.689479334406871,2.2745571658615136,2.281266774020397,0.7917337627482555,0.24825550187869028,
71,27.616747181964573,34.15190552871712,25.946054750402578,6.561996779388084,2.26784755770263,2.281266774020397,0.7917337627482555,0.24825550187869028,0.13419216317767044
72,27.77777777777778,34.14519592055824,25.791733762748255,6.561996779388084,2.26784755770263,2.281266774020397,0.7917337627482555,0.24825550187869028,0.13419216317767044
73,27.82474503488996,34.14519592055824,25.77831454643049,6.561996779388084,2.26784755770263,2.24771873322598,0.7917337627482555,0.24825550187869028,0.13419216317767044
74,26.78475577026302,33.32662372517445,28.10654857756307,6.535158346752549,2.26784755770263,1.8786902844873858,0.7917337627482555,0.17444981213097155,0.13419216317767044
75,26.133923778851315,30.327428878153516,31.95115405260333,6.535158346752549,2.26784755770263,1.724369296833065,0.7514761137949544,0.17444981213097155,0.13419216317767044
76,26.194310252281266,30.05233494363929,31.89747718733226,6.521739130434782,2.26784755770263,1.8786902844873858,0.8789586688137413,0.17444981213097155,0.13419216317767044
77,26.241277509393452,29.95169082125604,30.01207729468599,7.716049382716049,2.26784755770263,1.8786902844873858,0.8789586688137413,0.9192163177670424,0.13419216317767044
78,26.41572732152442,29.87788513150832,29.978529253891573,7.675791733762749,2.26784755770263,1.8518518518518519,0.8789586688137413,0.9192163177670424,0.13419216317767044
79,26.576757917337627,28.327965646806227,29.367954911433173,7.675791733762749,4.280730005367687,1.8384326355340848,0.8789586688137413,0.9192163177670424,0.13419216317767044
80,26.778046162104133,28.327965646806227,29.260601180891037,7.581857219538379,4.280730005367687,1.8384326355340848,0.8789586688137413,0.9192163177670424,0.13419216317767044
81,26.85185185185185,27.046430488459475,29.200214707461082,10.413311862587225,2.7777777777777777,1.7981749865807837,0.8722490606548577,0.9057971014492754,0.13419216317767044
82,26.78475577026302,26.717659688674182,28.670155662909288,10.21202361782072,3.6634460547504024,1.7981749865807837,1.1137949543746646,0.9057971014492754,0.13419216317767044
83,26.85185185185185,26.684111647879764,28.670155662909288,10.21202361782072,3.6500268384326353,1.778046162104133,1.1137949543746646,0.9057971014492754,0.13419216317767044
84,27.053140096618357,26.583467525496513,28.475577026301664,10.19189479334407,3.5829307568438002,1.8451422436929683,1.2278582930756843,0.9057971014492754,0.13419216317767044
85,27.180622651637144,26.482823403113258,28.30112721417069,10.131508319914117,3.6634460547504024,1.8451422436929683,1.2278582930756843,1.0332796564680622,0.13419216317767044
86,27.38191089640365,26.39559849704777,27.84487385936661,10.131508319914117,4.005636070853462,1.8451422436929683,1.2278582930756843,1.0332796564680622,0.13419216317767044
87,27.355072463768117,26.36876006441224,27.91867954911433,10.131508319914117,3.9855072463768115,1.8451422436929683,1.2278582930756843,1.0332796564680622,0.13419216317767044
88,26.959205582393988,26.96591519055287,27.65029522275899,10.084541062801932,3.9855072463768115,1.8451422436929683,1.2278582930756843,1.1473429951690821,0.13419216317767044
89,27.066559312936125,26.67740203972088,27.509393451422437,10.48040794417606,3.911701556629093,1.8451422436929683,1.2278582930756843,1.1473429951690821,0.13419216317767044
90,26.717659688674182,24.55716586151369,28.5426731078905,12.493290391841116,3.8848631239935587,1.2949543746645196,1.2278582930756843,1.1473429951690821,0.13419216317767044
91,26.84514224369297,24.510198604401502,28.435319377348364,12.385936661298981,3.8848631239935587,1.2949543746645196,1.2278582930756843,1.2815351583467525,0.13419216317767044
92,26.7512077294686,24.12775093934514,27.361782071927,12.909286097691895,4.51556629092861,1.8115942028985508,1.2278582930756843,1.1607622114868492,0.13419216317767044
93,26.462694578636608,23.72517444981213,28.052871712292003,12.909286097691895,4.51556629092861,1.8115942028985508,1.2278582930756843,1.1607622114868492,0.13419216317767044
94,25.785024154589372,21.886741814278047,30.92458400429415,12.855609232420827,4.2270531400966185,1.8115942028985508,1.2278582930756843,1.1473429951690821,0.13419216317767044
95,25.87224906065486,21.91358024691358,30.810520665593128,12.855609232420827,4.2270531400966185,1.8115942028985508,1.2278582930756843,1.1473429951690821,0.13419216317767044
96,23.718464841653248,21.511003757380568,37.526838432635536,10.413311862587225,4.2270531400966185,1.1473429951690821,1.2278582930756843,0.2281266774020397,
97,23.839237788513152,21.477455716586153,36.66800858829844,10.352925389157273,4.2270531400966185,1.1473429951690821,1.2278582930756843,1.0601180891035964,
98,23.919753086419753,21.443907675791735,36.62775093934514,10.352925389157273,4.2203435319377345,1.1473429951690821,1.2278582930756843,1.0601180891035964,
99,24.235104669887278,20.994363929146537,36.44659151905529,9.339774557165862,4.2203435319377345,1.0332796564680622,2.6704240472356413,1.0601180891035964,
100,24.50348899624262,20.933977455716587,36.33923778851315,9.292807300053678,4.17337627482555,1.0332796564680622,2.6704240472356413,1.0534084809447128,
101,24.550456253354803,20.913848631239937,36.312399355877616,8.776167471819646,4.918142780461621,1.0332796564680622,2.442297369833602,1.0534084809447128,
102,24.59742351046699,20.759527643585614,35.91653247450349,8.715780998389693,4.891304347826087,1.1540526033279657,2.791196994095545,1.1741814278046163,
103,24.59742351046699,20.544820182501343,35.34621578099839,9.29951690821256,4.864465915190553,1.1205045625335481,3.052871712292002,1.1741814278046163,
104,24.610842726784757,20.611916264090176,35.33279656468062,9.286097691894794,4.810789049919484,1.1205045625335481,3.052871712292002,1.1741814278046163,
105,24.664519592055825,20.417337627482556,35.57434245840043,9.185453569511541,4.810789049919484,1.1205045625335481,3.052871712292002,1.1741814278046163,
106,24.718196457326894,20.41062801932367,35.487117552334944,9.333064949006978,4.797369833601718,1.1205045625335481,2.9589371980676327,1.1741814278046163,
107,24.530327428878152,20.38378958668814,33.00456253354804,12.661030595813205,4.797369833601718,1.1205045625335481,2.9589371980676327,0.5434782608695652,
108,24.114331723027377,18.793612453032743,32.88378958668814,15.888352120236178,4.17337627482555,0.8387010198604401,2.7643585614600106,0.5434782608695652,
109,24.235104669887278,18.646001073537306,32.830112721417066,15.854804079441761,4.314278046162104,0.8387010198604401,2.737520128824477,0.5434782608695652,
110,24.14787976382179,18.04884594739667,33.57487922705314,15.821256038647343,4.28743961352657,0.8387010198604401,2.737520128824477,0.5434782608695652,
111,24.335748792270532,18.00858829844337,33.51449275362319,15.438808373590982,4.28743961352657,0.8387010198604401,2.7106816961889426,0.8655394524959742,
112,24.52361782071927,17.941492216854535,33.319914117015564,15.405260332796564,4.253891572732153,0.8387010198604401,2.7106816961889426,1.0064412238325282,
113,24.812130971551262,17.787171229200215,32.99785292538916,15.391841116478798,4.253891572732153,0.8387010198604401,2.7106816961889426,1.2077294685990339,
114,24.718196457326894,18.075684380032207,32.890499194847024,15.365002683843263,4.253891572732153,0.8387010198604401,2.6502952227589907,1.2077294685990339,
115,24.805421363392377,18.00858829844337,31.682769726247987,15.351583467525497,4.253891572732153,1.9726247987117553,2.7442297369833604,1.1808910359634996,
116,24.90606548577563,18.00187869028449,31.5955448201825,15.344873859366613,4.253891572732153,1.9726247987117553,2.7442297369833604,1.1808910359634996,
117,23.07434245840043,20.242887815351583,30.951422436929683,15.24422973698336,4.341116478797638,1.932367149758454,3.0327428878153517,1.1808910359634996,
118,21.329844337090712,22.356414385399894,30.60252281266774,15.083199141170155,4.341116478797638,1.9793344068706387,3.126677402039721,1.1808910359634996,
119,21.410359634997317,22.342995169082126,30.42807300053677,15.076489533011273,4.341116478797638,1.9793344068706387,3.126677402039721,1.2949543746645196,
120,21.692163177670423,22.342995169082126,30.19994632313473,15.029522275899087,4.341116478797638,1.9793344068706387,3.126677402039721,1.288244766505636,
121,20.43075684380032,28.589640365002683,29.522275899087493,11.66129898013956,2.9253891572732154,1.7847557702630166,3.938539989264627,1.1473429951690821,
122,20.578368223295758,28.589640365002683,29.374664519592056,11.66129898013956,2.9253891572732154,1.7847557702630166,3.938539989264627,1.1473429951690821,
123,20.632045088566827,28.56280193236715,29.347826086956523,11.66129898013956,2.9253891572732154,1.7847557702630166,3.938539989264627,1.1473429951690821,
124,20.699141170155663,28.475577026301664,29.0727321524423,11.634460547504025,2.9253891572732154,1.8451422436929683,3.938539989264627,1.4090177133655395,
125,20.893719806763286,28.421900161030596,28.972088030059044,11.621041331186259,2.9253891572732154,1.8451422436929683,3.92512077294686,1.3955984970477724,
126,21.061460010735374,28.35480407944176,28.904991948470208,11.600912506709609,2.9253891572732154,1.8317230273752012,3.92512077294686,1.3955984970477724,
127,20.517981749865807,26.31508319914117,31.219806763285025,11.272141706924316,2.898550724637681,2.4355877616747184,3.92512077294686,1.415727321524423,
128,20.544820182501343,26.301663982823403,31.206387546967257,11.272141706924316,2.898550724637681,2.4355877616747184,3.92512077294686,1.415727321524423,
129,20.33011272141707,26.221148684916802,31.863929146537842,10.963499731615673,2.85829307568438,2.4355877616747184,3.911701556629093,1.415727321524423,
130,20.162372517444982,26.221148684916802,31.447933440687063,10.802469135802468,2.85829307568438,2.563070316693505,4.528985507246377,1.415727321524423,
131,20.202630166398283,25.39586688137413,32.367149758454104,10.775630703166936,2.85829307568438,2.563070316693505,4.42163177670424,1.415727321524423,
132,20.497852925389157,25.369028448738593,32.31347289318304,10.68840579710145,2.831454643048846,2.462426194310252,4.42163177670424,1.415727321524423,
133,20.544820182501343,25.0402576489533,32.29334406870639,10.654857756307031,2.831454643048846,2.589908749329039,4.62962962962963,1.415727321524423,
134,20.517981749865807,25.013419216317768,32.038378958668815,10.654857756307031,2.8113258185721954,2.918679549114332,4.62962962962963,1.415727321524423,
135,20.591787439613526,25.013419216317768,32.038378958668815,10.628019323671497,2.8113258185721954,2.9119699409554483,4.5893719806763285,1.415727321524423,
136,20.75281803542673,24.973161567364468,31.984702093397747,10.601180891035963,2.791196994095545,2.8918411164787976,4.5893719806763285,1.415727321524423,
137,20.511272141706925,24.335748792270532,31.548577563070317,10.601180891035963,4.133118625872249,2.871712292002147,4.582662372517445,1.415727321524423,
138,20.21604938271605,23.946591519055286,32.25308641975309,10.581052066559312,4.133118625872249,2.871712292002147,4.582662372517445,1.415727321524423,
139,20.457595276435857,23.886205045625335,32.14573268921095,10.581052066559312,4.0995705850778315,2.831454643048846,4.582662372517445,1.415727321524423,
140,20.155662909286097,26.570048309178745,28.99892646269458,11.386205045625335,4.05931293612453,2.831454643048846,4.582662372517445,1.415727321524423,
141,20.101986044015028,26.194310252281266,29.750402576489535,11.09098228663446,4.05931293612453,2.831454643048846,4.555823939881911,1.415727321524423,
142,20.323403113258184,26.019860440150296,29.71014492753623,11.09098228663446,4.05931293612453,2.831454643048846,4.549114331723027,1.415727321524423,
143,20.471014492753625,25.97289318303811,29.676596886741816,11.057434245840042,4.05931293612453,2.831454643048846,4.549114331723027,1.3821792807300053,
144,20.598497047772412,25.95276435856146,29.62962962962963,11.017176596886742,4.05931293612453,2.8113258185721954,4.549114331723027,1.3821792807300053,
145,20.90042941492217,25.89908749329039,29.448470209339774,10.950080515297907,4.05931293612453,2.8113258185721954,4.549114331723027,1.3821792807300053,
146,21.034621578099838,25.885668276972623,29.448470209339774,10.856146001073537,4.032474503488996,2.8113258185721954,4.549114331723027,1.3821792807300053,
147,21.16881374127751,25.85882984433709,29.421631776704242,10.829307568438002,4.086151368760064,2.8113258185721954,4.441760601180891,1.3821792807300053,
148,21.22249060654858,25.81857219538379,29.421631776704242,10.829307568438002,4.072732152442297,2.8113258185721954,4.441760601180891,1.3821792807300053,
149,21.4573268921095,25.764895330112722,29.414922168545356,10.715244229736983,4.072732152442297,2.804616210413312,4.388083735909823,1.3821792807300053,
150,21.611647879763822,25.751476113794954,29.361245303274288,10.7085346215781,3.992216854535695,2.804616210413312,4.388083735909823,1.3821792807300053,
151,21.732420826623724,25.717928073000536,29.28743961352657,10.695115405260333,3.992216854535695,2.804616210413312,4.388083735909823,1.3821792807300053,
152,21.69887278582931,25.261674718196456,30.059044551798173,10.554213633923778,3.992216854535695,2.804616210413312,4.247181964573269,1.3821792807300053,
153,22.020933977455716,25.127482555018787,29.891304347826086,10.540794417606012,3.992216854535695,2.804616210413312,4.240472356414386,1.3821792807300053,
154,22.25577026301664,24.9194847020934,29.790660225442835,10.466988727858293,3.992216854535695,2.952227589908749,4.240472356414386,1.3821792807300053,
155,22.363123993558776,24.315619967793882,29.757112184648417,10.359634997316157,3.992216854535695,3.603059581320451,4.2270531400966185,1.3821792807300053,
156,22.457058507783145,24.27536231884058,29.643048845947398,10.305958132045088,3.992216854535695,3.603059581320451,4.2270531400966185,1.4962426194310252,
157,22.611379495437465,24.214975845410628,29.455179817498657,10.305958132045088,4.086151368760064,3.603059581320451,4.2270531400966185,1.4962426194310252,
158,22.859634997316157,24.134460547504027,29.441760601180892,10.299248523886206,4.066022544283414,3.488996242619431,4.213633923778851,1.4962426194310252,
159,22.034353193773484,25.05367686527107,29.381374127750938,10.285829307568438,4.066022544283414,3.4688674181427803,4.213633923778851,1.4962426194310252,
160,22.188674181427803,25.0,28.690284487385938,10.225442834138486,4.770531400966184,3.4621578099838968,4.186795491143317,1.4761137949543746,
161,22.289318303811058,24.859098228663445,28.683574879227052,10.225442834138486,4.703435319377348,3.5762211486849167,4.186795491143317,1.4761137949543746,
162,21.631776704240472,24.46323134728932,30.159688674181428,10.225442834138486,4.455179817498658,3.5762211486849167,3.797638217928073,1.6908212560386473,
163,21.35668276972625,24.14117015566291,30.897745571658614,10.124798711755233,4.455179817498658,3.5762211486849167,3.797638217928073,1.6505636070853462,
164,21.70558239398819,23.89291465378422,30.783682232957595,10.124798711755233,4.38137412775094,3.6634460547504024,3.797638217928073,1.6505636070853462,
165,21.62506709608159,23.58427267847558,30.71658615136876,10.762211486849168,4.38137412775094,3.629898013955985,3.6500268384326353,1.6505636070853462,
166,21.544551798174986,23.523886205045624,31.15271068169619,10.466988727858293,4.38137412775094,3.603059581320451,3.7104133118625873,1.6170155662909287,
167,21.866612989801396,23.289049919484704,31.112453032742888,10.420021470746109,4.38137412775094,3.603059581320451,3.7104133118625873,1.6170155662909287,
168,21.967257112184647,23.15485775630703,31.186258722490606,10.413311862587225,4.274020397208803,3.603059581320451,3.784219001610306,1.6170155662909287,
169,22.094739667203434,23.040794417606012,31.166129898013956,10.413311862587225,4.200214707461084,3.683574879227053,3.784219001610306,1.6170155662909287,
170,22.249060654857757,22.69860440150295,30.233494363929147,10.319377348362856,4.938271604938271,3.8043478260869565,4.193505099302201,1.5633387010198605,
171,22.322866344605476,22.517444981213096,30.17981749865808,10.795759527643586,4.938271604938271,3.7909286097691894,3.8915727321524423,1.5633387010198605,
172,22.38996242619431,22.34970477724101,30.059044551798173,10.560923242082662,4.938271604938271,3.7909286097691894,3.8915727321524423,2.01959205582394,
173,22.470477724100913,22.18196457326892,30.03220611916264,10.560923242082662,5.052334943639291,3.7909286097691894,3.8915727321524423,2.01959205582394,
174,22.450348899624263,22.14170692431562,30.005367686527105,10.534084809447128,5.018786902844874,3.7909286097691894,4.03918411164788,2.01959205582394,
175,22.537573805689746,22.088030059044552,29.97181964573269,10.534084809447128,5.018786902844874,3.7909286097691894,4.03918411164788,2.01959205582394,
176,22.644927536231883,22.020933977455716,29.95169082125604,10.534084809447128,5.018786902844874,3.7909286097691894,4.019055287171229,2.01959205582394,
177,22.443639291465377,21.953837895866883,29.07944176060118,10.513955984970478,4.99194847020934,3.7909286097691894,5.2066559312936125,2.01959205582394,
178,22.289318303811058,21.068169618894256,28.65673644659152,12.164519592055823,4.9718196457326895,3.6231884057971016,5.2066559312936125,2.01959205582394,
179,22.31615673644659,21.054750402576488,28.65673644659152,12.164519592055823,4.958400429414922,3.6231884057971016,5.2066559312936125,2.01959205582394,
180,22.564412238325282,21.00107353730542,28.576221148684915,12.130971551261407,4.938271604938271,3.5829307568438002,5.199946323134729,2.006172839506173,
181,22.69189479334407,20.94068706387547,28.56280193236715,12.110842726784755,4.938271604938271,3.5829307568438002,5.166398282340311,2.006172839506173,
182,22.685185185185187,20.491143317230275,28.32125603864734,11.788781535158346,4.938271604938271,4.602791196994096,5.166398282340311,2.006172839506173,
183,22.75228126677402,20.46430488459474,28.32125603864734,11.788781535158346,4.898013955984971,4.602791196994096,5.166398282340311,2.006172839506173,
184,22.839506172839506,20.46430488459474,28.23403113258186,11.788781535158346,4.898013955984971,4.602791196994096,5.166398282340311,2.006172839506173,
185,22.65834675254965,20.323403113258184,29.01905528717123,11.75523349436393,4.468599033816425,4.602791196994096,5.166398282340311,2.006172839506173,
186,22.745571658615138,19.981213097155127,28.965378421900162,11.75523349436393,4.750402576489533,4.62962962962963,5.166398282340311,2.006172839506173,
187,22.832796564680624,19.97450348899624,28.945249597423512,11.735104669887278,4.750402576489533,4.602791196994096,5.152979066022544,2.006172839506173,
188,23.05421363392378,19.961084272678477,28.911701556629094,11.694847020933977,4.804079441760601,4.575952764358561,4.998658078368224,1.9994632313472893,
189,23.235373054213635,19.94766505636071,28.83118625872249,11.694847020933977,4.783950617283951,4.549114331723027,4.958400429414922,1.9994632313472893,
190,23.470209339774556,19.920826623725173,28.65673644659152,11.694847020933977,4.783950617283951,4.549114331723027,4.958400429414922,1.9659151905528718,
191,23.32259796027912,19.900697799248523,28.18035426731079,11.66129898013956,4.783950617283951,5.267042404723564,4.958400429414922,1.9256575415995705,
192,23.382984433709073,19.900697799248523,28.14009661835749,11.66129898013956,4.783950617283951,5.267042404723564,4.958400429414922,1.90552871712292,
193,23.450080515297905,19.578636607622116,28.113258185721953,11.600912506709609,4.777241009125067,5.542136339237788,5.032206119162641,1.90552871712292,
194,23.463499731615673,19.565217391304348,28.113258185721953,11.600912506709609,4.777241009125067,5.542136339237788,5.032206119162641,1.90552871712292,
195,23.792270531400966,19.538378958668815,28.019323671497585,11.399624261943103,4.777241009125067,5.535426731078905,5.032206119162641,1.90552871712292,
196,23.423242082662373,19.37734836285561,27.697262479871174,11.265432098765432,5.884326355340848,5.515297906602254,5.025496511003757,1.8115942028985508,
197,23.51046698872786,19.35721953837896,27.68384326355341,11.265432098765432,5.884326355340848,5.481749865807837,5.005367686527107,1.8115942028985508,
198,23.67149758454106,19.33709071390231,27.643585614600106,11.211755233494364,5.884326355340848,5.4549114331723025,5.092592592592593,1.7042404723564144,
199,23.731884057971016,19.33709071390231,27.61003757380569,11.211755233494364,5.857487922705314,5.4549114331723025,5.092592592592593,1.7042404723564144,
200,23.95330112721417,19.256575415995705,27.482555018786904,11.171497584541063,5.991680085882985,5.347557702630167,5.092592592592593,1.7042404723564144,
201,24.114331723027377,19.182769726247987,27.3215244229737,11.151368760064413,5.991680085882985,5.320719269994632,5.213365539452496,1.7042404723564144,
202,24.322329575952764,19.229736983360173,27.20746108427268,10.970209339774557,6.092324208266238,5.267042404723564,5.213365539452496,1.6975308641975309,
203,24.50348899624262,19.202898550724637,27.079978529253893,10.963499731615673,6.092324208266238,5.246913580246914,5.213365539452496,1.6975308641975309,
204,24.59742351046699,19.176060118089104,27.079978529253893,10.929951690821255,6.085614600107354,5.139559849704777,5.293880837359098,1.6975308641975309,
205,24.792002147074612,19.129092860976918,26.972624798711756,10.929951690821255,6.045356951154052,5.139559849704777,5.293880837359098,1.6975308641975309,
206,24.879227053140095,19.082125603864736,26.94578636607622,10.929951690821255,6.031937734836285,5.139559849704777,5.293880837359098,1.6975308641975309,
207,25.05367686527107,19.048577563070317,26.81159420289855,10.909822866344605,6.105743424584004,5.0791733762748255,5.293880837359098,1.6975308641975309,
208,25.281803542673106,18.887546967257112,26.78475577026302,10.909822866344605,6.105743424584004,5.0791733762748255,5.267042404723564,1.6841116478797638,
209,25.37573805689748,18.86070853462158,26.757917337627482,10.88298443370907,6.092324208266238,5.0791733762748255,5.267042404723564,1.6841116478797638,
210,25.288513150831992,18.69296833064949,26.630434782608695,10.695115405260333,6.870638754696726,4.891304347826087,5.246913580246914,1.6841116478797638,
211,25.389157273215243,18.451422436929683,26.221148684916802,10.695115405260333,7.50805152979066,4.891304347826087,5.159688674181428,1.6841116478797638,
212,25.39586688137413,18.451422436929683,26.221148684916802,10.735373054213634,7.50805152979066,4.85775630703167,5.146269457863661,1.6841116478797638,
213,25.51663982823403,18.417874396135264,26.174181427804616,10.735373054213634,7.50805152979066,4.85775630703167,5.119431025228127,1.6706924315619969,
214,25.503220611916262,18.38432635534085,25.865539452495973,10.63472893183038,7.568438003220612,4.8376274825550185,5.770263016639828,1.4358561460010735,
215,25.691089640365004,18.303811057434245,25.831991411701555,10.587761674718196,7.48792270531401,4.804079441760601,6.031937734836285,1.261406333870102,
216,25.811862587224905,17.693236714975846,26.39559849704777,10.554213633923778,7.481213097155126,4.804079441760601,5.998389694041868,1.261406333870102,
217,25.959473966720342,17.59259259259259,26.462694578636608,10.554213633923778,7.407407407407407,4.7638217928073,5.998389694041868,1.261406333870102,
218,26.093666129898015,17.51207729468599,26.41572732152442,10.547504025764896,7.407407407407407,4.7638217928073,5.998389694041868,1.261406333870102,
219,26.247987117552334,17.444981213097154,26.35534084809447,10.534084809447128,7.407407407407407,4.750402576489533,5.998389694041868,1.261406333870102,
220,26.32850241545894,17.418142780461622,26.31508319914117,10.520665593129362,7.407407407407407,4.750402576489533,5.998389694041868,1.261406333870102,
221,26.422436929683307,17.404723564143854,26.281535158346752,10.520665593129362,7.37385936661299,4.736983360171766,5.998389694041868,1.261406333870102,
222,26.684111647879764,17.236983360171767,26.221148684916802,10.466988727858293,7.353730542136339,4.7101449275362315,6.0654857756307035,1.261406333870102,
223,26.77133655394525,17.196725711218466,26.194310252281266,10.466988727858293,7.347020933977456,4.7101449275362315,6.052066559312936,1.261406333870102,
224,26.583467525496513,17.143048845947398,26.160762211486848,11.05072463768116,7.326892109500805,4.7101449275362315,5.763553408480945,1.261406333870102,
225,26.78475577026302,17.10950080515298,26.08695652173913,10.963499731615673,7.326892109500805,4.7101449275362315,5.763553408480945,1.2546967257112185,
226,26.73107890499195,16.854535695115406,26.006441223832528,10.950080515297907,7.273215244229737,4.7101449275362315,6.233225979602791,1.2412775093934514,
227,26.898819108964037,16.820987654320987,25.831991411701555,10.943370907139023,7.246376811594203,4.7101449275362315,6.3070316693505095,1.2412775093934514,
228,27.126945786366075,16.6935050993022,25.55018786902845,11.231884057971014,7.232957595276436,4.683306494900698,6.266774020397209,1.2144390767579174,
229,27.15378421900161,16.6935050993022,25.55018786902845,11.345947396672035,7.092055823939882,4.683306494900698,6.266774020397209,1.2144390767579174,
230,27.200751476113794,16.680085882984432,25.41599570585078,11.305689747718732,7.085346215780999,4.683306494900698,6.266774020397209,1.3620504562533549,
231,27.563070316693505,16.55931293612453,25.261674718196456,11.285560923242082,7.03166935050993,4.683306494900698,6.266774020397209,1.3486312399355878,
232,27.603327965646805,16.552603327965645,25.07380568974772,10.976918947933441,7.03166935050993,5.307300053676865,6.260064412238325,1.1943102522812667,
233,27.66371443907676,16.525764895330113,25.07380568974772,10.943370907139023,7.03166935050993,5.307300053676865,6.260064412238325,1.1943102522812667,
234,27.83816425120773,16.525764895330113,25.006709608158882,10.93666129898014,7.03166935050993,5.307300053676865,6.206387546967257,1.1473429951690821,
235,28.046162104133117,16.438539989264626,24.892646269457863,10.929951690821255,7.03166935050993,5.307300053676865,6.206387546967257,1.1473429951690821,
236,28.14680622651637,16.358024691358025,24.838969404186795,10.976918947933441,7.03166935050993,5.293880837359098,6.206387546967257,1.1473429951690821,
237,28.267579173376276,16.358024691358025,24.805421363392377,10.950080515297907,7.011540526033279,5.293880837359098,6.1929683306494905,1.1205045625335481,
238,28.361513687600645,16.317767042404725,24.778582930756844,10.93666129898014,6.998121309715513,5.293880837359098,6.1929683306494905,1.1205045625335481,
239,28.442028985507246,16.317767042404725,24.718196457326894,10.93666129898014,6.998121309715513,5.287171229200215,6.179549114331723,1.1205045625335481,
240,28.670155662909288,16.203703703703702,24.698067632850243,10.86285560923242,6.977992485238862,5.287171229200215,6.179549114331723,1.1205045625335481,
241,28.73054213633924,16.19699409554482,24.67793880837359,10.86285560923242,6.957863660762212,5.280461621041331,6.172839506172839,1.1205045625335481,
242,29.005636070853463,16.183574879227052,24.58400429414922,10.86285560923242,6.877348362855609,5.193236714975845,6.172839506172839,1.1205045625335481,
243,29.045893719806763,16.183574879227052,24.570585077831456,10.86285560923242,6.850509930220075,5.193236714975845,6.172839506172839,1.1205045625335481,
244,29.20692431561997,16.150026838432634,24.44981213097155,10.86285560923242,6.843800322061192,5.193236714975845,6.172839506172839,1.1205045625335481,
245,29.367954911433173,16.109769189479334,24.402844873859365,10.836017176596886,6.843800322061192,5.193236714975845,6.125872249060655,1.1205045625335481,
246,29.374664519592056,16.06280193236715,24.342458400429415,10.836017176596886,6.843800322061192,5.159688674181428,6.260064412238325,1.1205045625335481,
247,29.47530864197531,16.06280193236715,24.288781535158346,10.836017176596886,6.796833064949007,5.159688674181428,6.260064412238325,1.1205045625335481,
248,29.736983360171767,16.049382716049383,24.208266237251745,10.795759527643586,6.776704240472356,5.10601180891036,6.206387546967257,1.1205045625335481,
249,29.790660225442835,16.049382716049383,24.208266237251745,10.795759527643586,6.776704240472356,5.052334943639291,6.206387546967257,1.1205045625335481,
250,29.918142780461622,15.921900161030596,23.993558776167472,10.742082662372518,6.743156199677939,5.267042404723564,6.293612453032743,1.1205045625335481,
251,29.99194847020934,15.727321524422974,23.845947396672035,11.030595813204508,6.743156199677939,5.267042404723564,6.273483628556092,1.1205045625335481,
252,30.01207729468599,15.707192699946322,23.845947396672035,11.030595813204508,6.743156199677939,5.267042404723564,6.273483628556092,1.1205045625335481,
253,30.099302200751477,15.70048309178744,23.792270531400966,11.010466988727858,6.743156199677939,5.267042404723564,6.266774020397209,1.1205045625335481,
254,29.770531400966185,16.203703703703702,23.74530327428878,10.990338164251208,6.6760601180891035,5.24020397208803,6.253354804079442,1.1205045625335481,
255,29.837627482555018,16.203703703703702,23.738593666129898,10.970209339774557,6.6760601180891035,5.24020397208803,6.213097155126141,1.1205045625335481,
256,30.079173376274827,16.009125067096083,23.711755233494365,10.997047772410092,6.6760601180891035,5.233494363929147,6.213097155126141,1.0802469135802468,
257,30.099302200751477,16.009125067096083,23.711755233494365,10.997047772410092,6.6760601180891035,5.226784755770263,6.199677938808374,1.0802469135802468,
258,30.246913580246915,15.881642512077295,23.70504562533548,10.997047772410092,6.6760601180891035,5.226784755770263,6.1862587224906065,1.0802469135802468,
259,30.253623188405797,15.848094471282877,23.70504562533548,10.929951690821255,6.78341384863124,5.213365539452496,6.1862587224906065,1.0802469135802468,
260,30.314009661835748,15.76086956521739,23.67149758454106,10.896403650026839,6.78341384863124,5.213365539452496,6.280193236714976,1.0802469135802468,
261,30.401234567901234,15.707192699946322,23.658078368223297,10.88298443370907,6.776704240472356,5.213365539452496,6.280193236714976,1.0802469135802468,
262,30.495169082125603,15.687063875469672,23.62453032742888,10.815888352120236,6.776704240472356,5.199946323134729,6.239935587761675,1.1607622114868492,
263,30.64278046162104,15.640096618357488,23.62453032742888,10.815888352120236,6.756575415995706,5.193236714975845,6.239935587761675,1.0869565217391304,
264,30.85077831454643,15.573000536768653,23.51046698872786,10.815888352120236,6.756575415995706,5.193236714975845,6.213097155126141,1.0869565217391304,
265,31.01851851851852,15.573000536768653,23.51046698872786,10.789049919484702,6.662640901771336,5.146269457863661,6.213097155126141,1.0869565217391304,
266,31.226516371443907,15.559581320450885,23.362855609232422,10.742082662372518,6.662640901771336,5.146269457863661,6.213097155126141,1.0869565217391304,
267,31.300322061191626,15.559581320450885,23.242082662372518,10.742082662372518,6.602254428341385,5.253623188405797,6.213097155126141,1.0869565217391304,
268,31.36070853462158,15.539452495974235,23.21524422973698,10.72866344605475,6.602254428341385,5.253623188405797,6.213097155126141,1.0869565217391304,
269,31.528448738593667,15.5126140633387,23.09447128287708,10.721953837895867,6.575415995705851,5.287171229200215,6.1929683306494905,1.0869565217391304,
