,45,50,53,55,52,51,54,56
0,100.0,,,,,,,
1,94.6256038647343,5.374396135265701,,,,,,
2,92.38459473966721,7.615405260332796,,,,,,
3,92.512077294686,7.48792270531401,,,,,,
4,85.61460010735372,14.38539989264627,,,,,,
5,85.69511540526034,14.304884594739667,,,,,,
6,83.80971551261406,16.190284487385938,,,,,,
7,82.49463231347289,17.505367686527105,,,,,,
8,77.63016639828234,22.23564143853999,0.13419216317767044,,,,,
9,76.19431025228127,23.429951690821255,0.13419216317767044,0.24154589371980675,,,,
10,72.85963499731616,26.764626945786365,0.13419216317767044,0.24154589371980675,,,,
11,70.22275899087494,26.301663982823403,0.13419216317767044,,3.3413848631239937,,,
12,70.0684380032206,26.455984970477726,0.13419216317767044,,3.3413848631239937,,,
13,70.51127214170693,26.039989264626946,0.13419216317767044,,3.3145464304884595,,,
14,68.71980676328502,28.039452495974235,0.13419216317767044,,3.1065485775630703,,,
15,63.479602791196996,33.279656468062264,0.13419216317767044,,3.1065485775630703,,,
16,63.868760064412236,32.890499194847024,0.13419216317767044,,3.1065485775630703,,,
17,64.17740203972087,32.37385936661299,0.13419216317767044,0.27509393451422437,3.0394524959742353,,,
18,64.3719806763285,32.340311325818575,0.13419216317767044,0.14761137949543746,3.0059044551798175,,,
19,62.31213097155126,34.41358024691358,0.13419216317767044,0.13419216317767044,3.0059044551798175,,,
20,62.533548040794415,32.86366076221149,0.13419216317767044,0.13419216317767044,4.334406870638754,,,
21,62.875738056897475,32.52147074610843,0.13419216317767044,0.13419216317767044,4.334406870638754,,,
22,62.17793880837359,32.94417606011809,0.13419216317767044,0.13419216317767044,4.30756843800322,0.30193236714975846,,
23,61.44659151905529,33.682232957595275,0.13419216317767044,0.13419216317767044,4.300858829844337,0.30193236714975846,,
24,60.75550187869028,32.54159957058508,0.13419216317767044,0.13419216317767044,4.28743961352657,2.147074610842727,,
25,60.84272678475577,31.07890499194847,0.13419216317767044,0.13419216317767044,4.28743961352657,3.5225442834138487,,
26,61.06414385399893,30.877616747181964,0.13419216317767044,0.13419216317767044,4.280730005367687,3.5091250670960816,,
27,60.265700483091784,31.756575415995705,0.13419216317767044,0.13419216317767044,4.260601180891036,3.44873859366613,,
28,58.272946859903385,31.53515834675255,0.13419216317767044,0.13419216317767044,3.3548040794417604,5.059044551798175,1.5096618357487923,
29,58.58829844337091,31.300322061191626,0.13419216317767044,0.13419216317767044,3.3413848631239937,4.99194847020934,1.5096618357487923,
30,48.74530327428878,41.22383252818035,0.13419216317767044,0.13419216317767044,3.3011272141706924,4.958400429414922,1.5029522275899088,
31,47.08132045088567,40.747450348899626,0.13419216317767044,0.13419216317767044,2.9924852388620504,8.628556092324208,0.28180354267310787,
32,45.8064949006978,42.11621041331186,0.13419216317767044,0.13419216317767044,2.9790660225442833,8.55475040257649,0.27509393451422437,
33,40.351583467525494,48.13472893183038,0.13419216317767044,,3.1065485775630703,7.997852925389157,0.27509393451422437,
34,39.11701556629093,49.53032742887815,0.13419216317767044,,3.1065485775630703,7.836822329575953,0.27509393451422437,
35,39.57997852925389,49.19484702093398,0.13419216317767044,,3.099838969404187,7.716049382716049,0.27509393451422437,
36,39.96913580246913,48.68491680085883,0.13419216317767044,,3.079710144927536,7.716049382716049,0.41599570585077833,
37,40.203972088030056,46.61835748792271,1.06682769726248,,4.569243156199678,7.125603864734299,0.41599570585077833,
38,40.76086956521739,46.22920021470746,1.0601180891035964,,4.488727858293076,6.662640901771336,0.798443370907139,
39,38.61379495437466,48.39640365002684,1.0534084809447128,,4.488727858293076,6.649221685453569,0.798443370907139,
40,38.788244766505635,47.96027911969941,1.402308105206656,,4.461889425657541,6.588835212023618,0.798443370907139,
41,39.05662909286098,47.457058507783145,1.402308105206656,,4.448470209339774,6.843800322061192,0.7917337627482555,
42,39.34514224369297,46.947128287708,1.3754696725711217,,4.3545356951154055,6.904186795491143,0.7917337627482555,0.28180354267310787
43,39.55984970477724,46.19565217391305,1.3754696725711217,,4.274020397208803,7.521470746108427,0.7917337627482555,0.28180354267310787
44,39.76784755770263,43.585614600107355,0.7716049382716049,,6.816961889425658,7.7898550724637685,0.9863123993558777,0.28180354267310787
45,38.90230810520666,37.90257648953301,0.7045088566827697,,6.461352657004831,15.24422973698336,0.785024154589372,
46,36.64787976382179,36.74852388620504,0.7045088566827697,,5.917874396135265,19.196188942565755,0.785024154589372,
47,35.61460010735373,36.37278582930757,0.7045088566827697,,5.407944176060118,21.115136876006442,0.785024154589372,
48,36.030595813204506,36.28556092324208,0.7045088566827697,,5.374396135265701,20.873590982286636,0.7313472893183038,
49,35.81588835212023,34.92351046698873,0.7045088566827697,,5.314009661835748,22.510735373054214,0.7313472893183038,
50,36.40633387010199,34.60144927536232,0.6910896403650026,,5.260332796564681,22.309447128287708,0.7313472893183038,
51,36.500268384326354,34.70880300590446,0.6910896403650026,,5.2066559312936125,22.16183574879227,0.7313472893183038,
52,36.71497584541063,33.9573268921095,0.6910896403650026,,5.092592592592593,22.611379495437465,0.9326355340848095,
53,37.043746645195924,33.87010198604401,0.6843800322061192,,5.072463768115942,22.396672034353195,0.9326355340848095,
54,36.480139559849704,33.01798174986581,0.6843800322061192,,4.824208266237251,23.74530327428878,1.247987117552335,
55,36.808910359635,32.45437466451959,1.3754696725711217,,4.824208266237251,21.712292002147073,2.8247450348899625,
56,35.7085346215781,30.05233494363929,2.85829307568438,,4.824208266237251,23.879495437466453,2.677133655394525,
57,36.198336017176594,29.770531400966185,2.831454643048846,,4.797369833601718,23.72517444981213,2.677133655394525,
58,36.09769189479334,30.475040257648953,2.3617820719269993,1.724369296833065,4.790660225442834,21.886741814278047,2.6637144390767578,
59,33.44739667203435,34.09151905528717,2.341653247450349,1.9524959742351047,4.669887278582931,21.128556092324207,2.368491680085883,
60,33.89694041867955,33.89023081052066,2.1940418679549114,1.9524959742351047,4.622920021470746,21.101717659688674,2.341653247450349,
61,33.91035963499731,34.05126140633387,2.1940418679549114,1.9524959742351047,4.609500805152979,20.987654320987655,2.2946859903381642,
62,34.01100375738057,34.07809983896941,2.187332259796028,1.9390767579173376,4.5960815888352125,20.933977455716587,2.254428341384863,
63,34.554482018250134,33.662104133118625,2.187332259796028,1.9390767579173376,4.53569511540526,20.86688137412775,2.254428341384863,
64,34.447128287708,34.12506709608159,2.187332259796028,1.9256575415995705,4.508856682769726,20.551529790660226,2.254428341384863,
65,33.340042941492214,35.30595813204509,2.1604938271604937,1.9256575415995705,4.508856682769726,20.50456253354804,2.254428341384863,
66,33.011272141706925,34.07139023081052,2.15378421900161,2.1403650026838434,4.502147074610843,21.598228663446054,2.522812667740204,
67,31.95115405260333,33.19243156199678,2.13365539452496,2.1403650026838434,4.4753086419753085,23.59098228663446,2.5161030595813205,
68,32.44095544820183,32.8972088030059,2.073268921095008,2.13365539452496,4.575952764358561,23.362855609232422,2.5161030595813205,
69,33.111916264090176,32.48121309715513,2.0531400966183573,2.13365539452496,4.569243156199678,23.14814814814815,2.5026838432635534,
70,30.152979066022546,36.32581857219538,2.7509393451422435,2.3215244229736984,6.810252281266774,19.410896403650028,2.227589908749329,
71,29.965110037573805,35.83601717659689,2.703972088030059,2.3215244229736984,6.622383252818035,20.33011272141707,2.2208803005904456,
72,30.54213633923779,35.59447128287708,2.677133655394525,2.2879763821792807,6.535158346752549,20.175791733762747,2.187332259796028,
73,31.146001073537306,35.25228126677402,2.6435856146001075,2.2611379495437465,6.474771873322598,20.034889962426195,2.187332259796028,
74,30.649490069779926,33.722490606548575,2.623456790123457,2.3752012882447664,6.830381105743425,21.618357487922705,2.1806226516371443,
75,31.186258722490606,33.42055823939882,2.623456790123457,2.737520128824477,6.830381105743425,21.021202361782073,2.1806226516371443,
76,30.334138486312398,31.44122383252818,4.133118625872249,2.717391304347826,6.273483628556092,22.920021470746107,2.1806226516371443,
77,30.56226516371444,31.273483628556093,4.247181964573269,2.6972624798711755,6.830381105743425,22.289318303811058,2.100107353730542,
78,30.770263016639827,31.09903381642512,4.247181964573269,2.6972624798711755,6.790123456790123,22.32957595276436,2.0665593129361244,
79,31.186258722490606,31.112453032742888,4.200214707461084,2.657004830917874,6.709608158883521,22.067901234567902,2.0665593129361244,
80,29.11969940955448,28.92512077294686,3.280998389694042,2.7106816961889426,5.495169082125604,28.401771336553946,2.0665593129361244,
81,27.375201288244767,30.99838969404187,3.2474503488996245,2.6435856146001075,5.495169082125604,28.227321524422972,2.0128824476650564,
82,27.89855072463768,30.441492216854535,3.1602254428341383,2.9589371980676327,5.481749865807837,28.046162104133117,2.0128824476650564,
83,28.207192699946322,30.327428878153516,3.4688674181427803,2.677133655394525,5.864197530864198,27.79790660225443,1.6572732152442298,
84,28.898282340311326,29.97181964573269,3.44873859366613,2.6637144390767578,5.8239398819108965,27.536231884057973,1.6572732152442298,
85,28.187063875469672,31.146001073537306,3.1870638754696725,2.6637144390767578,6.568706387546968,26.603596349973163,1.6438539989264627,
86,28.99892646269458,30.971551261406333,3.1468062265163717,2.6637144390767578,6.421095008051529,26.167471819645733,1.6304347826086956,
87,28.75738056897477,30.253623188405797,3.1468062265163717,2.6301663982823404,6.3137412775093935,27.34836285560923,1.5499194847020934,
88,29.401502952227588,30.08588298443371,3.1468062265163717,2.6167471819645733,6.280193236714976,26.918947933440688,1.5499194847020934,
89,30.08588298443371,29.824208266237253,3.113258185721954,2.6167471819645733,6.105743424584004,26.704240472356414,1.5499194847020934,
90,30.18652710681696,29.54911433172303,3.099838969404187,3.012614063338701,6.085614600107354,26.516371443907676,1.5499194847020934,
91,30.951422436929683,29.320987654320987,3.0595813204508855,2.9790660225442833,5.911164787976382,26.227858293075684,1.5499194847020934,
92,30.911164787976382,27.32823403113258,3.0595813204508855,2.831454643048846,5.649490069779925,28.73054213633924,1.4895330112721417,
93,31.723027375201287,27.073268921095007,3.0059044551798175,2.771068169618894,5.595813204508857,28.421900161030596,1.4090177133655395,
94,32.1256038647343,25.657541599570585,4.42163177670424,2.8381642512077296,5.267042404723564,28.31454643048846,1.3754696725711217,
95,32.52147074610843,25.462962962962962,4.42163177670424,2.8381642512077296,5.24020397208803,28.14009661835749,1.3754696725711217,
96,31.93773483628556,24.745034889962426,4.53569511540526,2.8381642512077296,5.0791733762748255,29.488727858293075,1.3754696725711217,
97,32.46108427267848,24.490069779924852,4.7168545356951155,2.7844873859366612,5.3274288781535155,28.884863123993558,1.3352120236178207,
98,32.90391841116479,24.261943102522814,4.696725711218465,2.8784219001610305,5.287171229200215,28.63660762211487,1.3352120236178207,
99,33.11862587224906,23.792270531400966,4.911433172302737,2.8784219001610305,6.749865807836822,27.214170692431562,1.3352120236178207,
100,33.63526570048309,23.47691894793344,4.884594739667204,2.85829307568438,5.743424584004294,28.06629092860977,1.3352120236178207,
101,34.09822866344606,23.315888352120236,4.864465915190553,2.985775630703167,5.703166935050993,27.697262479871174,1.3352120236178207,
102,34.35990338164251,22.423510466988727,4.851046698872786,2.985775630703167,6.461352657004831,27.583199141170155,1.3352120236178207,
103,34.655126140633385,22.228931830381107,4.824208266237251,2.9388083735909825,6.615673644659152,27.4020397208803,1.3352120236178207,
104,35.02415458937198,22.04777241009125,4.757112184648417,2.9388083735909825,6.837090713902308,27.059849704777243,1.3352120236178207,
105,33.93719806763285,23.423242082662373,4.723564143853999,2.9253891572732154,6.749865807836822,26.422436929683307,1.5767579173376274,0.24154589371980675
106,34.21900161030596,23.1682769726248,4.663177670424047,2.885131508319914,6.937734836285561,26.321792807300053,1.5633387010198605,0.24154589371980675
107,34.554482018250134,22.705314009661837,4.770531400966184,2.885131508319914,6.91760601180891,25.91921631776704,2.006172839506173,0.24154589371980675
108,35.02415458937198,22.416800858829845,4.74369296833065,2.8784219001610305,6.944444444444445,25.77831454643049,1.9726247987117553,0.24154589371980675
109,34.286097691894796,21.786097691894792,4.9651100375738055,2.8381642512077296,6.904186795491143,27.006172839506174,1.9726247987117553,0.24154589371980675
110,30.54213633923779,29.904723564143854,6.266774020397209,2.831454643048846,6.3070316693505095,21.712292002147073,2.1940418679549114,0.24154589371980675
111,30.307300053676865,28.743961352657006,6.1929683306494905,2.8113258185721954,6.246645195920558,23.262211486849168,2.1940418679549114,0.24154589371980675
112,30.038915727321523,28.32125603864734,6.226516371443908,2.8113258185721954,8.259527643585615,21.906870638754697,2.1940418679549114,0.24154589371980675
113,30.71658615136876,28.207192699946322,6.132581857219538,2.804616210413312,8.011272141706923,21.72571121846484,2.1604938271604937,0.24154589371980675
114,30.421363392377884,27.750939345142243,5.938003220611916,2.804616210413312,7.474503488996243,23.289049919484704,2.0799785292538915,0.24154589371980675
115,30.971551261406333,27.509393451422437,5.904455179817498,2.804616210413312,7.407407407407407,23.081052066559312,2.0799785292538915,0.24154589371980675
116,30.649490069779926,26.94578636607622,4.575952764358561,2.7979066022544283,10.359634997316157,22.34970477724101,2.0799785292538915,0.24154589371980675
117,31.427804616210413,26.516371443907676,4.488727858293076,2.7777777777777777,10.487117552334944,22.04777241009125,2.0128824476650564,0.24154589371980675
118,31.93773483628556,26.40901771336554,4.4820182501341925,2.7643585614600106,10.393183038110575,21.786097691894792,1.9860440150295222,0.24154589371980675
119,32.68250134192163,26.140633387010197,4.636339237788513,2.7643585614600106,9.997316156736447,21.557971014492754,1.9793344068706387,0.24154589371980675
120,31.89747718733226,25.637412775093935,4.622920021470746,2.6167471819645733,14.009661835748792,18.99490069779925,1.9793344068706387,0.24154589371980675
121,32.23966720343532,25.563607085346217,4.575952764358561,2.5831991411701556,13.7211486849168,19.11567364465915,1.9592055823939882,0.24154589371980675
122,32.6154052603328,25.429414922168544,4.555823939881911,2.5831991411701556,13.613794954374665,19.00161030595813,1.9592055823939882,0.24154589371980675
123,33.09849704777241,24.966451959205582,4.810789049919484,2.7442297369833604,13.365539452495975,18.82716049382716,1.9457863660762211,0.24154589371980675
124,33.25281803542673,24.738325281803544,4.904723564143854,2.7308105206655933,13.22463768115942,19.0150295222759,1.892109500805153,0.24154589371980675
125,33.59500805152979,24.416264090177133,4.884594739667204,2.7308105206655933,13.150831991411701,19.11567364465915,1.865271068169619,0.24154589371980675
126,33.57487922705314,24.154589371980677,4.871175523349437,2.6972624798711755,13.023349436392914,19.33709071390231,2.100107353730542,0.24154589371980675
127,33.1454643048846,23.79898013955985,6.6760601180891035,2.6972624798711755,12.895866881374127,18.4447128287708,2.100107353730542,0.24154589371980675
128,33.561460010735374,23.66478797638218,6.649221685453569,2.6972624798711755,12.593934514224369,18.5252281266774,2.0665593129361244,0.24154589371980675
129,34.346484165324746,23.429951690821255,6.615673644659152,2.5496511003757383,12.473161567364466,18.370907139023082,1.9726247987117553,0.24154589371980675
130,34.064680622651636,22.18196457326892,6.615673644659152,2.5161030595813205,14.284755770263017,18.183038110574344,1.9122383252818036,0.24154589371980675
131,34.64170692431562,21.85990338164251,6.4412238325281805,2.623456790123457,14.2914653784219,18.04213633923779,1.8585614600107354,0.24154589371980675
132,34.735641438539986,21.77938808373591,6.863929146537842,2.589908749329039,14.40552871712292,17.54562533548041,1.8384326355340848,0.24154589371980675
133,35.218733225979605,21.638486312399355,6.810252281266774,2.844873859366613,14.083467525496511,17.344337090713903,1.8384326355340848,0.2214170692431562
134,35.47369833601718,21.591519055287172,6.790123456790123,2.844873859366613,14.016371443907676,17.223564143854,1.8384326355340848,0.2214170692431562
135,35.64143853998927,21.511003757380568,6.964573268921095,2.818035426731079,13.996242619431026,17.143048845947398,1.7042404723564144,0.2214170692431562
136,35.950080515297905,21.34326355340848,7.1725711218464845,2.8113258185721954,14.009661835748792,16.861245303274288,1.6304347826086956,0.2214170692431562
137,36.05743424584004,21.175523349436393,7.306763285024155,2.804616210413312,13.862050456253355,16.680085882984432,1.8988191089640365,0.2147074610842727
138,35.17176596886742,20.987654320987655,7.132313472893183,2.0665593129361244,17.216854535695116,15.351583467525497,1.8988191089640365,0.17444981213097155
139,35.44685990338164,20.873590982286636,7.125603864734299,2.0397208803005906,17.156468062265162,15.28448738593666,1.8988191089640365,0.17444981213097155
140,35.929951690821255,20.840042941492218,7.105475040257649,2.13365539452496,16.955179817498657,14.989264626945786,1.8719806763285025,0.17444981213097155
141,36.28556092324208,20.725979602791195,7.071926999463232,2.1269457863660763,16.820987654320987,14.922168545356952,1.8719806763285025,0.17444981213097155
142,36.741814278046164,20.517981749865807,7.011540526033279,2.120236178207193,16.70692431561997,14.855072463768115,1.8719806763285025,0.17444981213097155
143,33.01798174986581,30.454911433172303,5.978260869565218,1.710950080515298,15.022812667740205,12.097423510466989,1.7176596886741815,
144,33.467525496511,30.367686527106816,5.83064949006978,1.710950080515298,14.888620504562533,12.030327428878154,1.7042404723564144,
145,33.8768115942029,30.112721417069242,5.83064949006978,1.710950080515298,14.781266774020397,11.98336017176597,1.7042404723564144,
146,32.407407407407405,29.8040794417606,5.810520665593129,1.710950080515298,16.948470209339774,11.808910359634996,1.5096618357487923,
147,33.23939881910896,29.602791196994094,5.562265163714439,1.4559849704777241,16.680085882984432,11.949812130971551,1.5096618357487923,
148,33.42055823939882,29.448470209339774,5.562265163714439,1.4358561460010735,16.847826086956523,11.782071926999464,1.5029522275899088,
149,33.89023081052066,29.200214707461082,5.548845947396672,1.402308105206656,16.780730005367687,11.674718196457327,1.5029522275899088,
150,33.95061728395062,28.75738056897477,5.528717122920021,1.6371443907675791,16.659957058507782,11.963231347289318,1.5029522275899088,
151,34.38674181427805,26.7512077294686,5.6964573268921095,3.388352120236178,16.33118625872249,11.943102522812667,1.5029522275899088,
152,34.628287707997856,26.724369296833064,5.689747718733226,3.3682232957595275,16.27750939345142,11.808910359634996,1.5029522275899088,
153,34.03113258185722,26.37546967257112,5.629361245303274,3.4420289855072466,15.539452495974235,13.479602791196994,1.5029522275899088,
154,34.25925925925926,26.08695652173913,5.9514224369296835,3.3950617283950617,15.405260332796564,13.41250670960816,1.4895330112721417,
155,34.52093397745572,25.979602791196996,5.877616747181965,3.3682232957595275,15.552871712292003,13.217928073000536,1.482823403113258,
156,34.80273752012882,25.670960815888353,5.864197530864198,3.3682232957595275,15.734031132581856,13.130703166935051,1.42914653784219,
157,34.72222222222222,25.06038647342995,5.857487922705314,3.603059581320451,15.68035426731079,13.056897477187333,2.01959205582394,
158,34.84299516908212,23.17498658078368,7.628824476650563,3.770799785292539,15.566290928609769,13.003220611916264,2.0128824476650564,
159,35.07783145464305,23.121309715512613,7.615405260332796,3.770799785292539,15.479066022544284,12.962962962962964,1.9726247987117553,
160,35.66156736446592,22.966988727858293,7.575147611379496,3.7238325281803544,15.217391304347826,12.889157273215245,1.9659151905528718,
161,36.12453032742888,22.832796564680624,7.514761137949543,3.683574879227053,14.875201288244767,12.848899624261943,2.120236178207193,
162,35.65485775630703,22.289318303811058,7.078636607622115,3.421900161030596,15.975577026301664,13.365539452495975,2.214170692431562,
163,36.12453032742888,22.20209339774557,6.904186795491143,3.408480944712829,15.848094471282877,13.33870101986044,2.1739130434782608,
164,36.191626409017715,21.987385936661298,6.830381105743425,3.3950617283950617,15.827965646806227,13.285024154589372,2.4825550187869028,
165,36.480139559849704,21.866612989801396,6.776704240472356,3.3816425120772946,15.780998389694043,13.264895330112722,2.4490069779924855,
166,36.71497584541063,21.712292002147073,6.756575415995706,3.321256038647343,15.660225442834138,13.264895330112722,2.5697799248523885,
167,36.95652173913044,21.4573268921095,6.736446591519055,3.549382716049383,15.458937198067632,13.077026301663983,2.7643585614600106,
168,35.42002147074611,20.699141170155663,6.494900697799249,3.5091250670960816,14.49946323134729,16.6129898013956,2.7643585614600106,
169,35.809178743961354,20.618625872249062,6.353998926462695,3.5091250670960816,14.398819108964037,16.545893719806763,2.7643585614600106,
170,35.7085346215781,20.323403113258184,6.380837359098229,3.4621578099838968,14.351851851851851,16.27079978529254,3.502415458937198,
171,36.07085346215781,20.155662909286097,6.380837359098229,3.455448201825013,14.27133655394525,16.17686527106817,3.488996242619431,
172,36.600912506709605,20.148953301127214,6.494900697799249,3.4420289855072466,13.788244766505636,15.895061728395062,3.629898013955985,
173,36.90955448201825,19.98792270531401,6.360708534621578,3.421900161030596,13.674181427804616,15.807836822329575,3.8378958668813743,
174,37.07729468599034,19.89398819108964,7.018250134192163,3.408480944712829,13.217928073000536,15.566290928609769,3.8177670424047236,
175,37.1309715512614,19.847020933977454,7.253086419753086,3.4017713365539453,13.211218464841654,15.33816425120773,3.8177670424047236,
176,37.17122920021471,19.108964036500268,7.239667203435319,4.327697262479871,13.191089640365004,15.250939345142244,3.7104133118625873,
177,37.526838432635536,19.082125603864736,7.14573268921095,4.314278046162104,13.063607085346217,15.170424047235642,3.69699409554482,
178,38.0300590445518,19.008319914117017,7.085346215780999,4.260601180891036,12.915995705850777,14.895330112721417,3.8043478260869565,
179,38.25147611379496,18.853998926462694,7.03166935050993,4.233762748255502,12.875738056897477,14.834943639291465,3.9184111647879765,
180,37.936124530327426,18.69296833064949,6.823671497584541,4.361245303274289,12.607353730542137,15.794417606011809,3.784219001610306,
181,37.03032742887815,20.12211486849168,6.763285024154589,4.334406870638754,12.533548040794418,15.432098765432098,3.784219001610306,
182,37.34567901234568,19.95437466451959,6.709608158883521,4.213633923778851,12.734836285560924,15.28448738593666,3.7573805689747717,
183,37.855609232420825,19.672571121846484,6.602254428341385,4.213633923778851,12.667740203972087,15.237520128824476,3.750670960815888,
184,38.016639828234034,19.618894256575416,6.575415995705851,4.159957058507783,12.620772946859903,15.304616210413311,3.7037037037037037,
185,38.6406333870102,19.410896403650028,6.387546967257112,4.139828234031133,12.47987117552335,15.26435856146001,3.6768652710681695,
186,38.71443907675792,19.310252281266774,6.515029522275899,4.1129898013955986,12.224906065485776,15.4723564143854,3.6500268384326353,
187,39.398819108964034,18.86070853462158,6.407675791733762,4.072732152442297,12.204777241009126,15.411969940955448,3.643317230273752,
188,39.12372517444981,19.082125603864736,6.400966183574879,4.03918411164788,12.412775093934513,15.304616210413311,3.6366076221148687,
189,39.472624798711756,18.988191089640367,6.347289318303811,4.03918411164788,12.379227053140097,15.136876006441224,3.6366076221148687,
190,39.71417069243156,18.867418142780462,6.3070316693505095,4.025764895330113,12.432903918411165,15.042941492216855,3.6097691894793345,
191,39.85507246376812,18.78690284487386,6.3070316693505095,4.025764895330113,12.392646269457863,15.063070316693505,3.569511540526033,
192,35.0979602791197,15.365002683843263,5.24020397208803,3.797638217928073,11.332528180354267,25.83870101986044,3.3279656468062266,
193,35.25228126677402,15.217391304347826,5.159688674181428,3.797638217928073,11.406333870101985,25.38244766505636,3.784219001610306,
194,35.53408480944713,15.170424047235642,5.260332796564681,3.7372517444981215,11.3593666129898,25.033548040794418,3.9049919484702094,
195,35.41331186258722,15.096618357487923,5.548845947396672,3.717122920021471,11.211755233494364,25.006709608158882,4.005636070853462,
196,35.789049919484704,15.049651100375739,5.528717122920021,3.6902844873859366,11.178207192699947,24.758454106280194,4.005636070853462,
197,36.010466988727856,14.834943639291465,5.528717122920021,3.8848631239935587,11.07085346215781,24.50348899624262,4.166666666666667,
198,36.26543209876543,14.80810520665593,5.501878690284487,3.8714439076757916,11.037305421363392,24.362587224906065,4.1532474503489,
199,36.54723564143854,14.801395598497047,5.475040257648954,3.8714439076757916,11.003757380568974,24.154589371980677,4.146537842190016,
200,36.91626409017714,14.74771873322598,5.441492216854535,3.7909286097691894,10.983628556092324,23.98684916800859,4.133118625872249,
201,37.34567901234568,14.720880300590446,5.414653784219001,3.7909286097691894,10.748792270531402,23.872785829307567,4.106280193236715,
202,37.68115942028985,14.687332259796028,5.374396135265701,3.7909286097691894,10.621309715512615,23.51046698872786,4.334406870638754,
203,37.164519592055825,14.009661835748792,5.314009661835748,3.743961352657005,10.34621578099839,23.403113258185723,6.018518518518518,
204,37.60735373054214,13.94927536231884,5.314009661835748,3.6768652710681695,10.279119699409554,23.15485775630703,6.018518518518518,
205,38.097155126140635,13.841921631776705,5.260332796564681,3.6768652710681695,10.23215244229737,22.899892646269457,5.991680085882985,
206,37.78180354267311,13.781535158346752,4.74369296833065,3.6097691894793345,10.305958132045088,23.785560923242084,5.991680085882985,
207,37.98309178743961,13.580246913580247,4.958400429414922,3.589640365002684,10.25228126677402,23.678207192699947,5.958132045088567,
208,37.486580783682236,13.238056897477188,4.361245303274289,2.4892646269457863,10.218733225979603,26.570048309178745,5.636070853462158,
209,38.25147611379496,13.16425120772947,4.361245303274289,2.4490069779924855,10.037573805689748,26.100375738056897,5.636070853462158,
210,38.33199141170156,13.077026301663983,4.3478260869565215,2.4490069779924855,10.158346752549651,26.01315083199141,5.622651637144391,
211,38.90230810520666,12.95625335480408,4.17337627482555,2.4020397208803006,10.158346752549651,25.805152979066023,5.60252281266774,
212,39.22436929683307,12.788513150831992,4.488727858293076,2.328234031132582,10.11808910359635,25.51663982823403,5.535426731078905,
213,39.48604401502952,12.587224906065487,4.4753086419753085,2.3081052066559313,10.312667740203972,25.315351583467525,5.515297906602254,
214,39.63365539452496,12.52012882447665,4.4753086419753085,2.3081052066559313,10.25228126677402,25.32206119162641,5.488459473966721,
215,40.203972088030056,12.305421363392378,4.435050993022007,2.3081052066559313,10.238862050456254,25.05367686527107,5.4549114331723025,
216,39.412238325281805,12.13768115942029,4.408212560386473,2.509393451422437,9.936929683306495,26.160762211486848,5.314009661835748,0.12077294685990338
217,39.57326892109501,12.070585077831455,4.394793344068707,2.49597423510467,9.936929683306495,26.093666129898015,5.314009661835748,0.12077294685990338
218,40.083199141170155,11.889425657541599,4.294149221685454,2.5429414922168547,10.124798711755233,25.717928073000536,5.226784755770263,0.12077294685990338
219,40.56629092860977,11.647879763821793,4.28743961352657,2.5295222758990876,10.071121846484166,25.597155126140635,5.179817498658078,0.12077294685990338
220,40.85480407944176,11.58749329039184,4.28743961352657,2.5295222758990876,9.997316156736447,25.469672571121848,5.152979066022544,0.12077294685990338
221,41.33118625872249,11.533816425120772,4.28743961352657,2.5295222758990876,9.883252818035427,25.181159420289855,5.132850241545894,0.12077294685990338
222,41.56602254428341,11.480139559849706,4.26731078904992,2.5026838432635534,9.863123993558776,25.09393451422437,5.10601180891036,0.12077294685990338
223,42.05582393988191,11.473429951690822,4.240472356414386,2.6704240472356413,9.769189479334408,24.724906065485776,4.944981213097155,0.12077294685990338
224,41.75389157273215,10.923242082662373,3.844605475040258,2.6167471819645733,9.473966720343531,26.34863123993559,4.918142780461621,0.12077294685990338
225,42.0625335480408,10.86285560923242,3.8311862587224907,2.5966183574879227,9.614868491680086,26.080246913580247,4.830917874396135,0.12077294685990338
226,42.36446591519055,10.775630703166936,3.7909286097691894,2.5831991411701556,9.588030059044552,25.95276435856146,4.824208266237251,0.12077294685990338
227,42.51207729468599,10.674986580783683,3.7775093934514223,2.5697799248523885,9.71551261406334,25.81857219538379,4.810789049919484,0.12077294685990338
228,43.10923242082662,10.621309715512615,3.750670960815888,2.563070316693505,10.25228126677402,25.187869028448738,4.394793344068707,0.12077294685990338
229,43.08910359634997,10.581052066559312,3.5426731078904994,2.563070316693505,10.641438539989265,25.11406333870102,4.3478260869565215,0.12077294685990338
230,43.223295759527645,10.554213633923778,3.4151905528717124,2.5295222758990876,10.84272678475577,24.993290391841118,4.320987654320987,0.12077294685990338
231,43.49168008588298,10.46027911969941,3.408480944712829,2.8247450348899625,10.768921095008052,24.644390767579175,4.314278046162104,0.08722490606548577
232,43.75335480407944,10.399892646269459,3.408480944712829,2.7442297369833604,10.641438539989265,24.671229200214707,4.294149221685454,0.08722490606548577
233,44.04186795491143,10.36634460547504,3.2877079978529253,2.7241009125067097,10.641438539989265,24.55716586151369,4.294149221685454,0.08722490606548577
234,44.26999463231347,10.36634460547504,3.2877079978529253,2.7241009125067097,10.59447128287708,24.376006441223833,4.294149221685454,0.08722490606548577
235,42.0625335480408,9.339774557165862,3.2004830917874396,2.690552871712292,13.647342995169081,24.94632313472893,4.025764895330113,0.08722490606548577
236,42.11621041331186,9.158615136876007,3.2004830917874396,2.965646806226516,13.741277509393452,24.436392914653783,4.294149221685454,0.08722490606548577
237,41.948470209339774,9.01100375738057,3.1870638754696725,2.7979066022544283,14.090177133655395,24.241814278046164,4.636339237788513,0.08722490606548577
238,42.109500805152976,8.984165324745035,3.1870638754696725,2.7643585614600106,14.049919484702093,24.194847020933977,4.622920021470746,0.08722490606548577
239,42.36446591519055,8.957326892109501,3.180354267310789,2.737520128824477,13.955984970477724,24.174718196457327,4.542404723564144,0.08722490606548577
240,42.68652710681696,8.943907675791733,3.180354267310789,2.7106816961889426,13.895598497047773,23.95330112721417,4.542404723564144,0.08722490606548577
241,42.975040257648956,8.870101986044014,3.180354267310789,2.703972088030059,13.828502415458937,23.899624261943103,4.455179817498658,0.08722490606548577
242,43.283682232957595,8.789586688137414,3.140096618357488,2.918679549114332,13.734567901234568,23.62453032742888,4.42163177670424,0.08722490606548577
243,44.04186795491143,8.675523349436393,3.1333870101986045,2.831454643048846,13.667471819645733,23.295759527643586,4.3478260869565215,0.0067096081588835215
244,44.41760601180891,8.641975308641975,3.1333870101986045,2.8113258185721954,13.539989264626946,23.121309715512613,4.327697262479871,0.0067096081588835215
245,44.69940955448202,8.621846484165324,3.1333870101986045,2.7979066022544283,13.47289318303811,22.98040794417606,4.28743961352657,0.0067096081588835215
246,45.00805152979066,8.494363929146537,3.1065485775630703,2.7643585614600106,13.43263553408481,22.906602254428343,4.280730005367687,0.0067096081588835215
247,45.21604938271605,8.494363929146537,3.0730005367686526,2.7643585614600106,13.365539452495975,22.859634997316157,4.2203435319377345,0.0067096081588835215
248,45.189210950080515,8.474235104669887,3.2004830917874396,2.7442297369833604,13.33870101986044,22.67176596886742,4.374664519592056,0.0067096081588835215
249,45.471014492753625,8.454106280193237,3.1870638754696725,2.7442297369833604,13.258185721953838,22.537573805689746,4.341116478797638,0.0067096081588835215
250,45.3166935050993,8.387010198604402,3.1870638754696725,2.7442297369833604,13.479602791196994,22.591250670960815,4.28743961352657,0.0067096081588835215
251,45.611916264090176,8.3467525496511,3.1535158346752548,2.737520128824477,13.439345142243694,22.470477724100913,4.233762748255502,0.0067096081588835215
252,45.511272141706925,8.313204508856682,3.1535158346752548,2.737520128824477,13.506441223832528,22.638217928073,4.133118625872249,0.0067096081588835215
253,45.8467525496511,8.246108427267847,3.126677402039721,2.690552871712292,13.425925925925926,22.544283413848632,4.1129898013955986,0.0067096081588835215
254,46.32984433709071,8.232689210950081,3.126677402039721,2.6704240472356413,13.291733762748256,22.228931830381107,4.1129898013955986,0.0067096081588835215
255,46.61164787976382,8.199141170155663,3.1199677938808374,2.6704240472356413,13.16425120772947,22.16183574879227,4.066022544283414,0.0067096081588835215
256,46.88003220611916,8.11862587224906,3.0394524959742353,2.6704240472356413,13.110574342458401,22.134997316156735,4.03918411164788,0.0067096081588835215
257,46.93370907139023,8.071658615136876,3.0394524959742353,2.6637144390767578,13.09044551798175,21.994095544820183,4.200214707461084,0.0067096081588835215
258,47.02093397745572,8.071658615136876,3.0394524959742353,2.657004830917874,13.063607085346217,21.960547504025765,4.180085882984434,0.0067096081588835215
259,47.34970477724101,8.05823939881911,3.0327428878153517,2.6301663982823404,12.99651100375738,21.772678475577028,4.1532474503489,0.0067096081588835215
260,46.443907675791735,8.031400966183575,2.9589371980676327,2.6301663982823404,12.27187332259796,23.658078368223297,3.9989264626945786,0.0067096081588835215
261,46.61835748792271,7.950885668276973,2.8918411164787976,2.6301663982823404,12.171229200214707,23.557434245840042,4.17337627482555,0.0067096081588835215
262,46.60493827160494,7.890499194847021,2.8918411164787976,2.623456790123457,12.097423510466989,23.711755233494365,4.17337627482555,0.0067096081588835215
263,46.061460010735374,7.749597423510467,3.1065485775630703,2.5966183574879227,12.06387546967257,23.470209339774556,4.944981213097155,0.0067096081588835215
264,46.343263553408484,7.749597423510467,3.1065485775630703,2.5966183574879227,11.929683306494901,23.362855609232422,4.904723564143854,0.0067096081588835215
265,46.65861513687601,7.615405260332796,3.0730005367686526,2.5697799248523885,11.916264090177133,23.255501878690286,4.904723564143854,0.0067096081588835215
266,46.91358024691358,7.581857219538379,3.0730005367686526,2.5563607085346214,11.876006441223833,23.14814814814815,4.8443370907139025,0.0067096081588835215
267,47.12157809983897,7.5348899624261945,3.126677402039721,2.5295222758990876,11.81561996779388,23.05421363392378,4.810789049919484,0.0067096081588835215
268,47.316156736446594,7.514761137949543,3.113258185721954,2.5161030595813205,11.782071926999464,22.966988727858293,4.783950617283951,0.0067096081588835215
269,45.17579173376275,7.105475040257649,3.0730005367686526,1.570048309178744,11.191626409017713,27.220880300590444,4.663177670424047,
270,45.35024154589372,7.098765432098766,3.0193236714975846,1.570048309178744,10.990338164251208,27.053140096618357,4.918142780461621,
271,45.62533548040794,7.051798174986581,3.0193236714975846,1.556629092860977,10.990338164251208,26.88539989264627,4.871175523349437,
272,45.17579173376275,7.03166935050993,2.85829307568438,1.556629092860977,10.923242082662373,27.61003757380569,4.8443370907139025,
273,45.30327428878154,6.904186795491143,2.85829307568438,1.724369296833065,10.896403650026839,27.489264626945786,4.824208266237251,
274,45.491143317230275,6.904186795491143,2.85829307568438,2.01959205582394,10.889694041867955,27.03972088030059,4.797369833601718,
275,45.98765432098765,6.857219538378959,3.1065485775630703,2.0128824476650564,10.507246376811594,26.757917337627482,4.770531400966184,
276,46.26945786366076,6.857219538378959,3.1065485775630703,2.0128824476650564,10.433440687063875,26.583467525496513,4.736983360171766,
277,46.464036500268385,6.769994632313473,3.1065485775630703,2.006172839506173,10.406602254428341,26.341921631776703,4.904723564143854,
278,46.79951690821256,6.723027375201288,3.052871712292002,2.1269457863660763,10.305958132045088,26.127214170692433,4.864465915190553,
279,46.752549651100374,6.696188942565755,3.012614063338701,2.1135265700483092,11.956521739130435,24.610842726784757,4.85775630703167,
280,47.376543209876544,6.689479334406871,2.9723564143853998,2.1135265700483092,11.822329575952764,24.36929683306495,4.656468062265164,
281,47.88647342995169,6.689479334406871,2.9723564143853998,2.301395598497048,11.513687600644122,24.040526033279658,4.5960815888352125,
282,48.00053676865271,6.66935050993022,2.9723564143853998,2.301395598497048,11.493558776167472,23.96672034353194,4.5960815888352125,
283,48.27563070316693,6.655931293612453,2.9388083735909825,2.301395598497048,11.466720343531938,23.772141706924316,4.5893719806763285,
284,48.57085346215781,6.649221685453569,2.8918411164787976,2.2946859903381642,11.272141706924316,23.731884057971016,4.5893719806763285,
285,48.812399355877616,6.602254428341385,2.871712292002147,2.2879763821792807,11.3191089640365,23.55072463768116,4.555823939881911,
286,48.8191089640365,6.595544820182502,2.85829307568438,2.2879763821792807,11.560654857756306,23.389694041867955,4.488727858293076,
287,48.087761674718195,6.582125603864735,3.824476650563607,2.2879763821792807,11.580783682232958,23.262211486849168,4.374664519592056,
288,48.22866344605475,6.655931293612453,3.7909286097691894,2.2879763821792807,11.460010735373054,23.201825013419217,4.374664519592056,
289,48.37627482555019,6.615673644659152,3.8848631239935587,2.2879763821792807,11.366076221148685,23.10789049919485,4.361245303274289,
290,48.55743424584004,6.608964036500268,3.878153515834675,2.4355877616747184,11.366076221148685,22.819377348362856,4.334406870638754,
291,48.7385936661299,6.608964036500268,3.8378958668813743,2.4355877616747184,11.265432098765432,22.638217928073,4.4753086419753085,
292,48.87949543746645,6.595544820182502,3.8177670424047236,2.4221685453569513,11.151368760064413,22.537573805689746,4.5960815888352125,
293,48.980139559849704,6.595544820182502,3.9452495974235107,2.3483628556092326,11.137949543746645,22.416800858829845,4.575952764358561,
294,49.02710681696189,6.5485775630703165,3.9452495974235107,2.3483628556092326,11.392914653784219,22.168545356951153,4.569243156199678,
295,49.25523349436393,6.515029522275899,3.9452495974235107,2.3483628556092326,11.2788513150832,22.088030059044552,4.569243156199678,
296,49.402844873859365,6.494900697799249,3.9184111647879765,2.3215244229736984,11.252012882447666,22.041062801932366,4.569243156199678,
297,49.53703703703704,6.494900697799249,3.9049919484702094,2.314814814814815,11.231884057971014,21.980676328502415,4.53569511540526,
298,48.98684916800859,6.481481481481482,3.9049919484702094,2.301395598497048,11.191626409017713,22.604669887278583,4.528985507246377,
