,45,50,54,53,55,51,52,56,57
0,99.84567901234568,0.15432098765432098,,,,,,,
1,97.68518518518519,2.314814814814815,,,,,,,
2,93.45142243692969,6.5485775630703165,,,,,,,
3,93.47826086956522,6.521739130434782,,,,,,,
4,93.47826086956522,6.521739130434782,,,,,,,
5,93.47155126140633,6.206387546967257,0.322061191626409,,,,,,
6,93.57890499194848,6.099033816425121,0.322061191626409,,,,,,
7,93.59903381642512,6.078904991948471,0.322061191626409,,,,,,
8,93.33064949006977,6.347289318303811,0.322061191626409,,,,,,
9,92.47852925389158,7.199409554482019,0.322061191626409,,,,,,
10,92.47852925389158,7.199409554482019,0.322061191626409,,,,,,
11,90.37842190016103,9.29951690821256,0.322061191626409,,,,,,
12,72.73215244229738,27.26784755770263,,,,,,,
13,72.87305421363392,27.126945786366075,,,,,,,
14,69.84702093397746,30.152979066022546,,,,,,,
15,70.0281803542673,29.97181964573269,,,,,,,
16,69.59205582393989,30.407944176060116,,,,,,,
17,59.896672034353195,40.103327965646805,,,,,,,
18,60.037573805689746,39.962426194310254,,,,,,,
19,58.313204508856685,38.2313472893183,,2.5697799248523885,0.8856682769726248,,,,
20,58.49436392914654,38.077026301663984,,2.5429414922168547,0.8856682769726248,,,,
21,55.132850241545896,41.58615136876006,,2.408749329039184,0.8722490606548577,,,,
22,41.639828234031135,52.83816425120773,2.6838432635534084,1.9659151905528718,0.8722490606548577,,,,
23,41.358024691358025,53.11996779388084,2.6838432635534084,1.9659151905528718,0.8722490606548577,,,,
24,41.74047235641439,52.79790660225443,2.6838432635534084,1.9390767579173376,0.8387010198604401,,,,
25,41.79414922168545,51.10708534621578,5.320719269994632,0.9393451422436929,0.8387010198604401,,,,
26,41.968599033816425,50.939345142243695,5.320719269994632,0.9326355340848095,0.8387010198604401,,,,
27,42.15646806226516,50.76489533011272,5.307300053676865,0.9326355340848095,0.8387010198604401,,,,
28,42.21685453569511,50.58373590982286,5.293880837359098,0.9326355340848095,0.9728931830381106,,,,
29,42.53220611916264,50.315351583467525,5.246913580246914,0.9326355340848095,0.9728931830381106,,,,
30,42.72007514761138,50.12748255501879,5.246913580246914,0.9326355340848095,0.9728931830381106,,,,
31,41.18357487922705,48.8191089640365,5.24020397208803,0.9326355340848095,0.9728931830381106,2.8515834675254963,,,
32,39.72758990874933,50.20799785292539,5.193236714975845,0.9326355340848095,1.133923778851315,2.804616210413312,,,
33,39.89533011272142,49.90606548577563,5.347557702630167,0.9125067096081588,1.133923778851315,2.804616210413312,,,
34,40.15700483091788,49.644390767579175,5.347557702630167,0.9125067096081588,1.133923778851315,2.804616210413312,,,
35,40.72061191626409,49.12775093934514,5.340848094471283,0.9125067096081588,1.093666129898014,2.804616210413312,,,
36,40.94873859366613,48.8996242619431,5.340848094471283,0.9125067096081588,1.093666129898014,2.804616210413312,,,
37,41.17015566290929,48.68491680085883,5.340848094471283,0.9125067096081588,1.093666129898014,2.7979066022544283,,,
38,41.317767042404725,48.59769189479334,5.320719269994632,0.8722490606548577,1.093666129898014,2.7979066022544283,,,
39,32.79656468062265,56.655931293612454,4.2270531400966185,0.8722490606548577,2.6502952227589907,2.7979066022544283,,,
40,32.018250134192165,54.28073000536769,4.193505099302201,0.8722490606548577,2.5161030595813205,2.7308105206655933,3.388352120236178,,
41,31.374127750939344,48.62453032742888,1.737788513150832,0.8722490606548577,2.3215244229736984,2.7308105206655933,12.338969404186795,,
42,31.602254428341386,48.51717659688674,1.737788513150832,0.8588298443370908,2.3215244229736984,2.703972088030059,12.258454106280194,,
43,31.53515834675255,48.41653247450349,1.737788513150832,0.8588298443370908,2.3215244229736984,2.898550724637681,12.23161567364466,,
44,30.280461621041333,49.302200751476114,1.6304347826086956,1.4358561460010735,2.5966183574879227,2.6301663982823404,12.124261943102523,,
45,30.461621041331185,49.241814278046164,1.6304347826086956,1.4358561460010735,2.589908749329039,2.6033279656468062,12.037037037037036,,
46,30.64278046162104,49.17471819645733,1.6304347826086956,1.4358561460010735,2.5831991411701556,2.5831991411701556,11.949812130971551,,
47,31.300322061191626,48.752012882447666,1.6304347826086956,1.4090177133655395,2.49597423510467,2.5697799248523885,11.842458400429415,,
48,28.945249597423512,39.57326892109501,1.2278582930756843,1.1943102522812667,2.49597423510467,14.888620504562533,11.674718196457327,,
49,29.0727321524423,38.96269457863661,1.2144390767579174,1.1943102522812667,2.49597423510467,14.848362855609233,12.211486849168008,,
50,27.449006977992486,40.687063875469676,1.2144390767579174,1.1943102522812667,2.49597423510467,14.774557165861514,12.184648416532475,,
51,27.563070316693505,40.633387010198604,1.2144390767579174,1.1943102522812667,2.49597423510467,14.774557165861514,12.124261943102523,,
52,27.77777777777778,40.552871712292,1.2144390767579174,1.1943102522812667,2.49597423510467,14.647074610842727,12.117552334943639,,
53,28.046162104133117,40.324745034889965,1.2144390767579174,1.1943102522812667,2.49597423510467,14.620236178207193,12.104133118625873,,
54,28.173644659151904,39.71417069243156,2.6033279656468062,1.1473429951690821,2.475845410628019,13.81508319914117,12.070585077831455,,
55,28.059581320450885,38.06360708534621,2.5429414922168547,1.1473429951690821,2.475845410628019,15.344873859366613,12.365807836822329,,
56,28.35480407944176,37.88915727321525,2.509393451422437,1.1473429951690821,2.4490069779924855,15.304616210413311,12.345679012345679,,
57,28.556092324208265,37.78851315083199,2.5026838432635534,1.1473429951690821,2.4490069779924855,15.271068169618895,12.285292538915728,,
58,26.96591519055287,36.3593666129898,2.5026838432635534,1.1473429951690821,2.4490069779924855,18.317230273752013,12.258454106280194,,
59,27.214170692431562,36.28556092324208,2.5026838432635534,1.1473429951690821,2.4221685453569513,18.23671497584541,12.191358024691358,,
60,23.72517444981213,37.82206119162641,2.2946859903381642,1.1473429951690821,2.4221685453569513,20.551529790660226,12.037037037037036,,
61,24.382716049382715,37.39935587761675,2.2946859903381642,1.1473429951690821,2.4154589371980677,20.363660762211488,11.996779388083736,,
62,24.134460547504027,35.48040794417606,1.7042404723564144,1.1473429951690821,2.4154589371980677,13.399087493290391,21.71900161030596,,
63,24.282071926999464,35.37976382179281,1.7042404723564144,1.133923778851315,2.4154589371980677,13.399087493290391,21.68545356951154,,
64,23.389694041867955,34.17874396135266,3.1535158346752548,1.107085346215781,2.61003757380569,14.553140096618357,21.007783145464305,,
65,23.758722490606548,34.084809447128286,3.1535158346752548,1.107085346215781,2.5831991411701556,14.412238325281804,20.90042941492217,,
66,24.094202898550726,33.984165324745035,3.1535158346752548,1.0131508319914118,2.5697799248523885,14.36527106816962,20.819914117015568,,
67,24.329039184111647,33.883521202361784,3.1535158346752548,1.0131508319914118,2.5563607085346214,14.318303811057435,20.74610842726785,,
68,24.61755233494364,33.722490606548575,3.1535158346752548,1.0131508319914118,2.5563607085346214,14.231078904991948,20.705850778314545,,
69,24.94632313472893,33.662104133118625,3.0864197530864197,1.0131508319914118,2.522812667740204,14.15727321524423,20.611916264090176,,
70,25.449543746645197,33.59500805152979,3.0864197530864197,1.0131508319914118,2.522812667740204,14.143853998926463,20.189210950080515,,
71,25.72463768115942,33.46081588835212,3.0394524959742353,1.0131508319914118,2.522812667740204,14.103596349973161,20.135534084809446,,
72,25.85882984433709,33.44068706387547,3.0394524959742353,1.0131508319914118,2.522812667740204,14.036500268384327,20.088566827697264,,
73,26.214439076757916,33.12533548040794,3.3011272141706924,1.0131508319914118,2.5161030595813205,13.922436929683306,19.90740740740741,,
74,26.308373590982285,33.11862587224906,3.3011272141706924,1.0131508319914118,2.4825550187869028,13.868760064412239,19.90740740740741,,
75,24.724906065485776,29.139828234031132,2.985775630703167,1.0131508319914118,1.6841116478797638,21.591519055287172,18.86070853462158,,
76,24.114331723027377,28.046162104133117,2.9723564143853998,1.0131508319914118,1.6170155662909287,21.752549651100377,20.48443370907139,,
77,24.362587224906065,27.945517981749866,2.9388083735909825,1.0131508319914118,1.6170155662909287,21.692163177670423,20.43075684380032,,
78,24.4699409554482,27.623456790123456,2.9388083735909825,1.0131508319914118,1.9390767579173376,21.618357487922705,20.397208803005906,,
79,24.61755233494364,27.42216854535695,2.9388083735909825,1.0131508319914118,2.0397208803005906,21.276167471819647,20.363660762211488,0.32877079978529256,
80,24.651100375738057,27.388620504562535,2.9119699409554483,0.8789586688137413,2.0397208803005906,21.24932903918411,20.551529790660226,0.32877079978529256,
81,24.805421363392377,27.34836285560923,2.8784219001610305,0.8789586688137413,2.0397208803005906,21.18894256575416,20.531400966183575,0.32877079978529256,
82,24.94632313472893,27.26784755770263,2.8784219001610305,0.8789586688137413,2.0397208803005906,21.141975308641975,20.517981749865807,0.32877079978529256,
83,24.825550187869027,27.220880300590444,2.7509393451422435,3.5225442834138487,2.0397208803005906,20.638754696725712,18.67283950617284,0.32877079978529256,
84,25.0402576489533,27.180622651637144,2.7509393451422435,3.4957058507783145,2.0397208803005906,20.564949006977994,18.59903381642512,0.32877079978529256,
85,25.308641975308642,27.03972088030059,3.8177670424047236,3.4621578099838968,2.0397208803005906,20.283145464304884,17.72007514761138,0.32877079978529256,
86,25.51663982823403,27.006172839506174,3.8177670424047236,3.3480944712828773,2.0397208803005906,20.26972624798712,17.673107890499196,0.32877079978529256,
87,25.644122383252817,26.952495974235106,3.8177670424047236,3.3279656468062266,2.0397208803005906,20.263016639828233,17.62614063338701,0.32877079978529256,
88,25.711218464841654,26.88539989264627,3.8177670424047236,3.3279656468062266,2.033011272141707,20.142243692968332,17.753623188405797,0.32877079978529256,
89,25.865539452495973,26.84514224369297,3.9318303811057436,3.3011272141706924,2.033011272141707,20.014761137949545,17.67981749865808,0.32877079978529256,
90,25.771604938271604,26.684111647879764,5.864197530864198,3.3011272141706924,2.033011272141707,19.887278582930758,16.13660762211487,0.322061191626409,
91,25.811862587224905,26.455984970477726,5.864197530864198,3.549382716049383,2.033011272141707,19.87385936661299,16.089640365002683,0.322061191626409,
92,26.053408480944714,26.38888888888889,5.864197530864198,3.5426731078904994,2.006172839506173,19.73966720343532,16.0829307568438,0.322061191626409,
93,26.268115942028984,26.308373590982285,5.850778314546431,3.5426731078904994,2.006172839506173,19.6256038647343,16.076221148684915,0.322061191626409,
94,26.590177133655395,26.207729468599034,5.803811057434245,3.5292538915727323,2.006172839506173,19.49141170155663,16.049382716049383,0.322061191626409,
95,26.878690284487387,26.147342995169083,5.770263016639828,3.5091250670960816,2.006172839506173,19.484702093397747,15.881642512077295,0.322061191626409,
96,26.992753623188406,26.147342995169083,5.743424584004294,3.5091250670960816,2.006172839506173,19.47799248523886,15.801127214170693,0.322061191626409,
97,27.147074610842726,25.369028448738593,6.494900697799249,3.5091250670960816,2.006172839506173,19.363929146537842,15.787707997852925,0.322061191626409,
98,27.140365002683843,25.288513150831992,7.930756843800322,3.5292538915727323,2.006172839506173,19.296833064949006,14.486044015029522,0.322061191626409,
99,25.355609232420825,22.69189479334407,7.877079978529254,3.3816425120772946,2.147074610842727,23.886205045625335,14.338432635534085,0.322061191626409,
100,25.181159420289855,22.65163714439077,7.48792270531401,2.885131508319914,2.147074610842727,23.839237788513152,15.485775630703166,0.322061191626409,
101,25.369028448738593,22.63150831991412,7.461084272678476,2.885131508319914,2.073268921095008,23.832528180354267,15.425389157273216,0.322061191626409,
102,25.483091787439612,22.48389694041868,7.682501341921632,2.85829307568438,2.073268921095008,23.70504562533548,15.398550724637682,0.3153515834675255,
103,25.825281803542673,22.48389694041868,7.635534084809447,2.804616210413312,2.073268921095008,23.53059581320451,15.331454643048845,0.3153515834675255,
104,26.01315083199141,22.450348899624263,7.601986044015029,2.804616210413312,2.073268921095008,23.450080515297905,15.291196994095545,0.3153515834675255,
105,26.308373590982285,22.38996242619431,7.595276435856146,2.7777777777777777,2.046430488459474,23.329307568438004,15.237520128824476,0.3153515834675255,
106,26.529790660225444,22.262479871175522,7.595276435856146,2.757648953301127,2.046430488459474,23.30246913580247,15.190552871712292,0.3153515834675255,
107,26.81159420289855,22.16183574879227,7.568438003220612,2.757648953301127,2.046430488459474,23.19511540526033,15.143585614600108,0.3153515834675255,
108,26.86527106816962,21.74584004294149,7.440955448201825,3.549382716049383,2.046430488459474,22.933440687063875,15.103327965646805,0.3153515834675255,
109,27.449006977992486,21.631776704240472,7.105475040257649,3.549382716049383,2.046430488459474,22.886473429951693,15.01610305958132,0.3153515834675255,
110,26.01315083199141,20.437466451959207,4.783950617283951,3.549382716049383,1.5297906602254427,32.890499194847024,10.48040794417606,0.3153515834675255,
111,26.40901771336554,20.209339774557165,4.757112184648417,3.535963499731616,1.5297906602254427,32.79656468062265,10.446859903381643,0.3153515834675255,
112,26.590177133655395,20.209339774557165,4.74369296833065,3.535963499731616,1.7914653784219001,32.427536231884055,10.38647342995169,0.3153515834675255,
113,26.737788513150832,20.169082125603865,4.74369296833065,3.535963499731616,1.7914653784219001,32.35373054213634,10.352925389157273,0.3153515834675255,
114,26.898819108964037,20.169082125603865,4.74369296833065,3.5091250670960816,1.7914653784219001,32.2463768115942,10.326086956521738,0.3153515834675255,
115,26.972624798711756,20.142243692968332,6.139291465378422,3.5091250670960816,1.7914653784219001,31.0252281266774,10.104669887278583,0.3153515834675255,
116,27.47584541062802,19.994632313472895,6.092324208266238,3.5091250670960816,1.7579173376274826,30.877616747181964,10.064412238325282,0.2281266774020397,
117,27.66371443907676,19.773215244229736,6.085614600107354,3.5091250670960816,1.7579173376274826,30.96484165324745,10.017444981213098,0.2281266774020397,
118,21.672034353193773,32.776435856146,5.676328502415459,2.7442297369833604,1.0332796564680622,25.85212023617821,10.017444981213098,0.2281266774020397,
119,22.114868491680085,32.50134192163178,5.676328502415459,2.7442297369833604,1.0332796564680622,25.704508856682768,10.00402576489533,0.2214170692431562,
120,22.470477724100913,32.44095544820183,5.649490069779925,2.7442297369833604,1.0869565217391304,25.449543746645197,9.936929683306495,0.2214170692431562,
121,22.644927536231883,32.347020933977454,5.649490069779925,2.657004830917874,1.0869565217391304,25.355609232420825,10.037573805689748,0.2214170692431562,
122,23.07434245840043,32.21282877079979,5.642780461621041,2.623456790123457,1.0869565217391304,25.140901771336555,10.02415458937198,0.19457863660762212,
123,23.617820719269993,32.024959742351044,5.414653784219001,2.6167471819645733,1.0869565217391304,25.033548040794418,10.010735373054214,0.19457863660762212,
124,23.96672034353194,31.91760601180891,5.267042404723564,2.6167471819645733,1.0869565217391304,25.0,9.950348899624261,0.19457863660762212,
125,24.000268384326354,31.790123456790123,5.24020397208803,2.6167471819645733,1.0869565217391304,23.691626409017715,9.950348899624261,1.6237251744498122,
126,24.329039184111647,31.53515834675255,5.24020397208803,2.6167471819645733,1.0869565217391304,23.617820719269993,9.950348899624261,1.6237251744498122,
127,24.691358024691358,31.40096618357488,5.24020397208803,2.589908749329039,1.0869565217391304,23.557434245840042,9.809447128287708,1.6237251744498122,
128,24.84567901234568,31.34728931830381,5.226784755770263,2.589908749329039,1.5901771336553945,23.027375201288244,9.749060654857756,1.6237251744498122,
129,25.033548040794418,31.28690284487386,5.213365539452496,2.589908749329039,1.583467525496511,22.920021470746107,9.749060654857756,1.6237251744498122,
130,25.43612453032743,31.166129898013956,5.199946323134729,2.5563607085346214,1.583467525496511,22.73215244229737,9.702093397745571,1.6237251744498122,
131,25.764895330112722,31.04535695115405,5.622651637144391,2.5563607085346214,1.583467525496511,22.228931830381107,9.621578099838969,1.5767579173376274,
132,25.999731615673646,30.9849704777241,5.622651637144391,2.5295222758990876,1.583467525496511,22.16183574879227,9.541062801932368,1.5767579173376274,
133,26.227858293075684,30.931293612453032,5.595813204508857,2.4355877616747184,1.5432098765432098,22.15512614063339,9.534353193773484,1.5767579173376274,
134,26.583467525496513,30.810520665593128,5.589103596349974,2.4355877616747184,1.5297906602254427,21.940418679549115,9.534353193773484,1.5767579173376274,
135,27.006172839506174,30.743424584004295,5.562265163714439,2.3550724637681157,1.482823403113258,21.85990338164251,9.460547504025765,1.5297906602254427,
136,27.254428341384862,30.589103596349972,5.528717122920021,2.328234031132582,1.482823403113258,21.83977455716586,9.447128287707997,1.5297906602254427,
137,27.415458937198068,30.454911433172303,5.528717122920021,2.328234031132582,1.482823403113258,21.826355340848096,9.433709071390231,1.5297906602254427,
138,27.58990874932904,30.367686527106816,5.528717122920021,2.328234031132582,1.482823403113258,21.792807300053678,9.380032206119163,1.5297906602254427,
139,27.737520128824478,30.35426731078905,5.522007514761138,2.314814814814815,1.482823403113258,21.752549651100377,9.366612989801396,1.4694041867954912,
140,28.032742887815353,30.246913580246915,5.448201825013419,2.314814814814815,1.482823403113258,21.70558239398819,9.29951690821256,1.4694041867954912,
141,27.958937198067634,26.84514224369297,9.037842190016104,2.2611379495437465,1.482823403113258,21.64519592055824,9.29951690821256,1.4694041867954912,
142,28.119967793880836,26.8317230273752,8.977455716586151,2.2611379495437465,1.482823403113258,21.598228663446054,9.25925925925926,1.4694041867954912,
143,28.207192699946322,26.798174986580783,8.910359634997317,2.2611379495437465,1.482823403113258,21.34326355340848,9.25925925925926,1.737788513150832,
144,28.22061191626409,26.798174986580783,8.890230810520666,2.2611379495437465,1.8115942028985508,21.061460010735374,9.219001610305957,1.737788513150832,
145,28.401771336553946,26.670692431561996,8.870101986044014,2.2611379495437465,1.8115942028985508,21.061460010735374,9.212292002147075,1.710950080515298,
146,28.690284487385938,26.496242619431026,8.769457863660762,2.2611379495437465,1.8988191089640365,20.987654320987655,9.185453569511541,1.710950080515298,
147,28.797638217928075,26.46940418679549,8.769457863660762,2.2611379495437465,1.8988191089640365,20.90713902308105,9.185453569511541,1.710950080515298,
148,27.85829307568438,26.31508319914117,8.749329039184111,2.2611379495437465,1.710950080515298,22.497316156736446,8.896940418679549,1.710950080515298,
149,27.355072463768117,27.2812667740204,8.883521202361782,2.2342995169082127,1.710950080515298,22.363123993558776,8.460815888352121,1.710950080515298,
150,27.576489533011273,27.234299516908212,8.849973161567364,2.2342995169082127,1.710950080515298,22.269189479334408,8.454106280193237,1.6706924315619969,
151,27.34836285560923,25.758185721953836,10.601180891035963,2.227589908749329,1.710950080515298,22.228931830381107,8.454106280193237,1.6706924315619969,
152,27.63016639828234,25.644122383252817,10.560923242082662,2.2208803005904456,1.6841116478797638,22.16183574879227,8.454106280193237,1.6438539989264627,
153,27.851583467525497,25.59044551798175,10.534084809447128,2.2208803005904456,1.6841116478797638,22.10144927536232,8.373590982286634,1.6438539989264627,
154,28.059581320450885,25.389157273215243,10.50053676865271,2.2208803005904456,1.8183038110574343,22.074610842726784,8.293075684380032,1.6438539989264627,
155,28.207192699946322,25.348899624261943,10.493827160493828,2.2208803005904456,1.8048845947396672,22.014224369296834,8.266237251744498,1.6438539989264627,
156,28.28099838969404,24.825550187869027,11.741814278046162,2.046430488459474,1.7713365539452497,21.504294149221685,8.21256038647343,1.6170155662909287,
157,28.44873859366613,24.785292538915726,11.735104669887278,2.046430488459474,1.6975308641975309,21.4573268921095,8.21256038647343,1.6170155662909287,
158,28.35480407944176,24.60413311862587,11.735104669887278,2.046430488459474,1.6706924315619969,21.410359634997317,8.57487922705314,1.6035963499731616,
159,28.5426731078905,24.537037037037038,11.701556629092861,2.0397208803005906,1.6706924315619969,21.38352120236178,8.521202361782072,1.6035963499731616,
160,28.549382716049383,24.422973698336016,11.668008588298443,1.9122383252818036,1.9793344068706387,21.349973161567366,8.514492753623188,1.6035963499731616,
161,28.77079978529254,24.36929683306495,11.621041331186259,1.9122383252818036,1.9726247987117553,21.235909822866343,8.514492753623188,1.6035963499731616,
162,29.066022544283413,24.288781535158346,11.56736446591519,1.8786902844873858,1.9726247987117553,21.175523349436393,8.447396672034353,1.6035963499731616,
163,29.1935050993022,24.228395061728396,11.520397208803006,1.8786902844873858,1.9726247987117553,21.155394524959743,8.447396672034353,1.6035963499731616,
164,29.408212560386474,24.14117015566291,11.486849168008588,1.8786902844873858,1.9726247987117553,21.07487922705314,8.433977455716587,1.6035963499731616,
165,29.66988727858293,24.06736446591519,11.486849168008588,1.8786902844873858,1.9726247987117553,20.9272678475577,8.393719806763285,1.6035963499731616,
166,29.931561996779386,24.06736446591519,11.3593666129898,1.8786902844873858,1.9189479334406871,20.860171765968868,8.393719806763285,1.5901771336553945,
167,30.02549651100376,24.040526033279658,11.3593666129898,1.8786902844873858,1.9122383252818036,20.799785292538918,8.393719806763285,1.5901771336553945,
168,30.18652710681696,23.97342995169082,11.3593666129898,1.8786902844873858,1.9122383252818036,20.739398819108963,8.360171765968868,1.5901771336553945,
169,30.394524959742352,23.886205045625335,11.33923778851315,1.8786902844873858,1.8853998926462694,20.69243156199678,8.333333333333334,1.5901771336553945,
170,30.723295759527645,23.637949543746647,11.33923778851315,1.8786902844873858,1.8853998926462694,20.652173913043477,8.293075684380032,1.5901771336553945,
171,31.01851851851852,23.637949543746647,11.285560923242082,1.751207729468599,1.8853998926462694,20.578368223295758,8.252818035426731,1.5901771336553945,
172,31.36070853462158,23.517176596886742,11.211755233494364,1.751207729468599,1.8451422436929683,20.538110574342458,8.232689210950081,1.5432098765432098,
173,31.790123456790123,23.235373054213635,11.272141706924316,1.751207729468599,1.8451422436929683,20.343531937734838,8.219269994632313,1.5432098765432098,
174,31.729736983360173,23.121309715512613,11.245303274288782,1.751207729468599,1.6371443907675791,20.75281803542673,8.219269994632313,1.5432098765432098,
175,31.89747718733226,23.067632850241544,11.18491680085883,1.751207729468599,1.6371443907675791,20.699141170155663,8.219269994632313,1.5432098765432098,
176,32.038378958668815,23.020665593129362,11.158078368223295,1.751207729468599,1.6371443907675791,20.67230273752013,8.179012345679013,1.5432098765432098,
177,32.32018250134192,22.423510466988727,11.158078368223295,1.751207729468599,2.0397208803005906,20.645464304884594,8.158883521202362,1.5029522275899088,
178,32.427536231884055,22.094739667203434,11.158078368223295,1.751207729468599,2.3349436392914655,20.578368223295758,8.152173913043478,1.5029522275899088,
179,32.64224369296833,22.094739667203434,11.131239935587761,1.7310789049919484,2.301395598497048,20.45088566827697,8.145464304884594,1.5029522275899088,
180,32.56172839506173,22.29602791196994,11.117820719269995,1.7310789049919484,2.301395598497048,20.377079978529252,8.111916264090176,1.5029522275899088,
181,32.64224369296833,22.262479871175522,11.117820719269995,1.7310789049919484,2.301395598497048,20.363660762211488,8.111916264090176,1.4694041867954912,
182,32.776435856146,22.21551261406334,11.084272678475577,1.724369296833065,2.301395598497048,20.336822329575952,8.091787439613526,1.4694041867954912,
183,32.830112721417066,22.19538378958669,11.084272678475577,1.724369296833065,2.301395598497048,20.316693505099302,8.091787439613526,1.4559849704777241,
184,32.95759527643585,22.14170692431562,11.084272678475577,1.724369296833065,2.301395598497048,20.283145464304884,8.07836822329576,1.42914653784219,
185,33.24610842726785,22.000805152979066,11.057434245840042,1.724369296833065,2.2946859903381642,20.222758990874933,8.024691358024691,1.42914653784219,
186,33.393719806763286,21.940418679549115,11.057434245840042,1.724369296833065,2.2946859903381642,20.135534084809446,8.024691358024691,1.42914653784219,
187,33.5077831454643,21.906870638754697,11.017176596886742,1.724369296833065,2.2946859903381642,20.128824476650564,8.024691358024691,1.3955984970477724,
188,32.991143317230275,21.443907675791735,10.93666129898014,1.724369296833065,2.281266774020397,21.36339237788513,7.863660762211487,1.3955984970477724,
189,33.20585077831455,21.349973161567366,10.93666129898014,1.724369296833065,2.2410091250670963,21.28287707997853,7.863660762211487,1.3955984970477724,
190,33.43397745571659,21.26945786366076,10.923242082662373,1.724369296833065,2.2410091250670963,21.16881374127751,7.843531937734836,1.3955984970477724,
191,33.722490606548575,21.141975308641975,10.889694041867955,1.724369296833065,2.2410091250670963,21.108427267847556,7.816693505099302,1.3553408480944713,
192,33.87010198604401,21.081588835212024,10.889694041867955,1.724369296833065,2.2208803005904456,21.041331186258724,7.816693505099302,1.3553408480944713,
193,34.084809447128286,21.068169618894256,10.856146001073537,1.710950080515298,2.1806226516371443,20.94068706387547,7.803274288781535,1.3553408480944713,
194,34.21900161030596,20.92055823939882,10.379763821792807,1.710950080515298,2.1806226516371443,20.88030059044552,7.769726247987117,1.3553408480944713,0.5837359098228664
195,34.306226516371446,20.719269994632313,10.305958132045088,2.0531400966183573,2.1806226516371443,20.739398819108963,7.75630703166935,1.3553408480944713,0.5837359098228664
196,34.44041867954911,20.699141170155663,10.279119699409554,2.0531400966183573,2.1806226516371443,20.685721953837895,7.722758990874933,1.3553408480944713,0.5837359098228664
197,34.76918947933441,20.625335480407944,10.198604401502953,2.0531400966183573,2.147074610842727,20.551529790660226,7.716049382716049,1.3553408480944713,0.5837359098228664
198,33.702361782071925,20.1959205582394,10.131508319914117,4.884594739667204,2.0128824476650564,19.504830917874397,7.628824476650563,1.3553408480944713,0.5837359098228664
199,33.843263553408484,20.175791733762747,9.98389694041868,4.85775630703167,2.006172839506173,19.45115405260333,7.742887815351583,1.3553408480944713,0.5837359098228664
200,34.11164787976382,20.128824476650564,9.936929683306495,4.8443370907139025,2.006172839506173,19.316961889425656,7.716049382716049,1.3553408480944713,0.5837359098228664
201,34.66854535695116,20.108695652173914,9.648416532474503,4.830917874396135,1.9860440150295222,19.102254428341386,7.716049382716049,1.3553408480944713,0.5837359098228664
202,34.75577026301664,20.108695652173914,9.601449275362318,4.830917874396135,1.9860440150295222,19.102254428341386,7.675791733762749,1.3553408480944713,0.5837359098228664
203,34.286097691894796,20.04830917874396,9.5276435856146,4.830917874396135,1.9860440150295222,18.511808910359633,8.870101986044014,1.3553408480944713,0.5837359098228664
204,34.46725711218465,19.96779388083736,9.514224369296834,4.804079441760601,1.9860440150295222,18.49838969404187,8.84326355340848,1.3352120236178207,0.5837359098228664
205,34.75577026301664,19.91411701556629,9.406870638754697,4.804079441760601,1.9726247987117553,18.438003220611915,8.789586688137414,1.3352120236178207,0.5837359098228664
206,34.88996242619431,19.90740740740741,9.380032206119163,4.797369833601718,1.9726247987117553,18.35077831454643,8.78287707997853,1.3352120236178207,0.5837359098228664
207,35.037573805689746,19.89398819108964,9.31964573268921,4.797369833601718,1.9726247987117553,18.283682232957595,8.78287707997853,1.3352120236178207,0.5770263016639828
208,35.245571658615134,19.81347289318304,9.31964573268921,4.783950617283951,1.9726247987117553,18.21658615136876,8.735909822866345,1.3352120236178207,0.5770263016639828
209,35.27241009125067,19.598765432098766,9.23913043478261,4.757112184648417,1.9659151905528718,18.572195383789587,8.682232957595277,1.3352120236178207,0.5770263016639828
210,34.20558239398819,18.706387546967257,9.192163177670425,4.690016103059581,1.90552871712292,20.873590982286636,8.521202361782072,1.3352120236178207,0.5703166935050993
211,34.76918947933441,18.57890499194847,9.131776704240472,4.690016103059581,1.90552871712292,20.591787439613526,8.427267847557703,1.3352120236178207,0.5703166935050993
212,34.75577026301664,18.552066559312937,9.125067096081589,4.690016103059581,1.90552871712292,20.658883521202362,8.407139023081053,1.3352120236178207,0.5703166935050993
213,34.88996242619431,18.53864734299517,9.091519055287172,4.669887278582931,1.90552871712292,20.611916264090176,8.387010198604402,1.3352120236178207,0.5703166935050993
214,35.017444981213096,18.4849704777241,9.064680622651638,4.669887278582931,1.90552871712292,20.571658615136876,8.380300590445518,1.3352120236178207,0.5703166935050993
215,35.27241009125067,18.337359098228664,9.064680622651638,4.669887278582931,1.8988191089640365,20.497852925389157,8.353462157809984,1.3352120236178207,0.5703166935050993
216,35.198604401502955,18.290391841116477,8.541331186258722,5.35426731078905,1.8988191089640365,20.48443370907139,8.32662372517445,1.3352120236178207,0.5703166935050993
217,35.47369833601718,18.21658615136876,8.501073537305421,5.273752012882448,1.8988191089640365,20.40391841116479,8.32662372517445,1.3352120236178207,0.5703166935050993
218,35.567632850241544,18.209876543209877,8.501073537305421,5.273752012882448,1.892109500805153,20.356951154052602,8.293075684380032,1.3352120236178207,0.5703166935050993
219,35.71524422973698,18.12265163714439,8.501073537305421,5.273752012882448,1.892109500805153,20.316693505099302,8.293075684380032,1.3352120236178207,0.5501878690284487
220,35.91653247450349,18.089103596349972,8.474235104669887,5.273752012882448,1.892109500805153,20.30998389694042,8.259527643585615,1.2345679012345678,0.5501878690284487
221,36.16478797638218,18.015297906602253,8.32662372517445,5.46833064949007,1.892109500805153,20.21604938271605,8.205850778314547,1.1607622114868492,0.5501878690284487
222,36.29898013955985,18.00187869028449,8.32662372517445,5.4616210413311865,1.892109500805153,20.101986044015028,8.205850778314547,1.1607622114868492,0.5501878690284487
223,36.533816425120776,17.907944176060116,8.293075684380032,5.4616210413311865,1.892109500805153,20.021470746108427,8.179012345679013,1.1607622114868492,0.5501878690284487
224,36.30568974771873,17.3040794417606,8.199141170155663,5.441492216854535,1.8853998926462694,19.806763285024154,9.346484165324744,1.1607622114868492,0.5501878690284487
225,36.480139559849704,17.257112184648417,8.165593129361245,5.441492216854535,1.8853998926462694,19.746376811594203,9.346484165324744,1.1272141706924315,0.5501878690284487
226,36.600912506709605,17.24369296833065,8.132045088566828,5.441492216854535,1.8853998926462694,19.712828770799785,9.306226516371444,1.1272141706924315,0.5501878690284487
227,36.73510466988728,17.176596886741816,8.132045088566828,5.441492216854535,1.8853998926462694,19.685990338164252,9.272678475577026,1.1205045625335481,0.5501878690284487
228,37.03703703703704,17.05582393988191,8.085077831454644,5.441492216854535,1.8853998926462694,19.585346215780998,9.23913043478261,1.1205045625335481,0.5501878690284487
229,37.104133118625874,17.03569511540526,8.064949006977992,5.441492216854535,1.8853998926462694,19.558507783145465,9.23913043478261,1.1205045625335481,0.5501878690284487
230,37.30542136339238,16.968599033816425,8.038110574342458,5.434782608695652,1.7176596886741815,19.484702093397747,9.386741814278047,1.1137949543746646,0.5501878690284487
231,37.47987117552335,16.894793344068706,8.038110574342458,5.407944176060118,1.7176596886741815,19.424315619967793,9.373322597960279,1.1137949543746646,0.5501878690284487
232,37.72812667740204,16.874664519592056,8.031400966183575,5.407944176060118,1.6908212560386473,19.276704240472355,9.326355340848094,1.1137949543746646,0.5501878690284487
233,37.8690284487386,16.834406870638755,8.011272141706923,5.407944176060118,1.6908212560386473,19.229736983360173,9.292807300053678,1.1137949543746646,0.5501878690284487
234,38.425925925925924,16.76731078904992,7.971014492753623,5.394524959742351,1.6572732152442298,18.853998926462694,9.265968867418144,1.1137949543746646,0.5501878690284487
235,38.59366612989801,16.76731078904992,7.917337627482555,5.3341384863123995,1.6572732152442298,18.840579710144926,9.225711218464841,1.1137949543746646,0.5501878690284487
236,38.66747181964573,16.74718196457327,7.9039184111647875,5.213365539452496,1.8048845947396672,18.78690284487386,9.212292002147075,1.1137949543746646,0.5501878690284487
237,38.51315083199141,16.740472356414386,7.9039184111647875,5.555555555555555,1.7914653784219001,18.63929146537842,9.192163177670425,1.1137949543746646,0.5501878690284487
238,38.6003757380569,16.67337627482555,7.890499194847021,5.783682232957595,1.7914653784219001,18.605743424584006,8.99087493290392,1.1137949543746646,0.5501878690284487
239,38.69431025228127,16.606280193236714,7.883789586688137,5.783682232957595,1.7914653784219001,18.59903381642512,8.977455716586151,1.1137949543746646,0.5501878690284487
240,38.788244766505635,16.59957058507783,7.87037037037037,5.783682232957595,1.7914653784219001,18.5252281266774,8.977455716586151,1.1137949543746646,0.5501878690284487
241,38.83521202361782,16.566022544283413,7.87037037037037,5.783682232957595,1.7914653784219001,18.51851851851852,8.970746108427267,1.1137949543746646,0.5501878690284487
242,38.92243692968331,16.532474503488995,7.823403113258186,5.783682232957595,1.7914653784219001,18.51851851851852,8.964036500268385,1.1137949543746646,0.5501878690284487
243,39.04320987654321,16.525764895330113,7.7898550724637685,5.743424584004294,1.778046162104133,18.491680085882983,8.964036500268385,1.1137949543746646,0.5501878690284487
244,39.18411164787977,16.451959205582394,7.769726247987117,5.71658615136876,1.778046162104133,18.491680085882983,8.943907675791733,1.1137949543746646,0.5501878690284487
245,39.392109500805155,16.398282340311326,7.769726247987117,5.71658615136876,1.7646269457863661,18.397745571658614,8.903650026838433,1.107085346215781,0.5501878690284487
246,39.52630166398282,16.31105743424584,7.722758990874933,5.71658615136876,1.7646269457863661,18.397745571658614,8.903650026838433,1.107085346215781,0.5501878690284487
247,39.741009125067094,16.297638217928075,7.722758990874933,5.71658615136876,1.7646269457863661,18.357487922705314,8.742619431025227,1.107085346215781,0.5501878690284487
248,40.02952227589909,16.19699409554482,7.689210950080516,5.669618894256575,1.9189479334406871,18.209876543209877,8.648684916800859,1.0869565217391304,0.5501878690284487
249,40.09661835748792,16.19699409554482,7.6556629092860975,5.669618894256575,1.9189479334406871,18.17632850241546,8.648684916800859,1.0869565217391304,0.5501878690284487
250,40.264358561460014,16.170155662909288,7.628824476650563,5.609232420826624,1.9189479334406871,18.136070853462158,8.635265700483092,1.0869565217391304,0.5501878690284487
251,40.264358561460014,16.170155662909288,7.628824476650563,5.609232420826624,1.9189479334406871,18.136070853462158,8.635265700483092,1.0869565217391304,0.5501878690284487
252,40.5126140633387,16.11647879763822,7.601986044015029,5.595813204508857,1.90552871712292,18.02200751476114,8.608427267847558,1.0869565217391304,0.5501878690284487
253,40.687063875469676,16.089640365002683,7.601986044015029,5.448201825013419,1.90552871712292,18.02200751476114,8.608427267847558,1.0869565217391304,0.5501878690284487
254,40.995705850778315,15.901771336553946,7.601986044015029,5.407944176060118,1.90552871712292,17.941492216854535,8.608427267847558,1.0869565217391304,0.5501878690284487
255,41.2037037037037,15.767579173376275,7.601986044015029,5.407944176060118,1.90552871712292,17.894524959742352,8.608427267847558,1.0869565217391304,0.5233494363929146
256,41.54589371980676,15.646806226516372,7.581857219538379,5.35426731078905,1.90552871712292,17.793880837359097,8.561460010735374,1.0869565217391304,0.5233494363929146
257,41.4922168545357,15.599838969404187,7.548309178743962,5.340848094471283,1.90552871712292,17.793880837359097,8.709071390230811,1.0869565217391304,0.5233494363929146
258,41.76731078904992,15.552871712292003,7.461084272678476,5.314009661835748,1.8853998926462694,17.753623188405797,8.655394524959743,1.0869565217391304,0.5233494363929146
259,41.928341384863124,15.552871712292003,7.461084272678476,5.253623188405797,1.8853998926462694,17.652979066022546,8.655394524959743,1.0869565217391304,0.5233494363929146
260,41.8545356951154,15.5126140633387,7.14573268921095,5.709876543209877,1.865271068169619,17.64626945786366,8.655394524959743,1.0869565217391304,0.5233494363929146
261,41.94176060118089,15.479066022544284,7.139023081052066,5.6964573268921095,1.865271068169619,17.619431025228128,8.648684916800859,1.0869565217391304,0.5233494363929146
262,42.20343531937735,15.4723564143854,7.139023081052066,5.5756843800322065,1.865271068169619,17.612721417069242,8.568169618894256,1.06682769726248,0.49651100375738055
263,42.330917874396135,15.432098765432098,7.139023081052066,5.5756843800322065,1.865271068169619,17.55233494363929,8.568169618894256,1.06682769726248,0.46967257112184646
264,42.411433172302736,15.331454643048845,7.4141170155662905,5.501878690284487,1.8585614600107354,17.538915727321523,8.407139023081053,1.06682769726248,0.46967257112184646
265,42.632850241545896,15.331454643048845,7.360440150295223,5.4549114331723025,1.8048845947396672,17.538915727321523,8.340042941492216,1.06682769726248,0.46967257112184646
266,42.66639828234031,15.24422973698336,7.347020933977456,5.676328502415459,1.778046162104133,17.411433172302736,8.340042941492216,1.06682769726248,0.46967257112184646
267,41.56602254428341,15.24422973698336,7.333601717659689,5.676328502415459,1.6975308641975309,15.009393451422437,12.130971551261407,0.8722490606548577,0.46967257112184646
268,41.89479334406871,15.177133655394526,7.333601717659689,5.649490069779925,1.6572732152442298,14.841653247450349,12.104133118625873,0.8722490606548577,0.46967257112184646
269,41.74718196457327,15.163714439076758,7.320182501341922,5.891035963499732,1.6572732152442298,14.74771873322598,12.130971551261407,0.8722490606548577,0.46967257112184646
270,41.706924315619965,15.136876006441224,6.964573268921095,6.414385399892646,1.6505636070853462,14.720880300590446,12.06387546967257,0.8722490606548577,0.46967257112184646
271,41.7337627482555,15.136876006441224,6.964573268921095,6.387546967257112,1.6505636070853462,14.720880300590446,12.06387546967257,0.8722490606548577,0.46967257112184646
272,41.78073000536769,15.123456790123457,6.964573268921095,6.360708534621578,1.6505636070853462,14.720880300590446,12.057165861513688,0.8722490606548577,0.46967257112184646
273,41.95517981749866,15.029522275899087,6.9243156199677935,6.360708534621578,1.6505636070853462,14.714170692431562,12.02361782071927,0.8722490606548577,0.46967257112184646
274,42.07595276435856,14.982555018786902,6.9243156199677935,6.360708534621578,1.6505636070853462,14.687332259796028,11.976650563607086,0.8722490606548577,0.46967257112184646
