,45,50,53,51,54,52,55,56,57,58
0,98.64465915190553,1.3553408480944713,,,,,,,,
1,95.967525496511,4.032474503488996,,,,,,,,
2,89.92216854535695,10.077831454643048,,,,,,,,
3,89.62694578636608,10.373054213633925,,,,,,,,
4,81.19967793880838,18.23671497584541,0.5636070853462157,,,,,,,
5,78.80434782608695,18.65271068169619,0.5636070853462157,1.9793344068706387,,,,,,
6,78.85131508319914,18.531937734836287,0.5636070853462157,1.9793344068706387,0.07380568974771873,,,,,
7,59.19216317767042,29.95169082125604,0.5636070853462157,1.9457863660762211,0.07380568974771873,8.272946859903382,,,,
8,51.55662909286098,37.58722490606549,0.5636070853462157,1.9457863660762211,0.07380568974771873,8.272946859903382,,,,
9,50.946054750402574,35.82259796027912,2.831454643048846,1.9457863660762211,0.18115942028985507,8.272946859903382,,,,
10,49.322329575952764,37.473161567364464,2.831454643048846,1.9457863660762211,0.18115942028985507,8.246108427267847,,,,
11,45.9272678475577,34.614868491680085,2.8247450348899625,8.225979602791197,0.1610305958132045,8.246108427267847,,,,
12,45.967525496511,33.13204508856683,2.8247450348899625,8.225979602791197,0.1610305958132045,7.434245840042942,2.254428341384863,,,
13,34.896672034353195,44.22973698336017,2.8247450348899625,8.225979602791197,0.1610305958132045,7.4006977992485234,2.2611379495437465,,,
14,34.54777241009125,44.63231347289318,2.7844873859366612,8.225979602791197,0.1610305958132045,7.387278582930757,2.2611379495437465,,,
15,30.461621041331185,46.45061728395062,3.227321524422974,8.225979602791197,0.1610305958132045,9.07139023081052,2.4020397208803006,,,
16,29.998658078368223,42.53891572732152,2.690552871712292,10.124798711755233,1.2077294685990339,13.036768652710682,0.4025764895330113,,,
17,23.61111111111111,35.299248523886206,2.690552871712292,20.90042941492217,1.0869565217391304,16.035963499731615,0.3757380568974772,,,
18,21.66532474503489,34.245840042941495,4.233762748255502,25.087224906065487,1.0869565217391304,13.305152979066023,0.3757380568974772,,,
19,20.954106280193237,32.78314546430489,4.233762748255502,26.744498121309714,1.0869565217391304,13.211218464841654,0.9863123993558777,,,
20,21.07487922705314,32.74288781535159,4.206924315619967,26.744498121309714,1.0869565217391304,13.157541599570585,0.9863123993558777,,,
21,19.061996779388085,36.71497584541063,4.206924315619967,26.33521202361782,0.9997316156736447,11.614331723027375,1.06682769726248,,,
22,18.894256575415994,33.44739667203435,8.179012345679013,25.489801395598498,1.3083735909822867,11.614331723027375,1.06682769726248,,,
23,18.96135265700483,33.40713902308105,8.172302737520129,25.469672571121848,1.3083735909822867,11.614331723027375,1.06682769726248,,,
24,18.746645195920557,32.830112721417066,8.172302737520129,26.261406333870102,1.3083735909822867,11.614331723027375,1.06682769726248,,,
25,19.39747718733226,31.83709071390231,6.810252281266774,26.214439076757916,1.3083735909822867,13.365539452495975,1.06682769726248,,,
26,19.6256038647343,28.891572732152444,5.723295759527644,25.664251207729468,1.3016639828234031,17.726784755770264,1.06682769726248,,,
27,12.318840579710145,38.35212023617821,5.723295759527644,24.235104669887278,1.3016639828234031,17.002147074610843,1.06682769726248,,,
28,12.446323134728932,38.258185721953836,5.709876543209877,24.10091250670961,1.3016639828234031,17.002147074610843,1.1808910359634996,,,
29,9.796027911969942,36.08427267847558,3.629898013955985,32.68250134192163,1.3016639828234031,15.324745034889963,1.1808910359634996,,,
30,9.842995169082126,36.04401502952228,3.629898013955985,32.57514761137949,1.3016639828234031,15.318035426731079,1.288244766505636,,,
31,8.930488459473967,34.19887278582931,5.870907139023081,32.54830917874396,1.90552871712292,15.257648953301127,1.288244766505636,,,
32,8.943907675791733,34.13177670424047,8.55475040257649,29.931561996779386,1.90552871712292,15.24422973698336,1.288244766505636,,,
33,9.07139023081052,34.10493827160494,9.01100375738057,29.904723564143854,1.8451422436929683,14.78797638217928,1.2748255501878691,,,
34,9.138486312399356,34.044551798174986,9.01100375738057,29.904723564143854,1.8451422436929683,14.781266774020397,1.2748255501878691,,,
35,9.064680622651638,31.884057971014492,8.863392377885132,31.17283950617284,1.2815351583467525,16.411701556629094,1.3217928073000538,,,
36,8.601717659688674,29.522275899087493,7.514761137949543,30.69645732689211,1.2815351583467525,20.38378958668814,1.9994632313472893,,,
37,8.863392377885132,29.435050993022006,7.514761137949543,30.636070853462158,1.2815351583467525,19.961084272678477,1.9994632313472893,0.30864197530864196,,
38,9.25925925925926,29.106280193236714,8.09849704777241,29.998658078368223,1.2681159420289856,19.961084272678477,1.9994632313472893,0.30864197530864196,,
39,9.440418679549115,28.35480407944176,8.447396672034353,30.844068706387546,1.2681159420289856,19.726247987117553,1.6103059581320451,0.30864197530864196,,
40,9.675254965110037,28.10654857756307,7.695920558239399,32.420826623725176,1.2681159420289856,18.914385399892645,1.6103059581320451,0.30864197530864196,,
41,9.769189479334408,28.012614063338702,7.695920558239399,32.420826623725176,1.2681159420289856,18.914385399892645,1.6103059581320451,0.30864197530864196,,
42,9.782608695652174,27.677133655394524,7.669082125603865,31.696188942565755,1.2681159420289856,19.6256038647343,1.9726247987117553,0.30864197530864196,,
43,9.923510466988727,27.657004830917874,7.669082125603865,31.629092860976918,1.2681159420289856,19.45115405260333,1.9726247987117553,0.30864197530864196,0.12077294685990338,
44,10.071121846484166,27.623456790123456,7.595276435856146,31.32716049382716,1.2681159420289856,19.37734836285561,2.314814814814815,0.30193236714975846,0.12077294685990338,
45,9.621578099838969,27.294685990338163,6.293612453032743,39.57997852925389,1.247987117552335,13.425925925925926,2.314814814814815,0.2214170692431562,,
46,6.340579710144928,41.015834675254965,7.320182501341922,26.167471819645733,1.2278582930756843,15.599838969404187,2.1604938271604937,0.16774020397208803,,
47,6.447933440687064,40.98228663446055,7.320182501341922,26.167471819645733,1.2278582930756843,15.526033279656469,2.1604938271604937,0.16774020397208803,,
48,6.454643048845948,38.33870101986044,7.320182501341922,25.805152979066023,3.1602254428341383,15.526033279656469,3.227321524422974,0.16774020397208803,,
49,6.629092860976919,29.51556629092861,7.320182501341922,35.057702630166396,3.1602254428341383,14.928878153515834,3.2206119162640903,0.16774020397208803,,
50,6.756575415995706,29.052603327965645,7.2933440687063875,34.46054750402576,3.569511540526033,15.479066022544284,3.2206119162640903,0.16774020397208803,,
51,5.810520665593129,24.36929683306495,6.629092860976919,41.720343531937736,2.5831991411701556,15.385131508319914,3.33467525496511,0.16774020397208803,,
52,5.958132045088567,24.14117015566291,6.629092860976919,40.45222758990875,2.5831991411701556,15.33816425120773,4.730273752012883,0.16774020397208803,,
53,5.978260869565218,22.940150295222757,8.849973161567364,37.9495437466452,3.9586688137412773,15.33816425120773,4.683306494900698,0.30193236714975846,,
54,5.615942028985507,21.477455716586153,8.702361782071927,40.673644659151904,3.9586688137412773,14.586688137412775,4.683306494900698,0.30193236714975846,,
55,4.3545356951154055,17.16988727858293,8.588298443370908,43.874127750939344,6.206387546967257,14.163982823403114,5.166398282340311,0.47638217928073,,
56,4.468599033816425,15.653515834675256,8.588298443370908,43.77348362855609,6.206387546967257,14.130434782608695,6.702898550724638,0.47638217928073,,
57,4.7101449275362315,15.60654857756307,8.548040794417606,43.69967793880837,6.166129898013956,14.130434782608695,6.662640901771336,0.47638217928073,,
58,4.40150295222759,15.136876006441224,9.312936124530328,36.07085346215781,6.105743424584004,22.457058507783145,6.172839506172839,0.3421900161030596,,
59,4.448470209339774,15.136876006441224,9.312936124530328,36.07085346215781,6.105743424584004,22.416800858829845,6.166129898013956,0.3421900161030596,,
60,4.448470209339774,15.103327965646805,9.312936124530328,38.439345142243695,6.099033816425121,20.417337627482556,5.850778314546431,0.32877079978529256,,
61,4.62962962962963,15.096618357487923,9.27938808373591,38.38566827697262,6.072195383789587,20.38378958668814,5.8239398819108965,0.32877079978529256,,
62,4.274020397208803,12.989801395598498,13.90901771336554,36.35265700483092,7.018250134192163,19.310252281266774,5.676328502415459,0.46967257112184646,,
63,4.40150295222759,12.949543746645196,13.882179280730005,36.292270531400966,7.018250134192163,19.310252281266774,5.676328502415459,0.46967257112184646,,
64,4.3545356951154055,12.030327428878154,13.66076221148685,39.049919484702095,7.018250134192163,18.968062265163713,4.3545356951154055,0.46967257112184646,0.0939345142243693,
65,4.2270531400966185,11.218464841653248,11.694847020933977,40.86151368760064,8.038110574342458,18.813741277509394,4.62962962962963,0.4227053140096618,0.0939345142243693,
66,4.448470209339774,11.131239935587761,11.782071926999464,40.754159957058505,8.038110574342458,18.746645195920557,4.609500805152979,0.39586688137412773,0.0939345142243693,
67,4.300858829844337,9.138486312399356,11.768652710681696,41.277509393451425,9.46725711218465,18.54535695115405,5.01207729468599,0.39586688137412773,0.0939345142243693,
68,3.717122920021471,8.675523349436393,11.634460547504025,41.237251744498124,8.635265700483092,20.92055823939882,4.690016103059581,0.39586688137412773,0.0939345142243693,
69,3.9184111647879765,8.628556092324208,11.265432098765432,40.82125603864734,8.581588835212024,20.8870101986044,5.005367686527107,0.798443370907139,0.0939345142243693,
70,4.005636070853462,8.61513687600644,11.037305421363392,40.53274288781535,8.064949006977992,20.77294685990338,4.998658078368224,1.8786902844873858,0.0939345142243693,
71,3.408480944712829,7.6556629092860975,8.641975308641975,47.819377348362856,8.561460010735374,17.20343531937735,5.347557702630167,1.2681159420289856,0.0939345142243693,
72,3.5225442834138487,7.6556629092860975,8.641975308641975,44.276704240472355,8.53462157809984,20.658883521202362,5.347557702630167,1.2681159420289856,0.0939345142243693,
73,3.7640901771336552,7.628824476650563,8.641975308641975,41.88137412775094,10.795759527643586,20.625335480407944,5.300590445517981,1.2681159420289856,0.0939345142243693,
74,3.7640901771336552,7.152442297369833,11.29898013955985,39.392109500805155,10.581052066559312,20.611916264090176,5.293880837359098,1.8115942028985508,0.0939345142243693,
75,3.8311862587224907,7.14573268921095,11.29898013955985,41.84782608695652,8.205850778314547,20.471014492753625,5.293880837359098,1.8115942028985508,0.0939345142243693,
76,4.49543746645196,7.139023081052066,10.95679012345679,41.10305958132045,7.977724100912507,20.283145464304884,5.293880837359098,2.657004830917874,0.0939345142243693,
77,4.468599033816425,7.085346215780999,10.923242082662373,41.10305958132045,8.091787439613526,20.283145464304884,5.293880837359098,2.657004830917874,0.0939345142243693,
78,4.602791196994096,6.696188942565755,16.847826086956523,37.88915727321525,6.4345142243692965,19.484702093397747,5.293880837359098,2.657004830917874,0.0939345142243693,
79,4.683306494900698,6.347289318303811,18.391035963499732,36.35265700483092,6.9310252281266775,19.276704240472355,5.293880837359098,2.6301663982823404,0.0939345142243693,
80,4.320987654320987,5.924584004294149,17.478529253891573,37.59393451422437,6.9310252281266775,16.908212560386474,8.21256038647343,2.536231884057971,0.0939345142243693,
81,4.51556629092861,5.924584004294149,19.37734836285561,36.09769189479334,7.185990338164252,16.834406870638755,7.9106280193236715,2.059849704777241,0.0939345142243693,
82,4.656468062265164,5.864197530864198,19.330381105743424,36.00375738056898,7.159151905528717,16.774020397208805,7.9106280193236715,2.2074610842726785,0.0939345142243693,
83,4.622920021470746,5.797101449275362,18.739935587761675,35.51395598497048,6.877348362855609,19.732957595276435,6.736446591519055,1.8853998926462694,0.0939345142243693,
84,4.636339237788513,5.797101449275362,18.874127750939344,34.14519592055824,8.192431561996779,19.639023081052066,6.736446591519055,1.8853998926462694,0.0939345142243693,
85,4.7638217928073,5.770263016639828,18.867418142780462,34.064680622651636,8.179012345679013,19.639023081052066,6.736446591519055,1.8853998926462694,0.0939345142243693,
86,4.944981213097155,5.750134192163178,18.4849704777241,33.8365539452496,8.179012345679013,20.088566827697264,6.736446591519055,1.8853998926462694,0.0939345142243693,
87,5.10601180891036,5.743424584004294,18.129361245303276,36.54723564143854,8.152173913043478,17.793880837359097,6.608964036500268,1.8384326355340848,0.08051529790660225,
88,4.9718196457326895,5.730005367686527,18.08239398819109,35.37305421363392,8.044820182501342,19.464573268921097,6.608964036500268,1.724369296833065,,
89,5.159688674181428,5.622651637144391,17.310789049919485,35.08454106280193,7.75630703166935,20.665593129361245,6.6760601180891035,1.724369296833065,,
90,5.314009661835748,5.501878690284487,17.28395061728395,34.41358024691358,8.722490606548577,20.363660762211488,6.6760601180891035,1.724369296833065,,
91,5.401234567901234,5.501878690284487,17.257112184648417,34.40016103059581,8.608427267847558,20.35024154589372,6.6760601180891035,1.7042404723564144,0.10064412238325282,
92,5.300590445517981,5.10601180891036,16.545893719806763,33.19243156199678,8.588298443370908,22.604669887278583,6.870638754696726,1.6908212560386473,0.10064412238325282,
93,5.387815351583468,5.10601180891036,15.60654857756307,32.789855072463766,8.588298443370908,23.637949543746647,7.092055823939882,1.6908212560386473,0.10064412238325282,
94,5.555555555555555,5.072463768115942,15.573000536768653,32.789855072463766,8.55475040257649,23.57085346215781,7.092055823939882,1.6908212560386473,0.10064412238325282,
95,5.71658615136876,5.052334943639291,15.573000536768653,32.729468599033815,8.53462157809984,23.51046698872786,7.092055823939882,1.6908212560386473,0.10064412238325282,
96,5.870907139023081,4.9651100375738055,15.546162104133119,32.648953301127214,8.53462157809984,23.483628556092324,7.058507783145465,1.7914653784219001,0.10064412238325282,
97,5.9447128287707995,4.9651100375738055,15.197262479871176,32.59527643585615,8.876811594202898,23.47691894793344,7.058507783145465,1.7847557702630166,0.10064412238325282,
98,6.052066559312936,4.9651100375738055,15.157004830917874,32.54830917874396,8.876811594202898,23.698336017176597,6.816961889425658,1.7847557702630166,0.10064412238325282,
99,6.125872249060655,4.9651100375738055,15.143585614600108,32.54830917874396,8.876811594202898,23.658078368223297,6.796833064949007,1.7847557702630166,0.10064412238325282,
100,6.166129898013956,4.9651100375738055,15.143585614600108,32.53488996242619,8.876811594202898,23.658078368223297,6.769994632313473,1.7847557702630166,0.10064412238325282,
101,6.374127750939345,4.951690821256038,14.345142243692969,31.468062265163713,11.20504562533548,23.1682769726248,6.481481481481482,1.90552871712292,0.10064412238325282,
102,6.582125603864735,4.931561996779388,14.304884594739667,31.46135265700483,11.131239935587761,23.101180891035963,6.481481481481482,1.90552871712292,0.10064412238325282,
103,6.199677938808374,4.74369296833065,13.962694578636608,25.261674718196456,9.822866344605474,31.61567364465915,6.387546967257112,1.90552871712292,0.10064412238325282,
104,6.105743424584004,4.05931293612453,12.761674718196458,25.214707461084274,9.554482018250134,34.0378421900161,6.260064412238325,1.90552871712292,0.10064412238325282,
105,5.971551261406334,4.025764895330113,12.332259796027913,27.375201288244767,9.541062801932368,32.84353193773484,5.924584004294149,1.737788513150832,0.10064412238325282,0.14761137949543746
106,6.172839506172839,3.9586688137412773,12.5402576489533,27.32823403113258,9.520933977455716,32.7361782071927,5.911164787976382,1.583467525496511,0.10064412238325282,0.14761137949543746
107,6.333870101986044,3.9586688137412773,12.493290391841116,26.96591519055287,9.480676328502415,32.63553408480945,6.300322061191626,1.583467525496511,0.10064412238325282,0.14761137949543746
108,6.602254428341385,3.9519592055823938,12.23161567364466,26.798174986580783,9.339774557165862,32.608695652173914,6.635802469135802,1.583467525496511,0.10064412238325282,0.14761137949543746
109,6.749865807836822,3.9519592055823938,12.218196457326892,26.757917337627482,9.339774557165862,32.55501878690284,6.595544820182502,1.583467525496511,0.10064412238325282,0.14761137949543746
110,6.253354804079442,3.8378958668813743,11.75523349436393,34.01100375738057,9.125067096081589,29.260601180891037,4.133118625872249,1.3754696725711217,0.10064412238325282,0.14761137949543746
111,6.239935587761675,3.717122920021471,11.681427804616211,36.540526033279654,8.883521202361782,27.180622651637144,4.133118625872249,1.3754696725711217,0.10064412238325282,0.14761137949543746
112,5.71658615136876,3.717122920021471,10.648148148148149,40.74074074074074,9.151905528717123,24.993290391841118,3.629898013955985,1.1540526033279657,0.10064412238325282,0.14761137949543746
113,5.9447128287707995,3.717122920021471,10.61460010735373,39.680622651637144,9.084809447128288,25.93263553408481,3.6231884057971016,1.1540526033279657,0.10064412238325282,0.14761137949543746
114,5.911164787976382,3.717122920021471,10.61460010735373,41.48550724637681,9.084809447128288,24.174718196457327,3.6097691894793345,1.1540526033279657,0.10064412238325282,0.14761137949543746
115,6.146001073537305,3.717122920021471,10.601180891035963,41.36473429951691,9.084809447128288,24.074074074074073,3.6097691894793345,1.1540526033279657,0.10064412238325282,0.14761137949543746
116,6.179549114331723,3.683574879227053,10.218733225979603,40.687063875469676,10.473698336017177,24.013687600644122,3.3413848631239937,1.1540526033279657,0.10064412238325282,0.14761137949543746
117,6.400966183574879,3.683574879227053,10.071121846484166,40.633387010198604,10.46027911969941,23.872785829307567,3.3413848631239937,1.1540526033279657,0.23483628556092323,0.14761137949543746
118,6.4412238325281805,3.670155662909286,10.057702630166398,40.51932367149758,10.46027911969941,23.866076221148685,3.3413848631239937,1.261406333870102,0.23483628556092323,0.14761137949543746
119,6.588835212023618,3.656736446591519,10.017444981213098,40.50590445517982,10.46027911969941,23.785560923242084,3.3413848631239937,1.261406333870102,0.23483628556092323,0.14761137949543746
120,6.561996779388084,3.656736446591519,9.426999463231347,40.45222758990875,10.165056360708535,24.778582930756844,3.33467525496511,1.2412775093934514,0.23483628556092323,0.14761137949543746
121,6.629092860976919,3.656736446591519,9.41358024691358,40.06977992485239,10.144927536231885,24.56387546967257,3.898282340311326,1.2412775093934514,0.23483628556092323,0.14761137949543746
122,6.474771873322598,3.44873859366613,8.695652173913043,40.03623188405797,10.144927536231885,25.583735909822867,3.898282340311326,1.3352120236178207,0.23483628556092323,0.14761137949543746
123,6.427804616210413,3.44873859366613,8.68894256575416,37.4194847020934,10.144927536231885,28.529253891572733,3.730542136339238,1.2278582930756843,0.23483628556092323,0.14761137949543746
124,6.816961889425658,3.435319377348363,9.581320450885668,36.37278582930757,10.030864197530864,28.442028985507246,3.7238325281803544,1.2144390767579174,0.23483628556092323,0.14761137949543746
125,6.877348362855609,3.435319377348363,9.554482018250134,35.12479871175523,11.460010735373054,28.099838969404185,3.7238325281803544,1.3419216317767042,0.23483628556092323,0.14761137949543746
126,6.884057971014493,3.435319377348363,10.34621578099839,33.53462157809984,11.41304347826087,28.951959205582394,3.7104133118625873,1.3419216317767042,0.23483628556092323,0.14761137949543746
127,6.998121309715513,3.435319377348363,10.34621578099839,33.47423510466989,11.392914653784219,28.918411164787976,3.7104133118625873,1.3419216317767042,0.23483628556092323,0.14761137949543746
128,7.018250134192163,3.435319377348363,10.144927536231885,32.991143317230275,11.936392914653783,28.911701556629094,3.7104133118625873,1.4694041867954912,0.23483628556092323,0.14761137949543746
129,7.092055823939882,3.421900161030596,10.077831454643048,32.94417606011809,11.922973698336017,28.904991948470208,3.7104133118625873,1.4694041867954912,0.23483628556092323,0.2214170692431562
130,7.098765432098766,3.421900161030596,10.071121846484166,32.80327428878154,11.922973698336017,28.891572732152444,3.7104133118625873,1.6237251744498122,0.23483628556092323,0.2214170692431562
131,6.709608158883521,3.4017713365539453,10.044283413848632,36.252012882447666,11.896135265700483,25.91250670960816,3.7104133118625873,1.6170155662909287,0.23483628556092323,0.2214170692431562
132,6.837090713902308,3.4017713365539453,10.030864197530864,35.59447128287708,11.896135265700483,26.536500268384327,3.7104133118625873,1.5365002683843263,0.23483628556092323,0.2214170692431562
133,7.212828770799785,3.388352120236178,9.769189479334408,35.581052066559316,11.862587224906065,26.482823403113258,3.7104133118625873,1.5365002683843263,0.23483628556092323,0.2214170692431562
134,7.1658615136876005,3.388352120236178,9.353193773483628,37.27187332259796,11.41304347826087,25.966183574879228,3.7104133118625873,1.2748255501878691,0.23483628556092323,0.2214170692431562
135,7.353730542136339,3.388352120236178,9.27938808373591,37.224906065485776,11.399624261943103,25.939345142243692,3.7104133118625873,1.247987117552335,0.23483628556092323,0.2214170692431562
136,7.494632313472893,3.321256038647343,9.373322597960279,35.72866344605475,11.117820719269995,27.569779924852387,3.7104133118625873,1.2278582930756843,0.23483628556092323,0.2214170692431562
137,7.447665056360709,3.280998389694042,9.373322597960279,35.587761674718195,10.581052066559312,28.401771336553946,3.7037037037037037,1.1674718196457328,0.23483628556092323,0.2214170692431562
138,7.581857219538379,3.280998389694042,9.373322597960279,35.50053676865271,10.547504025764896,28.388352120236178,3.7037037037037037,1.1674718196457328,0.23483628556092323,0.2214170692431562
139,7.514761137949543,3.2541599570585076,8.776167471819646,35.42673107890499,10.19189479334407,29.602791196994094,3.6097691894793345,1.1674718196457328,0.23483628556092323,0.2214170692431562
140,7.689210950080516,3.2541599570585076,8.776167471819646,35.34621578099839,10.171765968867419,29.528985507246375,3.6097691894793345,1.1674718196457328,0.23483628556092323,0.2214170692431562
141,7.7831454643048845,3.2541599570585076,8.769457863660762,35.31266774020397,10.171765968867419,29.482018250134193,3.6097691894793345,1.1607622114868492,0.23483628556092323,0.2214170692431562
142,8.279656468062266,3.240740740740741,8.756038647342995,35.29253891572732,10.131508319914117,29.180085882984432,3.502415458937198,1.1607622114868492,0.23483628556092323,0.2214170692431562
143,8.460815888352121,3.240740740740741,8.68894256575416,35.218733225979605,10.19189479334407,29.07944176060118,3.502415458937198,1.1607622114868492,0.23483628556092323,0.2214170692431562
144,8.588298443370908,3.240740740740741,8.68894256575416,35.218733225979605,10.19189479334407,28.951959205582394,3.502415458937198,1.1607622114868492,0.23483628556092323,0.2214170692431562
145,8.695652173913043,3.2340311325818574,8.641975308641975,33.601717659688674,10.19189479334407,28.858024691358025,3.502415458937198,2.818035426731079,0.23483628556092323,0.2214170692431562
146,9.16532474503489,3.207192699946323,8.641975308641975,33.353462157809986,10.165056360708535,28.663446054750402,3.4621578099838968,2.885131508319914,0.23483628556092323,0.2214170692431562
147,8.252818035426731,8.192431561996779,7.085346215780999,31.5552871712292,10.0979602791197,28.099838969404185,3.455448201825013,2.804616210413312,0.23483628556092323,0.2214170692431562
148,8.400429414922169,8.192431561996779,7.058507783145465,31.4747718733226,10.0979602791197,28.079710144927535,3.4420289855072466,2.804616210413312,0.23483628556092323,0.2147074610842727
149,7.64224369296833,7.380568974771873,5.83064949006978,30.26033279656468,9.634997316156737,33.51449275362319,2.7979066022544283,2.6301663982823404,0.23483628556092323,0.07380568974771873
150,7.9106280193236715,7.380568974771873,5.790391841116479,30.16639828234031,9.601449275362318,33.41384863123994,2.7979066022544283,2.6301663982823404,0.23483628556092323,0.07380568974771873
151,8.038110574342458,7.380568974771873,5.790391841116479,30.112721417069242,9.581320450885668,33.393719806763286,2.7643585614600106,2.6301663982823404,0.23483628556092323,0.07380568974771873
152,8.07836822329576,7.320182501341922,5.790391841116479,29.347826086956523,9.64170692431562,33.9170692431562,2.965646806226516,2.6301663982823404,0.23483628556092323,0.07380568974771873
153,8.145464304884594,7.306763285024155,5.790391841116479,29.294149221685455,9.64170692431562,33.9170692431562,2.965646806226516,2.6301663982823404,0.23483628556092323,0.07380568974771873
154,8.205850778314547,7.306763285024155,5.790391841116479,29.28743961352657,9.614868491680086,33.89023081052066,2.965646806226516,2.6301663982823404,0.23483628556092323,0.07380568974771873
155,8.266237251744498,7.306763285024155,7.018250134192163,27.811325818572197,9.614868491680086,33.823134728931834,2.965646806226516,2.885131508319914,0.23483628556092323,0.07380568974771873
156,8.246108427267847,7.253086419753086,6.998121309715513,29.180085882984432,9.480676328502415,32.8972088030059,2.7509393451422435,2.885131508319914,0.23483628556092323,0.07380568974771873
157,8.440687063875469,6.910896403650026,6.998121309715513,29.159957058507782,9.440418679549115,32.87707997852925,3.0059044551798175,2.85829307568438,0.23483628556092323,0.07380568974771873
158,7.078636607622115,6.5552871712292005,5.2066559312936125,40.08990874932904,4.898013955984971,30.911164787976382,2.120236178207193,2.85829307568438,0.28180354267310787,
159,6.213097155126141,6.427804616210413,5.2066559312936125,43.08239398819109,4.703435319377348,28.63660762211487,2.589908749329039,2.85829307568438,0.28180354267310787,
160,6.421095008051529,6.414385399892646,5.2066559312936125,42.98845947396672,4.703435319377348,28.56280193236715,2.576489533011272,2.844873859366613,0.28180354267310787,
161,6.568706387546968,6.387546967257112,5.2066559312936125,42.914653784219,4.797369833601718,28.488996242619432,2.509393451422437,2.844873859366613,0.28180354267310787,
162,6.602254428341385,6.387546967257112,5.2066559312936125,42.881105743424584,4.797369833601718,28.488996242619432,2.509393451422437,2.844873859366613,0.28180354267310787,
163,6.696188942565755,6.387546967257112,5.2066559312936125,42.55904455179817,4.790660225442834,28.44873859366613,2.509393451422437,3.1199677938808374,0.28180354267310787,
164,6.756575415995706,6.387546967257112,5.2066559312936125,42.552334943639295,4.783950617283951,28.401771336553946,2.509393451422437,3.1199677938808374,0.28180354267310787,
165,6.998121309715513,4.918142780461621,5.2066559312936125,42.49865807836822,6.468062265163715,28.23403113258186,2.2745571658615136,3.1199677938808374,0.28180354267310787,
166,7.058507783145465,4.918142780461621,5.119431025228127,42.47181964573269,6.461352657004831,28.23403113258186,2.2745571658615136,3.0931293612453032,0.36902844873859364,
167,7.14573268921095,4.918142780461621,5.119431025228127,42.45840042941492,6.4412238325281805,28.18035426731079,2.2745571658615136,3.0931293612453032,0.36902844873859364,
168,7.286634460547504,4.884594739667204,5.119431025228127,42.391304347826086,6.400966183574879,27.791196994095547,2.2745571658615136,3.0931293612453032,0.7581857219538379,
169,7.347020933977456,4.884594739667204,5.0858829844337095,40.54616210413312,6.380837359098229,29.636339237788512,2.2745571658615136,3.0864197530864197,0.7581857219538379,
170,7.226247987117552,4.871175523349437,6.4345142243692965,39.754428341384866,6.380837359098229,28.723832528180353,2.5831991411701556,3.2675791733762747,0.7581857219538379,
171,7.326892109500805,4.871175523349437,6.427804616210413,39.52630166398282,6.380837359098229,28.710413311862588,2.5831991411701556,3.4151905528717124,0.7581857219538379,
172,7.367149758454106,4.8443370907139025,6.427804616210413,39.52630166398282,6.380837359098229,28.703703703703702,2.5831991411701556,3.408480944712829,0.7581857219538379,
173,7.454374664519592,4.8443370907139025,6.427804616210413,39.47933440687064,6.380837359098229,28.663446054750402,2.5831991411701556,3.408480944712829,0.7581857219538379,
174,7.595276435856146,4.8443370907139025,6.427804616210413,39.378690284487384,6.380837359098229,28.24074074074074,2.563070316693505,3.408480944712829,1.1607622114868492,
175,7.729468599033816,4.830917874396135,6.427804616210413,39.31159420289855,6.380837359098229,28.187063875469672,2.563070316693505,3.408480944712829,1.1607622114868492,
176,7.682501341921632,4.810789049919484,6.427804616210413,38.33870101986044,6.367418142780462,28.079710144927535,3.8378958668813743,3.294417606011809,1.1607622114868492,
177,7.675791733762749,4.810789049919484,6.394256575415996,37.52012882447665,6.340579710144928,28.073000536768653,4.502147074610843,3.5225442834138487,1.1607622114868492,
178,7.877079978529254,4.810789049919484,6.387546967257112,37.15780998389694,6.286902844873859,28.06629092860977,4.49543746645196,3.6231884057971016,1.2949543746645196,
179,7.98443370907139,4.810789049919484,6.387546967257112,37.144390767579175,6.286902844873859,27.9723564143854,4.49543746645196,3.6231884057971016,1.2949543746645196,
180,8.111916264090176,4.783950617283951,6.387546967257112,37.07058507783145,6.286902844873859,27.95222758990875,4.49543746645196,3.616478797638218,1.2949543746645196,
181,8.32662372517445,4.783950617283951,6.360708534621578,36.963231347289316,6.286902844873859,27.911969940955448,4.455179817498658,3.616478797638218,1.2949543746645196,
182,8.313204508856682,4.783950617283951,6.005099302200751,35.75550187869028,6.273483628556092,29.582662372517444,4.374664519592056,3.616478797638218,1.2949543746645196,
183,8.55475040257649,4.783950617283951,5.971551261406334,35.567632850241544,6.233225979602791,29.55582393988191,4.3478260869565215,3.6902844873859366,1.2949543746645196,
184,8.789586688137414,4.783950617283951,5.971551261406334,35.44015029522276,6.152710681696189,29.381374127750938,4.341116478797638,3.6902844873859366,1.4492753623188406,
185,8.984165324745035,4.783950617283951,5.971551261406334,35.258990874932906,6.152710681696189,29.367954911433173,4.341116478797638,3.6902844873859366,1.4492753623188406,
186,9.286097691894794,4.62962962962963,5.971551261406334,35.138217928073,6.152710681696189,29.341116478797638,4.341116478797638,3.6902844873859366,1.4492753623188406,
187,9.400161030595813,4.62962962962963,5.938003220611916,35.09125067096082,6.146001073537305,29.341116478797638,4.341116478797638,3.6768652710681695,1.4358561460010735,
188,9.420289855072463,3.730542136339238,5.938003220611916,35.07783145464305,6.146001073537305,29.280730005367687,5.293880837359098,3.6768652710681695,1.4358561460010735,
189,9.534353193773484,3.730542136339238,5.924584004294149,35.05099302200752,6.132581857219538,29.25389157273215,5.293880837359098,3.670155662909286,1.4090177133655395,
190,9.769189479334408,3.730542136339238,6.474771873322598,34.594739667203434,6.1929683306494905,29.0727321524423,5.119431025228127,3.6366076221148687,1.4090177133655395,
191,9.863123993558776,3.730542136339238,6.474771873322598,34.574610842726784,6.1929683306494905,29.01905528717123,5.0993022007514766,3.6366076221148687,1.4090177133655395,
192,9.896672034353195,3.717122920021471,6.629092860976919,33.56816961889426,6.152710681696189,30.059044551798173,4.958400429414922,3.750670960815888,1.2681159420289856,
193,10.165056360708535,3.717122920021471,6.622383252818035,33.43397745571659,6.146001073537305,29.99194847020934,4.938271604938271,3.717122920021471,1.2681159420289856,
194,10.312667740203972,3.717122920021471,6.561996779388084,33.42055823939882,6.146001073537305,29.965110037573805,4.911433172302737,3.69699409554482,1.2681159420289856,
195,10.446859903381643,3.7037037037037037,6.561996779388084,33.400429414922165,6.139291465378422,29.87788513150832,4.904723564143854,3.69699409554482,1.2681159420289856,
196,10.23215244229737,2.677133655394525,6.374127750939345,33.373590982286636,8.3064949006978,29.47530864197531,4.488727858293076,3.69699409554482,1.3754696725711217,
197,10.299248523886206,2.677133655394525,6.353998926462695,32.90391841116479,8.3064949006978,29.435050993022006,4.488727858293076,4.159957058507783,1.3754696725711217,
198,10.426731078904991,2.677133655394525,6.353998926462695,32.890499194847024,8.3064949006978,29.367954911433173,4.4753086419753085,4.126409017713366,1.3754696725711217,
199,10.399892646269459,2.677133655394525,5.5756843800322065,32.86366076221149,8.3064949006978,30.253623188405797,4.448470209339774,4.0995705850778315,1.3754696725711217,
200,10.473698336017177,2.677133655394525,5.5689747718733225,32.85024154589372,8.3064949006978,30.19994632313473,4.448470209339774,4.0995705850778315,1.3754696725711217,
201,10.768921095008052,2.677133655394525,5.5689747718733225,32.76301663982824,8.299785292538916,29.931561996779386,4.448470209339774,4.166666666666667,1.3754696725711217,
202,10.889694041867955,2.677133655394525,5.5689747718733225,32.7361782071927,8.28636607622115,29.857756307031668,4.448470209339774,4.159957058507783,1.3754696725711217,
203,10.983628556092324,2.677133655394525,5.535426731078905,32.709339774557165,8.28636607622115,29.69001610305958,4.448470209339774,4.159957058507783,1.5096618357487923,
204,10.829307568438002,2.6502952227589907,5.199946323134729,32.52147074610843,8.272946859903382,30.407944176060116,4.448470209339774,4.159957058507783,1.5096618357487923,
205,10.990338164251208,2.6502952227589907,5.199946323134729,32.367149758454104,8.125335480407944,30.314009661835748,4.448470209339774,4.394793344068707,1.5096618357487923,
206,11.057434245840042,2.5429414922168547,5.199946323134729,32.35373054213634,7.709339774557166,30.287171229200215,4.9718196457326895,4.367954911433173,1.5096618357487923,
207,11.144659151905529,2.522812667740204,5.186527106816962,32.32018250134192,7.702630166398282,30.287171229200215,4.958400429414922,4.367954911433173,1.5096618357487923,
208,11.33923778851315,2.522812667740204,5.186527106816962,32.306763285024154,7.675791733762749,30.132850241545892,4.958400429414922,4.367954911433173,1.5096618357487923,
209,11.466720343531938,2.522812667740204,5.186527106816962,32.25979602791197,7.6623725174449815,30.08588298443371,4.944981213097155,4.361245303274289,1.5096618357487923,
210,11.553945249597424,2.5161030595813205,5.287171229200215,32.22624798711755,8.011272141706923,29.70343531937735,4.944981213097155,4.260601180891036,1.4962426194310252,
211,11.634460547504025,2.5026838432635534,5.287171229200215,31.85721953837896,7.991143317230274,29.683306494900698,4.944981213097155,4.602791196994096,1.4962426194310252,
212,11.721685453569512,2.5026838432635534,5.287171229200215,31.816961889425656,7.991143317230274,29.636339237788512,4.944981213097155,4.602791196994096,1.4962426194310252,
213,11.79549114331723,2.5026838432635534,5.287171229200215,31.749865807836823,7.991143317230274,29.58937198067633,4.944981213097155,4.643048845947397,1.4962426194310252,
214,11.956521739130435,2.5026838432635534,5.287171229200215,31.655931293612454,7.98443370907139,29.542404723564143,4.944981213097155,4.62962962962963,1.4962426194310252,
215,12.13768115942029,2.5026838432635534,5.280461621041331,31.5955448201825,7.957595276435856,29.455179817498657,4.944981213097155,4.62962962962963,1.4962426194310252,
216,12.177938808373591,2.5026838432635534,5.260332796564681,31.582125603864736,7.957595276435856,29.448470209339774,4.944981213097155,4.62962962962963,1.4962426194310252,
217,12.171229200214707,2.5026838432635534,5.233494363929147,31.414385399892645,7.957595276435856,29.21363392377885,5.381105743424584,4.62962962962963,1.4962426194310252,
218,12.29200214707461,2.5026838432635534,5.233494363929147,31.374127750939344,7.950885668276973,29.180085882984432,5.340848094471283,4.62962962962963,1.4962426194310252,
219,12.144390767579173,2.4020397208803006,6.3070316693505095,31.159420289855074,7.950885668276973,28.442028985507246,5.314009661835748,4.783950617283951,1.4962426194310252,
220,12.191358024691358,2.4020397208803006,6.3070316693505095,31.13929146537842,7.944176060118089,28.428609769189478,5.314009661835748,4.777241009125067,1.4962426194310252,
221,12.29200214707461,2.4020397208803006,6.152710681696189,31.07890499194847,7.930756843800322,28.368223295759528,5.300590445517981,4.978529253891573,1.4962426194310252,
222,12.29200214707461,2.4020397208803006,6.152710681696189,30.669618894256576,7.930756843800322,28.341384863123995,5.743424584004294,4.9718196457326895,1.4962426194310252,
223,12.352388620504563,2.301395598497048,6.119162640901771,30.56226516371444,7.454374664519592,28.133387010198604,6.025228126677402,5.555555555555555,1.4962426194310252,
224,12.365807836822329,2.301395598497048,6.4345142243692965,30.367686527106816,7.37385936661299,28.113258185721953,6.011808910359635,5.535426731078905,1.4962426194310252,
225,12.573805689747719,2.2946859903381642,6.4345142243692965,30.320719269994633,7.37385936661299,27.89855072463768,6.105743424584004,5.501878690284487,1.4962426194310252,
226,12.620772946859903,2.2946859903381642,6.4345142243692965,30.320719269994633,7.37385936661299,27.89855072463768,6.092324208266238,5.46833064949007,1.4962426194310252,
227,12.855609232420827,2.2946859903381642,6.407675791733762,30.287171229200215,7.273215244229737,27.84487385936661,6.072195383789587,5.46833064949007,1.4962426194310252,
228,12.962962962962964,2.2946859903381642,6.407675791733762,30.193236714975846,7.273215244229737,27.83816425120773,6.0654857756307035,5.46833064949007,1.4962426194310252,
229,13.050187869028449,2.2946859903381642,6.387546967257112,30.18652710681696,7.273215244229737,27.811325818572197,6.038647342995169,5.46833064949007,1.4895330112721417,
230,12.969672571121846,2.2946859903381642,6.347289318303811,29.958400429414922,7.239667203435319,27.78448738593666,6.447933440687064,5.46833064949007,1.4895330112721417,
231,11.681427804616211,2.2946859903381642,4.783950617283951,35.05099302200752,6.863929146537842,26.724369296833064,6.447933440687064,4.663177670424047,1.4895330112721417,
232,11.876006441223833,2.2946859903381642,4.783950617283951,34.936929683306495,6.863929146537842,26.69753086419753,6.394256575415996,4.663177670424047,1.4895330112721417,
233,11.943102522812667,2.2946859903381642,4.770531400966184,34.91009125067096,6.863929146537842,26.69753086419753,6.394256575415996,4.636339237788513,1.4895330112721417,
234,11.956521739130435,2.2946859903381642,4.770531400966184,34.90338164251208,6.863929146537842,26.69753086419753,6.387546967257112,4.636339237788513,1.4895330112721417,
235,12.070585077831455,2.2946859903381642,4.770531400966184,34.84970477724101,6.857219538378959,26.650563607085346,6.380837359098229,4.636339237788513,1.4895330112721417,
236,12.5,2.2946859903381642,4.703435319377348,34.62157809983897,6.857219538378959,26.536500268384327,6.360708534621578,4.636339237788513,1.4895330112721417,
237,12.546967257112184,2.2946859903381642,4.703435319377348,34.60144927536232,6.857219538378959,26.50966183574879,6.360708534621578,4.636339237788513,1.4895330112721417,
238,12.701288244766506,2.2946859903381642,4.703435319377348,34.50751476113795,6.816961889425658,26.48953301127214,6.360708534621578,4.636339237788513,1.4895330112721417,
239,12.828770799785293,2.2946859903381642,4.703435319377348,34.4873859366613,6.790123456790123,26.455984970477726,6.340579710144928,4.622920021470746,1.4761137949543746,
240,12.909286097691895,2.1806226516371443,4.703435319377348,34.47396672034353,6.776704240472356,26.41572732152442,6.461352657004831,4.602791196994096,1.4761137949543746,
241,13.077026301663983,2.1806226516371443,4.703435319377348,34.35319377348363,6.776704240472356,26.382179280730007,6.461352657004831,4.5893719806763285,1.4761137949543746,
