,45,50,51,55,52,54,53,56
0,98.99355877616748,1.0064412238325282,,,,,,
1,98.87278582930757,1.1272141706924315,,,,,,
2,93.69296833064949,6.3070316693505095,,,,,,
3,93.605743424584,6.394256575415996,,,,,,
4,84.94363929146537,15.056360708534621,,,,,,
5,63.30515297906602,29.857756307031668,6.837090713902308,,,,,
6,63.539989264626946,29.636339237788512,6.823671497584541,,,,,
7,63.747987117552334,29.428341384863124,6.823671497584541,,,,,
8,61.87600644122383,31.300322061191626,6.823671497584541,,,,,
9,55.421363392377884,37.815351583467525,6.763285024154589,,,,,
10,48.72517444981213,42.47181964573269,8.80300590445518,,,,,
11,47.32957595276436,43.78690284487386,8.80300590445518,0.08051529790660225,,,,
12,47.58454106280193,43.572195383789584,8.76274825550188,0.08051529790660225,,,,
13,46.9068706387547,41.84111647879764,8.722490606548577,0.08051529790660225,2.4490069779924855,,,
14,46.79951690821256,41.22383252818035,8.695652173913043,0.08051529790660225,2.4221685453569513,0.7783145464304885,,
15,44.91411701556629,41.51905528717123,7.98443370907139,0.08051529790660225,4.723564143853999,0.7783145464304885,,
16,44.57192699946323,37.855609232420825,7.14573268921095,0.08051529790660225,6.521739130434782,0.7783145464304885,3.046162104133119,
17,43.69296833064949,38.79495437466452,7.085346215780999,0.08051529790660225,6.521739130434782,0.7783145464304885,3.046162104133119,
18,43.71980676328502,37.23832528180354,7.051798174986581,0.08051529790660225,8.789586688137414,0.7783145464304885,2.341653247450349,
19,44.10225442834138,36.89613526570049,7.0383789586688135,0.08051529790660225,8.789586688137414,0.7783145464304885,2.314814814814815,
20,44.558507783145465,36.63446054750403,6.904186795491143,0.08051529790660225,8.729200214707461,0.7783145464304885,2.314814814814815,
21,44.538378958668815,36.2788513150832,6.877348362855609,0.4830917874396135,8.729200214707461,0.7783145464304885,2.314814814814815,
22,41.08964036500269,39.51959205582394,8.05823939881911,0.4830917874396135,7.75630703166935,0.7783145464304885,2.314814814814815,
23,41.23054213633924,39.398819108964034,8.038110574342458,0.4830917874396135,7.75630703166935,0.7783145464304885,2.314814814814815,
24,41.55931293612453,39.14385399892646,8.038110574342458,0.8789586688137413,7.286634460547504,0.7783145464304885,2.314814814814815,
25,41.532474503489,36.621041331186255,10.762211486849168,0.7045088566827697,7.286634460547504,0.7783145464304885,2.314814814814815,
26,41.5727321524423,35.84272678475577,11.66129898013956,0.7045088566827697,7.246376811594203,0.38915727321524424,2.5831991411701556,
27,40.485775630703166,37.104133118625874,11.600912506709609,0.7045088566827697,7.246376811594203,0.38915727321524424,2.4691358024691357,
28,40.55958132045089,36.802200751476114,11.594202898550725,0.7045088566827697,7.481213097155126,0.38915727321524424,2.4691358024691357,
29,40.84809447128288,36.600912506709605,11.540526033279656,0.7045088566827697,7.447665056360709,0.38915727321524424,2.4691358024691357,
30,38.29844337090714,34.326355340848096,16.988727858293075,0.5434782608695652,7.004830917874396,0.38915727321524424,2.4490069779924855,
31,36.513687600644126,32.340311325818575,20.78636607622115,0.5434782608695652,6.977992485238862,0.38915727321524424,2.4490069779924855,
32,33.66881374127751,33.702361782071925,17.914653784219002,0.5434782608695652,11.3593666129898,0.38915727321524424,2.4221685453569513,
33,32.628824476650564,32.709339774557165,19.632313472893184,0.5434782608695652,11.20504562533548,0.2549651100375738,3.026033279656468,
34,29.488727858293075,36.37278582930757,19.35721953837896,0.5434782608695652,10.782340311325818,0.2549651100375738,3.2004830917874396,
35,29.582662372517444,36.37278582930757,19.276704240472355,0.5434782608695652,10.768921095008052,0.2549651100375738,3.2004830917874396,
36,29.55582393988191,35.00402576489533,18.57890499194847,0.5434782608695652,10.46027911969941,0.2549651100375738,5.60252281266774,
37,28.972088030059044,32.48121309715513,18.5252281266774,0.5434782608695652,13.647342995169081,0.2549651100375738,5.5756843800322065,
38,29.17337627482555,32.46779388083736,18.49838969404187,0.5434782608695652,13.499731615673644,0.2549651100375738,5.562265163714439,
39,29.30756843800322,32.387278582930755,18.4447128287708,0.5434782608695652,13.499731615673644,0.2549651100375738,5.562265163714439,
40,29.200214707461082,32.340311325818575,17.438271604938272,0.5434782608695652,13.479602791196994,1.4358561460010735,5.562265163714439,
41,29.341116478797638,31.984702093397747,16.659957058507782,0.5434782608695652,14.479334406870638,1.4358561460010735,5.555555555555555,
42,29.528985507246375,31.924315619967793,16.61969940955448,0.5434782608695652,14.418947933440688,1.4358561460010735,5.528717122920021,
43,29.361245303274288,31.89747718733226,18.927804616210413,0.5434782608695652,12.513419216317766,1.3687600644122384,5.387815351583468,
44,26.952495974235106,34.39345142243693,18.867418142780462,0.5434782608695652,12.486580783682234,1.3687600644122384,5.387815351583468,
45,21.658615136876005,37.5805152979066,25.167740203972087,0.5300590445517982,10.399892646269459,0.8118625872249061,3.851315083199141,
46,21.792807300053678,37.533548040794415,25.0805152979066,0.5300590445517982,10.399892646269459,0.8118625872249061,3.851315083199141,
47,21.866612989801396,37.19135802469136,25.77831454643049,0.5300590445517982,9.970477724100913,0.8118625872249061,3.851315083199141,
48,22.18196457326892,36.87600644122383,25.771604938271604,0.6642512077294686,9.943639291465379,0.7917337627482555,3.770799785292539,
49,22.24235104669887,36.574074074074076,27.9723564143854,0.6642512077294686,9.73564143853999,0.7917337627482555,2.01959205582394,
50,22.36983360171766,36.37949543746645,27.95222758990875,0.6642512077294686,9.681964573268921,0.9326355340848095,2.01959205582394,
51,20.705850778314545,33.06494900697799,26.67740203972088,0.6642512077294686,15.98899624261943,0.9259259259259259,1.9726247987117553,
52,20.893719806763286,32.950885668276975,26.630434782608695,0.6642512077294686,15.962157809983896,0.9259259259259259,1.9726247987117553,
53,20.98094471282877,32.870370370370374,26.623725174449813,0.6642512077294686,15.962157809983896,0.9259259259259259,1.9726247987117553,
54,21.24932903918411,32.84353193773484,26.496242619431026,0.6642512077294686,15.848094471282877,0.9259259259259259,1.9726247987117553,
55,21.430488459473967,32.6154052603328,26.42914653784219,0.8185721953837896,15.807836822329575,0.9259259259259259,1.9726247987117553,
56,21.68545356951154,32.447665056360705,26.42914653784219,0.8185721953837896,15.72061191626409,0.9259259259259259,1.9726247987117553,
57,21.87332259796028,32.30005367686527,26.35534084809447,0.8185721953837896,15.53274288781535,1.1674718196457328,1.9524959742351047,
58,19.088835212023618,31.95115405260333,29.381374127750938,0.8185721953837896,14.533011272141707,1.1674718196457328,3.0595813204508855,
59,19.229736983360173,31.89747718733226,29.30756843800322,0.8185721953837896,14.533011272141707,1.1674718196457328,3.046162104133119,
60,19.592055823939884,31.78341384863124,29.126409017713364,0.8185721953837896,14.492753623188406,1.1674718196457328,3.0193236714975846,
61,18.511808910359633,30.88432635534085,31.112453032742888,0.8185721953837896,14.486044015029522,1.1674718196457328,3.0193236714975846,
62,16.384863123993558,33.7157809983897,30.756843800322063,0.8185721953837896,14.17740203972088,1.1272141706924315,3.0193236714975846,
63,16.686795491143318,33.467525496511,30.709876543209877,0.8185721953837896,14.17740203972088,1.1272141706924315,3.012614063338701,
64,17.163177670424048,33.3467525496511,30.307300053676865,0.630703166935051,14.492753623188406,1.1272141706924315,2.932098765432099,
65,17.324208266237253,33.3064949006978,30.24020397208803,0.630703166935051,14.479334406870638,1.1272141706924315,2.8918411164787976,
66,16.854535695115406,31.99812130971551,31.964573268921097,0.7716049382716049,14.445786366076222,1.1272141706924315,2.8381642512077296,
67,16.894793344068706,31.910896403650028,31.964573268921097,0.7514761137949544,14.40552871712292,1.2345679012345678,2.8381642512077296,
68,17.270531400966185,31.830381105743424,31.716317767042405,0.7514761137949544,14.358561460010735,1.2345679012345678,2.8381642512077296,
69,16.99543746645196,31.54186795491143,32.729468599033815,0.7246376811594203,14.070048309178745,1.2278582930756843,2.7106816961889426,
70,17.143048845947398,31.45464304884595,32.669082125603865,0.7246376811594203,14.070048309178745,1.2278582930756843,2.7106816961889426,
71,17.156468062265162,30.66290928609769,32.2061191626409,0.7246376811594203,15.378421900161031,1.1607622114868492,2.7106816961889426,
72,16.794149221685455,30.60252281266774,33.373590982286636,0.6508319914117016,14.707461084272678,1.1607622114868492,2.7106816961889426,
73,17.002147074610843,30.535426731078903,33.279656468062264,0.6508319914117016,14.660493827160494,1.1607622114868492,2.7106816961889426,
74,16.29092860976919,31.790123456790123,32.95759527643585,0.6508319914117016,14.465915190552872,1.1607622114868492,2.6838432635534084,
75,15.827965646806227,31.32716049382716,35.11137949543747,0.6508319914117016,13.251476113794954,1.1607622114868492,2.6704240472356413,
76,16.0426731078905,31.32716049382716,34.99060654857756,0.6239935587761675,13.18438003220612,1.1607622114868492,2.6704240472356413,
77,16.21712292002147,31.28690284487386,34.88325281803543,0.6172839506172839,13.18438003220612,1.1607622114868492,2.6502952227589907,
78,14.9020397208803,30.535426731078903,34.49409554482018,0.6105743424584005,15.646806226516372,1.1607622114868492,2.6502952227589907,
79,14.982555018786902,30.360976918947934,33.2259796027912,0.6105743424584005,16.874664519592056,1.2949543746645196,2.6502952227589907,
80,15.170424047235642,30.22007514761138,33.1857219538379,0.6105743424584005,16.867954911433173,1.2949543746645196,2.6502952227589907,
81,15.257648953301127,30.22007514761138,33.13875469672571,0.6105743424584005,16.854535695115406,1.2949543746645196,2.623456790123457,
82,15.53274288781535,30.119431025228128,33.071658615136876,0.6105743424584005,16.74718196457327,1.2949543746645196,2.623456790123457,
83,15.74074074074074,30.06575415995706,32.991143317230275,0.6105743424584005,16.378153515834676,1.2949543746645196,2.918679549114332,
84,16.210413311862588,30.04562533548041,32.60198604401503,0.6105743424584005,16.317767042404725,1.2949543746645196,2.918679549114332,
85,16.492216854535695,29.958400429414922,32.48792270531401,0.6105743424584005,16.23725174449812,1.2949543746645196,2.918679549114332,
86,16.25067096081589,30.02549651100376,32.91733762748255,0.6105743424584005,16.15673644659152,1.2949543746645196,2.7442297369833604,
87,16.861245303274288,29.64975845410628,32.729468599033815,0.6105743424584005,16.183574879227052,1.247987117552335,2.717391304347826,
88,17.022275899087493,29.508856682769725,33.10520665593129,0.6105743424584005,16.14331723027375,1.1137949543746646,2.49597423510467,
89,16.418411164787976,27.4020397208803,33.071658615136876,0.6105743424584005,18.35077831454643,1.6505636070853462,2.49597423510467,
90,16.552603327965645,27.34165324745035,33.031400966183575,0.6105743424584005,18.317230273752013,1.6505636070853462,2.49597423510467,
91,16.72705314009662,27.30810520665593,32.669082125603865,0.6105743424584005,18.276972624798713,1.9122383252818036,2.49597423510467,
92,16.867954911433173,27.30810520665593,32.58185721953838,0.6105743424584005,18.243424584004295,1.9122383252818036,2.475845410628019,
93,16.391572732152444,28.213902308105208,35.92324208266237,0.6105743424584005,15.74074074074074,1.8853998926462694,1.2345679012345678,
94,15.619967793880837,26.50966183574879,40.365002683843265,0.5770263016639828,14.38539989264627,1.8518518518518519,0.6910896403650026,
95,15.888352120236178,26.41572732152442,40.11003757380569,0.5770263016639828,14.325013419216317,1.9927536231884058,0.6910896403650026,
96,16.21712292002147,26.247987117552334,39.660493827160494,0.5770263016639828,14.31159420289855,1.9860440150295222,0.9997316156736447,
97,17.03569511540526,26.006441223832528,39.19753086419753,0.5434782608695652,14.231078904991948,1.9860440150295222,0.9997316156736447,
98,17.09608158883521,25.97289318303811,39.18411164787977,0.5434782608695652,14.217659688674182,1.9860440150295222,0.9997316156736447,
99,17.398013955984972,25.885668276972623,38.58695652173913,0.5434782608695652,14.65378421900161,1.9860440150295222,0.9460547504025765,
100,17.632850241545892,25.81857219538379,38.51315083199141,0.49651100375738055,14.620236178207193,1.9793344068706387,0.9393451422436929,
101,16.190284487385938,25.275093934514224,41.358024691358025,0.49651100375738055,13.70101986044015,1.8250134192163177,1.1540526033279657,
102,16.626409017713364,25.140901771336555,41.156736446591516,0.49651100375738055,13.647342995169081,1.7981749865807837,1.133923778851315,
103,16.867954911433173,25.046967257112186,41.02925389157273,0.49651100375738055,13.633923778851315,1.7914653784219001,1.133923778851315,
104,17.11621041331186,24.932903918411164,40.465646806226516,1.093666129898014,13.466183574879228,1.7914653784219001,1.133923778851315,
105,17.216854535695116,23.040794417606012,42.49194847020934,1.093666129898014,12.761674718196458,1.778046162104133,1.6170155662909287,
106,17.357756307031668,22.966988727858293,42.47852925389157,1.0735373054213635,12.72812667740204,1.778046162104133,1.6170155662909287,
107,16.6532474503489,21.68545356951154,43.042136339237786,0.4428341384863124,15.150295222758992,1.4626945786366077,1.5633387010198605,
108,16.968599033816425,21.672034353193773,42.7938808373591,0.4428341384863124,15.11003757380569,1.4626945786366077,1.5499194847020934,
109,17.56575415995706,21.316425120772948,42.60601180891036,0.4428341384863124,15.076489533011273,1.442565754159957,1.5499194847020934,
110,17.827428878153516,21.16881374127751,42.52549651100376,0.4428341384863124,15.042941492216855,1.442565754159957,1.5499194847020934,
111,14.51959205582394,18.887546967257112,48.52388620504563,0.4428341384863124,14.88191089640365,1.1943102522812667,1.5499194847020934,
112,14.573268921095009,18.887546967257112,48.470209339774556,0.4428341384863124,14.88191089640365,1.1943102522812667,1.5499194847020934,
113,14.855072463768115,18.887546967257112,48.20182501341922,0.43612453032742887,14.875201288244767,1.1943102522812667,1.5499194847020934,
114,15.042941492216855,18.075684380032207,47.22893183038111,0.28180354267310787,16.59286097691895,1.0869565217391304,1.5499194847020934,0.14090177133655393
115,15.26435856146001,18.075684380032207,47.0679012345679,0.28180354267310787,16.532474503488995,1.0869565217391304,1.5499194847020934,0.14090177133655393
116,15.713902308105206,17.954911433172303,46.65190552871712,0.0939345142243693,16.82769726247987,1.06682769726248,1.5499194847020934,0.14090177133655393
117,15.70048309178744,17.14975845410628,49.13446054750403,0.0939345142243693,14.673913043478262,1.556629092860977,1.5499194847020934,0.14090177133655393
118,15.646806226516372,16.914922168545356,46.3365539452496,0.0939345142243693,14.04320987654321,1.4626945786366077,5.360976918947934,0.14090177133655393
119,15.613258185721953,16.794149221685455,44.87385936661299,0.0939345142243693,13.573537305421363,1.4626945786366077,7.447665056360709,0.14090177133655393
120,15.747450348899624,16.53918411164788,44.61218464841653,0.0939345142243693,13.546698872785829,1.892109500805153,7.427536231884058,0.14090177133655393
121,16.09634997316157,16.512345679012345,43.73993558776167,0.0939345142243693,13.546698872785829,2.442297369833602,7.427536231884058,0.14090177133655393
122,16.358024691358025,16.378153515834676,43.65271068169619,0.0939345142243693,13.519860440150294,2.442297369833602,7.4141170155662905,0.14090177133655393
123,16.680085882984432,16.33118625872249,43.43800322061192,0.0939345142243693,13.459473966720344,2.442297369833602,7.4141170155662905,0.14090177133655393
124,16.968599033816425,16.33118625872249,43.19645732689211,0.0939345142243693,13.117283950617283,2.737520128824477,7.4141170155662905,0.14090177133655393
125,17.028985507246375,16.264090177133657,42.76033279656468,0.0939345142243693,13.117283950617283,2.737520128824477,7.856951154052603,0.14090177133655393
126,17.183306494900698,16.223832528180353,42.68652710681696,0.0939345142243693,13.077026301663983,2.737520128824477,7.856951154052603,0.14090177133655393
127,17.371175523349436,16.19699409554482,42.572463768115945,0.0939345142243693,13.056897477187333,2.717391304347826,7.85024154589372,0.14090177133655393
128,17.45169082125604,16.19699409554482,42.52549651100376,0.0939345142243693,13.030059044551798,2.717391304347826,7.843531937734836,0.14090177133655393
129,17.54562533548041,16.170155662909288,42.45840042941492,0.0939345142243693,13.030059044551798,2.717391304347826,7.843531937734836,0.14090177133655393
130,17.820719269994633,16.1231884057971,42.36446591519055,0.0939345142243693,12.989801395598498,2.6704240472356413,7.796564680622652,0.14090177133655393
131,17.96833064949007,16.11647879763822,42.3040794417606,0.0939345142243693,12.942834138486312,2.6435856146001075,7.7898550724637685,0.14090177133655393
132,18.136070853462158,16.056092324208265,42.09608158883521,0.2281266774020397,12.942834138486312,2.6435856146001075,7.7898550724637685,0.10735373054213634
133,18.793612453032743,15.499194847020934,41.99543746645196,0.2281266774020397,12.942834138486312,2.6435856146001075,7.7898550724637685,0.10735373054213634
134,18.96135265700483,15.438808373590982,41.948470209339774,0.2281266774020397,12.915995705850777,2.6435856146001075,7.75630703166935,0.10735373054213634
135,19.223027375201287,15.425389157273216,41.76060118089104,0.2281266774020397,12.875738056897477,2.6435856146001075,7.75630703166935,0.08722490606548577
136,19.310252281266774,14.962426194310252,41.59286097691895,0.8051529790660226,12.842190016103059,2.6435856146001075,7.75630703166935,0.08722490606548577
137,19.390767579173378,14.915458937198068,41.217122920021474,0.8051529790660226,12.620772946859903,2.7509393451422435,8.21256038647343,0.08722490606548577
138,19.746376811594203,14.848362855609233,41.136607622114866,0.8051529790660226,12.513419216317766,2.7106816961889426,8.152173913043478,0.08722490606548577
139,19.91411701556629,14.821524422973699,41.08964036500269,0.798443370907139,12.473161567364466,2.7106816961889426,8.105206655931294,0.08722490606548577
140,20.128824476650564,14.74771873322598,40.975577026301664,0.798443370907139,12.473161567364466,2.7106816961889426,8.07836822329576,0.08722490606548577
141,20.303274288781534,14.63365539452496,38.95598497047772,0.798443370907139,11.996779388083736,5.146269457863661,8.07836822329576,0.08722490606548577
142,20.625335480407944,14.600107353730541,38.88217928073001,0.798443370907139,11.896135265700483,5.146269457863661,7.96430488459474,0.08722490606548577
143,20.48443370907139,14.284755770263017,38.79495437466452,0.7917337627482555,11.869296833064949,5.723295759527644,7.96430488459474,0.08722490606548577
144,20.497852925389157,14.278046162104133,38.6406333870102,0.7917337627482555,11.862587224906065,6.0654857756307035,7.776435856146001,0.08722490606548577
145,21.021202361782073,14.13714439076758,38.51315083199141,0.7917337627482555,11.77536231884058,5.897745571658615,7.776435856146001,0.08722490606548577
146,21.135265700483092,14.130434782608695,38.405797101449274,0.7917337627482555,11.77536231884058,5.897745571658615,7.776435856146001,0.08722490606548577
147,20.954106280193237,13.92914653784219,37.164519592055825,0.6709608158883521,13.580246913580247,5.891035963499732,7.722758990874933,0.08722490606548577
148,21.182232957595275,13.915727321524423,37.01690821256039,0.6709608158883521,13.513150831991412,5.891035963499732,7.722758990874933,0.08722490606548577
149,21.497584541062803,13.734567901234568,36.90955448201825,0.6709608158883521,13.513150831991412,5.891035963499732,7.695920558239399,0.08722490606548577
150,21.55126140633387,13.7211486849168,36.86929683306495,0.6709608158883521,13.513150831991412,5.891035963499732,7.695920558239399,0.08722490606548577
151,21.91358024691358,13.687600644122384,36.64117015566291,0.6709608158883521,13.513150831991412,5.797101449275362,7.689210950080516,0.08722490606548577
152,22.32957595276436,13.654052603327965,36.574074074074076,0.6709608158883521,13.446054750402576,5.750134192163178,7.48792270531401,0.08722490606548577
153,22.50402576489533,13.6406333870102,36.513687600644126,0.6709608158883521,13.425925925925926,5.750134192163178,7.407407407407407,0.08722490606548577
154,22.591250670960815,13.6406333870102,36.43317230273752,0.6709608158883521,13.425925925925926,5.750134192163178,7.4006977992485234,0.08722490606548577
155,22.920021470746107,13.627214170692431,36.14465915190553,0.6709608158883521,13.425925925925926,5.750134192163178,7.37385936661299,0.08722490606548577
156,23.121309715512613,13.553408480944713,36.11782071926999,0.6709608158883521,13.372249060654857,5.750134192163178,7.326892109500805,0.08722490606548577
157,23.221953837895867,13.533279656468062,36.05072463768116,0.6709608158883521,13.358829844337091,5.750134192163178,7.326892109500805,0.08722490606548577
158,23.027375201288244,13.405797101449275,35.87627482555019,0.7783145464304885,13.808373590982287,5.736714975845411,7.27992485238862,0.08722490606548577
159,23.161567364465917,13.405797101449275,35.789049919484704,0.7783145464304885,13.774825550187868,5.723295759527644,7.27992485238862,0.08722490606548577
160,23.336017176596886,13.39237788513151,35.64143853998927,0.7783145464304885,13.774825550187868,5.709876543209877,7.27992485238862,0.08722490606548577
161,22.71202361782072,12.788513150831992,35.42673107890499,0.7380568974771873,15.499194847020934,5.515297906602254,7.232957595276436,0.08722490606548577
162,23.020665593129362,12.72812667740204,35.34621578099839,0.7380568974771873,15.351583467525497,5.495169082125604,7.232957595276436,0.08722490606548577
163,21.62506709608159,12.010198604401502,39.99597423510467,0.7380568974771873,14.237788513150832,5.199946323134729,6.1929683306494905,
164,21.752549651100377,12.010198604401502,39.92887815351583,0.7380568974771873,14.197530864197532,5.179817498658078,6.1929683306494905,
165,21.866612989801396,11.929683306494901,39.90874932903918,0.7380568974771873,14.184111647879764,5.179817498658078,6.1929683306494905,
166,22.12157809983897,11.876006441223833,39.81481481481482,0.7380568974771873,14.184111647879764,5.112721417069243,6.152710681696189,
167,22.591250670960815,11.714975845410628,39.63365539452496,0.7380568974771873,14.13714439076758,5.032206119162641,6.152710681696189,
168,22.73215244229737,11.714975845410628,39.55314009661836,0.7380568974771873,14.103596349973161,5.005367686527107,6.152710681696189,
169,22.893183038110575,11.714975845410628,39.45920558239399,0.7380568974771873,14.036500268384327,5.005367686527107,6.152710681696189,
170,23.027375201288244,11.701556629092861,39.33843263553408,0.7380568974771873,14.036500268384327,5.005367686527107,6.152710681696189,
171,23.1682769726248,11.694847020933977,39.24449812130972,0.7380568974771873,14.023081052066559,5.005367686527107,6.125872249060655,
172,23.369565217391305,11.66129898013956,39.150563607085346,0.7380568974771873,14.023081052066559,4.99194847020934,6.0654857756307035,
173,23.470209339774556,11.647879763821793,39.07675791733763,0.7380568974771873,14.009661835748792,4.99194847020934,6.0654857756307035,
174,23.91304347826087,11.627750939345143,38.75469672571122,0.7380568974771873,13.976113794954374,4.99194847020934,5.998389694041868,
175,24.248523886205046,11.600912506709609,38.459473966720346,0.7380568974771873,13.962694578636608,4.99194847020934,5.998389694041868,
176,24.4699409554482,11.594202898550725,38.378958668813745,0.7380568974771873,13.855340848094471,4.99194847020934,5.971551261406334,
177,24.792002147074612,11.594202898550725,38.53327965646806,0.7380568974771873,13.620504562533547,4.924852388620504,5.797101449275362,
178,24.92619431025228,11.594202898550725,38.43263553408481,0.7380568974771873,13.620504562533547,4.891304347826087,5.797101449275362,
179,25.06038647342995,11.594202898550725,38.31186258722491,0.7380568974771873,13.607085346215781,4.891304347826087,5.797101449275362,
180,24.973161567364468,11.486849168008588,38.05018786902845,0.7380568974771873,13.56682769726248,4.757112184648417,6.427804616210413,
181,25.39586688137413,11.460010735373054,37.72812667740204,0.7380568974771873,13.539989264626946,4.757112184648417,6.380837359098229,
182,25.49651100375738,11.460010735373054,37.68786902844874,0.7380568974771873,13.493022007514762,4.757112184648417,6.367418142780462,
183,25.63070316693505,11.460010735373054,37.60064412238325,0.7112184648416533,13.47289318303811,4.757112184648417,6.367418142780462,
184,25.97289318303811,11.426462694578637,37.453032742887814,0.7112184648416533,13.43263553408481,4.757112184648417,6.246645195920558,
185,21.20907139023081,21.880032206119164,32.74288781535159,0.7112184648416533,13.177670424047236,4.461889425657541,5.8172302737520125,
186,21.537842190016104,21.812936124530328,32.648953301127214,0.7112184648416533,13.01663982823403,4.455179817498658,5.8172302737520125,
187,21.786097691894792,21.70558239398819,32.60198604401503,0.7112184648416533,12.962962962962964,4.414922168545357,5.8172302737520125,
188,21.980676328502415,21.69887278582931,32.48792270531401,0.6843800322061192,12.93612453032743,4.414922168545357,5.797101449275362,
189,22.094739667203434,21.69887278582931,32.420826623725176,0.6843800322061192,12.889157273215245,4.414922168545357,5.797101449275362,
190,22.31615673644659,21.638486312399355,32.360440150295226,0.6843800322061192,12.875738056897477,4.334406870638754,5.790391841116479,
191,22.423510466988727,21.62506709608159,32.18599033816425,0.7917337627482555,12.848899624261943,4.334406870638754,5.790391841116479,
192,22.61808910359635,21.511003757380568,32.11218464841653,0.7917337627482555,12.842190016103059,4.334406870638754,5.790391841116479,
193,22.758990874932906,21.504294149221685,32.085346215781,0.7917337627482555,12.822061191626409,4.30756843800322,5.730005367686527,
194,19.14922168545357,19.256575415995705,39.331723027375205,0.7648953301127214,11.60762211486849,4.30756843800322,5.58239398819109,
195,19.350509930220074,19.229736983360173,39.19753086419753,0.7648953301127214,11.56736446591519,4.30756843800322,5.58239398819109,
196,19.028448738593667,17.847557702630166,38.989533011272144,0.8722490606548577,11.553945249597424,6.125872249060655,5.58239398819109,
197,19.45786366076221,17.76033279656468,38.79495437466452,0.8722490606548577,11.52710681696189,6.038647342995169,5.548845947396672,
198,20.068438003220614,17.753623188405797,38.21121846484165,0.8722490606548577,11.52710681696189,6.018518518518518,5.548845947396672,
199,20.263016639828233,17.659688674181428,38.14412238325282,0.8722490606548577,11.493558776167472,6.018518518518518,5.548845947396672,
200,19.048577563070317,16.888083735909824,43.04884594739667,0.8588298443370908,10.95679012345679,4.609500805152979,4.5893719806763285,
201,19.290123456790123,16.800858829844337,42.94820182501342,0.8588298443370908,10.923242082662373,4.5893719806763285,4.5893719806763285,
202,19.37734836285561,16.800858829844337,42.901234567901234,0.8588298443370908,10.923242082662373,4.5893719806763285,4.549114331723027,
203,19.592055823939884,16.78743961352657,42.74691358024691,0.8588298443370908,10.923242082662373,4.542404723564144,4.549114331723027,
204,19.867149758454108,16.78743961352657,42.49865807836822,0.8588298443370908,10.923242082662373,4.542404723564144,4.522275899087493,
205,20.075147611379496,16.666666666666668,42.43156199677939,0.8588298443370908,10.903113258185721,4.542404723564144,4.522275899087493,
206,20.242887815351583,16.552603327965645,42.37788513150832,0.8588298443370908,10.903113258185721,4.542404723564144,4.522275899087493,
207,20.343531937734838,16.525764895330113,42.33762748255502,0.8454106280193237,10.903113258185721,4.528985507246377,4.51556629092861,
208,20.605206655931294,16.445249597423512,42.21685453569511,0.8454106280193237,10.84272678475577,4.528985507246377,4.51556629092861,
209,20.833333333333332,16.17686527106817,42.129629629629626,0.9930220075147611,10.84272678475577,4.528985507246377,4.49543746645196,
210,20.913848631239937,16.15673644659152,42.08266237251745,0.9930220075147611,10.829307568438002,4.528985507246377,4.49543746645196,
211,21.195652173913043,16.13660762211487,41.888083735909824,0.9930220075147611,10.802469135802468,4.51556629092861,4.468599033816425,
212,21.4573268921095,15.975577026301664,41.727053140096615,1.1473429951690821,10.721953837895867,4.502147074610843,4.468599033816425,
213,21.604938271604937,15.92860976918948,41.626409017713364,1.1473429951690821,10.721953837895867,4.502147074610843,4.468599033816425,
214,21.89345142243693,15.780998389694043,41.4922168545357,1.1473429951690821,10.721953837895867,4.502147074610843,4.461889425657541,
215,22.034353193773484,15.774288781535159,41.257380568974774,1.1473429951690821,10.547504025764896,5.179817498658078,4.05931293612453,
216,22.128287707997853,15.774288781535159,41.21041331186259,1.1473429951690821,10.547504025764896,5.132850241545894,4.05931293612453,
217,22.450348899624263,15.767579173376275,41.02925389157273,1.1473429951690821,10.493827160493828,5.0858829844337095,4.025764895330113,
218,22.799248523886206,15.640096618357488,40.82125603864734,1.1473429951690821,10.48040794417606,5.0858829844337095,4.025764895330113,
219,22.899892646269457,15.626677402039721,40.78099838969404,1.1473429951690821,10.446859903381643,5.0858829844337095,4.012345679012346,
220,23.13472893183038,15.546162104133119,40.713902308105204,1.1473429951690821,10.373054213633925,5.072463768115942,4.012345679012346,
221,23.221953837895867,15.53274288781535,40.666935050993025,1.1473429951690821,10.359634997316157,5.059044551798175,4.012345679012346,
222,23.416532474503487,15.519323671497585,40.50590445517982,1.1473429951690821,10.339506172839506,5.059044551798175,4.012345679012346,
223,23.59098228663446,15.49248523886205,40.39855072463768,1.1473429951690821,10.319377348362856,5.038915727321524,4.012345679012346,
224,24.074074074074073,15.371712292002147,40.203972088030056,1.1473429951690821,10.299248523886206,4.998658078368224,3.9049919484702094,
225,24.4296833064949,15.365002683843263,39.90874932903918,1.1473429951690821,10.265700483091788,4.998658078368224,3.8848631239935587,
226,23.93317230273752,15.365002683843263,41.599570585077835,1.1473429951690821,10.25228126677402,4.998658078368224,2.703972088030059,
227,24.12775093934514,14.794685990338165,41.41170155662909,1.7444981213097155,10.25228126677402,4.9651100375738055,2.703972088030059,
228,24.4296833064949,14.774557165861514,41.17015566290929,1.7444981213097155,10.25228126677402,4.9651100375738055,2.6637144390767578,
229,23.980139559849704,13.862050456253355,43.71309715512614,0.9259259259259259,10.433440687063875,4.555823939881911,2.5295222758990876,
230,24.033816425120772,13.862050456253355,43.71309715512614,0.9259259259259259,10.406602254428341,4.528985507246377,2.5295222758990876,
231,24.288781535158346,13.83521202361782,43.51180891035963,0.9259259259259259,10.38647342995169,4.522275899087493,2.5295222758990876,
232,24.56387546967257,13.821792807300053,43.263553408480945,0.9125067096081588,10.38647342995169,4.522275899087493,2.5295222758990876,
233,24.805421363392377,13.70101986044015,43.14949006977992,0.9125067096081588,10.379763821792807,4.522275899087493,2.5295222758990876,
234,23.523886205045624,12.191358024691358,42.46511003757381,0.9125067096081588,10.332796564680622,4.193505099302201,6.380837359098229,
235,23.872785829307567,12.06387546967257,42.028985507246375,1.2077294685990339,10.305958132045088,4.146537842190016,6.374127750939345,
236,24.214975845410628,12.04374664519592,41.67337627482555,1.2077294685990339,10.064412238325282,4.146537842190016,6.649221685453569,
237,24.55716586151369,11.98336017176597,41.17015566290929,1.2077294685990339,10.030864197530864,4.40150295222759,6.649221685453569,
238,24.724906065485776,11.949812130971551,41.08964036500269,1.2077294685990339,9.977187332259795,4.40150295222759,6.649221685453569,
239,24.89935587761675,11.922973698336017,41.02925389157273,1.1741814278046163,9.936929683306495,4.40150295222759,6.635802469135802,
240,24.89935587761675,11.90955448201825,40.87493290391841,1.4694041867954912,9.903381642512077,4.40150295222759,6.541867954911433,
241,22.33628556092324,11.460010735373054,47.758990874932906,1.4895330112721417,7.816693505099302,2.8113258185721954,6.327160493827161,
242,22.490606548577563,11.406333870101985,47.66505636070853,1.482823403113258,7.816693505099302,2.8113258185721954,6.327160493827161,
243,22.510735373054214,11.3593666129898,47.034353193773484,1.482823403113258,8.55475040257649,2.7979066022544283,6.260064412238325,
244,22.839506172839506,11.345947396672035,46.75925925925926,1.482823403113258,8.55475040257649,2.7979066022544283,6.219806763285024,
245,22.758990874932906,11.151368760064413,46.584809447128286,1.482823403113258,8.55475040257649,2.7979066022544283,6.66935050993022,
246,22.852925389157274,11.151368760064413,46.524422973698336,1.482823403113258,8.53462157809984,2.7979066022544283,6.655931293612453,
247,22.899892646269457,11.077563070316694,45.49785292538916,2.5496511003757383,8.521202361782072,2.7979066022544283,6.655931293612453,
248,23.17498658078368,11.064143853998926,45.34353193773484,2.49597423510467,8.467525496511003,2.7979066022544283,6.655931293612453,
249,23.463499731615673,11.037305421363392,45.20263016639828,2.49597423510467,8.400429414922169,2.7844873859366612,6.615673644659152,
250,23.11460010735373,11.030595813204508,43.853998926462694,2.475845410628019,8.400429414922169,2.6502952227589907,8.474235104669887,
251,23.18840579710145,10.976918947933441,43.73993558776167,2.589908749329039,8.400429414922169,2.6502952227589907,8.454106280193237,
252,22.893183038110575,10.265700483091788,43.545356951154055,2.589908749329039,8.393719806763285,3.8580246913580245,8.454106280193237,
253,23.101180891035963,10.245571658615138,43.49168008588298,2.5563607085346214,8.319914117015566,3.8580246913580245,8.427267847557703,
254,23.1682769726248,9.762479871175524,43.12265163714439,2.4490069779924855,9.212292002147075,3.8580246913580245,8.427267847557703,
255,23.349436392914654,9.73564143853999,43.04884594739667,2.4490069779924855,9.145195920558239,3.8580246913580245,8.413848631239935,
256,23.617820719269993,9.73564143853999,42.96833064949007,2.4490069779924855,8.957326892109501,3.8580246913580245,8.413848631239935,
257,23.758722490606548,9.66183574879227,42.901234567901234,2.4490069779924855,8.957326892109501,3.8580246913580245,8.413848631239935,
258,23.906333870101985,9.554482018250134,42.619431025228124,2.771068169618894,8.943907675791733,3.81105743424584,8.393719806763285,
259,23.886205045625335,9.494095544820183,42.19672571121846,2.7643585614600106,8.809715512614064,3.784219001610306,9.064680622651638,
260,23.98684916800859,9.480676328502415,42.1430488459474,2.7643585614600106,8.809715512614064,3.784219001610306,9.03113258185722,
261,24.174718196457327,9.480676328502415,41.988727858293075,2.7643585614600106,8.776167471819646,3.784219001610306,9.03113258185722,
262,24.436392914653783,9.41358024691358,41.91492216854536,2.7643585614600106,8.735909822866345,3.7037037037037037,9.03113258185722,
263,24.57729468599034,9.386741814278047,41.84782608695652,2.7643585614600106,8.709071390230811,3.6902844873859366,9.024422973698336,
264,24.671229200214707,9.366612989801396,41.8142780461621,2.7643585614600106,8.668813741277509,3.6902844873859366,9.024422973698336,
265,24.805421363392377,9.366612989801396,41.680085882984436,2.7643585614600106,8.668813741277509,3.6902844873859366,9.024422973698336,
266,25.40257648953301,9.339774557165862,41.42512077294686,2.7241009125067097,8.548040794417606,3.6902844873859366,8.870101986044014,
267,25.845410628019323,9.306226516371444,41.0829307568438,2.7241009125067097,8.501073537305421,3.616478797638218,8.809715512614064,0.11406333870101985
268,26.06682769726248,9.252549651100376,40.955448201825014,2.7241009125067097,8.501073537305421,3.6097691894793345,8.776167471819646,0.11406333870101985
269,26.38888888888889,9.23913043478261,40.734031132581855,2.7241009125067097,8.474235104669887,3.5628019323671496,8.76274825550188,0.11406333870101985
270,26.455984970477726,9.212292002147075,40.707192699946326,2.7241009125067097,8.474235104669887,3.549382716049383,8.76274825550188,0.11406333870101985
271,27.006172839506174,9.064680622651638,40.17042404723564,2.7241009125067097,8.400429414922169,3.7573805689747717,8.76274825550188,0.11406333870101985
272,27.126945786366075,9.064680622651638,40.11003757380569,2.7241009125067097,8.340042941492216,3.7573805689747717,8.76274825550188,0.11406333870101985
273,27.36849168008588,9.057971014492754,39.91545893719807,2.7241009125067097,8.340042941492216,3.7573805689747717,8.722490606548577,0.11406333870101985
274,27.677133655394524,9.03113258185722,39.861782071927,2.703972088030059,8.28636607622115,3.603059581320451,8.722490606548577,0.11406333870101985
275,27.905260332796566,8.923778851315083,39.781266774020395,2.703972088030059,8.28636607622115,3.5829307568438002,8.702361782071927,0.11406333870101985
276,28.019323671497585,8.910359634997317,39.680622651637144,2.703972088030059,8.28636607622115,3.5829307568438002,8.702361782071927,0.11406333870101985
277,28.133387010198604,8.903650026838433,39.65378421900161,2.703972088030059,8.28636607622115,3.5829307568438002,8.621846484165324,0.11406333870101985
278,25.32206119162641,8.896940418679549,31.655931293612454,1.9457863660762211,21.443907675791735,3.5829307568438002,7.0383789586688135,0.11406333870101985
279,25.637412775093935,8.856682769726248,31.44122383252818,1.9189479334406871,21.309715512614062,3.549382716049383,7.1725711218464845,0.11406333870101985
280,25.764895330112722,8.856682769726248,31.394256575415994,1.9189479334406871,21.22920021470746,3.549382716049383,7.1725711218464845,0.11406333870101985
281,26.154052603327965,8.796296296296296,31.300322061191626,2.0531400966183573,21.14868491680086,3.5292538915727323,6.904186795491143,0.11406333870101985
282,26.38888888888889,8.769457863660762,31.04535695115405,2.0531400966183573,20.913848631239937,3.8848631239935587,6.830381105743425,0.11406333870101985
283,26.442565754159958,8.769457863660762,30.991680085882983,2.0531400966183573,20.913848631239937,3.8848631239935587,6.830381105743425,0.11406333870101985
284,26.663982823403114,8.675523349436393,30.951422436929683,2.0531400966183573,20.86688137412775,3.8848631239935587,6.790123456790123,0.11406333870101985
285,26.818303811057433,8.675523349436393,30.870907139023082,2.046430488459474,20.833333333333332,3.864734299516908,6.776704240472356,0.11406333870101985
286,27.059849704777243,8.621846484165324,30.709876543209877,2.046430488459474,20.833333333333332,3.864734299516908,6.749865807836822,0.11406333870101985
287,27.15378421900161,8.621846484165324,30.64278046162104,2.046430488459474,20.8064949006978,3.864734299516908,6.749865807836822,0.11406333870101985
288,27.093397745571657,8.467525496511003,30.62265163714439,2.046430488459474,20.7662372517445,3.8378958668813743,7.051798174986581,0.11406333870101985
289,27.32823403113258,8.454106280193237,30.58239398819109,2.046430488459474,20.585077831454644,3.8378958668813743,7.051798174986581,0.11406333870101985
290,27.455716586151368,8.454106280193237,30.52200751476114,2.046430488459474,20.544820182501343,3.8378958668813743,7.0383789586688135,0.10064412238325282
291,27.576489533011273,8.454106280193237,30.42807300053677,2.046430488459474,20.531400966183575,3.8378958668813743,7.024959742351046,0.10064412238325282
292,27.603327965646805,8.440687063875469,30.414653784219002,2.046430488459474,20.531400966183575,3.8378958668813743,7.024959742351046,0.10064412238325282
293,27.65029522275899,8.440687063875469,30.414653784219002,2.046430488459474,20.48443370907139,3.8378958668813743,7.024959742351046,0.10064412238325282
