,45,50,51,54,53,56,52,55,60,59,58,57
0,79.032474503489,19.28341384863124,1.6841116478797638,,,,,,,,,
1,70.28985507246377,28.026033279656467,1.6841116478797638,,,,,,,,,
2,70.4441760601181,27.871712292002147,1.6841116478797638,,,,,,,,,
3,70.47101449275362,27.126945786366075,1.6505636070853462,0.7514761137949544,,,,,,,,
4,69.35721953837896,28.24074074074074,1.6505636070853462,0.7514761137949544,,,,,,,,
5,67.2638217928073,30.367686527106816,1.6170155662909287,0.7514761137949544,,,,,,,,
6,67.31078904991948,30.19994632313473,1.6170155662909287,0.7514761137949544,0.12077294685990338,,,,,,,
7,67.43827160493827,30.06575415995706,1.4895330112721417,0.7514761137949544,0.12077294685990338,0.13419216317767044,,,,,,
8,59.97047772410091,37.65432098765432,1.4895330112721417,0.7514761137949544,,0.13419216317767044,,,,,,
9,59.15190552871712,37.88915727321525,1.3955984970477724,0.8856682769726248,,0.0939345142243693,0.28180354267310787,0.30193236714975846,,,,
10,57.95759527643585,37.848899624261946,1.3955984970477724,0.8856682769726248,,0.0939345142243693,0.28180354267310787,1.5365002683843263,,,,
11,57.427536231884055,38.439345142243695,1.3754696725711217,0.8454106280193237,,0.0939345142243693,0.28180354267310787,1.5365002683843263,,,,
12,56.57541599570585,34.92351046698873,2.9052603327965647,0.798443370907139,2.885131508319914,0.0939345142243693,0.28180354267310787,1.5365002683843263,,,,
13,53.92512077294686,37.60064412238325,2.9052603327965647,0.798443370907139,2.885131508319914,0.0939345142243693,0.28180354267310787,1.5096618357487923,,,,
14,53.89157273215244,37.513419216317764,2.4825550187869028,0.7716049382716049,2.885131508319914,0.0939345142243693,0.8521202361782072,1.5096618357487923,,,,
15,52.40874932903918,38.99624261943102,2.4825550187869028,0.7716049382716049,2.885131508319914,0.0939345142243693,0.8521202361782072,1.5096618357487923,,,,
16,52.502683843263554,38.60708534621578,2.4825550187869028,0.7716049382716049,2.885131508319914,0.0939345142243693,1.1473429951690821,1.5096618357487923,,,,
17,50.939345142243695,33.57487922705314,10.225442834138486,0.7716049382716049,2.885131508319914,0.0939345142243693,1.1473429951690821,0.36231884057971014,,,,
18,51.04669887278583,33.57487922705314,10.225442834138486,0.7716049382716049,2.885131508319914,0.0939345142243693,1.0399892646269457,0.36231884057971014,,,,
19,48.68491680085883,34.27938808373591,10.218733225979603,0.7514761137949544,2.120236178207193,0.0939345142243693,3.4957058507783145,0.35560923242082665,,,,
20,47.18196457326892,35.61460010735373,9.990606548577563,0.7514761137949544,2.26784755770263,0.322061191626409,3.4957058507783145,0.3757380568974772,,,,
21,47.10144927536232,34.333064949006975,12.76838432635534,0.7514761137949544,2.26784755770263,0.322061191626409,2.1940418679549114,0.2616747181964573,,,,
22,46.5378421900161,34.333064949006975,12.889157273215245,0.7514761137949544,2.328234031132582,0.322061191626409,2.1940418679549114,0.644122383252818,,,,
23,46.71229200214707,33.76945786366076,12.889157273215245,0.7514761137949544,2.717391304347826,0.322061191626409,2.1940418679549114,0.644122383252818,,,,
24,34.514224369296834,52.824745034889965,5.199946323134729,0.6910896403650026,2.3550724637681157,0.0939345142243693,3.7372517444981215,0.5837359098228664,,,,
25,32.29334406870639,51.76462694578637,5.152979066022544,3.455448201825013,2.3550724637681157,0.0939345142243693,4.300858829844337,0.5837359098228664,,,,
26,32.380568974771876,47.94685990338164,5.152979066022544,3.455448201825013,2.3550724637681157,0.0939345142243693,4.260601180891036,4.3545356951154055,,,,
27,31.125872249060656,49.080783682232955,5.152979066022544,3.455448201825013,2.2208803005904456,0.0939345142243693,4.260601180891036,4.502147074610843,0.10735373054213634,,,
28,30.515297906602253,48.7788513150832,6.233225979602791,3.3816425120772946,2.1940418679549114,0.0939345142243693,4.2270531400966185,4.468599033816425,0.10735373054213634,,,
29,30.441492216854535,48.87278582930757,6.233225979602791,3.3816425120772946,2.1940418679549114,0.0939345142243693,4.206924315619967,4.468599033816425,0.10735373054213634,,,
30,30.844068706387546,48.34272678475577,6.179549114331723,3.515834675254965,2.1940418679549114,0.0939345142243693,4.119699409554482,4.602791196994096,0.10735373054213634,,,
31,31.28690284487386,47.819377348362856,6.112453032742888,4.139828234031133,2.1940418679549114,0.05367686527106817,4.119699409554482,4.166666666666667,0.10735373054213634,,,
32,31.910896403650028,47.128287707997856,6.112453032742888,4.1129898013955986,2.167203435319377,0.05367686527106817,4.106280193236715,4.300858829844337,0.10735373054213634,,,
33,30.132850241545892,44.20960815888352,9.541062801932368,3.844605475040258,1.1473429951690821,0.05367686527106817,6.749865807836822,4.213633923778851,0.10735373054213634,,,
34,28.576221148684915,46.182232957595275,9.29951690821256,3.3480944712828773,1.1137949543746646,0.5099302200751477,6.709608158883521,4.1532474503489,0.10735373054213634,,,
35,28.904991948470208,45.833333333333336,9.212292002147075,3.3480944712828773,1.1137949543746646,0.5099302200751477,6.709608158883521,4.260601180891036,0.10735373054213634,,,
36,28.650026838432634,46.14868491680086,9.172034353193773,3.2340311325818574,1.2278582930756843,0.5099302200751477,6.709608158883521,4.240472356414386,0.10735373054213634,,,
37,29.1129898013956,45.6454643048846,9.172034353193773,3.3011272141706924,1.1607622114868492,0.5099302200751477,6.6760601180891035,4.314278046162104,0.10735373054213634,,,
38,28.650026838432634,40.33145464304884,9.104938271604938,9.064680622651638,1.1205045625335481,0.5099302200751477,6.6760601180891035,4.435050993022007,0.10735373054213634,,,
39,28.83118625872249,39.82823403113258,9.997316156736447,8.930488459473967,1.1003757380568975,0.5099302200751477,6.146001073537305,4.549114331723027,0.10735373054213634,,,
40,28.938539989264626,38.425925925925924,9.923510466988727,8.836553945249598,1.402308105206656,0.5099302200751477,6.5485775630703165,5.307300053676865,0.10735373054213634,,,
41,23.463499731615673,33.8365539452496,18.773483628556093,8.521202361782072,1.2546967257112185,0.5099302200751477,8.293075684380032,5.24020397208803,0.10735373054213634,,,
42,23.805689747718734,33.68894256575416,18.625872249060656,8.474235104669887,1.2546967257112185,0.5099302200751477,8.293075684380032,5.24020397208803,0.10735373054213634,,,
43,23.95330112721417,33.48765432098765,18.766774020397207,8.467525496511003,1.2144390767579174,0.5099302200751477,8.252818035426731,5.24020397208803,0.10735373054213634,,,
44,23.087761674718198,34.265968867418145,18.94122383252818,8.628556092324208,1.1674718196457328,0.5099302200751477,8.239398819108963,5.052334943639291,0.10735373054213634,,,
45,23.21524422973698,33.621846484165324,19.96779388083736,8.507783145464305,1.0332796564680622,0.5099302200751477,8.145464304884594,4.74369296833065,0.2549651100375738,,,
46,23.557434245840042,33.4272678475577,19.887278582930758,8.581588835212024,1.0332796564680622,0.5099302200751477,8.004562533548041,4.74369296833065,0.2549651100375738,,,
47,23.852657004830917,33.10520665593129,19.746376811594203,8.896940418679549,1.0332796564680622,0.5099302200751477,7.877079978529254,4.723564143853999,0.2549651100375738,,,
48,24.255233494363928,32.84353193773484,19.699409554482017,8.917069243156199,0.95276435856146,0.5099302200751477,7.877079978529254,4.690016103059581,0.2549651100375738,,,
49,24.402844873859365,32.72275899087493,19.699409554482017,8.883521202361782,0.95276435856146,0.46296296296296297,7.877079978529254,4.74369296833065,0.2549651100375738,,,
50,23.45679012345679,34.64170692431562,19.296833064949006,8.742619431025227,0.8990874932903918,0.46296296296296297,7.501341921631776,4.74369296833065,0.2549651100375738,,,
51,24.355877616747183,34.13177670424047,19.162640901771336,8.541331186258722,0.8990874932903918,0.46296296296296297,7.306763285024155,4.777241009125067,0.24825550187869028,0.11406333870101985,,
52,24.382716049382715,33.07836822329576,21.021202361782073,8.427267847557703,0.7179280730005367,0.4562533548040794,6.850509930220075,4.703435319377348,0.24825550187869028,0.11406333870101985,,
53,24.953032742887814,32.789855072463766,20.605206655931294,8.561460010735374,0.7179280730005367,0.4562533548040794,6.850509930220075,4.703435319377348,0.24825550187869028,0.11406333870101985,,
54,24.838969404186795,32.19940955448202,20.571658615136876,8.494363929146537,0.7179280730005367,0.5770263016639828,7.39398819108964,4.8443370907139025,0.24825550187869028,0.11406333870101985,,
55,25.09393451422437,31.52173913043478,20.40391841116479,8.480944712828771,0.8051529790660226,0.5770263016639828,7.39398819108964,5.360976918947934,0.24825550187869028,0.11406333870101985,,
56,25.013419216317768,31.031937734836287,21.584809447128286,8.185721953837897,0.6910896403650026,0.6910896403650026,7.300053676865271,5.139559849704777,0.24825550187869028,0.11406333870101985,,
57,25.234836285560924,29.240472356414386,22.65163714439077,8.051529790660226,0.5971551261406334,0.6910896403650026,7.078636607622115,6.092324208266238,0.24825550187869028,0.11406333870101985,,
58,25.315351583467525,28.187063875469672,22.584541062801932,8.662104133118627,0.5770263016639828,0.6910896403650026,7.25979602791197,6.219806763285024,0.24825550187869028,0.11406333870101985,0.14090177133655393,
59,25.87224906065486,27.61003757380569,22.27589908749329,8.59500805152979,0.5367686527106817,0.6910896403650026,7.722758990874933,6.1929683306494905,0.24825550187869028,0.11406333870101985,0.14090177133655393,
60,25.11406333870102,27.455716586151368,23.18840579710145,8.729200214707461,0.5166398282340311,0.6508319914117016,7.702630166398282,6.139291465378422,0.24825550187869028,0.11406333870101985,0.14090177133655393,
61,24.376006441223833,24.792002147074612,23.040794417606012,12.788513150831992,0.9192163177670424,0.6508319914117016,7.50805152979066,5.441492216854535,0.24825550187869028,0.11406333870101985,0.12077294685990338,
62,19.96779388083736,18.726516371443907,33.89694041867955,11.81561996779388,0.8990874932903918,0.7112184648416533,7.326892109500805,6.099033816425121,0.322061191626409,0.11406333870101985,0.12077294685990338,
63,19.91411701556629,18.337359098228664,33.360171765968865,12.385936661298981,0.8856682769726248,0.7112184648416533,7.286634460547504,6.561996779388084,0.322061191626409,0.11406333870101985,0.12077294685990338,
64,20.21604938271605,18.136070853462158,29.998658078368223,12.359098228663447,0.8856682769726248,0.7112184648416533,10.507246376811594,6.629092860976919,0.322061191626409,0.11406333870101985,0.12077294685990338,
65,20.88030059044552,18.04884594739667,29.73027375201288,12.224906065485776,1.0265700483091786,0.7112184648416533,10.507246376811594,6.3137412775093935,0.322061191626409,0.11406333870101985,0.12077294685990338,
66,21.235909822866343,17.995169082125603,29.528985507246375,12.305421363392378,1.0265700483091786,0.7112184648416533,10.352925389157273,6.286902844873859,0.322061191626409,0.11406333870101985,0.12077294685990338,
67,21.4573268921095,17.867686527106816,26.556629092860977,12.587224906065487,3.656736446591519,0.7112184648416533,10.319377348362856,6.286902844873859,0.322061191626409,0.11406333870101985,0.12077294685990338,
68,21.994095544820183,17.68652710681696,26.38888888888889,12.493290391841116,3.6366076221148687,0.785024154589372,10.25228126677402,6.206387546967257,0.322061191626409,0.11406333870101985,0.12077294685990338,
69,22.463768115942027,17.67981749865808,25.979602791196996,12.278582930756844,3.6366076221148687,0.785024154589372,10.520665593129362,6.099033816425121,0.322061191626409,0.11406333870101985,0.12077294685990338,
70,22.987117552334944,17.37788513150832,24.12104133118626,12.526838432635534,3.515834675254965,0.8319914117015567,12.473161567364466,5.609232420826624,0.322061191626409,0.11406333870101985,0.12077294685990338,
71,23.503757380568974,17.297369833601717,23.95330112721417,12.399355877616747,3.5091250670960816,0.785024154589372,12.406065485775631,5.589103596349974,0.322061191626409,0.11406333870101985,0.12077294685990338,
72,23.07434245840043,17.92807300053677,23.70504562533548,12.157809983896941,3.5091250670960816,0.9192163177670424,12.47987117552335,5.58239398819109,0.322061191626409,0.11406333870101985,0.20799785292538917,
73,23.30246913580247,17.733494363929147,23.49033816425121,11.674718196457327,3.5091250670960816,0.6575415995705851,13.94927536231884,5.038915727321524,0.322061191626409,0.11406333870101985,0.20799785292538917,
74,24.000268384326354,17.619431025228128,23.32259796027912,11.533816425120772,3.5091250670960816,0.6575415995705851,13.774825550187868,4.9651100375738055,0.30193236714975846,0.10735373054213634,0.20799785292538917,
75,23.68491680085883,17.505367686527105,24.255233494363928,11.466720343531938,3.4688674181427803,0.6575415995705851,13.533279656468062,4.810789049919484,0.30193236714975846,0.10735373054213634,0.20799785292538917,
76,24.08749329039184,17.37788513150832,24.053945249597422,11.399624261943103,3.4688674181427803,0.6575415995705851,13.43263553408481,4.904723564143854,0.30193236714975846,0.10735373054213634,0.20799785292538917,
77,24.188137412775095,17.06924315619968,23.946591519055286,10.648148148148149,3.4688674181427803,0.5568974771873323,14.600107353730541,4.904723564143854,0.30193236714975846,0.10735373054213634,0.20799785292538917,
78,24.516908212560388,17.122920021470748,23.778851315083198,10.560923242082662,3.374932903918411,0.5568974771873323,14.486044015029522,4.985238862050457,0.30193236714975846,0.10735373054213634,0.20799785292538917,
79,24.65780998389694,17.06924315619968,23.698336017176597,10.560923242082662,3.374932903918411,0.5568974771873323,14.38539989264627,5.0791733762748255,0.30193236714975846,0.10735373054213634,0.20799785292538917,
80,24.9194847020934,16.888083735909824,23.59098228663446,10.319377348362856,3.374932903918411,0.5568974771873323,14.626945786366075,4.985238862050457,0.30193236714975846,0.2281266774020397,0.20799785292538917,
81,25.228126677402038,16.861245303274288,22.832796564680624,10.373054213633925,3.3413848631239937,0.5568974771873323,14.49946323134729,5.5689747718733225,0.30193236714975846,0.2281266774020397,0.20799785292538917,
82,25.140901771336555,16.820987654320987,22.544283413848632,9.017713365539452,5.173107890499195,0.5568974771873323,14.318303811057435,5.689747718733226,0.30193236714975846,0.2281266774020397,0.20799785292538917,
83,24.89935587761675,16.371443907675793,22.356414385399894,8.829844337090714,6.78341384863124,0.5568974771873323,14.304884594739667,5.038915727321524,0.30193236714975846,0.3488996242619431,0.20799785292538917,
84,24.812130971551262,15.780998389694043,23.242082662372518,8.809715512614064,6.769994632313473,0.5568974771873323,14.184111647879764,5.038915727321524,0.24825550187869028,0.3488996242619431,0.20799785292538917,
85,25.39586688137413,15.68035426731079,22.933440687063875,8.809715512614064,6.769994632313473,0.5568974771873323,14.123725174449811,4.931561996779388,0.24825550187869028,0.3421900161030596,0.20799785292538917,
86,25.711218464841654,15.673644659151906,22.86634460547504,8.608427267847558,6.769994632313473,0.5568974771873323,14.029790660225443,4.851046698872786,0.24825550187869028,0.3421900161030596,0.3421900161030596,
87,26.167471819645733,15.552871712292003,22.12157809983897,8.61513687600644,6.850509930220075,0.5568974771873323,13.92914653784219,5.287171229200215,0.24825550187869028,0.3421900161030596,0.32877079978529256,
88,26.90552871712292,15.438808373590982,22.007514761137948,8.454106280193237,6.796833064949007,0.5501878690284487,13.687600644122384,5.24020397208803,0.24825550187869028,0.3421900161030596,0.32877079978529256,
89,25.369028448738593,14.486044015029522,25.644122383252817,7.957595276435856,6.776704240472356,0.4495437466451959,13.191089640365004,5.2066559312936125,0.24825550187869028,0.3421900161030596,0.32877079978529256,
90,25.704508856682768,14.486044015029522,25.328770799785293,7.924047235641439,7.226247987117552,0.4495437466451959,12.835480407944177,5.2066559312936125,0.24825550187869028,0.2616747181964573,0.32877079978529256,
91,25.99302200751476,14.31159420289855,25.046967257112186,7.924047235641439,7.4208266237251745,0.4495437466451959,12.808641975308642,5.2066559312936125,0.24825550187869028,0.2616747181964573,0.32877079978529256,
92,26.27482555018787,14.224369296833064,24.65780998389694,7.897208803005904,7.5281803542673105,0.4495437466451959,12.942834138486312,5.186527106816962,0.24825550187869028,0.2616747181964573,0.32877079978529256,
93,26.227858293075684,14.170692431561998,24.46323134728932,7.830112721417069,7.494632313472893,0.4495437466451959,12.929414922168545,5.186527106816962,0.24825550187869028,0.2616747181964573,0.7380568974771873,
94,26.50295222758991,14.016371443907676,24.422973698336016,7.830112721417069,7.474503488996243,0.4495437466451959,12.801932367149758,5.253623188405797,0.24825550187869028,0.2616747181964573,0.7380568974771873,
95,26.94578636607622,13.875469672571121,24.355877616747183,7.749597423510467,7.427536231884058,0.4495437466451959,12.754965110037574,5.24020397208803,0.24825550187869028,0.2616747181964573,0.6910896403650026,
96,27.093397745571657,13.808373590982287,23.993558776167472,8.21256038647343,7.48792270531401,0.4495437466451959,12.627482555018787,5.12614063338701,0.24825550187869028,0.2616747181964573,0.6910896403650026,
97,26.536500268384327,13.607085346215781,24.825550187869027,8.21256038647343,7.48792270531401,0.4495437466451959,12.560386473429952,5.119431025228127,0.24825550187869028,0.2616747181964573,0.6910896403650026,
98,26.92565754159957,13.499731615673644,24.422973698336016,8.487654320987655,7.367149758454106,0.4428341384863124,12.533548040794418,5.119431025228127,0.24825550187869028,0.2616747181964573,0.6910896403650026,
99,26.516371443907676,12.72812667740204,25.234836285560924,7.944176060118089,9.359903381642512,0.4428341384863124,12.030327428878154,4.817498658078368,0.24825550187869028,0.2616747181964573,0.41599570585077833,
100,26.737788513150832,12.553676865271068,24.966451959205582,8.199141170155663,9.50751476113795,0.5367686527106817,11.83574879227053,4.736983360171766,0.24825550187869028,0.2616747181964573,0.41599570585077833,
101,27.120236178207193,12.5,24.711486849168008,8.199141170155663,9.494095544820183,0.5367686527106817,11.788781535158346,4.723564143853999,0.24825550187869028,0.2616747181964573,0.41599570585077833,
102,27.536231884057973,12.399355877616747,24.48336017176597,8.601717659688674,9.16532474503489,0.5367686527106817,11.533816425120772,4.703435319377348,0.24825550187869028,0.2549651100375738,0.5367686527106817,
103,27.4020397208803,12.25174449812131,23.617820719269993,8.628556092324208,6.843800322061192,0.5971551261406334,15.03623188405797,4.703435319377348,0.24825550187869028,0.2549651100375738,0.41599570585077833,
104,25.275093934514224,13.70101986044015,22.899892646269457,8.272946859903382,9.219001610305957,0.5971551261406334,14.828234031132581,4.28743961352657,0.24825550187869028,0.2549651100375738,0.41599570585077833,
105,25.691089640365004,13.687600644122384,22.73886205045625,8.158883521202362,9.118357487922705,0.5971551261406334,14.801395598497047,4.28743961352657,0.24825550187869028,0.2549651100375738,0.41599570585077833,
106,24.738325281803544,16.23054213633924,22.18196457326892,7.883789586688137,9.078099838969404,0.5971551261406334,13.976113794954374,4.394793344068707,0.24825550187869028,0.2549651100375738,0.41599570585077833,
107,24.832259796027913,16.15673644659152,21.994095544820183,7.87037037037037,9.621578099838969,0.5971551261406334,13.358829844337091,4.64975845410628,0.24825550187869028,0.2549651100375738,0.41599570585077833,
108,25.268384326355342,15.982286634460548,21.89345142243693,7.830112721417069,9.5276435856146,0.5971551261406334,13.271604938271604,4.7101449275362315,0.24825550187869028,0.2549651100375738,0.41599570585077833,
109,25.127482555018787,14.80810520665593,23.899624261943103,7.830112721417069,9.205582393988191,0.5166398282340311,12.895866881374127,4.797369833601718,0.24825550187869028,0.2549651100375738,0.41599570585077833,
110,25.087224906065487,14.412238325281804,23.879495437466453,7.722758990874933,9.205582393988191,0.5166398282340311,12.882447665056361,5.119431025228127,0.24825550187869028,0.2549651100375738,0.41599570585077833,0.2549651100375738
111,24.798711755233494,13.989533011272142,23.852657004830917,7.7831454643048845,9.98389694041868,0.5166398282340311,12.855609232420827,5.045625335480408,0.24825550187869028,0.2549651100375738,0.41599570585077833,0.2549651100375738
112,25.41599570585078,13.714439076757918,23.72517444981213,7.897208803005904,9.98389694041868,0.38915727321524424,12.801932367149758,4.898013955984971,0.24825550187869028,0.2549651100375738,0.41599570585077833,0.2549651100375738
113,26.03327965646806,13.352120236178207,23.577563070316693,7.897208803005904,9.722222222222221,0.38915727321524424,12.889157273215245,4.9651100375738055,0.24825550187869028,0.2549651100375738,0.41599570585077833,0.2549651100375738
114,26.435856146001072,13.231347289318304,23.483628556092324,7.856951154052603,9.681964573268921,0.3757380568974772,12.795222758990874,4.9651100375738055,0.24825550187869028,0.2549651100375738,0.41599570585077833,0.2549651100375738
115,27.093397745571657,13.191089640365004,22.725442834138487,7.769726247987117,10.030864197530864,0.35560923242082665,12.842190016103059,4.817498658078368,0.24825550187869028,0.2549651100375738,0.41599570585077833,0.2549651100375738
116,27.274557165861513,13.036768652710682,21.940418679549115,8.527911969940956,10.030864197530864,0.35560923242082665,12.842190016103059,4.817498658078368,0.24825550187869028,0.2549651100375738,0.41599570585077833,0.2549651100375738
117,27.529522275899087,12.969672571121846,21.72571121846484,8.61513687600644,10.030864197530864,0.33548040794417605,12.801932367149758,4.817498658078368,0.24825550187869028,0.2549651100375738,0.41599570585077833,0.2549651100375738
118,27.79790660225443,12.929414922168545,21.484165324745035,8.61513687600644,9.936929683306495,0.3153515834675255,12.788513150831992,4.958400429414922,0.24825550187869028,0.2549651100375738,0.41599570585077833,0.2549651100375738
119,28.247450348899623,12.882447665056361,21.35668276972625,8.61513687600644,9.96376811594203,0.3153515834675255,12.325550187869029,5.173107890499195,0.24825550187869028,0.2549651100375738,0.41599570585077833,0.20128824476650564
120,27.643585614600106,12.419484702093397,19.900697799248523,8.507783145464305,10.144927536231885,0.3153515834675255,15.076489533011273,4.924852388620504,0.19457863660762212,0.2549651100375738,0.41599570585077833,0.20128824476650564
121,28.25415995705851,12.211486849168008,19.840311325818572,8.467525496511003,10.104669887278583,0.3153515834675255,14.895330112721417,4.8443370907139025,0.19457863660762212,0.2549651100375738,0.41599570585077833,0.20128824476650564
122,28.368223295759528,12.177938808373591,19.685990338164252,8.447396672034353,10.46027911969941,0.3153515834675255,14.74771873322598,4.790660225442834,0.19457863660762212,0.2549651100375738,0.41599570585077833,0.14090177133655393
123,28.556092324208265,11.79549114331723,19.679280730005367,8.393719806763285,10.527375201288244,0.3153515834675255,14.821524422973699,4.904723564143854,0.19457863660762212,0.2549651100375738,0.41599570585077833,0.14090177133655393
124,28.837895866881375,11.708266237251744,19.545088566827697,8.373590982286634,10.50053676865271,0.3153515834675255,14.80810520665593,4.904723564143854,0.19457863660762212,0.2549651100375738,0.41599570585077833,0.14090177133655393
125,28.978797638217927,11.681427804616211,19.343800322061192,8.272946859903382,10.527375201288244,0.46296296296296297,14.855072463768115,4.871175523349437,0.19457863660762212,0.2549651100375738,0.41599570585077833,0.14090177133655393
126,29.220343531937736,11.56736446591519,19.45115405260333,8.272946859903382,10.426731078904991,0.46296296296296297,14.855072463768115,4.736983360171766,0.19457863660762212,0.2549651100375738,0.41599570585077833,0.14090177133655393
127,29.57595276435856,11.56736446591519,19.39747718733226,8.232689210950081,10.352925389157273,0.4025764895330113,14.727589908749328,4.736983360171766,0.19457863660762212,0.2549651100375738,0.41599570585077833,0.14090177133655393
128,29.7638217928073,11.54723564143854,19.316961889425656,8.232689210950081,10.352925389157273,0.4025764895330113,14.640365002683843,4.736983360171766,0.19457863660762212,0.2549651100375738,0.41599570585077833,0.14090177133655393
129,29.97181964573269,11.41304347826087,19.269994632313473,8.192431561996779,10.305958132045088,0.4025764895330113,14.586688137412775,4.851046698872786,0.19457863660762212,0.2549651100375738,0.41599570585077833,0.14090177133655393
130,30.48174986580784,11.379495437466453,19.108964036500268,8.031400966183575,10.279119699409554,0.4025764895330113,14.459205582393988,4.851046698872786,0.19457863660762212,0.2549651100375738,0.41599570585077833,0.14090177133655393
131,25.11406333870102,33.74932903918411,10.02415458937198,6.320450885668277,8.393719806763285,0.1274825550187869,11.674718196457327,3.589640365002684,0.19457863660762212,0.2549651100375738,0.41599570585077833,0.14090177133655393
132,25.308641975308642,33.702361782071925,10.02415458937198,6.253354804079442,8.36688137412775,0.2214170692431562,11.580783682232958,3.5628019323671496,0.19457863660762212,0.2281266774020397,0.41599570585077833,0.14090177133655393
133,25.462962962962962,33.68894256575416,9.896672034353195,6.253354804079442,8.353462157809984,0.2214170692431562,11.580783682232958,3.5628019323671496,0.19457863660762212,0.2281266774020397,0.41599570585077833,0.14090177133655393
134,25.42270531400966,33.16559312936125,9.856414385399892,6.400966183574879,8.340042941492216,0.2214170692431562,11.90955448201825,3.7037037037037037,0.19457863660762212,0.2281266774020397,0.41599570585077833,0.14090177133655393
135,25.577026301663984,32.95759527643585,9.722222222222221,6.400966183574879,8.340042941492216,0.2214170692431562,11.876006441223833,3.92512077294686,0.19457863660762212,0.2281266774020397,0.41599570585077833,0.14090177133655393
136,25.308641975308642,32.729468599033815,11.533816425120772,6.810252281266774,8.185721953837897,0.16774020397208803,10.393183038110575,3.898282340311326,0.19457863660762212,0.2214170692431562,0.41599570585077833,0.14090177133655393
137,25.489801395598498,32.628824476650564,11.533816425120772,6.810252281266774,8.145464304884594,0.16774020397208803,10.352925389157273,3.898282340311326,0.19457863660762212,0.2214170692431562,0.41599570585077833,0.14090177133655393
138,25.503220611916262,32.41411701556629,11.60762211486849,6.810252281266774,8.279656468062266,0.16774020397208803,10.34621578099839,3.898282340311326,0.19457863660762212,0.2214170692431562,0.41599570585077833,0.14090177133655393
139,25.865539452495973,32.15244229736983,11.52710681696189,6.5485775630703165,8.272946859903382,0.16774020397208803,10.265700483091788,3.9989264626945786,0.19457863660762212,0.2147074610842727,0.39586688137412773,0.39586688137412773
140,26.261406333870102,31.749865807836823,11.460010735373054,7.058507783145465,8.07836822329576,0.16774020397208803,10.19189479334407,3.8378958668813743,0.1878690284487386,0.2147074610842727,0.39586688137412773,0.39586688137412773
141,26.78475577026302,30.877616747181964,11.325818572195384,7.03166935050993,8.07836822329576,0.16774020397208803,10.238862050456254,4.300858829844337,0.1878690284487386,0.2147074610842727,0.39586688137412773,0.39586688137412773
142,27.140365002683843,30.46833064949007,11.29898013955985,7.011540526033279,8.05823939881911,0.1610305958132045,10.225442834138486,4.441760601180891,0.1878690284487386,0.2147074610842727,0.39586688137412773,0.39586688137412773
143,27.26113794954375,30.35426731078905,11.332528180354267,7.105475040257649,8.125335480407944,0.1610305958132045,10.071121846484166,4.435050993022007,0.1878690284487386,0.2147074610842727,0.39586688137412773,0.35560923242082665
144,26.986044015029524,30.891035963499732,11.238593666129898,7.0383789586688135,8.09849704777241,0.1610305958132045,9.997316156736447,4.435050993022007,0.1878690284487386,0.2147074610842727,0.39586688137412773,0.35560923242082665
145,27.126945786366075,30.803811057434245,10.95679012345679,6.998121309715513,8.07836822329576,0.1610305958132045,9.970477724100913,4.817498658078368,0.1878690284487386,0.14761137949543746,0.39586688137412773,0.35560923242082665
146,24.36929683306495,30.112721417069242,20.605206655931294,6.253354804079442,5.803811057434245,0.0939345142243693,7.239667203435319,4.502147074610843,0.1878690284487386,0.0939345142243693,0.2885131508319914,0.4495437466451959
147,24.516908212560388,29.97181964573269,20.21604938271605,6.253354804079442,5.8172302737520125,0.0939345142243693,7.702630166398282,4.408212560386473,0.1878690284487386,0.0939345142243693,0.2885131508319914,0.4495437466451959
148,25.026838432635532,29.663177670424048,19.994632313472895,6.172839506172839,5.797101449275362,0.0939345142243693,7.675791733762749,4.555823939881911,0.1878690284487386,0.0939345142243693,0.2885131508319914,0.4495437466451959
149,25.51663982823403,29.441760601180892,19.753086419753085,6.119162640901771,5.770263016639828,0.0939345142243693,7.7361782071927,4.549114331723027,0.1878690284487386,0.0939345142243693,0.2885131508319914,0.4495437466451959
150,25.34219001610306,29.126409017713364,20.571658615136876,5.958132045088567,5.649490069779925,0.0939345142243693,7.6623725174449815,4.575952764358561,0.1878690284487386,0.0939345142243693,0.2885131508319914,0.4495437466451959
151,25.462962962962962,29.086151368760063,20.42404723564144,5.877616747181965,5.649490069779925,0.0939345142243693,7.6623725174449815,4.723564143853999,0.1878690284487386,0.0939345142243693,0.2885131508319914,0.4495437466451959
152,25.79844337090714,29.01905528717123,20.263016639828233,5.850778314546431,5.622651637144391,0.0939345142243693,7.749597423510467,4.5960815888352125,0.1878690284487386,0.0939345142243693,0.2885131508319914,0.43612453032742887
153,25.91250670960816,28.891572732152444,20.343531937734838,5.797101449275362,5.213365539452496,0.0939345142243693,7.548309178743962,4.669887278582931,0.1878690284487386,0.0939345142243693,0.2885131508319914,0.9594739667203436
154,26.31508319914117,28.60305958132045,20.2361782071927,5.864197530864198,5.10601180891036,0.0939345142243693,7.494632313472893,4.757112184648417,0.1878690284487386,0.0939345142243693,0.2885131508319914,0.9594739667203436
155,26.455984970477726,28.5829307568438,20.189210950080515,5.857487922705314,5.0858829844337095,0.0939345142243693,7.494632313472893,4.7101449275362315,0.1878690284487386,0.0939345142243693,0.2885131508319914,0.9594739667203436
156,26.838432635534083,28.361513687600645,19.981213097155127,5.984970477724101,5.065754159957058,0.0939345142243693,7.434245840042942,4.7101449275362315,0.1878690284487386,0.0939345142243693,0.2885131508319914,0.9594739667203436
157,26.798174986580783,28.247450348899623,19.061996779388085,5.971551261406334,5.448201825013419,0.0939345142243693,7.944176060118089,4.904723564143854,0.1878690284487386,0.0939345142243693,0.2885131508319914,0.9594739667203436
158,27.073268921095007,28.14009661835749,18.887546967257112,5.958132045088567,5.528717122920021,0.0939345142243693,7.890499194847021,4.898013955984971,0.1878690284487386,0.0939345142243693,0.2885131508319914,0.9594739667203436
159,27.375201288244767,27.9723564143854,18.874127750939344,5.958132045088567,5.501878690284487,0.0939345142243693,7.836822329575953,4.871175523349437,0.1878690284487386,0.0939345142243693,0.2885131508319914,0.9460547504025765
160,27.556360708534623,27.75764895330113,18.726516371443907,5.958132045088567,5.488459473966721,0.20799785292538917,7.7898550724637685,4.998658078368224,0.1878690284487386,0.0939345142243693,0.2885131508319914,0.9460547504025765
161,27.78448738593666,27.67042404723564,18.61916264090177,5.897745571658615,5.448201825013419,0.20799785292538917,7.7898550724637685,5.112721417069243,0.1878690284487386,0.0939345142243693,0.24154589371980675,0.9460547504025765
162,28.08641975308642,27.522812667740205,18.61916264090177,5.897745571658615,5.434782608695652,0.20799785292538917,7.702630166398282,5.059044551798175,0.1878690284487386,0.0939345142243693,0.24154589371980675,0.9460547504025765
163,28.529253891572733,27.18733225979603,18.57890499194847,5.877616747181965,5.434782608695652,0.20799785292538917,7.702630166398282,5.01207729468599,0.1878690284487386,0.0939345142243693,0.24154589371980675,0.9460547504025765
164,28.871443907675793,26.979334406870638,18.572195383789587,5.877616747181965,5.434782608695652,0.20799785292538917,7.575147611379496,5.01207729468599,0.1878690284487386,0.0939345142243693,0.24154589371980675,0.9460547504025765
165,28.978797638217927,26.78475577026302,18.511808910359633,6.031937734836285,5.434782608695652,0.20799785292538917,7.6556629092860975,4.924852388620504,0.1878690284487386,0.0939345142243693,0.24154589371980675,0.9460547504025765
166,29.522275899087493,26.38888888888889,18.491680085882983,6.025228126677402,5.347557702630167,0.20799785292538917,7.64224369296833,4.904723564143854,0.1878690284487386,0.0939345142243693,0.24154589371980675,0.9460547504025765
167,29.69001610305958,26.32850241545894,18.42458400429415,5.884326355340848,5.24020397208803,0.20799785292538917,7.615405260332796,4.911433172302737,0.1878690284487386,0.0939345142243693,0.3824476650563607,1.0332796564680622
168,29.07944176060118,25.489801395598498,18.397745571658614,8.205850778314547,4.51556629092861,0.20799785292538917,7.575147611379496,4.830917874396135,0.1878690284487386,0.0939345142243693,0.3824476650563607,1.0332796564680622
169,29.374664519592056,25.36231884057971,18.089103596349972,8.199141170155663,4.549114331723027,0.36231884057971014,7.581857219538379,4.750402576489533,0.16774020397208803,0.0939345142243693,0.3824476650563607,1.0869565217391304
170,29.55582393988191,25.301932367149757,18.00858829844337,8.192431561996779,4.656468062265164,0.36231884057971014,7.501341921631776,4.7168545356951155,0.14090177133655393,0.0939345142243693,0.3824476650563607,1.0869565217391304
171,29.770531400966185,25.207997852925388,17.934782608695652,8.132045088566828,4.64975845410628,0.36231884057971014,7.5348899624261945,4.703435319377348,0.14090177133655393,0.0939345142243693,0.3824476650563607,1.0869565217391304
172,30.152979066022546,25.0402576489533,17.713365539452496,8.105206655931294,4.636339237788513,0.36231884057971014,7.4208266237251745,4.864465915190553,0.14090177133655393,0.0939345142243693,0.3824476650563607,1.0869565217391304
173,30.139559849704778,25.0,17.673107890499196,8.064949006977992,4.616210413311863,0.36231884057971014,7.501341921631776,4.938271604938271,0.14090177133655393,0.0939345142243693,0.3824476650563607,1.0869565217391304
174,29.32769726247987,24.838969404186795,16.847826086956523,8.185721953837897,4.367954911433173,0.4428341384863124,9.561191626409018,4.777241009125067,0.14090177133655393,0.040257648953301126,0.3824476650563607,1.0869565217391304
175,29.55582393988191,24.570585077831456,17.042404723564143,8.044820182501342,4.3545356951154055,0.4428341384863124,9.520933977455716,4.696725711218465,0.14090177133655393,0.1610305958132045,0.3824476650563607,1.0869565217391304
176,29.622920021470748,24.288781535158346,17.223564143854,8.225979602791197,4.341116478797638,0.5099302200751477,9.514224369296834,4.575952764358561,0.14090177133655393,0.1610305958132045,0.30864197530864196,1.0869565217391304
177,29.944981213097154,23.866076221148685,17.156468062265162,8.172302737520129,4.119699409554482,0.5099302200751477,9.668545356951155,4.703435319377348,0.14090177133655393,0.1610305958132045,0.30864197530864196,1.247987117552335
178,30.280461621041333,23.758722490606548,17.07595276435856,8.09849704777241,4.0995705850778315,0.5099302200751477,9.655126140633387,4.669887278582931,0.14090177133655393,0.1610305958132045,0.30864197530864196,1.2412775093934514
179,30.56226516371444,23.60440150295223,17.002147074610843,8.071658615136876,4.086151368760064,0.5099302200751477,9.561191626409018,4.750402576489533,0.14090177133655393,0.1610305958132045,0.30864197530864196,1.2412775093934514
180,31.199677938808374,23.503757380568974,16.908212560386474,8.038110574342458,3.9586688137412773,0.5099302200751477,9.426999463231347,4.602791196994096,0.14090177133655393,0.1610305958132045,0.30864197530864196,1.2412775093934514
181,31.66935050993022,23.483628556092324,16.666666666666668,8.017981749865807,3.9184111647879765,0.5099302200751477,9.373322597960279,4.508856682769726,0.14090177133655393,0.1610305958132045,0.30864197530864196,1.2412775093934514
182,31.97799248523886,23.389694041867955,16.552603327965645,7.930756843800322,3.824476650563607,0.5099302200751477,9.460547504025765,4.508856682769726,0.14090177133655393,0.1610305958132045,0.30864197530864196,1.2345679012345678
183,32.098765432098766,23.19511540526033,16.485507246376812,7.883789586688137,3.9519592055823938,0.5099302200751477,9.447128287707997,4.602791196994096,0.14090177133655393,0.1610305958132045,0.30864197530864196,1.2144390767579174
184,32.50805152979066,22.920021470746107,16.25738056897477,7.883789586688137,3.938539989264627,0.5099302200751477,9.286097691894794,4.871175523349437,0.14090177133655393,0.1610305958132045,0.30864197530864196,1.2144390767579174
185,32.669082125603865,22.920021470746107,16.17686527106817,7.877079978529254,3.938539989264627,0.5099302200751477,9.25925925925926,4.824208266237251,0.14090177133655393,0.1610305958132045,0.30864197530864196,1.2144390767579174
186,32.648953301127214,22.584541062801932,16.646537842190018,7.809983896940419,3.9318303811057436,0.5099302200751477,9.225711218464841,4.817498658078368,0.14090177133655393,0.1610305958132045,0.30864197530864196,1.2144390767579174
187,32.98443370907139,22.436929683306495,16.55931293612453,7.7361782071927,3.9318303811057436,0.5099302200751477,9.198872785829307,4.817498658078368,0.14090177133655393,0.1610305958132045,0.30864197530864196,1.2144390767579174
188,33.13875469672571,22.322866344605476,16.51905528717123,7.950885668276973,3.9049919484702094,0.5099302200751477,9.01100375738057,4.817498658078368,0.14090177133655393,0.1610305958132045,0.30864197530864196,1.2144390767579174
189,33.47423510466989,22.18196457326892,16.465378421900162,7.836822329575953,3.898282340311326,0.5099302200751477,9.01100375738057,4.797369833601718,0.14090177133655393,0.1610305958132045,0.30864197530864196,1.2144390767579174
190,33.68894256575416,22.108158883521202,16.384863123993558,7.823403113258186,3.898282340311326,0.5099302200751477,8.984165324745035,4.777241009125067,0.14090177133655393,0.1610305958132045,0.30864197530864196,1.2144390767579174
191,34.13177670424047,22.020933977455716,16.25067096081589,7.769726247987117,3.898282340311326,0.5099302200751477,8.917069243156199,4.676596886741814,0.14090177133655393,0.1610305958132045,0.30864197530864196,1.2144390767579174
192,34.03113258185722,21.484165324745035,16.203703703703702,7.595276435856146,3.8714439076757916,0.5099302200751477,8.910359634997317,5.60252281266774,0.14090177133655393,0.1610305958132045,0.30864197530864196,1.1808910359634996
193,34.044551798174986,21.336553945249598,16.109769189479334,7.300053676865271,3.7640901771336552,0.630703166935051,8.80300590445518,5.595813204508857,0.14090177133655393,0.1610305958132045,0.35560923242082665,1.7579173376274826
194,34.42028985507246,20.987654320987655,16.049382716049383,7.27992485238862,3.750670960815888,0.630703166935051,8.769457863660762,5.736714975845411,0.14090177133655393,0.1610305958132045,0.35560923242082665,1.7176596886741815
195,34.715512614063336,20.853462157809982,16.1231884057971,7.1658615136876005,3.6634460547504024,0.630703166935051,8.789586688137414,5.683038110574342,0.14090177133655393,0.1610305958132045,0.35560923242082665,1.7176596886741815
196,34.916800858829845,20.78636607622115,15.901771336553946,7.132313472893183,3.6366076221148687,0.630703166935051,8.93719806763285,5.683038110574342,0.14090177133655393,0.1610305958132045,0.35560923242082665,1.7176596886741815
