,45,50,55,51,56,52,53,54,57,58,61,59,60,62,63,65,64
0,85.76221148684917,14.237788513150832,,,,,,,,,,,,,,,
1,68.12265163714439,31.80354267310789,0.07380568974771873,,,,,,,,,,,,,,
2,36.600912506709605,56.92431561996779,0.3757380568974772,6.099033816425121,,,,,,,,,,,,,
3,35.25228126677402,57.25979602791197,0.5032206119162641,6.729736983360172,0.2549651100375738,,,,,,,,,,,,
4,34.286097691894796,58.13875469672571,0.5904455179817498,6.729736983360172,0.2549651100375738,,,,,,,,,,,,
5,32.689210950080515,46.9873859366613,0.6575415995705851,17.3040794417606,,1.1137949543746646,1.133923778851315,0.11406333870101985,,,,,,,,,
6,32.648953301127214,46.02120236178207,0.6977992485238862,14.378690284487385,,5.005367686527107,1.133923778851315,0.11406333870101985,,,,,,,,,
7,26.34863123993559,54.770531400966185,2.4490069779924855,2.7643585614600106,,12.406065485775631,1.1473429951690821,0.11406333870101985,,,,,,,,,
8,25.979602791196996,52.54965110037574,2.965646806226516,2.7509393451422435,,14.304884594739667,1.1205045625335481,0.11406333870101985,0.1878690284487386,0.026838432635534086,,,,,,,
9,25.87895866881374,52.57648953301127,3.0327428878153517,2.7509393451422435,0.020128824476650563,14.2914653784219,1.1205045625335481,0.11406333870101985,0.1878690284487386,0.026838432635534086,,,,,,,
10,25.811862587224905,52.00617283950617,3.515834675254965,2.7509393451422435,0.020128824476650563,14.197530864197532,1.1205045625335481,0.36231884057971014,0.1878690284487386,0.026838432635534086,,,,,,,
11,25.603864734299517,52.10010735373054,3.603059581320451,2.7777777777777777,0.020128824476650563,14.15727321524423,1.1205045625335481,0.36231884057971014,0.2281266774020397,0.026838432635534086,,,,,,,
12,25.02012882447665,49.483360171765966,3.569511540526033,2.7777777777777777,0.020128824476650563,14.143853998926463,4.448470209339774,0.36231884057971014,0.14761137949543746,0.026838432635534086,,,,,,,
13,24.852388620504563,47.83279656468062,3.3480944712828773,2.7777777777777777,0.020128824476650563,14.143853998926463,6.736446591519055,0.11406333870101985,0.14761137949543746,0.026838432635534086,,,,,,,
14,24.852388620504563,47.78582930756844,3.3548040794417604,2.7777777777777777,0.020128824476650563,14.103596349973161,6.702898550724638,0.1274825550187869,0.1878690284487386,0.06038647342995169,0.026838432635534086,,,,,,
15,24.698067632850243,47.90660225442834,3.388352120236178,2.7777777777777777,0.020128824476650563,14.103596349973161,6.702898550724638,0.1274825550187869,0.1878690284487386,0.06038647342995169,0.026838432635534086,,,,,,
16,24.63768115942029,47.87305421363392,3.455448201825013,2.7777777777777777,0.020128824476650563,14.016371443907676,6.689479334406871,0.1274825550187869,0.27509393451422437,0.10064412238325282,0.026838432635534086,,,,,,
17,23.872785829307567,42.921363392377884,3.4017713365539453,2.791196994095545,,13.030059044551798,6.66935050993022,6.877348362855609,0.2952227589908749,0.10064412238325282,0.026838432635534086,0.013419216317767043,,,,,
18,21.66532474503489,44.93424584004294,3.6097691894793345,2.7777777777777777,,13.030059044551798,6.655931293612453,6.877348362855609,0.2952227589908749,0.11406333870101985,0.026838432635534086,0.013419216317767043,,,,,
19,19.732957595276435,46.81964573268921,3.656736446591519,2.7777777777777777,,13.023349436392914,6.655931293612453,6.877348362855609,0.30193236714975846,0.11406333870101985,0.026838432635534086,0.013419216317767043,,,,,
20,19.712828770799785,46.61835748792271,3.851315083199141,2.7844873859366612,,12.969672571121846,6.655931293612453,6.870638754696726,0.35560923242082665,0.11406333870101985,0.026838432635534086,0.040257648953301126,,,,,
21,19.659151905528716,46.30971551261406,4.206924315619967,2.7844873859366612,0.026838432635534086,12.93612453032743,6.655931293612453,6.870638754696726,0.36902844873859364,0.11406333870101985,0.026838432635534086,0.040257648953301126,,,,,
22,19.64573268921095,46.22920021470746,4.253891572732153,2.831454643048846,0.026838432635534086,12.902576489533011,6.655931293612453,6.857219538378959,0.4025764895330113,0.11406333870101985,0.026838432635534086,0.05367686527106817,,,,,
23,18.585614600107355,34.52093397745572,1.778046162104133,30.35426731078905,,6.333870101986044,6.541867954911433,1.5767579173376274,0.18115942028985507,0.1274825550187869,,,,,,,
24,18.50509930220075,34.534353193773484,1.8451422436929683,30.08588298443371,0.2683843263553409,6.333870101986044,6.515029522275899,1.5767579173376274,0.18115942028985507,0.15432098765432098,,,,,,,
25,17.995169082125603,32.2061191626409,1.7646269457863661,29.61621041331186,0.322061191626409,6.340579710144928,6.515029522275899,4.904723564143854,0.18115942028985507,0.15432098765432098,,,,,,,
26,17.995169082125603,32.13231347289318,1.8384326355340848,29.508856682769725,0.4294149221685454,6.320450885668277,6.508319914117015,4.904723564143854,0.20128824476650564,0.1610305958132045,,,,,,,
27,17.98174986580784,32.11218464841653,1.8719806763285025,29.414922168545356,0.5233494363929146,6.3070316693505095,6.447933440687064,4.904723564143854,0.2147074610842727,0.2214170692431562,,,,,,,
28,17.337627482555018,32.62211486849168,1.9793344068706387,29.21363392377885,0.7514761137949544,6.3070316693505095,6.447933440687064,4.871175523349437,0.2147074610842727,0.2214170692431562,,,0.03354804079441761,,,,
29,16.968599033816425,32.95759527643585,1.9726247987117553,29.180085882984432,0.798443370907139,6.3070316693505095,5.984970477724101,5.307300053676865,0.2147074610842727,0.24825550187869028,,,0.06038647342995169,,,,
30,12.95625335480408,30.817230273752013,3.361513687600644,35.909822866344605,0.6709608158883521,6.3070316693505095,5.9447128287707995,3.4688674181427803,0.24154589371980675,0.2885131508319914,,,0.03354804079441761,,,,
31,12.211486849168008,29.408212560386474,3.2206119162640903,35.43344068706388,1.288244766505636,7.454374664519592,7.212828770799785,3.2474503488996245,0.20128824476650564,0.2885131508319914,,,0.03354804079441761,,,,
32,12.211486849168008,26.516371443907676,7.071926999463232,34.715512614063336,1.1473429951690821,7.454374664519592,7.1725711218464845,3.180354267310789,0.20128824476650564,0.2952227589908749,,,0.03354804079441761,,,,
33,12.198067632850242,26.50966183574879,7.085346215780999,31.54186795491143,1.133923778851315,7.454374664519592,7.1725711218464845,6.333870101986044,0.20128824476650564,0.2952227589908749,,,0.07380568974771873,,,,
34,12.016908212560386,26.556629092860977,7.112184648416532,31.4747718733226,1.1741814278046163,7.481213097155126,7.1725711218464845,6.293612453032743,0.2281266774020397,0.322061191626409,,0.07380568974771873,0.0939345142243693,,,,
35,11.748523886205046,26.321792807300053,6.9243156199677935,31.447933440687063,0.7179280730005367,8.004562533548041,7.1725711218464845,6.957863660762212,0.2147074610842727,0.2952227589908749,,0.0939345142243693,0.10064412238325282,,,,
36,11.748523886205046,26.288244766505635,6.91760601180891,31.42109500805153,0.7447665056360708,8.004562533548041,7.1725711218464845,6.951154052603328,0.24825550187869028,0.2952227589908749,,0.0939345142243693,0.11406333870101985,,,,
37,11.748523886205046,26.247987117552334,6.971282877079979,31.40096618357488,0.7514761137949544,7.971014492753623,7.1725711218464845,6.951154052603328,0.28180354267310787,0.2952227589908749,,0.0939345142243693,0.11406333870101985,,,,
38,11.728395061728396,26.140633387010197,8.494363929146537,29.61621041331186,1.1406333870101986,7.971014492753623,7.159151905528717,6.877348362855609,0.28180354267310787,0.2952227589908749,,0.1610305958132045,0.13419216317767044,,,,
39,11.681427804616211,26.04669887278583,8.61513687600644,28.703703703703702,1.1674718196457328,9.31964573268921,7.159151905528717,6.461352657004831,0.28180354267310787,0.2683843263553409,,0.1610305958132045,0.13419216317767044,,,,
40,11.681427804616211,25.63070316693505,8.655394524959743,29.0727321524423,1.1943102522812667,9.27938808373591,7.139023081052066,6.4412238325281805,0.322061191626409,0.2885131508319914,,0.1610305958132045,0.13419216317767044,,,,
41,10.091250670960816,26.737788513150832,8.621846484165324,29.066022544283413,1.1943102522812667,12.922705314009661,4.133118625872249,6.4412238325281805,0.36231884057971014,0.13419216317767044,,0.1610305958132045,0.13419216317767044,,,,
42,10.057702630166398,26.69753086419753,8.621846484165324,29.025764895330113,1.247987117552335,12.902576489533011,4.126409017713366,6.508319914117015,0.38915727321524424,0.14090177133655393,0.013419216317767043,0.1610305958132045,0.10735373054213634,,,,
43,10.057702630166398,26.65727321524423,8.749329039184111,28.629898013955984,1.6371443907675791,12.486580783682234,4.126409017713366,6.508319914117015,0.7246376811594203,0.14090177133655393,0.013419216317767043,0.1610305958132045,0.10735373054213634,,,,
44,10.057702630166398,26.650563607085346,8.722490606548577,27.925389157273216,1.6505636070853462,12.4597423510467,7.326892109500805,4.012345679012346,0.7514761137949544,0.14090177133655393,0.013419216317767043,0.18115942028985507,0.10735373054213634,,,,
45,9.453837895866881,26.979334406870638,8.68894256575416,27.77777777777778,1.6639828234031133,14.479334406870638,6.454643048845948,3.556092324208266,0.5166398282340311,0.13419216317767044,0.013419216317767043,0.18115942028985507,0.10064412238325282,,,,
46,9.333064949006978,27.046430488459475,8.722490606548577,27.697262479871174,1.7444981213097155,14.36527106816962,6.447933440687064,3.5426731078904994,0.6239935587761675,0.14761137949543746,0.013419216317767043,0.18115942028985507,0.13419216317767044,,,,
47,7.50805152979066,21.792807300053678,8.668813741277509,36.72839506172839,1.751207729468599,12.573805689747719,6.421095008051529,3.4688674181427803,0.5837359098228664,0.17444981213097155,0.013419216317767043,0.18115942028985507,0.13419216317767044,,,,
48,7.50805152979066,21.792807300053678,8.68894256575416,36.68142780461621,1.7579173376274826,12.560386473429952,6.421095008051529,3.4688674181427803,0.5971551261406334,0.19457863660762212,0.013419216317767043,0.18115942028985507,0.13419216317767044,,,,
49,5.562265163714439,20.48443370907139,8.756038647342995,39.71417069243156,1.9189479334406871,12.526838432635534,6.421095008051529,3.4688674181427803,0.6239935587761675,0.19457863660762212,0.013419216317767043,0.18115942028985507,0.13419216317767044,,,,
50,5.535426731078905,20.497852925389157,8.76274825550188,39.70746108427268,1.9189479334406871,12.526838432635534,6.421095008051529,3.4688674181427803,0.6239935587761675,0.19457863660762212,0.026838432635534086,0.18115942028985507,0.13419216317767044,,,,
51,5.535426731078905,19.732957595276435,8.68894256575416,39.110305958132045,2.6838432635534084,11.41304347826087,8.272946859903382,3.374932903918411,0.630703166935051,0.17444981213097155,0.03354804079441761,0.18115942028985507,0.16774020397208803,,,,
52,5.441492216854535,19.82018250134192,8.695652173913043,39.06333870101986,2.7308105206655933,11.41304347826087,8.246108427267847,3.3816425120772946,0.630703166935051,0.20128824476650564,0.03354804079441761,0.18115942028985507,0.1610305958132045,,,,
53,5.414653784219001,19.73966720343532,9.232420826623725,38.62721417069243,2.717391304347826,11.41304347826087,8.252818035426731,3.3816425120772946,0.630703166935051,0.20128824476650564,0.020128824476650563,0.18115942028985507,0.1878690284487386,,,,
54,5.280461621041331,18.06897477187332,9.54777241009125,37.40606548577563,3.0730005367686526,11.41304347826087,8.252818035426731,5.736714975845411,0.630703166935051,0.20128824476650564,0.020128824476650563,0.18115942028985507,0.1878690284487386,,,,
55,5.280461621041331,18.06226516371444,9.554482018250134,37.35909822866345,3.1065485775630703,11.366076221148685,8.252818035426731,5.736714975845411,0.6910896403650026,0.20128824476650564,0.020128824476650563,0.18115942028985507,0.1878690284487386,,,,
56,5.24020397208803,18.10252281266774,9.561191626409018,37.124261943102525,3.3145464304884595,11.305689747718732,8.225979602791197,5.736714975845411,0.7447665056360708,0.2281266774020397,0.04696725711218465,0.18115942028985507,0.1878690284487386,,,,
57,5.24020397208803,18.04884594739667,9.628287707997853,37.124261943102525,3.3145464304884595,11.171497584541063,8.225979602791197,5.736714975845411,0.8655394524959742,0.2281266774020397,0.04696725711218465,0.18115942028985507,0.1878690284487386,,,,
58,5.24020397208803,17.92807300053677,9.749060654857756,36.862587224906065,3.5225442834138487,11.158078368223295,8.225979602791197,5.703166935050993,0.9192163177670424,0.2281266774020397,0.07380568974771873,0.20128824476650564,0.1878690284487386,,,,
59,5.24020397208803,17.74020397208803,9.96376811594203,36.70155662909286,3.5829307568438002,11.131239935587761,8.225979602791197,5.736714975845411,0.9326355340848095,0.2281266774020397,0.08722490606548577,0.2281266774020397,0.20128824476650564,,,,
60,5.0791733762748255,17.632850241545892,9.675254965110037,36.65458937198068,3.5963499731615673,11.131239935587761,8.225979602791197,6.327160493827161,0.9326355340848095,0.2281266774020397,0.08722490606548577,0.2281266774020397,0.20128824476650564,,,,
61,4.824208266237251,17.53220611916264,10.943370907139023,35.339506172839506,3.911701556629093,11.131239935587761,8.3064949006978,6.286902844873859,0.9259259259259259,0.24825550187869028,0.08722490606548577,0.2616747181964573,0.20128824476650564,,,,
62,4.804079441760601,17.54562533548041,10.943370907139023,35.07112184648417,3.9586688137412773,10.795759527643586,8.702361782071927,6.280193236714976,0.9259259259259259,0.41599570585077833,0.08722490606548577,0.2683843263553409,0.20128824476650564,,,,
63,4.804079441760601,17.478529253891573,10.970209339774557,35.04428341384863,3.9855072463768115,10.782340311325818,8.702361782071927,6.286902844873859,0.9326355340848095,0.41599570585077833,0.1274825550187869,0.2683843263553409,0.20128824476650564,,,,
64,4.777241009125067,17.47181964573269,10.970209339774557,35.02415458937198,3.9720880300590444,10.762211486849168,8.695652173913043,6.286902844873859,0.9796027911969941,0.41599570585077833,0.1274825550187869,0.2683843263553409,0.24825550187869028,,,,
65,4.777241009125067,17.458400429414922,10.983628556092324,34.99060654857756,4.005636070853462,10.748792270531402,8.675523349436393,6.273483628556092,0.9796027911969941,0.4495437466451959,0.1274825550187869,0.2952227589908749,0.23483628556092323,,,,
66,4.7638217928073,17.444981213097154,11.16478797638218,34.896672034353195,4.072732152442297,10.621309715512615,8.675523349436393,6.260064412238325,0.9796027911969941,0.4495437466451959,0.1274825550187869,0.30864197530864196,0.23483628556092323,,,,
67,4.74369296833065,17.404723564143854,11.231884057971014,34.836285560923244,4.0995705850778315,10.621309715512615,8.68894256575416,6.1929683306494905,0.9796027911969941,0.4495437466451959,0.1274825550187869,0.38915727321524424,0.23483628556092323,,,,
68,4.74369296833065,17.371175523349436,11.20504562533548,34.856414385399894,4.079441760601181,10.621309715512615,8.695652173913043,6.1929683306494905,0.9796027911969941,0.46967257112184646,0.1274825550187869,0.38915727321524424,0.2683843263553409,,,,
69,4.74369296833065,16.861245303274288,11.057434245840042,34.82957595276436,4.066022544283414,10.61460010735373,8.28636607622115,7.246376811594203,0.9796027911969941,0.5434782608695652,0.11406333870101985,0.38915727321524424,0.2683843263553409,,,,
70,4.300858829844337,15.962157809983896,10.742082662372518,34.0378421900161,4.247181964573269,13.727858293075684,8.3064949006978,6.528448738593666,0.966183574879227,0.5233494363929146,0.11406333870101985,0.20799785292538917,0.33548040794417605,,,,
71,4.300858829844337,15.915190552871712,10.849436392914654,33.702361782071925,4.334406870638754,13.727858293075684,8.454106280193237,6.521739130434782,0.9930220075147611,0.5233494363929146,0.11406333870101985,0.23483628556092323,0.32877079978529256,,,,
72,4.253891572732153,15.881642512077295,10.88298443370907,33.63526570048309,4.361245303274289,13.593666129898015,8.454106280193237,6.535158346752549,1.2010198604401503,0.5233494363929146,0.11406333870101985,0.23483628556092323,0.32877079978529256,,,,
73,4.233762748255502,15.901771336553946,10.889694041867955,33.59500805152979,4.3545356951154055,13.553408480944713,8.467525496511003,6.541867954911433,1.2345679012345678,0.5367686527106817,0.11406333870101985,0.24825550187869028,0.32877079978529256,,,,
74,4.2270531400966185,15.526033279656469,11.010466988727858,33.58829844337091,4.314278046162104,13.56682769726248,8.400429414922169,6.877348362855609,1.2345679012345678,0.5501878690284487,0.11406333870101985,0.24825550187869028,0.3421900161030596,,,,
75,4.2270531400966185,15.526033279656469,11.83574879227053,33.25281803542673,4.3478260869565215,13.063607085346217,8.393719806763285,6.890767579173376,1.1876006441223832,0.5636070853462157,0.11406333870101985,0.2549651100375738,0.3421900161030596,,,,
76,4.2270531400966185,15.526033279656469,11.876006441223833,33.21256038647343,4.374664519592056,13.023349436392914,8.393719806763285,6.870638754696726,1.1876006441223832,0.5971551261406334,0.11406333870101985,0.2549651100375738,0.3421900161030596,,,,
77,4.139828234031133,15.45222758990875,11.896135265700483,33.4272678475577,4.40150295222759,12.875738056897477,8.393719806763285,6.890767579173376,1.2144390767579174,0.6239935587761675,0.11406333870101985,0.2281266774020397,0.3421900161030596,,,,
78,4.119699409554482,15.324745034889963,11.963231347289318,33.21926999463231,4.2270531400966185,12.875738056897477,8.420558239398819,7.387278582930757,1.1876006441223832,0.6172839506172839,0.11406333870101985,0.2281266774020397,0.3153515834675255,,,,
79,4.0995705850778315,15.324745034889963,11.98336017176597,33.12533548040794,4.26731078904992,12.842190016103059,8.420558239398819,7.360440150295223,1.2412775093934514,0.6172839506172839,0.11406333870101985,0.2281266774020397,0.3757380568974772,,,,
80,3.9720880300590444,11.017176596886742,11.439881910896403,32.26650563607085,4.0995705850778315,11.231884057971014,17.337627482555018,6.521739130434782,1.107085346215781,0.38915727321524424,0.11406333870101985,0.14761137949543746,0.35560923242082665,,,,
81,3.9720880300590444,11.003757380568974,12.47987117552335,31.48148148148148,4.133118625872249,11.20504562533548,17.156468062265162,6.4412238325281805,1.093666129898014,0.35560923242082665,0.11406333870101985,0.1878690284487386,0.3757380568974772,,,,
82,3.9452495974235107,10.245571658615138,11.849168008588299,31.394256575415994,4.200214707461084,11.16478797638218,18.592324208266238,6.407675791733762,1.093666129898014,0.36231884057971014,0.1274825550187869,0.2281266774020397,0.38915727321524424,,,,
83,3.9452495974235107,10.138217928073,11.701556629092861,30.18652710681696,4.025764895330113,11.137949543746645,19.605475040257648,6.977992485238862,1.1406333870101986,0.3824476650563607,0.1274825550187869,0.24154589371980675,0.38915727321524424,,,,
84,3.9452495974235107,8.232689210950081,11.16478797638218,30.10601180891036,4.052603327965647,10.789049919484702,22.463768115942027,6.937734836285561,1.1540526033279657,0.4227053140096618,0.11406333870101985,0.24154589371980675,0.3757380568974772,,,,
85,3.878153515834675,8.299785292538916,11.158078368223295,30.099302200751477,4.0995705850778315,10.755501878690284,22.463768115942027,6.951154052603328,1.1876006441223832,0.3757380568974772,0.11406333870101985,0.24154589371980675,0.3757380568974772,,,,
86,3.361513687600644,8.76274825550188,10.681696188942565,29.918142780461622,4.1129898013955986,14.325013419216317,19.64573268921095,6.957863660762212,1.0869565217391304,0.36902844873859364,0.11406333870101985,0.2885131508319914,0.3757380568974772,,,,
87,3.361513687600644,8.735909822866345,10.72866344605475,29.857756307031668,4.139828234031133,14.325013419216317,19.612184648416534,6.957863660762212,1.0869565217391304,0.41599570585077833,0.11406333870101985,0.2885131508319914,0.3757380568974772,,,,
88,2.932098765432099,7.440955448201825,9.73564143853999,35.601180891035966,3.8043478260869565,15.056360708534621,16.512345679012345,6.655931293612453,1.1205045625335481,0.38915727321524424,0.11406333870101985,0.2616747181964573,0.3757380568974772,,,,
89,2.9253891572732154,7.447665056360709,9.73564143853999,35.587761674718195,3.8177670424047236,15.056360708534621,16.485507246376812,6.655931293612453,1.1205045625335481,0.38915727321524424,0.11406333870101985,0.2885131508319914,0.3757380568974772,,,,
90,2.9253891572732154,7.427536231884058,9.386741814278047,35.23215244229737,3.844605475040258,12.513419216317766,19.766505636070853,6.642512077294686,1.0802469135802468,0.36231884057971014,0.11406333870101985,0.3488996242619431,0.35560923242082665,,,,
91,2.9119699409554483,7.440955448201825,8.507783145464305,34.856414385399894,3.8580246913580245,12.513419216317766,21.175523349436393,6.374127750939345,1.0802469135802468,0.46967257112184646,0.11406333870101985,0.3488996242619431,0.3488996242619431,,,,
92,2.8113258185721954,7.232957595276436,8.53462157809984,35.15163714439077,3.878153515834675,12.4597423510467,21.16881374127751,6.374127750939345,1.1003757380568975,0.4830917874396135,0.11406333870101985,0.3421900161030596,0.3488996242619431,,,,
93,2.8113258185721954,6.977992485238862,7.25979602791197,37.567096081588836,3.6231884057971016,13.103864734299517,20.46430488459474,6.300322061191626,0.7716049382716049,0.5099302200751477,0.10735373054213634,0.2683843263553409,0.23483628556092323,,,,
94,2.7643585614600106,6.964573268921095,6.595544820182502,39.22436929683307,3.435319377348363,14.398819108964037,18.726516371443907,6.233225979602791,0.5568974771873323,0.5032206119162641,0.10735373054213634,0.2549651100375738,0.23483628556092323,,,,
95,2.6301663982823404,5.683038110574342,6.602254428341385,37.66774020397209,3.2139023081052067,16.968599033816425,19.786634460547504,5.998389694041868,0.33548040794417605,0.48980139559849706,0.13419216317767044,0.2549651100375738,0.23483628556092323,,,,
96,2.61003757380569,5.683038110574342,6.635802469135802,40.4320987654321,3.435319377348363,15.163714439076758,18.55877616747182,5.978260869565218,0.38915727321524424,0.48980139559849706,0.13419216317767044,0.2549651100375738,0.23483628556092323,,,,
97,2.5563607085346214,5.146269457863661,5.911164787976382,42.55904455179817,2.7106816961889426,15.217391304347826,19.57192699946323,4.871175523349437,0.5300590445517982,0.4294149221685454,0.08722490606548577,0.20799785292538917,0.20128824476650564,,,,
98,2.522812667740204,5.139559849704777,5.897745571658615,42.28395061728395,2.563070316693505,15.170424047235642,19.484702093397747,5.347557702630167,0.6239935587761675,0.4428341384863124,0.08722490606548577,0.23483628556092323,0.20128824476650564,,,,
99,2.522812667740204,5.139559849704777,5.897745571658615,42.2638217928073,2.5697799248523885,16.15673644659152,18.438003220611915,5.360976918947934,0.6575415995705851,0.46967257112184646,0.08722490606548577,0.23483628556092323,0.20128824476650564,,,,
100,2.522812667740204,5.132850241545894,5.897745571658615,40.64009661835749,2.831454643048846,17.538915727321523,18.391035963499732,5.367686527106817,0.6843800322061192,0.46967257112184646,0.08722490606548577,0.23483628556092323,0.20128824476650564,,,,
101,2.509393451422437,5.0993022007514766,5.4549114331723025,39.51959205582394,2.8650026838432634,17.20343531937735,18.290391841116477,7.1658615136876005,0.7917337627482555,0.5099302200751477,0.08722490606548577,0.2952227589908749,0.20799785292538917,,,,
102,2.4825550187869028,5.12614063338701,5.4549114331723025,39.190821256038646,2.8113258185721954,17.196725711218466,18.263553408480945,7.548309178743962,0.798443370907139,0.5367686527106817,0.07380568974771873,0.2952227589908749,0.2214170692431562,,,,
103,2.4825550187869028,5.12614063338701,6.286902844873859,38.39237788513151,2.8784219001610305,17.196725711218466,18.243424584004295,7.380568974771873,0.798443370907139,0.5904455179817498,0.07380568974771873,0.2952227589908749,0.2549651100375738,,,,
104,2.4825550187869028,5.12614063338701,6.152710681696189,37.8690284487386,2.9119699409554483,17.122920021470748,17.76033279656468,8.373590982286634,0.8722490606548577,0.6508319914117016,0.07380568974771873,0.3488996242619431,0.2549651100375738,,,,
105,2.4825550187869028,5.12614063338701,6.146001073537305,37.7012882447665,3.0730005367686526,17.06924315619968,17.753623188405797,8.373590982286634,0.9125067096081588,0.6709608158883521,0.07380568974771873,0.3488996242619431,0.2683843263553409,,,,
106,2.4825550187869028,5.12614063338701,5.998389694041868,37.043746645195924,3.052871712292002,17.01556629092861,18.59903381642512,8.340042941492216,0.9594739667203436,0.7179280730005367,0.04696725711218465,0.3488996242619431,0.2683843263553409,,,,
107,2.4691358024691357,5.12614063338701,6.837090713902308,36.218464841653244,3.052871712292002,16.948470209339774,18.572195383789587,8.313204508856682,1.0265700483091786,0.7447665056360708,0.04696725711218465,0.3757380568974772,0.2683843263553409,,,,
108,2.4691358024691357,5.0791733762748255,6.830381105743425,35.02415458937198,3.435319377348363,17.840848094471284,18.531937734836287,8.313204508856682,1.0399892646269457,0.7380568974771873,0.06038647342995169,0.3757380568974772,0.2616747181964573,,,,
109,2.462426194310252,5.0858829844337095,6.9243156199677935,34.88325281803543,3.6097691894793345,17.713365539452496,18.50509930220075,8.313204508856682,1.0601180891035964,0.7447665056360708,0.06038647342995169,0.3757380568974772,0.2616747181964573,,,,
110,2.462426194310252,5.0858829844337095,7.434245840042942,34.38003220611916,3.569511540526033,17.713365539452496,18.51851851851852,8.319914117015566,1.0601180891035964,0.7514761137949544,0.06038647342995169,0.36902844873859364,0.2549651100375738,0.0067096081588835215,0.013419216317767043,,
111,2.462426194310252,5.0858829844337095,7.924047235641439,33.76945786366076,3.6097691894793345,17.639559849704778,18.417874396135264,8.487654320987655,1.1003757380568975,0.785024154589372,0.06038647342995169,0.3824476650563607,0.2549651100375738,0.0067096081588835215,0.013419216317767043,,
112,2.4490069779924855,5.0791733762748255,7.481213097155126,33.13204508856683,3.6366076221148687,17.62614063338701,18.4044551798175,9.608158883521202,1.1137949543746646,0.798443370907139,0.040257648953301126,0.3824476650563607,0.2281266774020397,0.0067096081588835215,0.013419216317767043,,
113,2.4490069779924855,5.065754159957058,7.5281803542673105,33.011272141706925,3.683574879227053,17.612721417069242,18.377616747181964,9.634997316156737,1.1406333870101986,0.8252818035426731,0.040257648953301126,0.3824476650563607,0.2281266774020397,0.0067096081588835215,0.013419216317767043,,
114,2.4490069779924855,5.065754159957058,7.561728395061729,32.9777241009125,3.7104133118625873,17.55233494363929,18.377616747181964,9.628287707997853,1.1741814278046163,0.8252818035426731,0.040257648953301126,0.38915727321524424,0.2281266774020397,0.0067096081588835215,0.013419216317767043,,
115,2.4490069779924855,5.065754159957058,7.64224369296833,32.950885668276975,3.717122920021471,17.196725711218466,18.59903381642512,9.608158883521202,1.2010198604401503,0.8252818035426731,0.040257648953301126,0.4428341384863124,0.24154589371980675,0.0067096081588835215,0.013419216317767043,,
116,2.4020397208803006,5.01207729468599,7.937466451959206,32.830112721417066,3.7037037037037037,17.16988727858293,18.54535695115405,9.601449275362318,1.221148684916801,0.8252818035426731,0.040257648953301126,0.4495437466451959,0.24154589371980675,0.0067096081588835215,0.013419216317767043,,
117,2.4020397208803006,4.978529253891573,7.944176060118089,32.830112721417066,3.7104133118625873,17.12962962962963,18.53864734299517,9.601449275362318,1.261406333870102,0.8521202361782072,0.040257648953301126,0.4495437466451959,0.24154589371980675,0.0067096081588835215,0.013419216317767043,,
118,2.4020397208803006,4.9718196457326895,7.917337627482555,32.76301663982824,3.7640901771336552,17.12962962962963,18.511808910359633,9.574610842726784,1.288244766505636,0.8990874932903918,0.05367686527106817,0.47638217928073,0.2281266774020397,0.0067096081588835215,0.013419216317767043,,
119,2.4020397208803006,4.9718196457326895,7.9039184111647875,32.70263016639828,3.7909286097691894,17.122920021470748,18.471551261406333,9.561191626409018,1.328502415458937,0.9326355340848095,0.05367686527106817,0.47638217928073,0.2616747181964573,0.0067096081588835215,0.013419216317767043,,
120,2.4020397208803006,4.9718196457326895,7.9039184111647875,32.669082125603865,3.8177670424047236,17.008856682769725,18.377616747181964,9.561191626409018,1.5365002683843263,0.9393451422436929,0.05367686527106817,0.47638217928073,0.2616747181964573,0.0067096081588835215,0.013419216317767043,,
121,2.4020397208803006,4.884594739667204,7.555018786902845,31.676060118089104,3.6634460547504024,16.988727858293075,20.652173913043477,8.964036500268385,1.4895330112721417,0.9460547504025765,0.05367686527106817,0.46967257112184646,0.23483628556092323,0.0067096081588835215,0.013419216317767043,,
122,2.328234031132582,4.87788513150832,7.555018786902845,31.64922168545357,3.6902844873859366,17.06924315619968,20.538110574342458,8.930488459473967,1.5096618357487923,1.0735373054213635,0.05367686527106817,0.46967257112184646,0.23483628556092323,0.0067096081588835215,0.013419216317767043,,
123,2.314814814814815,4.824208266237251,7.4208266237251745,30.58239398819109,3.4957058507783145,17.894524959742352,21.202361782071925,8.910359634997317,1.4962426194310252,1.0735373054213635,0.05367686527106817,0.4495437466451959,0.2616747181964573,0.0067096081588835215,0.013419216317767043,,
124,2.314814814814815,4.824208266237251,7.380568974771873,30.56226516371444,3.5225442834138487,17.887815351583466,21.14868491680086,8.910359634997317,1.5163714439076759,1.1205045625335481,0.05367686527106817,0.47638217928073,0.2616747181964573,0.0067096081588835215,0.013419216317767043,,
125,2.314814814814815,4.810789049919484,7.380568974771873,30.52871712292002,3.7372517444981215,17.713365539452496,21.14868491680086,8.903650026838433,1.5297906602254427,1.1205045625335481,0.05367686527106817,0.47638217928073,0.2616747181964573,0.0067096081588835215,0.013419216317767043,,
126,2.314814814814815,4.810789049919484,7.39398819108964,32.71604938271605,3.898282340311326,16.13660762211487,20.632045088566827,8.903650026838433,1.3955984970477724,0.9863123993558777,0.05367686527106817,0.47638217928073,0.2616747181964573,0.0067096081588835215,0.013419216317767043,,
127,2.314814814814815,4.810789049919484,7.367149758454106,32.689210950080515,3.9519592055823938,16.0426731078905,20.564949006977994,8.943907675791733,1.4559849704777241,1.0265700483091786,0.07380568974771873,0.47638217928073,0.2616747181964573,0.0067096081588835215,0.013419216317767043,,
128,2.314814814814815,4.804079441760601,7.340311325818572,32.63553408480945,3.9989264626945786,16.0426731078905,20.531400966183575,8.970746108427267,1.4559849704777241,1.0332796564680622,0.07380568974771873,0.5233494363929146,0.2549651100375738,0.0067096081588835215,0.013419216317767043,,
129,2.301395598497048,4.790660225442834,7.347020933977456,32.588566827697264,4.072732152442297,15.982286634460548,20.457595276435857,8.923778851315083,1.42914653784219,1.1741814278046163,0.07380568974771873,0.5703166935050993,0.2683843263553409,0.0067096081588835215,0.013419216317767043,,
130,2.301395598497048,4.730273752012883,7.37385936661299,32.53488996242619,4.180085882984434,15.881642512077295,20.21604938271605,8.964036500268385,1.751207729468599,1.133923778851315,0.07380568974771873,0.5703166935050993,0.2683843263553409,0.0067096081588835215,0.013419216317767043,,
131,2.301395598497048,4.730273752012883,7.340311325818572,32.43424584004294,4.30756843800322,15.848094471282877,20.182501341921633,8.984165324745035,1.7579173376274826,1.1674718196457328,0.06709608158883522,0.5703166935050993,0.2885131508319914,0.0067096081588835215,0.013419216317767043,,
132,2.301395598497048,4.730273752012883,7.340311325818572,32.407407407407405,4.334406870638754,15.848094471282877,20.182501341921633,8.964036500268385,1.7579173376274826,1.1674718196457328,0.06709608158883522,0.5904455179817498,0.2885131508319914,0.0067096081588835215,0.013419216317767043,,
133,2.301395598497048,4.730273752012883,7.253086419753086,32.37385936661299,4.374664519592056,15.848094471282877,20.169082125603865,8.957326892109501,1.7579173376274826,1.1741814278046163,0.06709608158883522,0.6843800322061192,0.2885131508319914,0.0067096081588835215,0.013419216317767043,,
134,2.301395598497048,4.730273752012883,7.253086419753086,32.14573268921095,4.602791196994096,15.801127214170693,20.155662909286097,8.957326892109501,1.8048845947396672,1.1876006441223832,0.06709608158883522,0.6843800322061192,0.2885131508319914,0.0067096081588835215,0.013419216317767043,,
135,1.8786902844873858,4.582662372517445,7.25979602791197,33.7157809983897,4.5960815888352125,15.398550724637682,19.753086419753085,8.923778851315083,1.5901771336553945,1.2144390767579174,0.06709608158883522,0.7112184648416533,0.2885131508319914,0.0067096081588835215,0.013419216317767043,,
136,1.8786902844873858,4.582662372517445,6.421095008051529,32.84353193773484,4.414922168545357,15.398550724637682,20.632045088566827,9.950348899624261,1.5901771336553945,1.2278582930756843,0.06709608158883522,0.7112184648416533,0.2616747181964573,0.0067096081588835215,0.013419216317767043,,
137,1.8786902844873858,4.575952764358561,6.468062265163715,32.789855072463766,4.408212560386473,15.398550724637682,20.558239398819108,9.957058507783145,1.5901771336553945,1.3016639828234031,0.06709608158883522,0.7246376811594203,0.2616747181964573,0.0067096081588835215,0.013419216317767043,,
138,1.8786902844873858,4.575952764358561,6.367418142780462,32.21282877079979,4.394793344068707,15.378421900161031,20.343531937734838,10.762211486849168,1.6035963499731616,1.4090177133655395,0.06709608158883522,0.7246376811594203,0.2616747181964573,0.0067096081588835215,0.013419216317767043,,
139,1.482823403113258,4.42163177670424,6.380837359098229,33.62855609232421,4.40150295222759,15.35829307568438,19.484702093397747,10.755501878690284,1.6170155662909287,1.3888888888888888,0.06709608158883522,0.7246376811594203,0.2683843263553409,0.0067096081588835215,0.013419216317767043,,
140,1.482823403113258,4.42163177670424,6.380837359098229,33.54804079441761,4.468599033816425,15.35829307568438,19.484702093397747,10.72866344605475,1.6170155662909287,1.4224369296833066,0.06709608158883522,0.7313472893183038,0.2683843263553409,0.0067096081588835215,0.013419216317767043,,
141,1.482823403113258,4.414922168545357,6.367418142780462,33.52120236178207,4.42163177670424,15.425389157273216,19.484702093397747,10.668276972624799,1.6774020397208802,1.4224369296833066,0.06709608158883522,0.7246376811594203,0.30193236714975846,0.0067096081588835215,0.013419216317767043,,
142,1.482823403113258,4.394793344068707,6.407675791733762,33.46081588835212,4.528985507246377,15.351583467525497,19.47799248523886,10.668276972624799,1.6572732152442298,1.4492753623188406,0.06709608158883522,0.7313472893183038,0.30193236714975846,0.0067096081588835215,0.013419216317767043,,
143,1.3821792807300053,4.3478260869565215,6.535158346752549,33.393719806763286,4.810789049919484,15.24422973698336,19.26328502415459,10.789049919484702,1.6975308641975309,1.4895330112721417,0.06709608158883522,0.6910896403650026,0.2683843263553409,0.0067096081588835215,0.013419216317767043,,
144,1.288244766505636,4.314278046162104,6.521739130434782,33.51449275362319,4.804079441760601,15.230810520665592,19.122383252818036,10.775630703166936,1.6975308641975309,1.6774020397208802,0.07380568974771873,0.6910896403650026,0.2683843263553409,0.0067096081588835215,0.013419216317767043,,
145,1.2815351583467525,4.30756843800322,6.541867954911433,33.44068706387547,4.810789049919484,15.24422973698336,19.102254428341386,10.789049919484702,1.6908212560386473,1.710950080515298,0.07380568974771873,0.7045088566827697,0.28180354267310787,0.0067096081588835215,0.013419216317767043,,
146,1.2815351583467525,4.30756843800322,7.702630166398282,32.35373054213634,4.8376274825550185,15.22410091250671,19.048577563070317,10.762211486849168,1.7310789049919484,1.7176596886741815,0.07380568974771873,0.6776704240472357,0.2616747181964573,0.0067096081588835215,0.013419216317767043,,
147,1.2815351583467525,4.30756843800322,7.7361782071927,34.88996242619431,4.8376274825550185,13.761406333870102,18.156199677938808,10.50053676865271,1.6639828234031133,1.6572732152442298,0.07380568974771873,0.8521202361782072,0.2616747181964573,0.0067096081588835215,0.013419216317767043,,
148,1.2815351583467525,4.30756843800322,7.749597423510467,34.735641438539986,4.851046698872786,14.338432635534085,17.69994632313473,10.50053676865271,1.6639828234031133,1.6639828234031133,0.07380568974771873,0.8521202361782072,0.2616747181964573,0.0067096081588835215,0.013419216317767043,,
149,1.2815351583467525,4.30756843800322,7.776435856146001,34.648416532474506,4.85775630703167,14.318303811057435,17.37788513150832,10.560923242082662,1.6841116478797638,1.9726247987117553,0.07380568974771873,0.8588298443370908,0.2616747181964573,0.0067096081588835215,0.013419216317767043,,
150,1.2815351583467525,4.300858829844337,7.729468599033816,34.48067632850242,5.025496511003757,14.318303811057435,17.371175523349436,10.527375201288244,1.6841116478797638,1.9726247987117553,0.11406333870101985,0.8856682769726248,0.2885131508319914,0.0067096081588835215,0.013419216317767043,,
151,1.2815351583467525,4.300858829844337,7.729468599033816,34.47396672034353,5.032206119162641,14.318303811057435,17.357756307031668,10.520665593129362,1.7042404723564144,1.9726247987117553,0.11406333870101985,0.8856682769726248,0.2885131508319914,0.0067096081588835215,0.013419216317767043,,
152,1.2815351583467525,4.300858829844337,7.702630166398282,34.11164787976382,5.3341384863123995,14.284755770263017,17.19001610305958,10.701825013419215,1.7646269457863661,1.9726247987117553,0.11406333870101985,0.9192163177670424,0.30193236714975846,0.0067096081588835215,0.013419216317767043,,
153,1.2815351583467525,4.300858829844337,7.695920558239399,34.024422973698336,5.428073000536768,14.264626945786366,17.156468062265162,10.701825013419215,1.7847557702630166,1.9994632313472893,0.11406333870101985,0.9192163177670424,0.30864197530864196,0.0067096081588835215,0.013419216317767043,,
154,1.247987117552335,4.294149221685454,7.722758990874933,33.964036500268385,5.414653784219001,14.076757917337627,17.156468062265162,10.849436392914654,1.8518518518518519,2.0531400966183573,0.11406333870101985,0.9192163177670424,0.3153515834675255,0.0067096081588835215,0.013419216317767043,,
155,1.247987117552335,4.294149221685454,7.729468599033816,33.89694041867955,5.428073000536768,14.036500268384327,17.156468062265162,10.869565217391305,1.9189479334406871,2.0531400966183573,0.11406333870101985,0.9192163177670424,0.3153515834675255,0.0067096081588835215,0.013419216317767043,,
156,1.247987117552335,4.294149221685454,7.695920558239399,33.65539452495974,5.481749865807837,13.962694578636608,17.431561996779386,10.836017176596886,1.865271068169619,2.0933977455716586,0.11406333870101985,0.95276435856146,0.3488996242619431,0.0067096081588835215,0.013419216317767043,,
157,1.247987117552335,4.294149221685454,7.695920558239399,33.62855609232421,5.481749865807837,13.962694578636608,17.431561996779386,10.815888352120236,1.8853998926462694,2.0933977455716586,0.11406333870101985,0.95276435856146,0.3757380568974772,0.0067096081588835215,0.013419216317767043,,
158,1.247987117552335,4.294149221685454,7.937466451959206,33.36688137412775,5.495169082125604,13.942565754159958,17.398013955984972,10.829307568438002,1.892109500805153,2.13365539452496,0.11406333870101985,0.95276435856146,0.3757380568974772,0.0067096081588835215,0.013419216317767043,,
159,1.1674718196457328,4.274020397208803,7.957595276435856,32.347020933977454,5.522007514761138,15.13016639828234,17.23027375201288,10.829307568438002,1.9189479334406871,2.1604938271604937,0.11406333870101985,0.95276435856146,0.3757380568974772,0.0067096081588835215,0.013419216317767043,,
