,45,50,51,55,52,53,54,57,58,56,60,59
0,82.5684380032206,8.776167471819646,8.655394524959743,,,,,,,,,
1,81.15271068169619,10.138217928073,8.548040794417606,0.1610305958132045,,,,,,,,
2,78.62989801395598,12.52012882447665,8.480944712828771,0.36902844873859364,,,,,,,,
3,74.03381642512078,17.042404723564143,8.480944712828771,0.4428341384863124,,,,,,,,
4,73.73188405797102,17.324208266237253,8.393719806763285,0.4428341384863124,0.10735373054213634,,,,,,,
5,73.8996242619431,17.223564143854,8.32662372517445,0.4428341384863124,0.10735373054213634,,,,,,,
6,73.93317230273752,17.21014492753623,8.07836822329576,0.6709608158883521,0.10735373054213634,,,,,,,
7,70.28314546430488,19.39747718733226,9.567901234567902,0.644122383252818,0.10735373054213634,,,,,,,
8,66.68679549114331,23.14814814814815,9.440418679549115,0.6172839506172839,0.10735373054213634,,,,,,,
9,66.08964036500268,23.839237788513152,9.346484165324744,0.6172839506172839,0.10735373054213634,,,,,,,
10,65.04965110037574,24.537037037037038,7.467793880837359,0.6172839506172839,2.328234031132582,,,,,,,
11,62.13768115942029,27.563070316693505,7.367149758454106,0.6172839506172839,2.314814814814815,,,,,,,
12,61.37949543746645,28.227321524422972,7.367149758454106,0.6172839506172839,2.281266774020397,0.1274825550187869,,,,,,
13,61.11782071926999,28.63660762211487,7.085346215780999,0.6172839506172839,2.281266774020397,0.2616747181964573,,,,,,
14,57.54159957058508,32.10547504025765,7.071926999463232,0.8990874932903918,1.9927536231884058,0.38915727321524424,,,,,,
15,54.26060118089104,35.11137949543747,7.0383789586688135,0.8990874932903918,2.301395598497048,0.38915727321524424,,,,,,
16,49.946323134728935,38.63392377885131,6.9243156199677935,0.8923778851315083,2.636876006441224,0.2683843263553409,0.6977992485238862,,,,,
17,50.067096081588836,38.31186258722491,6.9243156199677935,0.7917337627482555,2.5966183574879227,0.6105743424584005,0.6977992485238862,,,,,
18,46.93370907139023,40.465646806226516,7.749597423510467,1.0198604401502953,2.522812667740204,0.6105743424584005,0.6977992485238862,,,,,
19,36.3593666129898,56.85050993022008,3.717122920021471,0.5166398282340311,0.8118625872249061,0.47638217928073,1.2681159420289856,,,,,
20,22.745571658615138,72.14170692431561,0.966183574879227,1.093666129898014,0.47638217928073,2.442297369833602,0.13419216317767044,,,,,
21,23.242082662372518,70.91384863123993,0.966183574879227,1.6706924315619969,0.47638217928073,2.4892646269457863,0.13419216317767044,0.10735373054213634,,,,
22,23.68491680085883,70.12211486849168,0.95276435856146,2.033011272141707,0.47638217928073,2.4892646269457863,0.13419216317767044,0.10735373054213634,,,,
23,23.68491680085883,68.73993558776168,0.9460547504025765,2.885131508319914,0.46296296296296297,2.4892646269457863,0.6843800322061192,0.10735373054213634,,,,
24,24.235104669887278,67.12292002147075,0.9460547504025765,3.9519592055823938,0.46296296296296297,2.4892646269457863,0.6843800322061192,0.10735373054213634,,,,
25,24.838969404186795,65.552871712292,0.8990874932903918,4.978529253891573,0.46296296296296297,2.3081052066559313,0.6843800322061192,0.27509393451422437,,,,
26,25.45625335480408,64.8215244229737,0.8990874932903918,5.092592592592593,0.46296296296296297,2.3081052066559313,0.6843800322061192,0.27509393451422437,,,,
27,25.845410628019323,64.06333870101986,1.0198604401502953,5.213365539452496,0.4092860976918948,2.5161030595813205,0.6575415995705851,0.27509393451422437,,,,
28,26.214439076757916,62.82206119162641,1.0198604401502953,6.085614600107354,0.4092860976918948,2.5161030595813205,0.6575415995705851,0.27509393451422437,,,,
29,26.34863123993559,59.68196457326892,1.6975308641975309,8.13875469672571,0.4025764895330113,2.7979066022544283,0.6575415995705851,0.27509393451422437,,,,
30,26.80488459473967,58.964036500268385,1.6975308641975309,8.433977455716587,0.4025764895330113,2.7643585614600106,0.6575415995705851,0.27509393451422437,,,,
31,12.93612453032743,78.42860976918948,1.7444981213097155,3.616478797638218,0.2616747181964573,2.0799785292538915,0.6575415995705851,0.27509393451422437,,,,
32,10.903113258185721,79.88459473966721,1.5297906602254427,4.461889425657541,0.2616747181964573,2.0263016639828235,0.6575415995705851,0.27509393451422437,,,,
33,11.553945249597424,78.64331723027375,2.15378421900161,4.549114331723027,0.06038647342995169,2.1068169618894257,0.6575415995705851,0.27509393451422437,,,,
34,12.31213097155126,77.30810520665594,2.120236178207193,5.166398282340311,0.06038647342995169,2.1068169618894257,0.6575415995705851,0.2683843263553409,,,,
35,12.942834138486312,75.51663982823403,2.100107353730542,6.360708534621578,0.06038647342995169,2.0933977455716586,0.6575415995705851,0.2683843263553409,,,,
36,13.687600644122384,74.37600644122384,2.100107353730542,6.810252281266774,0.06038647342995169,2.046430488459474,0.6508319914117016,0.2683843263553409,,,,
37,14.40552871712292,73.31588835212024,2.100107353730542,7.1725711218464845,0.06038647342995169,1.8183038110574343,0.6508319914117016,0.2683843263553409,0.20799785292538917,,,
38,15.143585614600108,70.28314546430488,2.0933977455716586,9.520933977455716,0.06038647342995169,1.583467525496511,0.6508319914117016,0.2683843263553409,0.17444981213097155,0.2214170692431562,,
39,6.152710681696189,27.78448738593666,0.8521202361782072,4.260601180891036,58.24610842726785,1.3016639828234031,0.5434782608695652,0.46296296296296297,0.17444981213097155,0.2214170692431562,,
40,6.649221685453569,27.542941492216855,0.8521202361782072,4.253891572732153,56.333870101986044,1.2949543746645196,0.5434782608695652,2.13365539452496,0.17444981213097155,0.2214170692431562,,
41,7.286634460547504,25.89237788513151,0.8521202361782072,3.6366076221148687,53.79092860976919,2.8515834675254963,2.5831991411701556,2.7106816961889426,0.17444981213097155,0.2214170692431562,,
42,8.232689210950081,25.44283413848631,0.8521202361782072,3.770799785292539,53.26086956521739,2.831454643048846,2.5831991411701556,2.6301663982823404,0.17444981213097155,0.2214170692431562,,
43,8.93719806763285,25.328770799785293,0.8521202361782072,3.770799785292539,51.912238325281805,2.831454643048846,2.49597423510467,3.475577026301664,0.17444981213097155,0.2214170692431562,,
44,9.219001610305957,24.986580783682232,0.8521202361782072,3.9318303811057436,50.919216317767045,2.831454643048846,2.4557165861513686,4.435050993022007,0.17444981213097155,0.19457863660762212,,
45,9.594739667203436,24.12104133118626,0.8387010198604401,4.64975845410628,47.64492753623188,6.038647342995169,2.4154589371980677,4.3478260869565215,0.15432098765432098,0.19457863660762212,,
46,9.849704777241008,24.04723564143854,0.8387010198604401,4.64975845410628,43.73322597960279,5.984970477724101,5.5756843800322065,4.85775630703167,0.15432098765432098,0.30864197530864196,,
47,10.446859903381643,23.711755233494365,0.8387010198604401,4.958400429414922,43.223295759527645,5.931293612453032,5.5689747718733225,4.85775630703167,0.15432098765432098,0.30864197530864196,,
48,10.916532474503489,23.242082662372518,0.8387010198604401,5.4616210413311865,42.92807300053677,5.770263016639828,5.5689747718733225,4.8376274825550185,0.1274825550187869,0.30864197530864196,,
49,11.460010735373054,22.832796564680624,0.8387010198604401,5.736714975845411,40.64009661835749,8.185721953837897,5.5689747718733225,4.126409017713366,0.1274825550187869,0.4830917874396135,,
50,11.386205045625335,21.544551798174986,0.8387010198604401,8.044820182501342,40.13687600644123,8.105206655931294,5.542136339237788,3.797638217928073,0.12077294685990338,0.4830917874396135,,
51,12.446323134728932,21.410359634997317,0.8387010198604401,8.017981749865807,39.418947933440684,8.085077831454644,5.394524959742351,3.784219001610306,0.12077294685990338,0.4830917874396135,,
52,13.486312399355878,20.987654320987655,0.798443370907139,7.9039184111647875,39.150563607085346,8.064949006977992,5.320719269994632,3.683574879227053,0.12077294685990338,0.4830917874396135,,
53,14.445786366076222,20.73268921095008,0.798443370907139,7.648953301127214,38.157541599570585,7.977724100912507,5.226784755770263,4.435050993022007,0.12077294685990338,0.4562533548040794,,
54,14.895330112721417,19.887278582930758,0.798443370907139,8.09849704777241,37.82877079978529,7.971014492753623,5.22007514761138,4.508856682769726,0.12077294685990338,0.6709608158883521,,
55,15.4723564143854,19.753086419753085,0.785024154589372,8.011272141706923,37.09742351046699,7.883789586688137,5.320719269994632,4.884594739667204,0.12077294685990338,0.6709608158883521,,
56,16.150026838432634,19.706119162640903,0.785024154589372,8.05823939881911,36.460010735373054,7.796564680622652,5.193236714975845,5.119431025228127,0.12077294685990338,0.6105743424584005,,
57,16.586151368760063,19.33709071390231,0.785024154589372,8.239398819108963,36.252012882447666,7.796564680622652,5.0791733762748255,5.193236714975845,0.15432098765432098,0.5770263016639828,,
58,17.06924315619968,19.082125603864736,0.785024154589372,8.205850778314547,35.44015029522276,7.514761137949543,5.038915727321524,5.917874396135265,0.36902844873859364,0.5770263016639828,,
59,17.780461621041333,18.65271068169619,0.785024154589372,8.36688137412775,34.77589908749329,7.474503488996243,5.059044551798175,6.179549114331723,0.36902844873859364,0.5568974771873323,,
60,18.659420289855074,18.297101449275363,0.7783145464304885,8.433977455716587,34.333064949006975,7.219538378958669,4.898013955984971,6.219806763285024,0.6038647342995169,0.5568974771873323,,
61,18.874127750939344,18.183038110574344,0.7648953301127214,8.319914117015566,35.78234031132582,7.105475040257649,3.9049919484702094,5.904455179817498,0.6038647342995169,0.5568974771873323,,
62,19.390767579173378,17.961621041331185,0.7313472893183038,8.427267847557703,35.38647342995169,7.018250134192163,3.8714439076757916,5.958132045088567,0.6977992485238862,0.5568974771873323,,
63,19.6256038647343,15.98899624261943,0.7313472893183038,12.265163714439076,33.59500805152979,6.146001073537305,3.9184111647879765,6.3137412775093935,0.8588298443370908,0.5568974771873323,,
64,20.162372517444982,15.848094471282877,0.7313472893183038,12.117552334943639,33.13875469672571,6.045356951154052,4.126409017713366,6.4345142243692965,0.8387010198604401,0.5568974771873323,,
65,20.8064949006978,15.28448738593666,0.7313472893183038,12.573805689747719,32.648953301127214,6.005099302200751,4.086151368760064,6.468062265163715,0.8387010198604401,0.5568974771873323,,
66,21.544551798174986,14.640365002683843,0.785024154589372,12.95625335480408,32.1658615136876,6.005099302200751,4.200214707461084,6.3070316693505095,0.8387010198604401,0.5568974771873323,,
67,21.490874932903917,13.09044551798175,0.785024154589372,15.291196994095545,31.635802469135804,5.964841653247451,4.166666666666667,6.179549114331723,0.8387010198604401,0.5568974771873323,,
68,21.66532474503489,12.99651100375738,0.785024154589372,14.834943639291465,31.072195383789587,5.83064949006978,4.924852388620504,6.105743424584004,0.8387010198604401,0.8454106280193237,0.10064412238325282,
69,21.947128287707997,12.942834138486312,0.785024154589372,14.814814814814815,30.971551261406333,5.763553408480945,4.884594739667204,6.105743424584004,0.8387010198604401,0.8454106280193237,0.10064412238325282,
70,22.73886205045625,12.667740203972087,0.785024154589372,14.834943639291465,30.67632850241546,5.656199677938808,4.804079441760601,5.971551261406334,0.8118625872249061,0.95276435856146,0.10064412238325282,
71,22.953569511540525,12.385936661298981,0.785024154589372,14.486044015029522,30.52200751476114,6.454643048845948,4.636339237788513,5.911164787976382,0.8118625872249061,0.95276435856146,0.10064412238325282,
72,23.785560923242084,12.25174449812131,0.785024154589372,14.304884594739667,29.998658078368223,6.427804616210413,4.636339237788513,5.850778314546431,0.8118625872249061,1.0466988727858293,0.10064412238325282,
73,24.134460547504027,11.81561996779388,0.785024154589372,14.31159420289855,29.528985507246375,6.608964036500268,4.777241009125067,6.078904991948471,0.8118625872249061,1.0466988727858293,0.10064412238325282,
74,24.06736446591519,11.627750939345143,0.785024154589372,14.150563607085346,29.13311862587225,6.568706387546968,5.562265163714439,5.669618894256575,0.8118625872249061,1.402308105206656,0.2214170692431562,
75,24.60413311862587,11.56736446591519,0.7648953301127214,13.747987117552334,28.784219001610307,6.608964036500268,5.642780461621041,5.844068706387547,0.8118625872249061,1.402308105206656,0.2214170692431562,
76,25.248255501878692,11.406333870101985,0.7648953301127214,13.613794954374665,28.395061728395063,6.528448738593666,5.448201825013419,5.797101449275362,0.8118625872249061,1.6841116478797638,0.2214170692431562,0.08051529790660225
77,25.583735909822867,11.3191089640365,0.7648953301127214,13.33870101986044,28.25415995705851,6.649221685453569,5.401234567901234,5.770263016639828,0.9393451422436929,1.6774020397208802,0.2214170692431562,0.08051529790660225
78,26.268115942028984,11.198336017176597,0.7648953301127214,13.050187869028449,27.126945786366075,6.890767579173376,5.293880837359098,6.501610305958132,0.9393451422436929,1.6639828234031133,0.2214170692431562,0.08051529790660225
79,26.838432635534083,11.07085346215781,0.7648953301127214,13.439345142243694,26.952495974235106,6.890767579173376,5.199946323134729,5.958132045088567,0.9326355340848095,1.6505636070853462,0.2214170692431562,0.08051529790660225
80,26.670692431561996,10.124798711755233,0.7648953301127214,15.519323671497585,26.08695652173913,6.528448738593666,5.166398282340311,5.897745571658615,0.9326355340848095,2.006172839506173,0.2214170692431562,0.08051529790660225
81,25.91250670960816,9.16532474503489,0.7313472893183038,14.647074610842727,27.616747181964573,5.58239398819109,6.5552871712292005,6.300322061191626,0.9326355340848095,2.254428341384863,0.2214170692431562,0.08051529790660225
82,26.50966183574879,9.084809447128288,0.7313472893183038,14.465915190552872,27.18733225979603,5.5689747718733225,6.515029522275899,6.092324208266238,0.9326355340848095,2.61003757380569,0.2214170692431562,0.08051529790660225
83,26.704240472356414,8.950617283950617,0.7313472893183038,14.546430488459475,26.174181427804616,5.24020397208803,6.3137412775093935,6.515029522275899,1.1003757380568975,3.421900161030596,0.2214170692431562,0.08051529790660225
84,25.95276435856146,8.876811594202898,0.6709608158883521,14.197530864197532,28.29441760601181,5.3274288781535155,6.595544820182502,6.179549114331723,0.7514761137949544,2.737520128824477,0.33548040794417605,0.08051529790660225
85,25.99302200751476,8.863392377885132,0.6709608158883521,14.264626945786366,27.865002683843265,5.3341384863123995,6.991411701556629,6.011808910359635,0.7514761137949544,2.8381642512077296,0.33548040794417605,0.08051529790660225
86,26.301663982823403,8.111916264090176,0.6709608158883521,14.123725174449811,27.086688137412775,6.394256575415996,7.098765432098766,5.797101449275362,0.7514761137949544,3.2474503488996245,0.33548040794417605,0.08051529790660225
87,26.442565754159958,8.004562533548041,0.6709608158883521,14.794685990338165,26.630434782608695,6.367418142780462,6.9310252281266775,5.837359098228664,0.7447665056360708,3.1602254428341383,0.33548040794417605,0.08051529790660225
88,26.82501341921632,7.924047235641439,0.6508319914117016,14.61352657004831,25.91921631776704,6.89747718733226,6.904186795491143,5.978260869565218,0.7447665056360708,3.126677402039721,0.33548040794417605,0.08051529790660225
89,26.7914653784219,7.897208803005904,0.6508319914117016,14.49946323134729,25.09393451422437,8.420558239398819,6.830381105743425,5.669618894256575,0.6776704240472357,3.052871712292002,0.33548040794417605,0.08051529790660225
90,26.35534084809447,7.595276435856146,0.6508319914117016,14.083467525496511,25.469672571121848,8.420558239398819,7.830112721417069,5.307300053676865,0.6776704240472357,3.193773483628556,0.33548040794417605,0.08051529790660225
91,26.583467525496513,7.568438003220612,0.6508319914117016,14.123725174449811,24.97987117552335,8.420558239398819,7.608695652173913,5.367686527106817,0.6642512077294686,3.616478797638218,0.33548040794417605,0.08051529790660225
92,27.100107353730543,7.50805152979066,0.6374127750939346,14.184111647879764,24.590713902308106,8.3467525496511,7.581857219538379,5.320719269994632,0.6508319914117016,3.6634460547504024,0.33548040794417605,0.08051529790660225
93,27.95222758990875,7.192699946323135,0.6374127750939346,14.210950080515298,24.302200751476114,8.319914117015566,7.333601717659689,5.340848094471283,0.6508319914117016,3.643317230273752,0.33548040794417605,0.08051529790660225
94,28.428609769189478,7.2933440687063875,0.6374127750939346,14.150563607085346,23.825818572195384,8.232689210950081,7.266505636070853,5.495169082125604,0.6508319914117016,3.603059581320451,0.33548040794417605,0.08051529790660225
95,28.824476650563607,7.14573268921095,0.6374127750939346,14.231078904991948,23.51046698872786,8.239398819108963,7.219538378958669,5.35426731078905,0.6508319914117016,3.770799785292539,0.33548040794417605,0.08051529790660225
96,28.844605475040257,7.085346215780999,0.6374127750939346,14.27133655394525,23.758722490606548,8.299785292538916,7.118894256575416,5.314009661835748,0.5099302200751477,3.743961352657005,0.33548040794417605,0.08051529790660225
97,29.22705314009662,7.0383789586688135,0.6374127750939346,14.358561460010735,23.26892109500805,8.179012345679013,7.112184648416532,5.193236714975845,0.5099302200751477,4.05931293612453,0.33548040794417605,0.08051529790660225
98,29.09957058507783,7.024959742351046,0.6374127750939346,16.71363392377885,22.63150831991412,6.9243156199677935,7.112184648416532,5.072463768115942,0.5099302200751477,3.8580246913580245,0.33548040794417605,0.08051529790660225
99,29.676596886741816,6.9243156199677935,0.6374127750939346,17.05582393988191,22.19538378958669,6.743156199677939,7.092055823939882,5.018786902844874,0.4428341384863124,3.6902844873859366,0.33548040794417605,0.1878690284487386
100,29.74369296833065,6.6827697262479875,0.5166398282340311,16.552603327965645,22.134997316156735,6.333870101986044,7.957595276435856,5.025496511003757,0.4294149221685454,4.0995705850778315,0.33548040794417605,0.1878690284487386
101,30.159688674181428,6.575415995705851,0.5770263016639828,16.344605475040257,22.007514761137948,6.1929683306494905,7.917337627482555,4.9651100375738055,0.4294149221685454,4.30756843800322,0.33548040794417605,0.1878690284487386
102,30.42807300053677,6.561996779388084,0.5770263016639828,16.25067096081589,21.772678475577028,6.132581857219538,7.98443370907139,4.904723564143854,0.4227053140096618,4.441760601180891,0.33548040794417605,0.1878690284487386
103,31.0252281266774,6.5552871712292005,0.43612453032742887,16.13660762211487,21.67874396135266,6.159420289855072,7.924047235641439,4.730273752012883,0.41599570585077833,4.414922168545357,0.33548040794417605,0.1878690284487386
104,31.353998926462694,6.4345142243692965,0.43612453032742887,16.015834675254965,21.410359634997317,6.293612453032743,7.950885668276973,4.790660225442834,0.41599570585077833,4.374664519592056,0.33548040794417605,0.1878690284487386
105,31.863929146537842,6.380837359098229,0.38915727321524424,15.787707997852925,21.24932903918411,6.407675791733762,7.897208803005904,4.757112184648417,0.41599570585077833,4.374664519592056,0.32877079978529256,0.14761137949543746
106,32.360440150295226,6.353998926462695,0.3824476650563607,15.519323671497585,20.52469135802469,6.4345142243692965,7.796564680622652,5.152979066022544,0.4025764895330113,4.5960815888352125,0.32877079978529256,0.14761137949543746
107,32.37385936661299,6.199677938808374,0.3824476650563607,16.1231884057971,20.12211486849168,6.427804616210413,7.742887815351583,5.213365539452496,0.4025764895330113,4.53569511540526,0.32877079978529256,0.14761137949543746
108,32.749597423510465,6.119162640901771,0.3824476650563607,16.404991948470208,19.578636607622116,6.374127750939345,7.62211486849168,5.381105743424584,0.4025764895330113,4.508856682769726,0.32877079978529256,0.14761137949543746
109,33.17230273752013,6.0587761674718195,0.3824476650563607,16.472088030059044,19.276704240472355,6.743156199677939,7.541599570585078,5.260332796564681,0.35560923242082665,4.260601180891036,0.32877079978529256,0.14761137949543746
110,32.608695652173914,5.991680085882985,0.3824476650563607,15.646806226516372,20.974235104669887,6.5485775630703165,7.353730542136339,5.10601180891036,0.6105743424584005,4.314278046162104,0.32877079978529256,0.13419216317767044
111,32.37385936661299,5.790391841116479,0.3824476650563607,14.566559312936125,20.531400966183575,9.39345142243693,6.796833064949007,4.750402576489533,0.6105743424584005,4.367954911433173,0.32877079978529256,0.10735373054213634
112,32.400697799248526,5.723295759527644,0.3824476650563607,14.445786366076222,20.162372517444982,9.346484165324744,7.004830917874396,4.985238862050457,0.6105743424584005,4.502147074610843,0.32877079978529256,0.10735373054213634
113,30.327428878153516,5.669618894256575,4.74369296833065,13.170960815888352,19.028448738593667,10.581052066559312,6.870638754696726,4.247181964573269,0.6105743424584005,4.314278046162104,0.32877079978529256,0.10735373054213634
114,30.495169082125603,5.662909286097692,4.656468062265164,13.083735909822867,18.706387546967257,10.48040794417606,6.78341384863124,4.374664519592056,0.6038647342995169,4.7168545356951155,0.32877079978529256,0.10735373054213634
115,31.112453032742888,5.60252281266774,4.522275899087493,12.889157273215245,18.4447128287708,10.406602254428341,6.729736983360172,4.334406870638754,0.5434782608695652,4.998658078368224,0.30864197530864196,0.10735373054213634
116,31.34728931830381,5.542136339237788,4.522275899087493,12.889157273215245,18.35077831454643,10.373054213633925,6.729736983360172,4.320987654320987,0.5434782608695652,4.9651100375738055,0.30864197530864196,0.10735373054213634
117,31.092324208266238,5.3341384863123995,4.468599033816425,12.614063338701019,19.706119162640903,10.017444981213098,6.387546967257112,4.320987654320987,0.5434782608695652,5.0993022007514766,0.30864197530864196,0.10735373054213634
118,31.5552871712292,5.3341384863123995,4.361245303274289,12.513419216317766,19.618894256575416,10.00402576489533,6.300322061191626,4.280730005367687,0.5434782608695652,5.072463768115942,0.30864197530864196,0.10735373054213634
119,31.97799248523886,5.287171229200215,4.334406870638754,12.412775093934513,19.256575415995705,9.977187332259795,6.266774020397209,4.274020397208803,0.5434782608695652,5.253623188405797,0.30864197530864196,0.10735373054213634
120,32.70263016639828,5.267042404723564,4.28743961352657,11.990069779924852,19.223027375201287,9.957058507783145,6.253354804079442,4.186795491143317,0.5434782608695652,5.2066559312936125,0.27509393451422437,0.10735373054213634
121,32.971014492753625,5.2066559312936125,4.28743961352657,11.90955448201825,19.162640901771336,10.064412238325282,6.112453032742888,4.186795491143317,0.5300590445517982,5.186527106816962,0.27509393451422437,0.10735373054213634
122,33.00456253354804,5.119431025228127,4.28743961352657,11.855877616747183,19.082125603864736,10.037573805689748,6.139291465378422,4.280730005367687,0.5300590445517982,5.287171229200215,0.2683843263553409,0.10735373054213634
123,32.648953301127214,5.119431025228127,4.28743961352657,11.79549114331723,17.67981749865808,10.111379495437467,8.57487922705314,4.119699409554482,0.5300590445517982,4.757112184648417,0.2683843263553409,0.10735373054213634
124,32.56843800322061,5.038915727321524,4.28743961352657,12.110842726784755,17.52549651100376,10.037573805689748,8.407139023081053,4.079441760601181,0.5300590445517982,5.038915727321524,0.2683843263553409,0.10735373054213634
125,31.87734836285561,4.790660225442834,4.200214707461084,11.218464841653248,17.10950080515298,13.01663982823403,7.729468599033816,4.05931293612453,0.5233494363929146,5.0993022007514766,0.2683843263553409,0.10735373054213634
126,32.22624798711755,4.736983360171766,4.200214707461084,11.191626409017713,16.99543746645196,12.962962962962964,7.695920558239399,3.9989264626945786,0.5233494363929146,5.0993022007514766,0.2683843263553409,0.10064412238325282
127,33.03811057434246,4.723564143853999,3.938539989264627,11.16478797638218,16.780730005367687,12.855609232420827,7.608695652173913,3.992216854535695,0.5099302200751477,5.018786902844874,0.2683843263553409,0.10064412238325282
128,32.9777241009125,4.723564143853999,3.81105743424584,11.097691894793345,16.59957058507783,12.788513150831992,7.575147611379496,3.965378421900161,0.5099302200751477,5.58239398819109,0.2683843263553409,0.10064412238325282
129,33.44739667203435,4.7101449275362315,3.7372517444981215,10.95679012345679,16.545893719806763,12.714707461084272,7.555018786902845,3.965378421900161,0.5099302200751477,5.488459473966721,0.2683843263553409,0.10064412238325282
130,33.360171765968865,4.663177670424047,3.717122920021471,10.762211486849168,16.371443907675793,12.318840579710145,7.702630166398282,3.824476650563607,0.5099302200751477,6.400966183574879,0.2683843263553409,0.10064412238325282
131,33.601717659688674,4.609500805152979,3.388352120236178,11.580783682232958,16.049382716049383,12.077294685990339,7.816693505099302,3.7104133118625873,0.5099302200751477,6.286902844873859,0.2683843263553409,0.10064412238325282
132,33.89023081052066,4.575952764358561,3.33467525496511,11.43317230273752,16.029253891572733,12.050456253354804,7.749597423510467,3.7104133118625873,0.5032206119162641,6.219806763285024,0.2683843263553409,0.23483628556092323
133,34.31964573268921,4.542404723564144,3.33467525496511,11.399624261943103,15.814546430488459,11.936392914653783,7.702630166398282,3.7640901771336552,0.48980139559849706,6.1929683306494905,0.2683843263553409,0.23483628556092323
134,34.70880300590446,4.522275899087493,3.33467525496511,11.379495437466453,15.74074074074074,11.708266237251744,7.702630166398282,3.7372517444981215,0.48980139559849706,6.172839506172839,0.2683843263553409,0.23483628556092323
135,34.88996242619431,4.4820182501341925,3.33467525496511,11.3593666129898,15.673644659151906,11.79549114331723,7.635534084809447,3.7238325281803544,0.48980139559849706,6.112453032742888,0.2683843263553409,0.23483628556092323
136,35.41331186258722,4.4753086419753085,3.3145464304884595,11.218464841653248,15.619967793880837,11.574074074074074,7.4141170155662905,3.6634460547504024,0.4830917874396135,6.320450885668277,0.2683843263553409,0.23483628556092323
137,35.89640365002684,4.468599033816425,3.2004830917874396,10.795759527643586,16.264090177133657,11.728395061728396,7.105475040257649,3.5963499731615673,0.4830917874396135,5.958132045088567,0.2683843263553409,0.23483628556092323
138,36.06414385399893,4.448470209339774,3.193773483628556,10.768921095008052,16.150026838432634,11.728395061728396,7.105475040257649,3.4688674181427803,0.4830917874396135,6.085614600107354,0.2683843263553409,0.23483628556092323
139,36.312399355877616,4.414922168545357,3.1736446591519054,10.72866344605475,16.11647879763822,11.668008588298443,7.058507783145465,3.4688674181427803,0.4830917874396135,6.072195383789587,0.2683843263553409,0.23483628556092323
140,36.58749329039184,4.40150295222759,3.1468062265163717,10.654857756307031,16.150026838432634,11.621041331186259,6.964573268921095,3.44873859366613,0.4830917874396135,6.038647342995169,0.2683843263553409,0.23483628556092323
141,35.44015029522276,4.019055287171229,3.1468062265163717,9.809447128287708,15.405260332796564,15.734031132581856,6.387546967257112,3.3950617283950617,0.4830917874396135,5.676328502415459,0.2683843263553409,0.23483628556092323
142,35.68169618894257,3.9452495974235107,3.113258185721954,9.796027911969942,15.351583467525497,15.734031132581856,6.340579710144928,3.3950617283950617,0.4830917874396135,5.656199677938808,0.2683843263553409,0.23483628556092323
143,35.95679012345679,3.898282340311326,3.113258185721954,9.762479871175524,15.210681696188942,15.660225442834138,6.300322061191626,3.475577026301664,0.4830917874396135,5.636070853462158,0.2683843263553409,0.23483628556092323
144,36.09769189479334,3.8848631239935587,3.113258185721954,9.681964573268921,15.069779924852389,15.365002683843263,6.5552871712292005,3.4688674181427803,0.4830917874396135,5.776972624798712,0.2683843263553409,0.23483628556092323
145,36.533816425120776,3.8848631239935587,3.113258185721954,9.614868491680086,14.99597423510467,15.304616210413311,6.414385399892646,3.455448201825013,0.4830917874396135,5.6964573268921095,0.2683843263553409,0.23483628556092323
146,36.67471819645733,3.878153515834675,3.0059044551798175,9.614868491680086,14.351851851851851,14.962426194310252,7.273215244229737,3.421900161030596,0.46967257112184646,5.844068706387547,0.2683843263553409,0.23483628556092323
147,37.124261943102525,3.851315083199141,2.9790660225442833,9.447128287707997,14.197530864197532,14.982555018786902,7.092055823939882,3.408480944712829,0.46967257112184646,5.964841653247451,0.2683843263553409,0.2147074610842727
148,37.41277509393451,3.844605475040258,2.918679549114332,9.265968867418144,14.150563607085346,14.680622651637144,7.467793880837359,3.3413848631239937,0.46967257112184646,5.964841653247451,0.2683843263553409,0.2147074610842727
149,37.69457863660762,3.81105743424584,2.918679549114332,9.232420826623725,14.083467525496511,14.626945786366075,7.427536231884058,3.3279656468062266,0.46967257112184646,5.924584004294149,0.2683843263553409,0.2147074610842727
150,38.29173376274826,3.7640901771336552,2.918679549114332,9.138486312399356,14.31159420289855,14.358561460010735,7.058507783145465,3.3279656468062266,0.6374127750939346,5.709876543209877,0.2683843263553409,0.2147074610842727
151,38.30515297906602,3.7573805689747717,2.8515834675254963,8.883521202361782,15.042941492216855,14.231078904991948,6.850509930220075,3.3145464304884595,0.630703166935051,5.649490069779925,0.2683843263553409,0.2147074610842727
152,37.526838432635536,3.374932903918411,2.8515834675254963,8.53462157809984,14.942297369833602,13.922436929683306,8.910359634997317,3.307836822329576,0.630703166935051,5.515297906602254,0.2683843263553409,0.2147074610842727
153,37.82877079978529,3.321256038647343,2.8515834675254963,8.400429414922169,14.895330112721417,13.882179280730005,8.910359634997317,3.280998389694042,0.630703166935051,5.515297906602254,0.2683843263553409,0.2147074610842727
154,37.956253354804076,3.280998389694042,2.8515834675254963,8.353462157809984,14.875201288244767,14.130434782608695,8.930488459473967,3.0730005367686526,0.6239935587761675,5.441492216854535,0.2683843263553409,0.2147074610842727
155,37.9898013955985,3.2675791733762747,2.7509393451422435,8.353462157809984,14.922168545356952,14.056629092860977,8.910359634997317,3.0730005367686526,0.6239935587761675,5.5689747718733225,0.2683843263553409,0.2147074610842727
156,38.39237788513151,3.2474503488996245,2.7509393451422435,8.340042941492216,14.707461084272678,14.204240472356414,8.80300590445518,3.026033279656468,0.6239935587761675,5.421363392377885,0.2683843263553409,0.2147074610842727
157,38.86205045625336,3.2004830917874396,2.7509393451422435,8.28636607622115,15.445517981749866,14.070048309178745,7.977724100912507,2.985775630703167,0.6172839506172839,5.320719269994632,0.2683843263553409,0.2147074610842727
158,38.727858293075684,3.2004830917874396,2.6704240472356413,8.239398819108963,15.324745034889963,14.036500268384327,8.662104133118627,2.9388083735909825,0.48980139559849706,5.226784755770263,0.2683843263553409,0.2147074610842727
159,39.35856146001073,3.2004830917874396,2.6704240472356413,8.017981749865807,15.331454643048845,13.855340848094471,8.507783145464305,2.932098765432099,0.48980139559849706,5.152979066022544,0.2683843263553409,0.2147074610842727
160,39.63365539452496,3.1468062265163717,2.6704240472356413,7.937466451959206,15.271068169618895,13.727858293075684,8.59500805152979,2.932098765432099,0.48980139559849706,5.112721417069243,0.2683843263553409,0.2147074610842727
161,39.60010735373054,3.099838969404187,2.657004830917874,8.756038647342995,14.888620504562533,13.419216317767042,8.68894256575416,2.898550724637681,0.48980139559849706,5.018786902844874,0.2683843263553409,0.2147074610842727
162,39.774557165861516,3.0931293612453032,2.657004830917874,8.735909822866345,14.821524422973699,13.365539452495975,8.722490606548577,2.8784219001610305,0.48980139559849706,4.978529253891573,0.2683843263553409,0.2147074610842727
163,40.13016639828234,3.079710144927536,2.6502952227589907,8.78287707997853,14.76784755770263,13.325281803542673,8.641975308641975,2.8515834675254963,0.4830917874396135,4.804079441760601,0.2683843263553409,0.2147074610842727
164,40.66022544283414,3.079710144927536,2.6502952227589907,8.809715512614064,14.593397745571659,12.989801395598498,8.400429414922169,2.8515834675254963,0.47638217928073,5.005367686527107,0.2683843263553409,0.2147074610842727
165,40.87493290391841,3.0394524959742353,2.6502952227589907,8.82313472893183,14.49946323134729,12.882447665056361,8.59500805152979,2.737520128824477,0.47638217928073,4.938271604938271,0.2683843263553409,0.2147074610842727
166,41.02254428341385,3.012614063338701,2.636876006441224,8.769457863660762,14.512882447665056,12.815351583467525,8.548040794417606,2.717391304347826,0.47638217928073,5.005367686527107,0.2683843263553409,0.2147074610842727
167,41.136607622114866,2.945517981749866,2.6167471819645733,8.776167471819646,14.439076757917338,12.882447665056361,8.588298443370908,2.6972624798711755,0.46296296296296297,4.978529253891573,0.2616747181964573,0.2147074610842727
168,41.015834675254965,2.9052603327965647,2.6167471819645733,8.662104133118627,15.076489533011273,12.647611379495437,8.59500805152979,2.6435856146001075,0.46296296296296297,4.9651100375738055,0.2616747181964573,0.14761137949543746
169,41.22383252818035,2.871712292002147,2.509393451422437,8.675523349436393,15.660225442834138,12.29200214707461,8.53462157809984,2.576489533011272,0.46296296296296297,4.783950617283951,0.2616747181964573,0.14761137949543746
170,40.79441760601181,2.3752012882447664,2.4557165861513686,8.494363929146537,14.9020397208803,14.486044015029522,8.353462157809984,2.5496511003757383,0.46296296296296297,4.750402576489533,0.2281266774020397,0.14761137949543746
171,39.680622651637144,2.187332259796028,2.4355877616747184,8.252818035426731,14.049919484702093,16.57944176060118,9.017713365539452,2.428878153515835,0.46296296296296297,4.528985507246377,0.2281266774020397,0.14761137949543746
172,40.01610305958132,2.1604938271604937,2.314814814814815,8.172302737520129,14.002952227589908,16.63311862587225,8.910359634997317,2.428878153515835,0.46296296296296297,4.522275899087493,0.2281266774020397,0.14761137949543746
173,39.92887815351583,2.0799785292538915,2.314814814814815,9.29951690821256,13.727858293075684,16.371443907675793,8.876811594202898,2.3215244229736984,0.46296296296296297,4.240472356414386,0.2281266774020397,0.14761137949543746
174,40.23752012882448,2.0799785292538915,2.314814814814815,9.25925925925926,13.620504562533547,16.33118625872249,8.863392377885132,2.2745571658615136,0.46296296296296297,4.180085882984434,0.2281266774020397,0.14761137949543746
175,36.808910359635,1.3553408480944713,13.09044551798175,8.957326892109501,12.050456253354804,13.600375738056897,7.427536231884058,2.2745571658615136,0.36231884057971014,3.69699409554482,0.2281266774020397,0.14761137949543746
176,36.29898013955985,1.3419216317767042,12.875738056897477,8.655394524959743,13.305152979066023,13.633923778851315,7.27992485238862,2.2745571658615136,0.36231884057971014,3.5963499731615673,0.2281266774020397,0.14761137949543746
177,36.41975308641975,1.3352120236178207,12.795222758990874,8.601717659688674,13.070316693505099,13.56682769726248,7.689210950080516,2.1940418679549114,0.36231884057971014,3.589640365002684,0.2281266774020397,0.14761137949543746
178,37.01690821256039,1.3083735909822867,12.453032742887816,8.480944712828771,13.043478260869565,13.94927536231884,7.360440150295223,2.187332259796028,0.3488996242619431,3.475577026301664,0.2281266774020397,0.14761137949543746
179,37.17793880837359,1.261406333870102,12.365807836822329,8.420558239398819,13.063607085346217,13.848631239935587,7.481213097155126,2.1739130434782608,0.38915727321524424,3.4420289855072466,0.2281266774020397,0.14761137949543746
180,37.446323134728935,1.261406333870102,12.191358024691358,8.601717659688674,13.023349436392914,13.754696725711218,7.447665056360709,2.147074610842727,0.38915727321524424,3.361513687600644,0.2281266774020397,0.14761137949543746
181,37.5805152979066,1.261406333870102,12.164519592055823,8.561460010735374,13.110574342458401,13.667471819645733,7.434245840042942,2.1135265700483092,0.3824476650563607,3.3480944712828773,0.2281266774020397,0.14761137949543746
182,37.80864197530864,1.261406333870102,12.050456253354804,8.420558239398819,12.969672571121846,13.841921631776705,7.427536231884058,2.1135265700483092,0.3824476650563607,3.3480944712828773,0.2281266774020397,0.14761137949543746
183,37.92941492216855,1.247987117552335,11.822329575952764,8.205850778314547,12.714707461084272,14.533011272141707,7.4141170155662905,2.2208803005904456,0.3824476650563607,3.1535158346752548,0.2281266774020397,0.14761137949543746
184,38.21121846484165,1.247987117552335,11.714975845410628,7.997852925389157,12.560386473429952,14.51959205582394,7.340311325818572,2.2208803005904456,0.3824476650563607,3.4286097691894795,0.2281266774020397,0.14761137949543746
185,38.419216317767045,1.247987117552335,11.553945249597424,8.071658615136876,12.741545893719806,14.439076757917338,7.1658615136876005,2.214170692431562,0.3824476650563607,3.388352120236178,0.2281266774020397,0.14761137949543746
186,38.419216317767045,1.2345679012345678,11.386205045625335,8.004562533548041,12.513419216317766,14.546430488459475,7.581857219538379,2.1940418679549114,0.3824476650563607,3.361513687600644,0.2281266774020397,0.14761137949543746
187,38.519860440150296,1.221148684916801,11.3191089640365,7.96430488459474,12.338969404186795,14.88191089640365,7.48792270531401,2.033011272141707,0.3824476650563607,3.475577026301664,0.2281266774020397,0.14761137949543746
188,38.969404186795494,1.2144390767579174,10.399892646269459,7.877079978529254,12.23161567364466,14.720880300590446,7.467793880837359,2.033011272141707,0.3824476650563607,4.327697262479871,0.2281266774020397,0.14761137949543746
189,38.781535158346756,1.2144390767579174,10.379763821792807,7.675791733762749,12.801932367149758,14.620236178207193,7.440955448201825,2.033011272141707,0.3824476650563607,4.294149221685454,0.2281266774020397,0.14761137949543746
190,38.801663982823406,1.1272141706924315,10.420021470746109,7.555018786902845,12.627482555018787,14.465915190552872,7.971014492753623,1.9927536231884058,0.3824476650563607,4.280730005367687,0.2281266774020397,0.14761137949543746
191,39.25791733762748,1.0802469135802468,10.379763821792807,7.50805152979066,12.52012882447665,14.251207729468598,8.044820182501342,1.9524959742351047,0.3824476650563607,4.247181964573269,0.2281266774020397,0.14761137949543746
192,39.50617283950617,1.0534084809447128,10.279119699409554,7.4208266237251745,12.473161567364466,14.318303811057435,7.991143317230274,1.9524959742351047,0.3824476650563607,4.247181964573269,0.2281266774020397,0.14761137949543746
193,40.06977992485239,1.0534084809447128,9.802737520128824,7.4141170155662905,12.828770799785293,14.163982823403114,7.7361782071927,1.8853998926462694,0.3824476650563607,4.28743961352657,0.2281266774020397,0.14761137949543746
194,40.07648953301127,0.966183574879227,9.762479871175524,7.64224369296833,12.72812667740204,14.002952227589908,7.7361782071927,1.8518518518518519,0.3824476650563607,4.4753086419753085,0.2281266774020397,0.14761137949543746
195,40.29119699409554,0.966183574879227,9.5276435856146,7.957595276435856,12.600644122383253,13.92914653784219,7.709339774557166,1.8518518518518519,0.3824476650563607,4.408212560386473,0.2281266774020397,0.14761137949543746
196,40.935319377348364,0.966183574879227,9.433709071390231,7.836822329575953,12.473161567364466,13.841921631776705,7.689210950080516,1.8518518518518519,0.3824476650563607,4.213633923778851,0.2281266774020397,0.14761137949543746
