,45,50,53,55,51,54,58,52,56,57,59,60,61,46,62,47
0,85.03757380568975,14.506172839506172,0.33548040794417605,0.12077294685990338,,,,,,,,,,,,
1,84.51422436929683,14.949006977992486,0.33548040794417605,0.20128824476650564,,,,,,,,,,,,
2,66.74047235641439,30.636070853462158,0.322061191626409,0.41599570585077833,0.8655394524959742,1.0064412238325282,0.013419216317767043,,,,,,,,,
3,62.80193236714976,32.447665056360705,0.3488996242619431,0.5099302200751477,2.818035426731079,1.0534084809447128,0.013419216317767043,0.0067096081588835215,,,,,,,,
4,60.37305421363392,34.52093397745572,0.3488996242619431,0.7917337627482555,2.8381642512077296,1.0534084809447128,0.013419216317767043,0.026838432635534086,0.03354804079441761,,,,,,,
5,57.2061191626409,38.25147611379496,0.05367686527106817,0.6374127750939346,2.7241009125067097,1.0534084809447128,,0.040257648953301126,0.03354804079441761,,,,,,,
6,54.5625335480408,40.666935050993025,0.07380568974771873,0.798443370907139,2.7106816961889426,1.0534084809447128,,0.07380568974771873,0.06038647342995169,,,,,,,
7,53.73054213633924,41.317767042404725,0.07380568974771873,0.9460547504025765,2.7442297369833604,1.0534084809447128,,0.07380568974771873,0.06038647342995169,,,,,,,
8,53.247450348899626,41.176865271068166,0.4294149221685454,1.3419216317767042,2.7442297369833604,0.9259259259259259,,0.07380568974771873,0.06038647342995169,,,,,,,
9,52.71739130434783,41.51234567901235,0.4830917874396135,1.4559849704777241,2.7442297369833604,0.9393451422436929,,0.08722490606548577,0.06038647342995169,,,,,,,
10,52.281266774020395,41.680085882984436,0.4830917874396135,1.5633387010198605,2.8918411164787976,0.9326355340848095,0.020128824476650563,0.08722490606548577,0.06038647342995169,,,,,,,
11,44.85373054213634,34.07139023081052,0.24825550187869028,0.7648953301127214,12.567096081588835,0.5032206119162641,0.020128824476650563,6.561996779388084,0.33548040794417605,0.07380568974771873,,,,,,
12,38.405797101449274,39.50617283950617,2.214170692431562,0.8923778851315083,12.47987117552335,0.5032206119162641,0.08722490606548577,5.407944176060118,0.43612453032742887,0.06709608158883522,,,,,,
13,35.00402576489533,37.76838432635534,2.1269457863660763,0.9997316156736447,17.391304347826086,0.5501878690284487,0.1274825550187869,5.448201825013419,0.5032206119162641,0.08051529790660225,,,,,,
14,34.78260869565217,37.9092860976919,2.1135265700483092,1.0869565217391304,17.12962962962963,0.5501878690284487,0.11406333870101985,5.4549114331723025,0.7313472893183038,0.1274825550187869,,,,,,
15,30.703166935050994,41.82769726247987,2.1135265700483092,1.3150831991411702,16.941760601180892,0.5501878690284487,0.11406333870101985,5.4616210413311865,0.8454106280193237,0.1274825550187869,,,,,,
16,29.73027375201288,40.06977992485239,2.1135265700483092,1.5230810520665594,19.26328502415459,0.5770263016639828,0.14761137949543746,5.367686527106817,1.0265700483091786,0.18115942028985507,,,,,,
17,25.99302200751476,33.89023081052066,0.9326355340848095,1.288244766505636,32.018250134192165,0.2683843263553409,0.06038647342995169,4.3478260869565215,1.1137949543746646,0.08722490606548577,,,,,,
18,25.885668276972623,33.66881374127751,0.8990874932903918,1.5230810520665594,31.97128287707998,0.2952227589908749,0.06038647342995169,4.42163177670424,1.1876006441223832,0.08722490606548577,,,,,,
19,25.583735909822867,33.81642512077295,0.9460547504025765,1.6103059581320451,31.850509930220074,0.3421900161030596,0.06038647342995169,4.38137412775094,1.2815351583467525,0.1274825550187869,,,,,,
20,25.268384326355342,33.46081588835212,2.073268921095008,1.6304347826086956,31.072195383789587,0.27509393451422437,0.06038647342995169,4.40150295222759,1.6035963499731616,0.15432098765432098,,,,,,
21,25.140901771336555,31.602254428341386,2.24771873322598,1.6371443907675791,30.689747718733226,0.4294149221685454,0.06038647342995169,6.286902844873859,1.724369296833065,0.18115942028985507,,,,,,
22,25.07380568974772,31.374127750939344,2.2410091250670963,1.8518518518518519,30.48845947396672,0.5032206119162641,0.05367686527106817,6.3070316693505095,1.90552871712292,0.20128824476650564,,,,,,
23,24.550456253354803,30.97826086956522,2.2611379495437465,1.9457863660762211,31.092324208266238,0.5703166935050993,0.040257648953301126,6.266774020397209,2.01959205582394,0.24154589371980675,0.013419216317767043,0.020128824476650563,,,,
24,24.510198604401502,30.823939881910896,2.281266774020397,2.214170692431562,30.88432635534085,0.6105743424584005,0.040257648953301126,6.233225979602791,2.0933977455716586,0.27509393451422437,0.013419216317767043,0.020128824476650563,,,,
25,23.658078368223297,30.50858829844337,2.2342995169082127,2.4355877616747184,31.66935050993022,0.6105743424584005,0.06709608158883522,6.172839506172839,2.2342995169082127,0.3757380568974772,0.013419216317767043,0.020128824476650563,,,,
26,23.65136876006441,30.119431025228128,3.3950617283950617,2.6435856146001075,31.629092860976918,0.6508319914117016,0.05367686527106817,5.2066559312936125,2.26784755770263,0.3488996242619431,0.013419216317767043,0.020128824476650563,,,,
27,23.1682769726248,29.220343531937736,3.294417606011809,2.5161030595813205,33.1857219538379,0.6374127750939346,0.08051529790660225,5.179817498658078,2.26784755770263,0.41599570585077833,0.013419216317767043,0.020128824476650563,,,,
28,23.14814814814815,29.09286097691895,3.33467525496511,2.6167471819645733,32.930756843800324,0.7447665056360708,0.08051529790660225,5.112721417069243,2.4221685453569513,0.4830917874396135,0.013419216317767043,0.020128824476650563,,,,
29,22.517444981213096,29.58937198067633,3.33467525496511,3.012614063338701,32.588566827697264,0.7514761137949544,0.10735373054213634,5.01207729468599,2.4892646269457863,0.5636070853462157,0.013419216317767043,0.020128824476650563,,,,
30,22.48389694041868,29.11969940955448,3.33467525496511,3.140096618357488,32.47450348899624,0.785024154589372,0.10735373054213634,5.152979066022544,2.791196994095545,0.5770263016639828,0.013419216317767043,0.020128824476650563,,,,
31,22.510735373054214,28.985507246376812,3.3548040794417604,3.2877079978529253,32.27321524422974,0.8185721953837896,0.14090177133655393,5.166398282340311,2.8247450348899625,0.6038647342995169,0.013419216317767043,0.020128824476650563,,,,
32,19.639023081052066,29.508856682769725,3.321256038647343,3.2206119162640903,34.09822866344606,0.6776704240472357,0.14090177133655393,5.971551261406334,2.7844873859366612,0.6038647342995169,0.013419216317767043,0.020128824476650563,,,,
33,19.290123456790123,28.455448201825014,1.778046162104133,3.0864197530864197,39.74771873322598,0.6709608158883521,0.07380568974771873,4.260601180891036,2.1604938271604937,0.4428341384863124,0.013419216317767043,0.020128824476650563,,,,
34,19.216317767042405,28.33467525496511,1.8317230273752012,3.2474503488996245,39.46591519055287,0.6977992485238862,0.07380568974771873,4.253891572732153,2.4020397208803006,0.4428341384863124,0.013419216317767043,0.020128824476650563,,,,
35,14.486044015029522,33.05823939881911,6.421095008051529,2.831454643048846,35.607890499194845,0.5971551261406334,0.1610305958132045,4.159957058507783,2.1806226516371443,0.49651100375738055,,,,,,
36,13.526570048309178,32.48792270531401,5.032206119162641,3.1065485775630703,37.86231884057971,0.5568974771873323,0.17444981213097155,4.549114331723027,2.4221685453569513,0.28180354267310787,,,,,,
37,13.506441223832528,32.139023081052066,5.038915727321524,3.4151905528717124,36.99006977992485,1.42914653784219,0.20799785292538917,4.508856682769726,2.442297369833602,0.2952227589908749,0.026838432635534086,,,,,
38,13.546698872785829,32.09205582393988,3.2675791733762747,3.4017713365539453,36.68813741277509,1.482823403113258,0.13419216317767044,6.407675791733762,2.6704240472356413,0.2952227589908749,0.013419216317767043,,,,,
39,12.775093934514224,31.407675791733762,3.2877079978529253,3.81105743424584,35.198604401502955,1.710950080515298,0.15432098765432098,8.487654320987655,2.85829307568438,0.2952227589908749,0.013419216317767043,,,,,
40,12.661030595813205,31.112453032742888,3.2474503488996245,4.0995705850778315,31.696188942565755,1.3955984970477724,0.13419216317767044,12.909286097691895,2.38191089640365,0.3488996242619431,0.013419216317767043,,,,,
41,12.694578636607622,30.911164787976382,3.307836822329576,4.240472356414386,31.293612453032743,1.3821792807300053,0.1610305958132045,12.72812667740204,2.6972624798711755,0.5703166935050993,0.013419216317767043,,,,,
42,12.681159420289855,30.669618894256576,3.3950617283950617,4.408212560386473,31.05877616747182,1.3687600644122384,0.1610305958132045,12.667740203972087,2.898550724637681,0.644122383252818,0.04696725711218465,,,,,
43,12.701288244766506,30.454911433172303,3.435319377348363,4.5893719806763285,30.756843800322063,1.6572732152442298,0.1610305958132045,12.432903918411165,3.140096618357488,0.6239935587761675,0.04696725711218465,,,,,
44,11.996779388083736,27.36849168008588,3.683574879227053,4.200214707461084,34.77589908749329,1.6304347826086956,0.13419216317767044,12.345679012345679,3.1333870101986045,0.6776704240472357,0.04696725711218465,0.0067096081588835215,,,,
45,10.299248523886206,28.703703703703702,3.656736446591519,4.4753086419753085,34.715512614063336,1.7579173376274826,0.15432098765432098,12.218196457326892,3.2541599570585076,0.7112184648416533,0.04696725711218465,0.0067096081588835215,,,,
46,9.936929683306495,28.327965646806227,3.7238325281803544,4.488727858293076,35.27241009125067,1.7713365539452497,0.15432098765432098,12.258454106280194,3.2675791733762747,0.7380568974771873,0.05367686527106817,0.0067096081588835215,,,,
47,9.96376811594203,28.012614063338702,3.7238325281803544,5.10601180891036,34.816156736446594,1.8048845947396672,0.14761137949543746,12.151100375738057,3.361513687600644,0.8521202361782072,0.05367686527106817,0.0067096081588835215,,,,
48,8.474235104669887,33.293075684380035,3.455448201825013,4.703435319377348,29.70343531937735,1.5633387010198605,0.18115942028985507,14.392109500805153,3.2877079978529253,0.9192163177670424,0.020128824476650563,0.0067096081588835215,,,,
49,8.494363929146537,32.930756843800324,3.5426731078904994,5.166398282340311,28.307836822329577,1.6237251744498122,0.20128824476650564,15.418679549114332,3.280998389694042,1.0064412238325282,0.020128824476650563,0.0067096081588835215,,,,
50,8.467525496511003,32.60198604401503,3.535963499731616,5.287171229200215,28.032742887815353,1.9457863660762211,0.2281266774020397,15.365002683843263,3.3950617283950617,1.093666129898014,0.040257648953301126,0.0067096081588835215,,,,
51,8.467525496511003,32.085346215781,3.556092324208266,5.246913580246914,27.34836285560923,3.5426731078904994,0.2281266774020397,14.942297369833602,3.4621578099838968,1.0735373054213635,0.040257648953301126,0.0067096081588835215,,,,
52,7.709339774557166,35.88298443370907,3.535963499731616,5.394524959742351,25.234836285560924,3.44873859366613,0.2281266774020397,14.284755770263017,3.1870638754696725,1.0466988727858293,0.040257648953301126,0.0067096081588835215,,,,
53,7.796564680622652,35.607890499194845,3.502415458937198,5.595813204508857,25.127482555018787,3.421900161030596,0.2549651100375738,14.278046162104133,3.294417606011809,1.0735373054213635,0.040257648953301126,0.0067096081588835215,,,,
54,7.39398819108964,34.95034889962426,5.495169082125604,5.360976918947934,24.986580783682232,3.797638217928073,0.2683843263553409,13.291733762748256,3.307836822329576,1.1003757380568975,0.040257648953301126,0.0067096081588835215,,,,
55,6.5552871712292005,28.24074074074074,2.8515834675254963,4.502147074610843,34.225711218464845,4.206924315619967,0.2147074610842727,16.358024691358025,1.9659151905528718,0.8118625872249061,0.040257648953301126,0.026838432635534086,,,,
56,6.501610305958132,27.95222758990875,3.978797638217928,4.435050993022007,33.43397745571659,4.079441760601181,0.23483628556092323,16.035963499731615,2.26784755770263,1.0265700483091786,0.026838432635534086,0.026838432635534086,,,,
57,6.528448738593666,27.66371443907676,3.965378421900161,4.978529253891573,33.25281803542673,3.8378958668813743,0.23483628556092323,15.942028985507246,2.4154589371980677,1.1272141706924315,0.026838432635534086,0.026838432635534086,,,,
58,6.528448738593666,27.334943639291467,4.066022544283414,5.260332796564681,33.11862587224906,3.5292538915727323,0.2549651100375738,16.223832528180353,2.4892646269457863,1.133923778851315,0.03354804079441761,0.026838432635534086,,,,
59,6.608964036500268,26.939076757917338,4.186795491143317,5.5756843800322065,32.890499194847024,3.535963499731616,0.28180354267310787,16.089640365002683,2.6502952227589907,1.1674718196457328,0.03354804079441761,0.040257648953301126,,,,
60,6.521739130434782,26.724369296833064,3.1468062265163717,5.703166935050993,34.68196457326892,3.4957058507783145,0.4025764895330113,15.794417606011809,2.3215244229736984,1.133923778851315,0.03354804079441761,0.040257648953301126,,,,
61,6.561996779388084,26.52308105206656,3.1333870101986045,5.924584004294149,34.5679012345679,3.4420289855072466,0.4294149221685454,15.734031132581856,2.3617820719269993,1.1741814278046163,0.0939345142243693,0.05367686527106817,,,,
62,6.608964036500268,26.301663982823403,3.1602254428341383,6.092324208266238,34.05126140633387,3.7775093934514223,0.4495437466451959,15.331454643048845,2.8650026838432634,1.2144390767579174,0.0939345142243693,0.05367686527106817,,,,
63,5.730005367686527,34.88996242619431,3.113258185721954,4.730273752012883,30.159688674181428,3.374932903918411,0.39586688137412773,13.66076221148685,2.5831991411701556,1.2412775093934514,0.0939345142243693,0.026838432635534086,,,,
64,5.683038110574342,34.80273752012882,3.1065485775630703,4.824208266237251,30.06575415995706,3.4621578099838968,0.39586688137412773,13.553408480944713,2.6704240472356413,1.3150831991411702,0.0939345142243693,0.026838432635534086,,,,
65,5.495169082125604,34.42699946323135,3.824476650563607,4.53569511540526,31.89747718733226,2.8247450348899625,0.36902844873859364,12.526838432635534,2.8650026838432634,1.133923778851315,0.07380568974771873,0.026838432635534086,,,,
66,3.6902844873859366,43.33735909822866,2.6502952227589907,3.321256038647343,28.502415458937197,2.757648953301127,0.3824476650563607,11.493558776167472,2.6704240472356413,1.107085346215781,0.07380568974771873,0.013419216317767043,,,,
67,3.8043478260869565,43.02871712292002,2.61003757380569,3.502415458937198,28.24074074074074,2.8113258185721954,0.39586688137412773,11.493558776167472,2.9052603327965647,1.1205045625335481,0.07380568974771873,0.013419216317767043,,,,
68,3.3816425120772946,41.50563607085346,2.462426194310252,3.1736446591519054,30.495169082125603,2.623456790123457,0.39586688137412773,11.621041331186259,3.126677402039721,1.133923778851315,0.06709608158883522,0.013419216317767043,,,,
69,3.421900161030596,41.0829307568438,2.4825550187869028,3.4957058507783145,30.18652710681696,2.657004830917874,0.41599570585077833,11.560654857756306,3.3950617283950617,1.221148684916801,0.06709608158883522,0.013419216317767043,,,,
70,3.3950617283950617,40.754159957058505,3.113258185721954,3.797638217928073,29.341116478797638,2.690552871712292,0.4227053140096618,11.466720343531938,3.6366076221148687,1.3016639828234031,0.06709608158883522,0.013419216317767043,,,,
71,3.3950617283950617,40.66022544283414,3.1535158346752548,4.17337627482555,29.012345679012345,2.717391304347826,0.4428341384863124,11.305689747718732,3.7775093934514223,1.2815351583467525,0.06709608158883522,0.013419216317767043,,,,
72,3.3413848631239937,33.541331186258724,10.25228126677402,4.106280193236715,28.529253891572733,3.388352120236178,0.4562533548040794,11.198336017176597,3.878153515834675,1.2077294685990339,0.08722490606548577,0.013419216317767043,,,,
73,3.33467525496511,33.360171765968865,10.312667740203972,4.643048845947397,28.153515834675254,3.3950617283950617,0.4562533548040794,11.178207192699947,3.8915727321524423,1.1741814278046163,0.08722490606548577,0.013419216317767043,,,,
74,3.4286097691894795,33.1454643048846,10.245571658615138,4.87788513150832,27.938808373590984,3.421900161030596,0.4562533548040794,11.124530327428879,4.072732152442297,1.1876006441223832,0.08722490606548577,0.013419216317767043,,,,
75,3.5091250670960816,32.326892109500804,10.111379495437467,5.662909286097692,27.710681696188942,3.4688674181427803,0.5636070853462157,11.151368760064413,4.193505099302201,1.2010198604401503,0.08722490606548577,0.013419216317767043,,,,
76,3.1535158346752548,27.34836285560923,9.822866344605474,4.750402576489533,22.289318303811058,4.703435319377348,0.8319914117015567,22.04777241009125,3.69699409554482,1.1943102522812667,0.11406333870101985,0.04696725711218465,,,,
77,3.180354267310789,26.959205582393988,7.689210950080516,5.139559849704777,21.846484165324746,5.032206119162641,0.630703166935051,24.22168545356951,3.797638217928073,1.3687600644122384,0.08722490606548577,0.04696725711218465,,,,
78,3.2139023081052067,26.704240472356414,7.6623725174449815,5.703166935050993,21.20907139023081,5.025496511003757,0.6575415995705851,24.168008588298445,4.126409017713366,1.4224369296833066,0.06038647342995169,0.04696725711218465,,,,
79,3.2206119162640903,26.382179280730007,8.55475040257649,6.045356951154052,20.356951154052602,5.045625335480408,0.7045088566827697,24.02710681696189,4.032474503488996,1.5230810520665594,0.06038647342995169,0.04696725711218465,,,,
80,3.2877079978529253,26.1808910359635,8.749329039184111,6.380837359098229,19.83360171765969,5.059044551798175,0.7313472893183038,23.946591519055286,4.079441760601181,1.6170155662909287,0.06038647342995169,0.07380568974771873,,,,
81,3.2139023081052067,23.329307568438004,9.581320450885668,6.280193236714976,18.290391841116477,9.386741814278047,0.6977992485238862,23.242082662372518,4.206924315619967,1.583467525496511,0.06038647342995169,0.11406333870101985,0.013419216317767043,,,
82,3.3011272141706924,23.09447128287708,9.514224369296834,6.481481481481482,18.203166935050994,9.39345142243693,0.6977992485238862,23.067632850241544,4.300858829844337,1.724369296833065,0.06038647342995169,0.14761137949543746,0.013419216317767043,,,
83,3.294417606011809,22.906602254428343,9.494095544820183,6.608964036500268,18.136070853462158,9.433709071390231,0.7313472893183038,22.852925389157274,4.42163177670424,1.8585614600107354,0.06038647342995169,0.1878690284487386,0.013419216317767043,,,
84,3.2742887815351582,22.86634460547504,9.567901234567902,6.582125603864735,18.075684380032207,9.406870638754697,0.7313472893183038,22.725442834138487,4.488727858293076,1.9524959742351047,0.07380568974771873,0.24154589371980675,0.013419216317767043,,,
85,3.33467525496511,22.805958132045088,9.4873859366613,6.6827697262479875,17.96833064949007,9.460547504025765,0.7313472893183038,22.624798711755233,4.555823939881911,2.006172839506173,0.040257648953301126,0.2885131508319914,0.013419216317767043,,,
86,3.1602254428341383,19.55179817498658,9.245840042941492,6.3137412775093935,30.267042404723565,8.816425120772946,0.7917337627482555,15.250939345142244,4.656468062265164,1.6237251744498122,0.06038647342995169,0.23483628556092323,0.013419216317767043,0.013419216317767043,,
87,3.1870638754696725,18.250134192163177,9.212292002147075,6.1862587224906065,27.180622651637144,13.399087493290391,0.785024154589372,15.056360708534621,4.643048845947397,1.6841116478797638,0.08722490606548577,0.2885131508319914,0.026838432635534086,0.013419216317767043,,
88,3.2206119162640903,18.17632850241546,9.225711218464841,6.226516371443908,27.334943639291467,13.378958668813741,0.798443370907139,14.687332259796028,4.8376274825550185,1.6170155662909287,0.13419216317767044,0.322061191626409,0.026838432635534086,0.013419216317767043,,
89,3.166935050993022,17.894524959742352,8.903650026838433,6.0587761674718195,27.093397745571657,13.157541599570585,0.7716049382716049,16.465378421900162,4.488727858293076,1.5365002683843263,0.10735373054213634,0.3153515834675255,0.026838432635534086,0.013419216317767043,,
90,3.1602254428341383,17.807300053676865,8.789586688137414,6.139291465378422,26.918947933440688,13.20450885668277,0.8990874932903918,16.364734299516908,4.5960815888352125,1.6304347826086956,0.10735373054213634,0.3421900161030596,0.026838432635534086,0.013419216317767043,,
91,2.932098765432099,18.055555555555557,8.735909822866345,6.166129898013956,26.778046162104133,13.137412775093935,1.0332796564680622,16.27079978529254,4.736983360171766,1.6639828234031133,0.10735373054213634,0.3421900161030596,0.026838432635534086,0.013419216317767043,,
92,2.952227589908749,17.45169082125604,5.065754159957058,6.1862587224906065,25.79844337090714,12.875738056897477,0.6508319914117016,21.75925925925926,4.904723564143854,1.8451422436929683,0.10735373054213634,0.3757380568974772,0.013419216317767043,0.013419216317767043,,
93,2.8515834675254963,14.700751476113794,4.871175523349437,6.776704240472356,20.115405260332796,10.151637144390767,0.6508319914117016,33.3064949006978,4.448470209339774,1.7042404723564144,0.06709608158883522,0.32877079978529256,0.013419216317767043,0.013419216317767043,,
94,2.8381642512077296,14.55984970477724,4.851046698872786,6.723027375201288,20.2361782071927,10.23215244229737,0.6508319914117016,33.10520665593129,4.528985507246377,1.8317230273752012,0.08051529790660225,0.33548040794417605,0.013419216317767043,0.013419216317767043,,
95,2.918679549114332,14.412238325281804,4.851046698872786,6.830381105743425,20.095276435856146,10.272410091250672,0.6508319914117016,32.99785292538916,4.5960815888352125,1.9189479334406871,0.11406333870101985,0.3153515834675255,0.013419216317767043,0.013419216317767043,,
96,2.9388083735909825,14.38539989264627,4.851046698872786,7.092055823939882,20.014761137949545,10.017444981213098,0.630703166935051,32.809983896940416,4.676596886741814,2.1403650026838434,0.11406333870101985,0.28180354267310787,0.03354804079441761,0.013419216317767043,,
97,2.999194847020934,14.36527106816962,5.025496511003757,7.058507783145465,19.692699946323135,10.017444981213098,0.6239935587761675,32.39398819108964,5.0993022007514766,2.1940418679549114,0.15432098765432098,0.32877079978529256,0.03354804079441761,0.013419216317767043,,
98,3.0394524959742353,14.31159420289855,4.924852388620504,7.098765432098766,19.665861513687602,9.96376811594203,0.7514761137949544,32.19269994632314,5.032206119162641,2.462426194310252,0.15432098765432098,0.32877079978529256,0.06038647342995169,0.013419216317767043,,
99,3.079710144927536,14.076757917337627,4.958400429414922,7.1725711218464845,19.504830917874397,10.030864197530864,0.7514761137949544,32.038378958668815,5.179817498658078,2.5563607085346214,0.16774020397208803,0.3757380568974772,0.08722490606548577,0.020128824476650563,,
100,3.0730005367686526,13.902308105206655,4.904723564143854,7.232957595276436,19.45786366076221,10.279119699409554,0.7514761137949544,31.85721953837896,5.173107890499195,2.690552871712292,0.17444981213097155,0.39586688137412773,0.08722490606548577,0.020128824476650563,,
101,2.844873859366613,11.392914653784219,7.306763285024155,6.400966183574879,28.824476650563607,6.447933440687064,0.630703166935051,28.723832528180353,4.367954911433173,2.6838432635534084,0.14090177133655393,0.1610305958132045,0.06038647342995169,0.013419216317767043,,
102,2.2946859903381642,7.0383789586688135,6.535158346752549,4.28743961352657,40.371712292002144,5.609232420826624,0.5770263016639828,26.234567901234566,4.139828234031133,2.5966183574879227,0.13419216317767044,0.15432098765432098,0.013419216317767043,0.013419216317767043,,
103,2.3886205045625335,7.024959742351046,6.488191089640365,4.314278046162104,38.98282340311326,5.622651637144391,0.644122383252818,26.1808910359635,5.428073000536768,2.61003757380569,0.13419216317767044,0.15432098765432098,0.013419216317767043,0.013419216317767043,,
104,2.4154589371980677,7.011540526033279,6.407675791733762,4.367954911433173,38.58024691358025,5.622651637144391,0.7246376811594203,26.060118089103597,5.884326355340848,2.623456790123457,0.13419216317767044,0.14090177133655393,0.013419216317767043,0.013419216317767043,,
105,2.4355877616747184,6.977992485238862,6.387546967257112,4.388083735909823,38.39237788513151,5.562265163714439,1.0399892646269457,25.791733762748255,6.052066559312936,2.6502952227589907,0.13419216317767044,0.14090177133655393,0.03354804079441761,0.013419216317767043,,
106,2.4691358024691357,6.964573268921095,6.400966183574879,4.428341384863124,37.7012882447665,5.481749865807837,1.0466988727858293,25.637412775093935,6.843800322061192,2.703972088030059,0.13419216317767044,0.1274825550187869,0.04696725711218465,0.013419216317767043,,
107,2.49597423510467,6.9310252281266775,6.092324208266238,4.508856682769726,37.5,5.475040257648954,1.0802469135802468,25.603864734299517,7.092055823939882,2.898550724637681,0.13419216317767044,0.1274825550187869,0.04696725711218465,0.013419216317767043,,
108,2.49597423510467,6.9310252281266775,6.736446591519055,4.508856682769726,37.17793880837359,5.253623188405797,1.1943102522812667,25.281803542673106,7.179280730005368,2.918679549114332,0.10064412238325282,0.11406333870101985,0.0939345142243693,0.013419216317767043,,
109,2.563070316693505,6.810252281266774,6.696188942565755,4.569243156199678,36.3996242619431,5.971551261406334,1.2345679012345678,24.55716586151369,7.776435856146001,3.066290928609769,0.10735373054213634,0.11406333870101985,0.12077294685990338,0.013419216317767043,,
110,2.6033279656468062,6.5485775630703165,6.1929683306494905,4.944981213097155,34.70880300590446,5.83064949006978,1.2546967257112185,25.711218464841654,8.621846484165324,3.240740740740741,0.10064412238325282,0.10735373054213634,0.12077294685990338,0.013419216317767043,,
111,2.5831991411701556,6.4412238325281805,6.125872249060655,6.340579710144928,33.823134728931834,5.83064949006978,1.3083735909822867,25.449543746645197,8.420558239398819,3.33467525496511,0.10064412238325282,0.0939345142243693,0.12077294685990338,0.026838432635534086,,
112,2.61003757380569,6.4412238325281805,8.57487922705314,6.414385399892646,32.92404723564144,5.8172302737520125,1.3553408480944713,24.550456253354803,7.856951154052603,3.126677402039721,0.11406333870101985,0.0939345142243693,0.0939345142243693,0.026838432635534086,,
113,2.657004830917874,6.327160493827161,8.521202361782072,6.374127750939345,32.420826623725176,5.931293612453032,1.3687600644122384,24.382716049382715,8.454106280193237,3.227321524422974,0.11406333870101985,0.0939345142243693,0.10064412238325282,0.026838432635534086,,
114,2.6838432635534084,6.286902844873859,8.447396672034353,6.568706387546968,32.21953837895867,5.964841653247451,1.442565754159957,24.18142780461621,8.487654320987655,3.3548040794417604,0.11406333870101985,0.14090177133655393,0.08051529790660225,0.026838432635534086,,
115,2.690552871712292,6.219806763285024,8.427267847557703,6.843800322061192,31.99141170155663,5.938003220611916,1.5230810520665594,23.839237788513152,8.769457863660762,3.3816425120772946,0.10735373054213634,0.15432098765432098,0.08722490606548577,0.026838432635534086,,
116,2.6502952227589907,6.219806763285024,8.420558239398819,6.857219538378959,31.54186795491143,5.964841653247451,1.6639828234031133,23.70504562533548,9.151905528717123,3.374932903918411,0.17444981213097155,0.15432098765432098,0.0939345142243693,0.026838432635534086,,
117,2.6301663982823404,5.776972624798712,17.814009661835748,6.850509930220075,30.441492216854535,5.401234567901234,1.6639828234031133,18.625872249060656,7.729468599033816,2.6435856146001075,0.16774020397208803,0.12077294685990338,0.0939345142243693,0.040257648953301126,,
118,2.5429414922168547,5.743424584004294,17.673107890499196,7.078636607622115,30.273752012882447,5.3341384863123995,1.7444981213097155,19.182769726247987,7.494632313472893,2.5026838432635534,0.16774020397208803,0.14761137949543746,0.08722490606548577,0.026838432635534086,,
119,2.5966183574879227,5.689747718733226,17.57246376811594,7.50805152979066,29.830917874396135,5.522007514761138,1.7847557702630166,18.840579710144926,7.709339774557166,2.475845410628019,0.19457863660762212,0.14761137949543746,0.10064412238325282,0.026838432635534086,,
120,2.703972088030059,5.615942028985507,13.868760064412239,7.555018786902845,29.528985507246375,5.4616210413311865,1.7981749865807837,22.22222222222222,8.105206655931294,2.6704240472356413,0.19457863660762212,0.13419216317767044,0.11406333870101985,0.026838432635534086,,
121,2.7442297369833604,5.60252281266774,13.868760064412239,7.50805152979066,29.401502952227588,5.441492216854535,1.8317230273752012,22.20209339774557,8.165593129361245,2.771068169618894,0.1878690284487386,0.12077294685990338,0.1274825550187869,0.026838432635534086,,
122,2.737520128824477,5.5756843800322065,13.828502415458937,7.5348899624261945,29.166666666666668,5.434782608695652,1.9457863660762211,22.074610842726784,8.393719806763285,2.8381642512077296,0.17444981213097155,0.12077294685990338,0.14761137949543746,0.026838432635534086,,
123,2.8247450348899625,5.5689747718733225,13.667471819645733,7.581857219538379,28.77079978529254,5.535426731078905,2.033011272141707,21.504294149221685,9.212292002147075,2.7509393451422435,0.1878690284487386,0.1878690284487386,0.14761137949543746,0.026838432635534086,,
124,2.771068169618894,5.542136339237788,12.989801395598498,7.39398819108964,33.903650026838434,4.683306494900698,1.8518518518518519,19.155931293612454,8.796296296296296,2.38191089640365,0.18115942028985507,0.1878690284487386,0.14761137949543746,0.013419216317767043,,
125,2.737520128824477,5.441492216854535,12.95625335480408,7.7361782071927,33.47423510466989,4.723564143853999,1.9122383252818036,19.02173913043478,8.943907675791733,2.4892646269457863,0.19457863660762212,0.1878690284487386,0.16774020397208803,0.013419216317767043,,
126,2.6704240472356413,4.435050993022007,10.909822866344605,6.89747718733226,37.23161567364466,4.133118625872249,1.778046162104133,20.685721953837895,8.225979602791197,2.5563607085346214,0.10735373054213634,0.17444981213097155,0.18115942028985507,0.013419216317767043,,
127,2.6972624798711755,4.435050993022007,10.86285560923242,6.964573268921095,36.8491680085883,4.079441760601181,1.7914653784219001,20.645464304884594,8.568169618894256,2.6167471819645733,0.12077294685990338,0.17444981213097155,0.18115942028985507,0.013419216317767043,,
128,2.7308105206655933,4.435050993022007,10.923242082662373,7.27992485238862,36.65458937198068,4.066022544283414,1.8115942028985508,20.323403113258184,8.655394524959743,2.6301663982823404,0.14090177133655393,0.17444981213097155,0.1610305958132045,0.013419216317767043,,
129,2.301395598497048,3.603059581320451,10.876274825550189,5.891035963499732,49.02710681696189,3.2541599570585076,1.737788513150832,13.996242619431026,7.454374664519592,1.402308105206656,0.14761137949543746,0.17444981213097155,0.13419216317767044,,,
130,2.1403650026838434,3.3950617283950617,10.413311862587225,4.2203435319377345,60.00402576489533,2.5966183574879227,1.6103059581320451,9.245840042941492,5.025496511003757,1.0399892646269457,0.1274825550187869,0.13419216317767044,0.04696725711218465,,,
131,2.086688137412775,3.166935050993022,11.386205045625335,3.9989264626945786,60.99704777241009,2.5831991411701556,1.5096618357487923,8.601717659688674,4.320987654320987,1.06682769726248,0.1274825550187869,0.13419216317767044,0.020128824476650563,,,
132,2.147074610842727,3.1535158346752548,11.29898013955985,4.032474503488996,60.547504025764894,2.5966183574879227,1.4962426194310252,8.561460010735374,4.817498658078368,1.06682769726248,0.1274825550187869,0.13419216317767044,0.020128824476650563,,,
133,2.086688137412775,3.1333870101986045,10.487117552334944,6.233225979602791,61.090982286634464,2.536231884057971,1.5096618357487923,6.823671497584541,4.8376274825550185,0.9460547504025765,0.1274825550187869,0.16774020397208803,0.020128824476650563,,,
134,2.1269457863660763,3.1468062265163717,10.487117552334944,6.233225979602791,60.75550187869028,2.623456790123457,1.5297906602254427,6.823671497584541,5.045625335480408,0.9460547504025765,0.1274825550187869,0.13419216317767044,0.020128824476650563,,,
135,2.1604938271604937,3.1468062265163717,10.540794417606012,6.769994632313473,59.49409554482018,2.623456790123457,1.5163714439076759,6.790123456790123,5.636070853462158,1.0735373054213635,0.11406333870101985,0.11406333870101985,0.020128824476650563,,,
136,2.13365539452496,3.1468062265163717,16.203703703703702,7.581857219538379,52.65029522275899,2.6167471819645733,1.596886741814278,6.763285024154589,5.938003220611916,1.093666129898014,0.1274825550187869,0.1274825550187869,0.020128824476650563,,,
137,2.1269457863660763,3.126677402039721,16.14331723027375,7.5348899624261945,52.33494363929147,2.7106816961889426,1.6639828234031133,6.810252281266774,6.099033816425121,1.0869565217391304,0.1274825550187869,0.20799785292538917,0.020128824476650563,,0.0067096081588835215,
138,2.1806226516371443,2.9052603327965647,12.077294685990339,7.561728395061729,51.019860440150296,3.052871712292002,1.6505636070853462,11.668008588298443,6.421095008051529,1.0802469135802468,0.14761137949543746,0.20799785292538917,0.020128824476650563,,0.0067096081588835215,
139,2.0665593129361244,1.9524959742351047,11.855877616747183,7.380568974771873,50.657541599570585,2.791196994095545,1.6103059581320451,13.66076221148685,6.5552871712292005,1.0869565217391304,0.14761137949543746,0.20799785292538917,0.020128824476650563,,0.0067096081588835215,
140,2.0799785292538915,1.9659151905528718,11.627750939345143,7.360440150295223,50.36231884057971,2.871712292002147,1.8317230273752012,13.519860440150294,6.823671497584541,1.1607622114868492,0.14761137949543746,0.2214170692431562,0.020128824476650563,,0.0067096081588835215,
141,1.9256575415995705,1.932367149758454,11.969940955448202,6.977992485238862,50.925925925925924,2.885131508319914,1.7847557702630166,13.419216317767042,6.427804616210413,1.3553408480944713,0.14761137949543746,0.2214170692431562,0.020128824476650563,,0.0067096081588835215,
142,1.7646269457863661,1.932367149758454,8.957326892109501,6.353998926462695,56.21980676328502,3.6097691894793345,1.0802469135802468,12.412775093934513,6.078904991948471,1.1876006441223832,0.13419216317767044,0.24825550187869028,0.013419216317767043,,0.0067096081588835215,
143,1.0399892646269457,0.6642512077294686,8.051529790660226,4.904723564143854,62.9898013955985,3.066290928609769,1.093666129898014,11.144659151905529,5.562265163714439,1.1473429951690821,0.0939345142243693,0.2214170692431562,0.013419216317767043,,0.0067096081588835215,
144,1.1003757380568975,0.6575415995705851,8.017981749865807,4.87788513150832,62.57380568974772,3.0864197530864197,1.1003757380568975,11.097691894793345,5.964841653247451,1.1674718196457328,0.11406333870101985,0.2214170692431562,0.013419216317767043,,0.0067096081588835215,
145,1.2412775093934514,0.6575415995705851,8.071658615136876,4.911433172302737,62.23832528180354,3.099838969404187,1.133923778851315,10.976918947933441,6.0654857756307035,1.2278582930756843,0.1274825550187869,0.2281266774020397,0.013419216317767043,,0.0067096081588835215,
146,1.3150831991411702,0.6508319914117016,7.944176060118089,5.112721417069243,61.9699409554482,3.1736446591519054,1.1406333870101986,10.903113258185721,6.146001073537305,1.2681159420289856,0.1274825550187869,0.2281266774020397,0.013419216317767043,,0.0067096081588835215,
147,1.3217928073000538,0.6508319914117016,8.735909822866345,4.958400429414922,61.3593666129898,3.2004830917874396,1.0466988727858293,10.258990874932904,6.696188942565755,1.3955984970477724,0.1274825550187869,0.2281266774020397,0.013419216317767043,,0.0067096081588835215,
148,1.5096618357487923,0.6374127750939346,8.729200214707461,5.005367686527107,60.198604401502955,3.6097691894793345,1.1137949543746646,10.198604401502953,7.152442297369833,1.4224369296833066,0.17444981213097155,0.2281266774020397,0.013419216317767043,,0.0067096081588835215,
149,1.6170155662909287,0.6374127750939346,8.715780998389693,5.005367686527107,58.353462157809986,3.7573805689747717,1.107085346215781,10.144927536231885,8.80300590445518,1.4626945786366077,0.17444981213097155,0.20128824476650564,0.013419216317767043,,0.0067096081588835215,
150,1.6304347826086956,0.6374127750939346,8.682232957595277,5.293880837359098,57.80327428878154,3.7372517444981215,1.1741814278046163,10.017444981213098,8.970746108427267,1.6170155662909287,0.17444981213097155,0.23483628556092323,0.020128824476650563,,0.0067096081588835215,
151,1.6706924315619969,0.6374127750939346,8.682232957595277,5.267042404723564,57.306763285024154,3.7909286097691894,1.1741814278046163,10.00402576489533,9.366612989801396,1.6438539989264627,0.17444981213097155,0.2549651100375738,0.020128824476650563,,0.0067096081588835215,
152,1.6774020397208802,0.630703166935051,8.682232957595277,5.287171229200215,56.5552871712292,3.8378958668813743,1.2077294685990339,9.916800858829845,10.050993022007514,1.6841116478797638,0.17444981213097155,0.2683843263553409,0.020128824476650563,,0.0067096081588835215,
153,1.6639828234031133,0.630703166935051,9.286097691894794,5.2066559312936125,55.69645732689211,4.025764895330113,1.2412775093934514,9.836285560923242,10.131508319914117,1.7579173376274826,0.20128824476650564,0.2952227589908749,0.020128824476650563,,0.0067096081588835215,
154,1.724369296833065,0.630703166935051,9.225711218464841,5.2066559312936125,55.43478260869565,4.045893719806763,1.288244766505636,9.829575952764358,10.258990874932904,1.7981749865807837,0.2214170692431562,0.2952227589908749,0.03354804079441761,,0.0067096081588835215,
155,1.6975308641975309,0.630703166935051,9.172034353193773,5.394524959742351,54.48201825013419,4.119699409554482,1.3955984970477724,9.762479871175524,10.950080515297907,1.8048845947396672,0.2214170692431562,0.30193236714975846,0.06038647342995169,,0.0067096081588835215,
156,1.6774020397208802,0.49651100375738055,8.655394524959743,5.320719269994632,54.63633923778851,4.072732152442297,1.4090177133655395,10.299248523886206,11.077563070316694,1.7310789049919484,0.2549651100375738,0.30193236714975846,0.06038647342995169,,0.0067096081588835215,
157,1.6774020397208802,0.4495437466451959,8.675523349436393,5.314009661835748,54.38137412775094,4.03918411164788,1.4224369296833066,10.272410091250672,11.386205045625335,1.7176596886741815,0.2885131508319914,0.3153515834675255,0.05367686527106817,,0.0067096081588835215,
158,1.6505636070853462,0.4495437466451959,8.568169618894256,5.387815351583468,53.7037037037037,5.35426731078905,1.5163714439076759,9.433709071390231,11.493558776167472,1.710950080515298,0.322061191626409,0.33548040794417605,0.06709608158883522,,0.0067096081588835215,
159,1.6975308641975309,0.4495437466451959,8.521202361782072,5.689747718733226,53.29441760601181,5.4549114331723025,1.556629092860977,9.406870638754697,11.460010735373054,1.737788513150832,0.322061191626409,0.33548040794417605,0.06709608158883522,,0.0067096081588835215,
160,1.6706924315619969,0.4495437466451959,8.541331186258722,5.8239398819108965,52.703972088030056,5.662909286097692,1.556629092860977,9.373322597960279,11.748523886205046,1.710950080515298,0.33548040794417605,0.33548040794417605,0.08051529790660225,,0.0067096081588835215,
161,1.6639828234031133,0.4495437466451959,8.501073537305421,5.797101449275362,52.48926462694579,5.844068706387547,1.6237251744498122,9.326355340848094,11.768652710681696,1.7646269457863661,0.33548040794417605,0.3488996242619431,0.08051529790660225,,0.0067096081588835215,
162,1.8183038110574343,0.4495437466451959,8.400429414922169,5.790391841116479,52.14036500268384,5.917874396135265,1.710950080515298,9.326355340848094,11.889425657541599,1.8048845947396672,0.32877079978529256,0.32877079978529256,0.08051529790660225,,0.013419216317767043,
163,1.90552871712292,0.4495437466451959,8.400429414922169,5.810520665593129,51.49624261943102,5.998389694041868,1.778046162104133,9.252549651100376,12.238325281803542,1.90552871712292,0.3153515834675255,0.35560923242082665,0.08051529790660225,,0.013419216317767043,
164,1.9860440150295222,0.43612453032742887,8.13875469672571,6.099033816425121,51.11379495437466,6.052066559312936,1.778046162104133,9.178743961352657,12.546967257112184,1.8988191089640365,0.322061191626409,0.35560923242082665,0.08051529790660225,,0.013419216317767043,
