,45,50,55,54,53,52,59,58,51,56,57
0,99.87251744498121,0.1274825550187869,,,,,,,,,
1,97.56441223832527,2.4355877616747184,,,,,,,,,
2,94.53166935050993,5.46833064949007,,,,,,,,,
3,51.85856146001073,46.09500805152979,2.046430488459474,,,,,,,,
4,50.11406333870102,47.57112184648417,2.314814814814815,,,,,,,,
5,49.31561996779388,48.369565217391305,2.314814814814815,,,,,,,,
6,49.422973698336016,48.121309715512616,2.4557165861513686,,,,,,,,
7,47.316156736446594,50.22812667740204,2.4557165861513686,,,,,,,,
8,47.497316156736446,49.946323134728935,2.5563607085346214,,,,,,,,
9,44.95437466451959,51.247987117552334,2.6637144390767578,1.133923778851315,,,,,,,
10,45.13553408480945,50.78502415458937,2.945517981749866,1.133923778851315,,,,,,,
11,45.02818035426731,49.14117015566291,2.9119699409554483,0.7112184648416533,2.2074610842726785,,,,,,
12,43.565485775630705,50.86553945249597,2.7979066022544283,0.6239935587761675,2.147074610842727,,,,,,
13,43.72651637144391,50.577026301663984,2.9388083735909825,0.6105743424584005,2.147074610842727,,,,,,
14,43.80703166935051,50.577026301663984,2.9388083735909825,0.6105743424584005,2.0665593129361244,,,,,,
15,44.07541599570585,47.765700483091784,2.885131508319914,0.8588298443370908,4.414922168545357,,,,,,
16,44.40418679549114,47.57112184648417,2.7777777777777777,0.8319914117015567,4.414922168545357,,,,,,
17,44.59205582393988,47.16183574879227,3.1333870101986045,0.8118625872249061,4.300858829844337,,,,,,
18,44.598765432098766,42.72007514761138,6.494900697799249,2.033011272141707,4.1532474503489,,,,,,
19,44.65915190552872,42.08266237251745,5.783682232957595,1.9256575415995705,5.548845947396672,,,,,,
20,44.65244229736983,41.237251744498124,6.6760601180891035,1.9256575415995705,5.508588298443371,,,,,,
21,44.7866344605475,41.04938271604938,6.662640901771336,1.9927536231884058,5.508588298443371,,,,,,
22,45.06172839506173,39.20424047235642,8.232689210950081,1.9927536231884058,5.508588298443371,,,,,,
23,44.98121309715513,38.55340848094471,8.071658615136876,2.885131508319914,5.508588298443371,,,,,,
24,44.45115405260333,32.96430488459474,4.99194847020934,12.929414922168545,4.663177670424047,,,,,,
25,44.14251207729468,32.306763285024154,4.87788513150832,12.915995705850777,4.663177670424047,1.093666129898014,,,,,
26,44.26999463231347,31.91760601180891,4.99194847020934,13.063607085346217,4.663177670424047,1.093666129898014,,,,,
27,44.06870638754697,30.16639828234031,4.8443370907139025,12.983091787439614,7.078636607622115,0.7783145464304885,0.08051529790660225,,,,
28,44.03515834675255,30.233494363929147,4.8443370907139025,12.949543746645196,7.078636607622115,0.7783145464304885,0.08051529790660225,,,,
29,43.96806226516372,30.10601180891036,4.428341384863124,12.627482555018787,7.7898550724637685,0.8722490606548577,0.08051529790660225,0.1274825550187869,,,
30,44.196188942565755,29.790660225442835,4.51556629092861,12.627482555018787,7.7898550724637685,0.8722490606548577,0.08051529790660225,0.1274825550187869,,,
31,44.18947933440687,28.804347826086957,4.53569511540526,13.654052603327965,7.749597423510467,0.8588298443370908,0.08051529790660225,0.1274825550187869,,,
32,41.67337627482555,29.750402576489535,3.616478797638218,14.049919484702093,9.936929683306495,0.8588298443370908,0.08051529790660225,0.03354804079441761,,,
33,38.486312399355874,32.1256038647343,2.9589371980676327,14.009661835748792,11.52710681696189,0.7783145464304885,0.08051529790660225,0.03354804079441761,,,
34,38.58695652173913,32.05179817498658,2.9589371980676327,14.009661835748792,11.399624261943103,0.7783145464304885,0.08051529790660225,0.03354804079441761,0.10064412238325282,,
35,38.75469672571122,31.93102522812668,2.9589371980676327,13.962694578636608,11.399624261943103,0.7783145464304885,0.08051529790660225,0.03354804079441761,0.10064412238325282,,
36,37.86231884057971,32.83682232957595,2.9589371980676327,13.94927536231884,11.399624261943103,0.7783145464304885,0.08051529790660225,0.03354804079441761,0.10064412238325282,,
37,36.07085346215781,31.46135265700483,2.8381642512077296,13.352120236178207,11.325818572195384,4.736983360171766,0.08051529790660225,0.03354804079441761,0.10064412238325282,,
38,35.94337090713902,31.61567364465915,2.804616210413312,13.264895330112722,11.345947396672035,4.736983360171766,0.08051529790660225,0.03354804079441761,0.10064412238325282,0.07380568974771873,
39,36.01717659688674,31.54186795491143,2.804616210413312,13.264895330112722,11.345947396672035,4.736983360171766,0.08051529790660225,0.03354804079441761,0.10064412238325282,0.07380568974771873,
40,36.02388620504563,31.682769726247987,2.804616210413312,13.177670424047236,11.345947396672035,4.676596886741814,0.08051529790660225,0.03354804079441761,0.10064412238325282,0.07380568974771873,
41,36.06414385399893,31.676060118089104,2.804616210413312,13.177670424047236,11.312399355877616,4.676596886741814,0.08051529790660225,0.03354804079441761,0.10064412238325282,0.07380568974771873,
42,36.12453032742888,31.629092860976918,2.804616210413312,13.177670424047236,11.29898013955985,4.676596886741814,0.08051529790660225,0.03354804079441761,0.10064412238325282,0.07380568974771873,
43,33.78958668813741,31.95115405260333,2.717391304347826,10.138217928073,11.198336017176597,7.843531937734836,0.16774020397208803,0.03354804079441761,1.8518518518518519,0.30864197530864196,
44,33.74932903918411,31.239935587761675,2.2745571658615136,10.084541062801932,12.526838432635534,7.816693505099302,0.16774020397208803,0.03354804079441761,1.7981749865807837,0.30864197530864196,
45,32.82340311325819,32.22624798711755,2.4154589371980677,9.977187332259795,12.526838432635534,7.722758990874933,0.16774020397208803,0.03354804079441761,1.7981749865807837,0.30864197530864196,
46,33.42055823939882,32.078636607622116,2.4154589371980677,9.75577026301664,12.432903918411165,7.601986044015029,0.16774020397208803,0.03354804079441761,1.7981749865807837,0.2952227589908749,
47,33.7962962962963,31.964573268921097,2.4020397208803006,9.742351046698873,12.265163714439076,7.601986044015029,0.16774020397208803,0.03354804079441761,1.7310789049919484,0.2952227589908749,
48,28.213902308105208,37.57380568974772,2.4020397208803006,10.071121846484166,11.896135265700483,7.273215244229737,0.16774020397208803,0.03354804079441761,2.073268921095008,0.2952227589908749,
49,27.012882447665056,35.527375201288244,2.281266774020397,4.958400429414922,10.876274825550189,16.861245303274288,0.08051529790660225,0.03354804079441761,2.073268921095008,0.2952227589908749,
50,27.274557165861513,35.38647342995169,2.589908749329039,4.958400429414922,10.876274825550189,16.431830381105744,0.08051529790660225,0.03354804079441761,2.073268921095008,0.2952227589908749,
51,27.77777777777778,35.04428341384863,2.408749329039184,4.951690821256038,10.681696188942565,16.418411164787976,0.3153515834675255,0.03354804079441761,2.073268921095008,0.2952227589908749,
52,27.462426194310254,27.234299516908212,2.15378421900161,5.166398282340311,10.654857756307031,16.391572732152444,0.3153515834675255,0.03354804079441761,10.292538915727322,0.2952227589908749,
53,24.65780998389694,35.42002147074611,2.301395598497048,5.166398282340311,10.567632850241546,16.364734299516908,0.3153515834675255,0.03354804079441761,4.87788513150832,0.2952227589908749,
54,24.818840579710145,35.37976382179281,2.301395598497048,5.152979066022544,10.46027911969941,16.364734299516908,0.3153515834675255,0.03354804079441761,4.87788513150832,0.2952227589908749,
55,24.570585077831456,34.95034889962426,2.13365539452496,5.287171229200215,9.849704777241008,17.753623188405797,0.3153515834675255,0.03354804079441761,4.656468062265164,0.4495437466451959,
56,24.785292538915726,34.78931830381106,2.13365539452496,5.246913580246914,9.836285560923242,17.753623188405797,0.3153515834675255,0.03354804079441761,4.656468062265164,0.4495437466451959,
57,25.033548040794418,34.46725711218465,2.120236178207193,5.46833064949007,9.822866344605474,17.53220611916264,0.3153515834675255,0.03354804079441761,4.609500805152979,0.4495437466451959,0.14761137949543746
58,24.785292538915726,33.36688137412775,2.0799785292538915,7.199409554482019,9.520933977455716,17.52549651100376,0.3153515834675255,0.03354804079441761,4.575952764358561,0.4495437466451959,0.14761137949543746
59,25.15432098765432,32.64224369296833,2.0263016639828235,6.769994632313473,9.426999463231347,16.183574879227052,0.3153515834675255,0.03354804079441761,6.870638754696726,0.4294149221685454,0.14761137949543746
60,25.44283413848631,32.27321524422974,2.100107353730542,6.622383252818035,9.426999463231347,16.371443907675793,0.3153515834675255,0.03354804079441761,6.837090713902308,0.4294149221685454,0.14761137949543746
61,26.060118089103597,31.964573268921097,2.073268921095008,6.595544820182502,9.245840042941492,16.364734299516908,0.3153515834675255,0.020128824476650563,6.689479334406871,0.5233494363929146,0.14761137949543746
62,26.167471819645733,30.387815351583466,2.006172839506173,6.642512077294686,10.661567364465915,16.465378421900162,0.3153515834675255,0.020128824476650563,6.588835212023618,0.5971551261406334,0.14761137949543746
63,26.56333870101986,30.112721417069242,2.006172839506173,6.635802469135802,10.520665593129362,16.492216854535695,0.3153515834675255,0.020128824476650563,6.588835212023618,0.5971551261406334,0.14761137949543746
64,26.590177133655395,28.972088030059044,3.1535158346752548,7.501341921631776,10.359634997316157,15.539452495974235,0.3153515834675255,0.020128824476650563,6.588835212023618,0.7112184648416533,0.24825550187869028
65,26.281535158346752,27.428878153515836,3.079710144927536,5.414653784219001,10.305958132045088,17.257112184648417,0.3153515834675255,0.020128824476650563,8.856682769726248,0.8185721953837896,0.2214170692431562
66,26.01315083199141,26.878690284487387,2.6502952227589907,5.173107890499195,9.01100375738057,17.10950080515298,0.2952227589908749,0.020128824476650563,11.855877616747183,0.6776704240472357,0.3153515834675255
67,26.120504562533547,26.86527106816962,2.623456790123457,5.112721417069243,9.01100375738057,17.102791196994094,0.2952227589908749,0.020128824476650563,11.855877616747183,0.6776704240472357,0.3153515834675255
68,26.603596349973163,26.717659688674182,2.623456790123457,5.045625335480408,8.917069243156199,17.062533548040793,0.2952227589908749,0.020128824476650563,11.728395061728396,0.6709608158883521,0.3153515834675255
69,27.026301663982824,24.537037037037038,2.5161030595813205,4.951690821256038,11.16478797638218,16.67337627482555,0.2952227589908749,0.020128824476650563,11.694847020933977,0.6709608158883521,0.4495437466451959
70,27.58990874932904,23.121309715512613,2.4355877616747184,7.347020933977456,10.641438539989265,15.995705850778315,0.2952227589908749,0.020128824476650563,11.43317230273752,0.6709608158883521,0.4495437466451959
71,27.710681696188942,23.020665593129362,2.4221685453569513,7.427536231884058,10.554213633923778,15.995705850778315,0.2952227589908749,0.020128824476650563,11.43317230273752,0.6709608158883521,0.4495437466451959
72,27.938808373590984,22.86634460547504,2.4221685453569513,7.39398819108964,10.487117552334944,16.512345679012345,0.2885131508319914,0.020128824476650563,10.950080515297907,0.6709608158883521,0.4495437466451959
73,27.932098765432098,22.383252818035427,2.4154589371980677,6.89747718733226,10.507246376811594,17.62614063338701,0.2885131508319914,0.020128824476650563,10.68840579710145,0.6709608158883521,0.5703166935050993
74,28.059581320450885,22.289318303811058,2.395330112721417,6.823671497584541,10.607890499194847,17.62614063338701,0.2885131508319914,0.020128824476650563,10.648148148148149,0.6709608158883521,0.5703166935050993
75,28.502415458937197,22.17525496511004,2.395330112721417,6.823671497584541,10.57434245840043,17.330917874396135,0.2885131508319914,0.020128824476650563,10.648148148148149,0.6709608158883521,0.5703166935050993
76,28.609769189479334,22.21551261406334,2.395330112721417,6.810252281266774,10.527375201288244,17.297369833601717,0.2885131508319914,0.020128824476650563,10.59447128287708,0.6709608158883521,0.5703166935050993
77,29.05931293612453,22.14170692431562,2.395330112721417,6.696188942565755,10.50053676865271,17.2638217928073,0.2885131508319914,0.020128824476650563,10.473698336017177,0.6709608158883521,0.48980139559849706
78,29.468599033816425,22.094739667203434,2.536231884057971,6.508319914117015,10.393183038110575,17.163177670424048,0.2885131508319914,0.020128824476650563,10.36634460547504,0.6709608158883521,0.48980139559849706
79,29.61621041331186,21.71900161030596,2.509393451422437,6.575415995705851,10.59447128287708,17.122920021470748,0.2885131508319914,0.020128824476650563,10.258990874932904,0.8051529790660226,0.48980139559849706
80,29.51556629092861,21.880032206119164,2.6167471819645733,6.541867954911433,10.661567364465915,16.935050993022006,0.2885131508319914,0.020128824476650563,10.258990874932904,0.8051529790660226,0.47638217928073
81,28.837895866881375,20.41062801932367,1.724369296833065,9.849704777241008,10.238862050456254,17.216854535695116,0.2885131508319914,0.020128824476650563,10.131508319914117,0.8051529790660226,0.47638217928073
82,29.388083735909824,20.40391841116479,1.724369296833065,9.386741814278047,10.185185185185185,17.196725711218466,0.2885131508319914,0.020128824476650563,10.057702630166398,0.8722490606548577,0.47638217928073
83,29.274020397208805,20.517981749865807,1.724369296833065,9.386741814278047,10.077831454643048,17.196725711218466,0.2885131508319914,0.020128824476650563,10.057702630166398,0.9796027911969941,0.47638217928073
84,29.49543746645196,20.437466451959207,1.724369296833065,9.219001610305957,10.071121846484166,17.163177670424048,0.35560923242082665,0.020128824476650563,10.057702630166398,0.9796027911969941,0.47638217928073
85,29.58937198067633,20.263016639828233,1.8384326355340848,9.185453569511541,10.057702630166398,17.102791196994094,0.35560923242082665,0.020128824476650563,10.138217928073,0.9728931830381106,0.47638217928073
86,27.455716586151368,17.317498658078367,3.92512077294686,9.024422973698336,9.742351046698873,16.888083735909824,0.35560923242082665,0.020128824476650563,13.674181427804616,1.1205045625335481,0.47638217928073
87,27.596618357487923,17.277241009125067,3.92512077294686,9.024422973698336,9.742351046698873,16.874664519592056,0.35560923242082665,0.020128824476650563,13.593666129898015,1.1137949543746646,0.47638217928073
88,27.84487385936661,17.136339237788512,4.03918411164788,9.064680622651638,9.601449275362318,16.881374127750938,0.35560923242082665,0.020128824476650563,13.466183574879228,1.1137949543746646,0.47638217928073
89,27.945517981749866,17.062533548040793,4.019055287171229,7.300053676865271,9.581320450885668,18.706387546967257,0.3488996242619431,0.020128824476650563,13.439345142243694,0.966183574879227,0.6105743424584005
90,28.35480407944176,16.921631776704242,2.918679549114332,7.320182501341922,9.581320450885668,19.632313472893184,0.3488996242619431,0.020128824476650563,13.157541599570585,1.133923778851315,0.6105743424584005
91,27.80461621041331,16.7337627482555,2.831454643048846,7.018250134192163,8.829844337090714,21.128556092324207,0.3488996242619431,0.020128824476650563,13.439345142243694,1.2345679012345678,0.6105743424584005
92,27.791196994095547,16.398282340311326,2.5697799248523885,7.018250134192163,9.86983360171766,21.048040794417606,0.1878690284487386,0.020128824476650563,13.251476113794954,1.2345679012345678,0.6105743424584005
93,27.89855072463768,16.371443907675793,2.5697799248523885,6.951154052603328,9.86983360171766,20.933977455716587,0.1878690284487386,0.020128824476650563,13.24476650563607,1.3687600644122384,0.5837359098228664
94,27.865002683843265,16.445249597423512,2.5697799248523885,6.884057971014493,9.863123993558776,20.779656468062264,0.1878690284487386,0.020128824476650563,13.231347289318304,1.570048309178744,0.5837359098228664
95,27.85829307568438,15.593129361245303,2.442297369833602,7.9106280193236715,10.057702630166398,20.48443370907139,0.1878690284487386,0.020128824476650563,13.20450885668277,1.570048309178744,0.6709608158883521
96,28.073000536768653,15.573000536768653,2.442297369833602,7.883789586688137,10.165056360708535,20.40391841116479,0.1878690284487386,0.020128824476650563,13.117283950617283,1.4626945786366077,0.6709608158883521
97,28.31454643048846,15.385131508319914,2.442297369833602,7.977724100912507,10.198604401502953,20.35024154589372,0.1878690284487386,0.020128824476650563,13.117283950617283,1.3352120236178207,0.6709608158883521
98,28.629898013955984,15.297906602254429,2.442297369833602,8.085077831454644,10.010735373054214,20.189210950080515,0.1878690284487386,0.020128824476650563,13.01663982823403,1.3352120236178207,0.785024154589372
99,29.03918411164788,15.217391304347826,2.4355877616747184,8.024691358024691,9.856414385399892,19.994632313472895,0.1878690284487386,0.020128824476650563,12.788513150831992,1.4492753623188406,0.9863123993558777
100,29.159957058507782,15.217391304347826,2.4355877616747184,7.977724100912507,9.796027911969942,19.880568974771872,0.1878690284487386,0.020128824476650563,12.788513150831992,1.4224369296833066,1.1137949543746646
101,29.146537842190018,15.271068169618895,2.4154589371980677,8.017981749865807,9.796027911969942,19.85373054213634,0.1878690284487386,0.020128824476650563,12.754965110037574,1.4224369296833066,1.1137949543746646
102,28.468867418142782,14.969135802469136,2.5429414922168547,7.608695652173913,8.829844337090714,18.813741277509394,0.10735373054213634,0.020128824476650563,16.35131508319914,1.261406333870102,1.0265700483091786
103,28.77079978529254,14.868491680085883,2.5429414922168547,7.595276435856146,8.749329039184111,18.71309715512614,0.10735373054213634,0.020128824476650563,16.344605475040257,1.261406333870102,1.0265700483091786
104,26.99946323134729,14.197530864197532,2.462426194310252,6.816961889425658,7.749597423510467,18.015297906602253,0.10735373054213634,,21.296296296296298,1.328502415458937,1.0265700483091786
105,27.26113794954375,14.184111647879764,2.522812667740204,7.071926999463232,7.004830917874396,17.746913580246915,0.06709608158883522,,21.880032206119164,1.328502415458937,0.9326355340848095
106,27.576489533011273,14.163982823403114,2.522812667740204,7.024959742351046,6.957863660762212,17.62614063338701,0.06709608158883522,,21.672034353193773,1.328502415458937,1.0601180891035964
107,26.88539989264627,13.821792807300053,3.6634460547504024,7.004830917874396,6.830381105743425,19.061996779388085,0.06709608158883522,,20.29656468062265,1.3083735909822867,1.0601180891035964
108,26.918947933440688,13.734567901234568,4.30756843800322,7.118894256575416,6.588835212023618,18.766774020397207,0.06709608158883522,,20.148953301127214,1.288244766505636,1.0601180891035964
109,27.36849168008588,13.526570048309178,4.28743961352657,7.112184648416532,6.528448738593666,18.67283950617284,0.06709608158883522,,19.961084272678477,1.2748255501878691,1.2010198604401503
110,27.549651100375737,13.486312399355878,4.448470209339774,7.024959742351046,6.528448738593666,18.46484165324745,0.06709608158883522,,19.920826623725173,1.247987117552335,1.261406333870102
111,27.811325818572197,13.271604938271604,4.448470209339774,7.286634460547504,6.488191089640365,18.169618894256576,0.06709608158883522,,19.672571121846484,1.442565754159957,1.3419216317767042
112,27.871712292002147,13.22463768115942,4.42163177670424,7.387278582930757,6.4412238325281805,18.169618894256576,0.06709608158883522,,19.565217391304348,1.5096618357487923,1.3419216317767042
113,28.26086956521739,13.191089640365004,4.414922168545357,7.347020933977456,6.340579710144928,17.961621041331185,0.06709608158883522,,19.565217391304348,1.5096618357487923,1.3419216317767042
114,28.22061191626409,13.177670424047236,4.414922168545357,7.347020933977456,6.421095008051529,17.961621041331185,0.06709608158883522,,19.538378958668815,1.5096618357487923,1.3419216317767042
115,28.435319377348364,13.177670424047236,4.414922168545357,7.347020933977456,6.333870101986044,17.934782608695652,0.06709608158883522,,19.43773483628556,1.5096618357487923,1.3419216317767042
116,28.67686527106817,13.077026301663983,4.374664519592056,7.48792270531401,6.333870101986044,17.820719269994633,0.06709608158883522,,19.162640901771336,1.6572732152442298,1.3419216317767042
117,28.904991948470208,12.875738056897477,4.555823939881911,7.461084272678476,6.233225979602791,18.438003220611915,0.06709608158883522,,18.344068706387546,1.7847557702630166,1.3352120236178207
118,28.972088030059044,12.86231884057971,4.690016103059581,7.340311325818572,6.159420289855072,18.33064949006978,0.06709608158883522,,18.256843800322063,1.9927536231884058,1.328502415458937
119,29.374664519592056,12.781803542673108,4.690016103059581,7.313472893183038,6.132581857219538,18.209876543209877,0.06709608158883522,,18.14278046162104,1.9659151905528718,1.3217928073000538
120,29.260601180891037,12.681159420289855,3.7372517444981215,8.581588835212024,5.736714975845411,17.921363392377884,0.06038647342995169,,18.739935587761675,1.9592055823939882,1.3217928073000538
121,28.898282340311326,12.667740203972087,3.6366076221148687,8.433977455716587,5.381105743424584,19.155931293612454,0.06038647342995169,,18.61916264090177,1.9592055823939882,1.1876006441223832
122,28.75738056897477,12.620772946859903,3.1602254428341383,8.07836822329576,5.199946323134729,20.229468599033815,0.06038647342995169,,18.746645195920557,1.9592055823939882,1.1876006441223832
123,29.126409017713364,12.614063338701019,3.1602254428341383,8.031400966183575,5.280461621041331,20.148953301127214,0.06038647342995169,,18.344068706387546,2.046430488459474,1.1876006441223832
124,29.180085882984432,12.016908212560386,3.1602254428341383,7.87037037037037,5.226784755770263,20.175791733762747,0.06038647342995169,,19.129092860976918,2.0397208803005906,1.1406333870101986
125,29.468599033816425,11.956521739130435,3.2742887815351582,7.722758990874933,5.2066559312936125,20.095276435856146,0.06038647342995169,,19.03515834675255,2.0397208803005906,1.1406333870101986
126,29.750402576489535,11.855877616747183,3.2206119162640903,7.897208803005904,5.193236714975845,19.80005367686527,0.06038647342995169,,18.914385399892645,2.0397208803005906,1.2681159420289856
127,30.213365539452496,11.728395061728396,3.2004830917874396,7.776435856146001,5.320719269994632,19.64573268921095,0.06038647342995169,,18.793612453032743,1.9927536231884058,1.2681159420289856
128,30.03220611916264,11.708266237251744,3.2004830917874396,7.561728395061729,5.179817498658078,19.55179817498658,0.06038647342995169,,19.276704240472355,1.8988191089640365,1.5297906602254427
129,30.44820182501342,11.533816425120772,3.2340311325818574,7.575147611379496,5.139559849704777,19.39747718733226,0.06038647342995169,,19.0955448201825,1.9860440150295222,1.5297906602254427
130,30.689747718733226,11.29898013955985,3.2340311325818574,7.387278582930757,5.10601180891036,19.363929146537842,0.06038647342995169,,19.343800322061192,1.9860440150295222,1.5297906602254427
131,30.71658615136876,11.151368760064413,3.2340311325818574,7.192699946323135,5.60252281266774,19.32367149758454,0.06038647342995169,,19.202898550724637,1.9860440150295222,1.5297906602254427
132,30.810520665593128,11.144659151905529,3.2206119162640903,7.105475040257649,5.71658615136876,19.316961889425656,0.06038647342995169,,19.108964036500268,1.9860440150295222,1.5297906602254427
133,30.991680085882983,11.124530327428879,3.193773483628556,7.085346215780999,5.689747718733226,19.256575415995705,0.06038647342995169,,18.99490069779925,2.073268921095008,1.5297906602254427
134,31.146001073537306,11.003757380568974,3.1535158346752548,6.984702093397746,5.770263016639828,19.14922168545357,0.06038647342995169,,19.142512077294686,2.073268921095008,1.5163714439076759
135,31.4747718733226,10.88298443370907,3.1535158346752548,6.977992485238862,5.770263016639828,18.874127750939344,0.06038647342995169,,19.082125603864736,2.2074610842726785,1.5163714439076759
136,31.602254428341386,10.88298443370907,3.294417606011809,6.977992485238862,5.770263016639828,18.666129898013956,0.06038647342995169,,19.02173913043478,2.2074610842726785,1.5163714439076759
137,31.99141170155663,10.748792270531402,3.294417606011809,7.03166935050993,5.770263016639828,18.55877616747182,0.06038647342995169,,18.840579710144926,2.187332259796028,1.5163714439076759
138,32.139023081052066,10.63472893183038,3.2474503488996245,7.132313472893183,6.380837359098229,18.035426731078903,0.06038647342995169,,18.67283950617284,2.26784755770263,1.42914653784219
139,32.380568974771876,10.540794417606012,3.2340311325818574,7.434245840042942,6.582125603864735,17.398013955984972,0.06038647342995169,,18.54535695115405,2.395330112721417,1.42914653784219
140,32.52147074610843,10.48040794417606,3.2340311325818574,7.253086419753086,7.5281803542673105,16.61969940955448,0.06038647342995169,,18.45813204508857,2.368491680085883,1.4761137949543746
141,32.6556629092861,10.48040794417606,3.2340311325818574,7.192699946323135,7.5281803542673105,16.586151368760063,0.06038647342995169,,18.323939881910896,2.368491680085883,1.570048309178744
142,32.88378958668814,10.413311862587225,3.227321524422974,7.179280730005368,7.494632313472893,16.586151368760063,0.06038647342995169,,18.23671497584541,2.3483628556092326,1.570048309178744
143,33.031400966183575,10.299248523886206,3.227321524422974,7.139023081052066,7.809983896940419,16.51905528717123,0.06038647342995169,,18.00187869028449,2.3483628556092326,1.5633387010198605
144,33.24610842726785,10.218733225979603,3.2206119162640903,7.105475040257649,7.809983896940419,16.478797638217927,0.06038647342995169,,17.94820182501342,2.3483628556092326,1.5633387010198605
145,33.722490606548575,10.124798711755233,3.1199677938808374,7.105475040257649,7.803274288781535,16.418411164787976,0.06038647342995169,,17.767042404723565,2.341653247450349,1.5365002683843263
146,33.903650026838434,10.111379495437467,3.2004830917874396,7.105475040257649,7.883789586688137,16.25067096081589,0.06038647342995169,,17.60601180891036,2.341653247450349,1.5365002683843263
147,33.8365539452496,10.38647342995169,3.408480944712829,7.085346215780999,7.7898550724637685,16.06280193236715,0.06038647342995169,,17.518786902844873,2.341653247450349,1.5096618357487923
148,33.581588835212024,10.218733225979603,3.3950617283950617,7.051798174986581,8.769457863660762,15.754159957058508,0.06038647342995169,,17.465110037573805,2.341653247450349,1.3620504562533549
149,33.43397745571659,10.21202361782072,3.3950617283950617,7.011540526033279,8.76274825550188,16.056092324208265,0.06038647342995169,,17.250402576489535,2.462426194310252,1.3553408480944713
150,33.823134728931834,10.19189479334407,3.3950617283950617,7.011540526033279,8.76274825550188,16.035963499731615,0.06038647342995169,,16.901502952227588,2.462426194310252,1.3553408480944713
151,34.09151905528717,10.138217928073,3.280998389694042,7.192699946323135,8.742619431025227,15.861513687600644,0.06038647342995169,,16.847826086956523,2.428878153515835,1.3553408480944713
152,34.252549651100374,10.02415458937198,3.280998389694042,7.192699946323135,8.742619431025227,15.848094471282877,0.06038647342995169,,16.814278046162105,2.428878153515835,1.3553408480944713
153,34.19216317767042,10.010735373054214,3.180354267310789,6.9310252281266775,8.682232957595277,15.754159957058508,0.06038647342995169,,17.431561996779386,2.4221685453569513,1.3352120236178207
154,34.333064949006975,9.957058507783145,3.1736446591519054,6.9310252281266775,8.682232957595277,15.673644659151906,0.06038647342995169,,17.431561996779386,2.4221685453569513,1.3352120236178207
155,33.21256038647343,11.802200751476114,3.1736446591519054,7.105475040257649,8.53462157809984,15.619967793880837,0.06038647342995169,,16.74718196457327,2.4221685453569513,1.3217928073000538
156,33.44068706387547,11.802200751476114,3.1736446591519054,7.092055823939882,8.608427267847558,15.546162104133119,0.06038647342995169,,16.532474503488995,2.4221685453569513,1.3217928073000538
157,33.55475040257649,11.79549114331723,4.817498658078368,7.092055823939882,8.467525496511003,14.928878153515834,0.06038647342995169,,15.787707997852925,2.341653247450349,1.1540526033279657
158,33.863392377885134,11.721685453569512,4.817498658078368,7.078636607622115,8.447396672034353,14.908749329039184,0.06038647342995169,,15.70048309178744,2.24771873322598,1.1540526033279657
159,33.20585077831455,11.600912506709609,4.783950617283951,7.03166935050993,7.924047235641439,14.465915190552872,0.06038647342995169,,17.746913580246915,2.120236178207193,1.0601180891035964
160,33.293075684380035,11.480139559849706,4.783950617283951,6.964573268921095,8.038110574342458,14.452495974235104,0.06038647342995169,,17.800590445517983,2.120236178207193,1.0064412238325282
161,33.13875469672571,11.506977992485238,4.74369296833065,6.870638754696726,7.1658615136876005,13.768115942028986,0.06038647342995169,,19.592055823939884,2.1806226516371443,0.9728931830381106
162,33.16559312936125,11.506977992485238,4.74369296833065,6.870638754696726,7.1658615136876005,13.754696725711218,0.06038647342995169,,19.578636607622116,2.1806226516371443,0.9728931830381106
163,33.43397745571659,11.379495437466453,4.669887278582931,6.870638754696726,7.1658615136876005,13.754696725711218,0.06038647342995169,,19.53166935050993,2.1604938271604937,0.9728931830381106
164,33.63526570048309,11.345947396672035,4.609500805152979,6.944444444444445,7.239667203435319,13.707729468599034,0.06038647342995169,,19.33709071390231,2.147074610842727,0.9728931830381106
165,33.883521202361784,11.345947396672035,4.575952764358561,6.944444444444445,7.206119162640902,13.647342995169081,0.06038647342995169,,19.243156199677937,2.1403650026838434,0.95276435856146
166,33.964036500268385,11.439881910896403,4.575952764358561,6.91760601180891,7.159151905528717,13.6406333870102,0.06038647342995169,,19.04186795491143,2.24771873322598,0.95276435856146
167,33.46081588835212,11.131239935587761,4.394793344068707,6.877348362855609,7.675791733762749,14.392109500805153,0.040257648953301126,,18.82716049382716,2.24771873322598,0.95276435856146
168,33.89694041867955,11.023886205045626,4.334406870638754,6.877348362855609,7.6556629092860975,14.392109500805153,0.040257648953301126,,18.57890499194847,2.24771873322598,0.95276435856146
169,33.99087493290392,11.023886205045626,4.334406870638754,6.877348362855609,7.6556629092860975,14.392109500805153,0.040257648953301126,,18.4849704777241,2.24771873322598,0.95276435856146
170,34.326355340848096,11.05072463768116,4.334406870638754,6.857219538378959,7.588566827697263,14.231078904991948,0.040257648953301126,,18.370907139023082,2.24771873322598,0.95276435856146
171,34.45383789586688,10.091250670960816,4.334406870638754,6.857219538378959,7.548309178743962,15.257648953301127,0.040257648953301126,,18.250134192163177,2.24771873322598,0.9192163177670424
172,34.82286634460547,10.091250670960816,4.30756843800322,6.769994632313473,7.427536231884058,15.237520128824476,0.040257648953301126,,18.149490069779926,2.24771873322598,0.9057971014492754
173,35.07112184648417,10.010735373054214,4.260601180891036,6.756575415995706,7.427536231884058,15.230810520665592,0.040257648953301126,,18.04884594739667,2.24771873322598,0.9057971014492754
174,35.37305421363392,9.977187332259795,4.253891572732153,6.729736983360172,7.427536231884058,15.063070316693505,0.040257648953301126,,18.00858829844337,2.2208803005904456,0.9057971014492754
175,35.527375201288244,9.749060654857756,4.40150295222759,7.058507783145465,7.347020933977456,14.888620504562533,0.040257648953301126,,17.92807300053677,2.15378421900161,0.9057971014492754
176,35.96349973161568,9.681964573268921,4.213633923778851,7.018250134192163,7.326892109500805,14.855072463768115,0.040257648953301126,,17.840848094471284,2.15378421900161,0.9057971014492754
177,36.131239935587764,9.655126140633387,4.213633923778851,7.018250134192163,7.132313472893183,15.049651100375739,0.040257648953301126,,17.69994632313473,2.15378421900161,0.9057971014492754
178,33.25281803542673,8.896940418679549,4.240472356414386,7.0450885668276975,7.320182501341922,14.55984970477724,0.040257648953301126,,21.584809447128286,2.15378421900161,0.9057971014492754
179,32.9374664519592,8.896940418679549,4.146537842190016,7.03166935050993,7.2933440687063875,16.21712292002147,0.040257648953301126,,20.511272141706925,2.01959205582394,0.9057971014492754
180,33.11862587224906,8.896940418679549,4.253891572732153,7.024959742351046,7.085346215780999,16.19699409554482,0.040257648953301126,,20.457595276435857,2.01959205582394,0.9057971014492754
181,33.1454643048846,8.816425120772946,4.42163177670424,7.024959742351046,7.051798174986581,16.170155662909288,0.040257648953301126,,20.40391841116479,2.01959205582394,0.9057971014492754
182,32.43424584004294,8.695652173913043,4.30756843800322,6.857219538378959,6.6760601180891035,16.0829307568438,0.040257648953301126,,22.000805152979066,2.01959205582394,0.8856682769726248
183,32.6154052603328,8.568169618894256,4.300858829844337,6.857219538378959,6.66935050993022,16.09634997316157,0.040257648953301126,,21.947128287707997,2.01959205582394,0.8856682769726248
184,32.98443370907139,8.521202361782072,4.274020397208803,6.857219538378959,6.635802469135802,15.94873859366613,0.040257648953301126,,21.87332259796028,1.9793344068706387,0.8856682769726248
185,33.16559312936125,8.467525496511003,4.247181964573269,6.790123456790123,6.635802469135802,16.022544283413847,0.040257648953301126,,21.833064949006978,1.9390767579173376,0.8588298443370908
186,33.3870101986044,8.3467525496511,4.2203435319377345,6.850509930220075,6.635802469135802,15.962157809983896,0.040257648953301126,,21.75925925925926,1.9390767579173376,0.8588298443370908
187,33.52791196994095,8.333333333333334,4.193505099302201,6.810252281266774,6.568706387546968,16.378153515834676,0.040257648953301126,,21.531132581857218,1.8451422436929683,0.7716049382716049
188,34.024422973698336,8.333333333333334,4.193505099302201,6.810252281266774,6.5485775630703165,16.089640365002683,0.040257648953301126,,21.39694041867955,1.8183038110574343,0.7447665056360708
189,34.346484165324746,8.272946859903382,4.274020397208803,6.6827697262479875,6.454643048845948,16.002415458937197,0.040257648953301126,,21.36339237788513,1.8183038110574343,0.7447665056360708
190,34.66854535695116,8.246108427267847,4.435050993022007,6.649221685453569,6.4345142243692965,15.787707997852925,0.040257648953301126,,21.195652173913043,1.7981749865807837,0.7447665056360708
191,34.82957595276436,8.205850778314547,4.42163177670424,6.622383252818035,6.374127750939345,15.787707997852925,0.040257648953301126,,21.07487922705314,1.7981749865807837,0.8454106280193237
192,34.997316156736446,8.165593129361245,4.388083735909823,6.622383252818035,6.374127750939345,15.707192699946322,0.040257648953301126,,21.068169618894256,1.7981749865807837,0.8387010198604401
193,35.299248523886206,8.165593129361245,4.341116478797638,6.615673644659152,6.374127750939345,15.633387010198604,0.040257648953301126,,20.90713902308105,1.7847557702630166,0.8387010198604401
194,35.0979602791197,8.085077831454644,4.42163177670424,6.602254428341385,6.347289318303811,15.613258185721953,0.040257648953301126,,21.16881374127751,1.7847557702630166,0.8387010198604401
195,35.39318303811057,8.064949006977992,4.408212560386473,6.608964036500268,6.340579710144928,15.499194847020934,0.040257648953301126,,20.913848631239937,1.892109500805153,0.8387010198604401
196,35.65485775630703,7.950885668276973,4.408212560386473,6.561996779388084,6.709608158883521,15.24422973698336,0.040257648953301126,,20.71256038647343,1.8786902844873858,0.8387010198604401
197,35.77563070316693,7.877079978529254,4.408212560386473,6.407675791733762,6.702898550724638,15.24422973698336,0.040257648953301126,,20.82662372517445,1.8786902844873858,0.8387010198604401
198,33.97074610842727,7.581857219538379,4.1532474503489,6.488191089640365,6.810252281266774,17.538915727321523,0.040257648953301126,,20.719269994632313,1.8585614600107354,0.8387010198604401
199,34.23242082662372,7.568438003220612,4.26731078904992,6.474771873322598,6.810252281266774,17.351046698872786,0.040257648953301126,,20.497852925389157,1.9189479334406871,0.8387010198604401
200,34.18545356951154,7.555018786902845,4.26731078904992,6.568706387546968,6.810252281266774,17.257112184648417,0.040257648953301126,,20.42404723564144,2.0531400966183573,0.8387010198604401
201,34.064680622651636,7.521470746108427,4.260601180891036,6.635802469135802,6.790123456790123,17.23027375201288,0.040257648953301126,,20.477724100912507,2.1604938271604937,0.8185721953837896
202,34.20558239398819,7.481213097155126,4.253891572732153,6.568706387546968,6.857219538378959,17.23027375201288,0.040257648953301126,,20.38378958668814,2.1604938271604937,0.8185721953837896
203,34.43370907139023,7.447665056360709,4.240472356414386,6.394256575415996,6.857219538378959,17.11621041331186,0.040257648953301126,,20.37037037037037,2.281266774020397,0.8185721953837896
204,34.46054750402576,7.367149758454106,4.2270531400966185,6.380837359098229,7.098765432098766,17.05582393988191,0.040257648953301126,,20.276435856146,2.2745571658615136,0.8185721953837896
205,34.574610842726784,7.212828770799785,4.334406870638754,6.360708534621578,7.514761137949543,16.63311862587225,0.040257648953301126,,20.242887815351583,2.2745571658615136,0.8118625872249061
206,34.675254965110035,7.199409554482019,4.327697262479871,6.3137412775093935,7.514761137949543,16.59957058507783,0.040257648953301126,,20.242887815351583,2.2745571658615136,0.8118625872249061
207,34.66854535695116,7.018250134192163,4.38137412775094,6.615673644659152,7.407407407407407,16.51905528717123,0.040257648953301126,,20.155662909286097,2.4020397208803006,0.7917337627482555
208,34.936929683306495,6.991411701556629,4.361245303274289,6.494900697799249,7.347020933977456,16.492216854535695,0.040257648953301126,,20.142243692968332,2.4020397208803006,0.7917337627482555
209,35.18518518518518,6.910896403650026,4.361245303274289,6.468062265163715,7.306763285024155,16.532474503488995,0.040257648953301126,,20.001341921631777,2.4020397208803006,0.7917337627482555
210,34.80273752012882,6.4345142243692965,4.025764895330113,6.367418142780462,6.461352657004831,16.364734299516908,0.040257648953301126,,22.309447128287708,2.4020397208803006,0.7917337627482555
211,34.98389694041868,6.4345142243692965,4.1532474503489,6.320450885668277,6.461352657004831,16.31105743424584,0.040257648953301126,,22.15512614063339,2.3483628556092326,0.7917337627482555
212,35.487117552334944,6.421095008051529,4.126409017713366,6.273483628556092,6.387546967257112,16.21712292002147,0.040257648953301126,,21.920289855072465,2.3349436392914655,0.7917337627482555
213,35.72195383789587,6.394256575415996,4.032474503488996,6.273483628556092,6.387546967257112,16.203703703703702,0.040257648953301126,,21.81964573268921,2.3349436392914655,0.7917337627482555
214,35.84272678475577,6.340579710144928,4.025764895330113,6.273483628556092,6.387546967257112,16.23054213633924,0.040257648953301126,,21.732420826623724,2.3349436392914655,0.7917337627482555
215,36.03730542136339,6.333870101986044,4.012345679012346,6.219806763285024,6.327160493827161,16.284219001610307,0.040257648953301126,,21.618357487922705,2.3349436392914655,0.7917337627482555
216,36.2385936661299,6.333870101986044,4.012345679012346,6.199677938808374,6.327160493827161,16.183574879227052,0.040257648953301126,,21.564680622651636,2.3349436392914655,0.7648953301127214
217,36.36607622114869,6.333870101986044,4.066022544283414,6.199677938808374,6.226516371443908,16.15673644659152,0.040257648953301126,,21.511003757380568,2.3349436392914655,0.7648953301127214
218,36.85587761674718,6.286902844873859,4.03918411164788,6.0654857756307035,6.125872249060655,16.076221148684915,0.040257648953301126,,21.4170692431562,2.328234031132582,0.7648953301127214
219,36.862587224906065,6.260064412238325,4.133118625872249,6.132581857219538,6.092324208266238,16.06280193236715,0.040257648953301126,,21.256038647342994,2.395330112721417,0.7648953301127214
