,45,50,51,53,54,55,52,57,56,58,59
0,96.06816961889426,3.9318303811057436,,,,,,,,,
1,92.51878690284488,7.481213097155126,,,,,,,,,
2,91.6129898013956,8.387010198604402,,,,,,,,,
3,91.58615136876007,8.413848631239935,,,,,,,,,
4,91.532474503489,8.467525496511003,,,,,,,,,
5,87.7818035426731,11.560654857756306,0.5636070853462157,0.0939345142243693,,,,,,,
6,87.79522275899087,11.54723564143854,0.5636070853462157,0.0939345142243693,,,,,,,
7,84.73564143853999,14.606816961889425,0.5636070853462157,0.0939345142243693,,,,,,,
8,65.66022544283413,32.689210950080515,0.5636070853462157,0.0939345142243693,0.9930220075147611,,,,,,
9,66.03596349973162,32.31347289318304,0.5636070853462157,0.0939345142243693,0.9930220075147611,,,,,,
10,63.21121846484165,35.17176596886742,0.5300590445517982,0.0939345142243693,0.9930220075147611,,,,,,
11,60.889694041867955,37.265163714439076,0.5300590445517982,0.322061191626409,0.9930220075147611,,,,,,
12,61.02388620504563,37.1309715512614,0.5300590445517982,0.322061191626409,0.9930220075147611,,,,,,
13,60.789049919484704,37.38593666129898,0.5300590445517982,0.322061191626409,0.9728931830381106,,,,,,
14,61.12453032742888,36.99006977992485,0.5300590445517982,0.322061191626409,0.9460547504025765,0.08722490606548577,,,,,
15,57.018250134192165,41.06280193236715,0.5233494363929146,0.322061191626409,0.9460547504025765,0.1274825550187869,,,,,
16,57.387278582930755,40.61996779388084,0.5233494363929146,0.4294149221685454,0.9125067096081588,0.1274825550187869,,,,,
17,57.66237251744498,40.371712292002144,0.5099302200751477,0.41599570585077833,0.9125067096081588,0.1274825550187869,,,,,
18,55.75684380032206,32.67579173376275,0.5099302200751477,0.39586688137412773,,0.1274825550187869,10.534084809447128,,,,
19,55.803811057434245,32.360440150295226,0.5099302200751477,0.4830917874396135,1.3955984970477724,0.36902844873859364,9.078099838969404,,,,
20,56.21980676328502,31.83709071390231,0.47638217928073,0.4830917874396135,1.3821792807300053,0.46296296296296297,9.138486312399356,,,,
21,51.48282340311326,33.340042941492214,0.47638217928073,4.086151368760064,1.3821792807300053,0.14090177133655393,9.091519055287172,,,,
22,51.878690284487384,33.13204508856683,0.47638217928073,4.019055287171229,1.3821792807300053,0.14090177133655393,8.910359634997317,0.06038647342995169,,,
23,52.35507246376812,32.82340311325819,0.47638217928073,3.978797638217928,1.3687600644122384,0.14090177133655393,8.796296296296296,0.06038647342995169,,,
24,51.12050456253355,33.05823939881911,1.556629092860977,3.938539989264627,1.3687600644122384,0.14090177133655393,8.756038647342995,0.06038647342995169,,,
25,51.46269457863661,32.76301663982824,1.5499194847020934,3.851315083199141,1.328502415458937,0.2549651100375738,8.756038647342995,0.03354804079441761,,,
26,49.946323134728935,34.42028985507246,1.5499194847020934,3.294417606011809,1.328502415458937,0.7313472893183038,8.61513687600644,0.11406333870101985,,,
27,48.35614600107354,35.99704777241009,1.5499194847020934,3.280998389694042,1.328502415458937,0.7716049382716049,8.601717659688674,0.11406333870101985,,,
28,48.39640365002684,33.15217391304348,1.5499194847020934,4.690016103059581,1.328502415458937,0.7716049382716049,9.997316156736447,0.11406333870101985,,,
29,48.93317230273752,32.809983896940416,1.5163714439076759,4.636339237788513,1.328502415458937,0.7716049382716049,9.88996242619431,0.11406333870101985,,,
30,48.20182501341922,33.45410628019324,1.5096618357487923,5.870907139023081,0.966183574879227,0.7716049382716049,9.111647879763822,0.11406333870101985,,,
31,48.16156736446592,33.63526570048309,1.4761137949543746,5.783682232957595,0.9594739667203436,0.7716049382716049,9.098228663446054,0.11406333870101985,,,
32,48.752012882447666,33.272946859903385,1.4761137949543746,5.6964573268921095,0.9594739667203436,0.7716049382716049,8.957326892109501,0.11406333870101985,,,
33,47.477187332259795,34.29951690821256,1.90552871712292,5.629361245303274,1.0198604401502953,0.7716049382716049,8.78287707997853,0.11406333870101985,,,
34,47.87976382179281,34.05797101449275,1.8988191089640365,5.535426731078905,1.0198604401502953,0.7716049382716049,8.722490606548577,0.11406333870101985,,,
35,47.57783145464305,33.5077831454643,2.677133655394525,5.481749865807837,0.6977992485238862,0.7716049382716049,9.16532474503489,0.12077294685990338,,,
36,36.97665056360709,44.77321524422974,2.200751476113795,5.307300053676865,0.7313472893183038,0.7716049382716049,9.118357487922705,0.12077294685990338,,,
37,37.2987117552335,44.32367149758454,2.187332259796028,5.307300053676865,0.7313472893183038,0.9393451422436929,9.091519055287172,0.12077294685990338,,,
38,37.82206119162641,43.45813204508857,2.187332259796028,5.347557702630167,0.7246376811594203,1.3083735909822867,9.03113258185722,0.12077294685990338,,,
39,37.996511003757384,32.62211486849168,13.7211486849168,5.273752012882448,0.7246376811594203,0.7447665056360708,8.796296296296296,0.12077294685990338,,,
40,37.775093934514224,31.95115405260333,14.761137949543746,5.246913580246914,0.7246376811594203,0.7246376811594203,8.695652173913043,0.12077294685990338,,,
41,38.077026301663984,31.64922168545357,14.680622651637144,5.233494363929147,0.7246376811594203,0.8588298443370908,8.655394524959743,0.12077294685990338,,,
42,38.539989264626946,31.46135265700483,14.492753623188406,5.226784755770263,0.7246376811594203,0.8588298443370908,8.57487922705314,0.12077294685990338,,,
43,38.84192163177671,30.99838969404187,12.741545893719806,5.226784755770263,0.7045088566827697,2.6301663982823404,8.735909822866345,0.12077294685990338,,,
44,37.59393451422437,31.226516371443907,13.030059044551798,6.769994632313473,0.630703166935051,1.6706924315619969,8.910359634997317,0.16774020397208803,,,
45,35.55421363392378,31.239935587761675,19.28341384863124,6.622383252818035,0.5300590445517982,1.6706924315619969,5.01207729468599,0.08722490606548577,,,
46,35.91653247450349,31.085614600107355,19.202898550724637,6.582125603864735,0.5233494363929146,1.6572732152442298,4.944981213097155,0.08722490606548577,,,
47,35.581052066559316,30.360976918947934,20.303274288781534,6.595544820182502,0.49651100375738055,1.6572732152442298,4.918142780461621,0.08722490606548577,,,
48,35.929951690821255,30.099302200751477,20.041599570585078,5.367686527106817,0.39586688137412773,1.6170155662909287,6.387546967257112,0.08722490606548577,0.07380568974771873,,
49,36.2385936661299,30.005367686527105,19.639023081052066,4.260601180891036,0.39586688137412773,2.9388083735909825,6.360708534621578,0.08722490606548577,0.07380568974771873,,
50,36.460010735373054,29.938271604938272,19.565217391304348,4.260601180891036,0.39586688137412773,2.871712292002147,6.347289318303811,0.08722490606548577,0.07380568974771873,,
51,34.99060654857756,31.206387546967257,19.35721953837896,4.019055287171229,0.39586688137412773,2.898550724637681,6.971282877079979,0.08722490606548577,0.07380568974771873,,
52,35.279119699409556,31.0654857756307,19.243156199677937,3.9452495974235107,0.39586688137412773,1.570048309178744,8.340042941492216,0.08722490606548577,0.07380568974771873,,
53,35.178475577026305,31.45464304884595,19.11567364465915,3.9049919484702094,0.39586688137412773,1.570048309178744,8.252818035426731,0.08722490606548577,0.040257648953301126,,
54,33.42055823939882,29.334406870638755,29.56924315619968,2.7241009125067097,,1.288244766505636,3.569511540526033,0.05367686527106817,0.040257648953301126,,
55,33.279656468062264,28.28099838969404,30.636070853462158,3.026033279656468,,1.247987117552335,3.2139023081052067,0.16774020397208803,0.14761137949543746,,
56,33.5077831454643,28.093129361245303,29.73027375201288,3.140096618357488,,1.3083735909822867,3.2139023081052067,0.16774020397208803,0.8387010198604401,,
57,33.91035963499731,27.905260332796566,29.56924315619968,3.1199677938808374,,1.2815351583467525,3.207192699946323,0.16774020397208803,0.8387010198604401,,
58,33.93719806763285,27.200751476113794,30.340848094471284,3.079710144927536,,1.2546967257112185,3.180354267310789,0.16774020397208803,0.8387010198604401,,
59,34.33977455716586,27.033011272141707,30.112721417069242,3.079710144927536,,1.247987117552335,3.180354267310789,0.16774020397208803,0.8387010198604401,,
60,34.715512614063336,26.8719806763285,29.931561996779386,3.052871712292002,,1.2412775093934514,3.180354267310789,0.16774020397208803,0.8387010198604401,,
61,35.19189479334407,26.85185185185185,29.562533548040793,3.046162104133119,,1.2278582930756843,3.113258185721954,0.16774020397208803,0.8387010198604401,,
62,34.272678475577024,25.51663982823403,31.87734836285561,3.0327428878153517,,1.221148684916801,3.0864197530864197,0.16774020397208803,0.8252818035426731,,
63,34.33977455716586,25.51663982823403,31.736446591519055,3.0193236714975846,,1.247987117552335,3.079710144927536,0.16774020397208803,0.8923778851315083,,
64,33.17230273752013,26.778046162104133,30.9849704777241,3.0193236714975846,,1.247987117552335,3.7372517444981215,0.16774020397208803,0.8923778851315083,,
65,33.360171765968865,25.758185721953836,31.635802469135804,3.0059044551798175,,1.2748255501878691,3.81105743424584,0.16774020397208803,0.9863123993558777,,
66,33.7962962962963,25.63070316693505,31.293612453032743,3.0059044551798175,0.06709608158883522,1.2748255501878691,3.7775093934514223,0.16774020397208803,0.9863123993558777,,
67,34.35990338164251,25.315351583467525,30.96484165324745,2.9119699409554483,0.06709608158883522,1.3486312399355878,3.8915727321524423,0.15432098765432098,0.9863123993558777,,
68,32.870370370370374,28.08641975308642,30.226784755770264,2.85829307568438,0.06709608158883522,1.3083735909822867,3.556092324208266,0.15432098765432098,0.8722490606548577,,
69,32.7361782071927,26.798174986580783,29.918142780461622,2.85829307568438,0.17444981213097155,1.5499194847020934,4.938271604938271,0.15432098765432098,0.8722490606548577,,
70,33.15888352120236,26.462694578636608,26.382179280730007,2.8247450348899625,0.24154589371980675,1.5432098765432098,8.836553945249598,0.11406333870101985,0.43612453032742887,,
71,33.76945786366076,26.288244766505635,26.247987117552334,2.8247450348899625,0.2281266774020397,1.5432098765432098,8.225979602791197,0.4428341384863124,0.4294149221685454,,
72,34.29951690821256,26.04669887278583,26.02657004830918,2.7979066022544283,0.2281266774020397,1.570048309178744,8.205850778314547,0.43612453032742887,0.38915727321524424,,
73,34.447128287708,25.704508856682768,26.080246913580247,3.052871712292002,0.2281266774020397,1.5633387010198605,8.09849704777241,0.43612453032742887,0.38915727321524424,,
74,32.15915190552872,24.188137412775095,33.843263553408484,2.952227589908749,0.20128824476650564,1.4492753623188406,4.783950617283951,0.11406333870101985,0.30864197530864196,,
75,32.340311325818575,23.899624261943103,32.078636607622116,4.85775630703167,0.20128824476650564,1.442565754159957,4.757112184648417,0.11406333870101985,0.30864197530864196,,
76,32.809983896940416,23.8191089640365,31.756575415995705,4.824208266237251,0.20128824476650564,1.442565754159957,4.736983360171766,0.10064412238325282,0.30864197530864196,,
77,33.031400966183575,23.597691894793343,29.408212560386474,4.783950617283951,1.6304347826086956,2.677133655394525,4.461889425657541,0.10064412238325282,0.30864197530864196,,
78,33.48094471282877,23.517176596886742,29.07944176060118,4.736983360171766,1.596886741814278,2.7442297369833604,4.435050993022007,0.10064412238325282,0.30864197530864196,,
79,33.87010198604401,23.416532474503487,28.938539989264626,4.723564143853999,1.5901771336553945,2.677133655394525,4.374664519592056,0.10064412238325282,0.30864197530864196,,
80,34.366612989801396,23.2085346215781,28.73054213633924,4.676596886741814,1.5767579173376274,2.6637144390767578,4.367954911433173,0.10064412238325282,0.30864197530864196,,
81,34.74906065485776,22.920021470746107,28.14009661835749,4.7638217928073,1.5767579173376274,3.126677402039721,4.320987654320987,0.10064412238325282,0.30193236714975846,,
82,34.39345142243693,23.382984433709073,27.992485238862052,4.750402576489533,1.5432098765432098,3.052871712292002,4.240472356414386,0.10064412238325282,0.5434782608695652,,
83,33.48094471282877,24.382716049382715,27.3215244229737,4.736983360171766,1.5432098765432098,3.6902844873859366,4.240472356414386,0.10064412238325282,0.5032206119162641,,
84,33.97074610842727,24.16129898013956,27.100107353730543,4.468599033816425,1.7042404723564144,3.6634460547504024,4.2270531400966185,0.08051529790660225,0.6239935587761675,,
85,34.17874396135266,23.517176596886742,27.01959205582394,4.468599033816425,1.7042404723564144,3.6366076221148687,4.770531400966184,0.08051529790660225,0.6239935587761675,,
86,34.628287707997856,22.799248523886206,26.78475577026302,4.468599033816425,1.9390767579173376,4.012345679012346,4.683306494900698,0.07380568974771873,0.6105743424584005,,
87,32.729468599033815,22.48389694041868,22.893183038110575,4.03918411164788,1.7444981213097155,3.374932903918411,12.27187332259796,0.07380568974771873,0.38915727321524424,,
88,32.7361782071927,21.68545356951154,23.70504562533548,3.9855072463768115,1.8518518518518519,3.388352120236178,12.184648416532475,0.07380568974771873,0.38915727321524424,,
89,33.031400966183575,21.524422973698336,23.617820719269993,3.9855072463768115,1.8451422436929683,3.388352120236178,12.144390767579173,0.07380568974771873,0.38915727321524424,,
90,33.45410628019324,21.309715512614062,22.604669887278583,3.8311862587224907,3.113258185721954,3.2877079978529253,11.936392914653783,0.07380568974771873,0.38915727321524424,,
91,32.91733762748255,20.081857219538378,24.751744498121308,3.750670960815888,3.113258185721954,3.4151905528717124,11.406333870101985,0.1274825550187869,0.43612453032742887,,
92,33.2662372517445,19.93424584004294,24.63768115942029,3.69699409554482,3.113258185721954,3.408480944712829,11.29898013955985,0.20799785292538917,0.43612453032742887,,
93,33.68894256575416,19.712828770799785,24.50348899624262,3.603059581320451,3.046162104133119,3.5091250670960816,11.11111111111111,0.38915727321524424,0.43612453032742887,,
94,33.9170692431562,19.652442297369834,24.322329575952764,3.569511540526033,3.046162104133119,3.4822866344605474,10.997047772410092,0.38915727321524424,0.6239935587761675,,
95,34.38674181427805,19.49812130971551,24.04723564143854,3.5963499731615673,3.0394524959742353,3.4822866344605474,10.93666129898014,0.38915727321524424,0.6239935587761675,,
96,32.8972088030059,18.377616747181964,27.167203435319376,3.603059581320451,3.026033279656468,3.140096618357488,10.775630703166936,0.38915727321524424,0.6239935587761675,,
97,32.19269994632314,16.5727321524423,26.281535158346752,3.502415458937198,2.999194847020934,3.180354267310789,14.06333870101986,0.38915727321524424,0.8185721953837896,,
98,32.19940955448202,16.465378421900162,24.63768115942029,3.502415458937198,3.1602254428341383,4.830917874396135,14.002952227589908,0.38915727321524424,0.8118625872249061,,
99,32.6959205582394,16.398282340311326,24.4699409554482,3.4957058507783145,3.1736446591519054,4.7168545356951155,13.754696725711218,0.4830917874396135,0.8118625872249061,,
100,32.8166935050993,16.27079978529254,24.537037037037038,3.4621578099838968,3.1333870101986045,4.7168545356951155,13.727858293075684,0.4830917874396135,0.8521202361782072,,
101,33.08507783145464,16.19699409554482,24.174718196457327,3.455448201825013,3.5762211486849167,4.582662372517445,13.593666129898015,0.4830917874396135,0.8521202361782072,,
102,33.3467525496511,15.908480944712828,23.993558776167472,3.421900161030596,3.898282340311326,4.555823939881911,13.546698872785829,0.47638217928073,0.8521202361782072,,
103,32.910628019323674,15.136876006441224,25.617283950617285,3.361513687600644,3.8177670424047236,4.441760601180891,13.305152979066023,0.47638217928073,0.8454106280193237,0.08722490606548577,
104,33.380300590445515,14.989264626945786,25.63070316693505,3.227321524422974,3.770799785292539,4.428341384863124,13.231347289318304,0.4562533548040794,0.798443370907139,0.08722490606548577,
105,33.662104133118625,14.915458937198068,25.603864734299517,3.1535158346752548,3.7238325281803544,4.435050993022007,13.177670424047236,0.4428341384863124,0.798443370907139,0.08722490606548577,
106,33.74932903918411,14.78797638217928,25.83870101986044,3.1199677938808374,3.6902844873859366,4.374664519592056,13.110574342458401,0.4428341384863124,0.798443370907139,0.08722490606548577,
107,34.0378421900161,14.647074610842727,25.63070316693505,3.1199677938808374,3.670155662909286,4.448470209339774,12.835480407944177,0.7246376811594203,0.798443370907139,0.08722490606548577,
108,34.03113258185722,14.600107353730541,25.691089640365004,3.1065485775630703,4.1532474503489,4.435050993022007,12.533548040794418,0.5837359098228664,0.7783145464304885,0.08722490606548577,
109,34.16532474503489,14.700751476113794,25.335480407944175,3.099838969404187,4.327697262479871,4.428341384863124,12.493290391841116,0.5837359098228664,0.7783145464304885,0.08722490606548577,
110,34.50080515297907,14.61352657004831,25.228126677402038,3.0864197530864197,4.260601180891036,4.408212560386473,12.453032742887816,0.5837359098228664,0.7783145464304885,0.08722490606548577,
111,34.675254965110035,14.465915190552872,24.966451959205582,3.166935050993022,4.428341384863124,4.555823939881911,12.31213097155126,0.5837359098228664,0.7581857219538379,0.08722490606548577,
112,35.07783145464305,14.278046162104133,24.812130971551262,3.1535158346752548,4.508856682769726,4.53569511540526,12.211486849168008,0.5837359098228664,0.7514761137949544,0.08722490606548577,
113,34.99060654857756,14.150563607085346,23.79898013955985,3.1535158346752548,5.750134192163178,4.53569511540526,12.198067632850242,0.5837359098228664,0.7514761137949544,0.08722490606548577,
114,35.37305421363392,14.016371443907676,23.718464841653248,3.1333870101986045,5.750134192163178,4.468599033816425,12.130971551261407,0.5703166935050993,0.7514761137949544,0.08722490606548577,
115,35.80246913580247,13.90901771336554,23.43666129898014,3.166935050993022,5.844068706387547,4.448470209339774,11.996779388083736,0.5703166935050993,0.7380568974771873,0.08722490606548577,
116,36.05743424584004,13.895598497047773,23.22866344605475,3.1333870101986045,5.850778314546431,4.542404723564144,11.916264090177133,0.5703166935050993,0.7179280730005367,0.08722490606548577,
117,36.312399355877616,13.875469672571121,23.087761674718198,3.1333870101986045,5.844068706387547,4.542404723564144,11.842458400429415,0.5703166935050993,0.7045088566827697,0.08722490606548577,
118,36.61433172302738,13.828502415458937,22.819377348362856,3.2474503488996245,5.8172302737520125,4.488727858293076,11.822329575952764,0.5703166935050993,0.7045088566827697,0.08722490606548577,
119,36.71497584541063,13.79495437466452,22.550993022007514,3.2474503488996245,5.709876543209877,5.595813204508857,11.030595813204508,0.5636070853462157,0.7045088566827697,0.08722490606548577,
120,37.03032742887815,13.754696725711218,22.36983360171766,3.2474503488996245,5.709876543209877,5.562265163714439,10.970209339774557,0.5636070853462157,0.7045088566827697,0.08722490606548577,
121,36.35265700483092,13.22463768115942,23.463499731615673,3.2474503488996245,6.528448738593666,5.548845947396672,10.420021470746109,0.4227053140096618,0.7045088566827697,0.08722490606548577,
122,36.29898013955985,13.20450885668277,22.530864197530864,3.240740740740741,6.501610305958132,6.696188942565755,10.332796564680622,0.41599570585077833,0.6910896403650026,0.08722490606548577,
123,36.05743424584004,13.103864734299517,22.12157809983897,3.2742887815351582,6.689479334406871,6.246645195920558,11.325818572195384,0.4025764895330113,0.6910896403650026,0.08722490606548577,
124,35.37976382179281,12.93612453032743,21.880032206119164,3.1535158346752548,6.622383252818035,7.601986044015029,11.191626409017713,0.46296296296296297,0.6843800322061192,0.08722490606548577,
125,35.587761674718195,12.842190016103059,21.73913043478261,3.280998389694042,6.608964036500268,7.588566827697263,11.117820719269995,0.46296296296296297,0.6843800322061192,0.08722490606548577,
126,35.78234031132582,12.795222758990874,21.504294149221685,3.280998389694042,6.595544820182502,7.823403113258186,10.997047772410092,0.46296296296296297,0.6709608158883521,0.08722490606548577,
127,36.01717659688674,12.754965110037574,21.464036500268385,3.280998389694042,6.561996779388084,7.7361782071927,10.963499731615673,0.46296296296296297,0.6709608158883521,0.08722490606548577,
128,35.279119699409556,12.385936661298981,22.86634460547504,3.140096618357488,6.756575415995706,7.581857219538379,10.768921095008052,0.46296296296296297,0.6709608158883521,0.08722490606548577,
129,35.621309715512616,12.31213097155126,22.73215244229737,3.126677402039721,6.696188942565755,7.5348899624261945,10.755501878690284,0.46296296296296297,0.6709608158883521,0.08722490606548577,
130,35.06441223832528,11.802200751476114,23.17498658078368,4.05931293612453,6.756575415995706,7.192699946323135,10.668276972624799,0.5568974771873323,0.6374127750939346,0.08722490606548577,
131,35.31266774020397,11.75523349436393,23.081052066559312,4.052603327965647,6.723027375201288,7.14573268921095,10.661567364465915,0.5568974771873323,0.6239935587761675,0.08722490606548577,
132,35.587761674718195,11.735104669887278,22.966988727858293,4.012345679012346,6.615673644659152,7.273215244229737,10.466988727858293,0.5568974771873323,0.6977992485238862,0.08722490606548577,
133,35.82259796027912,11.66129898013956,23.087761674718198,3.92512077294686,6.515029522275899,7.273215244229737,10.379763821792807,0.5568974771873323,0.6910896403650026,0.08722490606548577,
134,35.628019323671495,11.641170155662909,23.34272678475577,3.8915727321524423,6.474771873322598,7.326892109500805,10.359634997316157,0.5568974771873323,0.6910896403650026,0.08722490606548577,
135,35.970209339774556,11.614331723027375,23.181696188942567,3.8580246913580245,6.468062265163715,7.232957595276436,10.34621578099839,0.5568974771873323,0.6910896403650026,0.08051529790660225,
136,36.111111111111114,11.83574879227053,23.027375201288244,3.824476650563607,6.454643048845948,7.179280730005368,10.245571658615138,0.5568974771873323,0.6843800322061192,0.08051529790660225,
137,36.45330112721417,11.621041331186259,22.82608695652174,3.770799785292539,6.387546967257112,7.353730542136339,10.091250670960816,0.5300590445517982,0.8856682769726248,0.08051529790660225,
138,36.46672034353194,11.621041331186259,22.77241009125067,3.770799785292539,6.340579710144928,7.219538378958669,10.312667740203972,0.5300590445517982,0.8856682769726248,0.08051529790660225,
139,36.16478797638218,11.084272678475577,22.584541062801932,5.501878690284487,5.998389694041868,7.219538378958669,9.96376811594203,0.5300590445517982,0.8722490606548577,0.08051529790660225,
140,36.41975308641975,11.017176596886742,22.396672034353195,5.669618894256575,5.958132045088567,7.159151905528717,9.896672034353195,0.5300590445517982,0.8722490606548577,0.08051529790660225,
141,36.40633387010199,11.017176596886742,21.26945786366076,5.636070853462158,6.011808910359635,7.199409554482019,10.976918947933441,0.5300590445517982,0.8722490606548577,0.08051529790660225,
142,36.7686527106817,11.017176596886742,21.18894256575416,5.60252281266774,5.958132045088567,7.118894256575416,10.903113258185721,0.5300590445517982,0.8319914117015567,0.08051529790660225,
143,37.265163714439076,10.943370907139023,20.974235104669887,5.589103596349974,5.897745571658615,7.0383789586688135,10.856146001073537,0.5300590445517982,0.8252818035426731,0.08051529790660225,
144,36.87600644122383,10.641438539989265,22.20209339774557,5.481749865807837,5.844068706387547,7.024959742351046,10.50053676865271,0.5300590445517982,0.8185721953837896,0.08051529790660225,
145,37.11084272678475,10.581052066559312,22.148416532474503,5.475040257648954,5.844068706387547,7.004830917874396,10.433440687063875,0.5300590445517982,0.7917337627482555,0.08051529790660225,
146,37.453032742887814,10.534084809447128,21.987385936661298,5.475040257648954,5.810520665593129,6.964573268921095,10.319377348362856,0.5300590445517982,0.8454106280193237,0.08051529790660225,
147,37.78851315083199,10.527375201288244,21.83977455716586,5.441492216854535,5.790391841116479,6.89747718733226,10.285829307568438,0.5300590445517982,0.8185721953837896,0.08051529790660225,
148,38.258185721953836,10.48040794417606,21.74584004294149,5.381105743424584,5.662909286097692,6.870638754696726,10.151637144390767,0.5300590445517982,0.7783145464304885,0.08051529790660225,0.06038647342995169
149,38.58695652173913,10.46027911969941,21.68545356951154,5.347557702630167,5.5689747718733225,6.769994632313473,10.131508319914117,0.5300590445517982,0.7783145464304885,0.08051529790660225,0.06038647342995169
150,38.67418142780462,10.44015029522276,21.544551798174986,5.293880837359098,5.0993022007514766,6.763285024154589,10.735373054213634,0.5300590445517982,0.7783145464304885,0.08051529790660225,0.06038647342995169
151,38.989533011272144,10.339506172839506,21.30300590445518,5.360976918947934,5.0858829844337095,6.837090713902308,10.63472893183038,0.5300590445517982,0.7783145464304885,0.08051529790660225,0.06038647342995169
152,39.210950080515296,10.339506172839506,21.108427267847556,5.360976918947934,5.173107890499195,6.756575415995706,10.554213633923778,0.5300590445517982,0.8252818035426731,0.08051529790660225,0.06038647342995169
153,39.62694578636608,10.245571658615138,20.974235104669887,5.340848094471283,5.152979066022544,6.749865807836822,10.420021470746109,0.5300590445517982,0.8185721953837896,0.08051529790660225,0.06038647342995169
154,39.10359634997316,10.46027911969941,20.88030059044552,6.172839506172839,4.944981213097155,6.629092860976919,10.339506172839506,0.5099302200751477,0.8185721953837896,0.08051529790660225,0.06038647342995169
155,39.47933440687064,10.406602254428341,20.7662372517445,6.099033816425121,4.884594739667204,6.608964036500268,10.326086956521738,0.5099302200751477,0.7783145464304885,0.08051529790660225,0.06038647342995169
156,39.761137949543745,10.359634997316157,20.638754696725712,6.0587761674718195,4.817498658078368,6.582125603864735,10.379763821792807,0.48980139559849706,0.7716049382716049,0.08051529790660225,0.06038647342995169
157,39.412238325281805,9.816156736446592,22.52415458937198,5.280461621041331,4.683306494900698,6.501610305958132,10.379763821792807,0.48980139559849706,0.7716049382716049,0.08051529790660225,0.06038647342995169
158,39.110305958132045,9.158615136876007,23.64465915190553,5.246913580246914,4.663177670424047,6.454643048845948,10.319377348362856,0.48980139559849706,0.7716049382716049,0.08051529790660225,0.06038647342995169
159,39.11701556629093,9.098228663446054,23.362855609232422,5.233494363929147,4.64975845410628,6.421095008051529,10.238862050456254,0.48980139559849706,1.247987117552335,0.08051529790660225,0.06038647342995169
160,39.392109500805155,9.07139023081052,23.295759527643586,5.2066559312936125,4.622920021470746,6.273483628556092,10.185185185185185,0.48980139559849706,1.3217928073000538,0.08051529790660225,0.06038647342995169
161,38.99624261943102,9.044551798174986,24.12104133118626,5.199946323134729,4.166666666666667,6.233225979602791,10.165056360708535,0.48980139559849706,1.442565754159957,0.08051529790660225,0.06038647342995169
162,39.06333870101986,9.024422973698336,24.00697799248524,6.213097155126141,4.159957058507783,6.219806763285024,9.23913043478261,0.48980139559849706,1.442565754159957,0.08051529790660225,0.06038647342995169
163,39.31830381105743,8.984165324745035,23.839237788513152,6.179549114331723,4.1532474503489,6.172839506172839,9.212292002147075,0.48980139559849706,1.5096618357487923,0.08051529790660225,0.06038647342995169
164,39.50617283950617,8.984165324745035,23.63123993558776,6.152710681696189,4.146537842190016,6.273483628556092,9.192163177670425,0.48980139559849706,1.482823403113258,0.08051529790660225,0.06038647342995169
165,39.78797638217928,8.964036500268385,23.537305421363392,6.112453032742888,4.247181964573269,6.266774020397209,8.970746108427267,0.48980139559849706,1.482823403113258,0.08051529790660225,0.06038647342995169
166,39.93558776167472,8.943907675791733,23.47691894793344,6.099033816425121,4.17337627482555,6.327160493827161,8.930488459473967,0.48980139559849706,1.482823403113258,0.08051529790660225,0.06038647342995169
167,40.06977992485239,8.930488459473967,23.416532474503487,6.0654857756307035,4.166666666666667,6.327160493827161,8.910359634997317,0.48980139559849706,1.482823403113258,0.08051529790660225,0.06038647342995169
168,40.371712292002144,8.836553945249598,23.309178743961354,6.011808910359635,4.166666666666667,6.293612453032743,8.896940418679549,0.48980139559849706,1.482823403113258,0.08051529790660225,0.06038647342995169
169,40.53274288781535,8.796296296296296,23.255501878690286,5.978260869565218,4.139828234031133,6.273483628556092,8.809715512614064,0.48980139559849706,1.583467525496511,0.08051529790660225,0.06038647342995169
170,40.50590445517982,8.702361782071927,23.15485775630703,6.3070316693505095,4.126409017713366,6.246645195920558,8.789586688137414,0.48980139559849706,1.5365002683843263,0.08051529790660225,0.06038647342995169
171,40.713902308105204,8.61513687600644,23.067632850241544,6.353998926462695,4.092860976918948,6.1862587224906065,8.695652173913043,0.48980139559849706,1.6438539989264627,0.08051529790660225,0.06038647342995169
172,40.72061191626409,8.601717659688674,22.705314009661837,6.253354804079442,4.079441760601181,6.608964036500268,8.769457863660762,0.48980139559849706,1.6304347826086956,0.08051529790660225,0.06038647342995169
173,40.88164251207729,8.695652173913043,22.5979602791197,6.179549114331723,3.992216854535695,6.588835212023618,8.635265700483092,0.4562533548040794,1.8317230273752012,0.08051529790660225,0.06038647342995169
174,41.06951154052604,8.621846484165324,22.544283413848632,6.172839506172839,3.992216854535695,6.568706387546968,8.601717659688674,0.4562533548040794,1.8317230273752012,0.08051529790660225,0.06038647342995169
175,41.19028448738594,8.601717659688674,22.65163714439077,6.139291465378422,4.05931293612453,6.488191089640365,8.467525496511003,0.4562533548040794,1.8048845947396672,0.08051529790660225,0.06038647342995169
176,41.398282340311326,8.548040794417606,22.638217928073,6.0654857756307035,4.032474503488996,6.474771873322598,8.440687063875469,0.4562533548040794,1.8048845947396672,0.08051529790660225,0.06038647342995169
177,41.626409017713364,8.548040794417606,22.50402576489533,6.045356951154052,4.005636070853462,6.454643048845948,8.433977455716587,0.4495437466451959,1.7914653784219001,0.08051529790660225,0.06038647342995169
178,41.92163177670424,8.514492753623188,22.33628556092324,5.991680085882985,3.992216854535695,6.454643048845948,8.427267847557703,0.4495437466451959,1.7713365539452497,0.08051529790660225,0.06038647342995169
179,42.270531400966185,8.494363929146537,22.088030059044552,5.964841653247451,4.03918411164788,6.4412238325281805,8.360171765968868,0.4495437466451959,1.751207729468599,0.08051529790660225,0.06038647342995169
180,42.3443370907139,8.413848631239935,21.994095544820183,6.105743424584004,4.066022544283414,6.394256575415996,8.293075684380032,0.4495437466451959,1.8115942028985508,0.06709608158883522,0.06038647342995169
181,42.62614063338701,8.400429414922169,21.85990338164251,6.045356951154052,4.032474503488996,6.387546967257112,8.272946859903382,0.43612453032742887,1.8115942028985508,0.06709608158883522,0.06038647342995169
182,42.86768652710682,8.400429414922169,21.68545356951154,6.045356951154052,4.032474503488996,6.340579710144928,8.252818035426731,0.43612453032742887,1.8115942028985508,0.06709608158883522,0.06038647342995169
183,42.901234567901234,8.413848631239935,21.772678475577028,6.005099302200751,4.019055287171229,6.300322061191626,8.21256038647343,0.43612453032742887,1.8115942028985508,0.06709608158883522,0.06038647342995169
184,43.05555555555556,8.380300590445518,21.71900161030596,5.984970477724101,4.019055287171229,6.273483628556092,8.192431561996779,0.43612453032742887,1.8115942028985508,0.06709608158883522,0.06038647342995169
185,42.3845947396672,8.158883521202362,22.745571658615138,5.917874396135265,4.019055287171229,6.360708534621578,8.038110574342458,0.43612453032742887,1.8115942028985508,0.06709608158883522,0.06038647342995169
186,42.15646806226516,7.830112721417069,22.188674181427803,5.797101449275362,4.119699409554482,6.320450885668277,9.131776704240472,0.43612453032742887,1.892109500805153,0.06709608158883522,0.06038647342995169
187,42.31749865807837,7.7898550724637685,22.08132045088567,5.783682232957595,4.086151368760064,6.286902844873859,9.205582393988191,0.43612453032742887,1.8853998926462694,0.06709608158883522,0.06038647342995169
188,42.44498121309716,7.7898550724637685,22.067901234567902,5.763553408480945,4.072732152442297,6.266774020397209,9.178743961352657,0.43612453032742887,1.8518518518518519,0.06709608158883522,0.06038647342995169
189,42.72007514761138,7.7898550724637685,21.953837895866883,5.730005367686527,4.05931293612453,6.253354804079442,9.118357487922705,0.43612453032742887,1.8115942028985508,0.06709608158883522,0.06038647342995169
190,42.1027911969941,8.957326892109501,21.531132581857218,5.723295759527644,4.106280193236715,6.3070316693505095,8.950617283950617,0.43612453032742887,1.7579173376274826,0.06709608158883522,0.06038647342995169
191,42.40472356414385,8.61513687600644,21.62506709608159,5.8172302737520125,4.079441760601181,6.273483628556092,8.883521202361782,0.4294149221685454,1.7444981213097155,0.06709608158883522,0.06038647342995169
192,35.76221148684917,23.289049919484704,16.908212560386474,4.7168545356951155,3.44873859366613,5.897745571658615,7.809983896940419,0.3153515834675255,1.724369296833065,0.06709608158883522,0.06038647342995169
193,36.030595813204506,23.10789049919485,16.901502952227588,4.690016103059581,3.4420289855072466,5.891035963499732,7.7831454643048845,0.3153515834675255,1.710950080515298,0.06709608158883522,0.06038647342995169
194,36.35265700483092,22.82608695652174,16.867954911433173,4.690016103059581,3.4420289855072466,5.917874396135265,7.749597423510467,0.3153515834675255,1.710950080515298,0.06709608158883522,0.06038647342995169
195,35.75550187869028,22.188674181427803,16.800858829844337,4.676596886741814,4.9718196457326895,5.730005367686527,7.749597423510467,0.3153515834675255,1.6841116478797638,0.06709608158883522,0.06038647342995169
196,36.010466988727856,22.0276435856146,16.74718196457327,4.656468062265164,4.9718196457326895,5.763553408480945,7.695920558239399,0.3153515834675255,1.6841116478797638,0.06709608158883522,0.06038647342995169
197,36.3593666129898,21.85319377348363,16.659957058507782,4.64975845410628,4.830917874396135,5.864197530864198,7.669082125603865,0.3153515834675255,1.6706924315619969,0.06709608158883522,0.06038647342995169
198,36.79549114331723,21.69887278582931,16.55931293612453,4.62962962962963,4.7638217928073,5.83064949006978,7.635534084809447,0.2885131508319914,1.6706924315619969,0.06709608158883522,0.06038647342995169
199,37.09742351046699,21.564680622651636,16.472088030059044,4.656468062265164,4.750402576489533,5.8172302737520125,7.575147611379496,0.2885131508319914,1.6505636070853462,0.06709608158883522,0.06038647342995169
200,37.41277509393451,21.4573268921095,16.378153515834676,4.656468062265164,4.723564143853999,5.797101449275362,7.50805152979066,0.2885131508319914,1.6505636070853462,0.06709608158883522,0.06038647342995169
201,37.63419216317767,21.410359634997317,16.344605475040257,4.609500805152979,4.690016103059581,5.790391841116479,7.481213097155126,0.27509393451422437,1.6371443907675791,0.06709608158883522,0.06038647342995169
202,38.00993022007515,21.24261943102523,16.09634997316157,4.609500805152979,4.810789049919484,5.743424584004294,7.447665056360709,0.27509393451422437,1.6371443907675791,0.06709608158883522,0.06038647342995169
203,38.33199141170156,21.108427267847556,15.995705850778315,4.582662372517445,4.951690821256038,5.723295759527644,7.2933440687063875,0.27509393451422437,1.6103059581320451,0.06709608158883522,0.06038647342995169
204,38.55340848094471,21.027911969940956,15.814546430488459,4.51556629092861,4.938271604938271,5.8172302737520125,7.367149758454106,0.27509393451422437,1.5633387010198605,0.06709608158883522,0.06038647342995169
205,38.88217928073001,20.725979602791195,15.734031132581856,4.51556629092861,4.985238862050457,5.891035963499732,7.313472893183038,0.27509393451422437,1.5499194847020934,0.06709608158883522,0.06038647342995169
206,38.486312399355874,19.592055823939884,15.666935050993022,5.5689747718733225,4.703435319377348,5.803811057434245,8.272946859903382,0.27509393451422437,1.5029522275899088,0.06709608158883522,0.06038647342995169
207,38.788244766505635,19.39747718733226,15.619967793880837,5.548845947396672,4.690016103059581,5.776972624798712,8.272946859903382,0.27509393451422437,1.5029522275899088,0.06709608158883522,0.06038647342995169
208,38.94256575415996,19.316961889425656,15.552871712292003,5.689747718733226,4.51556629092861,5.743424584004294,8.192431561996779,0.27509393451422437,1.6438539989264627,0.06709608158883522,0.06038647342995169
209,39.170692431561996,19.182769726247987,15.552871712292003,5.683038110574342,4.4753086419753085,5.6964573268921095,8.192431561996779,0.27509393451422437,1.6438539989264627,0.06709608158883522,0.06038647342995169
210,39.452495974235106,18.853998926462694,15.5126140633387,5.636070853462158,4.441760601180891,5.911164787976382,8.172302737520129,0.27509393451422437,1.6170155662909287,0.06709608158883522,0.06038647342995169
211,39.86849168008588,18.706387546967257,15.465646806226516,5.622651637144391,4.341116478797638,5.877616747181965,8.132045088566828,0.27509393451422437,1.6035963499731616,0.04696725711218465,0.06038647342995169
212,39.351851851851855,19.47799248523886,15.318035426731079,5.5689747718733225,4.314278046162104,5.877616747181965,8.132045088566828,0.24825550187869028,1.6035963499731616,0.04696725711218465,0.06038647342995169
213,38.77482555018787,19.276704240472355,16.445249597423512,5.4549114331723025,4.126409017713366,5.850778314546431,8.111916264090176,0.24825550187869028,1.6035963499731616,0.04696725711218465,0.06038647342995169
214,39.049919484702095,19.135802469135804,16.418411164787976,5.4549114331723025,4.092860976918948,5.803811057434245,8.085077831454644,0.24825550187869028,1.6035963499731616,0.04696725711218465,0.06038647342995169
215,39.19753086419753,18.99490069779925,16.358024691358025,5.401234567901234,4.314278046162104,5.790391841116479,8.004562533548041,0.24825550187869028,1.583467525496511,0.04696725711218465,0.06038647342995169
216,39.492753623188406,18.840579710144926,16.324476650563607,5.35426731078905,4.2270531400966185,5.844068706387547,7.98443370907139,0.24825550187869028,1.5767579173376274,0.04696725711218465,0.06038647342995169
217,39.2512077294686,18.317230273752013,16.21712292002147,5.267042404723564,4.2270531400966185,5.615942028985507,9.172034353193773,0.24825550187869028,1.5767579173376274,0.04696725711218465,0.06038647342995169
218,39.55314009661836,18.149490069779926,16.19699409554482,5.226784755770263,4.206924315619967,5.615942028985507,9.125067096081589,0.24825550187869028,1.570048309178744,0.04696725711218465,0.06038647342995169
219,39.85507246376812,18.089103596349972,16.170155662909288,5.186527106816962,4.1532474503489,5.609232420826624,9.024422973698336,0.24825550187869028,1.570048309178744,0.04696725711218465,0.04696725711218465
220,40.00939345142244,18.00187869028449,16.056092324208265,5.152979066022544,4.1532474503489,5.743424584004294,8.943907675791733,0.30864197530864196,1.5365002683843263,0.04696725711218465,0.04696725711218465
221,40.324745034889965,17.713365539452496,15.895061728395062,4.830917874396135,4.146537842190016,5.803811057434245,9.232420826623725,0.30864197530864196,1.6505636070853462,0.04696725711218465,0.04696725711218465
222,40.50590445517982,17.485238862050455,15.653515834675256,5.193236714975845,4.126409017713366,5.750134192163178,9.232420826623725,0.30864197530864196,1.6505636070853462,0.04696725711218465,0.04696725711218465
