,45,50,51,55,56,52,57,53,54,58,59,61,60,62,64
0,97.77911969940955,2.2208803005904456,,,,,,,,,,,,,
1,97.27589908749329,2.7241009125067097,,,,,,,,,,,,,
2,97.16183574879227,2.8381642512077296,,,,,,,,,,,,,
3,81.79012345679013,18.209876543209877,,,,,,,,,,,,,
4,77.75764895330113,21.93370907139023,0.14090177133655393,0.16774020397208803,,,,,,,,,,,
5,75.691089640365,16.71363392377885,7.427536231884058,0.16774020397208803,,,,,,,,,,,
6,74.36258722490606,15.827965646806227,9.561191626409018,0.24825550187869028,,,,,,,,,,,
7,64.33843263553409,25.939345142243692,9.514224369296834,0.14090177133655393,0.06709608158883522,,,,,,,,,,
8,62.144390767579175,27.945517981749866,9.473966720343531,0.32877079978529256,0.10735373054213634,,,,,,,,,,
9,59.80273752012882,25.462962962962962,12.432903918411165,0.39586688137412773,0.03354804079441761,1.8719806763285025,,,,,,,,,
10,46.13526570048309,30.62265163714439,19.02173913043478,0.2952227589908749,2.0531400966183573,1.8719806763285025,,,,,,,,,
11,44.6658615136876,32.09205582393988,18.968062265163713,0.3153515834675255,2.086688137412775,1.8317230273752012,0.040257648953301126,,,,,,,,
12,42.2638217928073,35.27241009125067,17.659688674181428,0.18115942028985507,1.7579173376274826,1.7579173376274826,0.040257648953301126,1.06682769726248,,,,,,,
13,39.89533011272142,35.648148148148145,19.209608158883523,0.5703166935050993,1.737788513150832,1.7579173376274826,0.11406333870101985,1.06682769726248,,,,,,,
14,39.86849168008588,35.527375201288244,19.209608158883523,0.7179280730005367,1.737788513150832,1.7579173376274826,0.11406333870101985,1.06682769726248,,,,,,,
15,38.08373590982286,37.285292538915726,19.202898550724637,0.7447665056360708,1.7444981213097155,1.7579173376274826,0.11406333870101985,1.06682769726248,,,,,,,
16,37.82877079978529,32.05179817498658,24.436392914653783,0.9057971014492754,1.8384326355340848,1.7579173376274826,0.11406333870101985,1.06682769726248,,,,,,,
17,33.40713902308105,26.006441223832528,31.716317767042405,0.785024154589372,2.4355877616747184,4.388083735909823,0.11406333870101985,1.107085346215781,0.040257648953301126,,,,,,
18,31.709608158883523,27.469135802469136,29.898013955984972,0.8722490606548577,2.368491680085883,4.30756843800322,0.18115942028985507,1.1406333870101986,2.0531400966183573,,,,,,
19,30.877616747181964,27.220880300590444,30.54213633923779,0.8722490606548577,2.5161030595813205,4.5960815888352125,0.18115942028985507,1.1406333870101986,2.0531400966183573,,,,,,
20,30.817230273752013,27.234299516908212,30.48174986580784,0.9192163177670424,2.563070316693505,4.582662372517445,0.19457863660762212,1.1406333870101986,2.0397208803005906,0.026838432635534086,,,,,
21,27.89855072463768,29.1129898013956,28.629898013955984,0.9192163177670424,1.6505636070853462,6.045356951154052,0.19457863660762212,3.4822866344605474,2.0397208803005906,0.026838432635534086,,,,,
22,25.0805152979066,31.66935050993022,28.35480407944176,1.2144390767579174,1.8786902844873858,6.025228126677402,0.2281266774020397,3.4822866344605474,2.0397208803005906,0.026838432635534086,,,,,
23,24.355877616747183,32.25979602791197,28.31454643048846,1.2412775093934514,1.9256575415995705,6.139291465378422,0.2147074610842727,3.4822866344605474,2.0397208803005906,0.026838432635534086,,,,,
24,23.03408480944713,31.944444444444443,29.736983360171767,1.42914653784219,2.01959205582394,6.072195383789587,0.2147074610842727,3.4822866344605474,2.0397208803005906,0.026838432635534086,,,,,
25,22.38996242619431,29.931561996779386,31.5552871712292,1.247987117552335,2.033011272141707,6.072195383789587,0.2147074610842727,4.488727858293076,2.033011272141707,0.026838432635534086,0.0067096081588835215,,,,
26,22.18196457326892,29.837627482555018,28.837895866881375,1.442565754159957,1.8786902844873858,9.581320450885668,0.15432098765432098,4.005636070853462,2.033011272141707,0.026838432635534086,0.020128824476650563,,,,
27,21.175523349436393,29.602791196994094,29.985238862050455,1.4962426194310252,1.9256575415995705,9.554482018250134,0.17444981213097155,4.005636070853462,2.033011272141707,0.026838432635534086,0.020128824476650563,,,,
28,18.699677938808374,30.246913580246915,30.823939881910896,1.6035963499731616,1.9189479334406871,10.359634997316157,0.30193236714975846,3.8848631239935587,2.1135265700483092,0.026838432635534086,0.020128824476650563,,,,
29,18.699677938808374,28.495705850778315,26.174181427804616,1.6170155662909287,2.7979066022544283,16.532474503488995,0.30193236714975846,3.2206119162640903,2.100107353730542,0.026838432635534086,0.03354804079441761,,,,
30,18.531937734836287,28.576221148684915,25.87895866881374,1.778046162104133,2.985775630703167,16.391572732152444,0.47638217928073,3.2206119162640903,2.100107353730542,0.026838432635534086,0.03354804079441761,,,,
31,17.961621041331185,28.113258185721953,24.892646269457863,2.0263016639828235,3.2675791733762747,17.814009661835748,0.48980139559849706,3.2206119162640903,2.15378421900161,0.026838432635534086,0.03354804079441761,,,,
32,17.921363392377884,28.099838969404185,24.738325281803544,2.0799785292538915,3.388352120236178,17.800590445517983,0.46296296296296297,3.2206119162640903,2.1806226516371443,0.07380568974771873,0.03354804079441761,,,,
33,17.47181964573269,27.80461621041331,25.32206119162641,2.086688137412775,3.515834675254965,17.780461621041333,0.46967257112184646,3.2340311325818574,2.2074610842726785,0.07380568974771873,0.03354804079441761,,,,
34,15.707192699946322,27.730810520665592,23.544015029522274,2.2410091250670963,3.4822866344605474,21.202361782071925,0.4830917874396135,3.294417606011809,2.2074610842726785,0.07380568974771873,0.03354804079441761,,,,
35,15.70048309178744,27.482555018786904,23.557434245840042,2.462426194310252,3.4822866344605474,21.175523349436393,0.5099302200751477,3.294417606011809,2.2074610842726785,0.0939345142243693,0.03354804079441761,,,,
36,15.311325818572195,26.90552871712292,24.671229200214707,2.49597423510467,3.3682232957595275,20.658883521202362,0.7648953301127214,3.294417606011809,2.4020397208803006,0.0939345142243693,0.03354804079441761,,,,
37,14.298174986580785,26.637144390767578,30.293880837359097,2.6704240472356413,2.4154589371980677,19.11567364465915,0.7447665056360708,3.0394524959742353,0.7179280730005367,0.06709608158883522,,,,,
38,14.224369296833064,26.496242619431026,25.207997852925388,2.7979066022544283,2.4154589371980677,18.95464304884595,1.0198604401502953,3.0394524959742353,5.776972624798712,0.06709608158883522,,,,,
39,14.130434782608695,26.536500268384327,25.06038647342995,2.985775630703167,2.4154589371980677,18.766774020397207,1.1272141706924315,3.1333870101986045,5.776972624798712,0.06709608158883522,,,,,
40,14.110305958132045,26.462694578636608,23.013955984970476,2.999194847020934,2.341653247450349,18.00858829844337,1.0735373054213635,4.119699409554482,7.796564680622652,0.07380568974771873,,,,,
41,14.036500268384327,23.772141706924316,27.677133655394524,2.844873859366613,2.341653247450349,16.223832528180353,1.0399892646269457,4.119699409554482,7.830112721417069,0.07380568974771873,0.040257648953301126,,,,
42,13.405797101449275,23.423242082662373,32.608695652173914,3.126677402039721,1.8048845947396672,14.579978529253891,0.8655394524959742,2.462426194310252,7.568438003220612,0.026838432635534086,0.1274825550187869,,,,
43,13.372249060654857,23.409822866344605,32.48792270531401,3.166935050993022,2.1604938271604937,14.606816961889425,0.8990874932903918,2.4557165861513686,7.286634460547504,0.026838432635534086,0.1274825550187869,,,,
44,13.372249060654857,23.242082662372518,32.427536231884055,3.33467525496511,2.314814814814815,14.432367149758454,1.0735373054213635,2.4557165861513686,7.192699946323135,0.026838432635534086,0.1274825550187869,,,,
45,13.365539452495975,23.18840579710145,32.41411701556629,3.3816425120772946,2.3215244229736984,14.298174986580785,1.0869565217391304,2.5966183574879227,7.159151905528717,0.026838432635534086,0.1610305958132045,,,,
46,13.009930220075148,23.544015029522274,32.347020933977454,3.4420289855072466,2.3617820719269993,14.237788513150832,1.1137949543746646,2.5966183574879227,7.159151905528717,0.026838432635534086,0.1610305958132045,,,,
47,11.104401502952227,32.56172839506173,27.455716586151368,3.126677402039721,2.24771873322598,11.627750939345143,0.966183574879227,2.2879763821792807,8.447396672034353,0.026838432635534086,0.14761137949543746,,,,
48,11.057434245840042,32.57514761137949,27.455716586151368,3.1602254428341383,2.24771873322598,11.58749329039184,0.966183574879227,2.24771873322598,8.474235104669887,0.07380568974771873,0.15432098765432098,,,,
49,11.057434245840042,32.447665056360705,27.241009125067094,3.4286097691894795,2.3483628556092326,11.553945249597424,0.9997316156736447,2.227589908749329,8.467525496511003,0.07380568974771873,0.15432098765432098,,,,
50,11.030595813204508,32.46108427267848,27.194041867954912,3.4420289855072466,2.395330112721417,11.540526033279656,1.0131508319914118,2.227589908749329,8.440687063875469,0.07380568974771873,0.18115942028985507,,,,
51,9.292807300053678,35.13150831991412,26.918947933440688,3.589640365002684,2.3215244229736984,10.7085346215781,1.1272141706924315,2.2410091250670963,8.400429414922169,0.07380568974771873,0.19457863660762212,,,,
52,9.292807300053678,34.94363929146538,26.778046162104133,3.770799785292539,2.4691358024691357,10.7085346215781,1.1607622114868492,2.214170692431562,8.400429414922169,0.06709608158883522,0.19457863660762212,,,,
53,8.400429414922169,33.97074610842727,28.488996242619432,4.012345679012346,2.5496511003757383,10.668276972624799,1.1741814278046163,2.214170692431562,8.259527643585615,0.06709608158883522,0.19457863660762212,,,,
54,8.360171765968868,29.1129898013956,26.44927536231884,3.9519592055823938,1.5163714439076759,18.659420289855074,1.1876006441223832,2.214170692431562,8.28636607622115,0.06709608158883522,0.19457863660762212,,,,
55,8.044820182501342,24.261943102522814,33.32662372517445,4.106280193236715,1.5365002683843263,16.774020397208805,1.2412775093934514,2.2074610842726785,8.239398819108963,0.06709608158883522,0.19457863660762212,,,,
56,7.924047235641439,24.16129898013956,33.41384863123994,4.253891572732153,1.6438539989264627,16.6532474503489,1.247987117552335,2.1940418679549114,8.246108427267847,0.06709608158883522,0.19457863660762212,,,,
57,7.843531937734836,23.72517444981213,33.19914117015566,4.7168545356951155,1.778046162104133,16.774020397208805,1.2681159420289856,2.1604938271604937,8.246108427267847,0.0939345142243693,0.19457863660762212,,,,
58,7.776435856146001,23.59098228663446,29.361245303274288,4.736983360171766,1.8585614600107354,16.525764895330113,1.221148684916801,6.394256575415996,8.246108427267847,0.0939345142243693,0.19457863660762212,,,,
59,7.085346215780999,21.490874932903917,35.37305421363392,3.9318303811057436,1.6975308641975309,17.136339237788512,1.221148684916801,3.770799785292539,7.977724100912507,0.0939345142243693,0.2214170692431562,,,,
60,6.166129898013956,18.156199677938808,40.29119699409554,3.3682232957595275,1.6572732152442298,16.847826086956523,1.221148684916801,3.992216854535695,7.98443370907139,0.0939345142243693,0.2214170692431562,,,,
61,5.850778314546431,17.773752012882447,38.71443907675792,3.3279656468062266,1.6975308641975309,18.51851851851852,1.2949543746645196,4.488727858293076,7.836822329575953,0.1274825550187869,0.36902844873859364,,,,
62,5.850778314546431,17.69994632313473,38.687600644122384,3.4017713365539453,1.724369296833065,18.46484165324745,1.3352120236178207,4.488727858293076,7.85024154589372,0.1274825550187869,0.36902844873859364,,,,
63,5.850778314546431,17.69994632313473,38.64734299516908,3.388352120236178,1.7646269457863661,18.46484165324745,1.3352120236178207,4.502147074610843,7.85024154589372,0.1274825550187869,0.36902844873859364,,,,
64,4.609500805152979,17.156468062265162,41.21041331186259,3.4017713365539453,1.6841116478797638,17.746913580246915,1.3419216317767042,4.502147074610843,7.85024154589372,0.1274825550187869,0.36902844873859364,,,,
65,4.609500805152979,17.06924315619968,40.33145464304884,3.455448201825013,1.6908212560386473,19.26328502415459,1.3419216317767042,4.502147074610843,7.219538378958669,0.15432098765432098,0.36231884057971014,,,,
66,4.609500805152979,16.968599033816425,41.54589371980676,3.5292538915727323,1.9726247987117553,18.109232420826622,1.1808910359634996,4.334406870638754,7.219538378958669,0.16774020397208803,0.36231884057971014,,,,
67,4.609500805152979,16.948470209339774,41.35131508319914,3.549382716049383,2.167203435319377,18.08239398819109,1.2077294685990339,4.334406870638754,7.179280730005368,0.16774020397208803,0.4025764895330113,,,,
68,2.9253891572732154,22.23564143853999,38.77482555018787,2.657004830917874,1.8518518518518519,18.766774020397207,1.133923778851315,3.455448201825013,7.588566827697263,0.30193236714975846,0.30864197530864196,,,,
69,2.818035426731079,20.04830917874396,38.35212023617821,2.623456790123457,2.0263016639828235,20.068438003220614,1.1808910359634996,4.683306494900698,7.588566827697263,0.30193236714975846,0.30864197530864196,,,,
70,2.818035426731079,19.558507783145465,37.0504562533548,2.3349436392914655,2.0128824476650564,20.652173913043477,1.221148684916801,6.1862587224906065,7.588566827697263,0.28180354267310787,0.2952227589908749,,,,
71,2.818035426731079,19.316961889425656,37.86231884057971,2.589908749329039,1.9659151905528718,18.511808910359633,1.3150831991411702,7.595276435856146,7.4006977992485234,0.32877079978529256,0.2952227589908749,,,,
72,2.818035426731079,19.229736983360173,37.74825550187869,2.677133655394525,2.120236178207193,18.411164787976382,1.415727321524423,7.588566827697263,7.37385936661299,0.2952227589908749,0.322061191626409,,,,
73,1.1406333870101986,18.10252281266774,42.210144927536234,2.2342995169082127,2.227589908749329,19.088835212023618,1.3620504562533549,5.703166935050993,7.367149758454106,0.24154589371980675,0.322061191626409,,,,
74,1.1137949543746646,17.438271604938272,41.84111647879764,3.81105743424584,2.341653247450349,19.088835212023618,1.3419216317767042,5.018786902844874,7.461084272678476,0.23483628556092323,0.30864197530864196,,,,
75,1.1137949543746646,17.317498658078367,41.720343531937736,4.200214707461084,2.341653247450349,19.0150295222759,1.415727321524423,4.871175523349437,7.461084272678476,0.23483628556092323,0.30864197530864196,,,,
76,1.0869565217391304,16.948470209339774,38.89559849704777,4.166666666666667,2.3886205045625335,20.954106280193237,1.5230810520665594,5.991680085882985,7.461084272678476,0.27509393451422437,0.30864197530864196,,,,
77,1.0332796564680622,16.841116478797638,37.39935587761675,4.126409017713366,2.26784755770263,20.90042941492217,1.5230810520665594,7.816693505099302,7.588566827697263,0.19457863660762212,0.30864197530864196,,,,
78,1.0332796564680622,15.5126140633387,39.25791733762748,3.8848631239935587,2.1806226516371443,20.73268921095008,1.6706924315619969,7.729468599033816,7.447665056360709,0.1878690284487386,0.3421900161030596,0.020128824476650563,,,
79,1.0332796564680622,15.331454643048845,39.210950080515296,3.9318303811057436,2.2074610842726785,20.437466451959207,1.9726247987117553,7.729468599033816,7.581857219538379,0.1878690284487386,0.35560923242082665,0.020128824476650563,,,
80,1.0332796564680622,15.304616210413311,37.97638217928073,3.9855072463768115,2.254428341384863,20.21604938271605,1.9256575415995705,9.708803005904455,7.078636607622115,0.20128824476650564,0.2952227589908749,0.020128824476650563,,,
81,1.0332796564680622,15.304616210413311,37.795222758990874,4.019055287171229,2.368491680085883,20.061728395061728,2.0799785292538915,9.708803005904455,7.065217391304348,0.20128824476650564,0.30864197530864196,0.05367686527106817,,,
82,1.0332796564680622,15.257648953301127,37.72141706924316,4.012345679012346,2.6637144390767578,19.961084272678477,2.0531400966183573,9.668545356951155,7.0383789586688135,0.20128824476650564,0.322061191626409,0.05367686527106817,0.013419216317767043,,
83,1.0332796564680622,14.908749329039184,38.02334943639291,3.9049919484702094,2.6167471819645733,19.296833064949006,1.9189479334406871,10.661567364465915,7.071926999463232,0.17444981213097155,0.322061191626409,0.05367686527106817,0.013419216317767043,,
84,1.0332796564680622,14.868491680085883,39.26462694578637,3.9586688137412773,2.6033279656468062,19.142512077294686,2.100107353730542,10.661567364465915,5.803811057434245,0.17444981213097155,0.322061191626409,0.05367686527106817,0.013419216317767043,,
85,1.0064412238325282,14.834943639291465,37.144390767579175,3.7573805689747717,2.5966183574879227,21.537842190016104,2.100107353730542,10.674986580783683,5.763553408480945,0.15432098765432098,0.36231884057971014,0.05367686527106817,0.013419216317767043,,
86,1.0064412238325282,14.814814814814815,37.07058507783145,3.770799785292539,2.6704240472356413,21.517713365539453,2.100107353730542,10.648148148148149,5.763553408480945,0.20799785292538917,0.36231884057971014,0.05367686527106817,0.013419216317767043,,
87,1.0064412238325282,14.814814814814815,36.782071926999464,3.784219001610306,2.7106816961889426,21.470746108427267,2.100107353730542,10.621309715512615,5.971551261406334,0.23483628556092323,0.43612453032742887,0.05367686527106817,0.013419216317767043,,
88,0.5971551261406334,13.003220611916264,34.11164787976382,3.4420289855072466,2.7442297369833604,28.28099838969404,2.2879763821792807,9.125067096081589,5.750134192163178,0.1878690284487386,0.43612453032742887,0.020128824476650563,0.013419216317767043,,
89,0.5971551261406334,12.640901771336553,33.561460010735374,3.361513687600644,2.7777777777777777,26.92565754159957,2.281266774020397,11.419753086419753,5.750134192163178,0.1878690284487386,0.43612453032742887,0.04696725711218465,0.013419216317767043,,
90,0.5971551261406334,12.453032742887816,33.51449275362319,3.4621578099838968,2.932098765432099,26.8317230273752,2.328234031132582,11.406333870101985,5.770263016639828,0.20799785292538917,0.43612453032742887,0.04696725711218465,0.013419216317767043,,
91,0.5971551261406334,12.453032742887816,32.85024154589372,3.4621578099838968,2.952227589908749,27.47584541062802,2.328234031132582,11.406333870101985,5.770263016639828,0.20799785292538917,0.43612453032742887,0.04696725711218465,0.013419216317767043,,
92,0.5971551261406334,11.285560923242082,32.43424584004294,3.5091250670960816,2.952227589908749,28.63660762211487,2.589908749329039,11.29898013955985,5.897745571658615,0.2952227589908749,0.4428341384863124,0.04696725711218465,0.013419216317767043,,
93,0.5971551261406334,11.285560923242082,32.400697799248526,3.5091250670960816,2.985775630703167,28.6231884057971,2.6033279656468062,11.29898013955985,5.864197530864198,0.2952227589908749,0.47638217928073,0.04696725711218465,0.013419216317767043,,
94,0.5971551261406334,11.285560923242082,32.31347289318304,3.5426731078904994,3.0394524959742353,28.589640365002683,2.6704240472356413,11.265432098765432,5.850778314546431,0.2952227589908749,0.48980139559849706,0.04696725711218465,0.013419216317767043,,
95,0.5971551261406334,11.285560923242082,32.078636607622116,3.5292538915727323,3.3548040794417604,28.455448201825014,2.7509393451422435,11.252012882447666,5.844068706387547,0.2952227589908749,0.49651100375738055,0.04696725711218465,0.013419216317767043,,
96,0.5971551261406334,11.272141706924316,30.300590445517983,3.569511540526033,3.408480944712829,30.776972624798713,2.563070316693505,10.829307568438002,5.844068706387547,0.28180354267310787,0.49651100375738055,0.04696725711218465,0.013419216317767043,,
97,0.5971551261406334,9.977187332259795,33.467525496511,3.052871712292002,2.9790660225442833,30.159688674181428,2.49597423510467,11.52710681696189,5.018786902844874,0.19457863660762212,0.49651100375738055,0.020128824476650563,0.013419216317767043,,
98,0.5971551261406334,9.849704777241008,41.89479334406871,3.0193236714975846,2.7844873859366612,22.52415458937198,2.1269457863660763,11.513687600644122,4.9651100375738055,0.19457863660762212,0.49651100375738055,0.020128824476650563,0.013419216317767043,,
99,0.5971551261406334,9.742351046698873,41.83440687063875,3.099838969404187,2.804616210413312,22.470477724100913,2.187332259796028,11.506977992485238,4.9651100375738055,0.2616747181964573,0.49651100375738055,0.020128824476650563,0.013419216317767043,,
100,0.5971551261406334,9.574610842726784,41.71363392377885,3.1602254428341383,3.1333870101986045,22.443639291465377,2.214170692431562,11.486849168008588,4.891304347826087,0.2616747181964573,0.48980139559849706,0.020128824476650563,0.013419216317767043,,
101,0.5971551261406334,9.192163177670425,40.57300053676865,3.44873859366613,3.099838969404187,24.422973698336016,2.26784755770263,10.86285560923242,4.723564143853999,0.27509393451422437,0.5032206119162641,0.020128824476650563,0.013419216317767043,,
102,0.5971551261406334,9.131776704240472,40.445517981749866,3.44873859366613,3.3279656468062266,24.322329575952764,2.3483628556092326,10.815888352120236,4.723564143853999,0.30193236714975846,0.5032206119162641,0.020128824476650563,0.013419216317767043,,
103,0.28180354267310787,7.474503488996243,44.50483091787439,3.280998389694042,3.1468062265163717,23.939881910896403,2.3617820719269993,10.815888352120236,3.4420289855072466,0.30193236714975846,0.41599570585077833,0.020128824476650563,0.013419216317767043,,
104,0.19457863660762212,4.51556629092861,42.632850241545896,2.623456790123457,2.818035426731079,30.730005367686527,2.4691358024691357,10.755501878690284,2.576489533011272,0.23483628556092323,0.4294149221685454,0.0067096081588835215,0.013419216317767043,,
105,0.19457863660762212,4.414922168545357,42.25711218464841,2.5831991411701556,3.0864197530864197,30.287171229200215,2.5697799248523885,11.265432098765432,2.576489533011272,0.3153515834675255,0.4294149221685454,0.0067096081588835215,0.013419216317767043,,
106,0.19457863660762212,4.414922168545357,42.09608158883521,2.5831991411701556,3.2474503488996245,30.253623188405797,2.6033279656468062,11.231884057971014,2.442297369833602,0.3488996242619431,0.5636070853462157,0.0067096081588835215,0.013419216317767043,,
107,0.19457863660762212,4.126409017713366,40.61325818572195,2.563070316693505,3.140096618357488,32.68250134192163,2.4892646269457863,10.84272678475577,2.4154589371980677,0.3488996242619431,0.5636070853462157,0.0067096081588835215,0.013419216317767043,,
108,0.19457863660762212,4.119699409554482,40.324745034889965,2.771068169618894,3.3413848631239937,32.57514761137949,2.4825550187869028,10.701825013419215,2.4154589371980677,0.48980139559849706,0.5636070853462157,0.0067096081588835215,0.013419216317767043,,
109,0.19457863660762212,3.992216854535695,41.00912506709608,2.8515834675254963,3.408480944712829,32.098765432098766,2.509393451422437,10.446859903381643,2.4154589371980677,0.48980139559849706,0.5636070853462157,0.0067096081588835215,0.013419216317767043,,
110,0.19457863660762212,3.992216854535695,40.633387010198604,2.8515834675254963,3.797638217928073,32.05179817498658,2.5697799248523885,10.312667740203972,2.5295222758990876,0.5032206119162641,0.5434782608695652,0.0067096081588835215,0.013419216317767043,,
111,0.19457863660762212,3.8378958668813743,39.79468599033817,2.8515834675254963,3.8378958668813743,32.971014492753625,2.6637144390767578,10.11808910359635,2.6637144390767578,0.5032206119162641,0.5434782608695652,0.0067096081588835215,0.013419216317767043,,
112,0.19457863660762212,3.824476650563607,39.761137949543745,2.999194847020934,3.8714439076757916,32.82340311325819,2.677133655394525,10.084541062801932,2.6637144390767578,0.5367686527106817,0.5434782608695652,0.0067096081588835215,0.013419216317767043,,
113,0.19457863660762212,3.6366076221148687,41.14331723027375,2.9052603327965647,4.045893719806763,32.63553408480945,2.757648953301127,8.883521202361782,2.7844873859366612,0.5099302200751477,0.4830917874396135,0.0067096081588835215,0.013419216317767043,,
114,0.19457863660762212,3.1602254428341383,42.13633923778851,2.6301663982823404,3.992216854535695,32.52147074610843,2.7979066022544283,8.789586688137414,2.6704240472356413,0.644122383252818,0.4428341384863124,0.0067096081588835215,0.013419216317767043,,
115,0.19457863660762212,2.7777777777777777,40.13687600644123,2.4020397208803006,3.864734299516908,33.87010198604401,2.7979066022544283,10.185185185185185,2.589908749329039,0.6910896403650026,0.4830917874396135,0.0067096081588835215,,,
116,0.19457863660762212,2.7777777777777777,40.06977992485239,2.4020397208803006,3.9318303811057436,33.82984433709071,2.8381642512077296,10.171765968867419,2.576489533011272,0.7045088566827697,0.4830917874396135,0.0067096081588835215,0.013419216317767043,,
117,0.19457863660762212,2.7777777777777777,39.87520128824477,2.4020397208803006,4.159957058507783,33.782877079978526,2.8650026838432634,10.138217928073,2.5496511003757383,0.7246376811594203,0.5099302200751477,0.0067096081588835215,0.013419216317767043,,
118,0.19457863660762212,2.7777777777777777,39.79468599033817,2.26784755770263,4.240472356414386,33.74932903918411,2.898550724637681,10.19189479334407,2.5496511003757383,0.798443370907139,0.5099302200751477,0.013419216317767043,0.013419216317767043,,
119,0.19457863660762212,2.771068169618894,39.452495974235106,2.2879763821792807,4.361245303274289,33.2662372517445,2.9052603327965647,10.876274825550189,2.522812667740204,0.798443370907139,0.5367686527106817,0.013419216317767043,0.013419216317767043,,
120,0.19457863660762212,2.771068169618894,38.95598497047772,2.61003757380569,4.616210413311863,33.17901234567901,2.932098765432099,10.909822866344605,2.442297369833602,0.8252818035426731,0.5367686527106817,0.013419216317767043,0.013419216317767043,,
121,0.12077294685990338,2.7643585614600106,38.399087493290395,2.6033279656468062,4.656468062265164,32.427536231884055,3.0394524959742353,10.768921095008052,3.6902844873859366,0.9393451422436929,0.5636070853462157,0.013419216317767043,0.013419216317767043,,
122,0.12077294685990338,2.7442297369833604,38.16425120772947,2.6972624798711755,4.864465915190553,32.367149758454104,3.0193236714975846,10.695115405260333,3.7238325281803544,1.0131508319914118,0.5636070853462157,0.013419216317767043,0.013419216317767043,,
123,0.12077294685990338,2.7442297369833604,38.097155126140635,2.657004830917874,4.931561996779388,32.32018250134192,3.066290928609769,10.63472893183038,3.7238325281803544,1.0735373054213635,0.5636070853462157,0.026838432635534086,0.040257648953301126,,
124,0.12077294685990338,2.7442297369833604,39.432367149758456,2.6435856146001075,5.045625335480408,32.15915190552872,3.0864197530864197,9.192163177670425,3.938539989264627,1.0064412238325282,0.5636070853462157,0.026838432635534086,0.040257648953301126,,
125,0.12077294685990338,2.7308105206655933,39.371980676328505,2.6704240472356413,5.0791733762748255,32.06521739130435,3.099838969404187,8.917069243156199,4.032474503488996,1.2815351583467525,0.5636070853462157,0.026838432635534086,0.040257648953301126,,
126,0.12077294685990338,2.717391304347826,39.27133655394525,2.6704240472356413,5.179817498658078,31.95115405260333,3.240740740740741,8.917069243156199,4.019055287171229,1.2815351583467525,0.5636070853462157,0.026838432635534086,0.040257648953301126,,
127,0.12077294685990338,2.717391304347826,39.21765968867418,2.6704240472356413,5.273752012882448,31.884057971014492,3.2474503488996245,8.943907675791733,4.019055287171229,1.2748255501878691,0.5636070853462157,0.026838432635534086,0.040257648953301126,,
128,0.12077294685990338,2.7106816961889426,38.788244766505635,2.6033279656468062,5.367686527106817,33.24610842726785,3.475577026301664,8.57487922705314,3.515834675254965,1.2144390767579174,0.32877079978529256,0.013419216317767043,0.040257648953301126,,
129,0.12077294685990338,2.7106816961889426,38.238056897477186,2.7308105206655933,5.421363392377885,32.950885668276975,3.502415458937198,8.57487922705314,4.146537842190016,1.2144390767579174,0.32877079978529256,0.013419216317767043,0.04696725711218465,,
130,0.12077294685990338,2.7106816961889426,37.88244766505636,2.7308105206655933,5.776972624798712,32.890499194847024,3.5628019323671496,8.57487922705314,4.146537842190016,1.2144390767579174,0.32877079978529256,0.013419216317767043,0.04696725711218465,,
131,0.11406333870101985,2.657004830917874,36.74852388620504,2.757648953301127,5.662909286097692,34.15861513687601,3.589640365002684,8.568169618894256,4.146537842190016,1.2144390767579174,0.322061191626409,0.013419216317767043,0.04696725711218465,,
132,0.11406333870101985,2.13365539452496,40.60654857756307,2.3886205045625335,5.320719269994632,32.03166935050993,3.1065485775630703,8.715780998389693,4.03918411164788,1.2010198604401503,0.322061191626409,0.013419216317767043,0.0067096081588835215,,
133,0.11406333870101985,2.13365539452496,40.24422973698336,2.677133655394525,5.407944176060118,31.99812130971551,3.140096618357488,8.715780998389693,4.03918411164788,1.1876006441223832,0.322061191626409,0.013419216317767043,0.0067096081588835215,,
134,0.11406333870101985,2.1269457863660763,39.2512077294686,2.6838432635534084,5.475040257648954,31.99812130971551,3.126677402039721,9.655126140633387,4.03918411164788,1.1876006441223832,0.322061191626409,0.013419216317767043,0.0067096081588835215,,
135,0.11406333870101985,2.1269457863660763,39.130434782608695,2.657004830917874,5.609232420826624,31.944444444444443,3.1870638754696725,9.594739667203436,4.012345679012346,1.2412775093934514,0.322061191626409,0.026838432635534086,0.03354804079441761,,
136,0.11406333870101985,2.1269457863660763,38.09044551798175,2.6704240472356413,5.756843800322061,32.830112721417066,3.1736446591519054,9.621578099838969,3.965378421900161,1.2412775093934514,0.30864197530864196,0.020128824476650563,0.08051529790660225,,
137,0.11406333870101985,2.1269457863660763,37.8690284487386,2.6704240472356413,5.891035963499732,33.984165324745035,3.2004830917874396,8.709071390230811,3.9318303811057436,1.093666129898014,0.30864197530864196,0.020128824476650563,0.08051529790660225,,
138,0.11406333870101985,2.1068169618894257,37.64090177133655,2.85829307568438,6.018518518518518,33.803005904455176,3.361513687600644,8.675523349436393,3.9318303811057436,1.0802469135802468,0.30864197530864196,0.020128824476650563,0.08051529790660225,,
139,0.11406333870101985,2.1068169618894257,37.144390767579175,3.3011272141706924,6.213097155126141,33.53462157809984,3.5225442834138487,8.641975308641975,3.9318303811057436,1.0802469135802468,0.30864197530864196,0.020128824476650563,0.08051529790660225,,
140,0.11406333870101985,2.1068169618894257,40.90848094471283,3.455448201825013,6.112453032742888,30.71658615136876,3.374932903918411,8.13875469672571,3.6500268384326353,1.0131508319914118,0.30864197530864196,0.020128824476650563,0.08051529790660225,,
141,0.11406333870101985,2.1068169618894257,40.58641975308642,3.455448201825013,6.4412238325281805,30.555555555555557,3.5091250670960816,8.13875469672571,3.6500268384326353,1.0332796564680622,0.30864197530864196,0.020128824476650563,0.08051529790660225,,
142,0.11406333870101985,2.1068169618894257,40.27777777777778,3.435319377348363,6.749865807836822,30.54213633923779,3.5426731078904994,8.13875469672571,3.6500268384326353,1.0332796564680622,0.30864197530864196,0.020128824476650563,0.08051529790660225,,
143,0.11406333870101985,2.1068169618894257,39.942297369833604,3.435319377348363,7.051798174986581,30.50187869028449,3.5829307568438002,8.13875469672571,3.6500268384326353,1.0332796564680622,0.30864197530864196,0.05367686527106817,0.08051529790660225,,
144,0.11406333870101985,2.1068169618894257,39.67391304347826,3.4621578099838968,7.320182501341922,30.421363392377884,3.656736446591519,8.09849704777241,3.6366076221148687,1.0534084809447128,0.322061191626409,0.05367686527106817,0.08051529790660225,,
145,0.11406333870101985,2.100107353730542,42.68652710681696,3.4621578099838968,7.286634460547504,27.58990874932904,3.515834675254965,8.091787439613526,3.6366076221148687,1.0601180891035964,0.322061191626409,0.05367686527106817,0.08051529790660225,,
146,0.06709608158883522,2.100107353730542,45.22275899087493,3.3480944712828773,7.219538378958669,26.38888888888889,3.5225442834138487,6.910896403650026,3.6366076221148687,1.1406333870101986,0.2885131508319914,0.06038647342995169,0.0939345142243693,,
147,0.06038647342995169,2.0933977455716586,45.69243156199678,3.502415458937198,7.152442297369833,25.831991411701555,3.435319377348363,6.8035426731078905,3.8177670424047236,1.1674718196457328,0.2885131508319914,0.06038647342995169,0.0939345142243693,,
148,0.06038647342995169,2.0531400966183573,45.56494900697799,3.488996242619431,7.300053676865271,25.5300590445518,3.3548040794417604,7.1725711218464845,3.8177670424047236,1.2144390767579174,0.2885131508319914,0.06038647342995169,0.0939345142243693,,
149,0.06038647342995169,1.4492753623188406,59.33977455716586,2.8650026838432634,6.159420289855072,18.491680085882983,2.368491680085883,4.126409017713366,3.643317230273752,1.0198604401502953,0.2885131508319914,0.06038647342995169,0.1274825550187869,,
150,0.06038647342995169,1.4492753623188406,57.628824476650564,2.804616210413312,6.280193236714976,18.46484165324745,2.395330112721417,4.180085882984434,5.226784755770263,1.0198604401502953,0.30193236714975846,0.06038647342995169,0.1274825550187869,,
151,0.06038647342995169,1.4492753623188406,57.30005367686527,2.965646806226516,6.353998926462695,18.793612453032743,2.24771873322598,4.072732152442297,5.293880837359098,0.9728931830381106,0.30193236714975846,0.06038647342995169,0.1274825550187869,,
152,0.06038647342995169,1.4492753623188406,57.098765432098766,2.965646806226516,6.5552871712292005,18.726516371443907,2.314814814814815,4.072732152442297,5.293880837359098,0.9728931830381106,0.30193236714975846,0.06038647342995169,0.1274825550187869,,
153,0.06038647342995169,1.442565754159957,56.97128287707998,2.965646806226516,6.756575415995706,18.67283950617284,2.314814814814815,4.072732152442297,5.273752012882448,0.9728931830381106,0.30193236714975846,0.06709608158883522,0.1274825550187869,,
154,0.06038647342995169,1.442565754159957,56.937734836285564,2.985775630703167,6.776704240472356,18.632581857219538,2.3483628556092326,4.072732152442297,5.273752012882448,0.9728931830381106,0.30193236714975846,0.06709608158883522,0.1274825550187869,,
155,0.06038647342995169,1.442565754159957,56.60896403650027,3.099838969404187,6.91760601180891,18.53864734299517,2.5295222758990876,4.072732152442297,5.233494363929147,0.9997316156736447,0.30193236714975846,0.06709608158883522,0.1274825550187869,,
156,0.06038647342995169,1.442565754159957,56.30703166935051,3.2474503488996245,6.971282877079979,18.53864734299517,2.6033279656468062,4.072732152442297,5.314009661835748,0.9460547504025765,0.30193236714975846,0.06709608158883522,0.1274825550187869,,
157,0.06038647342995169,1.442565754159957,56.11916264090177,3.2474503488996245,7.159151905528717,18.53864734299517,2.5966183574879227,4.072732152442297,5.314009661835748,0.9460547504025765,0.30193236714975846,0.06709608158883522,0.1274825550187869,0.0067096081588835215,
158,0.06038647342995169,1.442565754159957,56.005099302200755,3.2474503488996245,7.206119162640902,18.243424584004295,2.677133655394525,4.341116478797638,5.3274288781535155,0.9460547504025765,0.30193236714975846,0.06709608158883522,0.1274825550187869,0.0067096081588835215,
159,0.06038647342995169,1.3821792807300053,55.91787439613527,3.3682232957595275,7.313472893183038,18.183038110574344,2.657004830917874,4.327697262479871,5.3274288781535155,0.9594739667203436,0.30193236714975846,0.06709608158883522,0.1274825550187869,0.0067096081588835215,
160,0.06038647342995169,1.3821792807300053,55.60923242082662,3.5963499731615673,7.380568974771873,18.109232420826622,2.657004830917874,4.327697262479871,5.414653784219001,0.9594739667203436,0.30193236714975846,0.06709608158883522,0.1274825550187869,0.0067096081588835215,
161,0.06038647342995169,1.3821792807300053,55.49516908212561,3.5963499731615673,7.467793880837359,18.109232420826622,2.677133655394525,4.327697262479871,5.401234567901234,0.9728931830381106,0.30193236714975846,0.06709608158883522,0.13419216317767044,0.0067096081588835215,
162,0.06038647342995169,1.3821792807300053,55.139559849704774,4.119699409554482,7.64224369296833,17.807300053676865,2.636876006441224,4.30756843800322,5.387815351583468,1.0064412238325282,0.30193236714975846,0.06709608158883522,0.13419216317767044,0.0067096081588835215,
163,0.06038647342995169,1.3821792807300053,54.93156199677939,4.186795491143317,7.675791733762749,17.793880837359097,2.757648953301127,4.30756843800322,5.387815351583468,1.0064412238325282,0.30193236714975846,0.06709608158883522,0.13419216317767044,0.0067096081588835215,
164,0.06038647342995169,1.3821792807300053,54.85775630703167,4.092860976918948,7.749597423510467,17.76033279656468,2.791196994095545,4.394793344068707,5.387815351583468,1.0064412238325282,0.30193236714975846,0.07380568974771873,0.13419216317767044,0.0067096081588835215,
165,0.06038647342995169,1.3821792807300053,55.9447128287708,4.247181964573269,7.977724100912507,16.411701556629094,2.61003757380569,4.3545356951154055,5.475040257648954,1.0198604401502953,0.30193236714975846,0.07380568974771873,0.13419216317767044,0.0067096081588835215,
166,0.06038647342995169,1.3821792807300053,55.57568438003221,4.253891572732153,8.172302737520129,16.391572732152444,2.6301663982823404,4.3545356951154055,5.622651637144391,1.0399892646269457,0.30193236714975846,0.07380568974771873,0.13419216317767044,0.0067096081588835215,
167,0.06038647342995169,1.3821792807300053,55.3341384863124,4.253891572732153,8.413848631239935,16.391572732152444,2.6301663982823404,4.3545356951154055,5.622651637144391,1.0399892646269457,0.30193236714975846,0.07380568974771873,0.13419216317767044,0.0067096081588835215,
168,0.06038647342995169,1.3821792807300053,54.7638217928073,4.26731078904992,8.970746108427267,16.391572732152444,2.6301663982823404,4.3545356951154055,5.622651637144391,1.0399892646269457,0.30193236714975846,0.07380568974771873,0.13419216317767044,0.0067096081588835215,
169,0.06038647342995169,1.3821792807300053,54.32098765432099,4.2203435319377345,9.16532474503489,16.371443907675793,2.6435856146001075,4.240472356414386,5.891035963499732,1.1876006441223832,0.30193236714975846,0.07380568974771873,0.13419216317767044,0.0067096081588835215,
170,0.06038647342995169,1.3821792807300053,54.28073000536769,4.2203435319377345,9.205582393988191,16.337895866881375,2.677133655394525,4.240472356414386,5.891035963499732,1.1876006441223832,0.30193236714975846,0.07380568974771873,0.13419216317767044,0.0067096081588835215,
171,0.06038647342995169,1.3150831991411702,50.93263553408481,4.106280193236715,8.668813741277509,18.98148148148148,2.6637144390767578,5.683038110574342,5.904455179817498,1.1674718196457328,0.30193236714975846,0.07380568974771873,0.13419216317767044,0.0067096081588835215,
172,0.06038647342995169,1.3150831991411702,50.0805152979066,4.200214707461084,8.715780998389693,18.96135265700483,2.690552871712292,6.508319914117015,5.891035963499732,1.0466988727858293,0.30193236714975846,0.07380568974771873,0.14761137949543746,0.0067096081588835215,
173,0.06038647342995169,1.3150831991411702,49.73161567364466,4.428341384863124,8.796296296296296,18.38432635534085,2.6972624798711755,7.695920558239399,5.528717122920021,1.0064412238325282,0.1274825550187869,0.07380568974771873,0.14761137949543746,0.0067096081588835215,
174,0.06038647342995169,1.3150831991411702,49.604133118625874,4.555823939881911,8.769457863660762,18.283682232957595,2.7844873859366612,7.689210950080516,5.5689747718733225,1.0131508319914118,0.1274825550187869,0.07380568974771873,0.14761137949543746,0.0067096081588835215,
175,0.06038647342995169,1.3150831991411702,49.31561996779388,4.85775630703167,8.749329039184111,18.250134192163177,2.8113258185721954,7.689210950080516,5.5689747718733225,1.0265700483091786,0.1274825550187869,0.07380568974771873,0.14761137949543746,0.0067096081588835215,
176,0.06038647342995169,1.3150831991411702,49.23510466988728,4.85775630703167,8.78287707997853,18.156199677938808,2.844873859366613,7.689210950080516,5.662909286097692,1.0265700483091786,0.1274825550187869,0.07380568974771873,0.1610305958132045,0.0067096081588835215,
