,45,50,51,52,55,53,54,58,56,57
0,99.71148684916801,0.2885131508319914,,,,,,,,
1,99.71148684916801,0.2885131508319914,,,,,,,,
2,99.71148684916801,0.2885131508319914,,,,,,,,
3,89.68062265163715,10.319377348362856,,,,,,,,
4,89.81481481481481,10.185185185185185,,,,,,,,
5,88.11728395061728,11.708266237251744,0.17444981213097155,,,,,,,
6,88.21121846484165,11.614331723027375,0.17444981213097155,,,,,,,
7,87.98309178743962,11.849168008588299,0.16774020397208803,,,,,,,
8,87.18464841653247,12.647611379495437,0.16774020397208803,,,,,,,
9,86.92297369833602,12.909286097691895,0.16774020397208803,,,,,,,
10,86.94310252281267,12.889157273215245,0.16774020397208803,,,,,,,
11,86.75523349436394,13.077026301663983,0.16774020397208803,,,,,,,
12,86.4801395598497,13.352120236178207,0.16774020397208803,,,,,,,
13,82.4074074074074,17.59259259259259,,,,,,,,
14,73.10789049919485,26.89210950080515,,,,,,,,
15,65.6736446591519,34.326355340848096,,,,,,,,
16,65.7139023081052,34.13848631239936,0.14761137949543746,,,,,,,
17,65.73403113258186,34.11835748792271,0.14761137949543746,,,,,,,
18,65.98228663446055,33.8768115942029,0.14090177133655393,,,,,,,
19,64.79468599033817,31.662640901771336,0.14090177133655393,3.4017713365539453,,,,,,
20,64.75442834138487,31.702898550724637,0.14090177133655393,3.4017713365539453,,,,,,
21,64.88862050456254,31.5955448201825,0.14090177133655393,3.374932903918411,,,,,,
22,62.80864197530864,33.17901234567901,0.11406333870101985,3.374932903918411,0.5233494363929146,,,,,
23,58.42055823939882,38.39237788513151,0.11406333870101985,2.3617820719269993,0.7112184648416533,,,,,
24,58.44068706387547,38.036768652710684,0.11406333870101985,2.3550724637681157,0.7112184648416533,0.3421900161030596,,,,
25,48.47691894793344,48.35614600107354,0.11406333870101985,2.3550724637681157,0.6977992485238862,,,,,
26,48.698336017176594,48.168276972624795,0.11406333870101985,2.3349436392914655,0.6843800322061192,,,,,
27,48.95330112721417,47.58454106280193,0.11406333870101985,2.2074610842726785,1.1406333870101986,,,,,
28,49.16129898013956,47.38996242619431,0.11406333870101985,2.1940418679549114,1.1406333870101986,,,,,
29,49.362587224906065,47.034353193773484,0.11406333870101985,2.1940418679549114,1.133923778851315,0.1610305958132045,,,,
30,45.269726247987116,51.24127750939345,,2.1940418679549114,1.133923778851315,0.1610305958132045,,,,
31,45.551529790660226,50.99302200751476,,2.1604938271604937,1.133923778851315,0.1610305958132045,,,,
32,42.190016103059584,54.528985507246375,,2.1604938271604937,1.1205045625335481,,,,,
33,42.619431025228124,54.119699409554485,,2.1403650026838434,1.1205045625335481,,,,,
34,41.31105743424584,48.97342995169082,,2.01959205582394,1.3620504562533549,6.333870101986044,,,,
35,41.4922168545357,47.61808910359635,,1.9927536231884058,2.636876006441224,6.260064412238325,,,,
36,41.91492216854536,47.195383789586685,,1.9927536231884058,2.636876006441224,6.260064412238325,,,,
37,40.49919484702093,46.00107353730542,2.623456790123457,1.9927536231884058,2.623456790123457,6.260064412238325,,,,
38,40.713902308105204,45.833333333333336,2.623456790123457,1.9927536231884058,2.717391304347826,6.119162640901771,,,,
39,39.841653247450346,46.71900161030596,2.623456790123457,1.9793344068706387,2.717391304347826,6.119162640901771,,,,
40,40.41196994095545,46.15539452495974,2.623456790123457,1.9726247987117553,2.717391304347826,6.119162640901771,,,,
41,40.64680622651637,45.1154052603328,2.623456790123457,1.9726247987117553,3.294417606011809,6.347289318303811,,,,
42,40.707192699946326,45.13553408480945,2.5496511003757383,1.9726247987117553,3.2877079978529253,6.347289318303811,,,,
43,40.74074074074074,43.19645732689211,2.5496511003757383,1.9524959742351047,2.046430488459474,6.320450885668277,3.193773483628556,,,
44,41.0426731078905,42.921363392377884,2.5496511003757383,1.9524959742351047,2.0397208803005906,6.3137412775093935,3.180354267310789,,,
45,41.48550724637681,42.62614063338701,2.5295222758990876,1.865271068169619,2.0397208803005906,6.300322061191626,2.952227589908749,0.20128824476650564,,
46,41.5727321524423,42.599302200751474,2.5295222758990876,1.865271068169619,2.006172839506173,6.300322061191626,2.9253891572732154,0.20128824476650564,,
47,41.74047235641439,42.25711218464841,2.5295222758990876,1.865271068169619,2.2074610842726785,6.300322061191626,2.898550724637681,0.20128824476650564,,
48,41.93505099302201,41.83440687063875,2.5295222758990876,1.8384326355340848,2.2074610842726785,6.300322061191626,3.1535158346752548,0.20128824476650564,,
49,42.169887278582934,41.2842190016103,2.408749329039184,1.8048845947396672,2.6838432635534084,6.011808910359635,3.1535158346752548,0.4830917874396135,,
50,42.15646806226516,41.076221148684915,2.6704240472356413,1.7847557702630166,2.6838432635534084,5.991680085882985,3.1535158346752548,0.4830917874396135,,
51,42.74020397208803,40.24422973698336,2.6704240472356413,1.7847557702630166,2.61003757380569,5.991680085882985,3.475577026301664,0.4830917874396135,,
52,42.961621041331185,40.04965110037574,2.6704240472356413,1.778046162104133,2.6033279656468062,5.978260869565218,3.475577026301664,0.4830917874396135,,
53,42.92807300053677,39.821524422973695,2.6704240472356413,1.778046162104133,2.576489533011272,5.958132045088567,3.784219001610306,0.4830917874396135,,
54,43.11594202898551,39.69404186795491,2.6502952227589907,1.778046162104133,2.5496511003757383,5.9447128287707995,3.784219001610306,0.4830917874396135,,
55,43.223295759527645,39.58668813741278,2.6502952227589907,1.778046162104133,2.5496511003757383,5.9447128287707995,3.784219001610306,0.4830917874396135,,
56,43.12936124530327,39.68733225979603,2.6502952227589907,1.778046162104133,2.5496511003757383,5.9447128287707995,3.7775093934514223,0.4830917874396135,,
57,43.592324208266234,39.27804616210413,2.6502952227589907,1.778046162104133,2.522812667740204,5.924584004294149,3.515834675254965,0.47638217928073,0.2616747181964573,
58,43.59903381642512,39.11701556629093,2.8650026838432634,1.778046162104133,2.522812667740204,5.870907139023081,3.515834675254965,0.46967257112184646,0.2616747181964573,
59,41.22383252818035,32.50134192163178,0.5971551261406334,14.49946323134729,1.6505636070853462,5.8172302737520125,3.046162104133119,0.4025764895330113,0.2616747181964573,
60,32.709339774557165,40.11003757380569,1.6304347826086956,14.546430488459475,1.583467525496511,5.750134192163178,3.0059044551798175,0.4025764895330113,0.2616747181964573,
61,32.789855072463766,40.103327965646805,1.6035963499731616,14.512882447665056,1.583467525496511,5.750134192163178,2.9924852388620504,0.4025764895330113,0.2616747181964573,
62,33.1857219538379,39.81481481481482,1.6035963499731616,14.445786366076222,1.556629092860977,5.736714975845411,2.9924852388620504,0.4025764895330113,0.2616747181964573,
63,33.52120236178207,39.64707461084273,1.6035963499731616,14.318303811057435,1.556629092860977,5.723295759527644,2.965646806226516,0.4025764895330113,0.2616747181964573,
64,33.63526570048309,39.60010735373054,1.6035963499731616,14.318303811057435,1.556629092860977,5.683038110574342,2.9388083735909825,0.4025764895330113,0.2616747181964573,
65,33.8365539452496,39.452495974235106,1.5767579173376274,14.2914653784219,1.556629092860977,5.683038110574342,2.9388083735909825,0.4025764895330113,0.2616747181964573,
66,33.863392377885134,39.65378421900161,1.5432098765432098,14.096886741814279,1.556629092860977,5.683038110574342,2.9388083735909825,0.4025764895330113,0.2616747181964573,
67,33.641975308641975,37.92270531400966,1.5230810520665594,15.975577026301664,1.5297906602254427,5.589103596349974,3.1535158346752548,0.4025764895330113,0.2616747181964573,
68,33.70907139023081,37.56038647342995,1.8585614600107354,15.94873859366613,1.5163714439076759,5.589103596349974,3.1535158346752548,0.4025764895330113,0.2616747181964573,
69,33.883521202361784,37.25845410628019,1.8585614600107354,15.94873859366613,1.5163714439076759,5.522007514761138,3.1065485775630703,0.4025764895330113,0.5032206119162641,
70,33.12533548040794,38.056897477187334,1.8317230273752012,15.94873859366613,1.5029522275899088,5.522007514761138,3.1065485775630703,0.4025764895330113,0.5032206119162641,
71,33.43397745571659,37.78851315083199,1.8317230273752012,15.814546430488459,1.6706924315619969,5.501878690284487,3.052871712292002,0.4025764895330113,0.5032206119162641,
72,33.7157809983897,37.72812667740204,1.8183038110574343,15.707192699946322,1.6706924315619969,5.428073000536768,3.026033279656468,0.4025764895330113,0.5032206119162641,
73,33.89023081052066,37.34567901234568,1.8183038110574343,15.707192699946322,1.9860440150295222,5.320719269994632,3.026033279656468,0.4025764895330113,0.5032206119162641,
74,34.35319377348363,37.224906065485776,1.7579173376274826,15.465646806226516,1.9860440150295222,5.307300053676865,3.026033279656468,0.4025764895330113,0.47638217928073,
75,32.75630703166935,36.178207192699944,4.408212560386473,15.458937198067632,1.9860440150295222,5.307300053676865,3.026033279656468,0.4025764895330113,0.47638217928073,
76,33.49436392914654,35.51395598497048,4.408212560386473,15.411969940955448,1.9726247987117553,5.293880837359098,3.026033279656468,0.4025764895330113,0.47638217928073,
77,33.52791196994095,35.18518518518518,4.750402576489533,15.297906602254429,2.0397208803005906,5.293880837359098,3.026033279656468,0.4025764895330113,0.47638217928073,
78,33.803005904455176,34.97047772410091,4.750402576489533,15.230810520665592,2.0128824476650564,5.293880837359098,3.099838969404187,0.3824476650563607,0.4562533548040794,
79,33.97074610842727,34.68196457326892,4.750402576489533,15.150295222758992,2.24771873322598,5.293880837359098,3.0730005367686526,0.3824476650563607,0.4495437466451959,
80,33.279656468062264,33.12533548040794,4.750402576489533,17.599302200751477,2.254428341384863,5.233494363929147,2.9253891572732154,0.3824476650563607,0.4495437466451959,
81,32.85024154589372,33.9573268921095,4.663177670424047,17.297369833601717,2.254428341384863,5.22007514761138,2.9253891572732154,0.3824476650563607,0.4495437466451959,
82,33.373590982286636,33.72920021470746,4.616210413311863,17.122920021470748,2.2410091250670963,5.186527106816962,2.898550724637681,0.3824476650563607,0.4495437466451959,
83,33.68894256575416,33.340042941492214,4.602791196994096,17.022275899087493,2.187332259796028,5.186527106816962,3.140096618357488,0.3824476650563607,0.4495437466451959,
84,34.23242082662372,33.071658615136876,4.602791196994096,16.988727858293075,2.167203435319377,4.9651100375738055,3.140096618357488,0.3824476650563607,0.4495437466451959,
85,25.966183574879228,43.364197530864196,4.166666666666667,15.203972088030058,1.9927536231884058,4.005636070853462,3.066290928609769,0.3824476650563607,1.8518518518518519,
86,25.966183574879228,43.022007514761135,4.146537842190016,15.780998389694043,1.8786902844873858,4.005636070853462,2.965646806226516,0.3824476650563607,1.8518518518518519,
87,26.120504562533547,42.93478260869565,4.146537842190016,15.727321524422974,1.8786902844873858,4.005636070853462,2.952227589908749,0.3824476650563607,1.8518518518518519,
88,22.73886205045625,38.32528180354267,8.709071390230811,22.75228126677402,1.1943102522812667,3.8848631239935587,0.6105743424584005,0.2683843263553409,1.5163714439076759,
89,22.906602254428343,37.6610305958132,8.682232957595277,22.879763821792807,1.6170155662909287,3.8848631239935587,0.5971551261406334,0.2683843263553409,1.5029522275899088,
90,23.295759527643586,37.493290391841114,8.655394524959743,22.73886205045625,1.5901771336553945,3.8580246913580245,0.5971551261406334,0.2683843263553409,1.5029522275899088,
91,23.68491680085883,37.21819645732689,8.28636607622115,22.544283413848632,1.5633387010198605,3.8580246913580245,0.5971551261406334,0.2683843263553409,1.865271068169619,0.11406333870101985
92,24.20155662909286,37.01690821256039,8.259527643585615,22.19538378958669,1.6237251744498122,3.8580246913580245,0.5971551261406334,0.2683843263553409,1.865271068169619,0.11406333870101985
93,24.476650563607084,36.81561996779388,8.259527643585615,22.14170692431562,1.6237251744498122,3.8580246913580245,0.5971551261406334,0.24825550187869028,1.865271068169619,0.11406333870101985
94,14.868491680085883,54.28743961352657,1.3754696725711217,21.430488459473967,1.7176596886741815,3.8580246913580245,0.5971551261406334,0.24825550187869028,1.5029522275899088,0.11406333870101985
95,15.157004830917874,54.13311862587225,1.3754696725711217,21.296296296296298,1.7176596886741815,3.8580246913580245,0.5971551261406334,0.24825550187869028,1.5029522275899088,0.11406333870101985
96,15.479066022544284,53.797638217928075,1.3754696725711217,21.16881374127751,1.7176596886741815,3.851315083199141,0.7783145464304885,0.2281266774020397,1.4895330112721417,0.11406333870101985
97,15.841384863123993,53.56280193236715,1.3754696725711217,20.88030059044552,2.0397208803005906,3.851315083199141,0.7514761137949544,0.2281266774020397,1.3553408480944713,0.11406333870101985
98,16.284219001610307,53.06629092860977,1.3754696725711217,20.840042941492218,2.1604938271604937,3.8378958668813743,0.7514761137949544,0.2281266774020397,1.3419216317767042,0.11406333870101985
99,9.574610842726784,74.51019860440151,1.3553408480944713,5.24020397208803,1.9122383252818036,3.8177670424047236,2.01959205582394,0.2281266774020397,1.3419216317767042,
100,9.73564143853999,74.34245840042942,1.3486312399355878,5.139559849704777,2.0263016639828235,3.8177670424047236,2.01959205582394,0.2281266774020397,1.3419216317767042,
101,10.091250670960816,65.11003757380568,1.3486312399355878,5.0993022007514766,10.976918947933441,3.797638217928073,2.006172839506173,0.2281266774020397,1.3419216317767042,
102,10.534084809447128,64.80810520665594,1.3419216317767042,5.072463768115942,10.976918947933441,3.730542136339238,1.9927536231884058,0.20128824476650564,1.3419216317767042,
103,11.11111111111111,64.27804616210413,1.3150831991411702,5.072463768115942,10.976918947933441,3.7104133118625873,1.9927536231884058,0.20128824476650564,1.3419216317767042,
104,11.533816425120772,63.65405260332797,1.3150831991411702,4.9651100375738055,11.285560923242082,3.7104133118625873,1.9927536231884058,0.20128824476650564,1.3419216317767042,
105,12.057165861513688,63.29173376274826,1.3150831991411702,4.924852388620504,11.265432098765432,3.616478797638218,1.9927536231884058,0.20128824476650564,1.3352120236178207,
106,12.359098228663447,63.0300590445518,1.3150831991411702,4.924852388620504,11.245303274288782,3.616478797638218,1.9726247987117553,0.20128824476650564,1.3352120236178207,
107,12.68786902844874,62.86231884057971,1.3016639828234031,4.911433172302737,11.131239935587761,3.616478797638218,1.9726247987117553,0.20128824476650564,1.3150831991411702,
108,12.909286097691895,62.473161567364464,1.3016639828234031,4.911433172302737,11.29898013955985,3.616478797638218,1.9726247987117553,0.20128824476650564,1.3150831991411702,
109,13.231347289318304,62.21148684916801,1.3016639828234031,4.911433172302737,11.292270531400966,3.589640365002684,1.8384326355340848,0.20128824476650564,1.288244766505636,0.13419216317767044
110,13.6808910359635,61.60762211486849,1.3016639828234031,4.911433172302737,11.446591519055287,3.589640365002684,1.8384326355340848,0.20128824476650564,1.288244766505636,0.13419216317767044
111,13.969404186795492,61.493558776167475,1.2077294685990339,4.911433172302737,11.419753086419753,3.535963499731616,1.8384326355340848,0.20128824476650564,1.288244766505636,0.13419216317767044
112,14.278046162104133,60.92324208266237,1.2077294685990339,4.904723564143854,11.83574879227053,3.388352120236178,1.8384326355340848,0.20128824476650564,1.288244766505636,0.13419216317767044
113,14.533011272141707,60.57434245840043,1.2077294685990339,4.891304347826087,11.943102522812667,3.388352120236178,1.8384326355340848,0.20128824476650564,1.288244766505636,0.13419216317767044
114,14.88191089640365,60.27241009125067,1.2077294685990339,4.87788513150832,11.90955448201825,3.388352120236178,1.8384326355340848,0.20128824476650564,1.288244766505636,0.13419216317767044
115,11.057434245840042,27.395330112721417,47.82608695652174,4.582662372517445,3.784219001610306,3.3413848631239937,0.35560923242082665,0.20128824476650564,1.4559849704777241,
116,11.292270531400966,27.388620504562535,47.61137949543747,4.582662372517445,3.7775093934514223,3.3413848631239937,0.3488996242619431,0.20128824476650564,1.4559849704777241,
117,11.701556629092861,27.22758990874933,47.517444981213096,4.435050993022007,3.7775093934514223,3.3413848631239937,0.3421900161030596,0.20128824476650564,1.4559849704777241,
118,12.29200214707461,27.086688137412775,47.094739667203434,4.428341384863124,3.7573805689747717,3.3413848631239937,0.3421900161030596,0.20128824476650564,1.4559849704777241,
119,12.526838432635534,26.744498121309714,46.92699946323135,4.408212560386473,4.072732152442297,3.321256038647343,0.3421900161030596,0.20128824476650564,1.4559849704777241,
120,13.083735909822867,26.643853998926463,46.262748255501876,4.394793344068707,4.320987654320987,3.3011272141706924,0.3421900161030596,0.20128824476650564,1.4492753623188406,
121,13.573537305421363,26.52308105206656,45.893719806763286,4.394793344068707,4.320987654320987,3.3011272141706924,0.3421900161030596,0.20128824476650564,1.4492753623188406,
122,13.90901771336554,26.382179280730007,45.59849704777241,4.28743961352657,4.575952764358561,3.3011272141706924,0.3421900161030596,0.20128824476650564,1.402308105206656,
123,14.264626945786366,26.321792807300053,45.41733762748255,4.280730005367687,4.468599033816425,3.3011272141706924,0.3421900161030596,0.20128824476650564,1.402308105206656,
124,14.42565754159957,26.268115942028984,44.76650563607085,4.280730005367687,5.01207729468599,3.3011272141706924,0.3421900161030596,0.20128824476650564,1.402308105206656,
125,14.720880300590446,26.133923778851315,44.18276972624799,4.280730005367687,5.314009661835748,3.2541599570585076,0.5099302200751477,0.20128824476650564,1.402308105206656,
126,14.949006977992486,26.06682769726248,43.73322597960279,4.280730005367687,5.60252281266774,3.2541599570585076,0.5099302200751477,0.20128824476650564,1.402308105206656,
127,15.505904455179817,25.95276435856146,43.29039184111648,4.280730005367687,5.60252281266774,3.2541599570585076,0.5099302200751477,0.20128824476650564,1.402308105206656,
128,15.827965646806227,25.623993558776167,43.12936124530327,4.280730005367687,5.797101449275362,3.227321524422974,0.5099302200751477,0.20128824476650564,1.402308105206656,
129,16.069511540526033,25.268384326355342,42.84084809447128,4.280730005367687,5.877616747181965,3.227321524422974,0.8319914117015567,0.20128824476650564,1.402308105206656,
130,16.384863123993558,24.644390767579175,42.43827160493827,4.280730005367687,6.602254428341385,3.227321524422974,0.8319914117015567,0.20128824476650564,1.3888888888888888,
131,16.586151368760063,24.644390767579175,42.290660225442835,4.26731078904992,6.602254428341385,3.193773483628556,0.8319914117015567,0.20128824476650564,1.3821792807300053,
132,16.921631776704242,24.630971551261407,42.01556629092861,4.260601180891036,6.561996779388084,3.193773483628556,0.8319914117015567,0.20128824476650564,1.3821792807300053,
133,17.673107890499196,24.329039184111647,41.17015566290929,4.213633923778851,6.763285024154589,3.435319377348363,0.8319914117015567,0.20128824476650564,1.3821792807300053,
134,17.820719269994633,24.282071926999464,41.17015566290929,4.213633923778851,6.763285024154589,3.33467525496511,0.8319914117015567,0.20128824476650564,1.3821792807300053,
135,17.995169082125603,24.114331723027377,40.94873859366613,4.086151368760064,7.105475040257649,3.33467525496511,0.8319914117015567,0.20128824476650564,1.3821792807300053,
136,18.303811057434245,24.00697799248524,40.66022544283414,4.05931293612453,7.219538378958669,3.33467525496511,0.8319914117015567,0.20128824476650564,1.3821792807300053,
137,18.364197530864196,23.96672034353194,40.633387010198604,4.05931293612453,7.185990338164252,3.374932903918411,0.8319914117015567,0.20128824476650564,1.3821792807300053,
138,18.88083735909823,23.8191089640365,40.163714439076756,4.052603327965647,7.2933440687063875,3.374932903918411,0.8319914117015567,0.20128824476650564,1.3821792807300053,
139,19.47799248523886,23.32259796027912,40.002683843263554,3.8915727321524423,7.212828770799785,3.374932903918411,0.8319914117015567,0.20128824476650564,1.6841116478797638,
140,20.055018786902846,23.201825013419217,39.60681696188943,3.878153515834675,7.185990338164252,3.361513687600644,0.8252818035426731,0.20128824476650564,1.6841116478797638,
141,20.28985507246377,23.121309715512613,39.472624798711756,3.878153515834675,7.1658615136876005,3.361513687600644,0.8252818035426731,0.20128824476650564,1.6841116478797638,
142,20.652173913043477,23.05421363392378,39.210950080515296,3.8714439076757916,7.139023081052066,3.361513687600644,0.8252818035426731,0.20128824476650564,1.6841116478797638,
143,20.947396672034355,22.926731078904993,39.14385399892646,3.8714439076757916,7.139023081052066,3.3480944712828773,0.8252818035426731,0.20128824476650564,1.596886741814278,
144,21.235909822866343,22.79253891572732,39.08346752549651,3.8714439076757916,7.058507783145465,3.3480944712828773,0.8252818035426731,0.1878690284487386,1.596886741814278,
145,21.182232957595275,22.27589908749329,38.92243692968331,3.864734299516908,6.3070316693505095,4.522275899087493,1.1473429951690821,0.1878690284487386,1.5901771336553945,
146,21.34326355340848,22.228931830381107,38.83521202361782,3.864734299516908,6.280193236714976,4.522275899087493,1.1473429951690821,0.1878690284487386,1.5901771336553945,
147,21.490874932903917,22.19538378958669,38.6406333870102,3.864734299516908,6.427804616210413,4.461889425657541,1.1406333870101986,0.1878690284487386,1.5901771336553945,
148,21.752549651100377,22.088030059044552,38.519860440150296,3.864734299516908,6.427804616210413,4.461889425657541,1.1137949543746646,0.1878690284487386,1.583467525496511,
149,22.014224369296834,22.014224369296834,38.36553945249597,3.864734299516908,6.421095008051529,4.455179817498658,1.093666129898014,0.1878690284487386,1.583467525496511,
150,22.228931830381107,21.947128287707997,38.26489533011272,3.844605475040258,6.414385399892646,4.455179817498658,1.0735373054213635,0.1878690284487386,1.583467525496511,
151,22.5979602791197,21.74584004294149,37.74154589371981,3.844605475040258,6.622383252818035,4.361245303274289,1.0735373054213635,0.1878690284487386,1.8250134192163177,
152,22.65163714439077,21.71900161030596,37.714707461084274,3.844605475040258,6.622383252818035,4.361245303274289,1.0735373054213635,0.1878690284487386,1.8250134192163177,
153,22.899892646269457,21.470746108427267,37.513419216317764,3.844605475040258,6.857219538378959,4.334406870638754,1.0735373054213635,0.1878690284487386,1.8183038110574343,
154,23.262211486849168,21.28287707997853,37.23832528180354,3.8311862587224907,6.971282877079979,4.334406870638754,1.0735373054213635,0.1878690284487386,1.8183038110574343,
155,23.537305421363392,21.135265700483092,36.782071926999464,3.8311862587224907,6.951154052603328,4.166666666666667,1.3419216317767042,0.1878690284487386,1.8048845947396672,0.2616747181964573
156,23.731884057971016,20.90042941492217,36.71497584541063,3.6231884057971016,7.239667203435319,4.28743961352657,1.3016639828234031,0.1878690284487386,1.751207729468599,0.2616747181964573
157,23.98684916800859,20.685721953837895,36.533816425120776,3.6231884057971016,7.085346215780999,4.253891572732153,1.6304347826086956,0.1878690284487386,1.751207729468599,0.2616747181964573
158,24.235104669887278,20.605206655931294,36.41304347826087,3.603059581320451,7.085346215780999,4.240472356414386,1.6304347826086956,0.1878690284487386,1.737788513150832,0.2616747181964573
159,24.4699409554482,20.551529790660226,36.272141706924316,3.603059581320451,7.0450885668276975,4.240472356414386,1.6304347826086956,0.1878690284487386,1.737788513150832,0.2616747181964573
160,24.65780998389694,20.50456253354804,36.2385936661299,3.603059581320451,7.03166935050993,4.193505099302201,1.6304347826086956,0.14090177133655393,1.737788513150832,0.2616747181964573
161,24.852388620504563,20.457595276435857,36.11782071926999,3.603059581320451,7.018250134192163,4.186795491143317,1.6237251744498122,0.14090177133655393,1.737788513150832,0.2616747181964573
162,25.120772946859905,20.35024154589372,36.00375738056898,3.5963499731615673,6.977992485238862,4.186795491143317,1.6237251744498122,0.14090177133655393,1.737788513150832,0.2616747181964573
163,25.53676865271068,20.061728395061728,35.81588835212023,3.5963499731615673,6.749865807836822,4.17337627482555,1.9256575415995705,0.14090177133655393,1.737788513150832,0.2616747181964573
164,25.758185721953836,19.860440150295222,35.7085346215781,3.4621578099838968,6.843800322061192,4.139828234031133,1.9256575415995705,0.14090177133655393,1.6975308641975309,0.46296296296296297
165,26.167471819645733,19.55179817498658,35.39989264626946,3.4151905528717124,6.810252281266774,4.119699409554482,2.2342995169082127,0.14090177133655393,1.6975308641975309,0.46296296296296297
166,26.402308105206657,19.384057971014492,35.33279656468062,3.4151905528717124,6.810252281266774,4.119699409554482,2.2342995169082127,0.14090177133655393,1.6975308641975309,0.46296296296296297
167,27.167203435319376,19.276704240472355,34.78931830381106,3.4151905528717124,6.743156199677939,4.106280193236715,2.214170692431562,0.14090177133655393,1.6841116478797638,0.46296296296296297
168,27.74422973698336,19.16935050993022,34.37332259796028,3.3480944712828773,6.6760601180891035,4.233762748255502,2.167203435319377,0.14090177133655393,1.6841116478797638,0.46296296296296297
169,19.37734836285561,15.619967793880837,55.36768652710682,0.8789586688137413,5.991680085882985,0.6709608158883521,1.6103059581320451,,0.4227053140096618,0.06038647342995169
170,19.51154052603328,15.619967793880837,55.23349436392915,0.8789586688137413,5.991680085882985,0.6709608158883521,1.6103059581320451,,0.4227053140096618,0.06038647342995169
171,19.699409554482017,15.458937198067632,55.04562533548041,0.8521202361782072,6.1862587224906065,0.6709608158883521,1.6103059581320451,,0.41599570585077833,0.06038647342995169
172,19.961084272678477,15.318035426731079,54.8443370907139,0.8252818035426731,6.179549114331723,0.6642512077294686,1.7310789049919484,,0.41599570585077833,0.06038647342995169
173,20.202630166398283,15.297906602254429,54.43505099302201,0.8252818035426731,6.367418142780462,0.6642512077294686,1.7310789049919484,,0.41599570585077833,0.06038647342995169
174,20.457595276435857,15.297906602254429,54.09286097691895,0.8252818035426731,6.347289318303811,0.785024154589372,1.7176596886741815,,0.41599570585077833,0.06038647342995169
175,21.121846484165324,15.217391304347826,53.596349973161566,0.8252818035426731,6.3137412775093935,0.7514761137949544,1.7176596886741815,,0.41599570585077833,0.040257648953301126
176,21.101717659688674,15.217391304347826,53.274288781535155,0.8252818035426731,6.655931293612453,0.7514761137949544,1.7176596886741815,,0.41599570585077833,0.040257648953301126
177,21.309715512614062,15.197262479871176,52.871712292002144,0.8252818035426731,6.870638754696726,0.7514761137949544,1.7176596886741815,,0.41599570585077833,0.040257648953301126
178,21.195652173913043,14.928878153515834,52.683843263553406,0.798443370907139,6.850509930220075,0.7514761137949544,2.3349436392914655,,0.41599570585077833,0.040257648953301126
179,21.846484165324746,14.774557165861514,52.261137949543745,0.785024154589372,6.816961889425658,0.7246376811594203,2.3349436392914655,,0.41599570585077833,0.040257648953301126
180,21.980676328502415,14.76784755770263,52.18733225979603,0.785024154589372,6.763285024154589,0.7246376811594203,2.3349436392914655,,0.41599570585077833,0.040257648953301126
181,20.79307568438003,14.17740203972088,51.62372517444981,0.785024154589372,6.910896403650026,0.8655394524959742,4.193505099302201,,0.6105743424584005,0.040257648953301126
182,20.86688137412775,13.654052603327965,51.51637144390767,0.785024154589372,7.514761137949543,0.8588298443370908,4.1532474503489,,0.6105743424584005,0.040257648953301126
183,21.048040794417606,13.33870101986044,51.45598497047772,0.785024154589372,7.7361782071927,0.8588298443370908,4.126409017713366,,0.6105743424584005,0.040257648953301126
184,21.470746108427267,13.305152979066023,51.1808910359635,0.785024154589372,7.454374664519592,1.093666129898014,4.05931293612453,,0.6105743424584005,0.040257648953301126
185,21.806226516371442,13.170960815888352,51.039989264626946,0.785024154589372,7.4006977992485234,1.093666129898014,4.052603327965647,,0.6105743424584005,0.040257648953301126
186,22.17525496511004,13.036768652710682,50.89237788513151,0.785024154589372,7.367149758454106,1.093666129898014,3.9989264626945786,,0.6105743424584005,0.040257648953301126
187,21.410359634997317,12.365807836822329,50.79173376274826,0.6843800322061192,7.367149758454106,1.093666129898014,5.636070853462158,,0.6105743424584005,0.040257648953301126
188,21.497584541062803,12.345679012345679,50.76489533011272,0.8051529790660226,7.367149758454106,0.9728931830381106,5.595813204508857,,0.6105743424584005,0.040257648953301126
189,21.89345142243693,12.325550187869029,48.89291465378422,0.8051529790660226,7.521470746108427,0.9728931830381106,7.024959742351046,,0.5233494363929146,0.040257648953301126
190,20.001341921631777,11.386205045625335,53.52254428341385,0.7380568974771873,6.575415995705851,0.644122383252818,6.984702093397746,,0.10735373054213634,0.040257648953301126
191,20.67230273752013,11.33923778851315,52.925389157273216,0.7380568974771873,6.575415995705851,0.644122383252818,6.957863660762212,,0.10735373054213634,0.040257648953301126
192,20.96081588835212,11.18491680085883,52.804616210413315,0.7380568974771873,6.568706387546968,0.644122383252818,6.951154052603328,,0.10735373054213634,0.040257648953301126
193,21.095008051529792,11.131239935587761,52.74422973698336,0.7380568974771873,6.5485775630703165,0.644122383252818,6.951154052603328,,0.10735373054213634,0.040257648953301126
194,21.135265700483092,11.044015029522276,52.56977992485239,0.7380568974771873,6.541867954911433,0.8655394524959742,6.843800322061192,,0.2214170692431562,0.040257648953301126
195,21.36339237788513,11.037305421363392,52.361782071927,0.7380568974771873,6.541867954911433,0.8655394524959742,6.830381105743425,,0.2214170692431562,0.040257648953301126
196,21.55126140633387,11.017176596886742,51.78475577026302,0.7380568974771873,7.152442297369833,0.8655394524959742,6.5485775630703165,,0.30193236714975846,0.040257648953301126
197,21.571390230810522,10.82259796027912,50.95276435856146,0.7246376811594203,7.078636607622115,1.7042404723564144,6.078904991948471,,1.0265700483091786,0.040257648953301126
198,21.812936124530328,10.815888352120236,50.78502415458937,0.7246376811594203,7.051798174986581,1.7042404723564144,6.038647342995169,,1.0265700483091786,0.040257648953301126
199,22.0276435856146,10.721953837895867,50.691089640365,0.7246376811594203,7.051798174986581,1.7042404723564144,6.011808910359635,,1.0265700483091786,0.040257648953301126
200,22.356414385399894,10.715244229736983,50.20799785292539,0.7246376811594203,7.018250134192163,1.7042404723564144,6.005099302200751,,1.2278582930756843,0.040257648953301126
201,22.644927536231883,10.715244229736983,49.966451959205585,0.6977992485238862,7.011540526033279,1.7042404723564144,6.005099302200751,,1.2144390767579174,0.040257648953301126
202,22.67176596886742,10.44015029522276,49.81213097155126,0.6977992485238862,7.447665056360709,1.7042404723564144,5.971551261406334,,1.2144390767579174,0.040257648953301126
203,22.906602254428343,10.319377348362856,49.69135802469136,0.5703166935050993,7.615405260332796,1.7042404723564144,5.938003220611916,,1.2144390767579174,0.040257648953301126
204,23.15485775630703,10.312667740203972,49.463231347289316,0.5703166935050993,7.615405260332796,1.7042404723564144,5.924584004294149,,1.2144390767579174,0.040257648953301126
205,23.409822866344605,10.292538915727322,49.22839506172839,0.5703166935050993,7.615405260332796,1.7042404723564144,5.924584004294149,,1.2144390767579174,0.040257648953301126
206,23.91304347826087,10.198604401502953,48.91975308641975,0.5703166935050993,7.48792270531401,1.8250134192163177,5.917874396135265,,1.1272141706924315,0.040257648953301126
207,24.248523886205046,10.171765968867419,48.66478797638218,0.5703166935050993,7.454374664519592,1.8250134192163177,5.897745571658615,,1.1272141706924315,0.040257648953301126
208,24.805421363392377,10.165056360708535,48.2085346215781,0.5367686527106817,7.4006977992485234,1.8250134192163177,5.891035963499732,,1.1272141706924315,0.040257648953301126
209,25.10064412238325,10.131508319914117,47.87976382179281,0.5367686527106817,7.286634460547504,2.006172839506173,5.891035963499732,,1.1272141706924315,0.040257648953301126
210,25.281803542673106,10.131508319914117,47.77241009125067,0.5367686527106817,7.27992485238862,1.9659151905528718,5.864197530864198,,1.1272141706924315,0.040257648953301126
211,25.744766505636072,10.037573805689748,47.30273752012882,0.5367686527106817,7.407407407407407,1.9659151905528718,5.837359098228664,,1.1272141706924315,0.040257648953301126
212,25.95276435856146,9.990606548577563,47.20880300590446,0.5367686527106817,7.353730542136339,1.9659151905528718,5.8239398819108965,,1.1272141706924315,0.040257648953301126
213,26.29495437466452,9.896672034353195,47.0679012345679,0.5367686527106817,7.353730542136339,1.9457863660762211,5.756843800322061,,1.107085346215781,0.040257648953301126
214,26.482823403113258,9.809447128287708,46.95383789586688,0.5367686527106817,7.347020933977456,1.9860440150295222,5.736714975845411,,1.107085346215781,0.040257648953301126
215,26.556629092860977,9.796027911969942,46.61835748792271,0.6843800322061192,7.608695652173913,1.8518518518518519,5.736714975845411,,1.107085346215781,0.040257648953301126
216,26.84514224369297,9.628287707997853,46.4170692431562,0.6776704240472357,7.87037037037037,1.8518518518518519,5.6964573268921095,,0.9728931830381106,0.040257648953301126
217,26.127214170692433,9.091519055287172,45.98765432098765,0.6776704240472357,7.856951154052603,4.643048845947397,4.602791196994096,,0.9728931830381106,0.040257648953301126
218,26.40901771336554,9.07139023081052,45.833333333333336,0.8051529790660226,7.722758990874933,4.616210413311863,4.528985507246377,,0.9728931830381106,0.040257648953301126
219,26.972624798711756,8.964036500268385,45.67230273752013,0.7783145464304885,7.514761137949543,4.575952764358561,4.508856682769726,,0.9728931830381106,0.040257648953301126
220,27.079978529253893,8.950617283950617,44.947665056360705,0.7783145464304885,8.05823939881911,4.53569511540526,4.49543746645196,,1.1137949543746646,0.040257648953301126
221,27.314814814814813,8.930488459473967,44.806763285024154,0.7783145464304885,8.07836822329576,4.53569511540526,4.40150295222759,,1.1137949543746646,0.040257648953301126
222,27.415458937198068,8.76274825550188,44.37063875469673,0.7783145464304885,8.662104133118627,4.522275899087493,4.334406870638754,,1.1137949543746646,0.040257648953301126
223,27.61003757380569,8.76274825550188,44.216317767042405,0.7783145464304885,8.621846484165324,4.522275899087493,4.334406870638754,,1.1137949543746646,0.040257648953301126
224,28.213902308105208,8.61513687600644,43.894256575415994,0.7716049382716049,8.581588835212024,4.4753086419753085,4.294149221685454,,1.1137949543746646,0.040257648953301126
225,28.5426731078905,8.61513687600644,43.39774557165862,0.7716049382716049,8.541331186258722,4.4753086419753085,4.294149221685454,,1.3217928073000538,0.040257648953301126
226,28.77079978529254,8.55475040257649,43.323939881910896,0.7716049382716049,8.467525496511003,4.508856682769726,4.240472356414386,,1.3217928073000538,0.040257648953301126
227,28.898282340311326,8.407139023081053,43.03542673107891,0.7716049382716049,8.340042941492216,4.502147074610843,4.435050993022007,,1.570048309178744,0.040257648953301126
228,29.025764895330113,8.279656468062266,42.72007514761138,0.7716049382716049,8.427267847557703,4.468599033816425,4.696725711218465,,1.570048309178744,0.040257648953301126
229,29.240472356414386,8.185721953837897,42.599302200751474,0.7716049382716049,8.427267847557703,4.468599033816425,4.696725711218465,,1.570048309178744,0.040257648953301126
230,29.294149221685455,8.185721953837897,42.351046698872786,0.6977992485238862,8.387010198604402,4.455179817498658,5.025496511003757,,1.570048309178744,0.03354804079441761
231,29.448470209339774,8.091787439613526,42.3040794417606,0.6977992485238862,8.387010198604402,4.455179817498658,5.01207729468599,,1.570048309178744,0.03354804079441761
232,29.864465915190554,8.05823939881911,41.99543746645196,0.6977992485238862,8.313204508856682,4.455179817498658,5.01207729468599,,1.570048309178744,0.03354804079441761
233,30.18652710681696,7.883789586688137,41.7740203972088,0.6977992485238862,8.413848631239935,4.455179817498658,4.985238862050457,,1.570048309178744,0.03354804079441761
234,30.394524959742352,7.883789586688137,41.619699409554485,0.6977992485238862,8.387010198604402,4.428341384863124,4.985238862050457,,1.570048309178744,0.03354804079441761
235,30.56897477187332,7.856951154052603,41.47879763821793,0.6910896403650026,8.655394524959743,4.394793344068707,4.7638217928073,,1.556629092860977,0.03354804079441761
236,30.9044551798175,7.816693505099302,41.324476650563604,0.6642512077294686,8.601717659688674,4.38137412775094,4.7168545356951155,,1.556629092860977,0.03354804079441761
237,31.146001073537306,7.816693505099302,41.1231884057971,0.6642512077294686,8.57487922705314,4.38137412775094,4.703435319377348,,1.556629092860977,0.03354804079441761
238,31.36070853462158,7.6623725174449815,41.015834675254965,0.6642512077294686,8.709071390230811,4.294149221685454,4.703435319377348,,1.556629092860977,0.03354804079441761
239,31.5150295222759,7.64224369296833,40.707192699946326,1.0131508319914118,8.735909822866345,4.294149221685454,4.502147074610843,,1.556629092860977,0.03354804079441761
240,31.709608158883523,7.481213097155126,40.49248523886205,1.0131508319914118,8.68894256575416,4.294149221685454,4.730273752012883,,1.556629092860977,0.03354804079441761
241,32.09205582393988,7.440955448201825,40.17713365539453,1.0131508319914118,8.662104133118627,4.294149221685454,4.730273752012883,,1.556629092860977,0.03354804079441761
242,32.2866344605475,7.286634460547504,39.94900697799248,0.9997316156736447,8.870101986044014,4.294149221685454,4.723564143853999,,1.556629092860977,0.03354804079441761
243,32.37385936661299,7.27992485238862,39.90874932903918,0.9997316156736447,8.829844337090714,4.294149221685454,4.723564143853999,,1.556629092860977,0.03354804079441761
244,32.46779388083736,7.27992485238862,39.59339774557166,0.9997316156736447,8.735909822866345,4.294149221685454,5.038915727321524,,1.556629092860977,0.03354804079441761
245,32.50134192163178,7.273215244229737,39.170692431561996,0.9997316156736447,8.709071390230811,4.294149221685454,5.032206119162641,,1.9860440150295222,0.03354804079441761
246,32.890499194847024,7.266505636070853,38.86205045625336,0.9997316156736447,8.695652173913043,4.28743961352657,4.978529253891573,,1.9860440150295222,0.03354804079441761
247,33.08507783145464,7.246376811594203,38.58695652173913,0.9997316156736447,8.682232957595277,4.28743961352657,4.978529253891573,,2.100107353730542,0.03354804079441761
248,33.21926999463231,7.232957595276436,38.51315083199141,0.9997316156736447,8.662104133118627,4.260601180891036,4.978529253891573,,2.100107353730542,0.03354804079441761
249,33.52791196994095,7.179280730005368,38.439345142243695,0.9796027911969941,8.648684916800859,4.139828234031133,4.951690821256038,,2.100107353730542,0.03354804079441761
250,33.81642512077295,7.1658615136876005,38.24476650563607,0.9796027911969941,8.601717659688674,4.126409017713366,4.951690821256038,,2.100107353730542,0.013419216317767043
251,34.01100375738057,7.085346215780999,38.036768652710684,0.9796027911969941,8.722490606548577,4.0995705850778315,4.951690821256038,,2.100107353730542,0.013419216317767043
