,45,50,52,51,55,56,53,54,58,57,60,59
0,93.98819108964037,6.011808910359635,,,,,,,,,,
1,93.98819108964037,6.011808910359635,,,,,,,,,,
2,88.43263553408481,11.426462694578637,0.14090177133655393,,,,,,,,,
3,88.4393451422437,11.419753086419753,0.14090177133655393,,,,,,,,,
4,87.25174449812131,12.607353730542137,0.14090177133655393,,,,,,,,,
5,84.49409554482018,14.378690284487385,0.13419216317767044,0.9594739667203436,0.03354804079441761,,,,,,,
6,84.47396672034353,14.398819108964037,0.13419216317767044,0.9594739667203436,0.03354804079441761,,,,,,,
7,71.83306494900698,24.510198604401502,0.13419216317767044,3.488996242619431,0.03354804079441761,,,,,,,
8,71.68545356951154,24.59742351046699,0.13419216317767044,3.488996242619431,0.0939345142243693,,,,,,,
9,71.22920021470746,25.11406333870102,0.13419216317767044,3.4286097691894795,0.0939345142243693,,,,,,,
10,69.20289855072464,24.832259796027913,2.4691358024691357,3.4286097691894795,0.06709608158883522,,,,,,,
11,69.20960815888353,24.308910359634996,3.012614063338701,3.4017713365539453,0.06709608158883522,,,,,,,
12,58.843263553408484,30.01207729468599,3.012614063338701,8.031400966183575,0.06709608158883522,0.03354804079441761,,,,,,
13,57.41411701556629,29.274020397208805,2.9119699409554483,10.299248523886206,0.06709608158883522,0.03354804079441761,,,,,,
14,57.44095544820183,28.824476650563607,2.9119699409554483,10.285829307568438,0.5032206119162641,0.03354804079441761,,,,,,
15,56.20638754696726,30.139559849704778,2.9119699409554483,10.205314009661835,0.5032206119162641,0.03354804079441761,,,,,,
16,56.21980676328502,30.12614063338701,2.9119699409554483,10.205314009661835,0.5032206119162641,0.03354804079441761,,,,,,
17,54.488727858293075,32.045088566827694,2.7442297369833604,10.185185185185185,0.5032206119162641,0.03354804079441761,,,,,,
18,54.49543746645196,32.06521739130435,2.7442297369833604,10.158346752549651,0.5032206119162641,0.03354804079441761,,,,,,
19,54.49543746645196,30.709876543209877,4.30756843800322,9.950348899624261,0.5032206119162641,0.03354804079441761,,,,,,
20,54.03918411164788,31.01851851851852,4.30756843800322,9.943639291465379,0.5032206119162641,0.03354804079441761,0.15432098765432098,,,,,
21,51.831723027375205,32.98443370907139,4.549114331723027,9.943639291465379,0.5032206119162641,0.03354804079441761,0.15432098765432098,,,,,
22,43.303811057434245,39.46591519055287,8.024691358024691,8.299785292538916,0.7179280730005367,0.03354804079441761,0.15432098765432098,,,,,
23,43.35077831454643,39.45920558239399,7.803274288781535,8.480944712828771,0.7179280730005367,0.03354804079441761,0.15432098765432098,,,,,
24,39.04320987654321,40.27777777777778,11.75523349436393,8.480944712828771,0.2549651100375738,0.03354804079441761,0.15432098765432098,,,,,
25,36.211755233494365,39.65378421900161,11.681427804616211,12.13768115942029,0.24154589371980675,0.03354804079441761,0.040257648953301126,,,,,
26,35.46698872785829,40.84809447128288,11.231884057971014,12.13768115942029,0.24154589371980675,0.03354804079441761,0.040257648953301126,,,,,
27,35.46698872785829,40.79441760601181,11.231884057971014,12.164519592055823,0.2683843263553409,0.03354804079441761,0.040257648953301126,,,,,
28,35.50053676865271,40.78770799785293,11.231884057971014,12.13768115942029,0.2683843263553409,0.03354804079441761,0.040257648953301126,,,,,
29,33.93719806763285,42.411433172302736,11.07085346215781,12.124261943102523,0.4227053140096618,0.03354804079441761,,,,,,
30,33.95061728395062,40.92860976918948,9.98389694041868,12.070585077831455,0.24154589371980675,0.03354804079441761,2.791196994095545,,,,,
31,32.49463231347289,42.70665593129361,9.681964573268921,12.04374664519592,0.2147074610842727,0.03354804079441761,2.791196994095545,0.03354804079441761,,,,
32,29.958400429414922,45.24288781535159,9.681964573268921,12.04374664519592,0.2147074610842727,0.03354804079441761,2.791196994095545,0.03354804079441761,,,,
33,29.455179817498657,41.7337627482555,9.681964573268921,15.921900161030596,0.3488996242619431,0.03354804079441761,2.791196994095545,0.03354804079441761,,,,
34,29.542404723564143,41.659957058507786,9.681964573268921,15.881642512077295,0.3757380568974772,0.03354804079441761,2.791196994095545,0.03354804079441761,,,,
35,28.33467525496511,40.002683843263554,9.681964573268921,18.230005367686527,0.8923778851315083,0.03354804079441761,2.791196994095545,0.03354804079441761,,,,
36,28.327965646806227,39.97584541062802,9.588030059044552,18.115942028985508,0.8923778851315083,0.1274825550187869,2.9388083735909825,0.03354804079441761,,,,
37,28.327965646806227,39.25791733762748,9.588030059044552,19.350509930220074,0.3757380568974772,0.1274825550187869,2.9388083735909825,0.03354804079441761,,,,
38,28.421900161030596,39.070048309178745,9.561191626409018,19.33709071390231,0.5099302200751477,0.1274825550187869,2.9388083735909825,0.03354804079441761,,,,
39,28.227321524422972,38.09044551798175,10.225442834138486,19.30354267310789,0.5568974771873323,0.1274825550187869,3.2742887815351582,0.19457863660762212,,,,
40,27.95222758990875,37.144390767579175,10.124798711755233,19.068706387546968,0.5971551261406334,0.1274825550187869,4.790660225442834,0.19457863660762212,,,,
41,28.012614063338702,36.06414385399893,10.124798711755233,19.068706387546968,0.6374127750939346,0.1274825550187869,5.770263016639828,0.19457863660762212,,,,
42,28.113258185721953,36.06414385399893,9.923510466988727,18.90096618357488,0.7380568974771873,0.2952227589908749,5.770263016639828,0.19457863660762212,,,,
43,26.972624798711756,31.5150295222759,10.487117552334944,24.590713902308106,0.7783145464304885,0.2683843263553409,5.193236714975845,0.19457863660762212,,,,
44,26.77133655394525,31.702898550724637,12.04374664519592,23.047504025764894,0.7783145464304885,0.2683843263553409,5.193236714975845,0.19457863660762212,,,,
45,25.509930220075148,33.340042941492214,12.04374664519592,22.638217928073,0.8118625872249061,0.2683843263553409,5.193236714975845,0.19457863660762212,,,,
46,23.866076221148685,30.9447128287708,12.889157273215245,26.422436929683307,0.8387010198604401,0.2683843263553409,4.575952764358561,0.19457863660762212,,,,
47,23.906333870101985,27.985775630703166,12.694578636607622,25.5300590445518,0.7783145464304885,0.2683843263553409,8.641975308641975,0.19457863660762212,,,,
48,20.73268921095008,34.876543209876544,11.352657004830919,28.18035426731079,0.7112184648416533,0.2683843263553409,3.683574879227053,0.19457863660762212,,,,
49,20.82662372517445,34.86312399355877,11.352657004830919,28.06629092860977,0.7447665056360708,0.2683843263553409,3.683574879227053,0.19457863660762212,,,,
50,20.571658615136876,34.896672034353195,11.493558776167472,26.7914653784219,0.7447665056360708,0.2683843263553409,5.038915727321524,0.19457863660762212,,,,
51,20.645464304884594,34.78931830381106,11.292270531400966,26.764626945786365,0.7380568974771873,0.2683843263553409,4.864465915190553,0.6374127750939346,,,,
52,20.343531937734838,33.97745571658615,11.07085346215781,28.099838969404185,0.7380568974771873,0.2683843263553409,4.8376274825550185,0.6374127750939346,0.026838432635534086,,,
53,20.39049919484702,33.44068706387547,11.07085346215781,28.059581320450885,0.8118625872249061,0.2683843263553409,5.065754159957058,0.8655394524959742,0.026838432635534086,,,
54,20.45088566827697,33.393719806763286,12.895866881374127,26.261406333870102,0.7783145464304885,0.2616747181964573,5.065754159957058,0.8655394524959742,0.026838432635534086,,,
55,19.55179817498658,31.21309715512614,12.895866881374127,28.683574879227052,0.9594739667203436,0.2616747181964573,5.065754159957058,1.3419216317767042,0.026838432635534086,,,
56,19.45786366076221,30.844068706387546,13.352120236178207,28.65673644659152,0.9594739667203436,0.2616747181964573,5.065754159957058,1.3419216317767042,0.026838432635534086,0.03354804079441761,,
57,19.545088566827697,30.790391841116477,13.318572195383789,28.65673644659152,0.9594739667203436,0.2616747181964573,5.065754159957058,1.3419216317767042,0.026838432635534086,0.03354804079441761,,
58,19.679280730005367,30.730005367686527,13.285024154589372,28.629898013955984,0.9594739667203436,0.2616747181964573,5.052334943639291,1.3419216317767042,0.026838432635534086,0.03354804079441761,,
59,19.73966720343532,30.669618894256576,13.285024154589372,28.629898013955984,0.9594739667203436,0.2616747181964573,5.052334943639291,1.3419216317767042,0.026838432635534086,0.03354804079441761,,
60,19.867149758454108,30.636070853462158,13.238056897477188,28.59634997316157,0.9594739667203436,0.2616747181964573,5.038915727321524,1.3419216317767042,0.026838432635534086,0.03354804079441761,,
61,19.981213097155127,30.421363392377884,13.20450885668277,28.5426731078905,0.9594739667203436,0.2616747181964573,5.226784755770263,1.3419216317767042,0.026838432635534086,0.03354804079441761,,
62,19.83360171765969,30.535426731078903,13.16425120772947,28.576221148684915,0.9594739667203436,0.2616747181964573,5.226784755770263,1.3419216317767042,0.026838432635534086,0.07380568974771873,,
63,19.41760601180891,29.482018250134193,13.150831991411701,28.166935050993022,0.9863123993558777,0.20128824476650564,5.226784755770263,3.2675791733762747,0.026838432635534086,0.07380568974771873,,
64,18.9345142243693,28.30112721417069,12.030327428878154,31.743156199677937,1.0869565217391304,0.20128824476650564,4.26731078904992,3.207192699946323,0.026838432635534086,0.20128824476650564,,
65,18.914385399892645,28.166935050993022,10.420021470746109,31.561996779388085,1.0869565217391304,0.20128824476650564,6.172839506172839,3.2474503488996245,0.026838432635534086,0.20128824476650564,,
66,18.391035963499732,25.36231884057971,13.137412775093935,31.199677938808374,0.9326355340848095,0.20128824476650564,7.514761137949543,3.0059044551798175,0.026838432635534086,0.2281266774020397,,
67,18.256843800322063,25.228126677402038,14.492753623188406,30.770263016639827,0.9393451422436929,0.3421900161030596,6.6827697262479875,3.0327428878153517,0.026838432635534086,0.2281266774020397,,
68,18.263553408480945,23.64465915190553,13.989533011272142,30.50858829844337,0.9997316156736447,0.5233494363929146,8.984165324745035,2.831454643048846,0.026838432635534086,0.2281266774020397,,
69,18.23671497584541,22.966988727858293,13.989533011272142,30.475040257648953,1.737788513150832,0.5233494363929146,8.903650026838433,2.9119699409554483,0.026838432635534086,0.2281266774020397,,
70,18.290391841116477,22.65834675254965,15.33816425120773,29.636339237788512,1.5096618357487923,0.5233494363929146,8.890230810520666,2.898550724637681,0.026838432635534086,0.2281266774020397,,
71,17.941492216854535,21.960547504025765,12.714707461084272,34.346484165324746,1.4559849704777241,0.5233494363929146,8.044820182501342,2.898550724637681,0.026838432635534086,0.08722490606548577,,
72,17.98174986580784,21.926999463231347,12.949543746645196,34.09151905528717,1.4559849704777241,0.5837359098228664,8.004562533548041,2.8918411164787976,0.026838432635534086,0.08722490606548577,,
73,17.92807300053677,21.490874932903917,12.889157273215245,33.76945786366076,1.556629092860977,0.5032206119162641,8.856682769726248,2.8918411164787976,0.026838432635534086,0.08722490606548577,,
74,17.995169082125603,21.490874932903917,12.882447665056361,33.675523349436396,1.556629092860977,0.5703166935050993,8.829844337090714,2.885131508319914,0.026838432635534086,0.08722490606548577,,
75,14.51959205582394,30.475040257648953,8.447396672034353,33.11862587224906,1.8250134192163177,0.48980139559849706,8.21256038647343,2.831454643048846,0.026838432635534086,0.05367686527106817,,
76,14.53972088030059,30.44820182501342,8.447396672034353,32.84353193773484,1.8250134192163177,0.7716049382716049,8.21256038647343,2.831454643048846,0.026838432635534086,0.05367686527106817,,
77,14.687332259796028,29.602791196994094,8.266237251744498,32.76301663982824,1.7847557702630166,0.7716049382716049,8.165593129361245,3.878153515834675,0.026838432635534086,0.05367686527106817,,
78,14.794685990338165,29.54911433172303,8.266237251744498,32.7361782071927,1.7847557702630166,0.7716049382716049,8.105206655931294,3.878153515834675,0.06038647342995169,0.05367686527106817,,
79,14.754428341384862,29.05931293612453,7.347020933977456,35.19189479334407,1.724369296833065,0.7716049382716049,7.286634460547504,3.784219001610306,0.026838432635534086,0.05367686527106817,,
80,14.80810520665593,29.045893719806763,7.347020933977456,34.977187332259795,1.8719806763285025,0.7716049382716049,7.313472893183038,3.784219001610306,0.026838432635534086,0.05367686527106817,,
81,14.432367149758454,28.488996242619432,10.59447128287708,31.729736983360173,1.865271068169619,0.7313472893183038,8.293075684380032,3.784219001610306,0.026838432635534086,0.05367686527106817,,
82,13.352120236178207,26.187600644122384,10.46027911969941,35.81588835212023,1.8317230273752012,0.6172839506172839,7.991143317230274,3.6634460547504024,0.026838432635534086,0.05367686527106817,,
83,12.526838432635534,25.89908749329039,9.353193773483628,37.533548040794415,1.7713365539452497,0.6172839506172839,8.548040794417606,3.643317230273752,0.026838432635534086,0.08051529790660225,,
84,12.614063338701019,25.89908749329039,9.326355340848094,37.506709608158886,1.7646269457863661,0.6172839506172839,8.521202361782072,3.643317230273752,0.026838432635534086,0.08051529790660225,,
85,12.674449812130971,25.825281803542673,9.46725711218465,37.493290391841114,1.8786902844873858,0.6172839506172839,8.293075684380032,3.643317230273752,0.026838432635534086,0.08051529790660225,,
86,12.761674718196458,25.11406333870102,9.39345142243693,37.25174449812131,1.9726247987117553,0.8521202361782072,8.903650026838433,3.643317230273752,0.026838432635534086,0.08051529790660225,,
87,12.681159420289855,24.496779388083738,8.930488459473967,36.97665056360709,2.4020397208803006,0.8521202361782072,8.863392377885132,4.663177670424047,0.026838432635534086,0.10735373054213634,,
88,12.72812667740204,24.402844873859365,8.890230810520666,36.79549114331723,2.4557165861513686,1.0265700483091786,8.849973161567364,4.663177670424047,0.040257648953301126,0.14761137949543746,,
89,12.808641975308642,24.268652710681696,9.185453569511541,36.72168545356951,2.4355877616747184,1.0265700483091786,8.702361782071927,4.663177670424047,0.040257648953301126,0.14761137949543746,,
90,12.882447665056361,24.228395061728396,9.178743961352657,36.533816425120776,2.4355877616747184,1.1876006441223832,8.702361782071927,4.663177670424047,0.040257648953301126,0.14761137949543746,,
91,12.909286097691895,24.228395061728396,9.178743961352657,36.50697799248524,2.4355877616747184,1.1876006441223832,8.702361782071927,4.663177670424047,0.040257648953301126,0.14761137949543746,,
92,12.922705314009661,24.20155662909286,9.178743961352657,36.39291465378422,2.462426194310252,1.3016639828234031,8.68894256575416,4.663177670424047,0.040257648953301126,0.14761137949543746,,
93,13.050187869028449,23.993558776167472,9.265968867418144,36.3593666129898,2.536231884057971,1.3016639828234031,8.641975308641975,4.663177670424047,0.040257648953301126,0.14761137949543746,,
94,13.103864734299517,22.208803005904453,9.138486312399356,36.11782071926999,4.616210413311863,1.3687600644122384,8.635265700483092,4.622920021470746,0.040257648953301126,0.14761137949543746,,
95,13.123993558776167,22.18196457326892,9.091519055287172,36.08427267847558,4.696725711218465,1.3821792807300053,8.635265700483092,4.616210413311863,0.040257648953301126,0.14761137949543746,,
96,13.191089640365004,22.041062801932366,9.091519055287172,36.010466988727856,4.824208266237251,1.415727321524423,8.635265700483092,4.602791196994096,0.040257648953301126,0.14761137949543746,,
97,12.446323134728932,21.477455716586153,12.983091787439614,33.400429414922165,4.944981213097155,1.3016639828234031,9.366612989801396,3.9989264626945786,0.040257648953301126,0.040257648953301126,,
98,12.265163714439076,18.679549114331724,12.506709608158884,33.91035963499731,4.28743961352657,1.4694041867954912,12.822061191626409,3.978797638217928,0.040257648953301126,0.040257648953301126,,
99,12.372517444981213,18.65271068169619,11.869296833064949,33.89694041867955,4.274020397208803,2.073268921095008,12.801932367149758,3.978797638217928,0.040257648953301126,0.040257648953301126,,
100,12.493290391841116,18.47826086956522,11.855877616747183,33.8365539452496,4.435050993022007,2.073268921095008,12.734836285560924,3.9586688137412773,0.040257648953301126,0.0939345142243693,,
101,12.634192163177671,17.693236714975846,11.855877616747183,33.73590982286635,5.213365539452496,2.073268921095008,12.701288244766506,3.9586688137412773,0.040257648953301126,0.0939345142243693,,
102,12.627482555018787,17.518786902844873,11.701556629092861,32.98443370907139,6.535158346752549,2.073268921095008,12.620772946859903,3.7573805689747717,0.040257648953301126,0.14090177133655393,,
103,11.43317230273752,18.95464304884595,11.520397208803006,32.8569511540526,6.66935050993022,2.120236178207193,12.506709608158884,3.7573805689747717,0.040257648953301126,0.14090177133655393,,
104,11.480139559849706,18.874127750939344,10.809178743961352,31.125872249060656,6.508319914117015,2.120236178207193,15.009393451422437,3.898282340311326,0.040257648953301126,0.13419216317767044,,
105,11.372785829307569,18.833870101986044,10.674986580783683,30.213365539452496,6.6827697262479875,1.9659151905528718,14.741009125067096,5.340848094471283,0.040257648953301126,0.13419216317767044,,
106,11.386205045625335,18.739935587761675,10.621309715512615,29.944981213097154,6.655931293612453,1.8988191089640365,15.344873859366613,5.10601180891036,0.040257648953301126,0.2616747181964573,,
107,10.916532474503489,18.06897477187332,10.621309715512615,31.45464304884595,6.642512077294686,1.8988191089640365,15.002683843263553,5.092592592592593,0.040257648953301126,0.2616747181964573,,
108,10.997047772410092,18.00187869028449,10.829307568438002,31.42109500805153,6.414385399892646,2.120236178207193,14.821524422973699,5.092592592592593,0.040257648953301126,0.2616747181964573,,
109,11.030595813204508,17.975040257648953,10.829307568438002,31.42109500805153,6.407675791733762,2.120236178207193,14.821524422973699,5.092592592592593,0.040257648953301126,0.2616747181964573,,
110,10.795759527643586,17.94820182501342,10.245571658615138,32.56172839506173,6.320450885668277,2.120236178207193,14.9020397208803,4.85775630703167,0.040257648953301126,0.20799785292538917,,
111,10.84272678475577,17.914653784219002,10.23215244229737,32.56172839506173,6.353998926462695,2.120236178207193,14.868491680085883,4.85775630703167,0.040257648953301126,0.20799785292538917,,
112,10.929951690821255,17.894524959742352,10.21202361782072,32.51476113794954,6.468062265163715,2.120236178207193,14.76784755770263,4.8443370907139025,0.040257648953301126,0.20799785292538917,,
113,10.963499731615673,17.746913580246915,10.21202361782072,32.49463231347289,6.568706387546968,2.0128824476650564,14.720880300590446,4.951690821256038,0.08051529790660225,0.24825550187869028,,
114,10.406602254428341,17.458400429414922,9.554482018250134,33.44068706387547,7.098765432098766,2.38191089640365,14.714170692431562,4.616210413311863,0.08051529790660225,0.24825550187869028,,
115,10.50053676865271,17.444981213097154,9.554482018250134,33.44068706387547,7.071926999463232,2.38191089640365,14.660493827160494,4.616210413311863,0.08051529790660225,0.24825550187869028,,
116,10.406602254428341,17.05582393988191,9.554482018250134,32.26650563607085,6.910896403650026,2.3752012882447664,16.472088030059044,4.602791196994096,0.08051529790660225,0.27509393451422437,,
117,10.48040794417606,17.04911433172303,9.5276435856146,32.2463768115942,6.910896403650026,2.3752012882447664,16.42512077294686,4.62962962962963,0.08051529790660225,0.27509393451422437,,
118,10.534084809447128,17.04911433172303,9.5276435856146,32.2061191626409,6.910896403650026,2.3752012882447664,16.411701556629094,4.62962962962963,0.08051529790660225,0.27509393451422437,,
119,10.681696188942565,16.97530864197531,9.500805152979066,31.964573268921097,7.159151905528717,2.3752012882447664,16.358024691358025,4.62962962962963,0.08051529790660225,0.27509393451422437,,
120,10.768921095008052,16.97530864197531,9.500805152979066,31.95786366076221,7.139023081052066,2.3886205045625335,16.324476650563607,4.5893719806763285,0.08051529790660225,0.27509393451422437,,
121,10.721953837895867,16.512345679012345,10.406602254428341,32.53488996242619,7.018250134192163,2.3886205045625335,15.579710144927537,4.4820182501341925,0.08051529790660225,0.27509393451422437,,
122,10.36634460547504,15.901771336553946,10.426731078904991,33.984165324745035,6.991411701556629,2.3752012882447664,15.123456790123457,4.4753086419753085,0.08051529790660225,0.27509393451422437,,
123,10.534084809447128,15.874932903918411,10.420021470746109,33.89023081052066,6.857219538378959,2.3752012882447664,15.123456790123457,4.4753086419753085,0.17444981213097155,0.27509393451422437,,
124,10.560923242082662,15.780998389694043,10.359634997316157,33.48765432098765,6.857219538378959,2.757648953301127,15.4723564143854,4.274020397208803,0.17444981213097155,0.27509393451422437,,
125,10.648148148148149,15.780998389694043,12.714707461084272,32.86366076221149,5.991680085882985,2.7643585614600106,14.734299516908212,4.274020397208803,0.08051529790660225,0.14761137949543746,,
126,10.668276972624799,15.780998389694043,12.701288244766506,32.749597423510465,5.917874396135265,2.945517981749866,14.734299516908212,4.274020397208803,0.08051529790660225,0.14761137949543746,,
127,10.02415458937198,15.411969940955448,12.5402576489533,33.95061728395062,6.092324208266238,2.945517981749866,14.452495974235104,4.38137412775094,0.08051529790660225,0.12077294685990338,,
128,10.071121846484166,15.411969940955448,12.5402576489533,33.756038647343,6.119162640901771,3.0931293612453032,14.452495974235104,4.3545356951154055,0.08051529790660225,0.12077294685990338,,
129,10.151637144390767,15.250939345142244,12.493290391841116,33.59500805152979,6.112453032742888,3.0931293612453032,14.74771873322598,4.3545356951154055,0.08051529790660225,0.12077294685990338,,
130,10.265700483091788,15.250939345142244,12.211486849168008,33.00456253354804,6.119162640901771,3.5762211486849167,14.714170692431562,4.656468062265164,0.08051529790660225,0.12077294685990338,,
131,10.292538915727322,14.942297369833602,12.097423510466989,32.890499194847024,6.159420289855072,3.5762211486849167,15.22410091250671,4.616210413311863,0.08051529790660225,0.12077294685990338,,
132,10.332796564680622,14.962426194310252,12.084004294149223,32.890499194847024,6.139291465378422,3.603059581320451,15.170424047235642,4.616210413311863,0.08051529790660225,0.12077294685990338,,
133,10.46027911969941,14.962426194310252,12.06387546967257,32.830112721417066,6.139291465378422,3.603059581320451,15.150295222758992,4.5893719806763285,0.08051529790660225,0.12077294685990338,,
134,10.507246376811594,14.962426194310252,12.06387546967257,32.830112721417066,6.166129898013956,3.603059581320451,15.076489533011273,4.5893719806763285,0.08051529790660225,0.12077294685990338,,
135,10.46027911969941,14.875201288244767,13.633923778851315,31.44122383252818,6.146001073537305,3.589640365002684,15.063070316693505,4.5893719806763285,0.08051529790660225,0.12077294685990338,,
136,10.487117552334944,14.875201288244767,13.580246913580247,31.42109500805153,6.146001073537305,3.5829307568438002,15.277777777777779,4.428341384863124,0.08051529790660225,0.12077294685990338,,
137,10.399892646269459,14.61352657004831,13.459473966720344,31.964573268921097,6.132581857219538,3.7573805689747717,15.069779924852389,4.414922168545357,0.08051529790660225,0.10735373054213634,,
138,9.842995169082126,13.58695652173913,14.06333870101986,33.43397745571659,6.1862587224906065,3.556092324208266,14.834943639291465,4.2203435319377345,0.08051529790660225,0.19457863660762212,,
139,9.822866344605474,13.446054750402576,14.023081052066559,33.279656468062264,6.206387546967257,3.683574879227053,14.700751476113794,4.42163177670424,0.2214170692431562,0.19457863660762212,,
140,9.842995169082126,13.446054750402576,14.023081052066559,33.25281803542673,6.206387546967257,3.6902844873859366,14.700751476113794,4.42163177670424,0.2214170692431562,0.19457863660762212,,
141,9.997316156736447,13.43263553408481,13.989533011272142,33.15888352120236,6.206387546967257,3.6768652710681695,14.700751476113794,4.42163177670424,0.2214170692431562,0.19457863660762212,,
142,10.111379495437467,13.385668276972625,13.962694578636608,33.15888352120236,6.172839506172839,3.6768652710681695,14.694041867954912,4.42163177670424,0.2214170692431562,0.19457863660762212,,
143,10.225442834138486,13.385668276972625,13.935856146001074,33.15888352120236,6.132581857219538,3.6768652710681695,14.680622651637144,4.388083735909823,0.2214170692431562,0.19457863660762212,,
144,10.272410091250672,13.372249060654857,13.915727321524423,33.13875469672571,6.132581857219538,3.6500268384326353,14.492753623188406,4.636339237788513,0.2214170692431562,0.16774020397208803,,
145,10.319377348362856,13.372249060654857,13.83521202361782,33.09849704777241,6.125872249060655,3.6500268384326353,14.492753623188406,4.636339237788513,0.2214170692431562,0.24825550187869028,,
146,10.305958132045088,13.352120236178207,13.83521202361782,32.8972088030059,6.125872249060655,3.851315083199141,14.492753623188406,4.669887278582931,0.2214170692431562,0.24825550187869028,,
147,10.373054213633925,13.33870101986044,13.83521202361782,32.8972088030059,6.125872249060655,3.851315083199141,14.472624798711756,4.636339237788513,0.2214170692431562,0.24825550187869028,,
148,10.332796564680622,13.036768652710682,13.70101986044015,33.56816961889426,6.092324208266238,3.844605475040258,14.358561460010735,4.5960815888352125,0.2214170692431562,0.24825550187869028,,
149,10.379763821792807,13.009930220075148,13.66076221148685,33.45410628019324,6.260064412238325,3.8378958668813743,14.331723027375201,4.5960815888352125,0.2214170692431562,0.24825550187869028,,
150,10.487117552334944,13.030059044551798,13.600375738056897,33.373590982286636,6.206387546967257,3.8714439076757916,14.331723027375201,4.5960815888352125,0.2214170692431562,0.28180354267310787,,
151,10.869565217391305,12.983091787439614,13.580246913580247,33.15888352120236,6.293612453032743,3.8714439076757916,14.13714439076758,4.582662372517445,0.2214170692431562,0.30193236714975846,,
152,10.909822866344605,12.983091787439614,13.580246913580247,33.11862587224906,6.293612453032743,3.8714439076757916,14.13714439076758,4.582662372517445,0.2214170692431562,0.30193236714975846,,
153,10.755501878690284,12.822061191626409,12.52012882447665,36.131239935587764,6.152710681696189,3.8378958668813743,12.788513150831992,4.468599033816425,0.2214170692431562,0.30193236714975846,,
154,10.809178743961352,12.815351583467525,12.52012882447665,36.11782071926999,6.152710681696189,3.8378958668813743,12.76838432635534,4.455179817498658,0.2214170692431562,0.30193236714975846,,
155,10.802469135802468,12.808641975308642,12.31213097155126,36.500268384326354,6.152710681696189,3.6097691894793345,12.741545893719806,4.549114331723027,0.2214170692431562,0.30193236714975846,,
156,10.815888352120236,12.795222758990874,12.298711755233494,36.171497584541065,6.152710681696189,3.8378958668813743,13.056897477187333,4.3478260869565215,0.2214170692431562,0.30193236714975846,,
157,10.909822866344605,12.754965110037574,12.285292538915728,36.07085346215781,6.146001073537305,3.9184111647879765,13.01663982823403,4.374664519592056,0.2214170692431562,0.30193236714975846,,
158,10.889694041867955,12.513419216317766,11.023886205045626,37.5,6.246645195920558,3.898282340311326,13.01663982823403,4.374664519592056,0.2214170692431562,0.3153515834675255,,
159,11.010466988727858,12.506709608158884,11.023886205045626,36.480139559849704,6.246645195920558,3.9519592055823938,13.137412775093935,5.10601180891036,0.2214170692431562,0.3153515834675255,,
160,10.990338164251208,12.02361782071927,11.023886205045626,36.43317230273752,6.796833064949007,3.9519592055823938,13.137412775093935,5.10601180891036,0.2214170692431562,0.3153515834675255,,
161,10.621309715512615,12.00348899624262,9.856414385399892,38.79495437466452,6.951154052603328,3.2675791733762747,13.110574342458401,4.85775630703167,0.2214170692431562,0.3153515834675255,,
162,10.742082662372518,11.943102522812667,9.856414385399892,38.5601180891036,6.991411701556629,3.2675791733762747,13.050187869028449,5.052334943639291,0.2214170692431562,0.3153515834675255,,
163,10.775630703166936,11.922973698336017,9.856414385399892,38.5601180891036,6.991411701556629,3.2675791733762747,12.962962962962964,5.038915727321524,0.2214170692431562,0.4025764895330113,,
164,10.775630703166936,11.922973698336017,10.849436392914654,38.08373590982286,6.991411701556629,3.1199677938808374,12.614063338701019,5.038915727321524,0.2214170692431562,0.3824476650563607,,
165,10.856146001073537,11.896135265700483,10.836017176596886,38.04347826086956,6.991411701556629,3.1199677938808374,12.627482555018787,5.025496511003757,0.2214170692431562,0.3824476650563607,,
166,10.997047772410092,11.882716049382717,10.836017176596886,37.94283413848631,6.984702093397746,3.126677402039721,12.600644122383253,4.998658078368224,0.2214170692431562,0.4092860976918948,,
167,10.768921095008052,11.735104669887278,10.044283413848632,39.05662909286098,7.1658615136876005,3.1199677938808374,12.47987117552335,4.998658078368224,0.2214170692431562,0.4092860976918948,,
168,9.829575952764358,11.29898013955985,9.037842190016104,41.46537842190016,6.971282877079979,2.7643585614600106,13.81508319914117,4.200214707461084,0.2214170692431562,0.39586688137412773,,
169,9.98389694041868,11.231884057971014,9.024422973698336,41.21041331186259,6.951154052603328,2.9723564143853998,13.841921631776705,4.166666666666667,0.2214170692431562,0.39586688137412773,,
170,10.178475577026301,11.16478797638218,9.339774557165862,40.92190016103059,6.810252281266774,2.9253891572732154,13.982823403113258,4.05931293612453,0.2214170692431562,0.39586688137412773,,
171,10.225442834138486,11.16478797638218,9.292807300053678,40.80783682232958,6.837090713902308,3.012614063338701,13.982823403113258,4.05931293612453,0.2214170692431562,0.39586688137412773,,
172,10.258990874932904,11.16478797638218,9.178743961352657,40.365002683843265,6.642512077294686,3.012614063338701,13.801663982823403,4.958400429414922,0.2214170692431562,0.39586688137412773,,
173,10.185185185185185,11.33923778851315,9.178743961352657,40.23081052066559,6.635802469135802,3.0931293612453032,13.761406333870102,4.958400429414922,0.2214170692431562,0.39586688137412773,,
174,10.238862050456254,11.285560923242082,9.037842190016104,39.52630166398282,6.66935050993022,3.9049919484702094,13.734567901234568,4.958400429414922,0.2214170692431562,0.4227053140096618,,
175,10.279119699409554,11.2788513150832,9.004294149221685,38.67418142780462,6.66935050993022,3.643317230273752,14.264626945786366,5.542136339237788,0.2214170692431562,0.4227053140096618,,
176,10.144927536231885,11.2788513150832,9.004294149221685,40.17042404723564,6.239935587761675,3.7238325281803544,13.855340848094471,4.99194847020934,0.2214170692431562,0.36902844873859364,,
177,10.171765968867419,11.2788513150832,9.004294149221685,39.99597423510467,6.239935587761675,3.8714439076757916,13.855340848094471,4.99194847020934,0.2214170692431562,0.36902844873859364,,
178,10.265700483091788,11.265432098765432,9.004294149221685,39.98926462694579,6.226516371443908,3.8714439076757916,13.79495437466452,4.99194847020934,0.2214170692431562,0.36902844873859364,,
179,10.34621578099839,11.252012882447666,9.004294149221685,39.84836285560923,6.340579710144928,3.864734299516908,13.754696725711218,4.9718196457326895,0.2616747181964573,0.35560923242082665,,
180,10.420021470746109,11.2788513150832,8.950617283950617,39.46591519055287,6.535158346752549,3.864734299516908,13.667471819645733,5.199946323134729,0.2616747181964573,0.35560923242082665,,
181,10.628019323671497,11.225174449812132,8.950617283950617,39.16398282340311,6.602254428341385,3.9720880300590444,13.66076221148685,5.179817498658078,0.2616747181964573,0.35560923242082665,,
182,10.815888352120236,11.218464841653248,8.917069243156199,38.6808910359635,6.602254428341385,3.9989264626945786,13.56682769726248,5.535426731078905,0.2616747181964573,0.4025764895330113,,
183,10.909822866344605,11.218464841653248,8.910359634997317,38.33199141170156,6.602254428341385,4.28743961352657,13.539989264626946,5.535426731078905,0.2616747181964573,0.4025764895330113,,
184,11.023886205045626,11.218464841653248,8.769457863660762,38.21121846484165,6.870638754696726,4.233762748255502,13.486312399355878,5.421363392377885,0.2616747181964573,0.5032206119162641,,
185,11.158078368223295,11.11111111111111,8.769457863660762,38.137412775093935,6.904186795491143,4.2270531400966185,13.459473966720344,5.46833064949007,0.2616747181964573,0.5032206119162641,,
186,11.20504562533548,11.11111111111111,8.76274825550188,38.117283950617285,6.904186795491143,4.2270531400966185,13.446054750402576,5.4616210413311865,0.2616747181964573,0.5032206119162641,,
187,11.265432098765432,11.11111111111111,8.722490606548577,37.78851315083199,7.011540526033279,4.508856682769726,13.439345142243694,5.35426731078905,0.2616747181964573,0.5367686527106817,,
188,11.3191089640365,11.104401502952227,8.709071390230811,37.74154589371981,6.984702093397746,4.528985507246377,13.439345142243694,5.374396135265701,0.2616747181964573,0.5367686527106817,,
189,11.406333870101985,11.077563070316694,8.709071390230811,37.69457863660762,6.984702093397746,4.528985507246377,13.399087493290391,5.360976918947934,0.2616747181964573,0.5770263016639828,,
190,11.486849168008588,11.077563070316694,8.68894256575416,37.6610305958132,6.984702093397746,4.51556629092861,13.399087493290391,5.360976918947934,0.2616747181964573,0.5636070853462157,,
191,11.372785829307569,11.017176596886742,8.655394524959743,37.96296296296296,6.9310252281266775,4.4753086419753085,13.372249060654857,5.35426731078905,0.2616747181964573,0.5971551261406334,,
192,11.144659151905529,11.178207192699947,8.480944712828771,37.88915727321525,6.964573268921095,4.4753086419753085,13.372249060654857,5.636070853462158,0.2616747181964573,0.5971551261406334,,
193,11.366076221148685,11.11111111111111,8.172302737520129,39.09688674181428,6.816961889425658,4.549114331723027,12.99651100375738,5.0791733762748255,0.2616747181964573,0.5501878690284487,,
194,11.439881910896403,11.11111111111111,8.132045088566828,39.049919484702095,6.816961889425658,4.582662372517445,12.95625335480408,5.065754159957058,0.2616747181964573,0.5837359098228664,,
195,11.493558776167472,11.11111111111111,8.132045088566828,39.009661835748794,6.8035426731078905,4.602791196994096,12.95625335480408,5.065754159957058,0.24154589371980675,0.5837359098228664,,
196,11.137949543746645,11.104401502952227,6.582125603864735,43.35748792270532,6.340579710144928,4.025764895330113,12.674449812130971,4.106280193236715,0.24154589371980675,0.4294149221685454,,
197,11.191626409017713,11.104401502952227,6.582125603864735,43.31052066559313,6.327160493827161,4.025764895330113,12.661030595813205,4.126409017713366,0.24154589371980675,0.4294149221685454,,
198,11.265432098765432,11.104401502952227,6.5552871712292005,43.283682232957595,6.327160493827161,4.012345679012346,12.647611379495437,4.159957058507783,0.24154589371980675,0.4025764895330113,,
199,11.33923778851315,11.104401502952227,6.5552871712292005,43.223295759527645,6.3137412775093935,4.045893719806763,12.614063338701019,4.159957058507783,0.24154589371980675,0.4025764895330113,,
200,11.366076221148685,11.104401502952227,6.5552871712292005,43.203166935050994,6.3137412775093935,4.03918411164788,12.614063338701019,4.159957058507783,0.24154589371980675,0.4025764895330113,,
201,11.399624261943103,11.084272678475577,6.5552871712292005,43.18974771873322,6.3137412775093935,4.03918411164788,12.614063338701019,4.159957058507783,0.24154589371980675,0.4025764895330113,,
202,11.600912506709609,11.044015029522276,6.515029522275899,43.07568438003221,6.3137412775093935,4.072732152442297,12.573805689747719,4.159957058507783,0.24154589371980675,0.4025764895330113,,
203,11.614331723027375,11.044015029522276,6.515029522275899,43.022007514761135,6.3137412775093935,4.092860976918948,12.5402576489533,4.193505099302201,0.24154589371980675,0.4227053140096618,,
204,11.654589371980677,11.044015029522276,6.515029522275899,42.96833064949007,6.4412238325281805,4.086151368760064,12.446323134728932,4.180085882984434,0.24154589371980675,0.4227053140096618,,
205,11.842458400429415,10.929951690821255,6.474771873322598,42.961621041331185,6.461352657004831,4.086151368760064,12.446323134728932,4.133118625872249,0.24154589371980675,0.4227053140096618,,
206,11.862587224906065,10.84272678475577,6.474771873322598,42.85426731078905,6.6760601180891035,4.052603327965647,12.439613526570048,4.133118625872249,0.24154589371980675,0.4227053140096618,,
207,11.33923778851315,10.272410091250672,8.541331186258722,42.49194847020934,6.4412238325281805,3.978797638217928,12.177938808373591,4.092860976918948,0.24154589371980675,0.4227053140096618,,
208,11.372785829307569,10.272410091250672,8.541331186258722,42.45840042941492,6.4412238325281805,3.978797638217928,12.177938808373591,4.092860976918948,0.24154589371980675,0.4227053140096618,,
209,11.158078368223295,10.547504025764896,8.541331186258722,42.42485238862051,6.4345142243692965,3.965378421900161,12.177938808373591,4.086151368760064,0.24154589371980675,0.4227053140096618,,
210,11.211755233494364,10.547504025764896,8.541331186258722,42.35775630703167,6.4345142243692965,3.992216854535695,12.164519592055823,4.086151368760064,0.24154589371980675,0.4227053140096618,,
211,11.265432098765432,10.446859903381643,7.716049382716049,42.12292002147075,6.528448738593666,4.146537842190016,13.191089640365004,4.05931293612453,0.10064412238325282,0.4227053140096618,,
212,11.325818572195384,10.433440687063875,7.716049382716049,41.659957058507786,6.5485775630703165,4.133118625872249,13.560118089103597,4.03918411164788,0.10064412238325282,0.4830917874396135,,
213,11.392914653784219,10.178475577026301,7.709339774557166,41.646537842190014,6.884057971014493,4.133118625872249,13.439345142243694,4.032474503488996,0.10064412238325282,0.4830917874396135,,
214,11.466720343531938,10.178475577026301,7.682501341921632,41.52576489533011,6.857219538378959,4.240472356414386,13.405797101449275,4.025764895330113,0.10064412238325282,0.5166398282340311,,
215,11.520397208803006,10.178475577026301,7.682501341921632,41.48550724637681,6.850509930220075,4.240472356414386,13.399087493290391,4.025764895330113,0.10064412238325282,0.5166398282340311,,
216,11.560654857756306,10.165056360708535,7.682501341921632,41.2842190016103,6.850509930220075,4.414922168545357,13.399087493290391,4.025764895330113,0.10064412238325282,0.5166398282340311,,
217,11.708266237251744,10.124798711755233,7.628824476650563,41.23054213633924,6.837090713902308,4.40150295222759,13.399087493290391,4.019055287171229,0.10064412238325282,0.5501878690284487,,
218,11.761943102522812,9.829575952764358,7.615405260332796,41.10305958132045,7.219538378958669,4.40150295222759,13.399087493290391,4.019055287171229,0.10064412238325282,0.5501878690284487,,
219,11.822329575952764,9.829575952764358,7.588566827697263,41.00912506709608,7.219538378958669,4.468599033816425,13.399087493290391,4.012345679012346,0.10064412238325282,0.5501878690284487,,
220,11.802200751476114,9.863123993558776,8.702361782071927,40.68035426731079,7.253086419753086,4.468599033816425,12.546967257112184,4.106280193236715,0.10064412238325282,0.47638217928073,,
221,11.90955448201825,9.802737520128824,8.695652173913043,40.57300053676865,7.320182501341922,4.468599033816425,12.546967257112184,4.106280193236715,0.10064412238325282,0.47638217928073,,
222,12.030327428878154,9.802737520128824,8.675523349436393,40.50590445517982,7.286634460547504,4.468599033816425,12.546967257112184,4.106280193236715,0.10064412238325282,0.47638217928073,,
223,12.130971551261407,9.769189479334408,8.662104133118627,40.405260332796566,7.286634460547504,4.542404723564144,12.533548040794418,4.092860976918948,0.10064412238325282,0.47638217928073,,
