,45,50,55,52,53,54,51,58,56,57,59,60,61,62,46,47
0,99.51019860440151,0.48980139559849706,,,,,,,,,,,,,,
1,84.22571121846484,15.747450348899624,0.026838432635534086,,,,,,,,,,,,,
2,83.3064949006978,16.666666666666668,0.026838432635534086,,,,,,,,,,,,,
3,83.05152979066023,16.921631776704242,0.026838432635534086,,,,,,,,,,,,,
4,81.56870638754697,18.4044551798175,0.026838432635534086,,,,,,,,,,,,,
5,80.63607085346216,19.30354267310789,0.03354804079441761,0.026838432635534086,,,,,,,,,,,,
6,73.73188405797102,26.194310252281266,0.04696725711218465,0.026838432635534086,,,,,,,,,,,,
7,68.18974771873323,31.085614600107355,0.24154589371980675,0.026838432635534086,0.4562533548040794,,,,,,,,,,,
8,61.91626409017714,37.29200214707461,0.30864197530864196,0.026838432635534086,0.4562533548040794,,,,,,,,,,,
9,61.89613526570049,37.144390767579175,0.41599570585077833,0.026838432635534086,0.48980139559849706,0.026838432635534086,,,,,,,,,,
10,52.871712292002144,45.98765432098765,0.5568974771873323,0.06709608158883522,0.48980139559849706,0.026838432635534086,,,,,,,,,,
11,52.03301127214171,44.29012345679013,0.5971551261406334,0.5032206119162641,2.5026838432635534,0.026838432635534086,0.040257648953301126,0.0067096081588835215,,,,,,,,
12,51.55662909286098,43.84057971014493,0.8856682769726248,2.3886205045625335,1.2278582930756843,0.05367686527106817,0.040257648953301126,0.0067096081588835215,,,,,,,,
13,51.288244766505635,44.08883521202362,0.9192163177670424,2.3752012882447664,1.2278582930756843,0.05367686527106817,0.040257648953301126,0.0067096081588835215,,,,,,,,
14,50.4092860976919,44.87385936661299,0.9728931830381106,2.3752012882447664,1.2546967257112185,0.05367686527106817,0.05367686527106817,0.0067096081588835215,,,,,,,,
15,47.42351046698873,48.76543209876543,1.402308105206656,1.1205045625335481,1.1741814278046163,0.040257648953301126,0.040257648953301126,0.03354804079441761,,,,,,,,
16,44.03515834675255,52.14036500268384,1.442565754159957,1.1205045625335481,1.1473429951690821,0.040257648953301126,0.040257648953301126,0.03354804079441761,,,,,,,,
17,43.954643048845945,52.20746108427268,1.4559849704777241,1.1205045625335481,1.1473429951690821,0.040257648953301126,0.040257648953301126,0.03354804079441761,,,,,,,,
18,40.39855072463768,55.59581320450886,1.5230810520665594,1.1205045625335481,1.1473429951690821,0.14090177133655393,0.040257648953301126,0.03354804079441761,,,,,,,,
19,37.72812667740204,50.11406333870102,1.2681159420289856,3.8177670424047236,0.8990874932903918,0.14090177133655393,5.991680085882985,0.026838432635534086,0.013419216317767043,,,,,,,
20,37.61406333870102,50.14761137949544,1.3553408480944713,3.81105743424584,0.8990874932903918,0.14090177133655393,5.864197530864198,0.026838432635534086,0.14090177133655393,,,,,,,
21,37.553676865271065,50.033548040794415,1.482823403113258,3.7372517444981215,0.8990874932903918,0.14090177133655393,5.857487922705314,0.026838432635534086,0.2549651100375738,0.013419216317767043,,,,,,
22,37.07729468599034,49.82555018786903,1.5029522275899088,3.7372517444981215,0.8990874932903918,0.2281266774020397,6.4345142243692965,0.026838432635534086,0.2549651100375738,0.013419216317767043,,,,,,
23,36.9296833064949,49.81884057971015,1.6505636070853462,3.7238325281803544,0.9192163177670424,0.2281266774020397,6.4345142243692965,0.026838432635534086,0.2549651100375738,0.013419216317767043,,,,,,
24,36.87600644122383,49.664519592055825,1.7981749865807837,3.8177670424047236,0.9192163177670424,0.2281266774020397,6.400966183574879,0.026838432635534086,0.2549651100375738,0.013419216317767043,,,,,,
25,35.70182501341922,45.229468599033815,1.6438539989264627,3.7238325281803544,4.066022544283414,0.2549651100375738,9.084809447128288,0.026838432635534086,0.2549651100375738,0.013419216317767043,,,,,,
26,35.581052066559316,45.13553408480945,1.8853998926462694,3.8714439076757916,4.066022544283414,0.2549651100375738,8.964036500268385,0.026838432635534086,0.20128824476650564,0.013419216317767043,,,,,,
27,35.55421363392378,45.08185721953838,1.9256575415995705,3.8580246913580245,4.066022544283414,0.27509393451422437,8.93719806763285,0.026838432635534086,0.24825550187869028,0.026838432635534086,,,,,,
28,35.55421363392378,44.87385936661299,1.9592055823939882,3.8580246913580245,4.066022544283414,0.46296296296296297,8.910359634997317,0.026838432635534086,0.2616747181964573,0.026838432635534086,,,,,,
29,35.49382716049383,43.27697262479871,1.9592055823939882,3.8311862587224907,5.703166935050993,0.46296296296296297,8.870101986044014,0.026838432635534086,0.30193236714975846,0.05367686527106817,0.020128824476650563,,,,,
30,35.49382716049383,43.00858829844337,1.9592055823939882,3.81105743424584,5.998389694041868,0.4495437466451959,8.829844337090714,0.026838432635534086,0.3421900161030596,0.08051529790660225,,,,,,
31,35.339506172839506,43.13607085346216,1.9726247987117553,3.824476650563607,5.964841653247451,0.4495437466451959,8.829844337090714,0.06038647342995169,0.3421900161030596,0.08051529790660225,,,,,,
32,33.641975308641975,41.67337627482555,2.0397208803005906,10.876274825550189,5.897745571658615,0.4495437466451959,5.01207729468599,0.03354804079441761,0.24825550187869028,0.1274825550187869,,,,,,
33,33.57487922705314,41.40499194847021,2.395330112721417,10.876274825550189,5.897745571658615,0.4495437466451959,4.99194847020934,0.03354804079441761,0.24825550187869028,0.1274825550187869,,,,,,
34,33.44068706387547,41.43183038110574,2.408749329039184,10.829307568438002,5.9447128287707995,0.46967257112184646,5.052334943639291,0.03354804079441761,0.24825550187869028,0.14090177133655393,,,,,,
35,33.20585077831455,40.11674718196457,2.5161030595813205,10.668276972624799,5.783682232957595,1.415727321524423,5.3274288781535155,0.03354804079441761,0.7045088566827697,0.2147074610842727,0.013419216317767043,,,,,
36,32.8972088030059,38.0703166935051,2.462426194310252,12.600644122383253,5.743424584004294,1.415727321524423,5.8172302737520125,0.03354804079441761,0.6977992485238862,0.24825550187869028,0.013419216317767043,,,,,
37,29.126409017713364,43.39103596349973,2.4221685453569513,12.553676865271068,5.723295759527644,0.4294149221685454,5.3341384863123995,0.03354804079441761,0.7112184648416533,0.2616747181964573,0.013419216317767043,,,,,
38,27.771068169618893,42.028985507246375,2.3215244229736984,12.506709608158884,5.723295759527644,0.4294149221685454,7.944176060118089,0.03354804079441761,0.9192163177670424,0.30864197530864196,0.013419216317767043,,,,,
39,27.636876006441224,42.01556629092861,2.4221685453569513,12.513419216317766,5.723295759527644,0.41599570585077833,7.9039184111647875,0.03354804079441761,0.9863123993558777,0.33548040794417605,0.013419216317767043,,,,,
40,22.074610842726784,51.06682769726248,2.4490069779924855,9.77589908749329,5.703166935050993,0.4830917874396135,7.139023081052066,0.03354804079441761,0.9728931830381106,0.2885131508319914,0.013419216317767043,,,,,
41,21.987385936661298,51.006441223832525,2.5697799248523885,9.77589908749329,5.6964573268921095,0.5032206119162641,7.139023081052066,0.03354804079441761,0.9728931830381106,0.30193236714975846,0.013419216317767043,,,,,
42,21.940418679549115,50.24825550187869,3.5225442834138487,9.77589908749329,5.589103596349974,0.5099302200751477,7.125603864734299,0.03354804079441761,0.966183574879227,0.27509393451422437,0.013419216317767043,,,,,
43,21.812936124530328,49.241814278046164,3.569511540526033,9.225711218464841,7.1658615136876005,0.5434782608695652,7.112184648416532,0.03354804079441761,0.9796027911969941,0.30193236714975846,0.013419216317767043,,,,,
44,21.517713365539453,49.47665056360709,3.629898013955985,9.192163177670425,7.1658615136876005,0.5568974771873323,7.065217391304348,0.03354804079441761,1.0601180891035964,0.2885131508319914,0.013419216317767043,,,,,
45,21.517713365539453,49.43639291465379,3.656736446591519,9.192163177670425,7.139023081052066,0.5568974771873323,7.065217391304348,0.06038647342995169,1.0601180891035964,0.3153515834675255,,,,,,
46,21.517713365539453,49.322329575952764,3.770799785292539,9.192163177670425,7.125603864734299,0.5568974771873323,7.0383789586688135,0.07380568974771873,1.0601180891035964,0.3153515834675255,0.026838432635534086,,,,,
47,21.135265700483092,44.015029522275896,3.5292538915727323,15.116747181964573,7.118894256575416,0.5166398282340311,7.03166935050993,0.07380568974771873,1.06682769726248,0.3421900161030596,0.026838432635534086,0.026838432635534086,,,,
48,20.8870101986044,40.84809447128288,3.5829307568438002,13.251476113794954,6.461352657004831,0.47638217928073,13.278314546430488,0.0939345142243693,0.798443370907139,0.2683843263553409,0.026838432635534086,0.026838432635534086,,,,
49,14.002952227589908,56.50161030595813,2.9119699409554483,6.602254428341385,7.7831454643048845,0.19457863660762212,11.158078368223295,0.08051529790660225,0.5501878690284487,0.1610305958132045,0.026838432635534086,0.026838432635534086,,,,
50,14.029790660225443,54.2337627482555,2.952227589908749,4.51556629092861,7.64224369296833,0.16774020397208803,15.552871712292003,0.08051529790660225,0.5904455179817498,0.1610305958132045,0.026838432635534086,0.04696725711218465,,,,
51,14.049919484702093,53.79092860976919,3.361513687600644,4.49543746645196,7.64224369296833,0.16774020397208803,15.458937198067632,0.08051529790660225,0.7179280730005367,0.1610305958132045,0.026838432635534086,0.04696725711218465,,,,
52,14.016371443907676,52.764358561460014,3.3480944712828773,4.49543746645196,7.608695652173913,1.5230810520665594,15.136876006441224,0.11406333870101985,0.7581857219538379,0.1610305958132045,0.026838432635534086,0.04696725711218465,,,,
53,14.036500268384327,52.69726247987118,3.408480944712829,4.49543746645196,7.581857219538379,1.5230810520665594,15.063070316693505,0.14090177133655393,0.8185721953837896,0.1610305958132045,0.026838432635534086,0.04696725711218465,,,,
54,14.009661835748792,51.81159420289855,3.488996242619431,4.49543746645196,7.62211486849168,2.2879763821792807,15.03623188405797,0.14090177133655393,0.8454106280193237,0.1610305958132045,0.026838432635534086,0.07380568974771873,,,,
55,14.002952227589908,51.67740203972088,3.5963499731615673,3.8580246913580245,7.588566827697263,3.421900161030596,14.53972088030059,0.14090177133655393,0.8789586688137413,0.19457863660762212,0.026838432635534086,0.07380568974771873,,,,
56,13.258185721953838,51.85856146001073,4.159957058507783,3.8580246913580245,7.575147611379496,3.421900161030596,14.53972088030059,0.15432098765432098,0.8789586688137413,0.19457863660762212,0.026838432635534086,0.07380568974771873,,,,
57,12.553676865271068,47.87305421363392,3.938539989264627,5.589103596349974,7.501341921631776,3.3816425120772946,17.901234567901234,0.1878690284487386,0.8118625872249061,0.14761137949543746,0.040257648953301126,0.07380568974771873,,,,
58,12.379227053140097,46.55797101449275,3.9049919484702094,6.528448738593666,7.461084272678476,3.3816425120772946,18.471551261406333,0.1878690284487386,0.8454106280193237,0.16774020397208803,0.040257648953301126,0.07380568974771873,,,,
59,12.211486849168008,44.00161030595813,3.7775093934514223,7.105475040257649,7.4006977992485234,3.3480944712828773,20.77294685990338,0.2147074610842727,0.8588298443370908,0.16774020397208803,0.06709608158883522,0.07380568974771873,,,,
60,12.097423510466989,43.853998926462694,4.03918411164788,7.105475040257649,7.407407407407407,3.3480944712828773,20.75281803542673,0.2147074610842727,0.8789586688137413,0.1610305958132045,0.06709608158883522,0.07380568974771873,,,,
61,12.124261943102523,43.67283950617284,4.206924315619967,7.105475040257649,7.39398819108964,3.3480944712828773,20.605206655931294,0.2147074610842727,1.0265700483091786,0.1610305958132045,0.06709608158883522,0.07380568974771873,,,,
62,12.144390767579173,42.73349436392915,4.562533548040794,8.970746108427267,7.14573268921095,3.2004830917874396,19.685990338164252,0.2147074610842727,1.0198604401502953,0.18115942028985507,0.06709608158883522,0.07380568974771873,,,,
63,12.130971551261407,42.56575415995706,4.736983360171766,8.957326892109501,7.14573268921095,3.2004830917874396,19.659151905528716,0.2281266774020397,1.0399892646269457,0.19457863660762212,0.06709608158883522,0.07380568974771873,,,,
64,12.06387546967257,42.51878690284487,4.690016103059581,8.917069243156199,7.2933440687063875,3.2139023081052067,19.49812130971551,0.2281266774020397,1.1741814278046163,0.23483628556092323,0.06709608158883522,0.10064412238325282,,,,
65,12.057165861513688,37.68115942028985,4.213633923778851,8.722490606548577,7.226247987117552,3.193773483628556,24.97987117552335,0.2281266774020397,1.2681159420289856,0.23483628556092323,0.0939345142243693,0.10064412238325282,,,,
66,12.084004294149223,37.47987117552335,4.361245303274289,8.709071390230811,7.253086419753086,3.1468062265163717,24.912775093934513,0.2281266774020397,1.3352120236178207,0.2616747181964573,0.1274825550187869,0.10064412238325282,,,,
67,12.010198604401502,37.486580783682236,4.388083735909823,8.682232957595277,7.253086419753086,3.1468062265163717,24.818840579710145,0.2281266774020397,1.442565754159957,0.28180354267310787,0.1610305958132045,0.10064412238325282,,,,
68,12.04374664519592,37.37251744498121,4.4753086419753085,8.521202361782072,7.152442297369833,3.1468062265163717,24.812130971551262,0.3421900161030596,1.42914653784219,0.4428341384863124,0.1610305958132045,0.10064412238325282,,,,
69,12.016908212560386,37.1309715512614,4.730273752012883,8.521202361782072,7.152442297369833,3.1333870101986045,24.771873322597962,0.3421900161030596,1.482823403113258,0.4428341384863124,0.1610305958132045,0.11406333870101985,,,,
70,11.996779388083736,37.084004294149224,4.757112184648417,8.548040794417606,7.152442297369833,3.1602254428341383,24.57729468599034,0.32877079978529256,1.6774020397208802,0.4428341384863124,0.1610305958132045,0.11406333870101985,,,,
71,10.809178743961352,36.63446054750403,4.7638217928073,8.501073537305421,7.139023081052066,3.180354267310789,26.147342995169083,0.32877079978529256,1.6975308641975309,0.5233494363929146,0.1610305958132045,0.11406333870101985,,,,
72,10.836017176596886,36.553945249597426,4.777241009125067,8.501073537305421,7.132313472893183,3.180354267310789,26.147342995169083,0.32877079978529256,1.6975308641975309,0.5703166935050993,0.1610305958132045,0.11406333870101985,,,,
73,9.702093397745571,36.37949543746645,4.8443370907139025,8.447396672034353,7.125603864734299,3.1199677938808374,27.58990874932904,0.32877079978529256,1.6170155662909287,0.5703166935050993,0.1610305958132045,0.11406333870101985,,,,
74,9.71551261406334,35.67498658078368,5.22007514761138,8.064949006977992,7.125603864734299,3.8177670424047236,27.489264626945786,0.36902844873859364,1.6706924315619969,0.6038647342995169,0.1274825550187869,0.12077294685990338,,,,
75,9.762479871175524,35.46698872785829,5.501878690284487,8.051529790660226,6.951154052603328,3.844605475040258,27.469135802469136,0.36231884057971014,1.6908212560386473,0.6172839506172839,0.1274825550187869,0.15432098765432098,,,,
76,9.762479871175524,35.44015029522276,5.528717122920021,8.031400966183575,6.951154052603328,3.8311862587224907,27.469135802469136,0.36902844873859364,1.6908212560386473,0.630703166935051,0.14090177133655393,0.15432098765432098,,,,
77,9.655126140633387,35.15163714439077,5.5756843800322065,7.98443370907139,7.1658615136876005,4.052603327965647,27.28797638217928,0.41599570585077833,1.7579173376274826,0.6508319914117016,0.14761137949543746,0.15432098765432098,,,,
78,9.541062801932368,33.52791196994095,5.24020397208803,7.890499194847021,7.14573268921095,6.166129898013956,27.361782071927,0.4495437466451959,1.6774020397208802,0.6776704240472357,0.16774020397208803,0.15432098765432098,,,,
79,8.856682769726248,34.447128287708,5.3274288781535155,7.763016639828234,6.971282877079979,6.085614600107354,27.30810520665593,0.4495437466451959,1.7914653784219001,0.6776704240472357,0.16774020397208803,0.15432098765432098,,,,
80,8.863392377885132,34.27938808373591,5.347557702630167,8.501073537305421,6.823671497584541,5.870907139023081,27.30139559849705,0.4495437466451959,1.7981749865807837,0.4495437466451959,0.16774020397208803,0.14761137949543746,,,,
81,8.84326355340848,33.53462157809984,5.2066559312936125,10.567632850241546,6.025228126677402,5.542136339237788,27.26784755770263,0.4562533548040794,1.7981749865807837,0.4495437466451959,0.1610305958132045,0.14761137949543746,,,,
82,8.870101986044014,33.41384863123994,5.314009661835748,10.554213633923778,6.025228126677402,5.542136339237788,27.180622651637144,0.5434782608695652,1.7981749865807837,0.4495437466451959,0.1610305958132045,0.14761137949543746,,,,
83,8.896940418679549,33.3870101986044,5.347557702630167,10.420021470746109,6.018518518518518,5.542136339237788,27.13365539452496,0.5501878690284487,1.8115942028985508,0.5837359098228664,0.1610305958132045,0.14761137949543746,,,,
84,8.903650026838433,33.17230273752013,5.267042404723564,10.420021470746109,6.045356951154052,5.83064949006978,27.073268921095007,0.5501878690284487,1.8451422436929683,0.5837359098228664,0.1610305958132045,0.14761137949543746,,,,
85,8.910359634997317,33.1454643048846,5.213365539452496,10.393183038110575,6.045356951154052,5.864197530864198,27.046430488459475,0.6172839506172839,1.8451422436929683,0.6105743424584005,0.1610305958132045,0.14761137949543746,,,,
86,8.93719806763285,32.98443370907139,5.394524959742351,10.393183038110575,6.072195383789587,5.864197530864198,26.94578636607622,0.6172839506172839,1.8719806763285025,0.6105743424584005,0.1610305958132045,0.14761137949543746,,,,
87,8.943907675791733,32.8166935050993,5.555555555555555,10.379763821792807,6.045356951154052,5.911164787976382,26.94578636607622,0.644122383252818,1.8451422436929683,0.6038647342995169,0.1610305958132045,0.14761137949543746,,,,
88,5.790391841116479,56.112453032742884,5.213365539452496,3.3480944712828773,5.776972624798712,4.066022544283414,17.344337090713903,0.48980139559849706,1.4090177133655395,0.23483628556092323,0.10064412238325282,0.11406333870101985,,,,
89,5.797101449275362,55.97826086956522,5.314009661835748,3.3413848631239937,5.776972624798712,4.0995705850778315,17.330917874396135,0.5032206119162641,1.4224369296833066,0.2214170692431562,0.10064412238325282,0.11406333870101985,,,,
90,5.703166935050993,55.79039184111648,5.4616210413311865,3.321256038647343,5.776972624798712,4.0995705850778315,17.478529253891573,0.5032206119162641,1.4224369296833066,0.2281266774020397,0.10064412238325282,0.11406333870101985,,,,
91,5.703166935050993,55.71658615136876,5.535426731078905,3.321256038647343,5.763553408480945,4.0995705850778315,17.478529253891573,0.5166398282340311,1.4224369296833066,0.2281266774020397,0.10064412238325282,0.11406333870101985,,,,
92,5.6964573268921095,53.58964036500269,5.428073000536768,3.321256038647343,8.038110574342458,4.092860976918948,17.438271604938272,0.5367686527106817,1.4224369296833066,0.2281266774020397,0.0939345142243693,0.11406333870101985,,,,
93,5.703166935050993,49.28878153515835,6.078904991948471,3.307836822329576,8.038110574342458,7.816693505099302,17.384594739667204,0.5367686527106817,1.42914653784219,0.20799785292538917,0.0939345142243693,0.11406333870101985,,,,
94,5.743424584004294,49.074074074074076,6.239935587761675,3.307836822329576,8.038110574342458,7.830112721417069,17.384594739667204,0.5367686527106817,1.42914653784219,0.20799785292538917,0.0939345142243693,0.11406333870101985,,,,
95,5.723295759527644,48.9398819108964,6.327160493827161,3.2877079978529253,8.05823939881911,7.843531937734836,17.438271604938272,0.5367686527106817,1.42914653784219,0.20799785292538917,0.0939345142243693,0.11406333870101985,,,,
96,5.736714975845411,46.83977455716586,9.178743961352657,3.2877079978529253,8.031400966183575,7.085346215780999,17.364465915190554,0.5367686527106817,1.482823403113258,0.20799785292538917,0.13419216317767044,0.11406333870101985,,,,
97,5.703166935050993,45.00805152979066,9.225711218464841,3.227321524422974,10.144927536231885,7.085346215780999,17.364465915190554,0.2885131508319914,1.5096618357487923,0.19457863660762212,0.13419216317767044,0.11406333870101985,,,,
98,5.6964573268921095,44.840311325818575,9.420289855072463,3.227321524422974,10.11808910359635,7.051798174986581,17.290660225442835,0.2885131508319914,1.583467525496511,0.19457863660762212,0.1610305958132045,0.1274825550187869,,,,
99,5.71658615136876,44.578636607622116,9.668545356951155,3.2206119162640903,10.144927536231885,7.03166935050993,17.2638217928073,0.2885131508319914,1.6103059581320451,0.19457863660762212,0.1610305958132045,0.12077294685990338,,,,
100,5.736714975845411,44.49141170155663,9.73564143853999,3.2206119162640903,10.144927536231885,7.004830917874396,17.2638217928073,0.2885131508319914,1.6103059581320451,0.19457863660762212,0.1878690284487386,0.12077294685990338,,,,
101,5.763553408480945,44.316961889425656,9.708803005904455,4.012345679012346,10.279119699409554,8.185721953837897,15.573000536768653,0.36902844873859364,1.328502415458937,0.19457863660762212,0.14761137949543746,0.12077294685990338,,,,
102,5.709876543209877,44.08883521202362,9.930220075147611,4.066022544283414,10.272410091250672,8.219269994632313,15.519323671497585,0.36902844873859364,1.3620504562533549,0.19457863660762212,0.14761137949543746,0.12077294685990338,,,,
103,5.723295759527644,43.994900697799245,10.158346752549651,4.025764895330113,10.272410091250672,8.199141170155663,15.33816425120773,0.36902844873859364,1.4694041867954912,0.18115942028985507,0.14761137949543746,0.12077294685990338,,,,
104,5.676328502415459,43.142780461621044,10.037573805689748,4.025764895330113,12.177938808373591,7.37385936661299,15.210681696188942,0.36902844873859364,1.5365002683843263,0.18115942028985507,0.14761137949543746,0.12077294685990338,,,,
105,5.689747718733226,43.11594202898551,10.050993022007514,4.025764895330113,12.177938808373591,7.4006977992485234,15.183843263553408,0.36902844873859364,1.5633387010198605,0.18115942028985507,0.12077294685990338,0.12077294685990338,,,,
106,5.5756843800322065,42.7133655394525,9.977187332259795,4.025764895330113,12.097423510466989,7.924047235641439,15.183843263553408,0.4428341384863124,1.5633387010198605,0.20128824476650564,0.12077294685990338,0.14090177133655393,0.03354804079441761,,,
107,5.589103596349974,42.68652710681696,9.990606548577563,4.025764895330113,12.097423510466989,7.9039184111647875,15.183843263553408,0.4428341384863124,1.5767579173376274,0.20128824476650564,0.14090177133655393,0.1274825550187869,0.03354804079441761,,,
108,5.60252281266774,40.87493290391841,10.19189479334407,4.019055287171229,14.801395598497047,6.870638754696726,15.136876006441224,0.4428341384863124,1.583467525496511,0.20128824476650564,0.11406333870101985,0.1274825550187869,0.03354804079441761,,,
109,4.7101449275362315,42.1027911969941,10.413311862587225,4.005636070853462,14.761137949543746,6.857219538378959,14.63365539452496,0.46296296296296297,1.5633387010198605,0.2147074610842727,0.11406333870101985,0.1274825550187869,0.03354804079441761,,,
110,4.757112184648417,41.968599033816425,10.44015029522276,4.005636070853462,14.63365539452496,6.850509930220075,14.579978529253891,0.49651100375738055,1.570048309178744,0.33548040794417605,0.16774020397208803,0.1610305958132045,0.03354804079441761,,,
111,4.804079441760601,41.93505099302201,10.446859903381643,4.005636070853462,14.190821256038648,7.273215244229737,14.55984970477724,0.49651100375738055,1.583467525496511,0.3421900161030596,0.16774020397208803,0.1610305958132045,0.03354804079441761,,,
112,4.810789049919484,41.74047235641439,10.674986580783683,4.005636070853462,14.17740203972088,7.192699946323135,14.55984970477724,0.49651100375738055,1.583467525496511,0.3421900161030596,0.2214170692431562,0.1610305958132045,0.03354804079441761,,,
113,4.817498658078368,41.626409017713364,10.768921095008052,4.032474503488996,14.15727321524423,7.1725711218464845,14.55984970477724,0.48980139559849706,1.5901771336553945,0.36902844873859364,0.2214170692431562,0.1610305958132045,0.03354804079441761,,,
114,4.790660225442834,39.97584541062802,10.165056360708535,7.50805152979066,14.056629092860977,6.099033816425121,14.546430488459475,0.43612453032742887,1.6103059581320451,0.4092860976918948,0.24154589371980675,0.1274825550187869,0.03354804079441761,,,
115,4.74369296833065,39.42565754159957,10.124798711755233,7.5281803542673105,13.92914653784219,7.004830917874396,14.184111647879764,0.46967257112184646,1.6035963499731616,0.4092860976918948,0.41599570585077833,0.1274825550187869,0.03354804079441761,,,
116,4.723564143853999,39.331723027375205,10.084541062801932,9.628287707997853,13.613794954374665,6.984702093397746,12.654320987654321,0.4562533548040794,1.556629092860977,0.38915727321524424,0.41599570585077833,0.1274825550187869,0.03354804079441761,,,
117,4.730273752012883,39.070048309178745,10.11808910359635,9.614868491680086,13.613794954374665,7.219538378958669,12.647611379495437,0.4562533548040794,1.5633387010198605,0.38915727321524424,0.41599570585077833,0.1274825550187869,0.03354804079441761,,,
118,4.723564143853999,38.94927536231884,10.265700483091788,9.574610842726784,13.600375738056897,7.1658615136876005,12.627482555018787,0.4830917874396135,1.583467525496511,0.38915727321524424,0.47638217928073,0.1274825550187869,0.03354804079441761,,,
119,4.703435319377348,38.821792807300056,10.305958132045088,9.500805152979066,13.56682769726248,7.219538378958669,12.419484702093397,0.5032206119162641,1.8451422436929683,0.46296296296296297,0.48980139559849706,0.1274825550187869,0.03354804079441761,,,
120,4.7168545356951155,37.56038647342995,11.500268384326356,9.473966720343531,13.533279656468062,7.313472893183038,12.406065485775631,0.5032206119162641,1.8183038110574343,0.48980139559849706,0.5166398282340311,0.13419216317767044,0.03354804079441761,,,
121,4.7101449275362315,37.466451959205585,11.553945249597424,9.460547504025765,13.439345142243694,7.253086419753086,12.379227053140097,0.5233494363929146,1.8183038110574343,0.5568974771873323,0.6709608158883521,0.13419216317767044,0.03354804079441761,,,
122,4.64975845410628,37.29200214707461,11.634460547504025,9.447128287707997,13.56682769726248,7.232957595276436,12.379227053140097,0.5032206119162641,1.8719806763285025,0.5636070853462157,0.6843800322061192,0.14090177133655393,0.03354804079441761,,,
123,4.64975845410628,37.19135802469136,11.681427804616211,9.326355340848094,13.553408480944713,7.192699946323135,12.365807836822329,0.5166398282340311,2.006172839506173,0.6239935587761675,0.7179280730005367,0.14090177133655393,0.03354804079441761,,,
124,4.616210413311863,36.58749329039184,11.949812130971551,11.11111111111111,12.372517444981213,7.1725711218464845,12.191358024691358,0.4830917874396135,1.9927536231884058,0.6239935587761675,0.7246376811594203,0.14090177133655393,0.03354804079441761,,,
125,4.64975845410628,36.50697799248524,11.963231347289318,11.11111111111111,12.211486849168008,7.179280730005368,12.104133118625873,0.48980139559849706,2.086688137412775,0.6239935587761675,0.8923778851315083,0.14761137949543746,0.03354804079441761,,,
126,4.3478260869565215,35.970209339774556,12.010198604401502,11.05072463768116,12.184648416532475,7.125603864734299,12.942834138486312,0.5166398282340311,2.0933977455716586,0.6843800322061192,0.8923778851315083,0.14761137949543746,0.03354804079441761,,,
127,4.3478260869565215,34.29951690821256,11.178207192699947,11.017176596886742,13.560118089103597,8.279656468062266,12.909286097691895,0.5166398282340311,2.073268921095008,0.7581857219538379,0.8789586688137413,0.14761137949543746,0.03354804079441761,,,
128,4.3478260869565215,34.225711218464845,11.231884057971014,11.023886205045626,13.513150831991412,8.279656468062266,12.882447665056361,0.5568974771873323,2.1269457863660763,0.7581857219538379,0.8521202361782072,0.16774020397208803,0.03354804079441761,,,
129,4.42163177670424,34.004294149221685,11.010466988727858,10.916532474503489,13.499731615673644,7.763016639828234,13.90901771336554,0.644122383252818,2.0799785292538915,0.8521202361782072,0.7045088566827697,0.1610305958132045,0.03354804079441761,,,
130,4.4753086419753085,33.762748255501876,11.178207192699947,10.789049919484702,13.486312399355878,7.776435856146001,13.895598497047773,0.6642512077294686,2.1940418679549114,0.8722490606548577,0.7112184648416533,0.1610305958132045,0.03354804079441761,,,
131,4.549114331723027,33.70907139023081,11.33923778851315,10.72866344605475,13.486312399355878,7.75630703166935,13.707729468599034,0.6642512077294686,2.1940418679549114,0.9326355340848095,0.7112184648416533,0.16774020397208803,0.05367686527106817,,,
132,4.53569511540526,33.722490606548575,11.33923778851315,10.721953837895867,13.47289318303811,7.7361782071927,13.707729468599034,0.6642512077294686,2.1940418679549114,0.9594739667203436,0.7112184648416533,0.18115942028985507,0.05367686527106817,,,
133,4.549114331723027,33.68894256575416,11.325818572195384,10.527375201288244,13.47289318303811,7.803274288781535,13.687600644122384,0.6642512077294686,2.3617820719269993,1.0064412238325282,0.6776704240472357,0.18115942028985507,0.05367686527106817,,,
134,4.441760601180891,32.27992485238862,9.440418679549115,18.317230273752013,11.077563070316694,6.273483628556092,13.573537305421363,0.6105743424584005,2.38191089640365,0.8588298443370908,0.6105743424584005,0.08051529790660225,0.05367686527106817,,,
135,4.428341384863124,31.984702093397747,9.541062801932368,18.646001073537306,10.983628556092324,6.1862587224906065,13.499731615673644,0.6374127750939346,2.4020397208803006,0.8856682769726248,0.6508319914117016,0.10064412238325282,0.05367686527106817,,,
136,4.294149221685454,31.80354267310789,9.822866344605474,18.592324208266238,10.983628556092324,6.239935587761675,13.506441223832528,0.6172839506172839,2.4020397208803006,0.9326355340848095,0.6508319914117016,0.10064412238325282,0.05367686527106817,,,
137,4.294149221685454,31.689479334406872,9.950348899624261,18.55877616747182,10.943370907139023,6.239935587761675,13.486312399355878,0.6508319914117016,2.4020397208803006,0.9796027911969941,0.6508319914117016,0.10064412238325282,0.05367686527106817,,,
138,4.30756843800322,31.682769726247987,9.943639291465379,18.431293612453032,10.923242082662373,6.239935587761675,13.486312399355878,0.6709608158883521,2.4020397208803006,1.107085346215781,0.6508319914117016,0.10064412238325282,0.05367686527106817,,,
139,3.992216854535695,31.508319914117017,9.950348899624261,18.47826086956522,10.661567364465915,6.099033816425121,14.345142243692969,0.6709608158883521,2.3886205045625335,1.0735373054213635,0.6508319914117016,0.1274825550187869,0.05367686527106817,,,
140,4.005636070853462,31.34728931830381,10.017444981213098,18.438003220611915,10.63472893183038,6.125872249060655,14.345142243692969,0.7045088566827697,2.38191089640365,1.1205045625335481,0.6508319914117016,0.1274825550187869,0.10064412238325282,,,
141,3.878153515834675,26.86527106816962,8.702361782071927,26.154052603327965,10.57434245840043,4.777241009125067,14.103596349973161,0.7112184648416533,2.2879763821792807,1.1137949543746646,0.630703166935051,0.1274825550187869,0.07380568974771873,,,
142,3.9049919484702094,26.764626945786365,8.870101986044014,26.127214170692433,10.493827160493828,4.783950617283951,14.009661835748792,0.7581857219538379,2.2879763821792807,1.1674718196457328,0.630703166935051,0.1274825550187869,0.07380568974771873,,,
143,3.9049919484702094,26.556629092860977,9.091519055287172,25.577026301663984,10.48040794417606,4.783950617283951,13.996242619431026,0.785024154589372,2.301395598497048,1.7042404723564144,0.6172839506172839,0.1274825550187869,0.07380568974771873,,,
144,3.965378421900161,26.50295222758991,9.380032206119163,25.34219001610306,10.48040794417606,4.783950617283951,13.955984970477724,0.785024154589372,2.2946859903381642,1.6706924315619969,0.6172839506172839,0.14761137949543746,0.07380568974771873,,,
145,3.7238325281803544,23.698336017176597,8.76274825550188,24.86580783682233,8.36688137412775,4.683306494900698,20.52469135802469,0.7112184648416533,2.301395598497048,1.6438539989264627,0.5233494363929146,0.12077294685990338,0.07380568974771873,,,
146,3.743961352657005,23.60440150295223,8.849973161567364,24.698067632850243,8.460815888352121,4.7168545356951155,20.477724100912507,0.7179280730005367,2.341653247450349,1.6841116478797638,0.5233494363929146,0.10735373054213634,0.07380568974771873,,,
147,3.7238325281803544,23.49033816425121,8.84326355340848,24.664519592055825,8.460815888352121,4.817498658078368,20.377079978529252,0.7179280730005367,2.49597423510467,1.7176596886741815,0.5233494363929146,0.0939345142243693,0.07380568974771873,,,
148,3.7037037037037037,23.10789049919485,9.23913043478261,24.516908212560388,8.527911969940956,4.87788513150832,20.323403113258184,0.7313472893183038,2.509393451422437,1.7713365539452497,0.5233494363929146,0.0939345142243693,0.07380568974771873,,,
149,3.7238325281803544,23.060923242082662,9.245840042941492,24.44981213097155,8.521202361782072,4.85775630703167,20.182501341921633,0.7313472893183038,2.589908749329039,1.9256575415995705,0.5434782608695652,0.0939345142243693,0.07380568974771873,,,
150,3.717122920021471,23.020665593129362,9.29951690821256,24.335748792270532,8.521202361782072,4.85775630703167,20.135534084809446,0.7447665056360708,2.6637144390767578,2.006172839506173,0.5300590445517982,0.0939345142243693,0.07380568974771873,,,
151,3.750670960815888,23.00053676865271,9.306226516371444,24.194847020933977,8.541331186258722,4.871175523349437,20.095276435856146,0.7447665056360708,2.6838432635534084,2.120236178207193,0.5300590445517982,0.08722490606548577,0.07380568974771873,,,
152,3.7573805689747717,23.00053676865271,9.312936124530328,24.14787976382179,8.514492753623188,4.911433172302737,19.920826623725173,0.7716049382716049,2.8515834675254963,2.120236178207193,0.5300590445517982,0.08722490606548577,0.07380568974771873,,,
153,3.7573805689747717,22.973698336017176,9.312936124530328,24.08078368223296,8.527911969940956,4.911433172302737,19.90740740740741,0.785024154589372,2.8650026838432634,2.187332259796028,0.5300590445517982,0.08722490606548577,0.07380568974771873,,,
154,3.770799785292539,22.873054213633925,9.406870638754697,22.725442834138487,9.802737520128824,4.931561996779388,19.90740740740741,0.7716049382716049,2.8650026838432634,2.254428341384863,0.5300590445517982,0.08722490606548577,0.07380568974771873,,,
155,3.770799785292539,22.745571658615138,9.453837895866881,22.705314009661837,9.77589908749329,5.005367686527107,19.880568974771872,0.7716049382716049,2.9052603327965647,2.227589908749329,0.5300590445517982,0.15432098765432098,0.07380568974771873,,,
156,3.770799785292539,22.644927536231883,9.5276435856146,22.67176596886742,9.702093397745571,5.032206119162641,19.89398819108964,0.7581857219538379,2.932098765432099,2.24771873322598,0.5904455179817498,0.15432098765432098,0.07380568974771873,,,
157,3.7775093934514223,22.591250670960815,9.594739667203436,23.067632850241544,9.728931830381105,5.018786902844874,19.464573268921097,0.7783145464304885,2.9052603327965647,2.227589908749329,0.6038647342995169,0.16774020397208803,0.07380568974771873,,,
158,3.7909286097691894,22.530864197530864,9.634997316156737,23.067632850241544,9.728931830381105,5.374396135265701,19.176060118089104,0.7783145464304885,2.844873859366613,2.227589908749329,0.6038647342995169,0.16774020397208803,0.07380568974771873,,,
159,3.81105743424584,22.383252818035427,9.75577026301664,23.05421363392378,9.71551261406334,5.374396135265701,19.135802469135804,0.7783145464304885,2.898550724637681,2.2611379495437465,0.6038647342995169,0.16774020397208803,0.06038647342995169,,,
160,3.851315083199141,22.31615673644659,9.77589908749329,23.067632850241544,9.708803005904455,5.367686527106817,19.108964036500268,0.7783145464304885,2.9052603327965647,2.2879763821792807,0.6038647342995169,0.16774020397208803,0.06038647342995169,,,
161,3.9049919484702094,22.269189479334408,9.73564143853999,23.027375201288244,9.681964573268921,5.421363392377885,19.102254428341386,0.7783145464304885,2.9052603327965647,2.341653247450349,0.6038647342995169,0.16774020397208803,0.06038647342995169,,,
162,3.9184111647879765,22.249060654857757,9.75577026301664,22.98040794417606,9.681964573268921,5.407944176060118,19.061996779388085,0.7917337627482555,2.945517981749866,2.3752012882447664,0.6038647342995169,0.16774020397208803,0.06038647342995169,,,
163,3.9452495974235107,22.188674181427803,9.802737520128824,22.879763821792807,9.634997316156737,5.401234567901234,19.0150295222759,0.798443370907139,3.066290928609769,2.4221685453569513,0.5971551261406334,0.1878690284487386,0.06038647342995169,,,
164,3.992216854535695,22.007514761137948,10.084541062801932,22.758990874932906,9.668545356951155,5.394524959742351,18.894256575415994,0.798443370907139,3.0730005367686526,2.4691358024691357,0.6105743424584005,0.1878690284487386,0.06038647342995169,,,
165,3.978797638217928,21.987385936661298,10.131508319914117,22.758990874932906,9.64170692431562,5.407944176060118,18.310520665593128,0.7917337627482555,3.6366076221148687,2.49597423510467,0.6105743424584005,0.1878690284487386,0.06038647342995169,,,
166,3.9586688137412773,21.93370907139023,10.19189479334407,22.758990874932906,9.71551261406334,5.441492216854535,18.230005367686527,0.7917337627482555,3.643317230273752,2.49597423510467,0.5904455179817498,0.1878690284487386,0.06038647342995169,,,
167,3.9452495974235107,21.866612989801396,10.165056360708535,22.69860440150295,9.728931830381105,5.4549114331723025,18.183038110574344,0.8118625872249061,3.770799785292539,2.49597423510467,0.6172839506172839,0.20128824476650564,0.06038647342995169,,,
168,3.978797638217928,21.833064949006978,10.218733225979603,22.65834675254965,9.681964573268921,5.448201825013419,18.14278046162104,0.8655394524959742,3.8177670424047236,2.475845410628019,0.6172839506172839,0.20128824476650564,0.06038647342995169,,,
169,3.978797638217928,21.833064949006978,10.198604401502953,22.57783145464305,9.668545356951155,5.508588298443371,18.12265163714439,0.8789586688137413,3.8177670424047236,2.5161030595813205,0.630703166935051,0.19457863660762212,0.06038647342995169,0.013419216317767043,,
170,3.978797638217928,21.806226516371442,10.158346752549651,22.5577026301664,9.742351046698873,5.495169082125604,18.12265163714439,0.8923778851315083,3.8311862587224907,2.5161030595813205,0.630703166935051,0.19457863660762212,0.06038647342995169,0.013419216317767043,,
171,3.992216854535695,21.752549651100377,10.144927536231885,22.416800858829845,9.655126140633387,5.508588298443371,17.934782608695652,1.0332796564680622,3.8580246913580245,2.804616210413312,0.630703166935051,0.19457863660762212,0.06038647342995169,0.013419216317767043,,
172,4.025764895330113,21.74584004294149,10.151637144390767,22.376543209876544,9.668545356951155,5.495169082125604,17.92807300053677,1.0332796564680622,3.864734299516908,2.8113258185721954,0.630703166935051,0.19457863660762212,0.06038647342995169,0.013419216317767043,,
173,4.032474503488996,21.71900161030596,10.165056360708535,22.322866344605476,9.668545356951155,5.488459473966721,17.92807300053677,1.0198604401502953,3.8915727321524423,2.8650026838432634,0.630703166935051,0.19457863660762212,0.06038647342995169,0.013419216317767043,,
174,3.8043478260869565,20.947396672034355,10.0979602791197,22.16183574879227,9.057971014492754,5.548845947396672,19.766505636070853,0.9796027911969941,3.844605475040258,2.8918411164787976,0.630703166935051,0.19457863660762212,0.06038647342995169,0.013419216317767043,,
175,3.797638217928073,20.94068706387547,10.084541062801932,22.114868491680085,9.037842190016104,5.5756843800322065,19.746376811594203,0.9796027911969941,3.844605475040258,2.9790660225442833,0.630703166935051,0.19457863660762212,0.06038647342995169,0.013419216317767043,,
176,3.1199677938808374,43.00858829844337,6.481481481481482,17.49194847020934,5.434782608695652,2.6972624798711755,16.284219001610307,0.3421900161030596,2.475845410628019,2.4020397208803006,0.1878690284487386,0.07380568974771873,,,,
177,3.1535158346752548,42.36446591519055,7.112184648416532,17.478529253891573,5.414653784219001,2.6972624798711755,16.25067096081589,0.3421900161030596,2.509393451422437,2.4154589371980677,0.1878690284487386,0.07380568974771873,,,,
