,45,50,55,51,53,54,56,52,58,60,57,59
0,96.90016103059581,3.099838969404187,,,,,,,,,,
1,96.90016103059581,3.099838969404187,,,,,,,,,,
2,92.94820182501341,7.051798174986581,,,,,,,,,,
3,69.20960815888353,30.64278046162104,0.14761137949543746,,,,,,,,,
4,67.6328502415459,31.508319914117017,0.8588298443370908,,,,,,,,,
5,67.74691358024691,31.394256575415994,0.8588298443370908,,,,,,,,,
6,64.70746108427268,10.19189479334407,,15.331454643048845,9.769189479334408,,,,,,,
7,63.217928073000536,11.178207192699947,,13.39237788513151,9.728931830381105,2.3752012882447664,0.10735373054213634,,,,,
8,62.02361782071927,12.406065485775631,2.100107353730542,11.258722490606548,9.728931830381105,2.3752012882447664,0.10735373054213634,,,,,
9,61.87600644122383,12.580515297906603,2.100107353730542,11.258722490606548,7.6623725174449815,2.3752012882447664,0.10735373054213634,2.0397208803005906,,,,
10,61.00375738056898,12.553676865271068,2.0531400966183573,9.702093397745571,7.6623725174449815,2.3752012882447664,0.10735373054213634,4.435050993022007,0.10735373054213634,,,
11,60.99704777241009,12.661030595813205,2.01959205582394,9.695383789586689,8.205850778314547,2.3752012882447664,0.10735373054213634,3.8311862587224907,0.10735373054213634,,,
12,54.26731078904992,19.45115405260333,2.01959205582394,8.433977455716587,10.084541062801932,2.3752012882447664,0.10735373054213634,3.2206119162640903,0.040257648953301126,,,
13,43.39103596349973,28.77079978529254,2.01959205582394,9.842995169082126,9.252549651100376,2.3752012882447664,0.10735373054213634,4.200214707461084,0.040257648953301126,,,
14,43.33064949006978,28.64331723027375,2.01959205582394,10.111379495437467,9.225711218464841,2.3483628556092326,0.10735373054213634,4.17337627482555,0.040257648953301126,,,
15,43.11594202898551,28.401771336553946,2.01959205582394,10.581052066559312,9.225711218464841,2.3483628556092326,0.10735373054213634,4.159957058507783,0.040257648953301126,,,
16,42.860976918947934,27.636876006441224,2.01959205582394,10.581052066559312,9.145195920558239,2.3483628556092326,0.10735373054213634,5.179817498658078,0.12077294685990338,,,
17,39.71417069243156,25.09393451422437,1.9189479334406871,16.19699409554482,9.219001610305957,2.3483628556092326,0.10735373054213634,5.179817498658078,0.12077294685990338,0.10064412238325282,,
18,39.89533011272142,24.738325281803544,1.9189479334406871,16.33118625872249,9.25925925925926,2.3483628556092326,0.10735373054213634,5.179817498658078,0.12077294685990338,0.10064412238325282,,
19,38.888888888888886,24.14787976382179,0.15432098765432098,24.63768115942029,4.87788513150832,2.804616210413312,,4.408212560386473,0.08051529790660225,,,
20,38.81508319914117,22.973698336017176,0.15432098765432098,24.60413311862587,4.851046698872786,2.7777777777777777,,5.743424584004294,0.08051529790660225,,,
21,38.83521202361782,22.953569511540525,0.4227053140096618,21.423778851315085,5.360976918947934,5.360976918947934,,5.562265163714439,0.08051529790660225,,,
22,37.07058507783145,25.81857219538379,0.4227053140096618,21.041331186258724,5.018786902844874,4.985238862050457,,5.562265163714439,0.08051529790660225,,,
23,21.752549651100377,43.08910359634997,0.4227053140096618,20.323403113258184,4.441760601180891,6.078904991948471,,3.81105743424584,0.08051529790660225,,,
24,21.953837895866883,43.00858829844337,0.4227053140096618,20.242887815351583,4.441760601180891,6.038647342995169,,3.81105743424584,0.08051529790660225,,,
25,21.4170692431562,41.1634460547504,0.4227053140096618,19.088835212023618,7.50805152979066,6.025228126677402,0.5099302200751477,3.784219001610306,0.08051529790660225,,,
26,20.739398819108963,33.99087493290392,0.41599570585077833,26.979334406870638,7.7831454643048845,5.71658615136876,0.5099302200751477,3.784219001610306,0.08051529790660225,,,
27,20.813204508856682,34.03113258185722,0.41599570585077833,26.952495974235106,7.722758990874933,5.71658615136876,0.5099302200751477,3.7573805689747717,0.08051529790660225,,,
28,20.92055823939882,33.89694041867955,0.41599570585077833,25.45625335480408,7.695920558239399,5.71658615136876,0.5099302200751477,5.307300053676865,0.08051529790660225,,,
29,20.994363929146537,33.76945786366076,0.41599570585077833,25.429414922168544,7.669082125603865,5.850778314546431,0.48980139559849706,5.300590445517981,0.08051529790660225,,,
30,21.162104133118625,33.64868491680086,2.3550724637681157,24.295491143317232,7.7361782071927,5.10601180891036,0.2616747181964573,5.300590445517981,0.08051529790660225,,0.05367686527106817,
31,21.162104133118625,31.333870101986044,2.3550724637681157,23.765432098765434,9.722222222222221,5.964841653247451,0.2616747181964573,5.300590445517981,0.08051529790660225,,0.05367686527106817,
32,11.352657004830919,48.651368760064415,2.442297369833602,16.968599033816425,9.581320450885668,5.71658615136876,0.2616747181964573,4.891304347826087,0.08051529790660225,,0.05367686527106817,
33,11.553945249597424,44.216317767042405,3.0595813204508855,16.6532474503489,10.527375201288244,8.460815888352121,0.4428341384863124,4.891304347826087,0.14090177133655393,,0.05367686527106817,
34,11.43317230273752,40.687063875469676,4.904723564143854,16.854535695115406,12.4597423510467,8.158883521202362,0.4428341384863124,4.864465915190553,0.14090177133655393,,0.05367686527106817,
35,11.419753086419753,40.72061191626409,4.904723564143854,16.854535695115406,12.446323134728932,8.152173913043478,0.4428341384863124,4.864465915190553,0.14090177133655393,,0.05367686527106817,
36,10.68840579710145,40.324745034889965,4.904723564143854,18.115942028985508,12.446323134728932,7.930756843800322,0.4428341384863124,4.864465915190553,0.2281266774020397,,0.05367686527106817,
37,10.198604401502953,39.392109500805155,5.052334943639291,17.102791196994094,12.426194310252281,7.9106280193236715,0.4428341384863124,7.192699946323135,0.2281266774020397,,0.05367686527106817,
38,10.292538915727322,39.20424047235642,3.878153515834675,17.08937198067633,12.338969404186795,9.225711218464841,0.4428341384863124,7.192699946323135,0.28180354267310787,,0.05367686527106817,
39,9.749060654857756,38.439345142243695,3.878153515834675,18.46484165324745,12.31213097155126,9.212292002147075,0.4428341384863124,7.1658615136876005,0.28180354267310787,,0.05367686527106817,
40,9.96376811594203,38.1508319914117,4.146537842190016,18.169618894256576,12.466451959205582,9.198872785829307,0.4428341384863124,7.125603864734299,0.28180354267310787,,0.05367686527106817,
41,10.305958132045088,37.996511003757384,4.146537842190016,18.136070853462158,12.385936661298981,9.23913043478261,0.4428341384863124,7.011540526033279,0.28180354267310787,,0.05367686527106817,
42,10.648148148148149,37.70799785292539,4.206924315619967,18.095813204508858,12.325550187869029,9.225711218464841,0.4428341384863124,7.011540526033279,0.28180354267310787,,0.05367686527106817,
43,10.57434245840043,36.808910359635,4.186795491143317,19.900697799248523,10.057702630166398,9.198872785829307,0.4428341384863124,8.53462157809984,0.16774020397208803,,0.1274825550187869,
44,10.661567364465915,36.74852388620504,4.186795491143317,19.900697799248523,9.91009125067096,9.198872785829307,0.4428341384863124,8.507783145464305,0.16774020397208803,,0.27509393451422437,
45,10.037573805689748,38.90230810520666,5.790391841116479,18.015297906602253,9.339774557165862,9.037842190016104,0.7179280730005367,7.7831454643048845,0.16774020397208803,,0.20799785292538917,
46,10.131508319914117,38.808373590982285,6.1862587224906065,17.74020397208803,9.339774557165862,8.789586688137414,1.0198604401502953,7.608695652173913,0.16774020397208803,,0.20799785292538917,
47,10.037573805689748,38.788244766505635,8.225979602791197,16.29092860976919,9.339774557165862,8.501073537305421,0.8319914117015567,7.608695652173913,0.16774020397208803,,0.20799785292538917,
48,9.151905528717123,39.67391304347826,9.178743961352657,15.566290928609769,9.29951690821256,8.333333333333334,0.8185721953837896,7.601986044015029,0.16774020397208803,,0.20799785292538917,
49,9.138486312399356,39.62023617820719,9.178743961352657,15.53274288781535,9.272678475577026,8.440687063875469,0.8185721953837896,7.434245840042942,0.16774020397208803,,0.39586688137412773,
50,9.400161030595813,39.48604401502952,8.085077831454644,15.063070316693505,11.211755233494364,8.36688137412775,0.47638217928073,7.387278582930757,0.16774020397208803,,0.35560923242082665,
51,8.53462157809984,35.929951690821255,8.031400966183575,14.036500268384327,10.560923242082662,8.561460010735374,0.43612453032742887,13.439345142243694,0.16774020397208803,,0.30193236714975846,
52,8.353462157809984,35.04428341384863,7.991143317230274,13.6406333870102,10.534084809447128,8.494363929146537,0.43612453032742887,15.03623188405797,0.16774020397208803,,0.30193236714975846,
53,8.467525496511003,35.04428341384863,7.917337627482555,13.6406333870102,10.889694041867955,8.460815888352121,0.43612453032742887,14.694041867954912,0.16774020397208803,,0.28180354267310787,
54,8.467525496511003,34.05126140633387,6.78341384863124,13.6406333870102,11.312399355877616,7.675791733762749,0.43612453032742887,17.196725711218466,0.16774020397208803,,0.2683843263553409,
55,8.648684916800859,34.01771336553945,6.642512077294686,13.6406333870102,11.312399355877616,7.669082125603865,0.43612453032742887,17.196725711218466,0.16774020397208803,,0.2683843263553409,
56,8.863392377885132,32.098765432098766,6.635802469135802,23.040794417606012,8.769457863660762,7.62211486849168,0.43612453032742887,12.298711755233494,0.16774020397208803,,0.06709608158883522,
57,8.957326892109501,31.03864734299517,7.675791733762749,23.007246376811594,8.756038647342995,7.595276435856146,0.43612453032742887,12.298711755233494,0.16774020397208803,,0.06709608158883522,
58,8.876811594202898,28.884863123993558,7.212828770799785,22.10144927536232,8.695652173913043,11.90955448201825,0.43612453032742887,11.647879763821793,0.16774020397208803,,0.06709608158883522,
59,8.964036500268385,28.844605475040257,7.199409554482019,22.067901234567902,8.695652173913043,11.90955448201825,0.43612453032742887,11.647879763821793,0.16774020397208803,,0.06709608158883522,
60,9.024422973698336,28.64331723027375,7.152442297369833,20.77294685990338,8.668813741277509,13.620504562533547,0.43612453032742887,11.446591519055287,0.16774020397208803,,0.06709608158883522,
61,9.178743961352657,28.31454643048846,7.387278582930757,20.725979602791195,8.655394524959743,13.620504562533547,0.43612453032742887,11.446591519055287,0.16774020397208803,,0.06709608158883522,
62,9.50751476113795,28.24074074074074,7.367149758454106,20.625335480407944,8.548040794417606,13.620504562533547,0.43612453032742887,11.419753086419753,0.16774020397208803,,0.06709608158883522,
63,9.601449275362318,26.442565754159958,9.400161030595813,20.591787439613526,8.521202361782072,13.352120236178207,0.43612453032742887,11.419753086419753,0.16774020397208803,,0.06709608158883522,
64,9.749060654857756,26.42914653784219,9.373322597960279,20.437466451959207,8.494363929146537,13.325281803542673,0.5367686527106817,11.419753086419753,0.16774020397208803,,0.06709608158883522,
65,9.863123993558776,26.39559849704777,9.326355340848094,20.40391841116479,8.494363929146537,13.325281803542673,0.5367686527106817,11.419753086419753,0.16774020397208803,,0.06709608158883522,
66,9.930220075147611,26.422436929683307,9.326355340848094,20.363660762211488,8.494363929146537,13.278314546430488,0.5367686527106817,11.41304347826087,0.16774020397208803,,0.06709608158883522,
67,10.091250670960816,26.160762211486848,9.494095544820183,20.35024154589372,8.474235104669887,13.278314546430488,0.5367686527106817,11.379495437466453,0.16774020397208803,,0.06709608158883522,
68,9.574610842726784,25.979602791196996,10.359634997316157,21.027911969940956,8.07836822329576,12.983091787439614,0.5367686527106817,11.225174449812132,0.16774020397208803,,0.06709608158883522,
69,9.702093397745571,25.811862587224905,9.997316156736447,20.645464304884594,7.930756843800322,11.721685453569512,0.6776704240472357,13.050187869028449,0.1610305958132045,,0.06709608158883522,0.23483628556092323
70,9.702093397745571,24.12775093934514,12.010198604401502,20.591787439613526,7.930756843800322,11.446591519055287,0.6776704240472357,13.050187869028449,0.1610305958132045,,0.06709608158883522,0.23483628556092323
71,9.567901234567902,23.067632850241544,11.392914653784219,20.558239398819108,7.930756843800322,13.305152979066023,0.6776704240472357,13.036768652710682,0.1610305958132045,,0.06709608158883522,0.23483628556092323
72,9.688674181427805,22.805958132045088,11.191626409017713,20.276435856146,9.433709071390231,12.439613526570048,0.6776704240472357,13.023349436392914,0.1610305958132045,,0.06709608158883522,0.23483628556092323
73,9.809447128287708,22.61808910359635,10.88298443370907,20.202630166398283,9.433709071390231,12.895866881374127,0.6776704240472357,13.01663982823403,0.1610305958132045,,0.06709608158883522,0.23483628556092323
74,9.849704777241008,21.557971014492754,10.88298443370907,21.24932903918411,9.359903381642512,12.869028448738593,0.6776704240472357,13.09044551798175,0.1610305958132045,,0.06709608158883522,0.23483628556092323
75,9.923510466988727,21.497584541062803,10.762211486849168,21.115136876006442,10.373054213633925,12.124261943102523,0.6709608158883521,13.070316693505099,0.1610305958132045,,0.06709608158883522,0.23483628556092323
76,9.762479871175524,20.44417606011809,11.90955448201825,20.38378958668814,10.695115405260333,12.211486849168008,0.6374127750939346,13.493022007514762,0.1610305958132045,,0.06709608158883522,0.23483628556092323
77,9.675254965110037,19.77992485238862,11.144659151905529,20.35024154589372,10.963499731615673,13.7211486849168,0.6374127750939346,13.264895330112722,0.1610305958132045,,0.06709608158883522,0.23483628556092323
78,9.923510466988727,19.51154052603328,11.20504562533548,20.263016639828233,10.876274825550189,13.707729468599034,0.6374127750939346,13.41250670960816,0.1610305958132045,,0.06709608158883522,0.23483628556092323
79,9.876543209876543,19.464573268921097,10.903113258185721,18.78690284487386,10.668276972624799,13.130703166935051,0.7112184648416533,15.633387010198604,0.1610305958132045,,0.4294149221685454,0.23483628556092323
80,9.849704777241008,18.84728931830381,10.836017176596886,18.71309715512614,11.379495437466453,13.117283950617283,0.6977992485238862,15.747450348899624,0.1610305958132045,,0.4227053140096618,0.2281266774020397
81,9.950348899624261,18.572195383789587,10.44015029522276,18.69296833064949,12.124261943102523,13.009930220075148,0.6977992485238862,15.666935050993022,0.1610305958132045,,0.4562533548040794,0.2281266774020397
82,9.957058507783145,18.51851851851852,10.426731078904991,17.559044551798173,12.117552334943639,14.2914653784219,0.7045088566827697,15.640096618357488,0.1610305958132045,,0.4562533548040794,0.16774020397208803
83,9.782608695652174,18.800322061191626,10.077831454643048,17.06924315619968,12.06387546967257,15.324745034889963,0.7045088566827697,15.391841116478798,0.1610305958132045,,0.4562533548040794,0.16774020397208803
84,9.728931830381105,18.263553408480945,9.802737520128824,16.109769189479334,14.130434782608695,15.304616210413311,0.5636070853462157,15.33816425120773,0.1610305958132045,,0.4294149221685454,0.16774020397208803
85,9.903381642512077,18.19645732689211,9.957058507783145,16.069511540526033,13.942565754159958,15.304616210413311,0.5636070853462157,15.304616210413311,0.1610305958132045,,0.4294149221685454,0.16774020397208803
86,9.977187332259795,18.06226516371444,9.574610842726784,18.14278046162104,11.151368760064413,15.291196994095545,0.4294149221685454,16.6129898013956,0.1610305958132045,,0.4294149221685454,0.16774020397208803
87,10.00402576489533,18.06226516371444,9.681964573268921,18.12265163714439,11.151368760064413,15.291196994095545,0.4294149221685454,16.42512077294686,0.1610305958132045,,0.5032206119162641,0.16774020397208803
88,10.030864197530864,18.00858829844337,9.769189479334408,18.055555555555557,11.030595813204508,15.573000536768653,0.4294149221685454,16.337895866881375,0.1610305958132045,,0.5501878690284487,0.05367686527106817
89,10.11808910359635,17.881105743424584,9.896672034353195,18.035426731078903,11.017176596886742,15.573000536768653,0.4294149221685454,16.284219001610307,0.1610305958132045,,0.5501878690284487,0.05367686527106817
90,10.319377348362856,17.814009661835748,9.863123993558776,17.961621041331185,11.017176596886742,15.573000536768653,0.4294149221685454,16.25738056897477,0.1610305958132045,,0.5501878690284487,0.05367686527106817
91,10.413311862587225,17.773752012882447,9.863123993558776,17.94820182501342,11.003757380568974,15.566290928609769,0.4294149221685454,16.23725174449812,0.1610305958132045,,0.5501878690284487,0.05367686527106817
92,10.111379495437467,16.686795491143318,10.017444981213098,20.779656468062264,10.332796564680622,15.237520128824476,0.6105743424584005,15.458937198067632,0.1610305958132045,,0.5501878690284487,0.05367686527106817
93,10.057702630166398,16.532474503488995,10.071121846484166,20.75281803542673,10.238862050456254,15.566290928609769,0.6105743424584005,15.405260332796564,0.1610305958132045,,0.5501878690284487,0.05367686527106817
94,10.044283413848632,16.21712292002147,9.111647879763822,21.24932903918411,12.47987117552335,14.65378421900161,0.6105743424584005,14.868491680085883,0.1610305958132045,,0.5501878690284487,0.05367686527106817
95,10.124798711755233,16.190284487385938,9.386741814278047,20.98094471282877,12.446323134728932,14.626945786366075,0.6105743424584005,14.868491680085883,0.1610305958132045,,0.5501878690284487,0.05367686527106817
96,9.91009125067096,17.53220611916264,9.306226516371444,20.148953301127214,12.406065485775631,13.056897477187333,0.8521202361782072,16.022544283413847,0.1610305958132045,,0.5501878690284487,0.05367686527106817
97,8.085077831454644,15.908480944712828,7.796564680622652,36.47342995169082,10.674986580783683,11.600912506709609,0.6105743424584005,8.360171765968868,0.026838432635534086,,0.4092860976918948,0.05367686527106817
98,8.272946859903382,15.854804079441761,7.689210950080516,36.2788513150832,10.668276972624799,11.211755233494364,0.7179280730005367,8.816425120772946,0.026838432635534086,,0.4092860976918948,0.05367686527106817
99,8.682232957595277,15.821256038647343,7.809983896940419,35.96349973161568,10.668276972624799,11.104401502952227,0.7179280730005367,8.76274825550188,0.026838432635534086,,0.4092860976918948,0.03354804079441761
100,8.849973161567364,15.385131508319914,8.064949006977992,35.668276972624795,10.641438539989265,11.506977992485238,0.7179280730005367,8.695652173913043,0.026838432635534086,,0.4092860976918948,0.03354804079441761
101,8.76274825550188,15.203972088030058,8.923778851315083,34.97047772410091,10.0979602791197,12.627482555018787,0.48980139559849706,8.474235104669887,0.0067096081588835215,,0.4092860976918948,0.03354804079441761
102,8.93719806763285,14.888620504562533,10.581052066559312,32.67579173376275,9.460547504025765,12.97638217928073,0.48980139559849706,9.554482018250134,0.0067096081588835215,,0.39586688137412773,0.03354804079441761
103,9.057971014492754,14.80810520665593,10.63472893183038,32.62211486849168,9.460547504025765,12.93612453032743,0.48980139559849706,9.554482018250134,0.0067096081588835215,,0.39586688137412773,0.03354804079441761
104,9.125067096081589,14.452495974235104,11.023886205045626,31.78341384863124,9.426999463231347,13.707729468599034,0.48980139559849706,9.554482018250134,0.0067096081588835215,,0.39586688137412773,0.03354804079441761
105,9.29951690821256,14.439076757917338,11.137949543746645,31.548577563070317,9.426999463231347,13.707729468599034,0.48980139559849706,9.514224369296834,0.0067096081588835215,,0.39586688137412773,0.03354804079441761
106,9.312936124530328,14.278046162104133,10.715244229736983,31.186258722490606,9.400161030595813,14.667203435319378,0.48980139559849706,9.514224369296834,0.0067096081588835215,,0.39586688137412773,0.03354804079441761
107,9.219001610305957,14.264626945786366,10.185185185185185,28.27428878153516,9.27938808373591,18.391035963499732,0.48980139559849706,9.494095544820183,0.0067096081588835215,,0.36231884057971014,0.03354804079441761
108,9.245840042941492,14.190821256038648,9.896672034353195,28.166935050993022,9.561191626409018,18.089103596349972,0.5636070853462157,9.883252818035427,0.0067096081588835215,,0.36231884057971014,0.03354804079441761
109,9.286097691894794,14.17740203972088,10.00402576489533,28.005904455179817,9.50751476113795,18.075684380032207,0.6709608158883521,9.883252818035427,0.0067096081588835215,,0.3488996242619431,0.03354804079441761
110,9.125067096081589,13.519860440150294,9.91009125067096,27.938808373590984,9.500805152979066,18.06897477187332,0.6709608158883521,10.876274825550189,0.0067096081588835215,,0.3488996242619431,0.03354804079441761
111,9.406870638754697,13.39237788513151,10.587761674718196,27.24771873322598,9.4873859366613,17.961621041331185,0.6575415995705851,10.869565217391305,0.0067096081588835215,,0.3488996242619431,0.03354804079441761
112,9.473966720343531,13.385668276972625,10.554213633923778,27.17391304347826,9.541062801932368,17.961621041331185,0.6575415995705851,10.86285560923242,0.0067096081588835215,,0.3488996242619431,0.03354804079441761
113,9.500805152979066,13.358829844337091,10.560923242082662,26.7914653784219,9.541062801932368,17.954911433172303,1.1003757380568975,10.802469135802468,0.0067096081588835215,,0.3488996242619431,0.03354804079441761
114,9.64170692431562,13.251476113794954,10.970209339774557,26.31508319914117,9.500805152979066,17.921363392377884,1.2077294685990339,10.802469135802468,0.0067096081588835215,,0.3488996242619431,0.03354804079441761
115,9.695383789586689,13.231347289318304,10.836017176596886,26.301663982823403,9.500805152979066,18.035426731078903,1.2077294685990339,10.802469135802468,0.0067096081588835215,,0.3488996242619431,0.03354804079441761
116,9.863123993558776,13.191089640365004,10.829307568438002,26.27482555018787,9.453837895866881,18.00187869028449,1.2077294685990339,10.789049919484702,0.0067096081588835215,,0.3488996242619431,0.03354804079441761
117,9.98389694041868,13.191089640365004,10.829307568438002,26.1808910359635,9.73564143853999,18.00187869028449,1.2077294685990339,10.48040794417606,0.0067096081588835215,,0.3488996242619431,0.03354804079441761
118,9.896672034353195,13.285024154589372,10.654857756307031,24.9194847020934,11.41304347826087,17.753623188405797,1.2077294685990339,10.48040794417606,0.0067096081588835215,,0.3488996242619431,0.03354804079441761
119,9.997316156736447,13.285024154589372,10.61460010735373,24.852388620504563,11.292270531400966,17.76033279656468,1.2077294685990339,10.601180891035963,0.0067096081588835215,,0.3488996242619431,0.03354804079441761
120,10.21202361782072,13.197799248523886,10.61460010735373,24.785292538915726,11.285560923242082,17.746913580246915,1.2077294685990339,10.560923242082662,0.0067096081588835215,,0.3488996242619431,0.03354804079441761
121,10.265700483091788,13.197799248523886,10.61460010735373,24.785292538915726,11.533816425120772,17.444981213097154,1.2077294685990339,10.560923242082662,0.0067096081588835215,,0.3488996242619431,0.03354804079441761
122,10.326086956521738,13.177670424047236,10.762211486849168,24.48336017176597,11.513687600644122,17.391304347826086,1.3419216317767042,10.560923242082662,0.0067096081588835215,,0.4025764895330113,0.03354804079441761
123,10.426731078904991,13.16425120772947,10.88298443370907,24.322329575952764,11.480139559849706,17.37788513150832,1.3419216317767042,10.560923242082662,0.0067096081588835215,,0.4025764895330113,0.03354804079441761
124,10.151637144390767,12.694578636607622,10.111379495437467,26.133923778851315,12.607353730542137,16.19699409554482,1.1741814278046163,10.487117552334944,0.0067096081588835215,,0.4025764895330113,0.03354804079441761
125,10.057702630166398,12.674449812130971,10.111379495437467,23.711755233494365,12.473161567364466,18.914385399892645,1.1272141706924315,10.487117552334944,0.0067096081588835215,,0.4025764895330113,0.03354804079441761
126,10.218733225979603,12.667740203972087,10.446859903381643,23.49033816425121,12.278582930756844,18.88083735909823,1.1272141706924315,10.446859903381643,0.0067096081588835215,,0.4025764895330113,0.03354804079441761
127,10.36634460547504,12.620772946859903,10.44015029522276,23.45679012345679,12.278582930756844,18.88083735909823,1.1272141706924315,10.38647342995169,0.0067096081588835215,,0.4025764895330113,0.03354804079441761
128,10.406602254428341,12.620772946859903,10.554213633923778,23.067632850241544,12.238325281803542,19.088835212023618,1.2345679012345678,10.34621578099839,0.0067096081588835215,,0.4025764895330113,0.03354804079441761
129,10.507246376811594,12.607353730542137,10.701825013419215,22.21551261406334,12.23161567364466,19.565217391304348,1.3821792807300053,10.34621578099839,0.0067096081588835215,,0.4025764895330113,0.03354804079441761
130,10.68840579710145,12.171229200214707,10.768921095008052,21.846484165324746,12.204777241009126,18.82716049382716,1.2010198604401503,11.849168008588299,0.0067096081588835215,,0.4025764895330113,0.03354804079441761
131,10.768921095008052,12.084004294149223,10.748792270531402,21.81964573268921,12.204777241009126,18.907675791733762,1.1741814278046163,11.849168008588299,0.0067096081588835215,,0.4025764895330113,0.03354804079441761
132,10.138217928073,11.741814278046162,10.916532474503489,24.10091250670961,11.829039184111648,18.659420289855074,1.1741814278046163,11.010466988727858,0.0067096081588835215,,0.4025764895330113,0.020128824476650563
133,10.373054213633925,11.688137412775093,10.896403650026839,24.08078368223296,11.748523886205046,18.659420289855074,1.1741814278046163,10.950080515297907,0.0067096081588835215,,0.4025764895330113,0.020128824476650563
134,10.466988727858293,11.688137412775093,10.876274825550189,24.060654857756308,11.728395061728396,18.646001073537306,1.1741814278046163,10.929951690821255,0.0067096081588835215,,0.4025764895330113,0.020128824476650563
135,9.842995169082126,11.117820719269995,10.715244229736983,24.65780998389694,11.668008588298443,17.14975845410628,1.1741814278046163,13.24476650563607,0.0067096081588835215,,0.4025764895330113,0.020128824476650563
136,10.02415458937198,11.104401502952227,10.487117552334944,23.523886205045624,13.123993558776167,16.908212560386474,1.1741814278046163,13.22463768115942,0.0067096081588835215,,0.4025764895330113,0.020128824476650563
137,10.165056360708535,11.084272678475577,10.453569511540525,23.51046698872786,13.097155126140633,16.908212560386474,1.1607622114868492,13.191089640365004,0.0067096081588835215,,0.4025764895330113,0.020128824476650563
138,10.050993022007514,11.05072463768116,10.071121846484166,23.47691894793344,13.714439076757918,16.854535695115406,1.1607622114868492,13.191089640365004,0.0067096081588835215,,0.4025764895330113,0.020128824476650563
139,10.111379495437467,10.923242082662373,10.198604401502953,23.47691894793344,13.714439076757918,16.82769726247987,1.1607622114868492,13.157541599570585,0.0067096081588835215,,0.4025764895330113,0.020128824476650563
140,10.265700483091788,10.923242082662373,10.104669887278583,23.416532474503487,13.714439076757918,16.82769726247987,1.1607622114868492,13.157541599570585,0.0067096081588835215,,0.4025764895330113,0.020128824476650563
141,10.433440687063875,10.815888352120236,10.071121846484166,23.34272678475577,13.70101986044015,17.2638217928073,1.1607622114868492,12.781803542673108,0.0067096081588835215,,0.4025764895330113,0.020128824476650563
142,10.775630703166936,10.815888352120236,9.98389694041868,23.060923242082662,14.070048309178745,17.2638217928073,1.1607622114868492,12.439613526570048,0.0067096081588835215,,0.4025764895330113,0.020128824476650563
143,10.84272678475577,10.809178743961352,10.319377348362856,22.765700483091788,14.036500268384327,17.250402576489535,1.1205045625335481,12.426194310252281,0.0067096081588835215,,0.4025764895330113,0.020128824476650563
144,11.137949543746645,10.782340311325818,10.312667740203972,22.611379495437465,13.962694578636608,17.216854535695116,1.1205045625335481,12.426194310252281,0.0067096081588835215,,0.4025764895330113,0.020128824476650563
145,11.11111111111111,10.446859903381643,9.91009125067096,22.0276435856146,13.94927536231884,18.59903381642512,1.1205045625335481,12.406065485775631,0.0067096081588835215,,0.4025764895330113,0.020128824476650563
146,11.225174449812132,10.413311862587225,9.896672034353195,22.0276435856146,13.848631239935587,18.51851851851852,1.2345679012345678,12.406065485775631,0.0067096081588835215,,0.4025764895330113,0.020128824476650563
147,11.151368760064413,10.413311862587225,9.742351046698873,21.76596886741814,13.674181427804616,18.471551261406333,1.1272141706924315,13.22463768115942,0.0067096081588835215,,0.4025764895330113,0.020128824476650563
148,11.332528180354267,10.413311862587225,9.728931830381105,21.732420826623724,13.6406333870102,18.370907139023082,1.1272141706924315,13.22463768115942,0.0067096081588835215,,0.4025764895330113,0.020128824476650563
149,11.372785829307569,10.104669887278583,10.178475577026301,21.68545356951154,13.553408480944713,18.323939881910896,1.1272141706924315,13.22463768115942,0.0067096081588835215,,0.4025764895330113,0.020128824476650563
150,11.466720343531938,10.030864197530864,10.272410091250672,21.658615136876005,13.519860440150294,18.283682232957595,1.1272141706924315,13.211218464841654,0.0067096081588835215,,0.4025764895330113,0.020128824476650563
151,11.3191089640365,10.487117552334944,10.272410091250672,21.450617283950617,13.47289318303811,18.250134192163177,1.1272141706924315,13.191089640365004,0.0067096081588835215,,0.4025764895330113,0.020128824476650563
152,11.560654857756306,10.379763821792807,10.238862050456254,21.43719806763285,13.298443370907139,18.263553408480945,1.1876006441223832,13.117283950617283,0.0939345142243693,,0.4025764895330113,0.020128824476650563
153,11.842458400429415,9.930220075147611,10.171765968867419,22.067901234567902,13.298443370907139,18.243424584004295,1.1808910359634996,12.74825550187869,0.0939345142243693,,0.4025764895330113,0.020128824476650563
154,12.04374664519592,9.930220075147611,9.98389694041868,22.0276435856146,13.238056897477188,17.54562533548041,1.133923778851315,13.580246913580247,0.0939345142243693,,0.4025764895330113,0.020128824476650563
155,12.084004294149223,9.836285560923242,10.064412238325282,22.000805152979066,13.238056897477188,17.54562533548041,1.133923778851315,13.580246913580247,0.0939345142243693,,0.4025764895330113,0.020128824476650563
156,12.016908212560386,9.802737520128824,10.057702630166398,20.44417606011809,14.969135802469136,17.404723564143854,1.133923778851315,13.580246913580247,0.0939345142243693,,0.4025764895330113,0.0939345142243693
157,12.04374664519592,9.796027911969942,9.943639291465379,22.22222222222222,14.774557165861514,16.720343531937736,1.0064412238325282,12.775093934514224,0.0939345142243693,,0.5300590445517982,0.0939345142243693
158,12.104133118625873,9.796027911969942,9.943639291465379,22.22222222222222,14.741009125067096,16.6935050993022,1.0064412238325282,12.775093934514224,0.0939345142243693,,0.5300590445517982,0.0939345142243693
159,12.151100375738057,9.782608695652174,9.896672034353195,22.18196457326892,14.673913043478262,16.51905528717123,1.0064412238325282,12.983091787439614,0.0939345142243693,,0.6172839506172839,0.0939345142243693
160,12.191358024691358,9.782608695652174,9.896672034353195,22.18196457326892,14.63365539452496,16.74718196457327,1.0064412238325282,12.754965110037574,0.0939345142243693,,0.6172839506172839,0.0939345142243693
161,12.211486849168008,9.782608695652174,9.98389694041868,22.061191626409016,13.734567901234568,17.753623188405797,1.0064412238325282,12.661030595813205,0.0939345142243693,,0.6172839506172839,0.0939345142243693
162,12.25174449812131,9.668545356951155,10.245571658615138,21.75925925925926,13.94927536231884,17.914653784219002,1.0064412238325282,12.399355877616747,0.0939345142243693,,0.6172839506172839,0.0939345142243693
163,12.379227053140097,9.614868491680086,10.131508319914117,21.564680622651636,13.915727321524423,17.881105743424584,1.0064412238325282,12.701288244766506,0.0939345142243693,,0.6172839506172839,0.0939345142243693
164,12.5,9.594739667203436,10.131508319914117,21.517713365539453,13.902308105206655,17.773752012882447,1.0064412238325282,12.654320987654321,0.20799785292538917,,0.6172839506172839,0.0939345142243693
165,12.130971551261407,10.185185185185185,10.534084809447128,21.477455716586153,13.425925925925926,17.72007514761138,1.0198604401502953,12.587224906065487,0.20799785292538917,,0.6172839506172839,0.0939345142243693
166,12.29200214707461,10.131508319914117,10.487117552334944,21.470746108427267,13.39237788513151,17.69994632313473,1.0198604401502953,12.587224906065487,0.20799785292538917,,0.6172839506172839,0.0939345142243693
167,12.412775093934513,10.131508319914117,10.57434245840043,21.34326355340848,13.378958668813741,17.66639828234031,1.0198604401502953,12.553676865271068,0.20799785292538917,,0.6172839506172839,0.0939345142243693
168,11.627750939345143,11.735104669887278,10.57434245840043,19.920826623725173,13.103864734299517,17.176596886741816,0.9192163177670424,14.049919484702093,0.20799785292538917,,0.5904455179817498,0.0939345142243693
169,11.782071926999464,11.721685453569512,10.359634997316157,19.867149758454108,13.103864734299517,17.12962962962963,1.2010198604401503,13.942565754159958,0.20799785292538917,,0.5904455179817498,0.0939345142243693
170,11.936392914653783,11.721685453569512,10.332796564680622,19.83360171765969,13.103864734299517,17.082662372517444,1.2010198604401503,13.922436929683306,0.20799785292538917,,0.5636070853462157,0.0939345142243693
171,12.110842726784755,11.634460547504025,10.453569511540525,19.77992485238862,12.95625335480408,17.082662372517444,1.2010198604401503,13.801663982823403,0.322061191626409,,0.5636070853462157,0.0939345142243693
172,12.050456253354804,11.634460547504025,9.943639291465379,19.558507783145465,14.217659688674182,16.680085882984432,1.2010198604401503,13.734567901234568,0.322061191626409,,0.5636070853462157,0.0939345142243693
173,12.110842726784755,11.634460547504025,10.017444981213098,19.524959742351047,13.647342995169081,16.626409017713364,1.2010198604401503,14.257917337627482,0.322061191626409,,0.5636070853462157,0.0939345142243693
174,12.332259796027913,11.634460547504025,9.950348899624261,19.484702093397747,13.714439076757918,16.512345679012345,1.2010198604401503,14.190821256038648,0.322061191626409,,0.5636070853462157,0.0939345142243693
175,12.419484702093397,11.627750939345143,9.943639291465379,19.464573268921097,13.647342995169081,16.646537842190018,1.2010198604401503,14.070048309178745,0.322061191626409,,0.5636070853462157,0.0939345142243693
176,12.546967257112184,10.560923242082662,9.943639291465379,19.464573268921097,14.660493827160494,16.586151368760063,1.2010198604401503,14.056629092860977,0.322061191626409,,0.5636070853462157,0.0939345142243693
177,12.466451959205582,10.50053676865271,9.930220075147611,20.155662909286097,14.606816961889425,16.404991948470208,1.2010198604401503,13.754696725711218,0.322061191626409,,0.5636070853462157,0.0939345142243693
178,12.486580783682234,10.493827160493828,10.124798711755233,19.87385936661299,14.53972088030059,16.51905528717123,1.3419216317767042,13.6406333870102,0.322061191626409,,0.5636070853462157,0.0939345142243693
179,12.68786902844874,10.493827160493828,10.19189479334407,19.840311325818572,14.412238325281804,16.445249597423512,1.3419216317767042,13.499731615673644,0.4294149221685454,,0.5636070853462157,0.0939345142243693
180,12.781803542673108,10.473698336017177,10.178475577026301,19.81347289318304,14.38539989264627,16.438539989264626,1.3419216317767042,13.499731615673644,0.4294149221685454,,0.5636070853462157,0.0939345142243693
181,12.788513150831992,10.473698336017177,10.332796564680622,19.176060118089104,14.345142243692969,16.961889425657542,1.3419216317767042,13.493022007514762,0.4294149221685454,,0.5636070853462157,0.0939345142243693
182,12.855609232420827,10.433440687063875,10.332796564680622,19.176060118089104,14.325013419216317,16.955179817498657,1.4492753623188406,13.385668276972625,0.4294149221685454,,0.5636070853462157,0.0939345142243693
183,13.130703166935051,10.406602254428341,10.587761674718196,19.0955448201825,14.190821256038648,16.780730005367687,1.4492753623188406,13.271604938271604,0.4294149221685454,,0.5636070853462157,0.0939345142243693
184,12.634192163177671,10.406602254428341,10.44015029522276,21.578099838969404,14.17740203972088,15.814546430488459,1.2077294685990339,13.023349436392914,0.4294149221685454,,0.2885131508319914,
185,12.70799785292539,10.305958132045088,10.567632850241546,21.511003757380568,14.17740203972088,15.908480944712828,1.1876006441223832,12.949543746645196,0.4294149221685454,,0.2549651100375738,
186,12.95625335480408,10.23215244229737,10.560923242082662,21.4573268921095,14.150563607085346,15.787707997852925,1.2748255501878691,12.895866881374127,0.4294149221685454,,0.2549651100375738,
187,12.332259796027913,10.178475577026301,10.352925389157273,23.047504025764894,15.874932903918411,14.76784755770263,1.2010198604401503,11.560654857756306,0.4294149221685454,,0.2549651100375738,
188,12.130971551261407,9.98389694041868,10.413311862587225,21.658615136876005,15.861513687600644,13.063607085346217,1.1876006441223832,15.056360708534621,0.4294149221685454,,0.2147074610842727,
189,12.23161567364466,9.970477724100913,10.48040794417606,21.544551798174986,15.827965646806227,13.063607085346217,1.1876006441223832,15.056360708534621,0.4227053140096618,,0.2147074610842727,
190,12.399355877616747,9.936929683306495,10.0979602791197,20.96081588835212,15.794417606011809,14.103596349973161,1.1876006441223832,14.88191089640365,0.4227053140096618,,0.2147074610842727,
191,12.392646269457863,9.916800858829845,9.71551261406334,20.90042941492217,14.821524422973699,13.982823403113258,1.1876006441223832,16.55931293612453,0.30864197530864196,,0.2147074610842727,
192,12.406065485775631,9.88996242619431,10.00402576489533,20.7662372517445,14.65378421900161,14.04320987654321,1.1876006441223832,16.525764895330113,0.30864197530864196,,0.2147074610842727,
193,11.829039184111648,9.252549651100376,10.245571658615138,20.46430488459474,16.71363392377885,13.915727321524423,1.1876006441223832,15.868223295759528,0.30864197530864196,,0.2147074610842727,
194,11.855877616747183,9.252549651100376,10.373054213633925,20.162372517444982,16.659957058507782,14.13714439076758,1.1674718196457328,15.868223295759528,0.30864197530864196,,0.2147074610842727,
195,11.533816425120772,9.111647879763822,10.185185185185185,21.477455716586153,16.069511540526033,14.13714439076758,1.093666129898014,15.901771336553946,0.30864197530864196,,0.18115942028985507,
196,11.574074074074074,9.111647879763822,10.158346752549651,20.90713902308105,16.659957058507782,14.13714439076758,1.093666129898014,15.868223295759528,0.30864197530864196,,0.18115942028985507,
197,11.674718196457327,8.876811594202898,10.299248523886206,20.873590982286636,16.51905528717123,14.325013419216317,1.093666129898014,15.848094471282877,0.30864197530864196,,0.18115942028985507,
198,11.802200751476114,8.876811594202898,10.225442834138486,20.833333333333332,16.404991948470208,14.432367149758454,1.093666129898014,15.841384863123993,0.30864197530864196,,0.18115942028985507,
199,12.00348899624262,8.863392377885132,10.21202361782072,20.77294685990338,16.391572732152444,14.445786366076222,1.1137949543746646,15.734031132581856,0.28180354267310787,,0.18115942028985507,
200,12.5,8.863392377885132,9.970477724100913,20.52469135802469,16.61969940955448,14.38539989264627,1.107085346215781,15.566290928609769,0.28180354267310787,,0.18115942028985507,
201,12.593934514224369,8.863392377885132,9.970477724100913,20.457595276435857,16.606280193236714,14.38539989264627,1.107085346215781,15.552871712292003,0.28180354267310787,,0.18115942028985507,
202,12.674449812130971,8.849973161567364,9.970477724100913,20.41062801932367,16.512345679012345,14.38539989264627,1.107085346215781,15.546162104133119,0.36231884057971014,,0.18115942028985507,
