,45,50,53,55,51,54,56,57,52,58
0,99.53703703703704,0.46296296296296297,,,,,,,,
1,99.308910359635,0.6910896403650026,,,,,,,,
2,96.71900161030595,3.280998389694042,,,,,,,,
3,96.73242082662372,3.2675791733762747,,,,,,,,
4,96.69216317767042,3.307836822329576,,,,,,,,
5,83.4272678475577,16.5727321524423,,,,,,,,
6,82.57514761137949,17.424852388620504,,,,,,,,
7,82.06521739130434,17.934782608695652,,,,,,,,
8,81.64922168545357,18.23671497584541,0.11406333870101985,,,,,,,
9,78.92512077294685,20.8064949006978,0.11406333870101985,0.15432098765432098,,,,,,
10,79.02576489533011,20.705850778314545,0.11406333870101985,0.15432098765432098,,,,,,
11,79.14653784219001,20.618625872249062,0.11406333870101985,0.12077294685990338,,,,,,
12,76.38217928073,23.382984433709073,0.11406333870101985,0.12077294685990338,,,,,,
13,76.57004830917874,23.19511540526033,0.11406333870101985,0.12077294685990338,,,,,,
14,76.6304347826087,23.13472893183038,0.11406333870101985,0.12077294685990338,,,,,,
15,76.81830381105743,22.946859903381643,0.11406333870101985,0.12077294685990338,,,,,,
16,76.89881910896403,22.86634460547504,0.11406333870101985,0.12077294685990338,,,,,,
17,74.85238862050456,12.392646269457863,0.11406333870101985,0.05367686527106817,12.587224906065487,,,,,
18,74.68464841653247,12.68786902844874,0.08051529790660225,0.05367686527106817,12.493290391841116,,,,,
19,69.5048309178744,16.82769726247987,2.13365539452496,0.05367686527106817,11.480139559849706,,,,,
20,69.45786366076221,15.640096618357488,3.4286097691894795,0.040257648953301126,11.43317230273752,,,,,
21,69.5450885668277,15.519323671497585,3.4286097691894795,0.12077294685990338,11.386205045625335,,,,,
22,69.8268921095008,15.24422973698336,3.3011272141706924,0.12077294685990338,11.506977992485238,,,,,
23,70.1556629092861,15.03623188405797,3.2877079978529253,0.12077294685990338,11.399624261943103,,,,,
24,65.4320987654321,19.632313472893184,3.260869565217391,0.12077294685990338,11.225174449812132,0.27509393451422437,0.05367686527106817,,,
25,65.49248523886205,19.41760601180891,3.2541599570585076,0.12077294685990338,11.386205045625335,0.27509393451422437,0.05367686527106817,,,
26,64.48604401502952,17.156468062265162,3.227321524422974,0.12077294685990338,14.680622651637144,0.27509393451422437,0.05367686527106817,,,
27,64.58668813741278,17.257112184648417,3.2004830917874396,0.12077294685990338,14.51959205582394,0.2616747181964573,0.05367686527106817,,,
28,64.75442834138487,17.143048845947398,3.2004830917874396,0.10735373054213634,14.479334406870638,0.2616747181964573,0.05367686527106817,,,
29,59.44041867954911,19.51825013419216,3.2004830917874396,0.10735373054213634,16.928341384863124,0.2616747181964573,0.5434782608695652,,,
30,59.634997316156735,19.350509930220074,3.1870638754696725,0.10735373054213634,16.921631776704242,0.2549651100375738,0.5434782608695652,,,
31,49.86580783682233,29.408212560386474,3.1870638754696725,0.10735373054213634,16.63311862587225,0.2549651100375738,0.5434782608695652,,,
32,49.282071926999464,30.07246376811594,3.1468062265163717,0.10735373054213634,16.59957058507783,0.2549651100375738,0.5367686527106817,,,
33,46.826355340848096,28.978797638217927,3.589640365002684,0.10735373054213634,19.706119162640903,0.2549651100375738,0.5367686527106817,,,
34,46.97396672034353,28.911701556629094,3.5762211486849167,0.19457863660762212,19.55179817498658,0.2549651100375738,0.5367686527106817,,,
35,47.436929683306495,28.64331723027375,3.5628019323671496,0.1878690284487386,19.37734836285561,0.2549651100375738,0.5367686527106817,,,
36,44.96779388083736,28.569511540526033,1.8585614600107354,0.1878690284487386,23.577563070316693,0.2549651100375738,0.5367686527106817,0.04696725711218465,,
37,45.289855072463766,28.509125067096083,1.8585614600107354,0.1878690284487386,23.315888352120236,0.2549651100375738,0.5367686527106817,0.04696725711218465,,
38,45.35024154589372,27.95222758990875,1.1272141706924315,0.24825550187869028,22.067901234567902,2.717391304347826,0.5367686527106817,,,
39,45.611916264090176,27.831454643048847,1.1272141706924315,0.24825550187869028,21.947128287707997,2.6972624798711755,0.5367686527106817,,,
40,45.819914117015564,27.717391304347824,1.1272141706924315,0.24825550187869028,21.85319377348363,2.6972624798711755,0.5367686527106817,,,
41,46.51771336553945,27.428878153515836,1.1272141706924315,0.24825550187869028,21.490874932903917,2.6502952227589907,0.5367686527106817,,,
42,46.81964573268921,27.066559312936125,1.1205045625335481,0.24825550187869028,21.155394524959743,2.576489533011272,0.5367686527106817,,0.39586688137412773,0.08051529790660225
43,47.20880300590446,26.94578636607622,1.1205045625335481,0.24825550187869028,20.947396672034355,2.5496511003757383,0.5367686527106817,,0.36231884057971014,0.08051529790660225
44,47.457058507783145,26.88539989264627,1.107085346215781,0.24825550187869028,20.79307568438003,2.5295222758990876,0.5367686527106817,,0.36231884057971014,0.08051529790660225
45,47.64492753623188,26.92565754159957,1.107085346215781,0.24825550187869028,20.564949006977994,2.5295222758990876,0.5367686527106817,,0.36231884057971014,0.08051529790660225
46,48.07434245840043,26.7914653784219,1.0601180891035964,0.24825550187869028,20.44417606011809,2.368491680085883,0.5166398282340311,,0.41599570585077833,0.08051529790660225
47,46.772678475577024,28.12667740203972,1.0534084809447128,0.32877079978529256,20.377079978529252,2.328234031132582,0.5166398282340311,,0.41599570585077833,0.08051529790660225
48,46.70558239398819,26.918947933440688,1.0399892646269457,0.2683843263553409,20.316693505099302,3.7372517444981215,0.5166398282340311,,0.41599570585077833,0.08051529790660225
49,46.85990338164251,26.536500268384327,1.0399892646269457,0.2683843263553409,20.088566827697264,4.193505099302201,0.5166398282340311,,0.41599570585077833,0.08051529790660225
50,47.155126140633385,26.37546967257112,1.0399892646269457,0.2683843263553409,19.97450348899624,4.17337627482555,0.5166398282340311,,0.41599570585077833,0.08051529790660225
51,47.436929683306495,26.227858293075684,1.0399892646269457,0.2683843263553409,19.867149758454108,4.1532474503489,0.5166398282340311,,0.4092860976918948,0.08051529790660225
52,47.60466988727858,26.073537305421365,1.0399892646269457,0.2683843263553409,19.85373054213634,4.1532474503489,0.5166398282340311,,0.4092860976918948,0.08051529790660225
53,47.85963499731616,25.644122383252817,1.0399892646269457,0.2616747181964573,19.444444444444443,4.770531400966184,0.48980139559849706,,0.4092860976918948,0.08051529790660225
54,46.3365539452496,27.34836285560923,1.0399892646269457,0.2616747181964573,19.290123456790123,4.74369296833065,0.48980139559849706,,0.4092860976918948,0.08051529790660225
55,46.49087493290392,27.274557165861513,1.0399892646269457,0.3421900161030596,19.129092860976918,4.74369296833065,0.48980139559849706,,0.4092860976918948,0.08051529790660225
56,46.833064949006975,27.147074610842726,1.0399892646269457,0.3421900161030596,18.96135265700483,4.7101449275362315,0.48980139559849706,,0.39586688137412773,0.08051529790660225
57,47.074610842726784,26.99946323134729,1.0131508319914118,0.3421900161030596,18.894256575415994,4.7101449275362315,0.48980139559849706,,0.39586688137412773,0.08051529790660225
58,46.92699946323135,23.980139559849704,4.522275899087493,0.3421900161030596,18.813741277509394,4.448470209339774,0.48980139559849706,,0.39586688137412773,0.08051529790660225
59,47.094739667203434,23.98684916800859,4.522275899087493,0.3421900161030596,18.71309715512614,4.38137412775094,0.4830917874396135,,0.39586688137412773,0.08051529790660225
60,47.32286634460547,23.859366612989803,4.488727858293076,0.3421900161030596,18.646001073537306,4.38137412775094,0.4830917874396135,,0.39586688137412773,0.08051529790660225
61,45.088566827697264,26.82501341921632,4.3478260869565215,0.322061191626409,18.4044551798175,3.629898013955985,0.4830917874396135,,0.8185721953837896,0.08051529790660225
62,44.900697799248526,26.556629092860977,4.327697262479871,0.3153515834675255,18.813741277509394,3.616478797638218,0.4830917874396135,,0.9057971014492754,0.08051529790660225
63,40.955448201825014,21.276167471819647,1.0265700483091786,0.3153515834675255,31.246645195920557,4.03918411164788,0.23483628556092323,,0.9057971014492754,
64,41.23054213633924,21.215780998389693,1.0265700483091786,0.23483628556092323,30.857487922705314,4.03918411164788,0.4092860976918948,,0.9863123993558777,
65,41.700214707461086,21.007783145464305,1.0265700483091786,0.30193236714975846,30.56226516371444,4.012345679012346,0.4092860976918948,,0.9796027911969941,
66,41.89479334406871,21.00107353730542,1.0265700483091786,0.2952227589908749,30.414653784219002,3.9989264626945786,0.4092860976918948,,0.9594739667203436,
67,41.82098765432099,19.444444444444443,1.0131508319914118,0.3421900161030596,29.334406870638755,3.9586688137412773,0.2281266774020397,,3.8580246913580245,
68,40.70048309178744,20.947396672034355,1.0131508319914118,0.3421900161030596,29.032474503488995,3.878153515834675,0.2281266774020397,,3.8580246913580245,
69,40.64009661835749,21.195652173913043,1.0131508319914118,0.3421900161030596,28.871443907675793,3.864734299516908,0.2281266774020397,,3.844605475040258,
70,41.035963499731615,21.081588835212024,0.9997316156736447,0.3421900161030596,28.690284487385938,3.81105743424584,0.2281266774020397,,3.81105743424584,
71,40.39855072463768,20.90713902308105,0.9997316156736447,0.2683843263553409,30.005367686527105,3.8043478260869565,0.2281266774020397,,3.388352120236178,
72,40.70048309178744,20.799785292538918,0.9997316156736447,0.2683843263553409,29.871175523349436,3.743961352657005,0.2281266774020397,,3.388352120236178,
73,41.14331723027375,20.632045088566827,0.9863123993558777,0.2683843263553409,29.62962962962963,3.743961352657005,0.20799785292538917,,3.388352120236178,
74,39.22436929683307,23.201825013419217,2.1135265700483092,0.5233494363929146,27.549651100375737,3.743961352657005,0.20799785292538917,,3.435319377348363,
75,39.42565754159957,23.181696188942567,2.086688137412775,0.5233494363929146,27.415458937198068,3.7238325281803544,0.20799785292538917,,3.435319377348363,
76,39.774557165861516,23.067632850241544,2.086688137412775,0.5233494363929146,27.200751476113794,3.7238325281803544,0.20799785292538917,,3.4151905528717124,
77,40.17042404723564,22.920021470746107,2.214170692431562,0.6843800322061192,26.764626945786365,3.629898013955985,0.20799785292538917,,3.408480944712829,
78,40.33145464304884,22.839506172839506,2.187332259796028,0.6843800322061192,26.717659688674182,3.6231884057971016,0.20799785292538917,,3.408480944712829,
79,40.666935050993025,22.69189479334407,2.1604938271604937,0.7179280730005367,26.52308105206656,3.6231884057971016,0.20799785292538917,,3.408480944712829,
80,40.53945249597424,22.946859903381643,2.15378421900161,0.9393451422436929,26.221148684916802,3.5829307568438002,0.20799785292538917,,3.408480944712829,
81,40.49248523886205,21.638486312399355,4.300858829844337,1.0399892646269457,25.39586688137413,3.5829307568438002,0.20799785292538917,,3.3413848631239937,
82,40.78099838969404,21.584809447128286,4.253891572732153,1.0399892646269457,25.221417069243156,3.569511540526033,0.20799785292538917,,3.3413848631239937,
83,39.16398282340311,23.362855609232422,4.240472356414386,1.0332796564680622,25.0805152979066,3.569511540526033,0.20799785292538917,,3.3413848631239937,
84,36.41975308641975,20.04830917874396,4.03918411164788,0.8387010198604401,21.960547504025765,1.8719806763285025,0.14761137949543746,,14.673913043478262,
85,36.60762211486849,19.43102522812668,4.019055287171229,0.8387010198604401,21.900161030595815,1.8451422436929683,0.14761137949543746,,15.210681696188942,
86,37.03032742887815,19.384057971014492,3.9586688137412773,0.8387010198604401,21.76596886741814,1.8048845947396672,0.14761137949543746,,15.069779924852389,
87,35.7085346215781,18.357487922705314,3.9184111647879765,0.8252818035426731,24.4296833064949,1.751207729468599,0.14761137949543746,,14.861782071927,
88,36.10440150295223,18.16290928609769,3.81105743424584,0.9192163177670424,24.282071926999464,1.724369296833065,0.14761137949543746,,14.848362855609233,
89,36.574074074074076,18.04213633923779,3.7372517444981215,0.9192163177670424,24.12104133118626,1.724369296833065,0.14761137949543746,,14.734299516908212,
90,36.78878153515835,17.995169082125603,3.69699409554482,1.221148684916801,23.68491680085883,1.8048845947396672,0.14761137949543746,,14.660493827160494,
91,37.0907139023081,17.867686527106816,3.6902844873859366,1.221148684916801,23.557434245840042,1.7981749865807837,0.14761137949543746,,14.626945786366075,
92,37.35909822866345,17.793880837359097,3.6902844873859366,1.2144390767579174,23.450080515297905,1.7914653784219001,0.2952227589908749,,14.40552871712292,
93,35.14492753623188,20.095276435856146,3.6902844873859366,1.1943102522812667,23.409822866344605,1.7914653784219001,0.2952227589908749,,14.378690284487385,
94,34.534353193773484,19.699409554482017,2.7241009125067097,1.1943102522812667,25.315351583467525,2.033011272141707,0.2952227589908749,,14.204240472356414,
95,34.346484165324746,19.088835212023618,4.8376274825550185,1.093666129898014,24.362587224906065,1.90552871712292,0.2952227589908749,,14.070048309178745,
96,34.88996242619431,18.95464304884595,4.74369296833065,1.2345679012345678,24.074074074074073,1.8719806763285025,0.28180354267310787,0.08722490606548577,13.862050456253355,
97,35.31266774020397,18.813741277509394,4.696725711218465,1.2010198604401503,23.946591519055286,1.8451422436929683,0.28180354267310787,0.08722490606548577,13.81508319914117,
98,35.72195383789587,18.55877616747182,4.683306494900698,1.3217928073000538,23.778851315083198,1.8988191089640365,0.28180354267310787,0.08722490606548577,13.667471819645733,
99,35.950080515297905,18.51851851851852,4.643048845947397,1.288244766505636,23.74530327428878,1.8853998926462694,0.28180354267310787,0.08722490606548577,13.600375738056897,
100,36.07756307031669,18.377616747181964,4.62962962962963,1.6572732152442298,23.55072463768116,1.8853998926462694,0.28180354267310787,0.08722490606548577,13.45276435856146,
101,35.889694041867955,18.00187869028449,4.582662372517445,1.6572732152442298,24.228395061728396,1.8719806763285025,0.28180354267310787,0.08722490606548577,13.399087493290391,
102,36.178207192699944,17.814009661835748,4.53569511540526,1.6572732152442298,24.261943102522814,1.8719806763285025,0.28180354267310787,0.08722490606548577,13.311862587224907,
103,36.52710681696189,17.74020397208803,4.49543746645196,1.6505636070853462,24.134460547504027,1.8518518518518519,0.2549651100375738,0.08722490606548577,13.258185721953838,
104,36.7686527106817,17.68652710681696,4.461889425657541,1.7847557702630166,23.89291465378422,1.8518518518518519,0.2549651100375738,0.08722490606548577,13.211218464841654,
105,36.211755233494365,18.686258722490606,4.441760601180891,1.7847557702630166,23.537305421363392,1.8250134192163177,0.2549651100375738,0.08722490606548577,13.170960815888352,
106,36.34594739667203,18.71309715512614,4.441760601180891,1.778046162104133,23.470209339774556,1.8250134192163177,0.2549651100375738,0.08722490606548577,13.083735909822867,
107,36.600912506709605,18.659420289855074,4.441760601180891,1.778046162104133,23.336017176596886,1.7847557702630166,0.2549651100375738,0.15432098765432098,12.989801395598498,
108,36.66800858829844,18.69296833064949,4.441760601180891,1.7444981213097155,23.282340311325818,1.7847557702630166,0.2549651100375738,0.15432098765432098,12.97638217928073,
109,36.39291465378422,18.19645732689211,6.286902844873859,1.7310789049919484,22.33628556092324,1.7847557702630166,0.2549651100375738,0.15432098765432098,12.86231884057971,
110,35.86285560923242,17.85426731078905,6.273483628556092,1.7981749865807837,23.275630703166936,1.7847557702630166,0.2549651100375738,0.15432098765432098,12.741545893719806,
111,32.447665056360705,13.238056897477188,6.769994632313473,1.8585614600107354,31.32716049382716,1.6975308641975309,0.2549651100375738,0.30193236714975846,12.104133118625873,
112,31.05877616747182,15.861513687600644,6.756575415995706,1.8518518518518519,30.50858829844337,1.6975308641975309,0.2549651100375738,0.30193236714975846,11.708266237251744,
113,31.34728931830381,15.83467525496511,6.743156199677939,1.8384326355340848,30.367686527106816,1.6975308641975309,0.2549651100375738,0.2952227589908749,11.621041331186259,
114,31.528448738593667,16.0426731078905,6.622383252818035,1.8048845947396672,30.18652710681696,1.6975308641975309,0.2549651100375738,0.2952227589908749,11.56736446591519,
115,31.46135265700483,16.378153515834676,6.622383252818035,1.8048845947396672,30.01207729468599,1.6975308641975309,0.2549651100375738,0.2952227589908749,11.473429951690822,
116,31.95115405260333,16.324476650563607,6.515029522275899,1.7646269457863661,29.62962962962963,1.9189479334406871,0.2549651100375738,0.2952227589908749,11.345947396672035,
117,31.199677938808374,15.311325818572195,6.461352657004831,1.6774020397208802,31.528448738593667,1.9256575415995705,0.2549651100375738,0.2952227589908749,11.29898013955985,0.04696725711218465
118,31.53515834675255,15.22410091250671,6.407675791733762,1.6841116478797638,31.38083735909823,1.9122383252818036,0.2549651100375738,0.2952227589908749,11.258722490606548,0.04696725711218465
119,31.702898550724637,15.163714439076758,6.407675791733762,1.6841116478797638,31.266774020397207,1.8853998926462694,0.46967257112184646,0.2952227589908749,11.077563070316694,0.04696725711218465
120,31.233225979602793,15.083199141170155,6.394256575415996,1.865271068169619,31.729736983360173,1.8585614600107354,0.46967257112184646,0.2952227589908749,11.023886205045626,0.04696725711218465
121,31.320450885668276,15.022812667740205,6.367418142780462,2.100107353730542,31.226516371443907,1.8585614600107354,0.46967257112184646,0.2952227589908749,11.292270531400966,0.04696725711218465
122,31.48148148148148,14.97584541062802,6.367418142780462,2.100107353730542,31.112453032742888,1.8585614600107354,0.46967257112184646,0.4294149221685454,11.158078368223295,0.04696725711218465
123,31.642512077294686,14.908749329039184,6.347289318303811,2.7442297369833604,30.434782608695652,1.8518518518518519,0.46967257112184646,0.4294149221685454,11.124530327428879,0.04696725711218465
124,31.246645195920557,14.278046162104133,8.735909822866345,2.61003757380569,30.280461621041333,1.6706924315619969,0.46967257112184646,0.5099302200751477,10.151637144390767,0.04696725711218465
125,31.45464304884595,14.278046162104133,8.655394524959743,2.589908749329039,30.14626945786366,1.6706924315619969,0.5367686527106817,0.5099302200751477,10.111379495437467,0.04696725711218465
126,29.280730005367687,13.546698872785829,6.964573268921095,1.4895330112721417,36.08427267847558,1.5499194847020934,0.46967257112184646,0.5099302200751477,10.057702630166398,0.04696725711218465
127,29.663177670424048,13.493022007514762,6.937734836285561,1.4761137949543746,35.88298443370907,1.5297906602254427,0.46967257112184646,0.5099302200751477,9.990606548577563,0.04696725711218465
128,30.01207729468599,13.459473966720344,6.890767579173376,1.4761137949543746,35.628019323671495,1.5163714439076759,0.46967257112184646,0.5099302200751477,9.990606548577563,0.04696725711218465
129,30.52871712292002,13.41250670960816,6.823671497584541,1.6505636070853462,35.0979602791197,1.6304347826086956,0.46967257112184646,0.5099302200751477,9.829575952764358,0.04696725711218465
130,30.85077831454643,13.358829844337091,6.810252281266774,1.6505636070853462,34.88996242619431,1.6304347826086956,0.4495437466451959,0.5099302200751477,9.802737520128824,0.04696725711218465
131,31.07890499194847,13.278314546430488,7.219538378958669,1.6170155662909287,34.38674181427805,1.6304347826086956,0.4495437466451959,0.5099302200751477,9.782608695652174,0.04696725711218465
132,31.333870101986044,13.211218464841654,7.212828770799785,1.6170155662909287,34.11835748792271,1.7042404723564144,0.5166398282340311,0.5099302200751477,9.728931830381105,0.04696725711218465
133,31.702898550724637,13.137412775093935,7.253086419753086,1.6103059581320451,33.8365539452496,1.6908212560386473,0.5166398282340311,0.5099302200751477,9.695383789586689,0.04696725711218465
134,32.018250134192165,12.969672571121846,7.239667203435319,1.5901771336553945,33.36688137412775,1.6908212560386473,0.8722490606548577,0.5099302200751477,9.695383789586689,0.04696725711218465
135,32.21282877079979,12.949543746645196,7.239667203435319,1.5633387010198605,33.272946859903385,1.6841116478797638,0.8722490606548577,0.5099302200751477,9.648416532474503,0.04696725711218465
136,32.50805152979066,12.909286097691895,7.192699946323135,1.6304347826086956,33.12533548040794,1.6774020397208802,0.8722490606548577,0.5099302200751477,9.534353193773484,0.040257648953301126
137,32.789855072463766,12.86231884057971,7.1658615136876005,1.6237251744498122,32.9374664519592,1.6774020397208802,0.8588298443370908,0.5099302200751477,9.534353193773484,0.040257648953301126
138,33.03811057434246,12.775093934514224,7.118894256575416,1.6237251744498122,32.83682232957595,1.6774020397208802,0.8588298443370908,0.5099302200751477,9.520933977455716,0.040257648953301126
139,33.299785292538914,12.741545893719806,7.118894256575416,1.6237251744498122,32.628824476650564,1.6706924315619969,0.8588298443370908,0.5099302200751477,9.50751476113795,0.040257648953301126
140,33.43397745571659,12.741545893719806,7.112184648416532,1.6170155662909287,32.52147074610843,1.6706924315619969,0.8588298443370908,0.5099302200751477,9.494095544820183,0.040257648953301126
141,33.68894256575416,12.714707461084272,7.078636607622115,1.6170155662909287,32.400697799248526,1.6706924315619969,0.8588298443370908,0.5099302200751477,9.420289855072463,0.040257648953301126
142,33.48094471282877,12.506709608158884,5.562265163714439,1.6170155662909287,32.058507783145465,1.6103059581320451,0.8588298443370908,0.5099302200751477,11.75523349436393,0.040257648953301126
143,33.8365539452496,12.446323134728932,5.548845947396672,1.5767579173376274,31.870638754696724,1.6103059581320451,0.8588298443370908,0.5099302200751477,11.701556629092861,0.040257648953301126
144,34.312936124530324,12.406065485775631,5.46833064949007,1.570048309178744,31.5955448201825,1.6103059581320451,0.8252818035426731,0.5099302200751477,11.66129898013956,0.040257648953301126
145,34.50751476113795,12.318840579710145,5.4549114331723025,1.570048309178744,31.548577563070317,1.6103059581320451,0.8252818035426731,0.5099302200751477,11.614331723027375,0.040257648953301126
146,34.695383789586685,12.23161567364466,5.394524959742351,1.6908212560386473,31.49490069779925,1.5163714439076759,0.8252818035426731,0.5099302200751477,11.600912506709609,0.040257648953301126
147,34.92351046698873,12.077294685990339,5.481749865807837,1.7713365539452497,31.30703166935051,1.5163714439076759,0.9594739667203436,0.5099302200751477,11.41304347826087,0.040257648953301126
148,35.06441223832528,12.030327428878154,5.4549114331723025,1.751207729468599,31.30703166935051,1.5096618357487923,0.9594739667203436,0.5099302200751477,11.372785829307569,0.040257648953301126
149,35.14492753623188,12.191358024691358,5.394524959742351,1.8115942028985508,31.132581857219538,1.5096618357487923,0.9460547504025765,0.5099302200751477,11.3191089640365,0.040257648953301126
150,35.33279656468062,12.157809983896941,5.360976918947934,1.8115942028985508,30.844068706387546,1.5096618357487923,1.1137949543746646,0.5099302200751477,11.3191089640365,0.040257648953301126
151,35.55421363392378,12.157809983896941,5.347557702630167,1.7713365539452497,30.723295759527645,1.5096618357487923,1.1137949543746646,0.5099302200751477,11.272141706924316,0.040257648953301126
152,35.950080515297905,12.084004294149223,5.3341384863123995,1.7713365539452497,30.52200751476114,1.482823403113258,1.1137949543746646,0.5099302200751477,11.191626409017713,0.040257648953301126
153,36.25872249060655,12.04374664519592,5.139559849704777,1.7310789049919484,30.253623188405797,1.6103059581320451,1.1137949543746646,0.5099302200751477,11.29898013955985,0.040257648953301126
154,36.56736446591519,12.030327428878154,5.12614063338701,1.8115942028985508,29.99194847020934,1.6103059581320451,1.0735373054213635,0.49651100375738055,11.252012882447666,0.040257648953301126
155,36.79549114331723,11.929683306494901,5.213365539452496,1.8048845947396672,29.830917874396135,1.6103059581320451,1.0466988727858293,0.5501878690284487,11.178207192699947,0.040257648953301126
156,36.94981213097155,11.916264090177133,5.2066559312936125,1.751207729468599,29.750402576489535,1.6103059581320451,1.0466988727858293,0.5501878690284487,11.178207192699947,0.040257648953301126
157,37.285292538915726,11.862587224906065,5.152979066022544,1.724369296833065,29.341116478797638,1.6103059581320451,1.0466988727858293,0.5501878690284487,11.386205045625335,0.040257648953301126
158,37.35909822866345,11.808910359634996,5.005367686527107,1.9659151905528718,29.240472356414386,1.6103059581320451,1.0466988727858293,0.5501878690284487,11.372785829307569,0.040257648953301126
159,37.31213097155126,12.04374664519592,5.005367686527107,1.9390767579173376,29.13311862587225,1.6103059581320451,1.0466988727858293,0.5367686527106817,11.3593666129898,0.013419216317767043
160,37.466451959205585,12.010198604401502,5.005367686527107,1.9390767579173376,29.05931293612453,1.6103059581320451,1.0131508319914118,0.5367686527106817,11.345947396672035,0.013419216317767043
161,37.453032742887814,11.969940955448202,5.005367686527107,1.9122383252818036,28.576221148684915,1.8048845947396672,1.06682769726248,0.48980139559849706,11.708266237251744,0.013419216317767043
162,37.23832528180354,11.90955448201825,4.8376274825550185,1.9122383252818036,28.23403113258186,1.90552871712292,0.9930220075147611,0.48980139559849706,12.466451959205582,0.013419216317767043
163,37.43961352657005,11.822329575952764,4.817498658078368,2.01959205582394,28.073000536768653,1.90552871712292,0.9728931830381106,0.48980139559849706,12.446323134728932,0.013419216317767043
164,37.58722490606549,11.808910359634996,4.804079441760601,2.01959205582394,28.012614063338702,1.8853998926462694,0.9728931830381106,0.4830917874396135,12.412775093934513,0.013419216317767043
165,37.775093934514224,11.728395061728396,4.690016103059581,2.01959205582394,27.697262479871174,2.26784755770263,0.9728931830381106,0.4830917874396135,12.352388620504563,0.013419216317767043
166,37.855609232420825,11.60762211486849,4.676596886741814,2.01959205582394,27.643585614600106,2.2611379495437465,0.95276435856146,0.4830917874396135,12.486580783682234,0.013419216317767043
167,38.036768652710684,11.60762211486849,4.663177670424047,2.01959205582394,27.502683843263554,2.24771873322598,0.95276435856146,0.4830917874396135,12.473161567364466,0.013419216317767043
168,38.499731615673646,11.520397208803006,4.582662372517445,2.167203435319377,27.147074610842726,2.24771873322598,0.95276435856146,0.4830917874396135,12.385936661298981,0.013419216317767043
169,38.60708534621578,11.379495437466453,4.555823939881911,2.5429414922168547,26.737788513150832,2.24771873322598,1.06682769726248,0.46967257112184646,12.379227053140097,0.013419216317767043
170,38.868760064412236,11.33923778851315,4.555823939881911,2.5161030595813205,26.623725174449813,2.1940418679549114,1.06682769726248,0.5501878690284487,12.27187332259796,0.013419216317767043
171,39.029790660225444,11.3191089640365,4.542404723564144,2.5429414922168547,26.46940418679549,2.254428341384863,1.06682769726248,0.5501878690284487,12.211486849168008,0.013419216317767043
172,39.26462694578637,11.2788513150832,4.528985507246377,2.6167471819645733,26.288244766505635,2.254428341384863,1.0601180891035964,0.5501878690284487,12.144390767579173,0.013419216317767043
173,39.418947933440684,11.252012882447666,4.502147074610843,2.61003757380569,26.207729468599034,2.254428341384863,1.0601180891035964,0.5501878690284487,12.130971551261407,0.013419216317767043
174,39.62023617820719,11.238593666129898,4.502147074610843,2.5966183574879227,26.03327965646806,2.4557165861513686,1.0601180891035964,0.5501878690284487,11.929683306494901,0.013419216317767043
175,39.61352657004831,11.11111111111111,4.455179817498658,3.2139023081052067,25.939345142243692,2.395330112721417,1.0601180891035964,0.5501878690284487,11.647879763821793,0.013419216317767043
176,39.87520128824477,11.09098228663446,4.414922168545357,3.193773483628556,25.791733762748255,2.395330112721417,1.0466988727858293,0.5501878690284487,11.627750939345143,0.013419216317767043
177,40.13687600644123,11.084272678475577,4.40150295222759,3.1736446591519054,25.691089640365004,2.368491680085883,1.0265700483091786,0.5501878690284487,11.553945249597424,0.013419216317767043
178,40.27106816961889,10.997047772410092,4.40150295222759,3.1736446591519054,25.711218464841654,2.3550724637681157,1.0198604401502953,0.5501878690284487,11.506977992485238,0.013419216317767043
179,40.53274288781535,10.943370907139023,4.367954911433173,3.166935050993022,25.603864734299517,2.3550724637681157,1.0198604401502953,0.5501878690284487,11.446591519055287,0.013419216317767043
180,40.76757917337628,10.849436392914654,4.367954911433173,3.1535158346752548,25.47638217928073,2.3550724637681157,1.1876006441223832,0.5501878690284487,11.2788513150832,0.013419216317767043
181,39.36527106816962,10.836017176596886,4.327697262479871,6.052066559312936,24.698067632850243,2.0665593129361244,1.06682769726248,0.5501878690284487,11.023886205045626,0.013419216317767043
182,39.30488459473967,10.715244229736983,4.314278046162104,5.998389694041868,24.57729468599034,2.0665593129361244,1.2345679012345678,0.5501878690284487,11.225174449812132,0.013419216317767043
183,39.412238325281805,10.681696188942565,4.260601180891036,6.119162640901771,24.376006441223833,2.1604938271604937,1.2278582930756843,0.5501878690284487,11.198336017176597,0.013419216317767043
184,39.47933440687064,10.648148148148149,4.361245303274289,6.085614600107354,24.168008588298445,2.2879763821792807,1.2278582930756843,0.5501878690284487,11.178207192699947,0.013419216317767043
185,39.64036500268384,10.621309715512615,4.28743961352657,6.0587761674718195,24.020397208803004,2.2879763821792807,1.415727321524423,0.5501878690284487,11.104401502952227,0.013419216317767043
186,39.774557165861516,10.59447128287708,4.26731078904992,6.105743424584004,23.939881910896403,2.2745571658615136,1.415727321524423,0.5501878690284487,11.064143853998926,0.013419216317767043
187,39.03650026838432,10.57434245840043,4.26731078904992,6.038647342995169,26.704240472356414,2.2745571658615136,1.402308105206656,0.5501878690284487,9.138486312399356,0.013419216317767043
188,39.40552871712292,10.493827160493828,4.26731078904992,5.998389694041868,26.556629092860977,2.2745571658615136,1.3888888888888888,0.5300590445517982,9.07139023081052,0.013419216317767043
189,39.64036500268384,10.44015029522276,4.26731078904992,5.998389694041868,26.34863123993559,2.341653247450349,1.4358561460010735,0.5300590445517982,8.984165324745035,0.013419216317767043
190,39.79468599033817,10.399892646269459,4.26731078904992,5.978260869565218,26.247987117552334,2.368491680085883,1.4358561460010735,0.5300590445517982,8.964036500268385,0.013419216317767043
191,39.76784755770263,10.560923242082662,4.253891572732153,6.125872249060655,26.133923778851315,2.368491680085883,1.4358561460010735,0.5032206119162641,8.836553945249598,0.013419216317767043
192,39.99597423510467,10.540794417606012,4.247181964573269,6.072195383789587,25.999731615673646,2.368491680085883,1.42914653784219,0.5032206119162641,8.829844337090714,0.013419216317767043
193,40.24422973698336,10.540794417606012,4.2270531400966185,6.072195383789587,25.811862587224905,2.3550724637681157,1.42914653784219,0.5032206119162641,8.80300590445518,0.013419216317767043
194,40.351583467525494,10.540794417606012,4.2270531400966185,6.0654857756307035,25.771604938271604,2.3550724637681157,1.42914653784219,0.5032206119162641,8.742619431025227,0.013419216317767043
195,40.51932367149758,10.534084809447128,4.2270531400966185,6.038647342995169,25.72463768115942,2.3550724637681157,1.3888888888888888,0.5032206119162641,8.695652173913043,0.013419216317767043
196,40.754159957058505,10.513955984970478,4.186795491143317,6.125872249060655,25.503220611916262,2.3349436392914655,1.3888888888888888,0.5032206119162641,8.675523349436393,0.013419216317767043
197,41.0426731078905,10.493827160493828,4.17337627482555,6.213097155126141,25.268384326355342,2.3081052066559313,1.3687600644122384,0.5032206119162641,8.61513687600644,0.013419216317767043
198,40.05636070853462,10.487117552334944,3.8378958668813743,6.293612453032743,24.060654857756308,5.199946323134729,0.9863123993558777,0.5032206119162641,8.561460010735374,0.013419216317767043
199,40.29119699409554,10.473698336017177,3.743961352657005,6.414385399892646,23.845947396672035,5.166398282340311,0.9863123993558777,0.5032206119162641,8.561460010735374,0.013419216317767043
200,40.3918411164788,10.373054213633925,3.7372517444981215,6.501610305958132,23.79898013955985,5.146269457863661,0.9863123993558777,0.5032206119162641,8.548040794417606,0.013419216317767043
201,40.673644659151904,10.292538915727322,3.7238325281803544,6.461352657004831,23.72517444981213,5.12614063338701,0.9863123993558777,0.47638217928073,8.521202361782072,0.013419216317767043
202,40.88164251207729,10.21202361782072,3.911701556629093,6.152710681696189,23.63123993558776,5.12614063338701,1.1205045625335481,0.47638217928073,8.474235104669887,0.013419216317767043
203,40.56629092860977,9.990606548577563,3.898282340311326,6.119162640901771,23.09447128287708,5.12614063338701,1.107085346215781,0.47638217928073,9.608158883521202,0.013419216317767043
204,40.52603327965647,9.970477724100913,3.7238325281803544,6.119162640901771,22.79253891572732,5.12614063338701,1.0802469135802468,0.47638217928073,10.171765968867419,0.013419216317767043
205,39.79468599033817,9.930220075147611,3.7238325281803544,6.105743424584004,24.912775093934513,5.119431025228127,0.8789586688137413,0.46296296296296297,9.057971014492754,0.013419216317767043
206,40.002683843263554,9.916800858829845,3.770799785292539,6.085614600107354,24.805421363392377,5.092592592592593,0.8789586688137413,0.46296296296296297,8.970746108427267,0.013419216317767043
207,39.31830381105743,9.88996242619431,3.7238325281803544,6.078904991948471,26.31508319914117,4.891304347826087,0.8319914117015567,0.46296296296296297,8.474235104669887,0.013419216317767043
208,39.660493827160494,9.856414385399892,3.6902844873859366,6.052066559312936,26.20101986044015,4.87788513150832,0.8118625872249061,0.46296296296296297,8.373590982286634,0.013419216317767043
209,39.72758990874933,9.856414385399892,3.6634460547504024,6.092324208266238,26.1808910359635,4.810789049919484,0.8990874932903918,0.46296296296296297,8.293075684380032,0.013419216317767043
210,39.95571658615137,9.856414385399892,3.643317230273752,6.052066559312936,26.093666129898015,4.777241009125067,0.8990874932903918,0.46296296296296297,8.246108427267847,0.013419216317767043
211,39.02308105206656,9.728931830381105,6.152710681696189,6.038647342995169,24.879227053140095,4.64975845410628,0.8990874932903918,0.46296296296296297,8.152173913043478,0.013419216317767043
212,39.351851851851855,9.71551261406334,6.0654857756307035,5.958132045088567,24.758454106280194,4.64975845410628,0.8722490606548577,0.46296296296296297,8.152173913043478,0.013419216317767043
213,39.58668813741278,9.695383789586689,6.018518518518518,5.958132045088567,24.644390767579175,4.64975845410628,0.8722490606548577,0.46296296296296297,8.09849704777241,0.013419216317767043
214,39.83494363929147,9.634997316156737,6.005099302200751,5.924584004294149,24.59742351046699,4.5893719806763285,0.8722490606548577,0.46296296296296297,8.064949006977992,0.013419216317767043
215,40.02952227589909,9.634997316156737,5.978260869565218,5.864197530864198,24.490069779924852,4.5893719806763285,0.9057971014492754,0.46296296296296297,8.031400966183575,0.013419216317767043
216,40.264358561460014,9.614868491680086,5.971551261406334,5.783682232957595,24.436392914653783,4.5893719806763285,0.9057971014492754,0.46296296296296297,7.957595276435856,0.013419216317767043
217,40.43880837359098,9.574610842726784,5.938003220611916,5.776972624798712,24.376006441223833,4.5893719806763285,0.9057971014492754,0.5233494363929146,7.863660762211487,0.013419216317767043
218,40.57971014492754,9.514224369296834,5.911164787976382,5.776972624798712,24.362587224906065,4.622920021470746,0.8923778851315083,0.5233494363929146,7.803274288781535,0.013419216317767043
219,40.72061191626409,9.339774557165862,5.904455179817498,5.743424584004294,24.54374664519592,4.582662372517445,0.8923778851315083,0.5099302200751477,7.749597423510467,0.013419216317767043
220,40.88164251207729,9.339774557165862,5.857487922705314,5.683038110574342,24.490069779924852,4.582662372517445,0.8923778851315083,0.5099302200751477,7.749597423510467,0.013419216317767043
221,41.08964036500269,9.312936124530328,5.837359098228664,5.622651637144391,24.40955448201825,4.522275899087493,0.9460547504025765,0.5099302200751477,7.7361782071927,0.013419216317767043
222,41.29092860976919,9.27938808373591,5.8172302737520125,5.609232420826624,24.308910359634996,4.49543746645196,0.9460547504025765,0.5099302200751477,7.729468599033816,0.013419216317767043
223,39.95571658615137,8.82313472893183,5.8172302737520125,5.542136339237788,26.31508319914117,4.4820182501341925,0.9460547504025765,0.5099302200751477,7.595276435856146,0.013419216317767043
224,40.304616210413315,8.80300590445518,5.730005367686527,5.542136339237788,26.140633387010197,4.522275899087493,0.9460547504025765,0.4830917874396135,7.514761137949543,0.013419216317767043
225,40.552871712292,8.742619431025227,5.6964573268921095,5.535426731078905,26.053408480944714,4.51556629092861,0.9460547504025765,0.4830917874396135,7.461084272678476,0.013419216317767043
226,40.80783682232958,8.709071390230811,5.669618894256575,5.495169082125604,25.865539452495973,4.555823939881911,0.9460547504025765,0.4830917874396135,7.454374664519592,0.013419216317767043
227,41.06951154052604,8.702361782071927,5.642780461621041,5.434782608695652,25.738056897477186,4.549114331723027,0.9460547504025765,0.4830917874396135,7.4208266237251745,0.013419216317767043
228,41.27079978529254,8.702361782071927,5.642780461621041,5.360976918947934,25.6105743424584,4.549114331723027,0.9460547504025765,0.4830917874396135,7.4208266237251745,0.013419216317767043
229,41.58615136876006,8.68894256575416,5.622651637144391,5.260332796564681,25.51663982823403,4.549114331723027,0.9125067096081588,0.4830917874396135,7.367149758454106,0.013419216317767043
230,41.86795491143317,8.682232957595277,5.589103596349974,5.199946323134729,25.409286097691894,4.51556629092861,0.9057971014492754,0.4830917874396135,7.333601717659689,0.013419216317767043
231,42.04240472356415,8.682232957595277,5.58239398819109,5.166398282340311,25.36231884057971,4.468599033816425,0.8923778851315083,0.4830917874396135,7.306763285024155,0.013419216317767043
232,42.169887278582934,8.662104133118627,5.555555555555555,5.159688674181428,25.308641975308642,4.448470209339774,0.8923778851315083,0.4830917874396135,7.306763285024155,0.013419216317767043
233,42.39801395598497,8.648684916800859,5.508588298443371,5.159688674181428,25.221417069243156,4.394793344068707,0.8923778851315083,0.4830917874396135,7.27992485238862,0.013419216317767043
234,42.58588298443371,8.641975308641975,5.475040257648954,5.152979066022544,25.120772946859905,4.394793344068707,0.8923778851315083,0.4830917874396135,7.239667203435319,0.013419216317767043
235,42.72007514761138,8.641975308641975,5.441492216854535,5.152979066022544,25.06038647342995,4.3545356951154055,0.8923778851315083,0.4830917874396135,7.239667203435319,0.013419216317767043
236,42.901234567901234,8.621846484165324,5.421363392377885,5.112721417069243,25.0,4.314278046162104,0.8923778851315083,0.4830917874396135,7.239667203435319,0.013419216317767043
237,42.92807300053677,8.61513687600644,5.387815351583468,5.173107890499195,24.771873322597962,4.300858829844337,0.8923778851315083,0.4830917874396135,7.434245840042942,0.013419216317767043
