,45,50,54,51,53,52,55,56,57,58
0,94.12909286097693,5.870907139023081,,,,,,,,
1,94.14251207729468,5.709876543209877,0.14761137949543746,,,,,,,
2,84.88996242619432,13.09044551798175,0.14761137949543746,1.8719806763285025,,,,,,
3,76.86527106816962,20.967525496511005,0.14761137949543746,1.8719806763285025,0.14761137949543746,,,,,
4,77.04643048845948,19.639023081052066,0.14761137949543746,3.0193236714975846,0.14761137949543746,,,,,
5,75.56360708534622,21.135265700483092,0.14761137949543746,3.0059044551798175,0.14761137949543746,,,,,
6,74.34245840042942,22.356414385399894,0.14761137949543746,3.0059044551798175,0.14761137949543746,,,,,
7,71.59822866344605,25.10064412238325,0.14761137949543746,3.0059044551798175,0.14761137949543746,,,,,
8,71.30971551261406,19.94766505636071,0.14761137949543746,3.0059044551798175,1.221148684916801,4.367954911433173,,,,
9,67.6328502415459,23.49033816425121,0.14761137949543746,3.0059044551798175,1.221148684916801,4.367954911433173,0.13419216317767044,,,
10,65.69377348362856,25.429414922168544,0.14761137949543746,3.0059044551798175,1.221148684916801,4.367954911433173,0.13419216317767044,,,
11,61.66800858829844,29.455179817498657,0.14761137949543746,3.0059044551798175,1.221148684916801,4.367954911433173,0.13419216317767044,,,
12,61.600912506709605,29.421631776704242,0.14761137949543746,3.0059044551798175,1.221148684916801,4.206924315619967,0.24154589371980675,0.15432098765432098,,
13,60.909822866344605,30.18652710681696,0.2214170692431562,3.0059044551798175,1.1943102522812667,4.086151368760064,0.24154589371980675,0.15432098765432098,,
14,56.635802469135804,34.447128287708,0.2214170692431562,2.9723564143853998,1.1943102522812667,4.032474503488996,0.3421900161030596,0.15432098765432098,,
15,56.87734836285561,34.05126140633387,0.5636070853462157,1.6035963499731616,1.1943102522812667,5.213365539452496,0.3421900161030596,0.15432098765432098,,
16,54.851046698872786,35.46698872785829,0.5636070853462157,1.6035963499731616,1.133923778851315,5.609232420826624,0.6172839506172839,0.15432098765432098,,
17,54.87788513150832,35.59447128287708,0.5636070853462157,1.5230810520665594,1.133923778851315,5.535426731078905,0.6172839506172839,0.15432098765432098,,
18,53.938539989264626,36.533816425120776,0.5636070853462157,1.5230810520665594,1.133923778851315,5.535426731078905,0.6172839506172839,0.15432098765432098,,
19,49.402844873859365,41.23054213633924,0.6709608158883521,1.5230810520665594,1.133923778851315,5.501878690284487,0.3824476650563607,0.15432098765432098,,
20,47.75228126677402,41.51905528717123,0.5971551261406334,1.482823403113258,2.8381642512077296,5.428073000536768,0.3824476650563607,,,
21,47.638217928073,41.619699409554485,0.5971551261406334,1.570048309178744,2.818035426731079,5.374396135265701,0.3824476650563607,,,
22,46.9068706387547,40.445517981749866,0.5971551261406334,3.5829307568438002,2.818035426731079,5.347557702630167,0.30193236714975846,,,
23,47.45034889962426,40.06977992485239,0.5971551261406334,3.556092324208266,2.818035426731079,5.2066559312936125,0.30193236714975846,,,
24,45.02818035426731,42.54562533548041,0.5971551261406334,3.556092324208266,2.818035426731079,5.152979066022544,0.30193236714975846,,,
25,44.10225442834138,39.28475577026302,0.9259259259259259,7.521470746108427,2.7643585614600106,5.152979066022544,0.24825550187869028,,,
26,44.316961889425656,39.11701556629093,0.9259259259259259,7.474503488996243,2.7643585614600106,5.152979066022544,0.24825550187869028,,,
27,44.06870638754697,39.19753086419753,0.9259259259259259,7.474503488996243,2.7643585614600106,5.166398282340311,0.4025764895330113,,,
28,41.10305958132045,35.17176596886742,0.7514761137949544,14.761137949543746,2.7308105206655933,5.0791733762748255,0.4025764895330113,,,
29,37.17793880837359,36.25872249060655,0.6910896403650026,17.780461621041333,2.7308105206655933,4.998658078368224,0.36231884057971014,,,
30,37.61406333870102,35.77563070316693,0.6508319914117016,17.74020397208803,2.7308105206655933,4.998658078368224,0.48980139559849706,,,
31,37.42619431025228,34.09822866344606,0.7716049382716049,19.578636607622116,2.6838432635534084,4.951690821256038,0.48980139559849706,,,
32,37.486580783682236,34.11164787976382,0.7716049382716049,19.504830917874397,2.6838432635534084,4.951690821256038,0.48980139559849706,,,
33,36.94981213097155,28.502415458937197,0.6508319914117016,23.55072463768116,4.904723564143854,4.951690821256038,0.48980139559849706,,,
34,37.3389694041868,28.415190552871714,0.644122383252818,23.255501878690286,4.904723564143854,4.951690821256038,0.48980139559849706,,,
35,36.312399355877616,27.126945786366075,0.644122383252818,25.49651100375738,4.904723564143854,4.951690821256038,0.5636070853462157,,,
36,34.72893183038111,36.68142780461621,0.12077294685990338,24.382716049382715,2.167203435319377,1.5365002683843263,0.3824476650563607,,,
37,33.17230273752013,37.5402576489533,0.12077294685990338,23.040794417606012,4.206924315619967,1.5365002683843263,0.3824476650563607,,,
38,33.621846484165324,37.32555018786903,0.12077294685990338,22.765700483091788,4.146537842190016,1.5365002683843263,0.3824476650563607,0.10064412238325282,,
39,33.80971551261406,37.151100375738054,0.2616747181964573,22.490606548577563,4.133118625872249,1.5365002683843263,0.3824476650563607,0.23483628556092323,,
40,32.80327428878154,38.177670424047236,0.2616747181964573,22.262479871175522,4.133118625872249,1.5365002683843263,0.3824476650563607,0.4428341384863124,,
41,31.30703166935051,36.761943102522814,0.2616747181964573,22.24235104669887,6.957863660762212,1.556629092860977,0.46967257112184646,0.4428341384863124,,
42,31.689479334406872,34.836285560923244,0.2616747181964573,23.731884057971016,7.803274288781535,0.7648953301127214,0.46967257112184646,0.4428341384863124,,
43,31.45464304884595,33.85668276972625,0.36231884057971014,23.416532474503487,9.500805152979066,0.8454106280193237,0.32877079978529256,0.23483628556092323,,
44,32.05179817498658,33.58829844337091,0.36231884057971014,23.32259796027912,9.326355340848094,0.8454106280193237,0.2683843263553409,0.23483628556092323,,
45,32.26650563607085,33.353462157809986,0.36231884057971014,24.65780998389694,8.011272141706923,0.8454106280193237,0.2683843263553409,0.23483628556092323,,
46,32.21282877079979,33.051529790660226,0.36231884057971014,25.335480407944175,7.689210950080516,0.9326355340848095,0.18115942028985507,0.23483628556092323,,
47,32.37385936661299,33.03811057434246,0.36231884057971014,25.228126677402038,7.648953301127214,0.9326355340848095,0.18115942028985507,0.23483628556092323,,
48,32.6154052603328,32.99785292538916,0.36231884057971014,25.107353730542137,7.568438003220612,0.9326355340848095,0.18115942028985507,0.23483628556092323,,
49,13.009930220075148,78.08641975308642,0.14090177133655393,6.582125603864735,1.6304347826086956,0.33548040794417605,0.11406333870101985,0.10064412238325282,,
50,13.526570048309178,77.5228126677402,0.14090177133655393,6.427804616210413,1.6304347826086956,0.33548040794417605,0.19457863660762212,0.2214170692431562,,
51,13.727858293075684,77.18733225979602,0.14090177133655393,6.561996779388084,1.6304347826086956,0.33548040794417605,0.19457863660762212,0.2214170692431562,,
52,14.418947933440688,75.71792807300054,0.14090177133655393,6.481481481481482,1.6304347826086956,0.33548040794417605,1.0534084809447128,0.2214170692431562,,
53,13.580246913580247,76.45598497047773,0.14090177133655393,6.4345142243692965,1.6304347826086956,0.33548040794417605,1.2010198604401503,0.2214170692431562,,
54,14.304884594739667,75.73134728931831,0.14090177133655393,6.4345142243692965,1.6304347826086956,0.33548040794417605,1.2010198604401503,0.2214170692431562,,
55,13.305152979066023,76.7109500805153,0.20799785292538917,6.387546967257112,1.6304347826086956,0.33548040794417605,1.2010198604401503,0.2214170692431562,,
56,13.365539452495975,75.78502415458937,0.20799785292538917,6.233225979602791,1.6103059581320451,1.442565754159957,1.133923778851315,0.2214170692431562,,
57,13.976113794954374,75.23483628556092,0.20799785292538917,6.233225979602791,1.583467525496511,1.442565754159957,1.1003757380568975,0.2214170692431562,,
58,14.049919484702093,73.94659151905529,0.20799785292538917,6.031937734836285,2.9253891572732154,1.4224369296833066,1.1943102522812667,0.2214170692431562,,
59,14.345142243692969,70.30327428878154,1.8451422436929683,5.783682232957595,2.9253891572732154,1.4224369296833066,3.1535158346752548,0.2214170692431562,,
60,14.640365002683843,68.58561460010735,1.8451422436929683,5.783682232957595,2.9253891572732154,1.4224369296833066,4.49543746645196,0.2214170692431562,0.08051529790660225,
61,15.083199141170155,68.05555555555556,1.8451422436929683,5.743424584004294,2.9253891572732154,1.4224369296833066,4.622920021470746,0.2214170692431562,0.08051529790660225,
62,15.163714439076758,68.06897477187333,1.8115942028985508,5.683038110574342,2.9253891572732154,1.4224369296833066,4.622920021470746,0.2214170692431562,0.08051529790660225,
63,14.184111647879764,60.90311325818572,1.7444981213097155,14.63365539452496,2.9253891572732154,1.4224369296833066,3.965378421900161,0.2214170692431562,,
64,14.486044015029522,57.971014492753625,4.51556629092861,14.579978529253891,2.918679549114332,1.4224369296833066,3.8848631239935587,0.2214170692431562,,
65,14.40552871712292,55.83064949006978,7.4006977992485234,13.895598497047773,2.7241009125067097,2.341653247450349,3.2877079978529253,0.11406333870101985,,
66,14.915458937198068,55.60252281266774,7.4006977992485234,13.727858293075684,2.61003757380569,2.408749329039184,3.2206119162640903,0.11406333870101985,,
67,14.982555018786902,53.36151368760064,7.313472893183038,15.935319377348362,2.61003757380569,2.120236178207193,3.5628019323671496,0.11406333870101985,,
68,15.411969940955448,51.64385399892646,7.266505636070853,15.888352120236178,2.61003757380569,2.120236178207193,4.944981213097155,0.11406333870101985,,
69,14.76784755770263,50.6508319914117,7.125603864734299,17.538915727321523,3.166935050993022,2.120236178207193,4.40150295222759,0.2281266774020397,,
70,14.774557165861514,48.66478797638218,7.085346215780999,17.538915727321523,3.166935050993022,2.120236178207193,6.421095008051529,0.2281266774020397,,
71,15.5126140633387,48.25550187869028,7.051798174986581,17.04911433172303,3.166935050993022,2.120236178207193,6.340579710144928,0.36902844873859364,0.13419216317767044,
72,15.767579173376275,48.00053676865271,7.051798174986581,17.04911433172303,3.166935050993022,2.120236178207193,6.340579710144928,0.36902844873859364,0.13419216317767044,
73,16.190284487385938,47.52415458937198,7.219538378958669,17.04911433172303,3.0864197530864197,2.120236178207193,6.3070316693505095,0.36902844873859364,0.13419216317767044,
74,17.257112184648417,46.826355340848096,7.152442297369833,16.908212560386474,3.0864197530864197,2.120236178207193,6.005099302200751,0.35560923242082665,0.2885131508319914,
75,17.612721417069242,46.70558239398819,7.0450885668276975,16.854535695115406,3.052871712292002,2.120236178207193,5.964841653247451,0.35560923242082665,0.2885131508319914,
76,17.579173376274827,45.772946859903385,6.904186795491143,17.860976918947934,2.999194847020934,2.0531400966183573,5.964841653247451,0.5770263016639828,0.2885131508319914,
77,17.961621041331185,45.49785292538916,6.904186795491143,17.753623188405797,2.999194847020934,2.0531400966183573,5.964841653247451,0.5770263016639828,0.2885131508319914,
78,18.364197530864196,45.189210950080515,6.78341384863124,17.753623188405797,2.9924852388620504,2.0263016639828235,6.025228126677402,0.5770263016639828,0.2885131508319914,
79,18.914385399892645,44.96108427267848,6.769994632313473,17.54562533548041,2.9924852388620504,2.0263016639828235,5.964841653247451,0.5367686527106817,0.2885131508319914,
80,16.33118625872249,40.33145464304884,6.6827697262479875,27.066559312936125,2.8113258185721954,0.1274825550187869,5.884326355340848,0.47638217928073,0.2885131508319914,
81,16.74718196457327,39.57997852925389,7.125603864734299,25.11406333870102,4.62962962962963,0.1274825550187869,5.911164787976382,0.47638217928073,0.2885131508319914,
82,16.834406870638755,39.07675791733763,7.6623725174449815,24.973161567364468,4.62962962962963,0.1274825550187869,5.790391841116479,0.6172839506172839,0.2885131508319914,
83,17.330917874396135,38.95598497047772,7.6623725174449815,24.59742351046699,4.62962962962963,0.1274825550187869,5.790391841116479,0.6172839506172839,0.2885131508319914,
84,17.404723564143854,37.92941492216855,9.608158883521202,24.362587224906065,4.62962962962963,0.1274825550187869,4.938271604938271,0.7112184648416533,0.2885131508319914,
85,17.042404723564143,39.62694578636608,9.581320450885668,22.946859903381643,3.643317230273752,1.2077294685990339,4.998658078368224,0.6642512077294686,0.2885131508319914,
86,17.357756307031668,39.54643048845947,9.554482018250134,22.886473429951693,3.6366076221148687,1.2077294685990339,4.898013955984971,0.6642512077294686,0.24825550187869028,
87,17.465110037573805,39.452495974235106,9.728931830381105,22.785829307568438,3.616478797638218,1.2077294685990339,4.830917874396135,0.6642512077294686,0.24825550187869028,
88,17.498658078368223,37.6207729468599,9.728931830381105,21.121846484165324,3.616478797638218,3.0595813204508855,6.4412238325281805,0.6642512077294686,0.24825550187869028,
89,17.954911433172303,37.432903918411164,9.702093397745571,20.9272678475577,3.603059581320451,3.0595813204508855,6.407675791733762,0.6642512077294686,0.24825550187869028,
90,17.612721417069242,36.12453032742888,8.527911969940956,20.819914117015568,6.790123456790123,4.26731078904992,5.0993022007514766,0.644122383252818,0.11406333870101985,
91,17.69994632313473,35.87627482555019,8.487654320987655,20.598497047772412,7.139023081052066,4.26731078904992,5.0858829844337095,0.7313472893183038,0.11406333870101985,
92,17.411433172302736,35.33279656468062,8.380300590445518,21.604938271604937,7.139023081052066,4.139828234031133,5.199946323134729,0.6776704240472357,0.11406333870101985,
93,17.277241009125067,34.816156736446594,8.722490606548577,21.604938271604937,7.139023081052066,4.139828234031133,5.508588298443371,0.6776704240472357,0.11406333870101985,
94,17.196725711218466,33.279656468062264,8.192431561996779,21.370101986044016,7.018250134192163,6.5552871712292005,5.4549114331723025,0.8185721953837896,0.11406333870101985,
95,17.371175523349436,33.40713902308105,8.11862587224906,21.121846484165324,6.991411701556629,6.5552871712292005,5.421363392377885,0.9259259259259259,0.08722490606548577,
96,17.74020397208803,33.17230273752013,8.111916264090176,20.860171765968868,6.991411701556629,6.400966183574879,5.562265163714439,1.0735373054213635,0.08722490606548577,
97,18.323939881910896,32.98443370907139,8.038110574342458,20.632045088566827,6.944444444444445,6.280193236714976,5.676328502415459,1.0332796564680622,0.08722490606548577,
98,18.699677938808374,32.95759527643585,7.997852925389157,20.437466451959207,6.843800322061192,6.280193236714976,5.676328502415459,1.0198604401502953,0.08722490606548577,
99,19.196188942565755,32.769726247987116,7.997852925389157,20.135534084809446,6.696188942565755,6.280193236714976,5.8172302737520125,1.0198604401502953,0.08722490606548577,
100,19.155931293612454,31.964573268921097,7.917337627482555,19.243156199677937,8.433977455716587,6.280193236714976,5.897745571658615,1.0198604401502953,0.08722490606548577,
101,19.45115405260333,31.796833064949006,7.917337627482555,19.176060118089104,8.440687063875469,6.213097155126141,5.897745571658615,1.0198604401502953,0.08722490606548577,
102,19.47799248523886,31.642512077294686,7.883789586688137,19.082125603864736,8.440687063875469,6.340579710144928,6.025228126677402,1.0198604401502953,0.08722490606548577,
103,19.51825013419216,31.756575415995705,7.997852925389157,18.914385399892645,8.36688137412775,6.219806763285024,5.984970477724101,1.1540526033279657,0.08722490606548577,
104,19.77992485238862,31.635802469135804,7.971014492753623,18.853998926462694,8.36688137412775,6.0654857756307035,5.931293612453032,1.1540526033279657,0.24154589371980675,
105,20.155662909286097,31.427804616210413,7.9106280193236715,18.67283950617284,8.380300590445518,6.0654857756307035,5.877616747181965,1.2681159420289856,0.24154589371980675,
106,20.316693505099302,31.125872249060656,7.890499194847021,18.592324208266238,8.32662372517445,6.0654857756307035,6.172839506172839,1.2681159420289856,0.24154589371980675,
107,20.323403113258184,30.67632850241546,6.78341384863124,18.270263016639827,10.064412238325282,6.0654857756307035,6.199677938808374,1.3754696725711217,0.24154589371980675,
108,20.75281803542673,30.595813204508858,6.6827697262479875,17.98845947396672,10.057702630166398,5.924584004294149,6.166129898013956,1.5901771336553945,0.24154589371980675,
109,21.16881374127751,30.273752012882447,6.615673644659152,17.780461621041333,10.151637144390767,5.924584004294149,6.280193236714976,1.5633387010198605,0.24154589371980675,
110,21.490874932903917,29.944981213097154,6.615673644659152,17.68652710681696,10.151637144390767,5.924584004294149,6.387546967257112,1.556629092860977,0.24154589371980675,
111,21.85319377348363,29.891304347826086,6.615673644659152,17.67981749865808,9.896672034353195,5.924584004294149,6.340579710144928,1.556629092860977,0.24154589371980675,
112,22.41009125067096,29.59608158883521,6.608964036500268,17.52549651100376,9.802737520128824,5.844068706387547,6.293612453032743,1.6774020397208802,0.24154589371980675,
113,22.852925389157274,29.408212560386474,6.488191089640365,17.52549651100376,9.601449275362318,5.803811057434245,6.280193236714976,1.6639828234031133,0.3757380568974772,
114,23.356146001073537,28.804347826086957,6.6827697262479875,17.391304347826086,9.252549651100376,5.656199677938808,6.837090713902308,1.6438539989264627,0.3757380568974772,
115,23.74530327428878,28.535963499731615,6.662640901771336,17.337627482555018,9.245840042941492,5.656199677938808,6.8035426731078905,1.6371443907675791,0.3757380568974772,
116,24.00697799248524,28.052871712292003,6.662640901771336,17.11621041331186,9.245840042941492,5.5756843800322065,7.14573268921095,1.6103059581320451,0.5837359098228664,
117,24.308910359634996,27.979066022544284,6.568706387546968,17.08937198067633,9.212292002147075,5.542136339237788,7.105475040257649,1.6103059581320451,0.5837359098228664,
118,24.476650563607084,27.831454643048847,6.857219538378959,16.988727858293075,8.917069243156199,5.542136339237788,7.192699946323135,1.6103059581320451,0.5837359098228664,
119,24.362587224906065,27.220880300590444,6.78341384863124,17.94820182501342,8.796296296296296,5.508588298443371,7.185990338164252,1.6103059581320451,0.5837359098228664,
120,24.859098228663445,26.78475577026302,6.78341384863124,17.767042404723565,8.796296296296296,5.508588298443371,7.387278582930757,1.5297906602254427,0.5837359098228664,
121,25.161030595813205,26.704240472356414,6.736446591519055,17.726784755770264,8.709071390230811,5.508588298443371,7.347020933977456,1.5230810520665594,0.5837359098228664,
122,25.05367686527107,26.133923778851315,8.051529790660226,17.659688674181428,8.695652173913043,4.9718196457326895,7.340311325818572,1.5096618357487923,0.5837359098228664,
123,25.107353730542137,25.711218464841654,7.836822329575953,17.51207729468599,9.514224369296834,4.864465915190553,7.521470746108427,1.482823403113258,0.4495437466451959,
124,25.45625335480408,25.55018786902845,7.836822329575953,17.505367686527105,9.339774557165862,4.864465915190553,7.514761137949543,1.482823403113258,0.4495437466451959,
125,25.731347289318304,25.201288244766506,7.796564680622652,17.364465915190554,9.440418679549115,4.810789049919484,7.521470746108427,1.6841116478797638,0.4495437466451959,
126,25.744766505636072,24.9194847020934,8.172302737520129,17.196725711218466,9.440418679549115,4.770531400966184,7.521470746108427,1.7847557702630166,0.4495437466451959,
127,25.946054750402578,24.872517444981213,8.172302737520129,17.163177670424048,9.440418679549115,4.64975845410628,7.521470746108427,1.7847557702630166,0.4495437466451959,
128,26.25469672571122,24.798711755233494,8.3064949006978,16.948470209339774,9.440418679549115,4.64975845410628,7.48792270531401,1.6639828234031133,0.4495437466451959,
129,26.140633387010197,24.50348899624262,8.272946859903382,16.680085882984432,8.675523349436393,6.199677938808374,7.481213097155126,1.5096618357487923,0.5367686527106817,
130,26.35534084809447,24.12775093934514,8.272946859903382,16.680085882984432,8.581588835212024,6.199677938808374,7.7361782071927,1.5096618357487923,0.5367686527106817,
131,26.643853998926463,24.08749329039184,8.219269994632313,16.55931293612453,8.541331186258722,6.199677938808374,7.702630166398282,1.5096618357487923,0.5367686527106817,
132,26.7914653784219,23.993558776167472,8.809715512614064,16.015834675254965,8.501073537305421,6.166129898013956,7.702630166398282,1.5029522275899088,0.5166398282340311,
133,26.778046162104133,23.013955984970476,8.789586688137414,15.713902308105206,8.480944712828771,6.280193236714976,8.896940418679549,1.5297906602254427,0.5166398282340311,
134,26.623725174449813,22.63150831991412,8.749329039184111,16.317767042404725,8.480944712828771,6.260064412238325,8.870101986044014,1.5499194847020934,0.5166398282340311,
135,27.167203435319376,22.624798711755233,8.695652173913043,16.14331723027375,8.353462157809984,6.1929683306494905,8.756038647342995,1.5499194847020934,0.5166398282340311,
136,27.449006977992486,22.38996242619431,8.849973161567364,16.022544283413847,8.3467525496511,6.146001073537305,8.729200214707461,1.5499194847020934,0.5166398282340311,
137,27.80461621041331,22.269189479334408,8.849973161567364,15.727321524422974,8.279656468062266,6.146001073537305,8.729200214707461,1.6774020397208802,0.5166398282340311,
138,28.20048309178744,22.19538378958669,8.709071390230811,15.58641975308642,8.192431561996779,6.132581857219538,8.816425120772946,1.6505636070853462,0.5166398282340311,
139,28.267579173376276,22.18196457326892,9.098228663446054,15.505904455179817,8.165593129361245,5.756843800322061,8.863392377885132,1.6438539989264627,0.5166398282340311,
140,28.482286634460547,22.034353193773484,9.064680622651638,15.398550724637682,8.272946859903382,5.756843800322061,8.715780998389693,1.7579173376274826,0.5166398282340311,
141,27.851583467525497,21.792807300053678,9.017713365539452,16.27750939345142,8.239398819108963,5.750134192163178,8.82313472893183,1.7310789049919484,0.5166398282340311,
142,28.535963499731615,21.67874396135266,8.923778851315083,16.0829307568438,8.064949006977992,5.750134192163178,8.715780998389693,1.7310789049919484,0.5166398282340311,
143,28.502415458937197,21.531132581857218,9.03113258185722,15.794417606011809,7.682501341921632,5.891035963499732,9.31964573268921,1.7310789049919484,0.5166398282340311,
144,28.817767042404725,21.443907675791735,8.997584541062801,15.640096618357488,7.595276435856146,5.864197530864198,9.292807300053678,1.8317230273752012,0.5166398282340311,
145,29.320987654320987,21.336553945249598,8.917069243156199,15.546162104133119,7.689210950080516,5.730005367686527,9.158615136876007,1.8115942028985508,0.48980139559849706,
146,29.582662372517444,21.256038647342994,8.917069243156199,15.45222758990875,7.628824476650563,5.730005367686527,9.145195920558239,1.8115942028985508,0.47638217928073,
147,29.978529253891573,21.121846484165324,9.017713365539452,15.385131508319914,7.5281803542673105,5.555555555555555,9.145195920558239,1.7914653784219001,0.47638217928073,
148,30.173107890499196,21.155394524959743,8.93719806763285,15.291196994095545,7.494632313472893,5.555555555555555,9.125067096081589,1.7914653784219001,0.47638217928073,
149,30.85077831454643,20.79307568438003,8.735909822866345,15.291196994095545,7.25979602791197,5.622651637144391,9.178743961352657,1.7914653784219001,0.47638217928073,
150,31.031937734836287,20.67230273752013,8.735909822866345,15.26435856146001,7.159151905528717,5.622651637144391,9.158615136876007,1.8786902844873858,0.47638217928073,
151,30.877616747181964,19.53166935050993,8.433977455716587,15.22410091250671,7.03166935050993,5.622651637144391,10.923242082662373,1.8786902844873858,0.47638217928073,
152,31.367418142780462,19.310252281266774,8.433977455716587,15.136876006441224,6.884057971014493,5.501878690284487,10.903113258185721,1.8786902844873858,0.5837359098228664,
153,31.508319914117017,19.35721953837896,8.433977455716587,15.03623188405797,6.884057971014493,5.475040257648954,10.84272678475577,1.8786902844873858,0.5837359098228664,
154,31.682769726247987,19.290123456790123,8.413848631239935,14.99597423510467,6.884057971014493,5.475040257648954,10.809178743961352,1.8786902844873858,0.5703166935050993,
155,31.608964036500268,18.867418142780462,8.548040794417606,14.908749329039184,7.481213097155126,5.401234567901234,10.748792270531402,1.865271068169619,0.5703166935050993,
156,32.360440150295226,18.719806763285025,8.447396672034353,14.74771873322598,7.481213097155126,5.2066559312936125,10.674986580783683,1.7981749865807837,0.5636070853462157,
157,32.669082125603865,18.625872249060656,8.313204508856682,14.647074610842727,7.4006977992485234,5.199946323134729,10.782340311325818,1.7981749865807837,0.5636070853462157,
158,32.9777241009125,18.552066559312937,8.09849704777241,14.566559312936125,7.62211486849168,5.152979066022544,10.72866344605475,1.737788513150832,0.5636070853462157,
159,33.06494900697799,18.552066559312937,8.09849704777241,14.566559312936125,7.62211486849168,5.152979066022544,10.641438539989265,1.737788513150832,0.5636070853462157,
160,33.091787439613526,18.46484165324745,8.179012345679013,14.546430488459475,7.62211486849168,5.10601180891036,10.715244229736983,1.737788513150832,0.5367686527106817,
161,33.16559312936125,18.46484165324745,8.179012345679013,14.506172839506172,7.62211486849168,5.10601180891036,10.681696188942565,1.737788513150832,0.5367686527106817,
162,32.789855072463766,17.733494363929147,8.480944712828771,14.412238325281804,9.192163177670425,4.931561996779388,10.305958132045088,1.710950080515298,0.4428341384863124,
163,32.63553408480945,17.45169082125604,8.427267847557703,14.398819108964037,8.467525496511003,6.099033816425121,10.393183038110575,1.710950080515298,0.41599570585077833,
164,33.15217391304348,17.24369296833065,8.13875469672571,14.2914653784219,8.239398819108963,6.561996779388084,10.332796564680622,1.6908212560386473,0.3488996242619431,
165,32.51476113794954,16.78743961352657,9.648416532474503,14.2914653784219,8.017981749865807,6.474771873322598,10.225442834138486,1.6908212560386473,0.3488996242619431,
166,32.03166935050993,16.780730005367687,9.634997316156737,13.365539452495975,9.608158883521202,6.474771873322598,10.225442834138486,1.5297906602254427,0.3488996242619431,
167,32.50805152979066,16.7337627482555,9.440418679549115,13.056897477187333,9.883252818035427,6.474771873322598,10.084541062801932,1.4694041867954912,0.3488996242619431,
168,32.83682232957595,16.680085882984432,9.326355340848094,13.009930220075148,9.883252818035427,6.421095008051529,10.02415458937198,1.4694041867954912,0.3488996242619431,
169,32.50805152979066,15.98899624261943,9.634997316156737,13.009930220075148,11.580783682232958,6.139291465378422,9.339774557165862,1.4626945786366077,0.33548040794417605,
170,32.669082125603865,15.955448201825014,9.796027911969942,12.875738056897477,11.426462694578637,6.031937734836285,9.494095544820183,1.4559849704777241,0.2952227589908749,
171,32.84353193773484,15.92860976918948,9.688674181427805,12.86231884057971,11.41304347826087,6.018518518518518,9.494095544820183,1.4559849704777241,0.2952227589908749,
172,33.24610842726785,15.821256038647343,9.675254965110037,12.86231884057971,11.178207192699947,5.991680085882985,9.473966720343531,1.4559849704777241,0.2952227589908749,
173,33.662104133118625,15.552871712292003,9.762479871175524,12.86231884057971,11.05072463768116,5.9514224369296835,9.406870638754697,1.4559849704777241,0.2952227589908749,
174,33.57487922705314,15.485775630703166,9.849704777241008,12.5402576489533,11.057434245840042,5.9514224369296835,9.648416532474503,1.596886741814278,0.2952227589908749,
175,33.91035963499731,15.479066022544284,9.809447128287708,12.493290391841116,10.976918947933441,5.897745571658615,9.541062801932368,1.596886741814278,0.2952227589908749,
176,34.09822866344606,15.385131508319914,9.809447128287708,12.473161567364466,10.93666129898014,5.897745571658615,9.541062801932368,1.596886741814278,0.2616747181964573,
177,34.40016103059581,15.210681696188942,9.75577026301664,12.392646269457863,10.889694041867955,5.897745571658615,9.608158883521202,1.583467525496511,0.2616747181964573,
178,34.534353193773484,15.163714439076758,9.675254965110037,12.345679012345679,10.976918947933441,5.864197530864198,9.608158883521202,1.570048309178744,0.2616747181964573,
179,33.803005904455176,14.593397745571659,11.07085346215781,12.278582930756844,10.869565217391305,5.864197530864198,9.695383789586689,1.5633387010198605,0.2616747181964573,
180,33.279656468062264,14.418947933440688,10.72866344605475,12.070585077831455,9.73564143853999,8.158883521202362,9.675254965110037,1.5633387010198605,0.2616747181964573,0.10735373054213634
181,33.56816961889426,14.351851851851851,10.654857756307031,12.050456253354804,9.702093397745571,8.09849704777241,9.675254965110037,1.5297906602254427,0.2616747181964573,0.10735373054213634
182,33.62855609232421,14.284755770263017,10.755501878690284,12.050456253354804,9.702093397745571,8.085077831454644,9.594739667203436,1.5297906602254427,0.2616747181964573,0.10735373054213634
183,33.23939881910896,13.915727321524423,12.177938808373591,11.936392914653783,9.480676328502415,8.071658615136876,9.306226516371444,1.5029522275899088,0.2616747181964573,0.10735373054213634
184,33.380300590445515,13.647342995169081,12.721417069243156,11.936392914653783,9.312936124530328,8.05823939881911,9.07139023081052,1.5029522275899088,0.2616747181964573,0.10735373054213634
185,33.400429414922165,13.633923778851315,12.661030595813205,11.862587224906065,9.312936124530328,7.98443370907139,9.353193773483628,1.5029522275899088,0.18115942028985507,0.10735373054213634
186,33.467525496511,13.573537305421363,12.661030595813205,11.862587224906065,9.306226516371444,7.98443370907139,9.353193773483628,1.5029522275899088,0.18115942028985507,0.10735373054213634
187,33.373590982286636,13.09044551798175,13.66076221148685,11.849168008588299,9.212292002147075,7.9106280193236715,9.111647879763822,1.5029522275899088,0.18115942028985507,0.10735373054213634
188,33.621846484165324,12.909286097691895,13.687600644122384,11.829039184111648,9.286097691894794,7.9106280193236715,8.964036500268385,1.5029522275899088,0.18115942028985507,0.10735373054213634
189,33.99087493290392,12.842190016103059,13.667471819645733,11.714975845410628,9.23913043478261,7.85024154589372,8.903650026838433,1.5029522275899088,0.18115942028985507,0.10735373054213634
190,32.87707997852925,12.754965110037574,13.103864734299517,14.479334406870638,8.923778851315083,7.50805152979066,8.668813741277509,1.3955984970477724,0.18115942028985507,0.10735373054213634
191,33.071658615136876,12.614063338701019,13.09044551798175,14.371980676328503,8.923778851315083,7.48792270531401,8.655394524959743,1.4962426194310252,0.18115942028985507,0.10735373054213634
192,33.467525496511,12.47987117552335,12.929414922168545,14.318303811057435,9.017713365539452,7.37385936661299,8.628556092324208,1.4962426194310252,0.18115942028985507,0.10735373054213634
193,33.77616747181965,12.426194310252281,12.929414922168545,14.251207729468598,8.970746108427267,7.273215244229737,8.601717659688674,1.482823403113258,0.18115942028985507,0.10735373054213634
194,33.964036500268385,12.399355877616747,12.922705314009661,14.217659688674182,8.849973161567364,7.273215244229737,8.601717659688674,1.482823403113258,0.18115942028985507,0.10735373054213634
195,34.4068706387547,12.332259796027913,12.775093934514224,14.009661835748792,8.849973161567364,7.273215244229737,8.501073537305421,1.5633387010198605,0.18115942028985507,0.10735373054213634
196,34.91009125067096,12.285292538915728,12.580515297906603,13.90901771336554,8.82313472893183,7.4006977992485234,8.266237251744498,1.5365002683843263,0.18115942028985507,0.10735373054213634
197,34.99060654857756,12.23161567364466,12.580515297906603,13.81508319914117,8.957326892109501,7.427536231884058,8.172302737520129,1.5365002683843263,0.18115942028985507,0.10735373054213634
198,35.20531400966183,12.204777241009126,12.533548040794418,13.81508319914117,8.78287707997853,7.427536231884058,8.085077831454644,1.6572732152442298,0.18115942028985507,0.10735373054213634
199,35.7085346215781,12.030327428878154,12.600644122383253,13.573537305421363,8.729200214707461,7.39398819108964,8.031400966183575,1.6438539989264627,0.18115942028985507,0.10735373054213634
200,36.03730542136339,11.969940955448202,12.580515297906603,13.486312399355878,8.695652173913043,7.2933440687063875,8.031400966183575,1.6170155662909287,0.18115942028985507,0.10735373054213634
201,36.460010735373054,11.83574879227053,12.493290391841116,13.593666129898015,8.641975308641975,7.2933440687063875,7.85024154589372,1.5432098765432098,0.18115942028985507,0.10735373054213634
202,37.03703703703704,11.553945249597424,12.379227053140097,13.486312399355878,8.57487922705314,7.27992485238862,7.7898550724637685,1.5096618357487923,0.28180354267310787,0.10735373054213634
203,37.19806763285024,11.553945249597424,12.332259796027913,13.486312399355878,8.460815888352121,7.27992485238862,7.7898550724637685,1.5096618357487923,0.28180354267310787,0.10735373054213634
204,37.526838432635536,11.553945249597424,12.278582930756844,13.41250670960816,8.454106280193237,7.266505636070853,7.608695652173913,1.5096618357487923,0.28180354267310787,0.10735373054213634
205,37.60735373054214,11.500268384326356,12.211486849168008,13.264895330112722,8.621846484165324,7.1658615136876005,7.628824476650563,1.6103059581320451,0.28180354267310787,0.10735373054213634
206,37.86231884057971,11.366076221148685,12.171229200214707,13.24476650563607,8.568169618894256,7.092055823939882,7.709339774557166,1.596886741814278,0.28180354267310787,0.10735373054213634
207,38.18438003220612,11.272141706924316,12.238325281803542,12.99651100375738,8.635265700483092,6.998121309715513,7.689210950080516,1.596886741814278,0.28180354267310787,0.10735373054213634
208,38.29844337090714,11.272141706924316,12.238325281803542,12.889157273215245,8.621846484165324,6.998121309715513,7.581857219538379,1.596886741814278,0.39586688137412773,0.10735373054213634
209,38.399087493290395,11.231884057971014,12.23161567364466,12.781803542673108,8.527911969940956,7.051798174986581,7.581857219538379,1.6908212560386473,0.39586688137412773,0.10735373054213634
210,38.84192163177671,11.211755233494364,12.090713902308105,12.781803542673108,8.319914117015566,7.03166935050993,7.5281803542673105,1.6908212560386473,0.39586688137412773,0.10735373054213634
211,38.75469672571122,10.63472893183038,11.647879763821793,12.439613526570048,7.816693505099302,9.29951690821256,7.39398819108964,1.5096618357487923,0.39586688137412773,0.10735373054213634
212,38.888888888888886,10.621309715512615,11.621041331186259,12.372517444981213,7.809983896940419,9.29951690821256,7.387278582930757,1.4962426194310252,0.39586688137412773,0.10735373054213634
213,38.486312399355874,10.61460010735373,11.265432098765432,13.446054750402576,7.776435856146001,9.265968867418144,7.105475040257649,1.570048309178744,0.36231884057971014,0.10735373054213634
214,38.66076221148685,10.61460010735373,11.265432098765432,13.419216317767042,7.6556629092860975,9.265968867418144,7.085346215780999,1.5633387010198605,0.36231884057971014,0.10735373054213634
215,37.9898013955985,9.4873859366613,13.882179280730005,13.197799248523886,7.4208266237251745,9.198872785829307,6.890767579173376,1.4626945786366077,0.36231884057971014,0.10735373054213634
216,38.258185721953836,9.447128287707997,13.781535158346752,13.083735909822867,7.37385936661299,9.198872785829307,6.810252281266774,1.5767579173376274,0.36231884057971014,0.10735373054213634
217,38.47289318303811,9.433709071390231,13.539989264626946,13.083735909822867,7.37385936661299,9.198872785829307,6.850509930220075,1.5767579173376274,0.36231884057971014,0.10735373054213634
218,38.707729468599034,9.306226516371444,13.47289318303811,13.030059044551798,7.353730542136339,9.145195920558239,6.937734836285561,1.5767579173376274,0.36231884057971014,0.10735373054213634
219,38.81508319914117,9.23913043478261,13.593666129898015,12.95625335480408,7.085346215780999,9.205582393988191,7.058507783145465,1.5767579173376274,0.36231884057971014,0.10735373054213634
220,38.88217928073001,8.876811594202898,13.499731615673644,14.42565754159957,7.0383789586688135,8.199141170155663,7.03166935050993,1.5767579173376274,0.36231884057971014,0.10735373054213634
221,39.05662909286098,8.849973161567364,13.493022007514762,14.338432635534085,7.011540526033279,8.199141170155663,7.004830917874396,1.5767579173376274,0.36231884057971014,0.10735373054213634
222,39.36527106816962,8.849973161567364,13.493022007514762,14.184111647879764,6.998121309715513,8.09849704777241,6.964573268921095,1.5767579173376274,0.36231884057971014,0.10735373054213634
223,39.60681696188943,8.628556092324208,13.318572195383789,14.090177133655395,6.977992485238862,8.085077831454644,7.078636607622115,1.6304347826086956,0.47638217928073,0.10735373054213634
224,39.76784755770263,8.702361782071927,13.264895330112722,14.029790660225443,6.937734836285561,8.004562533548041,7.078636607622115,1.6304347826086956,0.47638217928073,0.10735373054213634
225,40.01610305958132,8.682232957595277,13.083735909822867,14.023081052066559,6.9310252281266775,8.038110574342458,7.024959742351046,1.6170155662909287,0.47638217928073,0.10735373054213634
226,40.284487385936664,8.608427267847558,13.117283950617283,14.029790660225443,6.78341384863124,8.024691358024691,6.951154052603328,1.6170155662909287,0.47638217928073,0.10735373054213634
227,40.754159957058505,8.55475040257649,13.117283950617283,13.902308105206655,6.5552871712292005,8.011272141706923,6.904186795491143,1.6170155662909287,0.47638217928073,0.10735373054213634
228,40.955448201825014,8.514492753623188,13.117283950617283,13.788244766505636,6.66935050993022,7.9106280193236715,6.843800322061192,1.6170155662909287,0.47638217928073,0.10735373054213634
229,41.00912506709608,8.494363929146537,13.043478260869565,13.734567901234568,6.763285024154589,7.85024154589372,6.904186795491143,1.6170155662909287,0.47638217928073,0.10735373054213634
230,41.277509393451425,8.480944712828771,12.949543746645196,13.674181427804616,6.756575415995706,7.695920558239399,6.884057971014493,1.6170155662909287,0.5568974771873323,0.10735373054213634
231,41.680085882984436,8.454106280193237,12.909286097691895,13.674181427804616,6.655931293612453,7.568438003220612,6.843800322061192,1.5499194847020934,0.5568974771873323,0.10735373054213634
232,42.28395061728395,8.293075684380032,12.694578636607622,13.674181427804616,6.702898550724638,7.447665056360709,6.743156199677939,1.5499194847020934,0.5166398282340311,0.0939345142243693
233,42.52549651100376,8.225979602791197,12.620772946859903,13.493022007514762,6.6827697262479875,7.447665056360709,6.723027375201288,1.6706924315619969,0.5166398282340311,0.0939345142243693
234,42.76033279656468,8.225979602791197,12.620772946859903,13.419216317767042,6.642512077294686,7.353730542136339,6.723027375201288,1.6706924315619969,0.48980139559849706,0.0939345142243693
235,40.66022544283414,8.051529790660226,12.191358024691358,12.191358024691358,6.494900697799249,12.077294685990339,6.166129898013956,1.583467525496511,0.48980139559849706,0.0939345142243693
236,40.57971014492754,8.017981749865807,12.084004294149223,12.191358024691358,6.494900697799249,12.164519592055823,6.300322061191626,1.583467525496511,0.48980139559849706,0.0939345142243693
237,40.61996779388084,7.877079978529254,11.855877616747183,12.191358024691358,6.723027375201288,11.976650563607086,6.588835212023618,1.583467525496511,0.48980139559849706,0.0939345142243693
