,45,50,55,51,53,52,56,54,57,59,60,58,61,46
0,88.18438003220612,11.81561996779388,,,,,,,,,,,,
1,83.40713902308106,16.5727321524423,0.020128824476650563,,,,,,,,,,,
2,69.10225442834138,23.356146001073537,0.026838432635534086,7.514761137949543,,,,,,,,,,
3,68.35077831454643,23.879495437466453,0.2885131508319914,7.461084272678476,0.020128824476650563,,,,,,,,,
4,68.00858829844337,24.14117015566291,0.36902844873859364,7.461084272678476,0.020128824476650563,,,,,,,,,
5,66.23725174449812,23.64465915190553,0.36902844873859364,7.461084272678476,0.020128824476650563,2.26784755770263,,,,,,,,
6,60.90311325818572,23.289049919484704,0.1274825550187869,13.278314546430488,0.020128824476650563,2.26784755770263,0.11406333870101985,,,,,,,
7,60.69511540526033,23.423242082662373,0.1274825550187869,13.325281803542673,0.020128824476650563,2.2946859903381642,0.11406333870101985,,,,,,,
8,60.607890499194845,23.51046698872786,0.1274825550187869,13.325281803542673,0.020128824476650563,2.2946859903381642,0.11406333870101985,,,,,,,
9,58.41384863123994,24.60413311862587,1.3150831991411702,13.18438003220612,0.020128824476650563,2.2946859903381642,0.16774020397208803,,,,,,,
10,58.1857219538379,23.899624261943103,1.3486312399355878,12.909286097691895,0.020128824476650563,3.4688674181427803,0.16774020397208803,,,,,,,
11,57.95759527643585,23.597691894793343,1.3888888888888888,15.559581320450885,0.020128824476650563,1.261406333870102,0.2147074610842727,,,,,,,
12,57.83682232957595,22.873054213633925,1.6975308641975309,16.09634997316157,0.020128824476650563,1.261406333870102,0.2147074610842727,,,,,,,
13,57.58185721953838,23.060923242082662,1.6975308641975309,16.09634997316157,0.020128824476650563,1.261406333870102,0.2147074610842727,0.06709608158883522,,,,,,
14,51.55662909286098,26.637144390767578,1.7444981213097155,15.418679549114332,0.020128824476650563,4.367954911433173,0.19457863660762212,0.06038647342995169,,,,,,
15,49.20155662909286,28.79092860976919,1.8585614600107354,15.526033279656469,0.020128824476650563,4.334406870638754,0.20799785292538917,0.06038647342995169,,,,,,
16,48.8191089640365,29.032474503488995,1.9860440150295222,15.405260332796564,0.020128824476650563,4.334406870638754,0.3421900161030596,0.06038647342995169,,,,,,
17,42.1430488459474,35.88298443370907,1.9189479334406871,15.344873859366613,,4.30756843800322,0.3421900161030596,0.06038647342995169,,,,,,
18,37.15780998389694,33.923778851315085,2.1940418679549114,19.75979602791197,,3.549382716049383,0.43612453032742887,2.9790660225442833,,,,,,
19,35.80246913580247,34.936929683306495,2.301395598497048,19.981213097155127,,3.549382716049383,0.4495437466451959,2.9790660225442833,,,,,,
20,35.37976382179281,35.238862050456255,2.328234031132582,19.90740740740741,,3.7104133118625873,0.46967257112184646,2.965646806226516,,,,,,
21,35.20531400966183,34.333064949006975,2.2410091250670963,20.081857219538378,,4.569243156199678,0.5703166935050993,2.965646806226516,0.03354804079441761,,,,,
22,34.84299516908212,34.52093397745572,2.2410091250670963,20.075147611379496,,4.696725711218465,0.5904455179817498,2.999194847020934,0.03354804079441761,,,,,
23,33.299785292538914,36.882716049382715,2.341653247450349,19.316961889425656,,4.522275899087493,0.5904455179817498,2.999194847020934,0.04696725711218465,,,,,
24,33.23268921095008,36.90955448201825,2.368491680085883,19.316961889425656,,4.53569511540526,0.5904455179817498,2.999194847020934,0.04696725711218465,,,,,
25,33.2259796027912,36.85587761674718,2.4490069779924855,19.236446591519055,,4.53569511540526,0.6508319914117016,2.999194847020934,0.04696725711218465,,,,,
26,28.85131508319914,40.68035426731079,2.657004830917874,19.082125603864736,,4.918142780461621,0.7648953301127214,2.999194847020934,0.04696725711218465,,,,,
27,28.864734299516908,40.51932367149758,2.563070316693505,19.0150295222759,,4.904723564143854,0.7648953301127214,3.321256038647343,0.04696725711218465,,,,,
28,28.864734299516908,40.50590445517982,2.5831991411701556,19.008319914117017,,4.904723564143854,0.7648953301127214,3.321256038647343,0.04696725711218465,,,,,
29,27.63016639828234,39.31159420289855,2.24771873322598,19.202898550724637,,4.904723564143854,0.7514761137949544,5.904455179817498,0.04696725711218465,,,,,
30,26.382179280730007,40.304616210413315,2.4691358024691357,19.102254428341386,,4.904723564143854,0.7783145464304885,6.011808910359635,0.04696725711218465,,,,,
31,14.667203435319378,72.30273752012883,0.9728931830381106,10.00402576489533,,0.11406333870101985,0.06709608158883522,1.8719806763285025,,,,,,
32,14.606816961889425,72.08803005904456,1.0198604401502953,10.178475577026301,,0.11406333870101985,0.06709608158883522,1.9256575415995705,,,,,,
33,14.358561460010735,69.63902308105207,1.2546967257112185,12.734836285560924,,0.04696725711218465,0.06709608158883522,1.8988191089640365,,,,,,
34,13.969404186795492,68.27026301663983,1.2345679012345678,14.647074610842727,,0.04696725711218465,0.040257648953301126,1.7914653784219001,,,,,,
35,12.070585077831455,69.65244229736983,1.3553408480944713,14.962426194310252,,0.03354804079441761,0.13419216317767044,1.7914653784219001,,,,,,
36,11.956521739130435,61.312399355877616,1.570048309178744,15.03623188405797,5.998389694041868,2.187332259796028,0.14761137949543746,1.7914653784219001,,,,,,
37,11.98336017176597,61.05743424584004,1.8317230273752012,14.868491680085883,5.998389694041868,2.2946859903381642,0.17444981213097155,1.7914653784219001,,,,,,
38,11.976650563607086,59.76247987117552,2.187332259796028,15.640096618357488,5.998389694041868,2.2946859903381642,0.2616747181964573,1.8786902844873858,,,,,,
39,11.990069779924852,59.76247987117552,2.187332259796028,15.526033279656469,5.984970477724101,2.2946859903381642,0.3757380568974772,1.8786902844873858,,,,,,
40,11.990069779924852,57.25979602791197,4.690016103059581,15.5126140633387,5.984970477724101,2.2611379495437465,0.4227053140096618,1.8786902844873858,,,,,,
41,11.621041331186259,56.76999463231347,4.810789049919484,14.170692431561998,8.59500805152979,2.2611379495437465,0.4495437466451959,1.288244766505636,,0.013419216317767043,0.020128824476650563,,,
42,11.60762211486849,56.414385399892645,5.280461621041331,14.070048309178745,8.59500805152979,2.24771873322598,0.4495437466451959,1.288244766505636,0.013419216317767043,0.013419216317767043,0.020128824476650563,,,
43,11.594202898550725,56.065485775630705,5.589103596349974,14.036500268384327,8.568169618894256,2.301395598497048,0.5099302200751477,1.288244766505636,0.013419216317767043,0.013419216317767043,0.020128824476650563,,,
44,11.621041331186259,55.83064949006978,5.797101449275362,13.969404186795492,8.53462157809984,2.301395598497048,0.5770263016639828,1.288244766505636,0.013419216317767043,0.04696725711218465,0.020128824476650563,,,
45,9.574610842726784,50.22141706924316,5.555555555555555,23.778851315083198,7.608695652173913,2.301395598497048,0.5099302200751477,0.36902844873859364,0.013419216317767043,0.04696725711218465,0.020128824476650563,,,
46,9.541062801932368,50.22141706924316,5.562265163714439,23.778851315083198,7.561728395061729,2.301395598497048,0.5099302200751477,0.39586688137412773,0.013419216317767043,0.0939345142243693,0.020128824476650563,,,
47,9.534353193773484,49.85238862050456,5.864197530864198,23.61111111111111,7.467793880837359,2.301395598497048,0.5568974771873323,0.5904455179817498,0.013419216317767043,0.1878690284487386,0.020128824476650563,,,
48,9.473966720343531,49.5907139023081,6.219806763285024,23.577563070316693,7.467793880837359,2.301395598497048,0.5568974771873323,0.5904455179817498,0.013419216317767043,0.1878690284487386,0.020128824476650563,,,
49,9.292807300053678,48.98684916800859,6.790123456790123,23.597691894793343,7.286634460547504,2.368491680085883,0.7112184648416533,0.5904455179817498,0.013419216317767043,0.16774020397208803,0.020128824476650563,0.17444981213097155,,
50,9.312936124530328,48.85265700483092,6.884057971014493,23.58427267847558,7.286634460547504,2.368491680085883,0.7447665056360708,0.5904455179817498,0.013419216317767043,0.16774020397208803,0.020128824476650563,0.17444981213097155,,
51,9.27938808373591,48.490338164251206,6.816961889425658,21.410359634997317,7.105475040257649,4.106280193236715,0.5166398282340311,1.6304347826086956,0.14761137949543746,0.30193236714975846,0.020128824476650563,0.17444981213097155,,
52,9.339774557165862,47.799248523886206,7.467793880837359,20.82662372517445,7.219538378958669,4.985238862050457,0.5166398282340311,1.2010198604401503,0.14761137949543746,0.30193236714975846,0.020128824476650563,0.17444981213097155,,
53,9.41358024691358,47.5979602791197,7.447665056360709,20.652173913043477,7.206119162640902,4.9718196457326895,0.644122383252818,1.2010198604401503,0.36902844873859364,0.30193236714975846,0.020128824476650563,0.17444981213097155,,
54,9.480676328502415,46.71229200214707,5.58239398819109,20.652173913043477,9.856414385399892,4.9718196457326895,0.7246376811594203,1.1876006441223832,0.3421900161030596,0.30193236714975846,0.013419216317767043,0.17444981213097155,,
55,9.426999463231347,44.7866344605475,5.488459473966721,26.496242619431026,9.567901234567902,2.49597423510467,0.5904455179817498,0.43612453032742887,0.20799785292538917,0.30193236714975846,0.013419216317767043,0.1878690284487386,,
56,9.359903381642512,44.64573268921095,5.589103596349974,26.42914653784219,9.567901234567902,2.5295222758990876,0.7313472893183038,0.43612453032742887,0.20799785292538917,0.30193236714975846,0.013419216317767043,0.1878690284487386,,
57,9.252549651100376,44.32367149758454,5.877616747181965,26.44927536231884,9.54777241009125,2.5026838432635534,0.8118625872249061,0.43612453032742887,0.20799785292538917,0.36231884057971014,0.013419216317767043,0.2147074610842727,,
58,9.219001610305957,44.28341384863124,5.9447128287707995,22.725442834138487,13.291733762748256,2.5026838432635534,0.8118625872249061,0.43612453032742887,0.19457863660762212,0.36231884057971014,0.013419216317767043,0.2147074610842727,,
59,9.245840042941492,43.887546967257116,6.226516371443908,22.638217928073,13.291733762748256,2.5026838432635534,0.8118625872249061,0.644122383252818,0.19457863660762212,0.32877079978529256,0.013419216317767043,0.2147074610842727,,
60,9.245840042941492,43.887546967257116,6.340579710144928,22.470477724100913,13.291733762748256,2.395330112721417,0.9796027911969941,0.644122383252818,0.19457863660762212,0.32877079978529256,0.013419216317767043,0.20799785292538917,,
61,9.245840042941492,43.73993558776167,6.488191089640365,22.376543209876544,13.385668276972625,2.395330112721417,0.9796027911969941,0.644122383252818,0.19457863660762212,0.32877079978529256,0.013419216317767043,0.20799785292538917,,
62,7.830112721417069,41.324476650563604,6.347289318303811,22.356414385399894,17.337627482555018,2.395330112721417,0.9796027911969941,0.6843800322061192,0.19457863660762212,0.32877079978529256,0.013419216317767043,0.20799785292538917,,
63,7.863660762211487,41.26409017713365,6.374127750939345,22.356414385399894,17.24369296833065,2.395330112721417,0.9796027911969941,0.6843800322061192,0.19457863660762212,0.32877079978529256,0.013419216317767043,0.30193236714975846,,
64,7.9106280193236715,41.18357487922705,6.461352657004831,22.302737520128826,17.196725711218466,2.4221685453569513,0.9796027911969941,0.6843800322061192,0.19457863660762212,0.3488996242619431,0.013419216317767043,0.30193236714975846,,
65,7.25979602791197,39.09688674181428,6.253354804079442,25.174449812130973,17.09608158883521,2.3349436392914655,1.0534084809447128,0.6843800322061192,0.19457863660762212,0.43612453032742887,0.013419216317767043,0.4025764895330113,,
66,7.273215244229737,39.09688674181428,6.239935587761675,25.174449812130973,16.982018250134193,2.3349436392914655,1.0534084809447128,0.6843800322061192,0.30864197530864196,0.43612453032742887,0.013419216317767043,0.4025764895330113,,
67,7.152442297369833,39.22436929683307,6.239935587761675,25.127482555018787,16.908212560386474,2.3349436392914655,1.0735373054213635,0.6843800322061192,0.4227053140096618,0.41599570585077833,0.013419216317767043,0.4025764895330113,,
68,7.152442297369833,39.05662909286098,6.427804616210413,25.067096081588836,16.680085882984432,2.3349436392914655,1.1205045625335481,0.7648953301127214,0.47638217928073,0.5032206119162641,0.013419216317767043,0.4025764895330113,,
69,7.152442297369833,36.07756307031669,6.119162640901771,24.92619431025228,16.27750939345142,2.2946859903381642,1.3083735909822867,4.394793344068707,0.47638217928073,0.5032206119162641,0.013419216317767043,0.4562533548040794,,
70,6.776704240472356,37.31213097155126,6.166129898013956,24.188137412775095,15.982286634460548,2.2946859903381642,1.328502415458937,4.3545356951154055,0.47638217928073,0.6508319914117016,0.013419216317767043,0.4562533548040794,,
71,6.488191089640365,39.99597423510467,7.474503488996243,22.04777241009125,15.157004830917874,2.214170692431562,0.9393451422436929,4.066022544283414,0.43612453032742887,0.6843800322061192,0.013419216317767043,0.4830917874396135,,
72,5.8172302737520125,39.36527106816962,7.883789586688137,21.24261943102523,15.157004830917874,3.9184111647879765,0.9326355340848095,4.066022544283414,0.43612453032742887,0.6843800322061192,0.013419216317767043,0.4830917874396135,,
73,5.864197530864198,39.02308105206656,8.13875469672571,21.175523349436393,15.01610305958132,3.9049919484702094,1.0802469135802468,4.066022544283414,0.43612453032742887,0.798443370907139,0.013419216317767043,0.4830917874396135,,
74,5.864197530864198,38.848631239935585,8.299785292538916,20.336822329575952,15.633387010198604,3.9049919484702094,1.2278582930756843,4.066022544283414,0.5233494363929146,0.798443370907139,0.013419216317767043,0.4830917874396135,,
75,5.891035963499732,37.92941492216855,9.219001610305957,20.316693505099302,15.58641975308642,3.9049919484702094,1.2278582930756843,4.092860976918948,0.49651100375738055,0.798443370907139,0.013419216317767043,0.5233494363929146,,
76,5.374396135265701,31.508319914117017,8.93719806763285,27.851583467525497,15.4723564143854,3.9049919484702094,1.2077294685990339,4.092860976918948,0.4830917874396135,0.8118625872249061,0.013419216317767043,0.3421900161030596,,
77,5.407944176060118,31.46135265700483,8.984165324745035,27.81803542673108,15.445517981749866,3.878153515834675,1.2815351583467525,4.092860976918948,0.4830917874396135,0.8118625872249061,0.013419216317767043,0.322061191626409,,
78,4.663177670424047,30.253623188405797,10.352925389157273,28.864734299516908,15.163714439076758,3.5091250670960816,1.2345679012345678,4.052603327965647,0.7313472893183038,0.8118625872249061,0.040257648953301126,0.322061191626409,,
79,4.683306494900698,30.038915727321523,10.48040794417606,28.75067096081589,15.136876006441224,3.5963499731615673,1.328502415458937,4.052603327965647,0.7313472893183038,0.8118625872249061,0.040257648953301126,0.3488996242619431,,
80,4.723564143853999,29.95169082125604,10.567632850241546,28.589640365002683,15.11003757380569,3.5963499731615673,1.4492753623188406,4.052603327965647,0.7313472893183038,0.8118625872249061,0.040257648953301126,0.3757380568974772,,
81,4.7168545356951155,29.468599033816425,10.59447128287708,28.884863123993558,15.009393451422437,3.5628019323671496,1.6170155662909287,4.052603327965647,0.7648953301127214,0.7783145464304885,0.040257648953301126,0.5099302200751477,,
82,4.750402576489533,29.21363392377885,10.856146001073537,28.59634997316157,14.99597423510467,3.5628019323671496,1.7713365539452497,4.159957058507783,0.7648953301127214,0.7783145464304885,0.040257648953301126,0.5099302200751477,,
83,4.683306494900698,29.186795491143318,10.95679012345679,28.515834675254965,14.969135802469136,3.6097691894793345,1.7914653784219001,4.159957058507783,0.7648953301127214,0.7783145464304885,0.040257648953301126,0.5367686527106817,0.0067096081588835215,
84,4.683306494900698,29.1129898013956,10.990338164251208,28.401771336553946,14.969135802469136,3.6097691894793345,1.9457863660762211,4.159957058507783,0.7648953301127214,0.7783145464304885,0.040257648953301126,0.5367686527106817,0.0067096081588835215,
85,4.669887278582931,28.83118625872249,10.990338164251208,28.401771336553946,13.976113794954374,4.978529253891573,2.0531400966183573,4.159957058507783,0.5367686527106817,0.7783145464304885,0.026838432635534086,0.5770263016639828,0.020128824476650563,
86,4.730273752012883,28.817767042404725,11.144659151905529,28.12667740203972,13.922436929683306,4.978529253891573,2.1269457863660763,4.159957058507783,0.5367686527106817,0.8319914117015567,0.026838432635534086,0.5770263016639828,0.020128824476650563,
87,4.730273752012883,28.784219001610307,11.117820719269995,28.12667740203972,13.94927536231884,4.730273752012883,2.1269457863660763,4.42163177670424,0.5367686527106817,0.8319914117015567,0.026838432635534086,0.5770263016639828,0.040257648953301126,
88,4.656468062265164,28.629898013955984,11.09098228663446,28.052871712292003,13.855340848094471,4.87788513150832,2.3617820719269993,4.461889425657541,0.5367686527106817,0.8319914117015567,0.026838432635534086,0.5770263016639828,0.040257648953301126,
89,4.7168545356951155,27.9723564143854,10.889694041867955,27.865002683843265,12.620772946859903,7.447665056360709,2.4020397208803006,4.461889425657541,0.5636070853462157,0.5837359098228664,0.026838432635534086,0.4092860976918948,0.040257648953301126,
90,4.7168545356951155,27.891841116478798,11.11111111111111,27.831454643048847,12.4597423510467,7.266505636070853,2.4020397208803006,4.51556629092861,0.7246376811594203,0.5770263016639828,0.026838432635534086,0.43612453032742887,0.040257648953301126,
91,4.730273752012883,27.77777777777778,11.137949543746645,27.771068169618893,12.4597423510467,7.266505636070853,2.509393451422437,4.51556629092861,0.7246376811594203,0.5770263016639828,0.026838432635534086,0.43612453032742887,0.06709608158883522,
92,4.757112184648417,26.858561460010737,9.957058507783145,27.49597423510467,14.439076757917338,7.266505636070853,2.85829307568438,4.562533548040794,0.7246376811594203,0.5770263016639828,0.026838432635534086,0.43612453032742887,0.040257648953301126,
93,4.777241009125067,26.69753086419753,9.406870638754697,26.8719806763285,15.801127214170693,7.266505636070853,2.6704240472356413,4.542404723564144,0.7179280730005367,0.5770263016639828,0.026838432635534086,0.6038647342995169,0.040257648953301126,
94,4.7101449275362315,26.69753086419753,9.406870638754697,26.73107890499195,15.942028985507246,7.266505636070853,2.7308105206655933,4.542404723564144,0.7179280730005367,0.5770263016639828,0.026838432635534086,0.6105743424584005,0.040257648953301126,
95,4.730273752012883,25.181159420289855,8.870101986044014,26.67740203972088,15.942028985507246,7.246376811594203,2.771068169618894,6.474771873322598,0.7179280730005367,0.5770263016639828,0.1610305958132045,0.6105743424584005,0.040257648953301126,
96,4.696725711218465,24.496779388083738,8.662104133118627,30.441492216854535,14.432367149758454,5.870907139023081,2.985775630703167,6.474771873322598,0.644122383252818,0.5770263016639828,0.1610305958132045,0.5166398282340311,0.040257648953301126,
97,4.723564143853999,24.402844873859365,12.070585077831455,27.34165324745035,14.418947933440688,5.83064949006978,2.771068169618894,6.474771873322598,0.644122383252818,0.6105743424584005,0.1610305958132045,0.5099302200751477,0.040257648953301126,
98,4.703435319377348,23.483628556092324,11.822329575952764,27.180622651637144,16.982018250134193,5.83064949006978,2.831454643048846,5.287171229200215,0.644122383252818,0.6508319914117016,0.026838432635534086,0.5166398282340311,0.040257648953301126,
99,4.696725711218465,23.429951690821255,11.855877616747183,26.959205582393988,17.008856682769725,5.8239398819108965,3.026033279656468,5.287171229200215,0.6508319914117016,0.6508319914117016,0.05367686527106817,0.5166398282340311,0.040257648953301126,
100,3.965378421900161,22.430220075147613,10.923242082662373,35.0979602791197,13.056897477187333,5.71658615136876,2.13365539452496,5.112721417069243,0.5099302200751477,0.6172839506172839,0.05367686527106817,0.3824476650563607,,
101,4.05931293612453,22.396672034353195,10.896403650026839,35.08454106280193,13.050187869028449,5.676328502415459,2.147074610842727,5.112721417069243,0.5367686527106817,0.5837359098228664,0.08051529790660225,0.3757380568974772,,
102,4.0995705850778315,22.38996242619431,10.876274825550189,34.91009125067096,13.036768652710682,5.662909286097692,2.3215244229736984,5.059044551798175,0.5367686527106817,0.5837359098228664,0.13419216317767044,0.38915727321524424,,
103,4.106280193236715,22.309447128287708,10.762211486849168,34.836285560923244,13.036768652710682,5.629361245303274,2.49597423510467,5.12614063338701,0.5904455179817498,0.5837359098228664,0.13419216317767044,0.38915727321524424,,
104,4.1129898013955986,22.24235104669887,10.795759527643586,34.836285560923244,12.962962962962964,5.60252281266774,2.49597423510467,5.12614063338701,0.7045088566827697,0.5837359098228664,0.13419216317767044,0.4025764895330113,,
105,4.253891572732153,21.960547504025765,11.044015029522276,34.76247987117552,12.915995705850777,5.535426731078905,2.475845410628019,5.159688674181428,0.7716049382716049,0.5837359098228664,0.13419216317767044,0.4025764895330113,,
106,4.28743961352657,21.960547504025765,11.218464841653248,34.58132045088567,12.915995705850777,5.381105743424584,2.6033279656468062,5.159688674181428,0.7716049382716049,0.5837359098228664,0.13419216317767044,0.4025764895330113,,
107,4.206924315619967,22.10144927536232,11.218464841653248,34.52093397745572,12.828770799785293,5.381105743424584,2.6502952227589907,5.173107890499195,0.7716049382716049,0.5837359098228664,0.13419216317767044,0.4294149221685454,,
108,4.260601180891036,22.020933977455716,11.245303274288782,34.35990338164251,12.942834138486312,5.374396135265701,2.703972088030059,5.166398282340311,0.7716049382716049,0.5904455179817498,0.13419216317767044,0.4294149221685454,,
109,4.200214707461084,21.906870638754697,10.82259796027912,33.81642512077295,12.875738056897477,5.931293612453032,2.6704240472356413,5.810520665593129,0.7783145464304885,0.6709608158883521,0.13419216317767044,0.3824476650563607,,
110,4.240472356414386,21.76596886741814,11.178207192699947,32.31347289318304,14.237788513150832,5.723295759527644,2.7643585614600106,5.797101449275362,0.7783145464304885,0.644122383252818,0.1610305958132045,0.39586688137412773,,
111,4.334406870638754,21.67874396135266,11.245303274288782,32.25308641975309,14.143853998926463,5.71658615136876,2.7643585614600106,5.797101449275362,0.7716049382716049,0.644122383252818,0.1610305958132045,0.48980139559849706,,
112,4.26731078904992,21.64519592055824,11.077563070316694,27.22758990874933,16.955179817498657,8.440687063875469,2.6637144390767578,5.649490069779925,0.785024154589372,0.644122383252818,0.1610305958132045,0.4830917874396135,,
113,4.320987654320987,21.631776704240472,11.077563070316694,27.15378421900161,16.921631776704242,8.36688137412775,2.7241009125067097,5.622651637144391,0.8655394524959742,0.6709608158883521,0.1610305958132045,0.4830917874396135,,
114,4.374664519592056,21.517713365539453,11.104401502952227,27.059849704777243,16.82769726247987,8.36688137412775,2.7979066022544283,5.676328502415459,0.8655394524959742,0.6709608158883521,0.1610305958132045,0.5770263016639828,,
115,4.488727858293076,21.450617283950617,11.084272678475577,27.006172839506174,16.814278046162105,8.360171765968868,2.831454643048846,5.642780461621041,0.8655394524959742,0.6709608158883521,0.19457863660762212,0.5904455179817498,,
116,4.508856682769726,21.4170692431562,11.16478797638218,26.92565754159957,16.80756843800322,8.293075684380032,2.885131508319914,5.642780461621041,0.9192163177670424,0.6709608158883521,0.19457863660762212,0.5703166935050993,,
117,3.656736446591519,22.745571658615138,11.265432098765432,26.38888888888889,16.76731078904992,8.266237251744498,2.9589371980676327,5.58239398819109,0.9326355340848095,0.6709608158883521,0.19457863660762212,0.5703166935050993,,
118,3.6231884057971016,22.19538378958669,11.963231347289318,26.34863123993559,16.59286097691895,8.266237251744498,2.9924852388620504,5.58239398819109,0.9326355340848095,0.6709608158883521,0.19457863660762212,0.6374127750939346,,
119,3.7104133118625873,22.17525496511004,11.949812130971551,26.308373590982285,16.545893719806763,8.266237251744498,3.0193236714975846,5.555555555555555,0.9326355340848095,0.6709608158883521,0.19457863660762212,0.6709608158883521,,
120,3.7775093934514223,22.15512614063339,11.956521739130435,26.308373590982285,16.411701556629094,8.266237251744498,2.965646806226516,5.555555555555555,0.9326355340848095,0.6709608158883521,0.24154589371980675,0.7581857219538379,,
121,3.770799785292539,22.114868491680085,12.372517444981213,25.865539452495973,16.264090177133657,8.205850778314547,3.099838969404187,5.488459473966721,0.9326355340848095,0.6239935587761675,0.30864197530864196,0.95276435856146,,
122,3.824476650563607,22.061191626409016,12.486580783682234,25.764895330112722,16.264090177133657,8.024691358024691,3.240740740740741,5.522007514761138,0.9326355340848095,0.630703166935051,0.30864197530864196,0.9393451422436929,,
123,3.743961352657005,22.007514761137948,12.546967257112184,31.80354267310789,11.708266237251744,7.286634460547504,3.1333870101986045,5.58239398819109,0.7648953301127214,0.46296296296296297,0.30864197530864196,0.6508319914117016,,
124,3.643317230273752,21.85319377348363,12.52012882447665,31.964573268921097,11.708266237251744,7.206119162640902,3.227321524422974,5.589103596349974,0.8387010198604401,0.46296296296296297,0.33548040794417605,0.6508319914117016,,
125,3.6500268384326353,21.611647879763822,10.446859903381643,34.46725711218465,11.634460547504025,7.065217391304348,3.1065485775630703,5.5756843800322065,1.1003757380568975,0.4227053140096618,0.2683843263553409,0.6508319914117016,,
126,2.8650026838432634,20.74610842726785,10.768921095008052,37.39935587761675,11.453301127214171,5.998389694041868,2.945517981749866,5.434782608695652,1.06682769726248,0.4227053140096618,0.2683843263553409,0.630703166935051,,
127,2.8650026838432634,20.471014492753625,11.366076221148685,36.75523349436393,11.453301127214171,5.998389694041868,3.33467525496511,5.367686527106817,1.06682769726248,0.4227053140096618,0.2683843263553409,0.630703166935051,,
128,2.885131508319914,20.457595276435857,11.654589371980677,36.61433172302738,11.265432098765432,5.864197530864198,3.502415458937198,5.287171229200215,1.1473429951690821,0.4227053140096618,0.2683843263553409,0.630703166935051,,
129,2.985775630703167,20.356951154052602,11.761943102522812,34.88996242619431,12.788513150831992,5.810520665593129,3.502415458937198,5.428073000536768,1.1406333870101986,0.4227053140096618,0.2683843263553409,0.644122383252818,,
130,2.8918411164787976,18.760064412238325,11.030595813204508,31.816961889425656,14.553140096618357,9.977187332259795,3.1468062265163717,5.421363392377885,1.0802469135802468,0.43612453032742887,0.2683843263553409,0.6172839506172839,,
131,2.871712292002147,18.746645195920557,11.023886205045626,31.49490069779925,14.371980676328503,9.977187332259795,3.569511540526033,5.508588298443371,1.0802469135802468,0.5166398282340311,0.2683843263553409,0.5703166935050993,,
132,2.885131508319914,18.71309715512614,11.057434245840042,31.36070853462158,14.251207729468598,9.829575952764358,3.549382716049383,5.810520665593129,1.1876006441223832,0.5166398282340311,0.2683843263553409,0.5703166935050993,,
133,2.898550724637681,18.54535695115405,11.198336017176597,31.300322061191626,14.231078904991948,9.829575952764358,3.6366076221148687,5.8172302737520125,1.2144390767579174,0.48980139559849706,0.2683843263553409,0.5703166935050993,,
134,2.8918411164787976,18.38432635534085,11.43317230273752,30.95813204508857,14.184111647879764,9.809447128287708,3.8177670424047236,5.730005367686527,1.2144390767579174,0.7380568974771873,0.2683843263553409,0.5703166935050993,,
135,2.9052603327965647,18.364197530864196,11.453301127214171,30.783682232957595,14.184111647879764,9.809447128287708,3.898282340311326,5.810520665593129,1.2144390767579174,0.7380568974771873,0.2683843263553409,0.5703166935050993,,
136,2.8918411164787976,18.283682232957595,11.66129898013956,30.589103596349972,14.15727321524423,9.749060654857756,3.9855072463768115,5.803811057434245,1.2748255501878691,0.7648953301127214,0.2683843263553409,0.5703166935050993,,
137,2.945517981749866,18.243424584004295,11.654589371980677,30.56897477187332,14.251207729468598,9.728931830381105,3.965378421900161,5.750134192163178,1.2748255501878691,0.7648953301127214,0.2616747181964573,0.5904455179817498,,
138,2.9052603327965647,18.17632850241546,11.721685453569512,30.52200751476114,14.251207729468598,9.728931830381105,3.978797638217928,5.844068706387547,1.2748255501878691,0.7447665056360708,0.2616747181964573,0.5904455179817498,,
139,2.965646806226516,18.14278046162104,11.728395061728396,30.50858829844337,14.224369296833064,9.500805152979066,3.978797638217928,5.844068706387547,1.4761137949543746,0.7447665056360708,0.2616747181964573,0.6239935587761675,,
140,2.7106816961889426,17.538915727321523,11.969940955448202,30.233494363929147,14.237788513150832,10.923242082662373,3.8580246913580245,5.622651637144391,1.4626945786366077,0.6575415995705851,0.19457863660762212,0.5904455179817498,,
141,2.214170692431562,16.324476650563607,11.882716049382717,31.890767579173378,14.53972088030059,10.775630703166936,3.9049919484702094,5.555555555555555,1.4492753623188406,0.6105743424584005,0.19457863660762212,0.6575415995705851,,
142,2.26784755770263,16.31105743424584,11.842458400429415,31.696188942565755,14.512882447665056,10.63472893183038,3.938539989264627,5.790391841116479,1.4761137949543746,0.630703166935051,0.19457863660762212,0.7045088566827697,,
143,2.2745571658615136,16.284219001610307,11.862587224906065,31.54186795491143,14.459205582393988,10.63472893183038,3.9318303811057436,5.891035963499732,1.4761137949543746,0.6239935587761675,0.2214170692431562,0.798443370907139,,
144,2.301395598497048,16.210413311862588,11.922973698336017,31.34728931830381,14.459205582393988,10.628019323671497,4.119699409554482,5.803811057434245,1.4559849704777241,0.6239935587761675,0.2214170692431562,0.9057971014492754,,
145,2.328234031132582,16.210413311862588,12.00348899624262,31.246645195920557,14.31159420289855,10.628019323671497,4.213633923778851,5.790391841116479,1.4559849704777241,0.6239935587761675,0.2549651100375738,0.9326355340848095,,
146,2.3617820719269993,16.210413311862588,12.00348899624262,31.092324208266238,14.251207729468598,10.587761674718196,4.388083735909823,5.790391841116479,1.4559849704777241,0.6575415995705851,0.2549651100375738,0.9460547504025765,,
147,2.3752012882447664,16.0829307568438,12.164519592055823,31.04535695115405,14.224369296833064,10.581052066559312,4.388083735909823,5.8172302737520125,1.442565754159957,0.6575415995705851,0.2549651100375738,0.966183574879227,,
148,2.408749329039184,15.888352120236178,11.929683306494901,30.575684380032207,14.197530864197532,10.513955984970478,4.851046698872786,6.219806763285024,1.5096618357487923,0.6575415995705851,0.2549651100375738,0.9930220075147611,,
149,2.4221685453569513,15.888352120236178,11.922973698336017,30.475040257648953,14.130434782608695,10.82259796027912,4.7168545356951155,6.1929683306494905,1.5230810520665594,0.6575415995705851,0.2549651100375738,0.9930220075147611,,
150,2.4355877616747184,15.874932903918411,11.922973698336017,30.394524959742352,14.130434782608695,10.82259796027912,4.797369833601718,6.1929683306494905,1.5230810520665594,0.6575415995705851,0.2549651100375738,0.9930220075147611,,
151,2.4355877616747184,15.794417606011809,11.990069779924852,30.26033279656468,14.15727321524423,10.82259796027912,4.891304347826087,6.1929683306494905,1.5499194847020934,0.6575415995705851,0.2549651100375738,0.9930220075147611,,
152,2.227589908749329,15.35829307568438,11.58749329039184,32.44095544820183,13.238056897477188,10.782340311325818,4.85775630703167,6.112453032742888,1.5499194847020934,0.644122383252818,0.2549651100375738,0.9460547504025765,,
153,2.2611379495437465,15.35829307568438,11.58749329039184,32.380568974771876,13.238056897477188,10.715244229736983,4.9651100375738055,6.112453032742888,1.5365002683843263,0.644122383252818,0.2549651100375738,0.9460547504025765,,
154,2.328234031132582,15.297906602254429,11.560654857756306,32.326892109500804,13.238056897477188,10.715244229736983,4.9651100375738055,6.179549114331723,1.5365002683843263,0.6508319914117016,0.2549651100375738,0.9460547504025765,,
155,2.3483628556092326,15.210681696188942,11.621041331186259,32.11218464841653,13.251476113794954,10.681696188942565,5.2066559312936125,6.179549114331723,1.5365002683843263,0.6508319914117016,0.2549651100375738,0.9460547504025765,,
156,2.3752012882447664,15.13016639828234,11.574074074074074,32.045088566827694,13.358829844337091,10.681696188942565,5.253623188405797,6.085614600107354,1.5432098765432098,0.6508319914117016,0.3421900161030596,0.9460547504025765,0.013419216317767043,
157,2.3752012882447664,15.083199141170155,11.621041331186259,31.676060118089104,13.385668276972625,10.681696188942565,5.622651637144391,6.0587761674718195,1.5432098765432098,0.6508319914117016,0.3421900161030596,0.9460547504025765,0.013419216317767043,
158,2.38191089640365,15.076489533011273,11.782071926999464,31.588835212023618,13.20450885668277,10.681696188942565,5.622651637144391,6.0587761674718195,1.596886741814278,0.7045088566827697,0.3421900161030596,0.9460547504025765,0.013419216317767043,
159,2.4892646269457863,15.022812667740205,11.761943102522812,31.588835212023618,13.063607085346217,10.628019323671497,5.615942028985507,6.045356951154052,1.6237251744498122,0.7045088566827697,0.3421900161030596,1.1003757380568975,0.013419216317767043,
160,2.49597423510467,15.022812667740205,11.75523349436393,31.548577563070317,13.063607085346217,10.628019323671497,5.629361245303274,6.052066559312936,1.6170155662909287,0.7045088566827697,0.3421900161030596,1.1272141706924315,0.013419216317767043,
161,2.49597423510467,14.942297369833602,11.634460547504025,31.233225979602793,14.163982823403114,9.64170692431562,5.683038110574342,6.387546967257112,1.583467525496511,0.7783145464304885,0.3421900161030596,1.1003757380568975,0.013419216317767043,
162,2.462426194310252,14.855072463768115,11.701556629092861,29.911433172302736,14.009661835748792,11.104401502952227,5.676328502415459,6.3137412775093935,1.7042404723564144,0.7716049382716049,0.3421900161030596,1.133923778851315,0.013419216317767043,
163,2.49597423510467,14.834943639291465,11.701556629092861,29.78395061728395,13.801663982823403,11.030595813204508,5.837359098228664,6.4345142243692965,1.8250134192163177,0.7716049382716049,0.3421900161030596,1.1272141706924315,0.013419216317767043,
164,2.5496511003757383,14.801395598497047,11.627750939345143,29.69001610305958,13.768115942028986,11.023886205045626,5.971551261406334,6.380837359098229,1.8250134192163177,0.7716049382716049,0.39586688137412773,1.1808910359634996,0.013419216317767043,
165,2.536231884057971,14.727589908749328,11.735104669887278,29.683306494900698,13.768115942028986,11.023886205045626,5.971551261406334,6.367418142780462,1.8250134192163177,0.7716049382716049,0.39586688137412773,1.1808910359634996,0.013419216317767043,
166,2.5563607085346214,14.720880300590446,11.728395061728396,29.676596886741816,13.81508319914117,11.023886205045626,5.884326355340848,6.380837359098229,1.8250134192163177,0.7716049382716049,0.39586688137412773,1.2077294685990339,0.013419216317767043,
167,2.6033279656468062,14.65378421900161,11.473429951690822,29.62962962962963,13.81508319914117,11.023886205045626,5.844068706387547,6.769994632313473,1.8250134192163177,0.7716049382716049,0.36902844873859364,1.2077294685990339,0.013419216317767043,
168,2.623456790123457,14.586688137412775,11.366076221148685,29.542404723564143,13.882179280730005,11.104401502952227,5.870907139023081,6.776704240472356,1.8719806763285025,0.7716049382716049,0.36902844873859364,1.1808910359634996,0.05367686527106817,
169,2.6502952227589907,14.51959205582394,11.345947396672035,29.32769726247987,13.855340848094471,11.084272678475577,6.0654857756307035,6.837090713902308,1.9390767579173376,0.7447665056360708,0.3757380568974772,1.2010198604401503,0.05367686527106817,
170,2.623456790123457,14.479334406870638,11.446591519055287,29.294149221685455,13.754696725711218,11.044015029522276,6.4345142243692965,6.729736983360172,1.9390767579173376,0.7179280730005367,0.3757380568974772,1.107085346215781,0.05367686527106817,
171,2.6704240472356413,14.418947933440688,11.352657004830919,29.1129898013956,13.741277509393452,11.345947396672035,6.447933440687064,6.723027375201288,1.9390767579173376,0.7112184648416533,0.3757380568974772,1.107085346215781,0.05367686527106817,
172,2.5496511003757383,12.721417069243156,13.446054750402576,29.005636070853463,13.714439076757918,11.345947396672035,6.4412238325281805,6.635802469135802,1.9390767579173376,0.6776704240472357,0.3757380568974772,1.093666129898014,0.05367686527106817,
173,2.536231884057971,12.721417069243156,14.492753623188406,28.31454643048846,13.714439076757918,11.345947396672035,6.387546967257112,6.380837359098229,1.9256575415995705,0.6575415995705851,0.3757380568974772,1.093666129898014,0.05367686527106817,
174,2.522812667740204,12.694578636607622,14.351851851851851,28.193773483628558,13.6808910359635,11.345947396672035,6.5552871712292005,6.394256575415996,1.9390767579173376,0.6575415995705851,0.4830917874396135,1.1272141706924315,0.05367686527106817,
175,2.5563607085346214,12.573805689747719,14.459205582393988,28.187063875469672,13.580246913580247,11.43317230273752,6.602254428341385,6.367418142780462,1.932367149758454,0.6575415995705851,0.4830917874396135,1.1137949543746646,0.05367686527106817,
176,2.6033279656468062,12.533548040794418,14.459205582393988,27.95222758990875,13.56682769726248,11.460010735373054,6.763285024154589,6.360708534621578,2.0128824476650564,0.6508319914117016,0.4830917874396135,1.1003757380568975,0.05367686527106817,
177,2.6301663982823404,12.446323134728932,14.546430488459475,27.851583467525497,13.519860440150294,11.386205045625335,6.951154052603328,6.353998926462695,1.9726247987117553,0.7112184648416533,0.4830917874396135,1.093666129898014,0.05367686527106817,
178,2.61003757380569,12.29200214707461,14.465915190552872,27.81803542673108,13.513150831991412,11.3191089640365,6.91760601180891,6.602254428341385,2.0397208803005906,0.7112184648416533,0.49651100375738055,1.1607622114868492,0.05367686527106817,
179,2.6301663982823404,12.104133118625873,14.459205582393988,27.549651100375737,13.546698872785829,11.3191089640365,7.0383789586688135,6.837090713902308,1.9860440150295222,0.7380568974771873,0.5636070853462157,1.1741814278046163,0.05367686527106817,
180,2.623456790123457,12.104133118625873,14.345142243692969,27.079978529253893,13.41250670960816,11.252012882447666,7.065217391304348,7.481213097155126,1.9860440150295222,0.7380568974771873,0.5636070853462157,1.2949543746645196,0.05367686527106817,
181,2.623456790123457,12.037037037037036,14.351851851851851,27.079978529253893,13.365539452495975,11.252012882447666,7.065217391304348,7.521470746108427,1.9860440150295222,0.7648953301127214,0.6038647342995169,1.2949543746645196,0.05367686527106817,
182,2.623456790123457,11.882716049382717,14.036500268384327,26.764626945786365,14.264626945786366,10.836017176596886,7.226247987117552,7.581857219538379,1.9524959742351047,0.7648953301127214,0.6038647342995169,1.4090177133655395,0.05367686527106817,
183,2.6704240472356413,11.882716049382717,14.036500268384327,26.630434782608695,14.264626945786366,10.809178743961352,7.360440150295223,7.561728395061729,1.9524959742351047,0.7648953301127214,0.6038647342995169,1.4090177133655395,0.05367686527106817,
184,2.6033279656468062,11.882716049382717,14.016371443907676,26.462694578636608,14.184111647879764,10.809178743961352,7.581857219538379,7.555018786902845,2.0665593129361244,0.7648953301127214,0.6038647342995169,1.415727321524423,0.05367686527106817,
