,45,50,53,55,52,51,56,54
0,99.1814278046162,0.8185721953837896,,,,,,
1,83.11191626409018,16.888083735909824,,,,,,
2,77.46913580246914,22.530864197530864,,,,,,
3,74.75174449812131,25.248255501878692,,,,,,
4,74.43639291465378,25.563607085346217,,,,,,
5,74.48336017176597,25.51663982823403,,,,,,
6,74.73832528180354,25.261674718196456,,,,,,
7,74.80542136339238,25.194578636607623,,,,,,
8,57.46108427267848,41.55931293612453,0.9796027911969941,,,,,
9,45.94739667203435,53.07300053676865,0.9796027911969941,,,,,
10,46.05475040257649,52.49597423510467,0.9796027911969941,0.46967257112184646,,,,
11,39.15727321524423,59.72222222222222,0.5032206119162641,0.6172839506172839,,,,
12,39.22436929683307,56.70960815888352,0.5032206119162641,0.5971551261406334,2.965646806226516,,,
13,35.63472893183038,59.326355340848096,0.33548040794417605,0.5971551261406334,4.106280193236715,,,
14,35.83601717659689,59.12506709608159,0.33548040794417605,0.5971551261406334,4.106280193236715,,,
15,29.70343531937735,65.25764895330113,0.33548040794417605,0.5971551261406334,4.106280193236715,,,
16,29.810789049919485,65.15029522275898,0.33548040794417605,0.5971551261406334,4.106280193236715,,,
17,26.167471819645733,61.191626409017715,0.33548040794417605,0.5971551261406334,4.106280193236715,7.601986044015029,,
18,25.42270531400966,53.14009661835749,3.9049919484702094,0.5971551261406334,4.106280193236715,12.828770799785293,,
19,25.751476113794954,52.93880837359098,3.8714439076757916,0.5971551261406334,4.03918411164788,12.801932367149758,,
20,25.83870101986044,47.97369833601718,3.864734299516908,0.5971551261406334,4.03918411164788,17.68652710681696,,
21,25.905797101449274,47.90660225442834,3.864734299516908,0.5971551261406334,4.03918411164788,17.68652710681696,,
22,26.120504562533547,47.85292538915727,3.851315083199141,0.5971551261406334,4.03918411164788,17.424852388620504,0.11406333870101985,
23,26.724369296833064,47.48389694041868,3.770799785292539,0.5971551261406334,4.005636070853462,17.3040794417606,0.11406333870101985,
24,26.576757917337627,42.64626945786366,3.770799785292539,0.5971551261406334,4.005636070853462,22.289318303811058,0.11406333870101985,
25,26.7914653784219,42.49865807836822,3.770799785292539,0.5971551261406334,3.992216854535695,22.23564143853999,0.11406333870101985,
26,27.059849704777243,41.337895866881375,4.428341384863124,0.5971551261406334,3.992216854535695,21.24261943102523,0.11406333870101985,1.2278582930756843
27,24.698067632850243,45.46430488459474,4.42163177670424,0.5971551261406334,2.4154589371980677,21.061460010735374,0.11406333870101985,1.2278582930756843
28,25.05367686527107,45.370370370370374,4.26731078904992,0.5703166935050993,2.3886205045625335,20.88030059044552,0.24154589371980675,1.2278582930756843
29,25.09393451422437,44.49141170155663,4.26731078904992,0.7112184648416533,3.92512077294686,20.041599570585078,0.24154589371980675,1.2278582930756843
30,25.241545893719806,44.39747718733226,4.253891572732153,0.7112184648416533,3.92512077294686,20.001341921631777,0.24154589371980675,1.2278582930756843
31,25.731347289318304,43.907675791733766,4.253891572732153,0.7112184648416533,3.92512077294686,20.001341921631777,0.24154589371980675,1.2278582930756843
32,25.959473966720342,43.71309715512614,4.253891572732153,0.6977992485238862,5.535426731078905,18.370907139023082,0.24154589371980675,1.2278582930756843
33,20.90713902308105,49.563875469672574,3.4151905528717124,0.7514761137949544,9.675254965110037,14.331723027375201,0.1274825550187869,1.2278582930756843
34,18.887546967257112,50.013419216317764,3.33467525496511,1.4626945786366077,9.655126140633387,15.304616210413311,0.1274825550187869,1.2144390767579174
35,18.726516371443907,47.16854535695116,3.33467525496511,1.4626945786366077,14.640365002683843,13.325281803542673,0.1274825550187869,1.2144390767579174
36,19.102254428341386,47.00080515297907,3.3145464304884595,1.3955984970477724,14.586688137412775,13.264895330112722,0.1274825550187869,1.2077294685990339
37,18.230005367686527,34.97047772410091,2.9589371980676327,0.6910896403650026,15.445517981749866,26.37546967257112,0.1274825550187869,1.2010198604401503
38,18.61916264090177,33.682232957595275,2.2745571658615136,0.6910896403650026,15.445517981749866,26.261406333870102,,3.026033279656468
39,18.38432635534085,32.90391841116479,2.2745571658615136,0.6508319914117016,18.270263016639827,24.537037037037038,,2.9790660225442833
40,16.6532474503489,30.931293612453032,2.2745571658615136,1.3419216317767042,17.438271604938272,28.99892646269458,,2.3617820719269993
41,17.05582393988191,30.67632850241546,2.2745571658615136,1.3419216317767042,17.438271604938272,28.85131508319914,,2.3617820719269993
42,17.176596886741816,30.629361245303276,2.2745571658615136,1.3419216317767042,17.438271604938272,28.79092860976919,,2.3483628556092326
43,17.458400429414922,30.535426731078903,2.2745571658615136,1.3419216317767042,17.2638217928073,28.663446054750402,0.11406333870101985,2.3483628556092326
44,17.713365539452496,30.367686527106816,2.2074610842726785,1.3419216317767042,17.24369296833065,28.663446054750402,0.11406333870101985,2.3483628556092326
45,16.774020397208805,29.958400429414922,2.2074610842726785,1.328502415458937,17.24369296833065,30.02549651100376,0.11406333870101985,2.3483628556092326
46,16.129898013955984,28.978797638217927,1.2077294685990339,1.328502415458937,23.463499731615673,27.831454643048847,0.11406333870101985,0.9460547504025765
47,16.17686527106817,28.81105743424584,1.2077294685990339,1.4358561460010735,23.597691894793343,27.710681696188942,0.11406333870101985,0.9460547504025765
48,16.5727321524423,28.341384863123995,1.2010198604401503,2.2410091250670963,23.483628556092324,27.100107353730543,0.11406333870101985,0.9460547504025765
49,16.71363392377885,28.341384863123995,2.073268921095008,2.13365539452496,23.423242082662373,26.147342995169083,0.11406333870101985,1.0534084809447128
50,17.163177670424048,28.093129361245303,2.046430488459474,2.13365539452496,23.315888352120236,26.080246913580247,0.11406333870101985,1.0534084809447128
51,16.51905528717123,25.221417069243156,2.046430488459474,1.1876006441223832,21.07487922705314,32.9777241009125,0.11406333870101985,0.8588298443370908
52,16.626409017713364,24.50348899624262,2.046430488459474,1.1876006441223832,20.497852925389157,33.82984433709071,0.11406333870101985,1.1943102522812667
53,16.7337627482555,24.436392914653783,2.046430488459474,1.1876006441223832,20.497852925389157,33.65539452495974,0.24825550187869028,1.1943102522812667
54,16.75389157273215,24.168008588298445,2.046430488459474,1.1876006441223832,20.79307568438003,33.60842726784756,0.24825550187869028,1.1943102522812667
55,16.700214707461082,24.08749329039184,2.046430488459474,0.9125067096081588,16.881374127750938,37.956253354804076,0.24825550187869028,1.1674718196457328
56,15.277777777777779,24.214975845410628,3.374932903918411,0.7514761137949544,17.901234567901234,36.822329575952764,0.48980139559849706,1.1674718196457328
57,14.80810520665593,24.10762211486849,3.374932903918411,0.8856682769726248,15.915190552871712,39.190821256038646,0.5501878690284487,1.1674718196457328
58,14.278046162104133,26.99946323134729,3.784219001610306,0.6239935587761675,13.110574342458401,39.734299516908216,0.30864197530864196,1.1607622114868492
59,14.63365539452496,26.898819108964037,3.7573805689747717,0.6239935587761675,14.99597423510467,37.6207729468599,0.30864197530864196,1.1607622114868492
60,14.794685990338165,26.86527106816962,3.7104133118625873,1.8317230273752012,14.969135802469136,36.3593666129898,0.30864197530864196,1.1607622114868492
61,14.38539989264627,24.510198604401502,2.9388083735909825,2.341653247450349,13.030059044551798,41.458668813741276,0.17444981213097155,1.1607622114868492
62,14.707461084272678,24.248523886205046,2.9388083735909825,2.341653247450349,12.406065485775631,41.40499194847021,0.17444981213097155,1.778046162104133
63,14.237788513150832,22.745571658615138,2.9388083735909825,1.6438539989264627,9.64170692431562,46.83977455716586,0.17444981213097155,1.778046162104133
64,14.922168545356952,21.484165324745035,4.0995705850778315,1.6438539989264627,9.574610842726784,45.98094471282877,0.5166398282340311,1.778046162104133
65,15.271068169618895,21.423778851315085,4.0995705850778315,1.6438539989264627,9.574610842726784,45.69243156199678,0.5166398282340311,1.778046162104133
66,15.257648953301127,20.86688137412775,4.736983360171766,1.596886741814278,9.50751476113795,45.37707997852925,0.8789586688137413,1.778046162104133
67,15.28448738593666,20.813204508856682,5.978260869565218,1.596886741814278,9.29951690821256,44.47128287707998,0.7783145464304885,1.778046162104133
68,15.445517981749866,20.74610842726785,7.387278582930757,1.596886741814278,9.178743961352657,43.08910359634997,0.7783145464304885,1.778046162104133
69,15.217391304347826,20.50456253354804,7.387278582930757,1.596886741814278,14.257917337627482,38.83521202361782,0.43612453032742887,1.7646269457863661
70,15.485775630703166,20.43075684380032,7.286634460547504,1.5901771336553945,14.210950080515298,38.79495437466452,0.43612453032742887,1.7646269457863661
71,15.767579173376275,20.101986044015028,7.253086419753086,2.6838432635534084,13.862050456253355,38.13070316693505,0.43612453032742887,1.7646269457863661
72,15.83467525496511,19.880568974771872,7.253086419753086,2.6838432635534084,14.533011272141707,37.61406333870102,0.43612453032742887,1.7646269457863661
73,14.707461084272678,18.53864734299517,4.622920021470746,1.724369296833065,13.043478260869565,45.330112721417066,0.2683843263553409,1.7646269457863661
74,14.794685990338165,18.49838969404187,4.622920021470746,1.865271068169619,13.043478260869565,45.14224369296833,0.2683843263553409,1.7646269457863661
75,15.11003757380569,18.250134192163177,4.5960815888352125,1.9793344068706387,13.003220611916264,45.03488996242619,0.2616747181964573,1.7646269457863661
76,15.190552871712292,17.10950080515298,4.998658078368224,1.9524959742351047,12.929414922168545,45.793075684380035,0.2616747181964573,1.7646269457863661
77,15.230810520665592,17.082662372517444,4.676596886741814,2.086688137412775,12.909286097691895,46.02120236178207,0.2616747181964573,1.7310789049919484
78,13.788244766505636,16.0426731078905,4.64975845410628,1.9189479334406871,11.768652710681696,49.91277509393451,0.2616747181964573,1.6572732152442298
79,13.969404186795492,16.002415458937197,4.64975845410628,1.9189479334406871,11.694847020933977,49.84567901234568,0.2616747181964573,1.6572732152442298
80,13.43263553408481,15.217391304347826,4.64975845410628,2.999194847020934,11.654589371980677,50.12748255501879,0.2616747181964573,1.6572732152442298
81,13.6406333870102,15.13016639828234,4.64975845410628,2.9924852388620504,11.614331723027375,49.49677938808374,0.5837359098228664,1.892109500805153
82,13.848631239935587,15.049651100375739,4.602791196994096,2.9924852388620504,11.600912506709609,49.4296833064949,0.5837359098228664,1.892109500805153
83,14.13714439076758,15.022812667740205,4.602791196994096,3.046162104133119,11.553945249597424,49.16129898013956,0.5837359098228664,1.892109500805153
84,14.506172839506172,14.99597423510467,4.5960815888352125,3.046162104133119,11.386205045625335,48.993558776167475,0.5837359098228664,1.892109500805153
85,14.78797638217928,14.915458937198068,4.5960815888352125,3.046162104133119,11.386205045625335,48.8996242619431,0.5837359098228664,1.7847557702630166
86,14.942297369833602,14.908749329039184,4.575952764358561,3.046162104133119,11.386205045625335,48.772141706924316,0.5837359098228664,1.7847557702630166
87,14.338432635534085,13.18438003220612,4.045893719806763,2.737520128824477,10.715244229736983,52.81803542673108,0.5837359098228664,1.5767579173376274
88,14.680622651637144,13.170960815888352,4.045893719806763,2.737520128824477,10.654857756307031,52.54965110037574,0.5837359098228664,1.5767579173376274
89,14.687332259796028,13.130703166935051,4.012345679012346,2.737520128824477,11.889425657541599,51.38217928073001,0.5837359098228664,1.5767579173376274
90,14.620236178207193,13.197799248523886,4.012345679012346,2.737520128824477,11.889425657541599,51.38217928073001,0.5837359098228664,1.5767579173376274
91,15.573000536768653,13.130703166935051,3.978797638217928,2.737520128824477,11.782071926999464,50.64412238325282,0.5770263016639828,1.5767579173376274
92,15.995705850778315,12.895866881374127,3.978797638217928,2.717391304347826,11.77536231884058,50.48309178743961,0.5770263016639828,1.5767579173376274
93,15.92860976918948,12.828770799785293,5.676328502415459,2.717391304347826,11.681427804616211,49.013687600644126,0.5770263016639828,1.5767579173376274
94,16.23054213633924,12.76838432635534,5.649490069779925,2.717391304347826,11.681427804616211,48.79898013955985,0.5770263016639828,1.5767579173376274
95,16.371443907675793,12.661030595813205,5.629361245303274,2.717391304347826,11.372785829307569,48.34272678475577,1.3553408480944713,1.5499194847020934
96,16.686795491143318,12.661030595813205,5.5756843800322065,2.703972088030059,11.33923778851315,48.128019323671495,1.3553408480944713,1.5499194847020934
97,16.794149221685455,12.661030595813205,5.5756843800322065,2.703972088030059,11.33923778851315,48.05421363392378,1.3553408480944713,1.5163714439076759
98,17.08937198067633,12.647611379495437,5.562265163714439,2.703972088030059,11.33923778851315,47.799248523886206,1.3553408480944713,1.5029522275899088
99,17.23027375201288,12.620772946859903,5.562265163714439,2.703972088030059,11.332528180354267,47.718733225979605,1.3352120236178207,1.4962426194310252
100,17.49194847020934,12.526838432635534,5.4549114331723025,3.180354267310789,11.332528180354267,47.18196457326892,1.3352120236178207,1.4962426194310252
101,17.793880837359097,12.399355877616747,5.4549114331723025,3.1333870101986045,10.929951690821255,46.61164787976382,1.3352120236178207,2.341653247450349
102,17.19001610305958,12.97638217928073,7.37385936661299,3.126677402039721,9.574610842726784,46.081588835212024,1.3352120236178207,2.341653247450349
103,17.76033279656468,12.969672571121846,7.206119162640902,3.126677402039721,9.574610842726784,45.6857219538379,1.3352120236178207,2.341653247450349
104,17.746913580246915,12.922705314009661,7.930756843800322,3.126677402039721,9.574610842726784,45.148953301127214,1.2077294685990339,2.341653247450349
105,18.297101449275363,12.815351583467525,7.930756843800322,3.126677402039721,9.473966720343531,44.806763285024154,1.2077294685990339,2.341653247450349
106,19.00161030595813,12.627482555018787,7.863660762211487,3.126677402039721,9.426999463231347,44.40418679549114,1.2077294685990339,2.341653247450349
107,19.243156199677937,12.627482555018787,7.863660762211487,3.099838969404187,9.426999463231347,44.196188942565755,1.2077294685990339,2.3349436392914655
108,19.64573268921095,12.439613526570048,7.85024154589372,3.046162104133119,9.400161030595813,44.07541599570585,1.2077294685990339,2.3349436392914655
109,19.712828770799785,12.379227053140097,7.85024154589372,3.7037037037037037,9.400161030595813,43.484970477724104,1.2077294685990339,2.2611379495437465
110,19.81347289318304,11.614331723027375,9.453837895866881,3.7573805689747717,9.017713365539452,43.09581320450886,1.2077294685990339,2.0397208803005906
111,19.840311325818572,11.574074074074074,9.453837895866881,3.9049919484702094,9.004294149221685,42.975040257648956,1.2077294685990339,2.0397208803005906
112,20.343531937734838,11.533816425120772,9.453837895866881,3.8915727321524423,8.99087493290392,42.69994632313473,1.2077294685990339,1.8786902844873858
113,20.69243156199678,11.513687600644122,9.41358024691358,3.8915727321524423,8.970746108427267,42.43156199677939,1.2077294685990339,1.8786902844873858
114,20.819914117015568,11.486849168008588,9.41358024691358,3.878153515834675,8.970746108427267,42.3443370907139,1.2077294685990339,1.8786902844873858
115,20.128824476650564,12.359098228663447,10.030864197530864,3.878153515834675,8.561460010735374,42.16317767042405,0.9997316156736447,1.8786902844873858
116,20.477724100912507,12.285292538915728,10.017444981213098,3.8311862587224907,8.55475040257649,42.089371980676326,0.9997316156736447,1.7444981213097155
117,20.585077831454644,12.010198604401502,9.970477724100913,3.8311862587224907,8.541331186258722,41.50563607085346,0.9997316156736447,2.5563607085346214
118,20.67230273752013,11.943102522812667,9.970477724100913,3.8311862587224907,8.541331186258722,41.337895866881375,1.1473429951690821,2.5563607085346214
119,20.840042941492218,11.943102522812667,9.957058507783145,3.8311862587224907,8.541331186258722,41.18357487922705,1.1473429951690821,2.5563607085346214
120,20.21604938271605,13.459473966720344,9.86983360171766,3.8177670424047236,7.803274288781535,40.98228663446055,1.2949543746645196,2.5563607085346214
121,20.591787439613526,13.385668276972625,9.856414385399892,3.8177670424047236,7.7831454643048845,40.79441760601181,1.2144390767579174,2.5563607085346214
122,17.834138486312398,16.72705314009662,9.145195920558239,3.7909286097691894,7.548309178743962,41.076221148684915,1.1876006441223832,2.690552871712292
123,17.59259259259259,15.11003757380569,9.125067096081589,3.7909286097691894,11.010466988727858,39.61352657004831,1.1876006441223832,2.5697799248523885
124,17.733494363929147,15.083199141170155,9.01100375738057,3.7909286097691894,11.010466988727858,39.61352657004831,1.1876006441223832,2.5697799248523885
125,17.05582393988191,14.660493827160494,11.231884057971014,3.4957058507783145,11.010466988727858,38.788244766505635,1.1876006441223832,2.5697799248523885
126,17.384594739667204,14.465915190552872,11.231884057971014,3.4957058507783145,11.010466988727858,38.687600644122384,1.1607622114868492,2.563070316693505
127,14.600107353730541,18.86070853462158,10.352925389157273,3.374932903918411,9.326355340848094,39.962426194310254,0.9594739667203436,2.563070316693505
128,14.55984970477724,18.766774020397207,11.506977992485238,3.374932903918411,9.07139023081052,39.392109500805155,0.7648953301127214,2.563070316693505
129,14.781266774020397,18.686258722490606,11.386205045625335,3.374932903918411,12.104133118625873,36.3593666129898,0.7447665056360708,2.563070316693505
130,15.183843263553408,18.53864734299517,11.3191089640365,3.374932903918411,12.090713902308105,36.18491680085883,0.7447665056360708,2.563070316693505
131,15.653515834675256,18.4044551798175,11.3191089640365,3.374932903918411,12.077294685990339,35.89640365002684,0.7447665056360708,2.5295222758990876
132,15.660225442834138,16.686795491143318,14.083467525496511,3.374932903918411,12.070585077831455,34.29951690821256,1.2949543746645196,2.5295222758990876
133,15.821256038647343,16.67337627482555,14.083467525496511,3.374932903918411,12.057165861513688,34.16532474503489,1.2949543746645196,2.5295222758990876
134,16.264090177133657,16.626409017713364,14.056629092860977,3.361513687600644,12.037037037037036,33.82984433709071,1.2949543746645196,2.5295222758990876
135,16.606280193236714,16.59957058507783,13.88888888888889,3.361513687600644,11.98336017176597,33.73590982286635,1.2949543746645196,2.5295222758990876
136,16.61969940955448,16.59957058507783,13.88888888888889,3.361513687600644,11.98336017176597,33.73590982286635,1.2949543746645196,2.5161030595813205
137,16.71363392377885,16.51905528717123,13.88888888888889,3.361513687600644,11.98336017176597,33.73590982286635,1.2815351583467525,2.5161030595813205
138,16.888083735909824,16.438539989264626,13.88888888888889,3.3548040794417604,11.956521739130435,33.68894256575416,1.2681159420289856,2.5161030595813205
139,17.002147074610843,16.411701556629094,13.88888888888889,3.3548040794417604,11.889425657541599,33.55475040257649,1.4090177133655395,2.4892646269457863
140,17.19001610305958,16.398282340311326,13.882179280730005,3.3548040794417604,11.869296833064949,33.4272678475577,1.4090177133655395,2.4691358024691357
141,17.351046698872786,16.35131508319914,13.788244766505636,3.3548040794417604,11.829039184111648,33.393719806763286,1.4090177133655395,2.522812667740204
142,17.72007514761138,16.27750939345142,13.774825550187868,3.3145464304884595,11.714975845410628,33.2662372517445,1.4090177133655395,2.522812667740204
143,17.954911433172303,16.27079978529254,13.70101986044015,3.4017713365539453,11.688137412775093,33.051529790660226,1.4090177133655395,2.522812667740204
144,18.14278046162104,16.203703703703702,13.667471819645733,3.4017713365539453,11.654589371980677,32.99785292538916,1.4090177133655395,2.522812667740204
145,18.276972624798713,16.150026838432634,13.654052603327965,3.4017713365539453,11.634460547504025,32.950885668276975,1.4090177133655395,2.522812667740204
146,15.881642512077295,15.687063875469672,12.855609232420827,3.2742887815351582,11.144659151905529,38.25147611379496,1.2815351583467525,1.6237251744498122
147,15.526033279656469,12.285292538915728,13.459473966720344,3.2742887815351582,14.673913043478262,37.875738056897475,1.2815351583467525,1.6237251744498122
148,15.707192699946322,12.285292538915728,13.399087493290391,3.2742887815351582,14.673913043478262,37.754965110037574,1.2815351583467525,1.6237251744498122
149,16.129898013955984,11.77536231884058,13.39237788513151,3.4621578099838968,14.673913043478262,37.6610305958132,1.2815351583467525,1.6237251744498122
150,16.210413311862588,11.735104669887278,13.358829844337091,3.4621578099838968,14.673913043478262,37.65432098765432,1.2815351583467525,1.6237251744498122
151,16.566022544283413,11.735104669887278,13.352120236178207,3.4151905528717124,14.647074610842727,37.3792270531401,1.2815351583467525,1.6237251744498122
152,16.82769726247987,11.721685453569512,13.311862587224907,3.4151905528717124,14.55984970477724,37.25845410628019,1.2815351583467525,1.6237251744498122
153,17.250402576489535,11.600912506709609,13.137412775093935,3.4151905528717124,14.459205582393988,37.23161567364466,1.2815351583467525,1.6237251744498122
154,17.337627482555018,11.56736446591519,13.103864734299517,3.4151905528717124,14.459205582393988,37.21148684916801,1.2815351583467525,1.6237251744498122
155,17.49194847020934,11.540526033279656,13.170960815888352,3.388352120236178,14.445786366076222,37.05716586151369,1.2815351583467525,1.6237251744498122
156,16.129898013955984,11.486849168008588,11.58749329039184,3.2004830917874396,12.513419216317766,42.310789049919485,1.1473429951690821,1.6237251744498122
157,16.25738056897477,11.446591519055287,11.580783682232958,3.180354267310789,12.513419216317766,42.270531400966185,1.1473429951690821,1.6035963499731616
158,16.478797638217927,11.386205045625335,11.533816425120772,3.1736446591519054,12.426194310252281,42.250402576489535,1.1473429951690821,1.6035963499731616
159,16.874664519592056,10.581052066559312,12.218196457326892,3.1736446591519054,12.285292538915728,42.11621041331186,1.1473429951690821,1.6035963499731616
160,16.968599033816425,10.487117552334944,12.218196457326892,3.1736446591519054,12.285292538915728,42.11621041331186,1.1473429951690821,1.6035963499731616
161,17.47181964573269,10.406602254428341,12.090713902308105,3.1736446591519054,12.010198604401502,41.948470209339774,1.1473429951690821,1.751207729468599
162,17.59259259259259,10.38647342995169,12.090713902308105,3.166935050993022,12.010198604401502,41.8545356951154,1.1473429951690821,1.751207729468599
163,17.787171229200215,10.38647342995169,11.996779388083736,3.1535158346752548,11.98336017176597,41.79414922168545,1.1473429951690821,1.751207729468599
164,18.055555555555557,10.305958132045088,11.990069779924852,3.0730005367686526,11.969940955448202,41.706924315619965,1.1473429951690821,1.751207729468599
165,18.136070853462158,10.265700483091788,11.969940955448202,3.052871712292002,11.969940955448202,41.706924315619965,1.1473429951690821,1.751207729468599
166,18.552066559312937,10.265700483091788,11.969940955448202,3.052871712292002,11.949812130971551,41.15002683843264,1.3083735909822867,1.751207729468599
167,18.753354804079443,10.265700483091788,11.969940955448202,3.052871712292002,11.896135265700483,41.0024154589372,1.3083735909822867,1.751207729468599
168,18.988191089640367,10.265700483091788,11.949812130971551,3.0327428878153517,11.896135265700483,40.80783682232958,1.3083735909822867,1.751207729468599
169,19.07541599570585,10.265700483091788,11.943102522812667,3.0327428878153517,11.896135265700483,40.727321524422976,1.3083735909822867,1.751207729468599
170,19.142512077294686,10.265700483091788,11.79549114331723,3.0327428878153517,11.896135265700483,40.66022544283414,1.4559849704777241,1.751207729468599
171,19.269994632313473,10.265700483091788,11.761943102522812,3.0327428878153517,11.896135265700483,40.56629092860977,1.4559849704777241,1.751207729468599
172,19.538378958668815,10.218733225979603,11.728395061728396,3.0327428878153517,11.869296833064949,39.91545893719807,1.4358561460010735,2.2611379495437465
173,19.712828770799785,10.151637144390767,11.728395061728396,3.0327428878153517,11.83574879227053,39.85507246376812,1.4224369296833066,2.2611379495437465
174,18.50509930220075,9.722222222222221,9.950348899624261,3.0193236714975846,11.735104669887278,43.4044551798175,1.4224369296833066,2.2410091250670963
175,18.95464304884595,9.722222222222221,9.91009125067096,3.0193236714975846,11.60762211486849,43.12265163714439,1.4224369296833066,2.2410091250670963
176,19.202898550724637,9.634997316156737,9.883252818035427,3.0193236714975846,11.540526033279656,43.05555555555556,1.4224369296833066,2.2410091250670963
177,19.216317767042405,9.541062801932368,9.883252818035427,3.7238325281803544,11.473429951690822,42.49865807836822,1.4224369296833066,2.2410091250670963
178,19.30354267310789,9.534353193773484,9.883252818035427,3.7037037037037037,11.439881910896403,41.36473429951691,1.415727321524423,3.3548040794417604
179,19.685990338164252,9.41358024691358,9.822866344605474,3.8311862587224907,11.439881910896403,41.0426731078905,1.415727321524423,3.3480944712828773
180,19.860440150295222,9.400161030595813,9.796027911969942,3.8311862587224907,11.332528180354267,41.015834675254965,1.415727321524423,3.3480944712828773
181,20.189210950080515,9.366612989801396,9.769189479334408,3.750670960815888,11.332528180354267,40.70048309178744,1.5633387010198605,3.3279656468062266
182,20.363660762211488,9.366612989801396,9.71551261406334,3.8580246913580245,11.292270531400966,40.5126140633387,1.5633387010198605,3.3279656468062266
183,20.585077831454644,9.366612989801396,9.71551261406334,3.797638217928073,11.245303274288782,40.425389157273216,1.5633387010198605,3.3011272141706924
184,20.719269994632313,9.366612989801396,9.71551261406334,3.784219001610306,11.238593666129898,40.344873859366615,1.5633387010198605,3.2675791733762747
185,20.947396672034355,9.326355340848094,9.64170692431562,3.784219001610306,11.18491680085883,40.284487385936664,1.5633387010198605,3.2675791733762747
186,21.007783145464305,9.326355340848094,9.64170692431562,3.5225442834138487,11.936392914653783,39.754428341384866,1.5633387010198605,3.2474503488996245
187,21.155394524959743,9.326355340848094,9.64170692431562,3.4822866344605474,11.936392914653783,39.64707461084273,1.5633387010198605,3.2474503488996245
188,21.484165324745035,9.326355340848094,9.634997316156737,3.4822866344605474,11.681427804616211,39.57997852925389,1.5633387010198605,3.2474503488996245
189,21.524422973698336,9.212292002147075,10.084541062801932,3.4017713365539453,11.419753086419753,39.57326892109501,1.5633387010198605,3.2206119162640903
190,21.651905528717123,9.212292002147075,10.084541062801932,3.535963499731616,11.406333870101985,39.351851851851855,1.5633387010198605,3.193773483628556
191,21.89345142243693,9.212292002147075,10.084541062801932,3.535963499731616,11.379495437466453,39.13714439076758,1.5633387010198605,3.193773483628556
192,22.23564143853999,9.084809447128288,10.755501878690284,3.6231884057971016,11.292270531400966,38.25147611379496,1.570048309178744,3.1870638754696725
193,22.665056360708533,9.044551798174986,10.735373054213634,3.5829307568438002,11.245303274288782,37.86231884057971,1.570048309178744,3.294417606011809
194,22.926731078904993,9.044551798174986,10.735373054213634,3.5829307568438002,11.20504562533548,37.64090177133655,1.570048309178744,3.294417606011809
195,23.1280193236715,9.03113258185722,10.735373054213634,3.5762211486849167,11.057434245840042,37.60735373054214,1.570048309178744,3.294417606011809
196,23.30246913580247,9.017713365539452,10.7085346215781,3.670155662909286,11.057434245840042,37.3792270531401,1.570048309178744,3.294417606011809
197,23.336017176596886,9.017713365539452,10.61460010735373,4.435050993022007,11.057434245840042,36.67471819645733,1.570048309178744,3.294417606011809
198,23.443370907139023,9.017713365539452,10.601180891035963,4.549114331723027,11.017176596886742,36.50697799248524,1.570048309178744,3.294417606011809
199,23.718464841653248,9.017713365539452,10.534084809447128,4.549114331723027,10.903113258185721,36.34594739667203,1.556629092860977,3.374932903918411
200,23.98684916800859,8.984165324745035,10.534084809447128,4.542404723564144,10.782340311325818,36.2385936661299,1.556629092860977,3.374932903918411
201,24.44310252281267,8.970746108427267,10.507246376811594,4.53569511540526,10.695115405260333,35.91653247450349,1.556629092860977,3.374932903918411
202,24.65780998389694,8.883521202361782,10.453569511540525,4.488727858293076,10.607890499194847,35.849436392914654,1.6841116478797638,3.374932903918411
203,24.718196457326894,8.876811594202898,10.453569511540525,4.488727858293076,10.59447128287708,35.81588835212023,1.6841116478797638,3.3682232957595275
204,24.93961352657005,8.863392377885132,10.420021470746109,4.200214707461084,10.554213633923778,35.138217928073,1.6706924315619969,4.213633923778851
205,25.087224906065487,8.836553945249598,10.38647342995169,4.200214707461084,10.554213633923778,35.05099302200752,1.6706924315619969,4.213633923778851
206,25.41599570585078,8.82313472893183,10.373054213633925,4.200214707461084,10.527375201288244,34.77589908749329,1.6706924315619969,4.213633923778851
207,25.657541599570585,8.78287707997853,10.319377348362856,4.200214707461084,10.493827160493828,34.68867418142781,1.6438539989264627,4.213633923778851
208,25.865539452495973,8.695652173913043,10.258990874932904,4.159957058507783,10.493827160493828,34.66854535695116,1.6438539989264627,4.213633923778851
209,26.01315083199141,8.695652173913043,10.25228126677402,4.159957058507783,10.406602254428341,34.614868491680085,1.6438539989264627,4.213633923778851
210,26.214439076757916,8.548040794417606,10.25228126677402,4.159957058507783,10.406602254428341,34.58803005904455,1.6438539989264627,4.186795491143317
211,26.281535158346752,8.548040794417606,10.23215244229737,4.159957058507783,10.406602254428341,34.54106280193237,1.6438539989264627,4.186795491143317
212,25.120772946859905,6.394256575415996,8.957326892109501,4.193505099302201,9.500805152979066,38.727858293075684,3.052871712292002,4.052603327965647
213,25.268384326355342,6.394256575415996,8.957326892109501,4.193505099302201,9.46725711218465,38.61379495437466,3.052871712292002,4.052603327965647
214,25.40257648953301,6.394256575415996,8.943907675791733,4.139828234031133,9.46725711218465,38.57353730542136,3.052871712292002,4.025764895330113
215,25.55689747718733,6.179549114331723,8.76274825550188,4.106280193236715,9.426999463231347,38.74127750939345,3.052871712292002,4.17337627482555
216,25.89237788513151,6.166129898013956,8.729200214707461,4.106280193236715,9.359903381642512,38.54669887278583,3.0394524959742353,4.159957058507783
217,26.29495437466452,6.166129898013956,8.729200214707461,3.9855072463768115,9.359903381642512,38.45276435856146,3.0394524959742353,3.9720880300590444
218,26.536500268384327,6.159420289855072,8.715780998389693,3.978797638217928,9.25925925925926,38.33870101986044,3.0394524959742353,3.9720880300590444
219,26.670692431561996,6.132581857219538,8.709071390230811,3.978797638217928,9.225711218464841,38.27160493827161,3.0394524959742353,3.9720880300590444
220,26.88539989264627,6.078904991948471,8.68894256575416,3.9452495974235107,9.16532474503489,38.238056897477186,3.0394524959742353,3.9586688137412773
221,27.100107353730543,6.072195383789587,8.628556092324208,3.9452495974235107,9.151905528717123,38.117283950617285,3.026033279656468,3.9586688137412773
222,26.84514224369297,5.998389694041868,8.601717659688674,3.8848631239935587,9.057971014492754,36.842458400429415,2.9924852388620504,5.776972624798712
223,26.7914653784219,5.978260869565218,8.923778851315083,3.864734299516908,9.03113258185722,36.66800858829844,2.9924852388620504,5.750134192163178
224,27.30810520665593,5.857487922705314,8.903650026838433,3.797638217928073,9.004294149221685,36.41975308641975,2.9589371980676327,5.750134192163178
225,27.717391304347824,5.783682232957595,8.870101986044014,3.6366076221148687,9.004294149221685,36.131239935587764,2.9589371980676327,5.897745571658615
226,27.91867954911433,5.776972624798712,8.849973161567364,3.629898013955985,8.99087493290392,36.00375738056898,2.9589371980676327,5.870907139023081
227,28.207192699946322,5.763553408480945,8.796296296296296,3.629898013955985,8.99087493290392,35.80246913580247,2.9589371980676327,5.850778314546431
228,28.428609769189478,5.763553408480945,8.796296296296296,3.629898013955985,8.890230810520666,35.581052066559316,3.066290928609769,5.844068706387547
229,28.629898013955984,5.763553408480945,8.695652173913043,3.629898013955985,8.883521202361782,35.51395598497048,3.066290928609769,5.8172302737520125
230,28.67686527106817,5.736714975845411,8.695652173913043,3.6097691894793345,8.883521202361782,35.51395598497048,3.066290928609769,5.8172302737520125
231,28.844605475040257,5.736714975845411,8.641975308641975,3.603059581320451,8.809715512614064,35.487117552334944,3.0595813204508855,5.8172302737520125
232,29.166666666666668,5.709876543209877,8.635265700483092,3.5426731078904994,8.675523349436393,35.42002147074611,3.0327428878153517,5.8172302737520125
233,29.320987654320987,5.709876543209877,8.57487922705314,3.5091250670960816,8.641975308641975,35.39318303811057,3.0327428878153517,5.8172302737520125
234,28.972088030059044,5.709876543209877,8.57487922705314,3.549382716049383,9.681964573268921,34.92351046698873,2.9119699409554483,5.676328502415459
235,29.09957058507783,5.642780461621041,8.57487922705314,3.535963499731616,9.681964573268921,34.88996242619431,2.9119699409554483,5.662909286097692
236,28.37493290391841,5.642780461621041,8.57487922705314,3.4151905528717124,11.372785829307569,34.23913043478261,2.7844873859366612,5.595813204508857
237,28.670155662909288,5.642780461621041,8.57487922705314,3.361513687600644,11.372785829307569,34.07139023081052,2.771068169618894,5.535426731078905
238,23.1280193236715,28.576221148684915,8.051529790660226,2.2611379495437465,6.837090713902308,23.926462694578635,2.61003757380569,4.609500805152979
239,23.382984433709073,28.25415995705851,8.024691358024691,2.395330112721417,6.837090713902308,23.886205045625335,2.61003757380569,4.609500805152979
240,23.832528180354267,28.10654857756307,7.930756843800322,2.368491680085883,6.769994632313473,23.772141706924316,2.61003757380569,4.609500805152979
241,23.939881910896403,27.9723564143854,7.930756843800322,2.368491680085883,6.769994632313473,23.72517444981213,2.61003757380569,4.683306494900698
242,24.053945249597422,27.95222758990875,7.930756843800322,2.3483628556092326,6.696188942565755,23.72517444981213,2.61003757380569,4.683306494900698
243,24.302200751476114,27.925389157273216,7.890499194847021,2.3483628556092326,6.608964036500268,23.63123993558776,2.61003757380569,4.683306494900698
244,24.52361782071927,27.771068169618893,7.890499194847021,2.3483628556092326,6.608964036500268,23.564143853998928,2.61003757380569,4.683306494900698
245,24.62426194310252,27.710681696188942,7.863660762211487,2.3483628556092326,6.608964036500268,23.55072463768116,2.61003757380569,4.683306494900698
246,24.765163714439076,27.583199141170155,7.823403113258186,2.4825550187869028,6.608964036500268,23.45679012345679,2.61003757380569,4.669887278582931
247,24.966451959205582,27.522812667740205,7.823403113258186,2.4825550187869028,6.608964036500268,23.403113258185723,2.5563607085346214,4.636339237788513
248,25.194578636607623,27.47584541062802,7.809983896940419,2.5966183574879227,6.568706387546968,23.17498658078368,2.5563607085346214,4.622920021470746
249,25.39586688137413,27.469135802469136,7.796564680622652,2.589908749329039,6.515029522275899,23.1280193236715,2.5161030595813205,4.5893719806763285
250,25.509930220075148,27.30139559849705,7.776435856146001,2.677133655394525,6.515029522275899,23.11460010735373,2.5161030595813205,4.5893719806763285
251,25.72463768115942,27.241009125067094,7.716049382716049,2.677133655394525,6.508319914117015,23.03408480944713,2.5161030595813205,4.582662372517445
252,25.91250670960816,27.13365539452496,7.689210950080516,2.677133655394525,6.508319914117015,22.98040794417606,2.5161030595813205,4.582662372517445
253,26.100375738056897,27.026301663982824,7.669082125603865,2.657004830917874,6.508319914117015,22.946859903381643,2.5161030595813205,4.575952764358561
254,22.302737520128826,24.44310252281267,6.769994632313473,2.3886205045625335,6.179549114331723,31.38083735909823,1.9592055823939882,4.575952764358561
255,22.52415458937198,24.308910359634996,6.769994632313473,2.3886205045625335,6.179549114331723,31.32716049382716,1.9524959742351047,4.549114331723027
256,22.79253891572732,24.10091250670961,6.736446591519055,2.38191089640365,6.172839506172839,31.313741277509394,1.9524959742351047,4.549114331723027
257,23.13472893183038,23.980139559849704,6.736446591519055,2.38191089640365,6.146001073537305,31.146001073537306,1.9524959742351047,4.522275899087493
258,23.295759527643586,23.926462694578635,6.702898550724638,2.38191089640365,6.146001073537305,31.092324208266238,1.932367149758454,4.522275899087493
259,23.47691894793344,23.926462694578635,6.595544820182502,2.341653247450349,6.146001073537305,31.0654857756307,1.932367149758454,4.51556629092861
260,23.577563070316693,23.785560923242084,6.582125603864735,2.341653247450349,6.146001073537305,31.0252281266774,1.932367149758454,4.609500805152979
261,23.899624261943103,23.718464841653248,6.541867954911433,2.328234031132582,6.146001073537305,30.823939881910896,1.932367149758454,4.609500805152979
262,24.241814278046164,23.67149758454106,6.541867954911433,2.328234031132582,6.031937734836285,30.689747718733226,1.932367149758454,4.562533548040794
263,24.570585077831456,23.60440150295223,6.461352657004831,2.328234031132582,6.018518518518518,30.56226516371444,1.892109500805153,4.562533548040794
264,24.805421363392377,23.429951690821255,6.4345142243692965,2.328234031132582,6.018518518518518,30.52871712292002,1.892109500805153,4.562533548040794
265,25.248255501878692,23.161567364465917,6.4345142243692965,2.328234031132582,6.018518518518518,30.381105743424584,1.892109500805153,4.53569511540526
266,25.228126677402038,22.77241009125067,6.367418142780462,2.985775630703167,6.018518518518518,30.293880837359097,1.892109500805153,4.441760601180891
267,25.47638217928073,22.7187332259796,6.347289318303811,2.985775630703167,6.018518518518518,30.173107890499196,1.892109500805153,4.388083735909823
268,25.704508856682768,22.644927536231883,6.347289318303811,2.985775630703167,5.978260869565218,30.09259259259259,1.8585614600107354,4.388083735909823
269,25.979602791196996,22.544283413848632,6.320450885668277,2.985775630703167,5.911164787976382,30.03220611916264,1.8451422436929683,4.38137412775094
270,26.50966183574879,22.383252818035427,6.266774020397209,2.985775630703167,5.850778314546431,29.810789049919485,1.8451422436929683,4.3478260869565215
271,26.73107890499195,22.363123993558776,6.266774020397209,2.985775630703167,5.790391841116479,29.66988727858293,1.8451422436929683,4.3478260869565215
272,27.033011272141707,22.33628556092324,6.266774020397209,2.985775630703167,5.703166935050993,29.54911433172303,1.7914653784219001,4.334406870638754
273,27.234299516908212,22.32957595276436,6.253354804079442,2.985775630703167,5.6964573268921095,29.381374127750938,1.7847557702630166,4.334406870638754
274,27.636876006441224,22.10144927536232,6.253354804079442,2.9790660225442833,5.662909286097692,29.24718196457327,1.7847557702630166,4.334406870638754
