,45,50,51,52,55,56,53,59,54,58,57
0,99.28878153515835,0.7112184648416533,,,,,,,,,
1,81.93102522812667,18.06897477187332,,,,,,,,,
2,74.57729468599034,25.42270531400966,,,,,,,,,
3,74.61084272678475,25.389157273215243,,,,,,,,,
4,63.13070316693505,24.9597423510467,11.90955448201825,,,,,,,,
5,51.06682769726248,29.70343531937735,19.229736983360173,,,,,,,,
6,51.04669887278583,29.341116478797638,13.291733762748256,5.5756843800322065,0.7447665056360708,,,,,,
7,47.28260869565217,27.408749329039185,18.988191089640367,5.5756843800322065,0.7447665056360708,,,,,,
8,47.25577026301664,27.509393451422437,18.833870101986044,5.9514224369296835,0.4495437466451959,,,,,,
9,40.39855072463768,20.813204508856682,32.407407407407405,5.931293612453032,0.4495437466451959,,,,,,
10,40.49919484702093,20.685721953837895,32.03166935050993,5.931293612453032,0.4495437466451959,0.4025764895330113,,,,,
11,40.15700483091788,20.316693505099302,32.03166935050993,6.642512077294686,0.4495437466451959,0.4025764895330113,,,,,
12,40.33145464304884,20.276435856146,31.89747718733226,6.642512077294686,0.4495437466451959,0.4025764895330113,,,,,
13,40.3918411164788,20.249597423510465,31.89747718733226,6.608964036500268,0.4495437466451959,0.4025764895330113,,,,,
14,8.548040794417606,53.153515834675254,23.738593666129898,13.707729468599034,0.4495437466451959,0.4025764895330113,,,,,
15,8.59500805152979,53.133387010198604,23.711755233494365,13.707729468599034,0.4495437466451959,0.4025764895330113,,,,,
16,6.991411701556629,48.772141706924316,30.52200751476114,13.264895330112722,0.4495437466451959,,,,,,
17,7.098765432098766,48.59769189479334,25.046967257112186,18.632581857219538,0.6239935587761675,,,,,,
18,7.098765432098766,40.975577026301664,25.026838432635532,18.61916264090177,0.6239935587761675,,7.6556629092860975,,,,
19,7.253086419753086,33.57487922705314,24.92619431025228,18.61916264090177,7.98443370907139,,7.64224369296833,,,,
20,7.615405260332796,33.48765432098765,24.892646269457863,18.612453032742888,7.856951154052603,,7.5348899624261945,,,,
21,7.7898550724637685,33.4272678475577,24.86580783682233,18.53864734299517,7.843531937734836,,7.5348899624261945,,,,
22,7.924047235641439,33.06494900697799,24.651100375738057,18.511808910359633,8.064949006977992,0.24825550187869028,7.5348899624261945,,,,
23,8.017981749865807,32.7361782071927,24.63768115942029,18.511808910359633,8.313204508856682,0.24825550187869028,7.5348899624261945,,,,
24,8.011272141706923,32.729468599033815,28.005904455179817,15.069779924852389,8.313204508856682,0.36902844873859364,7.065217391304348,0.43612453032742887,,,
25,8.433977455716587,31.736446591519055,25.0,14.325013419216317,8.3064949006978,0.36902844873859364,11.392914653784219,0.43612453032742887,,,
26,7.50805152979066,29.871175523349436,29.274020397208805,14.31159420289855,6.850509930220075,0.36902844873859364,11.379495437466453,0.43612453032742887,,,
27,7.689210950080516,29.54911433172303,28.81105743424584,13.989533011272142,6.850509930220075,1.2949543746645196,11.379495437466453,0.43612453032742887,,,
28,7.62211486849168,29.542404723564143,28.213902308105208,13.177670424047236,6.843800322061192,1.2949543746645196,12.869028448738593,0.43612453032742887,,,
29,7.977724100912507,29.320987654320987,25.95276435856146,13.144122383252817,6.843800322061192,1.2949543746645196,15.042941492216855,0.4227053140096618,,,
30,8.044820182501342,29.25389157273215,25.95276435856146,13.144122383252817,6.843800322061192,1.2949543746645196,15.042941492216855,0.4227053140096618,,,
31,7.823403113258186,29.21363392377885,30.629361245303276,11.252012882447666,6.830381105743425,1.288244766505636,12.5402576489533,0.4227053140096618,,,
32,4.622920021470746,15.962157809983896,57.400697799248526,15.854804079441761,0.9594739667203436,0.8655394524959742,4.072732152442297,0.2616747181964573,,,
33,4.05931293612453,10.775630703166936,53.01932367149758,20.551529790660226,0.9460547504025765,1.3888888888888888,2.589908749329039,,6.66935050993022,,
34,4.1532474503489,10.775630703166936,52.95222758990875,20.551529790660226,0.9460547504025765,1.3888888888888888,2.563070316693505,,6.66935050993022,,
35,1.1473429951690821,5.964841653247451,51.27482555018787,30.03220611916264,1.0802469135802468,1.2681159420289856,2.563070316693505,,6.66935050993022,,
36,1.3352120236178207,5.9514224369296835,51.13392377885131,30.02549651100376,1.0802469135802468,1.2546967257112185,2.5496511003757383,,6.66935050993022,,
37,1.0869565217391304,4.904723564143854,69.56521739130434,15.049651100375739,0.2683843263553409,1.4090177133655395,2.5496511003757383,,5.166398282340311,,
38,1.2144390767579174,4.904723564143854,69.65244229736983,15.049651100375739,0.2683843263553409,1.2681159420289856,2.475845410628019,,5.166398282340311,,
39,1.3620504562533549,4.87788513150832,69.57192699946323,15.022812667740205,0.2683843263553409,1.2681159420289856,2.462426194310252,,5.166398282340311,,
40,1.5767579173376274,4.87788513150832,68.69967793880838,14.989264626945786,0.6776704240472357,1.6170155662909287,2.395330112721417,,5.166398282340311,,
41,1.7310789049919484,4.8443370907139025,61.33252818035427,21.14868491680086,0.46296296296296297,3.4286097691894795,1.8853998926462694,,5.166398282340311,,
42,1.7646269457863661,4.830917874396135,72.67176596886742,9.366612989801396,0.46296296296296297,2.965646806226516,1.8786902844873858,,6.0587761674718195,,
43,2.6704240472356413,4.582662372517445,70.25630703166935,12.942834138486312,0.46296296296296297,2.965646806226516,0.06038647342995169,,6.0587761674718195,,
44,2.8381642512077296,4.575952764358561,70.14895330112721,12.889157273215245,0.46296296296296297,2.965646806226516,0.06038647342995169,,6.0587761674718195,,
45,3.140096618357488,4.575952764358561,66.70692431561997,12.775093934514224,0.46296296296296297,6.347289318303811,0.06038647342995169,,5.931293612453032,,
46,2.442297369833602,4.575952764358561,62.35909822866345,16.861245303274288,1.3083735909822867,6.461352657004831,0.06038647342995169,,5.931293612453032,,
47,2.5496511003757383,4.575952764358561,61.43317230273752,16.78743961352657,2.059849704777241,6.602254428341385,0.06038647342995169,,5.931293612453032,,
48,2.7241009125067097,4.575952764358561,61.35265700483092,16.700214707461082,2.059849704777241,6.602254428341385,0.06038647342995169,,5.924584004294149,,
49,2.9253891572732154,4.435050993022007,57.32018250134192,16.700214707461082,3.227321524422974,6.132581857219538,4.562533548040794,,4.696725711218465,,
50,3.0864197530864197,4.435050993022007,57.15915190552872,16.700214707461082,3.227321524422974,6.132581857219538,4.562533548040794,,4.696725711218465,,
51,3.33467525496511,4.435050993022007,56.937734836285564,16.67337627482555,3.227321524422974,6.132581857219538,4.562533548040794,,4.696725711218465,,
52,3.33467525496511,4.428341384863124,55.01207729468599,16.67337627482555,3.227321524422974,6.031937734836285,6.595544820182502,,4.696725711218465,,
53,3.4822866344605474,4.394793344068707,51.1808910359635,15.378421900161031,2.985775630703167,6.011808910359635,13.425925925925926,,3.140096618357488,,
54,3.280998389694042,4.394793344068707,52.55636070853462,11.520397208803006,7.548309178743962,5.810520665593129,11.748523886205046,,3.140096618357488,,
55,3.535963499731616,4.394793344068707,52.35507246376812,11.506977992485238,7.548309178743962,5.776972624798712,11.741814278046162,,3.140096618357488,,
56,3.6768652710681695,4.394793344068707,51.06682769726248,12.902576489533011,7.548309178743962,5.776972624798712,11.735104669887278,,2.898550724637681,,
57,3.8580246913580245,4.394793344068707,50.966183574879224,12.895866881374127,7.50805152979066,5.776972624798712,11.701556629092861,,2.898550724637681,,
58,3.079710144927536,2.0128824476650564,39.049919484702095,18.659420289855074,6.716317767042405,9.232420826623725,18.397745571658614,,2.8515834675254963,,
59,3.321256038647343,2.0128824476650564,38.93585614600107,18.552066559312937,6.716317767042405,9.212292002147075,18.23671497584541,,2.8515834675254963,0.1610305958132045,
60,3.374932903918411,2.0128824476650564,38.90230810520666,18.283682232957595,6.716317767042405,9.212292002147075,18.230005367686527,,2.8515834675254963,0.1610305958132045,0.2549651100375738
61,3.7573805689747717,2.0128824476650564,38.687600644122384,18.19645732689211,6.6760601180891035,9.366612989801396,18.055555555555557,,2.831454643048846,0.1610305958132045,0.2549651100375738
62,3.9049919484702094,2.0128824476650564,38.64734299516908,19.14922168545357,6.6760601180891035,8.413848631239935,17.94820182501342,,2.831454643048846,0.1610305958132045,0.2549651100375738
63,3.0394524959742353,0.9192163177670424,42.1833064949007,16.59286097691895,6.729736983360172,6.253354804079442,15.230810520665592,,8.635265700483092,0.1610305958132045,0.2549651100375738
64,3.2474503488996245,0.9192163177670424,42.14975845410628,16.465378421900162,6.729736983360172,6.226516371443908,15.217391304347826,,8.628556092324208,0.1610305958132045,0.2549651100375738
65,2.9723564143853998,0.8252818035426731,51.81830381105743,18.71309715512614,6.1862587224906065,2.9388083735909825,9.192163177670425,,7.098765432098766,,0.2549651100375738
66,2.999194847020934,0.8252818035426731,51.81159420289855,18.71309715512614,6.172839506172839,2.9388083735909825,9.192163177670425,,7.092055823939882,,0.2549651100375738
67,3.1065485775630703,0.8252818035426731,51.54320987654321,18.646001073537306,5.347557702630167,2.9388083735909825,10.245571658615138,,7.092055823939882,,0.2549651100375738
68,3.227321524422974,0.8252818035426731,51.01315083199141,18.263553408480945,6.152710681696189,2.9253891572732154,10.245571658615138,,7.092055823939882,,0.2549651100375738
69,3.374932903918411,0.8252818035426731,50.939345142243695,18.189747718733226,6.152710681696189,2.9253891572732154,10.245571658615138,,7.092055823939882,,0.2549651100375738
70,3.488996242619431,0.8252818035426731,50.878958668813745,18.169618894256576,6.125872249060655,2.9253891572732154,10.238862050456254,,7.092055823939882,,0.2549651100375738
71,3.0931293612453032,0.6977992485238862,39.331723027375205,43.27026301663983,5.6964573268921095,2.3081052066559313,2.871712292002147,,2.475845410628019,,0.2549651100375738
72,3.0931293612453032,0.6977992485238862,34.634997316156735,49.90606548577563,4.086151368760064,2.3081052066559313,3.0059044551798175,,2.0128824476650564,,0.2549651100375738
73,3.294417606011809,0.6977992485238862,34.554482018250134,49.81213097155126,4.086151368760064,2.3081052066559313,3.0059044551798175,,1.9860440150295222,,0.2549651100375738
74,3.1602254428341383,0.6977992485238862,25.355609232420825,49.67122920021471,4.019055287171229,2.086688137412775,12.808641975308642,,1.9457863660762211,,0.2549651100375738
75,3.3279656468062266,0.6977992485238862,25.254965110037574,49.29549114331723,4.019055287171229,2.086688137412775,12.775093934514224,,2.2879763821792807,,0.2549651100375738
76,3.4621578099838968,0.6977992485238862,25.228126677402038,49.22168545356951,4.019055287171229,2.086688137412775,12.31213097155126,,2.2611379495437465,0.4562533548040794,0.2549651100375738
77,3.455448201825013,0.6977992485238862,23.557434245840042,57.96430488459474,4.012345679012346,1.90552871712292,6.105743424584004,,2.0128824476650564,0.03354804079441761,0.2549651100375738
78,3.629898013955985,0.6977992485238862,23.53059581320451,57.8166935050993,4.012345679012346,1.90552871712292,5.924584004294149,,2.0128824476650564,0.2147074610842727,0.2549651100375738
79,3.6902844873859366,0.6977992485238862,23.53059581320451,57.75630703166935,4.012345679012346,1.90552871712292,5.924584004294149,,2.0128824476650564,0.2147074610842727,0.2549651100375738
80,3.9855072463768115,0.6977992485238862,23.181696188942567,57.9374664519592,4.012345679012346,1.90552871712292,5.797101449275362,,2.0128824476650564,0.2147074610842727,0.2549651100375738
81,4.180085882984434,0.6977992485238862,22.859634997316157,54.95169082125604,3.6768652710681695,1.4090177133655395,9.185453569511541,,2.5697799248523885,0.2147074610842727,0.2549651100375738
82,4.414922168545357,0.6977992485238862,22.839506172839506,54.85775630703167,3.6634460547504024,1.4090177133655395,9.078099838969404,,2.5697799248523885,0.2147074610842727,0.2549651100375738
83,4.508856682769726,0.6977992485238862,22.805958132045088,54.50214707461084,3.6634460547504024,1.7042404723564144,9.078099838969404,,2.5697799248523885,0.2147074610842727,0.2549651100375738
84,4.522275899087493,0.6977992485238862,22.765700483091788,53.07971014492754,4.884594739667204,1.7042404723564144,9.07139023081052,,2.5697799248523885,0.2147074610842727,0.48980139559849706
85,4.656468062265164,0.6977992485238862,22.765700483091788,53.0126140633387,4.884594739667204,1.7042404723564144,9.004294149221685,,2.5697799248523885,0.2147074610842727,0.48980139559849706
86,4.783950617283951,0.6977992485238862,22.765700483091788,52.93880837359098,4.884594739667204,1.6774020397208802,8.977455716586151,,2.5697799248523885,0.2147074610842727,0.48980139559849706
87,4.87788513150832,0.6910896403650026,26.778046162104133,49.5101986044015,4.294149221685454,1.6639828234031133,8.910359634997317,,2.5697799248523885,0.2147074610842727,0.48980139559849706
88,5.0993022007514766,0.6910896403650026,26.630434782608695,49.322329575952764,4.294149221685454,1.778046162104133,8.910359634997317,,2.5697799248523885,0.2147074610842727,0.48980139559849706
89,4.851046698872786,0.6910896403650026,38.73456790123457,40.02952227589909,3.629898013955985,1.3687600644122384,8.621846484165324,,1.3687600644122384,0.2147074610842727,0.48980139559849706
90,5.005367686527107,0.6910896403650026,38.70101986044015,39.90874932903918,3.629898013955985,1.3687600644122384,8.621846484165324,,1.3687600644122384,0.2147074610842727,0.48980139559849706
91,5.065754159957058,0.6910896403650026,38.66747181964573,39.88191089640365,3.629898013955985,1.3687600644122384,8.621846484165324,,1.3687600644122384,0.2147074610842727,0.48980139559849706
92,5.005367686527107,0.6776704240472357,29.562533548040793,47.658346752549654,3.6231884057971016,1.5096618357487923,9.88996242619431,,1.3687600644122384,0.2147074610842727,0.48980139559849706
93,5.139559849704777,0.6776704240472357,29.448470209339774,46.69887278582931,3.6231884057971016,2.4490069779924855,9.88996242619431,,1.3687600644122384,0.2147074610842727,0.48980139559849706
94,5.273752012882448,0.6776704240472357,29.367954911433173,46.65190552871712,3.6231884057971016,2.4490069779924855,9.88996242619431,,1.3620504562533549,0.2147074610842727,0.48980139559849706
95,5.401234567901234,0.6776704240472357,28.690284487385938,46.57809983896941,3.6231884057971016,3.0730005367686526,9.88996242619431,,1.3620504562533549,0.2147074610842727,0.48980139559849706
96,5.501878690284487,0.6776704240472357,28.670155662909288,46.53113258185722,3.6231884057971016,3.0394524959742353,9.88996242619431,,1.3620504562533549,0.2147074610842727,0.48980139559849706
97,5.622651637144391,0.6776704240472357,28.65673644659152,46.484165324745035,3.6231884057971016,3.0394524959742353,9.829575952764358,,1.3620504562533549,0.2147074610842727,0.48980139559849706
98,5.776972624798712,0.6776704240472357,28.64331723027375,46.3768115942029,3.6231884057971016,3.0394524959742353,9.796027911969942,,1.3620504562533549,0.2147074610842727,0.48980139559849706
99,5.9447128287707995,0.6776704240472357,28.5829307568438,46.26945786366076,3.6231884057971016,3.0394524959742353,9.796027911969942,,1.3620504562533549,0.2147074610842727,0.48980139559849706
100,5.984970477724101,0.6776704240472357,28.5829307568438,46.22920021470746,3.6231884057971016,3.0394524959742353,9.796027911969942,,1.3620504562533549,0.2147074610842727,0.48980139559849706
101,5.998389694041868,0.6776704240472357,28.495705850778315,46.22920021470746,3.6231884057971016,3.0394524959742353,9.73564143853999,,1.3620504562533549,0.2147074610842727,0.6239935587761675
102,6.0654857756307035,0.6776704240472357,28.395061728395063,46.121846484165324,3.6231884057971016,3.0394524959742353,9.688674181427805,,1.3620504562533549,0.2147074610842727,0.8118625872249061
103,6.280193236714976,0.6776704240472357,28.31454643048846,45.32340311325819,3.6231884057971016,3.0394524959742353,9.655126140633387,,2.1403650026838434,0.2147074610842727,0.7313472893183038
104,6.421095008051529,0.6776704240472357,28.16022544283414,45.28314546430489,3.6231884057971016,2.7241009125067097,9.655126140633387,,2.509393451422437,0.2147074610842727,0.7313472893183038
105,6.582125603864735,0.6776704240472357,28.133387010198604,44.457863660762214,3.6231884057971016,2.9924852388620504,9.648416532474503,,2.509393451422437,0.2147074610842727,1.1607622114868492
106,6.696188942565755,0.6776704240472357,28.12667740203972,44.39076757917338,3.6231884057971016,2.9924852388620504,9.608158883521202,,2.509393451422437,0.2147074610842727,1.1607622114868492
107,6.91760601180891,0.6776704240472357,28.113258185721953,44.24986580783682,3.69699409554482,2.9924852388620504,9.46725711218465,,2.509393451422437,0.2147074610842727,1.1607622114868492
108,7.058507783145465,0.6776704240472357,28.08641975308642,43.55877616747182,3.69699409554482,2.9924852388620504,9.46725711218465,,2.49597423510467,0.2147074610842727,1.751207729468599
109,7.1725711218464845,0.6776704240472357,28.039452495974235,43.49838969404187,3.69699409554482,2.9924852388620504,9.460547504025765,,2.49597423510467,0.2147074610842727,1.751207729468599
110,7.39398819108964,0.6776704240472357,27.95222758990875,43.25013419216318,3.69699409554482,3.126677402039721,9.460547504025765,,2.4825550187869028,0.2147074610842727,1.7444981213097155
111,7.575147611379496,0.6776704240472357,27.85829307568438,43.16961889425657,3.69699409554482,3.1199677938808374,9.460547504025765,,2.4825550187869028,0.2147074610842727,1.7444981213097155
112,7.333601717659689,0.6776704240472357,29.938271604938272,42.64626945786366,4.549114331723027,3.1199677938808374,7.722758990874933,,2.0531400966183573,0.2147074610842727,1.7444981213097155
113,7.4208266237251745,0.6776704240472357,29.884594739667204,42.612721417069245,4.549114331723027,3.1199677938808374,7.722758990874933,,2.0531400966183573,0.2147074610842727,1.7444981213097155
114,7.695920558239399,0.6776704240472357,29.817498658078367,42.51207729468599,4.549114331723027,3.0931293612453032,7.722758990874933,,1.9726247987117553,0.2147074610842727,1.7444981213097155
115,7.957595276435856,0.6776704240472357,29.8040794417606,42.35775630703167,4.53569511540526,3.0931293612453032,7.6623725174449815,,1.9726247987117553,0.2147074610842727,1.724369296833065
116,8.158883521202362,0.6575415995705851,29.66988727858293,42.33762748255502,4.53569511540526,3.066290928609769,7.6623725174449815,,1.9726247987117553,0.2147074610842727,1.724369296833065
117,8.21256038647343,0.6575415995705851,29.66988727858293,42.28395061728395,4.53569511540526,3.066290928609769,7.6623725174449815,,1.9726247987117553,0.2147074610842727,1.724369296833065
118,8.655394524959743,0.6575415995705851,29.49543746645196,42.15646806226516,4.53569511540526,3.066290928609769,7.6623725174449815,,1.8317230273752012,0.2147074610842727,1.724369296833065
119,8.695652173913043,0.6575415995705851,29.49543746645196,42.1430488459474,4.53569511540526,3.066290928609769,7.635534084809447,,1.8317230273752012,0.2147074610842727,1.724369296833065
120,8.433977455716587,0.6575415995705851,35.99704777241009,37.35909822866345,4.314278046162104,3.066290928609769,6.206387546967257,,2.167203435319377,0.20799785292538917,1.5901771336553945
121,8.59500805152979,0.6575415995705851,35.929951690821255,37.265163714439076,4.314278046162104,3.066290928609769,6.206387546967257,,2.167203435319377,0.20799785292538917,1.5901771336553945
122,8.608427267847558,0.6575415995705851,35.64143853998927,37.23161567364466,4.314278046162104,3.374932903918411,6.206387546967257,,2.167203435319377,0.20799785292538917,1.5901771336553945
123,8.145464304884594,0.6575415995705851,39.80810520665593,34.27938808373591,4.314278046162104,3.33467525496511,6.112453032742888,,1.5499194847020934,0.20799785292538917,1.5901771336553945
124,8.474235104669887,0.6575415995705851,39.392109500805155,34.064680622651636,4.62962962962963,3.33467525496511,6.112453032742888,,1.5365002683843263,0.20799785292538917,1.5901771336553945
125,8.561460010735374,0.6575415995705851,38.95598497047772,33.762748255501876,4.616210413311863,3.9989264626945786,6.112453032742888,,1.5365002683843263,0.20799785292538917,1.5901771336553945
126,8.427267847557703,0.6575415995705851,42.310789049919485,31.50161030595813,4.616210413311863,3.4621578099838968,6.052066559312936,,1.1741814278046163,0.20799785292538917,1.5901771336553945
127,8.507783145464305,0.6575415995705851,42.230273752012884,31.50161030595813,4.616210413311863,3.4621578099838968,6.052066559312936,,1.1741814278046163,0.20799785292538917,1.5901771336553945
128,8.776167471819646,0.6575415995705851,42.19672571121846,31.42109500805153,4.53569511540526,3.4017713365539453,6.038647342995169,,1.1741814278046163,0.20799785292538917,1.5901771336553945
129,7.675791733762749,0.2147074610842727,49.52361782071927,27.462426194310254,3.864734299516908,2.771068169618894,5.60252281266774,,1.107085346215781,0.19457863660762212,1.583467525496511
130,7.856951154052603,0.2147074610842727,49.47665056360709,27.34836285560923,3.864734299516908,2.771068169618894,5.58239398819109,,1.107085346215781,0.19457863660762212,1.583467525496511
131,7.971014492753623,0.2147074610842727,49.443102522812666,27.3215244229737,3.864734299516908,2.717391304347826,5.58239398819109,,1.107085346215781,0.19457863660762212,1.583467525496511
132,8.165593129361245,0.2147074610842727,47.91331186258722,27.147074610842726,3.844605475040258,2.717391304347826,5.58239398819109,,2.657004830917874,0.19457863660762212,1.5633387010198605
133,8.313204508856682,0.2147074610842727,47.85963499731616,27.093397745571657,3.844605475040258,2.717391304347826,5.542136339237788,,2.657004830917874,0.19457863660762212,1.5633387010198605
134,8.413848631239935,0.2147074610842727,47.819377348362856,27.093397745571657,3.844605475040258,2.7106816961889426,5.528717122920021,,2.657004830917874,0.19457863660762212,1.5230810520665594
135,8.53462157809984,0.2147074610842727,48.651368760064415,27.03972088030059,3.844605475040258,2.7106816961889426,5.528717122920021,,1.7579173376274826,0.19457863660762212,1.5230810520665594
136,8.588298443370908,0.2147074610842727,48.611111111111114,27.026301663982824,3.844605475040258,2.7106816961889426,5.528717122920021,,1.7579173376274826,0.19457863660762212,1.5230810520665594
137,8.648684916800859,0.2147074610842727,48.57756307031669,27.026301663982824,3.844605475040258,2.7106816961889426,5.501878690284487,,1.7579173376274826,0.19457863660762212,1.5230810520665594
138,8.662104133118627,0.2147074610842727,48.56414385399893,27.026301663982824,3.844605475040258,2.7106816961889426,5.501878690284487,,1.7579173376274826,0.19457863660762212,1.5230810520665594
139,8.78287707997853,0.2147074610842727,48.530595813204506,26.986044015029524,3.8043478260869565,2.7106816961889426,5.501878690284487,,1.751207729468599,0.19457863660762212,1.5230810520665594
140,9.098228663446054,0.2147074610842727,48.36285560923242,26.878690284487387,3.8043478260869565,2.6972624798711755,5.481749865807837,,1.751207729468599,0.19457863660762212,1.5163714439076759
141,9.16532474503489,0.2147074610842727,48.36285560923242,26.84514224369297,3.8043478260869565,2.6972624798711755,5.448201825013419,,1.751207729468599,0.19457863660762212,1.5163714439076759
142,9.272678475577026,0.2147074610842727,48.32259796027912,26.778046162104133,3.8043478260869565,2.6972624798711755,5.448201825013419,,1.751207729468599,0.19457863660762212,1.5163714439076759
143,9.306226516371444,0.2147074610842727,48.32259796027912,26.764626945786365,3.8043478260869565,2.6972624798711755,5.428073000536768,,1.751207729468599,0.19457863660762212,1.5163714439076759
144,9.359903381642512,0.2147074610842727,48.13472893183038,26.623725174449813,4.106280193236715,2.6972624798711755,5.414653784219001,,1.751207729468599,0.19457863660762212,1.5029522275899088
145,9.802737520128824,0.2147074610842727,47.73215244229737,26.617015566290927,4.106280193236715,2.6972624798711755,5.414653784219001,,1.751207729468599,0.19457863660762212,1.4694041867954912
146,9.88996242619431,0.2147074610842727,47.66505636070853,26.596886741814277,4.106280193236715,2.6972624798711755,5.414653784219001,,1.751207729468599,0.19457863660762212,1.4694041867954912
147,9.970477724100913,0.2147074610842727,46.68545356951154,26.596886741814277,4.106280193236715,3.616478797638218,5.414653784219001,,1.751207729468599,0.17444981213097155,1.4694041867954912
148,10.225442834138486,0.2147074610842727,46.63177670424047,26.516371443907676,4.019055287171229,3.603059581320451,5.407944176060118,,1.751207729468599,0.17444981213097155,1.4559849704777241
149,10.466988727858293,0.2147074610842727,46.20907139023081,26.476113794954376,4.019055287171229,3.569511540526033,5.267042404723564,,2.147074610842727,0.17444981213097155,1.4559849704777241
150,10.802469135802468,0.2147074610842727,45.840042941492214,26.38888888888889,4.019055287171229,3.569511540526033,5.119431025228127,,2.4154589371980677,0.17444981213097155,1.4559849704777241
151,10.876274825550189,0.2147074610842727,45.82662372517445,26.32850241545894,4.019055287171229,3.569511540526033,5.119431025228127,,2.4154589371980677,0.17444981213097155,1.4559849704777241
152,11.560654857756306,0.2147074610842727,45.108695652173914,26.27482555018787,4.019055287171229,3.670155662909286,5.119431025228127,,2.4020397208803006,0.17444981213097155,1.4559849704777241
153,11.674718196457327,0.2147074610842727,45.07514761137949,26.247987117552334,4.019055287171229,3.670155662909286,5.092592592592593,,2.3752012882447664,0.17444981213097155,1.4559849704777241
154,11.849168008588299,0.2147074610842727,44.98121309715513,26.100375738056897,4.019055287171229,3.616478797638218,5.092592592592593,,2.3752012882447664,0.17444981213097155,1.5767579173376274
155,11.83574879227053,0.2147074610842727,44.98121309715513,25.811862587224905,4.019055287171229,3.5963499731615673,5.092592592592593,,2.3752012882447664,0.17444981213097155,1.8988191089640365
156,11.144659151905529,0.2147074610842727,48.65807836822329,23.577563070316693,4.213633923778851,3.4621578099838968,4.602791196994096,,2.2208803005904456,0.17444981213097155,1.7310789049919484
157,11.305689747718732,0.2147074610842727,48.2487922705314,23.51046698872786,4.542404723564144,3.44873859366613,4.602791196994096,,2.2208803005904456,0.17444981213097155,1.7310789049919484
158,11.392914653784219,0.2147074610842727,48.18169618894257,23.49033816425121,4.542404723564144,3.44873859366613,4.602791196994096,,2.2208803005904456,0.17444981213097155,1.7310789049919484
159,11.466720343531938,0.2147074610842727,47.68518518518518,23.262211486849168,5.226784755770263,3.4420289855072466,4.575952764358561,,2.2208803005904456,0.17444981213097155,1.7310789049919484
160,11.553945249597424,0.2147074610842727,47.64492753623188,23.22866344605475,5.226784755770263,3.4420289855072466,4.575952764358561,,2.214170692431562,0.17444981213097155,1.724369296833065
161,11.802200751476114,0.2147074610842727,47.49060654857756,22.604669887278583,5.059044551798175,3.4420289855072466,5.3341384863123995,,2.15378421900161,0.17444981213097155,1.724369296833065
162,12.124261943102523,0.2147074610842727,47.44363929146538,22.188674181427803,4.985238862050457,3.4420289855072466,5.320719269994632,,2.15378421900161,0.17444981213097155,1.9524959742351047
163,11.969940955448202,0.2147074610842727,47.396672034353195,22.403381642512077,4.9718196457326895,3.4420289855072466,5.320719269994632,,2.15378421900161,0.17444981213097155,1.9524959742351047
164,12.171229200214707,0.2147074610842727,47.22893183038111,22.36983360171766,4.9718196457326895,3.4420289855072466,5.320719269994632,,2.15378421900161,0.17444981213097155,1.9524959742351047
165,12.238325281803542,0.2147074610842727,46.833064949006975,21.987385936661298,5.8239398819108965,3.4420289855072466,5.307300053676865,,2.15378421900161,0.17444981213097155,1.8250134192163177
166,12.607353730542137,0.2147074610842727,46.4975845410628,21.953837895866883,5.8239398819108965,3.4420289855072466,5.307300053676865,,2.15378421900161,0.17444981213097155,1.8250134192163177
167,12.714707461084272,0.2147074610842727,45.62533548040794,21.77938808373591,6.5552871712292005,3.435319377348363,5.522007514761138,,2.15378421900161,0.17444981213097155,1.8250134192163177
168,12.922705314009661,0.20128824476650564,45.50456253354804,21.752549651100377,6.535158346752549,3.435319377348363,5.495169082125604,,2.15378421900161,0.17444981213097155,1.8250134192163177
169,12.969672571121846,0.20128824476650564,45.29656468062265,21.712292002147073,6.508319914117015,3.6634460547504024,5.495169082125604,,2.15378421900161,0.17444981213097155,1.8250134192163177
170,13.170960815888352,0.20128824476650564,45.128824476650564,21.578099838969404,6.629092860976919,3.656736446591519,5.495169082125604,,2.1403650026838434,0.17444981213097155,1.8250134192163177
171,13.372249060654857,0.20128824476650564,44.85373054213634,20.913848631239937,6.629092860976919,3.629898013955985,5.4616210413311865,,2.1403650026838434,0.17444981213097155,2.623456790123457
172,13.56682769726248,0.20128824476650564,44.71282877079979,20.88030059044552,6.629092860976919,3.6231884057971016,5.4616210413311865,,2.1403650026838434,0.17444981213097155,2.61003757380569
173,13.667471819645733,0.20128824476650564,44.48470209339774,20.28985507246377,6.629092860976919,3.616478797638218,6.1862587224906065,,2.1403650026838434,0.17444981213097155,2.61003757380569
174,13.821792807300053,0.20128824476650564,44.41760601180891,20.061728395061728,6.769994632313473,3.616478797638218,6.1862587224906065,,2.1403650026838434,0.17444981213097155,2.61003757380569
175,14.002952227589908,0.20128824476650564,43.55877616747182,19.94766505636071,7.561728395061729,3.616478797638218,6.1862587224906065,,2.1403650026838434,0.17444981213097155,2.61003757380569
176,14.17740203972088,0.20128824476650564,43.545356951154055,19.94766505636071,7.5281803542673105,3.549382716049383,6.125872249060655,,2.1403650026838434,0.17444981213097155,2.61003757380569
177,14.2914653784219,0.20128824476650564,43.545356951154055,19.91411701556629,7.494632313472893,3.502415458937198,6.125872249060655,,2.1403650026838434,0.17444981213097155,2.61003757380569
178,14.432367149758454,0.20128824476650564,43.43800322061192,19.91411701556629,7.467793880837359,3.502415458937198,6.125872249060655,,2.1403650026838434,0.17444981213097155,2.6033279656468062
179,13.654052603327965,0.20128824476650564,39.774557165861516,27.455716586151368,6.622383252818035,1.583467525496511,6.119162640901771,,2.01959205582394,0.17444981213097155,2.395330112721417
180,13.694310252281268,0.20128824476650564,39.761137949543745,27.4422973698336,6.622383252818035,1.583467525496511,6.112453032742888,,2.0128824476650564,0.17444981213097155,2.395330112721417
181,13.848631239935587,0.20128824476650564,39.700751476113794,27.38191089640365,6.622383252818035,1.583467525496511,6.085614600107354,,2.006172839506173,0.17444981213097155,2.395330112721417
182,13.935856146001074,0.20128824476650564,39.63365539452496,27.375201288244767,6.608964036500268,1.583467525496511,6.085614600107354,,2.006172839506173,0.17444981213097155,2.395330112721417
183,14.023081052066559,0.20128824476650564,39.62694578636608,27.34836285560923,6.608964036500268,1.583467525496511,6.085614600107354,,1.9524959742351047,0.17444981213097155,2.395330112721417
184,13.996242619431026,0.20128824476650564,39.30488459473967,27.220880300590444,7.206119162640902,1.583467525496511,6.0654857756307035,,1.9524959742351047,0.17444981213097155,2.2946859903381642
185,14.04320987654321,0.20128824476650564,38.66747181964573,27.58990874932904,7.50805152979066,1.583467525496511,6.0654857756307035,,1.8719806763285025,0.17444981213097155,2.2946859903381642
186,14.231078904991948,0.20128824476650564,38.466183574879224,27.395330112721417,7.823403113258186,1.5163714439076759,6.0587761674718195,,1.8384326355340848,0.17444981213097155,2.2946859903381642
187,14.358561460010735,0.20128824476650564,39.841653247450346,27.34836285560923,6.756575415995706,1.4694041867954912,6.0587761674718195,,1.4962426194310252,0.17444981213097155,2.2946859903381642
188,14.398819108964037,0.20128824476650564,39.24449812130972,27.160493827160494,6.756575415995706,1.4694041867954912,6.8035426731078905,,1.4962426194310252,0.17444981213097155,2.2946859903381642
189,14.439076757917338,0.20128824476650564,39.231078904991946,27.147074610842726,6.743156199677939,1.4694041867954912,6.8035426731078905,,1.4962426194310252,0.17444981213097155,2.2946859903381642
190,14.586688137412775,0.20128824476650564,39.12372517444981,27.113526570048307,6.743156199677939,1.4694041867954912,6.796833064949007,,1.4962426194310252,0.17444981213097155,2.2946859903381642
191,14.734299516908212,0.20128824476650564,38.828502415458935,27.079978529253893,6.9243156199677935,1.4694041867954912,6.796833064949007,,1.4962426194310252,0.17444981213097155,2.2946859903381642
192,14.841653247450349,0.20128824476650564,38.75469672571122,27.073268921095007,6.91760601180891,1.4492753623188406,6.796833064949007,,1.4962426194310252,0.17444981213097155,2.2946859903381642
193,14.9020397208803,0.20128824476650564,38.69431025228127,27.073268921095007,6.91760601180891,1.4492753623188406,6.796833064949007,,1.4962426194310252,0.17444981213097155,2.2946859903381642
194,15.01610305958132,0.20128824476650564,38.63392377885131,27.046430488459475,6.91760601180891,1.4224369296833066,6.796833064949007,,1.4962426194310252,0.17444981213097155,2.2946859903381642
195,14.9020397208803,0.20128824476650564,38.479602791196996,26.878690284487387,6.092324208266238,1.4224369296833066,8.05823939881911,,1.4962426194310252,0.17444981213097155,2.2946859903381642
196,15.076489533011273,0.20128824476650564,38.35882984433709,26.84514224369297,6.092324208266238,1.4224369296833066,8.038110574342458,,1.4962426194310252,0.17444981213097155,2.2946859903381642
197,15.116747181964573,0.20128824476650564,38.33199141170156,26.84514224369297,6.092324208266238,1.4224369296833066,8.024691358024691,,1.4962426194310252,0.17444981213097155,2.2946859903381642
198,15.304616210413311,0.20128824476650564,37.65432098765432,26.684111647879764,6.092324208266238,1.4224369296833066,8.675523349436393,,1.4962426194310252,0.17444981213097155,2.2946859903381642
199,15.391841116478798,0.20128824476650564,37.62748255501879,26.623725174449813,6.092324208266238,1.4224369296833066,8.675523349436393,,1.4962426194310252,0.17444981213097155,2.2946859903381642
200,15.5126140633387,0.20128824476650564,37.60064412238325,26.596886741814277,6.078904991948471,1.4224369296833066,8.621846484165324,,1.4962426194310252,0.17444981213097155,2.2946859903381642
201,15.687063875469672,0.20128824476650564,37.57380568974772,26.48953301127214,6.078904991948471,1.4224369296833066,8.601717659688674,,1.4761137949543746,0.17444981213097155,2.2946859903381642
202,15.747450348899624,0.20128824476650564,37.553676865271065,26.476113794954376,6.052066559312936,1.4224369296833066,8.601717659688674,,1.4761137949543746,0.17444981213097155,2.2946859903381642
203,15.848094471282877,0.20128824476650564,37.52012882447665,26.40901771336554,6.052066559312936,1.4224369296833066,8.601717659688674,,1.4761137949543746,0.17444981213097155,2.2946859903381642
204,15.942028985507246,0.20128824476650564,37.5,26.36876006441224,6.052066559312936,1.4224369296833066,8.568169618894256,,1.4761137949543746,0.17444981213097155,2.2946859903381642
205,16.06280193236715,0.20128824476650564,36.7686527106817,26.27482555018787,6.796833064949007,1.3821792807300053,8.568169618894256,,1.4761137949543746,0.17444981213097155,2.2946859903381642
206,16.10305958132045,0.20128824476650564,36.67471819645733,25.55689747718733,6.796833064949007,1.3821792807300053,8.568169618894256,,1.4761137949543746,0.17444981213097155,3.066290928609769
207,16.27079978529254,0.20128824476650564,36.50697799248524,25.55689747718733,6.796833064949007,1.3821792807300053,8.568169618894256,,1.4761137949543746,0.17444981213097155,3.066290928609769
208,16.391572732152444,0.20128824476650564,36.2385936661299,25.489801395598498,7.024959742351046,1.3821792807300053,8.55475040257649,,1.4761137949543746,0.17444981213097155,3.066290928609769
209,16.371443907675793,0.20128824476650564,34.796027911969944,25.41599570585078,7.024959742351046,1.6841116478797638,10.00402576489533,,1.261406333870102,0.17444981213097155,3.066290928609769
210,16.51905528717123,0.20128824476650564,34.76918947933441,25.335480407944175,7.024959742351046,1.6841116478797638,9.977187332259795,,1.247987117552335,0.17444981213097155,3.066290928609769
211,16.566022544283413,0.20128824476650564,34.76918947933441,25.301932367149757,7.011540526033279,1.6841116478797638,9.977187332259795,,1.247987117552335,0.17444981213097155,3.066290928609769
212,16.57944176060118,0.20128824476650564,34.76918947933441,25.288513150831992,7.011540526033279,1.6841116478797638,9.977187332259795,,1.247987117552335,0.17444981213097155,3.066290928609769
213,16.485507246376812,0.20128824476650564,34.76918947933441,25.288513150831992,7.011540526033279,1.6841116478797638,9.957058507783145,,1.3620504562533549,0.17444981213097155,3.066290928609769
214,16.42512077294686,0.20128824476650564,34.23242082662372,25.288513150831992,6.951154052603328,2.395330112721417,9.943639291465379,,1.328502415458937,0.17444981213097155,3.0595813204508855
215,16.686795491143318,0.20128824476650564,34.16532474503489,25.234836285560924,6.944444444444445,2.395330112721417,9.930220075147611,,1.328502415458937,0.17444981213097155,2.9388083735909825
216,16.847826086956523,0.20128824476650564,34.15190552871712,25.087224906065487,6.944444444444445,2.395330112721417,9.930220075147611,,1.328502415458937,0.17444981213097155,2.9388083735909825
217,17.008856682769725,0.20128824476650564,34.07139023081052,25.02012882447665,6.944444444444445,2.395330112721417,9.930220075147611,,1.3150831991411702,0.17444981213097155,2.9388083735909825
218,17.290660225442835,0.20128824476650564,33.9975845410628,24.838969404186795,6.944444444444445,2.395330112721417,9.930220075147611,,1.3150831991411702,0.17444981213097155,2.9119699409554483
219,17.424852388620504,0.20128824476650564,33.97074610842727,24.832259796027913,6.910896403650026,2.368491680085883,9.88996242619431,,1.3150831991411702,0.17444981213097155,2.9119699409554483
220,17.47181964573269,0.20128824476650564,33.97074610842727,24.785292538915726,6.910896403650026,2.368491680085883,9.88996242619431,,1.3150831991411702,0.17444981213097155,2.9119699409554483
221,17.56575415995706,0.20128824476650564,33.97074610842727,24.778582930756844,6.89747718733226,2.368491680085883,9.816156736446592,,1.3150831991411702,0.17444981213097155,2.9119699409554483
222,17.76033279656468,0.20128824476650564,33.78958668813741,24.751744498121308,6.837090713902308,2.475845410628019,9.816156736446592,,1.3150831991411702,0.17444981213097155,2.8784219001610305
223,17.901234567901234,0.20128824476650564,33.78958668813741,24.751744498121308,6.749865807836822,2.475845410628019,9.762479871175524,,1.3150831991411702,0.17444981213097155,2.8784219001610305
224,17.921363392377884,0.20128824476650564,33.675523349436396,24.436392914653783,6.736446591519055,2.932098765432099,9.728931830381105,,1.3150831991411702,0.17444981213097155,2.8784219001610305
225,17.98845947396672,0.20128824476650564,33.333333333333336,24.094202898550726,6.66935050993022,3.6366076221148687,9.728931830381105,,1.3150831991411702,0.17444981213097155,2.85829307568438
226,18.089103596349972,0.20128824476650564,33.319914117015564,24.020397208803004,6.66935050993022,3.6366076221148687,9.728931830381105,,1.3150831991411702,0.17444981213097155,2.844873859366613
227,17.98845947396672,0.20128824476650564,33.28636607622115,23.839237788513152,6.380837359098229,3.6366076221148687,10.359634997316157,,1.3150831991411702,0.17444981213097155,2.818035426731079
