,45,50,54,51,55,56,52,53,57,58,59,60
0,96.40365002683843,3.556092324208266,0.040257648953301126,,,,,,,,,
1,77.83145464304884,19.048577563070317,,2.898550724637681,0.19457863660762212,0.026838432635534086,,,,,,
2,74.93290391841117,21.953837895866883,,2.8918411164787976,0.19457863660762212,0.026838432635534086,,,,,,
3,65.06977992485238,31.66935050993022,0.07380568974771873,2.8918411164787976,0.2683843263553409,0.026838432635534086,,,,,,
4,64.01637144390767,26.241277509393452,,2.8918411164787976,0.13419216317767044,0.026838432635534086,4.522275899087493,2.167203435319377,,,,
5,62.915995705850776,27.26113794954375,,2.8918411164787976,0.2147074610842727,0.026838432635534086,4.522275899087493,2.167203435319377,,,,
6,55.42807300053677,35.04428341384863,,2.3483628556092326,0.38915727321524424,0.10064412238325282,4.49543746645196,2.167203435319377,0.026838432635534086,,,
7,53.36822329575953,33.621846484165324,,3.388352120236178,0.4294149221685454,,7.03166935050993,2.13365539452496,0.026838432635534086,,,
8,43.75335480407944,41.80085882984434,0.03354804079441761,3.240740740740741,0.4227053140096618,,7.092055823939882,3.629898013955985,0.026838432635534086,,,
9,39.720880300590444,43.592324208266234,0.03354804079441761,5.750134192163178,0.2952227589908749,,7.092055823939882,3.488996242619431,0.026838432635534086,,,
10,33.293075684380035,46.59151905528717,4.300858829844337,5.750134192163178,1.865271068169619,,4.683306494900698,3.502415458937198,0.013419216317767043,,,
11,29.455179817498657,50.34219001610306,4.26731078904992,5.595813204508857,2.0263016639828235,0.1274825550187869,4.669887278582931,3.502415458937198,0.013419216317767043,,,
12,29.51556629092861,47.46376811594203,3.1535158346752548,5.548845947396672,3.361513687600644,0.1878690284487386,7.387278582930757,3.3279656468062266,0.013419216317767043,0.040257648953301126,,
13,28.33467525496511,36.64787976382179,2.5161030595813205,20.511272141706925,2.3483628556092326,0.1878690284487386,6.072195383789587,3.3279656468062266,0.013419216317767043,0.040257648953301126,,
14,27.697262479871174,32.085346215781,3.8378958668813743,22.16183574879227,1.2077294685990339,0.7380568974771873,6.830381105743425,5.35426731078905,0.04696725711218465,0.040257648953301126,,
15,23.14814814814815,35.44015029522276,3.8378958668813743,23.805689747718734,1.583467525496511,0.8923778851315083,6.407675791733762,4.797369833601718,0.04696725711218465,0.040257648953301126,,
16,23.22866344605475,35.40660225442834,3.6902844873859366,23.523886205045624,1.710950080515298,1.1272141706924315,6.394256575415996,4.770531400966184,0.04696725711218465,0.06709608158883522,0.03354804079441761,
17,23.087761674718198,33.55475040257649,3.5292538915727323,21.115136876006442,1.5499194847020934,1.3083735909822867,8.890230810520666,6.816961889425658,0.04696725711218465,0.06709608158883522,0.03354804079441761,
18,22.50402576489533,33.32662372517445,3.5292538915727323,20.98094471282877,1.7042404723564144,1.4492753623188406,9.54777241009125,6.810252281266774,0.04696725711218465,0.06709608158883522,0.03354804079441761,
19,17.57246376811594,34.86983360171766,2.120236178207193,26.46940418679549,1.8853998926462694,1.42914653784219,8.796296296296296,6.709608158883521,0.04696725711218465,0.06709608158883522,0.03354804079441761,
20,11.211755233494364,45.26301663982824,2.61003757380569,24.355877616747183,1.7579173376274826,1.3754696725711217,7.300053676865271,5.978260869565218,0.04696725711218465,0.06709608158883522,0.03354804079441761,
21,7.521470746108427,44.67928073000537,0.6575415995705851,29.542404723564143,0.9863123993558777,0.6642512077294686,12.298711755233494,3.5091250670960816,0.07380568974771873,0.06709608158883522,,
22,5.381105743424584,35.06441223832528,0.6575415995705851,39.84836285560923,1.2412775093934514,2.0933977455716586,12.04374664519592,3.4688674181427803,0.13419216317767044,0.06709608158883522,,
23,5.072463768115942,34.594739667203434,1.932367149758454,33.601717659688674,1.4492753623188406,1.5767579173376274,12.02361782071927,9.54777241009125,0.13419216317767044,0.06709608158883522,,
24,5.267042404723564,34.4873859366613,1.6505636070853462,34.5679012345679,1.5432098765432098,1.710950080515298,11.191626409017713,9.380032206119163,0.13419216317767044,0.06709608158883522,,
25,5.448201825013419,31.36070853462158,2.254428341384863,34.35990338164251,4.019055287171229,1.5163714439076759,11.151368760064413,9.433709071390231,0.2549651100375738,0.06709608158883522,0.13419216317767044,
26,5.562265163714439,30.891035963499732,2.24771873322598,32.33360171765969,4.334406870638754,1.402308105206656,13.311862587224907,9.386741814278047,0.32877079978529256,0.06709608158883522,0.13419216317767044,
27,5.83064949006978,29.696725711218466,2.24771873322598,32.19269994632314,4.636339237788513,1.4090177133655395,13.922436929683306,8.628556092324208,1.1540526033279657,0.14761137949543746,0.13419216317767044,
28,4.958400429414922,24.188137412775095,2.24771873322598,38.81508319914117,5.24020397208803,2.301395598497048,15.995705850778315,4.616210413311863,1.3150831991411702,0.1878690284487386,0.13419216317767044,
29,4.26731078904992,21.24932903918411,2.5496511003757383,47.416800858829845,5.052334943639291,2.49597423510467,10.896403650026839,4.542404723564144,1.2077294685990339,0.1878690284487386,0.13419216317767044,
30,3.9720880300590444,14.78797638217928,2.1135265700483092,55.46833064949007,4.7101449275362315,2.563070316693505,10.681696188942565,4.2270531400966185,1.1540526033279657,0.1878690284487386,0.13419216317767044,
31,3.9855072463768115,14.371980676328503,3.556092324208266,51.14734299516908,7.716049382716049,3.207192699946323,10.493827160493828,3.9519592055823938,1.247987117552335,0.1878690284487386,0.13419216317767044,
32,4.079441760601181,13.674181427804616,3.1602254428341383,48.40311325818572,8.11862587224906,2.9790660225442833,13.546698872785829,4.51556629092861,1.2345679012345678,0.15432098765432098,0.13419216317767044,
33,4.26731078904992,13.573537305421363,3.1602254428341383,47.62479871175523,8.179012345679013,3.69699409554482,13.486312399355878,4.488727858293076,1.2345679012345678,0.15432098765432098,0.13419216317767044,
34,4.636339237788513,13.110574342458401,3.066290928609769,45.93397745571659,8.668813741277509,3.9049919484702094,13.425925925925926,5.555555555555555,1.3486312399355878,0.2147074610842727,0.13419216317767044,
35,4.8443370907139025,13.063607085346217,3.052871712292002,45.551529790660226,8.61513687600644,4.213633923778851,13.352120236178207,5.535426731078905,1.3486312399355878,0.2885131508319914,0.13419216317767044,
36,5.092592592592593,12.86231884057971,3.079710144927536,45.189210950080515,8.76274825550188,4.374664519592056,13.298443370907139,5.407944176060118,1.3821792807300053,0.2885131508319914,0.2616747181964573,
37,4.824208266237251,11.782071926999464,3.079710144927536,33.23939881910896,6.105743424584004,3.9720880300590444,28.133387010198604,7.051798174986581,1.288244766505636,0.2616747181964573,0.2616747181964573,
38,5.072463768115942,11.668008588298443,3.066290928609769,32.9374664519592,6.152710681696189,4.300858829844337,27.274557165861513,6.951154052603328,1.9592055823939882,0.35560923242082665,0.2616747181964573,
39,5.045625335480408,11.533816425120772,3.066290928609769,35.319377348362856,6.0587761674718195,3.629898013955985,26.80488459473967,6.166129898013956,1.8183038110574343,0.2952227589908749,0.2616747181964573,
40,5.280461621041331,11.500268384326356,3.066290928609769,35.19189479334407,6.072195383789587,3.7037037037037037,26.650563607085346,6.166129898013956,1.8115942028985508,0.2952227589908749,0.2616747181964573,
41,5.307300053676865,11.426462694578637,5.669618894256575,35.05099302200752,6.0654857756307035,3.8848631239935587,24.342458400429415,5.763553408480945,1.932367149758454,0.2952227589908749,0.2616747181964573,
42,4.830917874396135,7.749597423510467,5.589103596349974,34.86983360171766,5.481749865807837,3.8378958668813743,28.549382716049383,6.696188942565755,2.01959205582394,0.11406333870101985,0.2616747181964573,
43,4.74369296833065,5.971551261406334,4.918142780461621,34.23242082662372,4.757112184648417,3.388352120236178,32.92404723564144,6.655931293612453,1.9994632313472893,0.14761137949543746,0.2616747181964573,
44,4.958400429414922,5.904455179817498,4.1532474503489,36.963231347289316,4.683306494900698,3.3011272141706924,31.716317767042405,5.891035963499732,1.9994632313472893,0.2952227589908749,0.13419216317767044,
45,5.307300053676865,5.870907139023081,4.1532474503489,36.808910359635,4.656468062265164,3.388352120236178,31.374127750939344,5.891035963499732,2.120236178207193,0.2952227589908749,0.13419216317767044,
46,5.495169082125604,5.072463768115942,4.03918411164788,35.79575952764358,3.965378421900161,3.455448201825013,36.22517444981213,3.9989264626945786,1.737788513150832,0.08051529790660225,0.13419216317767044,
47,5.481749865807837,5.072463768115942,6.3070316693505095,32.11218464841653,4.079441760601181,3.5762211486849167,37.915995705850776,3.4621578099838968,1.778046162104133,0.08051529790660225,0.13419216317767044,
48,5.488459473966721,5.072463768115942,6.3070316693505095,32.06521739130435,4.126409017713366,3.5762211486849167,37.9092860976919,3.4621578099838968,1.778046162104133,0.08051529790660225,0.13419216317767044,
49,5.0791733762748255,4.5893719806763285,10.225442834138486,33.42055823939882,3.408480944712829,3.603059581320451,35.929951690821255,1.5901771336553945,1.9122383252818036,0.08051529790660225,0.1610305958132045,
50,5.173107890499195,4.448470209339774,10.225442834138486,31.561996779388085,3.5426731078904994,3.730542136339238,37.506709608158886,1.5901771336553945,1.9793344068706387,0.08051529790660225,0.1610305958132045,
51,5.01207729468599,3.307836822329576,9.836285560923242,42.40472356414385,4.086151368760064,3.730542136339238,28.039452495974235,1.7176596886741815,1.6237251744498122,0.08051529790660225,0.1610305958132045,
52,5.2066559312936125,3.260869565217391,9.789318303811058,39.660493827160494,4.025764895330113,3.797638217928073,30.401234567901234,1.8250134192163177,1.7914653784219001,0.08051529790660225,0.1610305958132045,
53,5.414653784219001,3.240740740740741,9.856414385399892,39.452495974235106,4.025764895330113,3.81105743424584,30.360976918947934,1.8048845947396672,1.7914653784219001,0.08051529790660225,0.1610305958132045,
54,5.750134192163178,3.207192699946323,9.836285560923242,38.97611379495437,4.616210413311863,3.770799785292539,30.04562533548041,1.8048845947396672,1.724369296833065,0.10735373054213634,0.1610305958132045,
55,6.005099302200751,3.207192699946323,9.634997316156737,37.27187332259796,4.690016103059581,4.180085882984434,30.407944176060116,2.2208803005904456,2.073268921095008,0.10735373054213634,0.20128824476650564,
56,6.152710681696189,3.180354267310789,9.588030059044552,37.151100375738054,4.690016103059581,4.26731078904992,30.287171229200215,2.2208803005904456,2.15378421900161,0.10735373054213634,0.20128824476650564,
57,6.286902844873859,3.012614063338701,9.39345142243693,37.084004294149224,4.99194847020934,4.327697262479871,30.018786902844873,2.187332259796028,2.3886205045625335,0.10735373054213634,0.20128824476650564,
58,6.1862587224906065,3.052871712292002,9.27938808373591,36.38620504562534,4.891304347826087,4.361245303274289,29.24718196457327,3.656736446591519,2.3550724637681157,0.3824476650563607,0.20128824476650564,
59,6.421095008051529,3.052871712292002,9.245840042941492,36.05743424584004,5.005367686527107,4.361245303274289,29.09957058507783,3.656736446591519,2.5161030595813205,0.3824476650563607,0.20128824476650564,
60,6.696188942565755,2.898550724637681,9.232420826623725,34.58803005904455,4.62962962962963,5.636070853462158,29.47530864197531,3.643317230273752,2.6167471819645733,0.3824476650563607,0.20128824476650564,
61,6.843800322061192,2.8918411164787976,9.232420826623725,34.312936124530324,4.602791196994096,5.810520665593129,29.461889425657542,3.535963499731616,2.6167471819645733,0.48980139559849706,0.20128824476650564,
62,6.890767579173376,2.8113258185721954,9.232420826623725,31.924315619967793,4.750402576489533,5.797101449275362,27.636876006441224,7.226247987117552,3.0595813204508855,0.46967257112184646,0.20128824476650564,
63,7.085346215780999,2.7979066022544283,9.205582393988191,31.5552871712292,5.092592592592593,5.857487922705314,27.49597423510467,7.132313472893183,3.1065485775630703,0.46967257112184646,0.20128824476650564,
64,7.367149758454106,2.7844873859366612,9.151905528717123,31.280193236714975,5.132850241545894,6.105743424584004,27.26784755770263,6.937734836285561,3.2474503488996245,0.5233494363929146,0.20128824476650564,
65,6.280193236714976,2.589908749329039,8.541331186258722,40.55958132045089,4.2203435319377345,5.35426731078905,22.376543209876544,6.729736983360172,2.623456790123457,0.5233494363929146,0.20128824476650564,
66,6.159420289855072,2.462426194310252,7.7831454643048845,46.772678475577024,3.8311862587224907,4.851046698872786,20.42404723564144,4.528985507246377,2.5429414922168547,0.4428341384863124,0.20128824476650564,
67,6.011808910359635,2.462426194310252,7.749597423510467,50.15432098765432,3.589640365002684,4.884594739667204,18.625872249060656,3.5963499731615673,2.3886205045625335,0.33548040794417605,0.20128824476650564,
68,6.146001073537305,2.462426194310252,8.017981749865807,49.67793880837359,3.589640365002684,5.360976918947934,18.297101449275363,3.5963499731615673,2.314814814814815,0.33548040794417605,0.20128824476650564,
69,6.105743424584004,2.462426194310252,8.017981749865807,48.087761674718195,3.670155662909286,5.522007514761138,18.17632850241546,4.985238862050457,2.4355877616747184,0.33548040794417605,0.20128824476650564,
70,5.629361245303274,2.462426194310252,6.702898550724638,46.88674181427805,4.508856682769726,5.401234567901234,19.605475040257648,6.025228126677402,2.2410091250670963,0.33548040794417605,0.20128824476650564,
71,5.703166935050993,2.3752012882447664,7.883789586688137,44.59205582393988,4.49543746645196,5.287171229200215,20.893719806763286,6.025228126677402,2.2074610842726785,0.33548040794417605,0.20128824476650564,
72,5.709876543209877,2.341653247450349,7.883789586688137,43.545356951154055,4.549114331723027,5.166398282340311,23.17498658078368,5.2066559312936125,1.8853998926462694,0.33548040794417605,0.20128824476650564,
73,5.8172302737520125,2.314814814814815,10.554213633923778,41.78073000536769,4.8376274825550185,5.5756843800322065,21.786097691894792,5.2066559312936125,1.5901771336553945,0.33548040794417605,0.20128824476650564,
74,6.105743424584004,2.281266774020397,10.38647342995169,42.88781535158347,3.7640901771336552,5.669618894256575,21.511003757380568,5.119431025228127,1.6237251744498122,0.30193236714975846,0.3488996242619431,
75,6.199677938808374,2.2611379495437465,10.34621578099839,42.74020397208803,3.844605475040258,5.71658615136876,21.410359634997317,5.059044551798175,1.7176596886741815,0.35560923242082665,0.3488996242619431,
76,6.078904991948471,5.434782608695652,10.540794417606012,39.54643048845947,4.49543746645196,5.421363392377885,21.309715512614062,5.0993022007514766,1.4090177133655395,0.35560923242082665,0.30864197530864196,
77,6.206387546967257,5.434782608695652,10.158346752549651,41.50563607085346,4.4753086419753085,5.522007514761138,19.618894256575416,5.005367686527107,1.3150831991411702,0.35560923242082665,0.4025764895330113,
78,6.374127750939345,5.152979066022544,9.722222222222221,41.237251744498124,4.3545356951154055,5.642780461621041,19.47799248523886,5.850778314546431,1.3955984970477724,0.38915727321524424,0.4025764895330113,
79,6.125872249060655,5.0791733762748255,9.440418679549115,40.734031132581855,4.133118625872249,5.46833064949007,20.94068706387547,5.8239398819108965,1.4626945786366077,0.38915727321524424,0.4025764895330113,
80,6.206387546967257,5.0791733762748255,9.426999463231347,40.62667740203972,4.025764895330113,5.46833064949007,21.034621578099838,5.8239398819108965,1.4626945786366077,0.38915727321524424,0.4562533548040794,
81,6.374127750939345,5.052334943639291,9.25925925925926,40.425389157273216,4.025764895330113,5.756843800322061,20.96081588835212,5.797101449275362,1.5029522275899088,0.38915727321524424,0.4562533548040794,
82,6.501610305958132,5.052334943639291,9.078099838969404,40.23081052066559,4.025764895330113,5.810520665593129,20.819914117015568,5.797101449275362,1.6304347826086956,0.5971551261406334,0.4562533548040794,
83,6.280193236714976,4.9651100375738055,8.017981749865807,39.45920558239399,4.133118625872249,5.83064949006978,19.665861513687602,9.024422973698336,1.6304347826086956,0.5971551261406334,0.39586688137412773,
84,6.293612453032743,4.938271604938271,7.541599570585078,36.580783682232955,4.274020397208803,6.119162640901771,23.10789049919485,8.433977455716587,1.7176596886741815,0.5971551261406334,0.39586688137412773,
85,6.454643048845948,4.938271604938271,7.5348899624261945,36.312399355877616,4.274020397208803,6.253354804079442,22.873054213633925,8.433977455716587,1.932367149758454,0.5971551261406334,0.39586688137412773,
86,6.615673644659152,4.924852388620504,7.675791733762749,36.13794954374664,4.253891572732153,6.4412238325281805,22.571121846484164,8.266237251744498,2.01959205582394,0.6977992485238862,0.39586688137412773,
87,6.3137412775093935,4.74369296833065,7.742887815351583,41.96188942565754,3.079710144927536,6.031937734836285,19.652442297369834,7.971014492753623,1.6035963499731616,0.6374127750939346,0.2616747181964573,
88,6.521739130434782,4.74369296833065,7.722758990874933,41.52576489533011,3.2004830917874396,6.1862587224906065,19.524959742351047,7.991143317230274,1.710950080515298,0.6374127750939346,0.23483628556092323,
89,6.629092860976919,4.74369296833065,7.722758990874933,41.15002683843264,3.388352120236178,6.300322061191626,19.47128287707998,8.017981749865807,1.7042404723564144,0.6374127750939346,0.23483628556092323,
90,6.66935050993022,4.622920021470746,7.675791733762749,40.81454643048846,3.603059581320451,6.521739130434782,19.45115405260333,7.971014492753623,1.6841116478797638,0.7514761137949544,0.23483628556092323,
91,6.984702093397746,4.2203435319377345,8.044820182501342,40.11003757380569,4.40150295222759,6.702898550724638,19.404186795491142,7.595276435856146,1.6572732152442298,0.7313472893183038,0.14761137949543746,
92,7.085346215780999,4.2203435319377345,8.024691358024691,39.841653247450346,4.40150295222759,6.823671497584541,19.249865807836823,7.6623725174449815,1.8115942028985508,0.7313472893183038,0.14761137949543746,
93,7.118894256575416,4.193505099302201,7.7831454643048845,39.33843263553408,4.555823939881911,7.48792270531401,19.14922168545357,7.514761137949543,1.8115942028985508,0.8655394524959742,0.18115942028985507,
94,7.078636607622115,4.1532474503489,7.749597423510467,39.19753086419753,4.5960815888352125,7.48792270531401,17.793880837359097,9.01100375738057,1.8853998926462694,0.8655394524959742,0.18115942028985507,
95,6.662640901771336,4.1532474503489,8.59500805152979,38.2313472893183,4.683306494900698,7.897208803005904,17.726784755770264,9.064680622651638,1.9256575415995705,0.9728931830381106,0.08722490606548577,
96,6.9243156199677935,4.133118625872249,8.53462157809984,38.0703166935051,4.669887278582931,7.991143317230274,17.599302200751477,9.03113258185722,1.9256575415995705,0.9728931830381106,0.14761137949543746,
97,7.004830917874396,4.133118625872249,8.588298443370908,37.855609232420825,4.683306494900698,8.145464304884594,17.55233494363929,9.024422973698336,1.9256575415995705,0.9393451422436929,0.14761137949543746,
98,7.065217391304348,4.133118625872249,8.548040794417606,37.66774020397209,4.683306494900698,8.272946859903382,17.55233494363929,9.024422973698336,1.9726247987117553,0.9326355340848095,0.14761137949543746,
99,7.39398819108964,4.0995705850778315,8.581588835212024,35.46027911969941,7.2933440687063875,7.722758990874933,17.45169082125604,8.910359634997317,2.006172839506173,0.9326355340848095,0.14761137949543746,
100,6.219806763285024,24.54374664519592,8.507783145464305,24.630971551261407,5.978260869565218,4.938271604938271,13.251476113794954,9.219001610305957,1.6706924315619969,0.8923778851315083,0.14761137949543746,
101,6.414385399892646,24.288781535158346,8.514492753623188,24.235104669887278,5.877616747181965,4.951690821256038,13.808373590982287,9.078099838969404,1.7914653784219001,0.8923778851315083,0.14761137949543746,
102,5.35426731078905,21.43719806763285,7.682501341921632,33.21926999463231,5.226784755770263,3.7775093934514223,10.446859903381643,10.305958132045088,1.5096618357487923,0.8923778851315083,0.14761137949543746,
103,5.669618894256575,21.26945786366076,7.575147611379496,32.870370370370374,5.434782608695652,3.9049919484702094,10.46027911969941,10.279119699409554,1.5096618357487923,0.8789586688137413,0.14761137949543746,
104,5.226784755770263,29.736983360171767,6.635802469135802,28.33467525496511,5.555555555555555,3.2541599570585076,8.82313472893183,10.23215244229737,1.2010198604401503,0.8521202361782072,0.14761137949543746,
105,5.0858829844337095,26.247987117552334,6.5485775630703165,27.536231884057973,4.408212560386473,3.3480944712828773,14.727589908749328,9.896672034353195,1.2010198604401503,0.8521202361782072,0.14761137949543746,
106,5.3274288781535155,25.99302200751476,6.521739130434782,27.355072463768117,4.656468062265164,3.4420289855072466,14.65378421900161,9.742351046698873,1.3352120236178207,0.8252818035426731,0.14761137949543746,
107,5.119431025228127,16.659957058507782,9.333064949006978,37.25174449812131,4.4753086419753085,3.240740740740741,13.774825550187868,8.179012345679013,1.1808910359634996,0.6374127750939346,0.14761137949543746,
108,4.247181964573269,16.59286097691895,8.32662372517445,45.249597423510465,4.032474503488996,2.7777777777777777,10.34621578099839,6.863929146537842,0.9460547504025765,0.46967257112184646,0.14761137949543746,
109,4.367954911433173,16.25738056897477,7.85024154589372,43.4044551798175,4.106280193236715,2.831454643048846,12.882447665056361,6.769994632313473,0.9259259259259259,0.46967257112184646,0.13419216317767044,
110,4.320987654320987,16.089640365002683,8.32662372517445,42.82742887815352,4.274020397208803,2.9924852388620504,12.86231884057971,6.776704240472356,0.9259259259259259,0.46967257112184646,0.13419216317767044,
111,4.602791196994096,15.311325818572195,8.360171765968868,40.27106816961889,4.253891572732153,3.012614063338701,12.842190016103059,9.842995169082126,0.8990874932903918,0.46967257112184646,0.13419216317767044,
112,4.851046698872786,15.22410091250671,8.420558239398819,40.15700483091788,4.247181964573269,3.0059044551798175,12.68786902844874,9.77589908749329,1.0265700483091786,0.46967257112184646,0.13419216317767044,
113,4.931561996779388,15.197262479871176,8.420558239398819,40.00939345142244,4.240472356414386,2.8918411164787976,12.681159420289855,9.970477724100913,0.9863123993558777,0.5367686527106817,0.13419216317767044,
114,4.7101449275362315,15.143585614600108,6.823671497584541,42.80730005367686,4.086151368760064,2.952227589908749,12.47987117552335,9.433709071390231,1.1003757380568975,0.38915727321524424,0.07380568974771873,
115,4.864465915190553,15.042941492216855,6.723027375201288,42.552334943639295,4.166666666666667,3.140096618357488,12.47987117552335,9.31964573268921,1.1473429951690821,0.38915727321524424,0.07380568974771873,0.10064412238325282
116,5.065754159957058,14.895330112721417,6.696188942565755,42.391304347826086,4.17337627482555,3.140096618357488,12.466451959205582,9.353193773483628,1.1473429951690821,0.49651100375738055,0.07380568974771873,0.10064412238325282
117,5.132850241545894,14.841653247450349,6.568706387546968,43.001878690284485,4.213633923778851,3.2206119162640903,12.164519592055823,8.93719806763285,1.1137949543746646,0.49651100375738055,0.06038647342995169,0.24825550187869028
118,5.287171229200215,14.694041867954912,6.488191089640365,42.572463768115945,4.38137412775094,3.797638217928073,11.842458400429415,8.93719806763285,1.1943102522812667,0.49651100375738055,0.06038647342995169,0.24825550187869028
119,5.535426731078905,14.640365002683843,6.474771873322598,42.55904455179817,4.28743961352657,3.784219001610306,11.81561996779388,8.903650026838433,1.1943102522812667,0.49651100375738055,0.06038647342995169,0.24825550187869028
120,5.656199677938808,14.016371443907676,6.461352657004831,40.29119699409554,6.521739130434782,3.864734299516908,11.741814278046162,9.406870638754697,1.2345679012345678,0.49651100375738055,0.06038647342995169,0.24825550187869028
121,5.837359098228664,13.935856146001074,6.4345142243692965,39.84836285560923,6.528448738593666,4.2270531400966185,11.741814278046162,9.406870638754697,1.2345679012345678,0.49651100375738055,0.06038647342995169,0.24825550187869028
122,5.730005367686527,9.648416532474503,6.226516371443908,41.47208803005905,6.005099302200751,3.9049919484702094,10.084541062801932,14.949006977992486,1.1741814278046163,0.49651100375738055,0.06038647342995169,0.24825550187869028
123,5.884326355340848,9.46725711218465,5.958132045088567,38.85534084809447,6.320450885668277,3.8580246913580245,9.96376811594203,17.74020397208803,1.1473429951690821,0.49651100375738055,0.06038647342995169,0.24825550187869028
124,5.428073000536768,8.903650026838433,5.199946323134729,46.812936124530324,4.9718196457326895,3.475577026301664,9.480676328502415,13.821792807300053,1.1406333870101986,0.4562533548040794,0.06038647342995169,0.24825550187869028
125,5.71658615136876,8.796296296296296,5.045625335480408,44.49141170155663,4.938271604938271,3.7775093934514223,9.420289855072463,15.801127214170693,1.1406333870101986,0.5636070853462157,0.06038647342995169,0.24825550187869028
126,5.9514224369296835,8.796296296296296,5.045625335480408,44.18947933440687,4.938271604938271,3.9989264626945786,9.39345142243693,15.526033279656469,1.1808910359634996,0.6709608158883521,0.06038647342995169,0.24825550187869028
127,6.159420289855072,8.61513687600644,5.045625335480408,44.00161030595813,5.2066559312936125,3.9855072463768115,9.225711218464841,15.499194847020934,1.2546967257112185,0.6709608158883521,0.08722490606548577,0.24825550187869028
128,6.3137412775093935,8.61513687600644,5.032206119162641,43.954643048845945,5.2066559312936125,3.9452495974235107,9.205582393988191,15.465646806226516,1.2546967257112185,0.6709608158883521,0.08722490606548577,0.24825550187869028
129,6.407675791733762,8.561460010735374,5.01207729468599,42.914653784219,4.3545356951154055,3.750670960815888,8.809715512614064,17.894524959742352,1.1272141706924315,0.8051529790660226,0.11406333870101985,0.24825550187869028
130,6.541867954911433,8.454106280193237,4.985238862050457,42.66639828234031,4.522275899087493,3.8915727321524423,8.769457863660762,17.834138486312398,1.1272141706924315,0.8722490606548577,0.08722490606548577,0.24825550187869028
131,6.635802469135802,8.440687063875469,5.092592592592593,41.176865271068166,4.582662372517445,3.9452495974235107,11.426462694578637,16.364734299516908,1.1272141706924315,0.8722490606548577,0.08722490606548577,0.24825550187869028
132,6.662640901771336,8.266237251744498,4.931561996779388,40.385131508319915,4.851046698872786,3.911701556629093,11.372785829307569,17.12962962962963,1.2010198604401503,0.95276435856146,0.08722490606548577,0.24825550187869028
133,6.910896403650026,8.259527643585615,4.817498658078368,40.09661835748792,5.0791733762748255,3.9452495974235107,11.29898013955985,16.99543746645196,1.1943102522812667,1.06682769726248,0.08722490606548577,0.24825550187869028
134,7.139023081052066,8.259527643585615,4.978529253891573,39.781266774020395,5.065754159957058,4.032474503488996,11.231884057971014,16.968599033816425,1.1943102522812667,1.0131508319914118,0.08722490606548577,0.24825550187869028
135,7.071926999463232,8.259527643585615,4.830917874396135,37.151100375738054,5.059044551798175,4.247181964573269,13.92914653784219,16.928341384863124,1.1741814278046163,1.0131508319914118,0.08722490606548577,0.24825550187869028
136,7.199409554482019,8.152173913043478,4.830917874396135,37.05716586151369,5.12614063338701,4.341116478797638,13.828502415458937,16.874664519592056,1.2412775093934514,1.0131508319914118,0.08722490606548577,0.24825550187869028
137,7.5281803542673105,8.152173913043478,4.830917874396135,36.73510466988728,5.24020397208803,4.53569511540526,13.6406333870102,16.70692431561997,1.3016639828234031,1.0131508319914118,0.08722490606548577,0.2281266774020397
138,7.749597423510467,7.997852925389157,4.804079441760601,36.48684916800859,5.320719269994632,4.7638217928073,13.539989264626946,16.59286097691895,1.415727321524423,1.0131508319914118,0.08722490606548577,0.2281266774020397
139,7.796564680622652,7.997852925389157,4.898013955984971,36.39291465378422,5.24020397208803,4.817498658078368,13.519860440150294,16.51905528717123,1.4895330112721417,1.0131508319914118,0.08722490606548577,0.2281266774020397
140,7.809983896940419,7.950885668276973,6.521739130434782,35.32608695652174,5.481749865807837,4.864465915190553,12.99651100375738,16.264090177133657,1.4559849704777241,1.0131508319914118,0.08722490606548577,0.2281266774020397
141,8.024691358024691,7.944176060118089,6.3137412775093935,34.957058507783145,5.4616210413311865,5.159688674181428,12.93612453032743,16.210413311862588,1.6639828234031133,1.0131508319914118,0.08722490606548577,0.2281266774020397
142,8.091787439613526,7.863660762211487,6.535158346752549,34.836285560923244,5.448201825013419,5.300590445517981,12.714707461084272,16.109769189479334,1.7713365539452497,1.0131508319914118,0.08722490606548577,0.2281266774020397
143,8.091787439613526,7.635534084809447,6.233225979602791,35.198604401502955,5.683038110574342,4.978529253891573,13.177670424047236,16.029253891572733,1.7444981213097155,0.9125067096081588,0.08722490606548577,0.2281266774020397
144,6.5552871712292005,7.246376811594203,6.642512077294686,42.975040257648956,4.804079441760601,4.622920021470746,12.600644122383253,12.097423510466989,1.42914653784219,0.7112184648416533,0.08722490606548577,0.2281266774020397
145,6.447933440687064,6.5552871712292005,6.260064412238325,46.765968867418145,4.1129898013955986,4.388083735909823,11.976650563607086,11.158078368223295,1.402308105206656,0.6575415995705851,0.04696725711218465,0.2281266774020397
146,6.655931293612453,6.535158346752549,6.380837359098229,45.92055823939882,3.992216854535695,5.10601180891036,11.922973698336017,10.909822866344605,1.5432098765432098,0.6575415995705851,0.14761137949543746,0.2281266774020397
147,6.595544820182502,6.300322061191626,6.3070316693505095,45.71256038647343,4.468599033816425,5.287171229200215,11.842458400429415,10.909822866344605,1.5432098765432098,0.6575415995705851,0.14761137949543746,0.2281266774020397
148,6.6827697262479875,6.260064412238325,6.280193236714976,45.57836822329576,4.508856682769726,5.475040257648954,11.694847020933977,10.943370907139023,1.5432098765432098,0.6575415995705851,0.14761137949543746,0.2281266774020397
149,6.816961889425658,6.219806763285024,6.213097155126141,45.410628019323674,4.609500805152979,5.515297906602254,11.694847020933977,10.943370907139023,1.5432098765432098,0.6575415995705851,0.14761137949543746,0.2281266774020397
150,5.401234567901234,4.166666666666667,4.958400429414922,61.01717659688674,3.6366076221148687,5.401234567901234,8.380300590445518,5.615942028985507,0.8185721953837896,0.2281266774020397,0.14761137949543746,0.2281266774020397
151,5.595813204508857,4.086151368760064,4.8443370907139025,60.7487922705314,3.8378958668813743,5.360976918947934,8.487654320987655,5.615942028985507,0.8185721953837896,0.2281266774020397,0.14761137949543746,0.2281266774020397
152,5.709876543209877,4.066022544283414,4.8376274825550185,60.44015029522276,3.8378958668813743,5.5756843800322065,8.487654320987655,5.5756843800322065,0.8655394524959742,0.2281266774020397,0.14761137949543746,0.2281266774020397
153,5.589103596349974,3.5762211486849167,3.656736446591519,60.258990874932906,3.8043478260869565,5.401234567901234,8.32662372517445,8.024691358024691,0.9796027911969941,0.2281266774020397,0.14761137949543746,0.0067096081588835215
154,5.756843800322061,3.556092324208266,3.7909286097691894,59.88325281803543,4.045893719806763,5.4616210413311865,8.165593129361245,7.977724100912507,0.9796027911969941,0.2281266774020397,0.14761137949543746,0.0067096081588835215
155,6.152710681696189,3.556092324208266,3.670155662909286,59.20558239398819,3.9855072463768115,5.844068706387547,8.158883521202362,7.997852925389157,1.0466988727858293,0.2281266774020397,0.14761137949543746,0.0067096081588835215
156,6.421095008051529,3.5225442834138487,3.6634460547504024,58.581588835212024,4.079441760601181,6.146001073537305,8.158883521202362,7.997852925389157,1.0466988727858293,0.2281266774020397,0.14761137949543746,0.0067096081588835215
157,6.394256575415996,3.099838969404187,3.656736446591519,56.46135265700483,3.8378958668813743,6.038647342995169,11.07085346215781,7.930756843800322,1.1943102522812667,0.1610305958132045,0.14761137949543746,0.0067096081588835215
158,6.541867954911433,3.099838969404187,3.656736446591519,56.19296833064949,3.8378958668813743,6.179549114331723,10.990338164251208,7.930756843800322,1.2144390767579174,0.20128824476650564,0.14761137949543746,0.0067096081588835215
159,6.702898550724638,3.099838969404187,3.656736446591519,55.9447128287708,3.965378421900161,6.273483628556092,10.990338164251208,7.796564680622652,1.2144390767579174,0.20128824476650564,0.14761137949543746,0.0067096081588835215
160,6.857219538378959,3.0595813204508855,3.656736446591519,55.69645732689211,4.0995705850778315,6.4345142243692965,10.856146001073537,7.729468599033816,1.2546967257112185,0.20128824476650564,0.14761137949543746,0.0067096081588835215
161,7.058507783145465,3.0595813204508855,3.69699409554482,55.26704240472356,4.180085882984434,6.528448738593666,10.829307568438002,7.729468599033816,1.2949543746645196,0.20128824476650564,0.14761137949543746,0.0067096081588835215
162,7.159151905528717,3.0595813204508855,3.69699409554482,54.40150295222759,4.783950617283951,6.702898550724638,10.815888352120236,7.6623725174449815,1.2949543746645196,0.24154589371980675,0.17444981213097155,0.0067096081588835215
163,7.192699946323135,3.0595813204508855,3.69699409554482,54.26731078904992,4.783950617283951,6.810252281266774,10.742082662372518,7.6623725174449815,1.3419216317767042,0.2616747181964573,0.17444981213097155,0.0067096081588835215
164,7.39398819108964,3.0595813204508855,3.6634460547504024,53.91170155662909,4.87788513150832,6.957863660762212,10.621309715512615,7.635534084809447,1.4358561460010735,0.2616747181964573,0.17444981213097155,0.0067096081588835215
165,7.239667203435319,2.7777777777777777,3.616478797638218,51.96591519055287,6.689479334406871,6.984702093397746,10.601180891035963,8.125335480407944,1.5230810520665594,0.2616747181964573,0.20799785292538917,0.0067096081588835215
166,7.608695652173913,2.7777777777777777,3.5628019323671496,51.388888888888886,6.561996779388084,7.39398819108964,10.527375201288244,8.179012345679013,1.5230810520665594,0.2616747181964573,0.20799785292538917,0.0067096081588835215
167,7.803274288781535,2.7777777777777777,3.556092324208266,51.10708534621578,6.66935050993022,7.555018786902845,10.453569511540525,8.07836822329576,1.5230810520665594,0.2616747181964573,0.20799785292538917,0.0067096081588835215
168,8.017981749865807,2.677133655394525,3.730542136339238,49.83225979602791,6.649221685453569,7.326892109500805,11.688137412775093,8.07836822329576,1.5230810520665594,0.2616747181964573,0.20799785292538917,0.0067096081588835215
169,7.427536231884058,2.657004830917874,3.5426731078904994,45.17579173376275,6.655931293612453,7.239667203435319,18.075684380032207,7.353730542136339,1.4492753623188406,0.20799785292538917,0.20799785292538917,0.0067096081588835215
170,7.548309178743962,2.657004830917874,3.5292538915727323,43.86070853462158,6.649221685453569,7.105475040257649,19.256575415995705,7.340311325818572,1.6237251744498122,0.20799785292538917,0.2147074610842727,0.0067096081588835215
171,7.924047235641439,2.657004830917874,3.5292538915727323,43.666129898013956,6.796833064949007,7.1658615136876005,19.068706387546968,7.1658615136876005,1.596886741814278,0.20799785292538917,0.2147074610842727,0.0067096081588835215
172,8.259527643585615,2.657004830917874,3.5292538915727323,43.37761674718197,6.796833064949007,7.253086419753086,18.90096618357488,7.14573268921095,1.583467525496511,0.27509393451422437,0.2147074610842727,0.0067096081588835215
173,8.501073537305421,2.657004830917874,3.4688674181427803,42.881105743424584,6.736446591519055,7.716049382716049,18.88083735909823,7.078636607622115,1.583467525496511,0.27509393451422437,0.2147074610842727,0.0067096081588835215
174,7.96430488459474,2.657004830917874,3.4286097691894795,38.62721417069243,6.709608158883521,7.185990338164252,21.316425120772948,10.017444981213098,1.596886741814278,0.27509393451422437,0.2147074610842727,0.0067096081588835215
175,8.199141170155663,2.623456790123457,3.4286097691894795,38.47289318303811,6.66935050993022,7.360440150295223,21.175523349436393,9.990606548577563,1.583467525496511,0.27509393451422437,0.2147074610842727,0.0067096081588835215
176,8.32662372517445,2.623456790123457,3.321256038647343,38.41250670960816,6.622383252818035,7.467793880837359,21.128556092324207,9.923510466988727,1.570048309178744,0.3824476650563607,0.2147074610842727,0.0067096081588835215
177,8.205850778314547,2.623456790123457,3.1736446591519054,37.80193236714976,6.723027375201288,7.6623725174449815,22.477187332259795,9.292807300053678,1.4358561460010735,0.3824476650563607,0.2147074610842727,0.0067096081588835215
178,8.36688137412775,2.61003757380569,3.1602254428341383,37.68115942028985,6.723027375201288,7.695920558239399,22.31615673644659,9.178743961352657,1.6774020397208802,0.36902844873859364,0.2147074610842727,0.0067096081588835215
179,8.628556092324208,2.61003757380569,3.012614063338701,37.97638217928073,6.568706387546968,7.628824476650563,22.067901234567902,9.07139023081052,1.6841116478797638,0.5300590445517982,0.2147074610842727,0.0067096081588835215
180,8.883521202361782,2.61003757380569,3.012614063338701,37.64090177133655,6.66935050993022,7.635534084809447,21.900161030595815,9.091519055287172,1.8048845947396672,0.5300590445517982,0.2147074610842727,0.0067096081588835215
181,9.064680622651638,2.61003757380569,3.052871712292002,37.41277509393451,6.823671497584541,7.709339774557166,21.712292002147073,9.057971014492754,1.8048845947396672,0.5300590445517982,0.2147074610842727,0.0067096081588835215
182,9.272678475577026,2.576489533011272,3.052871712292002,37.27858293075684,6.810252281266774,7.843531937734836,21.531132581857218,9.057971014492754,1.8250134192163177,0.5300590445517982,0.2147074610842727,0.0067096081588835215
183,9.514224369296834,2.536231884057971,5.508588298443371,36.82903918411165,6.769994632313473,8.152173913043478,19.699409554482017,8.467525496511003,1.7713365539452497,0.5300590445517982,0.2147074610842727,0.0067096081588835215
184,9.675254965110037,2.536231884057971,5.394524959742351,36.68142780461621,6.736446591519055,8.333333333333334,19.538378958668815,8.340042941492216,1.932367149758454,0.6105743424584005,0.2147074610842727,0.0067096081588835215
185,9.702093397745571,2.536231884057971,5.374396135265701,35.88298443370907,6.863929146537842,8.735909822866345,19.51154052603328,8.641975308641975,1.9189479334406871,0.6105743424584005,0.2147074610842727,0.0067096081588835215
186,9.809447128287708,2.5295222758990876,5.367686527106817,35.43344068706388,6.5485775630703165,8.977455716586151,19.39747718733226,8.99087493290392,2.0263016639828235,0.6977992485238862,0.2147074610842727,0.0067096081588835215
187,9.88996242619431,2.4557165861513686,5.501878690284487,35.20531400966183,6.541867954911433,8.970746108427267,19.51825013419216,8.93719806763285,1.9860440150295222,0.6776704240472357,0.30864197530864196,0.0067096081588835215
188,9.86983360171766,2.4490069779924855,5.776972624798712,34.97047772410091,6.5552871712292005,8.93719806763285,18.706387546967257,9.64170692431562,2.100107353730542,0.6776704240472357,0.30864197530864196,0.0067096081588835215
