,45,50,54,51,55,52,53,56,58,57
0,92.223564143854,7.776435856146001,,,,,,,,
1,75.51663982823403,23.711755233494365,0.7716049382716049,,,,,,,
2,65.52603327965647,32.78314546430489,0.7716049382716049,0.6910896403650026,0.2281266774020397,,,,,
3,59.80273752012882,34.49409554482018,1.2949543746645196,4.180085882984434,0.2281266774020397,,,,,
4,52.31481481481482,41.988727858293075,1.2949543746645196,4.17337627482555,0.2281266774020397,,,,,
5,47.52415458937198,35.7487922705314,0.7716049382716049,15.955448201825014,,,,,,
6,43.25684380032206,30.95813204508857,0.7716049382716049,25.013419216317768,,,,,,
7,42.72678475577026,30.62265163714439,0.7716049382716049,18.766774020397207,,7.112184648416532,,,,
8,41.86124530327429,30.20665593129361,0.7716049382716049,20.068438003220614,,7.092055823939882,,,,
9,40.90177133655394,28.29441760601181,1.2815351583467525,20.055018786902846,,9.46725711218465,,,,
10,37.815351583467525,25.02012882447665,1.2412775093934514,20.42404723564144,,15.499194847020934,,,,
11,25.583735909822867,40.88835212023618,0.6910896403650026,17.807300053676865,,15.029522275899087,,,,
12,19.605475040257648,46.07487922705314,0.6910896403650026,28.415190552871714,,5.213365539452496,,,,
13,19.41760601180891,43.39103596349973,0.5770263016639828,31.414385399892645,,5.199946323134729,,,,
14,20.2361782071927,42.80730005367686,0.5770263016639828,31.320450885668276,,5.059044551798175,,,,
15,20.417337627482556,42.7133655394525,0.5770263016639828,31.233225979602793,,5.059044551798175,,,,
16,13.499731615673644,49.362587224906065,0.5770263016639828,29.455179817498657,2.5697799248523885,4.53569511540526,,,,
17,10.34621578099839,39.68733225979603,2.475845410628019,39.418947933440684,2.5697799248523885,4.676596886741814,0.8252818035426731,,,
18,9.366612989801396,33.63526570048309,2.2611379495437465,42.69994632313473,3.2675791733762747,7.96430488459474,0.8051529790660226,,,
19,9.480676328502415,33.5077831454643,1.1876006441223832,39.12372517444981,3.2675791733762747,7.950885668276973,5.173107890499195,0.30864197530864196,,
20,8.99087493290392,27.925389157273216,4.119699409554482,44.538378958668815,3.2675791733762747,5.709876543209877,5.139559849704777,0.30864197530864196,,
21,8.917069243156199,27.925389157273216,4.119699409554482,40.64680622651637,7.300053676865271,5.676328502415459,5.10601180891036,0.30864197530864196,,
22,9.272678475577026,27.77777777777778,4.119699409554482,40.61325818572195,7.14573268921095,5.656199677938808,5.10601180891036,0.30864197530864196,,
23,9.695383789586689,27.68384326355341,4.119699409554482,40.995705850778315,7.065217391304348,5.649490069779925,4.4820182501341925,0.30864197530864196,,
24,4.85775630703167,27.690552871712292,3.629898013955985,47.90660225442834,6.575415995705851,5.642780461621041,3.388352120236178,0.30864197530864196,,
25,3.8714439076757916,19.236446591519055,3.629898013955985,57.56172839506173,6.575415995705851,5.615942028985507,3.2340311325818574,0.27509393451422437,,
26,4.441760601180891,19.102254428341386,3.629898013955985,57.2061191626409,6.541867954911433,5.5689747718733225,3.2340311325818574,0.27509393451422437,,
27,4.770531400966184,18.874127750939344,3.629898013955985,57.01154052603328,6.541867954911433,5.522007514761138,3.374932903918411,0.27509393451422437,,
28,5.253623188405797,18.49838969404187,3.629898013955985,56.085614600107355,6.541867954911433,6.340579710144928,3.374932903918411,0.27509393451422437,,
29,5.434782608695652,18.337359098228664,3.629898013955985,54.93827160493827,6.729736983360172,6.340579710144928,4.314278046162104,0.27509393451422437,,
30,5.562265163714439,17.746913580246915,3.629898013955985,54.86446591519055,6.6827697262479875,5.958132045088567,5.280461621041331,0.27509393451422437,,
31,5.6964573268921095,16.606280193236714,3.421900161030596,55.441492216854535,6.367418142780462,5.723295759527644,6.468062265163715,0.27509393451422437,,
32,5.347557702630167,11.144659151905529,3.421900161030596,51.70424047235642,6.367418142780462,9.426999463231347,12.31213097155126,0.27509393451422437,,
33,4.817498658078368,11.144659151905529,2.7979066022544283,55.2938808373591,6.367418142780462,8.930488459473967,10.373054213633925,0.27509393451422437,,
34,4.005636070853462,6.9243156199677935,2.2208803005904456,62.855609232420825,5.649490069779925,8.930488459473967,9.346484165324744,0.06709608158883522,,
35,4.1532474503489,6.89747718733226,2.2208803005904456,62.76838432635534,5.636070853462158,8.930488459473967,9.326355340848094,0.06709608158883522,,
36,4.4753086419753085,5.260332796564681,2.2208803005904456,64.04320987654322,5.12614063338701,8.393719806763285,10.48040794417606,,,
37,4.703435319377348,5.166398282340311,2.059849704777241,60.74208266237252,5.233494363929147,8.340042941492216,13.754696725711218,,,
38,5.407944176060118,5.166398282340311,2.046430488459474,60.49382716049383,5.22007514761138,8.319914117015566,13.345410628019323,,,
39,5.850778314546431,5.166398282340311,1.9793344068706387,60.19189479334407,5.146269457863661,8.319914117015566,13.345410628019323,,,
40,5.797101449275362,5.166398282340311,1.9793344068706387,57.62211486849168,5.146269457863661,10.721953837895867,13.291733762748256,0.27509393451422437,,
41,6.239935587761675,5.139559849704777,1.3955984970477724,55.27375201288245,4.51556629092861,10.681696188942565,16.478797638217927,0.27509393451422437,,
42,6.367418142780462,5.139559849704777,1.3821792807300053,55.884326355340846,5.112721417069243,10.674986580783683,15.163714439076758,0.27509393451422437,,
43,6.253354804079442,4.166666666666667,1.3821792807300053,59.58803005904455,4.5960815888352125,10.674986580783683,12.654320987654321,0.6843800322061192,,
44,6.608964036500268,4.166666666666667,1.3821792807300053,59.27938808373591,4.5960815888352125,10.674986580783683,12.607353730542137,0.6843800322061192,,
45,6.380837359098229,3.656736446591519,1.3821792807300053,57.447665056360705,4.562533548040794,14.512882447665056,11.372785829307569,0.6843800322061192,,
46,6.642512077294686,3.656736446591519,1.2345679012345678,55.26033279656468,4.562533548040794,16.63311862587225,11.325818572195384,0.6843800322061192,,
47,6.595544820182502,2.9924852388620504,1.2345679012345678,60.89640365002684,4.408212560386473,12.325550187869029,10.735373054213634,0.8118625872249061,,
48,6.8035426731078905,2.985775630703167,1.2345679012345678,60.601180891035966,4.388083735909823,12.27187332259796,10.681696188942565,1.0332796564680622,,
49,6.837090713902308,2.985775630703167,2.3752012882447664,59.534353193773484,4.186795491143317,12.198067632850242,10.849436392914654,1.0332796564680622,,
50,6.991411701556629,2.985775630703167,2.341653247450349,59.41358024691358,4.186795491143317,12.198067632850242,10.849436392914654,1.0332796564680622,,
51,7.407407407407407,2.9790660225442833,2.341653247450349,59.10493827160494,4.186795491143317,12.110842726784755,10.836017176596886,1.0332796564680622,,
52,7.628824476650563,2.9790660225442833,2.341653247450349,58.943907675791735,4.186795491143317,12.050456253354804,10.836017176596886,1.0332796564680622,,
53,6.984702093397746,2.965646806226516,2.341653247450349,61.090982286634464,4.03918411164788,13.747987117552334,7.863660762211487,0.966183574879227,,
54,7.1725711218464845,2.965646806226516,2.341653247450349,60.98362855609233,4.03918411164788,13.734567901234568,7.830112721417069,0.9326355340848095,,
55,7.219538378958669,2.965646806226516,2.3349436392914655,59.95034889962426,3.9049919484702094,14.727589908749328,7.96430488459474,0.9326355340848095,,
56,5.307300053676865,7.87037037037037,2.3349436392914655,57.098765432098766,3.0193236714975846,12.567096081588835,10.976918947933441,0.8252818035426731,,
57,5.233494363929147,6.743156199677939,2.3349436392914655,57.00483091787439,3.0059044551798175,13.875469672571121,10.976918947933441,0.8252818035426731,,
58,5.260332796564681,6.723027375201288,3.0730005367686526,58.06494900697799,2.4892646269457863,13.694310252281268,9.86983360171766,0.8252818035426731,,
59,5.273752012882448,6.347289318303811,3.0730005367686526,58.44739667203435,2.4892646269457863,13.674181427804616,9.86983360171766,0.8252818035426731,,
60,5.535426731078905,6.347289318303811,3.0730005367686526,58.21256038647343,2.475845410628019,13.674181427804616,9.856414385399892,0.8252818035426731,,
61,5.750134192163178,6.320450885668277,5.542136339237788,53.596349973161566,2.395330112721417,15.727321524422974,9.842995169082126,0.8252818035426731,,
62,5.293880837359098,6.3070316693505095,5.226784755770263,47.77241009125067,1.6170155662909287,24.973161567364468,8.011272141706923,0.798443370907139,,
63,5.320719269994632,6.3070316693505095,5.199946323134729,49.71148684916801,1.6170155662909287,23.617820719269993,7.427536231884058,0.798443370907139,,
64,5.166398282340311,6.239935587761675,5.12614063338701,47.477187332259795,2.328234031132582,24.22168545356951,8.641975308641975,0.798443370907139,,
65,5.10601180891036,5.958132045088567,4.4820182501341925,51.99946323134729,2.328234031132582,22.23564143853999,7.092055823939882,0.798443370907139,,
66,5.495169082125604,5.958132045088567,4.455179817498658,51.690821256038646,2.328234031132582,22.18196457326892,7.092055823939882,0.798443370907139,,
67,5.213365539452496,4.025764895330113,4.455179817498658,56.60225442834138,2.985775630703167,17.257112184648417,8.856682769726248,0.6038647342995169,,
68,5.293880837359098,4.025764895330113,4.200214707461084,54.69672571121846,2.985775630703167,19.404186795491142,8.789586688137414,0.6038647342995169,,
69,5.589103596349974,4.025764895330113,4.180085882984434,54.5222758990875,2.985775630703167,19.330381105743424,8.76274825550188,0.6038647342995169,,
70,5.676328502415459,2.167203435319377,4.180085882984434,60.05099302200752,2.985775630703167,19.14922168545357,5.22007514761138,0.5703166935050993,,
71,5.756843800322061,2.1604938271604937,4.166666666666667,60.02415458937198,2.985775630703167,19.11567364465915,5.22007514761138,0.5703166935050993,,
72,5.864197530864198,2.15378421900161,4.1532474503489,57.68250134192163,3.1065485775630703,18.323939881910896,8.145464304884594,0.5703166935050993,,
73,4.931561996779388,1.90552871712292,4.502147074610843,61.37949543746645,3.92512077294686,15.96886741814278,6.816961889425658,0.5703166935050993,,
74,5.347557702630167,1.90552871712292,4.4753086419753085,61.211755233494365,3.92512077294686,15.801127214170693,6.763285024154589,0.5703166935050993,,
75,5.428073000536768,1.90552871712292,9.024422973698336,59.286097691894796,3.8177670424047236,13.298443370907139,6.66935050993022,0.5703166935050993,,
76,5.5689747718733225,1.90552871712292,8.997584541062801,57.68250134192163,3.240740740740741,13.264895330112722,8.769457863660762,0.5703166935050993,,
77,5.287171229200215,1.6975308641975309,6.655931293612453,66.23725174449812,1.8048845947396672,10.815888352120236,6.9310252281266775,0.5703166935050993,,
78,5.428073000536768,1.6975308641975309,6.4345142243692965,64.07004830917874,1.8048845947396672,11.735104669887278,8.259527643585615,0.5703166935050993,,
79,5.750134192163178,1.6505636070853462,6.414385399892646,63.27160493827161,1.7646269457863661,11.735104669887278,8.232689210950081,1.1808910359634996,,
80,5.394524959742351,1.6505636070853462,7.347020933977456,62.35909822866345,1.7646269457863661,13.298443370907139,7.25979602791197,0.9259259259259259,,
81,6.105743424584004,1.6170155662909287,8.152173913043478,58.59500805152979,1.7646269457863661,13.238056897477188,8.393719806763285,2.13365539452496,,
82,6.293612453032743,1.570048309178744,8.152173913043478,57.8569511540526,2.475845410628019,13.238056897477188,8.36688137412775,2.046430488459474,,
83,6.300322061191626,1.556629092860977,8.091787439613526,56.125872249060656,2.6167471819645733,14.969135802469136,8.340042941492216,1.9994632313472893,,
84,6.655931293612453,1.556629092860977,8.091787439613526,56.01851851851852,2.4557165861513686,14.969135802469136,8.313204508856682,1.9390767579173376,,
85,6.964573268921095,1.556629092860977,8.36688137412775,55.50858829844337,2.4557165861513686,14.9020397208803,8.313204508856682,1.932367149758454,,
86,7.018250134192163,1.556629092860977,8.319914117015566,55.360976918947934,2.4490069779924855,15.096618357487923,8.266237251744498,1.932367149758454,,
87,7.2933440687063875,1.556629092860977,8.293075684380032,55.22678475577026,2.4221685453569513,15.03623188405797,8.246108427267847,1.9256575415995705,,
88,7.669082125603865,1.556629092860977,7.239667203435319,53.91170155662909,2.4020397208803006,17.384594739667204,8.219269994632313,1.6170155662909287,,
89,7.541599570585078,0.9326355340848095,7.1658615136876005,52.31481481481482,2.4020397208803006,20.014761137949545,7.669082125603865,1.6170155662909287,0.3421900161030596,
90,7.434245840042942,0.9326355340848095,7.058507783145465,51.549919484702095,2.4020397208803006,17.54562533548041,11.131239935587761,1.6035963499731616,0.3421900161030596,
91,7.447665056360709,0.9326355340848095,7.051798174986581,50.26838432635534,2.4020397208803006,17.236983360171767,11.855877616747183,2.462426194310252,0.3421900161030596,
92,7.6623725174449815,0.9326355340848095,7.024959742351046,50.20799785292539,2.395330112721417,17.183306494900698,11.788781535158346,2.462426194310252,0.3421900161030596,
93,7.206119162640902,0.9326355340848095,5.052334943639291,47.987117552334944,1.4895330112721417,24.812130971551262,10.151637144390767,2.0263016639828235,0.3421900161030596,
94,7.64224369296833,0.9326355340848095,5.052334943639291,47.63150831991412,1.4895330112721417,24.805421363392377,10.124798711755233,2.01959205582394,0.30193236714975846,
95,7.930756843800322,0.9125067096081588,5.052334943639291,47.08132045088567,1.4895330112721417,24.792002147074612,10.077831454643048,2.3617820719269993,0.30193236714975846,
96,7.716049382716049,0.9125067096081588,8.360171765968868,44.337090713902306,1.4895330112721417,24.44310252281267,10.077831454643048,2.3617820719269993,0.30193236714975846,
97,7.883789586688137,0.9125067096081588,8.3467525496511,44.276704240472355,1.4895330112721417,24.362587224906065,10.064412238325282,2.3617820719269993,0.30193236714975846,
98,8.3467525496511,0.8319914117015567,7.6556629092860975,46.2962962962963,1.4694041867954912,23.2487922705314,9.494095544820183,2.3550724637681157,0.30193236714975846,
99,9.084809447128288,0.8319914117015567,7.64224369296833,45.73939881910896,1.4694041867954912,23.15485775630703,9.420289855072463,2.3550724637681157,0.30193236714975846,
100,8.984165324745035,0.8319914117015567,10.34621578099839,43.33735909822866,1.596886741814278,23.07434245840043,9.286097691894794,2.2410091250670963,0.30193236714975846,
101,9.131776704240472,0.8319914117015567,10.299248523886206,43.283682232957595,1.596886741814278,23.027375201288244,9.286097691894794,2.2410091250670963,0.30193236714975846,
102,8.581588835212024,0.8319914117015567,9.728931830381105,47.12157809983897,0.9057971014492754,22.564412238325282,8.36688137412775,1.596886741814278,0.30193236714975846,
103,8.856682769726248,0.8319914117015567,9.728931830381105,46.96725711218465,0.9057971014492754,22.443639291465377,8.36688137412775,1.596886741814278,0.30193236714975846,
104,9.037842190016104,0.8319914117015567,9.695383789586689,46.81964573268921,0.9057971014492754,22.443639291465377,8.36688137412775,1.596886741814278,0.30193236714975846,
105,7.971014492753623,0.8319914117015567,7.9039184111647875,51.57675791733763,0.8923778851315083,22.19538378958669,6.951154052603328,1.3754696725711217,0.30193236714975846,
106,8.11862587224906,0.8319914117015567,7.9039184111647875,51.48282340311326,0.8923778851315083,22.61808910359635,6.474771873322598,1.3754696725711217,0.30193236714975846,
107,7.447665056360709,0.8319914117015567,9.916800858829845,50.348899624261946,0.8923778851315083,22.550993022007514,6.333870101986044,1.3754696725711217,0.30193236714975846,
108,7.689210950080516,0.8319914117015567,9.903381642512077,49.92619431025228,0.8923778851315083,22.530864197530864,6.280193236714976,1.6438539989264627,0.30193236714975846,
109,7.897208803005904,0.8319914117015567,9.903381642512077,49.79200214707461,0.8923778851315083,22.477187332259795,6.260064412238325,1.6438539989264627,0.30193236714975846,
110,8.05823939881911,0.8319914117015567,9.681964573268921,49.5907139023081,0.8923778851315083,22.034353193773484,6.964573268921095,1.6438539989264627,0.30193236714975846,
111,8.319914117015566,0.8319914117015567,9.608158883521202,49.5101986044015,0.8923778851315083,21.973966720343533,6.91760601180891,1.6438539989264627,0.30193236714975846,
112,8.588298443370908,0.8319914117015567,9.514224369296834,49.362587224906065,0.8923778851315083,21.947128287707997,6.91760601180891,1.6438539989264627,0.30193236714975846,
113,8.816425120772946,0.8319914117015567,9.514224369296834,49.22839506172839,0.8923778851315083,21.87332259796028,6.910896403650026,1.6438539989264627,0.2885131508319914,
114,8.246108427267847,0.8319914117015567,9.433709071390231,51.46269457863661,0.8923778851315083,21.544551798174986,5.656199677938808,1.6438539989264627,0.2885131508319914,
115,8.68894256575416,0.8319914117015567,9.433709071390231,51.13392377885131,0.8923778851315083,21.4573268921095,5.656199677938808,1.6170155662909287,0.2885131508319914,
116,8.856682769726248,0.8319914117015567,8.68894256575416,48.91975308641975,0.8923778851315083,24.986580783682232,4.918142780461621,1.6170155662909287,0.2885131508319914,
117,8.957326892109501,0.8319914117015567,8.890230810520666,48.61782071926999,0.8722490606548577,24.89935587761675,4.918142780461621,1.724369296833065,0.2885131508319914,
118,7.890499194847021,0.8185721953837896,6.528448738593666,41.727053140096615,0.8722490606548577,36.29898013955985,4.26731078904992,1.3083735909822867,0.2885131508319914,
119,7.87037037037037,0.8185721953837896,4.193505099302201,45.93397745571659,0.8722490606548577,35.34621578099839,3.3682232957595275,1.3083735909822867,0.2885131508319914,
120,8.091787439613526,0.8185721953837896,4.193505099302201,45.8467525496511,0.8722490606548577,35.21202361782072,3.3682232957595275,1.3083735909822867,0.2885131508319914,
121,7.991143317230274,0.8185721953837896,3.0394524959742353,47.61808910359635,0.7380568974771873,34.5276435856146,3.670155662909286,1.3083735909822867,0.2885131508319914,
122,8.380300590445518,0.785024154589372,3.0394524959742353,47.316156736446594,0.7112184648416533,34.50080515297907,3.670155662909286,1.3083735909822867,0.2885131508319914,
123,7.749597423510467,0.36231884057971014,2.952227589908749,51.81159420289855,0.5971551261406334,31.561996779388085,3.5829307568438002,1.093666129898014,0.2885131508319914,
124,7.87037037037037,0.36231884057971014,2.952227589908749,51.690821256038646,0.5971551261406334,31.561996779388085,3.5829307568438002,1.093666129898014,0.2885131508319914,
125,7.14573268921095,0.3488996242619431,2.918679549114332,55.73671497584541,0.5971551261406334,28.663446054750402,3.207192699946323,1.093666129898014,0.2885131508319914,
126,7.467793880837359,0.3488996242619431,2.918679549114332,55.10601180891036,1.3486312399355878,28.22061191626409,3.207192699946323,1.093666129898014,0.2885131508319914,
127,8.091787439613526,0.3488996242619431,2.918679549114332,54.790660225442835,1.3486312399355878,27.925389157273216,3.193773483628556,1.093666129898014,0.2885131508319914,
128,8.3064949006978,0.3488996242619431,2.918679549114332,54.891304347826086,1.3419216317767042,27.78448738593666,3.193773483628556,0.9259259259259259,0.2885131508319914,
129,8.709071390230811,0.3488996242619431,2.918679549114332,54.59608158883521,1.3419216317767042,27.690552871712292,3.193773483628556,0.9125067096081588,0.2885131508319914,
130,9.07139023081052,0.3488996242619431,2.8784219001610305,54.388083735909824,1.3419216317767042,27.576489533011273,3.193773483628556,0.9125067096081588,0.2885131508319914,
131,9.104938271604938,0.3488996242619431,2.8784219001610305,53.56280193236715,1.3150831991411702,27.408749329039185,4.072732152442297,1.0198604401502953,0.2885131508319914,
132,9.044551798174986,0.3488996242619431,3.8848631239935587,51.549919484702095,1.3150831991411702,27.388620504562535,5.159688674181428,1.0198604401502953,0.2885131508319914,
133,8.735909822866345,0.3488996242619431,3.8714439076757916,53.95195920558239,1.3150831991411702,25.503220611916262,4.9651100375738055,1.0198604401502953,0.2885131508319914,
134,9.091519055287172,0.3488996242619431,3.8714439076757916,53.00590445517982,1.221148684916801,25.288513150831992,5.723295759527644,1.0131508319914118,0.2885131508319914,0.14761137949543746
135,9.473966720343531,0.3488996242619431,3.8714439076757916,52.764358561460014,1.221148684916801,25.228126677402038,5.656199677938808,0.9997316156736447,0.2885131508319914,0.14761137949543746
136,9.702093397745571,0.3488996242619431,3.8714439076757916,52.57648953301127,1.221148684916801,25.187869028448738,5.656199677938808,0.9997316156736447,0.2885131508319914,0.14761137949543746
137,8.964036500268385,0.3488996242619431,2.703972088030059,58.299785292538914,0.5367686527106817,22.114868491680085,5.595813204508857,0.9997316156736447,0.2885131508319914,0.14761137949543746
138,7.930756843800322,0.3153515834675255,2.6704240472356413,60.057702630166396,0.040257648953301126,21.22249060654858,6.5485775630703165,0.9259259259259259,0.2885131508319914,
139,8.017981749865807,0.3153515834675255,2.7777777777777777,58.82984433709071,0.040257648953301126,22.906602254428343,5.897745571658615,0.9259259259259259,0.2885131508319914,
140,8.28636607622115,0.3153515834675255,2.7777777777777777,58.78958668813741,0.040257648953301126,22.758990874932906,5.8239398819108965,0.9259259259259259,0.28180354267310787,
141,8.964036500268385,0.3153515834675255,2.7643585614600106,58.1857219538379,0.040257648953301126,22.7187332259796,5.803811057434245,0.9259259259259259,0.28180354267310787,
142,9.339774557165862,0.3153515834675255,2.7643585614600106,57.88378958668814,0.040257648953301126,22.644927536231883,5.803811057434245,0.9259259259259259,0.28180354267310787,
143,9.111647879763822,0.3153515834675255,3.6768652710681695,55.81723027375201,,24.06736446591519,5.803811057434245,0.9259259259259259,0.28180354267310787,
144,9.172034353193773,0.3153515834675255,3.012614063338701,57.8569511540526,,22.705314009661837,5.770263016639828,0.8856682769726248,0.28180354267310787,
145,9.541062801932368,0.3153515834675255,3.012614063338701,57.62211486849168,,22.604669887278583,5.743424584004294,0.8789586688137413,0.28180354267310787,
146,9.977187332259795,0.3153515834675255,3.012614063338701,57.55501878690284,,22.23564143853999,5.743424584004294,0.8789586688137413,0.28180354267310787,
147,10.23215244229737,0.3153515834675255,3.012614063338701,57.347020933977454,,22.23564143853999,5.6964573268921095,0.8789586688137413,0.28180354267310787,
148,9.312936124530328,0.30864197530864196,3.012614063338701,49.82555018786903,,30.917874396135264,5.622651637144391,0.7179280730005367,0.28180354267310787,
149,9.460547504025765,0.30864197530864196,2.6972624798711755,49.51690821256039,,30.01207729468599,6.105743424584004,1.6170155662909287,0.28180354267310787,
150,8.923778851315083,0.30864197530864196,2.6972624798711755,44.60547504025765,,29.891304347826086,11.688137412775093,1.6035963499731616,0.28180354267310787,
151,9.138486312399356,0.30864197530864196,2.5831991411701556,44.36392914653784,,29.864465915190554,11.855877616747183,1.6035963499731616,0.28180354267310787,
152,9.433709071390231,0.30864197530864196,2.5831991411701556,44.14251207729468,,29.864465915190554,11.782071926999464,1.6035963499731616,0.28180354267310787,
153,7.615405260332796,,2.314814814814815,55.01207729468599,,22.819377348362856,11.097691894793345,1.1406333870101986,,
154,7.6623725174449815,,2.314814814814815,54.53569511540526,,21.289586688137412,12.909286097691895,1.288244766505636,,
155,7.937466451959206,,3.8378958668813743,54.159957058507786,,19.92753623188406,12.848899624261943,1.288244766505636,,
156,7.648953301127214,,3.8378958668813743,51.1808910359635,,25.40257648953301,10.641438539989265,1.288244766505636,,
157,7.816693505099302,,3.81105743424584,51.10708534621578,,25.369028448738593,10.607890499194847,1.288244766505636,,
158,7.843531937734836,,3.7640901771336552,49.92619431025228,,26.89210950080515,10.433440687063875,1.1406333870101986,,
159,8.044820182501342,,3.7640901771336552,49.81213097155126,,26.8719806763285,10.36634460547504,1.1406333870101986,,
160,7.226247987117552,,3.743961352657005,51.43585614600107,,25.308641975308642,10.352925389157273,1.932367149758454,,
161,7.4208266237251745,,3.743961352657005,47.40338164251208,,25.288513150831992,10.34621578099839,5.797101449275362,,
162,7.890499194847021,,3.743961352657005,47.00751476113795,,25.187869028448738,10.279119699409554,5.891035963499732,,
163,8.085077831454644,,3.743961352657005,46.85319377348363,,25.187869028448738,10.265700483091788,5.864197530864198,,
164,8.353462157809984,,3.7104133118625873,46.70558239398819,,25.11406333870102,10.25228126677402,5.864197530864198,,
165,8.185721953837897,,3.683574879227053,52.31481481481482,,20.276435856146,10.23215244229737,5.307300053676865,,
166,8.172302737520129,,3.683574879227053,51.48282340311326,,19.41760601180891,11.936392914653783,5.307300053676865,,
167,8.53462157809984,,3.683574879227053,51.281535158346756,,19.404186795491142,11.862587224906065,5.233494363929147,,
168,8.756038647342995,,3.6634460547504024,51.21443907675792,,19.330381105743424,11.829039184111648,5.2066559312936125,,
169,8.393719806763285,,3.1333870101986045,45.42404723564144,,28.119967793880836,9.762479871175524,5.166398282340311,,
170,8.319914117015566,,3.1333870101986045,44.65244229736983,0.8185721953837896,30.02549651100376,7.883789586688137,5.166398282340311,,
171,8.601717659688674,,3.066290928609769,44.558507783145465,0.8185721953837896,29.97181964573269,7.816693505099302,5.166398282340311,,
172,8.76274825550188,,3.066290928609769,44.545088566827694,0.8185721953837896,29.931561996779386,7.7898550724637685,5.0858829844337095,,
173,8.890230810520666,,3.066290928609769,44.45115405260333,0.8185721953837896,29.904723564143854,7.7898550724637685,5.0791733762748255,,
174,8.970746108427267,,3.066290928609769,46.87332259796028,0.8185721953837896,26.48953301127214,8.702361782071927,5.0791733762748255,,
175,8.588298443370908,,3.066290928609769,44.437734836285564,0.8185721953837896,25.033548040794418,13.130703166935051,4.924852388620504,,
176,8.715780998389693,,3.066290928609769,44.38405797101449,0.8185721953837896,25.013419216317768,13.117283950617283,4.884594739667204,,
177,8.709071390230811,,3.066290928609769,43.894256575415994,1.5297906602254427,25.0,13.030059044551798,4.770531400966184,,
178,9.004294149221685,,3.0595813204508855,43.666129898013956,1.5297906602254427,24.97987117552335,13.003220611916264,4.757112184648417,,
179,9.245840042941492,,3.046162104133119,43.55877616747182,1.5297906602254427,24.97987117552335,12.882447665056361,4.757112184648417,,
180,8.977455716586151,,2.898550724637681,47.57112184648417,1.5297906602254427,24.872517444981213,12.681159420289855,1.4694041867954912,,
181,9.037842190016104,,2.898550724637681,45.26301663982824,1.5297906602254427,25.5703166935051,12.191358024691358,3.5091250670960816,,
182,9.520933977455716,,2.898550724637681,44.99463231347289,1.5297906602254427,25.389157273215243,12.157809983896941,3.5091250670960816,,
183,9.614868491680086,,2.898550724637681,44.95437466451959,1.5297906602254427,25.348899624261943,12.144390767579173,3.5091250670960816,,
184,9.789318303811058,,2.898550724637681,44.907407407407405,1.5297906602254427,25.248255501878692,12.144390767579173,3.4822866344605474,,
185,9.702093397745571,,2.871712292002147,43.384326355340846,1.5297906602254427,26.744498121309714,12.13768115942029,3.629898013955985,,
186,9.822866344605474,,2.871712292002147,43.33064949006978,1.5297906602254427,26.710950080515296,12.104133118625873,3.629898013955985,,
187,9.930220075147611,,2.871712292002147,43.263553408480945,1.5297906602254427,26.556629092860977,12.077294685990339,3.770799785292539,,
188,10.084541062801932,,2.871712292002147,42.80730005367686,1.5297906602254427,26.556629092860977,12.077294685990339,4.072732152442297,,
189,10.279119699409554,,2.85829307568438,42.73349436392915,1.5297906602254427,26.50966183574879,12.016908212560386,4.072732152442297,,
190,10.507246376811594,,2.85829307568438,42.09608158883521,1.5297906602254427,26.435856146001072,12.016908212560386,4.555823939881911,,
191,11.064143853998926,,2.85829307568438,41.91492216854536,1.7310789049919484,25.986312399355878,11.949812130971551,4.49543746645196,,
192,11.372785829307569,,2.8515834675254963,41.720343531937736,1.7042404723564144,25.95276435856146,11.943102522812667,4.455179817498658,,
193,11.66129898013956,,2.8515834675254963,41.56602254428341,1.7042404723564144,25.87224906065486,11.916264090177133,4.428341384863124,,
194,12.097423510466989,,2.8515834675254963,41.40499194847021,1.9592055823939882,25.677670424047236,11.77536231884058,4.233762748255502,,
195,12.439613526570048,,2.818035426731079,41.34460547504026,1.9592055823939882,25.617283950617285,11.654589371980677,4.166666666666667,,
196,12.734836285560924,,3.1602254428341383,41.2037037037037,1.9189479334406871,25.36231884057971,11.460010735373054,4.159957058507783,,
197,13.117283950617283,,3.126677402039721,41.00912506709608,2.0128824476650564,25.194578636607623,11.379495437466453,4.159957058507783,,
198,13.325281803542673,,3.046162104133119,40.04965110037574,1.8183038110574343,25.05367686527107,12.580515297906603,4.126409017713366,,
199,13.654052603327965,,3.046162104133119,39.91545893719807,2.147074610842727,24.58400429414922,12.526838432635534,4.126409017713366,,
200,13.92914653784219,,3.046162104133119,39.69404186795491,2.147074610842727,24.56387546967257,12.493290391841116,4.126409017713366,,
201,13.902308105206655,,3.046162104133119,39.03650026838432,2.147074610842727,23.698336017176597,14.049919484702093,4.119699409554482,,
202,13.613794954374665,,2.6033279656468062,38.016639828234034,2.147074610842727,22.71202361782072,16.814278046162105,4.092860976918948,,
203,13.647342995169081,,3.5762211486849167,37.25845410628019,2.147074610842727,22.624798711755233,16.6532474503489,4.092860976918948,,
204,13.747987117552334,,4.5893719806763285,36.68142780461621,2.147074610842727,22.470477724100913,16.27079978529254,4.092860976918948,,
205,13.895598497047773,,4.5893719806763285,36.621041331186255,2.147074610842727,22.403381642512077,16.27079978529254,4.072732152442297,,
206,14.224369296833064,,4.582662372517445,36.513687600644126,2.147074610842727,22.376543209876544,16.1231884057971,4.032474503488996,,
207,14.486044015029522,,4.555823939881911,36.42646269457864,2.1269457863660763,22.282608695652176,16.089640365002683,4.032474503488996,,
208,14.533011272141707,,4.549114331723027,36.42646269457864,2.1269457863660763,22.282608695652176,16.056092324208265,4.025764895330113,,
209,14.734299516908212,,4.51556629092861,36.28556092324208,2.1269457863660763,22.25577026301664,16.056092324208265,4.025764895330113,,
210,15.069779924852389,,4.51556629092861,36.12453032742888,2.1269457863660763,22.114868491680085,16.0426731078905,4.005636070853462,,
211,15.344873859366613,,4.4753086419753085,36.05072463768116,2.1135265700483092,21.987385936661298,16.022544283413847,4.005636070853462,,
212,15.566290928609769,,4.4753086419753085,35.91653247450349,2.1135265700483092,21.920289855072465,16.002415458937197,4.005636070853462,,
213,15.687063875469672,,5.246913580246914,35.621309715512616,2.1135265700483092,21.531132581857218,15.801127214170693,3.9989264626945786,,
214,15.754159957058508,,5.35426731078905,35.59447128287708,2.059849704777241,21.4573268921095,15.794417606011809,3.9855072463768115,,
215,15.83467525496511,,5.347557702630167,35.567632850241544,2.059849704777241,21.423778851315085,15.780998389694043,3.9855072463768115,,
216,16.0426731078905,,5.287171229200215,35.527375201288244,2.059849704777241,21.316425120772948,15.780998389694043,3.9855072463768115,,
217,16.317767042404725,,5.233494363929147,35.51395598497048,2.059849704777241,21.16881374127751,15.72061191626409,3.9855072463768115,,
218,16.6129898013956,,5.199946323134729,35.36634460547504,2.059849704777241,21.095008051529792,15.707192699946322,3.9586688137412773,,
219,17.136339237788512,,5.173107890499195,35.138217928073,2.059849704777241,20.799785292538918,15.646806226516372,4.045893719806763,,
220,17.14975845410628,,5.790391841116479,34.312936124530324,2.059849704777241,21.162104133118625,15.593129361245303,3.9318303811057436,,
221,17.431561996779386,,5.743424584004294,34.272678475577024,2.059849704777241,21.088298443370906,15.4723564143854,3.9318303811057436,,
222,17.47181964573269,,5.884326355340848,34.245840042941495,2.059849704777241,20.94068706387547,15.4723564143854,3.92512077294686,,
223,17.652979066022546,,5.870907139023081,34.15861513687601,2.059849704777241,20.9272678475577,15.405260332796564,3.92512077294686,,
224,17.995169082125603,,5.844068706387547,34.05797101449275,2.059849704777241,20.74610842726785,15.371712292002147,3.92512077294686,,
225,18.14278046162104,,5.844068706387547,34.03113258185722,2.0531400966183573,20.28985507246377,15.713902308105206,3.92512077294686,,
226,18.35077831454643,,5.8172302737520125,33.984165324745035,2.0531400966183573,20.162372517444982,15.713902308105206,3.9184111647879765,,
227,18.625872249060656,,5.783682232957595,33.803005904455176,2.0531400966183573,20.061728395061728,15.619967793880837,4.052603327965647,,
228,18.780193236714975,,5.730005367686527,33.702361782071925,2.0531400966183573,20.061728395061728,15.619967793880837,4.052603327965647,,
229,18.55877616747182,,5.730005367686527,33.66881374127751,2.0531400966183573,21.128556092324207,14.80810520665593,4.052603327965647,,
230,18.874127750939344,,5.6964573268921095,33.62855609232421,2.0531400966183573,20.9272678475577,14.76784755770263,4.052603327965647,,
231,19.00161030595813,,5.6964573268921095,32.84353193773484,2.932098765432099,20.860171765968868,14.620236178207193,4.045893719806763,,
232,19.176060118089104,,5.6964573268921095,32.749597423510465,2.932098765432099,20.78636607622115,14.61352657004831,4.045893719806763,,
233,19.632313472893184,,5.656199677938808,32.66237251744498,2.932098765432099,20.611916264090176,14.459205582393988,4.045893719806763,,
234,19.994632313472895,,5.656199677938808,32.44095544820183,2.932098765432099,20.585077831454644,14.371980676328503,4.019055287171229,,
235,20.189210950080515,,5.642780461621041,32.33360171765969,2.932098765432099,20.558239398819108,14.338432635534085,4.005636070853462,,
236,20.35024154589372,,6.078904991948471,32.1256038647343,2.918679549114332,20.25630703166935,14.27133655394525,3.9989264626945786,,
237,20.618625872249062,,6.078904991948471,32.05179817498658,2.918679549114332,20.21604938271605,14.11701556629093,3.9989264626945786,,
238,20.7662372517445,,6.078904991948471,32.00483091787439,2.918679549114332,20.128824476650564,14.103596349973161,3.9989264626945786,,
239,20.913848631239937,,6.078904991948471,31.984702093397747,2.9119699409554483,20.034889962426195,14.076757917337627,3.9989264626945786,,
240,21.041331186258724,,6.078904991948471,31.910896403650028,2.9119699409554483,19.981213097155127,14.076757917337627,3.9989264626945786,,
241,21.336553945249598,,6.072195383789587,31.884057971014492,2.757648953301127,19.92753623188406,14.04320987654321,3.978797638217928,,
242,21.584809447128286,,6.0654857756307035,31.830381105743424,2.757648953301127,19.826892109500804,13.976113794954374,3.9586688137412773,,
243,21.195652173913043,,5.958132045088567,34.05126140633387,2.757648953301127,18.256843800322063,13.868760064412239,3.911701556629093,,
244,21.4170692431562,,6.736446591519055,33.77616747181965,2.757648953301127,17.726784755770264,13.687600644122384,3.898282340311326,,
245,21.752549651100377,,6.729736983360172,33.55475040257649,2.7308105206655933,17.726784755770264,13.627214170692431,3.878153515834675,,
246,21.906870638754697,,7.212828770799785,33.00456253354804,2.703972088030059,17.66639828234031,13.627214170692431,3.878153515834675,,
247,22.128287707997853,,7.152442297369833,32.9777241009125,2.703972088030059,17.54562533548041,13.613794954374665,3.878153515834675,,
248,22.269189479334408,,7.152442297369833,32.90391841116479,2.703972088030059,17.478529253891573,13.613794954374665,3.878153515834675,,
249,22.322866344605476,,7.139023081052066,32.85024154589372,2.703972088030059,17.310789049919485,13.79495437466452,3.878153515834675,,
250,22.403381642512077,,7.118894256575416,32.25308641975309,3.2474503488996245,17.485238862050455,13.781535158346752,3.7104133118625873,,
251,22.725442834138487,,7.065217391304348,32.21282877079979,3.2474503488996245,17.257112184648417,13.781535158346752,3.7104133118625873,,
252,22.920021470746107,,6.998121309715513,32.098765432098766,3.2474503488996245,17.24369296833065,13.781535158346752,3.7104133118625873,,
253,23.13472893183038,,6.951154052603328,32.038378958668815,3.2206119162640903,17.236983360171767,13.781535158346752,3.6366076221148687,,
254,23.201825013419217,,6.937734836285561,32.018250134192165,3.2206119162640903,17.236983360171767,13.768115942028986,3.616478797638218,,
255,23.34272678475577,,6.9243156199677935,31.99812130971551,3.2206119162640903,17.223564143854,13.674181427804616,3.616478797638218,,
256,23.49704777241009,,6.9243156199677935,31.870638754696724,3.2206119162640903,17.196725711218466,13.674181427804616,3.616478797638218,,
257,22.98040794417606,,6.904186795491143,30.99838969404187,4.193505099302201,17.344337090713903,13.6406333870102,3.938539989264627,,
258,23.14814814814815,,6.877348362855609,30.96484165324745,4.193505099302201,17.277241009125067,13.633923778851315,3.9049919484702094,,
259,23.275630703166936,,6.877348362855609,30.877616747181964,4.193505099302201,17.250402576489535,13.620504562533547,3.9049919484702094,,
260,23.295759527643586,,6.837090713902308,30.112721417069242,4.193505099302201,17.20343531937735,14.452495974235104,3.9049919484702094,,
261,23.463499731615673,,6.837090713902308,30.079173376274827,4.159957058507783,17.14975845410628,14.432367149758454,3.878153515834675,,
262,23.09447128287708,,6.78341384863124,32.74288781535159,4.139828234031133,16.545893719806763,12.822061191626409,3.8714439076757916,,
263,23.262211486849168,,6.769994632313473,32.67579173376275,4.133118625872249,16.49892646269458,12.822061191626409,3.8378958668813743,,
264,23.60440150295223,,6.702898550724638,32.59527643585615,4.119699409554482,16.451959205582394,12.74825550187869,3.7775093934514223,,
265,23.738593666129898,,6.6760601180891035,32.55501878690284,4.119699409554482,16.411701556629094,12.721417069243156,3.7775093934514223,,
266,23.98684916800859,,6.642512077294686,32.41411701556629,4.066022544283414,16.411701556629094,12.701288244766506,3.7775093934514223,,
267,20.719269994632313,,5.059044551798175,40.60654857756307,3.1736446591519054,15.821256038647343,11.81561996779388,2.804616210413312,,
268,20.833333333333332,,5.045625335480408,40.60654857756307,3.1602254428341383,15.801127214170693,11.81561996779388,2.737520128824477,,
269,20.9272678475577,,5.045625335480408,40.54616210413312,3.1602254428341383,15.767579173376275,11.81561996779388,2.737520128824477,,
270,21.108427267847556,,7.387278582930757,38.18438003220612,3.1602254428341383,15.660225442834138,11.77536231884058,2.7241009125067097,,
271,21.195652173913043,,7.387278582930757,38.18438003220612,3.1602254428341383,15.593129361245303,11.768652710681696,2.7106816961889426,,
272,21.349973161567366,,7.37385936661299,38.10386473429951,3.1602254428341383,15.573000536768653,11.735104669887278,2.703972088030059,,
273,20.86688137412775,,7.360440150295223,36.540526033279654,3.1602254428341383,17.64626945786366,11.735104669887278,2.690552871712292,,
274,21.014492753623188,,7.347020933977456,36.460010735373054,3.1535158346752548,17.632850241545892,11.701556629092861,2.690552871712292,,
275,21.296296296296298,,7.347020933977456,36.218464841653244,3.1535158346752548,17.59259259259259,11.701556629092861,2.690552871712292,,
276,21.410359634997317,,7.347020933977456,36.191626409017715,3.1535158346752548,17.538915727321523,11.668008588298443,2.690552871712292,,
