,45,50,51,53,52,54,55,56,58,57
0,97.3094471282877,2.690552871712292,,,,,,,,
1,97.20880300590446,2.791196994095545,,,,,,,,
2,93.55877616747182,6.4412238325281805,,,,,,,,
3,74.69806763285024,24.255233494363928,1.0466988727858293,,,,,,,
4,72.49060654857756,21.604938271604937,5.904455179817498,,,,,,,
5,68.19645732689212,25.91250670960816,5.891035963499732,,,,,,,
6,66.38486312399355,27.979066022544284,5.636070853462158,,,,,,,
7,66.47208803005904,27.905260332796566,5.622651637144391,,,,,,,
8,54.0727321524423,40.304616210413315,5.622651637144391,,,,,,,
9,54.01234567901235,39.371980676328505,6.615673644659152,,,,,,,
10,52.38191089640365,39.32501341921632,6.488191089640365,1.8048845947396672,,,,,,
11,44.12909286097692,45.13553408480945,6.447933440687064,1.7713365539452497,2.3349436392914655,0.18115942028985507,,,,
12,44.49141170155663,44.6658615136876,6.4412238325281805,1.7713365539452497,2.3349436392914655,0.18115942028985507,0.11406333870101985,,,
13,43.887546967257116,45.29656468062265,6.414385399892646,1.7713365539452497,2.3349436392914655,0.18115942028985507,0.11406333870101985,,,
14,38.969404186795494,37.936124530327426,18.760064412238325,1.7713365539452497,2.26784755770263,0.18115942028985507,0.11406333870101985,,,
15,39.170692431561996,37.734836285560924,18.760064412238325,1.7713365539452497,2.26784755770263,0.18115942028985507,0.11406333870101985,,,
16,34.07809983896941,45.779656468062264,15.03623188405797,2.6637144390767578,2.147074610842727,0.18115942028985507,0.11406333870101985,,,
17,29.347826086956523,52.38191089640365,13.16425120772947,2.6637144390767578,2.147074610842727,0.18115942028985507,0.11406333870101985,,,
18,29.95169082125604,51.630434782608695,13.157541599570585,2.6637144390767578,2.147074610842727,0.18115942028985507,0.2683843263553409,,,
19,29.78395061728395,49.22168545356951,15.780998389694043,2.6301663982823404,2.147074610842727,0.18115942028985507,0.2549651100375738,,,
20,30.24020397208803,48.89291465378422,15.653515834675256,2.6301663982823404,2.147074610842727,0.18115942028985507,0.2549651100375738,,,
21,29.468599033816425,42.008856682769725,24.3894256575416,2.536231884057971,1.0399892646269457,0.30193236714975846,0.2549651100375738,,,
22,29.797369833601717,41.96188942565754,24.12104133118626,2.522812667740204,1.0399892646269457,0.30193236714975846,0.2549651100375738,,,
23,28.77079978529254,38.93585614600107,28.307836822329577,2.509393451422437,1.0399892646269457,0.18115942028985507,0.2549651100375738,,,
24,27.03972088030059,40.365002683843265,29.8040794417606,1.570048309178744,1.0399892646269457,0.18115942028985507,,,,
25,26.576757917337627,40.90848094471283,29.73027375201288,1.5633387010198605,1.0399892646269457,0.18115942028985507,,,,
26,27.046430488459475,40.19726247987118,28.442028985507246,3.140096618357488,0.9930220075147611,0.18115942028985507,,,,
27,27.006172839506174,36.030595813204506,32.56172839506173,3.1333870101986045,0.9460547504025765,0.322061191626409,,,,
28,26.96591519055287,33.25281803542673,32.50805152979066,3.1333870101986045,1.8988191089640365,2.2410091250670963,,,,
29,27.180622651637144,33.15888352120236,32.427536231884055,3.0931293612453032,1.8988191089640365,2.2410091250670963,,,,
30,27.737520128824478,32.94417606011809,32.085346215781,3.0931293612453032,1.8988191089640365,2.2410091250670963,,,,
31,25.811862587224905,36.090982286634464,30.9044551798175,3.0931293612453032,1.8988191089640365,2.200751476113795,,,,
32,26.301663982823403,35.83601717659689,30.73671497584541,3.0327428878153517,1.892109500805153,2.200751476113795,,,,
33,26.86527106816962,35.587761674718195,30.421363392377884,3.0327428878153517,1.892109500805153,2.200751476113795,,,,
34,26.939076757917338,33.111916264090176,30.10601180891036,3.0059044551798175,1.892109500805153,4.944981213097155,,,,
35,27.32823403113258,32.53488996242619,29.797369833601717,2.932098765432099,1.892109500805153,5.032206119162641,0.4830917874396135,,,
36,27.623456790123456,32.45437466451959,29.622920021470748,2.932098765432099,1.8719806763285025,5.018786902844874,0.47638217928073,,,
37,27.556360708534623,31.89747718733226,30.018786902844873,2.8113258185721954,1.8250134192163177,5.01207729468599,0.7313472893183038,0.14761137949543746,,
38,26.03327965646806,33.621846484165324,29.931561996779386,2.771068169618894,1.7914653784219001,4.978529253891573,0.7313472893183038,0.14090177133655393,,
39,26.227858293075684,32.085346215781,29.723564143854,2.771068169618894,3.3413848631239937,4.978529253891573,0.7313472893183038,0.14090177133655393,,
40,26.744498121309714,31.904186795491142,29.62962962962963,2.771068169618894,3.280998389694042,4.797369833601718,0.7313472893183038,0.14090177133655393,,
41,24.932903918411164,31.4345142243693,30.9447128287708,3.113258185721954,4.146537842190016,4.555823939881911,0.7313472893183038,0.14090177133655393,,
42,25.261674718196456,31.313741277509394,30.810520665593128,3.1065485775630703,4.1129898013955986,4.555823939881911,0.6977992485238862,0.14090177133655393,,
43,25.77831454643049,31.11916264090177,30.54213633923779,3.1065485775630703,4.086151368760064,4.555823939881911,0.6709608158883521,0.14090177133655393,,
44,25.986312399355878,30.97826086956522,29.528985507246375,3.1065485775630703,4.052603327965647,4.555823939881911,0.6709608158883521,1.1205045625335481,,
45,25.174449812130973,31.709608158883523,29.602791196994094,3.099838969404187,4.052603327965647,4.555823939881911,0.798443370907139,1.0064412238325282,,
46,19.00161030595813,44.42431561996779,24.4296833064949,1.8183038110574343,3.911701556629093,4.361245303274289,0.785024154589372,1.2681159420289856,,
47,18.98148148148148,43.14949006977992,24.765163714439076,2.945517981749866,3.911701556629093,4.341116478797638,0.6374127750939346,1.2681159420289856,,
48,19.55179817498658,42.84084809447128,24.516908212560388,2.945517981749866,3.898282340311326,4.341116478797638,0.6374127750939346,1.2681159420289856,,
49,19.80005367686527,41.86795491143317,25.013419216317768,2.918679549114332,3.8848631239935587,4.327697262479871,0.7783145464304885,1.4090177133655395,,
50,19.659151905528716,39.734299516908216,26.556629092860977,3.8848631239935587,3.8714439076757916,4.106280193236715,0.7783145464304885,1.4090177133655395,,
51,20.40391841116479,39.47933440687064,26.268115942028984,3.851315083199141,3.8378958668813743,3.992216854535695,0.7783145464304885,1.3888888888888888,,
52,20.591787439613526,39.27804616210413,26.160762211486848,3.851315083199141,3.8378958668813743,3.992216854535695,0.8990874932903918,1.3888888888888888,,
53,19.98792270531401,31.54186795491143,22.249060654857757,17.384594739667204,3.4688674181427803,3.9452495974235107,1.0332796564680622,0.38915727321524424,,
54,20.46430488459474,30.555555555555557,22.114868491680085,18.06897477187332,3.44873859366613,3.9452495974235107,1.0332796564680622,0.36902844873859364,,
55,20.44417606011809,29.461889425657542,23.356146001073537,18.276972624798713,3.44873859366613,3.92512077294686,0.7179280730005367,0.36902844873859364,,
56,18.605743424584006,26.952495974235106,30.730005367686527,15.391841116478798,3.421900161030596,3.8580246913580245,0.7179280730005367,0.322061191626409,,
57,19.162640901771336,26.643853998926463,34.03113258185722,11.996779388083736,3.294417606011809,3.8311862587224907,0.7179280730005367,0.322061191626409,,
58,18.80703166935051,25.811862587224905,35.158346752549654,11.943102522812667,3.2675791733762747,3.8311862587224907,0.7179280730005367,0.46296296296296297,,
59,19.176060118089104,25.523349436392916,34.90338164251208,11.929683306494901,3.2675791733762747,4.019055287171229,0.7179280730005367,0.46296296296296297,,
60,19.236446591519055,24.06736446591519,34.66183574879227,13.620504562533547,3.2675791733762747,3.9855072463768115,0.6977992485238862,0.46296296296296297,,
61,19.712828770799785,23.96672034353194,34.40016103059581,13.573537305421363,3.2004830917874396,3.9855072463768115,0.6977992485238862,0.46296296296296297,,
62,19.699409554482017,22.054482018250134,34.09151905528717,15.646806226516372,3.2004830917874396,3.9855072463768115,0.6575415995705851,0.6642512077294686,,
63,19.93424584004294,21.846484165324746,34.252549651100374,15.526033279656469,3.2004830917874396,3.9184111647879765,0.6575415995705851,0.6642512077294686,,
64,20.41062801932367,21.658615136876005,34.10493827160494,15.445517981749866,3.1468062265163717,3.9184111647879765,0.6575415995705851,0.6575415995705851,,
65,20.75281803542673,20.77294685990338,35.35963499731616,15.217391304347826,2.9790660225442833,3.603059581320451,0.6575415995705851,0.6575415995705851,,
66,21.35668276972625,20.73268921095008,34.82957595276436,15.190552871712292,2.9790660225442833,3.5963499731615673,0.6575415995705851,0.6575415995705851,,
67,21.20907139023081,20.645464304884594,32.1256038647343,16.71363392377885,2.945517981749866,3.5963499731615673,2.1068169618894257,0.6575415995705851,,
68,20.263016639828233,19.665861513687602,34.16532474503489,16.686795491143318,2.945517981749866,3.5829307568438002,2.033011272141707,0.6575415995705851,,
69,20.40391841116479,19.47128287707998,35.55421363392378,12.76838432635534,5.515297906602254,3.515834675254965,2.1135265700483092,0.6575415995705851,,
70,20.544820182501343,18.659420289855074,35.07783145464305,12.439613526570048,6.615673644659152,3.4822866344605474,2.1135265700483092,1.06682769726248,,
71,21.101717659688674,18.4447128287708,33.03811057434246,12.352388620504563,8.527911969940956,3.3548040794417604,2.1135265700483092,1.06682769726248,,
72,21.74584004294149,18.156199677938808,32.78314546430489,12.090713902308105,8.55475040257649,3.33467525496511,2.26784755770263,1.06682769726248,,
73,22.302737520128826,17.92807300053677,32.6154052603328,12.010198604401502,8.480944712828771,3.33467525496511,2.26784755770263,1.0601180891035964,,
74,22.84621578099839,17.713365539452496,32.360440150295226,12.037037037037036,8.420558239398819,3.321256038647343,2.26784755770263,1.0332796564680622,,
75,23.32259796027912,17.579173376274827,32.31347289318304,11.842458400429415,8.319914117015566,3.321256038647343,2.26784755770263,1.0332796564680622,,
76,23.758722490606548,17.28395061728395,30.99838969404187,13.063607085346217,8.3064949006978,3.321256038647343,2.2342995169082127,1.0332796564680622,,
77,23.960010735373054,17.250402576489535,30.891035963499732,13.009930220075148,8.3064949006978,3.321256038647343,2.2342995169082127,1.0265700483091786,,
78,23.866076221148685,16.847826086956523,30.334138486312398,12.86231884057971,9.782608695652174,3.046162104133119,2.2342995169082127,1.0265700483091786,,
79,24.06736446591519,16.23725174449812,29.448470209339774,12.74825550187869,10.7085346215781,3.978797638217928,1.7981749865807837,1.0131508319914118,,
80,24.61755233494364,16.069511540526033,29.20692431561997,12.654320987654321,10.661567364465915,3.978797638217928,1.7981749865807837,1.0131508319914118,,
81,24.832259796027913,15.921900161030596,29.1129898013956,12.640901771336553,10.621309715512615,3.978797638217928,1.8786902844873858,1.0131508319914118,,
82,25.261674718196456,15.727321524422974,29.012345679012345,12.466451959205582,10.61460010735373,3.9519592055823938,1.8719806763285025,0.9796027911969941,0.11406333870101985,
83,25.37573805689748,15.767579173376275,28.938539989264626,12.419484702093397,10.601180891035963,3.938539989264627,1.865271068169619,0.9796027911969941,0.11406333870101985,
84,25.966183574879228,15.445517981749866,28.75067096081589,12.379227053140097,10.560923242082662,3.938539989264627,1.865271068169619,0.9796027911969941,0.11406333870101985,
85,26.31508319914117,15.411969940955448,28.529253891572733,12.298711755233494,10.547504025764896,3.938539989264627,1.865271068169619,0.9796027911969941,0.11406333870101985,
86,25.72463768115942,14.687332259796028,28.30112721417069,12.110842726784755,12.117552334943639,4.045893719806763,1.9189479334406871,0.9796027911969941,0.11406333870101985,
87,26.549919484702095,14.573268921095009,27.771068169618893,11.990069779924852,12.117552334943639,4.032474503488996,1.8719806763285025,0.9796027911969941,0.11406333870101985,
88,26.88539989264627,14.264626945786366,27.616747181964573,12.224906065485776,11.849168008588299,4.032474503488996,1.8719806763285025,1.1406333870101986,0.11406333870101985,
89,27.03972088030059,14.264626945786366,27.15378421900161,12.218196457326892,11.614331723027375,4.032474503488996,1.8719806763285025,1.6908212560386473,0.11406333870101985,
90,27.428878153515836,14.197530864197532,27.01959205582394,12.050456253354804,11.493558776167472,4.133118625872249,1.8719806763285025,1.6908212560386473,0.11406333870101985,
91,27.61003757380569,14.17740203972088,26.94578636607622,11.916264090177133,11.43317230273752,4.133118625872249,1.8719806763285025,1.6908212560386473,0.11406333870101985,0.10735373054213634
92,23.812399355877616,13.110574342458401,33.803005904455176,11.829039184111648,11.406333870101985,2.2745571658615136,1.8518518518518519,1.6908212560386473,0.11406333870101985,0.10735373054213634
93,22.832796564680624,12.822061191626409,37.795222758990874,11.07085346215781,10.19189479334407,2.38191089640365,1.7444981213097155,0.9393451422436929,0.11406333870101985,0.10735373054213634
94,23.15485775630703,12.721417069243156,37.03703703703704,10.158346752549651,11.627750939345143,2.3483628556092326,1.8384326355340848,0.8923778851315083,0.11406333870101985,0.10735373054213634
95,21.618357487922705,9.588030059044552,35.08454106280193,10.030864197530864,18.753354804079443,2.214170692431562,1.6103059581320451,0.7581857219538379,0.11406333870101985,0.2281266774020397
96,21.792807300053678,9.500805152979066,33.380300590445515,9.977187332259795,20.457595276435857,2.214170692431562,1.5767579173376274,0.7581857219538379,0.11406333870101985,0.2281266774020397
97,21.71900161030596,9.480676328502415,33.051529790660226,10.507246376811594,20.43075684380032,2.214170692431562,1.4962426194310252,0.7581857219538379,0.11406333870101985,0.2281266774020397
98,22.262479871175522,9.447128287707997,32.75630703166935,10.493827160493828,20.316693505099302,2.167203435319377,1.4694041867954912,0.7447665056360708,0.11406333870101985,0.2281266774020397
99,22.920021470746107,9.25925925925926,32.55501878690284,10.406602254428341,20.169082125603865,2.15378421900161,1.4694041867954912,0.7246376811594203,0.11406333870101985,0.2281266774020397
100,23.537305421363392,9.104938271604938,32.447665056360705,10.25228126677402,19.96779388083736,2.15378421900161,1.4694041867954912,0.7246376811594203,0.11406333870101985,0.2281266774020397
101,23.34272678475577,8.568169618894256,30.803811057434245,13.144122383252817,19.91411701556629,1.8585614600107354,1.3016639828234031,0.7246376811594203,0.11406333870101985,0.2281266774020397
102,23.852657004830917,8.541331186258722,30.535426731078903,12.835480407944177,20.00805152979066,1.8585614600107354,1.3016639828234031,0.7246376811594203,0.11406333870101985,0.2281266774020397
103,24.46323134728932,8.541331186258722,30.159688674181428,12.580515297906603,19.92753623188406,1.8585614600107354,1.402308105206656,0.7246376811594203,0.11406333870101985,0.2281266774020397
104,24.89935587761675,7.7898550724637685,28.650026838432634,12.392646269457863,20.39049919484702,3.5762211486849167,1.2412775093934514,0.7246376811594203,0.11406333870101985,0.2214170692431562
105,25.087224906065487,7.575147611379496,28.435319377348364,13.278314546430488,20.39049919484702,2.8918411164787976,1.2815351583467525,0.7246376811594203,0.11406333870101985,0.2214170692431562
106,25.577026301663984,7.568438003220612,28.27428878153516,13.231347289318304,20.242887815351583,2.7643585614600106,1.2815351583467525,0.7246376811594203,0.11406333870101985,0.2214170692431562
107,25.85212023617821,7.561728395061729,28.073000536768653,13.18438003220612,20.101986044015028,2.7643585614600106,1.2815351583467525,0.7246376811594203,0.11406333870101985,0.3421900161030596
108,26.39559849704777,7.454374664519592,27.657004830917874,13.056897477187333,20.30998389694042,2.717391304347826,1.2278582930756843,0.7246376811594203,0.11406333870101985,0.3421900161030596
109,26.992753623188406,7.407407407407407,27.42216854535695,12.962962962962964,20.088566827697264,2.717391304347826,1.2278582930756843,0.7246376811594203,0.11406333870101985,0.3421900161030596
110,27.234299516908212,7.39398819108964,27.13365539452496,12.86231884057971,19.85373054213634,2.690552871712292,1.5432098765432098,0.8588298443370908,0.11406333870101985,0.3153515834675255
111,27.65029522275899,7.313472893183038,27.033011272141707,12.842190016103059,19.665861513687602,2.690552871712292,1.5432098765432098,0.8319914117015567,0.11406333870101985,0.3153515834675255
112,27.643585614600106,7.14573268921095,28.026033279656467,12.473161567364466,19.404186795491142,2.5295222758990876,1.5163714439076759,0.8319914117015567,0.11406333870101985,0.3153515834675255
113,28.012614063338702,6.870638754696726,27.81803542673108,12.600644122383253,19.269994632313473,2.5295222758990876,1.6371443907675791,0.8319914117015567,0.11406333870101985,0.3153515834675255
114,28.5426731078905,6.870638754696726,27.657004830917874,12.546967257112184,19.048577563070317,2.4355877616747184,1.6371443907675791,0.8319914117015567,0.11406333870101985,0.3153515834675255
115,27.905260332796566,6.837090713902308,30.07246376811594,12.546967257112184,17.505367686527105,2.4355877616747184,1.4358561460010735,0.8319914117015567,0.11406333870101985,0.3153515834675255
116,28.348094471282877,6.823671497584541,29.95169082125604,12.600644122383253,17.183306494900698,2.395330112721417,1.4358561460010735,0.8319914117015567,0.11406333870101985,0.3153515834675255
117,28.690284487385938,6.823671497584541,29.844337090713903,12.600644122383253,16.888083735909824,2.328234031132582,1.5633387010198605,0.8319914117015567,0.11406333870101985,0.3153515834675255
118,28.844605475040257,6.823671497584541,29.790660225442835,12.587224906065487,16.834406870638755,2.2946859903381642,1.5633387010198605,0.8319914117015567,0.11406333870101985,0.3153515834675255
119,29.22705314009662,6.823671497584541,29.622920021470748,12.412775093934513,16.80756843800322,2.281266774020397,1.5633387010198605,0.8319914117015567,0.11406333870101985,0.3153515834675255
120,29.58937198067633,6.823671497584541,29.361245303274288,12.305421363392378,16.7337627482555,2.26784755770263,1.5432098765432098,0.9460547504025765,0.11406333870101985,0.3153515834675255
121,29.71014492753623,6.6760601180891035,29.01905528717123,12.211486849168008,16.59286097691895,2.26784755770263,2.147074610842727,0.9460547504025765,0.11406333870101985,0.3153515834675255
122,30.01207729468599,6.602254428341385,28.824476650563607,12.124261943102523,16.5727321524423,2.26784755770263,2.2208803005904456,0.9460547504025765,0.11406333870101985,0.3153515834675255
123,30.233494363929147,6.575415995705851,27.361782071927,13.251476113794954,16.458668813741276,2.536231884057971,2.2074610842726785,0.9460547504025765,0.11406333870101985,0.3153515834675255
124,29.73027375201288,6.508319914117015,33.93048845947396,13.217928073000536,11.372785829307569,1.9659151905528718,2.2074610842726785,0.8387010198604401,0.11406333870101985,0.11406333870101985
125,29.857756307031668,6.508319914117015,33.76945786366076,13.110574342458401,11.372785829307569,1.9659151905528718,2.3483628556092326,0.8387010198604401,0.11406333870101985,0.11406333870101985
126,30.18652710681696,6.468062265163715,33.50107353730542,13.023349436392914,11.345947396672035,1.9524959742351047,2.3215244229736984,0.9728931830381106,0.11406333870101985,0.11406333870101985
127,30.10601180891036,6.394256575415996,33.20585077831455,12.164519592055823,12.942834138486312,1.9524959742351047,2.3215244229736984,0.7917337627482555,0.0067096081588835215,0.11406333870101985
128,30.381105743424584,6.266774020397209,33.13875469672571,11.963231347289318,12.848899624261943,2.1806226516371443,2.3081052066559313,0.7917337627482555,0.0067096081588835215,0.11406333870101985
129,30.394524959742352,6.112453032742888,35.218733225979605,11.849168008588299,11.272141706924316,1.9793344068706387,2.2611379495437465,0.7917337627482555,0.0067096081588835215,0.11406333870101985
130,30.434782608695652,6.105743424584004,35.09125067096082,11.701556629092861,11.18491680085883,2.3215244229736984,2.2611379495437465,0.7783145464304885,0.0067096081588835215,0.11406333870101985
131,30.71658615136876,6.105743424584004,34.94363929146538,11.580783682232958,11.171497584541063,2.3215244229736984,2.2611379495437465,0.7783145464304885,0.0067096081588835215,0.11406333870101985
132,31.179549114331724,6.025228126677402,34.91009125067096,11.41304347826087,10.923242082662373,2.3886205045625335,2.2611379495437465,0.7783145464304885,0.0067096081588835215,0.11406333870101985
133,31.54186795491143,5.998389694041868,34.70880300590446,11.392914653784219,10.86285560923242,2.3752012882447664,2.2208803005904456,0.7783145464304885,0.0067096081588835215,0.11406333870101985
134,31.736446591519055,5.998389694041868,34.5679012345679,11.372785829307569,10.829307568438002,2.3752012882447664,2.2208803005904456,0.7783145464304885,0.0067096081588835215,0.11406333870101985
135,31.66935050993022,5.958132045088567,34.4068706387547,11.345947396672035,10.815888352120236,2.522812667740204,2.38191089640365,0.7783145464304885,0.0067096081588835215,0.11406333870101985
136,32.2866344605475,5.958132045088567,34.12506709608159,11.252012882447666,10.587761674718196,2.509393451422437,2.38191089640365,0.7783145464304885,0.0067096081588835215,0.11406333870101985
137,28.609769189479334,5.958132045088567,38.62721417069243,9.353193773483628,12.694578636607622,2.2342995169082127,1.7713365539452497,0.644122383252818,0.0067096081588835215,0.10064412238325282
138,29.314278046162105,5.938003220611916,38.191089640365,9.212292002147075,12.614063338701019,2.2342995169082127,1.7444981213097155,0.644122383252818,0.0067096081588835215,0.10064412238325282
139,29.8040794417606,5.891035963499732,37.245034889962426,9.145195920558239,12.741545893719806,2.522812667740204,1.8988191089640365,0.644122383252818,0.0067096081588835215,0.10064412238325282
140,26.154052603327965,10.59447128287708,36.151368760064415,9.044551798174986,13.633923778851315,1.9726247987117553,1.6975308641975309,0.644122383252818,0.0067096081588835215,0.10064412238325282
141,26.838432635534083,10.493827160493828,35.98362855609233,8.883521202361782,13.56682769726248,1.8786902844873858,1.6035963499731616,0.644122383252818,0.0067096081588835215,0.10064412238325282
142,27.26784755770263,10.393183038110575,35.85614600107354,8.856682769726248,13.43263553408481,1.865271068169619,1.5767579173376274,0.644122383252818,0.0067096081588835215,0.10064412238325282
143,27.938808373590984,10.050993022007514,35.78234031132582,8.742619431025227,13.311862587224907,1.8518518518518519,1.570048309178744,0.644122383252818,0.0067096081588835215,0.10064412238325282
144,28.25415995705851,9.883252818035427,35.68169618894257,8.702361782071927,13.305152979066023,1.8518518518518519,1.570048309178744,0.644122383252818,0.0067096081588835215,0.10064412238325282
145,28.75067096081589,9.816156736446592,35.37305421363392,8.682232957595277,13.20450885668277,1.8518518518518519,1.570048309178744,0.644122383252818,0.0067096081588835215,0.10064412238325282
146,29.294149221685455,9.73564143853999,35.16505636070853,8.608427267847558,13.070316693505099,1.8451422436929683,1.5297906602254427,0.644122383252818,0.0067096081588835215,0.10064412238325282
147,29.69001610305958,9.668545356951155,35.01073537305421,8.601717659688674,12.902576489533011,1.8451422436929683,1.5297906602254427,0.644122383252818,0.0067096081588835215,0.10064412238325282
148,30.04562533548041,9.668545356951155,34.82286634460547,8.588298443370908,12.895866881374127,1.8384326355340848,1.5096618357487923,0.5233494363929146,0.0067096081588835215,0.10064412238325282
149,30.71658615136876,9.574610842726784,34.33977455716586,8.548040794417606,12.86231884057971,1.8183038110574343,1.5096618357487923,0.5233494363929146,0.0067096081588835215,0.10064412238325282
150,31.36070853462158,9.514224369296834,33.95061728395062,8.467525496511003,12.761674718196458,1.8048845947396672,1.5096618357487923,0.5233494363929146,0.0067096081588835215,0.10064412238325282
151,31.61567364465915,9.50751476113795,33.81642512077295,8.36688137412775,12.754965110037574,1.7981749865807837,1.5096618357487923,0.5233494363929146,0.0067096081588835215,0.10064412238325282
152,32.139023081052066,9.373322597960279,33.74932903918411,8.340042941492216,12.473161567364466,1.7847557702630166,1.5096618357487923,0.5233494363929146,0.0067096081588835215,0.10064412238325282
153,32.54159957058508,9.373322597960279,33.54804079441761,8.293075684380032,12.325550187869029,1.778046162104133,1.5096618357487923,0.5233494363929146,0.0067096081588835215,0.10064412238325282
154,33.04482018250134,9.306226516371444,33.2259796027912,8.28636607622115,12.278582930756844,1.7579173376274826,1.4694041867954912,0.5233494363929146,0.0067096081588835215,0.10064412238325282
155,33.21926999463231,9.272678475577026,32.9777241009125,8.923778851315083,12.04374664519592,1.6639828234031133,1.2815351583467525,0.5099302200751477,0.0067096081588835215,0.10064412238325282
156,33.59500805152979,9.272678475577026,32.628824476650564,8.876811594202898,11.808910359634996,1.6639828234031133,1.2815351583467525,0.7648953301127214,0.0067096081588835215,0.10064412238325282
157,33.99087493290392,9.185453569511541,32.35373054213634,8.863392377885132,11.788781535158346,1.6639828234031133,1.2815351583467525,0.7648953301127214,0.0067096081588835215,0.10064412238325282
158,34.42699946323135,9.151905528717123,32.118894256575416,8.80300590445518,11.681427804616211,1.6639828234031133,1.2815351583467525,0.7648953301127214,0.0067096081588835215,0.10064412238325282
159,34.46725711218465,9.151905528717123,32.078636607622116,8.80300590445518,11.681427804616211,1.6639828234031133,1.2815351583467525,0.7648953301127214,0.0067096081588835215,0.10064412238325282
160,34.816156736446594,9.07139023081052,31.97799248523886,8.80300590445518,11.641170155662909,1.5633387010198605,1.2546967257112185,0.7648953301127214,0.0067096081588835215,0.10064412238325282
161,35.14492753623188,8.943907675791733,31.82367149758454,8.769457863660762,11.627750939345143,1.5633387010198605,1.2546967257112185,0.7648953301127214,0.0067096081588835215,0.10064412238325282
162,35.487117552334944,8.943907675791733,31.49490069779925,8.769457863660762,11.627750939345143,1.5499194847020934,1.2546967257112185,0.7648953301127214,0.0067096081588835215,0.10064412238325282
163,32.06521739130435,7.367149758454106,38.821792807300056,7.944176060118089,10.990338164251208,0.8588298443370908,1.1003757380568975,0.7447665056360708,0.0067096081588835215,0.10064412238325282
164,32.45437466451959,7.360440150295223,38.5601180891036,7.944176060118089,10.755501878690284,0.9728931830381106,1.1003757380568975,0.7447665056360708,0.0067096081588835215,0.10064412238325282
165,32.67579173376275,7.347020933977456,38.31186258722491,7.944176060118089,10.742082662372518,1.0869565217391304,1.1003757380568975,0.6843800322061192,0.0067096081588835215,0.10064412238325282
166,33.071658615136876,7.347020933977456,38.036768652710684,7.937466451959206,10.7085346215781,1.0802469135802468,1.1003757380568975,0.6105743424584005,0.0067096081588835215,0.10064412238325282
167,33.353462157809986,7.347020933977456,37.82877079978529,7.930756843800322,10.68840579710145,1.0601180891035964,1.0869565217391304,0.6105743424584005,0.0067096081588835215,0.08722490606548577
168,33.68894256575416,7.2933440687063875,37.62748255501879,7.930756843800322,10.668276972624799,1.0601180891035964,1.0869565217391304,0.5501878690284487,0.0067096081588835215,0.08722490606548577
169,32.78314546430489,7.273215244229737,39.351851851851855,7.769726247987117,10.23215244229737,0.9997316156736447,1.0869565217391304,0.4092860976918948,0.0067096081588835215,0.08722490606548577
170,32.8972088030059,7.159151905528717,38.98282340311326,7.615405260332796,10.21202361782072,1.4962426194310252,1.133923778851315,0.4092860976918948,0.0067096081588835215,0.08722490606548577
171,32.776435856146,7.14573268921095,38.49302200751476,8.400429414922169,10.104669887278583,1.4962426194310252,1.0802469135802468,0.4092860976918948,0.0067096081588835215,0.08722490606548577
172,33.071658615136876,7.14573268921095,38.28502415458937,8.373590982286634,10.057702630166398,1.4962426194310252,1.0802469135802468,0.39586688137412773,0.0067096081588835215,0.08722490606548577
173,29.95169082125604,16.861245303274288,34.68867418142781,7.830112721417069,7.695920558239399,1.4962426194310252,0.9863123993558777,0.39586688137412773,0.0067096081588835215,0.08722490606548577
174,27.375201288244767,15.640096618357488,38.02334943639291,8.360171765968868,7.628824476650563,1.4962426194310252,0.9863123993558777,0.39586688137412773,0.0067096081588835215,0.08722490606548577
175,26.89210950080515,15.465646806226516,34.84970477724101,8.353462157809984,11.466720343531938,1.4962426194310252,0.9863123993558777,0.39586688137412773,0.0067096081588835215,0.08722490606548577
176,27.42216854535695,15.311325818572195,34.72222222222222,8.225979602791197,11.406333870101985,1.4626945786366077,0.9594739667203436,0.39586688137412773,0.0067096081588835215,0.08722490606548577
177,27.690552871712292,15.183843263553408,34.62157809983897,8.205850778314547,11.386205045625335,1.4626945786366077,0.9594739667203436,0.39586688137412773,0.0067096081588835215,0.08722490606548577
178,27.83816425120773,15.177133655394526,34.43370907139023,8.205850778314547,11.292270531400966,1.4694041867954912,0.9594739667203436,0.5300590445517982,0.0067096081588835215,0.08722490606548577
179,28.173644659151904,15.056360708534621,34.225711218464845,8.205850778314547,11.292270531400966,1.4694041867954912,0.95276435856146,0.5300590445517982,0.0067096081588835215,0.08722490606548577
180,28.549382716049383,14.989264626945786,34.05797101449275,8.11862587224906,11.245303274288782,1.4626945786366077,0.95276435856146,0.5300590445517982,0.0067096081588835215,0.08722490606548577
181,28.784219001610307,14.734299516908212,33.9573268921095,8.111916264090176,11.231884057971014,1.4626945786366077,1.093666129898014,0.5300590445517982,0.0067096081588835215,0.08722490606548577
182,29.086151368760063,14.445786366076222,33.64868491680086,8.111916264090176,11.20504562533548,1.4626945786366077,1.415727321524423,0.5300590445517982,0.0067096081588835215,0.08722490606548577
183,29.381374127750938,14.439076757917338,33.52791196994095,7.977724100912507,11.20504562533548,1.42914653784219,1.415727321524423,0.5300590445517982,0.0067096081588835215,0.08722490606548577
184,29.757112184648417,14.351851851851851,33.23939881910896,7.977724100912507,11.20504562533548,1.42914653784219,1.415727321524423,0.5300590445517982,0.0067096081588835215,0.08722490606548577
185,29.944981213097154,14.325013419216317,33.10520665593129,7.957595276435856,11.198336017176597,1.42914653784219,1.415727321524423,0.5300590445517982,0.0067096081588835215,0.08722490606548577
186,29.810789049919485,14.17740203972088,31.447933440687063,7.9106280193236715,11.044015029522276,1.556629092860977,3.502415458937198,0.4562533548040794,0.0067096081588835215,0.08722490606548577
187,30.24020397208803,14.090177133655395,31.132581857219538,7.823403113258186,10.970209339774557,1.556629092860977,3.6366076221148687,0.4562533548040794,0.0067096081588835215,0.08722490606548577
188,27.932098765432098,13.41250670960816,38.97611379495437,7.427536231884058,7.474503488996243,1.556629092860977,2.757648953301127,0.4562533548040794,0.0067096081588835215,
189,28.71712292002147,13.378958668813741,38.24476650563607,7.4141170155662905,7.467793880837359,1.556629092860977,2.757648953301127,0.4562533548040794,0.0067096081588835215,
190,29.25389157273215,13.24476650563607,38.00993022007515,7.4141170155662905,7.300053676865271,1.556629092860977,2.757648953301127,0.4562533548040794,0.0067096081588835215,
191,29.56924315619968,13.365539452495975,37.775093934514224,7.320182501341922,7.206119162640902,1.556629092860977,2.7442297369833604,0.4562533548040794,0.0067096081588835215,
192,30.05233494363929,13.33870101986044,37.4194847020934,7.27992485238862,7.1725711218464845,1.556629092860977,2.717391304347826,0.4562533548040794,0.0067096081588835215,
193,30.46833064949007,13.157541599570585,37.2987117552335,7.212828770799785,7.152442297369833,1.5499194847020934,2.703972088030059,0.4495437466451959,0.0067096081588835215,
194,31.132581857219538,12.842190016103059,36.90955448201825,7.212828770799785,7.212828770799785,1.5499194847020934,2.6838432635534084,0.4495437466451959,0.0067096081588835215,
195,31.588835212023618,12.72812667740204,36.460010735373054,7.185990338164252,7.105475040257649,1.5499194847020934,2.8113258185721954,0.5636070853462157,0.0067096081588835215,
196,32.00483091787439,12.453032742887816,35.648148148148145,7.387278582930757,7.058507783145465,1.5432098765432098,3.33467525496511,0.5636070853462157,0.0067096081588835215,
197,32.27321524422974,12.359098228663447,34.94363929146538,7.387278582930757,7.0450885668276975,1.5432098765432098,3.7104133118625873,0.7313472893183038,0.0067096081588835215,
198,32.078636607622116,12.245034889962426,35.27241009125067,7.37385936661299,6.971282877079979,1.5432098765432098,3.6634460547504024,0.8454106280193237,0.0067096081588835215,
199,32.018250134192165,12.117552334943639,34.11835748792271,7.286634460547504,8.608427267847558,1.3888888888888888,3.6634460547504024,0.7917337627482555,0.0067096081588835215,
200,31.166129898013956,13.439345142243694,33.70907139023081,7.25979602791197,8.709071390230811,1.3888888888888888,3.5292538915727323,0.7917337627482555,0.0067096081588835215,
201,31.414385399892645,13.331991411701557,33.621846484165324,7.25979602791197,8.662104133118627,1.3888888888888888,3.5225442834138487,0.7917337627482555,0.0067096081588835215,
202,31.870638754696724,13.285024154589372,33.36688137412775,7.199409554482019,8.601717659688674,1.3553408480944713,3.5225442834138487,0.7917337627482555,0.0067096081588835215,
203,32.35373054213634,13.258185721953838,33.01798174986581,7.152442297369833,8.568169618894256,1.3486312399355878,3.5225442834138487,0.7716049382716049,0.0067096081588835215,
204,32.689210950080515,13.238056897477188,32.83682232957595,7.118894256575416,8.561460010735374,1.2546967257112185,3.5225442834138487,0.7716049382716049,0.0067096081588835215,
205,33.00456253354804,13.144122383252817,32.49463231347289,7.112184648416532,8.55475040257649,1.2546967257112185,3.656736446591519,0.7716049382716049,0.0067096081588835215,
206,33.24610842726785,13.110574342458401,32.31347289318304,7.078636607622115,8.474235104669887,1.2412775093934514,3.7573805689747717,0.7716049382716049,0.0067096081588835215,
207,33.3064949006978,13.09044551798175,32.32018250134192,6.951154052603328,8.420558239398819,1.2412775093934514,3.8915727321524423,0.7716049382716049,0.0067096081588835215,
208,33.60842726784756,13.083735909822867,32.10547504025765,6.951154052603328,8.373590982286634,1.2412775093934514,3.8580246913580245,0.7716049382716049,0.0067096081588835215,
209,34.37332259796028,13.030059044551798,31.280193236714975,6.944444444444445,8.199141170155663,1.1876006441223832,3.824476650563607,1.1540526033279657,0.0067096081588835215,
210,34.78931830381106,12.93612453032743,30.991680085882983,6.944444444444445,8.172302737520129,1.1876006441223832,3.8177670424047236,1.1540526033279657,0.0067096081588835215,
211,35.14492753623188,12.734836285560924,30.897745571658614,6.944444444444445,8.165593129361245,1.1876006441223832,3.8177670424047236,1.1003757380568975,0.0067096081588835215,
212,35.44685990338164,12.70799785292539,30.730005367686527,6.937734836285561,8.145464304884594,1.1876006441223832,3.7775093934514223,1.0601180891035964,0.0067096081588835215,
213,34.84970477724101,12.453032742887816,30.267042404723565,6.736446591519055,8.05823939881911,2.999194847020934,3.683574879227053,0.9460547504025765,0.0067096081588835215,
214,34.99060654857756,12.419484702093397,29.944981213097154,6.736446591519055,8.017981749865807,2.999194847020934,3.938539989264627,0.9460547504025765,0.0067096081588835215,
215,35.487117552334944,12.258454106280194,29.777241009125067,6.608964036500268,7.98443370907139,2.9924852388620504,3.938539989264627,0.9460547504025765,0.0067096081588835215,
216,35.81588835212023,12.224906065485776,29.59608158883521,6.521739130434782,7.96430488459474,2.9924852388620504,3.938539989264627,0.9393451422436929,0.0067096081588835215,
217,35.69511540526033,12.06387546967257,27.67042404723564,6.508319914117015,8.279656468062266,2.898550724637681,5.938003220611916,0.9393451422436929,0.0067096081588835215,
218,35.25228126677402,12.02361782071927,24.731615673644658,6.501610305958132,8.272946859903382,6.6827697262479875,5.924584004294149,0.6038647342995169,0.0067096081588835215,
219,35.55421363392378,11.98336017176597,24.651100375738057,6.488191089640365,8.158883521202362,6.763285024154589,5.83064949006978,0.5636070853462157,0.0067096081588835215,
220,34.82957595276436,11.929683306494901,24.476650563607084,6.353998926462695,9.386741814278047,6.66935050993022,5.790391841116479,0.5636070853462157,,
221,35.32608695652174,11.876006441223833,24.235104669887278,6.340579710144928,9.29951690821256,6.635802469135802,5.776972624798712,0.5099302200751477,,
222,35.648148148148145,11.876006441223833,24.04723564143854,6.340579710144928,9.27938808373591,6.635802469135802,5.662909286097692,0.5099302200751477,,
223,36.00375738056898,11.782071926999464,23.89291465378422,6.3070316693505095,9.245840042941492,6.595544820182502,5.662909286097692,0.5099302200751477,,
224,36.218464841653244,11.668008588298443,23.758722490606548,6.266774020397209,9.23913043478261,6.582125603864735,5.756843800322061,0.5099302200751477,,
225,36.15807836822329,11.580783682232958,23.65136876006441,6.6760601180891035,9.145195920558239,6.521739130434782,5.756843800322061,0.5099302200751477,,
226,35.13150831991412,11.56736446591519,21.79951690821256,6.66935050993022,9.084809447128288,6.461352657004831,8.521202361782072,0.7648953301127214,,
227,35.63472893183038,11.43317230273752,21.73913043478261,6.515029522275899,8.99087493290392,6.454643048845948,8.467525496511003,0.7648953301127214,,
228,35.85614600107354,11.3593666129898,21.64519592055824,6.515029522275899,8.984165324745035,6.427804616210413,8.447396672034353,0.7648953301127214,,
229,36.11782071926999,11.33923778851315,21.604938271604937,6.494900697799249,8.943907675791733,6.3137412775093935,8.440687063875469,0.7447665056360708,,
230,36.62775093934514,11.292270531400966,21.36339237788513,6.447933440687064,8.836553945249598,6.273483628556092,8.413848631239935,0.7447665056360708,,
231,36.71497584541063,11.097691894793345,21.316425120772948,6.447933440687064,8.78287707997853,6.582125603864735,8.313204508856682,0.7447665056360708,,
232,37.03032742887815,11.05072463768116,21.162104133118625,6.4412238325281805,8.769457863660762,6.515029522275899,8.28636607622115,0.7447665056360708,,
233,36.761943102522814,11.017176596886742,21.638486312399355,6.4412238325281805,8.635265700483092,6.515029522275899,8.246108427267847,0.7447665056360708,,
234,37.21148684916801,10.983628556092324,21.55126140633387,6.3137412775093935,8.360171765968868,6.468062265163715,8.36688137412775,0.7447665056360708,,
235,37.69457863660762,10.889694041867955,21.4170692431562,6.286902844873859,8.299785292538916,6.541867954911433,8.165593129361245,0.7045088566827697,,
236,38.177670424047236,10.775630703166936,21.28287707997853,6.246645195920558,8.239398819108963,6.488191089640365,8.111916264090176,0.6776704240472357,,
237,38.419216317767045,10.748792270531402,21.135265700483092,6.219806763285024,8.225979602791197,6.474771873322598,8.111916264090176,0.6642512077294686,,
238,38.747987117552334,10.57434245840043,21.088298443370906,6.166129898013956,8.132045088566828,6.515029522275899,8.111916264090176,0.6642512077294686,,
239,39.12372517444981,10.433440687063875,20.88030059044552,6.038647342995169,8.172302737520129,6.649221685453569,8.038110574342458,0.6642512077294686,,
