,45,50,51,54,55,53,52,58,56,57,59
0,100.0,,,,,,,,,,
1,99.64439076757917,0.35560923242082665,,,,,,,,,
2,99.20826623725175,0.7917337627482555,,,,,,,,,
3,94.73966720343532,5.260332796564681,,,,,,,,,
4,93.61245303274289,6.387546967257112,,,,,,,,,
5,93.5654857756307,6.4345142243692965,,,,,,,,,
6,92.93478260869566,7.065217391304348,,,,,,,,,
7,92.89452495974236,7.105475040257649,,,,,,,,,
8,91.23054213633924,8.769457863660762,,,,,,,,,
9,89.9020397208803,10.0979602791197,,,,,,,,,
10,86.43317230273752,13.56682769726248,,,,,,,,,
11,85.98362855609233,13.110574342458401,0.9057971014492754,,,,,,,,
12,85.82259796027913,13.271604938271604,0.9057971014492754,,,,,,,,
13,85.66156736446591,13.43263553408481,0.9057971014492754,,,,,,,,
14,77.33494363929147,21.095008051529792,0.9393451422436929,0.630703166935051,,,,,,,
15,76.63714439076757,21.524422973698336,0.9393451422436929,0.630703166935051,0.2683843263553409,,,,,,
16,76.34863123993559,21.812936124530328,0.9393451422436929,0.630703166935051,0.2683843263553409,,,,,,
17,74.32903918411165,23.832528180354267,0.9393451422436929,0.630703166935051,0.2683843263553409,,,,,,
18,74.40284487385937,23.74530327428878,0.9393451422436929,0.630703166935051,0.28180354267310787,,,,,,
19,74.27536231884058,23.879495437466453,0.9326355340848095,0.630703166935051,0.28180354267310787,,,,,,
20,73.58427267847557,24.570585077831456,0.9326355340848095,0.630703166935051,0.28180354267310787,,,,,,
21,72.8797638217928,24.86580783682233,1.2278582930756843,0.7447665056360708,0.28180354267310787,,,,,,
22,71.55126140633386,26.234567901234566,1.1876006441223832,0.7447665056360708,0.28180354267310787,,,,,,
23,68.24342458400429,29.508856682769725,1.1876006441223832,0.7783145464304885,0.28180354267310787,,,,,,
24,68.18974771873323,29.24718196457327,1.1003757380568975,0.7783145464304885,0.28180354267310787,0.4025764895330113,,,,,
25,67.8341384863124,28.549382716049383,1.3419216317767042,0.7783145464304885,0.3153515834675255,0.4227053140096618,0.7581857219538379,,,,
26,67.60601180891035,28.468867418142782,1.5163714439076759,0.7783145464304885,0.3153515834675255,0.5568974771873323,0.7581857219538379,,,,
27,67.61943102522812,28.307836822329577,1.5163714439076759,0.7783145464304885,0.46296296296296297,0.5568974771873323,0.7581857219538379,,,,
28,67.23027375201288,28.401771336553946,1.8115942028985508,0.7783145464304885,0.46296296296296297,0.5568974771873323,0.7581857219538379,,,,
29,63.6406333870102,31.696188942565755,2.1068169618894257,0.7783145464304885,0.46296296296296297,0.5568974771873323,0.7581857219538379,,,,
30,63.519860440150296,31.80354267310789,2.120236178207193,0.7783145464304885,0.46296296296296297,0.5568974771873323,0.7581857219538379,,,,
31,63.077026301663984,31.97799248523886,2.120236178207193,0.7783145464304885,0.46296296296296297,0.5568974771873323,1.0265700483091786,,,,
32,62.86231884057971,31.93773483628556,2.120236178207193,0.7783145464304885,0.46296296296296297,0.5568974771873323,1.2815351583467525,,,,
33,60.69511540526033,34.07809983896941,2.120236178207193,0.7783145464304885,0.48980139559849706,0.5568974771873323,1.2815351583467525,,,,
34,60.72866344605475,33.97745571658615,2.147074610842727,0.7648953301127214,0.5434782608695652,0.5568974771873323,1.2815351583467525,,,,
35,58.80971551261406,35.889694041867955,2.147074610842727,0.7648953301127214,0.5166398282340311,0.5904455179817498,1.2815351583467525,,,,
36,58.82984433709071,35.84272678475577,2.147074610842727,0.7648953301127214,0.5434782608695652,0.5904455179817498,1.2815351583467525,,,,
37,58.50107353730542,36.171497584541065,2.147074610842727,0.6910896403650026,0.644122383252818,0.5904455179817498,1.2546967257112185,,,,
38,58.43397745571659,35.93666129898014,2.341653247450349,0.6172839506172839,0.7112184648416533,0.5904455179817498,1.2815351583467525,0.08722490606548577,,,
39,58.40713902308105,35.12479871175523,2.5966183574879227,0.6172839506172839,1.2681159420289856,0.6172839506172839,1.2815351583467525,0.08722490606548577,,,
40,57.6556629092861,35.567632850241544,2.932098765432099,0.6172839506172839,1.2681159420289856,0.6172839506172839,1.2546967257112185,0.08722490606548577,,,
41,57.83682232957595,35.36634460547504,2.9723564143853998,0.6172839506172839,1.2681159420289856,0.5971551261406334,1.2546967257112185,0.08722490606548577,,,
42,57.80327428878154,35.40660225442834,2.965646806226516,0.6172839506172839,1.2681159420289856,0.5971551261406334,1.2546967257112185,0.08722490606548577,,,
43,57.82340311325819,35.35963499731616,2.965646806226516,0.6172839506172839,1.2949543746645196,0.5971551261406334,1.2546967257112185,0.08722490606548577,,,
44,57.67579173376275,34.60144927536232,2.9052603327965647,0.6172839506172839,1.2949543746645196,0.6575415995705851,2.1604938271604937,0.08722490606548577,,,
45,57.70263016639828,34.5276435856146,2.9790660225442833,0.6172839506172839,1.2949543746645196,0.644122383252818,2.147074610842727,0.08722490606548577,,,
46,55.16639828234031,37.01690821256039,3.0394524959742353,0.6172839506172839,1.2949543746645196,0.644122383252818,2.13365539452496,0.08722490606548577,,,
47,54.85775630703167,36.761943102522814,3.026033279656468,0.2214170692431562,1.2949543746645196,0.644122383252818,3.193773483628556,,,,
48,52.9320987654321,38.848631239935585,2.8381642512077296,0.2214170692431562,1.3217928073000538,0.644122383252818,3.193773483628556,,,,
49,52.4020397208803,39.412238325281805,2.804616210413312,0.24825550187869028,1.3217928073000538,0.6172839506172839,3.193773483628556,,,,
50,51.53650026838432,39.45920558239399,3.603059581320451,0.2952227589908749,1.2949543746645196,0.630703166935051,3.180354267310789,,,,
51,51.44256575415996,39.392109500805155,3.589640365002684,0.2952227589908749,1.4761137949543746,0.630703166935051,3.1736446591519054,,,,
52,51.52308105206656,39.090177133655395,3.5762211486849167,0.2952227589908749,1.737788513150832,0.630703166935051,3.1468062265163717,,,,
53,51.281535158346756,38.707729468599034,3.321256038647343,0.2683843263553409,1.6371443907675791,0.5770263016639828,4.206924315619967,,,,
54,45.59849704777241,45.73939881910896,2.831454643048846,0.2683843263553409,1.7981749865807837,0.5501878690284487,3.2139023081052067,,,,
55,45.54482018250134,45.819914117015564,2.831454643048846,0.2683843263553409,1.7981749865807837,0.5501878690284487,3.1870638754696725,,,,
56,45.38378958668814,45.95410628019324,2.831454643048846,0.2952227589908749,1.7981749865807837,0.5501878690284487,3.1870638754696725,,,,
57,44.47128287707998,46.61164787976382,2.831454643048846,0.2952227589908749,1.8451422436929683,0.5501878690284487,3.3950617283950617,,,,
58,43.565485775630705,47.61137949543747,2.831454643048846,0.2952227589908749,1.8786902844873858,0.5501878690284487,3.2675791733762747,,,,
59,43.16961889425657,48.067632850241544,2.818035426731079,0.2952227589908749,1.8317230273752012,0.5501878690284487,3.2675791733762747,,,,
60,41.99543746645196,49.65780998389694,2.3081052066559313,0.48980139559849706,1.7713365539452497,0.5501878690284487,3.227321524422974,,,,
61,42.08266237251745,49.2686527106817,2.3081052066559313,0.47638217928073,2.0799785292538915,0.5770263016639828,3.207192699946323,,,,
62,35.38647342995169,55.99168008588298,2.100107353730542,0.4428341384863124,2.3215244229736984,0.5501878690284487,3.207192699946323,,,,
63,35.567632850241544,55.77026301663983,2.100107353730542,0.4428341384863124,2.3752012882447664,0.5501878690284487,3.193773483628556,,,,
64,35.560923242082666,55.481749865807835,2.4154589371980677,0.43612453032742887,2.428878153515835,0.5501878690284487,3.126677402039721,,,,
65,35.67498658078368,55.2133655394525,2.4154589371980677,0.5434782608695652,2.4557165861513686,0.5501878690284487,3.1468062265163717,,,,
66,35.68840579710145,54.37466451959206,2.4825550187869028,0.5434782608695652,2.7106816961889426,0.5501878690284487,3.6500268384326353,,,,
67,35.768921095008054,54.2337627482555,2.4691358024691357,0.5434782608695652,2.7844873859366612,0.5501878690284487,3.6500268384326353,,,,
68,35.87627482555019,54.08615136876006,2.4691358024691357,0.5434782608695652,2.8247450348899625,0.5501878690284487,3.6500268384326353,,,,
69,36.01717659688674,53.79092860976919,2.442297369833602,0.5434782608695652,3.1468062265163717,0.5501878690284487,3.5091250670960816,,,,
70,35.41331186258722,54.448470209339774,2.442297369833602,0.5434782608695652,3.0931293612453032,0.5501878690284487,3.5091250670960816,,,,
71,34.62157809983897,55.119431025228124,2.4490069779924855,0.5434782608695652,2.985775630703167,0.8990874932903918,3.3816425120772946,,,,
72,34.19216317767042,53.455448201825014,5.112721417069243,0.5434782608695652,3.0730005367686526,0.8990874932903918,2.7241009125067097,,,,
73,34.225711218464845,52.99919484702093,5.112721417069243,0.7716049382716049,3.2675791733762747,0.8990874932903918,2.7241009125067097,,,,
74,34.333064949006975,52.32823403113258,5.10601180891036,0.7716049382716049,3.4957058507783145,1.2144390767579174,2.7509393451422435,,,,
75,33.923778851315085,51.83843263553408,5.10601180891036,0.8454106280193237,3.321256038647343,2.442297369833602,2.522812667740204,,,,
76,33.8365539452496,51.36205045625336,5.10601180891036,0.9796027911969941,3.6634460547504024,2.5697799248523885,2.4825550187869028,,,,
77,32.60198604401503,53.133387010198604,4.320987654320987,1.0265700483091786,3.656736446591519,2.4355877616747184,2.8247450348899625,,,,
78,32.27992485238862,53.32125603864734,4.448470209339774,1.0064412238325282,3.683574879227053,2.4355877616747184,2.8247450348899625,,,,
79,32.33360171765969,52.39533011272142,4.428341384863124,0.9728931830381106,3.683574879227053,3.6366076221148687,2.5496511003757383,,,,
80,32.48792270531401,52.18733225979603,4.40150295222759,0.9728931830381106,3.656736446591519,3.750670960815888,2.5429414922168547,,,,
81,32.48792270531401,51.88539989264627,4.7168545356951155,0.9863123993558777,3.656736446591519,3.6902844873859366,2.5295222758990876,0.04696725711218465,,,
82,29.830917874396135,54.7638217928073,4.455179817498658,0.8252818035426731,3.5829307568438002,3.280998389694042,3.1065485775630703,0.04696725711218465,0.10735373054213634,,
83,29.965110037573805,54.63633923778851,4.4820182501341925,0.8252818035426731,3.5829307568438002,3.280998389694042,3.0730005367686526,0.04696725711218465,0.10735373054213634,,
84,29.777241009125067,53.54938271604938,4.85775630703167,1.0064412238325282,3.743961352657005,3.3145464304884595,3.5963499731615673,0.04696725711218465,0.10735373054213634,,
85,29.280730005367687,54.06602254428341,4.85775630703167,1.0064412238325282,3.797638217928073,3.3145464304884595,3.5225442834138487,0.04696725711218465,0.10735373054213634,,
86,29.032474503488995,51.23456790123457,8.870101986044014,1.0265700483091786,3.4420289855072466,2.952227589908749,3.2877079978529253,0.04696725711218465,0.10735373054213634,,
87,29.1935050993022,51.0601180891036,8.588298443370908,1.0265700483091786,3.4286097691894795,2.9253891572732154,3.280998389694042,0.04696725711218465,0.4495437466451959,,
88,29.341116478797638,50.87224906065486,8.588298443370908,1.0534084809447128,3.455448201825013,2.9253891572732154,3.2675791733762747,0.04696725711218465,0.4495437466451959,,
89,29.53569511540526,50.50322061191626,8.53462157809984,1.0534084809447128,3.488996242619431,3.1199677938808374,3.2675791733762747,0.04696725711218465,0.4495437466451959,,
90,29.643048845947398,50.375738056897475,8.53462157809984,1.0399892646269457,3.515834675254965,3.126677402039721,3.2675791733762747,0.04696725711218465,0.4495437466451959,,
91,29.696725711218466,50.30193236714976,8.53462157809984,1.0735373054213635,3.515834675254965,3.113258185721954,3.2675791733762747,0.04696725711218465,0.4495437466451959,,
92,29.502147074610843,50.4092860976919,8.521202361782072,1.0735373054213635,3.616478797638218,3.113258185721954,3.2675791733762747,0.04696725711218465,0.4495437466451959,,
93,29.55582393988191,50.32877079978529,8.507783145464305,1.0735373054213635,3.616478797638218,3.126677402039721,3.294417606011809,0.04696725711218465,0.4495437466451959,,
94,27.67042404723564,52.53623188405797,8.185721953837897,1.06682769726248,3.6500268384326353,3.1199677938808374,3.2742887815351582,0.04696725711218465,0.4495437466451959,,
95,27.75764895330113,51.831723027375205,8.13875469672571,1.8048845947396672,3.643317230273752,3.0595813204508855,3.2675791733762747,0.04696725711218465,0.4495437466451959,,
96,27.569779924852387,51.19431025228127,8.387010198604402,1.8048845947396672,3.569511540526033,3.743961352657005,3.2340311325818574,0.04696725711218465,0.4495437466451959,,
97,27.576489533011273,51.02657004830918,8.319914117015566,1.8048845947396672,3.851315083199141,3.7104133118625873,3.2139023081052067,0.04696725711218465,0.4495437466451959,,
98,27.509393451422437,50.986312399355874,8.440687063875469,1.8048845947396672,3.851315083199141,3.7104133118625873,3.2004830917874396,0.04696725711218465,0.4495437466451959,,
99,27.556360708534623,50.77160493827161,8.55475040257649,1.8317230273752012,3.878153515834675,3.7104133118625873,3.2004830917874396,0.04696725711218465,0.4495437466451959,,
100,27.677133655394524,50.72463768115942,8.501073537305421,1.8317230273752012,3.878153515834675,3.69699409554482,3.193773483628556,0.04696725711218465,0.4495437466451959,,
101,27.68384326355341,50.34219001610306,8.474235104669887,1.737788513150832,4.133118625872249,3.938539989264627,3.193773483628556,0.04696725711218465,0.4495437466451959,,
102,27.274557165861513,49.85909822866345,9.272678475577026,1.737788513150832,4.1129898013955986,4.119699409554482,3.126677402039721,0.04696725711218465,0.4495437466451959,,
103,26.939076757917338,49.12775093934514,10.124798711755233,1.737788513150832,4.3545356951154055,4.119699409554482,3.099838969404187,0.04696725711218465,0.4495437466451959,,
104,27.046430488459475,48.18840579710145,10.151637144390767,1.737788513150832,5.179817498658078,4.106280193236715,3.0931293612453032,0.04696725711218465,0.4495437466451959,,
105,27.194041867954912,48.047504025764894,10.0979602791197,1.7176596886741815,5.246913580246914,4.126409017713366,3.0864197530864197,0.04696725711218465,0.43612453032742887,,
106,27.254428341384862,47.678475577026305,10.050993022007514,2.033011272141707,5.246913580246914,4.126409017713366,3.0864197530864197,0.04696725711218465,0.47638217928073,,
107,26.912238325281802,46.826355340848096,11.406333870101985,1.9994632313472893,5.233494363929147,4.126409017713366,2.9388083735909825,0.04696725711218465,0.5099302200751477,,
108,27.046430488459475,46.63177670424047,11.600912506709609,1.9994632313472893,5.233494363929147,4.032474503488996,2.898550724637681,0.04696725711218465,0.5099302200751477,,
109,27.140365002683843,46.49087493290392,11.641170155662909,1.9994632313472893,5.253623188405797,4.019055287171229,2.898550724637681,0.04696725711218465,0.5099302200751477,,
110,27.194041867954912,46.423778851315085,11.614331723027375,1.9994632313472893,5.3341384863123995,4.019055287171229,2.85829307568438,0.04696725711218465,0.5099302200751477,,
111,27.26113794954375,46.28958668813741,11.58749329039184,2.033011272141707,5.340848094471283,4.072732152442297,2.85829307568438,0.04696725711218465,0.5099302200751477,,
112,27.314814814814813,45.229468599033815,11.500268384326356,2.033011272141707,5.146269457863661,5.367686527106817,2.8515834675254963,0.04696725711218465,0.5099302200751477,,
113,26.972624798711756,44.75979602791197,12.453032742887816,1.9994632313472893,5.166398282340311,5.246913580246914,2.844873859366613,0.04696725711218465,0.5099302200751477,,
114,27.160493827160494,44.618894256575416,12.432903918411165,1.9860440150295222,5.152979066022544,5.246913580246914,2.844873859366613,0.04696725711218465,0.5099302200751477,,
115,27.30139559849705,44.49141170155663,12.392646269457863,1.9860440150295222,5.139559849704777,5.300590445517981,2.831454643048846,0.04696725711218465,0.5099302200751477,,
116,27.334943639291467,44.457863660762214,12.392646269457863,1.9860440150295222,5.213365539452496,5.246913580246914,2.8113258185721954,0.04696725711218465,0.5099302200751477,,
117,27.26784755770263,44.0552871712292,12.27187332259796,2.26784755770263,5.495169082125604,5.166398282340311,2.952227589908749,0.04696725711218465,0.47638217928073,,
118,27.4020397208803,43.86741814278046,12.177938808373591,2.3215244229736984,5.555555555555555,5.139559849704777,2.952227589908749,0.04696725711218465,0.5367686527106817,,
119,27.334943639291467,43.344068706387546,12.177938808373591,2.9253891572732154,5.555555555555555,5.139559849704777,2.9388083735909825,0.04696725711218465,0.5367686527106817,,
120,27.388620504562535,43.303811057434245,12.164519592055823,2.9253891572732154,5.555555555555555,5.139559849704777,2.9388083735909825,0.04696725711218465,0.5367686527106817,,
121,27.563070316693505,43.08910359634997,12.27187332259796,2.898550724637681,5.555555555555555,5.166398282340311,2.871712292002147,0.04696725711218465,0.5367686527106817,,
122,27.636876006441224,42.93478260869565,12.258454106280194,2.898550724637681,5.548845947396672,5.320719269994632,2.818035426731079,0.04696725711218465,0.5367686527106817,,
123,27.74422973698336,42.76704240472356,12.25174449812131,2.871712292002147,5.528717122920021,5.448201825013419,2.804616210413312,0.04696725711218465,0.5367686527106817,,
124,27.932098765432098,42.56575415995706,12.218196457326892,2.844873859366613,5.562265163714439,5.441492216854535,2.818035426731079,0.04696725711218465,0.5367686527106817,0.03354804079441761,
125,27.9723564143854,42.42485238862051,12.278582930756844,2.844873859366613,5.60252281266774,5.441492216854535,2.818035426731079,0.04696725711218465,0.5367686527106817,0.03354804079441761,
126,28.153515834675254,42.1027911969941,12.224906065485776,2.844873859366613,5.8172302737520125,5.441492216854535,2.7979066022544283,0.04696725711218465,0.5367686527106817,0.03354804079441761,
127,26.959205582393988,43.29039184111648,11.98336017176597,2.831454643048846,5.790391841116479,5.441492216854535,3.0931293612453032,0.04696725711218465,0.5300590445517982,0.03354804079441761,
128,27.033011272141707,43.20987654320987,11.98336017176597,2.8113258185721954,5.864197530864198,5.428073000536768,3.0864197530864197,0.04696725711218465,0.5032206119162641,0.03354804079441761,
129,26.838432635534083,43.042136339237786,11.949812130971551,2.9924852388620504,5.864197530864198,5.428073000536768,3.3011272141706924,0.04696725711218465,0.5032206119162641,0.03354804079441761,
130,26.932367149758456,42.391304347826086,11.889425657541599,3.1065485775630703,5.622651637144391,5.421363392377885,4.086151368760064,0.04696725711218465,0.5032206119162641,,
131,26.878690284487387,42.15646806226516,11.889425657541599,3.4151905528717124,5.636070853462158,5.387815351583468,4.086151368760064,0.04696725711218465,0.5032206119162641,,
132,27.006172839506174,42.09608158883521,11.829039184111648,3.4151905528717124,5.656199677938808,5.360976918947934,4.086151368760064,0.04696725711218465,0.5032206119162641,,
133,27.100107353730543,41.908212560386474,11.81561996779388,3.4621578099838968,5.730005367686527,5.360976918947934,4.072732152442297,0.04696725711218465,0.5032206119162641,,
134,27.012882447665056,41.727053140096615,11.81561996779388,3.4621578099838968,6.011808910359635,5.360976918947934,4.05931293612453,0.04696725711218465,0.5032206119162641,,
135,26.643853998926463,41.45195920558239,12.721417069243156,3.435319377348363,6.005099302200751,5.166398282340311,4.025764895330113,0.04696725711218465,0.5032206119162641,,
136,26.54320987654321,41.116478797638216,12.86231884057971,3.670155662909286,6.031937734836285,5.173107890499195,4.052603327965647,0.04696725711218465,0.5032206119162641,,
137,26.455984970477726,39.57997852925389,12.848899624261943,5.407944176060118,5.958132045088567,5.146269457863661,4.052603327965647,0.04696725711218465,0.5032206119162641,,
138,26.442565754159958,39.049919484702095,12.855609232420827,5.293880837359098,6.4412238325281805,5.314009661835748,4.052603327965647,0.04696725711218465,0.5032206119162641,,
139,26.52308105206656,38.89559849704777,12.848899624261943,5.273752012882448,6.488191089640365,5.374396135265701,4.045893719806763,0.04696725711218465,0.5032206119162641,,
140,26.496242619431026,38.67418142780462,13.123993558776167,5.273752012882448,6.461352657004831,5.374396135265701,4.045893719806763,0.04696725711218465,0.5032206119162641,,
141,23.34272678475577,41.46537842190016,15.26435856146001,4.757112184648417,5.448201825013419,5.193236714975845,3.992216854535695,0.04696725711218465,0.48980139559849706,,
142,23.537305421363392,41.196994095544824,15.217391304347826,4.690016103059581,5.615942028985507,5.193236714975845,3.978797638217928,0.04696725711218465,0.5233494363929146,,
143,23.778851315083198,41.0024154589372,14.794685990338165,4.62962962962963,5.555555555555555,5.669618894256575,3.9720880300590444,0.04696725711218465,0.5501878690284487,,
144,23.89291465378422,40.86822329575953,14.774557165861514,4.730273752012883,5.522007514761138,5.642780461621041,3.9720880300590444,0.04696725711218465,0.5501878690284487,,
145,23.43666129898014,40.425389157273216,15.814546430488459,4.5960815888352125,5.46833064949007,5.649490069779925,3.9720880300590444,0.04696725711218465,0.5904455179817498,,
146,23.59098228663446,40.163714439076756,15.794417606011809,4.5960815888352125,5.642780461621041,5.595813204508857,3.9318303811057436,0.04696725711218465,0.6374127750939346,,
147,23.49033816425121,39.86849168008588,15.94873859366613,4.87788513150832,5.595813204508857,5.676328502415459,3.8580246913580245,0.04696725711218465,0.6374127750939346,,
148,23.63123993558776,39.79468599033817,15.868223295759528,4.85775630703167,5.58239398819109,5.8239398819108965,3.7640901771336552,0.04696725711218465,0.630703166935051,,
149,23.47691894793344,40.123456790123456,15.807836822329575,4.810789049919484,5.528717122920021,5.797101449275362,3.7775093934514223,0.04696725711218465,0.630703166935051,,
150,23.087761674718198,39.68733225979603,15.526033279656469,4.810789049919484,5.535426731078905,5.891035963499732,4.750402576489533,0.04696725711218465,0.6642512077294686,,
151,23.315888352120236,39.52630166398282,15.217391304347826,4.810789049919484,5.535426731078905,6.125872249060655,4.757112184648417,0.04696725711218465,0.6642512077294686,,
152,23.396403650026837,39.44578636607622,14.754428341384862,4.797369833601718,5.8239398819108965,6.045356951154052,4.602791196994096,0.04696725711218465,1.0869565217391304,,
153,23.49704777241009,39.32501341921632,14.687332259796028,4.884594739667204,5.8239398819108965,6.045356951154052,4.602791196994096,0.04696725711218465,1.0869565217391304,,
154,23.49704777241009,39.16398282340311,14.418947933440688,5.038915727321524,5.736714975845411,6.105743424584004,4.904723564143854,0.04696725711218465,1.0869565217391304,,
155,23.564143853998928,39.10359634997316,14.204240472356414,5.112721417069243,5.709876543209877,6.078904991948471,4.904723564143854,0.24825550187869028,1.0735373054213635,,
156,23.70504562533548,39.009661835748794,14.029790660225443,4.951690821256038,5.9514224369296835,6.045356951154052,4.87788513150832,0.4227053140096618,1.0064412238325282,,
157,23.161567364465917,37.80193236714976,14.868491680085883,4.951690821256038,6.367418142780462,5.884326355340848,5.495169082125604,0.4227053140096618,1.0466988727858293,,
158,23.15485775630703,37.714707461084274,14.848362855609233,5.179817498658078,6.300322061191626,5.884326355340848,5.448201825013419,0.4227053140096618,1.0466988727858293,,
159,23.329307568438004,37.2987117552335,15.331454643048845,5.179817498658078,6.300322061191626,6.132581857219538,4.9718196457326895,0.4227053140096618,1.0332796564680622,,
160,23.403113258185723,37.15780998389694,15.28448738593666,5.166398282340311,6.367418142780462,6.005099302200751,4.9718196457326895,0.4025764895330113,1.2412775093934514,,
161,23.483628556092324,37.0907139023081,15.163714439076758,5.166398282340311,6.394256575415996,5.971551261406334,4.99194847020934,0.4025764895330113,1.3352120236178207,,
162,23.463499731615673,36.68813741277509,15.11003757380569,5.60252281266774,6.454643048845948,5.9514224369296835,4.958400429414922,0.4025764895330113,1.3687600644122384,,
163,23.577563070316693,36.61433172302738,15.096618357487923,5.622651637144391,6.454643048845948,5.9514224369296835,4.938271604938271,0.4025764895330113,1.3419216317767042,,
164,23.577563070316693,35.909822866344605,15.042941492216855,5.542136339237788,6.461352657004831,5.790391841116479,5.984970477724101,0.4025764895330113,1.288244766505636,,
165,23.698336017176597,35.77563070316693,15.056360708534621,5.535426731078905,6.461352657004831,5.803811057434245,5.978260869565218,0.4025764895330113,1.288244766505636,,
166,23.66478797638218,35.238862050456255,15.170424047235642,5.709876543209877,6.736446591519055,5.797101449275362,5.991680085882985,0.4025764895330113,1.288244766505636,,
167,23.74530327428878,35.12479871175523,15.056360708534621,5.709876543209877,6.843800322061192,5.797101449275362,5.991680085882985,0.4025764895330113,1.328502415458937,,
168,23.805689747718734,35.25228126677402,14.935587761674718,5.689747718733226,6.796833064949007,5.797101449275362,5.991680085882985,0.4025764895330113,1.328502415458937,,
169,23.812399355877616,35.13150831991412,14.982555018786902,5.689747718733226,6.884057971014493,5.797101449275362,5.984970477724101,0.38915727321524424,1.328502415458937,,
170,19.048577563070317,45.98765432098765,11.41304347826087,4.87788513150832,6.937734836285561,5.139559849704777,5.045625335480408,0.322061191626409,1.2278582930756843,,
171,19.155931293612454,45.7662372517445,11.553945249597424,4.871175523349437,6.951154052603328,5.10601180891036,5.045625335480408,0.322061191626409,1.2278582930756843,,
172,19.202898550724637,45.551529790660226,11.406333870101985,4.851046698872786,7.132313472893183,5.065754159957058,5.300590445517981,0.322061191626409,1.1674718196457328,,
173,19.32367149758454,45.48443370907139,11.379495437466453,4.851046698872786,7.118894256575416,5.059044551798175,5.293880837359098,0.322061191626409,1.1674718196457328,,
174,19.310252281266774,45.06172839506173,11.379495437466453,4.884594739667204,7.521470746108427,5.059044551798175,5.293880837359098,0.322061191626409,1.1674718196457328,,
175,19.47799248523886,44.91411701556629,11.379495437466453,4.783950617283951,7.595276435856146,5.059044551798175,5.273752012882448,0.322061191626409,1.1943102522812667,,
176,19.75979602791197,44.867149758454104,11.218464841653248,4.783950617283951,7.568438003220612,5.052334943639291,5.24020397208803,0.322061191626409,1.1876006441223832,,
177,19.840311325818572,44.82018250134192,11.245303274288782,4.730273752012883,7.568438003220612,5.045625335480408,5.24020397208803,0.322061191626409,1.1876006441223832,,
178,19.95437466451959,44.7463768115942,11.218464841653248,4.7101449275362315,7.521470746108427,5.072463768115942,5.24020397208803,0.322061191626409,1.1876006441223832,0.026838432635534086,
179,20.148953301127214,44.598765432098766,11.05072463768116,4.690016103059581,7.521470746108427,5.0791733762748255,5.374396135265701,0.322061191626409,1.1876006441223832,0.026838432635534086,
180,20.128824476650564,44.498121309715515,11.030595813204508,4.864465915190553,7.50805152979066,5.0791733762748255,5.35426731078905,0.322061191626409,1.1876006441223832,0.026838432635534086,
181,20.29656468062265,44.337090713902306,10.997047772410092,4.904723564143854,7.494632313472893,5.0791733762748255,5.35426731078905,0.322061191626409,1.1876006441223832,0.026838432635534086,
182,20.12211486849168,44.00161030595813,10.742082662372518,5.3274288781535155,7.37385936661299,4.944981213097155,5.971551261406334,0.322061191626409,1.1674718196457328,0.026838432635534086,
183,20.088566827697264,43.43800322061192,11.010466988727858,5.300590445517981,7.695920558239399,4.944981213097155,5.9447128287707995,0.322061191626409,1.2278582930756843,0.026838432635534086,
184,20.202630166398283,43.283682232957595,10.963499731615673,5.273752012882448,7.796564680622652,4.931561996779388,5.931293612453032,0.322061191626409,1.2278582930756843,0.06709608158883522,
185,20.061728395061728,42.7938808373591,12.392646269457863,5.226784755770263,7.695920558239399,4.891304347826087,5.253623188405797,0.322061191626409,1.2278582930756843,0.13419216317767044,
186,20.169082125603865,42.76704240472356,12.392646269457863,5.193236714975845,7.695920558239399,4.87788513150832,5.193236714975845,0.322061191626409,1.2546967257112185,0.13419216317767044,
187,19.786634460547504,43.10252281266774,12.204777241009126,5.367686527106817,7.763016639828234,4.851046698872786,5.213365539452496,0.322061191626409,1.2546967257112185,0.13419216317767044,
188,16.31105743424584,48.429951690821255,9.77589908749329,5.381105743424584,7.62211486849168,4.7638217928073,6.0654857756307035,0.322061191626409,1.1943102522812667,0.13419216317767044,
189,16.364734299516908,48.35614600107354,9.728931830381105,5.414653784219001,7.944176060118089,4.555823939881911,6.011808910359635,0.322061191626409,1.1674718196457328,0.13419216317767044,
190,16.458668813741276,48.30246913580247,9.588030059044552,5.414653784219001,7.944176060118089,4.555823939881911,5.958132045088567,0.322061191626409,1.3217928073000538,0.13419216317767044,
191,16.59957058507783,48.128019323671495,9.561191626409018,5.414653784219001,7.9106280193236715,4.7101449275362315,5.931293612453032,0.2952227589908749,1.3150831991411702,0.13419216317767044,
192,16.57944176060118,48.24208266237252,9.554482018250134,5.381105743424584,7.87037037037037,4.690016103059581,5.9447128287707995,0.2952227589908749,1.3083735909822867,0.13419216317767044,
193,16.74718196457327,48.04079441760601,9.5276435856146,5.407944176060118,7.897208803005904,4.669887278582931,5.9447128287707995,0.2952227589908749,1.3352120236178207,0.13419216317767044,
194,16.847826086956523,47.96698872785829,9.520933977455716,5.407944176060118,7.863660762211487,4.683306494900698,5.9447128287707995,0.2952227589908749,1.3352120236178207,0.13419216317767044,
195,16.968599033816425,47.91331186258722,9.50751476113795,5.407944176060118,7.877079978529254,4.683306494900698,5.891035963499732,0.2952227589908749,1.3217928073000538,0.13419216317767044,
196,17.002147074610843,47.66505636070853,9.494095544820183,5.407944176060118,8.111916264090176,4.683306494900698,5.850778314546431,0.2952227589908749,1.3217928073000538,0.16774020397208803,
197,17.257112184648417,47.30273752012882,9.380032206119163,5.441492216854535,8.360171765968868,4.683306494900698,5.790391841116479,0.2952227589908749,1.3217928073000538,0.16774020397208803,
198,17.330917874396135,46.90016103059581,9.373322597960279,5.46833064949007,8.682232957595277,4.676596886741814,5.783682232957595,0.2952227589908749,1.3217928073000538,0.16774020397208803,
199,17.351046698872786,46.866612989801396,9.373322597960279,5.4549114331723025,8.722490606548577,4.676596886741814,5.891035963499732,0.2952227589908749,1.2010198604401503,0.16774020397208803,
200,17.042404723564143,47.20209339774557,9.346484165324744,5.401234567901234,8.78287707997853,4.669887278582931,5.917874396135265,0.2683843263553409,1.2010198604401503,0.16774020397208803,
201,17.07595276435856,47.094739667203434,9.158615136876007,5.401234567901234,8.769457863660762,4.951690821256038,5.938003220611916,0.2683843263553409,1.1741814278046163,0.16774020397208803,
202,17.290660225442835,46.947128287708,9.158615136876007,5.401234567901234,8.735909822866345,4.951690821256038,5.938003220611916,0.2683843263553409,1.1406333870101986,0.16774020397208803,
203,17.391304347826086,46.85990338164251,9.07139023081052,5.374396135265701,8.789586688137414,4.830917874396135,5.924584004294149,0.2683843263553409,1.1741814278046163,0.3153515834675255,
204,17.639559849704778,46.544551798174986,8.997584541062801,5.4549114331723025,8.883521202361782,4.824208266237251,5.897745571658615,0.2683843263553409,1.1741814278046163,0.3153515834675255,
205,17.70665593129361,46.303005904455176,8.984165324745035,5.488459473966721,9.078099838969404,4.783950617283951,5.897745571658615,0.2683843263553409,1.1741814278046163,0.3153515834675255,
206,17.767042404723565,46.05475040257649,8.970746108427267,5.481749865807837,9.286097691894794,4.783950617283951,5.897745571658615,0.2683843263553409,1.1741814278046163,0.3153515834675255,
207,17.98845947396672,45.860171765968865,8.890230810520666,5.555555555555555,9.185453569511541,4.783950617283951,5.931293612453032,0.2683843263553409,1.1741814278046163,0.3153515834675255,0.04696725711218465
208,18.109232420826622,45.78636607622115,8.890230810520666,5.555555555555555,9.145195920558239,4.777241009125067,5.931293612453032,0.2683843263553409,1.1741814278046163,0.3153515834675255,0.04696725711218465
209,18.156199677938808,45.35024154589372,8.816425120772946,5.71658615136876,9.037842190016104,5.401234567901234,5.917874396135265,0.2549651100375738,0.9863123993558777,0.3153515834675255,0.04696725711218465
210,18.243424584004295,45.249597423510465,8.816425120772946,5.6964573268921095,9.057971014492754,5.428073000536768,5.904455179817498,0.2549651100375738,0.9863123993558777,0.3153515834675255,0.04696725711218465
211,18.317230273752013,44.920826623725176,8.82313472893183,6.0654857756307035,9.091519055287172,5.428073000536768,5.750134192163178,0.2549651100375738,0.9863123993558777,0.3153515834675255,0.04696725711218465
212,18.33064949006978,44.68599033816425,8.80300590445518,6.394256575415996,9.057971014492754,5.428073000536768,5.662909286097692,0.2549651100375738,0.9796027911969941,0.35560923242082665,0.04696725711218465
213,18.471551261406333,44.57192699946323,8.789586688137414,6.387546967257112,9.07139023081052,5.414653784219001,5.662909286097692,0.2549651100375738,0.9728931830381106,0.35560923242082665,0.04696725711218465
214,18.57890499194847,44.50483091787439,8.769457863660762,6.407675791733762,9.03113258185722,5.414653784219001,5.662909286097692,0.2549651100375738,0.9728931830381106,0.35560923242082665,0.04696725711218465
215,18.82716049382716,43.666129898013956,8.702361782071927,6.360708534621578,8.749329039184111,6.407675791733762,5.656199677938808,0.2549651100375738,0.9728931830381106,0.35560923242082665,0.04696725711218465
216,18.988191089640367,43.565485775630705,8.68894256575416,6.374127750939345,8.735909822866345,6.374127750939345,5.642780461621041,0.2549651100375738,0.9728931830381106,0.35560923242082665,0.04696725711218465
217,18.840579710144926,43.263553408480945,8.682232957595277,6.119162640901771,8.675523349436393,6.347289318303811,6.461352657004831,0.2549651100375738,0.95276435856146,0.35560923242082665,0.04696725711218465
218,18.9345142243693,43.25013419216318,8.682232957595277,6.078904991948471,8.662104133118627,6.347289318303811,6.447933440687064,0.2549651100375738,0.9393451422436929,0.35560923242082665,0.04696725711218465
219,18.98148148148148,42.1027911969941,8.682232957595277,6.910896403650026,8.910359634997317,6.333870101986044,6.447933440687064,0.2549651100375738,0.9728931830381106,0.35560923242082665,0.04696725711218465
220,18.968062265163713,41.12989801395599,8.682232957595277,7.930756843800322,8.910359634997317,6.260064412238325,6.427804616210413,0.2549651100375738,1.0064412238325282,0.3824476650563607,0.04696725711218465
221,19.04186795491143,40.81454643048846,8.682232957595277,7.9106280193236715,9.185453569511541,6.260064412238325,6.414385399892646,0.2549651100375738,1.0064412238325282,0.3824476650563607,0.04696725711218465
222,19.223027375201287,40.62667740203972,8.682232957595277,7.9106280193236715,9.192163177670425,6.293612453032743,6.380837359098229,0.2549651100375738,1.0064412238325282,0.3824476650563607,0.04696725711218465
223,19.249865807836823,40.57300053676865,8.527911969940956,7.843531937734836,9.158615136876007,6.414385399892646,6.380837359098229,0.2549651100375738,1.1674718196457328,0.3824476650563607,0.04696725711218465
224,19.32367149758454,40.51932367149758,8.527911969940956,7.843531937734836,9.158615136876007,6.407675791733762,6.367418142780462,0.2549651100375738,1.1674718196457328,0.3824476650563607,0.04696725711218465
225,19.43773483628556,40.45222758990875,8.319914117015566,7.843531937734836,9.138486312399356,6.407675791733762,6.333870101986044,0.2549651100375738,1.3821792807300053,0.3824476650563607,0.04696725711218465
226,19.53166935050993,40.25093934514224,8.340042941492216,7.440955448201825,9.212292002147075,6.414385399892646,6.843800322061192,0.15432098765432098,1.3821792807300053,0.3824476650563607,0.04696725711218465
227,19.64573268921095,40.19726247987118,8.32662372517445,7.595276435856146,9.192163177670425,6.414385399892646,6.689479334406871,0.15432098765432098,1.3553408480944713,0.3824476650563607,0.04696725711218465
228,19.64573268921095,39.99597423510467,8.407139023081053,7.588566827697263,9.29951690821256,6.447933440687064,6.689479334406871,0.15432098765432098,1.3419216317767042,0.3824476650563607,0.04696725711218465
229,19.79334406870639,39.754428341384866,8.393719806763285,7.87037037037037,9.272678475577026,6.333870101986044,6.6760601180891035,0.15432098765432098,1.3217928073000538,0.3824476650563607,0.04696725711218465
230,19.900697799248523,39.32501341921632,8.387010198604402,7.742887815351583,9.50751476113795,6.494900697799249,6.769994632313473,0.15432098765432098,1.2949543746645196,0.3757380568974772,0.04696725711218465
231,19.692699946323135,39.44578636607622,8.561460010735374,7.7898550724637685,9.494095544820183,6.374127750939345,6.769994632313473,0.15432098765432098,1.2949543746645196,0.3757380568974772,0.04696725711218465
232,19.85373054213634,39.32501341921632,8.561460010735374,7.742887815351583,9.494095544820183,6.374127750939345,6.743156199677939,0.15432098765432098,1.2949543746645196,0.4092860976918948,0.04696725711218465
233,19.994632313472895,39.2512077294686,8.561460010735374,7.729468599033816,9.494095544820183,6.3137412775093935,6.716317767042405,0.15432098765432098,1.2949543746645196,0.4428341384863124,0.04696725711218465
234,19.96779388083736,38.808373590982285,8.55475040257649,8.373590982286634,9.534353193773484,6.199677938808374,6.709608158883521,0.15432098765432098,1.2949543746645196,0.35560923242082665,0.04696725711218465
235,20.068438003220614,38.49302200751476,8.467525496511003,8.709071390230811,9.574610842726784,6.172839506172839,6.662640901771336,0.15432098765432098,1.2949543746645196,0.35560923242082665,0.04696725711218465
236,19.81347289318304,37.68786902844874,8.393719806763285,8.709071390230811,9.950348899624261,6.937734836285561,6.655931293612453,0.15432098765432098,1.2949543746645196,0.35560923242082665,0.04696725711218465
237,19.961084272678477,37.56038647342995,8.353462157809984,8.789586688137414,9.943639291465379,6.89747718733226,6.655931293612453,0.15432098765432098,1.2815351583467525,0.35560923242082665,0.04696725711218465
238,20.081857219538378,37.32555018786903,8.407139023081053,8.776167471819646,10.23215244229737,6.629092860976919,6.642512077294686,0.15432098765432098,1.2815351583467525,0.4227053140096618,0.04696725711218465
239,20.135534084809446,37.31884057971015,8.387010198604402,8.776167471819646,10.245571658615138,6.629092860976919,6.629092860976919,0.15432098765432098,1.2546967257112185,0.4227053140096618,0.04696725711218465
240,20.182501341921633,37.25174449812131,8.373590982286634,8.776167471819646,10.285829307568438,6.629092860976919,6.595544820182502,0.15432098765432098,1.2546967257112185,0.4495437466451959,0.04696725711218465
241,20.108695652173914,36.580783682232955,8.373590982286634,8.856682769726248,10.312667740203972,6.629092860976919,7.232957595276436,0.15432098765432098,1.2546967257112185,0.4495437466451959,0.04696725711218465
242,20.12211486849168,36.574074074074076,8.380300590445518,8.870101986044014,10.299248523886206,6.629092860976919,7.219538378958669,0.15432098765432098,1.2546967257112185,0.4495437466451959,0.04696725711218465
243,20.128824476650564,36.25872249060655,8.373590982286634,8.870101986044014,10.63472893183038,6.635802469135802,7.192699946323135,0.15432098765432098,1.2546967257112185,0.4495437466451959,0.04696725711218465
244,20.30998389694042,36.05072463768116,8.3467525496511,8.856682769726248,10.701825013419215,6.615673644659152,7.192699946323135,0.15432098765432098,1.2748255501878691,0.4495437466451959,0.04696725711218465
