,45,50,55,51,53,56,52,54,57,58,59,60,61,46
0,88.53327965646807,11.466720343531938,,,,,,,,,,,,
1,80.03220611916264,19.847020933977454,0.12077294685990338,,,,,,,,,,,
2,79.48201825013419,16.780730005367687,0.14090177133655393,3.5628019323671496,0.03354804079441761,,,,,,,,,
3,66.3311862587225,28.67686527106817,1.3754696725711217,3.515834675254965,0.05367686527106817,0.04696725711218465,,,,,,,,
4,61.533816425120776,34.23913043478261,0.5636070853462157,3.515834675254965,0.05367686527106817,0.04696725711218465,0.04696725711218465,,,,,,,
5,58.1857219538379,37.56038647342995,0.5904455179817498,3.515834675254965,0.05367686527106817,0.04696725711218465,0.04696725711218465,,,,,,,
6,57.588566827697264,38.157541599570585,0.5904455179817498,3.515834675254965,0.05367686527106817,0.04696725711218465,0.04696725711218465,,,,,,,
7,52.40874932903918,43.25684380032206,0.6575415995705851,3.5292538915727323,0.05367686527106817,0.04696725711218465,0.04696725711218465,,,,,,,
8,43.646001073537306,50.4092860976919,0.8856682769726248,3.5292538915727323,0.05367686527106817,0.04696725711218465,1.221148684916801,0.20799785292538917,,,,,,
9,38.727858293075684,54.690016103059584,0.9393451422436929,5.01207729468599,0.05367686527106817,0.06038647342995169,0.30864197530864196,0.20799785292538917,,,,,,
10,33.279656468062264,57.380568974771876,1.2815351583467525,4.958400429414922,0.05367686527106817,0.06038647342995169,2.7777777777777777,0.20799785292538917,,,,,,
11,30.54213633923779,59.896672034353195,1.3888888888888888,4.998658078368224,0.05367686527106817,0.12077294685990338,2.791196994095545,0.20799785292538917,,,,,,
12,30.079173376274827,56.57541599570585,1.8518518518518519,7.0450885668276975,0.05367686527106817,0.12077294685990338,4.066022544283414,0.20799785292538917,,,,,,
13,25.85212023617821,59.292807300053674,2.0799785292538915,8.313204508856682,0.05367686527106817,0.12077294685990338,4.052603327965647,0.23483628556092323,,,,,,
14,22.24235104669887,59.21900161030596,2.24771873322598,11.83574879227053,0.020128824476650563,0.07380568974771873,4.052603327965647,0.30864197530864196,,,,,,
15,16.384863123993558,33.843263553408484,1.4895330112721417,45.06172839506173,0.30864197530864196,0.10064412238325282,2.5161030595813205,0.2952227589908749,,,,,,
16,16.472088030059044,33.59500805152979,1.6975308641975309,44.91411701556629,0.30864197530864196,0.18115942028985507,2.462426194310252,0.3153515834675255,0.05367686527106817,,,,,
17,16.49892646269458,33.54804079441761,1.7914653784219001,44.82018250134192,0.2885131508319914,0.2214170692431562,2.462426194310252,0.3153515834675255,0.05367686527106817,,,,,
18,16.029253891572733,32.367149758454104,1.7579173376274826,41.67337627482555,0.2885131508319914,0.2214170692431562,7.212828770799785,0.3488996242619431,0.10064412238325282,,,,,
19,16.022544283413847,31.031937734836287,1.8317230273752012,41.55260332796565,1.6170155662909287,0.28180354267310787,7.159151905528717,0.3488996242619431,0.15432098765432098,,,,,
20,16.089640365002683,30.83064949006978,2.5563607085346214,41.43183038110574,1.6170155662909287,0.3153515834675255,6.702898550724638,0.32877079978529256,0.1274825550187869,,,,,
21,16.243961352657006,30.756843800322063,2.7308105206655933,41.14331723027375,1.6170155662909287,0.3757380568974772,6.6760601180891035,0.32877079978529256,0.1274825550187869,,,,,
22,13.425925925925926,33.964036500268385,2.8247450348899625,40.86822329575953,1.6170155662909287,0.4495437466451959,6.353998926462695,0.32877079978529256,0.16774020397208803,,,,,
23,13.311862587224907,33.78958668813741,3.012614063338701,40.713902308105204,1.7579173376274826,0.5636070853462157,6.353998926462695,0.32877079978529256,0.16774020397208803,,,,,
24,10.587761674718196,38.419216317767045,3.079710144927536,39.65378421900161,1.8183038110574343,0.5300590445517982,5.448201825013419,0.3421900161030596,0.12077294685990338,,,,,
25,10.547504025764896,30.810520665593128,2.5563607085346214,41.84782608695652,1.8183038110574343,0.5971551261406334,11.392914653784219,0.30864197530864196,0.12077294685990338,,,,,
26,10.628019323671497,30.73671497584541,2.5697799248523885,41.76060118089104,1.8250134192163177,0.630703166935051,11.3593666129898,0.33548040794417605,0.15432098765432098,,,,,
27,10.513955984970478,30.495169082125603,2.6502952227589907,38.888888888888886,2.395330112721417,0.630703166935051,11.225174449812132,3.0193236714975846,0.1610305958132045,0.020128824476650563,,,,
28,10.601180891035963,30.42807300053677,2.999194847020934,38.446054750402574,2.428878153515835,0.6709608158883521,11.16478797638218,3.0193236714975846,0.2214170692431562,0.020128824476650563,,,,
29,9.5276435856146,28.75067096081589,2.898550724637681,41.5727321524423,2.187332259796028,0.7045088566827697,11.18491680085883,2.918679549114332,0.23483628556092323,0.020128824476650563,,,,
30,8.53462157809984,27.677133655394524,2.6033279656468062,35.54079441760601,2.1604938271604937,0.5099302200751477,20.081857219538378,2.3483628556092326,0.5233494363929146,0.020128824476650563,,,,
31,7.313472893183038,25.207997852925388,2.7106816961889426,40.552871712292,2.0933977455716586,0.4294149221685454,18.780193236714975,2.368491680085883,0.5233494363929146,0.020128824476650563,,,,
32,4.38137412775094,30.870907139023082,2.1403650026838434,34.6081588835212,2.006172839506173,1.0466988727858293,22.416800858829845,1.9457863660762211,0.5300590445517982,0.05367686527106817,,,,
33,4.2270531400966185,27.851583467525497,2.200751476113795,41.74718196457327,0.6977992485238862,1.133923778851315,19.712828770799785,1.9592055823939882,0.43612453032742887,0.03354804079441761,,,,
34,4.274020397208803,21.32313472893183,1.9860440150295222,48.36285560923242,0.6977992485238862,1.328502415458937,19.565217391304348,1.9592055823939882,0.46296296296296297,0.040257648953301126,,,,
35,4.448470209339774,20.725979602791195,2.61003757380569,47.87305421363392,0.6910896403650026,1.5432098765432098,19.55179817498658,1.9592055823939882,0.5166398282340311,0.08051529790660225,,,,
36,4.468599033816425,19.981213097155127,3.2742887815351582,47.638217928073,0.798443370907139,1.724369296833065,19.49812130971551,1.9927536231884058,0.5434782608695652,0.08051529790660225,,,,
37,4.468599033816425,19.981213097155127,3.2742887815351582,47.25577026301664,0.798443370907139,2.1068169618894257,19.108964036500268,2.3215244229736984,0.6038647342995169,0.08051529790660225,,,,
38,4.079441760601181,19.404186795491142,3.3816425120772946,46.71229200214707,0.798443370907139,2.1604938271604937,20.517981749865807,2.2946859903381642,0.5099302200751477,0.10735373054213634,0.03354804079441761,,,
39,3.824476650563607,18.53864734299517,2.703972088030059,51.019860440150296,3.240740740740741,2.1269457863660763,15.646806226516372,2.2946859903381642,0.46296296296296297,0.10735373054213634,0.03354804079441761,,,
40,3.8580246913580245,18.51851851851852,2.7106816961889426,50.925925925925924,3.240740740740741,2.1806226516371443,15.633387010198604,2.328234031132582,0.46296296296296297,0.10735373054213634,0.03354804079441761,,,
41,3.965378421900161,18.45813204508857,2.7509393451422435,50.68438003220612,3.240740740740741,2.3617820719269993,15.593129361245303,2.301395598497048,0.46296296296296297,0.13419216317767044,0.04696725711218465,,,
42,2.8918411164787976,15.237520128824476,2.3550724637681157,58.52120236178207,3.2877079978529253,2.006172839506173,13.580246913580247,1.724369296833065,0.28180354267310787,0.07380568974771873,0.040257648953301126,,,
43,2.6838432635534084,15.123456790123457,2.3886205045625335,53.696994095544824,3.2877079978529253,1.4559849704777241,19.243156199677937,1.724369296833065,0.28180354267310787,0.07380568974771873,0.040257648953301126,,,
44,2.6033279656468062,9.943639291465379,1.4626945786366077,54.6833064949007,3.280998389694042,3.2004830917874396,22.67176596886742,1.7042404723564144,0.28180354267310787,0.10064412238325282,0.040257648953301126,0.013419216317767043,0.013419216317767043,
45,2.6301663982823404,8.80300590445518,0.7112184648416533,59.064680622651636,4.367954911433173,2.4355877616747184,19.826892109500804,1.6774020397208802,0.35560923242082665,0.07380568974771873,0.040257648953301126,,0.013419216317767043,
46,2.690552871712292,8.749329039184111,0.798443370907139,58.97745571658615,4.374664519592056,2.428878153515835,19.82018250134192,1.6438539989264627,0.35560923242082665,0.07380568974771873,0.07380568974771873,,0.013419216317767043,
47,2.703972088030059,8.709071390230811,0.8319914117015567,58.756038647343,4.3478260869565215,2.4154589371980677,19.961084272678477,1.5432098765432098,0.5434782608695652,0.10064412238325282,0.05367686527106817,,0.03354804079441761,
48,2.791196994095545,8.695652173913043,0.8387010198604401,58.57487922705314,4.30756843800322,2.522812667740204,19.89398819108964,1.5230810520665594,0.6239935587761675,0.14090177133655393,0.05367686527106817,,0.03354804079441761,
49,2.6033279656468062,7.682501341921632,0.9192163177670424,57.18599033816425,4.260601180891036,2.7979066022544283,22.08132045088567,1.5096618357487923,0.7313472893183038,0.14090177133655393,0.05367686527106817,,0.03354804079441761,
50,2.6502952227589907,7.246376811594203,0.9796027911969941,58.15888352120236,3.421900161030596,2.9589371980676327,22.0276435856146,1.5096618357487923,0.7648953301127214,0.20128824476650564,0.04696725711218465,,0.03354804079441761,
51,2.6167471819645733,5.877616747181965,0.7581857219538379,65.5931293612453,3.408480944712829,3.2474503488996245,16.532474503488995,1.221148684916801,0.48980139559849706,0.20128824476650564,0.020128824476650563,,0.03354804079441761,
52,2.6838432635534084,5.803811057434245,0.8319914117015567,65.25093934514224,3.3682232957595275,3.549382716049383,16.445249597423512,1.221148684916801,0.5904455179817498,0.20128824476650564,0.020128824476650563,,0.03354804079441761,
53,2.771068169618894,5.803811057434245,0.8319914117015567,64.9020397208803,3.3682232957595275,3.81105743424584,16.31105743424584,1.2010198604401503,0.7045088566827697,0.2214170692431562,0.040257648953301126,,0.03354804079441761,
54,2.7777777777777777,5.790391841116479,0.8185721953837896,63.02334943639291,3.361513687600644,3.629898013955985,16.25067096081589,3.2675791733762747,0.7716049382716049,0.2214170692431562,0.040257648953301126,0.013419216317767043,0.03354804079441761,
55,2.885131508319914,5.730005367686527,0.8521202361782072,62.473161567364464,3.361513687600644,4.133118625872249,16.14331723027375,3.2675791733762747,0.8454106280193237,0.2214170692431562,0.040257648953301126,0.013419216317767043,0.03354804079441761,
56,2.952227589908749,5.709876543209877,0.8252818035426731,62.07058507783145,3.1602254428341383,4.26731078904992,16.57944176060118,3.2742887815351582,0.8454106280193237,0.2214170692431562,0.040257648953301126,0.020128824476650563,0.03354804079441761,
57,3.0394524959742353,5.709876543209877,0.9460547504025765,61.822329575952764,3.113258185721954,4.367954911433173,16.53918411164788,3.193773483628556,0.8722490606548577,0.2214170692431562,0.040257648953301126,0.10064412238325282,0.03354804079441761,
58,3.066290928609769,5.689747718733226,0.966183574879227,61.37949543746645,3.0864197530864197,4.757112184648417,16.49892646269458,3.193773483628556,0.9125067096081588,0.2214170692431562,0.0939345142243693,0.10064412238325282,0.03354804079441761,
59,2.8113258185721954,5.642780461621041,1.0735373054213635,67.6328502415459,1.4962426194310252,3.5963499731615673,13.613794954374665,3.1736446591519054,0.6910896403650026,0.13419216317767044,0.03354804079441761,0.10064412238325282,,
60,2.8650026838432634,5.609232420826624,1.1205045625335481,67.27053140096618,1.5633387010198605,3.8378958668813743,13.325281803542673,3.193773483628556,0.9460547504025765,0.13419216317767044,0.03354804079441761,0.10064412238325282,,
61,3.012614063338701,5.595813204508857,1.133923778851315,66.90150295222759,1.5633387010198605,4.180085882984434,13.24476650563607,3.1736446591519054,0.9460547504025765,0.13419216317767044,0.013419216317767043,0.10064412238325282,,
62,2.831454643048846,4.757112184648417,1.0534084809447128,68.12265163714439,1.596886741814278,3.9049919484702094,13.486312399355878,3.1870638754696725,0.8319914117015567,0.11406333870101985,0.013419216317767043,0.10064412238325282,,
63,2.589908749329039,3.435319377348363,3.0864197530864197,65.08319914117016,1.4224369296833066,3.750670960815888,12.983091787439614,6.494900697799249,0.9393451422436929,0.10064412238325282,0.013419216317767043,0.10064412238325282,,
64,2.6301663982823404,3.408480944712829,3.052871712292002,63.66076221148685,1.4224369296833066,3.717122920021471,15.552871712292003,5.595813204508857,0.7246376811594203,0.10064412238325282,0.013419216317767043,0.12077294685990338,,
65,2.6838432635534084,3.408480944712829,3.046162104133119,63.459473966720346,1.4224369296833066,3.8848631239935587,15.49248523886205,5.515297906602254,0.7917337627482555,0.14761137949543746,0.013419216317767043,0.13419216317767044,,
66,2.7442297369833604,3.3682232957595275,3.099838969404187,62.92270531400966,1.3955984970477724,3.9452495974235107,14.928878153515834,6.5552871712292005,0.7246376811594203,0.16774020397208803,0.013419216317767043,0.13419216317767044,,
67,2.831454643048846,3.3682232957595275,3.1333870101986045,62.52012882447665,1.3955984970477724,4.213633923778851,14.922168545356952,6.5552871712292005,0.7246376811594203,0.16774020397208803,0.03354804079441761,0.13419216317767044,,
68,2.85829307568438,3.3480944712828773,3.1333870101986045,62.473161567364464,1.3955984970477724,4.260601180891036,14.9020397208803,6.5485775630703165,0.7447665056360708,0.16774020397208803,0.03354804079441761,0.13419216317767044,,
69,2.8381642512077296,2.844873859366613,3.079710144927536,63.466183574879224,1.06682769726248,4.247181964573269,14.801395598497047,6.528448738593666,0.7917337627482555,0.16774020397208803,0.03354804079441761,0.13419216317767044,,
70,2.945517981749866,2.844873859366613,3.113258185721954,63.37224906065486,1.06682769726248,4.200214707461084,14.801395598497047,6.515029522275899,0.7917337627482555,0.16774020397208803,0.04696725711218465,0.13419216317767044,,
71,2.9790660225442833,2.844873859366613,3.113258185721954,63.27160493827161,1.06682769726248,4.26731078904992,14.700751476113794,6.515029522275899,0.8923778851315083,0.16774020397208803,0.04696725711218465,0.13419216317767044,,
72,3.0864197530864197,2.844873859366613,3.6768652710681695,62.151100375738054,1.06682769726248,4.40150295222759,15.143585614600108,6.515029522275899,0.7648953301127214,0.16774020397208803,0.04696725711218465,0.13419216317767044,,
73,3.180354267310789,2.8113258185721954,3.7037037037037037,62.01690821256039,1.0601180891035964,4.488727858293076,15.002683843263553,6.414385399892646,0.8252818035426731,0.28180354267310787,0.04696725711218465,0.16774020397208803,,
74,3.2340311325818574,2.8113258185721954,3.7104133118625873,61.93639291465379,1.0601180891035964,4.555823939881911,14.908749329039184,6.3070316693505095,0.8856682769726248,0.28180354267310787,0.0939345142243693,0.2147074610842727,,
75,2.999194847020934,2.6637144390767578,3.656736446591519,64.2914653784219,1.0802469135802468,4.334406870638754,13.425925925925926,6.179549114331723,0.798443370907139,0.2616747181964573,0.0939345142243693,0.2147074610842727,,
76,2.932098765432099,2.717391304347826,3.6634460547504024,63.768115942028984,1.1137949543746646,4.790660225442834,13.345410628019323,6.1862587224906065,0.8655394524959742,0.2616747181964573,0.0939345142243693,0.2616747181964573,,
77,3.0327428878153517,2.717391304347826,3.6634460547504024,63.53327965646806,1.1003757380568975,4.918142780461621,13.33870101986044,6.166129898013956,0.8722490606548577,0.2616747181964573,0.0939345142243693,0.30193236714975846,,
78,3.026033279656468,2.717391304347826,3.126677402039721,57.88378958668814,3.0193236714975846,4.736983360171766,17.753623188405797,5.971551261406334,0.966183574879227,0.20799785292538917,0.24154589371980675,0.3488996242619431,,
79,2.9723564143853998,2.703972088030059,3.079710144927536,56.28690284487386,2.985775630703167,4.898013955984971,19.30354267310789,5.756843800322061,1.1003757380568975,0.322061191626409,0.24154589371980675,0.3488996242619431,,
80,2.9924852388620504,2.3550724637681157,3.0730005367686526,52.804616210413315,6.843800322061192,4.851046698872786,19.155931293612454,5.662909286097692,1.3217928073000538,0.322061191626409,0.2683843263553409,0.3488996242619431,,
81,3.0327428878153517,2.341653247450349,3.0595813204508855,52.563070316693505,6.870638754696726,5.253623188405797,18.887546967257112,5.689747718733226,1.3620504562533549,0.322061191626409,0.2683843263553409,0.3488996242619431,,
82,3.026033279656468,2.341653247450349,3.0595813204508855,50.946054750402574,6.89747718733226,5.052334943639291,20.511272141706925,5.83064949006978,1.3955984970477724,0.322061191626409,0.2683843263553409,0.3488996242619431,,
83,3.099838969404187,2.2946859903381642,3.0595813204508855,49.080783682232955,9.386741814278047,4.690016103059581,20.095276435856146,5.803811057434245,1.5096618357487923,0.36231884057971014,0.2683843263553409,0.3488996242619431,,
84,3.240740740740741,2.2946859903381642,3.1535158346752548,48.57085346215781,9.29951690821256,5.0791733762748255,19.773215244229736,6.072195383789587,1.5432098765432098,0.3824476650563607,0.24154589371980675,0.3488996242619431,,
85,3.307836822329576,2.2879763821792807,4.40150295222759,47.47047772410091,9.286097691894794,4.924852388620504,19.652442297369834,6.072195383789587,1.5633387010198605,0.3824476650563607,0.27509393451422437,0.3757380568974772,,
86,2.844873859366613,2.2879763821792807,4.703435319377348,52.20746108427268,9.219001610305957,4.4753086419753085,16.914922168545356,5.092592592592593,1.3217928073000538,0.3488996242619431,0.23483628556092323,0.3488996242619431,,
87,2.8515834675254963,2.2879763821792807,4.7101449275362315,56.91760601180891,7.0383789586688135,4.622920021470746,14.600107353730541,5.092592592592593,1.0064412238325282,0.2952227589908749,0.23483628556092323,0.3421900161030596,,
88,2.8784219001610305,2.2879763821792807,4.757112184648417,56.13929146537842,6.9243156199677935,4.790660225442834,14.908749329039184,5.287171229200215,1.0265700483091786,0.2952227589908749,0.28180354267310787,0.4227053140096618,,
89,2.8918411164787976,2.2879763821792807,4.730273752012883,55.803811057434245,6.9310252281266775,5.159688674181428,14.828234031132581,5.273752012882448,1.0534084809447128,0.2952227589908749,0.30864197530864196,0.43612453032742887,,
90,2.9790660225442833,2.2879763821792807,4.730273752012883,55.723295759527645,6.823671497584541,5.233494363929147,14.828234031132581,5.273752012882448,1.0534084809447128,0.2952227589908749,0.33548040794417605,0.43612453032742887,,
91,2.898550724637681,2.2879763821792807,4.40150295222759,53.415190552871714,6.823671497584541,4.938271604938271,17.639559849704778,5.475040257648954,1.0735373054213635,0.2952227589908749,0.3153515834675255,0.43612453032742887,,
92,2.9052603327965647,2.2879763821792807,3.3145464304884595,52.42887815351583,6.447933440687064,4.683306494900698,20.43075684380032,5.374396135265701,1.093666129898014,0.28180354267310787,0.3153515834675255,0.43612453032742887,,
93,2.9723564143853998,2.2879763821792807,3.2877079978529253,52.24771873322598,6.447933440687064,4.851046698872786,20.38378958668814,5.374396135265701,1.1137949543746646,0.28180354267310787,0.3153515834675255,0.43612453032742887,,
94,2.6838432635534084,2.0933977455716586,3.2877079978529253,58.08507783145464,5.683038110574342,4.569243156199678,18.719806763285025,3.1333870101986045,1.0601180891035964,0.1610305958132045,0.16774020397208803,0.35560923242082665,,
95,2.7643585614600106,2.0933977455716586,3.307836822329576,57.90391841116479,5.709876543209877,4.609500805152979,18.5654857756307,3.1535158346752548,1.1876006441223832,0.1610305958132045,0.20128824476650564,0.3421900161030596,,
96,2.844873859366613,2.0933977455716586,3.280998389694042,57.078636607622116,6.367418142780462,4.770531400966184,18.45813204508857,3.166935050993022,1.1943102522812667,0.2147074610842727,0.1878690284487386,0.3421900161030596,,
97,2.7844873859366612,2.0531400966183573,3.240740740740741,62.56038647342995,6.347289318303811,4.87788513150832,13.519860440150294,2.9388083735909825,1.0064412238325282,0.1878690284487386,0.2214170692431562,0.2616747181964573,,
98,2.831454643048846,2.0531400966183573,3.240740740740741,62.043746645195924,6.347289318303811,5.401234567901234,13.479602791196994,2.85829307568438,1.0466988727858293,0.20128824476650564,0.2214170692431562,0.2616747181964573,0.013419216317767043,
99,2.818035426731079,2.0531400966183573,3.2139023081052067,55.40794417606012,15.398550724637682,5.5689747718733225,11.037305421363392,2.8247450348899625,0.9192163177670424,0.2616747181964573,0.2214170692431562,0.2616747181964573,0.013419216317767043,
100,2.8650026838432634,1.8853998926462694,3.978797638217928,54.8845947396672,15.304616210413311,5.783682232957595,11.023886205045626,2.6033279656468062,0.9460547504025765,0.2885131508319914,0.23483628556092323,0.1878690284487386,0.013419216317767043,
101,2.804616210413312,1.8719806763285025,3.81105743424584,48.28234031132582,15.411969940955448,4.911433172302737,18.666129898013956,2.563070316693505,0.9192163177670424,0.30864197530864196,0.24825550187869028,0.1878690284487386,0.013419216317767043,
102,2.8381642512077296,1.8719806763285025,3.8848631239935587,48.18169618894257,15.371712292002147,4.951690821256038,18.63929146537842,2.563070316693505,0.8990874932903918,0.3153515834675255,0.28180354267310787,0.1878690284487386,0.013419216317767043,
103,2.932098765432099,1.8719806763285025,3.911701556629093,48.03408480944713,15.304616210413311,5.072463768115942,18.5252281266774,2.5496511003757383,0.9259259259259259,0.38915727321524424,0.28180354267310787,0.1878690284487386,0.013419216317767043,
104,2.9790660225442833,1.8719806763285025,3.911701556629093,47.88647342995169,15.237520128824476,5.159688674181428,18.511808910359633,2.5496511003757383,0.9259259259259259,0.43612453032742887,0.30193236714975846,0.2147074610842727,0.013419216317767043,
105,3.052871712292002,1.8384326355340848,3.911701556629093,47.77241009125067,15.24422973698336,5.186527106816962,18.411164787976382,2.5831991411701556,1.0064412238325282,0.46296296296296297,0.30193236714975846,0.2147074610842727,0.013419216317767043,
106,3.1065485775630703,1.8384326355340848,3.878153515834675,47.718733225979605,15.190552871712292,5.2066559312936125,18.370907139023082,2.5831991411701556,1.0198604401502953,0.5032206119162641,0.35560923242082665,0.2147074610842727,0.013419216317767043,
107,3.1535158346752548,1.8384326355340848,3.864734299516908,47.24906065485776,15.203972088030058,5.662909286097692,18.303811057434245,2.6033279656468062,1.0332796564680622,0.5032206119162641,0.35560923242082665,0.2147074610842727,0.013419216317767043,
108,3.166935050993022,1.8585614600107354,3.9049919484702094,46.2157809983897,15.177133655394526,6.649221685453569,18.250134192163177,2.5966183574879227,1.0601180891035964,0.5367686527106817,0.35560923242082665,0.2147074610842727,0.013419216317767043,
109,3.207192699946323,1.8585614600107354,3.844605475040258,46.16881374127751,15.177133655394526,6.6760601180891035,18.230005367686527,2.5966183574879227,1.0601180891035964,0.5367686527106817,0.41599570585077833,0.2147074610842727,0.013419216317767043,
110,3.240740740740741,1.8585614600107354,3.8378958668813743,46.02120236178207,15.203972088030058,6.756575415995706,18.230005367686527,2.61003757380569,1.0601180891035964,0.5367686527106817,0.41599570585077833,0.2147074610842727,0.013419216317767043,
111,3.260869565217391,1.8585614600107354,3.8378958668813743,45.95410628019324,15.069779924852389,6.816961889425658,18.209876543209877,2.623456790123457,1.06682769726248,0.6575415995705851,0.41599570585077833,0.2147074610842727,0.013419216317767043,
112,3.33467525496511,1.8585614600107354,3.824476650563607,45.54482018250134,15.056360708534621,7.380568974771873,17.98174986580784,2.623456790123457,1.06682769726248,0.6843800322061192,0.41599570585077833,0.2147074610842727,0.013419216317767043,
113,3.3950617283950617,1.8585614600107354,3.797638217928073,45.2361782071927,14.969135802469136,7.689210950080516,17.901234567901234,2.623456790123457,1.1607622114868492,0.6709608158883521,0.4428341384863124,0.2147074610842727,0.040257648953301126,
114,3.5292538915727323,1.8585614600107354,3.8311862587224907,45.209339774557165,14.9020397208803,7.608695652173913,17.834138486312398,2.636876006441224,1.1540526033279657,0.7112184648416533,0.4428341384863124,0.2147074610842727,0.06709608158883522,
115,3.488996242619431,1.8250134192163177,3.878153515834675,45.02147074610843,14.371980676328503,7.648953301127214,18.5252281266774,2.6435856146001075,1.1607622114868492,0.7112184648416533,0.4428341384863124,0.2147074610842727,0.06709608158883522,
116,3.535963499731616,1.8250134192163177,3.8714439076757916,44.85373054213634,14.318303811057435,7.709339774557166,18.511808910359633,2.636876006441224,1.2681159420289856,0.7112184648416533,0.4428341384863124,0.2147074610842727,0.10064412238325282,
117,3.656736446591519,1.8384326355340848,3.851315083199141,44.80005367686527,14.244498121309716,7.7361782071927,18.42458400429415,2.636876006441224,1.2681159420289856,0.785024154589372,0.4428341384863124,0.2147074610842727,0.10064412238325282,
118,3.6500268384326353,1.8115942028985508,3.0730005367686526,43.63258185721954,14.190821256038648,7.669082125603865,20.705850778314545,2.61003757380569,1.2546967257112185,0.7045088566827697,0.4227053140096618,0.17444981213097155,0.10064412238325282,
119,3.6366076221148687,1.8115942028985508,3.2139023081052067,45.25630703166935,13.915727321524423,7.769726247987117,18.96135265700483,2.918679549114332,1.1272141706924315,0.6910896403650026,0.4227053140096618,0.17444981213097155,0.10064412238325282,
120,3.6500268384326353,1.8048845947396672,3.2541599570585076,45.10198604401503,13.935856146001074,7.809983896940419,18.907675791733762,2.9253891572732154,1.1674718196457328,0.7447665056360708,0.4227053140096618,0.17444981213097155,0.10064412238325282,
121,3.6768652710681695,1.8048845947396672,3.2742887815351582,44.947665056360705,13.855340848094471,7.924047235641439,18.833870101986044,2.9052603327965647,1.328502415458937,0.7380568974771873,0.4227053140096618,0.17444981213097155,0.11406333870101985,
122,3.6902844873859366,1.7981749865807837,3.3682232957595275,41.720343531937736,13.593666129898015,7.890499194847021,22.18196457326892,2.918679549114332,1.4694041867954912,0.6575415995705851,0.4227053140096618,0.17444981213097155,0.11406333870101985,
123,3.7775093934514223,1.7646269457863661,4.7101449275362315,40.92190016103059,13.580246913580247,7.917337627482555,21.430488459473967,2.9388083735909825,1.5633387010198605,0.6843800322061192,0.4227053140096618,0.17444981213097155,0.11406333870101985,
124,3.8915727321524423,1.7646269457863661,4.736983360171766,40.79441760601181,13.546698872785829,7.977724100912507,21.390230810520666,2.9388083735909825,1.5633387010198605,0.7112184648416533,0.4227053140096618,0.17444981213097155,0.08722490606548577,
125,3.9989264626945786,1.751207729468599,5.005367686527107,40.37842190016103,13.513150831991412,8.024691358024691,21.289586688137412,2.952227589908749,1.6035963499731616,0.7648953301127214,0.4227053140096618,0.14090177133655393,0.12077294685990338,0.03354804079441761
126,4.019055287171229,1.751207729468599,5.065754159957058,40.29119699409554,13.493022007514762,8.085077831454644,21.26274825550188,2.9119699409554483,1.6505636070853462,0.7380568974771873,0.43612453032742887,0.14090177133655393,0.12077294685990338,0.03354804079441761
127,4.106280193236715,1.7444981213097155,5.173107890499195,40.01610305958132,13.439345142243694,8.32662372517445,21.18894256575416,2.898550724637681,1.583467525496511,0.7917337627482555,0.43612453032742887,0.14090177133655393,0.12077294685990338,0.03354804079441761
128,4.092860976918948,1.7176596886741815,5.193236714975845,39.90874932903918,13.378958668813741,8.407139023081053,20.860171765968868,3.240740740740741,1.596886741814278,0.8722490606548577,0.43612453032742887,0.14090177133655393,0.12077294685990338,0.03354804079441761
129,4.086151368760064,1.7176596886741815,5.2066559312936125,41.47208803005905,13.33870101986044,8.427267847557703,19.30354267310789,3.240740740740741,1.5901771336553945,0.8856682769726248,0.43612453032742887,0.14090177133655393,0.12077294685990338,0.03354804079441761
130,4.0995705850778315,1.7176596886741815,5.273752012882448,41.33118625872249,13.33870101986044,8.621846484165324,19.269994632313473,3.1870638754696725,1.570048309178744,0.8856682769726248,0.4092860976918948,0.14090177133655393,0.12077294685990338,0.03354804079441761
131,4.1532474503489,1.7176596886741815,5.287171229200215,41.12989801395599,13.33870101986044,8.722490606548577,19.189479334406872,3.1870638754696725,1.6841116478797638,0.8856682769726248,0.4092860976918948,0.14090177133655393,0.12077294685990338,0.03354804079441761
132,4.133118625872249,1.724369296833065,5.662909286097692,41.08964036500269,13.20450885668277,8.722490606548577,19.04186795491143,3.1870638754696725,1.6304347826086956,0.9125067096081588,0.39586688137412773,0.14090177133655393,0.12077294685990338,0.03354804079441761
133,4.206924315619967,1.724369296833065,5.662909286097692,41.056092324208265,13.177670424047236,8.722490606548577,19.028448738593667,3.1870638754696725,1.6035963499731616,0.9393451422436929,0.39586688137412773,0.14090177133655393,0.12077294685990338,0.03354804079441761
134,4.133118625872249,1.724369296833065,5.522007514761138,40.88835212023618,13.399087493290391,8.769457863660762,18.98148148148148,3.2541599570585076,1.6975308641975309,0.9393451422436929,0.39586688137412773,0.14090177133655393,0.12077294685990338,0.03354804079441761
135,4.133118625872249,1.724369296833065,5.488459473966721,40.52603327965647,13.063607085346217,9.084809447128288,18.947933440687063,3.6097691894793345,1.7176596886741815,0.9796027911969941,0.38915727321524424,0.18115942028985507,0.12077294685990338,0.03354804079441761
136,4.106280193236715,1.724369296833065,5.4549114331723025,42.76704240472356,13.063607085346217,8.984165324745035,16.908212560386474,3.5963499731615673,1.7310789049919484,0.9393451422436929,0.38915727321524424,0.18115942028985507,0.12077294685990338,0.03354804079441761
137,4.133118625872249,1.7176596886741815,5.810520665593129,42.632850241545896,13.077026301663983,8.856682769726248,16.794149221685455,3.5963499731615673,1.7176596886741815,0.9393451422436929,0.38915727321524424,0.18115942028985507,0.12077294685990338,0.03354804079441761
138,4.166666666666667,1.7176596886741815,5.8172302737520125,42.43827160493827,12.97638217928073,9.01100375738057,16.61969940955448,3.535963499731616,1.8518518518518519,1.0332796564680622,0.49651100375738055,0.18115942028985507,0.12077294685990338,0.03354804079441761
139,3.898282340311326,1.5163714439076759,5.475040257648954,39.392109500805155,13.882179280730005,8.78287707997853,16.472088030059044,6.796833064949007,1.9189479334406871,1.0332796564680622,0.49651100375738055,0.18115942028985507,0.12077294685990338,0.03354804079441761
140,3.978797638217928,1.5163714439076759,5.495169082125604,39.27804616210413,13.714439076757918,8.80300590445518,16.29092860976919,6.78341384863124,2.2410091250670963,1.0802469135802468,0.47638217928073,0.18115942028985507,0.1274825550187869,0.03354804079441761
141,4.012345679012346,1.5163714439076759,5.555555555555555,39.16398282340311,13.654052603327965,8.84326355340848,16.25067096081589,6.763285024154589,2.254428341384863,1.1674718196457328,0.47638217928073,0.18115942028985507,0.1274825550187869,0.03354804079441761
142,3.549382716049383,1.5163714439076759,4.757112184648417,43.75335480407944,13.39237788513151,6.904186795491143,15.33816425120773,6.702898550724638,2.1135265700483092,1.2144390767579174,0.47638217928073,0.1878690284487386,0.06038647342995169,0.03354804079441761
143,3.6768652710681695,1.5096618357487923,4.797369833601718,43.545356951154055,13.385668276972625,6.984702093397746,15.324745034889963,6.729736983360172,2.0799785292538915,1.1943102522812667,0.47638217928073,0.1878690284487386,0.07380568974771873,0.03354804079441761
144,3.7037037037037037,1.5096618357487923,4.790660225442834,43.45142243692968,13.325281803542673,7.071926999463232,15.257648953301127,6.702898550724638,2.1403650026838434,1.247987117552335,0.47638217928073,0.2147074610842727,0.07380568974771873,0.03354804079441761
145,3.7372517444981215,1.5096618357487923,4.797369833601718,43.384326355340846,13.298443370907139,7.219538378958669,15.103327965646805,6.6760601180891035,2.167203435319377,1.288244766505636,0.47638217928073,0.23483628556092323,0.07380568974771873,0.03354804079441761
146,3.784219001610306,1.5096618357487923,4.757112184648417,42.73349436392915,13.264895330112722,7.9106280193236715,15.056360708534621,6.6760601180891035,2.1940418679549114,1.2949543746645196,0.47638217928073,0.23483628556092323,0.07380568974771873,0.03354804079441761
147,3.616478797638218,1.5096618357487923,4.455179817498658,40.955448201825014,15.60654857756307,7.669082125603865,14.412238325281804,7.6556629092860975,2.086688137412775,1.2345679012345678,0.47638217928073,0.2281266774020397,0.06038647342995169,0.03354804079441761
148,3.743961352657005,1.5096618357487923,4.690016103059581,40.727321524422976,15.365002683843263,7.695920558239399,14.345142243692969,7.776435856146001,2.100107353730542,1.2345679012345678,0.48980139559849706,0.2281266774020397,0.06038647342995169,0.03354804079441761
149,3.750670960815888,1.5096618357487923,4.723564143853999,40.687063875469676,15.28448738593666,7.695920558239399,14.331723027375201,7.816693505099302,2.1135265700483092,1.288244766505636,0.47638217928073,0.2281266774020397,0.06038647342995169,0.03354804079441761
150,3.8177670424047236,1.5096618357487923,4.8376274825550185,40.445517981749866,15.304616210413311,7.682501341921632,14.298174986580785,7.830112721417069,2.167203435319377,1.3083735909822867,0.47638217928073,0.2281266774020397,0.06038647342995169,0.03354804079441761
151,3.8848631239935587,1.5096618357487923,4.757112184648417,40.183843263553406,15.26435856146001,7.85024154589372,14.237788513150832,7.85024154589372,2.187332259796028,1.3419216317767042,0.5300590445517982,0.30864197530864196,0.06038647342995169,0.03354804079441761
152,3.9586688137412773,1.5096618357487923,4.918142780461621,40.00939345142244,15.24422973698336,7.75630703166935,14.217659688674182,7.977724100912507,2.1269457863660763,1.3419216317767042,0.5367686527106817,0.30864197530864196,0.06038647342995169,0.03354804079441761
153,3.9989264626945786,1.5096618357487923,4.87788513150832,39.78797638217928,15.257648953301127,7.897208803005904,14.17740203972088,7.957595276435856,2.147074610842727,1.3754696725711217,0.6105743424584005,0.30864197530864196,0.06038647342995169,0.03354804079441761
154,4.012345679012346,1.5096618357487923,4.87788513150832,39.68733225979603,15.257648953301127,7.803274288781535,14.17740203972088,8.11862587224906,2.1806226516371443,1.3620504562533549,0.6105743424584005,0.30864197530864196,0.06038647342995169,0.03354804079441761
155,4.1129898013955986,1.5096618357487923,4.8443370907139025,39.57326892109501,15.143585614600108,7.997852925389157,14.029790660225443,8.111916264090176,2.2342995169082127,1.415727321524423,0.6239935587761675,0.30864197530864196,0.06038647342995169,0.03354804079441761
156,3.7372517444981215,1.402308105206656,4.790660225442834,42.93478260869565,15.076489533011273,7.816693505099302,12.97638217928073,7.065217391304348,1.7646269457863661,1.4559849704777241,0.5770263016639828,0.30864197530864196,0.06038647342995169,0.03354804079441761
157,3.7909286097691894,1.402308105206656,4.790660225442834,42.84084809447128,15.042941492216855,7.830112721417069,12.95625335480408,7.065217391304348,1.7646269457863661,1.4962426194310252,0.6172839506172839,0.30864197530864196,0.06038647342995169,0.03354804079441761
158,3.8177670424047236,1.42914653784219,4.871175523349437,42.80059044551798,14.868491680085883,7.816693505099302,12.875738056897477,7.03166935050993,1.7646269457863661,1.6706924315619969,0.6508319914117016,0.30864197530864196,0.06038647342995169,0.03354804079441761
159,3.911701556629093,1.42914653784219,4.85775630703167,42.64626945786366,14.761137949543746,7.98443370907139,12.808641975308642,7.018250134192163,1.8115942028985508,1.7042404723564144,0.6642512077294686,0.30864197530864196,0.06038647342995169,0.03354804079441761
160,4.025764895330113,1.42914653784219,4.824208266237251,42.48523886205046,14.78797638217928,8.038110574342458,12.76838432635534,7.004830917874396,1.8719806763285025,1.710950080515298,0.6374127750939346,0.30864197530864196,0.07380568974771873,0.03354804079441761
161,3.965378421900161,1.42914653784219,4.8376274825550185,41.599570585077835,14.009661835748792,7.796564680622652,15.009393451422437,6.937734836285561,1.7914653784219001,1.570048309178744,0.6374127750939346,0.30864197530864196,0.07380568974771873,0.03354804079441761
162,4.019055287171229,1.42914653784219,4.8376274825550185,41.5727321524423,13.989533011272142,7.823403113258186,14.955716586151368,6.904186795491143,1.8451422436929683,1.570048309178744,0.6374127750939346,0.30864197530864196,0.07380568974771873,0.03354804079441761
163,4.092860976918948,1.42914653784219,4.871175523349437,41.40499194847021,14.016371443907676,7.856951154052603,14.962426194310252,6.910896403650026,1.8317230273752012,1.570048309178744,0.6374127750939346,0.30864197530864196,0.07380568974771873,0.03354804079441761
164,4.159957058507783,1.4224369296833066,4.931561996779388,41.25067096081589,14.009661835748792,7.924047235641439,14.848362855609233,6.877348362855609,1.9457863660762211,1.5633387010198605,0.6508319914117016,0.30864197530864196,0.07380568974771873,0.03354804079441761
165,4.166666666666667,1.4224369296833066,4.944981213097155,41.1634460547504,13.989533011272142,7.950885668276973,14.834943639291465,6.9243156199677935,1.9726247987117553,1.5633387010198605,0.6508319914117016,0.30864197530864196,0.07380568974771873,0.03354804079441761
166,4.180085882984434,1.4224369296833066,4.998658078368224,40.94873859366613,14.070048309178745,8.017981749865807,14.80810520665593,6.890767579173376,2.033011272141707,1.5297906602254427,0.6843800322061192,0.30864197530864196,0.07380568974771873,0.03354804079441761
167,4.260601180891036,1.4224369296833066,4.938271604938271,40.87493290391841,13.821792807300053,8.225979602791197,14.734299516908212,6.863929146537842,2.1739130434782608,1.570048309178744,0.6977992485238862,0.30864197530864196,0.07380568974771873,0.03354804079441761
168,4.30756843800322,1.4224369296833066,4.951690821256038,40.84138486312399,13.821792807300053,8.246108427267847,14.700751476113794,6.863929146537842,2.1403650026838434,1.5901771336553945,0.6977992485238862,0.30864197530864196,0.07380568974771873,0.03354804079441761
169,4.3545356951154055,1.4224369296833066,5.059044551798175,40.72061191626409,13.774825550187868,8.219269994632313,14.673913043478262,6.863929146537842,2.1604938271604937,1.6371443907675791,0.6977992485238862,0.30864197530864196,0.07380568974771873,0.03354804079441761
170,4.435050993022007,1.4224369296833066,5.025496511003757,40.4320987654321,13.801663982823403,8.433977455716587,14.647074610842727,6.850509930220075,2.1604938271604937,1.6774020397208802,0.6977992485238862,0.30864197530864196,0.07380568974771873,0.03354804079441761
171,4.42163177670424,1.4224369296833066,5.065754159957058,40.385131508319915,13.801663982823403,8.474235104669887,14.506172839506172,6.910896403650026,2.2208803005904456,1.6774020397208802,0.6977992485238862,0.30864197530864196,0.07380568974771873,0.03354804079441761
172,4.441760601180891,1.4224369296833066,5.0791733762748255,40.22410091250671,13.774825550187868,8.702361782071927,14.445786366076222,6.937734836285561,2.1940418679549114,1.6774020397208802,0.6843800322061192,0.30864197530864196,0.07380568974771873,0.03354804079441761
