,45,50,52,55,51,53,54,56,59,60,57,58,61,46
0,95.33011272141707,4.669887278582931,,,,,,,,,,,,
1,93.02200751476114,6.977992485238862,,,,,,,,,,,,
2,92.82742887815351,7.1725711218464845,,,,,,,,,,,,
3,92.44498121309715,7.555018786902845,,,,,,,,,,,,
4,91.68679549114331,8.313204508856682,,,,,,,,,,,,
5,91.06280193236715,8.82313472893183,0.11406333870101985,,,,,,,,,,,
6,89.17740203972087,10.36634460547504,0.11406333870101985,0.3421900161030596,,,,,,,,,,
7,87.67444981213097,11.869296833064949,0.11406333870101985,0.3421900161030596,,,,,,,,,,
8,83.9975845410628,15.546162104133119,0.11406333870101985,0.3421900161030596,,,,,,,,,,
9,83.03811057434245,16.505636070853463,0.11406333870101985,0.3421900161030596,,,,,,,,,,
10,81.90418679549114,17.458400429414922,0.2952227589908749,0.3421900161030596,,,,,,,,,,
11,80.0925925925926,19.061996779388085,0.2952227589908749,0.3421900161030596,0.20799785292538917,,,,,,,,,
12,76.00644122383252,23.13472893183038,0.2952227589908749,0.35560923242082665,0.20799785292538917,,,,,,,,,
13,73.62453032742887,25.51663982823403,0.2952227589908749,0.35560923242082665,0.20799785292538917,,,,,,,,,
14,70.1959205582394,29.24718196457327,0.2952227589908749,0.013419216317767043,0.20799785292538917,0.040257648953301126,,,,,,,,
15,39.83494363929147,59.27938808373591,0.30864197530864196,0.32877079978529256,0.20799785292538917,0.040257648953301126,,,,,,,,
16,39.88862050456253,58.984165324745035,0.30864197530864196,0.5703166935050993,0.20799785292538917,0.040257648953301126,,,,,,,,
17,39.92887815351583,55.441492216854535,0.30864197530864196,0.5703166935050993,0.20799785292538917,0.040257648953301126,3.3413848631239937,0.1610305958132045,,,,,,
18,39.97584541062802,55.36768652710682,0.30864197530864196,0.5837359098228664,0.20799785292538917,0.05367686527106817,3.3413848631239937,0.1610305958132045,,,,,,
19,39.56655931293612,54.46188942565754,0.30864197530864196,1.2815351583467525,0.785024154589372,0.05367686527106817,3.3413848631239937,0.1610305958132045,0.040257648953301126,,,,,
20,39.13714439076758,53.636607622114866,0.30864197530864196,1.4761137949543746,1.8451422436929683,0.05367686527106817,3.3413848631239937,0.1610305958132045,0.040257648953301126,,,,,
21,39.049919484702095,53.40177133655394,0.30864197530864196,1.7176596886741815,1.9256575415995705,0.05367686527106817,3.3413848631239937,0.1610305958132045,0.040257648953301126,,,,,
22,39.04320987654321,53.247450348899626,0.30864197530864196,1.8786902844873858,1.9256575415995705,0.05367686527106817,3.3413848631239937,0.1610305958132045,0.040257648953301126,,,,,
23,39.150563607085346,51.207729468599034,0.30864197530864196,3.8311862587224907,1.90552871712292,0.05367686527106817,3.3413848631239937,0.1610305958132045,0.040257648953301126,,,,,
24,39.14385399892646,50.919216317767045,0.30864197530864196,3.898282340311326,2.13365539452496,0.05367686527106817,3.3413848631239937,0.1610305958132045,0.040257648953301126,,,,,
25,39.150563607085346,50.85882984433709,0.30864197530864196,4.05931293612453,2.0263016639828235,0.05367686527106817,3.3413848631239937,0.1610305958132045,0.040257648953301126,,,,,
26,34.977187332259795,62.02361782071927,0.2885131508319914,0.7380568974771873,1.9189479334406871,0.05367686527106817,,,,,,,,
27,35.05099302200752,58.01798174986581,0.2885131508319914,4.669887278582931,1.9189479334406871,0.05367686527106817,,,,,,,,
28,34.38003220611916,57.15915190552872,0.5971551261406334,4.669887278582931,2.7844873859366612,0.16774020397208803,0.24154589371980675,,,,,,,
29,34.46725711218465,56.94444444444444,0.5971551261406334,4.797369833601718,2.7844873859366612,0.16774020397208803,0.24154589371980675,,,,,,,
30,33.23268921095008,55.05904455179817,0.5971551261406334,4.9718196457326895,5.71658615136876,0.16774020397208803,0.2549651100375738,,,,,,,
31,33.24610842726785,54.53569511540526,0.5971551261406334,5.287171229200215,5.709876543209877,0.36902844873859364,0.2549651100375738,,,,,,,
32,33.11862587224906,52.10010735373054,0.6575415995705851,6.78341384863124,6.729736983360172,0.36902844873859364,0.24154589371980675,,,,,,,
33,31.729736983360173,49.25523349436393,4.17337627482555,7.494632313472893,6.709608158883521,0.36902844873859364,0.24154589371980675,,,0.026838432635534086,,,,
34,31.830381105743424,49.033816425120776,4.17337627482555,7.615405260332796,6.709608158883521,0.36902844873859364,0.24154589371980675,,,0.026838432635534086,,,,
35,31.85721953837896,49.020397208803004,4.139828234031133,7.608695652173913,6.709608158883521,0.39586688137412773,0.24154589371980675,,,0.026838432635534086,,,,
36,31.82367149758454,46.55126140633387,3.9855072463768115,9.957058507783145,6.649221685453569,0.38915727321524424,0.5032206119162641,0.040257648953301126,,0.026838432635534086,0.07380568974771873,,,
37,31.662640901771336,46.745840042941495,3.9855072463768115,9.923510466988727,6.649221685453569,0.38915727321524424,0.5032206119162641,0.040257648953301126,,0.026838432635534086,0.07380568974771873,,,
38,29.106280193236714,48.32259796027912,3.81105743424584,10.446859903381643,6.615673644659152,0.38915727321524424,0.8454106280193237,0.2147074610842727,,0.026838432635534086,0.2214170692431562,,,
39,28.824476650563607,48.05421363392378,3.770799785292539,10.674986580783683,6.615673644659152,0.6575415995705851,0.8454106280193237,0.2147074610842727,,0.026838432635534086,0.2214170692431562,0.0939345142243693,,
40,28.871443907675793,47.89989264626946,3.770799785292539,10.607890499194847,6.595544820182502,0.6575415995705851,0.8655394524959742,0.2147074610842727,,0.026838432635534086,0.39586688137412773,0.0939345142243693,,
41,28.193773483628558,48.52388620504563,3.556092324208266,10.648148148148149,6.5552871712292005,0.6575415995705851,0.8923778851315083,0.24154589371980675,,0.026838432635534086,0.6105743424584005,0.0939345142243693,,
42,27.469135802469136,35.319377348362856,19.37734836285561,7.695920558239399,6.5552871712292005,0.6575415995705851,2.147074610842727,0.24154589371980675,,0.026838432635534086,0.5099302200751477,,,
43,27.167203435319376,35.648148148148145,17.330917874396135,7.695920558239399,6.528448738593666,2.703972088030059,2.147074610842727,0.24154589371980675,,0.026838432635534086,0.5099302200751477,,,
44,27.160493827160494,34.68196457326892,17.330917874396135,8.729200214707461,6.515029522275899,2.657004830917874,2.147074610842727,0.24154589371980675,,0.026838432635534086,0.5099302200751477,,,
45,26.603596349973163,35.03086419753087,17.250402576489535,8.709071390230811,6.515029522275899,2.6502952227589907,2.147074610842727,0.24154589371980675,,0.026838432635534086,0.5233494363929146,0.2549651100375738,0.04696725711218465,
46,26.670692431561996,34.93022007514761,16.901502952227588,8.709071390230811,6.602254428341385,2.636876006441224,2.13365539452496,0.24154589371980675,,0.026838432635534086,0.8454106280193237,0.2549651100375738,0.04696725711218465,
47,26.133923778851315,34.004294149221685,17.156468062265162,8.675523349436393,6.696188942565755,2.6301663982823404,3.0931293612453032,0.24154589371980675,,0.026838432635534086,1.0399892646269457,0.2549651100375738,0.04696725711218465,
48,26.08695652173913,33.68894256575416,17.53220611916264,8.662104133118627,6.723027375201288,2.6033279656468062,3.0931293612453032,0.24154589371980675,,0.026838432635534086,1.0399892646269457,0.2549651100375738,0.04696725711218465,
49,26.053408480944714,33.15217391304348,15.150295222758992,8.722490606548577,6.716317767042405,5.917874396135265,3.0931293612453032,0.24154589371980675,,0.026838432635534086,0.6239935587761675,0.2549651100375738,0.04696725711218465,
50,26.080246913580247,33.11862587224906,14.888620504562533,8.756038647342995,6.6827697262479875,5.917874396135265,3.0931293612453032,0.24154589371980675,,0.026838432635534086,0.8923778851315083,0.2549651100375738,0.04696725711218465,
51,26.113794954374665,33.12533548040794,14.834943639291465,8.729200214707461,6.6827697262479875,5.267042404723564,3.126677402039721,0.24154589371980675,,0.05367686527106817,0.8923778851315083,0.8856682769726248,0.04696725711218465,
52,26.20101986044015,32.71604938271605,14.660493827160494,8.729200214707461,6.991411701556629,5.314009661835748,3.1065485775630703,0.24154589371980675,,0.05367686527106817,1.0534084809447128,0.8856682769726248,0.04696725711218465,
53,26.247987117552334,32.62211486849168,14.432367149758454,8.816425120772946,6.991411701556629,5.314009661835748,3.1065485775630703,0.24154589371980675,,0.05367686527106817,1.2412775093934514,0.8856682769726248,0.04696725711218465,
54,25.34219001610306,34.19216317767042,14.42565754159957,8.836553945249598,6.3137412775093935,5.314009661835748,3.1065485775630703,0.24154589371980675,,0.05367686527106817,1.2412775093934514,0.8856682769726248,0.04696725711218465,
55,25.44283413848631,34.11835748792271,14.42565754159957,8.68894256575416,6.286902844873859,5.280461621041331,3.166935050993022,0.24154589371980675,,0.17444981213097155,1.2412775093934514,0.8856682769726248,0.04696725711218465,
56,24.490069779924852,34.54106280193237,14.338432635534085,8.695652173913043,6.286902844873859,5.488459473966721,3.193773483628556,0.5099302200751477,,0.17444981213097155,1.3486312399355878,0.8856682769726248,0.04696725711218465,
57,24.52361782071927,34.286097691894796,14.325013419216317,8.890230810520666,6.286902844873859,5.743424584004294,3.193773483628556,0.5099302200751477,,0.17444981213097155,1.3486312399355878,0.6709608158883521,0.04696725711218465,
58,20.02818035426731,39.781266774020395,13.982823403113258,9.145195920558239,6.266774020397209,5.5756843800322065,2.6301663982823404,0.3488996242619431,,0.17444981213097155,1.3486312399355878,0.6709608158883521,0.04696725711218465,
59,20.108695652173914,39.23778851315083,13.94927536231884,9.608158883521202,6.286902844873859,5.441492216854535,2.6301663982823404,0.3488996242619431,0.026838432635534086,0.17444981213097155,1.3486312399355878,0.7917337627482555,0.04696725711218465,
60,20.242887815351583,38.93585614600107,13.90901771336554,9.86983360171766,6.286902844873859,5.414653784219001,2.623456790123457,0.3421900161030596,0.026838432635534086,0.17444981213097155,1.3352120236178207,0.7917337627482555,0.04696725711218465,
61,20.28985507246377,38.59366612989801,13.6406333870102,10.178475577026301,6.286902844873859,5.387815351583468,2.6502952227589907,0.3421900161030596,0.026838432635534086,0.17444981213097155,1.5901771336553945,0.7917337627482555,0.04696725711218465,
62,20.26972624798712,37.875738056897475,13.47289318303811,10.299248523886206,6.629092860976919,5.421363392377885,2.9253891572732154,0.3421900161030596,0.026838432635534086,0.17444981213097155,1.724369296833065,0.7917337627482555,0.04696725711218465,
63,20.35024154589372,37.78851315083199,13.499731615673644,10.292538915727322,6.602254428341385,5.421363392377885,2.9253891572732154,0.35560923242082665,0.026838432635534086,0.17444981213097155,1.724369296833065,0.7917337627482555,0.04696725711218465,
64,19.370638754696724,38.6003757380569,13.654052603327965,10.279119699409554,6.602254428341385,5.139559849704777,2.8918411164787976,0.35560923242082665,0.026838432635534086,0.17444981213097155,2.0665593129361244,0.7917337627482555,0.04696725711218465,
65,19.45115405260333,38.52657004830918,13.633923778851315,10.326086956521738,6.488191089640365,5.22007514761138,2.871712292002147,0.35560923242082665,0.026838432635534086,0.17444981213097155,2.086688137412775,0.7917337627482555,0.04696725711218465,
66,19.538378958668815,38.34541062801932,13.331991411701557,10.82259796027912,6.461352657004831,5.072463768115942,2.918679549114332,0.3824476650563607,0.026838432635534086,0.17444981213097155,2.15378421900161,0.7246376811594203,0.04696725711218465,
67,19.51154052603328,38.177670424047236,13.318572195383789,10.86285560923242,6.447933440687064,5.186527106816962,2.985775630703167,0.3824476650563607,0.026838432635534086,0.17444981213097155,2.15378421900161,0.7246376811594203,0.04696725711218465,
68,19.370638754696724,37.815351583467525,13.305152979066023,8.709071390230811,6.541867954911433,7.96430488459474,2.9723564143853998,0.3824476650563607,0.026838432635534086,0.06038647342995169,2.15378421900161,0.6508319914117016,0.04696725711218465,
69,17.921363392377884,39.231078904991946,13.258185721953838,8.702361782071927,6.528448738593666,8.051529790660226,2.9723564143853998,0.39586688137412773,0.026838432635534086,0.06038647342995169,2.15378421900161,0.6508319914117016,0.04696725711218465,
70,16.908212560386474,38.61379495437466,12.962962962962964,8.568169618894256,8.870101986044014,7.997852925389157,2.536231884057971,0.39586688137412773,0.026838432635534086,0.06038647342995169,2.3617820719269993,0.6508319914117016,0.04696725711218465,
71,16.76731078904992,38.39237788513151,12.795222758990874,8.474235104669887,9.27938808373591,7.950885668276973,2.6301663982823404,0.644122383252818,0.026838432635534086,0.06038647342995169,2.281266774020397,0.6508319914117016,0.04696725711218465,
72,16.847826086956523,38.27831454643049,12.090713902308105,9.366612989801396,9.27938808373591,7.830112721417069,2.6301663982823404,0.644122383252818,0.026838432635534086,0.06038647342995169,2.24771873322598,0.6508319914117016,0.04696725711218465,
73,16.686795491143318,38.31186258722491,12.06387546967257,9.453837895866881,9.25925925925926,7.769726247987117,2.7777777777777777,0.644122383252818,0.026838432635534086,0.06038647342995169,2.24771873322598,0.6508319914117016,0.04696725711218465,
74,16.80756843800322,37.94283413848631,12.533548040794418,9.64170692431562,8.742619431025227,7.950885668276973,2.677133655394525,0.7246376811594203,0.026838432635534086,0.06038647342995169,2.2074610842726785,0.6374127750939346,0.04696725711218465,
75,16.82769726247987,37.80193236714976,12.506709608158884,9.634997316156737,8.702361782071927,7.85024154589372,2.8784219001610305,0.7246376811594203,0.026838432635534086,0.06038647342995169,2.2342995169082127,0.7045088566827697,0.04696725711218465,
76,15.291196994095545,39.72758990874933,12.02361782071927,9.77589908749329,8.648684916800859,7.769726247987117,2.8784219001610305,0.7246376811594203,0.026838432635534086,0.06038647342995169,2.3215244229736984,0.7045088566827697,0.04696725711218465,
77,15.271068169618895,39.71417069243156,12.654320987654321,9.789318303811058,8.05823939881911,7.769726247987117,2.8784219001610305,0.6977992485238862,0.026838432635534086,0.06038647342995169,2.328234031132582,0.7045088566827697,0.04696725711218465,
78,15.237520128824476,39.46591519055287,12.869028448738593,9.802737520128824,8.05823939881911,7.601986044015029,2.9052603327965647,0.6977992485238862,0.026838432635534086,0.08722490606548577,2.328234031132582,0.8722490606548577,0.04696725711218465,
79,14.472624798711756,39.28475577026302,12.86231884057971,9.789318303811058,8.870101986044014,7.568438003220612,2.8381642512077296,0.9326355340848095,0.026838432635534086,0.08722490606548577,2.3483628556092326,0.8722490606548577,0.04696725711218465,
80,14.533011272141707,38.989533011272144,12.815351583467525,10.044283413848632,8.816425120772946,7.5281803542673105,2.8381642512077296,0.9326355340848095,0.026838432635534086,0.08722490606548577,2.3483628556092326,0.9930220075147611,0.04696725711218465,
81,14.11701556629093,36.46672034353194,12.681159420289855,10.010735373054214,11.600912506709609,7.447665056360709,3.240740740740741,0.9326355340848095,0.026838432635534086,0.08722490606548577,2.3483628556092326,0.9930220075147611,0.04696725711218465,
82,14.11701556629093,36.39291465378422,12.258454106280194,10.00402576489533,12.130971551261407,7.313472893183038,3.240740740740741,1.0399892646269457,0.026838432635534086,0.08722490606548577,2.3483628556092326,0.9930220075147611,0.04696725711218465,
83,13.325281803542673,35.93666129898014,11.869296833064949,9.333064949006978,12.090713902308105,7.232957595276436,5.347557702630167,1.3620504562533549,0.026838432635534086,0.08722490606548577,2.3483628556092326,0.9728931830381106,0.04696725711218465,0.020128824476650563
84,11.272141706924316,38.16425120772947,11.674718196457327,9.440418679549115,11.902844873859367,7.199409554482019,5.5756843800322065,1.3620504562533549,0.026838432635534086,0.08722490606548577,2.254428341384863,0.9728931830381106,0.04696725711218465,0.020128824476650563
85,11.332528180354267,38.13070316693505,11.540526033279656,9.440418679549115,11.869296833064949,7.206119162640902,5.562265163714439,1.5432098765432098,0.026838432635534086,0.08722490606548577,2.2208803005904456,0.9728931830381106,0.04696725711218465,0.020128824476650563
86,11.3191089640365,38.7211486849168,11.540526033279656,9.326355340848094,11.466720343531938,7.118894256575416,5.589103596349974,1.5432098765432098,0.026838432635534086,0.08722490606548577,2.2208803005904456,0.9728931830381106,0.04696725711218465,0.020128824476650563
87,10.889694041867955,37.19806763285024,11.540526033279656,9.286097691894794,13.446054750402576,7.118894256575416,5.5689747718733225,1.5767579173376274,0.026838432635534086,0.08722490606548577,2.2208803005904456,0.9728931830381106,0.04696725711218465,0.020128824476650563
88,10.923242082662373,35.95679012345679,11.312399355877616,8.943907675791733,13.419216317767042,6.823671497584541,7.856951154052603,1.5499194847020934,0.026838432635534086,0.08722490606548577,2.3215244229736984,0.7313472893183038,0.04696725711218465,
89,10.943370907139023,35.44015029522276,11.252012882447666,8.76274825550188,13.533279656468062,7.37385936661299,7.769726247987117,1.4694041867954912,0.026838432635534086,0.15432098765432098,2.341653247450349,0.8856682769726248,0.04696725711218465,
90,10.963499731615673,34.655126140633385,11.137949543746645,8.970746108427267,13.144122383252817,8.474235104669887,7.682501341921632,1.4694041867954912,0.06038647342995169,0.15432098765432098,2.328234031132582,0.9125067096081588,0.04696725711218465,
91,10.695115405260333,33.89023081052066,12.721417069243156,9.27938808373591,12.587224906065487,8.158883521202362,7.494632313472893,1.4694041867954912,0.06038647342995169,0.15432098765432098,2.5295222758990876,0.9125067096081588,0.04696725711218465,
92,10.493827160493828,33.8365539452496,12.721417069243156,9.27938808373591,12.587224906065487,8.132045088566828,7.749597423510467,1.4694041867954912,0.08722490606548577,0.15432098765432098,2.5295222758990876,0.9125067096081588,0.04696725711218465,
93,10.38647342995169,33.45410628019324,12.701288244766506,10.581052066559312,12.76838432635534,7.253086419753086,7.695920558239399,1.4694041867954912,0.08722490606548577,0.15432098765432098,2.49597423510467,0.9057971014492754,0.04696725711218465,
94,8.876811594202898,31.776704240472355,12.453032742887816,10.258990874932904,16.485507246376812,7.085346215780999,7.809983896940419,1.482823403113258,0.06038647342995169,0.15432098765432098,2.6033279656468062,0.9057971014492754,0.04696725711218465,
95,8.80300590445518,31.53515834675255,12.432903918411165,9.574610842726784,16.150026838432634,6.099033816425121,9.406870638754697,1.8384326355340848,0.05367686527106817,0.15432098765432098,2.999194847020934,0.9057971014492754,0.04696725711218465,
96,8.997584541062801,31.48148148148148,12.164519592055823,9.561191626409018,16.056092324208265,6.099033816425121,9.380032206119163,1.8384326355340848,0.06709608158883522,0.15432098765432098,3.2206119162640903,0.9326355340848095,0.04696725711218465,
97,9.057971014492754,31.46135265700483,12.164519592055823,9.312936124530328,16.009125067096083,6.025228126677402,9.346484165324744,1.8384326355340848,0.4092860976918948,0.1878690284487386,3.207192699946323,0.9326355340848095,0.04696725711218465,
98,8.749329039184111,30.790391841116477,12.453032742887816,8.917069243156199,17.270531400966185,6.380837359098229,8.84326355340848,1.8250134192163177,0.4092860976918948,0.1878690284487386,3.193773483628556,0.9326355340848095,0.04696725711218465,
99,8.80300590445518,30.64278046162104,12.52012882447665,9.037842190016104,17.183306494900698,6.380837359098229,8.84326355340848,1.8250134192163177,0.4092860976918948,0.1878690284487386,3.1870638754696725,0.9326355340848095,0.04696725711218465,
100,8.910359634997317,30.589103596349972,13.895598497047773,9.245840042941492,16.009125067096083,6.078904991948471,8.729200214707461,1.7914653784219001,0.4092860976918948,0.1878690284487386,3.1736446591519054,0.9326355340848095,0.04696725711218465,
101,9.098228663446054,30.35426731078905,13.841921631776705,9.426999463231347,15.908480944712828,6.045356951154052,8.729200214707461,1.8518518518518519,0.43612453032742887,0.1878690284487386,3.1535158346752548,0.9192163177670424,0.04696725711218465,
102,9.219001610305957,30.22007514761138,13.687600644122384,9.373322597960279,15.888352120236178,6.293612453032743,8.729200214707461,1.8585614600107354,0.4227053140096618,0.1878690284487386,3.1535158346752548,0.9192163177670424,0.04696725711218465,
103,9.245840042941492,29.99194847020934,13.962694578636608,9.453837895866881,15.787707997852925,6.293612453032743,8.729200214707461,1.8719806763285025,0.4227053140096618,0.1878690284487386,3.1333870101986045,0.9192163177670424,,
104,9.272678475577026,29.824208266237253,13.962694578636608,9.849704777241008,15.787707997852925,6.3137412775093935,8.715780998389693,1.8719806763285025,0.27509393451422437,0.1878690284487386,3.0193236714975846,0.9192163177670424,,
105,9.339774557165862,29.508856682769725,13.942565754159958,10.138217928073,15.747450348899624,6.3137412775093935,8.709071390230811,1.8988191089640365,0.27509393451422437,0.1878690284487386,3.0193236714975846,0.9192163177670424,,
106,9.460547504025765,29.47530864197531,13.915727321524423,10.0979602791197,15.573000536768653,6.300322061191626,8.474235104669887,2.046430488459474,0.2683843263553409,0.1878690284487386,2.9790660225442833,1.221148684916801,,
107,9.41358024691358,29.320987654320987,14.197530864197532,10.138217928073,15.13016639828234,6.300322061191626,8.769457863660762,2.2074610842726785,0.2616747181964573,0.20799785292538917,2.831454643048846,1.221148684916801,,
108,9.339774557165862,29.24718196457327,14.197530864197532,10.21202361782072,15.103327965646805,6.501610305958132,8.588298443370908,2.26784755770263,0.24825550187869028,0.24154589371980675,2.831454643048846,1.221148684916801,,
109,9.312936124530328,29.240472356414386,14.197530864197532,10.352925389157273,15.009393451422437,6.501610305958132,8.588298443370908,2.254428341384863,0.24825550187869028,0.24154589371980675,2.831454643048846,1.221148684916801,,
110,9.272678475577026,29.066022544283413,14.928878153515834,10.34621578099839,14.533011272141707,6.501610305958132,8.588298443370908,2.2208803005904456,0.24825550187869028,0.24154589371980675,2.831454643048846,1.221148684916801,,
111,9.353193773483628,29.052603327965645,14.9020397208803,10.21202361782072,14.452495974235104,6.816961889425658,8.360171765968868,2.301395598497048,0.24825550187869028,0.24154589371980675,2.8113258185721954,1.247987117552335,,
112,9.500805152979066,28.965378421900162,14.915458937198068,10.198604401502953,14.42565754159957,6.8035426731078905,8.360171765968868,2.301395598497048,0.24825550187869028,0.24154589371980675,2.791196994095545,1.247987117552335,,
113,9.460547504025765,28.878153515834676,15.083199141170155,10.138217928073,14.398819108964037,6.8035426731078905,8.360171765968868,2.328234031132582,0.24825550187869028,0.24154589371980675,2.8113258185721954,1.247987117552335,,
114,9.380032206119163,28.69699409554482,14.512882447665056,10.46027911969941,13.761406333870102,8.246108427267847,8.152173913043478,2.254428341384863,0.24825550187869028,0.24154589371980675,2.7979066022544283,1.247987117552335,,
115,9.433709071390231,28.59634997316157,14.412238325281804,10.755501878690284,13.627214170692431,8.239398819108963,8.152173913043478,2.254428341384863,0.24825550187869028,0.24154589371980675,2.7979066022544283,1.2412775093934514,,
116,9.561191626409018,28.535963499731615,14.298174986580785,10.742082662372518,13.593666129898015,8.225979602791197,8.13875469672571,2.254428341384863,0.24825550187869028,0.24154589371980675,2.7979066022544283,1.3620504562533549,,
117,9.614868491680086,28.20048309178744,14.298174986580785,11.037305421363392,13.593666129898015,8.21256038647343,8.13875469672571,2.254428341384863,0.24825550187869028,0.24154589371980675,2.7979066022544283,1.3620504562533549,,
118,9.742351046698873,27.965646806226516,14.090177133655395,10.983628556092324,13.560118089103597,8.192431561996779,8.192431561996779,2.6167471819645733,0.24825550187869028,0.24154589371980675,2.8113258185721954,1.3553408480944713,,
119,9.581320450885668,27.67042404723564,15.318035426731079,11.003757380568974,13.479602791196994,7.521470746108427,8.165593129361245,2.6167471819645733,0.24825550187869028,0.24154589371980675,2.7979066022544283,1.3553408480944713,,
120,9.66183574879227,27.34836285560923,15.28448738593666,10.809178743961352,13.466183574879228,7.481213097155126,8.68894256575416,2.6167471819645733,0.24825550187869028,0.24154589371980675,2.7979066022544283,1.3553408480944713,,
121,9.50751476113795,26.798174986580783,15.056360708534621,10.547504025764896,14.358561460010735,7.50805152979066,8.68894256575416,2.945517981749866,0.24825550187869028,0.24154589371980675,2.7442297369833604,1.3553408480944713,,
122,9.675254965110037,26.744498121309714,15.002683843263553,10.50053676865271,14.345142243692969,7.62211486849168,8.57487922705314,2.945517981749866,0.24825550187869028,0.24154589371980675,2.7442297369833604,1.3553408480944713,,
123,9.77589908749329,26.69753086419753,14.962426194310252,10.527375201288244,14.237788513150832,7.608695652173913,8.561460010735374,3.012614063338701,0.14761137949543746,0.24154589371980675,2.804616210413312,1.4224369296833066,,
124,9.829575952764358,26.50966183574879,14.821524422973699,11.292270531400966,14.083467525496511,7.595276435856146,8.548040794417606,2.7979066022544283,0.14761137949543746,0.24154589371980675,2.7241009125067097,1.4090177133655395,,
125,9.936929683306495,26.44927536231884,14.922168545356952,11.211755233494364,13.94927536231884,7.7361782071927,8.53462157809984,2.7979066022544283,0.14761137949543746,0.24154589371980675,2.6637144390767578,1.4090177133655395,,
126,9.936929683306495,25.697799248523886,14.861782071927,10.943370907139023,15.022812667740205,7.7361782071927,8.494363929146537,2.818035426731079,0.14761137949543746,0.24154589371980675,2.6637144390767578,1.4358561460010735,,
127,9.96376811594203,25.543478260869566,14.848362855609233,10.93666129898014,15.009393451422437,7.997852925389157,8.447396672034353,2.818035426731079,0.14761137949543746,0.24154589371980675,2.6637144390767578,1.3821792807300053,,
128,9.957058507783145,25.509930220075148,14.828234031132581,11.285560923242082,14.97584541062802,7.997852925389157,8.205850778314547,2.8784219001610305,0.14761137949543746,0.16774020397208803,2.6637144390767578,1.3821792807300053,,
129,9.796027911969942,24.476650563607084,14.694041867954912,12.486580783682234,14.673913043478262,8.11862587224906,8.621846484165324,2.871712292002147,0.14761137949543746,0.13419216317767044,2.61003757380569,1.3687600644122384,,
130,9.829575952764358,24.44310252281267,15.11003757380569,11.902844873859367,14.667203435319378,8.09849704777241,8.601717659688674,2.9052603327965647,0.14090177133655393,0.13419216317767044,2.7979066022544283,1.3687600644122384,,
131,9.896672034353195,24.402844873859365,15.11003757380569,11.936392914653783,14.606816961889425,8.011272141706923,8.59500805152979,2.885131508319914,0.14090177133655393,0.13419216317767044,2.7979066022544283,1.482823403113258,,
132,9.896672034353195,24.241814278046164,14.908749329039184,12.124261943102523,14.573268921095009,8.225979602791197,8.59500805152979,2.9052603327965647,0.14090177133655393,0.13419216317767044,2.7979066022544283,1.4559849704777241,,
133,9.896672034353195,23.96672034353194,14.801395598497047,12.426194310252281,14.55984970477724,8.454106280193237,8.628556092324208,2.7442297369833604,0.14090177133655393,0.13419216317767044,2.791196994095545,1.4559849704777241,,
134,9.863123993558776,23.792270531400966,14.88191089640365,12.506709608158884,14.55984970477724,8.427267847557703,8.702361782071927,2.7442297369833604,0.14090177133655393,0.13419216317767044,2.791196994095545,1.4559849704777241,,
135,9.809447128287708,23.72517444981213,14.398819108964037,12.466451959205582,14.49946323134729,8.608427267847558,8.521202361782072,3.556092324208266,0.14090177133655393,0.13419216317767044,2.690552871712292,1.4492753623188406,,
136,9.809447128287708,23.718464841653248,14.251207729468598,12.419484702093397,14.49946323134729,8.82313472893183,8.480944712828771,3.556092324208266,0.16774020397208803,0.13419216317767044,2.690552871712292,1.4492753623188406,,
137,9.896672034353195,23.68491680085883,15.458937198067632,11.60762211486849,14.459205582393988,8.82313472893183,8.380300590445518,3.556092324208266,0.1610305958132045,0.13419216317767044,2.442297369833602,1.3955984970477724,,
138,9.883252818035427,23.221953837895867,15.351583467525497,11.594202898550725,14.714170692431562,8.715780998389693,8.796296296296296,3.556092324208266,0.14761137949543746,0.14761137949543746,2.475845410628019,1.3955984970477724,,
139,9.98389694041868,23.19511540526033,15.318035426731079,11.506977992485238,14.700751476113794,8.709071390230811,8.82313472893183,3.6097691894793345,0.14761137949543746,0.14761137949543746,2.462426194310252,1.3955984970477724,,
140,10.010735373054214,22.745571658615138,15.291196994095545,11.580783682232958,15.042941492216855,8.68894256575416,8.836553945249598,3.6366076221148687,0.14761137949543746,0.14761137949543746,2.475845410628019,1.3955984970477724,,
141,10.124798711755233,22.685185185185187,15.203972088030058,11.58749329039184,14.834943639291465,8.648684916800859,9.111647879763822,3.6366076221148687,0.14761137949543746,0.14761137949543746,2.475845410628019,1.3955984970477724,,
142,10.21202361782072,22.591250670960815,15.197262479871176,11.81561996779388,14.814814814814815,8.648684916800859,8.943907675791733,3.6366076221148687,0.12077294685990338,0.14761137949543746,2.475845410628019,1.3955984970477724,,
143,10.171765968867419,22.490606548577563,15.13016639828234,11.842458400429415,14.814814814814815,8.883521202361782,8.903650026838433,3.6366076221148687,0.12077294685990338,0.14761137949543746,2.462426194310252,1.3955984970477724,,
144,10.19189479334407,22.470477724100913,15.331454643048845,11.741814278046162,14.579978529253891,9.004294149221685,8.890230810520666,3.6366076221148687,0.14761137949543746,0.14761137949543746,2.462426194310252,1.3955984970477724,,
145,9.997316156736447,22.134997316156735,15.163714439076758,11.553945249597424,15.780998389694043,8.930488459473967,8.319914117015566,3.656736446591519,0.1878690284487386,0.14761137949543746,2.703972088030059,1.4224369296833066,,
146,10.144927536231885,22.14170692431562,15.002683843263553,11.191626409017713,15.485775630703166,9.104938271604938,8.76274825550188,3.5963499731615673,0.17444981213097155,0.14761137949543746,2.8247450348899625,1.4224369296833066,,
147,10.198604401502953,22.088030059044552,15.002683843263553,11.218464841653248,15.76086956521739,9.084809447128288,8.480944712828771,3.5963499731615673,0.17444981213097155,0.14761137949543746,2.8247450348899625,1.4224369296833066,,
148,10.272410091250672,22.020933977455716,15.002683843263553,11.198336017176597,15.58641975308642,9.245840042941492,8.507783145464305,3.5963499731615673,0.17444981213097155,0.14761137949543746,2.8247450348899625,1.4224369296833066,,
149,10.0979602791197,21.618357487922705,14.949006977992486,11.231884057971014,15.693773483628556,9.561191626409018,8.641975308641975,3.6366076221148687,0.17444981213097155,0.14761137949543746,2.8247450348899625,1.4224369296833066,,
150,10.151637144390767,21.557971014492754,14.821524422973699,11.211755233494364,15.687063875469672,9.702093397745571,8.601717659688674,3.5963499731615673,0.17444981213097155,0.14761137949543746,2.9253891572732154,1.4224369296833066,,
151,10.158346752549651,20.873590982286636,14.741009125067096,11.030595813204508,15.432098765432098,9.420289855072463,10.084541062801932,3.5628019323671496,0.20128824476650564,0.14761137949543746,2.9253891572732154,1.4224369296833066,,
152,10.19189479334407,20.779656468062264,14.821524422973699,11.023886205045626,15.405260332796564,9.41358024691358,10.131508319914117,3.549382716049383,0.20128824476650564,0.14761137949543746,2.9119699409554483,1.4224369296833066,,
153,8.796296296296296,16.525764895330113,13.285024154589372,10.131508319914117,25.617283950617285,8.259527643585615,9.594739667203436,3.1333870101986045,0.20128824476650564,0.14761137949543746,2.885131508319914,1.4224369296833066,,
154,8.715780998389693,16.002415458937197,12.701288244766506,9.990606548577563,25.483091787439612,8.071658615136876,11.614331723027375,3.099838969404187,0.20128824476650564,0.14761137949543746,2.576489533011272,1.3955984970477724,,
155,8.80300590445518,15.975577026301664,12.929414922168545,9.930220075147611,25.55018786902845,8.05823939881911,11.594202898550725,2.985775630703167,0.20128824476650564,0.14761137949543746,2.428878153515835,1.3955984970477724,,
156,8.756038647342995,15.92860976918948,13.955984970477724,9.930220075147611,25.0805152979066,8.199141170155663,10.997047772410092,2.9790660225442833,0.20128824476650564,0.14761137949543746,2.428878153515835,1.3955984970477724,,
157,8.776167471819646,15.92860976918948,13.774825550187868,9.930220075147611,25.067096081588836,8.199141170155663,11.211755233494364,2.9723564143853998,0.20128824476650564,0.14761137949543746,2.395330112721417,1.3955984970477724,,
158,8.896940418679549,15.92860976918948,13.774825550187868,9.359903381642512,25.462962962962962,8.319914117015566,11.191626409017713,2.9723564143853998,0.20128824476650564,0.14761137949543746,2.3483628556092326,1.3955984970477724,,
159,8.950617283950617,15.868223295759528,13.989533011272142,9.353193773483628,25.32206119162641,8.293075684380032,11.16478797638218,2.9723564143853998,0.20128824476650564,0.1610305958132045,2.328234031132582,1.3955984970477724,,
160,8.896940418679549,15.827965646806227,13.774825550187868,9.876543209876543,25.275093934514224,8.205850778314547,11.399624261943103,2.8515834675254963,0.20128824476650564,0.13419216317767044,2.200751476113795,1.3553408480944713,,
161,9.057971014492754,15.827965646806227,13.768115942028986,9.863123993558776,25.194578636607623,8.192431561996779,11.33923778851315,2.8515834675254963,0.20128824476650564,0.11406333870101985,2.2410091250670963,1.3486312399355878,,
162,9.118357487922705,15.552871712292003,13.674181427804616,10.292538915727322,24.986580783682232,8.192431561996779,11.352657004830919,2.952227589908749,0.17444981213097155,0.1274825550187869,2.254428341384863,1.3217928073000538,,
163,9.151905528717123,15.505904455179817,13.513150831991412,10.279119699409554,24.892646269457863,8.447396672034353,11.084272678475577,2.952227589908749,0.46967257112184646,0.1274825550187869,2.254428341384863,1.3217928073000538,,
164,9.212292002147075,15.465646806226516,13.513150831991412,10.218733225979603,24.879227053140095,8.521202361782072,11.084272678475577,2.932098765432099,0.46967257112184646,0.1274825550187869,2.254428341384863,1.3217928073000538,,
165,9.225711218464841,15.163714439076758,13.150831991411701,10.493827160493828,24.872517444981213,8.299785292538916,11.225174449812132,3.4688674181427803,0.5032206119162641,0.1274825550187869,2.227589908749329,1.2412775093934514,,
166,9.219001610305957,14.955716586151368,13.774825550187868,10.265700483091788,24.698067632850243,8.158883521202362,11.292270531400966,3.5225442834138487,0.5032206119162641,0.1274825550187869,2.2410091250670963,1.2412775093934514,,
167,9.333064949006978,14.935587761674718,14.070048309178745,10.25228126677402,24.644390767579175,7.85024154589372,11.252012882447666,3.549382716049383,0.5032206119162641,0.1274825550187869,2.2410091250670963,1.2412775093934514,,
168,9.31964573268921,14.908749329039184,13.962694578636608,10.258990874932904,24.590713902308106,7.7831454643048845,11.16478797638218,3.864734299516908,0.5367686527106817,0.1274825550187869,2.2410091250670963,1.2412775093934514,,
169,9.292807300053678,14.942297369833602,13.962694578636608,10.218733225979603,24.54374664519592,7.796564680622652,11.211755233494364,3.864734299516908,0.5367686527106817,0.1274825550187869,2.2410091250670963,1.261406333870102,,
170,9.380032206119163,14.915458937198068,13.882179280730005,10.131508319914117,24.436392914653783,7.991143317230274,11.419753086419753,3.750670960815888,0.5367686527106817,0.1274825550187869,2.227589908749329,1.2010198604401503,,
171,9.426999463231347,14.915458937198068,13.801663982823403,10.38647342995169,24.362587224906065,7.957595276435856,11.292270531400966,3.717122920021471,0.6575415995705851,0.1274825550187869,2.15378421900161,1.2010198604401503,,
172,9.326355340848094,14.63365539452496,13.754696725711218,10.339506172839506,24.04723564143854,9.172034353193773,11.238593666129898,3.717122920021471,0.644122383252818,0.1274825550187869,2.006172839506173,0.9930220075147611,,
173,9.326355340848094,14.566559312936125,13.714439076757918,10.48040794417606,24.020397208803004,9.172034353193773,11.09098228663446,3.730542136339238,0.630703166935051,0.1274825550187869,2.0397208803005906,1.1003757380568975,,
174,9.292807300053678,14.439076757917338,14.056629092860977,10.46027911969941,23.832528180354267,9.16532474503489,11.117820719269995,3.7372517444981215,0.630703166935051,0.1274825550187869,2.0397208803005906,1.1003757380568975,,
175,9.359903381642512,14.42565754159957,14.049919484702093,10.453569511540525,23.832528180354267,9.158615136876007,11.09098228663446,3.730542136339238,0.630703166935051,0.1274825550187869,2.0397208803005906,1.1003757380568975,,
176,9.420289855072463,14.418947933440688,14.023081052066559,10.453569511540525,23.785560923242084,9.158615136876007,11.11111111111111,3.730542136339238,0.630703166935051,0.1274825550187869,2.0397208803005906,1.1003757380568975,,
177,9.158615136876007,13.506441223832528,13.050187869028449,9.366612989801396,23.758722490606548,9.158615136876007,15.425389157273216,3.4822866344605474,0.5703166935050993,0.08722490606548577,1.583467525496511,0.8521202361782072,,
178,9.192163177670425,13.499731615673644,13.33870101986044,9.400161030595813,23.523886205045624,9.004294149221685,15.26435856146001,3.515834675254965,0.5703166935050993,0.08722490606548577,1.583467525496511,1.0198604401502953,,
179,9.306226516371444,13.33870101986044,13.318572195383789,9.534353193773484,23.423242082662373,9.01100375738057,15.190552871712292,3.515834675254965,0.5703166935050993,0.08722490606548577,1.583467525496511,1.1205045625335481,,
180,9.386741814278047,13.291733762748256,13.318572195383789,9.460547504025765,23.423242082662373,8.903650026838433,15.197262479871176,3.515834675254965,0.5166398282340311,0.08051529790660225,1.7579173376274826,1.1473429951690821,,
181,9.420289855072463,13.050187869028449,13.231347289318304,9.172034353193773,23.389694041867955,9.41358024691358,15.391841116478798,3.5292538915727323,0.5166398282340311,0.08051529790660225,1.6975308641975309,1.107085346215781,,
182,9.433709071390231,13.023349436392914,13.20450885668277,9.41358024691358,23.242082662372518,9.339774557165862,15.418679549114332,3.603059581320451,0.5166398282340311,0.08051529790660225,1.6908212560386473,1.0332796564680622,,
183,9.500805152979066,12.99651100375738,13.325281803542673,9.400161030595813,23.087761674718198,9.326355340848094,15.405260332796564,3.6366076221148687,0.5166398282340311,0.08051529790660225,1.6908212560386473,1.0332796564680622,,
184,9.567901234567902,12.969672571121846,13.278314546430488,9.561191626409018,22.920021470746107,9.333064949006978,15.35829307568438,3.643317230273752,0.5501878690284487,0.08051529790660225,1.710950080515298,1.0265700483091786,,
185,9.688674181427805,12.929414922168545,13.278314546430488,9.520933977455716,22.859634997316157,9.326355340848094,15.35829307568438,3.643317230273752,0.5501878690284487,0.08051529790660225,1.737788513150832,1.0265700483091786,,
186,9.722222222222221,12.855609232420827,13.217928073000536,9.494095544820183,22.799248523886206,9.205582393988191,15.640096618357488,3.6634460547504024,0.5501878690284487,0.08051529790660225,1.7713365539452497,0.9997316156736447,,
