,45,50,51,55,53,52,54,56,57,59,60,61,58,62,46,47,63
0,96.50429414922168,3.4957058507783145,,,,,,,,,,,,,,,
1,95.62533548040794,4.314278046162104,0.03354804079441761,0.026838432635534086,,,,,,,,,,,,,
2,80.414653784219,19.182769726247987,0.03354804079441761,0.36902844873859364,,,,,,,,,,,,,
3,76.3419216317767,23.05421363392378,0.03354804079441761,0.5367686527106817,0.03354804079441761,,,,,,,,,,,,
4,74.09420289855072,25.174449812130973,0.03354804079441761,0.6239935587761675,0.03354804079441761,0.013419216317767043,0.026838432635534086,,,,,,,,,,
5,73.84594739667203,25.268384326355342,0.05367686527106817,0.7581857219538379,0.03354804079441761,0.013419216317767043,0.026838432635534086,,,,,,,,,,
6,68.73993558776168,30.08588298443371,0.08051529790660225,0.8588298443370908,0.17444981213097155,0.013419216317767043,0.04696725711218465,,,,,,,,,,
7,67.55904455179818,31.0252281266774,0.10064412238325282,1.0399892646269457,0.19457863660762212,0.020128824476650563,0.06038647342995169,,,,,,,,,,
8,66.02254428341385,32.33360171765969,0.14761137949543746,1.2077294685990339,0.19457863660762212,0.020128824476650563,0.07380568974771873,,,,,,,,,,
9,65.4723564143854,32.648953301127214,0.2214170692431562,1.3217928073000538,0.2281266774020397,0.03354804079441761,0.07380568974771873,,,,,,,,,,
10,65.04965110037574,32.87707997852925,0.2616747181964573,1.402308105206656,0.2616747181964573,0.05367686527106817,0.0939345142243693,,,,,,,,,,
11,64.35185185185185,33.43397745571659,0.3153515834675255,1.4895330112721417,0.2616747181964573,0.05367686527106817,0.0939345142243693,,,,,,,,,,
12,63.94927536231884,33.49436392914654,0.3757380568974772,1.6438539989264627,0.32877079978529256,0.08722490606548577,0.12077294685990338,,,,,,,,,,
13,63.05018786902845,32.50134192163178,0.46296296296296297,1.4626945786366077,0.8521202361782072,1.5096618357487923,0.1610305958132045,,,,,,,,,,
14,60.319377348362856,34.634997316156735,2.073268921095008,1.6304347826086956,0.8722490606548577,0.2683843263553409,0.20128824476650564,,,,,,,,,,
15,60.04428341384863,34.735641438539986,2.073268921095008,1.7444981213097155,0.8722490606548577,0.28180354267310787,0.24825550187869028,,,,,,,,,,
16,56.13929146537842,27.958937198067634,14.002952227589908,1.1473429951690821,0.2616747181964573,0.28180354267310787,0.18115942028985507,0.026838432635534086,,,,,,,,,
17,53.18035426731079,30.689747718733226,13.88888888888889,1.2278582930756843,0.35560923242082665,0.2952227589908749,0.1878690284487386,0.17444981213097155,,,,,,,,,
18,51.65727321524423,32.045088566827694,13.808373590982287,1.2949543746645196,0.36902844873859364,0.3757380568974772,0.1878690284487386,0.2616747181964573,,,,,,,,,
19,46.765968867418145,34.312936124530324,15.042941492216855,2.3550724637681157,0.3488996242619431,0.5568974771873323,0.20128824476650564,0.41599570585077833,,,,,,,,,
20,42.74691358024691,32.99785292538916,20.263016639828233,2.3081052066559313,0.4025764895330113,0.5233494363929146,0.2616747181964573,0.49651100375738055,,,,,,,,,
21,33.803005904455176,42.08266237251745,18.592324208266238,2.341653247450349,0.43612453032742887,1.8988191089640365,0.2683843263553409,0.5300590445517982,0.013419216317767043,0.03354804079441761,,,,,,,
22,33.45410628019324,41.5727321524423,18.417874396135264,2.7442297369833604,0.7246376811594203,1.932367149758454,0.39586688137412773,0.7045088566827697,0.013419216317767043,0.03354804079441761,0.0067096081588835215,,,,,,
23,33.02469135802469,41.51905528717123,18.585614600107355,2.8784219001610305,0.7917337627482555,1.932367149758454,0.4294149221685454,0.7716049382716049,0.026838432635534086,0.03354804079441761,0.0067096081588835215,,,,,,
24,32.890499194847024,41.18357487922705,18.511808910359633,3.3480944712828773,0.7716049382716049,1.9659151905528718,0.4428341384863124,0.8185721953837896,0.026838432635534086,0.03354804079441761,0.0067096081588835215,,,,,,
25,31.66935050993022,37.936124530327426,20.21604938271605,3.569511540526033,0.8118625872249061,1.9659151905528718,3.026033279656468,0.7380568974771873,0.026838432635534086,0.03354804079441761,0.0067096081588835215,,,,,,
26,31.5150295222759,37.92941492216855,20.155662909286097,3.6500268384326353,0.8185721953837896,2.006172839506173,3.0193236714975846,0.785024154589372,0.026838432635534086,0.06038647342995169,0.03354804079441761,,,,,,
27,30.71658615136876,38.439345142243695,19.867149758454108,3.965378421900161,0.8252818035426731,2.033011272141707,2.9924852388620504,1.0399892646269457,0.013419216317767043,0.06038647342995169,0.04696725711218465,,,,,,
28,29.274020397208805,36.90955448201825,22.624798711755233,4.05931293612453,0.8722490606548577,2.006172839506173,2.9790660225442833,1.0534084809447128,0.06709608158883522,0.06038647342995169,0.0939345142243693,,,,,,
29,29.03918411164788,36.842458400429415,22.65834675254965,4.052603327965647,0.9594739667203436,2.033011272141707,3.0595813204508855,1.0601180891035964,0.06709608158883522,0.06038647342995169,0.16774020397208803,,,,,,
30,28.972088030059044,36.58749329039184,22.14170692431562,4.320987654320987,1.2949543746645196,2.0799785292538915,3.052871712292002,1.2144390767579174,0.08051529790660225,0.06038647342995169,0.19457863660762212,,,,,,
31,28.395061728395063,39.56655931293612,19.02173913043478,5.10601180891036,1.415727321524423,2.0665593129361244,2.9924852388620504,1.1137949543746646,0.05367686527106817,0.05367686527106817,0.19457863660762212,0.020128824476650563,,,,,
32,28.213902308105208,37.98309178743961,18.947933440687063,5.293880837359098,1.402308105206656,3.6366076221148687,2.9924852388620504,1.1674718196457328,0.0939345142243693,0.05367686527106817,0.19457863660762212,0.020128824476650563,,,,,
33,27.073268921095007,39.130434782608695,18.833870101986044,5.387815351583468,1.3821792807300053,3.5829307568438002,3.0059044551798175,1.1540526033279657,0.18115942028985507,0.05367686527106817,0.19457863660762212,0.020128824476650563,,,,,
34,26.986044015029524,38.88217928073001,18.840579710144926,5.5756843800322065,1.402308105206656,3.5829307568438002,3.0059044551798175,1.2748255501878691,0.18115942028985507,0.05367686527106817,0.19457863660762212,0.020128824476650563,,,,,
35,26.724369296833064,38.92243692968331,18.82716049382716,5.609232420826624,1.4358561460010735,3.6097691894793345,3.099838969404187,1.288244766505636,0.1878690284487386,0.05367686527106817,0.2214170692431562,0.020128824476650563,,,,,
36,26.596886741814277,38.399087493290395,19.122383252818036,5.864197530864198,1.42914653784219,3.629898013955985,3.1199677938808374,1.2949543746645196,0.2147074610842727,0.05367686527106817,0.23483628556092323,0.040257648953301126,,,,,
37,26.35534084809447,37.98309178743961,19.236446591519055,6.320450885668277,1.4090177133655395,3.6231884057971016,3.052871712292002,1.3955984970477724,0.2147074610842727,0.0939345142243693,0.27509393451422437,0.040257648953301126,,,,,
38,25.966183574879228,37.74154589371981,19.692699946323135,6.4345142243692965,1.42914653784219,3.643317230273752,3.099838969404187,1.3486312399355878,0.2214170692431562,0.0939345142243693,0.2549651100375738,0.040257648953301126,0.03354804079441761,,,,
39,25.91250670960816,37.43961352657005,19.578636607622116,6.5552871712292005,1.6371443907675791,3.683574879227053,3.1602254428341383,1.3888888888888888,0.2214170692431562,0.0939345142243693,0.2549651100375738,0.040257648953301126,0.03354804079441761,,,,
40,25.845410628019323,37.204777241009126,19.679280730005367,6.66935050993022,1.6706924315619969,3.4621578099838968,3.4286097691894795,1.3955984970477724,0.24825550187869028,0.0939345142243693,0.2281266774020397,0.040257648953301126,0.03354804079441761,,,,
41,25.771604938271604,35.20531400966183,19.370638754696724,6.776704240472356,1.6841116478797638,5.314009661835748,3.6634460547504024,1.5432098765432098,0.27509393451422437,0.0939345142243693,0.2281266774020397,0.040257648953301126,0.03354804079441761,,,,
42,18.813741277509394,61.52710681696189,4.569243156199678,6.709608158883521,1.288244766505636,3.1602254428341383,3.166935050993022,0.06709608158883522,0.2616747181964573,0.08722490606548577,0.27509393451422437,0.040257648953301126,0.03354804079441761,,,,
43,15.640096618357488,56.17954911433172,13.41250670960816,6.655931293612453,1.3016639828234031,2.7979066022544283,3.1535158346752548,0.18115942028985507,0.2616747181964573,0.06709608158883522,0.27509393451422437,0.040257648953301126,0.03354804079441761,,,,
44,15.613258185721953,55.60923242082662,13.352120236178207,7.118894256575416,1.3217928073000538,2.804616210413312,3.2541599570585076,0.2281266774020397,0.2885131508319914,0.06709608158883522,0.2683843263553409,0.040257648953301126,0.03354804079441761,,,,
45,14.224369296833064,50.63070316693505,21.30300590445518,5.374396135265701,1.2748255501878691,3.388352120236178,2.965646806226516,0.322061191626409,0.24825550187869028,0.040257648953301126,0.19457863660762212,,0.03354804079441761,,,,
46,13.56682769726248,46.20907139023081,21.24932903918411,5.662909286097692,1.3083735909822867,3.361513687600644,7.669082125603865,0.3421900161030596,0.27509393451422437,0.10735373054213634,0.2147074610842727,,0.03354804079441761,,,,
47,13.150831991411701,42.56575415995706,18.129361245303276,7.03166935050993,1.2815351583467525,9.017713365539452,7.722758990874933,0.4294149221685454,0.3153515834675255,0.10735373054213634,0.2147074610842727,,0.03354804079441761,,,,
48,12.795222758990874,41.8545356951154,17.733494363929147,7.25979602791197,1.3016639828234031,9.950348899624261,7.729468599033816,0.7179280730005367,0.30193236714975846,0.10735373054213634,0.2147074610842727,,0.03354804079441761,,,,
49,12.801932367149758,41.626409017713364,17.62614063338701,7.407407407407407,1.42914653784219,9.896672034353195,7.695920558239399,0.785024154589372,0.3153515834675255,0.16774020397208803,0.2147074610842727,,0.03354804079441761,,,,
50,12.721417069243156,39.93558776167472,17.47181964573269,8.789586688137414,1.9524959742351047,9.782608695652174,7.669082125603865,0.8655394524959742,0.3757380568974772,0.20128824476650564,0.20128824476650564,,0.03354804079441761,,,,
51,12.640901771336553,39.861782071927,17.364465915190554,9.138486312399356,1.9793344068706387,9.675254965110037,7.427536231884058,0.9259259259259259,0.5568974771873323,0.16774020397208803,0.2281266774020397,,0.03354804079441761,,,,
52,12.546967257112184,41.599570585077835,16.80756843800322,9.306226516371444,1.90552871712292,8.527911969940956,7.4141170155662905,0.9192163177670424,0.5166398282340311,0.19457863660762212,0.2281266774020397,,0.03354804079441761,,,,
53,12.184648416532475,37.6207729468599,11.855877616747183,9.158615136876007,2.462426194310252,17.538915727321523,7.367149758454106,0.6776704240472357,0.5703166935050993,0.24154589371980675,0.2885131508319914,,0.03354804079441761,,,,
54,12.057165861513688,37.19806763285024,11.90955448201825,9.359903381642512,2.4825550187869028,17.45169082125604,7.648953301127214,0.7313472893183038,0.5837359098228664,0.2549651100375738,0.2885131508319914,,0.03354804079441761,,,,
55,11.688137412775093,36.493558776167475,13.788244766505636,9.044551798174986,2.6033279656468062,17.07595276435856,7.548309178743962,0.5770263016639828,0.5568974771873323,0.3421900161030596,0.24825550187869028,,0.03354804079441761,,,,
56,11.647879763821793,30.44820182501342,13.6406333870102,6.823671497584541,2.6301663982823404,27.355072463768117,5.481749865807837,0.7045088566827697,0.8319914117015567,0.20128824476650564,0.20128824476650564,,0.03354804079441761,,,,
57,11.41304347826087,30.08588298443371,13.70101986044015,6.9243156199677935,2.657004830917874,27.435587761674718,5.589103596349974,0.7783145464304885,0.9594739667203436,0.20128824476650564,0.2214170692431562,,0.03354804079441761,,,,
58,9.73564143853999,24.362587224906065,21.584809447128286,7.024959742351046,2.3752012882447664,26.96591519055287,5.548845947396672,0.8051529790660226,1.1406333870101986,0.20128824476650564,0.2214170692431562,,0.03354804079441761,,,,
59,9.789318303811058,24.268652710681696,21.068169618894256,7.0450885668276975,2.4355877616747184,26.67740203972088,5.501878690284487,1.3150831991411702,1.415727321524423,0.20799785292538917,0.2214170692431562,,0.05367686527106817,,,,
60,8.541331186258722,25.07380568974772,20.69243156199678,8.165593129361245,2.395330112721417,26.006441223832528,5.488459473966721,1.5365002683843263,1.5767579173376274,0.20799785292538917,0.24825550187869028,,0.06709608158883522,,,,
61,8.568169618894256,24.818840579710145,19.07541599570585,8.192431561996779,2.4691358024691357,27.126945786366075,6.025228126677402,1.3553408480944713,1.8719806763285025,0.20799785292538917,0.2214170692431562,,0.06709608158883522,,,,
62,8.655394524959743,24.738325281803544,19.008319914117017,8.158883521202362,2.4691358024691357,26.69753086419753,6.0654857756307035,1.5901771336553945,2.0665593129361244,0.20799785292538917,0.24825550187869028,,0.0939345142243693,,,,
63,8.655394524959743,23.67149758454106,18.9747718733226,8.219269994632313,2.475845410628019,27.214170692431562,6.119162640901771,1.596886741814278,2.475845410628019,0.2281266774020397,0.24825550187869028,,0.12077294685990338,,,,
64,8.68894256575416,23.55072463768116,18.94122383252818,8.333333333333334,2.428878153515835,27.03972088030059,6.031937734836285,1.596886741814278,2.690552871712292,0.2952227589908749,0.24825550187869028,,0.15432098765432098,,,,
65,8.581588835212024,22.41009125067096,20.48443370907139,8.440687063875469,2.3483628556092326,26.46940418679549,6.025228126677402,1.5901771336553945,2.8650026838432634,0.30864197530864196,0.2616747181964573,,0.2147074610842727,,,,
66,8.621846484165324,22.208803005904453,20.40391841116479,8.507783145464305,2.3886205045625335,26.482823403113258,6.166129898013956,1.5633387010198605,2.8515834675254963,0.30864197530864196,0.28180354267310787,,0.2147074610842727,,,,
67,8.662104133118627,22.128287707997853,20.29656468062265,8.588298443370908,2.4154589371980677,26.32850241545894,6.152710681696189,1.6170155662909287,2.9589371980676327,0.30864197530864196,0.32877079978529256,,0.2147074610842727,,,,
68,8.420558239398819,20.538110574342458,30.844068706387546,8.36688137412775,2.7777777777777777,16.31105743424584,6.1862587224906065,3.488996242619431,2.1940418679549114,0.30193236714975846,0.32877079978529256,,0.24154589371980675,,,,
69,7.971014492753623,19.202898550724637,30.575684380032207,8.111916264090176,5.938003220611916,16.0829307568438,5.884326355340848,3.1535158346752548,2.1739130434782608,0.2952227589908749,0.33548040794417605,,0.27509393451422437,,,,
70,7.96430488459474,19.028448738593667,29.146537842190018,8.13875469672571,5.958132045088567,16.056092324208265,7.39398819108964,3.099838969404187,2.13365539452496,0.3757380568974772,0.33548040794417605,,0.36902844873859364,,,,
71,7.313472893183038,18.04884594739667,31.944444444444443,7.950885668276973,7.253086419753086,13.7211486849168,7.333601717659689,3.321256038647343,2.006172839506173,0.36231884057971014,0.3757380568974772,,0.36902844873859364,,,,
72,7.313472893183038,17.20343531937735,30.870907139023082,7.863660762211487,10.970209339774557,12.23161567364466,7.333601717659689,3.0394524959742353,1.7579173376274826,0.47638217928073,0.3757380568974772,,0.5636070853462157,,,,
73,7.286634460547504,17.07595276435856,30.54884594739667,8.185721953837897,10.983628556092324,11.896135265700483,7.353730542136339,3.0327428878153517,2.167203435319377,0.47638217928073,0.39586688137412773,,0.5971551261406334,,,,
74,7.1725711218464845,17.163177670424048,30.287171229200215,8.279656468062266,10.976918947933441,11.681427804616211,7.50805152979066,3.240740740740741,2.120236178207193,0.5032206119162641,0.46296296296296297,,0.6038647342995169,,,,
75,7.011540526033279,17.04911433172303,29.636339237788512,8.299785292538916,11.75523349436393,11.627750939345143,7.454374664519592,3.3682232957595275,2.120236178207193,0.5434782608695652,0.46296296296296297,,0.6709608158883521,,,,
76,6.723027375201288,16.760601180891037,30.152979066022546,8.299785292538916,11.808910359634996,11.325818572195384,7.407407407407407,3.616478797638218,2.1604938271604937,0.5166398282340311,0.5166398282340311,,0.7112184648416533,,,,
77,6.716317767042405,16.6532474503489,29.830917874396135,8.239398819108963,11.822329575952764,11.18491680085883,7.434245840042942,4.03918411164788,2.187332259796028,0.49651100375738055,0.5300590445517982,,0.8655394524959742,,,,
78,6.756575415995706,16.552603327965645,29.582662372517444,8.340042941492216,11.855877616747183,11.097691894793345,7.615405260332796,4.17337627482555,2.13365539452496,0.5233494363929146,0.48980139559849706,,0.8722490606548577,0.0067096081588835215,,,
79,6.816961889425658,16.384863123993558,29.381374127750938,8.313204508856682,11.238593666129898,11.473429951690822,8.038110574342458,4.206924315619967,2.2611379495437465,0.5367686527106817,0.48980139559849706,,0.8521202361782072,0.0067096081588835215,,,
80,6.857219538378959,16.35131508319914,29.24718196457327,8.252818035426731,12.238325281803542,11.453301127214171,7.286634460547504,4.247181964573269,2.227589908749329,0.4428341384863124,0.46967257112184646,,0.8923778851315083,0.03354804079441761,,,
81,6.944444444444445,16.364734299516908,28.77750939345142,8.319914117015566,12.151100375738057,11.3593666129898,7.253086419753086,4.555823939881911,2.3349436392914655,0.5099302200751477,0.4562533548040794,,0.9192163177670424,0.05367686527106817,,,
82,7.0450885668276975,16.25067096081589,28.522544283413847,8.319914117015566,12.4597423510467,11.3191089640365,7.266505636070853,4.53569511540526,2.26784755770263,0.5367686527106817,0.4830917874396135,,0.9192163177670424,0.07380568974771873,,,
83,7.004830917874396,14.922168545356952,28.32125603864734,7.635534084809447,14.875201288244767,11.11111111111111,7.152442297369833,4.643048845947397,2.301395598497048,0.5166398282340311,0.46967257112184646,,0.9930220075147611,0.05367686527106817,,,
84,6.9310252281266775,14.774557165861514,28.052871712292003,7.75630703166935,14.492753623188406,11.77536231884058,6.884057971014493,4.938271604938271,2.3215244229736984,0.5367686527106817,0.4562533548040794,,1.0265700483091786,0.05367686527106817,,,
85,6.172839506172839,27.47584541062802,24.84567901234568,9.064680622651638,11.553945249597424,8.427267847557703,5.35426731078905,3.6768652710681695,1.932367149758454,0.2616747181964573,0.4294149221685454,,0.7783145464304885,0.026838432635534086,,,
86,6.166129898013956,25.38244766505636,27.750939345142243,9.07139023081052,9.86983360171766,8.447396672034353,6.280193236714976,3.7573805689747717,1.9122383252818036,0.2616747181964573,0.28180354267310787,,0.785024154589372,0.03354804079441761,,,
87,6.031937734836285,25.067096081588836,27.529522275899087,9.138486312399356,10.473698336017177,8.333333333333334,6.266774020397209,3.797638217928073,1.9122383252818036,0.23483628556092323,0.2683843263553409,,0.9125067096081588,0.03354804079441761,,,
88,6.045356951154052,24.932903918411164,27.28797638217928,9.118357487922705,10.473698336017177,8.319914117015566,6.3137412775093935,4.045893719806763,1.932367149758454,0.23483628556092323,0.322061191626409,0.06038647342995169,0.8789586688137413,0.03354804079441761,,,
89,6.092324208266238,24.86580783682233,27.167203435319376,9.064680622651638,10.44015029522276,8.21256038647343,6.588835212023618,4.032474503488996,1.9860440150295222,0.23483628556092323,0.28180354267310787,0.08051529790660225,0.9192163177670424,0.03354804079441761,,,
90,6.139291465378422,24.402844873859365,27.01959205582394,8.923778851315083,10.487117552334944,8.152173913043478,7.27992485238862,4.079441760601181,1.9860440150295222,0.2147074610842727,0.2952227589908749,0.0939345142243693,0.8923778851315083,0.03354804079441761,,,
91,6.085614600107354,23.698336017176597,25.328770799785293,10.554213633923778,10.124798711755233,8.165593129361245,7.675791733762749,4.864465915190553,1.932367149758454,0.19457863660762212,0.33548040794417605,0.0939345142243693,0.9125067096081588,0.03354804079441761,,,
92,5.810520665593129,23.262211486849168,24.872517444981213,10.997047772410092,9.762479871175524,9.232420826623725,7.212828770799785,5.01207729468599,2.214170692431562,0.14090177133655393,0.30864197530864196,0.14090177133655393,0.9997316156736447,0.03354804079441761,,,
93,5.810520665593129,22.926731078904993,24.194847020933977,11.131239935587761,10.057702630166398,8.621846484165324,8.199141170155663,5.226784755770263,2.1068169618894257,0.1274825550187869,0.33548040794417605,0.1610305958132045,1.06682769726248,0.03354804079441761,,,
94,5.8172302737520125,22.67176596886742,24.053945249597422,11.2788513150832,10.131508319914117,8.796296296296296,8.011272141706923,5.287171229200215,2.13365539452496,0.1878690284487386,0.36231884057971014,0.1610305958132045,1.0735373054213635,0.03354804079441761,,,
95,5.877616747181965,22.443639291465377,23.26892109500805,11.406333870101985,10.158346752549651,8.749329039184111,8.011272141706923,6.166129898013956,2.086688137412775,0.20128824476650564,0.36231884057971014,0.1610305958132045,1.0735373054213635,0.03354804079441761,,,
96,5.884326355340848,22.21551261406334,23.020665593129362,11.621041331186259,10.238862050456254,8.756038647342995,8.091787439613526,6.260064412238325,2.0799785292538915,0.2147074610842727,0.36231884057971014,0.1610305958132045,1.0601180891035964,0.03354804079441761,,,
97,5.622651637144391,20.30998389694042,29.55582393988191,10.849436392914654,9.27938808373591,8.849973161567364,7.924047235641439,3.965378421900161,1.9860440150295222,0.17444981213097155,0.3421900161030596,0.15432098765432098,0.95276435856146,0.03354804079441761,,,
98,5.629361245303274,20.229468599033815,29.367954911433173,10.93666129898014,9.272678475577026,8.76274825550188,7.971014492753623,4.126409017713366,2.01959205582394,0.17444981213097155,0.38915727321524424,0.15432098765432098,0.9326355340848095,0.03354804079441761,,,
99,5.676328502415459,20.135534084809446,29.25389157273215,10.775630703166936,9.151905528717123,8.548040794417606,8.038110574342458,4.488727858293076,2.15378421900161,0.17444981213097155,0.38915727321524424,0.15432098765432098,1.0265700483091786,0.03354804079441761,,,
100,5.649490069779925,19.639023081052066,26.053408480944714,11.647879763821793,9.219001610305957,8.454106280193237,7.890499194847021,7.380568974771873,2.1940418679549114,0.17444981213097155,0.46296296296296297,0.15432098765432098,1.0466988727858293,0.03354804079441761,,,
101,4.958400429414922,16.774020397208805,33.682232957595275,11.017176596886742,8.07836822329576,7.809983896940419,7.14573268921095,6.904186795491143,1.7914653784219001,0.1274825550187869,0.5233494363929146,0.1878690284487386,0.966183574879227,0.03354804079441761,,,
102,4.9718196457326895,16.6532474503489,33.373590982286636,11.151368760064413,7.997852925389157,7.7898550724637685,7.14573268921095,7.139023081052066,1.8384326355340848,0.1610305958132045,0.5233494363929146,0.20799785292538917,1.0131508319914118,0.03354804079441761,,,
103,4.99194847020934,16.59957058507783,32.910628019323674,11.097691894793345,8.185721953837897,7.769726247987117,7.14573268921095,7.474503488996243,1.8048845947396672,0.19457863660762212,0.5233494363929146,0.23483628556092323,1.0198604401502953,0.03354804079441761,0.013419216317767043,,
104,4.750402576489533,15.022812667740205,41.2037037037037,10.071121846484166,6.286902844873859,7.494632313472893,6.494900697799249,5.226784755770263,1.4962426194310252,0.17444981213097155,0.49651100375738055,0.2147074610842727,1.0198604401502953,0.03354804079441761,0.013419216317767043,,
105,4.757112184648417,14.935587761674718,40.727321524422976,10.077831454643048,6.575415995705851,7.427536231884058,6.400966183574879,5.501878690284487,1.6975308641975309,0.17444981213097155,0.49651100375738055,0.2147074610842727,0.966183574879227,0.03354804079441761,0.013419216317767043,,
106,4.7168545356951155,14.855072463768115,39.9020397208803,10.701825013419215,6.629092860976919,7.440955448201825,6.394256575415996,5.656199677938808,1.7042404723564144,0.2214170692431562,0.49651100375738055,0.24154589371980675,0.9930220075147611,0.03354804079441761,0.013419216317767043,,
107,4.783950617283951,14.606816961889425,39.38539989264627,11.20504562533548,6.5552871712292005,7.407407407407407,6.468062265163715,5.857487922705314,1.737788513150832,0.2214170692431562,0.4495437466451959,0.2683843263553409,1.0064412238325282,0.03354804079441761,0.013419216317767043,,
108,4.824208266237251,14.600107353730541,39.03650026838432,11.137949543746645,6.528448738593666,7.39398819108964,6.488191089640365,6.099033816425121,1.7914653784219001,0.24154589371980675,0.4495437466451959,0.3153515834675255,1.0466988727858293,0.03354804079441761,0.013419216317767043,,
109,4.864465915190553,14.49946323134729,38.788244766505635,11.017176596886742,6.662640901771336,7.347020933977456,6.602254428341385,6.286902844873859,1.778046162104133,0.24154589371980675,0.48980139559849706,0.3153515834675255,1.0601180891035964,0.03354804079441761,0.013419216317767043,,
110,4.019055287171229,16.431830381105744,37.80193236714976,10.909822866344605,6.568706387546968,7.541599570585078,6.528448738593666,6.253354804079442,1.7981749865807837,0.23483628556092323,0.48980139559849706,0.3153515834675255,1.0601180891035964,0.03354804079441761,0.013419216317767043,,
111,4.072732152442297,16.378153515834676,37.567096081588836,10.876274825550189,6.575415995705851,7.501341921631776,6.5552871712292005,6.4412238325281805,1.8183038110574343,0.24825550187869028,0.47638217928073,0.3153515834675255,1.1272141706924315,0.03354804079441761,0.013419216317767043,,
112,4.079441760601181,16.35131508319914,36.178207192699944,10.82259796027912,6.602254428341385,7.467793880837359,8.031400966183575,6.421095008051529,1.7914653784219001,0.24825550187869028,0.47638217928073,0.35560923242082665,1.1272141706924315,0.03354804079441761,0.013419216317767043,,
113,4.05931293612453,16.25738056897477,35.29253891572732,10.782340311325818,6.561996779388084,7.561728395061729,8.132045088566828,7.179280730005368,1.7981749865807837,0.2616747181964573,0.4562533548040794,0.3824476650563607,1.1943102522812667,0.06709608158883522,0.013419216317767043,,
114,4.1129898013955986,16.203703703703702,35.178475577026305,10.681696188942565,6.595544820182502,7.5348899624261945,8.21256038647343,7.239667203435319,1.8518518518518519,0.2683843263553409,0.47638217928073,0.3757380568974772,1.221148684916801,0.03354804079441761,0.013419216317767043,,
115,4.066022544283414,16.076221148684915,35.04428341384863,10.715244229736983,6.602254428341385,7.501341921631776,8.266237251744498,7.4141170155662905,1.8853998926462694,0.2683843263553409,0.5099302200751477,0.3757380568974772,1.2278582930756843,0.03354804079441761,0.013419216317767043,,
116,4.025764895330113,16.069511540526033,34.86312399355877,10.742082662372518,6.622383252818035,7.521470746108427,8.407139023081053,7.521470746108427,1.8384326355340848,0.2549651100375738,0.49651100375738055,0.38915727321524424,1.2278582930756843,0.0067096081588835215,0.013419216317767043,,
117,4.032474503488996,16.056092324208265,34.447128287708,10.970209339774557,6.66935050993022,7.347020933977456,8.447396672034353,7.628824476650563,1.9189479334406871,0.2952227589908749,0.4830917874396135,0.41599570585077833,1.2681159420289856,0.0067096081588835215,0.013419216317767043,,
118,4.045893719806763,15.53274288781535,33.984165324745035,11.037305421363392,6.723027375201288,7.266505636070853,9.104938271604938,7.930756843800322,1.9659151905528718,0.30864197530864196,0.4830917874396135,0.32877079978529256,1.2681159420289856,0.0067096081588835215,0.013419216317767043,,
119,4.03918411164788,15.458937198067632,33.682232957595275,11.131239935587761,6.749865807836822,7.27992485238862,9.037842190016104,8.13875469672571,2.033011272141707,0.322061191626409,0.5099302200751477,0.32877079978529256,1.2681159420289856,0.0067096081588835215,0.013419216317767043,,
120,4.133118625872249,15.344873859366613,33.44068706387547,11.124530327428879,6.655931293612453,7.273215244229737,9.245840042941492,8.279656468062266,2.046430488459474,0.322061191626409,0.5099302200751477,0.32877079978529256,1.2748255501878691,0.0067096081588835215,0.013419216317767043,,
121,4.146537842190016,15.096618357487923,33.17901234567901,11.037305421363392,6.125872249060655,7.192699946323135,10.493827160493828,8.239398819108963,2.01959205582394,0.322061191626409,0.5233494363929146,0.3153515834675255,1.288244766505636,0.0067096081588835215,0.013419216317767043,,
122,4.139828234031133,14.821524422973699,33.02469135802469,10.446859903381643,6.0587761674718195,8.628556092324208,10.178475577026301,8.219269994632313,2.24771873322598,0.322061191626409,0.38915727321524424,0.322061191626409,1.1808910359634996,0.0067096081588835215,0.013419216317767043,,
123,4.180085882984434,14.78797638217928,32.6556629092861,10.748792270531402,6.0654857756307035,8.57487922705314,10.218733225979603,8.205850778314547,2.314814814814815,0.322061191626409,0.38915727321524424,0.322061191626409,1.1943102522812667,0.0067096081588835215,0.013419216317767043,,
124,4.2203435319377345,14.714170692431562,32.46108427267848,10.795759527643586,6.072195383789587,8.548040794417606,10.238862050456254,8.299785292538916,2.3752012882447664,0.33548040794417605,0.3757380568974772,0.3421900161030596,1.2010198604401503,0.0067096081588835215,0.013419216317767043,,
125,4.280730005367687,14.553140096618357,32.23295759527644,10.782340311325818,6.045356951154052,8.514492753623188,10.453569511540525,8.433977455716587,2.4490069779924855,0.33548040794417605,0.36902844873859364,0.3421900161030596,1.1876006441223832,0.0067096081588835215,0.013419216317767043,,
126,4.159957058507783,13.613794954374665,31.407675791733762,10.352925389157273,9.702093397745571,8.387010198604402,10.446859903381643,7.266505636070853,2.442297369833602,0.3153515834675255,0.33548040794417605,0.33548040794417605,1.2144390767579174,0.0067096081588835215,0.013419216317767043,,
127,4.200214707461084,13.613794954374665,30.864197530864196,10.279119699409554,9.534353193773484,9.01100375738057,10.674986580783683,7.206119162640902,2.3617820719269993,0.30864197530864196,0.3488996242619431,0.33548040794417605,1.2412775093934514,0.0067096081588835215,0.013419216317767043,,
128,4.2270531400966185,13.580246913580247,30.575684380032207,10.305958132045088,9.541062801932368,9.017713365539452,10.661567364465915,7.4141170155662905,2.38191089640365,0.33548040794417605,0.3824476650563607,0.33548040794417605,1.221148684916801,0.0067096081588835215,0.013419216317767043,,
129,4.2270531400966185,13.459473966720344,29.025764895330113,11.929683306494901,9.561191626409018,9.07139023081052,10.63472893183038,7.333601717659689,2.4892646269457863,0.33548040794417605,0.3757380568974772,0.30864197530864196,1.2278582930756843,0.0067096081588835215,0.013419216317767043,,
130,4.213633923778851,13.352120236178207,28.992216854535695,12.030327428878154,9.588030059044552,8.997584541062801,10.668276972624799,7.313472893183038,2.475845410628019,0.35560923242082665,0.4025764895330113,0.322061191626409,1.2681159420289856,0.0067096081588835215,0.013419216317767043,,
131,4.139828234031133,13.197799248523886,28.093129361245303,11.641170155662909,9.769189479334408,9.541062801932368,11.66129898013956,7.14573268921095,2.442297369833602,0.3757380568974772,0.3824476650563607,0.322061191626409,1.2681159420289856,0.0067096081588835215,0.013419216317767043,,
132,4.146537842190016,13.157541599570585,27.91867954911433,11.681427804616211,9.782608695652174,9.494095544820183,11.634460547504025,7.1725711218464845,2.442297369833602,0.3757380568974772,0.4294149221685454,0.4025764895330113,1.3419216317767042,0.0067096081588835215,0.013419216317767043,,
133,4.106280193236715,12.27187332259796,27.72410091250671,11.05072463768116,9.77589908749329,9.500805152979066,13.33870101986044,7.092055823939882,2.4221685453569513,0.43612453032742887,0.4294149221685454,0.3153515834675255,1.5163714439076759,0.0067096081588835215,0.013419216317767043,,
134,4.1129898013955986,12.224906065485776,27.522812667740205,11.09098228663446,9.73564143853999,9.453837895866881,13.298443370907139,7.239667203435319,2.428878153515835,0.49651100375738055,0.4294149221685454,0.3153515834675255,1.6304347826086956,0.0067096081588835215,0.013419216317767043,,
135,4.17337627482555,11.990069779924852,27.294685990338163,11.124530327428879,9.722222222222221,9.39345142243693,13.305152979066023,7.501341921631776,2.5563607085346214,0.5501878690284487,0.43612453032742887,0.2952227589908749,1.6371443907675791,0.0067096081588835215,0.013419216317767043,,
136,4.159957058507783,11.81561996779388,27.20746108427268,11.446591519055287,9.722222222222221,9.386741814278047,13.258185721953838,7.608695652173913,2.5026838432635534,0.5099302200751477,0.4227053140096618,0.28180354267310787,1.6572732152442298,0.0067096081588835215,0.013419216317767043,,
137,4.186795491143317,11.594202898550725,26.778046162104133,11.486849168008588,9.702093397745571,9.272678475577026,13.39237788513151,7.9039184111647875,2.657004830917874,0.5233494363929146,0.4227053140096618,0.30864197530864196,1.751207729468599,0.0067096081588835215,0.013419216317767043,,
138,4.180085882984434,11.520397208803006,26.247987117552334,11.862587224906065,9.728931830381105,9.480676328502415,13.39237788513151,8.011272141706923,2.576489533011272,0.5434782608695652,0.4227053140096618,0.2952227589908749,1.7176596886741815,0.0067096081588835215,0.013419216317767043,,
139,4.139828234031133,11.466720343531938,26.154052603327965,11.862587224906065,9.681964573268921,9.420289855072463,13.439345142243694,8.091787439613526,2.6637144390767578,0.5434782608695652,0.4227053140096618,0.30864197530864196,1.7847557702630166,0.0067096081588835215,0.013419216317767043,,
140,4.186795491143317,11.218464841653248,25.89908749329039,11.761943102522812,10.715244229736983,9.473966720343531,12.922705314009661,8.111916264090176,2.6435856146001075,0.5300590445517982,0.4428341384863124,0.30864197530864196,1.7646269457863661,0.0067096081588835215,0.013419216317767043,,
141,4.247181964573269,11.178207192699947,25.44283413848631,11.627750939345143,10.681696188942565,9.333064949006978,13.573537305421363,8.017981749865807,2.791196994095545,0.5568974771873323,0.4562533548040794,0.30864197530864196,1.7646269457863661,0.0067096081588835215,0.013419216317767043,,
142,4.253891572732153,11.144659151905529,24.590713902308106,11.66129898013956,10.72866344605475,9.346484165324744,14.204240472356414,8.071658615136876,2.818035426731079,0.6508319914117016,0.43612453032742887,0.30193236714975846,1.7713365539452497,0.0067096081588835215,0.013419216317767043,,
143,3.864734299516908,9.004294149221685,36.05072463768116,9.017713365539452,10.50053676865271,9.252549651100376,11.198336017176597,5.958132045088567,2.7844873859366612,0.4092860976918948,0.38915727321524424,0.10735373054213634,1.442565754159957,0.0067096081588835215,0.013419216317767043,,
144,3.9184111647879765,8.883521202361782,35.87627482555019,9.004294149221685,10.50053676865271,9.131776704240472,11.379495437466453,6.166129898013956,2.791196994095545,0.41599570585077833,0.35560923242082665,0.10735373054213634,1.4626945786366077,0.0067096081588835215,,,
145,3.938539989264627,8.635265700483092,35.72866344605475,8.903650026838433,11.225174449812132,8.675523349436393,11.453301127214171,6.246645195920558,2.771068169618894,0.5032206119162641,0.3421900161030596,0.10735373054213634,1.4626945786366077,0.0067096081588835215,,,
146,3.9519592055823938,8.61513687600644,35.53408480944713,8.93719806763285,11.916264090177133,8.266237251744498,11.305689747718732,6.367418142780462,2.6972624798711755,0.48980139559849706,0.3421900161030596,0.10735373054213634,1.4626945786366077,0.0067096081588835215,,,
147,3.911701556629093,8.440687063875469,35.23215244229737,9.138486312399356,11.808910359634996,8.3467525496511,11.252012882447666,6.535158346752549,2.7509393451422435,0.5501878690284487,0.41599570585077833,0.10735373054213634,1.5029522275899088,0.0067096081588835215,,,
148,3.898282340311326,8.313204508856682,34.95034889962426,9.333064949006978,11.768652710681696,8.333333333333334,11.285560923242082,6.602254428341385,2.7979066022544283,0.644122383252818,0.4227053140096618,0.14090177133655393,1.5029522275899088,0.0067096081588835215,,,
149,3.81105743424584,7.957595276435856,34.735641438539986,9.225711218464841,13.7211486849168,7.722758990874933,10.983628556092324,6.454643048845948,2.677133655394525,0.6105743424584005,0.43612453032742887,0.14090177133655393,1.5096618357487923,,,0.013419216317767043,
150,3.770799785292539,7.930756843800322,34.68867418142781,9.292807300053678,13.808373590982287,7.695920558239399,10.997047772410092,6.407675791733762,2.657004830917874,0.6105743424584005,0.43612453032742887,0.14090177133655393,1.5499194847020934,,,0.013419216317767043,
151,3.784219001610306,7.890499194847021,34.245840042941495,9.024422973698336,13.808373590982287,8.333333333333334,10.762211486849168,6.642512077294686,2.7643585614600106,0.6508319914117016,0.4294149221685454,0.12077294685990338,1.5297906602254427,,,0.013419216317767043,
152,3.7775093934514223,7.883789586688137,32.930756843800324,8.970746108427267,13.539989264626946,8.373590982286634,12.432903918411165,6.642512077294686,2.737520128824477,0.6776704240472357,0.41599570585077833,0.11406333870101985,1.4895330112721417,,,0.013419216317767043,
153,3.878153515834675,7.883789586688137,32.68250134192163,9.07139023081052,13.43263553408481,8.393719806763285,12.432903918411165,6.769994632313473,2.7106816961889426,0.7045088566827697,0.41599570585077833,0.11406333870101985,1.4962426194310252,,,0.013419216317767043,
154,3.8848631239935587,7.87037037037037,32.06521739130435,9.232420826623725,13.667471819645733,8.387010198604402,12.406065485775631,7.065217391304348,2.6704240472356413,0.6508319914117016,0.4092860976918948,0.11406333870101985,1.5633387010198605,,,0.013419216317767043,
155,3.938539989264627,7.87037037037037,31.97799248523886,9.232420826623725,13.546698872785829,8.454106280193237,12.285292538915728,7.152442297369833,2.7777777777777777,0.630703166935051,0.4092860976918948,0.11406333870101985,1.583467525496511,0.013419216317767043,,0.013419216317767043,
156,3.92512077294686,7.7361782071927,31.863929146537842,9.07139023081052,13.868760064412239,8.387010198604402,12.365807836822329,7.226247987117552,2.791196994095545,0.630703166935051,0.4025764895330113,0.11406333870101985,1.5901771336553945,0.013419216317767043,,0.013419216317767043,
157,4.03918411164788,7.588566827697263,31.548577563070317,9.064680622651638,13.841921631776705,8.467525496511003,12.352388620504563,7.454374664519592,2.7979066022544283,0.7112184648416533,0.4025764895330113,0.11406333870101985,1.5901771336553945,0.013419216317767043,,0.013419216317767043,
158,4.045893719806763,7.581857219538379,31.072195383789587,9.138486312399356,14.586688137412775,8.380300590445518,12.352388620504563,7.192699946323135,2.7442297369833604,0.7447665056360708,0.4025764895330113,0.11406333870101985,1.6170155662909287,0.013419216317767043,,0.013419216317767043,
159,4.139828234031133,7.514761137949543,30.897745571658614,9.205582393988191,14.51959205582394,8.246108427267847,12.406065485775631,7.353730542136339,2.818035426731079,0.7045088566827697,0.43612453032742887,0.11406333870101985,1.6170155662909287,0.013419216317767043,,0.013419216317767043,
160,4.186795491143317,7.48792270531401,30.817230273752013,9.23913043478261,14.452495974235104,8.239398819108963,12.473161567364466,7.367149758454106,2.831454643048846,0.7581857219538379,0.43612453032742887,0.11406333870101985,1.570048309178744,0.013419216317767043,,0.013419216317767043,
161,4.092860976918948,7.320182501341922,34.21229200214707,8.487654320987655,13.862050456253355,7.27992485238862,12.325550187869029,6.991411701556629,2.589908749329039,0.7313472893183038,0.4227053140096618,0.11406333870101985,1.5432098765432098,0.013419216317767043,,0.013419216317767043,
162,3.9989264626945786,7.179280730005368,34.312936124530324,8.722490606548577,13.513150831991412,7.212828770799785,12.285292538915728,7.27992485238862,2.6435856146001075,0.7648953301127214,0.4227053140096618,0.11406333870101985,1.5365002683843263,,,0.013419216317767043,
