,45,50,55,53,51,52,54,56,59,57,58,60,61
0,96.44390767579173,3.556092324208266,,,,,,,,,,,
1,95.51798174986581,4.4820182501341925,,,,,,,,,,,
2,84.02442297369834,15.854804079441761,0.12077294685990338,,,,,,,,,,
3,74.49006977992485,22.785829307568438,0.20799785292538917,2.5161030595813205,,,,,,,,,
4,72.41680085882984,24.214975845410628,0.20799785292538917,2.4691358024691357,0.6910896403650026,,,,,,,,
5,72.41680085882984,21.83977455716586,0.20799785292538917,2.4557165861513686,3.079710144927536,,,,,,,,
6,67.40472356414385,28.743961352657006,0.24154589371980675,2.4557165861513686,1.1540526033279657,,,,,,,,
7,66.61969940955449,29.522275899087493,0.24154589371980675,2.428878153515835,1.1876006441223832,,,,,,,,
8,61.30568974771873,26.81159420289855,0.27509393451422437,2.3752012882447664,8.789586688137414,0.4428341384863124,,,,,,,
9,58.803005904455176,30.991680085882983,0.23483628556092323,1.7042404723564144,7.796564680622652,0.46967257112184646,,,,,,,
10,56.052066559312934,31.166129898013956,0.2616747181964573,0.9728931830381106,7.843531937734836,3.7037037037037037,,,,,,,
11,52.482555018786904,34.62157809983897,0.33548040794417605,0.9728931830381106,7.883789586688137,3.7037037037037037,,,,,,,
12,52.54965110037574,34.54106280193237,0.36231884057971014,0.9728931830381106,7.87037037037037,3.7037037037037037,,,,,,,
13,52.4020397208803,34.68867418142781,0.36231884057971014,0.9728931830381106,7.87037037037037,3.7037037037037037,,,,,,,
14,51.99946323134729,34.88325281803543,0.36231884057971014,0.9728931830381106,7.407407407407407,4.374664519592056,,,,,,,
15,49.04723564143854,35.02415458937198,1.0131508319914118,1.7981749865807837,8.722490606548577,4.361245303274289,0.03354804079441761,,,,,,
16,48.50375738056898,35.621309715512616,1.0131508319914118,1.7981749865807837,8.07836822329576,4.951690821256038,0.03354804079441761,,,,,,
17,48.55743424584004,35.43344068706388,1.1272141706924315,1.7981749865807837,8.105206655931294,4.944981213097155,0.03354804079441761,,,,,,
18,48.09447128287708,35.81588835212023,1.1674718196457328,1.7981749865807837,8.105206655931294,4.985238862050457,0.03354804079441761,,,,,,
19,41.39157273215244,41.176865271068166,1.0802469135802468,1.8317230273752012,9.5276435856146,4.958400429414922,0.03354804079441761,,,,,,
20,40.24422973698336,43.80032206119163,1.1137949543746646,1.3419216317767042,8.3064949006978,3.8848631239935587,1.2748255501878691,0.03354804079441761,,,,,
21,38.30515297906602,43.283682232957595,1.2010198604401503,1.3419216317767042,10.674986580783683,3.8848631239935587,1.2748255501878691,0.03354804079441761,,,,,
22,38.459473966720346,43.14949006977992,1.2010198604401503,1.3419216317767042,10.628019323671497,3.8848631239935587,1.3016639828234031,0.03354804079441761,,,,,
23,38.55340848094471,43.001878690284485,1.2681159420289856,1.3419216317767042,10.621309715512615,3.878153515834675,1.2748255501878691,0.03354804079441761,0.026838432635534086,,,,
24,37.815351583467525,42.47181964573269,1.415727321524423,1.3687600644122384,11.654589371980677,3.878153515834675,1.3016639828234031,0.06709608158883522,0.026838432635534086,,,,
25,37.82206119162641,42.330917874396135,1.3754696725711217,1.4358561460010735,11.614331723027375,3.878153515834675,1.4492753623188406,0.06709608158883522,0.026838432635534086,,,,
26,37.07729468599034,43.07568438003221,1.4694041867954912,1.4358561460010735,11.533816425120772,3.8580246913580245,1.4358561460010735,0.06709608158883522,0.026838432635534086,0.020128824476650563,,,
27,37.151100375738054,42.74691358024691,1.7176596886741815,1.4358561460010735,11.11111111111111,4.26731078904992,1.4224369296833066,0.06709608158883522,0.026838432635534086,0.05367686527106817,,,
28,37.265163714439076,42.579173376274824,1.8585614600107354,1.402308105206656,11.084272678475577,4.240472356414386,1.4224369296833066,0.06709608158883522,0.026838432635534086,0.05367686527106817,,,
29,31.508319914117017,48.18169618894257,2.01959205582394,1.328502415458937,12.305421363392378,3.0864197530864197,1.4224369296833066,0.06709608158883522,0.026838432635534086,0.05367686527106817,,,
30,24.771873322597962,55.22678475577026,2.100107353730542,1.261406333870102,11.83574879227053,3.0864197530864197,1.570048309178744,0.06709608158883522,0.026838432635534086,0.05367686527106817,,,
31,24.644390767579175,53.03945249597424,1.90552871712292,1.7847557702630166,11.198336017176597,5.71658615136876,1.5633387010198605,0.06709608158883522,0.026838432635534086,0.05367686527106817,,,
32,24.530327428878152,51.831723027375205,2.1403650026838434,3.3950617283950617,10.7085346215781,5.709876543209877,1.5096618357487923,0.0939345142243693,0.026838432635534086,0.05367686527106817,,,
33,24.698067632850243,50.02012882447665,1.8048845947396672,3.3816425120772946,13.117283950617283,5.3274288781535155,1.5096618357487923,0.06038647342995169,0.026838432635534086,0.05367686527106817,,,
34,17.54562533548041,56.58883521202362,1.6774020397208802,3.3816425120772946,12.681159420289855,5.911164787976382,2.006172839506173,0.1274825550187869,0.026838432635534086,0.05367686527106817,,,
35,17.478529253891573,47.819377348362856,1.6103059581320451,3.113258185721954,21.846484165324746,5.864197530864198,2.006172839506173,0.1274825550187869,0.026838432635534086,0.10735373054213634,,,
36,17.431561996779386,45.813204508856685,1.8048845947396672,5.642780461621041,21.121846484165324,5.83064949006978,2.0397208803005906,0.1274825550187869,0.026838432635534086,0.13419216317767044,0.026838432635534086,,
37,17.55233494363929,45.69914117015566,1.8384326355340848,5.642780461621041,21.07487922705314,5.844068706387547,2.033011272141707,0.1274825550187869,0.026838432635534086,0.13419216317767044,0.026838432635534086,,
38,17.773752012882447,45.55823939881911,1.8719806763285025,5.636070853462158,20.967525496511005,5.8239398819108965,2.01959205582394,0.1610305958132045,0.026838432635534086,0.13419216317767044,0.026838432635534086,,
39,17.894524959742352,45.00805152979066,1.9860440150295222,5.622651637144391,20.873590982286636,5.810520665593129,2.395330112721417,0.19457863660762212,0.05367686527106817,0.13419216317767044,0.026838432635534086,,
40,18.00187869028449,44.887278582930755,2.0263016639828235,5.622651637144391,20.739398819108963,5.797101449275362,2.38191089640365,0.32877079978529256,0.05367686527106817,0.13419216317767044,0.026838432635534086,,
41,18.183038110574344,44.477992485238865,1.4962426194310252,5.595813204508857,20.605206655931294,6.642512077294686,2.4154589371980677,0.36902844873859364,0.05367686527106817,0.13419216317767044,0.026838432635534086,,
42,17.505367686527105,44.37063875469673,1.570048309178744,5.683038110574342,21.296296296296298,6.508319914117015,2.4154589371980677,0.43612453032742887,0.05367686527106817,0.13419216317767044,0.026838432635534086,,
43,17.518786902844873,43.73322597960279,1.570048309178744,6.414385399892646,21.22249060654858,6.4412238325281805,2.408749329039184,0.47638217928073,0.05367686527106817,0.13419216317767044,0.026838432635534086,,
44,16.21712292002147,42.31749865807837,1.5901771336553945,5.770263016639828,24.671229200214707,6.380837359098229,2.408749329039184,0.4294149221685454,0.05367686527106817,0.13419216317767044,0.026838432635534086,,
45,16.17686527106817,37.11755233494364,1.3419216317767042,5.750134192163178,24.62426194310252,12.667740203972087,1.6841116478797638,0.47638217928073,0.026838432635534086,0.10735373054213634,0.026838432635534086,,
46,16.344605475040257,36.922973698336016,1.4492753623188406,5.750134192163178,24.46323134728932,12.667740203972087,1.7310789049919484,0.5099302200751477,0.026838432635534086,0.10735373054213634,0.026838432635534086,,
47,16.53918411164788,36.30568974771873,1.583467525496511,5.730005367686527,24.805421363392377,12.553676865271068,1.7310789049919484,0.5099302200751477,0.026838432635534086,0.1878690284487386,0.026838432635534086,,
48,16.6129898013956,34.43370907139023,1.583467525496511,5.669618894256575,24.62426194310252,14.418947933440688,1.7914653784219001,0.5971551261406334,0.026838432635534086,0.2147074610842727,0.026838432635534086,,
49,16.760601180891037,34.292807300053674,1.6035963499731616,5.669618894256575,24.537037037037038,14.38539989264627,1.8250134192163177,0.6575415995705851,0.026838432635534086,0.2147074610842727,0.026838432635534086,,
50,17.01556629092861,34.12506709608159,1.737788513150832,5.649490069779925,24.36929683306495,14.257917337627482,1.8518518518518519,0.7246376811594203,0.026838432635534086,0.2147074610842727,0.026838432635534086,,
51,17.028985507246375,32.54159957058508,1.751207729468599,6.769994632313473,23.926462694578635,15.11003757380569,1.8518518518518519,0.7514761137949544,0.026838432635534086,0.2147074610842727,0.026838432635534086,,
52,15.257648953301127,27.234299516908212,1.1943102522812667,8.923778851315083,31.642512077294686,13.110574342458401,1.8384326355340848,0.5837359098228664,0.026838432635534086,0.1610305958132045,0.026838432635534086,,
53,10.466988727858293,33.702361782071925,0.8856682769726248,6.246645195920558,32.57514761137949,13.6406333870102,1.6035963499731616,0.6642512077294686,0.026838432635534086,0.1610305958132045,0.026838432635534086,,
54,10.7085346215781,32.9374664519592,1.4895330112721417,6.213097155126141,32.387278582930755,13.627214170692431,1.6035963499731616,0.8185721953837896,0.026838432635534086,0.1610305958132045,0.026838432635534086,,
55,10.849436392914654,32.83682232957595,1.6505636070853462,6.246645195920558,32.024959742351044,13.58695652173913,1.570048309178744,1.0198604401502953,0.026838432635534086,0.1610305958132045,0.026838432635534086,,
56,11.017176596886742,32.789855072463766,1.6505636070853462,6.246645195920558,31.95786366076221,13.519860440150294,1.556629092860977,1.0198604401502953,0.026838432635534086,0.1878690284487386,0.026838432635534086,,
57,11.225174449812132,32.729468599033815,1.6639828234031133,6.233225979602791,31.816961889425656,13.479602791196994,1.556629092860977,1.0399892646269457,0.026838432635534086,0.20128824476650564,0.026838432635534086,,
58,11.446591519055287,32.70263016639828,1.6505636070853462,6.219806763285024,31.488191089640367,13.47289318303811,1.556629092860977,1.2077294685990339,0.026838432635534086,0.20128824476650564,0.026838432635534086,,
59,11.54723564143854,32.58185721953838,1.6841116478797638,6.253354804079442,31.46135265700483,13.419216317767042,1.5230810520665594,1.2412775093934514,0.026838432635534086,0.23483628556092323,0.026838432635534086,,
60,11.272141706924316,31.367418142780462,1.7042404723564144,6.253354804079442,36.70155662909286,10.305958132045088,1.0332796564680622,1.107085346215781,0.020128824476650563,0.20799785292538917,0.026838432635534086,,
61,10.695115405260333,34.74235104669887,1.6103059581320451,5.8172302737520125,37.533548040794415,7.25979602791197,1.0332796564680622,1.133923778851315,0.020128824476650563,0.1274825550187869,0.026838432635534086,,
62,10.876274825550189,34.675254965110035,1.6371443907675791,5.750134192163178,37.493290391841114,7.25979602791197,1.0332796564680622,1.1003757380568975,0.020128824476650563,0.1274825550187869,0.026838432635534086,,
63,10.735373054213634,33.353462157809986,1.6438539989264627,5.119431025228127,36.44659151905529,10.399892646269459,1.06682769726248,1.0534084809447128,0.020128824476650563,0.13419216317767044,0.026838432635534086,,
64,10.976918947933441,33.00456253354804,1.9256575415995705,5.10601180891036,36.2385936661299,10.36634460547504,1.06682769726248,1.133923778851315,0.020128824476650563,0.13419216317767044,0.026838432635534086,,
65,10.983628556092324,29.97181964573269,1.9256575415995705,5.10601180891036,36.04401502952228,13.45276435856146,1.0265700483091786,1.2748255501878691,0.05367686527106817,0.13419216317767044,0.026838432635534086,,
66,11.07085346215781,29.891304347826086,1.9994632313472893,5.025496511003757,35.38647342995169,13.24476650563607,1.7646269457863661,1.3083735909822867,0.0939345142243693,0.1610305958132045,0.05367686527106817,,
67,11.16478797638218,29.428341384863124,2.0263016639828235,4.951690821256038,35.30595813204509,12.97638217928073,2.576489533011272,1.261406333870102,0.0939345142243693,0.1610305958132045,0.05367686527106817,,
68,11.218464841653248,28.965378421900162,1.9994632313472893,4.951690821256038,34.64170692431562,12.942834138486312,3.670155662909286,1.247987117552335,0.12077294685990338,0.1878690284487386,0.05367686527106817,,
69,11.473429951690822,28.878153515834676,2.0263016639828235,4.978529253891573,34.40016103059581,12.909286097691895,3.670155662909286,1.3016639828234031,0.12077294685990338,0.1878690284487386,0.05367686527106817,,
70,10.279119699409554,23.906333870101985,1.7176596886741815,4.394793344068707,36.621041331186255,18.612453032742888,2.804616210413312,1.3821792807300053,0.07380568974771873,0.15432098765432098,0.05367686527106817,,
71,10.420021470746109,23.879495437466453,1.7176596886741815,4.361245303274289,36.48684916800859,18.531937734836287,2.804616210413312,1.4626945786366077,0.07380568974771873,0.17444981213097155,0.08722490606548577,,
72,10.352925389157273,23.58427267847558,1.6908212560386473,4.736983360171766,35.63472893183038,19.592055823939884,2.589908749329039,1.4559849704777241,0.07380568974771873,0.20128824476650564,0.08722490606548577,,
73,10.38647342995169,21.390230810520666,1.8048845947396672,4.736983360171766,35.601180891035966,19.49141170155663,4.736983360171766,1.4559849704777241,0.07380568974771873,0.23483628556092323,0.08722490606548577,,
74,10.044283413848632,21.296296296296298,1.7914653784219001,5.414653784219001,34.31964573268921,20.79307568438003,4.4820182501341925,1.4626945786366077,0.07380568974771873,0.24825550187869028,0.07380568974771873,,
75,10.158346752549651,21.26945786366076,1.7981749865807837,5.394524959742351,34.292807300053674,20.739398819108963,4.468599033816425,1.4626945786366077,0.07380568974771873,0.28180354267310787,0.06038647342995169,,
76,10.205314009661835,21.18894256575416,1.7981749865807837,5.300590445517981,32.92404723564144,22.10144927536232,4.488727858293076,1.4962426194310252,0.07380568974771873,0.36231884057971014,0.06038647342995169,,
77,10.48040794417606,21.14868491680086,1.7914653784219001,5.24020397208803,32.76301663982824,21.826355340848096,4.488727858293076,1.570048309178744,0.07380568974771873,0.5568974771873323,0.06038647342995169,,
78,10.715244229736983,21.021202361782073,1.892109500805153,5.233494363929147,32.6154052603328,21.73913043478261,4.488727858293076,1.6035963499731616,0.07380568974771873,0.5568974771873323,0.06038647342995169,,
79,10.86285560923242,20.658883521202362,1.8988191089640365,6.971282877079979,32.00483091787439,20.96081588835212,4.28743961352657,1.6639828234031133,0.07380568974771873,0.5568974771873323,0.06038647342995169,,
80,10.245571658615138,19.256575415995705,2.8113258185721954,6.850509930220075,33.13204508856683,20.558239398819108,4.783950617283951,1.6572732152442298,0.06038647342995169,0.5837359098228664,0.06038647342995169,,
81,9.742351046698873,17.901234567901234,2.690552871712292,4.797369833601718,38.788244766505635,19.93424584004294,3.898282340311326,1.6237251744498122,0.06038647342995169,0.5568974771873323,0.0067096081588835215,,
82,9.829575952764358,17.860976918947934,2.623456790123457,4.797369833601718,39.55984970477724,19.269994632313473,3.844605475040258,1.570048309178744,0.06038647342995169,0.5770263016639828,0.0067096081588835215,,
83,9.842995169082126,17.337627482555018,3.2340311325818574,4.824208266237251,38.79495437466452,19.216317767042405,4.468599033816425,1.6035963499731616,0.06038647342995169,0.6105743424584005,0.0067096081588835215,,
84,9.769189479334408,16.089640365002683,3.2877079978529253,5.736714975845411,40.90177133655394,18.5252281266774,3.1870638754696725,1.6908212560386473,0.06038647342995169,0.644122383252818,0.10735373054213634,,
85,9.970477724100913,16.076221148684915,3.2877079978529253,5.736714975845411,40.80783682232958,18.47826086956522,3.166935050993022,1.6908212560386473,0.06038647342995169,0.6172839506172839,0.10735373054213634,,
86,10.104669887278583,16.015834675254965,3.294417606011809,5.703166935050993,40.5931293612453,18.417874396135264,3.207192699946323,1.8183038110574343,0.06038647342995169,0.644122383252818,0.14090177133655393,,
87,10.373054213633925,15.921900161030596,3.3145464304884595,5.683038110574342,40.445517981749866,18.337359098228664,3.207192699946323,1.8451422436929683,0.06038647342995169,0.6709608158883521,0.14090177133655393,,
88,10.493827160493828,15.888352120236178,3.3279656468062266,5.683038110574342,40.23081052066559,18.276972624798713,3.1736446591519054,1.9994632313472893,0.06038647342995169,0.6977992485238862,0.14090177133655393,0.026838432635534086,
89,10.648148148148149,15.33816425120773,4.133118625872249,5.6964573268921095,38.59366612989801,18.10252281266774,4.555823939881911,1.9793344068706387,0.06038647342995169,0.7246376811594203,0.14090177133655393,0.026838432635534086,
90,10.379763821792807,15.22410091250671,4.186795491143317,6.66935050993022,37.265163714439076,18.04884594739667,4.522275899087493,2.7509393451422435,0.06038647342995169,0.7246376811594203,0.14090177133655393,0.026838432635534086,
91,10.426731078904991,15.029522275899087,4.750402576489533,6.494900697799249,36.963231347289316,18.015297906602253,4.468599033816425,2.7643585614600106,0.06038647342995169,0.8051529790660226,0.19457863660762212,0.026838432635534086,
92,10.34621578099839,14.855072463768115,4.146537842190016,4.569243156199678,41.438539989264626,16.532474503488995,4.367954911433173,2.636876006441224,0.1274825550187869,0.8185721953837896,0.13419216317767044,0.026838432635534086,
93,10.393183038110575,14.2914653784219,4.092860976918948,5.4616210413311865,41.297638217928075,16.27750939345142,4.394793344068707,2.6838432635534084,0.1274825550187869,0.8185721953837896,0.13419216317767044,0.026838432635534086,
94,10.473698336017177,14.009661835748792,4.186795491143317,5.428073000536768,40.955448201825014,17.156468062265162,3.9720880300590444,2.6838432635534084,0.1274825550187869,0.8454106280193237,0.13419216317767044,0.026838432635534086,
95,10.399892646269459,13.526570048309178,4.213633923778851,5.314009661835748,40.98899624261943,16.961889425657542,4.636339237788513,2.7509393451422435,0.1274825550187869,0.8990874932903918,0.13419216317767044,0.04696725711218465,
96,10.50053676865271,13.278314546430488,4.200214707461084,6.219806763285024,40.653515834675254,16.53918411164788,4.5960815888352125,2.804616210413312,0.1274825550187869,0.8990874932903918,0.13419216317767044,0.04696725711218465,
97,10.567632850241546,13.278314546430488,4.3478260869565215,6.092324208266238,40.385131508319915,16.445249597423512,4.488727858293076,2.965646806226516,0.1610305958132045,0.95276435856146,0.2683843263553409,0.04696725711218465,
98,10.487117552334944,12.76838432635534,3.8714439076757916,6.038647342995169,38.056897477187334,19.249865807836823,5.186527106816962,2.918679549114332,0.1610305958132045,0.9796027911969941,0.23483628556092323,0.04696725711218465,
99,10.721953837895867,12.741545893719806,3.8378958668813743,6.018518518518518,37.86231884057971,19.209608158883523,5.132850241545894,3.0394524959742353,0.1610305958132045,0.9728931830381106,0.2549651100375738,0.04696725711218465,
100,10.151637144390767,12.546967257112184,3.7372517444981215,6.018518518518518,34.64170692431562,24.12775093934514,4.569243156199678,2.7241009125067097,0.1610305958132045,1.0198604401502953,0.2549651100375738,0.04696725711218465,
101,10.433440687063875,12.546967257112184,3.7372517444981215,5.991680085882985,34.37332259796028,24.000268384326354,4.569243156199678,2.885131508319914,0.1610305958132045,0.9997316156736447,0.2549651100375738,0.04696725711218465,
102,10.305958132045088,12.238325281803542,3.7238325281803544,9.16532474503489,34.333064949006975,21.55126140633387,4.528985507246377,2.871712292002147,0.1610305958132045,0.8185721953837896,0.2549651100375738,0.04696725711218465,
103,10.554213633923778,12.06387546967257,3.743961352657005,9.178743961352657,33.762748255501876,22.564412238325282,4.528985507246377,2.3752012882447664,0.1610305958132045,0.7648953301127214,0.2549651100375738,0.04696725711218465,
104,10.768921095008052,12.06387546967257,3.743961352657005,9.118357487922705,33.601717659688674,22.48389694041868,4.582662372517445,2.4020397208803006,0.1610305958132045,0.7716049382716049,0.2549651100375738,0.04696725711218465,
105,10.527375201288244,12.050456253354804,3.784219001610306,8.474235104669887,33.5077831454643,24.10091250670961,4.166666666666667,2.167203435319377,0.1610305958132045,0.785024154589372,0.2281266774020397,0.04696725711218465,
106,10.399892646269459,11.936392914653783,4.62962962962963,8.460815888352121,31.266774020397207,25.97289318303811,3.9855072463768115,2.24771873322598,0.0939345142243693,0.7313472893183038,0.2281266774020397,0.04696725711218465,
107,10.44015029522276,11.761943102522812,4.64975845410628,9.326355340848094,31.226516371443907,25.11406333870102,3.9855072463768115,2.2745571658615136,0.0939345142243693,0.8521202361782072,0.2281266774020397,0.04696725711218465,
108,10.607890499194847,11.761943102522812,4.602791196994096,9.339774557165862,31.146001073537306,24.986580783682232,3.9855072463768115,2.341653247450349,0.0939345142243693,0.8521202361782072,0.23483628556092323,0.04696725711218465,
109,10.829307568438002,11.761943102522812,3.4957058507783145,11.748523886205046,30.079173376274827,24.86580783682233,3.6634460547504024,2.38191089640365,0.06038647342995169,0.8789586688137413,0.23483628556092323,,
110,11.044015029522276,11.694847020933977,3.515834675254965,13.560118089103597,29.643048845947398,23.262211486849168,3.6634460547504024,2.408749329039184,0.08722490606548577,0.8856682769726248,0.23483628556092323,,
111,11.11111111111111,11.500268384326356,3.8043478260869565,13.385668276972625,29.49543746645196,23.060923242082662,3.824476650563607,2.589908749329039,0.08722490606548577,0.9057971014492754,0.23483628556092323,,
112,11.171497584541063,11.453301127214171,3.8378958668813743,13.365539452495975,29.461889425657542,23.007246376811594,3.81105743424584,2.6637144390767578,0.08722490606548577,0.9057971014492754,0.23483628556092323,,
113,11.252012882447666,11.446591519055287,3.8378958668813743,13.298443370907139,29.414922168545356,22.799248523886206,3.965378421900161,2.703972088030059,0.08722490606548577,0.9594739667203436,0.23483628556092323,,
114,11.312399355877616,11.399624261943103,3.8043478260869565,14.076757917337627,29.280730005367687,22.262479871175522,3.9586688137412773,2.717391304347826,0.08722490606548577,0.8923778851315083,0.20799785292538917,,
115,11.580783682232958,11.399624261943103,3.864734299516908,14.002952227589908,28.904991948470208,22.18196457326892,3.992216854535695,2.85829307568438,0.08722490606548577,0.9192163177670424,0.20799785292538917,,
116,11.694847020933977,11.312399355877616,5.065754159957058,13.687600644122384,28.28099838969404,21.85319377348363,3.9720880300590444,2.85829307568438,0.08722490606548577,0.9796027911969941,0.20799785292538917,,
117,9.88996242619431,9.534353193773484,4.448470209339774,11.446591519055287,34.655126140633385,20.014761137949545,6.508319914117015,2.395330112721417,0.04696725711218465,0.9594739667203436,0.10064412238325282,,
118,9.88996242619431,9.460547504025765,4.676596886741814,11.419753086419753,32.910628019323674,21.638486312399355,6.508319914117015,2.4020397208803006,0.04696725711218465,0.9594739667203436,0.08722490606548577,,
119,10.030864197530864,9.420289855072463,4.810789049919484,11.419753086419753,32.76301663982824,21.571390230810522,6.474771873322598,2.3752012882447664,0.04696725711218465,0.9997316156736447,0.08722490606548577,,
120,10.0979602791197,8.970746108427267,4.730273752012883,11.943102522812667,32.70263016639828,21.443907675791735,6.4412238325281805,2.4557165861513686,0.04696725711218465,1.0399892646269457,0.1274825550187869,,
121,9.842995169082126,8.581588835212024,4.690016103059581,11.849168008588299,34.05797101449275,20.9272678475577,6.407675791733762,2.314814814814815,0.07380568974771873,1.1003757380568975,0.15432098765432098,,
122,9.923510466988727,8.319914117015566,4.736983360171766,10.795759527643586,33.25281803542673,23.027375201288244,6.320450885668277,2.341653247450349,0.07380568974771873,1.1003757380568975,0.10735373054213634,,
123,10.144927536231885,8.266237251744498,4.750402576489533,10.748792270531402,32.769726247987116,23.349436392914654,6.300322061191626,2.3886205045625335,0.07380568974771873,1.1003757380568975,0.10735373054213634,,
124,9.386741814278047,7.971014492753623,4.736983360171766,10.607890499194847,28.931830381105744,28.535963499731615,6.226516371443908,2.2879763821792807,0.07380568974771873,1.133923778851315,0.10735373054213634,,
125,9.514224369296834,7.971014492753623,4.736983360171766,10.554213633923778,28.884863123993558,28.488996242619432,6.226516371443908,2.3081052066559313,0.07380568974771873,1.133923778851315,0.10735373054213634,,
126,9.520933977455716,7.48792270531401,4.341116478797638,10.547504025764896,30.434782608695652,28.29441760601181,5.656199677938808,2.3752012882447664,0.07380568974771873,1.1272141706924315,0.14090177133655393,,
127,9.668545356951155,7.380568974771873,5.045625335480408,10.36634460547504,30.267042404723565,27.95222758990875,5.622651637144391,2.4221685453569513,0.07380568974771873,1.093666129898014,0.10735373054213634,,
128,9.75577026301664,7.37385936661299,5.018786902844874,10.339506172839506,30.213365539452496,27.958937198067634,5.609232420826624,2.4221685453569513,0.07380568974771873,1.1003757380568975,0.13419216317767044,,
129,9.29951690821256,7.333601717659689,4.817498658078368,10.305958132045088,36.312399355877616,23.483628556092324,5.381105743424584,1.9726247987117553,0.07380568974771873,0.8856682769726248,0.13419216317767044,,
130,9.581320450885668,7.353730542136339,4.783950617283951,10.285829307568438,36.14465915190553,22.987117552334944,5.689747718733226,2.046430488459474,0.07380568974771873,0.9192163177670424,0.13419216317767044,,
131,9.842995169082126,7.353730542136339,4.736983360171766,10.165056360708535,35.95679012345679,22.873054213633925,5.837359098228664,2.100107353730542,0.07380568974771873,0.9259259259259259,0.13419216317767044,,
132,10.030864197530864,7.313472893183038,4.690016103059581,10.104669887278583,35.88298443370907,22.745571658615138,5.797101449275362,2.2342995169082127,0.10064412238325282,0.9393451422436929,0.1610305958132045,,
133,10.11808910359635,7.320182501341922,4.824208266237251,11.943102522812667,34.11164787976382,22.537573805689746,5.797101449275362,2.15378421900161,0.10064412238325282,0.9326355340848095,0.1610305958132045,,
134,10.299248523886206,7.306763285024155,4.804079441760601,11.829039184111648,33.943907675791735,22.544283413848632,5.797101449275362,2.3081052066559313,0.10064412238325282,0.9057971014492754,0.1610305958132045,,
135,10.433440687063875,7.286634460547504,4.783950617283951,11.822329575952764,33.89694041867955,22.517444981213096,5.790391841116479,2.301395598497048,0.10064412238325282,0.9057971014492754,0.1610305958132045,,
136,10.272410091250672,6.790123456790123,4.30756843800322,11.171497584541063,33.843263553408484,24.456521739130434,5.763553408480945,2.254428341384863,0.10064412238325282,0.8789586688137413,0.1610305958132045,,
137,10.077831454643048,6.756575415995706,4.28743961352657,11.171497584541063,34.594739667203434,23.95330112721417,5.750134192163178,2.2946859903381642,0.10064412238325282,0.8521202361782072,0.1610305958132045,,
138,10.178475577026301,6.729736983360172,4.314278046162104,11.131239935587761,34.514224369296834,23.879495437466453,5.730005367686527,2.301395598497048,0.12077294685990338,0.9393451422436929,0.1610305958132045,,
139,10.433440687063875,6.716317767042405,4.274020397208803,11.11111111111111,34.38003220611916,23.778851315083198,5.743424584004294,2.3215244229736984,0.12077294685990338,0.9594739667203436,0.1610305958132045,,
140,10.332796564680622,6.702898550724638,4.133118625872249,12.04374664519592,34.286097691894796,23.201825013419217,5.736714975845411,2.3215244229736984,0.12077294685990338,0.9594739667203436,0.1610305958132045,,
141,10.399892646269459,6.629092860976919,4.247181964573269,11.996779388083736,34.14519592055824,23.17498658078368,5.736714975845411,2.428878153515835,0.12077294685990338,0.9594739667203436,0.1610305958132045,,
142,10.453569511540525,6.501610305958132,4.448470209339774,11.98336017176597,34.05797101449275,23.1280193236715,5.756843800322061,2.428878153515835,0.12077294685990338,0.9594739667203436,0.1610305958132045,,
143,10.339506172839506,6.3070316693505095,4.079441760601181,11.023886205045626,33.93719806763285,26.03327965646806,4.696725711218465,2.3550724637681157,0.0939345142243693,0.9863123993558777,0.14761137949543746,,
144,10.373054213633925,6.172839506172839,4.133118625872249,10.929951690821255,33.2259796027912,26.8719806763285,4.683306494900698,2.38191089640365,0.0939345142243693,0.9863123993558777,0.14761137949543746,,
145,10.373054213633925,6.172839506172839,4.435050993022007,10.929951690821255,33.07836822329576,26.710950080515296,4.636339237788513,2.4355877616747184,0.0939345142243693,0.9863123993558777,0.14761137949543746,,
146,10.507246376811594,6.172839506172839,4.42163177670424,10.88298443370907,33.01798174986581,26.67740203972088,4.62962962962963,2.536231884057971,0.0939345142243693,0.9125067096081588,0.14761137949543746,,
147,10.674986580783683,6.146001073537305,4.42163177670424,10.815888352120236,32.94417606011809,26.65727321524423,4.609500805152979,2.576489533011272,0.0939345142243693,0.9125067096081588,0.14761137949543746,,
148,10.84272678475577,6.139291465378422,4.320987654320987,11.151368760064413,32.7361782071927,26.38888888888889,4.5960815888352125,2.6435856146001075,0.0939345142243693,0.9393451422436929,0.14761137949543746,,
149,10.997047772410092,6.119162640901771,4.320987654320987,11.131239935587761,32.6556629092861,26.1808910359635,4.569243156199678,2.6704240472356413,0.0939345142243693,1.1137949543746646,0.14761137949543746,,
150,11.171497584541063,6.0654857756307035,4.320987654320987,11.023886205045626,32.347020933977454,26.053408480944714,4.783950617283951,2.771068169618894,0.0939345142243693,1.1674718196457328,0.20128824476650564,,
151,11.010466988727858,6.025228126677402,4.2203435319377345,12.889157273215245,30.71658615136876,25.55689747718733,4.944981213097155,3.1736446591519054,0.0939345142243693,1.1674718196457328,0.20128824476650564,,
152,11.017176596886742,6.025228126677402,4.2203435319377345,13.41250670960816,30.703166935050994,25.087224906065487,4.944981213097155,3.1535158346752548,0.0939345142243693,1.1406333870101986,0.20128824476650564,,
153,11.064143853998926,6.072195383789587,4.810789049919484,12.801932367149758,30.689747718733226,25.026838432635532,4.9651100375738055,3.1333870101986045,0.0939345142243693,1.1406333870101986,0.20128824476650564,,
154,11.158078368223295,6.072195383789587,4.797369833601718,12.775093934514224,30.60252281266774,24.953032742887814,4.9651100375738055,3.180354267310789,0.12077294685990338,1.1741814278046163,0.20128824476650564,,
155,11.352657004830919,6.0654857756307035,4.824208266237251,12.560386473429952,30.159688674181428,24.88593666129898,5.522007514761138,3.2474503488996245,0.08722490606548577,1.1137949543746646,0.18115942028985507,,
156,11.553945249597424,6.0654857756307035,4.824208266237251,12.526838432635534,30.06575415995706,24.812130971551262,5.522007514761138,3.280998389694042,0.08722490606548577,1.1137949543746646,0.14761137949543746,,
157,11.064143853998926,5.4549114331723025,4.736983360171766,12.473161567364466,31.333870101986044,24.530327428878152,5.4616210413311865,3.502415458937198,0.08722490606548577,1.2144390767579174,0.14090177133655393,,
158,11.137949543746645,5.4549114331723025,4.7101449275362315,12.4597423510467,31.280193236714975,24.52361782071927,5.4616210413311865,3.5292538915727323,0.08722490606548577,1.2144390767579174,0.14090177133655393,,
159,11.211755233494364,5.441492216854535,4.669887278582931,12.52012882447665,31.239935587761675,24.396135265700483,5.441492216854535,3.6097691894793345,0.08722490606548577,1.2144390767579174,0.16774020397208803,,
160,11.3593666129898,5.394524959742351,4.64975845410628,12.25174449812131,31.166129898013956,24.610842726784757,5.428073000536768,3.656736446591519,0.08722490606548577,1.2278582930756843,0.16774020397208803,,
161,11.54723564143854,5.394524959742351,4.730273752012883,12.177938808373591,31.085614600107355,24.4699409554482,5.488459473966721,3.656736446591519,0.08722490606548577,1.1674718196457328,0.19457863660762212,,
162,11.54723564143854,5.488459473966721,4.7638217928073,12.171229200214707,30.88432635534085,24.396135265700483,5.508588298443371,3.730542136339238,0.08722490606548577,1.1943102522812667,0.2281266774020397,,
163,11.882716049382717,5.46833064949007,4.884594739667204,12.097423510466989,30.73671497584541,24.094202898550726,5.501878690284487,3.717122920021471,0.08722490606548577,1.3016639828234031,0.2281266774020397,,
164,11.969940955448202,5.407944176060118,5.542136339237788,12.077294685990339,30.314009661835748,23.872785829307567,5.548845947396672,3.6500268384326353,0.08722490606548577,1.3016639828234031,0.2281266774020397,,
165,12.198067632850242,5.387815351583468,5.535426731078905,12.057165861513688,30.18652710681696,23.79898013955985,5.548845947396672,3.6768652710681695,0.08722490606548577,1.2949543746645196,0.2281266774020397,,
166,12.365807836822329,5.360976918947934,5.535426731078905,12.02361782071927,29.53569511540526,24.355877616747183,5.528717122920021,3.643317230273752,0.08722490606548577,1.2949543746645196,0.2683843263553409,,
167,12.432903918411165,5.35426731078905,5.481749865807837,11.896135265700483,29.482018250134193,24.282071926999464,5.730005367686527,3.643317230273752,0.08722490606548577,1.3419216317767042,0.2683843263553409,,
168,12.573805689747719,5.347557702630167,5.475040257648954,12.27187332259796,29.186795491143318,24.14117015566291,5.689747718733226,3.6097691894793345,0.08722490606548577,1.3419216317767042,0.27509393451422437,,
169,12.640901771336553,5.347557702630167,5.488459473966721,12.31213097155126,29.045893719806763,24.094202898550726,5.676328502415459,3.656736446591519,0.08722490606548577,1.3821792807300053,0.2683843263553409,,
170,12.412775093934513,5.347557702630167,5.3341384863123995,12.00348899624262,31.072195383789587,23.040794417606012,5.428073000536768,3.535963499731616,0.08722490606548577,1.3352120236178207,0.4025764895330113,,
171,12.258454106280194,5.347557702630167,5.159688674181428,13.405797101449275,30.05233494363929,22.946859903381643,5.407944176060118,3.535963499731616,0.08722490606548577,1.3955984970477724,0.4025764895330113,,
172,12.332259796027913,5.3341384863123995,5.132850241545894,12.942834138486312,29.482018250134193,23.859366612989803,5.4616210413311865,3.589640365002684,0.08722490606548577,1.3821792807300053,0.39586688137412773,,
173,12.385936661298981,5.3341384863123995,5.320719269994632,12.808641975308642,29.421631776704242,23.658078368223297,5.428073000536768,3.717122920021471,0.07380568974771873,1.4559849704777241,0.39586688137412773,,
174,12.486580783682234,5.3341384863123995,5.300590445517981,12.801932367149758,29.374664519592056,23.523886205045624,5.367686527106817,3.8848631239935587,0.07380568974771873,1.4559849704777241,0.39586688137412773,,
175,12.627482555018787,5.320719269994632,5.3274288781535155,12.761674718196458,29.28743961352657,23.470209339774556,5.387815351583468,3.8714439076757916,0.07380568974771873,1.4761137949543746,0.39586688137412773,,
176,12.822061191626409,5.307300053676865,5.253623188405797,12.72812667740204,29.17337627482555,23.429951690821255,5.374396135265701,3.911701556629093,0.07380568974771873,1.5096618357487923,0.41599570585077833,,
177,12.788513150831992,5.320719269994632,5.253623188405797,12.191358024691358,31.50161030595813,22.537573805689746,4.575952764358561,3.8714439076757916,0.07380568974771873,1.5029522275899088,0.3824476650563607,,
178,12.93612453032743,5.307300053676865,5.246913580246914,12.157809983896941,31.427804616210413,22.530864197530864,4.575952764358561,3.8580246913580245,0.07380568974771873,1.5029522275899088,0.3824476650563607,,
179,13.144122383252817,5.307300053676865,5.314009661835748,12.124261943102523,31.313741277509394,22.470477724100913,4.575952764358561,3.7640901771336552,0.07380568974771873,1.5297906602254427,0.3824476650563607,,
180,13.211218464841654,5.307300053676865,5.528717122920021,12.057165861513688,30.837359098228664,22.269189479334408,4.951690821256038,3.851315083199141,0.07380568974771873,1.5297906602254427,0.35560923242082665,0.026838432635534086,
181,13.311862587224907,5.267042404723564,5.615942028985507,12.00348899624262,30.589103596349972,22.10144927536232,4.944981213097155,4.180085882984434,0.07380568974771873,1.5297906602254427,0.35560923242082665,0.026838432635534086,
182,13.47289318303811,5.267042404723564,5.71658615136876,11.98336017176597,30.52871712292002,21.947128287707997,4.944981213097155,4.1532474503489,0.07380568974771873,1.5297906602254427,0.35560923242082665,0.026838432635534086,
183,13.560118089103597,5.267042404723564,5.803811057434245,11.976650563607086,30.454911433172303,21.906870638754697,4.911433172302737,4.193505099302201,0.07380568974771873,1.4694041867954912,0.35560923242082665,0.026838432635534086,
184,13.707729468599034,5.246913580246914,5.931293612453032,11.949812130971551,30.3743961352657,21.826355340848096,4.891304347826087,4.213633923778851,0.07380568974771873,1.4358561460010735,0.322061191626409,0.026838432635534086,
185,13.855340848094471,5.246913580246914,5.911164787976382,11.943102522812667,30.287171229200215,21.71900161030596,4.931561996779388,4.247181964573269,0.07380568974771873,1.4358561460010735,0.322061191626409,0.026838432635534086,
186,13.996242619431026,5.246913580246914,5.897745571658615,11.936392914653783,30.233494363929147,21.67874396135266,4.911433172302737,4.247181964573269,0.07380568974771873,1.42914653784219,0.322061191626409,0.026838432635534086,
187,14.090177133655395,5.22007514761138,5.924584004294149,11.889425657541599,30.16639828234031,21.631776704240472,4.898013955984971,4.320987654320987,0.07380568974771873,1.42914653784219,0.32877079978529256,0.026838432635534086,
188,14.264626945786366,5.213365539452496,5.924584004294149,11.889425657541599,30.10601180891036,21.470746108427267,4.87788513150832,4.280730005367687,0.07380568974771873,1.5096618357487923,0.36231884057971014,0.026838432635534086,
189,14.070048309178745,5.213365539452496,6.461352657004831,11.171497584541063,31.50161030595813,20.551529790660226,4.851046698872786,4.233762748255502,0.07380568974771873,1.4962426194310252,0.3488996242619431,0.026838432635534086,
190,14.224369296833064,5.213365539452496,6.400966183574879,11.178207192699947,31.17283950617284,20.457595276435857,4.8376274825550185,4.542404723564144,0.07380568974771873,1.4962426194310252,0.3757380568974772,0.026838432635534086,
191,14.452495974235104,5.139559849704777,6.528448738593666,11.493558776167472,31.031937734836287,19.981213097155127,4.824208266237251,4.575952764358561,0.07380568974771873,1.4962426194310252,0.3757380568974772,0.026838432635534086,
192,14.553140096618357,4.998658078368224,6.655931293612453,11.43317230273752,30.97826086956522,19.95437466451959,4.824208266237251,4.575952764358561,0.07380568974771873,1.5230810520665594,0.4025764895330113,0.026838432635534086,
193,14.626945786366075,4.998658078368224,6.655931293612453,11.419753086419753,30.97826086956522,19.880568974771872,4.783950617283951,4.602791196994096,0.10064412238325282,1.5230810520665594,0.4025764895330113,0.026838432635534086,
194,14.647074610842727,4.998658078368224,6.689479334406871,11.379495437466453,30.9044551798175,19.786634460547504,4.783950617283951,4.730273752012883,0.10064412238325282,1.5499194847020934,0.4025764895330113,0.026838432635534086,
195,14.720880300590446,4.998658078368224,6.655931293612453,12.426194310252281,30.079173376274827,19.665861513687602,4.690016103059581,4.669887278582931,0.10064412238325282,1.6639828234031133,0.30193236714975846,0.026838432635534086,
