,45,50,52,55,51,53,54,56,60,57,58,59,61
0,99.70477724100913,0.2952227589908749,,,,,,,,,,,
1,97.39667203435319,2.6033279656468062,,,,,,,,,,,
2,97.16854535695116,2.831454643048846,,,,,,,,,,,
3,93.47826086956522,6.521739130434782,,,,,,,,,,,
4,45.50456253354804,54.39479334406871,0.06709608158883522,0.03354804079441761,,,,,,,,,
5,45.18250134192163,54.6027911969941,0.06709608158883522,0.14761137949543746,,,,,,,,,
6,43.18974771873322,56.5955448201825,0.06709608158883522,0.14761137949543746,,,,,,,,,
7,36.82903918411165,51.71765968867418,,3.7640901771336552,7.689210950080516,,,,,,,,
8,35.07112184648417,53.11325818572195,0.20799785292538917,3.911701556629093,7.635534084809447,0.026838432635534086,0.03354804079441761,,,,,,
9,33.21926999463231,54.45517981749866,0.08722490606548577,4.274020397208803,7.635534084809447,0.2952227589908749,0.03354804079441761,,,,,,
10,33.03811057434246,49.43639291465379,0.08722490606548577,7.742887815351583,7.568438003220612,0.2952227589908749,1.737788513150832,0.0939345142243693,,,,,
11,32.25308641975309,47.16854535695116,0.08722490606548577,8.715780998389693,7.568438003220612,2.3215244229736984,1.737788513150832,0.0939345142243693,0.05367686527106817,,,,
12,30.971551261406333,44.880568974771876,0.1274825550187869,9.03113258185722,9.172034353193773,2.1806226516371443,3.3682232957595275,0.08722490606548577,0.05367686527106817,0.1274825550187869,,,
13,28.368223295759528,45.59849704777241,0.1274825550187869,9.07139023081052,9.172034353193773,2.1806226516371443,5.213365539452496,0.08722490606548577,0.05367686527106817,0.1274825550187869,,,
14,28.522544283413847,44.37734836285561,0.1274825550187869,9.96376811594203,8.99087493290392,2.1806226516371443,5.5689747718733225,0.08722490606548577,0.05367686527106817,0.1274825550187869,,,
15,28.30112721417069,44.18276972624799,0.3488996242619431,9.997316156736447,9.158615136876007,2.1739130434782608,5.5689747718733225,0.08722490606548577,0.05367686527106817,0.1274825550187869,,,
16,28.435319377348364,44.03515834675255,0.3488996242619431,10.010735373054214,9.158615136876007,2.1739130434782608,5.5689747718733225,0.08722490606548577,0.05367686527106817,0.1274825550187869,,,
17,16.908212560386474,64.08346752549652,0.3421900161030596,10.017444981213098,0.9326355340848095,2.167203435319377,5.280461621041331,0.08722490606548577,0.05367686527106817,0.1274825550187869,,,
18,16.928341384863124,63.51315083199141,0.3421900161030596,10.507246376811594,0.9326355340848095,2.15378421900161,5.280461621041331,0.08722490606548577,0.1274825550187869,0.1274825550187869,,,
19,16.834406870638755,61.33252818035427,0.6374127750939346,10.601180891035963,0.9326355340848095,4.139828234031133,4.99194847020934,0.08722490606548577,0.19457863660762212,0.1274825550187869,0.12077294685990338,,
20,15.646806226516372,62.27187332259796,0.6374127750939346,10.7085346215781,1.093666129898014,4.126409017713366,4.891304347826087,0.08722490606548577,0.19457863660762212,0.1274825550187869,0.12077294685990338,0.0939345142243693,
21,15.619967793880837,59.75577026301664,0.6374127750939346,12.95625335480408,1.093666129898014,4.233762748255502,4.891304347826087,0.08722490606548577,0.19457863660762212,0.19457863660762212,0.10735373054213634,0.2281266774020397,
22,15.975577026301664,59.10493827160494,0.6374127750939346,13.285024154589372,1.093666129898014,4.159957058507783,4.891304347826087,0.08722490606548577,0.19457863660762212,0.19457863660762212,0.14761137949543746,0.2281266774020397,
23,16.015834675254965,58.64868491680086,0.6374127750939346,13.18438003220612,1.093666129898014,5.233494363929147,4.334406870638754,0.08722490606548577,0.19457863660762212,0.19457863660762212,0.14761137949543746,0.2281266774020397,
24,16.076221148684915,55.00536768652711,0.5568974771873323,13.39237788513151,1.093666129898014,5.233494363929147,7.682501341921632,0.08722490606548577,0.19457863660762212,0.19457863660762212,0.2549651100375738,0.2281266774020397,
25,16.029253891572733,54.28743961352657,0.6239935587761675,13.573537305421363,1.2278582930756843,5.233494363929147,7.689210950080516,0.04696725711218465,0.2214170692431562,0.19457863660762212,0.644122383252818,0.2281266774020397,
26,15.955448201825014,52.10010735373054,0.6239935587761675,12.714707461084272,1.1808910359634996,8.467525496511003,7.62211486849168,0.04696725711218465,0.2214170692431562,0.19457863660762212,0.644122383252818,0.2281266774020397,
27,15.942028985507246,51.898819108964034,0.6239935587761675,12.734836285560924,1.1607622114868492,8.433977455716587,7.709339774557166,0.04696725711218465,0.2214170692431562,0.24154589371980675,0.644122383252818,0.3421900161030596,
28,15.921900161030596,51.06682769726248,0.6239935587761675,13.553408480944713,1.2412775093934514,8.407139023081053,7.695920558239399,0.04696725711218465,0.2214170692431562,0.24154589371980675,0.644122383252818,0.33548040794417605,
29,16.035963499731615,50.70450885668277,0.6239935587761675,13.781535158346752,1.2412775093934514,8.393719806763285,7.595276435856146,0.04696725711218465,0.2214170692431562,0.3757380568974772,0.644122383252818,0.33548040794417605,
30,16.049382716049383,50.617283950617285,0.6239935587761675,13.6808910359635,1.2278582930756843,8.387010198604402,7.601986044015029,0.04696725711218465,0.4092860976918948,0.3757380568974772,0.644122383252818,0.33548040794417605,
31,12.902576489533011,51.38217928073001,0.5770263016639828,13.050187869028449,1.1607622114868492,11.285560923242082,7.87037037037037,0.04696725711218465,0.4092860976918948,0.33548040794417605,0.644122383252818,0.33548040794417605,
32,12.99651100375738,50.60386473429951,0.5770263016639828,13.734567901234568,1.1607622114868492,11.16478797638218,7.87037037037037,0.04696725711218465,0.4092860976918948,0.33548040794417605,0.7648953301127214,0.33548040794417605,
33,13.231347289318304,50.34219001610306,0.5770263016639828,13.848631239935587,1.1607622114868492,11.104401502952227,7.87037037037037,0.04696725711218465,0.4092860976918948,0.30864197530864196,0.7648953301127214,0.33548040794417605,
34,13.298443370907139,49.44981213097155,0.5770263016639828,14.278046162104133,1.1607622114868492,10.970209339774557,7.85024154589372,0.46296296296296297,0.4092860976918948,0.30864197530864196,0.8990874932903918,0.33548040794417605,
35,13.372249060654857,47.114868491680085,0.5770263016639828,14.465915190552872,1.3217928073000538,12.922705314009661,7.809983896940419,0.46296296296296297,0.4092860976918948,0.30864197530864196,0.8990874932903918,0.33548040794417605,
36,13.16425120772947,46.61835748792271,0.5434782608695652,14.42565754159957,1.3150831991411702,13.707729468599034,7.809983896940419,0.5032206119162641,0.4092860976918948,0.30864197530864196,0.8588298443370908,0.33548040794417605,
37,13.110574342458401,46.141975308641975,0.5434782608695652,12.895866881374127,1.2010198604401503,15.499194847020934,8.031400966183575,0.5434782608695652,0.4092860976918948,0.4025764895330113,0.8856682769726248,0.33548040794417605,
38,13.056897477187333,46.30971551261406,0.5434782608695652,12.882447665056361,1.2010198604401503,15.304616210413311,8.031400966183575,0.5434782608695652,0.4092860976918948,0.4025764895330113,0.9796027911969941,0.33548040794417605,
39,12.506709608158884,44.51154052603328,0.5434782608695652,12.875738056897477,3.656736446591519,15.163714439076758,8.004562533548041,0.5434782608695652,0.4092860976918948,0.4025764895330113,1.0466988727858293,0.33548040794417605,
40,12.647611379495437,44.08883521202362,0.6172839506172839,12.93612453032743,3.656736446591519,15.03623188405797,8.13875469672571,0.5636070853462157,0.4092860976918948,0.4025764895330113,1.1674718196457328,0.33548040794417605,
41,12.93612453032743,43.72651637144391,0.6172839506172839,13.123993558776167,3.5426731078904994,14.80810520665593,8.07836822329576,0.6776704240472357,0.4294149221685454,0.4025764895330113,1.3217928073000538,0.33548040794417605,
42,12.962962962962964,43.55877616747182,2.6033279656468062,12.694578636607622,3.5426731078904994,14.573268921095009,7.004830917874396,0.6776704240472357,0.41599570585077833,0.4025764895330113,1.2010198604401503,0.36231884057971014,
43,12.801932367149758,41.74718196457327,2.5831991411701556,12.211486849168008,3.629898013955985,14.586688137412775,9.286097691894794,0.6776704240472357,0.41599570585077833,0.4495437466451959,1.247987117552335,0.36231884057971014,
44,12.869028448738593,41.5727321524423,2.6301663982823404,12.177938808373591,3.6231884057971016,14.626945786366075,9.346484165324744,0.6776704240472357,0.41599570585077833,0.4495437466451959,1.247987117552335,0.36231884057971014,
45,12.882447665056361,40.74074074074074,2.6301663982823404,12.681159420289855,3.6231884057971016,15.324745034889963,8.668813741277509,0.6239935587761675,0.38915727321524424,0.5971551261406334,1.5029522275899088,0.33548040794417605,
46,12.942834138486312,40.29119699409554,3.2675791733762747,12.721417069243156,3.603059581320451,15.203972088030058,8.420558239398819,0.6508319914117016,0.38915727321524424,0.6172839506172839,1.556629092860977,0.33548040794417605,
47,13.01663982823403,39.472624798711756,3.2541599570585076,13.103864734299517,3.603059581320451,15.123456790123457,8.702361782071927,0.6105743424584005,0.35560923242082665,0.6172839506172839,1.6908212560386473,0.4495437466451959,
48,13.083735909822867,38.00993022007515,3.2541599570585076,14.351851851851851,3.589640365002684,14.969135802469136,8.68894256575416,0.7246376811594203,0.35560923242082665,0.6038647342995169,1.9189479334406871,0.4495437466451959,
49,13.231347289318304,37.7012882447665,3.0864197530864197,14.53972088030059,3.4420289855072466,14.88191089640365,8.695652173913043,1.0064412238325282,0.35560923242082665,0.6038647342995169,2.006172839506173,0.4495437466451959,
50,12.573805689747719,35.68169618894257,5.24020397208803,13.801663982823403,3.9184111647879765,13.372249060654857,11.064143853998926,1.0466988727858293,0.35560923242082665,0.6374127750939346,1.9457863660762211,0.36231884057971014,
51,12.694578636607622,35.40660225442834,5.24020397208803,14.029790660225443,3.670155662909286,13.077026301663983,11.312399355877616,1.0466988727858293,0.3153515834675255,0.6105743424584005,2.2342995169082127,0.36231884057971014,
52,12.681159420289855,35.06441223832528,5.22007514761138,14.103596349973161,3.784219001610306,13.150831991411701,11.466720343531938,1.0466988727858293,0.3153515834675255,0.6105743424584005,2.1940418679549114,0.36231884057971014,
53,12.72812667740204,34.76247987117552,5.71658615136876,14.04320987654321,3.4621578099838968,13.01663982823403,11.829039184111648,1.0466988727858293,0.3153515834675255,0.5233494363929146,2.1940418679549114,0.36231884057971014,
54,12.164519592055823,35.507246376811594,5.649490069779925,13.862050456253355,3.260869565217391,13.009930220075148,11.829039184111648,1.1540526033279657,0.3153515834675255,0.5233494363929146,2.395330112721417,0.32877079978529256,
55,12.265163714439076,34.94363929146538,5.622651637144391,13.493022007514762,3.260869565217391,12.909286097691895,12.99651100375738,0.9728931830381106,0.3153515834675255,0.5568974771873323,2.3349436392914655,0.32877079978529256,
56,12.419484702093397,34.614868491680085,5.622651637144391,13.459473966720344,3.260869565217391,12.734836285560924,13.325281803542673,0.9728931830381106,0.3153515834675255,0.5568974771873323,2.3349436392914655,0.3824476650563607,
57,12.037037037037036,33.400429414922165,5.562265163714439,12.76838432635534,5.448201825013419,12.647611379495437,13.103864734299517,0.9863123993558777,0.3153515834675255,0.5501878690284487,2.6167471819645733,0.5636070853462157,
58,11.681427804616211,32.367149758454104,8.044820182501342,12.285292538915728,3.8311862587224907,12.734836285560924,13.372249060654857,1.4090177133655395,0.5166398282340311,0.6239935587761675,2.5697799248523885,0.5636070853462157,
59,12.010198604401502,32.018250134192165,7.9106280193236715,12.27187332259796,3.8915727321524423,12.674449812130971,13.358829844337091,1.4090177133655395,0.5166398282340311,0.6239935587761675,2.6167471819645733,0.6977992485238862,
60,6.085614600107354,53.64331723027375,8.903650026838433,7.709339774557166,3.099838969404187,10.071121846484166,5.515297906602254,1.5163714439076759,0.5166398282340311,0.41599570585077833,1.9390767579173376,0.5837359098228664,
61,6.179549114331723,53.052871712292,8.903650026838433,8.333333333333334,3.099838969404187,10.02415458937198,5.481749865807837,1.5163714439076759,0.5166398282340311,0.4092860976918948,1.8719806763285025,0.6105743424584005,
62,6.327160493827161,52.50939345142244,8.964036500268385,8.695652173913043,3.026033279656468,9.98389694041868,5.46833064949007,1.6035963499731616,0.5166398282340311,0.4227053140096618,1.8719806763285025,0.6105743424584005,
63,6.4345142243692965,51.65727321524423,8.93719806763285,9.158615136876007,3.026033279656468,10.473698336017177,4.998658078368224,1.6841116478797638,0.5166398282340311,0.630703166935051,1.8719806763285025,0.6105743424584005,
64,6.528448738593666,49.6309715512614,8.917069243156199,11.11111111111111,3.026033279656468,10.406602254428341,4.978529253891573,1.6841116478797638,0.5166398282340311,0.6038647342995169,1.9860440150295222,0.6105743424584005,
65,6.709608158883521,48.84594739667203,8.910359634997317,11.741814278046162,3.026033279656468,10.258990874932904,4.978529253891573,1.6841116478797638,0.5166398282340311,0.7447665056360708,1.9726247987117553,0.6105743424584005,
66,6.850509930220075,48.25550187869028,8.876811594202898,12.325550187869029,2.918679549114332,10.21202361782072,5.0858829844337095,1.6304347826086956,0.5166398282340311,0.7447665056360708,1.9726247987117553,0.6105743424584005,
67,7.112184648416532,48.03408480944713,9.01100375738057,12.278582930756844,2.918679549114332,10.044283413848632,5.018786902844874,1.6304347826086956,0.5166398282340311,0.7447665056360708,2.0799785292538915,0.6105743424584005,
68,7.192699946323135,47.477187332259795,9.01100375738057,12.775093934514224,2.918679549114332,10.044283413848632,4.998658078368224,1.6304347826086956,0.5166398282340311,0.7447665056360708,2.0799785292538915,0.6105743424584005,
69,7.1725711218464845,43.79361245303274,8.950617283950617,13.050187869028449,2.918679549114332,10.393183038110575,8.017981749865807,1.6304347826086956,0.5166398282340311,0.7447665056360708,2.0799785292538915,0.7313472893183038,
70,7.4141170155662905,43.39103596349973,8.749329039184111,13.16425120772947,2.9119699409554483,10.245571658615138,8.07836822329576,2.033011272141707,0.5032206119162641,0.8856682769726248,1.892109500805153,0.7313472893183038,
71,7.481213097155126,43.29039184111648,7.823403113258186,13.117283950617283,4.320987654320987,9.829575952764358,8.024691358024691,2.1403650026838434,0.5032206119162641,0.8856682769726248,1.8518518518518519,0.7313472893183038,
72,7.427536231884058,42.961621041331185,7.568438003220612,13.157541599570585,4.320987654320987,10.909822866344605,8.031400966183575,1.8250134192163177,0.5032206119162641,0.8051529790660226,1.7579173376274826,0.7313472893183038,
73,7.581857219538379,42.62614063338701,7.568438003220612,13.372249060654857,4.300858829844337,10.903113258185721,8.031400966183575,1.7713365539452497,0.4562533548040794,0.8521202361782072,1.8048845947396672,0.7313472893183038,
74,7.816693505099302,42.49865807836822,7.514761137949543,13.466183574879228,4.186795491143317,10.896403650026839,7.937466451959206,1.7713365539452497,0.4562533548040794,0.8454106280193237,1.8048845947396672,0.8051529790660226,
75,7.809983896940419,40.94873859366613,7.347020933977456,15.177133655394526,4.186795491143317,10.916532474503489,7.769726247987117,1.7981749865807837,0.4562533548040794,0.9796027911969941,1.8048845947396672,0.8051529790660226,
76,7.897208803005904,40.66022544283414,7.347020933977456,15.418679549114332,4.180085882984434,10.889694041867955,7.763016639828234,1.7981749865807837,0.4562533548040794,0.9796027911969941,1.8048845947396672,0.8051529790660226,
77,7.9039184111647875,39.97584541062802,7.347020933977456,15.210681696188942,4.03918411164788,10.782340311325818,8.668813741277509,1.9726247987117553,0.4562533548040794,1.0399892646269457,1.7981749865807837,0.8051529790660226,
78,7.977724100912507,39.72758990874933,7.347020933977456,15.35829307568438,4.005636070853462,10.72866344605475,8.910359634997317,1.9524959742351047,0.4562533548040794,1.0399892646269457,1.6908212560386473,0.8051529790660226,
79,8.380300590445518,39.36527106816962,7.333601717659689,15.304616210413311,3.965378421900161,10.7085346215781,8.984165324745035,1.9927536231884058,0.4428341384863124,1.0399892646269457,1.6774020397208802,0.8051529790660226,
80,8.454106280193237,37.204777241009126,7.185990338164252,17.008856682769725,3.965378421900161,10.876274825550189,9.158615136876007,2.046430488459474,0.4428341384863124,1.0399892646269457,1.8115942028985508,0.8051529790660226,
81,8.722490606548577,35.33279656468062,7.185990338164252,17.96833064949007,3.965378421900161,10.809178743961352,9.75577026301664,2.086688137412775,0.4428341384863124,1.0399892646269457,1.8853998926462694,0.8051529790660226,
82,8.648684916800859,31.830381105743424,7.139023081052066,18.310520665593128,3.965378421900161,10.782340311325818,13.063607085346217,2.086688137412775,0.4294149221685454,1.0735373054213635,1.865271068169619,0.8051529790660226,
83,8.61513687600644,31.716317767042405,6.857219538378959,18.149490069779926,3.965378421900161,11.11111111111111,12.949543746645196,2.3215244229736984,0.36231884057971014,1.0735373054213635,1.865271068169619,1.0131508319914118,
84,8.829844337090714,31.635802469135804,6.850509930220075,18.109232420826622,3.965378421900161,11.151368760064413,12.86231884057971,2.3215244229736984,0.36231884057971014,1.0735373054213635,1.7847557702630166,1.0534084809447128,
85,7.742887815351583,28.898282340311326,4.938271604938271,17.330917874396135,13.439345142243694,9.138486312399356,12.567096081588835,2.301395598497048,0.36231884057971014,0.7514761137949544,1.482823403113258,1.0466988727858293,
86,7.85024154589372,28.824476650563607,4.864465915190553,17.330917874396135,13.425925925925926,9.05126140633387,12.412775093934513,2.4825550187869028,0.36231884057971014,0.7447665056360708,1.6170155662909287,1.0332796564680622,
87,8.091787439613526,28.5829307568438,4.790660225442834,17.290660225442835,13.372249060654857,9.044551798174986,12.412775093934513,2.831454643048846,0.2885131508319914,0.7783145464304885,1.5029522275899088,1.0131508319914118,
88,7.977724100912507,26.596886741814277,6.488191089640365,16.935050993022006,12.647611379495437,8.440687063875469,14.61352657004831,2.757648953301127,0.24825550187869028,0.7783145464304885,1.3754696725711217,1.0735373054213635,0.06709608158883522
89,8.017981749865807,25.89237788513151,6.327160493827161,17.538915727321523,12.70799785292539,8.380300590445518,14.65378421900161,2.871712292002147,0.2952227589908749,0.7783145464304885,1.3687600644122384,1.1003757380568975,0.06709608158883522
90,8.219269994632313,25.81857219538379,6.219806763285024,17.404723564143854,12.681159420289855,8.400429414922169,14.673913043478262,2.898550724637681,0.2952227589908749,0.7514761137949544,1.3687600644122384,1.2010198604401503,0.06709608158883522
91,8.353462157809984,25.013419216317768,6.219806763285024,17.820719269994633,12.332259796027913,8.373590982286634,14.982555018786902,3.2340311325818574,0.28180354267310787,0.7514761137949544,1.3687600644122384,1.2010198604401503,0.06709608158883522
92,8.668813741277509,24.792002147074612,6.219806763285024,17.814009661835748,12.278582930756844,8.3467525496511,14.875201288244767,3.227321524422974,0.4025764895330113,0.7514761137949544,1.3687600644122384,1.1876006441223832,0.06709608158883522
93,9.104938271604938,24.62426194310252,6.206387546967257,17.726784755770264,12.238325281803542,8.246108427267847,14.895330112721417,3.227321524422974,0.4025764895330113,0.7514761137949544,1.3217928073000538,1.1876006441223832,0.06709608158883522
94,9.225711218464841,24.396135265700483,6.112453032742888,17.820719269994633,12.117552334943639,8.239398819108963,14.828234031132581,3.3145464304884595,0.4025764895330113,0.8051529790660226,1.42914653784219,1.2412775093934514,0.06709608158883522
95,9.312936124530328,24.228395061728396,5.998389694041868,17.860976918947934,12.016908212560386,8.232689210950081,15.049651100375739,3.388352120236178,0.4025764895330113,0.8051529790660226,1.415727321524423,1.221148684916801,0.06709608158883522
96,9.541062801932368,23.825818572195384,5.998389694041868,17.840848094471284,11.98336017176597,8.28636607622115,15.217391304347826,3.421900161030596,0.3757380568974772,0.8051529790660226,1.415727321524423,1.221148684916801,0.06709608158883522
97,9.145195920558239,23.55072463768116,5.891035963499732,17.498658078368223,12.385936661298981,8.870101986044014,14.962426194310252,3.5292538915727323,0.4428341384863124,1.107085346215781,1.328502415458937,1.221148684916801,0.06709608158883522
98,9.292807300053678,23.389694041867955,5.891035963499732,17.55233494363929,12.318840579710145,8.84326355340848,15.049651100375739,3.502415458937198,0.4428341384863124,1.107085346215781,1.328502415458937,1.2144390767579174,0.06709608158883522
99,9.339774557165862,23.242082662372518,5.891035963499732,17.478529253891573,12.318840579710145,8.735909822866345,15.123456790123457,3.7372517444981215,0.4428341384863124,1.107085346215781,1.328502415458937,1.1876006441223832,0.06709608158883522
100,9.453837895866881,22.84621578099839,5.917874396135265,17.76033279656468,12.23161567364466,8.662104133118627,15.150295222758992,3.7573805689747717,0.4227053140096618,1.133923778851315,1.328502415458937,1.2681159420289856,0.06709608158883522
101,9.29951690821256,22.665056360708533,5.857487922705314,17.746913580246915,12.788513150831992,8.588298443370908,15.123456790123457,3.7104133118625873,0.4227053140096618,1.133923778851315,1.328502415458937,1.2681159420289856,0.06709608158883522
102,9.212292002147075,22.624798711755233,6.696188942565755,17.391304347826086,12.661030595813205,8.863392377885132,14.707461084272678,3.7037037037037037,0.3421900161030596,1.133923778851315,1.328502415458937,1.2681159420289856,0.06709608158883522
103,9.292807300053678,22.550993022007514,6.561996779388084,17.53220611916264,12.533548040794418,8.742619431025227,14.700751476113794,3.9452495974235107,0.3421900161030596,1.133923778851315,1.328502415458937,1.2681159420289856,0.06709608158883522
104,9.326355340848094,22.457058507783145,6.1929683306494905,17.10950080515298,14.445786366076222,8.393719806763285,14.278046162104133,3.824476650563607,0.32877079978529256,1.133923778851315,1.3016639828234031,1.1406333870101986,0.06709608158883522
105,8.870101986044014,21.672034353193773,8.521202361782072,16.80756843800322,13.526570048309178,8.313204508856682,14.123725174449811,4.072732152442297,0.36902844873859364,1.247987117552335,1.2681159420289856,1.1406333870101986,0.06709608158883522
106,8.870101986044014,21.135265700483092,8.943907675791733,16.988727858293075,13.050187869028449,8.158883521202362,14.398819108964037,4.139828234031133,0.36902844873859364,1.3150831991411702,1.3821792807300053,1.1808910359634996,0.06709608158883522
107,9.037842190016104,20.94068706387547,10.641438539989265,16.814278046162105,12.647611379495437,7.300053676865271,14.009661835748792,4.334406870638754,0.36902844873859364,1.1540526033279657,1.5029522275899088,1.1808910359634996,0.06709608158883522
108,8.3467525496511,19.47799248523886,10.59447128287708,16.049382716049383,16.71363392377885,5.911164787976382,15.35829307568438,3.4017713365539453,0.36902844873859364,1.093666129898014,1.4358561460010735,1.1808910359634996,0.06709608158883522
109,8.293075684380032,19.209608158883523,10.86285560923242,15.92860976918948,16.700214707461082,5.924584004294149,15.35829307568438,3.408480944712829,0.36902844873859364,1.2278582930756843,1.4694041867954912,1.1808910359634996,0.06709608158883522
110,8.340042941492216,19.155931293612454,10.493827160493828,15.915190552871712,16.09634997316157,6.957863660762212,15.311325818572195,3.374932903918411,0.35560923242082665,1.2815351583467525,1.4694041867954912,1.1808910359634996,0.06709608158883522
111,8.420558239398819,19.00161030595813,10.473698336017177,15.827965646806227,16.089640365002683,6.957863660762212,15.365002683843263,3.374932903918411,0.2885131508319914,1.4895330112721417,1.4626945786366077,1.1808910359634996,0.06709608158883522
112,8.78287707997853,18.853998926462694,9.930220075147611,15.921900161030596,12.667740203972087,10.587761674718196,15.190552871712292,3.515834675254965,0.2885131508319914,1.3955984970477724,1.4895330112721417,1.3083735909822867,0.06709608158883522
113,8.923778851315083,18.82716049382716,9.769189479334408,16.1231884057971,12.607353730542137,10.379763821792807,15.01610305958132,3.455448201825013,0.2885131508319914,1.6237251744498122,1.6035963499731616,1.3150831991411702,0.06709608158883522
114,9.131776704240472,18.69296833064949,9.769189479334408,16.15673644659152,12.486580783682234,10.352925389157273,14.99597423510467,3.4688674181427803,0.36231884057971014,1.6237251744498122,1.6035963499731616,1.288244766505636,0.06709608158883522
115,8.789586688137414,17.820719269994633,9.702093397745571,16.002415458937197,12.406065485775631,12.06387546967257,14.908749329039184,3.408480944712829,0.36231884057971014,1.6170155662909287,1.570048309178744,1.2815351583467525,0.06709608158883522
116,8.82313472893183,17.773752012882447,9.930220075147611,15.888352120236178,12.385936661298981,12.097423510466989,14.741009125067096,3.435319377348363,0.38915727321524424,1.6170155662909287,1.570048309178744,1.2815351583467525,0.06709608158883522
117,9.024422973698336,17.599302200751477,9.816156736446592,15.96886741814278,12.352388620504563,12.06387546967257,14.687332259796028,3.4621578099838968,0.4227053140096618,1.6505636070853462,1.570048309178744,1.3150831991411702,0.06709608158883522
118,9.017713365539452,17.257112184648417,9.628287707997853,15.881642512077295,13.828502415458937,11.808910359634996,14.65378421900161,3.0059044551798175,0.4227053140096618,1.5432098765432098,1.570048309178744,1.3150831991411702,0.06709608158883522
119,8.621846484165324,16.505636070853463,9.621578099838969,14.371980676328503,13.7211486849168,13.251476113794954,16.418411164787976,2.791196994095545,0.4227053140096618,1.5163714439076759,1.6304347826086956,1.0601180891035964,0.06709608158883522
120,8.3064949006978,15.304616210413311,9.554482018250134,12.332259796027913,13.70101986044015,20.202630166398283,13.687600644122384,2.791196994095545,0.38915727321524424,1.1137949543746646,1.5230810520665594,1.0399892646269457,0.05367686527106817
121,8.527911969940956,15.150295222758992,9.554482018250134,12.224906065485776,13.70101986044015,20.33011272141707,13.419216317767042,2.791196994095545,0.4227053140096618,1.247987117552335,1.5230810520665594,1.0534084809447128,0.05367686527106817
122,8.601717659688674,15.150295222758992,9.554482018250134,12.164519592055823,13.694310252281268,20.303274288781534,13.419216317767042,2.791196994095545,0.4294149221685454,1.261406333870102,1.5230810520665594,1.0534084809447128,0.05367686527106817
123,8.776167471819646,15.103327965646805,9.480676328502415,12.198067632850242,13.654052603327965,20.1959205582394,13.385668276972625,2.791196994095545,0.4294149221685454,1.261406333870102,1.6170155662909287,1.0534084809447128,0.05367686527106817
124,8.890230810520666,15.042941492216855,9.306226516371444,12.110842726784755,13.58695652173913,20.437466451959207,13.251476113794954,2.945517981749866,0.4294149221685454,1.261406333870102,1.6438539989264627,1.0399892646269457,0.05367686527106817
125,8.984165324745035,14.962426194310252,9.286097691894794,12.070585077831455,13.466183574879228,20.336822329575952,13.459473966720344,2.9388083735909825,0.4092860976918948,1.3754696725711217,1.6170155662909287,1.0399892646269457,0.05367686527106817
126,9.306226516371444,14.821524422973699,9.198872785829307,12.097423510466989,13.405797101449275,20.229468599033815,13.47289318303811,2.9790660225442833,0.4092860976918948,1.4090177133655395,1.5767579173376274,1.0399892646269457,0.05367686527106817
127,9.534353193773484,14.781266774020397,9.07139023081052,12.117552334943639,13.365539452495975,20.108695652173914,13.439345142243694,3.113258185721954,0.4092860976918948,1.3754696725711217,1.5901771336553945,1.0399892646269457,0.05367686527106817
128,9.306226516371444,14.579978529253891,8.085077831454644,11.889425657541599,15.687063875469672,19.49812130971551,13.962694578636608,2.703972088030059,0.4092860976918948,1.3620504562533549,1.3620504562533549,1.1003757380568975,0.05367686527106817
129,9.520933977455716,14.533011272141707,8.038110574342458,11.956521739130435,15.579710144927537,19.464573268921097,13.895598497047773,2.737520128824477,0.4092860976918948,1.3486312399355878,1.3620504562533549,1.1003757380568975,0.05367686527106817
130,9.608158883521202,14.51959205582394,7.937466451959206,11.949812130971551,15.552871712292003,19.545088566827697,13.88888888888889,2.7241009125067097,0.4092860976918948,1.3486312399355878,1.3620504562533549,1.1003757380568975,0.05367686527106817
131,9.574610842726784,14.143853998926463,7.9106280193236715,11.741814278046162,15.11003757380569,19.867149758454108,14.13714439076758,3.3145464304884595,0.4092860976918948,1.4090177133655395,1.3620504562533549,0.966183574879227,0.05367686527106817
132,9.695383789586689,13.895598497047773,7.836822329575953,11.949812130971551,15.076489533011273,19.867149758454108,14.190821256038648,3.3145464304884595,0.39586688137412773,1.4090177133655395,1.3486312399355878,0.966183574879227,0.05367686527106817
133,9.742351046698873,13.895598497047773,7.836822329575953,11.862587224906065,15.029522275899087,19.840311325818572,14.11701556629093,3.3816425120772946,0.36231884057971014,1.4626945786366077,1.4492753623188406,0.966183574879227,0.05367686527106817
134,9.856414385399892,13.828502415458937,7.897208803005904,11.902844873859367,15.01610305958132,19.732957595276435,14.210950080515298,3.260869565217391,0.36231884057971014,1.4626945786366077,1.4492753623188406,0.966183574879227,0.05367686527106817
135,10.02415458937198,13.687600644122384,7.474503488996243,11.594202898550725,14.949006977992486,21.041331186258724,13.848631239935587,3.307836822329576,0.36231884057971014,1.328502415458937,1.3620504562533549,0.966183574879227,0.05367686527106817
136,10.38647342995169,13.6808910359635,7.4006977992485234,11.60762211486849,14.875201288244767,20.833333333333332,13.922436929683306,3.2340311325818574,0.36231884057971014,1.3217928073000538,1.3553408480944713,0.966183574879227,0.05367686527106817
137,10.373054213633925,13.633923778851315,7.2933440687063875,11.58749329039184,14.801395598497047,20.618625872249062,14.016371443907676,3.455448201825013,0.36231884057971014,1.3217928073000538,1.5163714439076759,0.966183574879227,0.05367686527106817
138,10.534084809447128,13.378958668813741,7.286634460547504,11.735104669887278,14.579978529253891,20.417337627482556,14.009661835748792,3.683574879227053,0.36231884057971014,1.482823403113258,1.5096618357487923,0.966183574879227,0.05367686527106817
139,10.520665593129362,13.305152979066023,7.98443370907139,11.010466988727858,13.915727321524423,21.329844337090712,13.895598497047773,3.992216854535695,0.3488996242619431,1.442565754159957,1.2345679012345678,0.966183574879227,0.05367686527106817
140,10.285829307568438,12.989801395598498,7.709339774557166,11.117820719269995,13.801663982823403,21.26945786366076,14.828234031132581,3.8714439076757916,0.3488996242619431,1.3620504562533549,1.415727321524423,0.9460547504025765,0.05367686527106817
141,10.607890499194847,12.93612453032743,7.62211486849168,11.18491680085883,13.513150831991412,21.115136876006442,14.97584541062802,3.92512077294686,0.3488996242619431,1.3620504562533549,1.4090177133655395,0.9460547504025765,0.05367686527106817
142,10.661567364465915,12.808641975308642,7.5348899624261945,11.647879763821793,13.39237788513151,20.873590982286636,15.002683843263553,4.03918411164788,0.3421900161030596,1.328502415458937,1.3352120236178207,0.9796027911969941,0.05367686527106817
143,10.782340311325818,12.714707461084272,9.4873859366613,11.560654857756306,13.170960815888352,19.43773483628556,14.600107353730541,4.280730005367687,0.3153515834675255,1.3150831991411702,1.3083735909822867,0.9728931830381106,0.05367686527106817
144,11.003757380568974,12.560386473429952,9.930220075147611,11.580783682232958,13.16425120772947,19.209608158883523,14.465915190552872,4.213633923778851,0.2885131508319914,1.2681159420289856,1.3083735909822867,0.95276435856146,0.05367686527106817
145,10.997047772410092,12.392646269457863,9.286097691894794,11.473429951690822,14.76784755770263,18.511808910359633,14.65378421900161,4.079441760601181,0.2885131508319914,1.2412775093934514,1.3016639828234031,0.95276435856146,0.05367686527106817
146,11.144659151905529,12.392646269457863,9.272678475577026,11.473429951690822,14.700751476113794,18.417874396135264,14.606816961889425,4.079441760601181,0.28180354267310787,1.2412775093934514,1.3821792807300053,0.95276435856146,0.05367686527106817
147,11.2788513150832,12.144390767579173,9.272678475577026,11.506977992485238,14.573268921095009,18.4849704777241,14.492753623188406,4.200214707461084,0.28180354267310787,1.3217928073000538,1.4492753623188406,0.9393451422436929,0.05367686527106817
148,11.453301127214171,12.077294685990339,9.232420826623725,11.466720343531938,14.452495974235104,18.337359098228664,14.298174986580785,4.26731078904992,0.28180354267310787,1.3687600644122384,1.583467525496511,1.1272141706924315,0.05367686527106817
149,11.694847020933977,11.808910359634996,9.494095544820183,11.18491680085883,14.392109500805153,18.84728931830381,14.036500268384327,4.139828234031133,0.27509393451422437,1.3687600644122384,1.583467525496511,1.1205045625335481,0.05367686527106817
150,11.352657004830919,11.701556629092861,9.453837895866881,14.04320987654321,12.070585077831455,19.26328502415459,13.761406333870102,3.8177670424047236,0.27509393451422437,1.5297906602254427,1.556629092860977,1.1205045625335481,0.05367686527106817
151,11.480139559849706,11.594202898550725,9.447128287707997,13.962694578636608,12.050456253354804,19.0150295222759,13.922436929683306,3.8177670424047236,0.27509393451422437,1.6438539989264627,1.583467525496511,1.1540526033279657,0.05367686527106817
152,11.466720343531938,11.56736446591519,9.292807300053678,13.935856146001074,12.037037037037036,19.16935050993022,13.989533011272142,3.851315083199141,0.2683843263553409,1.6975308641975309,1.5163714439076759,1.1540526033279657,0.05367686527106817
153,11.634460547504025,11.56736446591519,9.178743961352657,13.935856146001074,12.00348899624262,19.135802469135804,13.989533011272142,3.9184111647879765,0.2683843263553409,1.6975308641975309,1.5163714439076759,1.1003757380568975,0.05367686527106817
154,11.81561996779388,11.54723564143854,9.138486312399356,13.90901771336554,11.990069779924852,18.96135265700483,13.94927536231884,4.079441760601181,0.2616747181964573,1.6975308641975309,1.4962426194310252,1.1003757380568975,0.05367686527106817
155,11.976650563607086,11.520397208803006,9.098228663446054,13.882179280730005,11.963231347289318,18.773483628556093,13.92914653784219,4.079441760601181,0.24825550187869028,1.8115942028985508,1.5767579173376274,1.0869565217391304,0.05367686527106817
156,12.016908212560386,11.520397208803006,9.098228663446054,13.6808910359635,11.916264090177133,19.00161030595813,13.922436929683306,4.079441760601181,0.23483628556092323,1.8115942028985508,1.5767579173376274,1.0869565217391304,0.05367686527106817
157,12.204777241009126,11.3593666129898,9.098228663446054,13.425925925925926,11.782071926999464,18.833870101986044,14.130434782608695,4.367954911433173,0.23483628556092323,1.8585614600107354,1.5633387010198605,1.0869565217391304,0.05367686527106817
158,12.184648416532475,10.95679012345679,9.091519055287172,13.506441223832528,11.735104669887278,18.46484165324745,14.351851851851851,4.797369833601718,0.2147074610842727,1.8786902844873858,1.7042404723564144,1.0601180891035964,0.05367686527106817
159,12.204777241009126,10.762211486849168,9.057971014492754,13.45276435856146,11.493558776167472,18.867418142780462,14.251207729468598,5.360976918947934,0.2147074610842727,1.7042404723564144,1.5163714439076759,1.0601180891035964,0.05367686527106817
160,12.338969404186795,10.748792270531402,9.145195920558239,13.58695652173913,11.460010735373054,18.592324208266238,14.204240472356414,5.360976918947934,0.2147074610842727,1.6774020397208802,1.556629092860977,1.0601180891035964,0.05367686527106817
161,12.02361782071927,10.735373054213634,11.29898013955985,13.331991411701557,11.09098228663446,17.726784755770264,14.023081052066559,5.267042404723564,0.20128824476650564,1.6572732152442298,1.5365002683843263,1.0534084809447128,0.05367686527106817
162,11.956521739130435,10.48040794417606,11.171497584541063,13.352120236178207,10.876274825550189,18.21658615136876,13.862050456253355,5.60252281266774,0.20128824476650564,1.6572732152442298,1.5163714439076759,1.0534084809447128,0.05367686527106817
163,12.04374664519592,10.466988727858293,11.151368760064413,13.251476113794954,10.782340311325818,18.344068706387546,13.841921631776705,5.535426731078905,0.20128824476650564,1.7579173376274826,1.5163714439076759,1.0534084809447128,0.05367686527106817
164,11.943102522812667,10.393183038110575,11.124530327428879,13.056897477187333,10.748792270531402,18.46484165324745,13.88888888888889,5.629361245303274,0.20128824476650564,1.8719806763285025,1.583467525496511,1.0399892646269457,0.05367686527106817
165,12.037037037037036,9.957058507783145,11.05072463768116,13.285024154589372,10.426731078904991,18.297101449275363,14.465915190552872,5.629361245303274,0.20128824476650564,1.8719806763285025,1.6841116478797638,1.0399892646269457,0.05367686527106817
166,11.426462694578637,9.272678475577026,10.889694041867955,12.607353730542137,10.413311862587225,18.156199677938808,16.740472356414386,5.615942028985507,0.20128824476650564,1.8585614600107354,1.724369296833065,1.0399892646269457,0.05367686527106817
167,11.735104669887278,9.23913043478261,10.889694041867955,12.560386473429952,10.258990874932904,18.115942028985508,16.720343531937736,5.528717122920021,0.19457863660762212,1.8988191089640365,1.7646269457863661,1.0399892646269457,0.05367686527106817
168,11.83574879227053,9.198872785829307,12.130971551261407,12.533548040794418,9.29951690821256,17.98174986580784,16.6532474503489,5.293880837359098,0.19457863660762212,1.8988191089640365,1.8853998926462694,1.0399892646269457,0.05367686527106817
169,12.070585077831455,9.044551798174986,11.936392914653783,12.701288244766506,9.23913043478261,18.075684380032207,16.680085882984432,5.246913580246914,0.19457863660762212,1.8317230273752012,1.8853998926462694,1.0399892646269457,0.05367686527106817
170,11.98336017176597,9.118357487922705,11.889425657541599,12.681159420289855,9.225711218464841,18.12265163714439,16.700214707461082,5.246913580246914,0.19457863660762212,1.8317230273752012,1.9122383252818036,1.0399892646269457,0.05367686527106817
171,11.922973698336017,8.977455716586151,11.889425657541599,12.654320987654321,9.111647879763822,18.451422436929683,16.566022544283413,5.394524959742351,0.19457863660762212,1.8317230273752012,1.9122383252818036,1.0399892646269457,0.05367686527106817
172,12.23161567364466,8.917069243156199,11.862587224906065,12.587224906065487,9.024422973698336,18.51851851851852,16.364734299516908,5.35426731078905,0.19457863660762212,1.9390767579173376,1.9122383252818036,1.0399892646269457,0.05367686527106817
173,12.352388620504563,8.883521202361782,11.714975845410628,12.587224906065487,8.903650026838433,18.726516371443907,16.364734299516908,5.347557702630167,0.18115942028985507,1.932367149758454,1.9122383252818036,1.0399892646269457,0.05367686527106817
174,12.258454106280194,8.789586688137414,11.75523349436393,12.385936661298981,8.870101986044014,19.04186795491143,16.304347826086957,5.3341384863123995,0.18115942028985507,1.9659151905528718,2.01959205582394,1.0399892646269457,0.05367686527106817
