,45,50,55,51,54,53,52,56,57
0,98.06763285024155,1.932367149758454,,,,,,,
1,98.08105206655931,1.9189479334406871,,,,,,,
2,97.88647342995169,2.1135265700483092,,,,,,,
3,82.58856682769726,16.881374127750938,0.5300590445517982,,,,,,
4,68.57219538378959,30.897745571658614,0.5300590445517982,,,,,,
5,64.573268921095,32.890499194847024,0.5300590445517982,0.644122383252818,1.3620504562533549,,,,
6,63.79495437466452,32.729468599033815,0.5300590445517982,0.644122383252818,1.3620504562533549,0.9393451422436929,,,
7,63.821792807300056,32.70263016639828,0.5300590445517982,0.644122383252818,1.3620504562533549,0.9393451422436929,,,
8,62.513419216317764,34.044551798174986,0.5300590445517982,0.644122383252818,1.328502415458937,0.9393451422436929,,,
9,62.513419216317764,34.044551798174986,0.5300590445517982,0.644122383252818,1.328502415458937,0.9393451422436929,,,
10,62.526838432635536,34.03113258185722,0.5300590445517982,0.644122383252818,1.328502415458937,0.9393451422436929,,,
11,62.34567901234568,34.23913043478261,0.5300590445517982,0.644122383252818,1.3016639828234031,0.9393451422436929,,,
12,58.943907675791735,37.64090177133655,0.5300590445517982,0.644122383252818,1.3016639828234031,0.9393451422436929,,,
13,59.09151905528717,37.493290391841114,0.5300590445517982,0.644122383252818,1.3016639828234031,0.9393451422436929,,,
14,54.59608158883521,30.079173376274827,0.5300590445517982,0.644122383252818,1.3016639828234031,0.8387010198604401,12.010198604401502,,
15,54.528985507246375,30.233494363929147,0.5300590445517982,0.644122383252818,1.3016639828234031,0.8387010198604401,11.922973698336017,,
16,53.96537842190016,28.468867418142782,0.5300590445517982,0.644122383252818,1.3016639828234031,0.8387010198604401,14.251207729468598,,
17,46.69887278582931,35.581052066559316,0.5300590445517982,1.261406333870102,0.9057971014492754,0.8387010198604401,14.184111647879764,,
18,46.85990338164251,35.507246376811594,0.5300590445517982,1.261406333870102,0.9057971014492754,0.8387010198604401,14.096886741814279,,
19,46.081588835212024,33.3467525496511,0.5300590445517982,14.868491680085883,0.9057971014492754,0.8387010198604401,3.4286097691894795,,
20,46.162104133118625,33.3467525496511,0.5300590445517982,14.660493827160494,0.9057971014492754,0.8387010198604401,3.4286097691894795,0.1274825550187869,
21,43.31052066559313,33.21926999463231,0.5300590445517982,18.055555555555557,1.247987117552335,0.8387010198604401,2.6704240472356413,0.1274825550187869,
22,43.39103596349973,33.21926999463231,0.5300590445517982,17.975040257648953,1.247987117552335,0.8387010198604401,2.6704240472356413,0.1274825550187869,
23,42.961621041331185,32.588566827697264,0.5300590445517982,15.485775630703166,1.2412775093934514,4.723564143853999,1.932367149758454,0.5367686527106817,
24,40.284487385936664,35.23215244229737,0.6172839506172839,15.432098765432098,1.2412775093934514,4.723564143853999,1.932367149758454,0.5367686527106817,
25,32.340311325818575,45.95410628019324,0.6172839506172839,12.654320987654321,1.2412775093934514,4.723564143853999,1.932367149758454,0.5367686527106817,
26,32.44095544820183,45.66559312936125,0.6172839506172839,12.855609232420827,1.2412775093934514,4.7101449275362315,1.932367149758454,0.5367686527106817,
27,32.54159957058508,45.61862587224906,0.6172839506172839,12.801932367149758,1.2412775093934514,4.7101449275362315,1.932367149758454,0.5367686527106817,
28,32.44095544820183,45.108695652173914,1.2278582930756843,12.801932367149758,1.2412775093934514,4.7101449275362315,1.932367149758454,0.5367686527106817,
29,31.89747718733226,38.868760064412236,1.0131508319914118,19.80005367686527,1.2412775093934514,4.7101449275362315,1.932367149758454,0.5367686527106817,
30,31.884057971014492,38.016639828234034,1.0131508319914118,19.80005367686527,2.1135265700483092,4.703435319377348,1.932367149758454,0.5367686527106817,
31,31.689479334406872,36.520397208803004,2.7844873859366612,19.766505636070853,2.073268921095008,4.703435319377348,1.932367149758454,0.5300590445517982,
32,31.76328502415459,35.55421363392378,2.7844873859366612,19.685990338164252,2.073268921095008,5.676328502415459,1.932367149758454,0.5300590445517982,
33,23.32259796027912,44.176060118089104,2.952227589908749,19.33709071390231,2.073268921095008,5.676328502415459,1.932367149758454,0.5300590445517982,
34,23.369565217391305,43.18974771873322,2.952227589908749,19.33709071390231,2.073268921095008,6.615673644659152,1.932367149758454,0.5300590445517982,
35,22.839506172839506,39.351851851851855,2.952227589908749,19.202898550724637,1.9659151905528718,11.225174449812132,1.932367149758454,0.5300590445517982,
36,22.074610842726784,37.96296296296296,2.918679549114332,17.062533548040793,1.9659151905528718,12.620772946859903,4.757112184648417,0.6374127750939346,
37,22.50402576489533,37.84219001610306,2.771068169618894,16.988727858293075,1.9659151905528718,12.553676865271068,4.736983360171766,0.6374127750939346,
38,22.510735373054214,37.74825550187869,2.771068169618894,16.988727858293075,1.9659151905528718,12.553676865271068,4.824208266237251,0.6374127750939346,
39,22.571121846484164,37.74825550187869,2.771068169618894,16.961889425657542,1.9659151905528718,12.52012882447665,4.824208266237251,0.6374127750939346,
40,21.43719806763285,35.11808910359635,2.7509393451422435,21.631776704240472,1.9659151905528718,11.688137412775093,4.770531400966184,0.6374127750939346,
41,19.773215244229736,33.70907139023081,2.7509393451422435,25.295222758990874,1.9659151905528718,11.171497584541063,4.7168545356951155,0.6172839506172839,
42,16.586151368760063,29.57595276435856,2.563070316693505,34.19887278582931,3.33467525496511,11.171497584541063,1.570048309178744,0.9997316156736447,
43,16.901502952227588,29.57595276435856,2.563070316693505,33.903650026838434,3.33467525496511,11.171497584541063,1.570048309178744,0.9796027911969941,
44,14.412238325281804,26.48953301127214,2.7241009125067097,42.210144927536234,3.260869565217391,8.735909822866345,1.570048309178744,0.5971551261406334,
45,14.204240472356414,24.798711755233494,2.7241009125067097,41.41170155662909,3.2139023081052067,11.480139559849706,1.570048309178744,0.5971551261406334,
46,14.512882447665056,24.751744498121308,2.7241009125067097,41.15002683843264,3.2139023081052067,11.480139559849706,1.570048309178744,0.5971551261406334,
47,14.606816961889425,24.67793880837359,2.7241009125067097,41.136607622114866,3.207192699946323,11.480139559849706,1.570048309178744,0.5971551261406334,
48,14.412238325281804,22.638217928073,2.301395598497048,39.62694578636608,3.3548040794417604,10.7085346215781,6.360708534621578,0.5971551261406334,
49,14.593397745571659,22.591250670960815,2.301395598497048,39.53972088030059,3.3548040794417604,10.695115405260333,6.327160493827161,0.5971551261406334,
50,14.586688137412775,22.309447128287708,2.6167471819645733,38.52657004830918,3.3548040794417604,11.681427804616211,6.327160493827161,0.5971551261406334,
51,14.754428341384862,22.302737520128826,2.6167471819645733,38.41250670960816,3.3548040794417604,11.634460547504025,6.327160493827161,0.5971551261406334,
52,15.411969940955448,21.43719806763285,2.5563607085346214,38.6003757380569,3.2541599570585076,10.44015029522276,6.9243156199677935,1.3754696725711217,
53,15.405260332796564,21.141975308641975,2.871712292002147,38.6003757380569,3.2541599570585076,10.44015029522276,6.910896403650026,1.3754696725711217,
54,15.98899624261943,20.8870101986044,2.844873859366613,38.35882984433709,3.2541599570585076,10.38647342995169,6.904186795491143,1.3754696725711217,
55,16.14331723027375,20.652173913043477,2.844873859366613,36.902844873859365,3.2541599570585076,11.956521739130435,6.904186795491143,1.3419216317767042,
56,16.337895866881375,20.564949006977994,2.844873859366613,36.802200751476114,3.2541599570585076,11.956521739130435,6.89747718733226,1.3419216317767042,
57,16.089640365002683,20.336822329575952,2.844873859366613,35.59447128287708,3.2474503488996245,11.79549114331723,8.749329039184111,1.3419216317767042,
58,16.31105743424584,20.276435856146,2.844873859366613,33.8365539452496,3.2474503488996245,13.620504562533547,8.628556092324208,1.2345679012345678,
59,16.478797638217927,19.89398819108964,2.9052603327965647,33.70907139023081,3.2474503488996245,12.815351583467525,9.71551261406334,1.2345679012345678,
60,16.492216854535695,19.96779388083736,2.9052603327965647,33.48094471282877,3.2474503488996245,12.815351583467525,9.71551261406334,1.3754696725711217,
61,16.51905528717123,19.847020933977454,2.5831991411701556,33.03811057434246,3.2474503488996245,13.70101986044015,9.688674181427805,1.3754696725711217,
62,16.492216854535695,19.900697799248523,2.5831991411701556,34.17203435319377,3.240740740740741,12.674449812130971,9.668545356951155,1.2681159420289856,
63,15.445517981749866,18.256843800322063,3.2474503488996245,39.53972088030059,3.240740740740741,10.010735373054214,8.99087493290392,1.2681159420289856,
64,15.405260332796564,17.693236714975846,3.81105743424584,35.950080515297905,6.870638754696726,10.010735373054214,8.99087493290392,1.2681159420289856,
65,15.4723564143854,17.67981749865808,3.81105743424584,35.929951690821255,6.870638754696726,9.977187332259795,8.99087493290392,1.2681159420289856,
66,14.969135802469136,16.15673644659152,3.7573805689747717,39.432367149758456,6.3070316693505095,9.05126140633387,8.923778851315083,1.402308105206656,
67,15.170424047235642,16.15673644659152,3.7238325281803544,39.2914653784219,6.280193236714976,9.05126140633387,8.923778851315083,1.402308105206656,
68,15.33816425120773,16.129898013955984,3.7104133118625873,39.16398282340311,6.387546967257112,9.05126140633387,8.816425120772946,1.402308105206656,
69,15.411969940955448,16.11647879763822,3.7104133118625873,38.12399355877617,5.703166935050993,9.05126140633387,10.299248523886206,1.583467525496511,
70,13.855340848094471,14.378690284487385,3.2139023081052067,41.83440687063875,5.0993022007514766,9.628287707997853,10.406602254428341,1.583467525496511,
71,13.828502415458937,14.378690284487385,4.032474503488996,41.04938271604938,5.092592592592593,9.628287707997853,10.406602254428341,1.583467525496511,
72,13.902308105206655,13.70101986044015,3.9855072463768115,43.585614600107355,5.092592592592593,9.333064949006978,8.816425120772946,1.583467525496511,
73,14.325013419216317,13.674181427804616,4.4753086419753085,43.001878690284485,4.944981213097155,9.29951690821256,8.695652173913043,1.583467525496511,
74,14.465915190552872,13.674181427804616,4.4753086419753085,42.901234567901234,4.944981213097155,9.29951690821256,8.68894256575416,1.5499194847020934,
75,14.512882447665056,13.600375738056897,4.562533548040794,42.86768652710682,4.944981213097155,9.272678475577026,8.68894256575416,1.5499194847020934,
76,14.224369296833064,13.331991411701557,3.6634460547504024,42.55904455179817,4.891304347826087,9.272678475577026,10.507246376811594,1.5499194847020934,
77,14.237788513150832,13.009930220075148,4.42163177670424,38.6406333870102,4.891304347826087,9.198872785829307,13.969404186795492,1.6304347826086956,
78,14.27133655394525,12.902576489533011,4.42163177670424,38.61379495437466,5.038915727321524,9.16532474503489,13.969404186795492,1.6170155662909287,
79,13.593666129898015,12.882447665056361,4.810789049919484,37.72812667740204,5.038915727321524,11.473429951690822,12.942834138486312,1.5297906602254427,
80,13.654052603327965,12.869028448738593,4.810789049919484,37.68115942028985,5.038915727321524,11.473429951690822,12.942834138486312,1.5297906602254427,
81,13.687600644122384,12.869028448738593,4.810789049919484,37.68115942028985,5.038915727321524,11.439881910896403,12.942834138486312,1.5297906602254427,
82,14.076757917337627,12.842190016103059,4.810789049919484,37.65432098765432,5.038915727321524,11.406333870101985,12.640901771336553,1.5297906602254427,
83,13.996242619431026,12.13768115942029,4.2270531400966185,41.056092324208265,5.038915727321524,11.406333870101985,10.61460010735373,1.5230810520665594,
84,14.023081052066559,11.990069779924852,4.3545356951154055,41.056092324208265,5.038915727321524,11.406333870101985,10.607890499194847,1.5230810520665594,
85,11.023886205045626,33.373590982286636,4.119699409554482,30.790391841116477,10.144927536231885,2.4355877616747184,6.937734836285561,1.1741814278046163,
86,11.104401502952227,33.353462157809986,4.119699409554482,30.790391841116477,10.084541062801932,2.4355877616747184,6.937734836285561,1.1741814278046163,
87,11.11111111111111,33.28636607622115,4.119699409554482,27.677133655394524,10.084541062801932,2.4355877616747184,10.165056360708535,1.1205045625335481,
88,11.325818572195384,33.23939881910896,4.119699409554482,27.509393451422437,10.084541062801932,2.4355877616747184,10.165056360708535,1.1205045625335481,
89,11.399624261943103,33.09849704777241,4.019055287171229,26.986044015029524,10.084541062801932,2.4355877616747184,10.165056360708535,1.8115942028985508,
90,11.426462694578637,32.8972088030059,4.005636070853462,26.89210950080515,10.265700483091788,2.4355877616747184,10.131508319914117,1.9457863660762211,
91,11.714975845410628,32.7361782071927,4.005636070853462,26.798174986580783,10.265700483091788,2.4355877616747184,10.0979602791197,1.9457863660762211,
92,11.929683306494901,32.39398819108964,3.878153515834675,24.322329575952764,9.849704777241008,2.4355877616747184,13.45276435856146,1.737788513150832,
93,11.943102522812667,32.46108427267848,4.012345679012346,24.322329575952764,9.634997316156737,2.4355877616747184,13.45276435856146,1.737788513150832,
94,12.218196457326892,31.776704240472355,4.616210413311863,24.288781535158346,9.473966720343531,2.4355877616747184,13.45276435856146,1.737788513150832,
95,12.332259796027913,31.45464304884595,4.898013955984971,24.241814278046164,9.447128287707997,2.4355877616747184,13.45276435856146,1.737788513150832,
96,12.567096081588835,31.28690284487386,4.898013955984971,24.174718196457327,9.447128287707997,2.4355877616747184,13.45276435856146,1.737788513150832,
97,12.68786902844874,31.239935587761675,4.891304347826087,24.000268384326354,9.440418679549115,2.4355877616747184,13.45276435856146,1.8518518518518519,
98,13.023349436392914,30.421363392377884,4.7638217928073,23.79898013955985,10.104669887278583,2.4355877616747184,13.425925925925926,2.0263016639828235,
99,13.150831991411701,30.347557702630166,4.7638217928073,23.79898013955985,10.050993022007514,2.4355877616747184,13.425925925925926,2.0263016639828235,
100,13.325281803542673,30.340848094471284,4.7638217928073,23.698336017176597,10.02415458937198,2.4355877616747184,13.41250670960816,1.9994632313472893,
101,13.486312399355878,30.26033279656468,4.7638217928073,23.63123993558776,10.010735373054214,2.4355877616747184,13.41250670960816,1.9994632313472893,
102,13.580246913580247,30.193236714975846,4.7638217928073,23.63123993558776,9.98389694041868,2.4355877616747184,13.41250670960816,1.9994632313472893,
103,13.238056897477188,30.73671497584541,4.7638217928073,23.43666129898014,9.98389694041868,2.4355877616747184,13.405797101449275,1.9994632313472893,
104,13.217928073000536,30.636070853462158,4.676596886741814,22.16183574879227,6.696188942565755,3.81105743424584,16.82769726247987,1.9726247987117553,
105,13.33870101986044,30.54884594739667,4.676596886741814,22.14170692431562,6.696188942565755,3.81105743424584,16.814278046162105,1.9726247987117553,
106,13.553408480944713,30.52871712292002,4.676596886741814,21.960547504025765,6.696188942565755,3.797638217928073,16.814278046162105,1.9726247987117553,
107,13.667471819645733,30.515297906602253,4.817498658078368,21.947128287707997,6.696188942565755,3.7909286097691894,16.59286097691895,1.9726247987117553,
108,13.868760064412239,30.515297906602253,4.7101449275362315,21.900161030595815,6.649221685453569,3.7909286097691894,16.59286097691895,1.9726247987117553,
109,14.009661835748792,30.407944176060116,4.703435319377348,21.900161030595815,6.649221685453569,3.7909286097691894,16.566022544283413,1.9726247987117553,
110,14.184111647879764,30.287171229200215,4.676596886741814,21.900161030595815,6.649221685453569,3.7909286097691894,16.53918411164788,1.9726247987117553,
111,14.27133655394525,30.287171229200215,4.676596886741814,21.806226516371442,6.615673644659152,3.7909286097691894,16.465378421900162,1.9726247987117553,0.11406333870101985
112,14.27133655394525,30.287171229200215,4.676596886741814,21.806226516371442,6.615673644659152,3.7909286097691894,16.465378421900162,1.9726247987117553,0.11406333870101985
113,14.298174986580785,30.287171229200215,4.676596886741814,21.806226516371442,6.615673644659152,3.7640901771336552,16.465378421900162,1.9726247987117553,0.11406333870101985
114,14.673913043478262,30.213365539452496,4.676596886741814,21.638486312399355,6.588835212023618,3.670155662909286,16.451959205582394,1.9726247987117553,0.11406333870101985
115,14.80810520665593,29.636339237788512,5.280461621041331,21.484165324745035,6.588835212023618,3.670155662909286,16.451959205582394,1.9659151905528718,0.11406333870101985
116,15.01610305958132,29.59608158883521,5.401234567901234,20.658883521202362,6.427804616210413,3.6231884057971016,17.196725711218466,1.9659151905528718,0.11406333870101985
117,15.096618357487923,29.57595276435856,5.401234567901234,20.638754696725712,6.407675791733762,3.6231884057971016,17.19001610305958,1.9524959742351047,0.11406333870101985
118,15.01610305958132,28.670155662909288,5.401234567901234,21.235909822866343,4.777241009125067,3.603059581320451,19.310252281266774,1.8719806763285025,0.11406333870101985
119,14.848362855609233,28.63660762211487,5.213365539452496,19.639023081052066,4.777241009125067,6.139291465378422,18.760064412238325,1.8719806763285025,0.11406333870101985
120,15.03623188405797,28.556092324208265,5.199946323134729,19.605475040257648,4.736983360171766,6.139291465378422,18.739935587761675,1.8719806763285025,0.11406333870101985
121,15.183843263553408,28.475577026301664,5.199946323134729,19.558507783145465,4.736983360171766,6.139291465378422,18.719806763285025,1.8719806763285025,0.11406333870101985
122,15.351583467525497,28.468867418142782,5.199946323134729,19.424315619967793,4.736983360171766,6.125872249060655,18.706387546967257,1.8719806763285025,0.11406333870101985
123,15.666935050993022,28.153515834675254,5.0993022007514766,19.33709071390231,5.314009661835748,6.099033816425121,18.344068706387546,1.8719806763285025,0.11406333870101985
124,15.787707997852925,28.039452495974235,5.0993022007514766,19.26328502415459,5.300590445517981,6.327160493827161,18.209876543209877,1.8585614600107354,0.11406333870101985
125,16.0426731078905,27.958937198067634,5.253623188405797,19.129092860976918,5.139559849704777,6.320450885668277,18.183038110574344,1.8585614600107354,0.11406333870101985
126,16.13660762211487,27.958937198067634,5.253623188405797,19.082125603864736,5.139559849704777,6.320450885668277,18.136070853462158,1.8585614600107354,0.11406333870101985
127,16.183574879227052,27.925389157273216,5.253623188405797,19.082125603864736,5.12614063338701,6.320450885668277,18.136070853462158,1.8585614600107354,0.11406333870101985
128,16.190284487385938,27.81803542673108,5.226784755770263,19.082125603864736,5.441492216854535,6.132581857219538,18.136070853462158,1.8585614600107354,0.11406333870101985
129,16.284219001610307,27.76435856146001,5.226784755770263,19.04186795491143,5.441492216854535,6.132581857219538,18.136070853462158,1.8585614600107354,0.11406333870101985
130,16.552603327965645,27.67042404723564,5.2066559312936125,19.008319914117017,5.441492216854535,6.125872249060655,18.089103596349972,1.7914653784219001,0.11406333870101985
131,16.59286097691895,27.167203435319376,5.005367686527107,18.94122383252818,7.675791733762749,5.9514224369296835,16.760601180891037,1.7914653784219001,0.11406333870101985
132,16.814278046162105,27.167203435319376,4.891304347826087,18.88083735909823,7.675791733762749,5.9514224369296835,16.760601180891037,1.7914653784219001,0.06709608158883522
133,16.908212560386474,27.120236178207193,4.891304347826087,18.874127750939344,7.675791733762749,5.9514224369296835,16.720343531937736,1.7914653784219001,0.06709608158883522
134,16.948470209339774,27.120236178207193,4.891304347826087,18.833870101986044,7.675791733762749,5.9514224369296835,16.720343531937736,1.7914653784219001,0.06709608158883522
135,17.10950080515298,27.106816961889425,4.891304347826087,18.38432635534085,7.675791733762749,5.917874396135265,16.70692431561997,2.1403650026838434,0.06709608158883522
136,16.961889425657542,27.314814814814813,4.891304347826087,18.38432635534085,7.675791733762749,5.911164787976382,16.6532474503489,2.1403650026838434,0.06709608158883522
137,16.847826086956523,27.147074610842726,5.005367686527107,18.290391841116477,7.675791733762749,7.427536231884058,15.398550724637682,2.1403650026838434,0.06709608158883522
138,16.982018250134193,27.126945786366075,4.99194847020934,18.256843800322063,7.675791733762749,7.776435856146001,14.982555018786902,2.1403650026838434,0.06709608158883522
139,17.20343531937735,27.079978529253893,4.99194847020934,18.17632850241546,7.675791733762749,7.769726247987117,14.895330112721417,2.1403650026838434,0.06709608158883522
140,17.297369833601717,27.053140096618357,4.99194847020934,18.14278046162104,7.675791733762749,7.769726247987117,14.861782071927,2.1403650026838434,0.06709608158883522
141,17.52549651100376,27.046430488459475,4.985238862050457,18.136070853462158,7.561728395061729,7.769726247987117,14.76784755770263,2.1403650026838434,0.06709608158883522
142,17.800590445517983,27.026301663982824,4.87788513150832,18.10252281266774,7.628824476650563,7.648953301127214,14.707461084272678,2.1403650026838434,0.06709608158883522
143,17.941492216854535,26.90552871712292,5.005367686527107,18.04213633923779,7.595276435856146,7.648953301127214,14.65378421900161,2.1403650026838434,0.06709608158883522
144,18.06897477187332,26.858561460010737,5.005367686527107,18.00858829844337,7.595276435856146,7.648953301127214,14.65378421900161,2.0933977455716586,0.06709608158883522
145,18.156199677938808,26.878690284487387,5.005367686527107,17.995169082125603,7.595276435856146,7.628824476650563,14.579978529253891,2.0933977455716586,0.06709608158883522
146,18.310520665593128,26.818303811057433,5.005367686527107,17.995169082125603,7.581857219538379,7.581857219538379,14.546430488459475,2.0933977455716586,0.06709608158883522
147,18.4849704777241,26.576757917337627,4.985238862050457,17.995169082125603,7.695920558239399,7.561728395061729,14.53972088030059,2.0933977455716586,0.06709608158883522
148,18.65271068169619,26.54320987654321,4.9718196457326895,17.914653784219002,7.669082125603865,7.561728395061729,14.533011272141707,2.086688137412775,0.06709608158883522
149,18.686258722490606,26.227858293075684,5.052334943639291,18.149490069779926,7.689210950080516,7.555018786902845,14.51959205582394,2.0531400966183573,0.06709608158883522
150,18.800322061191626,26.214439076757916,5.0993022007514766,18.136070853462158,7.796564680622652,7.367149758454106,14.465915190552872,2.0531400966183573,0.06709608158883522
151,18.887546967257112,26.214439076757916,5.0791733762748255,18.02871712292002,7.7831454643048845,7.300053676865271,14.452495974235104,2.187332259796028,0.06709608158883522
152,18.947933440687063,26.214439076757916,5.186527106816962,17.96833064949007,7.7831454643048845,7.300053676865271,14.345142243692969,2.187332259796028,0.06709608158883522
153,19.14922168545357,26.093666129898015,5.307300053676865,17.8743961352657,7.7831454643048845,7.25979602791197,14.345142243692969,2.120236178207193,0.06709608158883522
154,19.390767579173378,26.02657004830918,5.307300053676865,17.69994632313473,7.7831454643048845,7.239667203435319,14.278046162104133,2.2074610842726785,0.06709608158883522
155,19.64573268921095,25.986312399355878,5.24020397208803,17.612721417069242,7.75630703166935,7.206119162640902,14.278046162104133,2.2074610842726785,0.06709608158883522
156,19.847020933977454,25.85882984433709,5.35426731078905,17.612721417069242,7.689210950080516,7.206119162640902,14.15727321524423,2.2074610842726785,0.06709608158883522
157,20.04830917874396,25.670960815888353,5.35426731078905,17.599302200751477,7.689210950080516,7.206119162640902,14.15727321524423,2.2074610842726785,0.06709608158883522
158,20.115405260332796,25.617283950617285,5.35426731078905,17.599302200751477,7.675791733762749,7.206119162640902,14.15727321524423,2.2074610842726785,0.06709608158883522
159,20.316693505099302,25.489801395598498,5.35426731078905,17.52549651100376,7.675791733762749,7.206119162640902,14.15727321524423,2.2074610842726785,0.06709608158883522
160,20.35024154589372,25.45625335480408,5.267042404723564,17.498658078368223,7.675791733762749,7.206119162640902,14.15727321524423,2.3215244229736984,0.06709608158883522
161,20.128824476650564,25.254965110037574,5.394524959742351,21.28287707997853,6.427804616210413,7.192699946323135,11.929683306494901,2.3215244229736984,0.06709608158883522
162,20.30998389694042,24.738325281803544,5.314009661835748,21.28287707997853,6.91760601180891,7.1658615136876005,11.882716049382717,2.3215244229736984,0.06709608158883522
163,20.30998389694042,24.704777241009126,5.314009661835748,21.22249060654858,6.91760601180891,7.118894256575416,12.02361782071927,2.3215244229736984,0.06709608158883522
164,20.544820182501343,24.54374664519592,5.428073000536768,20.994363929146537,6.910896403650026,6.414385399892646,12.667740203972087,2.428878153515835,0.06709608158883522
165,20.75281803542673,24.4296833064949,5.367686527106817,20.94068706387547,7.018250134192163,6.400966183574879,12.593934514224369,2.428878153515835,0.06709608158883522
166,20.840042941492218,24.382716049382715,5.233494363929147,20.9272678475577,7.018250134192163,6.374127750939345,12.72812667740204,2.428878153515835,0.06709608158883522
167,21.007783145464305,24.282071926999464,5.213365539452496,20.9272678475577,6.971282877079979,6.374127750939345,12.72812667740204,2.428878153515835,0.06709608158883522
168,21.101717659688674,24.188137412775095,5.213365539452496,20.9272678475577,6.971282877079979,6.374127750939345,12.72812667740204,2.428878153515835,0.06709608158883522
169,21.101717659688674,24.12104133118626,5.213365539452496,20.9272678475577,7.0383789586688135,6.374127750939345,12.72812667740204,2.428878153515835,0.06709608158883522
170,21.276167471819647,24.020397208803004,5.213365539452496,20.88030059044552,7.0383789586688135,6.374127750939345,12.714707461084272,2.4154589371980677,0.06709608158883522
171,21.470746108427267,23.812399355877616,5.159688674181428,19.920826623725173,6.991411701556629,6.374127750939345,13.741277509393452,2.5295222758990876,
172,21.66532474503489,23.658078368223297,5.287171229200215,19.900697799248523,6.977992485238862,6.353998926462695,13.694310252281268,2.462426194310252,
173,21.75925925925926,23.658078368223297,5.273752012882448,19.766505636070853,6.977992485238862,6.427804616210413,13.674181427804616,2.462426194310252,
174,21.497584541062803,24.228395061728396,5.273752012882448,19.565217391304348,6.977992485238862,6.427804616210413,13.56682769726248,2.462426194310252,
175,21.256038647342994,24.02710681696189,5.246913580246914,18.59903381642512,6.977992485238862,7.877079978529254,13.56682769726248,2.4490069779924855,
176,21.752549651100377,24.020397208803004,5.246913580246914,18.46484165324745,6.937734836285561,7.87037037037037,13.258185721953838,2.4490069779924855,
177,22.007514761137948,23.839237788513152,5.246913580246914,18.46484165324745,6.863929146537842,7.87037037037037,13.258185721953838,2.4490069779924855,
178,22.020933977455716,23.825818572195384,5.246913580246914,18.46484165324745,6.863929146537842,7.87037037037037,13.170960815888352,2.4490069779924855,0.08722490606548577
179,21.410359634997317,24.14117015566291,5.24020397208803,17.901234567901234,6.843800322061192,7.856951154052603,14.070048309178745,2.4490069779924855,0.08722490606548577
180,21.544551798174986,23.483628556092324,6.172839506172839,17.901234567901234,6.756575415995706,7.843531937734836,13.761406333870102,2.4490069779924855,0.08722490606548577
181,19.43773483628556,20.840042941492218,5.401234567901234,16.874664519592056,5.971551261406334,6.085614600107354,23.07434245840043,2.227589908749329,0.08722490606548577
182,19.64573268921095,20.739398819108963,5.381105743424584,16.814278046162105,5.897745571658615,6.085614600107354,23.121309715512613,2.227589908749329,0.08722490606548577
183,19.712828770799785,20.739398819108963,5.381105743424584,16.780730005367687,5.897745571658615,6.085614600107354,23.087761674718198,2.227589908749329,0.08722490606548577
184,17.418142780461622,19.236446591519055,4.233762748255502,25.89237788513151,4.49543746645196,5.783682232957595,20.625335480407944,2.227589908749329,0.08722490606548577
185,17.418142780461622,19.142512077294686,4.206924315619967,25.644122383252817,4.17337627482555,5.756843800322061,21.309715512614062,2.2611379495437465,0.08722490606548577
186,17.20343531937735,19.196188942565755,4.200214707461084,25.644122383252817,4.17337627482555,4.918142780461621,22.31615673644659,2.2611379495437465,0.08722490606548577
187,17.411433172302736,19.155931293612454,4.200214707461084,25.644122383252817,4.146537842190016,4.918142780461621,22.17525496511004,2.2611379495437465,0.08722490606548577
188,17.49194847020934,19.129092860976918,4.1129898013955986,25.637412775093935,4.146537842190016,4.998658078368224,22.134997316156735,2.2611379495437465,0.08722490606548577
189,17.619431025228128,19.102254428341386,4.086151368760064,25.41599570585078,4.146537842190016,4.998658078368224,22.29602791196994,2.24771873322598,0.08722490606548577
190,17.753623188405797,19.0955448201825,4.079441760601181,25.248255501878692,4.146537842190016,4.938271604938271,22.148416532474503,2.3886205045625335,0.20128824476650564
191,17.418142780461622,18.90096618357488,4.374664519592056,24.818840579710145,4.1129898013955986,4.830917874396135,23.11460010735373,2.314814814814815,0.11406333870101985
192,17.122920021470748,18.874127750939344,4.374664519592056,26.603596349973163,3.978797638217928,3.965378421900161,22.7187332259796,2.24771873322598,0.11406333870101985
193,17.28395061728395,18.833870101986044,4.374664519592056,26.529790660225444,3.978797638217928,3.9519592055823938,22.685185185185187,2.24771873322598,0.11406333870101985
194,17.310789049919485,18.82716049382716,4.508856682769726,26.41572732152442,3.978797638217928,3.9519592055823938,22.67176596886742,2.2208803005904456,0.11406333870101985
195,17.444981213097154,18.733225979602793,4.488727858293076,26.41572732152442,3.978797638217928,3.9519592055823938,22.67176596886742,2.200751476113795,0.11406333870101985
196,17.69994632313473,18.632581857219538,4.488727858293076,26.32850241545894,3.978797638217928,3.9519592055823938,22.604669887278583,2.200751476113795,0.11406333870101985
197,17.834138486312398,18.57890499194847,4.488727858293076,26.261406333870102,3.978797638217928,3.9452495974235107,22.5979602791197,2.200751476113795,0.11406333870101985
198,18.02871712292002,18.572195383789587,4.488727858293076,26.247987117552334,3.978797638217928,3.9452495974235107,22.423510466988727,2.200751476113795,0.11406333870101985
199,18.230005367686527,18.50509930220075,4.488727858293076,26.10708534621578,3.978797638217928,3.9452495974235107,22.396672034353195,2.301395598497048,0.04696725711218465
200,18.625872249060656,18.370907139023082,4.468599033816425,26.080246913580247,3.978797638217928,3.851315083199141,22.27589908749329,2.301395598497048,0.04696725711218465
201,18.646001073537306,18.357487922705314,4.468599033816425,26.080246913580247,3.978797638217928,3.851315083199141,22.269189479334408,2.301395598497048,0.04696725711218465
202,18.96135265700483,18.23671497584541,4.455179817498658,26.482823403113258,3.978797638217928,3.844605475040258,21.712292002147073,2.281266774020397,0.04696725711218465
203,19.11567364465915,18.223295759527645,4.428341384863124,26.221148684916802,3.978797638217928,3.8177670424047236,21.69887278582931,2.4691358024691357,0.04696725711218465
204,19.310252281266774,18.16290928609769,4.414922168545357,25.764895330112722,3.9720880300590444,4.636339237788513,21.329844337090712,2.3617820719269993,0.04696725711218465
205,19.464573268921097,18.16290928609769,4.414922168545357,25.684380032206118,4.079441760601181,4.528985507246377,21.256038647342994,2.3617820719269993,0.04696725711218465
206,19.699409554482017,18.08239398819109,4.508856682769726,25.34219001610306,4.072732152442297,4.528985507246377,21.256038647342994,2.462426194310252,0.04696725711218465
207,19.940955448201827,17.867686527106816,4.616210413311863,25.234836285560924,4.045893719806763,4.528985507246377,21.256038647342994,2.462426194310252,0.04696725711218465
208,20.068438003220614,17.867686527106816,4.616210413311863,25.13419216317767,4.032474503488996,4.528985507246377,21.24261943102523,2.462426194310252,0.04696725711218465
209,20.182501341921633,17.867686527106816,4.5893719806763285,25.067096081588836,4.019055287171229,4.528985507246377,21.235909822866343,2.462426194310252,0.04696725711218465
210,20.44417606011809,17.85426731078905,4.5893719806763285,24.953032742887814,4.019055287171229,4.522275899087493,21.108427267847556,2.462426194310252,0.04696725711218465
211,20.558239398819108,17.814009661835748,4.5893719806763285,24.93961352657005,3.9586688137412773,4.522275899087493,21.108427267847556,2.462426194310252,0.04696725711218465
212,20.739398819108963,17.76033279656468,4.5893719806763285,24.932903918411164,3.9586688137412773,4.4820182501341925,21.027911969940956,2.462426194310252,0.04696725711218465
213,20.78636607622115,17.746913580246915,4.575952764358561,24.932903918411164,3.9586688137412773,4.4820182501341925,21.007783145464305,2.462426194310252,0.04696725711218465
214,20.860171765968868,17.733494363929147,4.575952764358561,24.932903918411164,3.9586688137412773,4.4820182501341925,20.947396672034355,2.462426194310252,0.04696725711218465
215,21.20907139023081,17.70665593129361,4.5893719806763285,24.691358024691358,3.9586688137412773,4.4820182501341925,20.853462157809982,2.462426194310252,0.04696725711218465
216,21.289586688137412,17.70665593129361,4.5893719806763285,24.664519592055825,3.9586688137412773,4.4820182501341925,20.799785292538918,2.462426194310252,0.04696725711218465
217,21.4170692431562,17.68652710681696,4.582662372517445,24.56387546967257,3.9586688137412773,4.4820182501341925,20.799785292538918,2.462426194310252,0.04696725711218465
218,22.04777241009125,17.404723564143854,4.575952764358561,24.56387546967257,3.9586688137412773,4.4820182501341925,20.46430488459474,2.4557165861513686,0.04696725711218465
219,22.14170692431562,17.324208266237253,4.575952764358561,24.56387546967257,3.9586688137412773,4.468599033816425,20.46430488459474,2.4557165861513686,0.04696725711218465
220,22.074610842726784,17.310789049919485,4.676596886741814,24.436392914653783,3.9586688137412773,4.5893719806763285,20.45088566827697,2.4557165861513686,0.04696725711218465
221,22.416800858829845,17.11621041331186,4.622920021470746,24.40955448201825,3.9586688137412773,4.5893719806763285,20.38378958668814,2.4557165861513686,0.04696725711218465
222,22.517444981213096,17.11621041331186,4.616210413311863,24.349168008588297,4.079441760601181,4.5893719806763285,20.249597423510465,2.4355877616747184,0.04696725711218465
223,22.550993022007514,17.11621041331186,4.616210413311863,24.349168008588297,4.079441760601181,4.582662372517445,20.222758990874933,2.4355877616747184,0.04696725711218465
224,22.86634460547504,17.11621041331186,4.575952764358561,24.27536231884058,4.079441760601181,4.441760601180891,20.162372517444982,2.4355877616747184,0.04696725711218465
225,22.973698336017176,17.09608158883521,4.575952764358561,24.248523886205046,4.079441760601181,4.441760601180891,20.101986044015028,2.4355877616747184,0.04696725711218465
226,23.14814814814815,17.08937198067633,4.542404723564144,24.208266237251745,4.079441760601181,4.441760601180891,20.00805152979066,2.4355877616747184,0.04696725711218465
227,22.134997316156735,16.23054213633924,4.978529253891573,24.08078368223296,3.844605475040258,4.408212560386473,21.85990338164251,2.4154589371980677,0.04696725711218465
228,21.712292002147073,16.06280193236715,4.978529253891573,24.785292538915726,3.844605475040258,4.367954911433173,21.786097691894792,2.4154589371980677,0.04696725711218465
229,21.900161030595815,16.06280193236715,4.978529253891573,24.630971551261407,3.9586688137412773,4.341116478797638,21.75925925925926,2.3215244229736984,0.04696725711218465
230,21.880032206119164,16.06280193236715,4.978529253891573,24.58400429414922,3.9586688137412773,4.240472356414386,21.994095544820183,2.254428341384863,0.04696725711218465
231,21.846484165324746,15.814546430488459,4.978529253891573,24.58400429414922,4.240472356414386,4.240472356414386,21.994095544820183,2.254428341384863,0.04696725711218465
232,21.940418679549115,15.693773483628556,5.12614063338701,24.46323134728932,4.240472356414386,4.240472356414386,21.994095544820183,2.254428341384863,0.04696725711218465
233,21.953837895866883,15.693773483628556,5.12614063338701,24.44981213097155,4.240472356414386,4.240472356414386,21.994095544820183,2.254428341384863,0.04696725711218465
234,22.067901234567902,15.673644659151906,5.5689747718733225,24.134460547504027,4.2270531400966185,4.240472356414386,21.886741814278047,2.15378421900161,0.04696725711218465
235,22.15512614063339,15.666935050993022,5.5689747718733225,24.134460547504027,4.200214707461084,4.240472356414386,21.833064949006978,2.15378421900161,0.04696725711218465
236,22.208803005904453,15.653515834675256,5.542136339237788,24.134460547504027,4.200214707461084,4.240472356414386,21.81964573268921,2.15378421900161,0.04696725711218465
237,22.302737520128826,15.653515834675256,5.542136339237788,23.93317230273752,4.200214707461084,4.240472356414386,21.806226516371442,2.2745571658615136,0.04696725711218465
238,22.363123993558776,15.640096618357488,5.542136339237788,23.899624261943103,4.200214707461084,4.240472356414386,21.792807300053678,2.2745571658615136,0.04696725711218465
239,22.403381642512077,15.640096618357488,5.542136339237788,23.812399355877616,4.408212560386473,4.1129898013955986,21.75925925925926,2.2745571658615136,0.04696725711218465
240,22.5577026301664,15.640096618357488,5.515297906602254,23.483628556092324,4.408212560386473,4.019055287171229,21.64519592055824,2.6838432635534084,0.04696725711218465
241,22.73215244229737,15.485775630703166,5.515297906602254,23.470209339774556,4.408212560386473,4.019055287171229,21.638486312399355,2.6838432635534084,0.04696725711218465
242,22.73215244229737,15.425389157273216,5.515297906602254,23.470209339774556,4.274020397208803,3.938539989264627,21.91358024691358,2.6838432635534084,0.04696725711218465
243,22.765700483091788,15.418679549114332,5.495169082125604,23.463499731615673,4.274020397208803,3.938539989264627,21.91358024691358,2.6838432635534084,0.04696725711218465
244,22.75228126677402,15.24422973698336,5.495169082125604,23.463499731615673,4.542404723564144,3.938539989264627,21.833064949006978,2.6838432635534084,0.04696725711218465
245,22.859634997316157,15.237520128824476,5.421363392377885,23.463499731615673,4.5893719806763285,3.92512077294686,21.812936124530328,2.6435856146001075,0.04696725711218465
246,22.893183038110575,15.237520128824476,5.421363392377885,23.429951690821255,4.5893719806763285,3.92512077294686,21.812936124530328,2.6435856146001075,0.04696725711218465
247,23.43666129898014,15.136876006441224,5.421363392377885,23.18840579710145,4.5893719806763285,3.92512077294686,21.72571121846484,2.5295222758990876,0.04696725711218465
248,23.503757380568974,15.136876006441224,5.421363392377885,23.181696188942567,4.582662372517445,3.92512077294686,21.672034353193773,2.5295222758990876,0.04696725711218465
249,23.765432098765434,15.042941492216855,5.421363392377885,23.101180891035963,4.582662372517445,3.8378958668813743,21.672034353193773,2.5295222758990876,0.04696725711218465
250,23.839237788513152,15.13016639828234,5.421363392377885,23.07434245840043,4.53569511540526,3.8311862587224907,21.591519055287172,2.5295222758990876,0.04696725711218465
