,45,50,53,52,51,55,54,57,56,59,58
0,100.0,,,,,,,,,,
1,96.88003220611917,3.1199677938808374,,,,,,,,,
2,94.75979602791197,5.24020397208803,,,,,,,,,
3,91.52576489533011,8.474235104669887,,,,,,,,,
4,91.52576489533011,8.474235104669887,,,,,,,,,
5,81.60896403650027,18.391035963499732,,,,,,,,,
6,73.79898013955984,26.20101986044015,,,,,,,,,
7,72.77241009125068,27.22758990874933,,,,,,,,,
8,69.41089640365003,30.18652710681696,0.4025764895330113,,,,,,,,
9,69.65915190552872,29.938271604938272,0.4025764895330113,,,,,,,,
10,69.35050993022007,29.57595276435856,0.4025764895330113,0.6709608158883521,,,,,,,
11,68.43800322061192,26.81159420289855,0.4025764895330113,0.6709608158883521,3.6768652710681695,,,,,,
12,66.40499194847021,25.221417069243156,0.5837359098228664,0.6709608158883521,7.118894256575416,,,,,,
13,58.69565217391305,31.54186795491143,0.5837359098228664,2.059849704777241,7.118894256575416,,,,,,
14,58.964036500268385,31.374127750939344,0.5837359098228664,1.9860440150295222,7.092055823939882,,,,,,
15,23.45679012345679,69.08212560386474,0.5837359098228664,,6.877348362855609,,,,,,
16,24.27536231884058,68.49168008588299,0.5367686527106817,,6.696188942565755,,,,,,
17,24.630971551261407,65.37842190016103,3.4420289855072466,,6.5485775630703165,,,,,,
18,24.805421363392377,65.07648953301127,3.5762211486849167,,6.541867954911433,,,,,,
19,25.261674718196456,64.65378421900161,3.5762211486849167,,6.508319914117015,,,,,,
20,25.79844337090714,64.27804616210413,3.5762211486849167,,6.347289318303811,,,,,,
21,26.50295222758991,63.00322061191626,3.5628019323671496,,6.293612453032743,0.6374127750939346,,,,,
22,26.060118089103597,63.479602791196996,3.556092324208266,,6.266774020397209,0.6374127750939346,,,,,
23,26.643853998926463,61.574074074074076,3.556092324208266,,6.219806763285024,0.6374127750939346,1.3687600644122384,,,,
24,26.912238325281802,61.32581857219538,3.556092324208266,,6.199677938808374,0.6374127750939346,1.3687600644122384,,,,
25,27.180622651637144,57.669082125603865,3.5292538915727323,,8.360171765968868,1.9592055823939882,1.3016639828234031,,,,
26,25.09393451422437,59.86983360171766,3.5225442834138487,,8.266237251744498,1.9524959742351047,1.2949543746645196,,,,
27,24.973161567364468,59.76918947933441,3.784219001610306,,8.225979602791197,1.9524959742351047,1.2949543746645196,,,,
28,23.711755233494365,55.01207729468599,3.750670960815888,1.482823403113258,12.795222758990874,1.9524959742351047,1.2949543746645196,,,,
29,24.44981213097155,54.508856682769725,3.717122920021471,1.4559849704777241,12.681159420289855,1.892109500805153,1.2949543746645196,,,,
30,24.892646269457863,52.71068169618894,3.670155662909286,1.4559849704777241,12.526838432635534,1.8250134192163177,2.918679549114332,,,,
31,25.335480407944175,52.45571658615137,3.670155662909286,1.3553408480944713,12.338969404186795,1.7914653784219001,2.918679549114332,0.13419216317767044,,,
32,21.806226516371442,37.31213097155126,3.33467525496511,1.2010198604401503,31.796833064949006,1.6505636070853462,2.898550724637681,,,,
33,22.29602791196994,37.144390767579175,3.3279656468062266,1.2010198604401503,31.508319914117017,1.6505636070853462,2.871712292002147,,,,
34,22.873054213633925,35.41331186258722,2.38191089640365,3.743961352657005,31.266774020397207,1.5365002683843263,2.7844873859366612,,,,
35,23.349436392914654,35.218733225979605,2.38191089640365,3.743961352657005,30.9849704777241,1.5365002683843263,2.7844873859366612,,,,
36,23.825818572195384,33.84997316156736,0.49651100375738055,6.823671497584541,30.64278046162104,1.5365002683843263,2.677133655394525,,0.14761137949543746,,
37,24.27536231884058,33.65539452495974,0.49651100375738055,6.78341384863124,30.454911433172303,1.5096618357487923,2.677133655394525,,0.14761137949543746,,
38,25.11406333870102,33.44068706387547,0.49651100375738055,6.736446591519055,30.04562533548041,1.5096618357487923,2.509393451422437,,0.14761137949543746,,
39,25.738056897477186,33.28636607622115,0.49651100375738055,6.689479334406871,29.73027375201288,1.4224369296833066,2.509393451422437,,0.1274825550187869,,
40,20.437466451959207,61.22517444981213,0.49651100375738055,6.535158346752549,8.715780998389693,1.2010198604401503,1.3888888888888888,,,,
41,21.30300590445518,60.61460010735373,0.47638217928073,6.380837359098229,8.635265700483092,1.2010198604401503,1.3888888888888888,,,,
42,20.48443370907139,61.520397208803004,0.47638217928073,6.286902844873859,8.541331186258722,1.3217928073000538,1.3687600644122384,,,,
43,20.893719806763286,61.14465915190553,0.47638217928073,6.286902844873859,8.53462157809984,1.3083735909822867,1.3553408480944713,,,,
44,16.7337627482555,41.659957058507786,0.47638217928073,6.246645195920558,31.05877616747182,1.1876006441223832,1.3419216317767042,,1.2949543746645196,,
45,14.36527106816962,33.984165324745035,2.563070316693505,4.64975845410628,41.80085882984434,,1.3419216317767042,,1.2949543746645196,,
46,15.022812667740205,33.57487922705314,2.563070316693505,4.616210413311863,41.48550724637681,0.1274825550187869,1.3150831991411702,,1.2949543746645196,,
47,14.15727321524423,32.18599033816425,2.563070316693505,14.049919484702093,34.37332259796028,0.1274825550187869,1.3150831991411702,,1.2278582930756843,,
48,13.969404186795492,26.54320987654321,2.563070316693505,13.976113794954374,34.01771336553945,0.1274825550187869,7.575147611379496,,1.2278582930756843,,
49,14.378690284487385,25.0,2.5295222758990876,13.962694578636608,32.420826623725176,1.402308105206656,7.575147611379496,,2.7308105206655933,,
50,14.895330112721417,24.778582930756844,2.5295222758990876,13.882179280730005,32.22624798711755,1.402308105206656,7.568438003220612,,2.717391304347826,,
51,14.969135802469136,24.416264090177133,2.5295222758990876,13.83521202361782,32.669082125603865,1.402308105206656,7.474503488996243,,2.703972088030059,,
52,15.573000536768653,24.362587224906065,2.522812667740204,13.633923778851315,32.400697799248526,1.3754696725711217,7.434245840042942,,2.6972624798711755,,
53,16.378153515834676,24.22168545356951,2.522812667740204,13.311862587224907,32.15244229736983,1.3217928073000538,7.39398819108964,,2.6972624798711755,,
54,17.01556629092861,24.00697799248524,2.509393451422437,13.110574342458401,31.843800322061192,1.3217928073000538,7.39398819108964,0.13419216317767044,2.6637144390767578,,
55,17.59259259259259,23.919753086419753,2.509393451422437,13.077026301663983,31.54186795491143,1.3217928073000538,7.239667203435319,0.13419216317767044,2.6637144390767578,,
56,18.189747718733226,23.752012882447666,2.5026838432635534,12.95625335480408,31.36070853462158,1.2748255501878691,7.1658615136876005,0.13419216317767044,2.6637144390767578,,
57,18.491680085882983,23.72517444981213,2.5026838432635534,12.875738056897477,31.17283950617284,1.2748255501878691,7.159151905528717,0.13419216317767044,2.6637144390767578,,
58,18.947933440687063,23.19511540526033,2.49597423510467,12.620772946859903,31.01851851851852,1.2748255501878691,7.763016639828234,0.13419216317767044,2.5496511003757383,,
59,19.37734836285561,22.859634997316157,2.4892646269457863,12.580515297906603,30.971551261406333,1.2748255501878691,7.763016639828234,0.13419216317767044,2.5496511003757383,,
60,19.82018250134192,22.79253891572732,2.4892646269457863,12.426194310252281,30.790391841116477,1.2748255501878691,7.722758990874933,0.13419216317767044,2.5496511003757383,,
61,21.007783145464305,22.29602791196994,2.4557165861513686,12.04374664519592,30.636070853462158,1.2412775093934514,7.635534084809447,0.13419216317767044,2.5496511003757383,,
62,21.316425120772948,22.23564143853999,2.4557165861513686,12.04374664519592,30.434782608695652,1.2412775093934514,7.62211486849168,0.13419216317767044,2.5161030595813205,,
63,17.297369833601717,19.55179817498658,2.4557165861513686,11.18491680085883,36.600912506709605,3.374932903918411,6.769994632313473,0.13419216317767044,2.6301663982823404,,
64,16.344605475040257,17.47181964573269,6.89747718733226,11.829039184111648,35.43344068706388,2.6972624798711755,6.696188942565755,,2.6301663982823404,,
65,16.78743961352657,17.431561996779386,6.870638754696726,11.681427804616211,35.28582930756844,2.636876006441224,6.6760601180891035,,2.6301663982823404,,
66,17.042404723564143,17.37788513150832,6.756575415995706,10.641438539989265,35.07783145464305,2.636876006441224,6.6760601180891035,1.1607622114868492,2.6301663982823404,,
67,17.619431025228128,17.11621041331186,6.702898550724638,10.57434245840043,34.796027911969944,2.7844873859366612,6.649221685453569,1.1607622114868492,2.5966183574879227,,
68,18.46484165324745,16.70692431561997,6.702898550724638,9.145195920558239,34.47396672034353,4.0995705850778315,6.649221685453569,1.1607622114868492,2.5966183574879227,,
69,17.941492216854535,14.029790660225443,6.561996779388084,9.05126140633387,30.394524959742352,3.992216854535695,15.519323671497585,1.1205045625335481,1.3888888888888888,,
70,18.5654857756307,13.969404186795492,6.488191089640365,8.896940418679549,30.112721417069242,3.992216854535695,15.465646806226516,1.1205045625335481,1.3888888888888888,,
71,18.95464304884595,13.90901771336554,6.488191089640365,8.735909822866345,30.01207729468599,3.9452495974235107,14.418947933440688,2.147074610842727,1.3888888888888888,,
72,19.363929146537842,13.459473966720344,7.434245840042942,8.387010198604402,29.891304347826086,3.851315083199141,14.110305958132045,2.1135265700483092,1.3888888888888888,,
73,19.712828770799785,13.345410628019323,7.25979602791197,8.252818035426731,29.830917874396135,3.851315083199141,14.110305958132045,2.24771873322598,1.3888888888888888,,
74,20.283145464304884,13.345410628019323,7.1725711218464845,8.232689210950081,29.51556629092861,3.851315083199141,13.962694578636608,2.24771873322598,1.3888888888888888,,
75,20.323403113258184,12.607353730542137,10.02415458937198,10.648148148148149,26.10708534621578,2.5563607085346214,14.97584541062802,2.2342995169082127,0.38915727321524424,0.13419216317767044,
76,20.873590982286636,12.47987117552335,9.990606548577563,10.520665593129362,25.959473966720342,2.5563607085346214,14.875201288244767,2.2342995169082127,0.3757380568974772,0.13419216317767044,
77,20.585077831454644,12.325550187869029,9.950348899624261,10.513955984970478,27.140365002683843,2.4355877616747184,14.304884594739667,2.2342995169082127,0.3757380568974772,0.13419216317767044,
78,21.182232957595275,12.305421363392378,9.75577026301664,10.185185185185185,26.798174986580783,2.6838432635534084,14.257917337627482,2.3215244229736984,0.3757380568974772,0.13419216317767044,
79,21.900161030595815,12.23161567364466,9.655126140633387,9.96376811594203,26.583467525496513,2.677133655394525,14.184111647879764,2.2946859903381642,0.3757380568974772,0.13419216317767044,
80,22.0276435856146,12.198067632850242,9.648416532474503,9.084809447128288,26.268115942028984,2.677133655394525,15.250939345142244,2.3483628556092326,0.36231884057971014,0.13419216317767044,
81,22.309447128287708,12.124261943102523,9.561191626409018,9.655126140633387,25.650831991411703,2.6435856146001075,14.955716586151368,2.3483628556092326,0.6172839506172839,0.13419216317767044,
82,23.13472893183038,12.057165861513688,9.406870638754697,9.520933977455716,25.308641975308642,2.6301663982823404,14.928878153515834,2.2879763821792807,0.5904455179817498,0.13419216317767044,
83,23.577563070316693,12.057165861513688,9.380032206119163,9.480676328502415,25.140901771336555,2.6301663982823404,14.606816961889425,2.2611379495437465,0.7313472893183038,0.13419216317767044,
84,24.302200751476114,11.969940955448202,9.333064949006978,9.25925925925926,24.355877616747183,3.227321524422974,14.445786366076222,2.2410091250670963,0.7313472893183038,0.13419216317767044,
85,24.731615673644658,12.00348899624262,9.29951690821256,9.23913043478261,24.315619967793882,3.227321524422974,14.123725174449811,2.1940418679549114,0.7313472893183038,0.13419216317767044,
86,25.348899624261943,11.929683306494901,9.098228663446054,9.178743961352657,24.18142780461621,3.1602254428341383,14.04320987654321,2.1940418679549114,0.7313472893183038,0.13419216317767044,
87,25.744766505636072,11.849168008588299,9.064680622651638,9.118357487922705,24.02710681696189,3.1602254428341383,13.976113794954374,2.1940418679549114,0.7313472893183038,0.13419216317767044,
88,26.576757917337627,11.714975845410628,9.004294149221685,9.091519055287172,23.68491680085883,3.1199677938808374,13.79495437466452,2.1806226516371443,0.7313472893183038,0.10064412238325282,
89,26.90552871712292,10.909822866344605,8.776167471819646,9.03113258185722,23.329307568438004,4.38137412775094,13.754696725711218,2.1068169618894257,0.7045088566827697,0.10064412238325282,
90,27.147074610842726,10.909822866344605,8.749329039184111,8.970746108427267,23.22866344605475,4.3478260869565215,13.875469672571121,1.9793344068706387,0.6910896403650026,0.10064412238325282,
91,27.76435856146001,10.82259796027912,8.59500805152979,8.930488459473967,23.11460010735373,4.327697262479871,13.707729468599034,1.9457863660762211,0.6910896403650026,0.10064412238325282,
92,28.046162104133117,10.896403650026839,8.59500805152979,8.890230810520666,22.946859903381643,4.327697262479871,13.560118089103597,1.9457863660762211,0.6910896403650026,0.10064412238325282,
93,28.509125067096083,10.789049919484702,8.53462157809984,8.809715512614064,22.785829307568438,4.327697262479871,13.560118089103597,1.892109500805153,0.6910896403650026,0.10064412238325282,
94,29.106280193236714,10.775630703166936,8.353462157809984,8.722490606548577,22.644927536231883,4.294149221685454,13.553408480944713,1.7579173376274826,0.6910896403650026,0.10064412238325282,
95,28.495705850778315,9.688674181427805,8.293075684380032,8.373590982286634,22.611379495437465,3.260869565217391,16.317767042404725,1.7579173376274826,1.1003757380568975,0.10064412238325282,
96,28.455448201825014,9.601449275362318,8.225979602791197,8.3467525496511,21.940418679549115,3.2541599570585076,16.15673644659152,1.6908212560386473,2.227589908749329,0.10064412238325282,
97,29.03918411164788,9.473966720343531,8.111916264090176,8.32662372517445,21.74584004294149,3.374932903918411,15.908480944712828,1.6908212560386473,2.227589908749329,0.10064412238325282,
98,29.56924315619968,9.426999463231347,8.038110574342458,8.225979602791197,21.571390230810522,3.3548040794417604,15.747450348899624,1.6706924315619969,2.2946859903381642,0.10064412238325282,
99,29.857756307031668,9.406870638754697,8.017981749865807,7.742887815351583,21.443907675791735,3.3145464304884595,15.68035426731079,1.6438539989264627,2.791196994095545,0.10064412238325282,
100,30.387815351583466,9.339774557165862,7.991143317230274,7.7361782071927,21.316425120772948,3.240740740740741,15.45222758990875,1.6438539989264627,2.791196994095545,0.10064412238325282,
101,31.0654857756307,9.232420826623725,7.877079978529254,7.648953301127214,21.182232957595275,3.240740740740741,15.217391304347826,1.6438539989264627,2.791196994095545,0.10064412238325282,
102,30.891035963499732,9.198872785829307,8.340042941492216,7.575147611379496,20.98094471282877,3.4822866344605474,15.042941492216855,1.6438539989264627,2.7442297369833604,0.10064412238325282,
103,31.13929146537842,9.198872785829307,8.272946859903382,7.555018786902845,20.967525496511005,3.421900161030596,14.989264626945786,1.6237251744498122,2.7308105206655933,0.10064412238325282,
104,22.000805152979066,6.521739130434782,3.5762211486849167,7.1658615136876005,50.899087493290395,3.193773483628556,3.3413848631239937,0.9393451422436929,2.3617820719269993,,
105,22.450348899624263,6.380837359098229,3.5628019323671496,7.159151905528717,49.5504562533548,3.193773483628556,3.3413848631239937,0.9393451422436929,3.421900161030596,,
106,22.665056360708533,6.260064412238325,3.717122920021471,7.098765432098766,48.007246376811594,3.193773483628556,4.622920021470746,0.9192163177670424,3.515834675254965,,
107,23.081052066559312,6.246645195920558,3.616478797638218,6.9310252281266775,47.90660225442834,3.193773483628556,4.5893719806763285,0.9192163177670424,3.515834675254965,,
108,23.503757380568974,6.226516371443908,3.5963499731615673,6.857219538378959,47.73215244229737,3.1535158346752548,4.51556629092861,0.9192163177670424,3.4957058507783145,,
109,22.342995169082126,5.60252281266774,2.9723564143853998,10.560923242082662,47.24906065485776,1.8719806763285025,5.414653784219001,0.8655394524959742,3.1199677938808374,,
110,22.73215244229737,5.5756843800322065,2.945517981749866,10.520665593129362,47.02093397745572,1.8719806763285025,5.381105743424584,0.8655394524959742,3.0864197530864197,,
111,23.51046698872786,5.5756843800322065,2.945517981749866,10.198604401502953,46.61835748792271,1.8719806763285025,5.340848094471283,0.8655394524959742,3.0730005367686526,,
112,23.926462694578635,5.5756843800322065,2.945517981749866,10.084541062801932,46.4170692431562,1.8719806763285025,5.3341384863123995,0.785024154589372,3.0595813204508855,,
113,24.194847020933977,5.522007514761138,2.945517981749866,10.071121846484166,46.28958668813741,1.8183038110574343,5.320719269994632,0.785024154589372,3.052871712292002,,
114,24.4699409554482,5.434782608695652,2.945517981749866,9.943639291465379,45.128824476650564,1.8183038110574343,5.267042404723564,0.785024154589372,4.206924315619967,,
115,25.026838432635532,5.407944176060118,2.918679549114332,9.802737520128824,44.76650563607085,1.8183038110574343,5.267042404723564,0.785024154589372,4.206924315619967,,
116,25.79844337090714,5.394524959742351,2.9052603327965647,9.675254965110037,44.42431561996779,1.8183038110574343,5.267042404723564,0.785024154589372,3.9318303811057436,,
117,26.093666129898015,5.3274288781535155,2.9052603327965647,9.648416532474503,43.927804616210416,2.26784755770263,5.186527106816962,0.785024154589372,3.8580246913580245,,
118,26.670692431561996,5.273752012882448,2.9052603327965647,9.534353193773484,43.572195383789584,2.227589908749329,5.186527106816962,0.785024154589372,3.844605475040258,,
119,27.01959205582394,5.267042404723564,2.885131508319914,9.473966720343531,43.31723027375201,2.227589908749329,5.186527106816962,0.7783145464304885,3.844605475040258,,
120,27.375201288244767,5.267042404723564,2.8113258185721954,9.453837895866881,42.981749865807835,2.227589908749329,5.139559849704777,0.7783145464304885,3.965378421900161,,
121,27.717391304347824,5.24020397208803,2.8113258185721954,9.265968867418144,42.693236714975846,2.200751476113795,5.0858829844337095,0.7783145464304885,4.206924315619967,,
122,27.51610305958132,5.24020397208803,2.8113258185721954,14.398819108964037,38.036768652710684,2.200751476113795,4.8443370907139025,0.7783145464304885,4.17337627482555,,
123,27.690552871712292,5.24020397208803,2.8113258185721954,14.398819108964037,37.915995705850776,2.187332259796028,4.824208266237251,0.7783145464304885,4.1532474503489,,
124,27.91867954911433,5.052334943639291,3.1870638754696725,14.31159420289855,37.59393451422437,2.187332259796028,4.817498658078368,0.7783145464304885,4.1532474503489,,
125,28.468867418142782,5.038915727321524,3.260869565217391,14.304884594739667,37.33225979602791,2.187332259796028,4.5960815888352125,0.7648953301127214,4.045893719806763,,
126,29.374664519592056,4.998658078368224,3.2340311325818574,13.935856146001074,36.902844873859365,2.1739130434782608,4.5893719806763285,0.7648953301127214,4.025764895330113,,
127,29.367954911433173,4.9718196457326895,3.113258185721954,14.76784755770263,36.67471819645733,2.1739130434782608,4.2270531400966185,0.7648953301127214,3.938539989264627,,
128,28.891572732152444,4.944981213097155,4.200214707461084,14.546430488459475,36.3191089640365,2.3081052066559313,4.4820182501341925,0.7648953301127214,3.5426731078904994,,
129,29.656468062265162,4.944981213097155,4.106280193236715,14.418947933440688,35.829307568438004,2.3081052066559313,4.414922168545357,0.7648953301127214,3.556092324208266,,
130,29.51556629092861,4.924852388620504,3.9989264626945786,14.38539989264627,34.366612989801396,2.8784219001610305,5.676328502415459,0.7648953301127214,3.488996242619431,,
131,29.7638217928073,4.924852388620504,3.978797638217928,14.358561460010735,34.16532474503489,2.8784219001610305,5.676328502415459,0.7648953301127214,3.488996242619431,,
132,30.367686527106816,4.864465915190553,3.965378421900161,14.331723027375201,33.762748255501876,2.8515834675254963,5.642780461621041,0.7648953301127214,3.44873859366613,,
133,29.052603327965645,4.0995705850778315,3.770799785292539,14.17740203972088,36.70155662909286,2.8113258185721954,4.736983360171766,0.7648953301127214,3.8848631239935587,,
134,29.683306494900698,4.052603327965647,3.770799785292539,14.123725174449811,36.33252818035427,2.7777777777777777,4.62962962962963,0.7648953301127214,3.864734299516908,,
135,30.233494363929147,4.052603327965647,3.7372517444981215,13.92914653784219,36.12453032742888,2.7442297369833604,4.549114331723027,0.7648953301127214,3.864734299516908,,
136,30.615942028985508,4.052603327965647,3.7372517444981215,13.841921631776705,35.929951690821255,2.7442297369833604,4.549114331723027,0.7380568974771873,3.7909286097691894,,
137,31.112453032742888,3.9720880300590444,3.6231884057971016,13.801663982823403,35.69511540526033,2.7308105206655933,4.542404723564144,0.7380568974771873,3.784219001610306,,
138,31.5552871712292,3.9586688137412773,3.6231884057971016,13.647342995169081,35.47369833601718,2.7308105206655933,4.51556629092861,0.7380568974771873,3.7573805689747717,,
139,31.528448738593667,3.9586688137412773,4.53569511540526,13.191089640365004,35.225442834138484,2.5966183574879227,4.488727858293076,0.7380568974771873,3.7372517444981215,,
140,32.085346215781,3.9519592055823938,4.528985507246377,13.130703166935051,34.856414385399894,2.5697799248523885,4.435050993022007,0.7380568974771873,3.7037037037037037,,
141,31.092324208266238,3.911701556629093,4.488727858293076,12.848899624261943,36.29898013955985,2.2611379495437465,4.51556629092861,0.7380568974771873,3.844605475040258,,
142,31.125872249060656,3.750670960815888,4.488727858293076,18.69296833064949,31.743156199677937,2.2611379495437465,4.280730005367687,0.7380568974771873,2.918679549114332,,
143,31.5552871712292,3.750670960815888,4.488727858293076,18.4044551798175,31.642512077294686,2.2611379495437465,4.280730005367687,0.7380568974771873,2.8784219001610305,,
144,31.97128287707998,3.7238325281803544,4.4753086419753085,18.00858829844337,31.353998926462694,2.5966183574879227,4.260601180891036,0.7313472893183038,2.8784219001610305,,
145,32.26650563607085,3.7238325281803544,4.4753086419753085,17.961621041331185,31.159420289855074,2.5966183574879227,4.247181964573269,0.7313472893183038,2.8381642512077296,,
146,32.13231347289318,3.717122920021471,5.837359098228664,17.773752012882447,30.42807300053677,2.5966183574879227,3.992216854535695,0.7313472893183038,2.791196994095545,,
147,32.045088566827694,3.5292538915727323,5.837359098228664,17.69994632313473,30.26033279656468,3.1333870101986045,3.9720880300590444,0.7313472893183038,2.791196994095545,,
148,31.884057971014492,3.5292538915727323,5.8239398819108965,17.599302200751477,29.468599033816425,3.1333870101986045,5.092592592592593,0.7313472893183038,2.737520128824477,,
149,29.22705314009662,2.536231884057971,5.669618894256575,23.43666129898014,28.415190552871714,2.757648953301127,5.025496511003757,0.7313472893183038,2.200751476113795,,
150,29.186795491143318,2.5161030595813205,5.428073000536768,22.832796564680624,28.22061191626409,2.7308105206655933,4.985238862050457,0.7313472893183038,3.3682232957595275,,
151,29.911433172302736,2.4892646269457863,5.367686527106817,22.685185185185187,27.771068169618893,2.7308105206655933,4.884594739667204,0.7179280730005367,3.4420289855072466,,
152,30.01207729468599,2.4892646269457863,6.769994632313473,22.34970477724101,26.99946323134729,2.6033279656468062,4.280730005367687,0.7179280730005367,3.7775093934514223,,
153,30.615942028985508,2.4892646269457863,6.494900697799249,22.12157809983897,26.932367149758456,2.6033279656468062,4.280730005367687,0.6843800322061192,3.7775093934514223,,
154,30.837359098228664,2.4892646269457863,6.494900697799249,21.987385936661298,26.858561460010737,2.6033279656468062,4.26731078904992,0.6843800322061192,3.7775093934514223,,
155,31.112453032742888,2.4892646269457863,6.481481481481482,21.973966720343533,26.717659688674182,2.576489533011272,4.186795491143317,0.6843800322061192,3.7775093934514223,,
156,31.57541599570585,2.4892646269457863,6.414385399892646,21.651905528717123,26.261406333870102,2.4892646269457863,4.891304347826087,0.6843800322061192,3.5426731078904994,,
157,31.910896403650028,2.4892646269457863,6.253354804079442,21.464036500268385,26.127214170692433,2.4892646269457863,4.891304347826087,0.6843800322061192,3.535963499731616,,0.15432098765432098
158,32.21953837895867,2.462426194310252,6.152710681696189,21.349973161567366,26.073537305421365,2.475845410628019,4.891304347826087,0.6843800322061192,3.535963499731616,,0.15432098765432098
159,32.62211486849168,2.462426194310252,6.105743424584004,21.202361782071925,25.95276435856146,2.462426194310252,4.817498658078368,0.6843800322061192,3.535963499731616,,0.15432098765432098
160,33.051529790660226,2.328234031132582,6.018518518518518,20.92055823939882,25.925925925925927,2.5966183574879227,4.783950617283951,0.6843800322061192,3.535963499731616,,0.15432098765432098
161,33.380300590445515,2.2879763821792807,6.005099302200751,20.833333333333332,25.85212023617821,2.5697799248523885,4.703435319377348,0.6843800322061192,3.5292538915727323,,0.15432098765432098
162,33.662104133118625,2.2879763821792807,5.964841653247451,20.705850778314545,25.677670424047236,2.5697799248523885,4.804079441760601,0.6843800322061192,3.488996242619431,,0.15432098765432098
163,34.16532474503489,2.2879763821792807,5.938003220611916,20.538110574342458,25.37573805689748,2.563070316693505,4.804079441760601,0.6843800322061192,3.488996242619431,,0.15432098765432098
164,34.27938808373591,2.2879763821792807,5.938003220611916,20.229468599033815,24.912775093934513,2.6637144390767578,5.367686527106817,0.6843800322061192,3.4822866344605474,,0.15432098765432098
165,34.4068706387547,2.38191089640365,5.884326355340848,20.283145464304884,24.778582930756844,2.6637144390767578,5.280461621041331,0.6843800322061192,3.4822866344605474,,0.15432098765432098
166,34.68196457326892,2.3617820719269993,5.884326355340848,20.108695652173914,24.698067632850243,2.6637144390767578,5.280461621041331,0.6843800322061192,3.4822866344605474,,0.15432098765432098
167,34.90338164251208,2.3617820719269993,5.884326355340848,20.081857219538378,24.60413311862587,2.6637144390767578,5.179817498658078,0.6843800322061192,3.4822866344605474,,0.15432098765432098
168,35.15163714439077,2.3617820719269993,5.864197530864198,20.001341921631777,24.550456253354803,2.61003757380569,5.159688674181428,0.6642512077294686,3.4822866344605474,,0.15432098765432098
169,35.7085346215781,2.3081052066559313,5.783682232957595,19.91411701556629,24.349168008588297,2.563070316693505,5.139559849704777,0.6575415995705851,3.421900161030596,,0.15432098765432098
170,36.20504562533548,2.2946859903381642,5.743424584004294,19.786634460547504,24.10091250670961,2.563070316693505,5.072463768115942,0.6575415995705851,3.421900161030596,,0.15432098765432098
171,36.29898013955985,2.2946859903381642,6.622383252818035,19.618894256575416,23.91304347826087,2.49597423510467,5.018786902844874,0.6575415995705851,2.9253891572732154,,0.15432098765432098
172,36.540526033279654,2.2946859903381642,6.588835212023618,19.578636607622116,23.792270531400966,2.4892646269457863,5.01207729468599,0.6575415995705851,2.8918411164787976,,0.15432098765432098
173,35.74208266237252,2.2946859903381642,6.588835212023618,19.43773483628556,21.692163177670423,5.173107890499195,5.387815351583468,0.6374127750939346,2.8918411164787976,,0.15432098765432098
174,35.41331186258722,2.2946859903381642,6.5552871712292005,19.350509930220074,21.108427267847556,6.246645195920558,5.360976918947934,0.6374127750939346,2.8784219001610305,,0.15432098765432098
175,35.72866344605475,2.2946859903381642,6.481481481481482,19.176060118089104,21.108427267847556,6.206387546967257,5.340848094471283,0.6374127750939346,2.871712292002147,,0.15432098765432098
176,35.89640365002684,2.2611379495437465,6.454643048845948,19.07541599570585,21.095008051529792,6.293612453032743,5.293880837359098,0.6038647342995169,2.871712292002147,,0.15432098765432098
177,36.26543209876543,2.24771873322598,6.414385399892646,18.9747718733226,20.994363929146537,6.293612453032743,5.186527106816962,0.6038647342995169,2.8650026838432634,,0.15432098765432098
178,35.61460010735373,2.24771873322598,6.387546967257112,20.531400966183575,20.8467525496511,5.924584004294149,4.978529253891573,0.6038647342995169,2.717391304347826,,0.14761137949543746
179,36.10440150295223,2.24771873322598,6.367418142780462,20.37037037037037,20.585077831454644,5.904455179817498,4.978529253891573,0.6038647342995169,2.690552871712292,,0.14761137949543746
180,36.35265700483092,2.24771873322598,6.327160493827161,20.336822329575952,20.42404723564144,5.904455179817498,4.9651100375738055,0.6038647342995169,2.690552871712292,,0.14761137949543746
181,36.533816425120776,2.24771873322598,6.4345142243692965,20.202630166398283,20.303274288781534,5.884326355340848,4.9651100375738055,0.6038647342995169,2.677133655394525,,0.14761137949543746
182,36.56736446591519,2.227589908749329,6.427804616210413,20.202630166398283,20.303274288781534,5.884326355340848,4.9651100375738055,0.6038647342995169,2.6704240472356413,,0.14761137949543746
183,36.493558776167475,2.200751476113795,6.327160493827161,20.954106280193237,19.93424584004294,5.850778314546431,4.49543746645196,0.6038647342995169,3.012614063338701,,0.1274825550187869
184,35.67498658078368,3.9989264626945786,6.327160493827161,20.840042941492218,19.30354267310789,5.689747718733226,4.448470209339774,0.6038647342995169,2.985775630703167,,0.1274825550187869
185,35.71524422973698,3.9586688137412773,6.159420289855072,20.618625872249062,18.753354804079443,5.649490069779925,5.448201825013419,0.6038647342995169,2.965646806226516,,0.1274825550187869
186,36.493558776167475,3.69699409554482,6.146001073537305,20.397208803005906,18.59903381642512,5.636070853462158,5.394524959742351,0.5770263016639828,2.932098765432099,,0.1274825550187869
187,36.78878153515835,3.6902844873859366,6.112453032742888,20.323403113258184,18.46484165324745,5.60252281266774,5.280461621041331,0.5770263016639828,3.0327428878153517,,0.1274825550187869
188,36.99006977992485,3.6768652710681695,6.078904991948471,20.263016639828233,18.431293612453032,5.5756843800322065,5.246913580246914,0.5770263016639828,3.0327428878153517,,0.1274825550187869
189,37.466451959205585,3.6768652710681695,6.038647342995169,20.135534084809446,18.223295759527645,5.5756843800322065,5.213365539452496,0.5770263016639828,2.965646806226516,,0.1274825550187869
190,37.38593666129898,3.6097691894793345,6.038647342995169,19.96779388083736,17.47181964573269,5.5689747718733225,6.353998926462695,0.5770263016639828,2.898550724637681,,0.1274825550187869
191,37.533548040794415,3.549382716049383,5.911164787976382,20.29656468062265,17.270531400966185,5.542136339237788,6.3137412775093935,0.5770263016639828,2.8784219001610305,,0.1274825550187869
192,37.956253354804076,3.549382716049383,5.904455179817498,20.222758990874933,17.08937198067633,5.495169082125604,6.199677938808374,0.5770263016639828,2.8784219001610305,,0.1274825550187869
193,38.70101986044015,3.549382716049383,5.750134192163178,20.001341921631777,16.941760601180892,5.421363392377885,6.052066559312936,0.5770263016639828,2.8784219001610305,,0.1274825550187869
194,39.04320987654321,3.4822866344605474,5.709876543209877,19.91411701556629,16.854535695115406,5.421363392377885,5.991680085882985,0.5770263016639828,2.8784219001610305,,0.1274825550187869
195,36.01717659688674,3.0730005367686526,5.226784755770263,15.881642512077295,25.281803542673106,5.025496511003757,5.9514224369296835,0.5770263016639828,2.8381642512077296,,0.1274825550187869
196,36.25872249060655,3.0730005367686526,5.226784755770263,15.827965646806227,25.161030595813205,5.01207729468599,5.911164787976382,0.5770263016639828,2.8247450348899625,,0.1274825550187869
197,36.60762211486849,3.026033279656468,5.10601180891036,15.814546430488459,25.006709608158882,5.132850241545894,5.776972624798712,0.5770263016639828,2.8247450348899625,,0.1274825550187869
198,37.05716586151369,3.026033279656468,5.072463768115942,15.72061191626409,24.9194847020934,5.038915727321524,5.636070853462158,0.5770263016639828,2.8247450348899625,,0.1274825550187869
199,37.31213097155126,3.026033279656468,5.065754159957058,15.613258185721953,24.89935587761675,5.025496511003757,5.535426731078905,0.5770263016639828,2.818035426731079,,0.1274825550187869
200,37.64761137949544,3.026033279656468,5.01207729468599,15.519323671497585,24.67793880837359,4.944981213097155,5.535426731078905,0.5501878690284487,2.9589371980676327,,0.1274825550187869
201,38.08373590982286,3.026033279656468,5.01207729468599,15.26435856146001,24.570585077831456,4.898013955984971,5.535426731078905,0.5367686527106817,2.945517981749866,,0.1274825550187869
202,38.499731615673646,3.012614063338701,5.01207729468599,15.157004830917874,24.295491143317232,4.898013955984971,5.535426731078905,0.5367686527106817,2.9253891572732154,,0.1274825550187869
203,38.747987117552334,3.0059044551798175,5.515297906602254,15.03623188405797,24.134460547504027,4.871175523349437,5.320719269994632,0.5367686527106817,2.703972088030059,,0.1274825550187869
204,38.258185721953836,3.0059044551798175,5.515297906602254,14.78797638217928,23.731884057971016,4.817498658078368,6.655931293612453,0.5367686527106817,2.563070316693505,,0.1274825550187869
205,38.466183574879224,3.0059044551798175,5.508588298443371,14.318303811057435,23.597691894793343,5.246913580246914,6.629092860976919,0.5367686527106817,2.563070316693505,,0.1274825550187869
206,38.6406333870102,3.0059044551798175,5.508588298443371,14.251207729468598,23.564143853998928,5.213365539452496,6.602254428341385,0.5367686527106817,2.5496511003757383,,0.1274825550187869
207,38.75469672571122,2.9924852388620504,5.495169082125604,14.217659688674182,23.537305421363392,5.213365539452496,6.575415995705851,0.5367686527106817,2.5496511003757383,,0.1274825550187869
208,39.16398282340311,2.9924852388620504,5.481749865807837,14.103596349973161,23.362855609232422,5.193236714975845,6.515029522275899,0.5367686527106817,2.522812667740204,,0.1274825550187869
209,39.57997852925389,2.9924852388620504,5.46833064949007,14.083467525496511,22.933440687063875,5.173107890499195,6.474771873322598,0.5367686527106817,2.6301663982823404,,0.1274825550187869
210,40.23081052066559,2.952227589908749,5.4549114331723025,13.862050456253355,22.805958132045088,5.0858829844337095,6.347289318303811,0.5367686527106817,2.5966183574879227,,0.1274825550187869
211,40.51932367149758,2.952227589908749,5.414653784219001,13.734567901234568,22.71202361782072,5.0858829844337095,6.320450885668277,0.5367686527106817,2.5966183574879227,,0.1274825550187869
212,40.98899624261943,2.8784219001610305,5.394524959742351,13.45276435856146,22.6784755770263,5.032206119162641,6.320450885668277,0.5367686527106817,2.589908749329039,,0.1274825550187869
213,41.096349973161566,2.818035426731079,5.340848094471283,13.372249060654857,22.094739667203434,4.998658078368224,7.098765432098766,0.5367686527106817,2.5161030595813205,,0.1274825550187869
214,41.08964036500269,2.818035426731079,5.307300053676865,13.331991411701557,22.31615673644659,4.9651100375738055,7.071926999463232,0.5367686527106817,2.4355877616747184,,0.1274825550187869
215,41.37144390767579,2.8113258185721954,5.260332796564681,13.231347289318304,22.25577026301664,4.951690821256038,7.024959742351046,0.5367686527106817,2.428878153515835,,0.1274825550187869
216,41.706924315619965,2.791196994095545,5.233494363929147,13.137412775093935,22.148416532474503,4.87788513150832,7.018250134192163,0.5367686527106817,2.4221685453569513,,0.1274825550187869
217,42.14975845410628,2.791196994095545,5.193236714975845,12.95625335480408,21.880032206119164,4.985238862050457,6.984702093397746,0.5367686527106817,2.395330112721417,,0.1274825550187869
218,42.56575415995706,2.7643585614600106,5.173107890499195,12.929414922168545,21.64519592055824,4.978529253891573,6.890767579173376,0.5367686527106817,2.3886205045625335,,0.1274825550187869
219,41.06951154052604,2.7643585614600106,5.10601180891036,11.902844873859367,24.530327428878152,5.052334943639291,6.5485775630703165,0.5367686527106817,2.3617820719269993,,0.1274825550187869
220,41.21041331186259,2.7643585614600106,5.092592592592593,11.842458400429415,24.48336017176597,5.045625335480408,6.535158346752549,0.5367686527106817,2.3617820719269993,,0.1274825550187869
221,41.57944176060118,2.7442297369833604,5.072463768115942,11.81561996779388,24.261943102522814,5.005367686527107,6.501610305958132,0.5367686527106817,2.3550724637681157,,0.1274825550187869
222,41.84782608695652,2.7442297369833604,5.065754159957058,11.728395061728396,24.134460547504027,4.998658078368224,6.501610305958132,0.5367686527106817,2.314814814814815,,0.1274825550187869
223,42.17659688674181,2.7106816961889426,5.052334943639291,11.647879763821793,23.960010735373054,4.978529253891573,6.494900697799249,0.5367686527106817,2.314814814814815,,0.1274825550187869
224,42.40472356414385,2.7106816961889426,5.052334943639291,11.533816425120772,23.89291465378422,4.944981213097155,6.494900697799249,0.5367686527106817,2.301395598497048,,0.1274825550187869
225,42.860976918947934,2.657004830917874,5.025496511003757,11.399624261943103,23.68491680085883,4.924852388620504,6.481481481481482,0.5367686527106817,2.301395598497048,,0.1274825550187869
226,42.78046162104133,2.1403650026838434,4.951690821256038,12.795222758990874,23.07434245840043,4.924852388620504,6.427804616210413,0.5367686527106817,2.2410091250670963,,0.1274825550187869
227,43.16961889425657,2.1403650026838434,4.951690821256038,12.74825550187869,22.946859903381643,4.85775630703167,6.360708534621578,0.5367686527106817,2.1604938271604937,,0.1274825550187869
228,43.41116478797638,2.1403650026838434,4.951690821256038,12.70799785292539,22.81266774020397,4.8376274825550185,6.327160493827161,0.5367686527106817,2.1604938271604937,,0.11406333870101985
229,43.17632850241546,2.1403650026838434,6.018518518518518,12.587224906065487,22.63150831991412,4.455179817498658,6.179549114331723,0.5367686527106817,2.1604938271604937,,0.11406333870101985
230,43.585614600107355,2.1403650026838434,5.904455179817498,12.526838432635534,22.510735373054214,4.428341384863124,6.125872249060655,0.5367686527106817,2.1269457863660763,,0.11406333870101985
231,43.78019323671498,2.13365539452496,5.884326355340848,12.399355877616747,22.50402576489533,4.408212560386473,6.112453032742888,0.5367686527106817,2.1269457863660763,,0.11406333870101985
232,43.74664519592056,2.13365539452496,5.857487922705314,12.399355877616747,21.464036500268385,4.40150295222759,6.052066559312936,0.5367686527106817,3.294417606011809,,0.11406333870101985
233,43.96135265700483,2.0665593129361244,5.8172302737520125,12.31213097155126,21.564680622651636,4.38137412775094,6.025228126677402,0.5367686527106817,3.2206119162640903,,0.11406333870101985
234,41.680085882984436,2.059849704777241,5.669618894256575,13.097155126140633,20.564949006977994,2.9790660225442833,10.36634460547504,0.36231884057971014,3.1065485775630703,,0.11406333870101985
235,42.008856682769725,2.059849704777241,5.669618894256575,13.050187869028449,20.35024154589372,2.9589371980676327,10.352925389157273,0.36231884057971014,3.0730005367686526,,0.11406333870101985
236,42.27724100912507,2.059849704777241,5.656199677938808,12.95625335480408,20.21604938271605,2.9589371980676327,10.326086956521738,0.36231884057971014,3.0730005367686526,,0.11406333870101985
237,42.66639828234031,2.0263016639828235,5.414653784219001,12.788513150831992,20.175791733762747,3.0595813204508855,10.319377348362856,0.36231884057971014,3.0730005367686526,,0.11406333870101985
238,42.914653784219,2.0128824476650564,5.401234567901234,12.775093934514224,20.115405260332796,2.985775630703167,10.272410091250672,0.36231884057971014,3.046162104133119,,0.11406333870101985
