,45,50,54,51,55,52,53,56,57,58,59,60
0,96.84648416532474,3.113258185721954,0.040257648953301126,,,,,,,,,
1,78.1333870101986,18.86070853462158,,2.898550724637681,0.10735373054213634,,,,,,,
2,75.26838432635535,21.732420826623724,,2.8918411164787976,0.10735373054213634,,,,,,,
3,65.44551798174986,31.407675791733762,0.07380568974771873,2.8918411164787976,0.18115942028985507,,,,,,,
4,64.43907675791733,25.885668276972623,,2.8918411164787976,0.0939345142243693,4.522275899087493,2.167203435319377,,,,,
5,63.33870101986044,26.90552871712292,,2.8918411164787976,0.17444981213097155,4.522275899087493,2.167203435319377,,,,,
6,56.03193773483628,34.6081588835212,,2.3483628556092326,0.3488996242619431,4.49543746645196,2.167203435319377,,,,,
7,54.29414922168545,32.910628019323674,,3.33467525496511,0.2952227589908749,7.03166935050993,2.13365539452496,,,,,
8,44.46457326892109,41.41170155662909,,3.1468062265163717,0.2549651100375738,7.092055823939882,3.629898013955985,,,,,
9,40.4723564143854,43.162909286097694,,5.656199677938808,0.1274825550187869,7.092055823939882,3.488996242619431,,,,,
10,33.984165324745035,46.20907139023081,4.26731078904992,5.656199677938808,1.6975308641975309,4.683306494900698,3.502415458937198,,,,,
11,30.20665593129361,49.91277509393451,4.247181964573269,5.501878690284487,1.8317230273752012,4.669887278582931,3.502415458937198,0.1274825550187869,,,,
12,30.44820182501342,47.034353193773484,3.1333870101986045,5.4549114331723025,3.026033279656468,7.387278582930757,3.3279656468062266,0.1878690284487386,,,,
13,29.280730005367687,36.191626409017715,2.49597423510467,20.471014492753625,1.9726247987117553,6.072195383789587,3.3279656468062266,0.1878690284487386,,,,
14,28.81105743424584,31.548577563070317,3.8177670424047236,22.12157809983897,0.8319914117015567,6.830381105743425,5.35426731078905,0.6508319914117016,0.03354804079441761,,,
15,24.382716049382715,34.856414385399894,3.8177670424047236,23.765432098765434,1.1003757380568975,6.407675791733762,4.797369833601718,0.8387010198604401,0.03354804079441761,,,
16,24.55716586151369,34.78931830381106,3.670155662909286,23.483628556092324,1.2278582930756843,6.394256575415996,4.770531400966184,1.0735373054213635,0.03354804079441761,,,
17,24.516908212560388,32.910628019323674,3.5091250670960816,21.07487922705314,1.1205045625335481,8.890230810520666,6.723027375201288,1.221148684916801,0.03354804079441761,,,
18,23.91304347826087,32.729468599033815,3.5091250670960816,20.94068706387547,1.2748255501878691,9.54777241009125,6.716317767042405,1.3352120236178207,0.03354804079441761,,,
19,18.800322061191626,34.44041867954911,2.100107353730542,26.42914653784219,1.3754696725711217,8.796296296296296,6.709608158883521,1.3150831991411702,0.03354804079441761,,,
20,12.198067632850242,45.06172839506173,2.61003757380569,24.355877616747183,1.2010198604401503,7.300053676865271,5.978260869565218,1.261406333870102,0.03354804079441761,,,
21,8.467525496511003,44.55179817498658,0.6575415995705851,29.542404723564143,0.41599570585077833,12.298711755233494,3.5091250670960816,0.49651100375738055,0.06038647342995169,,,
22,6.521739130434782,34.936929683306495,0.6575415995705851,39.84836285560923,0.5971551261406334,12.04374664519592,3.4688674181427803,1.8048845947396672,0.12077294685990338,,,
23,6.333870101986044,34.46725711218465,1.8384326355340848,33.601717659688674,0.7045088566827697,12.02361782071927,9.54777241009125,1.3620504562533549,0.12077294685990338,,,
24,6.535158346752549,34.35990338164251,1.583467525496511,34.5679012345679,0.798443370907139,11.191626409017713,9.380032206119163,1.4626945786366077,0.12077294685990338,,,
25,6.763285024154589,31.219806763285025,2.187332259796028,34.35990338164251,3.374932903918411,11.151368760064413,9.433709071390231,1.2681159420289856,0.24154589371980675,,,
26,6.890767579173376,30.797101449275363,2.1806226516371443,32.33360171765969,3.7104133118625873,13.311862587224907,9.386741814278047,1.1003757380568975,0.2885131508319914,,,
27,7.306763285024155,29.602791196994094,2.1806226516371443,32.2061191626409,3.9452495974235107,13.935856146001074,8.628556092324208,1.0802469135802468,1.1137949543746646,,,
28,6.642512077294686,24.14117015566291,2.1806226516371443,38.828502415458935,4.455179817498658,16.009125067096083,4.616210413311863,1.8115942028985508,1.1943102522812667,0.12077294685990338,,
29,6.078904991948471,20.947396672034355,2.4825550187869028,47.43022007514761,4.334406870638754,10.896403650026839,4.542404723564144,1.9726247987117553,1.1943102522812667,0.12077294685990338,,
30,5.421363392377885,14.486044015029522,2.046430488459474,55.481749865807835,4.3545356951154055,10.681696188942565,4.2270531400966185,2.0397208803005906,1.1406333870101986,0.12077294685990338,,
31,5.320719269994632,14.070048309178745,3.556092324208266,51.16076221148685,7.37385936661299,10.493827160493828,3.9519592055823938,2.717391304347826,1.2345679012345678,0.12077294685990338,,
32,5.5689747718733225,13.372249060654857,3.1602254428341383,48.41653247450349,7.776435856146001,13.546698872785829,4.51556629092861,2.314814814814815,1.2345679012345678,0.0939345142243693,,
33,6.0654857756307035,13.271604938271604,3.1602254428341383,47.638217928073,7.776435856146001,13.486312399355878,4.488727858293076,2.7844873859366612,1.2345679012345678,0.0939345142243693,,
34,6.615673644659152,12.808641975308642,3.066290928609769,45.94739667203435,8.172302737520129,13.425925925925926,5.555555555555555,2.965646806226516,1.3486312399355878,0.0939345142243693,,
35,6.998121309715513,12.761674718196458,3.052871712292002,45.56494900697799,8.091787439613526,13.352120236178207,5.535426731078905,3.2004830917874396,1.3486312399355878,0.0939345142243693,,
36,7.427536231884058,12.560386473429952,3.052871712292002,45.20263016639828,8.192431561996779,13.305152979066023,5.407944176060118,3.408480944712829,1.3486312399355878,0.0939345142243693,,
37,7.018250134192163,11.480139559849706,3.052871712292002,33.25281803542673,5.542136339237788,28.14009661835749,7.051798174986581,3.113258185721954,1.2546967257112185,0.0939345142243693,,
38,7.447665056360709,11.366076221148685,3.0394524959742353,32.950885668276975,5.508588298443371,27.2812667740204,6.951154052603328,3.4420289855072466,1.8250134192163177,0.1878690284487386,,
39,7.1658615136876005,11.238593666129898,3.0394524959742353,35.34621578099839,5.421363392377885,26.81159420289855,6.166129898013956,2.9924852388620504,1.6304347826086956,0.1878690284487386,,
40,7.4006977992485234,11.20504562533548,3.0394524959742353,35.218733225979605,5.421363392377885,26.670692431561996,6.166129898013956,3.066290928609769,1.6237251744498122,0.1878690284487386,,
41,7.521470746108427,11.131239935587761,5.642780461621041,35.07783145464305,5.414653784219001,24.362587224906065,5.763553408480945,3.1535158346752548,1.7444981213097155,0.1878690284487386,,
42,7.024959742351046,7.454374664519592,5.562265163714439,34.896672034353195,4.891304347826087,28.569511540526033,6.696188942565755,3.1065485775630703,1.7176596886741815,0.08051529790660225,,
43,6.810252281266774,5.676328502415459,4.891304347826087,34.25925925925926,4.30756843800322,32.94417606011809,6.655931293612453,2.6838432635534084,1.6975308641975309,0.07380568974771873,,
44,6.91760601180891,5.609232420826624,4.126409017713366,36.99006977992485,4.260601180891036,31.736446591519055,5.891035963499732,2.5966183574879227,1.7981749865807837,0.07380568974771873,,
45,7.253086419753086,5.5756843800322065,4.126409017713366,36.83574879227053,4.233762748255502,31.407675791733762,5.891035963499732,2.6838432635534084,1.9189479334406871,0.07380568974771873,,
46,7.246376811594203,4.777241009125067,4.012345679012346,35.83601717659689,3.5762211486849167,36.25872249060655,3.9989264626945786,2.757648953301127,1.5029522275899088,0.03354804079441761,,
47,6.830381105743425,4.777241009125067,6.3070316693505095,32.1256038647343,3.6902844873859366,37.9495437466452,3.4621578099838968,3.280998389694042,1.5432098765432098,0.03354804079441761,,
48,6.884057971014493,4.777241009125067,6.3070316693505095,32.078636607622116,3.6902844873859366,37.94283413848631,3.4621578099838968,3.280998389694042,1.5432098765432098,0.03354804079441761,,
49,6.481481481481482,4.294149221685454,10.225442834138486,33.43397745571659,2.999194847020934,35.96349973161568,1.5901771336553945,3.33467525496511,1.6438539989264627,0.03354804079441761,,
50,6.575415995705851,4.1532474503489,10.225442834138486,31.57541599570585,3.1333870101986045,37.5402576489533,1.5901771336553945,3.4621578099838968,1.710950080515298,0.03354804079441761,,
51,6.615673644659152,3.026033279656468,9.836285560923242,42.41814278046162,3.6902844873859366,28.059581320450885,1.7176596886741815,3.3480944712828773,1.2546967257112185,0.03354804079441761,,
52,6.877348362855609,3.026033279656468,9.789318303811058,39.67391304347826,3.629898013955985,30.434782608695652,1.8250134192163177,3.33467525496511,1.3754696725711217,0.03354804079441761,,
53,7.065217391304348,3.026033279656468,9.856414385399892,39.46591519055287,3.629898013955985,30.394524959742352,1.8048845947396672,3.3480944712828773,1.3754696725711217,0.03354804079441761,,
54,7.427536231884058,2.9924852388620504,9.789318303811058,38.989533011272144,4.240472356414386,30.079173376274827,1.8048845947396672,3.307836822329576,1.3352120236178207,0.03354804079441761,,
55,7.796564680622652,2.9924852388620504,9.588030059044552,37.285292538915726,4.314278046162104,30.441492216854535,2.2208803005904456,3.6366076221148687,1.6505636070853462,0.03354804079441761,0.040257648953301126,
56,7.98443370907139,2.965646806226516,9.541062801932368,37.17122920021471,4.314278046162104,30.320719269994633,2.2208803005904456,3.6768652710681695,1.7310789049919484,0.03354804079441761,0.040257648953301126,
57,8.514492753623188,2.7979066022544283,9.346484165324744,36.983360171765966,4.367954911433173,30.05233494363929,2.187332259796028,3.7372517444981215,1.9390767579173376,0.03354804079441761,0.040257648953301126,
58,8.514492753623188,2.8381642512077296,9.232420826623725,36.28556092324208,4.133118625872249,29.280730005367687,3.656736446591519,3.770799785292539,1.9390767579173376,0.30864197530864196,0.040257648953301126,
59,8.863392377885132,2.8381642512077296,9.198872785829307,35.95679012345679,4.253891572732153,29.13311862587225,3.656736446591519,3.7104133118625873,2.0397208803005906,0.30864197530864196,0.040257648953301126,
60,9.098228663446054,2.6838432635534084,9.185453569511541,34.4873859366613,3.8915727321524423,29.508856682769725,3.643317230273752,4.985238862050457,2.167203435319377,0.30864197530864196,0.040257648953301126,
61,9.353193773483628,2.677133655394525,9.185453569511541,34.21229200214707,3.864734299516908,29.49543746645196,3.535963499731616,5.159688674181428,2.167203435319377,0.30864197530864196,0.040257648953301126,
62,9.675254965110037,2.5966183574879227,9.185453569511541,31.82367149758454,3.8580246913580245,27.67042404723564,7.226247987117552,5.146269457863661,2.4892646269457863,0.2885131508319914,0.040257648953301126,
63,9.923510466988727,2.5831991411701556,9.158615136876007,31.45464304884595,4.200214707461084,27.529522275899087,7.132313472893183,5.152979066022544,2.536231884057971,0.2885131508319914,0.040257648953301126,
64,10.621309715512615,2.5697799248523885,9.104938271604938,31.179549114331724,4.193505099302201,27.30139559849705,6.937734836285561,5.2066559312936125,2.5563607085346214,0.2885131508319914,0.040257648953301126,
65,9.23913043478261,2.3752012882447664,8.454106280193237,40.45893719806763,3.4957058507783145,22.41009125067096,6.729736983360172,4.488727858293076,2.01959205582394,0.2885131508319914,0.040257648953301126,
66,8.789586688137414,2.24771873322598,7.695920558239399,46.68545356951154,3.2541599570585076,20.457595276435857,4.528985507246377,4.005636070853462,2.006172839506173,0.2885131508319914,0.040257648953301126,
67,8.501073537305421,2.24771873322598,7.669082125603865,50.067096081588836,3.012614063338701,18.659420289855074,3.5963499731615673,4.03918411164788,1.8786902844873858,0.2885131508319914,0.040257648953301126,
68,8.742619431025227,2.24771873322598,7.937466451959206,49.5907139023081,3.012614063338701,18.33064949006978,3.5963499731615673,4.408212560386473,1.8048845947396672,0.2885131508319914,0.040257648953301126,
69,8.749329039184111,2.24771873322598,7.937466451959206,48.00053676865271,2.985775630703167,18.209876543209877,4.985238862050457,4.62962962962963,1.9256575415995705,0.2885131508319914,0.040257648953301126,
70,8.064949006977992,2.24771873322598,6.622383252818035,46.79951690821256,3.824476650563607,19.639023081052066,6.025228126677402,4.5893719806763285,1.8585614600107354,0.2885131508319914,0.040257648953301126,
71,8.111916264090176,2.1604938271604937,7.803274288781535,44.498121309715515,3.7909286097691894,20.9272678475577,6.025228126677402,4.549114331723027,1.8048845947396672,0.2885131508319914,0.040257648953301126,
72,8.13875469672571,2.1269457863660763,7.803274288781535,43.45142243692968,3.844605475040258,23.2085346215781,5.2066559312936125,4.394793344068707,1.4962426194310252,0.2885131508319914,0.040257648953301126,
73,8.085077831454644,2.100107353730542,10.473698336017177,41.686795491143315,4.133118625872249,21.81964573268921,5.2066559312936125,4.804079441760601,1.3620504562533549,0.2885131508319914,0.040257648953301126,
74,8.393719806763285,2.0665593129361244,10.305958132045088,42.7938808373591,3.0595813204508855,21.544551798174986,5.119431025228127,4.911433172302737,1.3620504562533549,0.2549651100375738,0.1878690284487386,
75,8.541331186258722,2.046430488459474,10.265700483091788,42.64626945786366,3.140096618357488,21.443907675791735,5.059044551798175,4.958400429414922,1.4559849704777241,0.2549651100375738,0.1878690284487386,
76,8.05823939881911,5.434782608695652,10.413311862587225,39.47933440687064,4.019055287171229,21.34326355340848,5.0993022007514766,4.602791196994096,1.1473429951690821,0.2549651100375738,0.14761137949543746,
77,8.319914117015566,5.434782608695652,10.030864197530864,41.45195920558239,3.9989264626945786,19.652442297369834,5.005367686527107,4.555823939881911,1.0534084809447128,0.2549651100375738,0.24154589371980675,
78,8.648684916800859,5.152979066022544,9.594739667203436,41.18357487922705,3.851315083199141,19.51154052603328,5.850778314546431,4.656468062265164,1.0534084809447128,0.2549651100375738,0.24154589371980675,
79,8.400429414922169,5.0791733762748255,9.312936124530328,40.68035426731079,3.629898013955985,20.974235104669887,5.8239398819108965,4.4820182501341925,1.1205045625335481,0.2549651100375738,0.24154589371980675,
80,8.521202361782072,5.0791733762748255,9.29951690821256,40.57300053676865,3.535963499731616,21.068169618894256,5.8239398819108965,4.4820182501341925,1.1205045625335481,0.2549651100375738,0.24154589371980675,
81,8.78287707997853,5.052334943639291,9.131776704240472,40.35829307568438,3.535963499731616,20.994363929146537,5.797101449275362,4.730273752012883,1.1205045625335481,0.2549651100375738,0.24154589371980675,
82,8.910359634997317,5.052334943639291,8.950617283950617,40.163714439076756,3.535963499731616,20.853462157809982,5.797101449275362,4.783950617283951,1.247987117552335,0.46296296296296297,0.24154589371980675,
83,8.78287707997853,4.9651100375738055,7.890499194847021,39.392109500805155,3.643317230273752,19.699409554482017,9.024422973698336,4.7101449275362315,1.247987117552335,0.46296296296296297,0.18115942028985507,
84,8.917069243156199,4.938271604938271,7.434245840042942,36.513687600644126,3.6634460547504024,23.141438539989263,8.433977455716587,5.038915727321524,1.2748255501878691,0.46296296296296297,0.18115942028985507,
85,9.104938271604938,4.938271604938271,7.427536231884058,36.24530327428878,3.6634460547504024,22.906602254428343,8.433977455716587,5.146269457863661,1.4895330112721417,0.46296296296296297,0.18115942028985507,
86,9.333064949006978,4.924852388620504,7.568438003220612,36.07756307031669,3.6634460547504024,22.611379495437465,8.266237251744498,5.3341384863123995,1.5767579173376274,0.46296296296296297,0.18115942028985507,
87,8.205850778314547,4.74369296833065,7.716049382716049,41.90150295222759,2.6301663982823404,19.692699946323135,7.971014492753623,5.186527106816962,1.3217928073000538,0.4495437466451959,0.18115942028985507,
88,8.501073537305421,4.74369296833065,7.695920558239399,41.46537842190016,2.7509393451422435,19.565217391304348,8.004562533548041,5.253623188405797,1.3888888888888888,0.4495437466451959,0.18115942028985507,
89,8.682232957595277,4.74369296833065,7.695920558239399,41.08964036500269,2.952227589908749,19.51154052603328,8.031400966183575,5.280461621041331,1.3821792807300053,0.4495437466451959,0.18115942028985507,
90,8.816425120772946,4.622920021470746,7.648953301127214,40.754159957058505,3.166935050993022,19.49141170155663,7.98443370907139,5.481749865807837,1.3620504562533549,0.48980139559849706,0.18115942028985507,
91,9.198872785829307,4.2203435319377345,8.017981749865807,40.04965110037574,3.965378421900161,19.444444444444443,7.541599570585078,5.662909286097692,1.3352120236178207,0.46967257112184646,0.0939345142243693,
92,9.333064949006978,4.2203435319377345,7.997852925389157,39.781266774020395,3.965378421900161,19.290123456790123,7.608695652173913,5.790391841116479,1.4492753623188406,0.46967257112184646,0.0939345142243693,
93,9.554482018250134,4.193505099302201,7.75630703166935,39.28475577026302,4.092860976918948,19.189479334406872,7.461084272678476,6.454643048845948,1.4492753623188406,0.46967257112184646,0.0939345142243693,
94,9.742351046698873,4.1532474503489,7.722758990874933,39.14385399892646,4.092860976918948,17.834138486312398,8.957326892109501,6.340579710144928,1.4492753623188406,0.46967257112184646,0.0939345142243693,
95,9.212292002147075,4.1532474503489,8.53462157809984,38.16425120772947,4.30756843800322,17.767042404723565,9.01100375738057,6.823671497584541,1.4492753623188406,0.5770263016639828,,
96,9.534353193773484,4.133118625872249,8.474235104669887,38.00322061191626,4.294149221685454,17.639559849704778,8.977455716586151,6.91760601180891,1.4492753623188406,0.5770263016639828,,
97,9.64170692431562,4.133118625872249,8.527911969940956,37.78851315083199,4.247181964573269,17.59259259259259,8.970746108427267,7.071926999463232,1.4492753623188406,0.5770263016639828,,
98,9.728931830381105,4.133118625872249,8.487654320987655,37.60064412238325,4.247181964573269,17.59259259259259,8.970746108427267,7.1725711218464845,1.4962426194310252,0.5703166935050993,,
99,10.050993022007514,4.0995705850778315,8.487654320987655,35.39318303811057,6.823671497584541,17.49194847020934,8.856682769726248,6.729736983360172,1.4962426194310252,0.5703166935050993,,
100,8.36688137412775,24.54374664519592,8.413848631239935,24.550456253354803,5.5756843800322065,13.291733762748256,9.16532474503489,4.253891572732153,1.2949543746645196,0.5434782608695652,,
101,8.588298443370908,24.288781535158346,8.420558239398819,24.154589371980677,5.515297906602254,13.848631239935587,9.024422973698336,4.200214707461084,1.415727321524423,0.5434782608695652,,
102,7.185990338164252,21.43719806763285,7.62211486849168,33.13875469672571,4.944981213097155,10.487117552334944,10.326086956521738,3.180354267310789,1.133923778851315,0.5434782608695652,,
103,7.568438003220612,21.26945786366076,7.514761137949543,32.8166935050993,5.152979066022544,10.46027911969941,10.299248523886206,3.2541599570585076,1.133923778851315,0.5300590445517982,,
104,6.977992485238862,29.736983360171767,6.608964036500268,28.348094471282877,5.199946323134729,8.863392377885132,10.25228126677402,2.657004830917874,0.8252818035426731,0.5300590445517982,,
105,6.776704240472356,26.247987117552334,6.521739130434782,27.549651100375737,4.1129898013955986,14.76784755770263,9.916800858829845,2.7509393451422435,0.8252818035426731,0.5300590445517982,,
106,7.1725711218464845,25.99302200751476,6.494900697799249,27.36849168008588,4.180085882984434,14.694041867954912,9.762479871175524,2.844873859366613,0.9594739667203436,0.5300590445517982,,
107,6.736446591519055,16.659957058507782,9.306226516371444,37.265163714439076,4.052603327965647,13.81508319914117,8.185721953837897,2.6435856146001075,0.8051529790660226,0.5300590445517982,,
108,5.803811057434245,16.59286097691895,8.299785292538916,45.25630703166935,3.5762211486849167,10.379763821792807,6.870638754696726,2.254428341384863,0.5770263016639828,0.38915727321524424,,
109,5.891035963499732,16.25738056897477,7.823403113258186,43.41116478797638,3.6500268384326353,12.915995705850777,6.776704240472356,2.3081052066559313,0.5770263016639828,0.38915727321524424,,
110,5.891035963499732,16.089640365002683,8.299785292538916,42.8341384863124,3.8177670424047236,12.895866881374127,6.78341384863124,2.4221685453569513,0.5770263016639828,0.38915727321524424,,
111,6.085614600107354,15.311325818572195,8.333333333333334,40.27777777777778,3.7573805689747717,12.875738056897477,9.849704777241008,2.5429414922168547,0.5770263016639828,0.38915727321524424,,
112,6.421095008051529,15.230810520665592,8.313204508856682,40.163714439076756,3.750670960815888,12.721417069243156,9.782608695652174,2.536231884057971,0.6910896403650026,0.38915727321524424,,
113,6.5552871712292005,15.203972088030058,8.313204508856682,40.01610305958132,3.743961352657005,12.714707461084272,9.977187332259795,2.395330112721417,0.6910896403650026,0.38915727321524424,,
114,6.3070316693505095,15.150295222758992,6.716317767042405,42.81400966183575,3.589640365002684,12.513419216317766,9.440418679549115,2.4221685453569513,0.8051529790660226,0.24154589371980675,,
115,6.723027375201288,15.049651100375739,6.615673644659152,42.55904455179817,3.5829307568438002,12.513419216317766,9.326355340848094,2.5161030595813205,0.8051529790660226,0.24154589371980675,,0.06709608158883522
116,6.944444444444445,14.9020397208803,6.588835212023618,42.411433172302736,3.589640365002684,12.5,9.326355340848094,2.5161030595813205,0.8051529790660226,0.3488996242619431,,0.06709608158883522
117,7.179280730005368,14.848362855609233,6.461352657004831,43.022007514761135,3.629898013955985,12.198067632850242,8.910359634997317,2.5161030595813205,0.6709608158883521,0.3488996242619431,,0.2147074610842727
118,7.39398819108964,14.700751476113794,6.380837359098229,42.579173376274824,3.7573805689747717,11.876006441223833,8.910359634997317,3.0394524959742353,0.798443370907139,0.3488996242619431,,0.2147074610842727
119,7.595276435856146,14.647074610842727,6.367418142780462,42.56575415995706,3.683574879227053,11.849168008588299,8.890230810520666,3.0394524959742353,0.798443370907139,0.3488996242619431,,0.2147074610842727
120,7.722758990874933,14.023081052066559,6.353998926462695,40.29790660225443,5.917874396135265,11.77536231884058,9.39345142243693,3.1535158346752548,0.798443370907139,0.3488996242619431,,0.2147074610842727
121,8.185721953837897,13.942565754159958,6.327160493827161,39.85507246376812,5.9514224369296835,11.77536231884058,9.39345142243693,3.207192699946323,0.798443370907139,0.3488996242619431,,0.2147074610842727
122,8.09849704777241,9.648416532474503,6.119162640901771,41.47879763821793,5.428073000536768,10.084541062801932,14.935587761674718,2.885131508319914,0.7581857219538379,0.3488996242619431,,0.2147074610842727
123,8.272946859903382,9.46725711218465,5.897745571658615,38.86205045625336,5.669618894256575,9.96376811594203,17.726784755770264,2.818035426731079,0.7581857219538379,0.3488996242619431,,0.2147074610842727
124,7.64224369296833,8.903650026838433,5.139559849704777,46.81964573268921,4.4753086419753085,9.480676328502415,13.808373590982287,2.522812667740204,0.7514761137949544,0.24154589371980675,,0.2147074610842727
125,7.96430488459474,8.796296296296296,4.985238862050457,44.51154052603328,4.441760601180891,9.420289855072463,15.787707997852925,2.7777777777777777,0.7514761137949544,0.3488996242619431,,0.2147074610842727
126,8.272946859903382,8.796296296296296,4.985238862050457,44.20960815888352,4.441760601180891,9.39345142243693,15.539452495974235,2.9388083735909825,0.7514761137949544,0.4562533548040794,,0.2147074610842727
127,8.548040794417606,8.61513687600644,4.985238862050457,44.02173913043478,4.683306494900698,9.212292002147075,15.5126140633387,2.9253891572732154,0.8252818035426731,0.4562533548040794,,0.2147074610842727
128,8.662104133118627,8.61513687600644,4.9718196457326895,43.974771873322595,4.683306494900698,9.192163177670425,15.479066022544284,2.9253891572732154,0.8252818035426731,0.4562533548040794,,0.2147074610842727
129,8.856682769726248,8.561460010735374,4.944981213097155,42.93478260869565,3.7909286097691894,8.796296296296296,17.907944176060116,2.703972088030059,0.6977992485238862,0.5904455179817498,,0.2147074610842727
130,8.99087493290392,8.454106280193237,4.918142780461621,42.68652710681696,3.9720880300590444,8.756038647342995,17.847557702630166,2.804616210413312,0.6977992485238862,0.6575415995705851,,0.2147074610842727
131,9.05126140633387,8.440687063875469,5.025496511003757,41.196994095544824,4.066022544283414,11.41304347826087,16.378153515834676,2.85829307568438,0.6977992485238862,0.6575415995705851,,0.2147074610842727
132,9.131776704240472,8.266237251744498,4.871175523349437,40.405260332796566,4.334406870638754,11.3593666129898,17.143048845947398,2.85829307568438,0.7716049382716049,0.644122383252818,,0.2147074610842727
133,9.292807300053678,8.259527643585615,4.757112184648417,40.11674718196457,4.609500805152979,11.285560923242082,17.008856682769725,2.932098765432099,0.7648953301127214,0.7581857219538379,,0.2147074610842727
134,9.473966720343531,8.259527643585615,4.918142780461621,39.801395598497045,4.5960815888352125,11.218464841653248,16.982018250134193,3.066290928609769,0.7648953301127214,0.7045088566827697,,0.2147074610842727
135,9.406870638754697,8.259527643585615,4.770531400966184,37.17122920021471,4.5893719806763285,13.915727321524423,16.941760601180892,3.280998389694042,0.7447665056360708,0.7045088566827697,,0.2147074610842727
136,9.695383789586689,8.152173913043478,4.770531400966184,37.07729468599034,4.5893719806763285,13.81508319914117,16.888083735909824,3.3480944712828773,0.7447665056360708,0.7045088566827697,,0.2147074610842727
137,10.21202361782072,8.152173913043478,4.770531400966184,36.75523349436393,4.5893719806763285,13.627214170692431,16.720343531937736,3.4688674181427803,0.8051529790660226,0.7045088566827697,,0.19457863660762212
138,10.466988727858293,7.997852925389157,4.74369296833065,36.50697799248524,4.669887278582931,13.526570048309178,16.606280193236714,3.6634460547504024,0.9192163177670424,0.7045088566827697,,0.19457863660762212
139,10.607890499194847,7.997852925389157,4.8376274825550185,36.41304347826087,4.5893719806763285,13.506441223832528,16.532474503488995,3.717122920021471,0.8990874932903918,0.7045088566827697,,0.19457863660762212
140,10.661567364465915,7.950885668276973,6.461352657004831,35.34621578099839,4.770531400966184,12.989801395598498,16.27750939345142,3.7909286097691894,0.8521202361782072,0.7045088566827697,,0.19457863660762212
141,10.929951690821255,7.944176060118089,6.239935587761675,34.977187332259795,4.750402576489533,12.929414922168545,16.210413311862588,4.052603327965647,1.06682769726248,0.7045088566827697,,0.19457863660762212
142,11.017176596886742,7.863660762211487,6.461352657004831,34.856414385399894,4.736983360171766,12.70799785292539,16.109769189479334,4.17337627482555,1.1741814278046163,0.7045088566827697,,0.19457863660762212
143,10.929951690821255,7.635534084809447,6.159420289855072,35.20531400966183,4.9718196457326895,13.170960815888352,16.029253891572733,4.012345679012346,1.0869565217391304,0.6038647342995169,,0.19457863660762212
144,8.883521202361782,7.246376811594203,6.649221685453569,42.981749865807835,4.186795491143317,12.593934514224369,12.097423510466989,3.7909286097691894,0.9057971014492754,0.46967257112184646,,0.19457863660762212
145,8.541331186258722,6.5552871712292005,6.266774020397209,46.772678475577024,3.5762211486849167,11.969940955448202,11.158078368223295,3.643317230273752,0.9057971014492754,0.41599570585077833,,0.19457863660762212
146,8.910359634997317,6.535158346752549,6.387546967257112,45.9272678475577,3.455448201825013,11.916264090177133,10.909822866344605,4.361245303274289,0.9863123993558777,0.41599570585077833,,0.19457863660762212
147,8.99087493290392,6.300322061191626,6.3137412775093935,45.71256038647343,3.9318303811057436,11.842458400429415,10.909822866344605,4.40150295222759,0.9863123993558777,0.41599570585077833,,0.19457863660762212
148,9.219001610305957,6.260064412238325,6.286902844873859,45.57836822329576,3.911701556629093,11.694847020933977,10.943370907139023,4.508856682769726,0.9863123993558777,0.41599570585077833,,0.19457863660762212
149,9.346484165324744,6.219806763285024,6.219806763285024,45.41733762748255,4.012345679012346,11.694847020933977,10.943370907139023,4.549114331723027,0.9863123993558777,0.41599570585077833,,0.19457863660762212
150,7.199409554482019,4.166666666666667,4.9651100375738055,61.02388620504563,3.3480944712828773,8.373590982286634,5.615942028985507,4.461889425657541,0.5032206119162641,0.14761137949543746,,0.19457863660762212
151,7.514761137949543,4.086151368760064,4.851046698872786,60.75550187869028,3.4286097691894795,8.480944712828771,5.615942028985507,4.42163177670424,0.5032206119162641,0.14761137949543746,,0.19457863660762212
152,7.675791733762749,4.066022544283414,4.8443370907139025,60.44685990338164,3.4286097691894795,8.480944712828771,5.5756843800322065,4.636339237788513,0.5032206119162641,0.14761137949543746,,0.19457863660762212
153,7.6556629092860975,3.5762211486849167,3.6634460547504024,60.265700483091784,3.33467525496511,8.319914117015566,8.024691358024691,4.38137412775094,0.6239935587761675,0.14761137949543746,,0.0067096081588835215
154,7.883789586688137,3.556092324208266,3.797638217928073,59.88996242619431,3.5762211486849167,8.158883521202362,7.977724100912507,4.38137412775094,0.6239935587761675,0.14761137949543746,,0.0067096081588835215
155,8.272946859903382,3.556092324208266,3.6768652710681695,59.23242082662372,3.515834675254965,8.158883521202362,7.997852925389157,4.74369296833065,0.6910896403650026,0.14761137949543746,,0.0067096081588835215
156,8.561460010735374,3.5225442834138487,3.670155662909286,58.60842726784756,3.6097691894793345,8.158883521202362,7.997852925389157,5.025496511003757,0.6910896403650026,0.14761137949543746,,0.0067096081588835215
157,8.836553945249598,3.099838969404187,3.6634460547504024,56.48819108964037,3.3682232957595275,11.07085346215781,7.930756843800322,4.696725711218465,0.6910896403650026,0.14761137949543746,,0.0067096081588835215
158,9.084809447128288,3.099838969404187,3.6634460547504024,56.21980676328502,3.3682232957595275,10.990338164251208,7.930756843800322,4.804079441760601,0.6843800322061192,0.14761137949543746,,0.0067096081588835215
159,9.494095544820183,3.099838969404187,3.6634460547504024,55.97155126140633,3.3682232957595275,10.990338164251208,7.796564680622652,4.777241009125067,0.6843800322061192,0.14761137949543746,,0.0067096081588835215
160,9.782608695652174,3.0730005367686526,3.6634460547504024,55.723295759527645,3.502415458937198,10.856146001073537,7.729468599033816,4.830917874396135,0.6843800322061192,0.14761137949543746,,0.0067096081588835215
161,10.138217928073,3.0730005367686526,3.7037037037037037,55.2938808373591,3.5829307568438002,10.829307568438002,7.729468599033816,4.810789049919484,0.6843800322061192,0.14761137949543746,,0.0067096081588835215
162,10.359634997316157,3.0730005367686526,3.7037037037037037,54.428341384863124,4.294149221685454,10.815888352120236,7.6623725174449815,4.824208266237251,0.6843800322061192,0.14761137949543746,,0.0067096081588835215
163,10.540794417606012,3.0730005367686526,3.7037037037037037,54.29414922168545,4.294149221685454,10.742082662372518,7.6623725174449815,4.85775630703167,0.6843800322061192,0.14090177133655393,,0.0067096081588835215
164,10.856146001073537,3.0730005367686526,3.670155662909286,53.95195920558239,4.388083735909823,10.621309715512615,7.635534084809447,4.9718196457326895,0.6843800322061192,0.14090177133655393,,0.0067096081588835215
165,10.775630703166936,2.791196994095545,3.6231884057971016,52.00617283950617,6.132581857219538,10.601180891035963,8.125335480407944,5.025496511003757,0.7716049382716049,0.14090177133655393,,0.0067096081588835215
166,11.191626409017713,2.791196994095545,3.569511540526033,51.42914653784219,6.005099302200751,10.527375201288244,8.179012345679013,5.387815351583468,0.7716049382716049,0.14090177133655393,,0.0067096081588835215
167,11.372785829307569,2.791196994095545,3.5628019323671496,51.14734299516908,6.112453032742888,10.453569511540525,8.07836822329576,5.562265163714439,0.7716049382716049,0.14090177133655393,,0.0067096081588835215
168,11.419753086419753,2.690552871712292,3.7372517444981215,49.88593666129898,6.092324208266238,11.688137412775093,8.07836822329576,5.488459473966721,0.7716049382716049,0.14090177133655393,,0.0067096081588835215
169,10.695115405260333,2.6704240472356413,3.549382716049383,45.229468599033815,6.099033816425121,18.075684380032207,7.353730542136339,5.4549114331723025,0.7246376811594203,0.14090177133655393,,0.0067096081588835215
170,10.742082662372518,2.6704240472356413,3.535963499731616,43.914385399892645,6.092324208266238,19.256575415995705,7.340311325818572,5.4549114331723025,0.8454106280193237,0.14090177133655393,,0.0067096081588835215
171,11.158078368223295,2.6704240472356413,3.535963499731616,43.71980676328502,6.199677938808374,19.068706387546968,7.1658615136876005,5.515297906602254,0.8185721953837896,0.14090177133655393,,0.0067096081588835215
172,11.480139559849706,2.6704240472356413,3.535963499731616,43.43129361245303,6.199677938808374,18.90096618357488,7.14573268921095,5.615942028985507,0.8051529790660226,0.20799785292538917,,0.0067096081588835215
173,11.929683306494901,2.6704240472356413,3.475577026301664,42.93478260869565,6.139291465378422,18.88083735909823,7.078636607622115,5.870907139023081,0.8051529790660226,0.20799785292538917,,0.0067096081588835215
174,11.258722490606548,2.6704240472356413,3.435319377348363,38.6808910359635,6.139291465378422,21.316425120772948,9.990606548577563,5.421363392377885,0.8722490606548577,0.20799785292538917,,0.0067096081588835215
175,11.627750939345143,2.636876006441224,3.435319377348363,38.52657004830918,6.099033816425121,21.175523349436393,9.96376811594203,5.4616210413311865,0.8588298443370908,0.20799785292538917,,0.0067096081588835215
176,11.902844873859367,2.636876006441224,3.3279656468062266,38.466183574879224,5.998389694041868,21.128556092324207,9.91009125067096,5.5689747718733225,0.8454106280193237,0.20799785292538917,,0.0067096081588835215
177,11.748523886205046,2.636876006441224,3.1602254428341383,37.855609232420825,6.099033816425121,22.477187332259795,9.27938808373591,5.763553408480945,0.7648953301127214,0.20799785292538917,,0.0067096081588835215
178,12.104133118625873,2.623456790123457,3.1468062265163717,37.734836285560924,6.099033816425121,22.31615673644659,9.16532474503489,5.730005367686527,0.8655394524959742,0.20799785292538917,,0.0067096081588835215
179,12.5402576489533,2.623456790123457,2.999194847020934,38.0300590445518,5.8239398819108965,22.067901234567902,9.057971014492754,5.662909286097692,0.9125067096081588,0.27509393451422437,,0.0067096081588835215
180,12.949543746645196,2.623456790123457,2.999194847020934,37.69457863660762,5.964841653247451,21.900161030595815,9.037842190016104,5.636070853462158,0.9125067096081588,0.27509393451422437,,0.0067096081588835215
181,13.130703166935051,2.623456790123457,3.0394524959742353,37.466451959205585,6.119162640901771,21.712292002147073,9.004294149221685,5.709876543209877,0.9125067096081588,0.27509393451422437,,0.0067096081588835215
182,13.519860440150294,2.589908749329039,3.0394524959742353,37.33225979602791,6.105743424584004,21.531132581857218,9.004294149221685,5.709876543209877,0.8856682769726248,0.27509393451422437,,0.0067096081588835215
183,13.734567901234568,2.536231884057971,5.495169082125604,36.89613526570049,6.132581857219538,19.699409554482017,8.413848631239935,5.9447128287707995,0.8655394524959742,0.27509393451422437,,0.0067096081588835215
184,14.13714439076758,2.536231884057971,5.381105743424584,36.74852388620504,6.099033816425121,19.538378958668815,8.313204508856682,6.018518518518518,0.9460547504025765,0.27509393451422437,,0.0067096081588835215
185,14.11701556629093,2.536231884057971,5.381105743424584,35.950080515297905,6.226516371443908,19.51154052603328,8.61513687600644,6.4345142243692965,0.9460547504025765,0.27509393451422437,,0.0067096081588835215
186,14.465915190552872,2.5295222758990876,5.374396135265701,35.50053676865271,5.911164787976382,19.39747718733226,8.964036500268385,6.515029522275899,1.0601180891035964,0.27509393451422437,,0.0067096081588835215
187,14.821524422973699,2.4557165861513686,5.475040257648954,35.27241009125067,5.8239398819108965,19.51825013419216,8.910359634997317,6.387546967257112,1.0601180891035964,0.2683843263553409,,0.0067096081588835215
188,14.834943639291465,2.4490069779924855,5.683038110574342,35.037573805689746,5.837359098228664,18.706387546967257,9.614868491680086,6.387546967257112,1.1741814278046163,0.2683843263553409,,0.0067096081588835215
189,15.08990874932904,2.4154589371980677,5.83064949006978,34.58803005904455,5.770263016639828,18.646001073537306,9.936929683306495,6.273483628556092,1.1741814278046163,0.2683843263553409,,0.0067096081588835215
190,15.391841116478798,2.4154589371980677,5.8172302737520125,34.4873859366613,5.763553408480945,18.391035963499732,9.896672034353195,6.347289318303811,1.2144390767579174,0.2683843263553409,,0.0067096081588835215
191,15.505904455179817,2.4154589371980677,5.864197530864198,33.863392377885134,5.891035963499732,18.276972624798713,9.842995169082126,6.850509930220075,1.2144390767579174,0.2683843263553409,,0.0067096081588835215
192,15.60654857756307,2.4020397208803006,5.864197530864198,33.66881374127751,5.891035963499732,18.276972624798713,9.842995169082126,6.957863660762212,1.2144390767579174,0.2683843263553409,,0.0067096081588835215
193,15.908480944712828,2.4020397208803006,6.038647342995169,33.40713902308105,5.971551261406334,18.136070853462158,9.648416532474503,6.957863660762212,1.2546967257112185,0.2683843263553409,,0.0067096081588835215
194,16.384863123993558,2.4020397208803006,6.072195383789587,33.13875469672571,5.8239398819108965,17.934782608695652,9.648416532474503,7.078636607622115,1.2412775093934514,0.2683843263553409,,0.0067096081588835215
195,16.626409017713364,2.4020397208803006,6.152710681696189,32.66237251744498,6.011808910359635,17.867686527106816,9.588030059044552,7.185990338164252,1.2278582930756843,0.2683843263553409,,0.0067096081588835215
196,16.72705314009662,2.4020397208803006,6.152710681696189,32.30005367686527,6.139291465378422,18.136070853462158,9.50751476113795,7.1658615136876005,1.1943102522812667,0.2683843263553409,,0.0067096081588835215
197,16.344605475040257,2.2074610842726785,5.897745571658615,28.723832528180353,5.273752012882448,22.906602254428343,10.352925389157273,6.837090713902308,1.1808910359634996,0.2683843263553409,,0.0067096081588835215
198,15.425389157273216,2.120236178207193,5.756843800322061,35.487117552334944,3.6768652710681695,19.51154052603328,10.00402576489533,6.588835212023618,1.1607622114868492,0.2683843263553409,,
199,15.552871712292003,2.1135265700483092,5.756843800322061,35.47369833601718,3.643317230273752,19.464573268921097,10.00402576489533,6.561996779388084,1.1607622114868492,0.2683843263553409,,
200,15.646806226516372,2.086688137412775,5.71658615136876,35.45356951154053,3.6634460547504024,19.410896403650028,9.950348899624261,6.561996779388084,1.2412775093934514,0.2683843263553409,,
201,15.70048309178744,2.0263016639828235,5.71658615136876,35.32608695652174,3.7573805689747717,19.310252281266774,9.950348899624261,6.615673644659152,1.328502415458937,0.2683843263553409,,
202,16.13660762211487,2.0263016639828235,5.71658615136876,34.96376811594203,3.7775093934514223,19.256575415995705,9.896672034353195,6.629092860976919,1.328502415458937,0.2683843263553409,,
203,15.895061728395062,1.9927536231884058,5.776972624798712,31.61567364465915,3.5829307568438002,17.98174986580784,14.928878153515834,6.561996779388084,1.3955984970477724,0.2683843263553409,,
