,45,50,51,53,55,52,56,54,57
0,98.41653247450348,1.583467525496511,,,,,,,
1,95.81991411701557,4.180085882984434,,,,,,,
2,95.73268921095008,4.26731078904992,,,,,,,
3,95.73268921095008,4.26731078904992,,,,,,,
4,95.22946859903382,4.770531400966184,,,,,,,
5,92.18330649490069,7.816693505099302,,,,,,,
6,86.63446054750402,13.365539452495975,,,,,,,
7,83.3064949006978,16.6935050993022,,,,,,,
8,81.48819108964037,18.511808910359633,,,,,,,
9,81.11245303274289,18.887546967257112,,,,,,,
10,79.03918411164788,20.96081588835212,,,,,,,
11,78.62989801395598,21.370101986044016,,,,,,,
12,70.00805152979066,27.885131508319915,2.1068169618894257,,,,,,
13,70.1086956521739,27.78448738593666,2.1068169618894257,,,,,,
14,69.4243156199678,28.468867418142782,2.1068169618894257,,,,,,
15,69.31025228126677,28.629898013955984,2.059849704777241,,,,,,
16,69.45786366076221,28.482286634460547,2.059849704777241,,,,,,
17,67.55904455179818,30.381105743424584,2.059849704777241,,,,,,
18,67.6328502415459,29.837627482555018,2.059849704777241,0.46967257112184646,,,,,
19,67.33091787439614,28.690284487385938,3.5091250670960816,0.46967257112184646,,,,,
20,61.782071926999464,31.30703166935051,6.4412238325281805,0.46967257112184646,,,,,
21,61.802200751476114,30.213365539452496,6.4412238325281805,0.46967257112184646,1.0735373054213635,,,,
22,61.822329575952764,30.193236714975846,6.4412238325281805,0.46967257112184646,1.0735373054213635,,,,
23,58.011272141706925,34.004294149221685,6.4412238325281805,0.46967257112184646,1.0735373054213635,,,,
24,54.126409017713364,37.88915727321525,6.4412238325281805,0.46967257112184646,1.0735373054213635,,,,
25,47.20209339774557,37.446323134728935,13.808373590982287,0.46967257112184646,1.0735373054213635,,,,
26,46.97396672034353,37.17122920021471,14.31159420289855,0.46967257112184646,1.0735373054213635,,,,
27,47.114868491680085,36.66800858829844,14.278046162104133,0.46967257112184646,1.4694041867954912,,,,
28,47.235641438539986,36.62775093934514,14.197530864197532,0.46967257112184646,1.4694041867954912,,,,
29,47.18867418142781,36.460010735373054,14.197530864197532,0.46967257112184646,1.6841116478797638,,,,
30,47.457058507783145,36.3191089640365,14.096886741814279,0.46967257112184646,1.6572732152442298,,,,
31,45.71256038647343,38.097155126140635,14.06333870101986,0.46967257112184646,1.6572732152442298,,,,
32,45.71256038647343,38.13070316693505,14.029790660225443,0.46967257112184646,1.6572732152442298,,,,
33,44.98792270531401,39.53972088030059,13.271604938271604,0.5434782608695652,1.6572732152442298,,,,
34,43.47826086956522,36.178207192699944,18.21658615136876,0.46967257112184646,1.6572732152442298,,,,
35,41.12989801395599,41.56602254428341,15.177133655394526,0.46967257112184646,1.6572732152442298,,,,
36,40.203972088030056,37.47987117552335,20.699141170155663,0.0939345142243693,1.5230810520665594,,,,
37,40.445517981749866,37.35238862050456,20.48443370907139,0.0939345142243693,1.6237251744498122,,,,
38,40.351583467525494,35.72866344605475,22.20209339774557,0.0939345142243693,1.6237251744498122,,,,
39,39.452495974235106,33.984165324745035,22.054482018250134,0.0939345142243693,1.6237251744498122,2.791196994095545,,,
40,38.75469672571122,34.735641438539986,21.89345142243693,0.0939345142243693,1.7310789049919484,2.791196994095545,,,
41,38.29173376274826,33.7962962962963,21.772678475577028,1.8585614600107354,1.4895330112721417,2.791196994095545,,,
42,37.84219001610306,30.67632850241546,20.840042941492218,1.3419216317767042,1.4559849704777241,7.843531937734836,,,
43,36.64787976382179,30.615942028985508,20.068438003220614,1.328502415458937,1.4559849704777241,9.883252818035427,,,
44,32.50805152979066,32.41411701556629,21.752549651100377,1.328502415458937,1.4895330112721417,10.507246376811594,,,
45,26.798174986580783,40.485775630703166,21.175523349436393,1.4090177133655395,0.24825550187869028,9.883252818035427,,,
46,26.96591519055287,40.385131508319915,20.913848631239937,1.4090177133655395,0.4428341384863124,9.883252818035427,,,
47,25.44283413848631,35.59447128287708,29.60950080515298,1.9256575415995705,0.33548040794417605,7.092055823939882,,,
48,25.543478260869566,35.560923242082666,29.24718196457327,1.9256575415995705,0.33548040794417605,7.024959742351046,0.36231884057971014,,
49,25.650831991411703,35.49382716049383,29.24718196457327,1.9122383252818036,0.33548040794417605,6.998121309715513,0.36231884057971014,,
50,21.83977455716586,36.3996242619431,32.21953837895867,1.9122383252818036,0.33548040794417605,6.9310252281266775,0.36231884057971014,,
51,21.987385936661298,36.28556092324208,32.13231347289318,1.9122383252818036,0.33548040794417605,6.843800322061192,0.3488996242619431,0.15432098765432098,
52,20.511272141706925,33.467525496511,36.802200751476114,1.6170155662909287,0.4092860976918948,6.689479334406871,0.3488996242619431,0.15432098765432098,
53,20.77294685990338,33.353462157809986,36.65458937198068,1.6170155662909287,0.4092860976918948,6.689479334406871,0.3488996242619431,0.15432098765432098,
54,21.121846484165324,31.76328502415459,36.20504562533548,1.6170155662909287,0.4092860976918948,6.6827697262479875,0.3488996242619431,1.8518518518518519,
55,20.108695652173914,31.186258722490606,37.80864197530864,1.6170155662909287,0.4092860976918948,6.66935050993022,0.3488996242619431,1.8518518518518519,
56,20.37037037037037,31.11916264090177,38.00993022007515,1.3620504562533549,0.4092860976918948,6.528448738593666,0.3488996242619431,1.8518518518518519,
57,19.03515834675255,32.51476113794954,37.493290391841114,1.724369296833065,0.4092860976918948,6.508319914117015,0.46296296296296297,1.8518518518518519,
58,19.082125603864736,32.31347289318304,37.42619431025228,1.724369296833065,0.8789586688137413,6.260064412238325,0.46296296296296297,1.8518518518518519,
59,19.04186795491143,30.360976918947934,37.265163714439076,3.878153515834675,0.8789586688137413,6.260064412238325,0.46296296296296297,1.8518518518518519,
60,19.269994632313473,30.233494363929147,36.70826623725174,4.294149221685454,0.95276435856146,6.233225979602791,0.46296296296296297,1.8451422436929683,
61,19.444444444444443,30.159688674181428,36.520397208803004,4.441760601180891,0.95276435856146,6.172839506172839,0.46296296296296297,1.8451422436929683,
62,19.598765432098766,30.14626945786366,36.272141706924316,4.555823939881911,0.95276435856146,6.172839506172839,0.4562533548040794,1.8451422436929683,
63,19.900697799248523,30.099302200751477,36.09769189479334,4.488727858293076,0.95276435856146,6.159420289855072,0.4562533548040794,1.8451422436929683,
64,20.075147611379496,30.059044551798173,35.96349973161568,4.488727858293076,0.95276435856146,6.159420289855072,0.4562533548040794,1.8451422436929683,
65,20.021470746108427,29.871175523349436,39.34514224369297,4.133118625872249,0.798443370907139,3.569511540526033,0.4562533548040794,1.8048845947396672,
66,20.21604938271605,29.528985507246375,38.92914653784219,4.119699409554482,0.7917337627482555,4.1532474503489,0.4562533548040794,1.8048845947396672,
67,20.242887815351583,29.180085882984432,38.61379495437466,3.9049919484702094,0.7917337627482555,4.53569511540526,0.4562533548040794,2.2745571658615136,
68,20.316693505099302,29.159957058507782,38.2313472893183,3.9049919484702094,0.7917337627482555,4.53569511540526,0.785024154589372,2.2745571658615136,
69,18.230005367686527,29.844337090713903,36.77536231884058,3.8915727321524423,0.7581857219538379,7.877079978529254,0.785024154589372,1.8384326355340848,
70,18.471551261406333,29.797369833601717,36.580783682232955,3.8915727321524423,0.7581857219538379,7.877079978529254,0.785024154589372,1.8384326355340848,
71,18.592324208266238,25.09393451422437,40.713902308105204,4.341116478797638,0.7581857219538379,7.716049382716049,0.785024154589372,1.9994632313472893,
72,18.874127750939344,25.02012882447665,40.4320987654321,4.334406870638754,0.7581857219538379,7.682501341921632,0.785024154589372,2.1135265700483092,
73,18.95464304884595,24.90606548577563,40.022812667740205,4.334406870638754,0.7581857219538379,7.675791733762749,0.7581857219538379,2.589908749329039,
74,19.162640901771336,24.805421363392377,39.95571658615137,4.334406870638754,0.7581857219538379,7.635534084809447,0.7581857219538379,2.589908749329039,
75,18.646001073537306,23.336017176596886,42.16317767042405,4.139828234031133,0.7581857219538379,7.635534084809447,0.7313472893183038,2.589908749329039,
76,18.71309715512614,23.32259796027912,40.955448201825014,4.139828234031133,2.1135265700483092,7.595276435856146,0.6172839506172839,2.5429414922168547,
77,18.793612453032743,23.289049919484704,40.92860976918948,4.26731078904992,2.1135265700483092,7.595276435856146,0.6172839506172839,2.395330112721417,
78,18.833870101986044,23.067632850241544,40.92860976918948,4.253891572732153,2.3349436392914655,7.568438003220612,0.6172839506172839,2.395330112721417,
79,15.881642512077295,24.704777241009126,45.229468599033815,2.8918411164787976,1.9189479334406871,6.743156199677939,0.6172839506172839,2.0128824476650564,
80,16.59286097691895,24.329039184111647,44.69940955448202,3.2340311325818574,1.9189479334406871,6.595544820182502,0.6172839506172839,2.0128824476650564,
81,15.277777777777779,22.530864197530864,37.6207729468599,3.1199677938808374,1.9189479334406871,13.560118089103597,0.6172839506172839,5.35426731078905,
82,15.398550724637682,22.457058507783145,37.58722490606549,3.1199677938808374,1.9189479334406871,13.560118089103597,0.6038647342995169,5.35426731078905,
83,15.640096618357488,22.41009125067096,37.453032742887814,3.099838969404187,1.9189479334406871,13.519860440150294,0.6038647342995169,5.35426731078905,
84,15.787707997852925,21.967257112184647,37.39935587761675,3.099838969404187,1.8451422436929683,13.942565754159958,0.6038647342995169,5.35426731078905,
85,16.210413311862588,21.812936124530328,36.600912506709605,3.0730005367686526,1.8451422436929683,14.49946323134729,0.6038647342995169,5.35426731078905,
86,16.364734299516908,21.69887278582931,36.41304347826087,3.0730005367686526,2.15378421900161,14.190821256038648,0.6038647342995169,5.501878690284487,
87,16.505636070853463,21.658615136876005,36.39291465378422,3.0730005367686526,2.2946859903381642,14.023081052066559,0.6038647342995169,5.448201825013419,
88,16.57944176060118,21.296296296296298,35.668276972624795,4.106280193236715,2.2946859903381642,13.895598497047773,0.7380568974771873,5.421363392377885,
89,15.552871712292003,18.92109500805153,44.236446591519055,3.92512077294686,2.0799785292538915,9.125067096081589,0.7380568974771873,5.421363392377885,
90,15.707192699946322,18.82716049382716,44.18947933440687,3.911701556629093,2.0799785292538915,9.125067096081589,0.7380568974771873,5.421363392377885,
91,16.076221148684915,18.773483628556093,44.04857756307032,3.7640901771336552,2.0799785292538915,9.125067096081589,0.7112184648416533,5.421363392377885,
92,16.33118625872249,18.719806763285025,43.76006441223833,3.7640901771336552,2.0799785292538915,9.118357487922705,0.8185721953837896,5.407944176060118,
93,16.74718196457327,18.706387546967257,43.17632850241546,3.730542136339238,2.0665593129361244,9.104938271604938,1.06682769726248,5.401234567901234,
94,16.928341384863124,18.679549114331724,43.02871712292002,3.730542136339238,2.0665593129361244,9.098228663446054,1.06682769726248,5.401234567901234,
95,17.008856682769725,18.67283950617284,42.961621041331185,3.730542136339238,2.0665593129361244,9.091519055287172,1.06682769726248,5.401234567901234,
96,16.888083735909824,18.23671497584541,41.17015566290929,3.408480944712829,2.0665593129361244,11.54723564143854,1.3083735909822867,5.374396135265701,
97,14.143853998926463,21.336553945249598,41.00912506709608,3.361513687600644,2.0665593129361244,11.473429951690822,1.3083735909822867,5.300590445517981,
98,13.935856146001074,20.819914117015568,42.86768652710682,3.361513687600644,2.0665593129361244,11.305689747718732,1.3083735909822867,4.334406870638754,
99,13.18438003220612,19.981213097155127,44.43102522812668,3.227321524422974,2.4825550187869028,11.171497584541063,1.288244766505636,4.233762748255502,
100,12.661030595813205,19.612184648416534,45.60520665593129,2.999194847020934,2.6704240472356413,11.131239935587761,1.288244766505636,4.032474503488996,
101,12.882447665056361,19.612184648416534,45.48443370907139,2.999194847020934,2.6704240472356413,11.057434245840042,1.288244766505636,4.005636070853462,
102,13.144122383252817,19.558507783145465,45.30327428878154,2.985775630703167,2.6704240472356413,11.05072463768116,1.2815351583467525,4.005636070853462,
103,13.466183574879228,19.49812130971551,45.20263016639828,2.945517981749866,2.6435856146001075,11.037305421363392,1.2815351583467525,3.92512077294686,
104,11.621041331186259,27.985775630703166,40.61996779388084,2.945517981749866,2.6435856146001075,9.212292002147075,1.0466988727858293,3.92512077294686,
105,11.681427804616211,27.938808373590984,40.60654857756307,2.945517981749866,2.6435856146001075,9.212292002147075,1.0466988727858293,3.92512077294686,
106,11.600912506709609,23.879495437466453,44.69940955448202,2.8650026838432634,2.6301663982823404,9.205582393988191,1.1943102522812667,3.92512077294686,
107,11.3593666129898,23.577563070316693,42.25711218464841,2.8650026838432634,1.7981749865807837,13.627214170692431,1.1943102522812667,3.321256038647343,
108,10.903113258185721,23.235373054213635,43.46484165324745,2.737520128824477,1.7981749865807837,14.479334406870638,0.9930220075147611,2.3886205045625335,
109,10.943370907139023,19.652442297369834,43.344068706387546,2.7241009125067097,1.7981749865807837,14.479334406870638,0.9930220075147611,6.0654857756307035,
110,11.20504562533548,19.612184648416534,43.14949006977992,2.7241009125067097,1.7847557702630166,14.472624798711756,0.9930220075147611,6.0587761674718195,
111,11.379495437466453,19.612184648416534,43.022007514761135,2.703972088030059,1.7847557702630166,14.472624798711756,0.9930220075147611,6.031937734836285,
112,11.460010735373054,19.612184648416534,42.7133655394525,2.703972088030059,1.7847557702630166,14.42565754159957,1.2681159420289856,6.031937734836285,
113,9.849704777241008,28.31454643048846,37.164519592055825,2.442297369833602,1.778046162104133,13.352120236178207,1.5029522275899088,5.595813204508857,
114,10.02415458937198,28.20048309178744,37.533548040794415,2.442297369833602,1.778046162104133,12.99651100375738,1.4694041867954912,5.555555555555555,
115,10.124798711755233,28.14680622651637,37.5,2.442297369833602,1.778046162104133,12.99651100375738,1.4694041867954912,5.542136339237788,
116,10.238862050456254,28.059581320450885,37.473161567364464,2.442297369833602,1.778046162104133,12.99651100375738,1.4694041867954912,5.542136339237788,
117,10.36634460547504,28.052871712292003,37.37251744498121,2.4221685453569513,1.778046162104133,12.99651100375738,1.4694041867954912,5.542136339237788,
118,10.587761674718196,27.958937198067634,36.93639291465379,2.4221685453569513,1.778046162104133,13.352120236178207,1.4694041867954912,5.495169082125604,
119,10.815888352120236,27.831454643048847,36.761943102522814,2.4221685453569513,1.8786902844873858,13.33870101986044,1.4694041867954912,5.481749865807837,
120,11.09098228663446,27.361782071927,36.761943102522814,2.4221685453569513,2.328234031132582,13.285024154589372,1.4694041867954912,5.280461621041331,
121,8.655394524959743,40.103327965646805,27.2812667740204,2.1604938271604937,1.6170155662909287,13.895598497047773,1.1003757380568975,5.186527106816962,
122,8.863392377885132,39.47933440687064,26.932367149758456,2.13365539452496,1.556629092860977,13.942565754159958,1.1003757380568975,5.991680085882985,
123,9.064680622651638,39.38539989264627,26.77133655394525,2.13365539452496,1.556629092860977,13.902308105206655,1.0869565217391304,6.099033816425121,
124,9.453837895866881,39.34514224369297,26.54320987654321,2.0397208803005906,1.556629092860977,13.875469672571121,1.0869565217391304,6.099033816425121,
125,9.608158883521202,39.22436929683307,26.536500268384327,2.0397208803005906,1.556629092860977,13.862050456253355,1.0869565217391304,6.085614600107354,
126,9.64170692431562,39.11701556629093,26.234567901234566,2.0397208803005906,1.556629092860977,13.83521202361782,1.0869565217391304,6.488191089640365,
127,9.742351046698873,38.95598497047772,25.97289318303811,2.4691358024691357,1.6706924315619969,13.83521202361782,0.8185721953837896,6.4345142243692965,0.10064412238325282
128,9.903381642512077,38.87546967257112,25.97289318303811,2.4691358024691357,1.751207729468599,13.714439076757918,0.8185721953837896,6.394256575415996,0.10064412238325282
129,9.883252818035427,38.79495437466452,25.717928073000536,2.6301663982823404,1.9524959742351047,13.707729468599034,0.8185721953837896,6.394256575415996,0.10064412238325282
130,9.950348899624261,38.77482555018787,25.670960815888353,2.6301663982823404,1.9524959742351047,13.707729468599034,0.8185721953837896,6.394256575415996,0.10064412238325282
131,10.064412238325282,38.687600644122384,25.670960815888353,2.6301663982823404,1.9524959742351047,13.707729468599034,0.7917337627482555,6.394256575415996,0.10064412238325282
132,10.178475577026301,38.419216317767045,25.650831991411703,2.6301663982823404,2.1806226516371443,13.654052603327965,0.7917337627482555,6.394256575415996,0.10064412238325282
133,10.473698336017177,38.35882984433709,25.53676865271068,2.6301663982823404,2.1739130434782608,13.620504562533547,0.7917337627482555,6.3137412775093935,0.10064412238325282
134,10.493827160493828,38.177670424047236,25.39586688137413,2.6301663982823404,2.1739130434782608,13.982823403113258,0.7917337627482555,6.253354804079442,0.10064412238325282
135,10.513955984970478,38.117283950617285,25.38244766505636,2.3349436392914655,2.100107353730542,13.969404186795492,0.7917337627482555,6.689479334406871,0.10064412238325282
136,10.560923242082662,38.097155126140635,25.37573805689748,2.314814814814815,2.100107353730542,13.969404186795492,0.7917337627482555,6.689479334406871,0.10064412238325282
137,10.762211486849168,37.996511003757384,25.315351583467525,2.2611379495437465,2.01959205582394,13.969404186795492,0.7917337627482555,6.78341384863124,0.10064412238325282
138,10.628019323671497,36.68813741277509,25.288513150831992,2.2611379495437465,1.6908212560386473,15.915190552871712,0.9192163177670424,6.508319914117015,0.10064412238325282
139,10.829307568438002,36.60762211486849,25.221417069243156,2.2611379495437465,1.6639828234031133,15.888352120236178,0.9192163177670424,6.508319914117015,0.10064412238325282
140,11.171497584541063,36.42646269457864,25.09393451422437,2.2611379495437465,1.6572732152442298,15.888352120236178,0.9192163177670424,6.481481481481482,0.10064412238325282
141,11.252012882447666,34.74235104669887,24.751744498121308,4.28743961352657,1.6237251744498122,15.888352120236178,0.9192163177670424,6.4345142243692965,0.10064412238325282
142,11.540526033279656,34.648416532474506,24.530327428878152,4.28743961352657,1.5633387010198605,15.861513687600644,1.0332796564680622,6.4345142243692965,0.10064412238325282
143,11.79549114331723,34.58803005904455,24.48336017176597,4.200214707461084,1.5432098765432098,15.848094471282877,1.0332796564680622,6.407675791733762,0.10064412238325282
144,11.862587224906065,34.58132045088567,23.89291465378422,4.502147074610843,1.5432098765432098,16.076221148684915,1.0332796564680622,6.407675791733762,0.10064412238325282
145,11.916264090177133,34.48067632850242,23.752012882447666,4.206924315619967,1.5365002683843263,16.049382716049383,1.3955984970477724,6.561996779388084,0.10064412238325282
146,11.533816425120772,34.312936124530324,24.329039184111647,4.206924315619967,1.5365002683843263,16.022544283413847,1.3955984970477724,6.561996779388084,0.10064412238325282
147,11.728395061728396,34.21229200214707,24.10091250670961,4.206924315619967,1.5365002683843263,16.002415458937197,1.5499194847020934,6.561996779388084,0.10064412238325282
148,11.81561996779388,33.68894256575416,23.852657004830917,4.180085882984434,2.3349436392914655,16.002415458937197,1.5499194847020934,6.474771873322598,0.10064412238325282
149,12.050456253354804,33.19243156199678,23.255501878690286,4.180085882984434,2.563070316693505,16.63311862587225,1.5499194847020934,6.474771873322598,0.10064412238325282
150,12.010198604401502,32.1658615136876,23.067632850241544,4.180085882984434,2.408749329039184,16.63311862587225,1.6505636070853462,7.7831454643048845,0.10064412238325282
151,11.936392914653783,31.723027375201287,21.07487922705314,4.206924315619967,2.408749329039184,19.176060118089104,1.6103059581320451,7.763016639828234,0.10064412238325282
152,11.352657004830919,28.287707997852927,29.20692431561997,4.133118625872249,2.214170692431562,16.881374127750938,1.4895330112721417,6.333870101986044,0.10064412238325282
153,11.594202898550725,28.093129361245303,29.13311862587225,4.133118625872249,2.301395598497048,16.874664519592056,1.4694041867954912,6.300322061191626,0.10064412238325282
154,11.862587224906065,27.999194847020934,29.03918411164788,4.05931293612453,2.301395598497048,16.867954911433173,1.4694041867954912,6.300322061191626,0.10064412238325282
155,12.057165861513688,27.965646806226516,28.951959205582394,4.05931293612453,2.2946859903381642,16.841116478797638,1.4694041867954912,6.260064412238325,0.10064412238325282
156,12.473161567364466,27.677133655394524,28.871443907675793,4.05931293612453,2.2879763821792807,16.800858829844337,1.4694041867954912,6.260064412238325,0.10064412238325282
157,12.573805689747719,27.677133655394524,28.844605475040257,4.05931293612453,2.2879763821792807,16.75389157273215,1.4694041867954912,6.233225979602791,0.10064412238325282
158,12.694578636607622,27.643585614600106,28.77079978529254,4.045893719806763,2.2879763821792807,16.75389157273215,1.4694041867954912,6.233225979602791,0.10064412238325282
159,12.909286097691895,27.449006977992486,28.6231884057971,4.045893719806763,2.4490069779924855,16.720343531937736,1.4694041867954912,6.233225979602791,0.10064412238325282
160,12.95625335480408,27.4020397208803,28.6231884057971,4.045893719806763,2.4490069779924855,16.720343531937736,1.4694041867954912,6.233225979602791,0.10064412238325282
161,13.137412775093935,27.36849168008588,28.193773483628558,4.045893719806763,2.4490069779924855,17.028985507246375,1.6438539989264627,6.031937734836285,0.10064412238325282
162,13.264895330112722,27.36849168008588,28.133387010198604,4.012345679012346,2.4490069779924855,16.99543746645196,1.6438539989264627,6.031937734836285,0.10064412238325282
163,13.39237788513151,26.778046162104133,28.052871712292003,4.448470209339774,2.3752012882447664,16.666666666666668,1.6438539989264627,6.541867954911433,0.10064412238325282
164,13.425925925925926,26.778046162104133,28.026033279656467,4.448470209339774,2.3752012882447664,16.659957058507782,1.6438539989264627,6.541867954911433,0.10064412238325282
165,13.593666129898015,26.724369296833064,27.945517981749866,4.441760601180891,2.3752012882447664,16.63311862587225,1.6438539989264627,6.541867954911433,0.10064412238325282
166,13.667471819645733,26.37546967257112,27.891841116478798,4.441760601180891,2.737520128824477,16.606280193236714,1.6438539989264627,6.535158346752549,0.10064412238325282
167,13.747987117552334,26.36876006441224,27.865002683843265,4.428341384863124,2.737520128824477,16.606280193236714,1.6438539989264627,6.501610305958132,0.10064412238325282
168,13.94927536231884,26.268115942028984,27.77777777777778,5.005367686527107,2.717391304347826,16.13660762211487,1.6438539989264627,6.400966183574879,0.10064412238325282
169,14.123725174449811,26.154052603327965,27.70397208803006,5.159688674181428,2.6838432635534084,16.029253891572733,1.6438539989264627,6.400966183574879,0.10064412238325282
170,14.506172839506172,26.02657004830918,27.616747181964573,5.159688674181428,2.6838432635534084,15.881642512077295,1.6237251744498122,6.400966183574879,0.10064412238325282
171,14.626945786366075,25.91250670960816,25.47638217928073,5.179817498658078,2.677133655394525,15.72061191626409,1.6237251744498122,8.682232957595277,0.10064412238325282
172,14.325013419216317,25.845410628019323,24.771873322597962,5.146269457863661,2.677133655394525,16.284219001610307,2.1806226516371443,8.668813741277509,0.10064412238325282
173,14.224369296833064,25.751476113794954,24.476650563607084,5.112721417069243,2.677133655394525,17.176596886741816,2.0799785292538915,8.400429414922169,0.10064412238325282
174,13.969404186795492,25.53676865271068,27.710681696188942,5.0858829844337095,2.6637144390767578,15.08990874932904,2.01959205582394,7.823403113258186,0.10064412238325282
175,14.143853998926463,25.509930220075148,27.522812667740205,5.0858829844337095,2.6637144390767578,15.03623188405797,2.1269457863660763,7.809983896940419,0.10064412238325282
176,14.358561460010735,25.41599570585078,27.4422973698336,5.0858829844337095,2.6637144390767578,14.99597423510467,2.1269457863660763,7.809983896940419,0.10064412238325282
177,14.459205582393988,25.295222758990874,27.4422973698336,5.159688674181428,2.6167471819645733,14.989264626945786,2.1269457863660763,7.809983896940419,0.10064412238325282
178,14.55984970477724,25.234836285560924,27.2812667740204,5.159688674181428,2.6167471819645733,14.982555018786902,2.254428341384863,7.809983896940419,0.10064412238325282
179,13.714439076757918,25.234836285560924,24.490069779924852,4.757112184648417,2.6167471819645733,19.558507783145465,1.9659151905528718,7.561728395061729,0.10064412238325282
180,12.600644122383253,22.537573805689746,29.066022544283413,4.777241009125067,2.6167471819645733,18.793612453032743,2.0799785292538915,7.427536231884058,0.10064412238325282
181,12.754965110037574,22.423510466988727,29.045893719806763,4.851046698872786,2.5429414922168547,18.780193236714975,2.073268921095008,7.427536231884058,0.10064412238325282
182,12.869028448738593,22.423510466988727,28.992216854535695,4.8376274825550185,2.5295222758990876,18.746645195920557,2.073268921095008,7.427536231884058,0.10064412238325282
183,12.95625335480408,22.41009125067096,28.92512077294686,4.830917874396135,2.5295222758990876,18.746645195920557,2.073268921095008,7.427536231884058,0.10064412238325282
184,13.070316693505099,22.41009125067096,28.871443907675793,5.166398282340311,2.5295222758990876,18.35077831454643,2.073268921095008,7.427536231884058,0.10064412238325282
185,13.110574342458401,22.376543209876544,28.871443907675793,5.166398282340311,2.5295222758990876,18.344068706387546,2.073268921095008,7.427536231884058,0.10064412238325282
186,13.291733762748256,22.29602791196994,28.871443907675793,5.166398282340311,2.5295222758990876,18.250134192163177,2.073268921095008,7.4208266237251745,0.10064412238325282
187,13.399087493290391,22.12157809983897,28.871443907675793,5.166398282340311,2.6435856146001075,18.223295759527645,2.073268921095008,7.4006977992485234,0.10064412238325282
188,13.94927536231884,22.10144927536232,28.442028985507246,5.166398282340311,2.6301663982823404,18.16290928609769,2.073268921095008,7.37385936661299,0.10064412238325282
189,14.070048309178745,22.10144927536232,28.442028985507246,5.166398282340311,2.6301663982823404,18.129361245303276,2.073268921095008,7.286634460547504,0.10064412238325282
190,14.27133655394525,21.906870638754697,28.187063875469672,5.139559849704777,3.099838969404187,17.934782608695652,2.073268921095008,7.286634460547504,0.10064412238325282
191,14.418947933440688,21.89345142243693,27.81803542673108,5.139559849704777,3.33467525496511,17.934782608695652,2.073268921095008,7.286634460547504,0.10064412238325282
192,14.53972088030059,21.87332259796028,27.76435856146001,5.139559849704777,3.3279656468062266,17.907944176060116,2.073268921095008,7.273215244229737,0.10064412238325282
193,14.741009125067096,21.87332259796028,27.76435856146001,5.139559849704777,3.3279656468062266,17.767042404723565,2.073268921095008,7.212828770799785,0.10064412238325282
194,14.955716586151368,21.85319377348363,27.717391304347824,5.139559849704777,3.294417606011809,17.652979066022546,2.073268921095008,7.212828770799785,0.10064412238325282
195,15.029522275899087,21.826355340848096,27.690552871712292,5.139559849704777,3.294417606011809,17.632850241545892,2.073268921095008,7.212828770799785,0.10064412238325282
196,15.519323671497585,21.39694041867955,27.28797638217928,5.072463768115942,3.0730005367686526,17.337627482555018,2.6637144390767578,7.548309178743962,0.10064412238325282
197,15.432098765432098,20.799785292538918,27.106816961889425,5.173107890499195,3.92512077294686,17.277241009125067,2.6637144390767578,7.521470746108427,0.10064412238325282
198,15.693773483628556,20.7662372517445,26.986044015029524,5.159688674181428,3.92512077294686,17.19001610305958,2.6637144390767578,7.521470746108427,0.0939345142243693
199,15.827965646806227,19.994632313472895,26.321792807300053,5.139559849704777,5.414653784219001,17.09608158883521,2.589908749329039,7.521470746108427,0.0939345142243693
200,16.069511540526033,19.994632313472895,26.261406333870102,5.139559849704777,5.401234567901234,16.955179817498657,2.563070316693505,7.521470746108427,0.0939345142243693
201,16.378153515834676,19.860440150295222,26.187600644122384,5.072463768115942,5.401234567901234,16.921631776704242,2.563070316693505,7.521470746108427,0.0939345142243693
202,16.451959205582394,19.464573268921097,26.187600644122384,5.052334943639291,5.790391841116479,16.874664519592056,2.563070316693505,7.521470746108427,0.0939345142243693
203,16.686795491143318,19.384057971014492,26.187600644122384,5.052334943639291,5.676328502415459,16.834406870638755,2.563070316693505,7.521470746108427,0.0939345142243693
204,16.867954911433173,19.37734836285561,26.113794954374665,5.052334943639291,5.676328502415459,16.7337627482555,2.563070316693505,7.521470746108427,0.0939345142243693
205,17.156468062265162,19.33709071390231,25.738056897477186,5.038915727321524,5.676328502415459,16.700214707461082,2.85829307568438,7.4006977992485234,0.0939345142243693
206,17.411433172302736,19.26328502415459,25.650831991411703,5.01207729468599,5.676328502415459,16.63311862587225,2.85829307568438,7.4006977992485234,0.0939345142243693
207,17.518786902844873,19.216317767042405,25.63070316693505,5.01207729468599,5.662909286097692,16.63311862587225,2.85829307568438,7.37385936661299,0.0939345142243693
208,17.69994632313473,19.155931293612454,25.59044551798175,5.01207729468599,5.656199677938808,16.59286097691895,2.85829307568438,7.340311325818572,0.0939345142243693
209,18.00858829844337,19.14922168545357,25.483091787439612,5.005367686527107,5.609232420826624,16.586151368760063,2.85829307568438,7.206119162640902,0.0939345142243693
210,18.149490069779926,19.068706387546968,25.483091787439612,5.005367686527107,5.5756843800322065,16.586151368760063,2.85829307568438,7.179280730005368,0.0939345142243693
211,18.337359098228664,18.793612453032743,25.45625335480408,5.166398282340311,5.662909286097692,16.586151368760063,2.7509393451422435,7.152442297369833,0.0939345142243693
212,18.833870101986044,18.773483628556093,25.06038647342995,5.166398282340311,5.662909286097692,16.53918411164788,2.7509393451422435,7.118894256575416,0.0939345142243693
213,19.0552871712292,18.679549114331724,24.92619431025228,5.092592592592593,5.662909286097692,16.485507246376812,2.885131508319914,7.118894256575416,0.0939345142243693
214,19.256575415995705,18.65271068169619,24.88593666129898,4.891304347826087,5.8239398819108965,16.391572732152444,2.885131508319914,7.118894256575416,0.0939345142243693
215,19.243156199677937,18.223295759527645,24.88593666129898,4.864465915190553,5.770263016639828,16.391572732152444,2.85829307568438,7.669082125603865,0.0939345142243693
216,19.81347289318304,18.183038110574344,24.724906065485776,4.864465915190553,5.703166935050993,16.324476650563607,2.85829307568438,7.434245840042942,0.0939345142243693
217,19.880568974771872,18.16290928609769,24.724906065485776,4.864465915190553,5.703166935050993,16.297638217928075,2.85829307568438,7.4141170155662905,0.0939345142243693
218,20.02818035426731,18.04213633923779,24.698067632850243,4.864465915190553,5.703166935050993,16.297638217928075,2.85829307568438,7.4141170155662905,0.0939345142243693
219,19.900697799248523,17.827428878153516,24.684648416532475,4.864465915190553,5.662909286097692,16.297638217928075,2.818035426731079,7.85024154589372,0.0939345142243693
220,20.061728395061728,17.438271604938272,24.65780998389694,4.757112184648417,5.595813204508857,16.29092860976919,2.818035426731079,8.28636607622115,0.0939345142243693
221,20.12211486849168,17.411433172302736,24.62426194310252,4.696725711218465,5.770263016639828,16.17686527106817,2.818035426731079,8.28636607622115,0.0939345142243693
222,20.135534084809446,17.3040794417606,24.550456253354803,5.146269457863661,5.542136339237788,16.109769189479334,2.818035426731079,8.299785292538916,0.0939345142243693
223,20.41062801932367,17.270531400966185,24.537037037037038,5.112721417069243,5.542136339237788,16.076221148684915,2.7777777777777777,8.179012345679013,0.0939345142243693
224,20.591787439613526,17.270531400966185,24.4699409554482,5.112721417069243,5.542136339237788,15.982286634460548,2.771068169618894,8.165593129361245,0.0939345142243693
225,21.121846484165324,17.062533548040793,24.396135265700483,5.045625335480408,5.394524959742351,15.942028985507246,2.8650026838432634,8.07836822329576,0.0939345142243693
226,21.390230810520666,17.062533548040793,24.241814278046164,4.978529253891573,5.381105743424584,15.915190552871712,2.85829307568438,8.07836822329576,0.0939345142243693
227,21.557971014492754,16.968599033816425,24.241814278046164,4.978529253891573,5.374396135265701,15.881642512077295,2.844873859366613,8.05823939881911,0.0939345142243693
228,21.578099838969404,16.968599033816425,24.241814278046164,4.978529253891573,5.374396135265701,15.861513687600644,2.844873859366613,8.05823939881911,0.0939345142243693
229,21.73913043478261,16.841116478797638,24.241814278046164,4.978529253891573,5.374396135265701,15.861513687600644,2.844873859366613,8.024691358024691,0.0939345142243693
230,21.953837895866883,16.841116478797638,24.214975845410628,4.9718196457326895,5.347557702630167,15.707192699946322,2.844873859366613,8.024691358024691,0.0939345142243693
231,22.208803005904453,16.814278046162105,24.053945249597422,4.938271604938271,5.3274288781535155,15.707192699946322,2.8381642512077296,8.017981749865807,0.0939345142243693
232,21.76596886741814,15.485775630703166,23.960010735373054,4.938271604938271,5.092592592592593,17.807300053676865,2.8381642512077296,8.017981749865807,0.0939345142243693
233,22.014224369296834,15.4723564143854,23.939881910896403,4.891304347826087,5.092592592592593,17.64626945786366,2.8381642512077296,8.011272141706923,0.0939345142243693
234,19.880568974771872,12.144390767579173,34.52093397745572,3.3816425120772946,3.1468062265163717,16.680085882984432,3.052871712292002,7.098765432098766,0.0939345142243693
235,19.98792270531401,12.144390767579173,34.42699946323135,3.3816425120772946,3.1468062265163717,16.666666666666668,3.052871712292002,7.098765432098766,0.0939345142243693
236,20.26972624798712,12.010198604401502,34.306226516371446,3.3816425120772946,3.1870638754696725,16.646537842190018,3.0059044551798175,7.098765432098766,0.0939345142243693
237,20.363660762211488,11.990069779924852,34.245840042941495,3.3816425120772946,3.1870638754696725,16.63311862587225,3.0059044551798175,7.098765432098766,0.0939345142243693
238,20.44417606011809,11.79549114331723,34.13177670424047,3.3816425120772946,2.9924852388620504,17.143048845947398,3.0059044551798175,7.011540526033279,0.0939345142243693
239,20.531400966183575,11.79549114331723,34.084809447128286,3.3682232957595275,2.9924852388620504,17.143048845947398,3.0059044551798175,6.984702093397746,0.0939345142243693
240,20.69243156199678,11.782071926999464,34.01771336553945,3.3682232957595275,2.9924852388620504,17.143048845947398,3.0059044551798175,6.904186795491143,0.0939345142243693
241,20.202630166398283,11.580783682232958,31.50161030595813,3.079710144927536,2.9924852388620504,20.853462157809982,3.0059044551798175,6.689479334406871,0.0939345142243693
242,20.39049919484702,11.560654857756306,31.4747718733226,3.079710144927536,2.9924852388620504,20.75281803542673,3.0059044551798175,6.649221685453569,0.0939345142243693
243,20.28985507246377,11.52710681696189,32.729468599033815,2.7844873859366612,2.9924852388620504,19.96779388083736,2.965646806226516,6.649221685453569,0.0939345142243693
244,20.108695652173914,11.057434245840042,31.870638754696724,2.7844873859366612,2.918679549114332,21.79951690821256,2.918679549114332,6.447933440687064,0.0939345142243693
245,20.175791733762747,11.057434245840042,31.64922168545357,2.7844873859366612,3.0730005367686526,21.79951690821256,2.918679549114332,6.447933440687064,0.0939345142243693
246,20.42404723564144,11.037305421363392,31.528448738593667,2.7844873859366612,3.066290928609769,21.69887278582931,2.918679549114332,6.447933440687064,0.0939345142243693
247,20.43075684380032,10.95679012345679,31.105743424584006,2.7844873859366612,3.6366076221148687,21.511003757380568,3.052871712292002,6.427804616210413,0.0939345142243693
248,20.611916264090176,10.93666129898014,30.9849704777241,2.7844873859366612,3.6366076221148687,21.470746108427267,3.052871712292002,6.427804616210413,0.0939345142243693
249,21.027911969940956,10.916532474503489,30.88432635534085,2.7844873859366612,3.6097691894793345,21.316425120772948,3.0394524959742353,6.327160493827161,0.0939345142243693
250,21.155394524959743,10.903113258185721,30.857487922705314,2.7509393451422435,3.6097691894793345,21.289586688137412,3.012614063338701,6.327160493827161,0.0939345142243693
251,21.390230810520666,10.903113258185721,30.683038110574344,2.690552871712292,3.6097691894793345,21.289586688137412,3.012614063338701,6.327160493827161,0.0939345142243693
252,21.464036500268385,10.869565217391305,30.67632850241546,2.690552871712292,3.6097691894793345,21.256038647342994,3.012614063338701,6.327160493827161,0.0939345142243693
253,21.564680622651636,10.869565217391305,30.636070853462158,2.6838432635534084,3.5762211486849167,21.141975308641975,3.012614063338701,6.421095008051529,0.0939345142243693
254,21.906870638754697,10.762211486849168,30.515297906602253,2.6435856146001075,3.5762211486849167,21.108427267847556,3.012614063338701,6.380837359098229,0.0939345142243693
255,21.940418679549115,10.762211486849168,30.48174986580784,2.6435856146001075,3.5762211486849167,21.108427267847556,3.012614063338701,6.380837359098229,0.0939345142243693
256,22.19538378958669,10.715244229736983,30.327428878153516,2.6301663982823404,3.5762211486849167,21.068169618894256,3.012614063338701,6.380837359098229,0.0939345142243693
257,22.23564143853999,10.715244229736983,30.193236714975846,2.6301663982823404,3.5762211486849167,21.054750402576488,3.1199677938808374,6.380837359098229,0.0939345142243693
258,22.356414385399894,10.641438539989265,30.16639828234031,2.6301663982823404,3.5762211486849167,21.034621578099838,3.1199677938808374,6.380837359098229,0.0939345142243693
259,22.832796564680624,10.59447128287708,30.119431025228128,2.6301663982823404,3.569511540526033,20.658883521202362,3.1199677938808374,6.380837359098229,0.0939345142243693
260,22.779119699409556,10.57434245840043,29.70343531937735,3.207192699946323,3.770799785292539,20.625335480407944,2.871712292002147,6.374127750939345,0.0939345142243693
261,23.03408480944713,10.57434245840043,29.602791196994094,3.180354267310789,3.750670960815888,20.558239398819108,2.871712292002147,6.333870101986044,0.0939345142243693
262,23.26892109500805,10.433440687063875,29.562533548040793,3.180354267310789,3.730542136339238,20.558239398819108,2.871712292002147,6.300322061191626,0.0939345142243693
263,23.423242082662373,10.433440687063875,29.448470209339774,3.1602254428341383,3.730542136339238,20.538110574342458,2.871712292002147,6.300322061191626,0.0939345142243693
264,23.577563070316693,10.373054213633925,29.367954911433173,3.1602254428341383,3.844605475040258,20.43075684380032,2.8515834675254963,6.300322061191626,0.0939345142243693
265,23.678207192699947,10.373054213633925,29.260601180891037,3.1602254428341383,3.8378958668813743,20.30998389694042,2.8515834675254963,6.4345142243692965,0.0939345142243693
