,45,50,51,52,55,54,53,56
0,94.75979602791197,4.240472356414386,0.9997316156736447,,,,,
1,69.29012345679013,29.71014492753623,0.9997316156736447,,,,,
2,68.34406870638755,30.656199677938808,0.9997316156736447,,,,,
3,68.34406870638755,30.656199677938808,0.9997316156736447,,,,,
4,68.54535695115405,30.454911433172303,0.9997316156736447,,,,,
5,65.92860976918948,33.15888352120236,0.9125067096081588,,,,,
6,57.54159957058508,41.54589371980676,0.9125067096081588,,,,,
7,57.59527643585615,41.4922168545357,0.9125067096081588,,,,,
8,57.10547504025765,39.06333870101986,0.9125067096081588,2.918679549114332,,,,
9,57.17257112184648,39.02308105206656,0.9125067096081588,2.8918411164787976,,,,
10,57.23966720343532,37.72141706924316,0.9125067096081588,2.8918411164787976,1.2345679012345678,,,
11,57.03166935050993,38.00322061191626,0.9125067096081588,2.818035426731079,1.2345679012345678,,,
12,57.038378958668815,37.996511003757384,0.9125067096081588,2.818035426731079,1.2345679012345678,,,
13,57.29334406870639,37.915995705850776,0.9125067096081588,2.818035426731079,1.0601180891035964,,,
14,55.2536231884058,37.31884057971015,3.33467525496511,2.818035426731079,1.2748255501878691,,,
15,55.49516908212561,35.96349973161568,3.33467525496511,2.818035426731079,1.2748255501878691,1.1137949543746646,,
16,54.34782608695652,37.553676865271065,2.8918411164787976,2.818035426731079,1.2748255501878691,1.1137949543746646,,
17,54.36795491143317,37.553676865271065,2.8918411164787976,2.818035426731079,1.2748255501878691,1.093666129898014,,
18,50.84541062801932,38.425925925925924,2.8784219001610305,2.818035426731079,1.2748255501878691,3.629898013955985,0.1274825550187869,
19,49.033816425120776,40.61325818572195,2.6301663982823404,2.818035426731079,1.2748255501878691,3.502415458937198,0.1274825550187869,
20,49.06736446591519,40.57971014492754,2.6301663982823404,2.818035426731079,1.2748255501878691,3.502415458937198,0.1274825550187869,
21,49.053945249597426,40.4320987654321,2.6301663982823404,2.818035426731079,1.2748255501878691,3.6634460547504024,0.1274825550187869,
22,48.8996242619431,40.62667740203972,2.6301663982823404,2.818035426731079,1.2546967257112185,3.643317230273752,0.1274825550187869,
23,48.44337090713902,38.98282340311326,2.61003757380569,3.9720880300590444,2.314814814814815,3.549382716049383,0.1274825550187869,
24,48.718464841653244,38.828502415458935,2.5966183574879227,3.9720880300590444,2.2074610842726785,3.549382716049383,0.1274825550187869,
25,49.080783682232955,38.56682769726248,2.563070316693505,3.9720880300590444,2.1403650026838434,3.549382716049383,0.1274825550187869,
26,48.57085346215781,39.110305958132045,2.563070316693505,3.938539989264627,2.1403650026838434,3.549382716049383,0.1274825550187869,
27,48.00053676865271,39.24449812130972,2.563070316693505,3.938539989264627,2.1403650026838434,3.9855072463768115,0.1274825550187869,
28,48.047504025764894,39.22436929683307,2.563070316693505,3.911701556629093,2.1403650026838434,3.9855072463768115,0.1274825550187869,
29,46.725711218464845,40.54616210413312,2.563070316693505,3.911701556629093,2.1403650026838434,3.9855072463768115,0.1274825550187869,
30,39.150563607085346,50.395866881374126,0.43612453032742887,3.898282340311326,2.1403650026838434,3.978797638217928,,
31,39.31159420289855,49.52361782071927,0.43612453032742887,3.898282340311326,2.281266774020397,3.978797638217928,0.5703166935050993,
32,39.38539989264627,48.61782071926999,0.43612453032742887,3.8714439076757916,3.140096618357488,3.978797638217928,0.5703166935050993,
33,39.392109500805155,44.76650563607085,0.43612453032742887,7.729468599033816,3.126677402039721,3.978797638217928,0.5703166935050993,
34,39.42565754159957,44.76650563607085,0.4025764895330113,7.729468599033816,3.126677402039721,3.978797638217928,0.5703166935050993,
35,39.53972088030059,44.538378958668815,0.4025764895330113,7.595276435856146,3.126677402039721,4.2270531400966185,0.5703166935050993,
36,38.909017713365536,43.08910359634997,0.4025764895330113,9.829575952764358,3.126677402039721,4.072732152442297,0.5703166935050993,
37,38.99624261943102,43.001878690284485,0.4025764895330113,9.829575952764358,3.126677402039721,4.072732152442297,0.5703166935050993,
38,38.5601180891036,43.666129898013956,0.4025764895330113,9.829575952764358,2.965646806226516,4.072732152442297,0.5032206119162641,
39,38.5601180891036,43.41787439613527,0.4025764895330113,9.829575952764358,3.2139023081052067,4.072732152442297,0.5032206119162641,
40,38.6406333870102,43.33735909822866,0.4025764895330113,9.829575952764358,3.2139023081052067,4.072732152442297,0.5032206119162641,
41,37.40606548577563,44.598765432098766,0.4025764895330113,9.802737520128824,3.2139023081052067,4.072732152442297,0.5032206119162641,
42,37.453032742887814,44.56521739130435,0.4025764895330113,9.802737520128824,3.2004830917874396,4.072732152442297,0.5032206119162641,
43,31.568706387546968,46.01449275362319,5.293880837359098,9.346484165324744,3.2004830917874396,4.072732152442297,0.5032206119162641,
44,31.749865807836823,45.75952764358561,5.293880837359098,9.286097691894794,3.33467525496511,4.072732152442297,0.5032206119162641,
45,26.482823403113258,51.14734299516908,5.287171229200215,9.272678475577026,3.2340311325818574,4.072732152442297,0.5032206119162641,
46,26.69753086419753,50.959473966720346,5.287171229200215,9.272678475577026,3.2206119162640903,4.072732152442297,0.48980139559849706,
47,26.918947933440688,50.77160493827161,5.253623188405797,9.272678475577026,3.2206119162640903,4.072732152442297,0.48980139559849706,
48,27.066559312936125,50.395866881374126,5.226784755770263,9.118357487922705,3.629898013955985,4.072732152442297,0.48980139559849706,
49,27.49597423510467,50.22812667740204,5.226784755770263,9.104938271604938,3.535963499731616,3.9184111647879765,0.48980139559849706,
50,27.737520128824478,50.026838432635536,5.186527106816962,9.104938271604938,3.535963499731616,3.9184111647879765,0.48980139559849706,
51,27.79790660225443,47.68518518518518,5.173107890499195,8.816425120772946,2.9790660225442833,5.897745571658615,1.6505636070853462,
52,27.79790660225443,47.68518518518518,5.173107890499195,8.816425120772946,2.9790660225442833,5.897745571658615,1.6505636070853462,
53,27.24771873322598,45.60520665593129,8.038110574342458,8.729200214707461,2.831454643048846,5.897745571658615,1.6505636070853462,
54,22.34970477724101,52.91867954911433,7.716049382716049,6.005099302200751,2.831454643048846,6.528448738593666,1.6505636070853462,
55,22.6784755770263,52.69055287171229,7.689210950080516,5.984970477724101,2.831454643048846,6.528448738593666,1.596886741814278,
56,21.618357487922705,53.81105743424584,7.628824476650563,5.984970477724101,2.831454643048846,6.528448738593666,1.596886741814278,
57,21.67874396135266,53.743961352657,7.353730542136339,5.9514224369296835,2.831454643048846,6.528448738593666,1.9122383252818036,
58,21.497584541062803,51.42914653784219,9.849704777241008,5.9514224369296835,2.831454643048846,6.528448738593666,1.9122383252818036,
59,21.537842190016104,51.388888888888886,9.849704777241008,5.9514224369296835,2.831454643048846,6.528448738593666,1.9122383252818036,
60,19.753086419753085,52.200751476113794,9.849704777241008,5.46833064949007,2.831454643048846,7.98443370907139,1.9122383252818036,
61,19.176060118089104,50.77831454643049,9.849704777241008,7.716049382716049,2.428878153515835,8.165593129361245,1.8853998926462694,
62,19.692699946323135,50.60386473429951,9.749060654857756,7.635534084809447,2.428878153515835,8.004562533548041,1.8853998926462694,
63,19.37734836285561,49.261943102522814,9.73564143853999,7.246376811594203,2.428878153515835,6.649221685453569,5.300590445517981,
64,19.47128287707998,49.22839506172839,9.73564143853999,7.212828770799785,2.428878153515835,6.649221685453569,5.273752012882448,
65,19.753086419753085,48.98684916800859,9.708803005904455,7.212828770799785,2.428878153515835,6.649221685453569,5.260332796564681,
66,19.028448738593667,46.63848631239936,9.406870638754697,7.763016639828234,5.253623188405797,6.649221685453569,5.260332796564681,
67,19.048577563070317,46.61835748792271,9.406870638754697,7.763016639828234,5.253623188405797,6.649221685453569,5.260332796564681,
68,19.082125603864736,44.95437466451959,9.232420826623725,8.259527643585615,5.092592592592593,6.031937734836285,7.347020933977456,
69,18.95464304884595,44.67928073000537,9.782608695652174,8.259527643585615,5.092592592592593,6.005099302200751,7.226247987117552,
70,18.47826086956522,44.98792270531401,9.621578099838969,8.702361782071927,4.978529253891573,6.005099302200751,7.226247987117552,
71,18.47826086956522,44.98792270531401,9.621578099838969,8.702361782071927,4.978529253891573,6.005099302200751,7.226247987117552,
72,18.632581857219538,44.847020933977454,9.608158883521202,8.702361782071927,4.978529253891573,6.005099302200751,7.226247987117552,
73,18.719806763285025,44.81347289318304,9.574610842726784,8.695652173913043,4.978529253891573,5.998389694041868,7.219538378958669,
74,19.088835212023618,44.65244229736983,9.54777241009125,8.695652173913043,4.978529253891573,5.964841653247451,7.071926999463232,
75,18.659420289855074,43.73993558776167,9.125067096081589,11.949812130971551,4.032474503488996,5.964841653247451,6.528448738593666,
76,18.726516371443907,43.572195383789584,9.118357487922705,12.607353730542137,3.965378421900161,5.964841653247451,6.045356951154052,
77,18.471551261406333,43.23000536768653,9.789318303811058,12.546967257112184,3.9519592055823938,5.964841653247451,6.045356951154052,
78,18.290391841116477,41.88137412775094,17.60601180891036,8.588298443370908,3.227321524422974,5.897745571658615,4.508856682769726,
79,18.699677938808374,41.438539989264626,17.498658078368223,8.57487922705314,3.3816425120772946,5.897745571658615,4.508856682769726,
80,18.760064412238325,41.438539989264626,17.45169082125604,8.561460010735374,3.3816425120772946,5.897745571658615,4.508856682769726,
81,18.55877616747182,40.60654857756307,17.06924315619968,6.629092860976919,3.3816425120772946,5.803811057434245,7.950885668276973,
82,19.0150295222759,40.344873859366615,16.941760601180892,6.629092860976919,3.44873859366613,5.750134192163178,7.87037037037037,
83,18.780193236714975,40.60654857756307,16.941760601180892,6.629092860976919,3.44873859366613,5.723295759527644,7.87037037037037,
84,18.9345142243693,38.66747181964573,16.72705314009662,8.695652173913043,3.435319377348363,5.683038110574342,7.856951154052603,
85,18.947933440687063,37.875738056897475,16.72705314009662,8.695652173913043,4.361245303274289,5.683038110574342,7.709339774557166,
86,19.155931293612454,37.76167471819646,16.72705314009662,8.695652173913043,4.361245303274289,5.60252281266774,7.695920558239399,
87,14.962426194310252,57.588566827697264,8.930488459473967,3.9586688137412773,3.9989264626945786,3.7372517444981215,6.823671497584541,
88,16.009125067096083,57.118894256575416,8.910359634997317,3.9049919484702094,3.9989264626945786,3.7372517444981215,6.320450885668277,
89,16.465378421900162,56.50831991411702,8.910359634997317,3.9049919484702094,4.1532474503489,3.7372517444981215,6.320450885668277,
90,16.0829307568438,55.642780461621044,8.890230810520666,5.481749865807837,4.1532474503489,3.455448201825013,6.293612453032743,
91,16.404991948470208,55.42807300053677,8.890230810520666,5.4616210413311865,4.1532474503489,3.44873859366613,6.213097155126141,
92,16.210413311862588,54.01234567901235,11.084272678475577,5.4616210413311865,4.1532474503489,2.8650026838432634,6.213097155126141,
93,16.304347826086957,53.187063875469676,11.084272678475577,5.4616210413311865,4.884594739667204,2.8650026838432634,6.213097155126141,
94,16.485507246376812,53.03274288781535,11.084272678475577,5.4616210413311865,4.884594739667204,2.8650026838432634,6.1862587224906065,
95,16.6935050993022,52.75093934514224,11.064143853998926,5.4616210413311865,4.978529253891573,2.8650026838432634,6.1862587224906065,
96,16.780730005367687,52.72410091250671,11.05072463768116,5.4616210413311865,4.951690821256038,2.8650026838432634,6.166129898013956,
97,16.888083735909824,52.40874932903918,10.95679012345679,5.4616210413311865,5.253623188405797,2.8650026838432634,6.166129898013956,
98,17.03569511540526,52.17391304347826,10.929951690821255,5.5756843800322065,5.253623188405797,2.8650026838432634,6.166129898013956,
99,17.223564143854,52.10681696188943,10.84272678475577,5.562265163714439,5.246913580246914,2.8515834675254963,6.166129898013956,
100,17.56575415995706,51.66398282340311,10.84272678475577,5.555555555555555,5.246913580246914,2.885131508319914,6.239935587761675,
101,17.867686527106816,50.925925925925924,10.84272678475577,5.535426731078905,5.770263016639828,2.885131508319914,6.172839506172839,
102,18.109232420826622,50.89237788513151,10.681696188942565,5.488459473966721,5.770263016639828,2.885131508319914,6.172839506172839,
103,18.370907139023082,50.81186258722491,10.681696188942565,5.475040257648954,5.770263016639828,2.885131508319914,6.005099302200751,
104,17.67981749865808,50.17444981213097,12.157809983896941,5.421363392377885,5.770263016639828,2.885131508319914,5.911164787976382,
105,18.04884594739667,50.02012882447665,12.157809983896941,5.421363392377885,5.743424584004294,2.7844873859366612,5.8239398819108965,
106,18.209876543209877,49.85909822866345,12.157809983896941,5.421363392377885,5.743424584004294,2.7844873859366612,5.8239398819108965,
107,16.13660762211487,45.1556629092861,17.66639828234031,7.132313472893183,5.595813204508857,2.757648953301127,5.555555555555555,
108,16.264090177133657,44.920826623725176,17.652979066022546,7.132313472893183,5.71658615136876,2.757648953301127,5.555555555555555,
109,16.337895866881375,44.867149758454104,17.639559849704778,7.132313472893183,5.709876543209877,2.757648953301127,5.555555555555555,
110,15.499194847020934,33.25952764358561,30.3743961352657,6.9310252281266775,5.146269457863661,2.7241009125067097,6.0654857756307035,
111,15.861513687600644,32.98443370907139,29.998658078368223,7.219538378958669,5.146269457863661,2.7241009125067097,6.0654857756307035,
112,14.781266774020397,30.870907139023082,33.3870101986044,7.152442297369833,5.146269457863661,2.5966183574879227,6.0654857756307035,
113,14.915458937198068,30.817230273752013,33.333333333333336,7.152442297369833,5.119431025228127,2.5966183574879227,6.0654857756307035,
114,14.99597423510467,30.776972624798713,33.3064949006978,7.152442297369833,5.119431025228127,2.5966183574879227,6.052066559312936,
115,15.391841116478798,30.575684380032207,33.2259796027912,7.105475040257649,5.072463768115942,2.5966183574879227,6.031937734836285,
116,15.599838969404187,30.414653784219002,33.2259796027912,7.105475040257649,5.072463768115942,2.5496511003757383,6.031937734836285,
117,15.767579173376275,30.414653784219002,33.21256038647343,6.971282877079979,5.052334943639291,2.5496511003757383,6.031937734836285,
118,15.861513687600644,30.340848094471284,33.19243156199678,6.971282877079979,5.052334943639291,2.5496511003757383,6.031937734836285,
119,16.009125067096083,30.139559849704778,33.09849704777241,6.971282877079979,5.199946323134729,2.5496511003757383,6.031937734836285,
120,16.17686527106817,30.12614063338701,33.01798174986581,6.971282877079979,5.199946323134729,2.4892646269457863,6.018518518518518,
121,16.21712292002147,30.099302200751477,33.01798174986581,6.957863660762212,5.199946323134729,2.4892646269457863,6.018518518518518,
122,16.364734299516908,29.99194847020934,32.9777241009125,6.957863660762212,5.199946323134729,2.4892646269457863,6.018518518518518,
123,16.646537842190018,29.830917874396135,32.2463768115942,6.957863660762212,5.199946323134729,2.4892646269457863,6.018518518518518,0.6105743424584005
124,16.774020397208805,29.421631776704242,31.99141170155663,7.232957595276436,5.3274288781535155,2.4892646269457863,6.018518518518518,0.7447665056360708
125,17.176596886741816,29.21363392377885,32.21953837895867,7.0450885668276975,5.132850241545894,2.4892646269457863,5.978260869565218,0.7447665056360708
126,17.270531400966185,29.180085882984432,32.2061191626409,7.0450885668276975,5.119431025228127,2.4892646269457863,5.9447128287707995,0.7447665056360708
127,17.62614063338701,29.052603327965645,31.97799248523886,7.0450885668276975,5.119431025228127,2.428878153515835,5.891035963499732,0.8588298443370908
128,17.72007514761138,29.052603327965645,31.93102522812668,7.0450885668276975,5.119431025228127,2.4020397208803006,5.870907139023081,0.8588298443370908
129,17.793880837359097,29.052603327965645,31.890767579173378,7.0450885668276975,5.0993022007514766,2.4020397208803006,5.857487922705314,0.8588298443370908
130,18.250134192163177,28.918411164787976,31.66935050993022,6.944444444444445,5.0993022007514766,2.4020397208803006,5.857487922705314,0.8588298443370908
131,18.323939881910896,28.911701556629094,31.655931293612454,6.944444444444445,5.0993022007514766,2.4020397208803006,5.803811057434245,0.8588298443370908
132,18.46484165324745,28.884863123993558,31.561996779388085,6.944444444444445,5.0993022007514766,2.38191089640365,5.803811057434245,0.8588298443370908
133,17.793880837359097,27.831454643048847,34.6081588835212,6.099033816425121,5.0858829844337095,1.9189479334406871,5.803811057434245,0.8588298443370908
134,17.934782608695652,26.160762211486848,34.38674181427805,6.025228126677402,6.910896403650026,1.9189479334406871,5.803811057434245,0.8588298443370908
135,18.270263016639827,26.006441223832528,34.272678475577024,5.984970477724101,6.884057971014493,1.9189479334406871,5.803811057434245,0.8588298443370908
136,18.55877616747182,25.771604938271604,34.21900161030596,5.964841653247451,6.863929146537842,1.7042404723564144,6.0587761674718195,0.8588298443370908
137,18.65271068169619,25.711218464841654,34.21900161030596,5.958132045088567,6.863929146537842,1.7042404723564144,6.031937734836285,0.8588298443370908
138,18.605743424584006,25.603864734299517,31.97799248523886,5.931293612453032,9.29951690821256,1.7042404723564144,6.018518518518518,0.8588298443370908
139,18.5654857756307,25.603864734299517,29.797369833601717,8.192431561996779,9.286097691894794,1.7042404723564144,5.991680085882985,0.8588298443370908
140,17.693236714975846,25.44283413848631,31.11916264090177,8.024691358024691,9.16532474503489,1.7042404723564144,5.991680085882985,0.8588298443370908
141,17.881105743424584,25.409286097691894,30.92458400429415,8.085077831454644,9.16532474503489,1.6975308641975309,5.991680085882985,0.8454106280193237
142,18.297101449275363,25.0805152979066,30.891035963499732,8.085077831454644,9.138486312399356,1.6975308641975309,5.964841653247451,0.8454106280193237
143,18.377616747181964,25.046967257112186,30.844068706387546,8.085077831454644,9.138486312399356,1.6975308641975309,5.964841653247451,0.8454106280193237
144,18.33064949006978,23.637949543746647,30.817230273752013,9.588030059044552,9.118357487922705,1.6975308641975309,5.964841653247451,0.8454106280193237
145,18.726516371443907,23.53059581320451,30.649490069779926,9.588030059044552,9.111647879763822,1.6975308641975309,5.850778314546431,0.8454106280193237
146,18.800322061191626,23.49033816425121,30.629361245303276,9.588030059044552,9.098228663446054,1.6975308641975309,5.850778314546431,0.8454106280193237
147,18.914385399892645,23.45679012345679,30.56226516371444,9.588030059044552,9.084809447128288,1.6975308641975309,5.850778314546431,0.8454106280193237
148,19.04186795491143,23.45679012345679,30.434782608695652,9.588030059044552,9.084809447128288,1.6975308641975309,5.850778314546431,0.8454106280193237
149,19.32367149758454,23.45679012345679,30.213365539452496,9.534353193773484,9.078099838969404,1.6975308641975309,5.850778314546431,0.8454106280193237
150,19.632313472893184,23.43666129898014,30.02549651100376,9.534353193773484,8.977455716586151,1.6975308641975309,5.850778314546431,0.8454106280193237
151,19.79334406870639,23.409822866344605,30.018786902844873,9.440418679549115,8.957326892109501,1.6908212560386473,5.844068706387547,0.8454106280193237
152,19.692699946323135,23.53059581320451,30.018786902844873,9.440418679549115,8.957326892109501,1.6908212560386473,5.8239398819108965,0.8454106280193237
153,19.847020933977454,23.45679012345679,29.294149221685455,9.440418679549115,8.709071390230811,1.6908212560386473,6.716317767042405,0.8454106280193237
154,19.37734836285561,22.41009125067096,29.240472356414386,11.949812130971551,8.601717659688674,1.2010198604401503,6.374127750939345,0.8454106280193237
155,19.444444444444443,22.363123993558776,29.09286097691895,11.949812130971551,8.601717659688674,1.2010198604401503,6.374127750939345,0.9728931830381106
156,19.773215244229736,22.249060654857757,28.878153515834676,11.949812130971551,8.601717659688674,1.2010198604401503,6.374127750939345,0.9728931830381106
157,19.826892109500804,22.249060654857757,28.878153515834676,11.949812130971551,8.601717659688674,1.1473429951690821,6.374127750939345,0.9728931830381106
158,20.162372517444982,22.22222222222222,28.710413311862588,11.922973698336017,8.601717659688674,1.1473429951690821,6.374127750939345,0.8588298443370908
159,20.356951154052602,22.128287707997853,28.64331723027375,11.896135265700483,8.601717659688674,1.1473429951690821,6.367418142780462,0.8588298443370908
160,20.52469135802469,21.980676328502415,28.535963499731615,11.889425657541599,8.695652173913043,1.1473429951690821,6.367418142780462,0.8588298443370908
161,20.52469135802469,21.91358024691358,27.865002683843265,11.681427804616211,8.695652173913043,2.2208803005904456,6.239935587761675,0.8588298443370908
162,20.873590982286636,21.846484165324746,27.82474503488996,11.600912506709609,8.655394524959743,2.2208803005904456,6.119162640901771,0.8588298443370908
163,20.9272678475577,21.66532474503489,27.811325818572197,11.574074074074074,8.655394524959743,2.3886205045625335,6.119162640901771,0.8588298443370908
164,21.07487922705314,21.66532474503489,27.66371443907676,11.574074074074074,8.655394524959743,2.3886205045625335,6.119162640901771,0.8588298443370908
165,21.24932903918411,21.604938271604937,27.603327965646805,11.574074074074074,8.655394524959743,2.3886205045625335,6.0654857756307035,0.8588298443370908
166,21.309715512614062,21.564680622651636,27.603327965646805,11.574074074074074,8.648684916800859,2.3886205045625335,6.052066559312936,0.8588298443370908
167,21.4573268921095,21.443907675791735,27.603327965646805,11.54723564143854,8.648684916800859,2.3886205045625335,6.052066559312936,0.8588298443370908
168,21.712292002147073,21.443907675791735,27.569779924852387,11.419753086419753,8.648684916800859,2.314814814814815,6.031937734836285,0.8588298443370908
169,21.85990338164251,21.43719806763285,27.549651100375737,11.33923778851315,8.621846484165324,2.314814814814815,6.018518518518518,0.8588298443370908
170,22.228931830381107,21.202361782071925,27.529522275899087,11.312399355877616,8.568169618894256,2.314814814814815,6.018518518518518,0.8252818035426731
171,22.52415458937198,21.07487922705314,27.13365539452496,11.131239935587761,8.548040794417606,2.4691358024691357,6.018518518518518,1.1003757380568975
172,22.69189479334407,21.048040794417606,27.012882447665056,11.11111111111111,8.548040794417606,2.4691358024691357,6.018518518518518,1.1003757380568975
173,22.899892646269457,21.034621578099838,26.96591519055287,10.983628556092324,8.548040794417606,2.4490069779924855,6.018518518518518,1.1003757380568975
174,22.940150295222757,21.007783145464305,26.96591519055287,10.970209339774557,8.548040794417606,2.4490069779924855,6.018518518518518,1.1003757380568975
175,23.26892109500805,20.90042941492217,26.92565754159957,10.836017176596886,8.541331186258722,2.4490069779924855,5.978260869565218,1.1003757380568975
176,23.51046698872786,20.8467525496511,26.85185185185185,10.836017176596886,8.541331186258722,2.3349436392914655,5.978260869565218,1.1003757380568975
177,23.59098228663446,20.699141170155663,26.838432635534083,10.836017176596886,8.621846484165324,2.3349436392914655,5.978260869565218,1.1003757380568975
178,23.812399355877616,20.665593129361245,26.80488459473967,10.721953837895867,8.581588835212024,2.3349436392914655,5.978260869565218,1.1003757380568975
179,23.97342995169082,20.551529790660226,26.77133655394525,10.721953837895867,8.581588835212024,2.3349436392914655,5.964841653247451,1.1003757380568975
180,24.154589371980677,20.551529790660226,26.724369296833064,10.621309715512615,8.561460010735374,2.3349436392914655,5.964841653247451,1.0869565217391304
181,24.255233494363928,20.551529790660226,26.630434782608695,10.621309715512615,8.55475040257649,2.3349436392914655,5.964841653247451,1.0869565217391304
182,24.55716586151369,20.44417606011809,26.630434782608695,10.621309715512615,8.501073537305421,2.2208803005904456,5.938003220611916,1.0869565217391304
183,24.671229200214707,20.397208803005906,26.610305958132045,10.621309715512615,8.480944712828771,2.2208803005904456,5.911164787976382,1.0869565217391304
184,24.92619431025228,20.397208803005906,26.516371443907676,10.587761674718196,8.353462157809984,2.2208803005904456,5.911164787976382,1.0869565217391304
185,25.207997852925388,20.356951154052602,26.39559849704777,10.507246376811594,8.313204508856682,2.2208803005904456,5.911164787976382,1.0869565217391304
186,25.288513150831992,20.343531937734838,26.36876006441224,10.507246376811594,8.3064949006978,2.2074610842726785,5.891035963499732,1.0869565217391304
187,25.429414922168544,20.33011272141707,26.341921631776703,10.50053676865271,8.3064949006978,2.1806226516371443,5.8239398819108965,1.0869565217391304
188,25.603864734299517,20.29656468062265,26.341921631776703,10.453569511540525,8.3064949006978,2.1806226516371443,5.730005367686527,1.0869565217391304
189,25.77831454643049,20.29656468062265,26.20101986044015,10.420021470746109,8.3064949006978,2.1806226516371443,5.730005367686527,1.0869565217391304
190,25.79844337090714,20.29656468062265,26.20101986044015,10.420021470746109,8.3064949006978,2.1806226516371443,5.730005367686527,1.06682769726248
191,25.85212023617821,20.29656468062265,26.194310252281266,10.373054213633925,8.3064949006978,2.1806226516371443,5.730005367686527,1.06682769726248
192,26.01315083199141,20.29656468062265,26.127214170692433,10.373054213633925,8.28636607622115,2.1806226516371443,5.656199677938808,1.06682769726248
193,25.389157273215243,19.840311325818572,25.38244766505636,12.23161567364466,8.252818035426731,2.1806226516371443,5.656199677938808,1.06682769726248
194,25.462962962962962,19.746376811594203,25.335480407944175,12.560386473429952,7.997852925389157,2.1739130434782608,5.656199677938808,1.06682769726248
195,25.577026301663984,19.746376811594203,25.254965110037574,12.560386473429952,7.997852925389157,2.1739130434782608,5.622651637144391,1.06682769726248
196,25.717928073000536,19.672571121846484,25.248255501878692,12.365807836822329,7.971014492753623,2.100107353730542,5.857487922705314,1.06682769726248
197,25.865539452495973,19.652442297369834,25.187869028448738,12.298711755233494,7.971014492753623,2.100107353730542,5.857487922705314,1.06682769726248
198,26.060118089103597,19.652442297369834,25.087224906065487,12.238325281803542,7.971014492753623,2.100107353730542,5.8239398819108965,1.06682769726248
199,26.32850241545894,19.639023081052066,24.892646269457863,12.198067632850242,7.950885668276973,2.100107353730542,5.8239398819108965,1.06682769726248
200,26.37546967257112,19.6256038647343,24.859098228663445,12.198067632850242,7.950885668276973,2.100107353730542,5.8239398819108965,1.06682769726248
201,26.321792807300053,19.612184648416534,24.818840579710145,12.198067632850242,7.950885668276973,2.2074610842726785,5.8239398819108965,1.06682769726248
202,26.80488459473967,19.37734836285561,24.718196457326894,12.198067632850242,7.803274288781535,2.2074610842726785,5.8239398819108965,1.06682769726248
203,27.073268921095007,19.363929146537842,24.698067632850243,12.198067632850242,7.64224369296833,2.187332259796028,5.770263016639828,1.06682769726248
204,27.22758990874933,19.223027375201287,24.67793880837359,12.104133118625873,7.749597423510467,2.187332259796028,5.763553408480945,1.06682769726248
205,27.254428341384862,19.223027375201287,24.67793880837359,12.077294685990339,7.749597423510467,2.187332259796028,5.763553408480945,1.06682769726248
206,27.3215244229737,19.223027375201287,24.63768115942029,12.077294685990339,7.749597423510467,2.187332259796028,5.736714975845411,1.06682769726248
207,27.3215244229737,19.223027375201287,24.63768115942029,12.077294685990339,7.749597423510467,2.187332259796028,5.736714975845411,1.06682769726248
208,27.42216854535695,19.223027375201287,24.54374664519592,12.077294685990339,7.749597423510467,2.1806226516371443,5.736714975845411,1.06682769726248
209,27.58990874932904,19.223027375201287,26.174181427804616,10.38647342995169,7.749597423510467,2.0799785292538915,5.730005367686527,1.06682769726248
210,27.657004830917874,19.223027375201287,26.02657004830918,10.38647342995169,7.830112721417069,2.0799785292538915,5.730005367686527,1.06682769726248
211,27.68384326355341,19.209608158883523,26.01315083199141,10.38647342995169,7.830112721417069,2.0799785292538915,5.730005367686527,1.06682769726248
212,27.76435856146001,19.07541599570585,25.925925925925927,10.38647342995169,7.830112721417069,2.0799785292538915,5.870907139023081,1.06682769726248
213,27.85829307568438,19.07541599570585,25.831991411701555,10.38647342995169,7.830112721417069,2.0799785292538915,5.870907139023081,1.06682769726248
214,28.08641975308642,19.0552871712292,25.72463768115942,10.38647342995169,7.729468599033816,2.0799785292538915,5.870907139023081,1.06682769726248
215,28.207192699946322,19.02173913043478,25.717928073000536,10.38647342995169,7.695920558239399,2.0799785292538915,5.8239398819108965,1.06682769726248
216,28.37493290391841,18.96135265700483,25.6105743424584,10.38647342995169,7.695920558239399,2.0799785292538915,5.8239398819108965,1.06682769726248
217,28.81105743424584,18.840579710144926,25.469672571121848,10.379763821792807,7.695920558239399,1.9524959742351047,5.783682232957595,1.06682769726248
218,28.918411164787976,18.820450885668276,25.39586688137413,10.36634460547504,7.695920558239399,1.9524959742351047,5.783682232957595,1.06682769726248
219,28.918411164787976,18.753354804079443,25.32206119162641,10.359634997316157,7.843531937734836,1.9524959742351047,5.662909286097692,1.1876006441223832
220,29.005636070853463,18.739935587761675,25.275093934514224,10.34621578099839,7.843531937734836,1.9524959742351047,5.649490069779925,1.1876006441223832
221,29.052603327965645,18.719806763285025,25.248255501878692,10.34621578099839,7.843531937734836,1.9524959742351047,5.649490069779925,1.1876006441223832
222,29.240472356414386,18.69296833064949,25.10064412238325,10.34621578099839,7.843531937734836,1.9390767579173376,5.649490069779925,1.1876006441223832
223,29.1129898013956,18.63929146537842,25.09393451422437,11.627750939345143,6.776704240472356,1.9122383252818036,5.649490069779925,1.1876006441223832
224,29.388083735909824,18.625872249060656,25.09393451422437,11.392914653784219,6.776704240472356,1.9122383252818036,5.622651637144391,1.1876006441223832
225,29.636339237788512,18.53864734299517,25.0805152979066,11.258722490606548,6.763285024154589,1.9122383252818036,5.622651637144391,1.1876006441223832
226,29.958400429414922,18.377616747181964,25.026838432635532,11.198336017176597,6.716317767042405,1.9122383252818036,5.622651637144391,1.1876006441223832
227,29.891304347826086,18.377616747181964,25.026838432635532,10.641438539989265,6.689479334406871,2.563070316693505,5.622651637144391,1.1876006441223832
228,29.74369296833065,18.364197530864196,25.905797101449274,10.00402576489533,6.649221685453569,2.522812667740204,5.622651637144391,1.1876006441223832
229,29.274020397208805,18.310520665593128,27.18733225979603,9.628287707997853,6.649221685453569,2.15378421900161,5.609232420826624,1.1876006441223832
230,29.428341384863124,18.276972624798713,27.066559312936125,9.628287707997853,6.649221685453569,2.15378421900161,5.609232420826624,1.1876006441223832
231,28.683574879227052,16.55931293612453,26.89210950080515,12.587224906065487,6.360708534621578,2.033011272141707,5.548845947396672,1.3352120236178207
232,29.180085882984432,16.42512077294686,26.650563607085346,12.506709608158884,6.320450885668277,2.033011272141707,5.548845947396672,1.3352120236178207
233,29.294149221685455,16.42512077294686,26.650563607085346,12.5,6.320450885668277,2.033011272141707,5.508588298443371,1.2681159420289856
234,29.086151368760063,16.23725174449812,26.623725174449813,12.942834138486312,6.320450885668277,2.0128824476650564,5.508588298443371,1.2681159420289856
235,29.20692431561997,16.23725174449812,26.529790660225444,12.915995705850777,6.320450885668277,2.0128824476650564,5.508588298443371,1.2681159420289856
236,29.448470209339774,16.203703703703702,26.341921631776703,12.895866881374127,6.320450885668277,2.0128824476650564,5.508588298443371,1.2681159420289856
237,29.770531400966185,16.09634997316157,26.133923778851315,12.895866881374127,6.3137412775093935,2.0128824476650564,5.508588298443371,1.2681159420289856
238,29.66988727858293,16.089640365002683,25.623993558776167,12.895866881374127,6.3137412775093935,2.0128824476650564,5.508588298443371,1.8853998926462694
239,29.790660225442835,16.022544283413847,25.6105743424584,12.855609232420827,6.3137412775093935,2.0128824476650564,5.508588298443371,1.8853998926462694
240,29.891304347826086,15.98899624261943,25.597155126140635,12.822061191626409,6.219806763285024,2.0128824476650564,5.589103596349974,1.8786902844873858
241,30.01207729468599,15.935319377348362,25.44283413848631,12.781803542673108,6.219806763285024,2.1403650026838434,5.589103596349974,1.8786902844873858
242,30.12614063338701,15.72061191626409,25.335480407944175,12.714707461084272,6.427804616210413,2.073268921095008,5.723295759527644,1.8786902844873858
243,30.18652710681696,15.707192699946322,25.328770799785293,12.68786902844874,6.414385399892646,2.073268921095008,5.723295759527644,1.8786902844873858
244,30.367686527106816,15.693773483628556,25.261674718196456,12.593934514224369,6.407675791733762,2.073268921095008,5.723295759527644,1.8786902844873858
245,30.367686527106816,15.693773483628556,25.261674718196456,12.593934514224369,6.407675791733762,2.073268921095008,5.723295759527644,1.8786902844873858
246,30.42807300053677,15.693773483628556,25.201288244766506,12.593934514224369,6.407675791733762,2.073268921095008,5.723295759527644,1.8786902844873858
247,30.300590445517983,15.022812667740205,25.147611379495437,12.593934514224369,7.266505636070853,2.073268921095008,5.71658615136876,1.8786902844873858
248,30.71658615136876,15.022812667740205,24.986580783682232,12.546967257112184,7.253086419753086,2.073268921095008,5.562265163714439,1.8384326355340848
249,30.83064949006978,15.002683843263553,24.97987117552335,12.4597423510467,7.253086419753086,2.073268921095008,5.562265163714439,1.8384326355340848
250,30.95813204508857,15.002683843263553,24.892646269457863,12.4597423510467,7.253086419753086,2.073268921095008,5.562265163714439,1.7981749865807837
251,31.21309715512614,14.989264626945786,24.65780998389694,12.4597423510467,7.246376811594203,2.073268921095008,5.562265163714439,1.7981749865807837
252,31.340579710144926,14.969135802469136,24.55716586151369,12.406065485775631,7.333601717659689,2.073268921095008,5.522007514761138,1.7981749865807837
253,31.5955448201825,14.620236178207193,24.63768115942029,12.31213097155126,7.541599570585078,2.073268921095008,5.421363392377885,1.7981749865807837
254,31.642512077294686,14.579978529253891,24.63768115942029,12.31213097155126,7.541599570585078,2.073268921095008,5.421363392377885,1.7914653784219001
255,31.66935050993022,14.573268921095009,24.63768115942029,12.31213097155126,7.5348899624261945,2.073268921095008,5.407944176060118,1.7914653784219001
256,31.78341384863124,14.51959205582394,24.630971551261407,12.258454106280194,7.5348899624261945,2.073268921095008,5.407944176060118,1.7914653784219001
257,31.910896403650028,14.486044015029522,24.550456253354803,12.245034889962426,7.5348899624261945,2.073268921095008,5.407944176060118,1.7914653784219001
258,31.99141170155663,14.479334406870638,24.476650563607084,12.245034889962426,7.5348899624261945,2.073268921095008,5.407944176060118,1.7914653784219001
259,32.15915190552872,14.439076757917338,24.476650563607084,12.245034889962426,7.521470746108427,2.073268921095008,5.293880837359098,1.7914653784219001
260,32.29334406870639,14.439076757917338,24.422973698336016,12.164519592055823,7.521470746108427,2.073268921095008,5.293880837359098,1.7914653784219001
261,32.347020933977454,14.439076757917338,24.36929683306495,12.164519592055823,7.521470746108427,2.073268921095008,5.293880837359098,1.7914653784219001
262,32.37385936661299,14.412238325281804,24.36929683306495,12.164519592055823,7.521470746108427,2.073268921095008,5.293880837359098,1.7914653784219001
263,32.52147074610843,14.325013419216317,24.315619967793882,12.164519592055823,7.514761137949543,2.073268921095008,5.293880837359098,1.7914653784219001
264,32.6959205582394,14.325013419216317,24.228395061728396,12.13768115942029,7.514761137949543,2.059849704777241,5.246913580246914,1.7914653784219001
265,32.83682232957595,14.318303811057435,23.980139559849704,12.13768115942029,7.514761137949543,2.0531400966183573,5.562265163714439,1.596886741814278
266,33.03811057434246,14.2914653784219,23.859366612989803,12.130971551261407,7.474503488996243,2.0531400966183573,5.562265163714439,1.5901771336553945
267,33.2259796027912,14.264626945786366,23.758722490606548,12.110842726784755,7.474503488996243,2.0531400966183573,5.528717122920021,1.583467525496511
268,33.25281803542673,14.251207729468598,23.74530327428878,12.110842726784755,7.474503488996243,2.0531400966183573,5.528717122920021,1.583467525496511
269,33.25281803542673,14.251207729468598,23.74530327428878,12.110842726784755,7.474503488996243,2.0531400966183573,5.528717122920021,1.583467525496511
270,33.3870101986044,14.251207729468598,23.70504562533548,12.110842726784755,7.380568974771873,2.0531400966183573,5.528717122920021,1.583467525496511
271,33.561460010735374,14.231078904991948,23.691626409017715,12.110842726784755,7.380568974771873,2.0531400966183573,5.421363392377885,1.5499194847020934
272,33.57487922705314,14.217659688674182,23.691626409017715,12.110842726784755,7.380568974771873,2.0531400966183573,5.421363392377885,1.5499194847020934
273,33.57487922705314,14.217659688674182,23.691626409017715,12.110842726784755,7.380568974771873,2.0531400966183573,5.421363392377885,1.5499194847020934
274,33.65539452495974,14.184111647879764,23.691626409017715,12.097423510466989,7.353730542136339,2.046430488459474,5.421363392377885,1.5499194847020934
275,33.319914117015564,14.184111647879764,23.409822866344605,12.714707461084272,7.353730542136339,2.046430488459474,5.421363392377885,1.5499194847020934
276,33.49436392914654,14.049919484702093,23.409822866344605,12.714707461084272,7.347020933977456,2.0128824476650564,5.421363392377885,1.5499194847020934
277,33.7157809983897,14.023081052066559,23.2085346215781,12.70799785292539,7.474503488996243,2.0128824476650564,5.314009661835748,1.5432098765432098
278,34.004294149221685,13.942565754159958,23.067632850241544,12.647611379495437,7.474503488996243,2.0128824476650564,5.307300053676865,1.5432098765432098
279,34.14519592055824,13.942565754159958,23.027375201288244,12.634192163177671,7.407407407407407,2.0128824476650564,5.287171229200215,1.5432098765432098
280,34.18545356951154,13.942565754159958,23.013955984970476,12.634192163177671,7.407407407407407,2.0128824476650564,5.260332796564681,1.5432098765432098
281,34.27938808373591,13.942565754159958,22.933440687063875,12.634192163177671,7.39398819108964,2.0128824476650564,5.260332796564681,1.5432098765432098
282,34.326355340848096,13.90901771336554,22.933440687063875,12.5,7.39398819108964,2.0128824476650564,5.246913580246914,1.6774020397208802
283,34.46725711218465,13.88888888888889,22.893183038110575,12.5,7.313472893183038,2.0128824476650564,5.246913580246914,1.6774020397208802
284,34.72893183038111,13.801663982823403,22.852925389157274,12.365807836822329,7.313472893183038,2.0128824476650564,5.246913580246914,1.6774020397208802
