,45,50,55,51,52,53,54,56,57
0,99.597423510467,0.4025764895330113,,,,,,,
1,98.6580783682233,1.3419216317767042,,,,,,,
2,89.30488459473966,10.695115405260333,,,,,,,
3,89.20424047235642,10.795759527643586,,,,,,,
4,84.79602791196994,15.203972088030058,,,,,,,
5,84.71551261406334,15.170424047235642,0.11406333870101985,,,,,,
6,84.61486849168008,15.271068169618895,0.11406333870101985,,,,,,
7,79.0727321524423,20.813204508856682,0.11406333870101985,,,,,,
8,74.2216854535695,25.664251207729468,0.11406333870101985,,,,,,
9,74.308910359635,25.268384326355342,0.11406333870101985,0.30864197530864196,,,,,
10,71.88674181427804,27.690552871712292,0.11406333870101985,0.30864197530864196,,,,,
11,71.84648416532474,27.730810520665592,0.11406333870101985,0.30864197530864196,,,,,
12,69.52495974235104,29.643048845947398,0.11406333870101985,0.7179280730005367,,,,,
13,68.70638754696726,29.736983360171767,0.05367686527106817,0.6172839506172839,0.49651100375738055,0.2549651100375738,0.13419216317767044,,
14,68.71980676328502,29.723564143854,0.05367686527106817,0.6172839506172839,0.49651100375738055,0.2549651100375738,0.13419216317767044,,
15,68.6862587224906,29.757112184648417,0.05367686527106817,0.6172839506172839,0.49651100375738055,0.2549651100375738,0.13419216317767044,,
16,65.93531937734836,32.50805152979066,0.05367686527106817,0.6172839506172839,0.6105743424584005,0.2549651100375738,0.020128824476650563,,
17,65.34487385936661,31.99812130971551,0.05367686527106817,1.7176596886741815,0.6105743424584005,0.2549651100375738,0.020128824476650563,,
18,65.4320987654321,31.910896403650028,0.05367686527106817,1.7176596886741815,0.6105743424584005,0.2549651100375738,0.020128824476650563,,
19,65.8749329039184,31.468062265163713,0.05367686527106817,1.7176596886741815,0.6105743424584005,0.2549651100375738,0.020128824476650563,,
20,66.0024154589372,31.313741277509394,0.05367686527106817,1.7042404723564144,0.6105743424584005,0.2549651100375738,0.06038647342995169,,
21,65.81454643048846,31.50161030595813,0.05367686527106817,1.7042404723564144,0.6105743424584005,0.2549651100375738,0.06038647342995169,,
22,65.76757917337628,31.548577563070317,0.05367686527106817,1.7042404723564144,0.6105743424584005,0.2549651100375738,0.06038647342995169,,
23,65.56629092860977,31.642512077294686,0.05367686527106817,1.7042404723564144,0.6105743424584005,0.36231884057971014,0.06038647342995169,,
24,65.60654857756307,31.40096618357488,0.05367686527106817,1.4090177133655395,0.6105743424584005,0.8588298443370908,0.06038647342995169,,
25,65.77428878153516,31.233225979602793,0.05367686527106817,1.4090177133655395,0.6105743424584005,0.8588298443370908,0.06038647342995169,,
26,65.86822329575953,31.11916264090177,0.1274825550187869,1.4090177133655395,0.6105743424584005,0.8051529790660226,0.06038647342995169,,
27,65.60654857756307,31.38083735909823,0.1274825550187869,1.4090177133655395,0.6105743424584005,0.8051529790660226,0.06038647342995169,,
28,65.80112721417069,31.300322061191626,0.1274825550187869,1.288244766505636,0.6172839506172839,0.8051529790660226,0.06038647342995169,,
29,62.47987117552335,33.47423510466989,0.1274825550187869,1.3620504562533549,0.7045088566827697,1.7914653784219001,0.06038647342995169,,
30,61.211755233494365,34.12506709608159,0.20128824476650564,1.3620504562533549,1.261406333870102,1.778046162104133,0.06038647342995169,,
31,59.99060654857756,35.05099302200752,0.14090177133655393,1.3620504562533549,1.261406333870102,1.778046162104133,0.41599570585077833,,
32,59.93022007514761,32.41411701556629,0.14090177133655393,1.3217928073000538,4.602791196994096,1.1741814278046163,0.41599570585077833,,
33,59.292807300053674,33.051529790660226,0.14090177133655393,1.3217928073000538,4.602791196994096,1.1741814278046163,0.41599570585077833,,
34,57.39398819108964,35.13150831991412,0.14090177133655393,1.2278582930756843,4.522275899087493,1.1674718196457328,0.41599570585077833,,
35,55.683038110574344,36.99006977992485,0.1274825550187869,1.3217928073000538,4.3545356951154055,1.1674718196457328,0.35560923242082665,,
36,48.450080515297905,30.367686527106816,0.07380568974771873,15.210681696188942,4.468599033816425,0.9728931830381106,0.4562533548040794,,
37,48.530595813204506,30.19994632313473,0.07380568974771873,14.949006977992486,4.468599033816425,1.3217928073000538,0.4562533548040794,,
38,48.55072463768116,30.267042404723565,0.07380568974771873,14.949006977992486,4.38137412775094,1.3217928073000538,0.4562533548040794,,
39,48.86607622114869,30.079173376274827,0.07380568974771873,14.915458937198068,4.334406870638754,1.2748255501878691,0.4562533548040794,,
40,47.87976382179281,30.817230273752013,0.32877079978529256,14.915458937198068,4.327697262479871,1.2748255501878691,0.4562533548040794,,
41,47.53086419753087,28.683574879227052,3.2541599570585076,14.727589908749328,4.253891572732153,1.2748255501878691,0.1610305958132045,0.11406333870101985,
42,47.765700483091784,28.502415458937197,3.2541599570585076,14.727589908749328,4.206924315619967,1.2681159420289856,0.1610305958132045,0.11406333870101985,
43,47.87305421363392,27.68384326355341,3.2541599570585076,14.720880300590446,4.924852388620504,1.2681159420289856,0.1610305958132045,0.11406333870101985,
44,48.081052066559316,27.47584541062802,3.2541599570585076,14.720880300590446,4.924852388620504,1.2681159420289856,0.1610305958132045,0.11406333870101985,
45,48.060923242082666,27.073268921095007,3.0730005367686526,14.687332259796028,5.287171229200215,1.5432098765432098,0.1610305958132045,0.11406333870101985,
46,48.09447128287708,27.20746108427268,3.052871712292002,14.660493827160494,5.166398282340311,1.5432098765432098,0.1610305958132045,0.11406333870101985,
47,47.215512614063336,28.005904455179817,3.052871712292002,14.579978529253891,5.3274288781535155,1.5432098765432098,0.1610305958132045,0.11406333870101985,
48,47.1081588835212,28.14009661835749,3.052871712292002,14.553140096618357,5.3274288781535155,1.5432098765432098,0.1610305958132045,0.11406333870101985,
49,47.799248523886206,27.65029522275899,3.026033279656468,14.378690284487385,5.3274288781535155,1.5432098765432098,0.1610305958132045,0.11406333870101985,
50,48.02066559312936,27.556360708534623,3.026033279656468,14.231078904991948,5.267042404723564,1.6237251744498122,0.1610305958132045,0.11406333870101985,
51,47.57783145464305,28.18035426731079,3.026033279656468,14.197530864197532,5.173107890499195,1.570048309178744,0.1610305958132045,0.11406333870101985,
52,45.99436392914654,29.683306494900698,3.026033279656468,14.06333870101986,4.817498658078368,2.147074610842727,0.15432098765432098,0.11406333870101985,
53,44.44444444444444,31.125872249060656,3.026033279656468,14.04320987654321,4.817498658078368,2.147074610842727,0.28180354267310787,0.11406333870101985,
54,43.183038110574344,31.387546967257112,3.0730005367686526,12.701288244766506,7.112184648416532,2.147074610842727,0.28180354267310787,0.11406333870101985,
55,41.57944176060118,32.870370370370374,3.046162104133119,15.58641975308642,4.87788513150832,1.6438539989264627,0.28180354267310787,0.11406333870101985,
56,42.049114331723025,32.52147074610843,3.046162104133119,15.35829307568438,4.87788513150832,1.6438539989264627,0.38915727321524424,0.11406333870101985,
57,42.250402576489535,32.30005367686527,3.1870638754696725,15.250939345142244,4.87788513150832,1.6438539989264627,0.3824476650563607,0.10735373054213634,
58,42.290660225442835,32.59527643585615,3.1870638754696725,14.868491680085883,4.804079441760601,1.6438539989264627,0.5032206119162641,0.10735373054213634,
59,42.2638217928073,32.46779388083736,3.1870638754696725,14.908749329039184,4.804079441760601,1.6438539989264627,0.5032206119162641,0.2214170692431562,
60,42.46511003757381,32.30005367686527,3.0864197530864197,15.042941492216855,4.736983360171766,1.6438539989264627,0.5032206119162641,0.2214170692431562,
61,42.351046698872786,32.10547504025765,3.603059581320451,14.734299516908212,4.736983360171766,1.6438539989264627,0.6843800322061192,0.14090177133655393,
62,42.693236714975846,31.776704240472355,3.556092324208266,14.687332259796028,4.864465915190553,1.596886741814278,0.6843800322061192,0.14090177133655393,
63,41.599570585077835,32.9777241009125,3.502415458937198,14.687332259796028,4.810789049919484,1.596886741814278,0.6843800322061192,0.14090177133655393,
64,41.59286097691895,32.776435856146,3.166935050993022,15.324745034889963,4.74369296833065,1.596886741814278,0.6843800322061192,0.11406333870101985,
65,42.0625335480408,31.843800322061192,3.166935050993022,15.848094471282877,4.7101449275362315,1.570048309178744,0.6843800322061192,0.11406333870101985,
66,42.330917874396135,31.655931293612454,3.0327428878153517,15.774288781535159,4.7101449275362315,1.6975308641975309,0.6843800322061192,0.11406333870101985,
67,41.599570585077835,31.944444444444443,3.0327428878153517,16.21712292002147,4.7101449275362315,1.6975308641975309,0.6843800322061192,0.11406333870101985,
68,40.713902308105204,31.293612453032743,3.0595813204508855,14.224369296833064,7.300053676865271,2.509393451422437,0.785024154589372,0.11406333870101985,
69,40.83467525496511,31.05877616747182,3.0595813204508855,14.512882447665056,7.024959742351046,2.509393451422437,0.8856682769726248,0.11406333870101985,
70,40.82796564680623,30.50187869028449,3.0595813204508855,14.949006977992486,7.098765432098766,2.428878153515835,1.0198604401502953,0.11406333870101985,
71,41.00912506709608,30.360976918947934,3.026033279656468,14.949006977992486,7.098765432098766,2.4221685453569513,1.0198604401502953,0.11406333870101985,
72,40.98899624261943,30.52200751476114,3.026033279656468,14.801395598497047,6.984702093397746,2.4020397208803006,1.1607622114868492,0.11406333870101985,
73,40.74074074074074,30.54884594739667,3.026033279656468,14.573268921095009,7.474503488996243,2.3617820719269993,1.1607622114868492,0.11406333870101985,
74,40.84138486312399,30.52871712292002,2.999194847020934,14.533011272141707,7.461084272678476,2.3617820719269993,1.1607622114868492,0.11406333870101985,
75,41.17015566290929,30.347557702630166,2.9388083735909825,14.452495974235104,7.454374664519592,2.3617820719269993,1.1607622114868492,0.11406333870101985,
76,41.0829307568438,30.02549651100376,2.9388083735909825,14.452495974235104,7.863660762211487,2.3617820719269993,1.1607622114868492,0.11406333870101985,
77,41.1231884057971,29.64975845410628,2.932098765432099,14.626945786366075,8.05823939881911,2.3349436392914655,1.1607622114868492,0.11406333870101985,
78,39.36527106816962,31.635802469135804,2.932098765432099,14.412238325281804,8.044820182501342,2.3349436392914655,1.1607622114868492,0.11406333870101985,
79,39.61352657004831,31.5150295222759,3.079710144927536,14.278046162104133,7.930756843800322,2.3349436392914655,1.1607622114868492,0.08722490606548577,
80,39.60681696188943,31.588835212023618,3.079710144927536,14.278046162104133,7.930756843800322,2.26784755770263,1.1607622114868492,0.08722490606548577,
81,39.27133655394525,32.045088566827694,3.079710144927536,14.217659688674182,7.877079978529254,2.26784755770263,1.1540526033279657,0.08722490606548577,
82,38.788244766505635,31.508319914117017,3.066290928609769,15.257648953301127,7.87037037037037,2.26784755770263,1.1540526033279657,0.08722490606548577,
83,38.87546967257112,30.776972624798713,3.1870638754696725,15.22410091250671,7.816693505099302,2.898550724637681,1.133923778851315,0.08722490606548577,
84,38.707729468599034,30.9849704777241,3.864734299516908,14.626945786366075,7.541599570585078,2.898550724637681,1.288244766505636,0.08722490606548577,
85,37.848899624261946,30.3743961352657,2.677133655394525,17.270531400966185,7.367149758454106,2.965646806226516,1.4090177133655395,0.08722490606548577,
86,37.956253354804076,30.334138486312398,2.677133655394525,16.552603327965645,8.07836822329576,2.932098765432099,1.3821792807300053,0.08722490606548577,
87,38.077026301663984,30.253623188405797,2.677133655394525,16.53918411164788,7.971014492753623,2.9052603327965647,1.4895330112721417,0.08722490606548577,
88,38.41250670960816,29.99194847020934,2.677133655394525,16.545893719806763,7.897208803005904,2.898550724637681,1.4895330112721417,0.08722490606548577,
89,38.486312399355874,29.810789049919485,2.6704240472356413,16.680085882984432,7.897208803005904,2.8784219001610305,1.4895330112721417,0.08722490606548577,
90,38.821792807300056,29.62962962962963,2.6637144390767578,16.59286097691895,7.87037037037037,2.844873859366613,1.4895330112721417,0.08722490606548577,
91,38.96269457863661,29.401502952227588,2.636876006441224,16.59286097691895,7.555018786902845,3.2742887815351582,1.4895330112721417,0.08722490606548577,
92,39.26462694578637,29.106280193236714,2.636876006441224,16.532474503488995,7.481213097155126,3.2742887815351582,1.6170155662909287,0.08722490606548577,
93,39.13714439076758,28.884863123993558,2.589908749329039,16.505636070853463,7.7898550724637685,3.2742887815351582,1.7310789049919484,0.08722490606548577,
94,39.439076757917334,28.6231884057971,2.563070316693505,16.485507246376812,7.7898550724637685,3.2742887815351582,1.8250134192163177,,
95,39.88862050456253,28.395061728395063,2.563070316693505,16.324476650563607,7.716049382716049,3.2541599570585076,1.8585614600107354,,
96,39.91545893719807,28.28099838969404,2.563070316693505,16.505636070853463,7.628824476650563,3.2474503488996245,1.8585614600107354,,
97,39.91545893719807,28.723832528180353,2.4221685453569513,16.210413311862588,7.628824476650563,3.240740740740741,1.8585614600107354,,
98,40.07648953301127,28.442028985507246,2.4221685453569513,16.17686527106817,7.883789586688137,3.140096618357488,1.8585614600107354,,
99,40.17713365539453,28.14680622651637,2.4221685453569513,15.881642512077295,8.266237251744498,3.140096618357488,1.9659151905528718,,
100,40.76757917337628,27.80461621041331,2.4221685453569513,15.881642512077295,8.152173913043478,3.0059044551798175,1.9659151905528718,,
101,40.123456790123456,28.401771336553946,2.4221685453569513,15.68035426731079,8.152173913043478,2.952227589908749,2.1806226516371443,0.08722490606548577,
102,40.29790660225443,27.066559312936125,2.26784755770263,15.009393451422437,10.258990874932904,2.945517981749866,2.0665593129361244,0.08722490606548577,
103,40.21068169618894,27.435587761674718,2.38191089640365,14.694041867954912,9.77589908749329,2.952227589908749,2.0665593129361244,0.08722490606548577,0.39586688137412773
104,40.31132581857219,27.30139559849705,2.38191089640365,14.61352657004831,9.73564143853999,2.952227589908749,2.2208803005904456,0.08722490606548577,0.39586688137412773
105,39.9020397208803,27.737520128824478,2.38191089640365,14.606816961889425,9.71551261406334,2.952227589908749,2.2208803005904456,0.08722490606548577,0.39586688137412773
106,40.21739130434783,27.4020397208803,2.3349436392914655,14.660493827160494,9.581320450885668,2.818035426731079,2.576489533011272,0.08722490606548577,0.322061191626409
107,40.05636070853462,27.36849168008588,2.2342995169082127,14.439076757917338,9.581320450885668,3.33467525496511,2.576489533011272,0.08722490606548577,0.322061191626409
108,40.37842190016103,26.898819108964037,2.1068169618894257,14.63365539452496,9.581320450885668,3.4286097691894795,2.563070316693505,0.08722490606548577,0.322061191626409
109,40.08990874932904,26.670692431561996,2.1068169618894257,14.600107353730541,10.071121846484166,3.5292538915727323,2.522812667740204,0.08722490606548577,0.322061191626409
110,40.304616210413315,26.56333870101986,2.1068169618894257,14.593397745571659,9.950348899624261,3.616478797638218,2.4557165861513686,0.08722490606548577,0.322061191626409
111,40.17713365539453,26.41572732152442,2.086688137412775,14.949006977992486,9.782608695652174,3.7238325281803544,2.4557165861513686,0.08722490606548577,0.322061191626409
112,39.88191089640365,26.724369296833064,2.086688137412775,14.949006977992486,9.769189479334408,3.7238325281803544,2.4557165861513686,0.08722490606548577,0.322061191626409
113,40.08990874932904,26.576757917337627,2.0263016639828235,14.949006977992486,9.769189479334408,3.7238325281803544,2.4557165861513686,0.08722490606548577,0.322061191626409
114,40.35829307568438,26.462694578636608,2.0263016639828235,14.855072463768115,9.708803005904455,3.7238325281803544,2.4557165861513686,0.08722490606548577,0.322061191626409
115,40.693773483628554,26.27482555018787,2.0263016639828235,14.720880300590446,9.601449275362318,3.8177670424047236,2.4557165861513686,0.08722490606548577,0.322061191626409
116,40.27777777777778,26.764626945786365,2.0263016639828235,14.720880300590446,9.5276435856146,3.8177670424047236,2.4557165861513686,0.08722490606548577,0.322061191626409
117,40.29790660225443,26.288244766505635,2.0263016639828235,15.318035426731079,9.520933977455716,3.797638217928073,2.341653247450349,0.08722490606548577,0.322061191626409
118,40.4723564143854,25.97289318303811,1.9793344068706387,15.60654857756307,9.46725711218465,3.7573805689747717,2.3349436392914655,0.08722490606548577,0.322061191626409
119,40.47906602254428,26.25469672571122,1.9457863660762211,15.45222758990875,9.39345142243693,3.7573805689747717,2.3081052066559313,0.08722490606548577,0.322061191626409
120,41.00912506709608,25.87895866881374,1.9457863660762211,15.365002683843263,9.333064949006978,3.7573805689747717,2.3081052066559313,0.08051529790660225,0.322061191626409
121,41.22383252818035,25.55018786902845,2.033011272141707,15.197262479871176,9.541062801932368,3.743961352657005,2.3081052066559313,0.08051529790660225,0.322061191626409
122,41.35131508319914,25.39586688137413,2.033011272141707,15.143585614600108,9.534353193773484,3.7372517444981215,2.4020397208803006,0.08051529790660225,0.322061191626409
123,41.48550724637681,25.32206119162641,2.033011272141707,15.103327965646805,9.514224369296834,3.7372517444981215,2.4020397208803006,0.08051529790660225,0.322061191626409
124,42.15646806226516,24.691358024691358,2.6435856146001075,15.042941492216855,8.890230810520666,3.8043478260869565,2.38191089640365,0.08051529790660225,0.30864197530864196
125,42.21685453569511,24.651100375738057,2.6435856146001075,15.022812667740205,8.890230810520666,3.8043478260869565,2.38191089640365,0.08051529790660225,0.30864197530864196
126,42.3845947396672,24.52361782071927,2.6435856146001075,15.009393451422437,8.863392377885132,3.8043478260869565,2.38191089640365,0.08051529790660225,0.30864197530864196
127,41.41170155662909,23.872785829307567,2.6435856146001075,15.96886741814278,8.715780998389693,4.166666666666667,2.831454643048846,0.08051529790660225,0.30864197530864196
128,39.412238325281805,26.100375738056897,2.6435856146001075,15.814546430488459,8.648684916800859,4.166666666666667,2.8247450348899625,0.08051529790660225,0.30864197530864196
129,38.7614063338701,24.738325281803544,2.6637144390767578,17.901234567901234,8.568169618894256,4.1532474503489,2.8247450348899625,0.08051529790660225,0.30864197530864196
130,39.231078904991946,24.4296833064949,2.6637144390767578,17.814009661835748,8.514492753623188,4.17337627482555,2.7844873859366612,0.08051529790660225,0.30864197530864196
131,39.30488459473967,24.376006441223833,2.6637144390767578,17.814009661835748,8.507783145464305,4.17337627482555,2.771068169618894,0.08051529790660225,0.30864197530864196
132,39.33843263553408,24.46323134728932,2.6637144390767578,17.814009661835748,8.407139023081053,4.1532474503489,2.771068169618894,0.08051529790660225,0.30864197530864196
133,39.42565754159957,24.329039184111647,2.6637144390767578,17.74020397208803,8.420558239398819,4.260601180891036,2.771068169618894,0.08051529790660225,0.30864197530864196
134,39.54643048845947,24.329039184111647,2.6637144390767578,17.70665593129361,8.3467525496511,4.247181964573269,2.771068169618894,0.08051529790660225,0.30864197530864196
135,39.70746108427268,24.329039184111647,2.6637144390767578,17.64626945786366,8.259527643585615,4.166666666666667,2.8381642512077296,0.08051529790660225,0.30864197530864196
136,39.734299516908216,24.053945249597422,2.6637144390767578,17.465110037573805,8.789586688137414,4.1532474503489,2.7509393451422435,0.08051529790660225,0.30864197530864196
137,38.378958668813745,25.577026301663984,2.6502952227589907,17.478529253891573,8.641975308641975,4.1532474503489,2.7308105206655933,0.08051529790660225,0.30864197530864196
138,37.94283413848631,25.489801395598498,2.6502952227589907,17.62614063338701,8.635265700483092,4.522275899087493,2.6301663982823404,0.19457863660762212,0.30864197530864196
139,38.1105743424584,25.503220611916262,2.6502952227589907,17.51207729468599,8.601717659688674,4.49543746645196,2.623456790123457,0.19457863660762212,0.30864197530864196
140,38.036768652710684,25.07380568974772,2.6502952227589907,17.498658078368223,9.125067096081589,4.488727858293076,2.623456790123457,0.19457863660762212,0.30864197530864196
141,38.34541062801932,24.818840579710145,2.7777777777777777,17.37788513150832,9.118357487922705,4.488727858293076,2.61003757380569,0.15432098765432098,0.30864197530864196
142,36.93639291465379,26.54320987654321,2.7777777777777777,17.183306494900698,9.07139023081052,4.4820182501341925,2.5429414922168547,0.15432098765432098,0.30864197530864196
143,37.164519592055825,26.31508319914117,2.7777777777777777,17.183306494900698,9.07139023081052,4.4820182501341925,2.5429414922168547,0.15432098765432098,0.30864197530864196
144,37.446323134728935,26.06682769726248,2.8515834675254963,17.07595276435856,9.151905528717123,4.40150295222759,2.5429414922168547,0.15432098765432098,0.30864197530864196
145,37.60064412238325,25.986312399355878,2.8515834675254963,17.042404723564143,9.138486312399356,4.40150295222759,2.5161030595813205,0.15432098765432098,0.30864197530864196
146,37.97638217928073,25.738056897477186,2.844873859366613,16.854535695115406,9.098228663446054,4.367954911433173,2.657004830917874,0.15432098765432098,0.30864197530864196
147,35.39989264626946,27.435587761674718,2.623456790123457,18.800322061191626,8.722490606548577,4.133118625872249,2.4557165861513686,0.12077294685990338,0.30864197530864196
148,35.39318303811057,27.106816961889425,2.623456790123457,18.793612453032743,9.064680622651638,4.133118625872249,2.4557165861513686,0.12077294685990338,0.30864197530864196
149,35.628019323671495,27.093397745571657,2.589908749329039,18.69296833064949,8.977455716586151,4.133118625872249,2.4557165861513686,0.12077294685990338,0.30864197530864196
150,35.849436392914654,26.92565754159957,2.5831991411701556,18.14278046162104,8.84326355340848,4.2203435319377345,2.8784219001610305,0.12077294685990338,0.43612453032742887
151,35.21202361782072,27.616747181964573,2.5831991411701556,18.00858829844337,8.82313472893183,4.159957058507783,3.0394524959742353,0.12077294685990338,0.43612453032742887
152,34.88325281803543,27.455716586151368,2.033011272141707,17.961621041331185,8.82313472893183,5.287171229200215,2.999194847020934,0.12077294685990338,0.43612453032742887
153,34.997316156736446,27.241009125067094,2.1806226516371443,17.92807300053677,8.809715512614064,5.287171229200215,2.999194847020934,0.12077294685990338,0.43612453032742887
154,34.78260869565217,27.502683843263554,2.1806226516371443,17.793880837359097,8.896940418679549,5.287171229200215,2.999194847020934,0.12077294685990338,0.43612453032742887
155,34.82957595276436,27.502683843263554,2.167203435319377,17.49194847020934,8.836553945249598,5.179817498658078,3.435319377348363,0.12077294685990338,0.43612453032742887
156,34.96376811594203,27.408749329039185,2.301395598497048,17.351046698872786,8.950617283950617,5.032206119162641,3.435319377348363,0.12077294685990338,0.43612453032742887
157,34.68867418142781,27.771068169618893,2.301395598497048,17.196725711218466,8.943907675791733,5.032206119162641,3.5091250670960816,0.12077294685990338,0.43612453032742887
158,34.856414385399894,27.542941492216855,2.395330112721417,17.163177670424048,8.943907675791733,5.032206119162641,3.5091250670960816,0.12077294685990338,0.43612453032742887
159,34.977187332259795,26.630434782608695,2.395330112721417,16.948470209339774,8.997584541062801,6.132581857219538,3.361513687600644,0.12077294685990338,0.43612453032742887
160,35.628019323671495,26.27482555018787,2.214170692431562,16.740472356414386,8.883521202361782,6.219806763285024,3.5091250670960816,0.12077294685990338,0.4092860976918948
161,26.02657004830918,53.11996779388084,0.8722490606548577,8.433977455716587,5.374396135265701,3.9989264626945786,2.1739130434782608,,
162,26.382179280730007,51.831723027375205,1.8451422436929683,8.447396672034353,5.320719269994632,3.9989264626945786,2.1739130434782608,,
163,26.939076757917338,51.46269457863661,1.7981749865807837,8.32662372517445,5.307300053676865,3.9989264626945786,2.167203435319377,,
164,26.959205582393988,51.27482555018787,1.737788513150832,8.259527643585615,5.119431025228127,4.4820182501341925,2.167203435319377,,
165,27.100107353730543,51.23456790123457,1.737788513150832,8.205850778314547,5.072463768115942,4.4820182501341925,2.167203435319377,,
166,27.30810520665593,51.05340848094471,1.737788513150832,8.179012345679013,5.072463768115942,4.4820182501341925,2.167203435319377,,
167,27.80461621041331,50.3690284487386,1.737788513150832,8.621846484165324,4.938271604938271,4.461889425657541,2.0665593129361244,,
168,28.039452495974235,49.946323134728935,1.8853998926462694,8.849973161567364,4.938271604938271,4.28743961352657,2.0531400966183573,,
169,28.28099838969404,49.8389694041868,1.8518518518518519,8.849973161567364,4.871175523349437,4.28743961352657,2.01959205582394,,
170,28.515834675254965,49.53703703703704,1.9592055823939882,8.84326355340848,4.871175523349437,4.253891572732153,2.01959205582394,,
171,28.77079978529254,49.402844873859365,1.9592055823939882,8.78287707997853,4.810789049919484,4.253891572732153,2.01959205582394,,
172,28.65673644659152,48.55072463768116,1.9592055823939882,8.78287707997853,5.783682232957595,4.247181964573269,2.01959205582394,,
173,28.81105743424584,48.067632850241544,1.9592055823939882,8.655394524959743,6.239935587761675,4.247181964573269,2.01959205582394,,
174,28.5426731078905,47.779119699409556,2.1068169618894257,9.359903381642512,6.078904991948471,4.206924315619967,1.9256575415995705,,
175,29.01905528717123,47.04777241009125,2.24771873322598,9.380032206119163,6.078904991948471,4.300858829844337,1.9256575415995705,,
176,29.146537842190018,46.97396672034353,2.24771873322598,9.333064949006978,6.078904991948471,4.294149221685454,1.9256575415995705,,
177,29.441760601180892,46.752549651100374,2.24771873322598,9.31964573268921,6.078904991948471,4.26731078904992,1.892109500805153,,
178,29.57595276435856,46.39023081052066,2.24771873322598,9.265968867418144,6.078904991948471,4.26731078904992,2.1739130434782608,,
179,29.904723564143854,46.12855609232421,2.3483628556092326,9.111647879763822,6.078904991948471,4.253891572732153,2.1739130434782608,,
180,30.02549651100376,45.58507783145464,2.8247450348899625,9.057971014492754,6.078904991948471,4.253891572732153,2.1739130434782608,,
181,30.05233494363929,45.25630703166935,2.804616210413312,9.4873859366613,6.078904991948471,4.146537842190016,2.1739130434782608,,
182,30.24020397208803,45.00805152979066,2.804616210413312,9.936929683306495,5.964841653247451,3.878153515834675,2.167203435319377,,
183,30.46833064949007,44.85373054213634,2.791196994095545,9.91009125067096,5.938003220611916,3.8714439076757916,2.167203435319377,,
184,30.750134192163177,44.498121309715515,2.9388083735909825,9.91009125067096,5.938003220611916,3.824476650563607,2.1403650026838434,,
185,31.01851851851852,44.30354267310789,2.918679549114332,9.876543209876543,5.917874396135265,3.824476650563607,2.1403650026838434,,
186,31.186258722490606,44.176060118089104,2.8918411164787976,9.970477724100913,5.864197530864198,3.7909286097691894,2.120236178207193,,
187,31.353998926462694,43.73322597960279,2.8918411164787976,9.581320450885668,6.468062265163715,3.784219001610306,2.187332259796028,,
188,31.66935050993022,42.72678475577026,3.207192699946323,9.534353193773484,6.937734836285561,3.7640901771336552,2.1604938271604937,,
189,32.11218464841653,41.75389157273215,3.6902844873859366,9.634997316156737,6.723027375201288,3.730542136339238,2.3550724637681157,,
190,31.99812130971551,42.53891572732152,3.6902844873859366,9.232420826623725,6.488191089640365,3.69699409554482,2.3550724637681157,,
191,32.2061191626409,42.43156199677939,3.6902844873859366,9.151905528717123,6.488191089640365,3.69699409554482,2.3349436392914655,,
192,31.99141170155663,42.51878690284487,3.643317230273752,9.057971014492754,6.4412238325281805,3.743961352657005,2.6033279656468062,,
193,31.729736983360173,42.19672571121846,3.730542136339238,9.655126140633387,6.421095008051529,3.717122920021471,2.5496511003757383,,
194,32.19940955448202,41.84782608695652,3.730542136339238,9.574610842726784,6.421095008051529,3.6768652710681695,2.5496511003757383,,
195,32.48792270531401,41.5727321524423,3.8580246913580245,9.50751476113795,6.367418142780462,3.6768652710681695,2.5295222758990876,,
196,30.99838969404187,42.8743961352657,3.9452495974235107,9.312936124530328,6.488191089640365,4.159957058507783,2.2208803005904456,,
197,31.186258722490606,42.673107890499196,3.9452495974235107,9.23913043478261,6.649221685453569,4.159957058507783,2.0799785292538915,0.06709608158883522,
198,31.46135265700483,42.41814278046162,4.03918411164788,9.23913043478261,6.649221685453569,4.045893719806763,2.0799785292538915,0.06709608158883522,
199,31.622383252818036,42.28395061728395,4.03918411164788,9.23913043478261,6.622383252818035,4.045893719806763,2.0799785292538915,0.06709608158883522,
200,31.910896403650028,41.98201825013419,3.992216854535695,9.23913043478261,6.5552871712292005,4.032474503488996,2.2208803005904456,0.06709608158883522,
201,32.058507783145465,41.6532474503489,3.9586688137412773,9.138486312399356,6.5485775630703165,4.019055287171229,2.5563607085346214,0.06709608158883522,
202,32.098765432098766,41.55931293612453,3.9586688137412773,9.138486312399356,6.635802469135802,3.992216854535695,2.5496511003757383,0.06709608158883522,
203,32.26650563607085,40.83467525496511,4.562533548040794,9.118357487922705,6.615673644659152,3.9855072463768115,2.5496511003757383,0.06709608158883522,
204,32.18599033816425,40.693773483628554,4.643048845947397,9.118357487922705,6.588835212023618,4.1532474503489,2.5496511003757383,0.06709608158883522,
205,32.038378958668815,38.506441223832525,7.098765432098766,9.078099838969404,6.588835212023618,4.206924315619967,2.4154589371980677,0.06709608158883522,
206,32.1658615136876,38.35212023617821,7.098765432098766,9.185453569511541,6.488191089640365,4.240472356414386,2.4020397208803006,0.06709608158883522,
207,32.35373054213634,38.24476650563607,7.098765432098766,9.151905528717123,6.461352657004831,4.2203435319377345,2.4020397208803006,0.06709608158883522,
208,32.8569511540526,37.96296296296296,6.964573268921095,9.125067096081589,6.400966183574879,4.2203435319377345,2.4020397208803006,0.06709608158883522,
209,32.628824476650564,36.65458937198068,6.635802469135802,10.721953837895867,6.146001073537305,4.810789049919484,2.3349436392914655,0.06709608158883522,
210,32.96430488459474,36.37278582930757,6.595544820182502,10.7085346215781,6.146001073537305,4.810789049919484,2.3349436392914655,0.06709608158883522,
211,33.319914117015564,36.252012882447666,6.595544820182502,10.59447128287708,6.045356951154052,4.790660225442834,2.3349436392914655,0.06709608158883522,
212,33.47423510466989,36.06414385399893,6.66935050993022,10.520665593129362,6.119162640901771,4.750402576489533,2.3349436392914655,0.06709608158883522,
213,33.641975308641975,35.72195383789587,6.769994632313473,10.507246376811594,6.078904991948471,4.87788513150832,2.3349436392914655,0.06709608158883522,
214,34.044551798174986,35.339506172839506,6.689479334406871,10.426731078904991,6.3070316693505095,4.797369833601718,2.328234031132582,0.06709608158883522,
215,34.19887278582931,35.27241009125067,6.689479334406871,10.413311862587225,6.239935587761675,4.790660225442834,2.328234031132582,0.06709608158883522,
216,34.856414385399894,34.634997316156735,6.689479334406871,10.38647342995169,6.206387546967257,4.723564143853999,2.4355877616747184,0.06709608158883522,
217,35.15163714439077,34.37332259796028,6.6760601180891035,10.292538915727322,6.206387546967257,4.703435319377348,2.5295222758990876,0.06709608158883522,
218,35.33279656468062,34.20558239398819,6.642512077294686,10.809178743961352,5.850778314546431,4.51556629092861,2.576489533011272,0.06709608158883522,
219,34.265968867418145,33.641975308641975,6.629092860976919,12.99651100375738,5.508588298443371,4.51556629092861,2.442297369833602,,
220,34.14519592055824,33.360171765968865,6.629092860976919,12.761674718196458,5.857487922705314,4.51556629092861,2.7308105206655933,,
221,34.46725711218465,33.23939881910896,6.615673644659152,12.600644122383253,5.857487922705314,4.51556629092861,2.703972088030059,,
222,34.856414385399894,32.9777241009125,6.615673644659152,12.486580783682234,5.917874396135265,4.455179817498658,2.690552871712292,,
223,34.628287707997856,32.78314546430489,6.588835212023618,13.573537305421363,5.233494363929147,4.5893719806763285,2.6033279656468062,,
224,34.90338164251208,32.95759527643585,6.582125603864735,13.318572195383789,5.119431025228127,4.522275899087493,2.5966183574879227,,
225,34.977187332259795,32.890499194847024,6.5485775630703165,13.110574342458401,5.119431025228127,4.757112184648417,2.5966183574879227,,
226,35.31266774020397,32.689210950080515,6.474771873322598,12.889157273215245,5.119431025228127,4.918142780461621,2.5966183574879227,,
227,35.21202361782072,32.669082125603865,6.454643048845948,12.889157273215245,5.119431025228127,5.059044551798175,2.5966183574879227,,
228,35.57434245840043,32.46108427267848,6.340579710144928,12.828770799785293,5.119431025228127,5.092592592592593,2.5831991411701556,,
229,35.99704777241009,32.15915190552872,6.246645195920558,12.74825550187869,5.119431025228127,5.146269457863661,2.5831991411701556,,
230,36.218464841653244,31.904186795491142,6.233225979602791,12.74825550187869,5.119431025228127,5.226784755770263,2.5496511003757383,,
231,36.3191089640365,31.588835212023618,6.166129898013956,13.130703166935051,5.038915727321524,5.2066559312936125,2.5496511003757383,,
232,36.38620504562534,31.34728931830381,6.166129898013956,13.627214170692431,5.01207729468599,4.911433172302737,2.5496511003757383,,
233,36.741814278046164,31.00509930220075,6.166129898013956,13.627214170692431,5.01207729468599,4.898013955984971,2.5496511003757383,,
234,37.27187332259796,30.709876543209877,6.052066559312936,13.546698872785829,4.87788513150832,4.938271604938271,2.6033279656468062,,
235,37.39935587761675,30.54213633923779,6.0587761674718195,13.6808910359635,4.804079441760601,4.938271604938271,2.576489533011272,,
236,37.546967257112186,30.17981749865808,5.911164787976382,13.546698872785829,4.804079441760601,4.938271604938271,3.0730005367686526,,
237,37.58722490606549,30.139559849704778,5.911164787976382,13.47289318303811,4.797369833601718,5.018786902844874,3.0730005367686526,,
238,37.9495437466452,29.944981213097154,5.904455179817498,13.318572195383789,4.74369296833065,5.166398282340311,2.9723564143853998,,
239,38.37224906065486,29.60950080515298,6.045356951154052,13.157541599570585,4.723564143853999,5.159688674181428,2.932098765432099,,
240,38.54669887278583,29.502147074610843,6.052066559312936,13.103864734299517,4.703435319377348,5.159688674181428,2.932098765432099,,
241,39.04320987654321,29.314278046162105,5.776972624798712,13.077026301663983,4.696725711218465,5.159688674181428,2.932098765432099,,
242,39.11701556629093,29.26731078904992,5.776972624798712,12.95625335480408,4.790660225442834,5.159688674181428,2.932098765432099,,
243,39.452495974235106,28.844605475040257,5.904455179817498,12.95625335480408,4.790660225442834,5.119431025228127,2.932098765432099,,
244,39.69404186795491,28.495705850778315,6.0654857756307035,12.808641975308642,4.790660225442834,5.0791733762748255,3.066290928609769,,
245,39.66720343531938,28.368223295759528,6.0654857756307035,12.775093934514224,4.790660225442834,5.0791733762748255,3.2541599570585076,,
246,39.761137949543745,28.29441760601181,5.9514224369296835,12.754965110037574,4.790660225442834,5.193236714975845,3.2541599570585076,,
247,39.81481481481482,28.22061191626409,5.891035963499732,12.754965110037574,4.790660225442834,5.280461621041331,3.2474503488996245,,
248,39.69404186795491,28.032742887815353,6.005099302200751,12.580515297906603,5.018786902844874,5.555555555555555,3.113258185721954,,
249,39.92887815351583,27.851583467525497,5.984970477724101,12.573805689747719,5.018786902844874,5.528717122920021,3.113258185721954,,
250,39.99597423510467,27.831454643048847,6.011808910359635,12.573805689747719,5.005367686527107,5.46833064949007,3.113258185721954,,
251,40.05636070853462,27.74422973698336,6.011808910359635,12.640901771336553,4.978529253891573,5.4549114331723025,3.113258185721954,,
252,39.86849168008588,27.616747181964573,6.011808910359635,12.614063338701019,5.394524959742351,5.448201825013419,3.046162104133119,,
253,40.13016639828234,27.428878153515836,6.011808910359635,12.5402576489533,5.394524959742351,5.448201825013419,3.046162104133119,,
254,40.385131508319915,27.26784755770263,6.011808910359635,12.506709608158884,5.394524959742351,5.387815351583468,3.046162104133119,,
255,40.351583467525494,27.180622651637144,6.005099302200751,12.506709608158884,5.394524959742351,5.522007514761138,3.0394524959742353,,
256,40.58641975308642,27.160493827160494,5.991680085882985,12.446323134728932,5.394524959742351,5.488459473966721,2.932098765432099,,
257,40.56629092860977,26.31508319914117,6.877348362855609,12.446323134728932,5.387815351583468,5.475040257648954,2.932098765432099,,
258,40.49919484702093,26.194310252281266,6.877348362855609,12.573805689747719,5.495169082125604,5.428073000536768,2.932098765432099,,
259,40.64009661835749,26.140633387010197,6.877348362855609,12.553676865271068,5.58239398819109,5.314009661835748,2.8918411164787976,,
260,40.82125603864734,26.073537305421365,6.877348362855609,12.385936661298981,5.5689747718733225,5.287171229200215,2.985775630703167,,
261,40.955448201825014,25.91250670960816,6.810252281266774,12.473161567364466,5.656199677938808,5.287171229200215,2.9052603327965647,,
262,41.076221148684915,25.771604938271604,6.863929146537842,12.466451959205582,5.642780461621041,5.273752012882448,2.9052603327965647,,
263,41.26409017713365,25.603864734299517,6.857219538378959,12.546967257112184,5.60252281266774,5.22007514761138,2.9052603327965647,,
264,41.37144390767579,25.5703166935051,6.850509930220075,12.533548040794418,5.562265163714439,5.2066559312936125,2.9052603327965647,,
265,41.59286097691895,25.49651100375738,6.816961889425658,12.526838432635534,5.562265163714439,5.059044551798175,2.945517981749866,,
266,41.78743961352657,25.301932367149757,6.796833064949007,12.526838432635534,5.589103596349974,5.052334943639291,2.945517981749866,,
267,42.250402576489535,25.033548040794418,6.790123456790123,12.399355877616747,5.589103596349974,5.01207729468599,2.9253891572732154,,
268,42.290660225442835,24.825550187869027,6.776704240472356,12.345679012345679,5.9447128287707995,4.898013955984971,2.918679549114332,,
269,42.49194847020934,24.57729468599034,6.904186795491143,12.305421363392378,5.931293612453032,4.871175523349437,2.918679549114332,,
270,42.67981749865808,24.490069779924852,6.857219538378959,12.278582930756844,5.917874396135265,4.85775630703167,2.918679549114332,,
271,42.78717122920021,24.44310252281267,6.810252281266774,12.278582930756844,5.904455179817498,4.85775630703167,2.918679549114332,,
272,42.88781535158347,24.335748792270532,6.729736983360172,12.238325281803542,5.891035963499732,4.998658078368224,2.918679549114332,,
273,42.66639828234031,24.315619967793882,6.729736983360172,12.238325281803542,6.005099302200751,5.12614063338701,2.918679549114332,,
274,42.49194847020934,23.93317230273752,6.769994632313473,12.332259796027913,6.4412238325281805,5.0858829844337095,2.945517981749866,,
275,42.0222758990875,23.544015029522274,6.662640901771336,12.432903918411165,6.4412238325281805,5.146269457863661,3.750670960815888,,
276,41.84111647879764,23.389694041867955,6.655931293612453,12.828770799785293,6.4345142243692965,5.146269457863661,3.7037037037037037,,
