,45,50,51,53,52,54,55,56
0,98.91304347826087,1.0869565217391304,,,,,,
1,97.94685990338164,2.0531400966183573,,,,,,
2,91.21041331186258,8.789586688137414,,,,,,
3,90.3918411164788,9.608158883521202,,,,,,
4,89.47262479871175,10.527375201288244,,,,,,
5,72.35641438539989,27.643585614600106,,,,,,
6,72.30273752012883,27.180622651637144,0.5166398282340311,,,,,
7,72.07461084272678,27.408749329039185,0.5166398282340311,,,,,
8,71.73242082662372,24.44310252281267,3.824476650563607,,,,,
9,66.86795491143317,28.073000536768653,5.059044551798175,,,,,
10,67.00885668276973,27.536231884057973,5.059044551798175,0.39586688137412773,,,,
11,64.68733225979602,29.07944176060118,5.649490069779925,0.39586688137412773,0.1878690284487386,,,
12,64.92216854535695,28.938539989264626,5.562265163714439,0.38915727321524424,0.1878690284487386,,,
13,60.158346752549654,33.61513687600644,5.669618894256575,0.36902844873859364,0.1878690284487386,,,
14,58.9170692431562,34.614868491680085,5.629361245303274,0.36902844873859364,0.1878690284487386,0.28180354267310787,,
15,58.561460010735374,34.33977455716586,5.589103596349974,0.36902844873859364,0.18115942028985507,0.9594739667203436,,
16,58.7157809983897,34.05797101449275,5.723295759527644,0.36231884057971014,0.18115942028985507,0.9594739667203436,,
17,44.67928073000537,48.450080515297905,5.367686527106817,0.36231884057971014,0.18115942028985507,0.9594739667203436,,
18,43.94122383252818,48.58427267847558,5.3341384863123995,1.0399892646269457,0.47638217928073,0.6239935587761675,,
19,43.04884594739667,49.2686527106817,5.226784755770263,1.0399892646269457,0.4495437466451959,0.966183574879227,,
20,43.31723027375201,49.04723564143854,5.226784755770263,1.0198604401502953,0.4495437466451959,0.9393451422436929,,
21,43.25684380032206,48.731884057971016,4.911433172302737,1.3486312399355878,0.8118625872249061,0.9393451422436929,,
22,43.18974771873322,48.83923778851315,4.911433172302737,1.3486312399355878,0.8118625872249061,0.8990874932903918,,
23,43.53864734299517,48.47691894793344,4.830917874396135,1.442565754159957,0.8118625872249061,0.8990874932903918,,
24,43.71309715512614,48.30246913580247,4.830917874396135,1.442565754159957,0.8118625872249061,0.8990874932903918,,
25,43.17632850241546,47.799248523886206,4.817498658078368,1.442565754159957,0.8118625872249061,1.9524959742351047,,
26,43.33064949006978,47.06119162640902,4.817498658078368,2.0397208803005906,0.8118625872249061,1.9390767579173376,,
27,42.51207729468599,44.12909286097692,8.353462157809984,1.7847557702630166,0.8118625872249061,1.9390767579173376,0.46967257112184646,
28,40.633387010198604,48.58427267847558,5.548845947396672,2.0128824476650564,0.8118625872249061,1.9390767579173376,0.46967257112184646,
29,40.31132581857219,48.309178743961354,5.508588298443371,1.8585614600107354,1.6505636070853462,1.892109500805153,0.46967257112184646,
30,40.56629092860977,47.62479871175523,5.481749865807837,1.8585614600107354,1.3553408480944713,1.892109500805153,1.221148684916801,
31,40.5126140633387,47.758990874932906,5.434782608695652,1.8585614600107354,1.3553408480944713,1.892109500805153,1.1876006441223832,
32,40.042941492216855,45.531400966183575,5.669618894256575,1.8585614600107354,1.328502415458937,3.9519592055823938,1.6170155662909287,
33,40.01610305958132,44.83360171765969,6.246645195920558,1.8585614600107354,1.328502415458937,3.9519592055823938,1.7646269457863661,
34,39.720880300590444,43.88083735909823,7.856951154052603,1.7914653784219001,1.0869565217391304,3.898282340311326,1.7646269457863661,
35,39.88862050456253,43.49838969404187,7.796564680622652,1.7914653784219001,1.0869565217391304,3.898282340311326,2.0397208803005906,
36,37.915995705850776,45.169082125603865,8.13875469672571,1.7914653784219001,1.0869565217391304,3.8714439076757916,2.0263016639828235,
37,36.38620504562534,46.812936124530324,7.548309178743962,1.7914653784219001,1.0869565217391304,3.844605475040258,2.5295222758990876,
38,37.063875469672574,46.39023081052066,7.461084272678476,1.751207729468599,1.0534084809447128,3.81105743424584,2.4691358024691357,
39,35.28582930756844,47.839506172839506,7.0383789586688135,2.576489533011272,1.0466988727858293,3.7775093934514223,2.4355877616747184,
40,35.73537305421363,47.49060654857756,6.998121309715513,2.576489533011272,0.9997316156736447,3.7775093934514223,2.4221685453569513,
41,35.97691894793344,47.27589908749329,6.971282877079979,2.576489533011272,0.9997316156736447,3.670155662909286,2.5295222758990876,
42,36.04401502952228,46.99409554482018,6.971282877079979,2.8381642512077296,0.9997316156736447,3.670155662909286,2.4825550187869028,
43,31.374127750939344,52.30810520665593,6.629092860976919,2.7308105206655933,0.9930220075147611,3.4822866344605474,2.4825550187869028,
44,30.71658615136876,48.78556092324208,11.198336017176597,2.4825550187869028,0.9930220075147611,3.3682232957595275,2.4557165861513686,
45,25.885668276972623,60.01073537305421,7.7898550724637685,0.4092860976918948,0.5703166935050993,3.5225442834138487,1.8115942028985508,
46,25.32206119162641,58.73590982286635,9.480676328502415,0.4092860976918948,0.5904455179817498,3.408480944712829,2.0531400966183573,
47,25.697799248523886,58.360171765968865,9.480676328502415,0.4092860976918948,0.5904455179817498,3.408480944712829,2.0531400966183573,
48,26.133923778851315,57.776435856146,9.440418679549115,0.4092860976918948,0.5904455179817498,3.3816425120772946,2.26784755770263,
49,26.34863123993559,55.66961889425657,8.460815888352121,0.2952227589908749,3.2541599570585076,3.294417606011809,2.677133655394525,
50,26.268115942028984,52.865002683843265,11.379495437466453,0.2952227589908749,3.2206119162640903,3.294417606011809,2.677133655394525,
51,26.684111647879764,52.603327965646805,11.3593666129898,0.2952227589908749,3.180354267310789,3.2675791733762747,2.61003757380569,
52,26.90552871712292,51.63714439076758,11.285560923242082,0.2952227589908749,3.1535158346752548,3.2675791733762747,3.455448201825013,
53,27.200751476113794,50.95276435856146,11.231884057971014,0.2952227589908749,3.1535158346752548,3.2675791733762747,3.898282340311326,
54,27.234299516908212,46.4573268921095,10.849436392914654,0.2952227589908749,3.1535158346752548,6.447933440687064,5.562265163714439,
55,27.361782071927,44.89398819108964,10.72866344605475,0.6977992485238862,3.1468062265163717,6.447933440687064,6.723027375201288,
56,27.536231884057973,44.77321524422974,10.715244229736983,0.6977992485238862,3.1468062265163717,6.407675791733762,6.723027375201288,
57,27.95222758990875,44.236446591519055,10.601180891035963,0.6977992485238862,3.488996242619431,6.407675791733762,6.615673644659152,
58,28.10654857756307,43.96135265700483,10.782340311325818,0.6843800322061192,3.488996242619431,6.394256575415996,6.582125603864735,
59,28.23403113258186,43.53193773483628,10.755501878690284,0.6642512077294686,3.475577026301664,6.353998926462695,6.984702093397746,
60,28.35480407944176,41.196994095544824,10.695115405260333,1.261406333870102,6.260064412238325,5.911164787976382,6.320450885668277,
61,28.77750939345142,40.687063875469676,10.453569511540525,1.1741814278046163,6.260064412238325,6.327160493827161,6.320450885668277,
62,29.09286097691895,40.52603327965647,10.379763821792807,1.1741814278046163,6.246645195920558,6.300322061191626,6.280193236714976,
63,27.053140096618357,42.74691358024691,10.265700483091788,1.1741814278046163,6.226516371443908,6.253354804079442,6.280193236714976,
64,27.200751476113794,42.47852925389157,10.225442834138486,1.1741814278046163,6.347289318303811,6.461352657004831,6.112453032742888,
65,25.670960815888353,42.39801395598497,11.90955448201825,1.1741814278046163,6.3137412775093935,6.8035426731078905,5.730005367686527,
66,26.093666129898015,41.968599033816425,11.808910359634996,1.1741814278046163,6.213097155126141,6.790123456790123,5.9514224369296835,
67,26.48953301127214,41.79414922168545,11.735104669887278,1.1741814278046163,6.0654857756307035,6.790123456790123,5.9514224369296835,
68,26.898819108964037,41.156736446591516,11.688137412775093,1.5163714439076759,6.038647342995169,6.756575415995706,5.9447128287707995,
69,27.2812667740204,40.90848094471283,11.627750939345143,1.5163714439076759,6.025228126677402,6.716317767042405,5.924584004294149,
70,25.120772946859905,42.28395061728395,11.480139559849706,1.3955984970477724,5.964841653247451,7.239667203435319,6.515029522275899,
71,24.510198604401502,40.57971014492754,16.881374127750938,1.3150831991411702,3.7775093934514223,6.696188942565755,6.239935587761675,
72,25.0,39.734299516908216,16.72705314009662,1.5499194847020934,3.770799785292539,7.440955448201825,5.776972624798712,
73,25.254965110037574,39.59339774557166,16.67337627482555,1.5499194847020934,3.7573805689747717,7.39398819108964,5.776972624798712,
74,25.389157273215243,39.51959205582394,16.364734299516908,1.8518518518518519,3.7573805689747717,7.340311325818572,5.776972624798712,
75,24.57729468599034,36.67471819645733,16.961889425657542,1.8048845947396672,3.7573805689747717,7.313472893183038,8.910359634997317,
76,25.288513150831992,36.10440150295223,16.948470209339774,1.7646269457863661,3.7372517444981215,7.300053676865271,8.856682769726248,
77,25.067096081588836,34.74906065485776,22.906602254428343,1.7646269457863661,3.797638217928073,6.649221685453569,5.065754159957058,
78,25.241545893719806,33.47423510466989,22.497316156736446,2.49597423510467,4.361245303274289,6.629092860976919,5.300590445517981,
79,25.543478260869566,33.360171765968865,22.436929683306495,2.49597423510467,4.361245303274289,6.608964036500268,5.193236714975845,
80,25.462962962962962,32.56172839506173,22.14170692431562,2.5429414922168547,6.340579710144928,6.327160493827161,4.622920021470746,
81,25.925925925925927,32.23966720343532,21.73913043478261,2.5429414922168547,6.253354804079442,6.6827697262479875,4.616210413311863,
82,26.31508319914117,32.045088566827694,21.490874932903917,2.5429414922168547,6.374127750939345,6.6760601180891035,4.555823939881911,
83,26.603596349973163,31.87734836285561,21.162104133118625,2.5161030595813205,6.105743424584004,6.595544820182502,4.918142780461621,0.2214170692431562
84,26.757917337627482,30.931293612453032,20.511272141706925,2.5161030595813205,7.675791733762749,6.521739130434782,4.864465915190553,0.2214170692431562
85,26.44927536231884,29.911433172302736,20.397208803005906,4.086151368760064,7.588566827697263,6.521739130434782,4.824208266237251,0.2214170692431562
86,26.778046162104133,29.844337090713903,20.283145464304884,4.086151368760064,7.521470746108427,6.481481481481482,4.783950617283951,0.2214170692431562
87,26.56333870101986,29.64975845410628,20.229468599033815,3.9184111647879765,8.165593129361245,6.474771873322598,4.777241009125067,0.2214170692431562
88,27.012882447665056,29.200214707461082,19.95437466451959,4.253891572732153,8.152173913043478,6.1862587224906065,5.018786902844874,0.2214170692431562
89,27.395330112721417,28.864734299516908,19.746376811594203,4.656468062265164,7.997852925389157,6.1862587224906065,4.931561996779388,0.2214170692431562
90,26.90552871712292,30.938003220611915,18.23671497584541,4.616210413311863,7.96430488459474,6.1862587224906065,4.931561996779388,0.2214170692431562
91,27.18733225979603,30.877616747181964,18.183038110574344,4.616210413311863,7.809983896940419,6.172839506172839,4.931561996779388,0.2214170692431562
92,27.36849168008588,30.64278046162104,18.290391841116477,4.884594739667204,7.682501341921632,6.0654857756307035,4.871175523349437,0.19457863660762212
93,26.690821256038646,29.139828234031132,17.860976918947934,4.696725711218465,10.36634460547504,6.078904991948471,4.9718196457326895,0.19457863660762212
94,25.95276435856146,28.06629092860977,20.591787439613526,4.441760601180891,9.708803005904455,6.078904991948471,4.9651100375738055,0.19457863660762212
95,24.986580783682232,27.616747181964573,22.148416532474503,4.40150295222759,9.681964573268921,6.011808910359635,4.958400429414922,0.19457863660762212
96,25.234836285560924,27.42216854535695,21.900161030595815,5.173107890499195,9.138486312399356,5.978260869565218,4.958400429414922,0.19457863660762212
97,25.275093934514224,27.093397745571657,20.44417606011809,4.656468062265164,11.735104669887278,5.776972624798712,4.824208266237251,0.19457863660762212
98,23.95330112721417,32.37385936661299,17.082662372517444,4.341116478797638,11.60762211486849,5.676328502415459,4.770531400966184,0.19457863660762212
99,23.362855609232422,32.2463768115942,14.814814814814815,4.28743961352657,11.58749329039184,5.629361245303274,7.917337627482555,0.15432098765432098
100,23.557434245840042,32.15244229736983,14.506172839506172,4.274020397208803,11.392914653784219,6.078904991948471,7.883789586688137,0.15432098765432098
101,23.91304347826087,32.1256038647343,14.27133655394525,4.26731078904992,11.3191089640365,6.078904991948471,7.87037037037037,0.15432098765432098
102,24.053945249597422,32.045088566827694,14.264626945786366,4.26731078904992,11.2788513150832,6.078904991948471,7.856951154052603,0.15432098765432098
103,24.382716049382715,30.9849704777241,14.163982823403114,4.26731078904992,11.513687600644122,6.78341384863124,7.749597423510467,0.15432098765432098
104,24.610842726784757,30.870907139023082,14.096886741814279,4.240472356414386,11.506977992485238,6.78341384863124,7.7361782071927,0.15432098765432098
105,24.362587224906065,30.340848094471284,15.593129361245303,4.240472356414386,11.178207192699947,6.273483628556092,7.856951154052603,0.15432098765432098
106,24.84567901234568,30.320719269994633,15.385131508319914,4.240472356414386,10.963499731615673,6.273483628556092,7.816693505099302,0.15432098765432098
107,24.10091250670961,28.327965646806227,15.24422973698336,4.139828234031133,10.789049919484702,9.541062801932368,7.702630166398282,0.15432098765432098
108,24.382716049382715,27.791196994095547,15.123456790123457,4.139828234031133,10.762211486849168,9.970477724100913,7.675791733762749,0.15432098765432098
109,24.805421363392377,27.70397208803006,15.056360708534621,4.139828234031133,10.748792270531402,9.930220075147611,7.461084272678476,0.15432098765432098
110,25.140901771336555,27.549651100375737,14.935587761674718,4.139828234031133,10.721953837895867,9.923510466988727,7.434245840042942,0.15432098765432098
111,25.429414922168544,27.509393451422437,14.908749329039184,4.139828234031133,10.587761674718196,9.88996242619431,7.380568974771873,0.15432098765432098
112,25.664251207729468,27.30139559849705,14.492753623188406,4.1129898013955986,10.520665593129362,10.373054213633925,7.380568974771873,0.15432098765432098
113,26.31508319914117,26.77133655394525,15.619967793880837,4.032474503488996,10.433440687063875,9.520933977455716,7.152442297369833,0.15432098765432098
114,26.442565754159958,26.36876006441224,15.5126140633387,4.676596886741814,10.23215244229737,9.4873859366613,7.125603864734299,0.15432098765432098
115,26.529790660225444,26.214439076757916,15.479066022544284,4.616210413311863,10.104669887278583,9.594739667203436,7.306763285024155,0.15432098765432098
116,25.127482555018787,20.249597423510465,24.013687600644122,4.367954911433173,9.541062801932368,9.856414385399892,6.709608158883521,0.13419216317767044
117,25.577026301663984,20.041599570585078,23.845947396672035,4.341116478797638,9.5276435856146,9.829575952764358,6.702898550724638,0.13419216317767044
118,25.95276435856146,19.97450348899624,23.691626409017715,4.341116478797638,9.514224369296834,9.73564143853999,6.655931293612453,0.13419216317767044
119,26.268115942028984,19.860440150295222,23.57085346215781,4.334406870638754,9.460547504025765,9.728931830381105,6.642512077294686,0.13419216317767044
120,26.529790660225444,19.81347289318304,23.523886205045624,4.334406870638754,9.386741814278047,9.66183574879227,6.615673644659152,0.13419216317767044
121,27.079978529253893,19.605475040257648,23.315888352120236,4.334406870638754,9.373322597960279,9.581320450885668,6.588835212023618,0.12077294685990338
122,27.871712292002147,19.524959742351047,22.819377348362856,4.247181964573269,9.346484165324744,9.480676328502415,6.588835212023618,0.12077294685990338
123,28.267579173376276,19.49141170155663,22.765700483091788,4.247181964573269,9.333064949006978,9.212292002147075,6.561996779388084,0.12077294685990338
124,28.69699409554482,19.45786366076221,22.416800858829845,4.247181964573269,9.333064949006978,9.16532474503489,6.561996779388084,0.12077294685990338
125,29.1129898013956,19.43102522812668,22.36983360171766,4.280730005367687,9.333064949006978,8.789586688137414,6.561996779388084,0.12077294685990338
126,29.341116478797638,19.370638754696724,22.29602791196994,4.260601180891036,9.326355340848094,8.722490606548577,6.561996779388084,0.12077294685990338
127,29.522275899087493,19.088835212023618,23.557434245840042,4.03918411164788,8.702361782071927,8.494363929146537,6.474771873322598,0.12077294685990338
128,29.57595276435856,19.008319914117017,24.4699409554482,4.03918411164788,7.9039184111647875,8.494363929146537,6.387546967257112,0.12077294685990338
129,29.676596886741816,18.907675791733762,24.644390767579175,4.012345679012346,7.830112721417069,8.427267847557703,6.380837359098229,0.12077294685990338
130,29.66988727858293,18.813741277509394,24.154589371980677,4.569243156199678,7.9039184111647875,8.393719806763285,6.374127750939345,0.12077294685990338
131,29.8040794417606,18.800322061191626,24.10091250670961,4.569243156199678,7.9039184111647875,8.340042941492216,6.360708534621578,0.12077294685990338
132,30.099302200751477,18.780193236714975,24.013687600644122,4.555823939881911,7.843531937734836,8.252818035426731,6.333870101986044,0.12077294685990338
133,30.421363392377884,18.760064412238325,23.852657004830917,4.549114331723027,7.803274288781535,8.185721953837897,6.3070316693505095,0.12077294685990338
134,30.50187869028449,18.572195383789587,23.711755233494365,4.830917874396135,7.796564680622652,8.172302737520129,6.293612453032743,0.12077294685990338
135,30.62265163714439,18.54535695115405,23.658078368223297,4.824208266237251,7.7831454643048845,8.165593129361245,6.280193236714976,0.12077294685990338
136,30.132850241545892,18.47826086956522,22.342995169082126,4.824208266237251,10.520665593129362,8.11862587224906,5.58239398819109,
137,30.193236714975846,18.417874396135264,22.33628556092324,4.817498658078368,9.930220075147611,8.105206655931294,5.58239398819109,0.6172839506172839
138,30.16639828234031,17.921363392377884,22.302737520128826,4.797369833601718,9.896672034353195,8.769457863660762,5.528717122920021,0.6172839506172839
139,29.777241009125067,17.465110037573805,22.134997316156735,4.783950617283951,11.18491680085883,8.729200214707461,5.307300053676865,0.6172839506172839
140,29.810789049919485,17.444981213097154,22.067901234567902,5.615942028985507,10.997047772410092,8.682232957595277,4.7638217928073,0.6172839506172839
141,29.978529253891573,17.371175523349436,21.410359634997317,6.327160493827161,11.11111111111111,8.420558239398819,4.7638217928073,0.6172839506172839
142,29.8040794417606,17.102791196994094,22.041062801932366,6.253354804079442,11.104401502952227,8.340042941492216,4.736983360171766,0.6172839506172839
143,29.844337090713903,17.06924315619968,21.4573268921095,6.233225979602791,11.104401502952227,8.32662372517445,4.736983360171766,1.2278582930756843
144,30.414653784219002,16.881374127750938,21.309715512614062,6.206387546967257,10.976918947933441,8.32662372517445,4.683306494900698,1.2010198604401503
145,30.54884594739667,16.163446054750402,22.094739667203434,6.072195383789587,10.93666129898014,8.299785292538916,4.683306494900698,1.2010198604401503
146,30.797101449275363,16.0829307568438,22.020933977455716,6.031937734836285,10.916532474503489,8.28636607622115,4.676596886741814,1.1876006441223832
147,30.96484165324745,16.0426731078905,21.994095544820183,5.8239398819108965,11.044015029522276,8.266237251744498,4.676596886741814,1.1876006441223832
148,31.45464304884595,15.774288781535159,21.866612989801396,5.790391841116479,11.017176596886742,8.252818035426731,4.656468062265164,1.1876006441223832
149,31.54186795491143,15.68035426731079,21.83977455716586,6.018518518518518,11.017176596886742,8.179012345679013,4.542404723564144,1.1808910359634996
150,31.910896403650028,15.613258185721953,21.76596886741814,6.005099302200751,10.976918947933441,8.085077831454644,4.528985507246377,1.1137949543746646
151,31.984702093397747,15.505904455179817,21.71900161030596,6.233225979602791,11.312399355877616,7.7361782071927,4.394793344068707,1.1137949543746646
152,32.58185721953838,15.365002683843263,21.658615136876005,6.132581857219538,11.245303274288782,7.675791733762749,4.2270531400966185,1.1137949543746646
153,31.602254428341386,14.04320987654321,21.014492753623188,5.501878690284487,14.922168545356952,7.581857219538379,4.2270531400966185,1.107085346215781
154,31.743156199677937,14.016371443907676,20.967525496511005,5.501878690284487,14.888620504562533,7.548309178743962,4.2270531400966185,1.107085346215781
155,32.06521739130435,14.002952227589908,20.8467525496511,5.401234567901234,14.855072463768115,7.50805152979066,4.213633923778851,1.107085346215781
156,32.2463768115942,13.895598497047773,20.840042941492218,5.367686527106817,14.855072463768115,7.48792270531401,4.213633923778851,1.093666129898014
157,32.400697799248526,13.855340848094471,20.799785292538918,5.367686527106817,14.80810520665593,7.48792270531401,4.200214707461084,1.0802469135802468
158,32.588566827697264,13.781535158346752,20.564949006977994,5.703166935050993,14.78797638217928,7.467793880837359,4.025764895330113,1.0802469135802468
159,32.67579173376275,13.674181427804616,20.48443370907139,6.414385399892646,14.278046162104133,7.467793880837359,3.92512077294686,1.0802469135802468
160,32.50805152979066,13.009930220075148,20.37037037037037,6.414385399892646,14.204240472356414,8.507783145464305,3.9049919484702094,1.0802469135802468
161,32.669082125603865,12.902576489533011,20.26972624798712,6.843800322061192,14.13714439076758,8.199141170155663,3.898282340311326,1.0802469135802468
162,32.44095544820183,12.882447665056361,20.585077831454644,6.830381105743425,14.090177133655395,8.192431561996779,3.898282340311326,1.0802469135802468
163,32.971014492753625,12.741545893719806,20.517981749865807,6.763285024154589,13.922436929683306,8.13875469672571,3.898282340311326,1.0466988727858293
164,32.910628019323674,12.580515297906603,20.356951154052602,6.763285024154589,13.868760064412239,8.57487922705314,3.898282340311326,1.0466988727858293
165,33.08507783145464,12.439613526570048,20.229468599033815,6.716317767042405,13.996242619431026,8.641975308641975,3.844605475040258,1.0466988727858293
166,33.299785292538914,12.318840579710145,20.088566827697264,6.716317767042405,13.94927536231884,8.588298443370908,3.992216854535695,1.0466988727858293
167,33.621846484165324,12.318840579710145,20.021470746108427,6.5485775630703165,13.922436929683306,8.588298443370908,3.9318303811057436,1.0466988727858293
168,33.581588835212024,12.090713902308105,19.94766505636071,6.515029522275899,14.526301663982823,8.427267847557703,3.8714439076757916,1.0399892646269457
169,33.682232957595275,12.090713902308105,19.753086419753085,6.253354804079442,14.895330112721417,8.413848631239935,3.8714439076757916,1.0399892646269457
170,33.803005904455176,12.06387546967257,19.57192699946323,6.219806763285024,14.895330112721417,8.53462157809984,3.8714439076757916,1.0399892646269457
171,34.064680622651636,12.02361782071927,19.07541599570585,5.730005367686527,15.801127214170693,8.413848631239935,3.851315083199141,1.0399892646269457
172,34.225711218464845,12.00348899624262,19.028448738593667,5.730005367686527,15.76086956521739,8.387010198604402,3.851315083199141,1.0131508319914118
173,35.017444981213096,11.976650563607086,18.780193236714975,5.515297906602254,15.673644659151906,8.219269994632313,3.8311862587224907,0.9863123993558777
174,35.11808910359635,11.876006441223833,18.746645195920557,5.850778314546431,15.707192699946322,8.09849704777241,3.616478797638218,0.9863123993558777
175,35.30595813204509,11.782071926999464,18.491680085882983,5.844068706387547,15.901771336553946,8.07836822329576,3.6097691894793345,0.9863123993558777
176,35.567632850241544,11.735104669887278,18.47826086956522,5.8172302737520125,15.848094471282877,8.031400966183575,3.535963499731616,0.9863123993558777
177,35.789049919484704,11.735104669887278,18.391035963499732,5.783682232957595,15.780998389694043,8.024691358024691,3.535963499731616,0.9594739667203436
178,36.14465915190553,11.681427804616211,18.203166935050994,5.770263016639828,15.72061191626409,7.991143317230274,3.5292538915727323,0.9594739667203436
179,35.990338164251206,11.621041331186259,17.914653784219002,5.877616747181965,16.190284487385938,7.924047235641439,3.5225442834138487,0.9594739667203436
180,36.131239935587764,11.614331723027375,17.92807300053677,5.844068706387547,16.14331723027375,7.9106280193236715,3.4688674181427803,0.9594739667203436
181,36.191626409017715,11.668008588298443,17.894524959742352,5.803811057434245,16.10305958132045,7.9106280193236715,3.4688674181427803,0.9594739667203436
182,36.3996242619431,11.60762211486849,17.800590445517983,5.703166935050993,16.203703703703702,7.890499194847021,3.4621578099838968,0.9326355340848095
183,35.990338164251206,11.453301127214171,19.04186795491143,5.676328502415459,15.552871712292003,7.890499194847021,3.4621578099838968,0.9326355340848095
184,36.24530327428878,11.406333870101985,19.00161030595813,5.669618894256575,15.479066022544284,7.648953301127214,3.616478797638218,0.9326355340848095
185,36.36607622114869,11.372785829307569,18.927804616210413,5.669618894256575,15.479066022544284,7.64224369296833,3.616478797638218,0.9259259259259259
186,36.56736446591519,11.366076221148685,18.894256575415994,5.622651637144391,15.365002683843263,7.64224369296833,3.616478797638218,0.9259259259259259
187,36.72168545356951,11.3191089640365,18.894256575415994,5.622651637144391,15.318035426731079,7.628824476650563,3.569511540526033,0.9259259259259259
188,36.178207192699944,10.983628556092324,18.853998926462694,4.924852388620504,17.216854535695116,7.608695652173913,3.307836822329576,0.9259259259259259
189,36.44659151905529,10.929951690821255,18.605743424584006,4.911433172302737,17.2638217928073,7.608695652173913,3.307836822329576,0.9259259259259259
190,32.84353193773484,10.567632850241546,27.985775630703166,3.878153515834675,14.888620504562533,7.192699946323135,2.2879763821792807,0.35560923242082665
191,32.91733762748255,10.265700483091788,27.911969940955448,3.8580246913580245,14.834943639291465,7.0383789586688135,2.818035426731079,0.35560923242082665
192,33.111916264090176,10.084541062801932,27.80461621041331,3.8378958668813743,14.989264626945786,7.004830917874396,2.8113258185721954,0.35560923242082665
193,33.360171765968865,9.809447128287708,28.10654857756307,3.784219001610306,14.80810520665593,6.991411701556629,2.7844873859366612,0.35560923242082665
194,33.64868491680086,9.77589908749329,28.019323671497585,3.7573805689747717,14.774557165861514,6.890767579173376,2.7777777777777777,0.35560923242082665
195,33.641975308641975,9.581320450885668,27.67042404723564,3.7573805689747717,14.626945786366075,7.588566827697263,2.7777777777777777,0.35560923242082665
196,34.07809983896941,9.453837895866881,27.529522275899087,3.7573805689747717,14.586688137412775,7.461084272678476,2.7777777777777777,0.35560923242082665
197,34.38003220611916,9.353193773483628,27.059849704777243,3.7573805689747717,15.385131508319914,6.9310252281266775,2.7777777777777777,0.35560923242082665
198,34.0378421900161,9.950348899624261,26.878690284487387,3.743961352657005,15.237520128824476,6.91760601180891,2.7509393451422435,0.4830917874396135
199,34.648416532474506,9.903381642512077,26.321792807300053,3.9452495974235107,15.183843263553408,6.763285024154589,2.7509393451422435,0.4830917874396135
200,34.80273752012882,9.863123993558776,26.261406333870102,3.9452495974235107,15.13016639828234,6.763285024154589,2.7509393451422435,0.4830917874396135
201,34.96376811594203,9.863123993558776,26.1808910359635,3.844605475040258,15.170424047235642,6.743156199677939,2.7509393451422435,0.4830917874396135
202,34.876543209876544,9.863123993558776,26.321792807300053,3.844605475040258,15.143585614600108,6.716317767042405,2.7509393451422435,0.4830917874396135
203,35.06441223832528,9.836285560923242,26.288244766505635,3.824476650563607,15.042941492216855,6.709608158883521,2.7509393451422435,0.4830917874396135
204,35.23215244229737,9.816156736446592,26.268115942028984,3.797638217928073,15.029522275899087,6.6760601180891035,2.6972624798711755,0.4830917874396135
205,35.06441223832528,9.520933977455716,25.583735909822867,3.616478797638218,16.398282340311326,6.635802469135802,2.6972624798711755,0.4830917874396135
206,35.36634460547504,9.473966720343531,25.483091787439612,3.5292538915727323,16.364734299516908,6.602254428341385,2.6972624798711755,0.4830917874396135
207,35.198604401502955,9.406870638754697,25.771604938271604,3.5292538915727323,16.33118625872249,6.582125603864735,2.6972624798711755,0.4830917874396135
208,35.39318303811057,9.373322597960279,25.704508856682768,3.5225442834138487,16.31105743424584,6.541867954911433,2.6704240472356413,0.4830917874396135
209,35.587761674718195,9.353193773483628,25.623993558776167,3.502415458937198,16.29092860976919,6.541867954911433,2.6167471819645733,0.4830917874396135
210,35.950080515297905,9.333064949006978,25.509930220075148,3.4688674181427803,16.150026838432634,6.521739130434782,2.61003757380569,0.4562533548040794
211,36.06414385399893,9.31964573268921,25.44283413848631,3.4688674181427803,16.1231884057971,6.515029522275899,2.61003757380569,0.4562533548040794
212,36.39291465378422,9.31964573268921,25.147611379495437,3.4688674181427803,16.13660762211487,6.468062265163715,2.61003757380569,0.4562533548040794
213,36.70826623725174,9.185453569511541,24.751744498121308,3.4688674181427803,16.076221148684915,6.447933440687064,2.589908749329039,0.7716049382716049
214,37.19806763285024,9.104938271604938,24.52361782071927,3.4688674181427803,16.009125067096083,6.407675791733762,2.5161030595813205,0.7716049382716049
215,37.41277509393451,9.078099838969404,24.510198604401502,3.4688674181427803,15.895061728395062,6.353998926462695,2.509393451422437,0.7716049382716049
216,37.446323134728935,9.044551798174986,24.22168545356951,3.4621578099838968,15.868223295759528,6.340579710144928,2.844873859366613,0.7716049382716049
217,38.0703166935051,8.984165324745035,23.96672034353194,3.455448201825013,15.814546430488459,6.260064412238325,2.677133655394525,0.7716049382716049
218,38.00322061191626,8.883521202361782,23.906333870101985,3.455448201825013,16.069511540526033,6.233225979602791,2.677133655394525,0.7716049382716049
219,38.17096081588835,8.836553945249598,23.55072463768116,3.656736446591519,15.982286634460548,6.213097155126141,2.677133655394525,0.9125067096081588
220,38.425925925925924,8.809715512614064,23.376274825550187,3.6500268384326353,15.814546430488459,6.1929683306494905,2.677133655394525,1.0534084809447128
221,38.31857219538379,8.809715512614064,23.181696188942567,3.6500268384326353,15.49248523886205,6.508319914117015,2.985775630703167,1.0534084809447128
222,38.25147611379496,8.776167471819646,22.859634997316157,3.5963499731615673,16.022544283413847,6.494900697799249,2.945517981749866,1.0534084809447128
223,38.399087493290395,8.76274825550188,22.69189479334407,3.5963499731615673,15.901771336553946,6.481481481481482,3.113258185721954,1.0534084809447128
224,38.45276435856146,8.413848631239935,22.584541062801932,4.435050993022007,15.83467525496511,6.159420289855072,3.066290928609769,1.0534084809447128
225,38.32528180354267,8.28636607622115,22.725442834138487,4.2203435319377345,15.854804079441761,6.488191089640365,3.0595813204508855,1.0399892646269457
226,39.27804616210413,8.252818035426731,22.550993022007514,4.206924315619967,15.250939345142244,6.400966183574879,3.0193236714975846,1.0399892646269457
227,39.46591519055287,8.239398819108963,22.457058507783145,4.180085882984434,15.230810520665592,6.380837359098229,3.0059044551798175,1.0399892646269457
228,39.64707461084273,8.225979602791197,22.403381642512077,4.166666666666667,15.183843263553408,6.347289318303811,3.0059044551798175,1.0198604401502953
229,39.83494363929147,8.172302737520129,22.376543209876544,4.133118625872249,15.163714439076758,6.300322061191626,2.999194847020934,1.0198604401502953
230,40.07648953301127,8.158883521202362,22.282608695652176,4.092860976918948,15.083199141170155,6.286902844873859,2.999194847020934,1.0198604401502953
231,40.284487385936664,8.158883521202362,22.14170692431562,4.092860976918948,15.029522275899087,6.273483628556092,2.999194847020934,1.0198604401502953
232,40.022812667740205,8.145464304884594,21.85319377348363,4.092860976918948,15.613258185721953,6.253354804079442,2.999194847020934,1.0198604401502953
233,40.00939345142244,8.111916264090176,22.38996242619431,4.072732152442297,15.177133655394526,6.239935587761675,2.9790660225442833,1.0198604401502953
234,40.15700483091788,8.105206655931294,22.282608695652176,4.072732152442297,15.157004830917874,6.226516371443908,2.9790660225442833,1.0198604401502953
235,40.673644659151904,8.038110574342458,22.15512614063339,4.072732152442297,14.855072463768115,6.206387546967257,2.9790660225442833,1.0198604401502953
236,40.84138486312399,7.991143317230274,22.088030059044552,4.066022544283414,14.814814814814815,6.206387546967257,2.9723564143853998,1.0198604401502953
237,40.92860976918948,7.897208803005904,21.940418679549115,4.233762748255502,14.80810520665593,6.199677938808374,2.9723564143853998,1.0198604401502953
238,41.035963499731615,7.883789586688137,21.87332259796028,4.233762748255502,14.781266774020397,6.199677938808374,2.9723564143853998,1.0198604401502953
239,41.45195920558239,7.7831454643048845,21.786097691894792,4.233762748255502,14.720880300590446,6.159420289855072,2.844873859366613,1.0198604401502953
240,41.59286097691895,7.749597423510467,21.70558239398819,4.233762748255502,14.720880300590446,6.152710681696189,2.844873859366613,0.9997316156736447
241,41.97530864197531,7.749597423510467,20.987654320987655,4.233762748255502,14.694041867954912,6.146001073537305,3.421900161030596,0.7917337627482555
242,42.1027911969941,7.749597423510467,20.913848631239937,4.2270531400966185,14.707461084272678,6.146001073537305,3.3950617283950617,0.7581857219538379
243,42.51878690284487,7.729468599033816,20.90713902308105,4.159957058507783,14.418947933440688,6.139291465378422,3.3682232957595275,0.7581857219538379
244,42.72678475577026,7.64224369296833,20.8467525496511,4.159957058507783,14.392109500805153,6.105743424584004,3.3682232957595275,0.7581857219538379
245,42.78717122920021,7.581857219538379,20.799785292538918,4.314278046162104,14.325013419216317,6.078904991948471,3.3548040794417604,0.7581857219538379
246,42.64626945786366,7.39398819108964,20.471014492753625,4.314278046162104,14.231078904991948,6.494900697799249,3.69699409554482,0.7514761137949544
247,42.80730005367686,7.37385936661299,20.43075684380032,4.28743961352657,14.170692431561998,6.481481481481482,3.69699409554482,0.7514761137949544
248,42.89452495974235,7.360440150295223,20.28985507246377,4.280730005367687,14.170692431561998,6.468062265163715,3.6768652710681695,0.8588298443370908
249,43.21658615136876,7.340311325818572,20.068438003220614,4.180085882984434,14.257917337627482,6.400966183574879,3.6768652710681695,0.8588298443370908
250,43.33064949006978,7.340311325818572,20.041599570585078,4.159957058507783,14.237788513150832,6.374127750939345,3.656736446591519,0.8588298443370908
251,42.93478260869565,7.387278582930757,18.51851851851852,4.126409017713366,14.244498121309716,8.380300590445518,3.656736446591519,0.7514761137949544
252,43.07568438003221,7.380568974771873,18.46484165324745,4.1129898013955986,14.197530864197532,8.373590982286634,3.643317230273752,0.7514761137949544
253,43.04884594739667,7.347020933977456,18.706387546967257,4.260601180891036,13.955984970477724,8.28636607622115,3.643317230273752,0.7514761137949544
254,42.981749865807835,7.326892109500805,18.686258722490606,4.502147074610843,13.915727321524423,8.239398819108963,3.5963499731615673,0.7514761137949544
255,43.484970477724104,7.286634460547504,18.625872249060656,4.441760601180891,13.875469672571121,7.96430488459474,3.589640365002684,0.7313472893183038
256,43.12265163714439,7.098765432098766,18.54535695115405,4.374664519592056,14.412238325281804,8.179012345679013,3.535963499731616,0.7313472893183038
257,43.525228126677405,7.098765432098766,18.303811057434245,4.341116478797638,14.338432635534085,8.165593129361245,3.4957058507783145,0.7313472893183038
258,43.646001073537306,7.058507783145465,18.283682232957595,4.327697262479871,14.31159420289855,8.158883521202362,3.4822866344605474,0.7313472893183038
259,43.605743424584006,6.964573268921095,18.17632850241546,4.643048845947397,14.284755770263017,8.111916264090176,3.4822866344605474,0.7313472893183038
260,43.585614600107355,6.810252281266774,18.38432635534085,4.643048845947397,14.278046162104133,8.09849704777241,3.4688674181427803,0.7313472893183038
261,43.63929146537842,6.810252281266774,18.256843800322063,4.616210413311863,14.231078904991948,8.09849704777241,3.616478797638218,0.7313472893183038
262,43.874127750939344,6.8035426731078905,18.21658615136876,4.616210413311863,14.11701556629093,8.024691358024691,3.616478797638218,0.7313472893183038
263,43.80703166935051,6.763285024154589,18.169618894256576,4.884594739667204,14.023081052066559,8.024691358024691,3.5963499731615673,0.7313472893183038
264,43.552066559312934,6.615673644659152,18.760064412238325,4.884594739667204,13.94927536231884,7.944176060118089,3.5628019323671496,0.7313472893183038
265,43.82045088566828,6.602254428341385,18.67283950617284,4.884594739667204,13.828502415458937,7.930756843800322,3.5292538915727323,0.7313472893183038
266,43.07568438003221,6.541867954911433,18.726516371443907,4.8443370907139025,14.855072463768115,7.763016639828234,3.4621578099838968,0.7313472893183038
267,42.652979066022546,6.099033816425121,18.209876543209877,4.790660225442834,16.31105743424584,7.75630703166935,3.44873859366613,0.7313472893183038
268,42.89452495974235,6.078904991948471,18.149490069779926,4.783950617283951,16.243961352657006,7.702630166398282,3.4420289855072466,0.7045088566827697
269,42.7536231884058,6.072195383789587,17.98845947396672,4.502147074610843,16.961889425657542,7.575147611379496,3.4420289855072466,0.7045088566827697
270,43.07568438003221,6.045356951154052,17.92807300053677,4.42163177670424,16.928341384863124,7.461084272678476,3.435319377348363,0.7045088566827697
271,43.10923242082662,6.038647342995169,17.847557702630166,4.5960815888352125,16.834406870638755,7.447665056360709,3.435319377348363,0.6910896403650026
272,43.25684380032206,6.025228126677402,17.814009661835748,4.5960815888352125,16.75389157273215,7.440955448201825,3.421900161030596,0.6910896403650026
273,43.666129898013956,6.018518518518518,17.51207729468599,4.542404723564144,16.72705314009662,7.434245840042942,3.4151905528717124,0.6843800322061192
274,43.71980676328502,5.971551261406334,17.47181964573269,4.663177670424047,16.659957058507782,7.427536231884058,3.4017713365539453,0.6843800322061192
275,43.84057971014493,5.971551261406334,17.20343531937735,4.5893719806763285,16.861245303274288,7.387278582930757,3.3950617283950617,0.7514761137949544
276,44.07541599570585,5.904455179817498,17.122920021470748,4.770531400966184,16.760601180891037,7.313472893183038,3.307836822329576,0.7447665056360708
277,44.28341384863124,5.837359098228664,17.06924315619968,4.99194847020934,16.566022544283413,7.212828770799785,3.294417606011809,0.7447665056360708
278,44.24315619967794,5.83064949006978,16.75389157273215,4.99194847020934,16.74718196457327,7.112184648416532,3.5762211486849167,0.7447665056360708
279,44.498121309715515,5.8239398819108965,16.70692431561997,4.9651100375738055,16.659957058507782,7.051798174986581,3.556092324208266,0.7380568974771873
280,44.65915190552872,5.797101449275362,16.740472356414386,4.891304347826087,16.606280193236714,7.051798174986581,3.515834675254965,0.7380568974771873
