,45,50,51,52,53,55,54,56,57
0,87.39935587761674,12.600644122383253,,,,,,,
1,86.56736446591519,13.43263553408481,,,,,,,
2,83.37359098228663,16.626409017713364,,,,,,,
3,82.66908212560386,17.330917874396135,,,,,,,
4,80.6159420289855,14.217659688674182,5.166398282340311,,,,,,
5,80.64278046162104,14.190821256038648,5.166398282340311,,,,,,
6,76.2211486849168,18.612453032742888,5.166398282340311,,,,,,
7,71.32984433709072,22.63150831991412,5.166398282340311,0.8722490606548577,,,,,
8,71.18894256575416,22.5979602791197,5.159688674181428,1.0534084809447128,,,,,
9,70.49785292538915,23.30246913580247,5.159688674181428,1.0399892646269457,,,,,
10,69.39747718733226,24.27536231884058,4.30756843800322,1.0399892646269457,0.9796027911969941,,,,
11,69.4645732689211,23.63123993558776,4.247181964573269,1.0399892646269457,1.6170155662909287,,,,
12,68.53864734299516,24.55716586151369,4.247181964573269,1.0399892646269457,1.6170155662909287,,,,
13,68.3239398819109,24.771873322597962,4.247181964573269,1.0399892646269457,1.6170155662909287,,,,
14,63.51315083199141,29.61621041331186,4.213633923778851,1.0399892646269457,1.6170155662909287,,,,
15,61.43317230273752,31.696188942565755,4.213633923778851,1.0399892646269457,1.6170155662909287,,,,
16,60.628019323671495,28.63660762211487,8.07836822329576,1.0399892646269457,1.6170155662909287,,,,
17,60.265700483091784,28.99892646269458,8.07836822329576,1.0399892646269457,1.6170155662909287,,,,
18,58.81642512077295,28.73054213633924,9.802737520128824,1.0399892646269457,1.6103059581320451,,,,
19,59.024422973698336,28.61647879763822,9.708803005904455,1.0399892646269457,1.6103059581320451,,,,
20,59.07809983896941,28.56280193236715,10.064412238325282,1.0131508319914118,1.2815351583467525,,,,
21,59.09151905528717,28.56280193236715,10.050993022007514,1.0131508319914118,1.2815351583467525,,,,
22,59.12506709608159,28.529253891572733,10.050993022007514,1.0131508319914118,1.2815351583467525,,,,
23,59.20558239398819,28.475577026301664,9.145195920558239,1.9524959742351047,1.221148684916801,,,,
24,58.44739667203435,29.448470209339774,8.930488459473967,1.9524959742351047,1.221148684916801,,,,
25,58.1454643048846,28.92512077294686,9.608158883521202,1.9524959742351047,1.221148684916801,0.14761137949543746,,,
26,58.25952764358561,28.81105743424584,9.608158883521202,1.9524959742351047,1.221148684916801,0.14761137949543746,,,
27,58.353462157809986,28.743961352657006,9.581320450885668,1.9524959742351047,1.221148684916801,0.14761137949543746,,,
28,58.58829844337091,28.64331723027375,9.561191626409018,1.9457863660762211,1.1137949543746646,0.14761137949543746,,,
29,46.256038647343,39.57326892109501,9.688674181427805,2.771068169618894,1.4761137949543746,0.23483628556092323,,,
30,45.088566827697264,39.029790660225444,11.439881910896403,2.7308105206655933,1.4761137949543746,0.23483628556092323,,,
31,42.43827160493827,28.951959205582394,24.255233494363928,2.7308105206655933,1.4761137949543746,0.14761137949543746,,,
32,42.49865807836822,28.891572732152444,24.255233494363928,2.7308105206655933,1.4761137949543746,0.14761137949543746,,,
33,41.8142780461621,26.798174986580783,27.066559312936125,2.6972624798711755,1.4761137949543746,0.14761137949543746,,,
34,41.8545356951154,26.912238325281802,26.939076757917338,2.6704240472356413,1.4761137949543746,0.14761137949543746,,,
35,41.243961352657,28.844605475040257,26.27482555018787,2.3752012882447664,1.1137949543746646,0.14761137949543746,,,
36,38.13070316693505,32.058507783145465,25.409286097691894,3.052871712292002,1.1137949543746646,0.23483628556092323,,,
37,38.24476650563607,31.830381105743424,25.301932367149757,3.052871712292002,1.3352120236178207,0.23483628556092323,,,
38,38.425925925925924,31.78341384863124,25.207997852925388,3.0394524959742353,1.3083735909822867,0.23483628556092323,,,
39,32.15244229736983,40.995705850778315,21.39694041867955,3.0327428878153517,1.3083735909822867,0.9997316156736447,0.11406333870101985,,
40,32.31347289318304,40.74074074074074,21.517713365539453,3.0327428878153517,1.3083735909822867,0.9728931830381106,0.11406333870101985,,
41,31.642512077294686,40.022812667740205,23.013955984970476,2.9253891572732154,1.3083735909822867,0.9728931830381106,0.11406333870101985,,
42,31.736446591519055,39.98926462694579,22.953569511540525,2.9253891572732154,1.3083735909822867,0.9728931830381106,0.11406333870101985,,
43,30.495169082125603,39.11701556629093,22.17525496511004,2.9253891572732154,3.569511540526033,1.6035963499731616,0.11406333870101985,,
44,30.615942028985508,39.049919484702095,22.128287707997853,2.918679549114332,3.569511540526033,1.6035963499731616,0.11406333870101985,,
45,30.817230273752013,39.009661835748794,22.020933977455716,2.8650026838432634,3.569511540526033,1.6035963499731616,0.11406333870101985,,
46,30.864197530864196,38.47289318303811,21.994095544820183,3.3816425120772946,3.569511540526033,1.6035963499731616,0.11406333870101985,,
47,31.011808910359633,38.35882984433709,21.980676328502415,3.361513687600644,3.569511540526033,1.6035963499731616,0.11406333870101985,,
48,31.03864734299517,37.567096081588836,21.926999463231347,4.334406870638754,3.4151905528717124,1.6035963499731616,0.11406333870101985,,
49,31.05877616747182,37.546967257112186,21.926999463231347,4.334406870638754,3.4151905528717124,1.6035963499731616,0.11406333870101985,,
50,31.132581857219538,37.526838432635536,21.89345142243693,4.314278046162104,3.4151905528717124,1.6035963499731616,0.11406333870101985,,
51,30.3743961352657,38.62050456253355,21.598228663446054,4.274020397208803,3.4151905528717124,1.6035963499731616,0.11406333870101985,,
52,29.73027375201288,35.57434245840043,24.44981213097155,4.233762748255502,3.1736446591519054,1.6035963499731616,1.2345679012345678,,
53,28.207192699946322,38.45276435856146,24.322329575952764,4.066022544283414,2.509393451422437,1.6035963499731616,0.8387010198604401,,
54,28.408480944712828,38.20450885668277,24.295491143317232,4.066022544283414,2.5831991411701556,1.6035963499731616,0.8387010198604401,,
55,28.502415458937197,38.16425120772947,24.10762211486849,4.066022544283414,2.5831991411701556,1.6035963499731616,0.8387010198604401,0.13419216317767044,
56,28.388352120236178,37.9495437466452,24.00697799248524,4.49543746645196,2.5831991411701556,1.6035963499731616,0.8387010198604401,0.13419216317767044,
57,28.63660762211487,37.7012882447665,24.00697799248524,4.49543746645196,2.5831991411701556,1.6035963499731616,0.8387010198604401,0.13419216317767044,
58,28.428609769189478,37.67444981213097,20.94068706387547,7.6556629092860975,2.5831991411701556,1.7444981213097155,0.8387010198604401,0.13419216317767044,
59,28.5426731078905,37.58722490606549,20.92055823939882,7.6556629092860975,2.5831991411701556,1.737788513150832,0.8387010198604401,0.13419216317767044,
60,28.73725174449812,37.473161567364464,20.90042941492217,7.6556629092860975,2.522812667740204,1.737788513150832,0.8387010198604401,0.13419216317767044,
61,27.03972088030059,34.936929683306495,26.42914653784219,6.870638754696726,2.059849704777241,1.737788513150832,0.7917337627482555,0.13419216317767044,
62,27.126945786366075,34.916800858829845,26.39559849704777,6.837090713902308,2.059849704777241,1.737788513150832,0.7917337627482555,0.13419216317767044,
63,27.3215244229737,34.74906065485776,26.382179280730007,6.823671497584541,2.059849704777241,1.737788513150832,0.7917337627482555,0.13419216317767044,
64,27.603327965646805,34.46725711218465,26.382179280730007,6.823671497584541,2.059849704777241,1.737788513150832,0.7917337627482555,0.13419216317767044,
65,27.771068169618893,34.35319377348363,26.247987117552334,6.823671497584541,2.059849704777241,1.8183038110574343,0.7917337627482555,0.13419216317767044,
66,27.84487385936661,34.35319377348363,26.241277509393452,6.756575415995706,2.059849704777241,1.8183038110574343,0.7917337627482555,0.13419216317767044,
67,27.750939345142243,34.45383789586688,26.234567901234566,6.756575415995706,2.059849704777241,1.8183038110574343,0.7917337627482555,0.13419216317767044,
68,27.932098765432098,34.272678475577024,26.133923778851315,6.756575415995706,2.046430488459474,1.932367149758454,0.7917337627482555,0.13419216317767044,
69,28.012614063338702,34.12506709608159,26.113794954374665,6.729736983360172,2.1806226516371443,1.932367149758454,0.7917337627482555,0.11406333870101985,
70,28.079710144927535,34.11164787976382,26.08695652173913,6.702898550724638,2.1806226516371443,1.932367149758454,0.7917337627482555,0.11406333870101985,
71,28.14009661835749,34.09822866344606,26.039989264626946,6.575415995705851,2.1739130434782608,1.932367149758454,0.7917337627482555,0.11406333870101985,0.13419216317767044
72,28.29441760601181,34.09822866344606,25.885668276972623,6.575415995705851,2.1739130434782608,1.932367149758454,0.7917337627482555,0.11406333870101985,0.13419216317767044
73,28.327965646806227,34.09822866344606,25.885668276972623,6.575415995705851,2.1739130434782608,1.8988191089640365,0.7917337627482555,0.11406333870101985,0.13419216317767044
74,27.254428341384862,33.28636607622115,28.166935050993022,6.5485775630703165,2.1739130434782608,1.5297906602254427,0.7917337627482555,0.11406333870101985,0.13419216317767044
75,26.556629092860977,30.26033279656468,32.01154052603328,6.5485775630703165,2.1739130434782608,1.4492753623188406,0.7514761137949544,0.11406333870101985,0.13419216317767044
76,26.590177133655395,30.01207729468599,31.95786366076221,6.535158346752549,2.1739130434782608,1.6035963499731616,0.8789586688137413,0.11406333870101985,0.13419216317767044
77,26.637144390767578,29.911433172302736,30.07246376811594,7.729468599033816,2.1739130434782608,1.6035963499731616,0.8789586688137413,0.8588298443370908,0.13419216317767044
78,26.77133655394525,29.851046698872786,30.038915727321523,7.689210950080516,2.1739130434782608,1.6035963499731616,0.8789586688137413,0.8588298443370908,0.13419216317767044
79,26.932367149758456,28.30112721417069,29.428341384863124,7.689210950080516,4.186795491143317,1.5901771336553945,0.8789586688137413,0.8588298443370908,0.13419216317767044
80,27.13365539452496,28.30112721417069,29.320987654320987,7.595276435856146,4.186795491143317,1.5901771336553945,0.8789586688137413,0.8588298443370908,0.13419216317767044
81,27.361782071927,27.01959205582394,29.260601180891037,10.272410091250672,2.6838432635534084,1.5499194847020934,0.8722490606548577,0.8454106280193237,0.13419216317767044
82,27.241009125067094,26.67740203972088,28.73054213633924,10.084541062801932,3.6231884057971016,1.5499194847020934,1.1137949543746646,0.8454106280193237,0.13419216317767044
83,27.30810520665593,26.643853998926463,28.73054213633924,10.084541062801932,3.6097691894793345,1.5297906602254427,1.1137949543746646,0.8454106280193237,0.13419216317767044
84,27.690552871712292,26.54320987654321,28.535963499731615,10.064412238325282,3.5426731078904994,1.5297906602254427,1.1137949543746646,0.8454106280193237,0.13419216317767044
85,27.831454643048847,26.42914653784219,28.361513687600645,10.00402576489533,3.6231884057971016,1.5297906602254427,1.1137949543746646,0.9728931830381106,0.13419216317767044
86,28.032742887815353,26.341921631776703,27.905260332796566,10.00402576489533,3.965378421900161,1.5297906602254427,1.1137949543746646,0.9728931830381106,0.13419216317767044
87,27.985775630703166,26.31508319914117,27.979066022544284,10.00402576489533,3.965378421900161,1.5297906602254427,1.1137949543746646,0.9728931830381106,0.13419216317767044
88,27.58990874932904,26.912238325281802,27.710681696188942,9.957058507783145,3.965378421900161,1.5297906602254427,1.1137949543746646,1.0869565217391304,0.13419216317767044
89,27.697262479871174,26.623725174449813,27.569779924852387,10.352925389157273,3.8915727321524423,1.5297906602254427,1.1137949543746646,1.0869565217391304,0.13419216317767044
90,27.34836285560923,24.50348899624262,28.60305958132045,12.365807836822329,3.864734299516908,0.9796027911969941,1.1137949543746646,1.0869565217391304,0.13419216317767044
91,27.469135802469136,24.46323134728932,28.495705850778315,12.258454106280194,3.864734299516908,0.9796027911969941,1.1137949543746646,1.221148684916801,0.13419216317767044
92,27.375201288244767,24.08078368223296,27.42216854535695,12.781803542673108,4.49543746645196,1.4962426194310252,1.1137949543746646,1.1003757380568975,0.13419216317767044
93,27.086688137412775,23.678207192699947,28.113258185721953,12.781803542673108,4.49543746645196,1.4962426194310252,1.1137949543746646,1.1003757380568975,0.13419216317767044
94,26.422436929683307,21.826355340848096,30.9849704777241,12.72812667740204,4.206924315619967,1.4962426194310252,1.1137949543746646,1.0869565217391304,0.13419216317767044
95,26.50966183574879,21.85319377348363,30.870907139023082,12.72812667740204,4.206924315619967,1.4962426194310252,1.1137949543746646,1.0869565217391304,0.13419216317767044
96,24.315619967793882,21.430488459473967,37.5805152979066,10.285829307568438,4.206924315619967,0.8319914117015567,1.1137949543746646,0.23483628556092323,
97,24.40955448201825,21.39694041867955,36.74852388620504,10.225442834138486,4.206924315619967,0.8319914117015567,1.1137949543746646,1.06682769726248,
98,24.490069779924852,21.36339237788513,36.70826623725174,10.225442834138486,4.200214707461084,0.8319914117015567,1.1137949543746646,1.06682769726248,
99,24.765163714439076,20.9272678475577,36.553945249597426,9.212292002147075,4.200214707461084,0.7179280730005367,2.5563607085346214,1.06682769726248,
100,24.993290391841118,20.8870101986044,36.44659151905529,9.185453569511541,4.1532474503489,0.7179280730005367,2.5563607085346214,1.0601180891035964,
101,25.0402576489533,20.86688137412775,36.41975308641975,8.668813741277509,4.898013955984971,0.7179280730005367,2.328234031132582,1.0601180891035964,
102,25.05367686527107,20.71256038647343,36.02388620504563,8.641975308641975,4.871175523349437,0.8387010198604401,2.677133655394525,1.1808910359634996,
103,25.07380568974772,20.497852925389157,35.43344068706388,9.225711218464841,4.8443370907139025,0.8051529790660226,2.9388083735909825,1.1808910359634996,
104,25.221417069243156,20.43075684380032,35.42002147074611,9.212292002147075,4.790660225442834,0.8051529790660226,2.9388083735909825,1.1808910359634996,
105,25.13419216317767,20.2361782071927,35.70182501341922,9.212292002147075,4.790660225442834,0.8051529790660226,2.9388083735909825,1.1808910359634996,
106,25.181159420289855,20.2361782071927,35.61460010735373,9.359903381642512,4.777241009125067,0.8051529790660226,2.844873859366613,1.1808910359634996,
107,24.993290391841118,20.209339774557165,33.13204508856683,12.68786902844874,4.777241009125067,0.8051529790660226,2.844873859366613,0.5501878690284487,
108,24.396135265700483,18.61916264090177,33.02469135802469,15.915190552871712,4.1532474503489,0.6910896403650026,2.6502952227589907,0.5501878690284487,
109,24.496779388083738,18.471551261406333,32.991143317230275,15.881642512077295,4.294149221685454,0.6910896403650026,2.623456790123457,0.5501878690284487,
110,24.40955448201825,17.8743961352657,33.73590982286635,15.848094471282877,4.26731078904992,0.6910896403650026,2.623456790123457,0.5501878690284487,
111,24.59742351046699,17.834138486312398,33.675523349436396,15.465646806226516,4.26731078904992,0.6910896403650026,2.5966183574879227,0.8722490606548577,
112,24.765163714439076,17.767042404723565,33.50107353730542,15.432098765432098,4.233762748255502,0.6910896403650026,2.5966183574879227,1.0131508319914118,
113,25.161030595813205,17.612721417069242,33.17901234567901,15.432098765432098,4.233762748255502,0.6910896403650026,2.5966183574879227,1.093666129898014,
114,25.0402576489533,17.901234567901234,33.09849704777241,15.405260332796564,4.233762748255502,0.6910896403650026,2.536231884057971,1.093666129898014,
115,25.234836285560924,17.834138486312398,31.890767579173378,15.391841116478798,4.233762748255502,1.8250134192163177,2.522812667740204,1.06682769726248,
116,25.328770799785293,17.827428878153516,31.80354267310789,15.391841116478798,4.233762748255502,1.8250134192163177,2.522812667740204,1.06682769726248,
117,23.336017176596886,20.202630166398283,31.159420289855074,15.291196994095545,4.320987654320987,1.8115942028985508,2.8113258185721954,1.06682769726248,
118,21.430488459473967,22.450348899624263,30.810520665593128,15.157004830917874,4.320987654320987,1.8585614600107354,2.9052603327965647,1.06682769726248,
119,21.611647879763822,22.436929683306495,30.649490069779926,15.150295222758992,4.320987654320987,1.8585614600107354,2.9052603327965647,1.06682769726248,
120,21.866612989801396,22.436929683306495,30.44820182501342,15.103327965646805,4.320987654320987,1.8585614600107354,2.9052603327965647,1.0601180891035964,
121,20.585077831454644,28.650026838432634,29.7638217928073,11.735104669887278,2.898550724637681,1.7310789049919484,3.717122920021471,0.9192163177670424,
122,20.73268921095008,28.650026838432634,29.61621041331186,11.735104669887278,2.898550724637681,1.7310789049919484,3.717122920021471,0.9192163177670424,
123,20.78636607622115,28.6231884057971,29.58937198067633,11.735104669887278,2.898550724637681,1.7310789049919484,3.717122920021471,0.9192163177670424,
124,20.90713902308105,28.535963499731615,29.320987654320987,11.708266237251744,2.898550724637681,1.7310789049919484,3.717122920021471,1.1808910359634996,
125,21.101717659688674,28.482286634460547,29.220343531937736,11.694847020933977,2.898550724637681,1.7310789049919484,3.7037037037037037,1.1674718196457328,
126,21.20907139023081,28.435319377348364,29.17337627482555,11.694847020933977,2.898550724637681,1.7176596886741815,3.7037037037037037,1.1674718196457328,
127,21.370101986044016,26.41572732152442,31.447933440687063,11.366076221148685,2.871712292002147,1.710950080515298,3.7037037037037037,1.1137949543746646,
128,21.39694041867955,26.402308105206657,31.4345142243693,11.366076221148685,2.871712292002147,1.710950080515298,3.7037037037037037,1.1137949543746646,
129,21.182232957595275,26.321792807300053,32.09205582393988,11.057434245840042,2.831454643048846,1.710950080515298,3.6902844873859366,1.1137949543746646,
130,21.054750402576488,26.321792807300053,31.655931293612454,10.876274825550189,2.831454643048846,1.8384326355340848,4.30756843800322,1.1137949543746646,
131,21.00107353730542,25.49651100375738,32.56172839506173,10.849436392914654,2.831454643048846,1.8384326355340848,4.30756843800322,1.1137949543746646,
132,21.26945786366076,25.469672571121848,32.52818035426731,10.762211486849168,2.804616210413312,1.7444981213097155,4.30756843800322,1.1137949543746646,
133,21.316425120772948,25.140901771336555,32.50805152979066,10.72866344605475,2.804616210413312,1.8719806763285025,4.51556629092861,1.1137949543746646,
134,21.101717659688674,25.11406333870102,32.25308641975309,10.72866344605475,2.804616210413312,2.368491680085883,4.51556629092861,1.1137949543746646,
135,21.175523349436393,25.11406333870102,32.25308641975309,10.701825013419215,2.804616210413312,2.3617820719269993,4.4753086419753085,1.1137949543746646,
136,21.336553945249598,25.07380568974772,32.19940955448202,10.674986580783683,2.7844873859366612,2.341653247450349,4.4753086419753085,1.1137949543746646,
137,21.101717659688674,24.44310252281267,31.749865807836823,10.674986580783683,4.126409017713366,2.3215244229736984,4.468599033816425,1.1137949543746646,
138,20.779656468062264,24.053945249597422,32.48121309715513,10.654857756307031,4.126409017713366,2.3215244229736984,4.468599033816425,1.1137949543746646,
139,20.994363929146537,23.993558776167472,32.400697799248526,10.654857756307031,4.092860976918948,2.281266774020397,4.468599033816425,1.1137949543746646,
140,20.719269994632313,26.67740203972088,29.22705314009662,11.460010735373054,4.052603327965647,2.281266774020397,4.468599033816425,1.1137949543746646,
141,20.638754696725712,26.301663982823403,29.978529253891573,11.16478797638218,4.052603327965647,2.281266774020397,4.468599033816425,1.1137949543746646,
142,20.853462157809982,26.127214170692433,29.944981213097154,11.16478797638218,4.052603327965647,2.281266774020397,4.461889425657541,1.1137949543746646,
143,21.00107353730542,26.080246913580247,29.911433172302736,11.131239935587761,4.052603327965647,2.281266774020397,4.461889425657541,1.0802469135802468,
144,21.128556092324207,26.060118089103597,29.864465915190554,11.09098228663446,4.052603327965647,2.2611379495437465,4.461889425657541,1.0802469135802468,
145,21.430488459473967,26.006441223832528,29.683306494900698,11.023886205045626,4.052603327965647,2.2611379495437465,4.461889425657541,1.0802469135802468,
146,21.564680622651636,25.99302200751476,29.683306494900698,10.929951690821255,4.025764895330113,2.2611379495437465,4.461889425657541,1.0802469135802468,
147,21.67874396135266,25.979602791196996,29.656468062265162,10.903113258185721,4.086151368760064,2.2611379495437465,4.3545356951154055,1.0802469135802468,
148,21.732420826623724,25.939345142243692,29.656468062265162,10.903113258185721,4.072732152442297,2.2611379495437465,4.3545356951154055,1.0802469135802468,
149,21.967257112184647,25.885668276972623,29.64975845410628,10.789049919484702,4.072732152442297,2.254428341384863,4.300858829844337,1.0802469135802468,
150,22.108158883521202,25.87224906065486,29.602791196994094,10.789049919484702,3.992216854535695,2.254428341384863,4.300858829844337,1.0802469135802468,
151,22.21551261406334,25.83870101986044,29.542404723564143,10.775630703166936,3.992216854535695,2.254428341384863,4.300858829844337,1.0802469135802468,
152,22.19538378958669,25.369028448738593,30.314009661835748,10.63472893183038,3.992216854535695,2.254428341384863,4.159957058507783,1.0802469135802468,
153,22.517444981213096,25.234836285560924,30.14626945786366,10.621309715512615,3.992216854535695,2.254428341384863,4.1532474503489,1.0802469135802468,
154,22.75228126677402,25.026838432635532,30.04562533548041,10.547504025764896,3.992216854535695,2.4020397208803006,4.1532474503489,1.0802469135802468,
155,22.84621578099839,24.416264090177133,30.01207729468599,10.44015029522276,3.992216854535695,3.0730005367686526,4.139828234031133,1.0802469135802468,
156,22.96027911969941,24.376006441223833,29.87788513150832,10.38647342995169,3.992216854535695,3.0730005367686526,4.139828234031133,1.1943102522812667,
157,23.101180891035963,24.315619967793882,29.70343531937735,10.38647342995169,4.086151368760064,3.0730005367686526,4.139828234031133,1.1943102522812667,
158,23.349436392914654,24.235104669887278,29.69001610305958,10.379763821792807,4.066022544283414,2.9589371980676327,4.126409017713366,1.1943102522812667,
159,22.611379495437465,25.15432098765432,29.62962962962963,10.36634460547504,4.066022544283414,2.9388083735909825,4.03918411164788,1.1943102522812667,
160,22.765700483091788,25.10064412238325,28.938539989264626,10.305958132045088,4.770531400966184,2.932098765432099,4.012345679012346,1.1741814278046163,
161,22.859634997316157,24.9597423510467,28.931830381105744,10.305958132045088,4.703435319377348,3.052871712292002,4.012345679012346,1.1741814278046163,
162,22.188674181427803,24.56387546967257,30.421363392377884,10.305958132045088,4.455179817498658,3.052871712292002,3.6231884057971016,1.3888888888888888,
163,21.89345142243693,24.261943102522814,31.159420289855074,10.205314009661835,4.455179817498658,3.052871712292002,3.6231884057971016,1.3486312399355878,
164,22.41009125067096,24.013687600644122,31.05877616747182,10.205314009661835,4.28743961352657,3.052871712292002,3.6231884057971016,1.3486312399355878,
165,22.302737520128826,23.731884057971016,30.96484165324745,10.84272678475577,4.28743961352657,3.046162104133119,3.475577026301664,1.3486312399355878,
166,22.322866344605476,23.67149758454106,31.40096618357488,10.547504025764896,4.28743961352657,3.0193236714975846,3.435319377348363,1.3150831991411702,
167,22.644927536231883,23.43666129898014,31.36070853462158,10.50053676865271,4.28743961352657,3.0193236714975846,3.435319377348363,1.3150831991411702,
168,22.745571658615138,23.30246913580247,31.4345142243693,10.493827160493828,4.180085882984434,3.0193236714975846,3.5091250670960816,1.3150831991411702,
169,22.953569511540525,23.18840579710145,31.414385399892645,10.493827160493828,4.106280193236715,3.0193236714975846,3.5091250670960816,1.3150831991411702,
170,23.201825013419217,22.84621578099839,30.50858829844337,10.399892646269459,4.8443370907139025,3.0193236714975846,3.9184111647879765,1.261406333870102,
171,23.18840579710145,22.665056360708533,30.454911433172303,10.876274825550189,4.8443370907139025,3.0059044551798175,3.7037037037037037,1.261406333870102,
172,23.2487922705314,22.497316156736446,30.340848094471284,10.641438539989265,4.8443370907139025,3.0059044551798175,3.7037037037037037,1.7176596886741815,
173,23.329307568438004,22.32957595276436,30.314009661835748,10.641438539989265,4.958400429414922,3.0059044551798175,3.7037037037037037,1.7176596886741815,
174,23.45679012345679,22.289318303811058,30.287171229200215,10.61460010735373,4.924852388620504,3.0059044551798175,3.7037037037037037,1.7176596886741815,
175,23.544015029522274,22.23564143853999,30.253623188405797,10.61460010735373,4.924852388620504,3.0059044551798175,3.7037037037037037,1.7176596886741815,
176,23.65136876006441,22.168545356951153,30.233494363929147,10.61460010735373,4.924852388620504,3.0059044551798175,3.683574879227053,1.7176596886741815,
177,23.470209339774556,22.114868491680085,29.320987654320987,10.59447128287708,4.904723564143854,3.0059044551798175,4.871175523349437,1.7176596886741815,
178,23.349436392914654,21.215780998389693,28.878153515834676,12.245034889962426,4.884594739667204,2.8381642512077296,4.871175523349437,1.7176596886741815,
179,23.376274825550187,21.202361782071925,28.878153515834676,12.245034889962426,4.871175523349437,2.8381642512077296,4.871175523349437,1.7176596886741815,
180,23.617820719269993,21.14868491680086,28.797638217928075,12.211486849168008,4.851046698872786,2.7979066022544283,4.864465915190553,1.710950080515298,
181,23.74530327428878,21.088298443370906,28.784219001610307,12.191358024691358,4.851046698872786,2.7979066022544283,4.830917874396135,1.710950080515298,
182,23.65136876006441,20.638754696725712,28.5426731078905,11.869296833064949,4.851046698872786,3.9049919484702094,4.830917874396135,1.710950080515298,
183,23.718464841653248,20.611916264090176,28.5426731078905,11.869296833064949,4.810789049919484,3.9049919484702094,4.830917874396135,1.710950080515298,
184,23.805689747718734,20.611916264090176,28.455448201825014,11.869296833064949,4.810789049919484,3.9049919484702094,4.830917874396135,1.710950080515298,
185,23.62453032742888,20.471014492753625,29.240472356414386,11.83574879227053,4.38137412775094,3.9049919484702094,4.830917874396135,1.710950080515298,
186,23.825818572195384,20.108695652173914,29.1935050993022,11.83574879227053,4.663177670424047,3.8311862587224907,4.830917874396135,1.710950080515298,
187,23.91304347826087,20.101986044015028,29.17337627482555,11.81561996779388,4.663177670424047,3.8043478260869565,4.817498658078368,1.710950080515298,
188,24.10762211486849,20.088566827697264,29.139828234031132,11.77536231884058,4.7168545356951155,3.8043478260869565,4.663177670424047,1.7042404723564144,
189,24.27536231884058,20.088566827697264,29.05931293612453,11.77536231884058,4.696725711218465,3.7775093934514223,4.622920021470746,1.7042404723564144,
190,24.510198604401502,20.061728395061728,28.884863123993558,11.77536231884058,4.696725711218465,3.7775093934514223,4.622920021470746,1.6706924315619969,
191,24.36929683306495,20.041599570585078,28.401771336553946,11.741814278046162,4.696725711218465,4.49543746645196,4.622920021470746,1.6304347826086956,
192,24.4296833064949,20.041599570585078,28.361513687600645,11.741814278046162,4.696725711218465,4.49543746645196,4.622920021470746,1.6103059581320451,
193,24.44310252281267,19.719538378958667,28.348094471282877,11.681427804616211,4.690016103059581,4.770531400966184,4.736983360171766,1.6103059581320451,
194,24.456521739130434,19.706119162640903,28.348094471282877,11.681427804616211,4.690016103059581,4.770531400966184,4.736983360171766,1.6103059581320451,
195,24.785292538915726,19.679280730005367,28.25415995705851,11.480139559849706,4.690016103059581,4.7638217928073,4.736983360171766,1.6103059581320451,
196,24.416264090177133,19.51825013419216,27.932098765432098,11.345947396672035,5.797101449275362,4.74369296833065,4.730273752012883,1.5163714439076759,
197,24.50348899624262,19.49812130971551,27.91867954911433,11.345947396672035,5.797101449275362,4.7101449275362315,4.7101449275362315,1.5163714439076759,
198,24.63768115942029,19.47799248523886,27.87842190016103,11.292270531400966,5.797101449275362,4.683306494900698,4.797369833601718,1.4358561460010735,
199,24.698067632850243,19.47799248523886,27.84487385936661,11.292270531400966,5.770263016639828,4.683306494900698,4.797369833601718,1.4358561460010735,
200,24.892646269457863,19.424315619967793,27.717391304347824,11.252012882447666,5.904455179817498,4.575952764358561,4.797369833601718,1.4358561460010735,
201,25.05367686527107,19.350509930220074,27.549651100375737,11.238593666129898,5.904455179817498,4.549114331723027,4.918142780461621,1.4358561460010735,
202,25.228126677402038,19.39747718733226,27.435587761674718,11.057434245840042,6.005099302200751,4.528985507246377,4.918142780461621,1.42914653784219,
203,25.41599570585078,19.370638754696724,27.30139559849705,11.05072463768116,6.005099302200751,4.508856682769726,4.918142780461621,1.42914653784219,
204,25.509930220075148,19.343800322061192,27.30139559849705,11.017176596886742,5.998389694041868,4.40150295222759,4.998658078368224,1.42914653784219,
205,25.704508856682768,19.296833064949006,27.194041867954912,11.017176596886742,5.958132045088567,4.40150295222759,4.998658078368224,1.42914653784219,
206,25.791733762748255,19.249865807836823,27.167203435319376,11.017176596886742,5.9447128287707995,4.40150295222759,4.998658078368224,1.42914653784219,
207,25.966183574879228,19.216317767042405,27.033011272141707,10.997047772410092,6.018518518518518,4.341116478797638,4.998658078368224,1.42914653784219,
208,26.234567901234566,19.068706387546968,26.952495974235106,10.997047772410092,6.018518518518518,4.341116478797638,4.9718196457326895,1.415727321524423,
209,26.321792807300053,19.03515834675255,26.932367149758456,10.963499731615673,6.018518518518518,4.341116478797638,4.9718196457326895,1.415727321524423,
210,26.214439076757916,18.874127750939344,26.818303811057433,10.775630703166936,6.796833064949007,4.1532474503489,4.951690821256038,1.415727321524423,
211,26.31508319914117,18.632581857219538,26.40901771336554,10.775630703166936,7.434245840042942,4.1532474503489,4.864465915190553,1.415727321524423,
212,26.35534084809447,18.632581857219538,26.40901771336554,10.782340311325818,7.434245840042942,4.119699409554482,4.851046698872786,1.415727321524423,
213,26.422436929683307,18.59903381642512,26.37546967257112,10.782340311325818,7.434245840042942,4.119699409554482,4.851046698872786,1.415727321524423,
214,26.40901771336554,18.5654857756307,26.06682769726248,10.681696188942565,7.494632313472893,4.0995705850778315,5.501878690284487,1.1808910359634996,
215,26.576757917337627,18.4849704777241,26.03327965646806,10.63472893183038,7.4141170155662905,4.086151368760064,5.763553408480945,1.0064412238325282,
216,26.717659688674182,17.867686527106816,26.596886741814277,10.607890499194847,7.407407407407407,4.086151368760064,5.709876543209877,1.0064412238325282,
217,26.878690284487387,17.753623188405797,26.663982823403114,10.607890499194847,7.333601717659689,4.045893719806763,5.709876543209877,1.0064412238325282,
218,27.012882447665056,17.673107890499196,26.617015566290927,10.601180891035963,7.333601717659689,4.045893719806763,5.709876543209877,1.0064412238325282,
219,27.120236178207193,17.59259259259259,26.617015566290927,10.587761674718196,7.333601717659689,4.032474503488996,5.709876543209877,1.0064412238325282,
220,27.18733225979603,17.579173376274827,26.576757917337627,10.57434245840043,7.333601717659689,4.032474503488996,5.709876543209877,1.0064412238325282,
221,27.2812667740204,17.56575415995706,26.54320987654321,10.57434245840043,7.300053676865271,4.019055287171229,5.709876543209877,1.0064412238325282,
222,27.542941492216855,17.398013955984972,26.482823403113258,10.520665593129362,7.27992485238862,3.992216854535695,5.776972624798712,1.0064412238325282,
223,27.63016639828234,17.357756307031668,26.455984970477726,10.520665593129362,7.273215244229737,3.992216854535695,5.763553408480945,1.0064412238325282,
224,27.4422973698336,17.3040794417606,26.422436929683307,11.104401502952227,7.253086419753086,3.992216854535695,5.475040257648954,1.0064412238325282,
225,27.636876006441224,17.270531400966185,26.34863123993559,11.017176596886742,7.253086419753086,3.992216854535695,5.475040257648954,1.0064412238325282,
226,27.576489533011273,17.008856682769725,26.268115942028984,11.003757380568974,7.212828770799785,3.992216854535695,5.9447128287707995,0.9930220075147611,
227,27.74422973698336,16.97530864197531,26.093666129898015,10.997047772410092,7.185990338164252,3.992216854535695,6.018518518518518,0.9930220075147611,
228,27.925389157273216,16.847826086956523,25.811862587224905,11.292270531400966,7.1725711218464845,3.965378421900161,6.018518518518518,0.966183574879227,
229,27.95222758990875,16.847826086956523,25.811862587224905,11.406333870101985,7.03166935050993,3.965378421900161,6.018518518518518,0.966183574879227,
230,28.012614063338702,16.820987654320987,25.677670424047236,11.366076221148685,7.024959742351046,3.965378421900161,6.018518518518518,1.1137949543746646,
231,28.401771336553946,16.67337627482555,25.523349436392916,11.345947396672035,6.971282877079979,3.965378421900161,6.018518518518518,1.1003757380568975,
232,28.462157809983896,16.666666666666668,25.315351583467525,11.037305421363392,6.971282877079979,4.5893719806763285,6.011808910359635,0.9460547504025765,
233,28.495705850778315,16.666666666666668,25.315351583467525,11.003757380568974,6.971282877079979,4.5893719806763285,6.011808910359635,0.9460547504025765,
234,28.65673644659152,16.666666666666668,25.248255501878692,10.997047772410092,6.971282877079979,4.5893719806763285,5.971551261406334,0.8990874932903918,
235,28.864734299516908,16.57944176060118,25.13419216317767,10.990338164251208,6.971282877079979,4.5893719806763285,5.971551261406334,0.8990874932903918,
236,29.005636070853463,16.51905528717123,25.0805152979066,10.976918947933441,6.971282877079979,4.575952764358561,5.971551261406334,0.8990874932903918,
237,29.1129898013956,16.51905528717123,25.046967257112186,10.950080515297907,6.951154052603328,4.575952764358561,5.9447128287707995,0.8990874932903918,
238,29.20692431561997,16.478797638217927,25.02012882447665,10.93666129898014,6.937734836285561,4.575952764358561,5.9447128287707995,0.8990874932903918,
239,29.26731078904992,16.478797638217927,24.973161567364468,10.93666129898014,6.937734836285561,4.575952764358561,5.931293612453032,0.8990874932903918,
240,29.508856682769725,16.364734299516908,24.93961352657005,10.86285560923242,6.91760601180891,4.575952764358561,5.931293612453032,0.8990874932903918,
241,29.56924315619968,16.358024691358025,24.9194847020934,10.86285560923242,6.89747718733226,4.569243156199678,5.924584004294149,0.8990874932903918,
242,29.837627482555018,16.344605475040257,24.832259796027913,10.86285560923242,6.816961889425658,4.4820182501341925,5.924584004294149,0.8990874932903918,
243,29.87788513150832,16.344605475040257,24.818840579710145,10.86285560923242,6.790123456790123,4.4820182501341925,5.924584004294149,0.8990874932903918,
244,30.018786902844873,16.31105743424584,24.718196457326894,10.86285560923242,6.78341384863124,4.4820182501341925,5.924584004294149,0.8990874932903918,
245,30.152979066022546,16.27079978529254,24.671229200214707,10.856146001073537,6.78341384863124,4.4820182501341925,5.884326355340848,0.8990874932903918,
246,30.14626945786366,16.223832528180353,24.62426194310252,10.856146001073537,6.78341384863124,4.448470209339774,6.018518518518518,0.8990874932903918,
247,30.233494363929147,16.223832528180353,24.570585077831456,10.856146001073537,6.749865807836822,4.448470209339774,6.018518518518518,0.8990874932903918,
248,30.495169082125603,16.210413311862588,24.490069779924852,10.815888352120236,6.729736983360172,4.394793344068707,5.964841653247451,0.8990874932903918,
249,30.495169082125603,16.210413311862588,24.490069779924852,10.815888352120236,6.729736983360172,4.394793344068707,5.964841653247451,0.8990874932903918,
250,30.629361245303276,16.076221148684915,24.27536231884058,10.762211486849168,6.696188942565755,4.609500805152979,6.052066559312936,0.8990874932903918,
251,30.703166935050994,15.881642512077295,24.12775093934514,11.05072463768116,6.696188942565755,4.609500805152979,6.031937734836285,0.8990874932903918,
252,30.723295759527645,15.861513687600644,24.12775093934514,11.05072463768116,6.696188942565755,4.609500805152979,6.031937734836285,0.8990874932903918,
253,30.810520665593128,15.854804079441761,24.074074074074073,11.030595813204508,6.696188942565755,4.609500805152979,6.025228126677402,0.8990874932903918,
254,30.441492216854535,16.358024691358025,24.040526033279658,11.010466988727858,6.655931293612453,4.582662372517445,6.011808910359635,0.8990874932903918,
255,30.50858829844337,16.358024691358025,24.033816425120772,10.990338164251208,6.655931293612453,4.582662372517445,5.971551261406334,0.8990874932903918,
256,30.756843800322063,16.163446054750402,24.00697799248524,11.003757380568974,6.655931293612453,4.582662372517445,5.971551261406334,0.8588298443370908,
257,30.776972624798713,16.163446054750402,24.00697799248524,11.003757380568974,6.655931293612453,4.575952764358561,5.958132045088567,0.8588298443370908,
258,30.938003220611915,16.035963499731615,24.000268384326354,11.003757380568974,6.642512077294686,4.575952764358561,5.9447128287707995,0.8588298443370908,
259,30.95813204508857,16.002415458937197,23.98684916800859,10.93666129898014,6.749865807836822,4.562533548040794,5.9447128287707995,0.8588298443370908,
260,30.9849704777241,15.915190552871712,23.95330112721417,10.929951690821255,6.749865807836822,4.562533548040794,6.045356951154052,0.8588298443370908,
261,31.05877616747182,15.861513687600644,23.939881910896403,10.929951690821255,6.743156199677939,4.562533548040794,6.045356951154052,0.8588298443370908,
262,31.186258722490606,15.854804079441761,23.91304347826087,10.86285560923242,6.743156199677939,4.549114331723027,6.031937734836285,0.8588298443370908,
263,31.246645195920557,15.821256038647343,23.91304347826087,10.86285560923242,6.723027375201288,4.542404723564144,6.031937734836285,0.8588298443370908,
264,31.45464304884595,15.754159957058508,23.79898013955985,10.86285560923242,6.723027375201288,4.542404723564144,6.005099302200751,0.8588298443370908,
265,31.622383252818036,15.754159957058508,23.79898013955985,10.836017176596886,6.629092860976919,4.49543746645196,6.005099302200751,0.8588298443370908,
266,31.810252281266774,15.74074074074074,23.65136876006441,10.809178743961352,6.629092860976919,4.49543746645196,6.005099302200751,0.8588298443370908,
267,31.884057971014492,15.74074074074074,23.53059581320451,10.809178743961352,6.568706387546968,4.602791196994096,6.005099302200751,0.8588298443370908,
268,31.944444444444443,15.72061191626409,23.503757380568974,10.795759527643586,6.568706387546968,4.602791196994096,6.005099302200751,0.8588298443370908,
269,32.23966720343532,15.693773483628556,23.382984433709073,10.789049919484702,6.541867954911433,4.508856682769726,5.984970477724101,0.8588298443370908,
270,32.400697799248526,15.619967793880837,23.30246913580247,10.789049919484702,6.541867954911433,4.502147074610843,5.984970477724101,0.8588298443370908,
271,32.689210950080515,15.60654857756307,23.22866344605475,10.61460010735373,6.541867954911433,4.414922168545357,5.964841653247451,0.9393451422436929,
272,32.83682232957595,15.60654857756307,23.19511540526033,10.61460010735373,6.501610305958132,4.3478260869565215,5.958132045088567,0.9393451422436929,
273,33.01798174986581,15.58641975308642,23.1682769726248,10.513955984970478,6.468062265163715,4.3478260869565215,5.958132045088567,0.9393451422436929,
