,45,50,55,51,52,53,54,56,57,60,59,58,61
0,89.76113794954375,10.238862050456254,,,,,,,,,,,
1,87.39935587761674,12.560386473429952,0.040257648953301126,,,,,,,,,,
2,83.82984433709072,16.129898013955984,0.040257648953301126,,,,,,,,,,
3,80.56897477187333,19.390767579173378,0.040257648953301126,,,,,,,,,,
4,76.75791733762749,23.18840579710145,0.05367686527106817,,,,,,,,,,
5,75.87224906065485,24.074074074074073,0.05367686527106817,,,,,,,,,,
6,75.49651100375738,21.524422973698336,0.2281266774020397,2.7509393451422435,,,,,,,,,
7,66.6129898013956,29.824208266237253,0.2281266774020397,2.7509393451422435,0.46967257112184646,0.11406333870101985,,,,,,,
8,66.14331723027375,30.18652710681696,0.33548040794417605,2.7509393451422435,0.46967257112184646,0.11406333870101985,,,,,,,
9,56.736446591519055,39.29817498658078,0.43612453032742887,2.7509393451422435,0.5703166935050993,0.20799785292538917,,,,,,,
10,52.55636070853462,41.599570585077835,0.5568974771873323,4.468599033816425,0.6105743424584005,0.20799785292538917,,,,,,,
11,51.13392377885131,41.26409017713365,0.8387010198604401,5.9447128287707995,0.6105743424584005,0.20799785292538917,,,,,,,
12,47.51073537305421,44.83360171765969,0.8856682769726248,5.9514224369296835,0.6105743424584005,0.20799785292538917,,,,,,,
13,46.43719806763285,45.611916264090176,1.0332796564680622,6.099033816425121,0.6105743424584005,0.20799785292538917,,,,,,,
14,45.6454643048846,46.26945786366076,1.1473429951690821,5.904455179817498,0.6105743424584005,0.20799785292538917,0.07380568974771873,0.14090177133655393,,,,,
15,45.46430488459474,46.05475040257649,1.1473429951690821,5.709876543209877,1.06682769726248,0.24825550187869028,0.07380568974771873,0.14090177133655393,0.0939345142243693,,,,
16,45.44417606011809,46.0077831454643,1.2144390767579174,5.709876543209877,1.06682769726248,0.24825550187869028,0.07380568974771873,0.14090177133655393,0.0939345142243693,,,,
17,45.02147074610843,45.65217391304348,1.415727321524423,5.629361245303274,1.6438539989264627,0.24825550187869028,0.07380568974771873,0.2214170692431562,0.0939345142243693,,,,
18,44.16264090177134,45.819914117015564,1.7713365539452497,6.005099302200751,1.6035963499731616,0.24825550187869028,0.07380568974771873,0.2214170692431562,0.0939345142243693,,,,
19,41.47879763821793,46.73242082662372,1.6371443907675791,7.575147611379496,1.865271068169619,0.24825550187869028,0.07380568974771873,0.2952227589908749,0.0939345142243693,,,,
20,36.574074074074076,50.234836285560924,1.8384326355340848,7.37385936661299,2.0933977455716586,0.9863123993558777,0.5099302200751477,0.2952227589908749,0.0939345142243693,,,,
21,34.35319377348363,51.37546967257112,1.8317230273752012,7.179280730005368,3.2541599570585076,0.9863123993558777,0.630703166935051,0.2952227589908749,0.0939345142243693,,,,
22,34.225711218464845,50.93263553408481,2.0128824476650564,7.152442297369833,3.589640365002684,0.9863123993558777,0.630703166935051,0.2952227589908749,0.17444981213097155,,,,
23,30.454911433172303,38.801663982823406,1.6908212560386473,18.23671497584541,7.1658615136876005,2.4825550187869028,0.6977992485238862,0.2952227589908749,0.17444981213097155,,,,
24,30.495169082125603,36.822329575952764,1.7914653784219001,20.115405260332796,7.159151905528717,2.368491680085883,0.6977992485238862,0.3757380568974772,0.17444981213097155,,,,
25,29.851046698872786,37.39935587761675,1.6639828234031133,20.068438003220614,7.125603864734299,2.368491680085883,0.7514761137949544,0.5971551261406334,0.17444981213097155,,,,
26,29.61621041331186,37.57380568974772,1.6908212560386473,20.068438003220614,7.0383789586688135,2.368491680085883,0.8454106280193237,0.5971551261406334,0.20128824476650564,,,,
27,29.830917874396135,37.124261943102525,2.1940418679549114,19.75979602791197,7.0383789586688135,2.368491680085883,0.8454106280193237,0.6374127750939346,0.20128824476650564,,,,
28,29.864465915190554,36.15807836822329,1.9122383252818036,20.974235104669887,7.541599570585078,2.0263016639828235,1.0265700483091786,0.49651100375738055,,,,,
29,18.10252281266774,56.60896403650027,1.3754696725711217,11.79549114331723,9.460547504025765,1.2345679012345678,0.9728931830381106,0.4495437466451959,,,,,
30,18.04213633923779,54.77724100912507,2.8247450348899625,11.768652710681696,9.534353193773484,1.6304347826086956,0.9728931830381106,0.4495437466451959,,,,,
31,18.310520665593128,52.20746108427268,5.146269457863661,11.728395061728396,9.514224369296834,1.596886741814278,0.9728931830381106,0.5233494363929146,,,,,
32,18.54535695115405,51.85856146001073,5.273752012882448,11.66129898013956,9.433709071390231,1.596886741814278,1.107085346215781,0.5233494363929146,,,,,
33,18.67283950617284,48.07434245840043,5.2066559312936125,15.445517981749866,9.420289855072463,1.5499194847020934,1.107085346215781,0.5233494363929146,,,,,
34,18.035426731078903,44.60547504025765,5.501878690284487,17.21014492753623,11.500268384326356,1.5499194847020934,1.093666129898014,0.36902844873859364,0.13419216317767044,,,,
35,17.793880837359097,41.83440687063875,5.60252281266774,18.243424584004295,9.896672034353195,2.576489533011272,3.388352120236178,0.5300590445517982,0.13419216317767044,,,,
36,17.612721417069242,40.15700483091788,6.045356951154052,17.53220611916264,10.238862050456254,2.341653247450349,4.99194847020934,0.7514761137949544,0.2885131508319914,0.040257648953301126,,,
37,17.411433172302736,39.67391304347826,6.239935587761675,17.55233494363929,10.198604401502953,2.341653247450349,4.99194847020934,1.261406333870102,0.2885131508319914,0.040257648953301126,,,
38,15.640096618357488,41.34460547504026,6.3137412775093935,16.70692431561997,11.05072463768116,2.341653247450349,4.944981213097155,1.2815351583467525,0.2885131508319914,0.08722490606548577,,,
39,15.633387010198604,40.64009661835749,6.286902844873859,17.143048845947398,11.05072463768116,2.341653247450349,5.246913580246914,1.2815351583467525,0.2885131508319914,0.08722490606548577,,,
40,15.673644659151906,38.29844337090714,6.0587761674718195,17.780461621041333,11.023886205045626,2.341653247450349,7.27992485238862,1.1674718196457328,0.2885131508319914,0.08722490606548577,,,
41,15.217391304347826,38.67418142780462,6.649221685453569,17.975040257648953,10.943370907139023,2.3215244229736984,6.723027375201288,1.1674718196457328,0.2885131508319914,0.040257648953301126,,,
42,14.88191089640365,38.016639828234034,6.810252281266774,18.733225979602793,9.621578099838969,3.7573805689747717,6.709608158883521,1.1406333870101986,0.2885131508319914,0.040257648953301126,,,
43,14.928878153515834,37.19806763285024,6.944444444444445,17.921363392377884,10.379763821792807,3.743961352657005,7.219538378958669,1.3352120236178207,0.2885131508319914,0.040257648953301126,,,
44,14.955716586151368,36.69484702093398,6.877348362855609,17.840848094471284,11.325818572195384,3.7238325281803544,6.884057971014493,1.3687600644122384,0.2885131508319914,0.040257648953301126,,,
45,14.78797638217928,35.607890499194845,7.669082125603865,17.746913580246915,11.325818572195384,4.186795491143317,6.884057971014493,1.4626945786366077,0.2885131508319914,0.040257648953301126,,,
46,14.895330112721417,34.86983360171766,8.105206655931294,17.371175523349436,10.789049919484702,4.683306494900698,7.501341921631776,1.4626945786366077,0.15432098765432098,0.16774020397208803,,,
47,14.928878153515834,34.735641438539986,8.071658615136876,17.08937198067633,11.191626409017713,4.683306494900698,7.273215244229737,1.4626945786366077,0.15432098765432098,0.2616747181964573,0.14761137949543746,,
48,14.99597423510467,34.634997316156735,8.071658615136876,17.12962962962963,11.272141706924316,4.683306494900698,7.0450885668276975,1.6035963499731616,0.15432098765432098,0.2616747181964573,0.14761137949543746,,
49,15.157004830917874,34.46054750402576,8.13875469672571,16.74718196457327,11.741814278046162,4.669887278582931,7.018250134192163,1.5029522275899088,0.15432098765432098,0.2616747181964573,0.14761137949543746,,
50,15.197262479871176,34.326355340848096,8.3064949006978,16.680085882984432,11.741814278046162,4.669887278582931,7.011540526033279,1.5029522275899088,0.15432098765432098,0.2616747181964573,0.14761137949543746,,
51,15.22410091250671,34.21229200214707,8.299785292538916,16.6532474503489,11.862587224906065,4.669887278582931,7.011540526033279,1.5029522275899088,0.15432098765432098,0.2616747181964573,0.14761137949543746,,
52,14.398819108964037,34.245840042941495,8.3467525496511,16.5727321524423,12.600644122383253,4.636339237788513,7.132313472893183,1.5029522275899088,0.15432098765432098,0.2616747181964573,0.14761137949543746,,
53,13.70101986044015,32.407407407407405,8.467525496511003,19.384057971014492,12.218196457326892,4.622920021470746,7.159151905528717,1.5029522275899088,0.1274825550187869,0.2616747181964573,0.14761137949543746,,
54,13.6808910359635,31.843800322061192,8.514492753623188,18.00187869028449,14.04320987654321,4.7168545356951155,7.105475040257649,1.5029522275899088,0.18115942028985507,0.2616747181964573,0.14761137949543746,,
55,13.123993558776167,31.146001073537306,8.467525496511003,19.196188942565755,13.976113794954374,4.7101449275362315,7.232957595276436,1.556629092860977,0.18115942028985507,0.2616747181964573,0.14761137949543746,,
56,13.33870101986044,30.495169082125603,9.111647879763822,19.0955448201825,13.882179280730005,4.7101449275362315,7.1725711218464845,1.6035963499731616,0.18115942028985507,0.2616747181964573,0.14761137949543746,,
57,13.385668276972625,30.26033279656468,8.232689210950081,18.337359098228664,13.781535158346752,6.273483628556092,7.568438003220612,1.6035963499731616,0.2281266774020397,0.18115942028985507,0.14761137949543746,,
58,13.47289318303811,28.401771336553946,10.02415458937198,17.800590445517983,13.707729468599034,6.139291465378422,8.07836822329576,1.6841116478797638,0.27509393451422437,0.18115942028985507,0.14761137949543746,0.08722490606548577,
59,13.41250670960816,27.542941492216855,9.88996242619431,20.893719806763286,12.915995705850777,6.139291465378422,7.25979602791197,1.442565754159957,0.27509393451422437,0.08051529790660225,0.14761137949543746,,
60,13.103864734299517,26.932367149758456,9.896672034353195,22.403381642512077,12.466451959205582,5.884326355340848,6.9243156199677935,1.9390767579173376,0.27509393451422437,0.03354804079441761,0.14090177133655393,,
61,9.205582393988191,11.211755233494364,1.6103059581320451,60.507246376811594,6.233225979602791,2.9723564143853998,6.561996779388084,1.482823403113258,0.2147074610842727,,,,
62,9.125067096081589,10.789049919484702,1.8719806763285025,59.50751476113795,6.199677938808374,2.9723564143853998,6.561996779388084,2.757648953301127,0.2147074610842727,,,,
63,9.433709071390231,10.762211486849168,1.892109500805153,56.796833064949006,6.199677938808374,2.9723564143853998,6.508319914117015,5.22007514761138,0.2147074610842727,,,,
64,9.561191626409018,10.735373054213634,1.892109500805153,56.57541599570585,6.199677938808374,2.999194847020934,6.494900697799249,5.3274288781535155,0.2147074610842727,,,,
65,9.534353193773484,10.091250670960816,1.8048845947396672,59.50080515297907,4.159957058507783,2.9253891572732154,6.857219538378959,5.065754159957058,0.06038647342995169,,,,
66,8.085077831454644,11.647879763821793,1.892109500805153,59.044551798174986,4.159957058507783,2.9253891572732154,6.749865807836822,5.434782608695652,0.06038647342995169,,,,
67,8.125335480407944,11.647879763821793,1.892109500805153,58.984165324745035,4.159957058507783,2.9253891572732154,6.729736983360172,5.475040257648954,0.06038647342995169,,,,
68,8.111916264090176,8.507783145464305,2.120236178207193,61.70155662909286,4.133118625872249,2.9253891572732154,6.729736983360172,5.709876543209877,0.06038647342995169,,,,
69,8.279656468062266,8.507783145464305,2.120236178207193,61.45330112721417,4.133118625872249,2.9253891572732154,6.850509930220075,5.595813204508857,0.13419216317767044,,,,
70,6.635802469135802,6.595544820182502,1.4694041867954912,76.84514224369296,3.770799785292539,1.9457863660762211,2.3550724637681157,0.33548040794417605,0.04696725711218465,,,,
71,6.796833064949007,6.595544820182502,1.5901771336553945,76.37546967257113,3.7640901771336552,2.0263016639828235,2.4020397208803006,0.4025764895330113,0.04696725711218465,,,,
72,6.904186795491143,6.5485775630703165,1.710950080515298,72.07461084272678,3.569511540526033,2.0263016639828235,6.756575415995706,0.36231884057971014,0.04696725711218465,,,,
73,6.984702093397746,6.5485775630703165,10.46027911969941,63.24476650563607,3.549382716049383,2.0128824476650564,6.763285024154589,0.38915727321524424,0.04696725711218465,,,,
74,7.098765432098766,6.461352657004831,10.68840579710145,62.956253354804076,3.616478797638218,2.006172839506173,6.756575415995706,0.36902844873859364,0.04696725711218465,,,,
75,6.977992485238862,6.387546967257112,19.30354267310789,51.82501341921632,3.5292538915727323,1.9927536231884058,9.400161030595813,0.36902844873859364,0.04696725711218465,,,0.1274825550187869,0.040257648953301126
76,7.098765432098766,6.327160493827161,19.410896403650028,51.54320987654321,3.556092324208266,2.100107353730542,9.380032206119163,0.36902844873859364,0.04696725711218465,,,0.1274825550187869,0.040257648953301126
77,7.192699946323135,6.293612453032743,22.879763821792807,47.86634460547504,3.535963499731616,2.167203435319377,9.353193773483628,0.36902844873859364,0.04696725711218465,,,0.1274825550187869,0.16774020397208803
78,7.273215244229737,6.286902844873859,21.906870638754697,47.58454106280193,3.535963499731616,2.167203435319377,10.527375201288244,0.36902844873859364,0.04696725711218465,,,0.1274825550187869,0.17444981213097155
79,7.4141170155662905,6.286902844873859,20.638754696725712,45.450885668276975,3.535963499731616,2.167203435319377,13.768115942028986,0.36902844873859364,0.04696725711218465,0.020128824476650563,,0.1274825550187869,0.17444981213097155
80,7.548309178743962,6.280193236714976,20.8467525496511,45.1154052603328,3.5225442834138487,2.167203435319377,13.754696725711218,0.33548040794417605,0.04696725711218465,0.020128824476650563,,0.1274825550187869,0.23483628556092323
81,7.742887815351583,6.260064412238325,20.90042941492217,44.6658615136876,3.5225442834138487,2.167203435319377,13.70101986044015,0.5099302200751477,0.16774020397208803,0.020128824476650563,,0.1274825550187869,0.2147074610842727
82,7.809983896940419,6.260064412238325,18.840579710144926,42.78717122920021,3.515834675254965,2.636876006441224,17.176596886741816,0.48980139559849706,0.12077294685990338,0.020128824476650563,,0.1274825550187869,0.2147074610842727
83,7.883789586688137,6.260064412238325,17.753623188405797,41.7337627482555,3.515834675254965,5.622651637144391,16.317767042404725,0.48980139559849706,0.12077294685990338,0.020128824476650563,,0.1274825550187869,0.15432098765432098
84,8.038110574342458,6.078904991948471,18.666129898013956,40.94873859366613,3.515834675254965,5.622651637144391,16.304347826086957,0.48980139559849706,0.12077294685990338,0.020128824476650563,,0.0067096081588835215,0.1878690284487386
85,8.038110574342458,5.924584004294149,18.793612453032743,40.98899624261943,3.4957058507783145,5.5689747718733225,16.297638217928075,0.48980139559849706,0.1878690284487386,0.020128824476650563,,0.0067096081588835215,0.1878690284487386
86,8.225979602791197,5.924584004294149,18.625872249060656,40.915190552871714,3.4957058507783145,5.448201825013419,16.223832528180353,0.6172839506172839,0.1878690284487386,0.05367686527106817,,0.0067096081588835215,0.27509393451422437
87,8.333333333333334,5.924584004294149,18.04884594739667,39.51959205582394,3.4957058507783145,5.340848094471283,18.23671497584541,0.6172839506172839,0.12077294685990338,0.08051529790660225,,0.0067096081588835215,0.27509393451422437
88,8.179012345679013,6.112453032742888,19.95437466451959,36.460010735373054,3.4957058507783145,5.340848094471283,18.4447128287708,0.644122383252818,0.12077294685990338,0.14761137949543746,0.013419216317767043,0.8588298443370908,0.2281266774020397
89,8.266237251744498,6.112453032742888,19.840311325818572,36.33252818035427,3.4957058507783145,5.253623188405797,18.4447128287708,0.7112184648416533,0.12077294685990338,0.14761137949543746,0.013419216317767043,0.9460547504025765,0.3153515834675255
90,8.380300590445518,6.112453032742888,19.706119162640903,36.15807836822329,3.4957058507783145,5.24020397208803,18.42458400429415,0.7112184648416533,0.12077294685990338,0.3757380568974772,0.013419216317767043,0.9460547504025765,0.3153515834675255
91,8.440687063875469,6.112453032742888,19.746376811594203,35.90311325818572,3.589640365002684,5.24020397208803,17.76033279656468,0.7112184648416533,0.8454106280193237,0.3757380568974772,0.013419216317767043,0.9460547504025765,0.3153515834675255
92,8.588298443370908,6.085614600107354,20.44417606011809,35.0979602791197,3.589640365002684,5.24020397208803,17.753623188405797,0.7112184648416533,0.8454106280193237,0.3757380568974772,0.04696725711218465,0.9057971014492754,0.3153515834675255
93,8.494363929146537,6.085614600107354,18.773483628556093,34.92351046698873,3.589640365002684,4.871175523349437,19.82018250134192,0.8252818035426731,0.8454106280193237,0.4092860976918948,0.04696725711218465,0.8923778851315083,0.4227053140096618
94,8.776167471819646,6.072195383789587,18.699677938808374,34.634997316156735,3.589640365002684,4.810789049919484,19.94766505636071,0.8252818035426731,0.8454106280193237,0.4092860976918948,0.04696725711218465,0.8923778851315083,0.4495437466451959
95,8.863392377885132,5.964841653247451,18.471551261406333,35.11137949543747,3.556092324208266,4.64975845410628,19.524959742351047,0.8252818035426731,0.8454106280193237,0.798443370907139,0.04696725711218465,0.8923778851315083,0.4495437466451959
96,8.890230810520666,5.9514224369296835,17.418142780461622,35.13150831991412,3.556092324208266,5.481749865807837,19.840311325818572,0.8252818035426731,0.8454106280193237,0.6239935587761675,0.07380568974771873,0.8923778851315083,0.46967257112184646
97,7.957595276435856,5.495169082125604,17.14975845410628,33.97074610842727,6.971282877079979,5.005367686527107,19.732957595276435,0.8252818035426731,0.8454106280193237,0.6105743424584005,0.07380568974771873,0.8923778851315083,0.46967257112184646
98,7.977724100912507,5.307300053676865,17.767042404723565,33.299785292538914,6.877348362855609,4.998658078368224,19.726247987117553,0.8252818035426731,0.8856682769726248,0.8990874932903918,0.07380568974771873,0.8923778851315083,0.46967257112184646
99,7.7831454643048845,5.508588298443371,18.739935587761675,32.367149758454104,6.850509930220075,4.911433172302737,19.706119162640903,0.8655394524959742,0.9393451422436929,0.8923778851315083,0.07380568974771873,0.8923778851315083,0.46967257112184646
100,7.742887815351583,4.804079441760601,18.699677938808374,33.89023081052066,6.461352657004831,4.74369296833065,19.484702093397747,0.8655394524959742,0.9796027911969941,0.8923778851315083,0.07380568974771873,0.8923778851315083,0.46967257112184646
101,7.85024154589372,4.804079441760601,18.874127750939344,33.58829844337091,6.461352657004831,4.74369296833065,19.424315619967793,0.8990874932903918,0.9796027911969941,0.9393451422436929,0.07380568974771873,0.8923778851315083,0.46967257112184646
102,7.85024154589372,4.757112184648417,18.706387546967257,33.091787439613526,9.16532474503489,4.74369296833065,18.156199677938808,1.1876006441223832,0.9796027911969941,0.8051529790660226,0.040257648953301126,0.08051529790660225,0.43612453032742887
103,8.07836822329576,4.750402576489533,18.57890499194847,32.88378958668814,9.131776704240472,4.723564143853999,18.015297906602253,1.3419216317767042,0.9796027911969941,0.9192163177670424,0.040257648953301126,0.08051529790660225,0.47638217928073
104,8.091787439613526,4.750402576489533,18.572195383789587,33.4272678475577,9.091519055287172,4.448470209339774,17.69994632313473,1.2412775093934514,0.9796027911969941,0.9594739667203436,0.18115942028985507,0.08051529790660225,0.47638217928073
105,7.474503488996243,6.655931293612453,18.431293612453032,32.347020933977454,8.984165324745035,5.790391841116479,16.337895866881375,1.1473429951690821,0.9326355340848095,0.9594739667203436,0.30193236714975846,0.08051529790660225,0.5568974771873323
106,7.6556629092860975,6.642512077294686,18.344068706387546,32.27321524422974,8.930488459473967,5.763553408480945,16.304347826086957,1.1406333870101986,1.0802469135802468,0.9259259259259259,0.30193236714975846,0.08051529790660225,0.5568974771873323
107,7.716049382716049,6.025228126677402,18.169618894256576,31.702898550724637,10.48040794417606,5.656199677938808,16.0426731078905,1.1540526033279657,1.0802469135802468,0.95276435856146,0.30193236714975846,0.1610305958132045,0.5568974771873323
108,7.769726247987117,5.850778314546431,17.60601180891036,30.877616747181964,9.75577026301664,5.891035963499732,17.807300053676865,1.1540526033279657,1.0131508319914118,0.95276435856146,0.30193236714975846,0.3757380568974772,0.644122383252818
109,7.890499194847021,5.434782608695652,17.59259259259259,30.08588298443371,9.567901234567902,6.709608158883521,18.189747718733226,1.221148684916801,0.9728931830381106,0.95276435856146,0.36231884057971014,0.3757380568974772,0.644122383252818
110,8.246108427267847,5.381105743424584,17.28395061728395,29.97181964573269,9.520933977455716,7.004830917874396,18.19645732689211,1.093666129898014,0.9728931830381106,0.95276435856146,0.36231884057971014,0.39586688137412773,0.6172839506172839
111,8.333333333333334,5.381105743424584,17.599302200751477,29.636339237788512,9.50751476113795,7.004830917874396,18.169618894256576,1.093666129898014,0.9460547504025765,0.95276435856146,0.36231884057971014,0.39586688137412773,0.6172839506172839
112,8.319914117015566,5.35426731078905,17.143048845947398,28.764090177133657,9.500805152979066,6.971282877079979,19.578636607622116,1.06682769726248,1.0735373054213635,0.9125067096081588,0.36231884057971014,0.39586688137412773,0.5568974771873323
113,8.548040794417606,5.340848094471283,17.008856682769725,28.64331723027375,9.232420826623725,7.071926999463232,19.578636607622116,1.06682769726248,1.1674718196457328,0.9125067096081588,0.36231884057971014,0.39586688137412773,0.6709608158883521
114,8.521202361782072,5.3274288781535155,17.03569511540526,28.5829307568438,9.138486312399356,7.071926999463232,19.83360171765969,1.06682769726248,1.1473429951690821,0.7112184648416533,0.49651100375738055,0.39586688137412773,0.6709608158883521
115,8.219269994632313,4.9651100375738055,16.874664519592056,30.709876543209877,7.944176060118089,6.857219538378959,19.87385936661299,1.133923778851315,1.1473429951690821,0.7112184648416533,0.49651100375738055,0.39586688137412773,0.6709608158883521
116,8.440687063875469,4.938271604938271,16.834406870638755,30.60252281266774,7.877079978529254,6.843800322061192,19.659151905528716,1.1808910359634996,1.1473429951690821,0.8923778851315083,0.5300590445517982,0.39586688137412773,0.6575415995705851
117,8.380300590445518,4.938271604938271,16.894793344068706,28.898282340311326,9.782608695652174,7.152442297369833,19.209608158883523,1.1205045625335481,1.1473429951690821,0.8923778851315083,0.5300590445517982,0.39586688137412773,0.6575415995705851
118,8.380300590445518,4.8443370907139025,16.961889425657542,28.824476650563607,9.88996242619431,7.139023081052066,19.122383252818036,1.1205045625335481,1.2077294685990339,0.8588298443370908,0.5971551261406334,0.39586688137412773,0.6575415995705851
119,7.2933440687063875,4.804079441760601,12.754965110037574,46.14868491680086,8.507783145464305,5.978260869565218,11.889425657541599,0.8856682769726248,0.040257648953301126,0.4428341384863124,0.36231884057971014,0.33548040794417605,0.5568974771873323
120,7.48792270531401,4.736983360171766,12.848899624261943,46.00107353730542,8.165593129361245,6.286902844873859,11.83574879227053,0.8722490606548577,0.020128824476650563,0.4428341384863124,0.4092860976918948,0.33548040794417605,0.5568974771873323
121,7.39398819108964,4.562533548040794,12.969672571121846,43.45142243692968,8.145464304884594,5.897745571658615,14.814814814814815,0.9997316156736447,0.020128824476650563,0.4428341384863124,0.4092860976918948,0.33548040794417605,0.5568974771873323
122,7.27992485238862,4.616210413311863,12.815351583467525,42.881105743424584,9.004294149221685,5.810520665593129,14.63365539452496,1.1943102522812667,0.020128824476650563,0.4428341384863124,0.4092860976918948,0.33548040794417605,0.5568974771873323
123,7.347020933977456,4.616210413311863,12.761674718196458,42.62614063338701,9.004294149221685,5.810520665593129,14.727589908749328,1.3150831991411702,0.020128824476650563,0.4428341384863124,0.4092860976918948,0.33548040794417605,0.5837359098228664
124,7.5281803542673105,4.549114331723027,12.614063338701019,43.17632850241546,8.447396672034353,5.723295759527644,14.694041867954912,1.4761137949543746,0.020128824476650563,0.4428341384863124,0.4092860976918948,0.33548040794417605,0.5837359098228664
125,7.461084272678476,4.448470209339774,12.654320987654321,43.344068706387546,8.427267847557703,5.689747718733226,14.65378421900161,1.4761137949543746,0.020128824476650563,0.46967257112184646,0.4092860976918948,0.36231884057971014,0.5837359098228664
126,7.669082125603865,4.448470209339774,12.654320987654321,43.19645732689211,8.353462157809984,5.763553408480945,14.445786366076222,1.4626945786366077,0.1274825550187869,0.46967257112184646,0.46296296296296297,0.36231884057971014,0.5837359098228664
127,7.883789586688137,4.448470209339774,12.627482555018787,43.03542673107891,8.333333333333334,5.723295759527644,14.2914653784219,1.5230810520665594,0.2683843263553409,0.46967257112184646,0.4495437466451959,0.36231884057971014,0.5837359098228664
128,7.890499194847021,4.448470209339774,12.5402576489533,42.12292002147075,8.313204508856682,6.984702093397746,14.06333870101986,1.4626945786366077,0.2616747181964573,0.46967257112184646,0.4495437466451959,0.4092860976918948,0.5837359098228664
129,7.85024154589372,4.448470209339774,12.419484702093397,41.63311862587225,7.689210950080516,8.051529790660226,13.714439076757918,1.9256575415995705,0.2616747181964573,0.46967257112184646,0.5434782608695652,0.4092860976918948,0.5837359098228664
130,7.930756843800322,4.414922168545357,12.895866881374127,41.10976918947934,7.689210950080516,8.051529790660226,13.761406333870102,1.9256575415995705,0.2616747181964573,0.4227053140096618,0.5434782608695652,0.4092860976918948,0.5837359098228664
131,8.017981749865807,4.414922168545357,12.775093934514224,40.94873859366613,7.689210950080516,8.051529790660226,13.868760064412239,1.9189479334406871,0.2616747181964573,0.4227053140096618,0.5434782608695652,0.4092860976918948,0.6776704240472357
132,7.6623725174449815,3.643317230273752,12.104133118625873,43.43800322061192,7.6623725174449815,7.024959742351046,13.45276435856146,2.771068169618894,0.23483628556092323,0.32877079978529256,0.5434782608695652,0.4092860976918948,0.7246376811594203
133,7.877079978529254,3.6231884057971016,12.198067632850242,43.01529790660226,7.6623725174449815,6.991411701556629,13.24476650563607,2.9924852388620504,0.23483628556092323,0.32877079978529256,0.5434782608695652,0.5636070853462157,0.7246376811594203
134,7.957595276435856,3.616478797638218,12.238325281803542,41.659957058507786,7.6623725174449815,6.991411701556629,13.191089640365004,4.294149221685454,0.23483628556092323,0.32877079978529256,0.5434782608695652,0.5636070853462157,0.7179280730005367
135,8.07836822329576,3.569511540526033,12.265163714439076,41.39157273215244,7.823403113258186,6.971282877079979,13.050187869028449,4.461889425657541,0.23483628556092323,0.32877079978529256,0.5434782608695652,0.5636070853462157,0.7179280730005367
136,8.152173913043478,3.569511540526033,12.332259796027913,41.257380568974774,7.803274288781535,6.971282877079979,13.023349436392914,4.461889425657541,0.27509393451422437,0.32877079978529256,0.5434782608695652,0.5636070853462157,0.7179280730005367
137,8.246108427267847,3.549382716049383,12.412775093934513,41.15002683843264,7.682501341921632,6.951154052603328,12.929414922168545,4.435050993022007,0.27509393451422437,0.3757380568974772,0.5434782608695652,0.6172839506172839,0.8319914117015567
138,8.239398819108963,3.502415458937198,13.211218464841654,40.11003757380569,7.682501341921632,6.9243156199677935,13.238056897477188,4.435050993022007,0.27509393451422437,0.3757380568974772,0.5434782608695652,0.630703166935051,0.8319914117015567
139,8.373590982286634,3.4957058507783145,13.285024154589372,39.720880300590444,7.702630166398282,6.823671497584541,13.150831991411701,4.51556629092861,0.4294149221685454,0.3757380568974772,0.5434782608695652,0.7783145464304885,0.8051529790660226
140,8.702361782071927,3.455448201825013,13.110574342458401,39.25791733762748,8.99087493290392,6.743156199677939,12.325550187869029,4.488727858293076,0.4495437466451959,0.3757380568974772,0.5434782608695652,0.7514761137949544,0.8051529790660226
141,8.816425120772946,3.455448201825013,13.486312399355878,38.90230810520666,8.957326892109501,6.374127750939345,12.278582930756844,4.730273752012883,0.5233494363929146,0.3757380568974772,0.5434782608695652,0.7514761137949544,0.8051529790660226
142,8.816425120772946,3.455448201825013,13.459473966720344,38.38566827697262,8.957326892109501,6.407675791733762,12.218196457326892,5.307300053676865,0.5233494363929146,0.36902844873859364,0.5434782608695652,0.7514761137949544,0.8051529790660226
143,8.84326355340848,3.488996242619431,13.694310252281268,38.14412238325282,8.910359634997317,6.407675791733762,12.198067632850242,5.3274288781535155,0.5568974771873323,0.36902844873859364,0.5434782608695652,0.7514761137949544,0.7648953301127214
144,8.085077831454644,3.280998389694042,12.915995705850777,37.1309715512614,8.849973161567364,10.165056360708535,11.151368760064413,5.3274288781535155,0.6038647342995169,0.36902844873859364,0.5434782608695652,0.8118625872249061,0.7648953301127214
145,8.09849704777241,3.2541599570585076,12.86231884057971,37.11755233494364,8.849973161567364,10.205314009661835,11.124530327428879,5.394524959742351,0.6038647342995169,0.36902844873859364,0.5434782608695652,0.8118625872249061,0.7648953301127214
146,8.360171765968868,3.2541599570585076,12.754965110037574,36.68142780461621,8.84326355340848,10.124798711755233,11.05072463768116,5.723295759527644,0.6038647342995169,0.36902844873859364,0.5434782608695652,0.8118625872249061,0.8789586688137413
147,8.293075684380032,3.2541599570585076,11.453301127214171,36.131239935587764,8.84326355340848,9.232420826623725,13.955984970477724,5.488459473966721,0.5904455179817498,0.3421900161030596,0.6709608158883521,0.8655394524959742,0.8789586688137413
148,8.165593129361245,3.1065485775630703,11.486849168008588,36.493558776167475,8.82313472893183,9.286097691894794,13.768115942028986,5.475040257648954,0.5904455179817498,0.4830917874396135,0.6105743424584005,0.8454106280193237,0.8655394524959742
149,8.3064949006978,3.0931293612453032,11.466720343531938,35.42673107890499,8.769457863660762,9.286097691894794,13.828502415458937,6.286902844873859,0.5904455179817498,0.6374127750939346,0.5971551261406334,0.8454106280193237,0.8655394524959742
150,8.420558239398819,3.0931293612453032,11.372785829307569,34.997316156736446,8.662104133118627,9.41358024691358,13.7211486849168,6.629092860976919,0.7045088566827697,0.6910896403650026,0.5971551261406334,0.8319914117015567,0.8655394524959742
151,8.460815888352121,3.0931293612453032,12.385936661298981,33.984165324745035,8.655394524959743,9.41358024691358,13.546698872785829,6.608964036500268,0.7045088566827697,0.6910896403650026,0.7380568974771873,0.8521202361782072,0.8655394524959742
152,8.501073537305421,3.0864197530864197,12.808641975308642,33.541331186258724,8.641975308641975,9.380032206119163,13.499731615673644,6.662640901771336,0.7313472893183038,0.6910896403650026,0.7380568974771873,0.8521202361782072,0.8655394524959742
153,8.59500805152979,3.0595813204508855,12.822061191626409,33.48765432098765,8.61513687600644,8.82313472893183,14.029790660225443,6.635802469135802,0.7313472893183038,0.7447665056360708,0.7380568974771873,0.8521202361782072,0.8655394524959742
154,8.588298443370908,3.0595813204508855,11.976650563607086,32.46779388083736,8.487654320987655,11.252012882447666,15.479066022544284,4.8443370907139025,0.7179280730005367,0.7313472893183038,0.7380568974771873,1.0802469135802468,0.5770263016639828
155,8.709071390230811,3.0595813204508855,11.855877616747183,32.380568974771876,8.487654320987655,11.238593666129898,15.438808373590982,4.871175523349437,0.7179280730005367,0.7313472893183038,0.8521202361782072,1.0802469135802468,0.5770263016639828
156,8.890230810520666,3.052871712292002,11.66129898013956,32.21953837895867,8.420558239398819,11.16478797638218,15.519323671497585,4.931561996779388,0.7447665056360708,0.8185721953837896,0.9594739667203436,1.0399892646269457,0.5770263016639828
157,8.99087493290392,3.052871712292002,11.580783682232958,32.06521739130435,8.393719806763285,11.131239935587761,15.505904455179817,5.059044551798175,0.7447665056360708,0.8990874932903918,0.9594739667203436,1.0399892646269457,0.5770263016639828
158,9.131776704240472,3.052871712292002,11.580783682232958,31.944444444444443,8.393719806763285,11.077563070316694,15.505904455179817,5.092592592592593,0.7447665056360708,0.8990874932903918,0.9594739667203436,1.0399892646269457,0.5770263016639828
159,9.252549651100376,3.0394524959742353,11.533816425120772,31.790123456790123,8.84326355340848,10.701825013419215,15.505904455179817,5.119431025228127,0.7447665056360708,0.8990874932903918,0.9594739667203436,1.0399892646269457,0.5703166935050993
160,9.46725711218465,3.0394524959742353,11.480139559849706,31.320450885668276,8.789586688137414,11.137949543746645,15.438808373590982,5.065754159957058,0.7447665056360708,0.9326355340848095,0.9728931830381106,1.0399892646269457,0.5703166935050993
161,9.567901234567902,3.0394524959742353,11.594202898550725,31.186258722490606,8.628556092324208,11.117820719269995,15.351583467525497,5.199946323134729,0.7447665056360708,0.9326355340848095,1.0265700483091786,1.0399892646269457,0.5703166935050993
162,9.816156736446592,3.012614063338701,11.58749329039184,31.508319914117017,8.57487922705314,10.836017176596886,15.22410091250671,5.12614063338701,0.7447665056360708,0.9326355340848095,1.0265700483091786,1.0399892646269457,0.5703166935050993
163,9.943639291465379,2.9924852388620504,11.654589371980677,31.45464304884595,8.57487922705314,10.836017176596886,15.123456790123457,5.10601180891036,0.7447665056360708,0.9326355340848095,1.0265700483091786,1.0399892646269457,0.5703166935050993
164,9.916800858829845,2.9924852388620504,11.305689747718732,31.32716049382716,8.548040794417606,11.285560923242082,14.855072463768115,5.10601180891036,1.1137949543746646,0.8789586688137413,1.0131508319914118,1.0869565217391304,0.5703166935050993
165,9.326355340848094,2.791196994095545,10.654857756307031,34.90338164251208,8.246108427267847,11.18491680085883,13.479602791196994,5.22007514761138,0.9728931830381106,0.7716049382716049,0.8923778851315083,0.9863123993558777,0.5703166935050993
166,9.326355340848094,2.7777777777777777,11.18491680085883,34.58132045088567,8.232689210950081,10.554213633923778,13.372249060654857,5.730005367686527,0.9728931830381106,0.7716049382716049,0.8923778851315083,1.0332796564680622,0.5703166935050993
167,9.554482018250134,2.7442297369833604,11.097691894793345,34.38003220611916,8.225979602791197,10.527375201288244,13.41250670960816,5.844068706387547,0.9728931830381106,0.7716049382716049,0.8923778851315083,1.0064412238325282,0.5703166935050993
168,9.628287707997853,2.7241009125067097,11.057434245840042,34.19887278582931,8.192431561996779,10.48040794417606,13.43263553408481,6.099033816425121,0.9728931830381106,0.6843800322061192,0.95276435856146,1.0064412238325282,0.5703166935050993
169,9.708803005904455,2.7241009125067097,11.037305421363392,33.9170692431562,8.192431561996779,10.466988727858293,13.345410628019323,6.347289318303811,0.9728931830381106,0.6843800322061192,0.95276435856146,1.0802469135802468,0.5703166935050993
170,9.728931830381105,2.690552871712292,11.003757380568974,33.662104133118625,8.192431561996779,10.466988727858293,13.674181427804616,6.347289318303811,0.9728931830381106,0.6843800322061192,0.9259259259259259,1.0802469135802468,0.5703166935050993
171,9.762479871175524,2.677133655394525,11.124530327428879,33.56816961889426,8.038110574342458,10.527375201288244,13.513150831991412,6.400966183574879,0.9728931830381106,0.6843800322061192,0.9393451422436929,1.221148684916801,0.5703166935050993
172,9.5276435856146,2.442297369833602,11.09098228663446,33.47423510466989,8.601717659688674,12.68786902844874,11.708266237251744,6.219806763285024,0.8789586688137413,0.6843800322061192,0.9057971014492754,1.2077294685990339,0.5703166935050993
173,8.977455716586151,2.167203435319377,10.983628556092324,35.560923242082666,7.977724100912507,11.976650563607086,12.184648416532475,5.911164787976382,0.9192163177670424,0.6575415995705851,0.9057971014492754,1.2077294685990339,0.5703166935050993
174,9.064680622651638,2.1068169618894257,10.970209339774557,35.581052066559316,7.9039184111647875,12.090713902308105,12.13768115942029,5.8239398819108965,0.9930220075147611,0.6575415995705851,0.8923778851315083,1.2077294685990339,0.5703166935050993
175,9.192163177670425,2.0933977455716586,11.104401502952227,35.48040794417606,7.809983896940419,12.050456253354804,12.124261943102523,5.8239398819108965,0.9930220075147611,0.6575415995705851,0.8923778851315083,1.2077294685990339,0.5703166935050993
176,9.339774557165862,2.0933977455716586,11.265432098765432,34.957058507783145,7.7898550724637685,12.077294685990339,12.298711755233494,5.857487922705314,0.9930220075147611,0.6575415995705851,0.8923778851315083,1.2077294685990339,0.5703166935050993
177,8.950617283950617,2.0933977455716586,10.487117552334944,34.80944712828771,7.7898550724637685,14.694041867954912,11.366076221148685,5.750134192163178,0.9930220075147611,0.5032206119162641,0.8387010198604401,1.1540526033279657,0.5703166935050993
178,9.205582393988191,2.0531400966183573,10.527375201288244,34.574610842726784,7.7831454643048845,14.61352657004831,11.245303274288782,5.8172302737520125,0.9930220075147611,0.5032206119162641,0.8387010198604401,1.3016639828234031,0.5434782608695652
179,9.41358024691358,2.0128824476650564,10.641438539989265,34.33977455716586,7.75630703166935,14.486044015029522,11.426462694578637,5.743424584004294,0.9930220075147611,0.5032206119162641,0.8387010198604401,1.3016639828234031,0.5434782608695652
180,9.440418679549115,2.0128824476650564,10.641438539989265,34.33977455716586,7.75630703166935,14.459205582393988,11.399624261943103,5.743424584004294,0.9930220075147611,0.5300590445517982,0.8387010198604401,1.3016639828234031,0.5434782608695652
181,9.514224369296834,2.0128824476650564,10.621309715512615,34.10493827160494,7.742887815351583,14.452495974235104,11.366076221148685,5.958132045088567,0.9930220075147611,0.5300590445517982,0.8588298443370908,1.3016639828234031,0.5434782608695652
182,9.567901234567902,2.006172839506173,10.567632850241546,33.823134728931834,7.5348899624261945,15.116747181964573,11.292270531400966,5.911164787976382,0.9259259259259259,0.5300590445517982,0.8521202361782072,1.328502415458937,0.5434782608695652
183,9.39345142243693,2.006172839506173,9.96376811594203,32.85024154589372,7.5348899624261945,14.915458937198068,13.33870101986044,5.797101449275362,0.9259259259259259,0.5300590445517982,0.7917337627482555,1.4492753623188406,0.5032206119162641
184,9.426999463231347,1.9860440150295222,10.044283413848632,32.669082125603865,7.461084272678476,14.908749329039184,13.43263553408481,5.877616747181965,0.9259259259259259,0.5300590445517982,0.785024154589372,1.4492753623188406,0.5032206119162641
185,9.473966720343531,1.9793344068706387,10.02415458937198,32.63553408480945,7.380568974771873,14.868491680085883,13.43263553408481,5.911164787976382,0.9125067096081588,0.6575415995705851,0.785024154589372,1.4358561460010735,0.5032206119162641
186,9.5276435856146,1.9793344068706387,10.138217928073,32.51476113794954,7.353730542136339,14.868491680085883,13.43263553408481,5.891035963499732,0.9125067096081588,0.6575415995705851,0.785024154589372,1.4358561460010735,0.5032206119162641
