,45,50,52,55,51,54,56,53,58,60,57,59,61
0,98.2085346215781,1.778046162104133,0.013419216317767043,,,,,,,,,,
1,95.33682232957595,4.64975845410628,0.013419216317767043,,,,,,,,,,
2,95.07514761137949,4.911433172302737,0.013419216317767043,,,,,,,,,,
3,94.84031132581858,5.146269457863661,0.013419216317767043,,,,,,,,,,
4,94.14251207729468,5.844068706387547,0.013419216317767043,,,,,,,,,,
5,90.96215780998389,9.024422973698336,0.013419216317767043,,,,,,,,,,
6,85.06441223832527,14.922168545356952,0.013419216317767043,,,,,,,,,,
7,81.58212560386474,18.4044551798175,0.013419216317767043,,,,,,,,,,
8,79.71685453569512,20.222758990874933,0.013419216317767043,0.04696725711218465,,,,,,,,,
9,79.16666666666667,20.71256038647343,0.040257648953301126,0.08051529790660225,,,,,,,,,
10,77.0330112721417,22.873054213633925,0.013419216317767043,0.08051529790660225,,,,,,,,,
11,76.28824476650564,23.43666129898014,0.013419216317767043,0.12077294685990338,0.14090177133655393,,,,,,,,
12,67.73349436392914,29.911433172302736,0.013419216317767043,0.12077294685990338,2.2208803005904456,,,,,,,,
13,67.52549651100375,29.904723564143854,0.1274825550187869,0.2214170692431562,2.2208803005904456,,,,,,,,
14,66.78743961352657,30.58239398819109,0.1274825550187869,0.24825550187869028,2.24771873322598,0.0067096081588835215,,,,,,,
15,66.23054213633924,30.9447128287708,0.1274825550187869,0.36231884057971014,2.200751476113795,0.10735373054213634,0.026838432635534086,,,,,,
16,66.0829307568438,30.917874396135264,0.1274825550187869,0.3757380568974772,2.200751476113795,0.24825550187869028,0.026838432635534086,0.020128824476650563,,,,,
17,64.11030595813205,32.78314546430489,0.1274825550187869,0.4428341384863124,2.200751476113795,0.24825550187869028,0.026838432635534086,0.06038647342995169,,,,,
18,64.02979066022544,32.27992485238862,0.1274825550187869,0.4495437466451959,2.200751476113795,0.24825550187869028,0.026838432635534086,0.6374127750939346,,,,,
19,63.6808910359635,31.179549114331724,0.1274825550187869,0.4495437466451959,3.6500268384326353,0.24825550187869028,0.026838432635534086,0.6374127750939346,,,,,
20,58.13875469672571,33.641975308641975,0.1274825550187869,0.35560923242082665,6.823671497584541,0.24825550187869028,0.026838432635534086,0.6374127750939346,,,,,
21,57.94417606011809,32.74288781535159,0.1274825550187869,1.4492753623188406,6.823671497584541,0.24825550187869028,0.026838432635534086,0.6374127750939346,,,,,
22,57.8166935050993,32.86366076221149,0.1274825550187869,1.4492753623188406,6.830381105743425,0.24825550187869028,0.026838432635534086,0.6374127750939346,,,,,
23,53.837895866881375,36.741814278046164,0.1274825550187869,1.4895330112721417,6.890767579173376,0.24825550187869028,0.026838432635534086,0.6374127750939346,,,,,
24,50.02012882447665,40.4723564143854,0.1274825550187869,1.5767579173376274,6.890767579173376,0.24825550187869028,0.026838432635534086,0.6374127750939346,,,,,
25,43.65942028985507,39.92216854535695,0.013419216317767043,1.5499194847020934,13.92914653784219,0.24825550187869028,0.040257648953301126,0.6374127750939346,,,,,
26,43.13607085346216,39.781266774020395,0.013419216317767043,1.6975308641975309,14.432367149758454,0.24825550187869028,0.06038647342995169,0.630703166935051,,,,,
27,42.92807300053677,39.33843263553408,0.013419216317767043,2.167203435319377,14.579978529253891,0.24825550187869028,0.0939345142243693,0.630703166935051,,,,,
28,42.90794417606012,39.331723027375205,0.013419216317767043,2.1806226516371443,14.512882447665056,0.24825550187869028,0.17444981213097155,0.630703166935051,,,,,
29,42.77375201288245,39.130434782608695,0.0939345142243693,2.4221685453569513,14.51959205582394,0.24825550187869028,0.17444981213097155,0.6374127750939346,,,,,
30,42.860976918947934,38.94256575415996,0.0939345142243693,2.5496511003757383,14.418947933440688,0.24825550187869028,0.24825550187869028,0.6374127750939346,,,,,
31,40.89506172839506,40.727321524422976,0.11406333870101985,2.6301663982823404,14.38539989264627,0.27509393451422437,0.24825550187869028,0.7246376811594203,,,,,
32,40.56629092860977,40.76757917337628,0.11406333870101985,2.757648953301127,14.49946323134729,0.27509393451422437,0.28180354267310787,0.7380568974771873,,,,,
33,39.781266774020395,42.19672571121846,0.11406333870101985,2.8113258185721954,13.741277509393452,0.30193236714975846,0.24154589371980675,0.8118625872249061,,,,,
34,38.258185721953836,38.70101986044015,0.11406333870101985,2.757648953301127,18.679549114331724,0.30193236714975846,0.2281266774020397,0.9594739667203436,,,,,
35,36.39291465378422,43.907675791733766,0.10064412238325282,2.7509393451422435,15.640096618357488,0.2616747181964573,0.24154589371980675,0.7045088566827697,,,,,
36,35.54079441760601,39.841653247450346,0.10064412238325282,2.5429414922168547,21.162104133118625,0.23483628556092323,0.24154589371980675,0.33548040794417605,,,,,
37,35.487117552334944,39.781266774020395,0.10064412238325282,2.7777777777777777,20.947396672034355,0.23483628556092323,0.322061191626409,0.33548040794417605,0.013419216317767043,,,,
38,35.39989264626946,38.22463768115942,0.10064412238325282,2.757648953301127,22.624798711755233,0.20799785292538917,0.322061191626409,0.3488996242619431,0.013419216317767043,,,,
39,34.366612989801396,36.480139559849704,2.8918411164787976,2.791196994095545,22.497316156736446,0.2616747181964573,0.3488996242619431,0.3488996242619431,0.013419216317767043,,,,
40,33.23939881910896,37.204777241009126,3.113258185721954,3.126677402039721,22.309447128287708,0.2952227589908749,0.3488996242619431,0.3488996242619431,0.013419216317767043,,,,
41,32.85024154589372,36.2385936661299,3.113258185721954,2.8515834675254963,22.188674181427803,0.2952227589908749,0.33548040794417605,2.1135265700483092,0.013419216317767043,,,,
42,32.427536231884055,33.09849704777241,8.165593129361245,2.885131508319914,21.26274825550188,0.2952227589908749,0.2214170692431562,1.596886741814278,0.013419216317767043,0.03354804079441761,,,
43,31.273483628556093,32.971014492753625,10.238862050456254,2.9119699409554483,20.491143317230275,0.322061191626409,0.2683843263553409,1.4761137949543746,0.013419216317767043,0.03354804079441761,,,
44,27.455716586151368,34.45383789586688,10.815888352120236,2.985775630703167,22.19538378958669,0.2885131508319914,0.2683843263553409,1.4626945786366077,0.013419216317767043,0.03354804079441761,0.026838432635534086,,
45,22.785829307568438,42.3845947396672,10.091250670960816,1.2681159420289856,21.430488459473967,0.2616747181964573,0.24825550187869028,1.5029522275899088,,,0.026838432635534086,,
46,22.819377348362856,42.28395061728395,10.084541062801932,1.5633387010198605,21.141975308641975,0.2616747181964573,0.3153515834675255,1.5029522275899088,,,0.026838432635534086,,
47,21.450617283950617,37.40606548577563,7.286634460547504,1.4090177133655395,29.857756307031668,0.24154589371980675,0.3153515834675255,2.006172839506173,,,0.026838432635534086,,
48,21.477455716586153,37.34567901234568,7.206119162640902,1.442565754159957,29.508856682769725,0.24154589371980675,0.6776704240472357,2.006172839506173,,,0.0939345142243693,,
49,21.497584541062803,37.27858293075684,7.179280730005368,1.5096618357487923,29.488727858293075,0.24154589371980675,0.6776704240472357,1.9927536231884058,0.013419216317767043,,0.12077294685990338,,
50,17.8743961352657,37.82206119162641,7.112184648416532,1.5230810520665594,32.48792270531401,0.30864197530864196,0.6910896403650026,1.9793344068706387,0.013419216317767043,,0.1878690284487386,,
51,17.55233494363929,38.06360708534621,7.0383789586688135,1.5633387010198605,32.387278582930755,0.46296296296296297,0.7112184648416533,1.9793344068706387,0.040257648953301126,,0.20128824476650564,,
52,16.203703703703702,35.23215244229737,6.850509930220075,1.4962426194310252,37.09742351046699,0.5032206119162641,0.7313472893183038,1.6438539989264627,0.040257648953301126,,0.20128824476650564,,
53,16.23054213633924,35.11137949543747,6.850509930220075,1.5163714439076759,36.922973698336016,0.6105743424584005,0.8722490606548577,1.6438539989264627,0.040257648953301126,,0.20128824476650564,,
54,16.1231884057971,33.5077831454643,6.843800322061192,1.9390767579173376,36.46672034353194,2.3081052066559313,0.9057971014492754,1.6438539989264627,0.040257648953301126,,0.20799785292538917,0.013419216317767043,
55,14.935587761674718,32.91733762748255,6.830381105743425,2.0665593129361244,38.14412238325282,2.3081052066559313,0.8789586688137413,1.6438539989264627,0.040257648953301126,,0.2214170692431562,0.013419216317767043,
56,14.982555018786902,32.84353193773484,6.702898550724638,2.187332259796028,38.33199141170156,2.3081052066559313,0.966183574879227,1.3888888888888888,0.05367686527106817,,0.2214170692431562,0.013419216317767043,
57,13.533279656468062,34.225711218464845,6.642512077294686,2.254428341384863,37.775093934514224,2.341653247450349,1.107085346215781,1.8317230273752012,0.05367686527106817,,0.2214170692431562,0.013419216317767043,
58,13.593666129898015,33.97745571658615,6.394256575415996,2.757648953301127,37.734836285560924,2.3752012882447664,1.107085346215781,1.8317230273752012,0.05367686527106817,,0.1610305958132045,0.013419216317767043,
59,13.607085346215781,31.99812130971551,6.387546967257112,2.7106816961889426,37.60064412238325,2.3752012882447664,1.107085346215781,3.9855072463768115,0.05367686527106817,,0.1610305958132045,0.013419216317767043,
60,13.466183574879228,31.984702093397747,6.374127750939345,2.8247450348899625,37.043746645195924,2.368491680085883,1.247987117552335,4.40150295222759,0.05367686527106817,,0.2214170692431562,0.013419216317767043,
61,13.47289318303811,31.93102522812668,6.3137412775093935,2.898550724637681,36.85587761674718,2.368491680085883,1.261406333870102,4.549114331723027,0.05367686527106817,,0.28180354267310787,0.013419216317767043,
62,13.580246913580247,31.884057971014492,6.3137412775093935,2.898550724637681,36.60762211486849,2.368491680085883,1.328502415458937,4.669887278582931,0.05367686527106817,,0.28180354267310787,0.013419216317767043,
63,13.66076221148685,31.796833064949006,6.300322061191626,3.079710144927536,36.43317230273752,2.368491680085883,1.3620504562533549,4.622920021470746,0.08051529790660225,,0.28180354267310787,0.013419216317767043,
64,13.694310252281268,31.769994632313473,6.286902844873859,3.113258185721954,36.28556092324208,2.4020397208803006,1.4492753623188406,4.622920021470746,0.08051529790660225,,0.28180354267310787,0.013419216317767043,
65,13.707729468599034,31.53515834675255,3.7640901771336552,2.9589371980676327,39.64707461084273,2.3617820719269993,1.4761137949543746,4.260601180891036,0.08051529790660225,,0.19457863660762212,0.013419216317767043,
66,13.66076221148685,31.246645195920557,4.341116478797638,2.844873859366613,39.231078904991946,2.3617820719269993,1.778046162104133,4.247181964573269,0.08051529790660225,,0.19457863660762212,0.013419216317767043,
67,13.345410628019323,30.95813204508857,4.723564143853999,3.1333870101986045,38.91572732152442,2.804616210413312,1.7981749865807837,4.032474503488996,0.08051529790660225,,0.19457863660762212,0.013419216317767043,
68,13.33870101986044,30.95813204508857,4.723564143853999,3.1333870101986045,38.519860440150296,2.8381642512077296,2.1604938271604937,4.03918411164788,0.08051529790660225,,0.19457863660762212,0.013419216317767043,
69,11.943102522812667,31.427804616210413,7.977724100912507,2.952227589908749,37.063875469672574,2.227589908749329,2.1739130434782608,3.9452495974235107,0.08051529790660225,,0.19457863660762212,0.013419216317767043,
70,11.943102522812667,31.38083735909823,7.977724100912507,3.0193236714975846,36.86929683306495,2.227589908749329,2.3483628556092326,3.9452495974235107,0.08051529790660225,,0.19457863660762212,0.013419216317767043,
71,11.936392914653783,26.670692431561996,7.816693505099302,3.066290928609769,41.0426731078905,2.3886205045625335,2.395330112721417,4.394793344068707,0.08051529790660225,,0.19457863660762212,0.013419216317767043,
72,11.90955448201825,26.670692431561996,7.763016639828234,3.2004830917874396,40.76086956521739,2.5295222758990876,2.4557165861513686,4.388083735909823,0.08051529790660225,,0.19457863660762212,0.04696725711218465,
73,11.943102522812667,26.52308105206656,7.75630703166935,3.2474503488996245,40.351583467525494,2.9924852388620504,2.462426194310252,4.40150295222759,0.08051529790660225,,0.19457863660762212,0.04696725711218465,
74,11.98336017176597,26.382179280730007,7.716049382716049,3.4151905528717124,40.29790660225443,2.9924852388620504,2.4892646269457863,4.40150295222759,0.08051529790660225,,0.19457863660762212,0.04696725711218465,
75,11.802200751476114,24.872517444981213,7.702630166398282,3.2675791733762747,42.46511003757381,2.952227589908749,2.3886205045625335,4.2270531400966185,0.08051529790660225,,0.19457863660762212,0.04696725711218465,
76,11.77536231884058,24.932903918411164,7.6623725174449815,4.609500805152979,41.277509393451425,2.9052603327965647,2.2879763821792807,4.2270531400966185,0.08051529790660225,,0.19457863660762212,0.04696725711218465,
77,11.782071926999464,24.852388620504563,7.6623725174449815,4.616210413311863,41.243961352657,2.757648953301127,2.3483628556092326,4.428341384863124,0.08051529790660225,,0.19457863660762212,0.03354804079441761,
78,11.808910359634996,24.63768115942029,7.635534084809447,4.810789049919484,41.21041331186259,2.757648953301127,2.3752012882447664,4.428341384863124,0.0939345142243693,,0.20799785292538917,0.03354804079441761,
79,9.77589908749329,26.053408480944714,6.816961889425658,3.6634460547504024,45.44417606011809,2.522812667740204,2.3886205045625335,3.0394524959742353,0.05367686527106817,,0.20799785292538917,0.03354804079441761,
80,9.702093397745571,25.72463768115942,6.709608158883521,4.28743961352657,44.900697799248526,2.522812667740204,2.4020397208803006,3.3816425120772946,0.05367686527106817,,0.28180354267310787,0.03354804079441761,
81,8.635265700483092,23.792270531400966,13.613794954374665,4.260601180891036,37.82206119162641,5.904455179817498,2.3349436392914655,3.2877079978529253,0.05367686527106817,,0.2616747181964573,0.03354804079441761,
82,8.756038647342995,23.68491680085883,13.613794954374665,4.30756843800322,37.734836285560924,5.897745571658615,2.3550724637681157,3.2877079978529253,0.05367686527106817,,0.2616747181964573,0.04696725711218465,
83,8.735909822866345,23.65136876006441,13.573537305421363,4.367954911433173,37.60064412238325,5.897745571658615,2.5295222758990876,3.2675791733762747,0.040257648953301126,,0.2885131508319914,0.04696725711218465,
84,8.729200214707461,23.2085346215781,13.996242619431026,4.28743961352657,37.546967257112186,5.897745571658615,2.5429414922168547,3.408480944712829,0.040257648953301126,,0.2952227589908749,0.04696725711218465,
85,8.735909822866345,23.081052066559312,14.55984970477724,4.53569511540526,36.75523349436393,5.904455179817498,2.6637144390767578,3.3816425120772946,0.040257648953301126,,0.2952227589908749,0.04696725711218465,
86,8.849973161567364,22.96027911969941,14.251207729468598,4.810789049919484,36.52710681696189,6.052066559312936,2.7442297369833604,3.3816425120772946,0.040257648953301126,,0.33548040794417605,0.04696725711218465,
87,8.856682769726248,22.920021470746107,14.083467525496511,4.938271604938271,36.500268384326354,5.998389694041868,2.844873859366613,3.3816425120772946,0.040257648953301126,,0.33548040794417605,0.10064412238325282,
88,8.856682769726248,22.530864197530864,13.94927536231884,4.99194847020934,35.809178743961354,5.938003220611916,3.0394524959742353,4.42163177670424,0.040257648953301126,,0.322061191626409,0.10064412238325282,
89,8.05823939881911,20.142243692968332,9.16532474503489,4.730273752012883,44.36392914653784,5.938003220611916,3.0864197530864197,4.133118625872249,0.040257648953301126,,0.24154589371980675,0.10064412238325282,
90,8.085077831454644,20.04830917874396,9.16532474503489,4.723564143853999,44.316961889425656,6.025228126677402,3.1065485775630703,4.146537842190016,0.040257648953301126,,0.24154589371980675,0.10064412238325282,
91,8.105206655931294,19.97450348899624,9.16532474503489,4.871175523349437,44.176060118089104,6.025228126677402,3.2206119162640903,3.9989264626945786,0.12077294685990338,,0.24154589371980675,0.10064412238325282,
92,8.185721953837897,19.900697799248523,9.158615136876007,4.904723564143854,43.90096618357488,6.018518518518518,3.408480944712829,4.032474503488996,0.12077294685990338,,0.2683843263553409,0.10064412238325282,
93,8.199141170155663,19.887278582930758,9.158615136876007,4.918142780461621,43.344068706387546,6.011808910359635,3.9184111647879765,3.9855072463768115,0.13419216317767044,,0.2952227589908749,0.14761137949543746,
94,8.132045088566828,19.900697799248523,9.151905528717123,4.978529253891573,43.223295759527645,6.011808910359635,4.03918411164788,3.9855072463768115,0.13419216317767044,,0.2952227589908749,0.14761137949543746,
95,8.13875469672571,19.87385936661299,9.145195920558239,5.018786902844874,43.16961889425657,6.052066559312936,4.03918411164788,3.9855072463768115,0.13419216317767044,,0.2952227589908749,0.14761137949543746,
96,8.111916264090176,19.45115405260333,11.600912506709609,4.770531400966184,41.378153515834676,6.025228126677402,4.414922168545357,3.643317230273752,0.13419216317767044,,0.2952227589908749,0.17444981213097155,
97,5.636070853462158,22.007514761137948,11.52710681696189,4.85775630703167,41.237251744498124,5.9514224369296835,4.408212560386473,3.6231884057971016,0.24154589371980675,,0.33548040794417605,0.17444981213097155,
98,5.4616210413311865,21.464036500268385,11.3593666129898,4.918142780461621,43.04884594739667,4.998658078368224,4.38137412775094,3.616478797638218,0.24154589371980675,,0.33548040794417605,0.17444981213097155,
99,5.045625335480408,20.632045088566827,11.225174449812132,5.005367686527107,44.61218464841653,4.898013955984971,4.314278046162104,3.488996242619431,0.2616747181964573,,0.35560923242082665,0.1610305958132045,
100,4.804079441760601,20.088566827697264,11.171497584541063,5.213365539452496,45.6454643048846,4.690016103059581,4.28743961352657,3.260869565217391,0.2616747181964573,,0.39586688137412773,0.1610305958132045,0.020128824476650563
101,4.783950617283951,20.108695652173914,11.097691894793345,5.22007514761138,45.52469135802469,4.663177670424047,4.394793344068707,3.260869565217391,0.2616747181964573,,0.46967257112184646,0.19457863660762212,0.020128824476650563
102,4.85775630703167,20.021470746108427,11.09098228663446,5.287171229200215,45.3166935050993,4.663177670424047,4.528985507246377,3.280998389694042,0.2616747181964573,,0.46967257112184646,0.19457863660762212,0.026838432635534086
103,4.87788513150832,19.961084272678477,11.077563070316694,5.314009661835748,45.20263016639828,4.703435319377348,4.616210413311863,3.280998389694042,0.2616747181964573,,0.48980139559849706,0.19457863660762212,0.020128824476650563
104,3.938539989264627,28.20048309178744,9.185453569511541,5.307300053676865,40.45222758990875,4.669887278582931,4.05931293612453,3.260869565217391,0.2616747181964573,,0.4495437466451959,0.19457863660762212,0.020128824476650563
105,3.9318303811057436,28.173644659151904,9.185453569511541,5.340848094471283,40.43880837359098,4.669887278582931,4.072732152442297,3.260869565217391,0.2616747181964573,,0.4495437466451959,0.19457863660762212,0.020128824476650563
106,3.824476650563607,24.040526033279658,9.172034353193773,5.314009661835748,44.498121309715515,4.736983360171766,4.300858829844337,3.1870638754696725,0.2616747181964573,,0.4495437466451959,0.19457863660762212,0.020128824476650563
107,3.7238325281803544,23.758722490606548,13.613794954374665,4.42163177670424,42.069243156199676,4.126409017713366,4.247181964573269,3.2004830917874396,0.2616747181964573,,0.4092860976918948,0.14761137949543746,0.020128824476650563
108,3.656736446591519,23.416532474503487,14.465915190552872,4.414922168545357,43.27697262479871,2.844873859366613,4.1129898013955986,3.0394524959742353,0.2616747181964573,,0.3757380568974772,0.11406333870101985,0.020128824476650563
109,3.656736446591519,19.847020933977454,14.465915190552872,4.40150295222759,43.142780461621044,6.521739130434782,4.139828234031133,3.026033279656468,0.2616747181964573,,0.4025764895330113,0.11406333870101985,0.020128824476650563
110,3.7573805689747717,19.806763285024154,14.459205582393988,4.441760601180891,42.92807300053677,6.515029522275899,4.260601180891036,3.026033279656468,0.2616747181964573,,0.4025764895330113,0.12077294685990338,0.020128824476650563
111,3.844605475040258,19.806763285024154,14.459205582393988,4.53569511540526,42.76033279656468,6.508319914117015,4.274020397208803,3.0059044551798175,0.2616747181964573,,0.4025764895330113,0.12077294685990338,0.020128824476650563
112,3.92512077294686,19.806763285024154,14.398819108964037,4.522275899087493,42.43156199677939,6.508319914117015,4.569243156199678,2.9790660225442833,0.2616747181964573,,0.4562533548040794,0.12077294685990338,0.020128824476650563
113,3.0327428878153517,28.388352120236178,13.358829844337091,4.17337627482555,36.902844873859365,6.085614600107354,4.582662372517445,2.677133655394525,0.2281266774020397,0.020128824476650563,0.4428341384863124,0.08722490606548577,0.020128824476650563
114,3.0193236714975846,28.27428878153516,12.989801395598498,4.166666666666667,37.285292538915726,6.099033816425121,4.569243156199678,2.677133655394525,0.2885131508319914,0.020128824476650563,0.5032206119162641,0.08722490606548577,0.020128824476650563
115,3.0394524959742353,28.22061191626409,12.989801395598498,4.200214707461084,37.25174449812131,6.085614600107354,4.602791196994096,2.677133655394525,0.2885131508319914,0.020128824476650563,0.5032206119162641,0.10064412238325282,0.020128824476650563
116,3.0394524959742353,28.133387010198604,13.003220611916264,4.28743961352657,37.224906065485776,6.085614600107354,4.62962962962963,2.6637144390767578,0.28180354267310787,0.020128824476650563,0.5099302200751477,0.10064412238325282,0.020128824476650563
117,3.0864197530864197,28.119967793880836,13.003220611916264,4.274020397208803,37.124261943102525,6.105743424584004,4.690016103059581,2.6704240472356413,0.28180354267310787,0.020128824476650563,0.5099302200751477,0.0939345142243693,0.020128824476650563
118,3.240740740740741,27.992485238862052,13.352120236178207,4.240472356414386,36.63446054750403,6.159420289855072,4.74369296833065,2.6637144390767578,0.28180354267310787,0.020128824476650563,0.5099302200751477,0.14090177133655393,0.020128824476650563
119,3.240740740740741,27.865002683843265,13.33870101986044,4.435050993022007,36.460010735373054,6.146001073537305,4.8376274825550185,2.677133655394525,0.28180354267310787,0.020128824476650563,0.5367686527106817,0.14090177133655393,0.020128824476650563
120,3.227321524422974,27.408749329039185,13.285024154589372,4.904723564143854,36.460010735373054,5.9447128287707995,4.810789049919484,2.703972088030059,0.4562533548040794,0.020128824476650563,0.5904455179817498,0.16774020397208803,0.020128824476650563
121,2.368491680085883,40.11003757380569,13.848631239935587,4.052603327965647,27.167203435319376,5.850778314546431,3.113258185721954,2.3550724637681157,0.4428341384863124,0.020128824476650563,0.5233494363929146,0.1274825550187869,0.020128824476650563
122,2.368491680085883,39.48604401502952,13.895598497047773,4.180085882984434,26.818303811057433,6.655931293612453,3.1736446591519054,2.328234031132582,0.4428341384863124,0.020128824476650563,0.4830917874396135,0.1274825550187869,0.020128824476650563
123,2.4221685453569513,39.392109500805155,13.855340848094471,4.260601180891036,26.65727321524423,6.749865807836822,3.2139023081052067,2.341653247450349,0.4428341384863124,0.020128824476650563,0.5099302200751477,0.11406333870101985,0.020128824476650563
124,2.5429414922168547,39.32501341921632,13.828502415458937,4.139828234031133,26.422436929683307,6.729736983360172,3.166935050993022,2.7106816961889426,0.4428341384863124,0.020128824476650563,0.5367686527106817,0.11406333870101985,0.020128824476650563
125,2.6301663982823404,39.14385399892646,13.81508319914117,4.247181964573269,26.41572732152442,6.716317767042405,3.1736446591519054,2.7106816961889426,0.4428341384863124,0.020128824476650563,0.5501878690284487,0.11406333870101985,0.020128824476650563
126,2.717391304347826,39.009661835748794,13.774825550187868,4.394793344068707,26.10708534621578,7.078636607622115,3.0595813204508855,2.7106816961889426,0.4428341384863124,0.020128824476650563,0.5501878690284487,0.11406333870101985,0.020128824476650563
127,2.757648953301127,38.848631239935585,13.774825550187868,4.51556629092861,25.845410628019323,7.024959742351046,2.844873859366613,3.140096618357488,0.4428341384863124,0.020128824476650563,0.6508319914117016,0.11406333870101985,0.020128824476650563
128,2.8247450348899625,38.7614063338701,13.654052603327965,4.609500805152979,25.825281803542673,6.984702093397746,2.8784219001610305,3.099838969404187,0.4428341384863124,0.020128824476650563,0.7648953301127214,0.11406333870101985,0.020128824476650563
129,2.844873859366613,38.65405260332797,13.633923778851315,4.804079441760601,25.577026301663984,6.998121309715513,2.8650026838432634,3.280998389694042,0.4428341384863124,0.020128824476650563,0.7447665056360708,0.11406333870101985,0.020128824476650563
130,2.871712292002147,38.63392377885131,13.633923778851315,4.797369833601718,25.5300590445518,6.998121309715513,2.9119699409554483,3.280998389694042,0.4428341384863124,0.020128824476650563,0.7447665056360708,0.11406333870101985,0.020128824476650563
131,2.871712292002147,38.54669887278583,13.633923778851315,4.884594739667204,25.5300590445518,6.998121309715513,2.885131508319914,3.280998389694042,0.4428341384863124,0.020128824476650563,0.7716049382716049,0.11406333870101985,0.020128824476650563
132,2.8784219001610305,38.26489533011272,13.580246913580247,5.166398282340311,25.503220611916262,6.998121309715513,2.898550724637681,3.280998389694042,0.4428341384863124,0.020128824476650563,0.8319914117015567,0.11406333870101985,0.020128824476650563
133,2.9388083735909825,38.20450885668277,13.546698872785829,5.213365539452496,25.389157273215243,6.91760601180891,2.9790660225442833,3.280998389694042,0.4428341384863124,0.020128824476650563,0.8319914117015567,0.2147074610842727,0.020128824476650563
134,2.9723564143853998,38.02334943639291,13.942565754159958,5.173107890499195,25.207997852925388,6.857219538378959,2.9790660225442833,3.307836822329576,0.4428341384863124,0.020128824476650563,0.8185721953837896,0.23483628556092323,0.020128824476650563
135,3.0059044551798175,37.9495437466452,13.92914653784219,5.146269457863661,25.194578636607623,7.2933440687063875,2.9790660225442833,3.0193236714975846,0.3757380568974772,0.020128824476650563,0.8319914117015567,0.23483628556092323,0.020128824476650563
136,3.0059044551798175,37.92941492216855,13.92914653784219,5.152979066022544,25.187869028448738,7.2933440687063875,2.9790660225442833,3.012614063338701,0.3757380568974772,0.020128824476650563,0.8588298443370908,0.23483628556092323,0.020128824476650563
137,2.999194847020934,37.82877079978529,13.92914653784219,5.166398282340311,25.127482555018787,7.467793880837359,3.0193236714975846,2.9589371980676327,0.3757380568974772,0.020128824476650563,0.8588298443370908,0.2281266774020397,0.020128824476650563
138,2.898550724637681,36.63446054750403,15.874932903918411,4.669887278582931,25.0805152979066,7.1658615136876005,3.1736446591519054,2.9589371980676327,0.3757380568974772,0.020128824476650563,0.8588298443370908,0.2683843263553409,0.020128824476650563
139,2.9388083735909825,36.540526033279654,15.848094471282877,4.74369296833065,25.013419216317768,7.199409554482019,3.2139023081052067,2.9589371980676327,0.3757380568974772,0.020128824476650563,0.8588298443370908,0.2683843263553409,0.020128824476650563
140,3.026033279656468,36.34594739667203,15.848094471282877,4.884594739667204,24.88593666129898,7.1725711218464845,3.307836822329576,2.9589371980676327,0.3757380568974772,0.020128824476650563,0.8588298443370908,0.2952227589908749,0.020128824476650563
141,3.026033279656468,34.655126140633385,15.827965646806227,4.783950617283951,24.550456253354803,7.1658615136876005,3.3145464304884595,4.985238862050457,0.46296296296296297,0.020128824476650563,0.8588298443370908,0.2952227589908749,0.05367686527106817
142,3.0730005367686526,34.56119162640902,15.801127214170693,4.730273752012883,24.322329575952764,7.1725711218464845,3.515834675254965,5.159688674181428,0.46296296296296297,0.020128824476650563,0.8319914117015567,0.2952227589908749,0.05367686527106817
143,3.0931293612453032,34.46725711218465,15.854804079441761,4.676596886741814,24.27536231884058,7.185990338164252,3.488996242619431,5.0993022007514766,0.49651100375738055,0.020128824476650563,0.966183574879227,0.322061191626409,0.05367686527106817
144,3.052871712292002,34.46054750402576,16.0829307568438,4.562533548040794,23.711755233494365,7.185990338164252,3.5829307568438002,5.441492216854535,0.49651100375738055,0.020128824476650563,1.0265700483091786,0.322061191626409,0.05367686527106817
145,3.0394524959742353,34.35990338164251,16.056092324208265,4.549114331723027,23.57085346215781,7.340311325818572,3.9452495974235107,5.146269457863661,0.5501878690284487,0.020128824476650563,1.0601180891035964,0.30864197530864196,0.05367686527106817
146,2.818035426731079,34.19887278582931,15.995705850778315,4.542404723564144,24.134460547504027,7.226247987117552,3.9452495974235107,5.146269457863661,0.5501878690284487,0.020128824476650563,1.0601180891035964,0.30864197530864196,0.05367686527106817
147,2.844873859366613,34.11164787976382,15.975577026301664,4.643048845947397,23.89291465378422,7.333601717659689,4.086151368760064,5.146269457863661,0.5233494363929146,0.020128824476650563,1.0601180891035964,0.30864197530864196,0.05367686527106817
148,2.885131508319914,33.57487922705314,15.975577026301664,5.481749865807837,23.63123993558776,7.273215244229737,4.0995705850778315,5.139559849704777,0.5032206119162641,0.020128824476650563,1.0534084809447128,0.30864197530864196,0.05367686527106817
149,2.9924852388620504,33.051529790660226,16.626409017713364,5.703166935050993,23.00053676865271,7.273215244229737,4.247181964573269,5.119431025228127,0.5032206119162641,0.020128824476650563,1.093666129898014,0.3153515834675255,0.05367686527106817
150,3.0193236714975846,32.024959742351044,16.626409017713364,5.488459473966721,22.81266774020397,8.514492753623188,4.314278046162104,5.146269457863661,0.5032206119162641,0.020128824476650563,1.1473429951690821,0.32877079978529256,0.05367686527106817
151,3.066290928609769,31.602254428341386,19.135802469135804,5.515297906602254,20.799785292538918,8.494363929146537,4.1129898013955986,5.193236714975845,0.5099302200751477,0.020128824476650563,1.1674718196457328,0.32877079978529256,0.05367686527106817
152,2.9119699409554483,28.22061191626409,16.841116478797638,5.045625335480408,28.931830381105744,6.951154052603328,3.9519592055823938,5.199946323134729,0.5032206119162641,0.020128824476650563,1.1406333870101986,0.2281266774020397,0.05367686527106817
153,2.9790660225442833,27.9723564143854,16.82769726247987,5.307300053676865,28.871443907675793,6.91760601180891,3.9519592055823938,5.199946323134729,0.5032206119162641,0.020128824476650563,1.1540526033279657,0.24154589371980675,0.05367686527106817
154,2.985775630703167,27.87842190016103,16.820987654320987,5.3341384863123995,28.79092860976919,6.91760601180891,4.025764895330113,5.12614063338701,0.5099302200751477,0.020128824476650563,1.2949543746645196,0.24154589371980675,0.05367686527106817
155,3.113258185721954,27.84487385936661,16.794149221685455,5.307300053676865,28.703703703703702,6.884057971014493,4.052603327965647,5.119431025228127,0.5099302200751477,0.020128824476650563,1.3553408480944713,0.24154589371980675,0.05367686527106817
156,3.1065485775630703,27.556360708534623,16.740472356414386,5.528717122920021,28.589640365002683,6.991411701556629,4.092860976918948,5.213365539452496,0.5099302200751477,0.020128824476650563,1.3553408480944713,0.24154589371980675,0.05367686527106817
157,3.1736446591519054,27.556360708534623,16.6935050993022,5.528717122920021,28.5426731078905,6.964573268921095,4.119699409554482,5.22007514761138,0.5099302200751477,0.020128824476650563,1.3754696725711217,0.24154589371980675,0.05367686527106817
158,3.180354267310789,27.51610305958132,16.686795491143318,5.562265163714439,28.462157809983896,6.991411701556629,4.180085882984434,5.24020397208803,0.5233494363929146,0.020128824476650563,1.3419216317767042,0.24154589371980675,0.05367686527106817
159,3.2340311325818574,27.3215244229737,16.63311862587225,5.730005367686527,28.307836822329577,6.998121309715513,4.327697262479871,5.24020397208803,0.5166398282340311,0.020128824476650563,1.3754696725711217,0.24154589371980675,0.05367686527106817
160,3.240740740740741,27.274557165861513,16.63311862587225,5.756843800322061,28.307836822329577,7.024959742351046,4.341116478797638,5.24020397208803,0.48980139559849706,0.020128824476650563,1.3754696725711217,0.24154589371980675,0.05367686527106817
161,3.294417606011809,27.241009125067094,16.941760601180892,5.736714975845411,27.87842190016103,6.837090713902308,4.562533548040794,5.246913580246914,0.5904455179817498,0.020128824476650563,1.3754696725711217,0.2214170692431562,0.05367686527106817
162,3.3816425120772946,27.20746108427268,16.908212560386474,5.736714975845411,27.811325818572197,6.837090713902308,4.602791196994096,5.186527106816962,0.6172839506172839,0.020128824476650563,1.415727321524423,0.2214170692431562,0.05367686527106817
163,3.4151905528717124,26.623725174449813,16.586151368760063,5.703166935050993,27.737520128824478,7.353730542136339,4.683306494900698,5.615942028985507,0.6172839506172839,0.020128824476650563,1.402308105206656,0.2214170692431562,0.020128824476650563
164,3.421900161030596,26.623725174449813,16.57944176060118,5.6964573268921095,27.710681696188942,7.353730542136339,4.7101449275362315,5.615942028985507,0.6172839506172839,0.020128824476650563,1.4090177133655395,0.2214170692431562,0.020128824476650563
165,3.475577026301664,26.570048309178745,16.552603327965645,5.736714975845411,27.63016639828234,7.353730542136339,4.757112184648417,5.609232420826624,0.6172839506172839,0.020128824476650563,1.4358561460010735,0.2214170692431562,0.020128824476650563
166,3.535963499731616,26.207729468599034,16.485507246376812,6.159420289855072,27.569779924852387,7.333601717659689,4.74369296833065,5.622651637144391,0.6172839506172839,0.020128824476650563,1.4626945786366077,0.2214170692431562,0.020128824476650563
167,3.5225442834138487,26.194310252281266,16.485507246376812,6.152710681696189,27.563070316693505,7.360440150295223,4.770531400966184,5.609232420826624,0.630703166935051,0.020128824476650563,1.442565754159957,0.2281266774020397,0.020128824476650563
168,3.4957058507783145,26.100375738056897,16.049382716049383,6.1862587224906065,27.47584541062802,7.232957595276436,4.830917874396135,6.1862587224906065,0.630703166935051,0.020128824476650563,1.442565754159957,0.32877079978529256,0.020128824476650563
169,3.5426731078904994,25.966183574879228,15.942028985507246,6.280193236714976,27.408749329039185,7.206119162640902,4.864465915190553,6.333870101986044,0.630703166935051,0.020128824476650563,1.4559849704777241,0.32877079978529256,0.020128824476650563
170,3.569511540526033,25.81857219538379,15.794417606011809,6.501610305958132,27.3215244229737,7.206119162640902,4.891304347826087,6.333870101986044,0.630703166935051,0.020128824476650563,1.5633387010198605,0.32877079978529256,0.020128824476650563
171,3.683574879227053,25.704508856682768,15.646806226516372,6.541867954911433,25.167740203972087,9.4873859366613,4.871175523349437,6.367418142780462,0.630703166935051,0.020128824476650563,1.5297906602254427,0.32877079978529256,0.020128824476650563
172,3.69699409554482,25.637412775093935,16.210413311862588,6.595544820182502,24.46323134728932,9.4873859366613,5.132850241545894,6.219806763285024,0.630703166935051,0.020128824476650563,1.5297906602254427,0.35560923242082665,0.020128824476650563
173,3.717122920021471,25.55018786902845,17.09608158883521,6.662640901771336,24.10091250670961,9.232420826623725,4.871175523349437,6.1862587224906065,0.6239935587761675,0.020128824476650563,1.5633387010198605,0.35560923242082665,0.020128824476650563
174,3.629898013955985,25.335480407944175,15.03623188405797,6.541867954911433,27.34165324745035,8.662104133118627,4.904723564143854,6.166129898013956,0.48980139559849706,0.020128824476650563,1.4492753623188406,0.4025764895330113,0.020128824476650563
175,3.6902844873859366,25.295222758990874,14.969135802469136,6.508319914117015,27.140365002683843,8.796296296296296,4.99194847020934,6.159420289855072,0.48980139559849706,0.020128824476650563,1.5163714439076759,0.4025764895330113,0.020128824476650563
176,3.7104133118625873,25.201288244766506,14.928878153515834,6.655931293612453,27.059849704777243,8.80300590445518,4.951690821256038,6.286902844873859,0.4428341384863124,0.020128824476650563,1.5163714439076759,0.4025764895330113,0.020128824476650563
177,3.743961352657005,25.09393451422437,14.908749329039184,6.622383252818035,27.059849704777243,8.80300590445518,4.978529253891573,6.360708534621578,0.4428341384863124,0.05367686527106817,1.5096618357487923,0.4025764895330113,0.020128824476650563
178,3.7573805689747717,25.033548040794418,14.9020397208803,6.6827697262479875,26.912238325281802,8.80300590445518,5.159688674181428,6.360708534621578,0.4428341384863124,0.05367686527106817,1.4694041867954912,0.4025764895330113,0.020128824476650563
179,3.549382716049383,24.993290391841118,19.41760601180891,6.6760601180891035,24.12104133118626,8.541331186258722,4.38137412775094,5.971551261406334,0.4025764895330113,0.05367686527106817,1.5163714439076759,0.35560923242082665,0.020128824476650563
180,3.3682232957595275,22.322866344605476,18.646001073537306,6.501610305958132,28.703703703703702,8.219269994632313,4.361245303274289,5.58239398819109,0.3824476650563607,0.05367686527106817,1.4895330112721417,0.3488996242619431,0.020128824476650563
181,3.374932903918411,22.208803005904453,18.632581857219538,6.488191089640365,28.683574879227052,8.239398819108963,4.3545356951154055,5.743424584004294,0.3824476650563607,0.05367686527106817,1.4694041867954912,0.3488996242619431,0.020128824476650563
182,3.421900161030596,22.19538378958669,18.572195383789587,6.474771873322598,28.6231884057971,8.239398819108963,4.38137412775094,5.730005367686527,0.3824476650563607,0.05367686527106817,1.5432098765432098,0.3488996242619431,0.03354804079441761
183,3.502415458937198,22.18196457326892,18.572195383789587,6.4345142243692965,28.556092324208265,8.239398819108963,4.367954911433173,5.776972624798712,0.3824476650563607,0.05367686527106817,1.5432098765432098,0.35560923242082665,0.03354804079441761
184,3.569511540526033,22.16183574879227,18.17632850241546,6.4345142243692965,28.488996242619432,8.239398819108963,4.42163177670424,6.112453032742888,0.39586688137412773,0.05367686527106817,1.556629092860977,0.35560923242082665,0.03354804079441761
185,3.629898013955985,22.10144927536232,18.17632850241546,6.454643048845948,28.462157809983896,8.266237251744498,4.414922168545357,6.112453032742888,0.39586688137412773,0.05367686527106817,1.5432098765432098,0.35560923242082665,0.03354804079441761
186,3.6902844873859366,22.020933977455716,18.08239398819109,6.474771873322598,28.462157809983896,8.259527643585615,4.414922168545357,6.112453032742888,0.39586688137412773,0.05367686527106817,1.6438539989264627,0.35560923242082665,0.03354804079441761
187,3.717122920021471,21.81964573268921,18.06226516371444,6.629092860976919,28.462157809983896,8.239398819108963,4.441760601180891,6.112453032742888,0.39586688137412773,0.05367686527106817,1.6639828234031133,0.36902844873859364,0.03354804079441761
188,3.7573805689747717,21.79951690821256,18.015297906602253,6.615673644659152,28.019323671497585,8.199141170155663,4.911433172302737,6.112453032742888,0.39586688137412773,0.05367686527106817,1.7176596886741815,0.36902844873859364,0.03354804079441761
189,3.7372517444981215,21.79951690821256,17.995169082125603,6.615673644659152,28.019323671497585,8.145464304884594,4.938271604938271,6.105743424584004,0.39586688137412773,0.05367686527106817,1.7176596886741815,0.4428341384863124,0.03354804079441761
