,45,50,55,52,53,51,54,56,58,57,61,60,59
0,99.7987117552335,0.20128824476650564,,,,,,,,,,,
1,78.80434782608695,21.195652173913043,,,,,,,,,,,
2,72.926731078905,27.073268921095007,,,,,,,,,,,
3,70.14224369296834,29.830917874396135,0.026838432635534086,,,,,,,,,,
4,70.17579173376275,29.66988727858293,0.05367686527106817,0.06709608158883522,0.03354804079441761,,,,,,,,
5,69.96108427267848,29.871175523349436,0.05367686527106817,0.06709608158883522,0.03354804079441761,0.013419216317767043,,,,,,,
6,69.84702093397746,29.643048845947398,0.19457863660762212,0.14761137949543746,0.03354804079441761,0.013419216317767043,0.12077294685990338,,,,,,
7,69.8671497584541,29.58937198067633,0.2281266774020397,0.14761137949543746,0.03354804079441761,0.013419216317767043,0.12077294685990338,,,,,,
8,69.85373054213633,29.58937198067633,0.24154589371980675,0.14761137949543746,0.03354804079441761,0.013419216317767043,0.12077294685990338,,,,,,
9,69.87385936661299,29.542404723564143,0.24154589371980675,0.14761137949543746,0.03354804079441761,0.013419216317767043,0.14761137949543746,,,,,,
10,68.31723027375202,31.04535695115405,0.30864197530864196,0.13419216317767044,0.03354804079441761,0.013419216317767043,0.14761137949543746,,,,,,
11,65.21068169618894,31.810252281266774,0.3488996242619431,0.13419216317767044,2.328234031132582,0.03354804079441761,0.13419216317767044,,,,,,
12,65.25093934514224,31.716317767042405,0.4025764895330113,0.13419216317767044,2.328234031132582,0.03354804079441761,0.13419216317767044,,,,,,
13,64.96242619431025,31.87734836285561,0.5300590445517982,0.13419216317767044,2.328234031132582,0.03354804079441761,0.13419216317767044,,,,,,
14,64.6202361782072,31.816961889425656,0.5703166935050993,0.13419216317767044,2.3483628556092326,0.3757380568974772,0.13419216317767044,,,,,,
15,59.15861513687601,36.97665056360709,0.8118625872249061,0.13419216317767044,2.3483628556092326,0.4092860976918948,0.1610305958132045,,,,,,
16,58.93048845947396,32.971014492753625,0.798443370907139,0.13419216317767044,1.0466988727858293,6.0587761674718195,0.06038647342995169,,,,,,
17,52.83816425120773,38.98282340311326,0.8990874932903918,0.13419216317767044,1.0332796564680622,6.052066559312936,0.06038647342995169,,,,,,
18,49.81213097155126,40.07648953301127,2.522812667740204,1.7310789049919484,0.7447665056360708,4.736983360171766,0.11406333870101985,0.2214170692431562,0.040257648953301126,,,,
19,49.745034889962426,40.183843263553406,2.4892646269457863,1.7310789049919484,0.7447665056360708,4.622920021470746,0.11406333870101985,0.32877079978529256,0.040257648953301126,,,,
20,49.966451959205585,40.03623188405797,2.4892646269457863,1.7310789049919484,0.7447665056360708,4.549114331723027,0.11406333870101985,0.32877079978529256,0.040257648953301126,,,,
21,50.033548040794415,38.92243692968331,2.462426194310252,1.6908212560386473,0.7313472893183038,5.622651637144391,0.11406333870101985,0.3824476650563607,0.040257648953301126,,,,
22,49.85238862050456,38.989533011272144,2.509393451422437,1.6908212560386473,0.7581857219538379,5.662909286097692,0.11406333870101985,0.3824476650563607,0.040257648953301126,,,,
23,49.946323134728935,38.727858293075684,2.703972088030059,1.6908212560386473,0.7783145464304885,5.615942028985507,0.11406333870101985,0.3824476650563607,0.040257648953301126,,,,
24,47.44363929146538,39.18411164787977,2.6838432635534084,4.441760601180891,0.7783145464304885,4.918142780461621,0.2616747181964573,0.24825550187869028,0.040257648953301126,,,,
25,47.06119162640902,36.621041331186255,2.576489533011272,4.488727858293076,0.7045088566827697,7.930756843800322,0.2616747181964573,0.2885131508319914,0.040257648953301126,0.026838432635534086,,,
26,43.263553408480945,40.60654857756307,2.6301663982823404,4.367954911433173,0.6843800322061192,7.7898550724637685,0.2616747181964573,0.32877079978529256,0.040257648953301126,0.026838432635534086,,,
27,43.16961889425657,40.53945249597424,2.703972088030059,4.4820182501341925,0.6843800322061192,7.7898550724637685,0.2616747181964573,0.30193236714975846,0.040257648953301126,0.026838432635534086,,,
28,33.393719806763286,52.241009125067094,2.657004830917874,4.4820182501341925,0.6374127750939346,5.924584004294149,0.2952227589908749,0.30193236714975846,0.040257648953301126,0.026838432635534086,,,
29,26.268115942028984,59.40016103059581,2.690552871712292,4.435050993022007,0.7045088566827697,5.877616747181965,0.2683843263553409,0.2885131508319914,0.040257648953301126,0.026838432635534086,,,
30,26.41572732152442,59.225711218464845,2.7106816961889426,4.388083735909823,0.7045088566827697,5.844068706387547,0.2885131508319914,0.32877079978529256,0.040257648953301126,0.05367686527106817,,,
31,26.496242619431026,55.63607085346216,2.932098765432099,7.62211486849168,0.8454106280193237,5.8172302737520125,0.2549651100375738,0.30193236714975846,0.040257648953301126,0.05367686527106817,,,
32,25.89908749329039,54.78395061728395,3.012614063338701,7.521470746108427,0.8454106280193237,7.0450885668276975,0.46296296296296297,0.30193236714975846,0.040257648953301126,0.08722490606548577,,,
33,26.167471819645733,53.72383252818035,3.140096618357488,7.521470746108427,0.8454106280193237,7.065217391304348,1.0534084809447128,0.35560923242082665,0.040257648953301126,0.08722490606548577,,,
34,26.261406333870102,53.54938271604938,3.193773483628556,7.501341921631776,0.8454106280193237,7.065217391304348,1.1003757380568975,0.35560923242082665,0.040257648953301126,0.08722490606548577,,,
35,25.02012882447665,54.408212560386474,3.515834675254965,7.481213097155126,0.8319914117015567,7.03166935050993,1.1272141706924315,0.43612453032742887,0.040257648953301126,0.10735373054213634,,,
36,25.0,54.2337627482555,3.603059581320451,7.253086419753086,0.8923778851315083,7.03166935050993,1.1003757380568975,0.5434782608695652,0.040257648953301126,0.30193236714975846,,,
37,25.161030595813205,53.98550724637681,4.019055287171229,7.239667203435319,0.8923778851315083,6.689479334406871,1.1003757380568975,0.5703166935050993,0.040257648953301126,0.30193236714975846,,,
38,25.32206119162641,53.62989801395599,4.186795491143317,6.964573268921095,1.1674718196457328,6.723027375201288,1.1003757380568975,0.5636070853462157,0.040257648953301126,0.30193236714975846,,,
39,25.194578636607623,51.247987117552334,4.341116478797638,9.178743961352657,1.2345679012345678,6.662640901771336,1.0601180891035964,0.7380568974771873,0.040257648953301126,0.30193236714975846,,,
40,25.174449812130973,51.321792807300056,4.327697262479871,9.078099838969404,1.2412775093934514,6.622383252818035,1.0601180891035964,0.7380568974771873,0.06709608158883522,0.36902844873859364,,,
41,25.355609232420825,51.1808910359635,4.280730005367687,8.923778851315083,1.2681159420289856,6.662640901771336,1.0735373054213635,0.7380568974771873,0.06709608158883522,0.4495437466451959,,,
42,25.623993558776167,50.85882984433709,4.3478260869565215,8.776167471819646,1.2681159420289856,6.655931293612453,1.133923778851315,0.7380568974771873,0.06709608158883522,0.5300590445517982,,,
43,25.785024154589372,50.66425120772947,4.374664519592056,8.769457863660762,1.2949543746645196,6.629092860976919,1.1205045625335481,0.7648953301127214,0.06709608158883522,0.5300590445517982,,,
44,25.93263553408481,50.375738056897475,4.30756843800322,8.756038647342995,1.4626945786366077,6.595544820182502,1.2077294685990339,0.7648953301127214,0.06709608158883522,0.5300590445517982,,,
45,26.261406333870102,49.9194847020934,4.40150295222759,8.756038647342995,1.5096618357487923,6.508319914117015,1.2077294685990339,0.8387010198604401,0.06709608158883522,0.5300590445517982,,,
46,26.435856146001072,49.53032742887815,4.609500805152979,8.675523349436393,1.5365002683843263,6.474771873322598,1.2077294685990339,0.9326355340848095,0.06709608158883522,0.5300590445517982,,,
47,26.650563607085346,49.20826623725174,4.663177670424047,8.655394524959743,1.570048309178744,6.494900697799249,1.2412775093934514,0.9326355340848095,0.06709608158883522,0.5166398282340311,,,
48,26.442565754159958,47.62479871175523,4.549114331723027,10.61460010735373,1.5432098765432098,6.568706387546968,1.2546967257112185,0.8923778851315083,0.06709608158883522,0.4428341384863124,,,
49,26.630434782608695,47.134997316156735,4.864465915190553,10.601180891035963,1.5432098765432098,6.561996779388084,1.261406333870102,0.8923778851315083,0.06709608158883522,0.4428341384863124,,,
50,25.140901771336555,51.7512077294686,4.549114331723027,8.387010198604402,1.4224369296833066,6.052066559312936,1.3217928073000538,0.8923778851315083,0.06709608158883522,0.41599570585077833,,,
51,23.96672034353194,48.18840579710145,4.730273752012883,9.769189479334408,4.918142780461621,5.723295759527644,1.3016639828234031,0.9057971014492754,0.08051529790660225,0.41599570585077833,,,
52,24.18142780461621,47.85963499731616,4.944981213097155,9.742351046698873,4.904723564143854,5.709876543209877,1.261406333870102,0.9057971014492754,0.0939345142243693,0.39586688137412773,,,
53,23.698336017176597,47.52415458937198,3.938539989264627,13.58695652173913,4.85775630703167,3.9989264626945786,1.1808910359634996,0.7112184648416533,0.12077294685990338,0.3824476650563607,,,
54,24.020397208803004,46.833064949006975,4.394793344068707,13.41250670960816,4.750402576489533,3.9989264626945786,1.1808910359634996,0.8454106280193237,0.12077294685990338,0.4428341384863124,,,
55,23.852657004830917,44.08883521202362,4.193505099302201,16.27079978529254,4.736983360171766,4.139828234031133,1.2412775093934514,0.8588298443370908,0.10735373054213634,0.5099302200751477,,,
56,23.859366612989803,43.67283950617284,4.394793344068707,16.478797638217927,4.736983360171766,4.166666666666667,1.1876006441223832,0.8454106280193237,0.10735373054213634,0.5501878690284487,,,
57,23.859366612989803,43.47155126140633,4.455179817498658,16.42512077294686,4.750402576489533,4.327697262479871,1.1876006441223832,0.8655394524959742,0.10735373054213634,0.5501878690284487,,,
58,23.993558776167472,43.31723027375201,4.448470209339774,16.10305958132045,4.730273752012883,4.300858829844337,1.2077294685990339,1.0198604401502953,0.0939345142243693,0.785024154589372,,,
59,23.68491680085883,42.31749865807837,4.414922168545357,17.619431025228128,4.676596886741814,4.260601180891036,1.1943102522812667,1.0131508319914118,0.0939345142243693,0.7246376811594203,,,
60,23.906333870101985,41.96188942565754,4.53569511540526,17.51207729468599,4.669887278582931,4.334406870638754,1.06682769726248,0.9997316156736447,0.2885131508319914,0.7246376811594203,,,
61,24.194847020933977,41.76060118089104,4.542404723564144,17.277241009125067,4.696725711218465,4.327697262479871,1.0332796564680622,1.107085346215781,0.2885131508319914,0.7716049382716049,,,
62,24.268652710681696,41.74718196457327,4.53569511540526,17.23027375201288,4.656468062265164,4.361245303274289,1.06682769726248,1.1205045625335481,0.2616747181964573,0.7514761137949544,,,
63,24.516908212560388,41.55260332796565,4.562533548040794,17.11621041331186,4.582662372517445,4.3545356951154055,1.1003757380568975,1.1205045625335481,0.30864197530864196,0.785024154589372,,,
64,24.651100375738057,41.056092324208265,4.696725711218465,16.955179817498657,4.616210413311863,4.361245303274289,1.3955984970477724,1.0802469135802468,0.3757380568974772,0.8118625872249061,,,
65,24.60413311862587,40.707192699946326,4.616210413311863,16.901502952227588,4.643048845947397,4.830917874396135,1.3955984970477724,1.0802469135802468,0.4092860976918948,0.8118625872249061,,,
66,24.644390767579175,40.21739130434783,4.911433172302737,16.834406870638755,4.636339237788513,4.817498658078368,1.5633387010198605,1.0802469135802468,0.4562533548040794,0.8387010198604401,,,
67,24.65780998389694,40.11674718196457,5.260332796564681,16.31105743424584,4.770531400966184,4.8443370907139025,1.5901771336553945,1.2681159420289856,0.4428341384863124,0.7380568974771873,,,
68,24.570585077831456,39.25791733762748,4.891304347826087,16.089640365002683,4.8443370907139025,6.239935587761675,1.596886741814278,1.2681159420289856,0.4428341384863124,0.798443370907139,,,
69,24.52361782071927,39.36527106816962,4.924852388620504,15.908480944712828,4.810789049919484,6.226516371443908,1.6103059581320451,1.3687600644122384,0.4428341384863124,0.8185721953837896,,,
70,24.718196457326894,39.18411164787977,5.018786902844874,15.874932903918411,4.777241009125067,6.1929683306494905,1.6103059581320451,1.3687600644122384,0.4428341384863124,0.8118625872249061,,,
71,24.476650563607084,39.33843263553408,5.0791733762748255,15.767579173376275,4.74369296833065,6.219806763285024,1.6103059581320451,1.3955984970477724,0.5568974771873323,0.8118625872249061,,,
72,24.630971551261407,39.170692431561996,5.12614063338701,15.653515834675256,4.7168545356951155,6.246645195920558,1.6103059581320451,1.3955984970477724,0.5568974771873323,0.8923778851315083,,,
73,24.912775093934513,38.888888888888886,5.213365539452496,15.53274288781535,4.7168545356951155,6.213097155126141,1.6103059581320451,1.3754696725711217,0.5568974771873323,0.9796027911969941,,,
74,24.288781535158346,38.25147611379496,5.4549114331723025,15.465646806226516,4.730273752012883,7.192699946323135,1.6103059581320451,1.4761137949543746,0.5099302200751477,1.0198604401502953,,,
75,24.214975845410628,38.177670424047236,5.589103596349974,15.445517981749866,4.663177670424047,7.179280730005368,1.6035963499731616,1.5901771336553945,0.5099302200751477,1.0265700483091786,,,
76,24.456521739130434,38.097155126140635,5.58239398819109,15.344873859366613,4.703435319377348,7.0450885668276975,1.596886741814278,1.6975308641975309,0.5099302200751477,0.966183574879227,,,
77,23.805689747718734,36.540526033279654,5.58239398819109,17.538915727321523,4.817498658078368,6.944444444444445,1.5901771336553945,1.6774020397208802,0.5099302200751477,0.9930220075147611,,,
78,24.10091250670961,36.493558776167475,5.501878690284487,17.371175523349436,4.898013955984971,6.863929146537842,1.5901771336553945,1.6774020397208802,0.5099302200751477,0.9930220075147611,,,
79,24.27536231884058,36.272141706924316,5.4549114331723025,17.196725711218466,5.045625335480408,6.890767579173376,1.724369296833065,1.6505636070853462,0.5099302200751477,0.9796027911969941,,,
80,24.496779388083738,36.151368760064415,5.481749865807837,17.12962962962963,5.038915727321524,6.843800322061192,1.710950080515298,1.6841116478797638,0.5099302200751477,0.95276435856146,,,
81,24.664519592055825,35.98362855609233,5.488459473966721,17.06924315619968,5.032206119162641,6.890767579173376,1.710950080515298,1.6841116478797638,0.48980139559849706,0.9863123993558777,,,
82,25.067096081588836,35.74208266237252,5.495169082125604,16.988727858293075,4.978529253891573,6.843800322061192,1.7176596886741815,1.6572732152442298,0.48980139559849706,1.0198604401502953,,,
83,25.194578636607623,35.50053676865271,5.609232420826624,16.888083735909824,4.998658078368224,6.890767579173376,1.7310789049919484,1.6505636070853462,0.48980139559849706,1.0466988727858293,,,
84,25.13419216317767,35.21202361782072,5.60252281266774,16.854535695115406,4.99194847020934,7.212828770799785,1.778046162104133,1.6774020397208802,0.48980139559849706,1.0466988727858293,,,
85,25.194578636607623,34.997316156736446,5.756843800322061,16.82769726247987,4.99194847020934,7.092055823939882,1.9524959742351047,1.6572732152442298,0.48980139559849706,1.0399892646269457,,,
86,24.932903918411164,33.25952764358561,5.387815351583468,16.75389157273215,7.004830917874396,7.078636607622115,2.341653247450349,1.6774020397208802,0.48980139559849706,1.0735373054213635,,,
87,25.087224906065487,33.24610842726785,5.360976918947934,16.61969940955448,7.024959742351046,7.078636607622115,2.3215244229736984,1.6774020397208802,0.48980139559849706,1.093666129898014,,,
88,25.41599570585078,33.16559312936125,5.213365539452496,16.59286097691895,6.977992485238862,7.0450885668276975,2.314814814814815,1.6438539989264627,0.5099302200751477,1.1205045625335481,,,
89,25.563607085346217,32.930756843800324,5.152979066022544,16.505636070853463,7.14573268921095,6.991411701556629,2.38191089640365,1.6572732152442298,0.5099302200751477,1.1607622114868492,,,
90,25.664251207729468,32.749597423510465,5.132850241545894,16.680085882984432,7.03166935050993,6.863929146537842,2.5026838432635534,1.6774020397208802,0.5099302200751477,1.1876006441223832,,,
91,25.704508856682768,32.6959205582394,5.146269457863661,16.7337627482555,6.944444444444445,6.796833064949007,2.5429414922168547,1.751207729468599,0.5099302200751477,1.1741814278046163,,,
92,25.946054750402578,32.60198604401503,5.173107890499195,16.6532474503489,6.823671497584541,6.769994632313473,2.5429414922168547,1.751207729468599,0.5636070853462157,1.1741814278046163,,,
93,26.03327965646806,32.50134192163178,5.166398282340311,16.6129898013956,6.769994632313473,6.9243156199677935,2.5295222758990876,1.724369296833065,0.5636070853462157,1.1741814278046163,,,
94,26.154052603327965,32.11218464841653,5.407944176060118,16.525764895330113,6.850509930220075,6.964573268921095,2.522812667740204,1.724369296833065,0.5636070853462157,1.1741814278046163,,,
95,26.073537305421365,31.488191089640367,5.407944176060118,16.371443907675793,6.890767579173376,7.763016639828234,2.509393451422437,1.7579173376274826,0.5636070853462157,1.1741814278046163,,,
96,25.194578636607623,30.253623188405797,5.199946323134729,13.499731615673644,6.723027375201288,13.922436929683306,2.328234031132582,1.5499194847020934,0.5636070853462157,0.7648953301127214,,,
97,25.36231884057971,29.97181964573269,5.186527106816962,13.486312399355878,6.6827697262479875,13.875469672571121,2.563070316693505,1.5499194847020934,0.5636070853462157,0.7581857219538379,,,
98,25.597155126140635,29.857756307031668,5.179817498658078,13.39237788513151,6.729736983360172,13.6808910359635,2.5966183574879227,1.6572732152442298,0.5636070853462157,0.7447665056360708,,,
99,25.241545893719806,30.233494363929147,5.186527106816962,13.305152979066023,6.776704240472356,13.593666129898015,2.623456790123457,1.6975308641975309,0.5501878690284487,0.7917337627482555,,,
100,25.44283413848631,30.099302200751477,5.166398282340311,13.258185721953838,6.8035426731078905,13.58695652173913,2.6301663982823404,1.6706924315619969,0.5501878690284487,0.7917337627482555,,,
101,25.63070316693505,30.03220611916264,5.186527106816962,13.110574342458401,6.776704240472356,13.513150831991412,2.6301663982823404,1.8384326355340848,0.5501878690284487,0.7313472893183038,,,
102,25.6105743424584,29.8040794417606,5.246913580246914,13.030059044551798,7.078636607622115,13.45276435856146,2.6301663982823404,1.8384326355340848,0.5501878690284487,0.7581857219538379,,,
103,25.785024154589372,29.455179817498657,5.495169082125604,12.741545893719806,7.0450885668276975,13.419216317767042,2.6167471819645733,1.8384326355340848,0.5233494363929146,1.0802469135802468,,,
104,25.731347289318304,29.2337627482555,5.58239398819109,12.640901771336553,7.212828770799785,13.479602791196994,2.6502952227589907,1.865271068169619,0.5233494363929146,1.0802469135802468,,,
105,25.87224906065486,29.20692431561997,5.495169082125604,12.587224906065487,7.286634460547504,13.446054750402576,2.6435856146001075,1.8585614600107354,0.5233494363929146,1.0802469135802468,,,
106,25.959473966720342,29.126409017713364,5.488459473966721,12.526838432635534,7.326892109500805,13.399087493290391,2.6435856146001075,1.8384326355340848,0.5434782608695652,1.1473429951690821,,,
107,26.060118089103597,28.972088030059044,5.501878690284487,12.439613526570048,7.360440150295223,13.466183574879228,2.6033279656468062,1.90552871712292,0.5434782608695652,1.1473429951690821,,,
108,26.160762211486848,28.824476650563607,5.522007514761138,12.412775093934513,7.300053676865271,13.43263553408481,2.690552871712292,1.90552871712292,0.6239935587761675,1.1272141706924315,,,
109,26.147342995169083,28.804347826086957,5.562265163714439,12.385936661298981,7.4141170155662905,13.278314546430488,2.6972624798711755,1.9726247987117553,0.6239935587761675,1.1137949543746646,,,
110,26.341921631776703,28.64331723027375,5.683038110574342,12.379227053140097,7.320182501341922,13.22463768115942,2.6704240472356413,1.9659151905528718,0.6575415995705851,1.1137949543746646,,,
111,26.341921631776703,28.61647879763822,5.8172302737520125,12.392646269457863,7.326892109500805,13.030059044551798,2.703972088030059,1.9860440150295222,0.6575415995705851,1.1272141706924315,,,
112,26.288244766505635,28.6231884057971,5.756843800322061,12.406065485775631,7.340311325818572,12.97638217928073,2.7777777777777777,1.9860440150295222,0.6508319914117016,1.1943102522812667,,,
113,26.080246913580247,26.84514224369297,7.877079978529254,12.365807836822329,7.360440150295223,12.915995705850777,2.7308105206655933,1.9860440150295222,0.6508319914117016,1.1876006441223832,,,
114,26.133923778851315,26.724369296833064,7.897208803005904,12.406065485775631,7.434245840042942,12.902576489533011,2.7308105206655933,1.9592055823939882,0.6508319914117016,1.1607622114868492,,,
115,25.59044551798175,25.39586688137413,7.628824476650563,11.701556629092861,10.446859903381643,12.902576489533011,2.576489533011272,1.9592055823939882,0.6239935587761675,1.1741814278046163,,,
116,25.603864734299517,25.335480407944175,7.601986044015029,11.553945249597424,10.487117552334944,12.902576489533011,2.737520128824477,1.9726247987117553,0.630703166935051,1.1741814278046163,,,
117,25.738056897477186,25.308641975308642,7.669082125603865,11.486849168008588,10.446859903381643,12.848899624261943,2.7241009125067097,1.9726247987117553,0.6172839506172839,1.1540526033279657,0.03354804079441761,,
118,25.831991411701555,25.308641975308642,7.635534084809447,11.493558776167472,10.446859903381643,12.835480407944177,2.677133655394525,1.9927536231884058,0.6038647342995169,1.1406333870101986,0.03354804079441761,,
119,25.959473966720342,25.281803542673106,7.608695652173913,11.473429951690822,10.426731078904991,12.74825550187869,2.6838432635534084,2.006172839506173,0.6374127750939346,1.1406333870101986,0.03354804079441761,,
120,25.77831454643049,24.778582930756844,7.749597423510467,11.486849168008588,10.399892646269459,12.68786902844874,3.361513687600644,1.9860440150295222,0.6105743424584005,1.1272141706924315,0.03354804079441761,,
121,25.389157273215243,24.63768115942029,7.226247987117552,13.251476113794954,10.332796564680622,12.379227053140097,3.280998389694042,1.8384326355340848,0.6105743424584005,1.0198604401502953,0.03354804079441761,,
122,21.72571121846484,22.342995169082126,6.615673644659152,14.076757917337627,9.802737520128824,19.243156199677937,3.079710144927536,1.583467525496511,0.48980139559849706,0.9796027911969941,0.03354804079441761,0.026838432635534086,
123,21.69887278582931,22.21551261406334,6.561996779388084,14.325013419216317,9.75577026301664,19.02173913043478,3.207192699946323,1.583467525496511,0.48980139559849706,1.0802469135802468,0.03354804079441761,0.026838432635534086,
124,21.28287707997853,21.940418679549115,6.662640901771336,13.177670424047236,8.997584541062801,21.62506709608159,3.1736446591519054,1.5230810520665594,0.5300590445517982,1.0265700483091786,0.03354804079441761,0.026838432635534086,
125,21.014492753623188,20.860171765968868,6.4345142243692965,11.325818572195384,10.399892646269459,23.70504562533548,3.1333870101986045,1.4895330112721417,0.5434782608695652,1.0332796564680622,0.03354804079441761,0.026838432635534086,
126,21.22249060654858,20.69243156199678,6.327160493827161,11.218464841653248,10.34621578099839,23.1280193236715,4.045893719806763,1.442565754159957,0.5568974771873323,0.9594739667203436,0.03354804079441761,0.026838432635534086,
127,21.34326355340848,20.52469135802469,6.367418142780462,11.198336017176597,10.319377348362856,23.040794417606012,4.193505099302201,1.4559849704777241,0.5434782608695652,0.95276435856146,0.03354804079441761,0.026838432635534086,
128,19.249865807836823,17.559044551798173,3.6634460547504024,8.527911969940956,5.850778314546431,39.03650026838432,3.992216854535695,0.9259259259259259,0.36902844873859364,0.8252818035426731,,,
129,18.99490069779925,17.330917874396135,3.7037037037037037,8.051529790660226,5.689747718733226,40.11003757380569,3.898282340311326,1.0265700483091786,0.36902844873859364,0.8252818035426731,,,
130,19.0552871712292,17.277241009125067,3.7238325281803544,8.017981749865807,5.6964573268921095,39.92216854535695,3.9519592055823938,1.1607622114868492,0.36902844873859364,0.8252818035426731,,,
131,19.189479334406872,17.14975845410628,3.7104133118625873,8.011272141706923,5.810520665593129,39.72758990874933,3.9855072463768115,1.2077294685990339,0.36902844873859364,0.8387010198604401,,,
132,19.269994632313473,17.136339237788512,3.7909286097691894,7.957595276435856,5.750134192163178,39.492753623188406,3.9720880300590444,1.3955984970477724,0.41599570585077833,0.8185721953837896,,,
133,19.57192699946323,17.01556629092861,3.7909286097691894,7.897208803005904,5.857487922705314,39.27804616210413,3.8714439076757916,1.482823403113258,0.41599570585077833,0.8185721953837896,,,
134,19.826892109500804,16.961889425657542,3.7775093934514223,7.883789586688137,5.837359098228664,39.03650026838432,3.8848631239935587,1.556629092860977,0.41599570585077833,0.8185721953837896,,,
135,20.041599570585078,16.874664519592056,3.7573805689747717,7.856951154052603,5.803811057434245,38.71443907675792,3.844605475040258,1.8451422436929683,0.4428341384863124,0.8185721953837896,,,
136,20.055018786902846,16.841116478797638,3.784219001610306,7.830112721417069,5.857487922705314,38.60708534621578,3.9318303811057436,1.8451422436929683,0.4428341384863124,0.8051529790660226,,,
137,20.28985507246377,16.78743961352657,3.7573805689747717,7.796564680622652,5.750134192163178,38.506441223832525,3.9452495974235107,1.8719806763285025,0.48980139559849706,0.8051529790660226,,,
138,20.249597423510465,16.404991948470208,3.569511540526033,7.722758990874933,5.763553408480945,39.2914653784219,3.8848631239935587,1.7847557702630166,0.48980139559849706,0.8387010198604401,,,
139,20.43075684380032,16.358024691358025,3.6231884057971016,7.689210950080516,5.750134192163178,39.09688674181428,3.92512077294686,1.8183038110574343,0.46967257112184646,0.8387010198604401,,,
140,20.531400966183575,16.23054213633924,3.6231884057971016,7.695920558239399,5.763553408480945,39.05662909286098,3.8714439076757916,1.8183038110574343,0.46967257112184646,0.9393451422436929,,,
141,20.645464304884594,16.109769189479334,3.6231884057971016,7.48792270531401,6.112453032742888,38.65405260332797,4.294149221685454,1.778046162104133,0.46967257112184646,0.8252818035426731,,,
142,20.705850778314545,15.921900161030596,3.629898013955985,7.474503488996243,6.0587761674718195,38.5601180891036,4.575952764358561,1.778046162104133,0.46967257112184646,0.8252818035426731,,,
143,20.86688137412775,15.901771336553946,3.6366076221148687,7.474503488996243,6.072195383789587,38.439345142243695,4.575952764358561,1.751207729468599,0.46967257112184646,0.8118625872249061,,,
144,20.893719806763286,15.955448201825014,3.670155662909286,7.467793880837359,6.072195383789587,38.33199141170156,4.609500805152979,1.737788513150832,0.46967257112184646,0.7917337627482555,,,
145,19.732957595276435,14.962426194310252,3.388352120236178,6.394256575415996,5.58239398819109,42.73349436392915,3.9049919484702094,2.167203435319377,0.39586688137412773,0.7380568974771873,,,
146,19.80005367686527,14.935587761674718,3.3145464304884595,6.400966183574879,5.649490069779925,42.20343531937735,4.200214707461084,2.3617820719269993,0.39586688137412773,0.7380568974771873,,,
147,19.94766505636071,14.895330112721417,3.3548040794417604,6.374127750939345,5.642780461621041,41.76731078904992,4.2203435319377345,2.6435856146001075,0.39586688137412773,0.7581857219538379,,,
148,20.12211486849168,14.848362855609233,3.5963499731615673,6.414385399892646,5.60252281266774,41.358024691358025,4.206924315619967,2.6637144390767578,0.4294149221685454,0.7581857219538379,,,
149,20.202630166398283,14.700751476113794,3.6902844873859366,6.347289318303811,5.689747718733226,41.02254428341385,4.361245303274289,2.8247450348899625,0.4025764895330113,0.7581857219538379,,,
150,20.37037037037037,14.680622651637144,3.7775093934514223,6.347289318303811,5.71658615136876,40.76757917337628,4.334406870638754,2.85829307568438,0.4025764895330113,0.7447665056360708,,,
151,20.511272141706925,14.593397745571659,3.9184111647879765,6.367418142780462,5.669618894256575,40.33816425120773,4.428341384863124,2.9723564143853998,0.4562533548040794,0.7447665056360708,,,
152,20.71256038647343,14.452495974235104,3.9184111647879765,6.367418142780462,5.736714975845411,40.21068169618894,4.414922168545357,2.985775630703167,0.4562533548040794,0.7447665056360708,,,
153,20.94068706387547,14.378690284487385,4.066022544283414,6.300322061191626,5.803811057434245,39.84836285560923,4.414922168545357,3.046162104133119,0.4562533548040794,0.7447665056360708,,,
154,19.236446591519055,12.453032742887816,3.8177670424047236,6.260064412238325,5.636070853462158,44.545088566827694,4.0995705850778315,2.7509393451422435,0.4562533548040794,0.7447665056360708,,,
155,19.424315619967793,12.31213097155126,3.965378421900161,6.213097155126141,5.642780461621041,44.33038110574343,4.05931293612453,2.8247450348899625,0.4562533548040794,0.7716049382716049,,,
156,19.33709071390231,12.198067632850242,3.9519592055823938,6.072195383789587,5.226784755770263,43.73993558776167,5.589103596349974,2.757648953301127,0.4227053140096618,0.7045088566827697,,,
157,19.618894256575416,12.124261943102523,3.965378421900161,6.038647342995169,5.367686527106817,43.41787439613527,5.622651637144391,2.717391304347826,0.4227053140096618,0.7045088566827697,,,
158,19.900697799248523,12.117552334943639,3.9720880300590444,5.978260869565218,5.394524959742351,42.99516908212561,5.622651637144391,2.9119699409554483,0.4227053140096618,0.6843800322061192,,,
159,20.081857219538378,12.090713902308105,3.9519592055823938,5.978260869565218,5.35426731078905,42.7938808373591,5.589103596349974,3.052871712292002,0.4227053140096618,0.6843800322061192,,,
160,20.12211486849168,12.104133118625873,3.965378421900161,5.850778314546431,5.340848094471283,42.73349436392915,5.595813204508857,3.052871712292002,0.4227053140096618,0.8118625872249061,,,
161,20.222758990874933,12.070585077831455,4.139828234031133,5.844068706387547,5.280461621041331,42.53891572732152,5.555555555555555,3.0394524959742353,0.4227053140096618,0.8856682769726248,,,
162,20.497852925389157,12.00348899624262,4.1129898013955986,5.870907139023081,5.401234567901234,42.1430488459474,5.528717122920021,3.1333870101986045,0.4227053140096618,0.8856682769726248,,,
163,20.558239398819108,12.04374664519592,4.139828234031133,5.870907139023081,5.414653784219001,41.96188942565754,5.555555555555555,3.1602254428341383,0.4227053140096618,0.8722490606548577,,,
164,20.75281803542673,11.869296833064949,4.1129898013955986,5.864197530864198,5.495169082125604,41.55931293612453,5.770263016639828,3.2877079978529253,0.4227053140096618,0.8655394524959742,,,
165,20.263016639828233,11.144659151905529,3.656736446591519,5.857487922705314,7.333601717659689,41.34460547504026,5.83064949006978,3.2742887815351582,0.4294149221685454,0.8655394524959742,,,
166,20.491143317230275,11.137949543746645,3.6231884057971016,5.857487922705314,7.313472893183038,41.04938271604938,5.797101449275362,3.435319377348363,0.4294149221685454,0.8655394524959742,,,
167,20.598497047772412,11.131239935587761,3.6500268384326353,5.877616747181965,7.27992485238862,40.82125603864734,5.83064949006978,3.488996242619431,0.4227053140096618,0.8990874932903918,,,
168,20.551529790660226,10.775630703166936,3.656736446591519,5.857487922705314,7.159151905528717,41.59286097691895,5.562265163714439,3.5225442834138487,0.4227053140096618,0.8990874932903918,,,
169,20.77294685990338,10.715244229736983,3.784219001610306,5.810520665593129,7.14573268921095,41.358024691358025,5.548845947396672,3.5426731078904994,0.4227053140096618,0.8990874932903918,,,
170,20.9272678475577,10.641438539989265,3.7238325281803544,5.803811057434245,7.514761137949543,40.995705850778315,5.495169082125604,3.5762211486849167,0.4227053140096618,0.8990874932903918,,,
171,21.101717659688674,10.607890499194847,3.717122920021471,5.8172302737520125,7.494632313472893,40.78770799785293,5.515297906602254,3.6366076221148687,0.4227053140096618,0.8990874932903918,,,
172,21.40365002683843,10.581052066559312,3.770799785292539,5.810520665593129,7.434245840042942,40.54616210413312,5.475040257648954,3.656736446591519,0.4227053140096618,0.8990874932903918,,,
173,21.598228663446054,10.513955984970478,3.797638217928073,5.770263016639828,7.4141170155662905,40.41867954911433,5.434782608695652,3.6768652710681695,0.4562533548040794,0.9192163177670424,,,
174,21.76596886741814,10.493827160493828,3.9318303811057436,5.750134192163178,7.37385936661299,40.11003757380569,5.421363392377885,3.81105743424584,0.4495437466451959,0.8923778851315083,,,
175,21.994095544820183,10.493827160493828,3.9184111647879765,5.636070853462158,7.353730542136339,39.96913580246913,5.394524959742351,3.9519592055823938,0.4495437466451959,0.8387010198604401,,,
176,21.866612989801396,10.379763821792807,4.032474503488996,6.488191089640365,7.306763285024155,39.40552871712292,5.24020397208803,3.9519592055823938,0.4495437466451959,0.8789586688137413,,,
177,22.108158883521202,10.406602254428341,4.206924315619967,6.488191089640365,7.306763285024155,38.89559849704777,5.166398282340311,4.0995705850778315,0.4428341384863124,0.8789586688137413,,,
178,22.228931830381107,10.379763821792807,4.2203435319377345,6.488191089640365,7.434245840042942,38.58024691358025,5.199946323134729,4.180085882984434,0.4428341384863124,0.8454106280193237,,,
179,22.18196457326892,10.352925389157273,4.2203435319377345,6.488191089640365,7.427536231884058,38.53327965646806,5.35426731078905,4.166666666666667,0.4227053140096618,0.8521202361782072,,,
180,22.33628556092324,10.332796564680622,4.247181964573269,6.488191089640365,7.407407407407407,38.425925925925924,5.293880837359098,4.166666666666667,0.4227053140096618,0.8789586688137413,,,
181,22.665056360708533,10.245571658615138,4.40150295222759,6.508319914117015,7.320182501341922,38.10386473429951,5.233494363929147,4.119699409554482,0.4428341384863124,0.9594739667203436,,,
182,22.86634460547504,10.238862050456254,4.334406870638754,6.494900697799249,7.2933440687063875,37.92270531400966,5.307300053676865,4.139828234031133,0.4428341384863124,0.9594739667203436,,,
183,22.906602254428343,10.131508319914117,4.30756843800322,6.488191089640365,7.1658615136876005,37.754965110037574,5.448201825013419,4.206924315619967,0.630703166935051,0.9594739667203436,,,
184,23.15485775630703,10.077831454643048,4.51556629092861,6.461352657004831,7.112184648416532,37.39935587761675,5.434782608695652,4.274020397208803,0.6105743424584005,0.9594739667203436,,,
185,22.852925389157274,10.030864197530864,6.347289318303811,6.427804616210413,7.266505636070853,35.74208266237252,5.407944176060118,4.367954911433173,0.5971551261406334,0.9594739667203436,,,
186,22.886473429951693,10.044283413848632,6.3137412775093935,6.380837359098229,7.440955448201825,35.581052066559316,5.501878690284487,4.294149221685454,0.5971551261406334,0.9594739667203436,,,
187,22.953569511540525,9.997316156736447,6.360708534621578,6.320450885668277,7.440955448201825,35.487117552334944,5.434782608695652,4.408212560386473,0.630703166935051,0.966183574879227,,,
188,23.221953837895867,9.977187332259795,6.260064412238325,6.293612453032743,7.494632313472893,35.38647342995169,5.414653784219001,4.3545356951154055,0.630703166935051,0.966183574879227,,,
189,23.289049919484704,9.816156736446592,6.360708534621578,6.199677938808374,7.5281803542673105,35.23215244229737,5.508588298443371,4.488727858293076,0.630703166935051,0.9460547504025765,,,
190,23.423242082662373,9.71551261406334,6.286902844873859,6.119162640901771,7.5348899624261945,34.96376811594203,5.629361245303274,4.696725711218465,0.630703166935051,0.9728931830381106,,0.026838432635534086,
191,21.296296296296298,9.286097691894794,5.35426731078905,5.226784755770263,7.4208266237251745,40.53274288781535,5.401234567901234,3.8580246913580245,0.630703166935051,0.966183574879227,,0.026838432635534086,
192,21.38352120236178,9.25925925925926,5.421363392377885,5.2066559312936125,7.440955448201825,40.39855072463768,5.421363392377885,3.844605475040258,0.644122383252818,0.95276435856146,,0.026838432635534086,
193,21.4573268921095,9.23913043478261,5.488459473966721,5.24020397208803,7.50805152979066,40.183843263553406,5.387815351583468,3.8714439076757916,0.644122383252818,0.95276435856146,,0.026838432635534086,
194,21.477455716586153,9.265968867418144,5.481749865807837,5.3274288781535155,7.387278582930757,40.09661835748792,5.414653784219001,3.8848631239935587,0.6239935587761675,1.0131508319914118,,0.026838432635534086,
195,21.658615136876005,9.145195920558239,5.683038110574342,5.3274288781535155,7.367149758454106,39.80810520665593,5.475040257648954,3.8714439076757916,0.6239935587761675,1.0131508319914118,,0.026838432635534086,
196,21.900161030595815,9.145195920558239,5.703166935050993,5.3274288781535155,7.353730542136339,39.49946323134729,5.495169082125604,3.911701556629093,0.6239935587761675,1.0131508319914118,,0.026838432635534086,
197,22.020933977455716,9.125067096081589,5.662909286097692,6.3137412775093935,7.27992485238862,38.64734299516908,5.401234567901234,3.9184111647879765,0.5904455179817498,1.0131508319914118,,0.026838432635534086,
198,22.041062801932366,9.05126140633387,5.669618894256575,6.246645195920558,7.273215244229737,38.25147611379496,5.562265163714439,4.260601180891036,0.5904455179817498,1.0064412238325282,,0.026838432635534086,0.020128824476650563
199,22.16183574879227,8.957326892109501,5.615942028985507,6.327160493827161,7.273215244229737,38.1508319914117,5.535426731078905,4.280730005367687,0.6239935587761675,0.9930220075147611,,0.06038647342995169,0.020128824476650563
200,22.262479871175522,8.856682769726248,5.71658615136876,6.320450885668277,7.320182501341922,37.88244766505636,5.649490069779925,4.28743961352657,0.6239935587761675,0.9997316156736447,,0.06038647342995169,0.020128824476650563
201,22.544283413848632,8.796296296296296,5.662909286097692,6.340579710144928,7.266505636070853,37.6610305958132,5.649490069779925,4.374664519592056,0.6239935587761675,0.9997316156736447,,0.06038647342995169,0.020128824476650563
202,22.69860440150295,8.796296296296296,5.730005367686527,6.320450885668277,7.253086419753086,37.5402576489533,5.5689747718733225,4.388083735909823,0.6239935587761675,0.9997316156736447,,0.06038647342995169,0.020128824476650563
203,22.839506172839506,8.796296296296296,5.676328502415459,6.3070316693505095,7.246376811594203,37.473161567364464,5.5689747718733225,4.374664519592056,0.6239935587761675,1.0131508319914118,,0.06038647342995169,0.020128824476650563
204,23.060923242082662,8.769457863660762,5.622651637144391,6.286902844873859,7.306763285024155,37.25174449812131,5.535426731078905,4.455179817498658,0.6172839506172839,1.0131508319914118,,0.06038647342995169,0.020128824476650563
205,23.17498658078368,8.729200214707461,5.71658615136876,6.280193236714976,7.2933440687063875,37.0907139023081,5.528717122920021,4.4753086419753085,0.6172839506172839,1.0131508319914118,,0.06038647342995169,0.020128824476650563
206,23.329307568438004,8.729200214707461,5.71658615136876,6.280193236714976,7.25979602791197,36.99677938808374,5.535426731078905,4.441760601180891,0.6172839506172839,1.0131508319914118,,0.06038647342995169,0.020128824476650563
207,23.429951690821255,8.709071390230811,5.797101449275362,6.293612453032743,7.25979602791197,36.73510466988728,5.522007514761138,4.542404723564144,0.6172839506172839,1.0131508319914118,,0.06038647342995169,0.020128824476650563
208,23.544015029522274,8.662104133118627,5.730005367686527,6.367418142780462,7.25979602791197,36.41304347826087,5.555555555555555,4.757112184648417,0.6172839506172839,1.0131508319914118,,0.06038647342995169,0.020128824476650563
209,22.940150295222757,8.454106280193237,5.649490069779925,8.272946859903382,7.313472893183038,35.49382716049383,5.320719269994632,4.8443370907139025,0.6172839506172839,1.0131508319914118,,0.06038647342995169,0.020128824476650563
