,45,50,54,52,55,51,53,56,58,57,59,60
0,98.33601717659688,1.596886741814278,0.06709608158883522,,,,,,,,,
1,97.04777241009126,2.38191089640365,0.013419216317767043,0.5568974771873323,,,,,,,,
2,94.8671497584541,4.562533548040794,0.013419216317767043,0.5568974771873323,,,,,,,,
3,94.61889425657542,4.817498658078368,0.013419216317767043,0.5501878690284487,,,,,,,,
4,92.08937198067633,7.347020933977456,0.013419216317767043,0.5501878690284487,,,,,,,,
5,87.98980139559849,11.446591519055287,0.013419216317767043,0.5501878690284487,,,,,,,,
6,84.30622651637144,14.848362855609233,0.2952227589908749,0.5501878690284487,,,,,,,,
7,65.5126140633387,34.38003220611916,0.08051529790660225,,0.026838432635534086,,,,,,,
8,64.60681696188942,35.28582930756844,0.08051529790660225,,0.026838432635534086,,,,,,,
9,60.628019323671495,39.26462694578637,0.08051529790660225,,0.026838432635534086,,,,,,,
10,60.68169618894257,39.04320987654321,0.08051529790660225,,0.19457863660762212,,,,,,,
11,60.7085346215781,38.92243692968331,0.08051529790660225,,0.2885131508319914,,,,,,,
12,60.17176596886742,39.45920558239399,0.08051529790660225,,0.2885131508319914,,,,,,,
13,56.146001073537306,34.76247987117552,0.06709608158883522,,0.2281266774020397,8.796296296296296,,,,,,
14,54.830917874396135,35.32608695652174,0.06709608158883522,,0.2281266774020397,9.54777241009125,,,,,,
15,54.78395061728395,35.39318303811057,0.06709608158883522,,0.2281266774020397,9.5276435856146,,,,,,
16,54.38137412775094,35.668276972624795,0.06709608158883522,,0.2281266774020397,9.5276435856146,0.1274825550187869,,,,,
17,52.59661835748792,37.33225979602791,0.10735373054213634,,0.32877079978529256,9.50751476113795,0.1274825550187869,,,,,
18,50.81186258722491,38.0703166935051,0.10735373054213634,,0.4495437466451959,10.433440687063875,0.1274825550187869,,,,,
19,49.82555018786903,39.07675791733763,0.10735373054213634,,0.4495437466451959,10.413311862587225,0.1274825550187869,,,,,
20,49.61084272678475,39.190821256038646,0.10735373054213634,,0.47638217928073,10.487117552334944,0.1274825550187869,,,,,
21,49.302200751476114,39.47933440687064,0.10735373054213634,,0.5837359098228664,10.399892646269459,0.1274825550187869,,,,,
22,48.37627482555019,39.52630166398282,0.10735373054213634,,0.6172839506172839,11.245303274288782,0.1274825550187869,,,,,
23,48.490338164251206,38.77482555018787,0.6776704240472357,,0.6910896403650026,11.238593666129898,0.1274825550187869,,,,,
24,47.41009125067096,38.036768652710684,0.6776704240472357,1.6975308641975309,0.8185721953837896,11.231884057971014,0.1274825550187869,,,,,
25,47.36312399355877,38.016639828234034,0.7447665056360708,1.6975308641975309,0.8185721953837896,11.231884057971014,0.1274825550187869,,,,,
26,47.44363929146538,37.80193236714976,0.9326355340848095,1.6975308641975309,0.8051529790660226,11.191626409017713,0.1274825550187869,,,,,
27,47.557702630166396,37.65432098765432,0.9326355340848095,1.6975308641975309,0.8387010198604401,11.191626409017713,0.1274825550187869,,,,,
28,47.537573805689746,37.61406333870102,0.9326355340848095,1.7579173376274826,0.8387010198604401,11.191626409017713,0.1274825550187869,,,,,
29,47.56441223832528,37.58722490606549,0.9326355340848095,1.7579173376274826,0.9728931830381106,11.057434245840042,0.1274825550187869,,,,,
30,47.54428341384863,37.57380568974772,0.9326355340848095,1.7579173376274826,1.0064412238325282,11.057434245840042,0.1274825550187869,,,,,
31,47.58454106280193,36.60762211486849,0.9326355340848095,2.5563607085346214,0.9997316156736447,11.044015029522276,0.1274825550187869,0.14761137949543746,,,,
32,47.61137949543747,35.93666129898014,0.9326355340848095,2.522812667740204,1.710950080515298,11.010466988727858,0.1274825550187869,0.14761137949543746,,,,
33,47.66505636070853,35.88298443370907,0.9326355340848095,2.522812667740204,1.778046162104133,10.943370907139023,0.1274825550187869,0.14761137949543746,,,,
34,46.64519592055824,36.520397208803004,0.9326355340848095,2.4020397208803006,2.187332259796028,10.903113258185721,0.2616747181964573,0.14761137949543746,,,,
35,46.71229200214707,36.50697799248524,0.9326355340848095,2.4020397208803006,2.1806226516371443,10.829307568438002,0.2616747181964573,0.14761137949543746,0.026838432635534086,,,
36,46.3768115942029,36.72168545356951,0.9326355340848095,2.38191089640365,2.100107353730542,9.66183574879227,1.6237251744498122,0.14761137949543746,0.026838432635534086,0.026838432635534086,,
37,45.29656468062265,37.5402576489533,0.8454106280193237,2.38191089640365,2.100107353730542,10.064412238325282,1.5096618357487923,0.14761137949543746,0.08722490606548577,0.026838432635534086,,
38,45.25630703166935,36.75523349436393,1.3486312399355878,2.38191089640365,2.086688137412775,9.769189479334408,2.1403650026838434,0.14761137949543746,0.08722490606548577,0.026838432635534086,,
39,43.45142243692968,38.5601180891036,1.3486312399355878,2.1403650026838434,2.0531400966183573,9.769189479334408,2.1403650026838434,0.14761137949543746,0.08722490606548577,0.30193236714975846,,
40,43.384326355340846,38.22463768115942,1.482823403113258,2.1403650026838434,1.9390767579173376,9.73564143853999,2.5563607085346214,0.14761137949543746,0.08722490606548577,0.30193236714975846,,
41,42.44498121309716,38.539989264626946,1.4358561460010735,3.113258185721954,1.892109500805153,9.440418679549115,2.4892646269457863,0.14761137949543746,0.08722490606548577,0.4092860976918948,,
42,41.82098765432099,39.11701556629093,1.4761137949543746,3.2206119162640903,1.892109500805153,9.339774557165862,2.522812667740204,0.14761137949543746,0.08722490606548577,0.3757380568974772,,
43,41.36473429951691,39.49946323134729,1.4761137949543746,3.1333870101986045,1.9927536231884058,9.326355340848094,2.522812667740204,0.14761137949543746,0.08722490606548577,0.4495437466451959,,
44,39.31159420289855,39.80810520665593,1.4761137949543746,2.8918411164787976,2.147074610842727,11.292270531400966,2.3886205045625335,0.14761137949543746,0.08722490606548577,0.4495437466451959,,
45,39.48604401502952,39.72758990874933,1.4761137949543746,2.871712292002147,2.147074610842727,11.218464841653248,2.3886205045625335,0.14761137949543746,0.08722490606548577,0.4495437466451959,,
46,32.88378958668814,46.91358024691358,1.288244766505636,2.871712292002147,2.1403650026838434,10.896403650026839,2.3215244229736984,0.14761137949543746,0.08722490606548577,0.4495437466451959,,
47,32.13231347289318,47.698604401502955,1.2546967257112185,2.8650026838432634,2.1739130434782608,9.86983360171766,3.3145464304884595,0.17444981213097155,0.08722490606548577,0.4294149221685454,,
48,31.99812130971551,47.14170692431562,1.0869565217391304,5.703166935050993,2.2208803005904456,8.548040794417606,2.6167471819645733,0.17444981213097155,0.08051529790660225,0.4294149221685454,,
49,32.058507783145465,46.08829844337091,1.0869565217391304,6.696188942565755,2.2074610842726785,8.514492753623188,2.6704240472356413,0.17444981213097155,0.08051529790660225,0.4227053140096618,,
50,32.19269994632314,45.75952764358561,1.5432098765432098,6.468062265163715,2.2879763821792807,8.440687063875469,2.6301663982823404,0.17444981213097155,0.08051529790660225,0.4227053140096618,,
51,32.118894256575416,45.73939881910896,1.5297906602254427,6.488191089640365,2.4020397208803006,8.440687063875469,2.6033279656468062,0.17444981213097155,0.08051529790660225,0.4227053140096618,,
52,32.2866344605475,45.611916264090176,1.5297906602254427,6.447933440687064,2.4020397208803006,8.440687063875469,2.6033279656468062,0.17444981213097155,0.08051529790660225,0.4227053140096618,,
53,32.347020933977454,45.56494900697799,1.3486312399355878,6.602254428341385,2.4154589371980677,8.440687063875469,2.6033279656468062,0.17444981213097155,0.08051529790660225,0.4227053140096618,,
54,32.37385936661299,45.48443370907139,1.3486312399355878,6.823671497584541,2.442297369833602,8.246108427267847,2.6033279656468062,0.17444981213097155,0.08051529790660225,0.4227053140096618,,
55,32.306763285024154,45.22275899087493,1.3419216317767042,6.595544820182502,2.6502952227589907,8.903650026838433,2.26784755770263,0.2214170692431562,0.08051529790660225,0.4092860976918948,,
56,32.139023081052066,45.35024154589372,1.3888888888888888,6.588835212023618,2.7106816961889426,8.890230810520666,2.2342995169082127,0.2214170692431562,0.08051529790660225,0.39586688137412773,,
57,30.495169082125603,44.49141170155663,0.9728931830381106,8.715780998389693,2.6838432635534084,9.816156736446592,2.1269457863660763,0.2214170692431562,0.08051529790660225,0.39586688137412773,,
58,30.54213633923779,44.357219538378956,0.9728931830381106,8.856682769726248,2.6704240472356413,9.695383789586689,2.2074610842726785,0.2214170692431562,0.08051529790660225,0.39586688137412773,,
59,29.522275899087493,42.73349436392915,0.9796027911969941,8.225979602791197,2.536231884057971,13.39237788513151,1.9122383252818036,0.2214170692431562,0.08051529790660225,0.39586688137412773,,
60,29.53569511540526,42.44498121309716,0.966183574879227,8.333333333333334,3.099838969404187,12.761674718196458,2.1604938271604937,0.2214170692431562,0.08051529790660225,0.39586688137412773,,
61,29.441760601180892,40.33816425120773,0.9259259259259259,8.179012345679013,3.052871712292002,15.271068169618895,2.0933977455716586,0.2214170692431562,0.08051529790660225,0.39586688137412773,,
62,29.49543746645196,40.17042404723564,0.9930220075147611,8.179012345679013,3.099838969404187,15.217391304347826,2.0933977455716586,0.27509393451422437,0.08051529790660225,0.39586688137412773,,
63,29.508856682769725,40.143585614600106,0.9930220075147611,8.179012345679013,3.113258185721954,15.217391304347826,2.0933977455716586,0.27509393451422437,0.08051529790660225,0.39586688137412773,,
64,29.508856682769725,40.01610305958132,0.9930220075147611,8.11862587224906,3.260869565217391,15.197262479871176,2.0933977455716586,0.27509393451422437,0.08051529790660225,0.4562533548040794,,
65,29.482018250134193,39.94900697799248,1.0265700483091786,8.11862587224906,3.260869565217391,15.257648953301127,2.0933977455716586,0.27509393451422437,0.08051529790660225,0.4562533548040794,,
66,29.180085882984432,37.3792270531401,0.8722490606548577,6.119162640901771,3.0864197530864197,20.625335480407944,1.9793344068706387,0.27509393451422437,0.026838432635534086,0.4562533548040794,,
67,29.025764895330113,37.43961352657005,0.8722490606548577,6.1862587224906065,3.1199677938808374,20.578368223295758,1.9793344068706387,0.3153515834675255,0.026838432635534086,0.4562533548040794,,
68,29.1129898013956,37.32555018786903,0.8722490606548577,6.689479334406871,2.999194847020934,20.558239398819108,1.6505636070853462,0.3153515834675255,0.026838432635534086,0.4495437466451959,,
69,28.629898013955984,37.23161567364466,1.4559849704777241,6.367418142780462,3.113258185721954,20.8064949006978,1.6237251744498122,0.3153515834675255,0.026838432635534086,0.4294149221685454,,
70,28.710413311862588,37.1309715512614,1.4559849704777241,6.367418142780462,3.1535158346752548,20.638754696725712,1.6237251744498122,0.46296296296296297,0.026838432635534086,0.4294149221685454,,
71,28.408480944712828,36.95652173913044,1.4559849704777241,7.004830917874396,3.2206119162640903,20.33011272141707,1.6237251744498122,0.5434782608695652,0.026838432635534086,0.4294149221685454,,
72,28.33467525496511,37.0101986044015,1.3888888888888888,6.649221685453569,3.2206119162640903,19.135802469135804,3.260869565217391,0.5770263016639828,0.026838432635534086,0.39586688137412773,,
73,28.455448201825014,36.74852388620504,1.4358561460010735,6.649221685453569,3.2541599570585076,19.102254428341386,3.33467525496511,0.5971551261406334,0.026838432635534086,0.39586688137412773,,
74,26.341921631776703,40.53945249597424,1.3352120236178207,6.421095008051529,3.2541599570585076,17.867686527106816,3.0864197530864197,0.7313472893183038,0.026838432635534086,0.39586688137412773,,
75,26.36876006441224,40.47906602254428,1.3687600644122384,6.421095008051529,3.2541599570585076,17.867686527106816,3.0864197530864197,0.7313472893183038,0.026838432635534086,0.39586688137412773,,
76,26.362050456253353,40.4320987654321,1.5365002683843263,6.380837359098229,3.180354267310789,17.867686527106816,3.0864197530864197,0.7313472893183038,0.026838432635534086,0.39586688137412773,,
77,25.650831991411703,41.0829307568438,1.5230810520665594,6.380837359098229,3.3279656468062266,17.793880837359097,3.0864197530864197,0.7313472893183038,0.026838432635534086,0.39586688137412773,,
78,25.691089640365004,40.94202898550725,1.5901771336553945,6.374127750939345,3.3816425120772946,17.780461621041333,3.0864197530864197,0.7313472893183038,0.026838432635534086,0.39586688137412773,,
79,25.657541599570585,41.08964036500269,1.5901771336553945,6.360708534621578,3.3816425120772946,17.659688674181428,3.079710144927536,0.7581857219538379,0.026838432635534086,0.39586688137412773,,
80,25.509930220075148,40.103327965646805,1.5767579173376274,7.541599570585078,3.3480944712828773,17.834138486312398,3.0193236714975846,0.644122383252818,0.026838432635534086,0.39586688137412773,,
81,25.563607085346217,39.841653247450346,1.5767579173376274,7.541599570585078,3.3480944712828773,18.075684380032207,3.0193236714975846,0.644122383252818,0.026838432635534086,0.36231884057971014,,
82,25.523349436392916,39.070048309178745,1.6908212560386473,8.252818035426731,3.3682232957595275,18.14278046162104,2.952227589908749,0.6508319914117016,0.026838432635534086,0.322061191626409,,
83,25.40257648953301,39.04320987654321,1.710950080515298,8.219269994632313,3.3950617283950617,18.276972624798713,2.952227589908749,0.6508319914117016,0.026838432635534086,0.322061191626409,,
84,22.537573805689746,43.484970477724104,1.6572732152442298,8.185721953837897,3.193773483628556,16.505636070853463,3.44873859366613,0.6374127750939346,0.026838432635534086,0.322061191626409,,
85,22.497316156736446,43.55877616747182,1.6572732152442298,8.165593129361245,3.180354267310789,16.505636070853463,3.44873859366613,0.6374127750939346,0.026838432635534086,0.322061191626409,,
86,22.57783145464305,42.99516908212561,2.1739130434782608,8.071658615136876,3.166935050993022,16.53918411164788,3.488996242619431,0.6374127750939346,0.026838432635534086,0.322061191626409,,
87,21.906870638754697,43.4447128287708,2.6033279656468062,8.071658615136876,3.280998389694042,16.27750939345142,3.4286097691894795,0.6374127750939346,0.026838432635534086,0.322061191626409,,
88,22.014224369296834,43.21658615136876,2.6033279656468062,8.051529790660226,3.455448201825013,16.21712292002147,3.4286097691894795,0.6642512077294686,0.026838432635534086,0.322061191626409,,
89,21.920289855072465,42.921363392377884,2.563070316693505,8.004562533548041,3.4822866344605474,16.639828234031132,3.4822866344605474,0.6508319914117016,0.026838432635534086,0.30864197530864196,,
90,21.85990338164251,42.78046162104133,2.5026838432635534,7.877079978529254,3.5628019323671496,17.183306494900698,3.3682232957595275,0.630703166935051,0.026838432635534086,0.20799785292538917,,
91,22.000805152979066,42.351046698872786,2.5026838432635534,7.823403113258186,3.9586688137412773,17.163177670424048,3.3682232957595275,0.6172839506172839,0.026838432635534086,0.1878690284487386,,
92,22.014224369296834,41.26409017713365,2.5026838432635534,9.172034353193773,3.864734299516908,16.935050993022006,3.3413848631239937,0.6575415995705851,0.06038647342995169,0.1878690284487386,,
93,22.054482018250134,41.21041331186259,2.7106816961889426,9.098228663446054,3.824476650563607,16.6532474503489,3.388352120236178,0.8118625872249061,0.06038647342995169,0.1878690284487386,,
94,21.940418679549115,41.00912506709608,2.703972088030059,9.057971014492754,3.824476650563607,16.358024691358025,4.066022544283414,0.8118625872249061,0.040257648953301126,0.1878690284487386,,
95,21.564680622651636,41.98201825013419,2.589908749329039,9.125067096081589,3.770799785292539,15.304616210413311,4.622920021470746,0.8118625872249061,0.040257648953301126,0.1878690284487386,,
96,20.98094471282877,42.47181964573269,2.589908749329039,9.05126140633387,3.978797638217928,15.277777777777779,4.609500805152979,0.8118625872249061,0.040257648953301126,0.1878690284487386,,
97,21.115136876006442,42.05582393988191,2.3550724637681157,8.910359634997317,3.683574879227053,16.411701556629094,4.4820182501341925,0.7783145464304885,0.020128824476650563,0.1878690284487386,,
98,21.24261943102523,41.79414922168545,2.341653247450349,8.84326355340848,3.9184111647879765,16.391572732152444,4.4820182501341925,0.7783145464304885,0.020128824476650563,0.1878690284487386,,
99,21.289586688137412,41.8142780461621,2.7979066022544283,8.454106280193237,3.8714439076757916,16.21712292002147,4.4820182501341925,0.8051529790660226,0.020128824476650563,0.24825550187869028,,
100,21.370101986044016,41.666666666666664,2.985775630703167,8.3467525496511,3.938539989264627,16.183574879227052,4.4753086419753085,0.7648953301127214,0.020128824476650563,0.24825550187869028,,
101,21.423778851315085,41.680085882984436,2.9790660225442833,8.32662372517445,3.911701556629093,16.170155662909288,4.4753086419753085,0.7648953301127214,0.020128824476650563,0.24825550187869028,,
102,21.537842190016104,41.45195920558239,3.0059044551798175,8.3064949006978,4.03918411164788,16.15673644659152,4.4753086419753085,0.7648953301127214,0.020128824476650563,0.24154589371980675,,
103,21.584809447128286,41.237251744498124,2.7442297369833604,8.21256038647343,4.1532474503489,16.049382716049383,4.99194847020934,0.7648953301127214,0.020128824476650563,0.24154589371980675,,
104,18.57890499194847,43.98819108964037,2.831454643048846,8.11862587224906,4.2270531400966185,15.821256038647343,5.3274288781535155,0.7581857219538379,0.020128824476650563,0.32877079978529256,,
105,18.65271068169619,43.954643048845945,2.831454643048846,8.091787439613526,4.159957058507783,15.807836822329575,5.35426731078905,0.7581857219538379,0.020128824476650563,0.36902844873859364,,
106,18.23671497584541,43.49838969404187,2.831454643048846,8.07836822329576,4.193505099302201,16.99543746645196,5.018786902844874,0.7581857219538379,0.020128824476650563,0.36902844873859364,,
107,18.23671497584541,42.99516908212561,2.818035426731079,8.064949006977992,4.723564143853999,16.99543746645196,5.018786902844874,0.7581857219538379,0.020128824476650563,0.36902844873859364,,
108,18.323939881910896,42.901234567901234,2.818035426731079,8.064949006977992,4.730273752012883,16.99543746645196,5.018786902844874,0.7581857219538379,0.020128824476650563,0.36902844873859364,,
109,18.364197530864196,42.592592592592595,2.952227589908749,8.064949006977992,4.911433172302737,16.948470209339774,5.018786902844874,0.7581857219538379,0.020128824476650563,0.36902844873859364,,
110,17.62614063338701,42.11621041331186,2.8247450348899625,8.064949006977992,4.9718196457326895,18.230005367686527,5.018786902844874,0.7581857219538379,0.020128824476650563,0.36902844873859364,,
111,17.76033279656468,42.028985507246375,2.804616210413312,8.064949006977992,4.9718196457326895,18.230005367686527,5.018786902844874,0.7313472893183038,0.020128824476650563,0.36902844873859364,,
112,17.954911433172303,41.78743961352657,2.8113258185721954,8.051529790660226,5.072463768115942,18.129361245303276,5.072463768115942,0.7313472893183038,0.020128824476650563,0.36902844873859364,,
113,18.109232420826622,41.438539989264626,2.8113258185721954,8.051529790660226,5.35426731078905,18.06226516371444,5.018786902844874,0.7648953301127214,0.020128824476650563,0.36902844873859364,,
114,18.129361245303276,41.358024691358025,2.7979066022544283,8.185721953837897,5.421363392377885,17.961621041331185,4.99194847020934,0.7648953301127214,0.020128824476650563,0.36902844873859364,,
115,17.19001610305958,48.52388620504563,2.0665593129361244,6.890767579173376,5.166398282340311,15.599838969404187,3.824476650563607,0.5367686527106817,0.013419216317767043,0.1878690284487386,,
116,17.364465915190554,48.42324208266237,2.0665593129361244,6.890767579173376,5.146269457863661,15.573000536768653,3.824476650563607,0.5099302200751477,0.013419216317767043,0.1878690284487386,,
117,17.082662372517444,43.49838969404187,2.0665593129361244,6.890767579173376,4.99194847020934,20.987654320987655,3.770799785292539,0.5099302200751477,0.013419216317767043,0.1878690284487386,,
118,17.223564143854,43.183038110574344,2.147074610842727,6.863929146537842,5.186527106816962,20.873590982286636,3.770799785292539,0.5501878690284487,0.013419216317767043,0.1878690284487386,,
119,17.270531400966185,43.022007514761135,2.24771873322598,6.863929146537842,5.226784755770263,20.8467525496511,3.770799785292539,0.5501878690284487,0.013419216317767043,0.1878690284487386,,
120,17.357756307031668,42.96833064949007,2.24771873322598,6.863929146537842,5.226784755770263,20.813204508856682,3.770799785292539,0.5501878690284487,0.013419216317767043,0.1878690284487386,,
121,17.14975845410628,42.11621041331186,2.13365539452496,8.796296296296296,5.199946323134729,19.51154052603328,4.441760601180891,0.5501878690284487,0.013419216317767043,0.08722490606548577,,
122,17.418142780461622,41.606280193236714,2.13365539452496,8.682232957595277,5.703166935050993,19.363929146537842,4.441760601180891,0.5501878690284487,0.013419216317767043,0.08722490606548577,,
123,17.559044551798173,41.398282340311326,2.13365539452496,8.655394524959743,5.797101449275362,19.39747718733226,4.408212560386473,0.5501878690284487,0.013419216317767043,0.08722490606548577,,
124,17.612721417069242,40.143585614600106,3.2877079978529253,8.655394524959743,5.938003220611916,19.276704240472355,4.40150295222759,0.5837359098228664,0.013419216317767043,0.08722490606548577,,
125,17.726784755770264,39.982555018786904,3.2877079978529253,8.729200214707461,5.931293612453032,19.269994632313473,4.40150295222759,0.5703166935050993,0.013419216317767043,0.08722490606548577,,
126,17.68652710681696,40.07648953301127,3.2877079978529253,8.709071390230811,5.931293612453032,19.236446591519055,4.40150295222759,0.5703166935050993,0.013419216317767043,0.08722490606548577,,
127,17.773752012882447,39.60010735373054,3.2877079978529253,8.702361782071927,6.360708534621578,19.14922168545357,4.327697262479871,0.6977992485238862,0.013419216317767043,0.08722490606548577,,
128,17.505367686527105,38.77482555018787,3.2877079978529253,9.681964573268921,6.468062265163715,19.189479334406872,4.30756843800322,0.6843800322061192,0.013419216317767043,0.08722490606548577,,
129,17.49194847020934,38.419216317767045,3.3682232957595275,9.681964573268921,6.870638754696726,19.14922168545357,4.233762748255502,0.6843800322061192,0.013419216317767043,0.08722490606548577,,
130,17.612721417069242,38.13070316693505,3.374932903918411,9.668545356951155,6.890767579173376,19.189479334406872,4.3478260869565215,0.6843800322061192,0.013419216317767043,0.08722490606548577,,
131,17.505367686527105,37.915995705850776,3.4151905528717124,9.66183574879227,6.863929146537842,18.699677938808374,4.508856682769726,1.328502415458937,0.013419216317767043,0.08722490606548577,,
132,17.619431025228128,37.86231884057971,3.4621578099838968,9.655126140633387,6.877348362855609,18.59903381642512,4.508856682769726,1.3150831991411702,0.013419216317767043,0.08722490606548577,,
133,17.69994632313473,37.151100375738054,3.4621578099838968,9.655126140633387,6.877348362855609,18.276972624798713,5.4616210413311865,1.3150831991411702,0.013419216317767043,0.08722490606548577,,
134,17.867686527106816,37.084004294149224,3.4621578099838968,9.634997316156737,6.870638754696726,18.203166935050994,5.4616210413311865,1.3150831991411702,0.013419216317767043,0.08722490606548577,,
135,17.773752012882447,37.0907139023081,4.334406870638754,9.634997316156737,6.904186795491143,17.54562533548041,5.300590445517981,1.3150831991411702,0.013419216317767043,0.08722490606548577,,
136,17.894524959742352,36.81561996779388,4.320987654320987,9.581320450885668,7.14573268921095,17.52549651100376,5.300590445517981,1.3150831991411702,0.013419216317767043,0.08722490606548577,,
137,17.934782608695652,36.72168545356951,4.3478260869565215,9.581320450885668,7.139023081052066,17.411433172302736,5.253623188405797,1.5096618357487923,0.013419216317767043,0.08722490606548577,,
138,17.840848094471284,36.29898013955985,4.05931293612453,9.326355340848094,7.434245840042942,19.102254428341386,4.696725711218465,1.1137949543746646,0.013419216317767043,0.11406333870101985,,
139,17.867686527106816,36.231884057971016,4.17337627482555,9.245840042941492,7.494632313472893,19.068706387546968,4.656468062265164,1.133923778851315,0.013419216317767043,0.11406333870101985,,
140,18.075684380032207,36.171497584541065,4.166666666666667,9.091519055287172,7.514761137949543,19.0552871712292,4.622920021470746,1.1741814278046163,0.013419216317767043,0.11406333870101985,,
141,18.08239398819109,35.99704777241009,4.314278046162104,9.091519055287172,7.440955448201825,18.95464304884595,4.7168545356951155,1.2748255501878691,0.013419216317767043,0.11406333870101985,,
142,18.169618894256576,35.87627482555019,4.320987654320987,9.125067096081589,7.434245840042942,18.95464304884595,4.7168545356951155,1.2748255501878691,0.013419216317767043,0.11406333870101985,,
143,18.38432635534085,35.265700483091784,4.280730005367687,9.125067096081589,7.883789586688137,18.95464304884595,4.703435319377348,1.2748255501878691,0.013419216317767043,0.11406333870101985,,
144,18.283682232957595,35.218733225979605,4.327697262479871,9.541062801932368,7.85024154589372,18.69296833064949,4.703435319377348,1.2546967257112185,0.013419216317767043,0.11406333870101985,,
145,18.377616747181964,35.11137949543747,4.327697262479871,9.541062801932368,8.011272141706923,18.54535695115405,4.703435319377348,1.2546967257112185,0.013419216317767043,0.11406333870101985,,
146,18.42458400429415,35.04428341384863,4.327697262479871,9.494095544820183,7.98443370907139,18.531937734836287,4.810789049919484,1.2546967257112185,0.013419216317767043,0.11406333870101985,,
147,18.136070853462158,32.98443370907139,4.314278046162104,12.29200214707461,7.796564680622652,18.531937734836287,4.770531400966184,1.133923778851315,0.013419216317767043,0.026838432635534086,,
148,17.98174986580784,32.83682232957595,4.314278046162104,13.023349436392914,7.96430488459474,17.85426731078905,4.924852388620504,1.0601180891035964,0.013419216317767043,0.026838432635534086,,
149,18.250134192163177,32.7361782071927,4.28743961352657,12.99651100375738,7.856951154052603,17.847557702630166,4.924852388620504,1.0601180891035964,0.013419216317767043,0.026838432635534086,,
150,18.370907139023082,32.67579173376275,4.28743961352657,12.882447665056361,7.930756843800322,17.827428878153516,4.924852388620504,1.0601180891035964,0.013419216317767043,0.026838432635534086,,
151,18.5654857756307,32.43424584004294,4.253891572732153,12.875738056897477,8.05823939881911,17.787171229200215,4.924852388620504,1.0601180891035964,0.013419216317767043,0.026838432635534086,,
152,18.726516371443907,32.387278582930755,4.253891572732153,12.76838432635534,8.105206655931294,17.66639828234031,4.924852388620504,1.0399892646269457,0.013419216317767043,0.11406333870101985,,
153,18.666129898013956,32.30005367686527,4.300858829844337,12.761674718196458,8.13875469672571,17.632850241545892,5.032206119162641,1.0399892646269457,0.013419216317767043,0.11406333870101985,,
154,18.23671497584541,31.843800322061192,4.280730005367687,12.453032742887816,8.038110574342458,19.16935050993022,4.824208266237251,1.0265700483091786,0.013419216317767043,0.11406333870101985,,
155,18.17632850241546,31.17283950617284,4.213633923778851,12.453032742887816,8.085077831454644,19.11567364465915,5.629361245303274,1.0265700483091786,0.013419216317767043,0.11406333870101985,,
156,17.793880837359097,31.548577563070317,4.180085882984434,12.097423510466989,8.152173913043478,19.0955448201825,5.978260869565218,1.0265700483091786,0.013419216317767043,0.11406333870101985,,
157,17.66639828234031,31.49490069779925,4.200214707461084,11.949812130971551,8.232689210950081,19.061996779388085,6.052066559312936,1.0466988727858293,0.013419216317767043,0.24154589371980675,0.040257648953301126,
158,17.726784755770264,31.44122383252818,4.200214707461084,11.943102522812667,8.259527643585615,19.03515834675255,6.052066559312936,1.0466988727858293,0.013419216317767043,0.24154589371980675,0.040257648953301126,
159,17.69994632313473,31.260064412238325,4.461889425657541,11.896135265700483,8.380300590445518,18.88083735909823,6.052066559312936,1.0466988727858293,0.013419216317767043,0.2683843263553409,0.040257648953301126,
160,17.834138486312398,30.99838969404187,4.461889425657541,11.882716049382717,8.55475040257649,18.86070853462158,6.038647342995169,1.0466988727858293,0.013419216317767043,0.2683843263553409,0.040257648953301126,
161,17.827428878153516,31.011808910359633,4.461889425657541,11.869296833064949,8.55475040257649,18.833870101986044,6.072195383789587,1.0466988727858293,0.013419216317767043,0.2683843263553409,0.040257648953301126,
162,17.887815351583466,30.71658615136876,4.74369296833065,11.922973698336017,8.474235104669887,18.78690284487386,5.958132045088567,1.1876006441223832,0.013419216317767043,0.2683843263553409,0.040257648953301126,
163,17.64626945786366,30.14626945786366,4.74369296833065,11.922973698336017,8.105206655931294,18.78690284487386,7.27992485238862,1.0466988727858293,0.013419216317767043,0.2683843263553409,0.040257648953301126,
164,17.780461621041333,29.95169082125604,4.74369296833065,11.882716049382717,8.205850778314547,18.71309715512614,7.27992485238862,1.1205045625335481,0.013419216317767043,0.2683843263553409,0.040257648953301126,
165,18.08239398819109,29.891304347826086,4.74369296833065,11.842458400429415,8.125335480407944,18.61916264090177,7.253086419753086,1.1205045625335481,0.013419216317767043,0.2683843263553409,0.040257648953301126,
166,17.67981749865808,29.381374127750938,4.74369296833065,11.77536231884058,8.3467525496511,19.49812130971551,7.132313472893183,1.1205045625335481,0.013419216317767043,0.2683843263553409,0.040257648953301126,
167,17.67981749865808,29.334406870638755,4.723564143853999,11.761943102522812,8.454106280193237,19.43773483628556,7.118894256575416,1.1674718196457328,0.013419216317767043,0.2683843263553409,0.040257648953301126,
168,17.733494363929147,29.314278046162105,4.723564143853999,11.75523349436393,8.454106280193237,19.43773483628556,7.092055823939882,1.1674718196457328,0.013419216317767043,0.2683843263553409,0.040257648953301126,
169,17.780461621041333,29.260601180891037,4.723564143853999,11.54723564143854,8.93719806763285,19.249865807836823,7.011540526033279,1.1674718196457328,0.013419216317767043,0.2683843263553409,0.040257648953301126,
170,17.860976918947934,29.24718196457327,4.7638217928073,11.54723564143854,8.883521202361782,19.236446591519055,7.011540526033279,1.1272141706924315,0.013419216317767043,0.2683843263553409,0.040257648953301126,
171,18.14278046162104,28.992216854535695,4.958400429414922,11.513687600644122,8.836553945249598,19.16935050993022,6.89747718733226,1.1272141706924315,0.013419216317767043,0.30864197530864196,0.040257648953301126,
172,18.256843800322063,28.945249597423512,4.958400429414922,11.520397208803006,8.816425120772946,19.11567364465915,6.89747718733226,1.1272141706924315,0.013419216317767043,0.30864197530864196,0.040257648953301126,
173,18.283682232957595,28.945249597423512,4.958400429414922,11.500268384326356,8.903650026838433,19.04186795491143,6.890767579173376,1.1137949543746646,0.013419216317767043,0.30864197530864196,0.040257648953301126,
174,18.344068706387546,28.898282340311326,4.944981213097155,11.560654857756306,8.903650026838433,18.947933440687063,6.890767579173376,1.1473429951690821,0.013419216317767043,0.30864197530864196,0.040257648953301126,
175,18.4849704777241,28.75738056897477,4.931561996779388,11.58749329039184,8.943907675791733,18.927804616210413,6.890767579173376,1.1137949543746646,0.013419216317767043,0.30864197530864196,0.040257648953301126,
176,18.531937734836287,28.723832528180353,4.891304347826087,11.574074074074074,9.326355340848094,18.646001073537306,6.870638754696726,1.0735373054213635,0.013419216317767043,0.30864197530864196,0.040257648953301126,
177,18.451422436929683,28.28099838969404,4.891304347826087,11.540526033279656,9.896672034353195,18.67283950617284,6.830381105743425,1.0735373054213635,0.013419216317767043,0.30864197530864196,0.040257648953301126,
178,18.391035963499732,28.29441760601181,5.032206119162641,11.688137412775093,9.842995169082126,18.4447128287708,6.870638754696726,1.0735373054213635,0.013419216317767043,0.30864197530864196,0.040257648953301126,
179,18.531937734836287,28.24074074074074,5.032206119162641,11.668008588298443,9.809447128287708,18.411164787976382,6.870638754696726,1.0735373054213635,0.013419216317767043,0.30864197530864196,0.040257648953301126,
180,18.67283950617284,28.213902308105208,5.0858829844337095,11.668008588298443,9.802737520128824,18.250134192163177,6.830381105743425,1.1406333870101986,0.013419216317767043,0.28180354267310787,0.040257648953301126,
181,18.760064412238325,28.06629092860977,5.112721417069243,11.668008588298443,9.836285560923242,18.10252281266774,6.816961889425658,1.3016639828234031,0.013419216317767043,0.28180354267310787,0.040257648953301126,
182,18.746645195920557,27.482555018786904,5.005367686527107,10.929951690821255,9.212292002147075,20.162372517444982,6.769994632313473,1.3553408480944713,0.013419216317767043,0.28180354267310787,0.040257648953301126,
183,18.739935587761675,27.388620504562535,5.005367686527107,10.929951690821255,9.145195920558239,20.739398819108963,6.394256575415996,1.3553408480944713,0.013419216317767043,0.24825550187869028,0.040257648953301126,
184,18.78690284487386,27.220880300590444,4.9651100375738055,10.876274825550189,9.131776704240472,20.538110574342458,6.709608158883521,1.4694041867954912,0.013419216317767043,0.24825550187869028,0.040257648953301126,
185,18.9345142243693,27.194041867954912,4.938271604938271,10.7085346215781,9.05126140633387,20.538110574342458,6.863929146537842,1.4694041867954912,0.013419216317767043,0.24825550187869028,0.040257648953301126,
186,14.566559312936125,45.16237251744498,3.911701556629093,4.736983360171766,7.306763285024155,17.51207729468599,5.387815351583468,1.328502415458937,0.013419216317767043,0.03354804079441761,0.040257648953301126,
187,14.459205582393988,43.98148148148148,4.025764895330113,4.690016103059581,8.232689210950081,17.74020397208803,5.414653784219001,1.3687600644122384,0.013419216317767043,0.03354804079441761,0.040257648953301126,
188,14.573268921095009,42.85426731078905,4.025764895330113,4.690016103059581,9.27938808373591,17.713365539452496,5.407944176060118,1.3687600644122384,0.013419216317767043,0.03354804079441761,0.040257648953301126,
189,14.486044015029522,42.74691358024691,3.978797638217928,4.3545356951154055,9.31964573268921,18.337359098228664,5.347557702630167,1.3687600644122384,0.013419216317767043,0.0067096081588835215,0.040257648953301126,
190,14.667203435319378,42.632850241545896,3.978797638217928,4.320987654320987,9.353193773483628,18.209876543209877,5.273752012882448,1.4358561460010735,0.08051529790660225,0.0067096081588835215,0.040257648953301126,
191,14.754428341384862,42.54562533548041,3.9452495974235107,4.408212560386473,9.406870638754697,18.12265163714439,5.253623188405797,1.4358561460010735,0.08051529790660225,0.0067096081588835215,0.040257648953301126,
192,14.888620504562533,42.351046698872786,3.938539989264627,4.394793344068707,9.50751476113795,18.10252281266774,5.253623188405797,1.4358561460010735,0.08051529790660225,0.0067096081588835215,0.040257648953301126,
193,15.116747181964573,42.028985507246375,3.8848631239935587,4.394793344068707,9.655126140633387,18.08239398819109,5.253623188405797,1.4559849704777241,0.08051529790660225,0.0067096081588835215,0.040257648953301126,
194,15.22410091250671,41.97530864197531,3.864734299516908,4.394793344068707,9.64170692431562,18.06897477187332,5.213365539452496,1.4559849704777241,0.11406333870101985,0.0067096081588835215,0.040257648953301126,
195,15.28448738593666,41.297638217928075,3.864734299516908,4.4820182501341925,9.977187332259795,17.860976918947934,5.642780461621041,1.4090177133655395,0.13419216317767044,0.0067096081588835215,0.040257648953301126,
196,15.505904455179817,41.056092324208265,3.9989264626945786,4.441760601180891,9.930220075147611,17.847557702630166,5.629361245303274,1.4090177133655395,0.13419216317767044,0.0067096081588835215,0.040257648953301126,
197,15.378421900161031,40.54616210413312,3.9989264626945786,4.428341384863124,9.930220075147611,18.438003220611915,5.595813204508857,1.5029522275899088,0.13419216317767044,0.0067096081588835215,0.040257648953301126,
198,15.385131508319914,40.485775630703166,4.032474503488996,4.428341384863124,9.98389694041868,18.431293612453032,5.5689747718733225,1.5029522275899088,0.13419216317767044,0.0067096081588835215,0.040257648953301126,
199,14.486044015029522,38.016639828234034,3.9318303811057436,4.414922168545357,8.809715512614064,24.14787976382179,4.51556629092861,1.4962426194310252,0.13419216317767044,0.0067096081588835215,0.040257648953301126,
200,14.53972088030059,37.936124530327426,4.066022544283414,4.408212560386473,8.856682769726248,24.06736446591519,4.448470209339774,1.4962426194310252,0.13419216317767044,0.0067096081588835215,0.040257648953301126,
201,14.647074610842727,37.72812667740204,4.2270531400966185,4.314278046162104,8.849973161567364,24.06736446591519,4.448470209339774,1.5365002683843263,0.13419216317767044,0.0067096081588835215,0.040257648953301126,
202,14.707461084272678,37.533548040794415,4.213633923778851,4.314278046162104,9.03113258185722,24.033816425120772,4.448470209339774,1.5365002683843263,0.13419216317767044,0.0067096081588835215,0.040257648953301126,
203,14.76784755770263,37.003488996242616,4.213633923778851,4.30756843800322,9.265968867418144,23.832528180354267,4.783950617283951,1.6438539989264627,0.13419216317767044,0.0067096081588835215,0.040257648953301126,
204,14.861782071927,36.99006977992485,4.213633923778851,4.30756843800322,9.265968867418144,23.678207192699947,4.918142780461621,1.583467525496511,0.13419216317767044,0.0067096081588835215,0.040257648953301126,
205,14.922168545356952,36.64787976382179,4.643048845947397,4.294149221685454,9.198872785829307,23.61111111111111,4.918142780461621,1.583467525496511,0.13419216317767044,0.0067096081588835215,0.040257648953301126,
206,15.136876006441224,36.37278582930757,4.643048845947397,4.280730005367687,9.353193773483628,23.53059581320451,4.918142780461621,1.583467525496511,0.13419216317767044,0.0067096081588835215,0.040257648953301126,
207,14.465915190552872,36.191626409017715,4.4820182501341925,4.280730005367687,9.312936124530328,24.402844873859365,5.0993022007514766,1.583467525496511,0.13419216317767044,0.0067096081588835215,0.040257648953301126,
208,14.49946323134729,36.030595813204506,4.4820182501341925,4.3545356951154055,9.406870638754697,24.3894256575416,5.072463768115942,1.583467525496511,0.13419216317767044,0.0067096081588835215,0.040257648953301126,
209,14.553140096618357,35.96349973161568,4.508856682769726,4.367954911433173,9.39345142243693,24.295491143317232,5.139559849704777,1.583467525496511,0.13419216317767044,0.0067096081588835215,0.040257648953301126,0.013419216317767043
210,14.687332259796028,35.88298443370907,4.508856682769726,4.361245303274289,9.39345142243693,24.228395061728396,5.0858829844337095,1.6572732152442298,0.13419216317767044,0.0067096081588835215,0.040257648953301126,0.013419216317767043
211,14.794685990338165,35.74208266237252,4.461889425657541,4.3478260869565215,9.4873859366613,24.188137412775095,5.12614063338701,1.6572732152442298,0.13419216317767044,0.0067096081588835215,0.040257648953301126,0.013419216317767043
212,14.969135802469136,35.37305421363392,4.414922168545357,4.280730005367687,8.635265700483092,24.18142780461621,6.3137412775093935,1.6572732152442298,0.11406333870101985,0.0067096081588835215,0.040257648953301126,0.013419216317767043
213,15.217391304347826,35.11808910359635,4.367954911433173,4.260601180891036,8.78287707997853,24.134460547504027,6.286902844873859,1.6572732152442298,0.11406333870101985,0.0067096081588835215,0.040257648953301126,0.013419216317767043
