,45,50,51,52,55,54,57,53,56
0,96.43719806763285,3.5628019323671496,,,,,,,
1,95.20263016639828,4.797369833601718,,,,,,,
2,92.90794417606011,7.092055823939882,,,,,,,
3,80.74342458400429,19.256575415995705,,,,,,,
4,77.20746108427268,20.336822329575952,2.4557165861513686,,,,,,
5,75.43612453032743,22.108158883521202,2.4557165861513686,,,,,,
6,72.60466988727859,24.93961352657005,2.4557165861513686,,,,,,
7,72.65834675254965,24.88593666129898,2.4557165861513686,,,,,,
8,72.77241009125068,24.771873322597962,2.4557165861513686,,,,,,
9,59.18545356951154,38.35882984433709,2.4557165861513686,,,,,,
10,55.68974771873322,42.64626945786366,1.6639828234031133,,,,,,
11,51.918947933440684,43.042136339237786,5.038915727321524,,,,,,
12,40.35829307568438,54.629629629629626,5.01207729468599,,,,,,
13,40.485775630703166,54.50214707461084,5.01207729468599,,,,,,
14,40.03623188405797,44.99463231347289,5.01207729468599,9.957058507783145,,,,,
15,34.21900161030596,51.227858293075684,4.361245303274289,9.500805152979066,0.6910896403650026,,,,
16,34.265968867418145,50.77831454643049,4.361245303274289,9.473966720343531,0.9460547504025765,0.17444981213097155,,,
17,34.326355340848096,50.717928073000536,4.361245303274289,9.473966720343531,0.9460547504025765,0.17444981213097155,,,
18,34.45383789586688,50.6508319914117,4.361245303274289,9.41358024691358,0.9460547504025765,0.17444981213097155,,,
19,34.54106280193237,50.63070316693505,4.361245303274289,9.158615136876007,0.9393451422436929,0.17444981213097155,0.19457863660762212,,
20,20.209339774557165,69.8671497584541,1.6304347826086956,6.984702093397746,0.9393451422436929,0.17444981213097155,0.19457863660762212,,
21,20.25630703166935,69.82018250134192,1.6304347826086956,6.984702093397746,0.9393451422436929,0.17444981213097155,0.19457863660762212,,
22,20.544820182501343,69.53166935050993,1.6304347826086956,6.984702093397746,0.9393451422436929,0.17444981213097155,0.19457863660762212,,
23,19.840311325818572,61.292270531400966,8.333333333333334,7.461084272678476,0.9393451422436929,1.751207729468599,0.19457863660762212,0.1878690284487386,
24,18.02871712292002,59.286097691894796,10.178475577026301,7.461084272678476,2.9119699409554483,1.751207729468599,0.19457863660762212,0.1878690284487386,
25,18.10252281266774,58.3064949006978,10.178475577026301,7.4141170155662905,1.596886741814278,1.751207729468599,0.19457863660762212,2.4557165861513686,
26,18.592324208266238,57.96430488459474,8.977455716586151,8.467525496511003,1.596886741814278,1.093666129898014,0.19457863660762212,2.4557165861513686,0.6575415995705851
27,19.061996779388085,57.769726247987116,8.796296296296296,8.387010198604402,1.596886741814278,1.0802469135802468,0.19457863660762212,2.4557165861513686,0.6575415995705851
28,19.176060118089104,57.6556629092861,8.796296296296296,8.387010198604402,1.596886741814278,1.0802469135802468,0.19457863660762212,2.4557165861513686,0.6575415995705851
29,19.236446591519055,57.6154052603328,8.796296296296296,8.36688137412775,1.596886741814278,1.0802469135802468,0.19457863660762212,2.4557165861513686,0.6575415995705851
30,13.144122383252817,41.14331723027375,16.035963499731615,28.381642512077295,0.9393451422436929,,0.16774020397208803,0.1878690284487386,
31,13.20450885668277,41.0829307568438,16.035963499731615,28.381642512077295,0.9393451422436929,,0.16774020397208803,0.1878690284487386,
32,13.39237788513151,41.0426731078905,16.022544283413847,28.247450348899623,0.9393451422436929,,0.16774020397208803,0.1878690284487386,
33,13.09044551798175,36.77536231884058,19.028448738593667,27.84487385936661,2.9052603327965647,,0.16774020397208803,0.1878690284487386,
34,13.278314546430488,36.63446054750403,19.008319914117017,27.81803542673108,2.9052603327965647,,0.16774020397208803,0.1878690284487386,
35,13.45276435856146,36.63446054750403,18.9747718733226,27.677133655394524,2.9052603327965647,,0.16774020397208803,0.1878690284487386,
36,13.902308105206655,36.4398819108964,18.793612453032743,27.63016639828234,2.8918411164787976,,0.16774020397208803,0.17444981213097155,
37,13.747987117552334,36.37278582930757,29.944981213097154,16.445249597423512,3.1468062265163717,,0.16774020397208803,0.17444981213097155,
38,11.882716049382717,31.93773483628556,36.28556092324208,16.404991948470208,3.1468062265163717,,0.16774020397208803,0.17444981213097155,
39,12.31213097155126,31.850509930220074,36.010466988727856,16.337895866881375,3.1468062265163717,,0.16774020397208803,0.17444981213097155,
40,12.419484702093397,31.80354267310789,35.98362855609233,16.317767042404725,3.1333870101986045,,0.16774020397208803,0.17444981213097155,
41,12.31213097155126,31.11916264090177,35.95679012345679,17.579173376274827,2.690552871712292,,0.16774020397208803,0.17444981213097155,
42,12.432903918411165,30.931293612453032,35.83601717659689,17.23027375201288,2.509393451422437,,0.16774020397208803,0.8923778851315083,
43,11.761943102522812,28.046162104133117,30.307300053676865,28.193773483628558,1.3016639828234031,,0.16774020397208803,0.2214170692431562,
44,11.641170155662909,27.34165324745035,31.266774020397207,28.059581320450885,1.3016639828234031,,0.16774020397208803,0.2214170692431562,
45,10.641438539989265,26.778046162104133,32.830112721417066,28.059581320450885,1.3016639828234031,,0.16774020397208803,0.2214170692431562,
46,10.681696188942565,26.778046162104133,32.8166935050993,28.032742887815353,1.3016639828234031,,0.16774020397208803,0.2214170692431562,
47,11.3593666129898,26.724369296833064,32.27992485238862,27.945517981749866,1.3016639828234031,,0.16774020397208803,0.2214170692431562,
48,11.446591519055287,26.724369296833064,32.21282877079979,27.925389157273216,1.3016639828234031,,0.16774020397208803,0.2214170692431562,
49,11.574074074074074,26.630434782608695,32.06521739130435,27.167203435319376,1.3016639828234031,0.8722490606548577,0.16774020397208803,0.2214170692431562,
50,11.647879763821793,26.583467525496513,31.97128287707998,27.126945786366075,1.4090177133655395,0.8722490606548577,0.16774020397208803,0.2214170692431562,
51,10.406602254428341,23.382984433709073,37.063875469672574,26.187600644122384,1.4090177133655395,1.0198604401502953,0.16774020397208803,0.2214170692431562,0.14090177133655393
52,10.527375201288244,23.18840579710145,36.44659151905529,25.603864734299517,1.4090177133655395,1.0198604401502953,0.16774020397208803,0.2214170692431562,1.415727321524423
53,10.621309715512615,23.22866344605475,36.34594739667203,25.5703166935051,1.4090177133655395,1.0198604401502953,0.16774020397208803,0.2214170692431562,1.415727321524423
54,10.869565217391305,23.21524422973698,36.211755233494365,25.469672571121848,1.4090177133655395,1.0198604401502953,0.16774020397208803,0.2214170692431562,1.415727321524423
55,11.037305421363392,23.11460010735373,36.15807836822329,25.45625335480408,1.4090177133655395,1.0198604401502953,0.16774020397208803,0.2214170692431562,1.415727321524423
56,11.366076221148685,22.98040794417606,36.030595813204506,25.389157273215243,1.4090177133655395,1.0198604401502953,0.16774020397208803,0.2214170692431562,1.415727321524423
57,11.52710681696189,22.96027911969941,35.990338164251206,25.288513150831992,1.4090177133655395,1.0198604401502953,0.16774020397208803,0.2214170692431562,1.415727321524423
58,11.60762211486849,22.571121846484164,34.31964573268921,27.147074610842726,1.5297906602254427,1.0198604401502953,0.16774020397208803,0.2214170692431562,1.415727321524423
59,11.876006441223833,22.497316156736446,34.23913043478261,27.033011272141707,1.5297906602254427,1.0198604401502953,0.16774020397208803,0.2214170692431562,1.415727321524423
60,11.003757380568974,20.202630166398283,44.24986580783682,21.048040794417606,1.5499194847020934,0.14761137949543746,0.1610305958132045,0.2214170692431562,1.415727321524423
61,10.292538915727322,18.317230273752013,47.85292538915727,20.25630703166935,1.3352120236178207,0.14761137949543746,0.1610305958132045,0.2214170692431562,1.415727321524423
62,10.695115405260333,18.089103596349972,47.69189479334407,20.001341921631777,1.3352120236178207,0.14761137949543746,0.4025764895330113,0.2214170692431562,1.415727321524423
63,10.836017176596886,18.075684380032207,47.58454106280193,19.981213097155127,1.3352120236178207,0.14761137949543746,0.4025764895330113,0.2214170692431562,1.415727321524423
64,10.909822866344605,17.98845947396672,47.497316156736446,19.981213097155127,1.261406333870102,0.322061191626409,0.4025764895330113,0.2214170692431562,1.415727321524423
65,10.976918947933441,17.98845947396672,47.43022007514761,19.981213097155127,1.261406333870102,0.322061191626409,0.4025764895330113,0.2214170692431562,1.415727321524423
66,10.836017176596886,17.975040257648953,48.107890499194845,19.45786366076221,1.261406333870102,0.322061191626409,0.4025764895330113,0.2214170692431562,1.415727321524423
67,11.460010735373054,17.85426731078905,47.98040794417606,19.082125603864736,1.261406333870102,0.322061191626409,0.4025764895330113,0.2214170692431562,1.415727321524423
68,11.453301127214171,17.19001610305958,47.22222222222222,18.71309715512614,1.261406333870102,2.314814814814815,0.4025764895330113,0.2214170692431562,1.221148684916801
69,11.77536231884058,17.136339237788512,47.074610842726784,18.59903381642512,1.2546967257112185,2.314814814814815,0.4025764895330113,0.2214170692431562,1.221148684916801
70,12.030327428878154,17.07595276435856,46.9068706387547,18.572195383789587,1.2546967257112185,2.314814814814815,0.4025764895330113,0.2214170692431562,1.221148684916801
71,12.016908212560386,16.99543746645196,45.8064949006978,18.4849704777241,1.2546967257112185,2.1940418679549114,0.4025764895330113,2.49597423510467,0.3488996242619431
72,12.016908212560386,16.99543746645196,43.142780461621044,20.665593129361245,1.2546967257112185,2.1940418679549114,0.4025764895330113,2.49597423510467,0.8319914117015567
73,11.963231347289318,16.968599033816425,42.09608158883521,20.43075684380032,1.2546967257112185,2.1940418679549114,0.4025764895330113,3.8580246913580245,0.8319914117015567
74,12.224906065485776,17.002147074610843,41.86124530327429,20.43075684380032,1.2546967257112185,2.13365539452496,0.4025764895330113,3.8580246913580245,0.8319914117015567
75,10.701825013419215,29.200214707461082,38.1105743424584,13.989533011272142,1.2546967257112185,2.13365539452496,0.4025764895330113,3.8580246913580245,0.3488996242619431
76,10.742082662372518,28.073000536768653,38.077026301663984,13.855340848094471,1.0332796564680622,3.6097691894793345,0.4025764895330113,3.8580246913580245,0.3488996242619431
77,10.809178743961352,28.039452495974235,37.94283413848631,13.855340848094471,1.0332796564680622,3.6097691894793345,0.4025764895330113,3.851315083199141,0.4562533548040794
78,11.131239935587761,27.999194847020934,37.70799785292539,13.855340848094471,1.0332796564680622,3.5829307568438002,0.3824476650563607,3.851315083199141,0.4562533548040794
79,11.191626409017713,27.985775630703166,37.70799785292539,13.83521202361782,1.0198604401502953,3.569511540526033,0.3824476650563607,3.851315083199141,0.4562533548040794
80,11.104401502952227,26.435856146001072,40.82796564680623,12.4597423510467,1.0198604401502953,3.569511540526033,0.3824476650563607,3.851315083199141,0.3488996242619431
81,11.486849168008588,26.37546967257112,40.60654857756307,12.432903918411165,1.0198604401502953,3.569511540526033,0.3824476650563607,3.7775093934514223,0.3488996242619431
82,11.60762211486849,26.32850241545894,40.54616210413312,12.432903918411165,1.0198604401502953,3.569511540526033,0.3824476650563607,3.7640901771336552,0.3488996242619431
83,11.668008588298443,25.0402576489533,40.08990874932904,12.030327428878154,0.95276435856146,4.817498658078368,0.3824476650563607,4.669887278582931,0.3488996242619431
84,11.996779388083736,25.026838432635532,39.9020397208803,11.352657004830919,0.95276435856146,4.817498658078368,0.966183574879227,4.636339237788513,0.3488996242619431
85,12.070585077831455,24.986580783682232,39.86849168008588,11.352657004830919,0.95276435856146,4.817498658078368,0.966183574879227,4.636339237788513,0.3488996242619431
86,12.050456253354804,24.57729468599034,39.55984970477724,11.11111111111111,0.95276435856146,4.817498658078368,0.966183574879227,5.615942028985507,0.3488996242619431
87,12.157809983896941,24.510198604401502,39.51959205582394,11.11111111111111,0.95276435856146,4.817498658078368,0.966183574879227,5.615942028985507,0.3488996242619431
88,11.627750939345143,24.510198604401502,40.13016639828234,10.547504025764896,0.95276435856146,4.562533548040794,0.966183574879227,6.353998926462695,0.3488996242619431
89,12.06387546967257,24.48336017176597,39.95571658615137,10.373054213633925,0.95276435856146,4.549114331723027,0.966183574879227,6.3070316693505095,0.3488996242619431
90,11.949812130971551,20.075147611379496,39.700751476113794,14.922168545356952,0.95276435856146,4.549114331723027,0.966183574879227,6.3070316693505095,0.5770263016639828
91,11.943102522812667,18.9747718733226,39.10359634997316,13.94927536231884,0.95276435856146,4.696725711218465,0.966183574879227,8.836553945249598,0.5770263016639828
92,12.151100375738057,18.92109500805153,39.05662909286098,13.768115942028986,0.95276435856146,4.669887278582931,1.093666129898014,8.809715512614064,0.5770263016639828
93,12.318840579710145,18.90096618357488,38.969404186795494,13.727858293075684,0.95276435856146,4.669887278582931,1.093666129898014,8.789586688137414,0.5770263016639828
94,12.419484702093397,18.90096618357488,38.77482555018787,13.714439076757918,1.0601180891035964,4.669887278582931,1.093666129898014,8.789586688137414,0.5770263016639828
95,12.506709608158884,18.90096618357488,38.687600644122384,13.714439076757918,1.0601180891035964,4.669887278582931,1.093666129898014,8.789586688137414,0.5770263016639828
96,12.466451959205582,18.88083735909823,37.39264626945786,13.674181427804616,2.522812667740204,4.616210413311863,1.093666129898014,8.776167471819646,0.5770263016639828
97,12.5402576489533,18.88083735909823,37.35238862050456,13.6406333870102,2.522812667740204,4.616210413311863,1.093666129898014,8.776167471819646,0.5770263016639828
98,12.647611379495437,18.88083735909823,37.245034889962426,13.6406333870102,2.522812667740204,4.616210413311863,1.093666129898014,8.776167471819646,0.5770263016639828
99,12.627482555018787,18.88083735909823,36.70826623725174,14.150563607085346,2.522812667740204,4.468599033816425,1.093666129898014,8.776167471819646,0.7716049382716049
100,11.708266237251744,18.015297906602253,43.42458400429415,12.620772946859903,2.522812667740204,2.818035426731079,1.093666129898014,7.353730542136339,0.4428341384863124
101,11.90955448201825,18.015297906602253,43.35077831454643,12.593934514224369,2.522812667740204,2.7979066022544283,1.093666129898014,7.273215244229737,0.4428341384863124
102,12.25174449812131,18.015297906602253,43.142780461621044,12.526838432635534,2.522812667740204,2.7979066022544283,1.093666129898014,7.206119162640902,0.4428341384863124
103,12.285292538915728,18.015297906602253,42.1430488459474,12.47987117552335,2.522812667740204,2.7979066022544283,1.093666129898014,8.219269994632313,0.4428341384863124
104,12.31213097155126,18.00858829844337,41.988727858293075,12.47987117552335,2.522812667740204,2.7979066022544283,1.093666129898014,8.219269994632313,0.5770263016639828
105,12.453032742887816,18.00858829844337,37.88244766505636,12.47987117552335,2.522812667740204,2.7979066022544283,1.093666129898014,12.184648416532475,0.5770263016639828
106,12.5402576489533,18.00858829844337,37.815351583467525,12.47987117552335,2.522812667740204,2.7979066022544283,1.0735373054213635,12.184648416532475,0.5770263016639828
107,12.68786902844874,18.00858829844337,37.67444981213097,12.47987117552335,2.522812667740204,2.791196994095545,1.0735373054213635,12.184648416532475,0.5770263016639828
108,12.211486849168008,17.2638217928073,35.67498658078368,11.325818572195384,3.69699409554482,2.657004830917874,0.966183574879227,15.626677402039721,0.5770263016639828
109,12.31213097155126,17.2638217928073,35.607890499194845,11.305689747718732,3.69699409554482,2.657004830917874,0.966183574879227,15.613258185721953,0.5770263016639828
110,12.419484702093397,17.2638217928073,35.57434245840043,11.265432098765432,3.6634460547504024,2.657004830917874,0.966183574879227,15.613258185721953,0.5770263016639828
111,12.432903918411165,16.6935050993022,35.560923242082666,10.916532474503489,3.6500268384326353,3.643317230273752,0.966183574879227,15.559581320450885,0.5770263016639828
112,12.553676865271068,16.6935050993022,35.45356951154053,10.916532474503489,3.6500268384326353,3.643317230273752,0.966183574879227,15.546162104133119,0.5770263016639828
113,12.721417069243156,16.686795491143318,35.265700483091784,10.896403650026839,3.7640901771336552,3.5762211486849167,0.966183574879227,15.546162104133119,0.5770263016639828
114,13.110574342458401,16.646537842190018,35.06441223832528,10.789049919484702,3.7573805689747717,3.5762211486849167,0.966183574879227,15.5126140633387,0.5770263016639828
115,13.291733762748256,16.639828234031132,34.78931830381106,10.789049919484702,3.227321524422974,3.5762211486849167,0.9393451422436929,16.170155662909288,0.5770263016639828
116,13.33870101986044,15.821256038647343,35.76221148684917,10.68840579710145,3.227321524422974,3.5762211486849167,0.9393451422436929,16.069511540526033,0.5770263016639828
117,13.439345142243694,15.70048309178744,34.05797101449275,11.54723564143854,3.227321524422974,3.5762211486849167,0.6843800322061192,17.082662372517444,0.6843800322061192
118,13.788244766505636,15.626677402039721,33.87010198604401,11.533816425120772,3.1736446591519054,3.5762211486849167,0.6843800322061192,17.062533548040793,0.6843800322061192
119,12.842190016103059,15.150295222758992,35.44685990338164,11.486849168008588,3.066290928609769,3.5762211486849167,0.6843800322061192,17.062533548040793,0.6843800322061192
120,12.93612453032743,14.935587761674718,35.36634460547504,11.473429951690822,3.066290928609769,3.824476650563607,0.6843800322061192,17.062533548040793,0.6508319914117016
121,12.989801395598498,14.78797638217928,35.32608695652174,11.466720343531938,3.2206119162640903,3.824476650563607,0.6843800322061192,17.04911433172303,0.6508319914117016
122,13.030059044551798,14.781266774020397,35.319377348362856,11.466720343531938,3.2206119162640903,3.797638217928073,0.6843800322061192,17.04911433172303,0.6508319914117016
123,13.331991411701557,14.774557165861514,35.11808910359635,11.466720343531938,3.2206119162640903,3.7372517444981215,0.6843800322061192,16.894793344068706,0.7716049382716049
124,13.439345142243694,14.774557165861514,35.07112184648417,11.466720343531938,3.2206119162640903,3.7372517444981215,0.6843800322061192,16.834406870638755,0.7716049382716049
125,13.761406333870102,14.714170692431562,34.93022007514761,11.345947396672035,3.2206119162640903,3.7372517444981215,0.6843800322061192,16.834406870638755,0.7716049382716049
126,13.647342995169081,14.714170692431562,34.88325281803543,11.345947396672035,3.2206119162640903,3.898282340311326,0.6843800322061192,16.834406870638755,0.7716049382716049
127,13.258185721953838,14.204240472356414,34.54777241009125,10.903113258185721,3.2742887815351582,3.898282340311326,0.6843800322061192,18.45813204508857,0.7716049382716049
128,13.573537305421363,14.11701556629093,34.44041867954911,10.856146001073537,3.1468062265163717,4.05931293612453,0.6843800322061192,18.35077831454643,0.7716049382716049
129,13.734567901234568,14.056629092860977,34.38003220611916,10.84272678475577,3.1333870101986045,4.294149221685454,0.6843800322061192,18.10252281266774,0.7716049382716049
130,13.94927536231884,14.056629092860977,34.23913043478261,10.82259796027912,3.1333870101986045,4.247181964573269,0.6843800322061192,18.095813204508858,0.7716049382716049
131,14.076757917337627,14.009661835748792,34.18545356951154,10.82259796027912,3.1333870101986045,4.247181964573269,0.6843800322061192,18.06897477187332,0.7716049382716049
132,14.15727321524423,13.996242619431026,34.14519592055824,10.82259796027912,3.1065485775630703,4.247181964573269,0.6843800322061192,18.06897477187332,0.7716049382716049
133,14.210950080515298,13.94927536231884,34.14519592055824,10.82259796027912,3.1065485775630703,4.247181964573269,0.6843800322061192,18.06226516371444,0.7716049382716049
134,14.358561460010735,13.862050456253355,34.14519592055824,11.594202898550725,2.522812667740204,4.233762748255502,0.6843800322061192,17.827428878153516,0.7716049382716049
135,14.378690284487385,13.808373590982287,33.47423510466989,11.594202898550725,3.321256038647343,4.233762748255502,0.6843800322061192,17.733494363929147,0.7716049382716049
136,14.486044015029522,13.768115942028986,33.47423510466989,11.574074074074074,3.321256038647343,4.233762748255502,0.6843800322061192,17.68652710681696,0.7716049382716049
137,14.257917337627482,12.285292538915728,30.246913580246915,11.52710681696189,3.321256038647343,10.903113258185721,0.6172839506172839,16.150026838432634,0.6910896403650026
138,14.512882447665056,12.157809983896941,29.770531400966185,11.386205045625335,3.2877079978529253,11.325818572195384,0.6172839506172839,16.09634997316157,0.8454106280193237
139,13.734567901234568,11.406333870101985,32.991143317230275,11.137949543746645,3.2474503488996245,10.909822866344605,0.6172839506172839,14.969135802469136,0.9863123993558777
140,13.862050456253355,11.379495437466453,32.92404723564144,11.11111111111111,3.2474503488996245,10.909822866344605,0.6172839506172839,14.962426194310252,0.9863123993558777
141,14.150563607085346,11.379495437466453,32.78314546430489,11.05072463768116,3.2340311325818574,10.909822866344605,0.6172839506172839,14.888620504562533,0.9863123993558777
142,14.009661835748792,11.312399355877616,32.26650563607085,11.77536231884058,3.2340311325818574,10.909822866344605,0.6172839506172839,14.888620504562533,0.9863123993558777
143,14.204240472356414,11.178207192699947,32.2061191626409,11.77536231884058,3.2340311325818574,10.909822866344605,0.6172839506172839,14.888620504562533,0.9863123993558777
144,14.298174986580785,11.178207192699947,32.14573268921095,11.77536231884058,3.2340311325818574,10.909822866344605,0.6172839506172839,14.855072463768115,0.9863123993558777
145,14.351851851851851,11.16478797638218,32.14573268921095,11.761943102522812,3.2340311325818574,10.909822866344605,0.6172839506172839,14.828234031132581,0.9863123993558777
146,14.606816961889425,11.16478797638218,31.93773483628556,11.761943102522812,3.2340311325818574,10.876274825550189,0.6172839506172839,14.814814814814815,0.9863123993558777
147,14.814814814814815,11.09098228663446,31.850509930220074,11.66129898013956,3.6366076221148687,10.621309715512615,0.6172839506172839,14.78797638217928,0.9192163177670424
148,14.942297369833602,11.07085346215781,31.83709071390231,11.580783682232958,3.515834675254965,10.742082662372518,0.6172839506172839,14.774557165861514,0.9192163177670424
149,15.022812667740205,11.05072463768116,31.790123456790123,11.580783682232958,3.515834675254965,10.742082662372518,0.6172839506172839,14.761137949543746,0.9192163177670424
150,15.150295222758992,11.030595813204508,31.655931293612454,11.473429951690822,3.515834675254965,10.742082662372518,0.6172839506172839,14.74771873322598,1.06682769726248
151,15.163714439076758,11.030595813204508,31.642512077294686,11.473429951690822,3.515834675254965,10.742082662372518,0.6172839506172839,14.74771873322598,1.06682769726248
152,15.465646806226516,10.997047772410092,31.46135265700483,11.406333870101985,3.5091250670960816,10.742082662372518,0.6172839506172839,14.734299516908212,1.06682769726248
153,15.552871712292003,10.997047772410092,31.313741277509394,11.406333870101985,3.5091250670960816,10.876274825550189,0.6172839506172839,14.660493827160494,1.06682769726248
154,15.801127214170693,10.983628556092324,31.219806763285025,11.305689747718732,3.5091250670960816,10.876274825550189,0.6172839506172839,14.620236178207193,1.06682769726248
155,15.881642512077295,10.950080515297907,31.219806763285025,11.2788513150832,3.5091250670960816,10.876274825550189,0.6172839506172839,14.606816961889425,1.0601180891035964
156,15.955448201825014,10.896403650026839,31.199677938808374,11.2788513150832,3.5091250670960816,10.876274825550189,0.6172839506172839,14.606816961889425,1.0601180891035964
157,16.069511540526033,10.896403650026839,31.04535695115405,11.20504562533548,3.7372517444981215,10.86285560923242,0.6172839506172839,14.506172839506172,1.0601180891035964
158,16.586151368760063,10.701825013419215,31.00509930220075,11.20504562533548,3.7372517444981215,10.82259796027912,0.6172839506172839,14.264626945786366,1.0601180891035964
159,16.680085882984432,10.701825013419215,30.917874396135264,11.20504562533548,3.7372517444981215,10.815888352120236,0.6172839506172839,14.264626945786366,1.0601180891035964
160,16.988727858293075,10.701825013419215,30.810520665593128,11.20504562533548,3.7372517444981215,10.701825013419215,0.6172839506172839,14.197530864197532,1.0399892646269457
161,17.196725711218466,10.68840579710145,30.790391841116477,11.178207192699947,3.7238325281803544,10.681696188942565,0.6105743424584005,14.090177133655395,1.0399892646269457
162,17.07595276435856,10.661567364465915,29.904723564143854,11.178207192699947,3.7238325281803544,11.748523886205046,0.6105743424584005,14.083467525496511,1.0131508319914118
163,17.12962962962963,10.661567364465915,29.904723564143854,11.137949543746645,3.7238325281803544,11.748523886205046,0.6105743424584005,14.070048309178745,1.0131508319914118
164,16.680085882984432,9.380032206119163,36.151368760064415,10.695115405260333,3.69699409554482,10.258990874932904,0.2549651100375738,12.151100375738057,0.7313472893183038
165,16.794149221685455,9.380032206119163,36.151368760064415,10.674986580783683,3.6768652710681695,10.258990874932904,0.2549651100375738,12.077294685990339,0.7313472893183038
166,16.901502952227588,9.366612989801396,36.08427267847558,10.654857756307031,3.6768652710681695,10.258990874932904,0.2549651100375738,12.070585077831455,0.7313472893183038
167,17.176596886741816,9.346484165324744,35.889694041867955,10.641438539989265,3.6768652710681695,10.258990874932904,0.2549651100375738,12.02361782071927,0.7313472893183038
168,16.99543746645196,9.346484165324744,35.487117552334944,10.641438539989265,3.2742887815351582,10.534084809447128,0.2549651100375738,12.734836285560924,0.7313472893183038
169,17.156468062265162,9.333064949006978,35.20531400966183,10.413311862587225,3.670155662909286,10.50053676865271,0.2549651100375738,12.734836285560924,0.7313472893183038
170,16.72705314009662,9.333064949006978,33.8365539452496,12.600644122383253,3.6500268384326353,10.654857756307031,0.2549651100375738,12.211486849168008,0.7313472893183038
171,16.841116478797638,9.326355340848094,33.24610842726785,13.231347289318304,3.556092324208266,10.641438539989265,0.2549651100375738,12.171229200214707,0.7313472893183038
172,16.921631776704242,9.326355340848094,33.21256038647343,13.231347289318304,3.556092324208266,10.641438539989265,0.2549651100375738,12.13768115942029,0.7179280730005367
173,16.99543746645196,9.326355340848094,33.21256038647343,13.231347289318304,3.4822866344605474,10.641438539989265,0.2549651100375738,12.13768115942029,0.7179280730005367
174,17.21014492753623,9.326355340848094,33.15217391304348,13.123993558776167,3.4822866344605474,10.621309715512615,0.2549651100375738,12.110842726784755,0.7179280730005367
175,17.37788513150832,9.312936124530328,33.12533548040794,13.01663982823403,3.4822866344605474,10.621309715512615,0.2549651100375738,12.090713902308105,0.7179280730005367
176,17.56575415995706,9.252549651100376,33.08507783145464,13.01663982823403,3.4621578099838968,10.57434245840043,0.2549651100375738,12.070585077831455,0.7179280730005367
177,17.8743961352657,9.252549651100376,32.86366076221149,13.01663982823403,3.6366076221148687,10.44015029522276,0.2549651100375738,11.943102522812667,0.7179280730005367
178,17.860976918947934,9.252549651100376,32.82340311325819,12.895866881374127,3.6366076221148687,10.668276972624799,0.2549651100375738,11.889425657541599,0.7179280730005367
179,18.12265163714439,9.225711218464841,32.809983896940416,12.895866881374127,3.4151905528717124,10.668276972624799,0.2549651100375738,11.889425657541599,0.7179280730005367
180,18.276972624798713,9.185453569511541,32.6959205582394,12.895866881374127,3.4151905528717124,10.668276972624799,0.2549651100375738,11.889425657541599,0.7179280730005367
181,16.404991948470208,7.340311325818572,40.50590445517982,11.097691894793345,2.408749329039184,10.57434245840043,0.020128824476650563,10.943370907139023,0.7045088566827697
182,16.740472356414386,7.273215244229737,40.27777777777778,11.097691894793345,2.408749329039184,10.44015029522276,0.020128824476650563,10.84272678475577,0.8990874932903918
183,16.847826086956523,7.246376811594203,40.23752012882448,11.077563070316694,2.408749329039184,10.44015029522276,0.020128824476650563,10.82259796027912,0.8990874932903918
184,15.780998389694043,7.219538378958669,48.671497584541065,8.84326355340848,2.2879763821792807,7.702630166398282,0.020128824476650563,8.68894256575416,0.785024154589372
185,15.874932903918411,7.199409554482019,48.66478797638218,8.809715512614064,2.2879763821792807,7.702630166398282,0.020128824476650563,8.655394524959743,0.785024154589372
186,15.94873859366613,7.199409554482019,48.62453032742888,8.776167471819646,2.2879763821792807,7.702630166398282,0.020128824476650563,8.655394524959743,0.785024154589372
187,16.0426731078905,7.1725711218464845,48.55743424584004,8.776167471819646,2.2879763821792807,7.702630166398282,0.020128824476650563,8.655394524959743,0.785024154589372
188,16.55931293612453,7.1725711218464845,48.39640365002684,8.675523349436393,2.2879763821792807,7.702630166398282,0.020128824476650563,8.400429414922169,0.785024154589372
189,16.680085882984432,7.159151905528717,48.30246913580247,8.675523349436393,2.2879763821792807,7.702630166398282,0.020128824476650563,8.387010198604402,0.785024154589372
190,16.317767042404725,6.4345142243692965,47.48389694041868,10.648148148148149,2.2342995169082127,7.689210950080516,0.020128824476650563,8.387010198604402,0.785024154589372
191,16.53918411164788,6.4345142243692965,47.26247987117552,10.648148148148149,2.2342995169082127,7.689210950080516,0.020128824476650563,8.387010198604402,0.785024154589372
192,16.646537842190018,6.427804616210413,47.16854535695116,10.641438539989265,2.2342995169082127,7.689210950080516,0.020128824476650563,8.387010198604402,0.785024154589372
193,17.08937198067633,6.427804616210413,46.81964573268921,10.601180891035963,2.2342995169082127,7.635534084809447,0.020128824476650563,8.387010198604402,0.785024154589372
194,17.270531400966185,6.427804616210413,46.63848631239936,10.601180891035963,2.2342995169082127,7.635534084809447,0.020128824476650563,8.387010198604402,0.785024154589372
195,17.559044551798173,6.374127750939345,46.47745571658615,10.57434245840043,2.187332259796028,7.635534084809447,0.020128824476650563,8.387010198604402,0.785024154589372
196,17.807300053676865,6.3137412775093935,46.383521202361784,10.560923242082662,2.187332259796028,7.581857219538379,0.020128824476650563,8.360171765968868,0.785024154589372
197,18.04213633923779,6.125872249060655,46.222490606548575,10.560923242082662,2.408749329039184,7.548309178743962,0.020128824476650563,8.28636607622115,0.785024154589372
198,18.19645732689211,6.052066559312936,45.65888352120236,11.05072463768116,2.408749329039184,7.541599570585078,0.020128824476650563,8.28636607622115,0.785024154589372
199,18.283682232957595,6.052066559312936,45.61862587224906,11.05072463768116,2.408749329039184,7.541599570585078,0.020128824476650563,8.239398819108963,0.785024154589372
200,15.881642512077295,5.998389694041868,51.98604401502952,10.554213633923778,2.408749329039184,7.253086419753086,0.013419216317767043,5.246913580246914,0.6575415995705851
201,16.0426731078905,5.998389694041868,51.77804616210413,10.547504025764896,2.408749329039184,7.253086419753086,0.013419216317767043,5.300590445517981,0.6575415995705851
202,16.190284487385938,5.998389694041868,51.710950080515296,10.50053676865271,2.395330112721417,7.239667203435319,0.013419216317767043,5.293880837359098,0.6575415995705851
203,16.297638217928075,5.984970477724101,51.65727321524423,10.46027911969941,2.395330112721417,7.239667203435319,0.013419216317767043,5.293880837359098,0.6575415995705851
204,16.438539989264626,5.984970477724101,51.54320987654321,10.453569511540525,2.395330112721417,7.239667203435319,0.013419216317767043,5.273752012882448,0.6575415995705851
205,16.55931293612453,5.984970477724101,51.51637144390767,10.420021470746109,2.395330112721417,7.179280730005368,0.013419216317767043,5.273752012882448,0.6575415995705851
206,16.71363392377885,5.984970477724101,51.36205045625336,10.420021470746109,2.395330112721417,7.179280730005368,0.013419216317767043,5.273752012882448,0.6575415995705851
207,16.75389157273215,5.984970477724101,51.36205045625336,10.379763821792807,2.395330112721417,7.179280730005368,0.013419216317767043,5.273752012882448,0.6575415995705851
208,17.03569511540526,5.984970477724101,51.2211486849168,10.379763821792807,2.395330112721417,7.179280730005368,0.013419216317767043,5.132850241545894,0.6575415995705851
209,17.3040794417606,5.9514224369296835,51.019860440150296,10.34621578099839,2.395330112721417,7.179280730005368,0.013419216317767043,5.132850241545894,0.6575415995705851
210,17.418142780461622,5.938003220611916,50.97289318303811,10.34621578099839,2.38191089640365,7.139023081052066,0.013419216317767043,5.132850241545894,0.6575415995705851
211,17.52549651100376,5.938003220611916,50.93263553408481,10.279119699409554,2.38191089640365,7.139023081052066,0.013419216317767043,5.132850241545894,0.6575415995705851
212,17.995169082125603,5.917874396135265,50.536768652710684,10.279119699409554,2.38191089640365,7.085346215780999,0.013419216317767043,5.132850241545894,0.6575415995705851
213,18.263553408480945,5.917874396135265,50.315351583467525,10.245571658615138,2.38191089640365,7.071926999463232,0.013419216317767043,5.132850241545894,0.6575415995705851
214,18.531937734836287,5.844068706387547,50.16774020397209,10.198604401502953,2.38191089640365,7.071926999463232,0.013419216317767043,5.132850241545894,0.6575415995705851
215,18.5654857756307,5.844068706387547,50.13419216317767,10.198604401502953,2.38191089640365,7.071926999463232,0.013419216317767043,5.132850241545894,0.6575415995705851
216,18.65271068169619,5.844068706387547,50.053676865271065,10.19189479334407,2.38191089640365,7.071926999463232,0.013419216317767043,5.132850241545894,0.6575415995705851
217,18.377616747181964,5.528717122920021,48.38298443370907,11.949812130971551,2.38191089640365,6.582125603864735,0.013419216317767043,6.125872249060655,0.6575415995705851
218,18.4849704777241,5.528717122920021,48.02066559312936,11.936392914653783,2.38191089640365,6.582125603864735,0.013419216317767043,6.112453032742888,0.9393451422436929
219,18.65271068169619,5.515297906602254,47.86634460547504,11.788781535158346,2.38191089640365,6.743156199677939,0.013419216317767043,6.112453032742888,0.9259259259259259
220,18.78690284487386,5.515297906602254,47.81266774020397,11.721685453569512,2.38191089640365,6.743156199677939,0.013419216317767043,6.099033816425121,0.9259259259259259
221,19.30354267310789,5.515297906602254,47.5979602791197,11.560654857756306,2.38191089640365,6.602254428341385,0.013419216317767043,6.099033816425121,0.9259259259259259
222,19.330381105743424,5.515297906602254,47.58454106280193,11.54723564143854,2.38191089640365,6.602254428341385,0.013419216317767043,6.099033816425121,0.9259259259259259
223,19.390767579173378,5.515297906602254,47.416800858829845,11.54723564143854,2.38191089640365,6.602254428341385,0.013419216317767043,6.099033816425121,1.0332796564680622
224,19.679280730005367,5.495169082125604,47.22893183038111,11.480139559849706,2.5161030595813205,6.602254428341385,0.013419216317767043,5.9514224369296835,1.0332796564680622
225,19.699409554482017,5.495169082125604,47.20880300590446,11.480139559849706,2.5161030595813205,6.602254428341385,0.013419216317767043,5.9514224369296835,1.0332796564680622
226,19.719538378958667,5.495169082125604,47.094739667203434,11.466720343531938,2.5161030595813205,6.709608158883521,0.013419216317767043,5.9514224369296835,1.0332796564680622
227,19.699409554482017,5.481749865807837,46.99409554482018,11.453301127214171,2.5161030595813205,6.857219538378959,0.013419216317767043,5.9514224369296835,1.0332796564680622
228,19.867149758454108,5.428073000536768,46.94041867954911,11.41304347826087,2.5161030595813205,6.837090713902308,0.013419216317767043,5.9514224369296835,1.0332796564680622
229,20.12211486849168,5.428073000536768,46.752549651100374,11.41304347826087,2.5161030595813205,6.837090713902308,0.013419216317767043,5.884326355340848,1.0332796564680622
230,20.148953301127214,5.428073000536768,46.752549651100374,11.41304347826087,2.5161030595813205,6.810252281266774,0.013419216317767043,5.884326355340848,1.0332796564680622
231,20.276435856146,5.428073000536768,46.69216317767042,11.379495437466453,2.5026838432635534,6.810252281266774,0.013419216317767043,5.864197530864198,1.0332796564680622
232,20.1959205582394,5.421363392377885,45.853462157809986,11.352657004830919,3.4822866344605474,6.796833064949007,0.013419216317767043,5.864197530864198,1.0198604401502953
233,20.303274288781534,5.407944176060118,45.779656468062264,11.345947396672035,3.4688674181427803,6.796833064949007,0.013419216317767043,5.864197530864198,1.0198604401502953
234,20.571658615136876,5.407944176060118,45.55823939881911,11.312399355877616,3.4688674181427803,6.78341384863124,0.013419216317767043,5.864197530864198,1.0198604401502953
235,20.665593129361245,5.407944176060118,45.4777241009125,11.312399355877616,3.4688674181427803,6.769994632313473,0.013419216317767043,5.864197530864198,1.0198604401502953
236,20.7662372517445,5.407944176060118,45.44417606011809,11.272141706924316,3.4688674181427803,6.743156199677939,0.013419216317767043,5.864197530864198,1.0198604401502953
237,20.759527643585614,5.407944176060118,45.4374664519592,11.272141706924316,3.6634460547504024,6.729736983360172,0.013419216317767043,5.6964573268921095,1.0198604401502953
238,20.9272678475577,5.407944176060118,45.41733762748255,11.16478797638218,3.643317230273752,6.729736983360172,0.013419216317767043,5.676328502415459,1.0198604401502953
239,21.054750402576488,5.401234567901234,45.3972088030059,11.064143853998926,3.643317230273752,6.729736983360172,0.013419216317767043,5.676328502415459,1.0198604401502953
240,21.162104133118625,5.401234567901234,45.309983896940416,11.044015029522276,3.643317230273752,6.729736983360172,0.013419216317767043,5.676328502415459,1.0198604401502953
241,21.18894256575416,5.401234567901234,44.847020933977454,11.044015029522276,3.643317230273752,6.776704240472356,0.013419216317767043,5.676328502415459,1.4090177133655395
242,21.604938271604937,5.300590445517981,44.55179817498658,11.044015029522276,3.643317230273752,6.776704240472356,0.013419216317767043,5.656199677938808,1.4090177133655395
243,21.772678475577028,5.300590445517981,44.43102522812668,11.044015029522276,3.643317230273752,6.763285024154589,0.013419216317767043,5.636070853462158,1.3955984970477724
244,21.83977455716586,5.280461621041331,44.41089640365003,11.044015029522276,3.629898013955985,6.763285024154589,0.013419216317767043,5.622651637144391,1.3955984970477724
245,22.0276435856146,5.280461621041331,44.24986580783682,11.017176596886742,3.629898013955985,6.763285024154589,0.013419216317767043,5.622651637144391,1.3955984970477724
246,22.33628556092324,5.059044551798175,43.914385399892645,11.017176596886742,3.965378421900161,6.749865807836822,0.013419216317767043,5.548845947396672,1.3955984970477724
247,22.450348899624263,5.059044551798175,43.833870101986044,10.990338164251208,3.965378421900161,6.743156199677939,0.013419216317767043,5.548845947396672,1.3955984970477724
248,22.591250670960815,5.025496511003757,43.78690284487386,10.970209339774557,3.9519592055823938,6.743156199677939,0.013419216317767043,5.535426731078905,1.3821792807300053
