,45,50,51,52,53,55,56,54,58,57
0,98.41653247450348,1.583467525496511,,,,,,,,
1,95.81991411701557,4.180085882984434,,,,,,,,
2,95.73268921095008,4.26731078904992,,,,,,,,
3,95.73268921095008,4.26731078904992,,,,,,,,
4,95.22946859903382,4.770531400966184,,,,,,,,
5,92.18330649490069,7.816693505099302,,,,,,,,
6,86.5606548577563,13.439345142243694,,,,,,,,
7,83.23268921095008,16.76731078904992,,,,,,,,
8,81.41438539989265,18.585614600107355,,,,,,,,
9,81.04535695115405,18.95464304884595,,,,,,,,
10,78.97208803005904,21.027911969940956,,,,,,,,
11,78.56280193236715,21.43719806763285,,,,,,,,
12,69.94095544820182,27.95222758990875,2.1068169618894257,,,,,,,
13,69.92753623188406,27.851583467525497,2.1068169618894257,0.11406333870101985,,,,,,
14,69.24315619967794,28.535963499731615,2.1068169618894257,0.11406333870101985,,,,,,
15,68.99490069779925,28.83118625872249,2.059849704777241,0.11406333870101985,,,,,,
16,69.14251207729468,28.683574879227052,2.059849704777241,0.11406333870101985,,,,,,
17,67.24369296833065,30.58239398819109,2.059849704777241,0.11406333870101985,,,,,,
18,67.31749865807836,30.038915727321523,2.059849704777241,0.11406333870101985,0.46967257112184646,,,,,
19,67.00885668276973,28.898282340311326,3.5091250670960816,0.11406333870101985,0.46967257112184646,,,,,
20,61.218464841653244,31.5150295222759,6.6827697262479875,0.11406333870101985,0.46967257112184646,,,,,
21,61.252012882447666,30.421363392377884,6.66935050993022,0.11406333870101985,0.46967257112184646,1.0735373054213635,,,,
22,61.28556092324208,30.401234567901234,6.655931293612453,0.11406333870101985,0.46967257112184646,1.0735373054213635,,,,
23,57.27321524422974,34.41358024691358,6.655931293612453,0.11406333870101985,0.46967257112184646,1.0735373054213635,,,,
24,53.38835212023618,38.29844337090714,6.655931293612453,0.11406333870101985,0.46967257112184646,1.0735373054213635,,,,
25,46.812936124530324,37.86231884057971,13.781535158346752,,0.46967257112184646,1.0735373054213635,,,,
26,46.61164787976382,37.56038647342995,14.284755770263017,,0.46967257112184646,1.0735373054213635,,,,
27,46.725711218464845,37.084004294149224,14.251207729468598,,0.46967257112184646,1.4694041867954912,,,,
28,46.846484165324746,37.043746645195924,14.170692431561998,,0.46967257112184646,1.4694041867954912,,,,
29,46.83977455716586,36.842458400429415,14.163982823403114,,0.46967257112184646,1.6841116478797638,,,,
30,47.155126140633385,36.65458937198068,14.06333870101986,,0.46967257112184646,1.6572732152442298,,,,
31,45.3569511540526,38.43263553408481,14.029790660225443,,0.5233494363929146,1.6572732152442298,,,,
32,45.249597423510465,38.425925925925924,14.143853998926463,,0.5233494363929146,1.6572732152442298,,,,
33,44.538378958668815,39.821524422973695,13.385668276972625,,0.5971551261406334,1.6572732152442298,,,,
34,43.02871712292002,36.460010735373054,18.33064949006978,,0.5233494363929146,1.6572732152442298,,,,
35,40.707192699946326,41.82098765432099,15.291196994095545,,0.5233494363929146,1.6572732152442298,,,,
36,39.78797638217928,37.72812667740204,20.813204508856682,,0.14761137949543746,1.5230810520665594,,,,
37,40.01610305958132,37.61406333870102,20.598497047772412,,0.14761137949543746,1.6237251744498122,,,,
38,39.92887815351583,36.02388620504563,22.27589908749329,,0.14761137949543746,1.6237251744498122,,,,
39,39.02308105206656,34.286097691894796,22.128287707997853,2.791196994095545,0.14761137949543746,1.6237251744498122,,,,
40,38.191089640365,35.037573805689746,21.967257112184647,2.9253891572732154,0.14761137949543746,1.7310789049919484,,,,
41,37.72812667740204,34.09822866344606,21.846484165324746,2.9253891572732154,1.9122383252818036,1.4895330112721417,,,,
42,37.285292538915726,30.971551261406333,20.913848631239937,7.977724100912507,1.3955984970477724,1.4559849704777241,,,,
43,36.090982286634464,30.911164787976382,20.142243692968332,10.017444981213098,1.3821792807300053,1.4559849704777241,,,,
44,32.11218464841653,32.64224369296833,21.85319377348363,10.57434245840043,1.328502415458937,1.4895330112721417,,,,
45,26.341921631776703,40.774288781535155,21.276167471819647,9.950348899624261,1.4090177133655395,0.24825550187869028,,,,
46,26.516371443907676,40.673644659151904,21.014492753623188,9.943639291465379,1.4090177133655395,0.4428341384863124,,,,
47,25.013419216317768,35.85614600107354,29.71014492753623,7.159151905528717,1.9256575415995705,0.33548040794417605,,,,
48,25.120772946859905,35.81588835212023,29.347826086956523,7.092055823939882,1.9256575415995705,0.33548040794417605,0.36231884057971014,,,
49,25.248255501878692,35.7487922705314,29.32769726247987,7.065217391304348,1.9122383252818036,0.33548040794417605,0.36231884057971014,,,
50,21.38352120236178,36.64117015566291,32.30005367686527,6.998121309715513,1.9122383252818036,0.33548040794417605,0.36231884057971014,0.06709608158883522,,
51,21.20907139023081,36.8491680085883,32.21282877079979,6.910896403650026,1.9122383252818036,0.33548040794417605,0.3488996242619431,0.2214170692431562,,
52,19.732957595276435,34.01771336553945,36.922973698336016,6.736446591519055,1.6170155662909287,0.4092860976918948,0.3421900161030596,0.2214170692431562,,
53,19.920826623725173,33.91035963499731,36.73510466988728,6.736446591519055,1.6170155662909287,0.4092860976918948,0.3421900161030596,0.32877079978529256,,
54,19.860440150295222,32.29334406870639,36.2788513150832,6.729736983360172,1.6170155662909287,0.8521202361782072,0.3421900161030596,2.0263016639828235,,
55,18.78690284487386,31.749865807836823,37.9092860976919,6.716317767042405,1.6170155662909287,0.8521202361782072,0.3421900161030596,2.0263016639828235,,
56,18.988191089640367,31.682769726247987,38.1105743424584,6.575415995705851,1.3620504562533549,0.8387010198604401,0.41599570585077833,2.0263016639828235,,
57,17.579173376274827,33.07836822329576,37.60064412238325,6.541867954911433,1.8048845947396672,0.8387010198604401,0.5300590445517982,2.0263016639828235,,
58,17.673107890499196,32.830112721417066,37.533548040794415,6.293612453032743,1.8048845947396672,1.3083735909822867,0.5300590445517982,2.0263016639828235,,
59,17.64626945786366,30.864197530864196,37.37251744498121,6.293612453032743,3.9586688137412773,1.3083735909822867,0.5300590445517982,2.0263016639828235,,
60,17.68652710681696,30.844068706387546,36.81561996779388,6.266774020397209,4.374664519592056,1.3821792807300053,0.6105743424584005,2.01959205582394,,
61,17.860976918947934,30.770263016639827,36.62775093934514,6.206387546967257,4.522275899087493,1.3821792807300053,0.6105743424584005,2.01959205582394,,
62,18.04884594739667,30.723295759527645,36.37949543746645,6.206387546967257,4.636339237788513,1.3821792807300053,0.6038647342995169,2.01959205582394,,
63,18.38432635534085,30.64278046162104,36.20504562533548,6.1929683306494905,4.569243156199678,1.3821792807300053,0.6038647342995169,2.01959205582394,,
64,18.585614600107355,30.60252281266774,36.05743424584004,6.179549114331723,4.569243156199678,1.3821792807300053,0.6038647342995169,2.01959205582394,,
65,18.5654857756307,30.387815351583466,39.40552871712292,3.616478797638218,4.213633923778851,1.2278582930756843,0.6038647342995169,1.9793344068706387,,
66,18.592324208266238,30.04562533548041,38.989533011272144,4.200214707461084,4.200214707461084,1.221148684916801,0.7716049382716049,1.9793344068706387,,
67,18.61916264090177,29.696725711218466,38.67418142780462,4.582662372517445,3.9855072463768115,1.221148684916801,0.7716049382716049,2.4490069779924855,,
68,18.706387546967257,29.676596886741816,38.27831454643049,4.582662372517445,3.9855072463768115,1.221148684916801,1.1003757380568975,2.4490069779924855,,
69,16.894793344068706,30.273752012882447,36.822329575952764,7.924047235641439,3.8915727321524423,1.1876006441223832,1.1003757380568975,1.90552871712292,,
70,17.10950080515298,30.226784755770264,36.62775093934514,7.924047235641439,3.8915727321524423,1.2345679012345678,1.0802469135802468,1.90552871712292,,
71,17.23027375201288,25.523349436392916,40.76086956521739,7.763016639828234,4.341116478797638,1.2345679012345678,1.0802469135802468,2.0665593129361244,,
72,17.47181964573269,25.509930220075148,40.47906602254428,7.709339774557166,4.334406870638754,1.2345679012345678,1.0802469135802468,2.1806226516371443,,
73,17.619431025228128,25.34219001610306,40.06977992485239,7.702630166398282,4.334406870638754,1.2345679012345678,1.0534084809447128,2.6435856146001075,,
74,17.733494363929147,25.241545893719806,39.982555018786904,7.6623725174449815,4.334406870638754,1.3486312399355878,1.0534084809447128,2.6435856146001075,,
75,17.270531400966185,23.772141706924316,42.223564143854,7.6623725174449815,4.139828234031133,1.3419216317767042,0.9460547504025765,2.6435856146001075,,
76,17.364465915190554,23.738593666129898,41.00912506709608,7.62211486849168,4.139828234031133,2.6972624798711755,0.8319914117015567,2.5966183574879227,,
77,17.444981213097154,23.70504562533548,40.98228663446055,7.62211486849168,4.26731078904992,2.6972624798711755,0.8319914117015567,2.4490069779924855,,
78,17.518786902844873,23.483628556092324,40.94873859366613,7.595276435856146,4.253891572732153,2.918679549114332,0.8319914117015567,2.4490069779924855,,
79,14.620236178207193,25.013419216317768,45.30327428878154,6.769994632313473,2.8918411164787976,2.5026838432635534,0.8319914117015567,2.0665593129361244,,
80,14.855072463768115,24.704777241009126,44.75979602791197,6.622383252818035,3.2340311325818574,2.9253891572732154,0.8319914117015567,2.0665593129361244,,
81,13.58695652173913,22.873054213633925,37.7012882447665,13.553408480944713,3.1199677938808374,2.9253891572732154,0.8319914117015567,5.407944176060118,,
82,13.788244766505636,22.77241009125067,37.61406333870102,13.553408480944713,3.1199677938808374,2.9253891572732154,0.8185721953837896,5.407944176060118,,
83,14.029790660225443,22.725442834138487,37.47987117552335,13.513150831991412,3.099838969404187,2.9253891572732154,0.8185721953837896,5.407944176060118,,
84,14.036500268384327,22.282608695652176,37.42619431025228,13.935856146001074,3.2541599570585076,2.8381642512077296,0.8185721953837896,5.407944176060118,,
85,14.338432635534085,22.134997316156735,36.64787976382179,14.492753623188406,3.227321524422974,2.932098765432099,0.8185721953837896,5.407944176060118,,
86,14.42565754159957,22.014224369296834,36.41975308641975,14.184111647879764,3.227321524422974,3.240740740740741,0.9326355340848095,5.555555555555555,,
87,14.600107353730541,21.973966720343533,36.3996242619431,14.016371443907676,3.227321524422974,3.3480944712828773,0.9326355340848095,5.501878690284487,,
88,14.720880300590446,21.611647879763822,35.65485775630703,13.88888888888889,4.260601180891036,3.3480944712828773,1.0466988727858293,5.46833064949007,,
89,13.707729468599034,19.28341384863124,44.22302737520129,9.091519055287172,3.9855072463768115,3.193773483628556,1.0466988727858293,5.46833064949007,,
90,13.774825550187868,19.189479334406872,44.176060118089104,9.091519055287172,3.9720880300590444,3.193773483628556,1.0466988727858293,5.555555555555555,,
91,14.023081052066559,19.135802469135804,44.03515834675255,9.091519055287172,3.824476650563607,3.3145464304884595,1.0198604401502953,5.555555555555555,,
92,14.278046162104133,19.082125603864736,43.74664519592056,9.084809447128288,3.824476650563607,3.3145464304884595,1.1272141706924315,5.542136339237788,,
93,14.714170692431562,19.0552871712292,43.15619967793881,9.07139023081052,3.7909286097691894,3.3011272141706924,1.3754696725711217,5.535426731078905,,
94,14.868491680085883,19.028448738593667,43.03542673107891,9.064680622651638,3.7909286097691894,3.3011272141706924,1.3754696725711217,5.535426731078905,,
95,14.949006977992486,19.02173913043478,42.96833064949007,9.057971014492754,3.7909286097691894,3.3011272141706924,1.3754696725711217,5.535426731078905,,
96,14.949006977992486,18.605743424584006,41.176865271068166,11.513687600644122,3.44873859366613,3.180354267310789,1.6170155662909287,5.508588298443371,,
97,12.25174449812131,21.4573268921095,41.015834675254965,11.439881910896403,3.4017713365539453,3.2742887815351582,1.6170155662909287,5.434782608695652,0.10735373054213634,
98,12.104133118625873,20.94068706387547,42.81400966183575,11.272141706924316,3.4017713365539453,3.2742887815351582,1.6170155662909287,4.468599033816425,0.10735373054213634,
99,11.701556629092861,20.128824476650564,44.37734836285561,11.137949543746645,3.2675791733762747,3.3145464304884595,1.596886741814278,4.367954911433173,0.10735373054213634,
100,11.506977992485238,19.585346215780998,45.3972088030059,11.097691894793345,3.0394524959742353,3.502415458937198,1.596886741814278,4.166666666666667,0.10735373054213634,
101,11.735104669887278,19.585346215780998,45.276435856146,11.023886205045626,3.0394524959742353,3.4957058507783145,1.596886741814278,4.139828234031133,0.10735373054213634,
102,11.929683306494901,19.53166935050993,45.09527643585615,11.017176596886742,3.026033279656468,3.4957058507783145,1.6572732152442298,4.139828234031133,0.10735373054213634,
103,12.144390767579173,19.47128287707998,44.98121309715513,11.003757380568974,2.985775630703167,3.4688674181427803,1.6572732152442298,4.180085882984434,0.10735373054213634,
104,10.641438539989265,27.865002683843265,40.35829307568438,9.131776704240472,2.985775630703167,3.3480944712828773,1.3821792807300053,4.180085882984434,0.10735373054213634,
105,10.701825013419215,27.81803542673108,40.344873859366615,9.131776704240472,2.985775630703167,3.3480944712828773,1.3821792807300053,4.180085882984434,0.10735373054213634,
106,10.681696188942565,23.698336017176597,44.437734836285564,9.125067096081589,2.9052603327965647,3.33467525496511,1.5297906602254427,4.180085882984434,0.10735373054213634,
107,10.326086956521738,23.416532474503487,42.00214707461084,13.546698872785829,2.9052603327965647,2.5026838432635534,1.6103059581320451,3.5829307568438002,0.10735373054213634,
108,9.990606548577563,23.07434245840043,43.20987654320987,14.398819108964037,2.7777777777777777,2.5026838432635534,1.4090177133655395,2.5295222758990876,0.10735373054213634,
109,10.071121846484166,19.49141170155663,43.08910359634997,14.398819108964037,2.7643585614600106,2.475845410628019,1.3955984970477724,6.206387546967257,0.10735373054213634,
110,10.352925389157273,19.45115405260333,42.8743961352657,14.392109500805153,2.7643585614600106,2.462426194310252,1.3955984970477724,6.199677938808374,0.10735373054213634,
111,10.554213633923778,19.45115405260333,42.72007514761138,14.392109500805153,2.7442297369833604,2.462426194310252,1.3955984970477724,6.172839506172839,0.10735373054213634,
112,10.654857756307031,19.45115405260333,42.391304347826086,14.345142243692969,2.7442297369833604,2.462426194310252,1.6706924315619969,6.172839506172839,0.10735373054213634,
113,9.312936124530328,28.12667740203972,36.85587761674718,13.305152979066023,2.4825550187869028,2.15378421900161,1.90552871712292,5.750134192163178,0.10735373054213634,
114,9.41358024691358,28.012614063338702,37.23832528180354,12.949543746645196,2.4825550187869028,2.15378421900161,1.8719806763285025,5.770263016639828,0.10735373054213634,
115,9.514224369296834,27.958937198067634,37.204777241009126,12.949543746645196,2.4825550187869028,2.15378421900161,1.8719806763285025,5.756843800322061,0.10735373054213634,
116,9.634997316156737,27.871712292002147,37.17793880837359,12.949543746645196,2.4825550187869028,2.15378421900161,1.8719806763285025,5.756843800322061,0.10064412238325282,
117,9.769189479334408,27.85829307568438,37.07729468599034,12.949543746645196,2.462426194310252,2.15378421900161,1.8719806763285025,5.756843800322061,0.10064412238325282,
118,9.98389694041868,27.737520128824478,36.61433172302738,13.298443370907139,2.462426194310252,2.15378421900161,1.8719806763285025,5.776972624798712,0.10064412238325282,
119,10.0979602791197,27.61003757380569,36.4398819108964,13.285024154589372,2.462426194310252,2.254428341384863,1.9860440150295222,5.763553408480945,0.10064412238325282,
120,10.185185185185185,27.15378421900161,36.4398819108964,13.231347289318304,2.462426194310252,2.703972088030059,1.9860440150295222,5.562265163714439,0.27509393451422437,
121,7.702630166398282,39.92216854535695,27.073268921095007,13.848631239935587,2.200751476113795,2.059849704777241,1.4492753623188406,5.46833064949007,0.27509393451422437,
122,7.830112721417069,39.29817498658078,26.724369296833064,13.895598497047773,2.1739130434782608,2.0799785292538915,1.4492753623188406,6.273483628556092,0.27509393451422437,
123,8.031400966183575,39.20424047235642,26.56333870101986,13.855340848094471,2.1739130434782608,2.0799785292538915,1.4358561460010735,6.380837359098229,0.27509393451422437,
124,8.004562533548041,39.16398282340311,26.32850241545894,13.828502415458937,2.5429414922168547,2.0799785292538915,1.415727321524423,6.360708534621578,0.27509393451422437,
125,8.185721953837897,39.01637144390767,26.321792807300053,13.81508319914117,2.5429414922168547,2.0799785292538915,1.415727321524423,6.347289318303811,0.27509393451422437,
126,8.293075684380032,38.88217928073001,26.01315083199141,13.774825550187868,2.5429414922168547,2.147074610842727,1.3620504562533549,6.709608158883521,0.27509393451422437,
127,8.393719806763285,38.7211486849168,25.751476113794954,13.774825550187868,2.9723564143853998,2.2611379495437465,1.093666129898014,6.655931293612453,0.27509393451422437,0.10064412238325282
128,8.501073537305421,38.63392377885131,25.731347289318304,13.654052603327965,2.9388083735909825,2.341653247450349,1.093666129898014,6.615673644659152,0.27509393451422437,0.2147074610842727
129,8.59500805152979,38.52657004830918,25.483091787439612,13.633923778851315,3.099838969404187,2.462426194310252,1.093666129898014,6.615673644659152,0.27509393451422437,0.2147074610842727
130,8.662104133118627,38.506441223832525,25.43612453032743,13.633923778851315,3.099838969404187,2.462426194310252,1.093666129898014,6.615673644659152,0.27509393451422437,0.2147074610842727
131,8.776167471819646,38.419216317767045,25.43612453032743,13.633923778851315,3.099838969404187,2.462426194310252,1.06682769726248,6.615673644659152,0.27509393451422437,0.2147074610842727
132,8.883521202361782,38.16425120772947,25.41599570585078,13.580246913580247,3.099838969404187,2.6838432635534084,1.06682769726248,6.615673644659152,0.27509393451422437,0.2147074610842727
133,9.125067096081589,38.10386473429951,25.301932367149757,13.546698872785829,3.099838969404187,2.677133655394525,1.1205045625335481,6.535158346752549,0.27509393451422437,0.2147074610842727
134,9.16532474503489,37.92270531400966,25.161030595813205,13.902308105206655,3.099838969404187,2.6637144390767578,1.1205045625335481,6.474771873322598,0.27509393451422437,0.2147074610842727
135,9.185453569511541,37.86231884057971,25.147611379495437,13.88888888888889,2.804616210413312,2.589908749329039,1.1205045625335481,6.910896403650026,0.27509393451422437,0.2147074610842727
136,9.232420826623725,37.84219001610306,25.140901771336555,13.88888888888889,2.7844873859366612,2.589908749329039,1.1205045625335481,6.910896403650026,0.27509393451422437,0.2147074610842727
137,9.433709071390231,37.74154589371981,25.0805152979066,13.88888888888889,2.7308105206655933,2.509393451422437,1.1205045625335481,7.004830917874396,0.27509393451422437,0.2147074610842727
138,9.252549651100376,36.533816425120776,25.05367686527107,15.83467525496511,2.7308105206655933,2.1269457863660763,1.247987117552335,6.729736983360172,0.27509393451422437,0.2147074610842727
139,9.440418679549115,36.46672034353194,24.986580783682232,15.807836822329575,2.7308105206655933,2.100107353730542,1.247987117552335,6.729736983360172,0.27509393451422437,0.2147074610842727
140,9.675254965110037,36.28556092324208,24.859098228663445,15.807836822329575,2.7308105206655933,2.0933977455716586,1.3553408480944713,6.702898550724638,0.27509393451422437,0.2147074610842727
141,9.749060654857756,34.60144927536232,24.52361782071927,15.787707997852925,4.757112184648417,2.0799785292538915,1.3553408480944713,6.655931293612453,0.27509393451422437,0.2147074610842727
142,9.88996242619431,34.50751476113795,24.302200751476114,15.76086956521739,4.904723564143854,2.01959205582394,1.4694041867954912,6.655931293612453,0.27509393451422437,0.2147074610842727
143,10.144927536231885,34.447128287708,24.255233494363928,15.747450348899624,4.817498658078368,1.9994632313472893,1.4694041867954912,6.629092860976919,0.27509393451422437,0.2147074610842727
144,10.292538915727322,34.44041867954911,23.691626409017715,15.975577026301664,5.119431025228127,1.892109500805153,1.4694041867954912,6.629092860976919,0.27509393451422437,0.2147074610842727
145,10.34621578099839,34.33977455716586,23.55072463768116,15.94873859366613,4.824208266237251,1.8853998926462694,1.8317230273752012,6.78341384863124,0.27509393451422437,0.2147074610842727
146,10.178475577026301,34.15190552871712,24.12775093934514,15.888352120236178,4.824208266237251,1.8384326355340848,1.8317230273752012,6.66935050993022,0.27509393451422437,0.2147074610842727
147,10.319377348362856,34.064680622651636,23.886205045625335,15.868223295759528,4.824208266237251,1.892109500805153,1.9860440150295222,6.66935050993022,0.27509393451422437,0.2147074610842727
148,10.44015029522276,33.52791196994095,23.62453032742888,15.868223295759528,4.797369833601718,2.690552871712292,1.9860440150295222,6.575415995705851,0.27509393451422437,0.2147074610842727
149,10.715244229736983,33.00456253354804,23.013955984970476,16.49892646269458,4.797369833601718,2.918679549114332,1.9860440150295222,6.575415995705851,0.27509393451422437,0.2147074610842727
150,10.68840579710145,31.97799248523886,22.82608695652174,16.49892646269458,4.797369833601718,2.7643585614600106,2.073268921095008,7.883789586688137,0.27509393451422437,0.2147074610842727
151,10.63472893183038,31.53515834675255,20.853462157809982,19.008319914117017,4.824208266237251,2.7643585614600106,2.0263016639828235,7.863660762211487,0.27509393451422437,0.2147074610842727
152,9.916800858829845,28.153515834675254,28.99892646269458,16.72705314009662,4.87788513150832,2.4691358024691357,1.90552871712292,6.461352657004831,0.27509393451422437,0.2147074610842727
153,10.19189479334407,27.932098765432098,28.92512077294686,16.71363392377885,4.87788513150832,2.5563607085346214,1.8853998926462694,6.427804616210413,0.27509393451422437,0.2147074610842727
154,10.446859903381643,27.83816425120773,28.844605475040257,16.70692431561997,4.804079441760601,2.5563607085346214,1.8853998926462694,6.427804616210413,0.27509393451422437,0.2147074610842727
155,10.674986580783683,27.80461621041331,28.75738056897477,16.680085882984432,4.804079441760601,2.5496511003757383,1.8786902844873858,6.360708534621578,0.27509393451422437,0.2147074610842727
156,11.003757380568974,27.51610305958132,28.650026838432634,16.626409017713364,4.804079441760601,2.5429414922168547,1.8786902844873858,6.488191089640365,0.27509393451422437,0.2147074610842727
157,11.144659151905529,27.51610305958132,28.59634997316157,16.57944176060118,4.790660225442834,2.5429414922168547,1.8786902844873858,6.461352657004831,0.27509393451422437,0.2147074610842727
158,11.2788513150832,27.482555018786904,28.515834675254965,16.5727321524423,4.777241009125067,2.5429414922168547,1.8786902844873858,6.461352657004831,0.27509393451422437,0.2147074610842727
159,11.520397208803006,27.28797638217928,28.361513687600645,16.51905528717123,4.777241009125067,2.703972088030059,1.8786902844873858,6.461352657004831,0.27509393451422437,0.2147074610842727
160,11.60762211486849,27.241009125067094,28.361513687600645,16.51905528717123,4.777241009125067,2.703972088030059,1.8786902844873858,6.447933440687064,0.24825550187869028,0.2147074610842727
161,11.688137412775093,27.20746108427268,27.945517981749866,16.82769726247987,4.777241009125067,2.690552871712292,2.0531400966183573,6.246645195920558,0.3488996242619431,0.2147074610842727
162,11.882716049382717,27.17391304347826,27.87842190016103,16.794149221685455,4.7168545356951155,2.690552871712292,2.0531400966183573,6.246645195920558,0.3488996242619431,0.2147074610842727
163,11.996779388083736,26.590177133655395,27.80461621041331,16.472088030059044,5.146269457863661,2.6167471819645733,2.0531400966183573,6.756575415995706,0.3488996242619431,0.2147074610842727
164,12.030327428878154,26.590177133655395,27.77777777777778,16.465378421900162,5.146269457863661,2.6167471819645733,2.0531400966183573,6.756575415995706,0.3488996242619431,0.2147074610842727
165,12.198067632850242,26.536500268384327,27.697262479871174,16.438539989264626,5.139559849704777,2.6167471819645733,2.0531400966183573,6.756575415995706,0.3488996242619431,0.2147074610842727
166,12.218196457326892,26.174181427804616,27.636876006441224,16.398282340311326,5.139559849704777,3.066290928609769,2.0531400966183573,6.749865807836822,0.3488996242619431,0.2147074610842727
167,12.27187332259796,26.174181427804616,27.63016639828234,16.398282340311326,5.12614063338701,3.066290928609769,2.0531400966183573,6.716317767042405,0.3488996242619431,0.2147074610842727
168,12.4597423510467,26.080246913580247,27.542941492216855,15.962157809983896,5.703166935050993,3.046162104133119,2.0531400966183573,6.588835212023618,0.3488996242619431,0.2147074610842727
169,12.661030595813205,25.966183574879228,27.469135802469136,15.854804079441761,5.857487922705314,3.012614063338701,2.0531400966183573,6.561996779388084,0.3488996242619431,0.2147074610842727
170,12.969672571121846,25.81857219538379,27.38191089640365,15.707192699946322,5.857487922705314,3.1065485775630703,2.033011272141707,6.561996779388084,0.3488996242619431,0.2147074610842727
171,13.09044551798175,25.704508856682768,25.241545893719806,15.546162104133119,5.877616747181965,3.099838969404187,2.033011272141707,8.84326355340848,0.3488996242619431,0.2147074610842727
172,12.801932367149758,25.637412775093935,24.537037037037038,16.109769189479334,5.730005367686527,3.2004830917874396,2.589908749329039,8.829844337090714,0.3488996242619431,0.2147074610842727
173,12.775093934514224,25.543478260869566,24.214975845410628,17.008856682769725,5.6964573268921095,3.2004830917874396,2.408749329039184,8.588298443370908,0.3488996242619431,0.2147074610842727
174,12.741545893719806,25.328770799785293,27.455716586151368,14.949006977992486,5.669618894256575,3.1199677938808374,2.3483628556092326,8.011272141706923,0.1610305958132045,0.2147074610842727
175,12.929414922168545,25.288513150831992,27.26784755770263,14.895330112721417,5.669618894256575,3.1199677938808374,2.4557165861513686,7.997852925389157,0.1610305958132045,0.2147074610842727
176,13.097155126140633,25.194578636607623,27.18733225979603,14.855072463768115,5.750134192163178,3.1199677938808374,2.4221685453569513,7.997852925389157,0.1610305958132045,0.2147074610842727
177,13.197799248523886,25.07380568974772,27.18733225979603,14.848362855609233,5.8239398819108965,3.0730005367686526,2.4221685453569513,7.997852925389157,0.1610305958132045,0.2147074610842727
178,13.298443370907139,25.013419216317768,27.026301663982824,14.841653247450349,5.8239398819108965,3.0730005367686526,2.5496511003757383,7.997852925389157,0.1610305958132045,0.2147074610842727
179,12.647611379495437,25.013419216317768,24.235104669887278,19.41760601180891,5.434782608695652,3.0931293612453032,2.073268921095008,7.7361782071927,0.13419216317767044,0.2147074610842727
180,11.876006441223833,22.31615673644659,28.844605475040257,18.63929146537842,5.152979066022544,3.0327428878153517,2.187332259796028,7.601986044015029,0.13419216317767044,0.2147074610842727
181,11.969940955448202,22.20209339774557,28.824476650563607,18.625872249060656,5.226784755770263,3.026033279656468,2.1806226516371443,7.595276435856146,0.13419216317767044,0.2147074610842727
182,12.084004294149223,22.20209339774557,28.77079978529254,18.592324208266238,5.213365539452496,3.012614063338701,2.1806226516371443,7.595276435856146,0.13419216317767044,0.2147074610842727
183,12.171229200214707,22.188674181427803,28.703703703703702,18.592324208266238,5.2066559312936125,3.012614063338701,2.1806226516371443,7.595276435856146,0.13419216317767044,0.2147074610842727
184,12.325550187869029,22.18196457326892,28.61647879763822,18.19645732689211,5.542136339237788,3.012614063338701,2.1806226516371443,7.595276435856146,0.13419216317767044,0.2147074610842727
185,12.446323134728932,22.12157809983897,28.589640365002683,18.16290928609769,5.542136339237788,3.012614063338701,2.1806226516371443,7.595276435856146,0.13419216317767044,0.2147074610842727
186,12.627482555018787,22.041062801932366,28.589640365002683,18.06897477187332,5.542136339237788,3.012614063338701,2.1806226516371443,7.588566827697263,0.13419216317767044,0.2147074610842727
187,12.754965110037574,21.83977455716586,28.589640365002683,18.04884594739667,5.542136339237788,3.126677402039721,2.1806226516371443,7.568438003220612,0.13419216317767044,0.2147074610842727
188,12.902576489533011,21.81964573268921,28.14680622651637,17.98845947396672,5.542136339237788,3.113258185721954,2.5966183574879227,7.541599570585078,0.13419216317767044,0.2147074610842727
189,13.023349436392914,21.81964573268921,28.14680622651637,17.954911433172303,5.542136339237788,3.113258185721954,2.5966183574879227,7.454374664519592,0.13419216317767044,0.2147074610842727
190,13.110574342458401,21.62506709608159,27.891841116478798,17.76033279656468,5.515297906602254,3.69699409554482,2.5966183574879227,7.454374664519592,0.13419216317767044,0.2147074610842727
191,13.22463768115942,21.611647879763822,27.536231884057973,17.76033279656468,5.501878690284487,3.9989264626945786,2.576489533011272,7.454374664519592,0.12077294685990338,0.2147074610842727
192,13.352120236178207,21.591519055287172,27.482555018786904,17.733494363929147,5.501878690284487,3.9855072463768115,2.576489533011272,7.440955448201825,0.12077294685990338,0.2147074610842727
193,13.466183574879228,21.584809447128286,27.469135802469136,17.57246376811594,5.501878690284487,3.9855072463768115,2.576489533011272,7.380568974771873,0.24825550187869028,0.2147074610842727
194,13.674181427804616,21.564680622651636,27.42216854535695,17.465110037573805,5.501878690284487,3.9519592055823938,2.576489533011272,7.380568974771873,0.24825550187869028,0.2147074610842727
195,13.747987117552334,21.537842190016104,27.395330112721417,17.444981213097154,5.501878690284487,3.9519592055823938,2.576489533011272,7.380568974771873,0.24825550187869028,0.2147074610842727
196,13.868760064412239,21.108427267847556,26.992753623188406,17.163177670424048,5.709876543209877,3.730542136339238,3.2474503488996245,7.716049382716049,0.24825550187869028,0.2147074610842727
197,13.821792807300053,20.517981749865807,26.798174986580783,17.102791196994094,5.783682232957595,4.575952764358561,3.2474503488996245,7.689210950080516,0.24825550187869028,0.2147074610842727
198,14.096886741814279,20.48443370907139,26.67740203972088,17.01556629092861,5.763553408480945,4.569243156199678,3.2474503488996245,7.689210950080516,0.24825550187869028,0.20799785292538917
199,14.070048309178745,19.753086419753085,26.01315083199141,16.921631776704242,5.743424584004294,6.105743424584004,3.280998389694042,7.6556629092860975,0.24825550187869028,0.20799785292538917
200,14.338432635534085,19.73966720343532,25.95276435856146,16.780730005367687,5.743424584004294,6.078904991948471,3.2541599570585076,7.6556629092860975,0.24825550187869028,0.20799785292538917
201,14.687332259796028,19.565217391304348,25.87895866881374,16.74718196457327,5.676328502415459,6.078904991948471,3.2541599570585076,7.6556629092860975,0.24825550187869028,0.20799785292538917
202,14.761137949543746,19.182769726247987,25.87895866881374,16.686795491143318,5.656199677938808,6.468062265163715,3.2541599570585076,7.6556629092860975,0.24825550187869028,0.20799785292538917
203,15.009393451422437,19.108964036500268,25.87224906065486,16.63311862587225,5.656199677938808,6.353998926462695,3.2541599570585076,7.6556629092860975,0.24825550187869028,0.20799785292538917
204,15.203972088030058,19.0955448201825,25.79844337090714,16.532474503488995,5.649490069779925,6.353998926462695,3.2541599570585076,7.6556629092860975,0.24825550187869028,0.20799785292538917
205,15.405260332796564,19.0552871712292,25.42270531400966,16.49892646269458,5.636070853462158,6.474771873322598,3.515834675254965,7.5348899624261945,0.24825550187869028,0.20799785292538917
206,15.693773483628556,18.98148148148148,25.32206119162641,16.431830381105744,5.609232420826624,6.454643048845948,3.515834675254965,7.5348899624261945,0.24825550187869028,0.20799785292538917
207,15.814546430488459,18.94122383252818,25.281803542673106,16.431830381105744,5.609232420826624,6.4412238325281805,3.515834675254965,7.50805152979066,0.24825550187869028,0.20799785292538917
208,15.982286634460548,18.894256575415994,25.241545893719806,16.391572732152444,5.609232420826624,6.4345142243692965,3.515834675254965,7.474503488996243,0.24825550187869028,0.20799785292538917
209,16.29092860976919,18.887546967257112,25.13419216317767,16.384863123993558,5.60252281266774,6.387546967257112,3.515834675254965,7.340311325818572,0.24825550187869028,0.20799785292538917
210,16.465378421900162,18.813741277509394,25.13419216317767,16.384863123993558,5.60252281266774,6.347289318303811,3.515834675254965,7.306763285024155,0.2214170692431562,0.20799785292538917
211,16.61969940955448,18.54535695115405,25.120772946859905,16.384863123993558,5.776972624798712,6.4345142243692965,3.408480944712829,7.27992485238862,0.2214170692431562,0.20799785292538917
212,16.720343531937736,18.5252281266774,24.711486849168008,16.35131508319914,5.776972624798712,6.4345142243692965,3.8043478260869565,7.246376811594203,0.2214170692431562,0.20799785292538917
213,16.99543746645196,18.431293612453032,24.530327428878152,16.297638217928075,5.703166935050993,6.4345142243692965,3.938539989264627,7.246376811594203,0.2147074610842727,0.20799785292538917
214,17.196725711218466,18.4044551798175,24.490069779924852,16.203703703703702,5.501878690284487,6.595544820182502,3.938539989264627,7.246376811594203,0.2147074610842727,0.20799785292538917
215,17.183306494900698,17.975040257648953,24.490069779924852,16.203703703703702,5.475040257648954,6.541867954911433,3.911701556629093,7.796564680622652,0.2147074610842727,0.20799785292538917
216,17.69994632313473,17.894524959742352,24.329039184111647,16.13660762211487,5.475040257648954,6.541867954911433,3.911701556629093,7.588566827697263,0.2147074610842727,0.20799785292538917
217,17.807300053676865,17.8743961352657,24.329039184111647,16.109769189479334,5.4616210413311865,6.541867954911433,3.8848631239935587,7.568438003220612,0.2147074610842727,0.20799785292538917
218,17.961621041331185,17.767042404723565,24.288781535158346,16.109769189479334,5.4616210413311865,6.541867954911433,3.878153515834675,7.568438003220612,0.2147074610842727,0.20799785292538917
219,17.840848094471284,17.55233494363929,24.268652710681696,16.109769189479334,5.4616210413311865,6.501610305958132,3.8378958668813743,8.004562533548041,0.2147074610842727,0.20799785292538917
220,17.901234567901234,17.163177670424048,24.228395061728396,16.10305958132045,5.35426731078905,6.4345142243692965,3.8378958668813743,8.55475040257649,0.2147074610842727,0.20799785292538917
221,17.867686527106816,17.136339237788512,24.194847020933977,15.98899624261943,5.293880837359098,6.608964036500268,3.8378958668813743,8.55475040257649,0.2147074610842727,0.30193236714975846
222,17.934782608695652,17.028985507246375,24.134460547504027,15.921900161030596,5.743424584004294,6.3137412775093935,3.8378958668813743,8.568169618894256,0.2147074610842727,0.30193236714975846
223,18.189747718733226,16.99543746645196,24.12104133118626,15.888352120236178,5.709876543209877,6.3070316693505095,3.8043478260869565,8.467525496511003,0.2147074610842727,0.30193236714975846
224,18.35077831454643,16.99543746645196,24.060654857756308,15.814546430488459,5.709876543209877,6.300322061191626,3.797638217928073,8.454106280193237,0.2147074610842727,0.30193236714975846
225,18.411164787976382,16.78743961352657,23.98684916800859,15.727321524422974,5.642780461621041,6.152710681696189,3.8915727321524423,8.883521202361782,0.2147074610842727,0.30193236714975846
226,18.438003220611915,16.78743961352657,23.832528180354267,15.70048309178744,5.5756843800322065,6.3137412775093935,3.8848631239935587,8.883521202361782,0.2147074610842727,0.36902844873859364
227,18.632581857219538,16.6935050993022,23.79898013955985,15.666935050993022,5.60252281266774,6.3070316693505095,3.851315083199141,8.863392377885132,0.2147074610842727,0.36902844873859364
228,18.625872249060656,16.6935050993022,23.792270531400966,15.646806226516372,5.60252281266774,6.360708534621578,3.8311862587224907,8.863392377885132,0.2147074610842727,0.36902844873859364
229,18.793612453032743,16.5727321524423,23.792270531400966,15.633387010198604,5.60252281266774,6.360708534621578,3.8311862587224907,8.829844337090714,0.2147074610842727,0.36902844873859364
230,19.04186795491143,16.5727321524423,23.731884057971016,15.479066022544284,5.595813204508857,6.333870101986044,3.8311862587224907,8.829844337090714,0.2147074610842727,0.36902844873859364
231,19.33709071390231,16.545893719806763,23.57085346215781,15.479066022544284,5.562265163714439,6.3137412775093935,3.824476650563607,8.816425120772946,0.2147074610842727,0.33548040794417605
232,18.82716049382716,15.277777777777779,23.49033816425121,17.58588298443371,5.562265163714439,6.0654857756307035,3.824476650563607,8.816425120772946,0.2147074610842727,0.33548040794417605
233,18.968062265163713,15.26435856146001,23.470209339774556,17.424852388620504,5.515297906602254,6.0654857756307035,3.824476650563607,8.809715512614064,0.2147074610842727,0.4428341384863124
234,17.156468062265162,11.963231347289318,34.0378421900161,16.478797638217927,4.072732152442297,4.019055287171229,3.7909286097691894,7.890499194847021,0.2147074610842727,0.3757380568974772
235,17.28395061728395,11.963231347289318,33.943907675791735,16.465378421900162,4.052603327965647,4.019055287171229,3.7909286097691894,7.890499194847021,0.2147074610842727,0.3757380568974772
236,17.57246376811594,11.829039184111648,33.823134728931834,16.445249597423512,4.052603327965647,4.052603327965647,3.743961352657005,7.890499194847021,0.2147074610842727,0.3757380568974772
237,17.66639828234031,11.808910359634996,33.762748255501876,16.431830381105744,4.052603327965647,4.052603327965647,3.743961352657005,7.890499194847021,0.2147074610842727,0.3757380568974772
238,17.773752012882447,11.600912506709609,33.64868491680086,16.941760601180892,4.052603327965647,3.8580246913580245,3.730542136339238,7.803274288781535,0.2147074610842727,0.3757380568974772
239,17.860976918947934,11.600912506709609,33.601717659688674,16.941760601180892,4.03918411164788,3.8580246913580245,3.730542136339238,7.776435856146001,0.2147074610842727,0.3757380568974772
240,17.934782608695652,11.600912506709609,33.53462157809984,16.941760601180892,4.03918411164788,3.8580246913580245,3.730542136339238,7.695920558239399,0.2885131508319914,0.3757380568974772
241,17.398013955984972,11.399624261943103,31.0654857756307,20.652173913043477,3.750670960815888,3.8580246913580245,3.730542136339238,7.481213097155126,0.2885131508319914,0.3757380568974772
242,17.59259259259259,11.379495437466453,31.031937734836287,20.551529790660226,3.750670960815888,3.8580246913580245,3.730542136339238,7.440955448201825,0.2885131508319914,0.3757380568974772
243,17.364465915190554,11.345947396672035,32.2866344605475,19.79334406870639,3.455448201825013,3.844605475040258,3.6902844873859366,7.555018786902845,0.2885131508319914,0.3757380568974772
244,17.03569511540526,10.896403650026839,31.427804616210413,21.62506709608159,3.455448201825013,3.7104133118625873,3.629898013955985,7.628824476650563,0.2147074610842727,0.3757380568974772
245,17.156468062265162,10.896403650026839,31.19296833064949,21.62506709608159,3.455448201825013,3.824476650563607,3.629898013955985,7.628824476650563,0.2147074610842727,0.3757380568974772
246,17.424852388620504,10.869565217391305,31.072195383789587,21.511003757380568,3.455448201825013,3.8177670424047236,3.629898013955985,7.628824476650563,0.2147074610842727,0.3757380568974772
