,45,50,53,51,55,52,54,56,57,58,59
0,92.82742887815351,7.1725711218464845,,,,,,,,,
1,83.74932903918412,16.25067096081589,,,,,,,,,
2,82.89720880300591,17.102791196994094,,,,,,,,,
3,82.93075684380032,16.834406870638755,0.23483628556092323,,,,,,,,
4,79.65646806226516,18.511808910359633,0.23483628556092323,1.442565754159957,0.15432098765432098,,,,,,
5,75.38915727321525,22.779119699409556,0.23483628556092323,1.442565754159957,0.15432098765432098,,,,,,
6,72.96027911969941,25.207997852925388,0.23483628556092323,1.442565754159957,0.15432098765432098,,,,,,
7,70.24288781535158,28.166935050993022,,1.4358561460010735,0.15432098765432098,,,,,,
8,70.28314546430488,26.650563607085346,,2.844873859366613,0.2214170692431562,,,,,,
9,70.38378958668814,26.44927536231884,,2.2208803005904456,0.2214170692431562,0.6776704240472357,0.04696725711218465,,,,
10,61.86929683306495,34.74906065485776,0.2147074610842727,2.2208803005904456,0.2214170692431562,0.6776704240472357,0.04696725711218465,,,,
11,57.776435856146,39.07675791733763,,2.2208803005904456,0.2214170692431562,0.6575415995705851,0.04696725711218465,,,,
12,52.200751476113794,42.67981749865808,,4.045893719806763,0.36902844873859364,0.6575415995705851,0.04696725711218465,,,,
13,49.053945249597426,44.81347289318304,,5.059044551798175,0.36902844873859364,0.6575415995705851,0.04696725711218465,,,,
14,44.67928073000537,50.10064412238325,,4.830917874396135,0.2147074610842727,0.1274825550187869,0.04696725711218465,,,,
15,44.79334406870639,43.14949006977992,,11.81561996779388,0.06709608158883522,0.1274825550187869,0.04696725711218465,,,,
16,44.920826623725176,43.08239398819109,,11.75523349436393,0.06709608158883522,0.1274825550187869,0.04696725711218465,,,,
17,44.196188942565755,40.06977992485239,,15.49248523886205,0.06709608158883522,0.1274825550187869,0.04696725711218465,,,,
18,41.29092860976919,38.6406333870102,,19.685990338164252,0.20799785292538917,0.1274825550187869,0.04696725711218465,,,,
19,40.66022544283414,36.9296833064949,,19.639023081052066,0.20799785292538917,2.5161030595813205,0.04696725711218465,,,,
20,38.687600644122384,39.31159420289855,,19.229736983360173,0.20799785292538917,2.5161030595813205,0.04696725711218465,,,,
21,36.963231347289316,27.66371443907676,,29.636339237788512,0.41599570585077833,5.273752012882448,0.04696725711218465,,,,
22,36.93639291465379,23.845947396672035,,33.97745571658615,0.41599570585077833,4.777241009125067,0.04696725711218465,,,,
23,36.33923778851315,24.436392914653783,,36.40633387010199,0.41599570585077833,2.3550724637681157,0.04696725711218465,,,,
24,36.43317230273752,24.416264090177133,,36.28556092324208,0.41599570585077833,2.3550724637681157,0.04696725711218465,0.04696725711218465,,,
25,36.61433172302738,24.376006441223833,,36.14465915190553,0.41599570585077833,2.3550724637681157,0.04696725711218465,0.04696725711218465,,,
26,36.14465915190553,24.516908212560388,0.7917337627482555,35.339506172839506,0.41599570585077833,2.3550724637681157,0.38915727321524424,0.04696725711218465,,,
27,36.33923778851315,24.510198604401502,0.7917337627482555,35.15163714439077,0.41599570585077833,2.3550724637681157,0.38915727321524424,0.04696725711218465,,,
28,36.37278582930757,24.456521739130434,0.7917337627482555,34.86312399355877,0.41599570585077833,2.3550724637681157,0.5568974771873323,0.1878690284487386,,,
29,28.08641975308642,48.33601717659689,0.785024154589372,20.377079978529252,0.27509393451422437,1.442565754159957,0.5099302200751477,0.1878690284487386,,,
30,27.750939345142243,48.14143853998927,0.785024154589372,16.129898013955984,0.27509393451422437,6.219806763285024,0.5099302200751477,0.1878690284487386,,,
31,27.80461621041331,48.067632850241544,0.785024154589372,16.1231884057971,0.27509393451422437,6.206387546967257,0.5099302200751477,0.2281266774020397,,,
32,27.932098765432098,47.96027911969941,0.785024154589372,16.11647879763822,0.2616747181964573,6.206387546967257,0.5099302200751477,0.2281266774020397,,,
33,27.502683843263554,42.93478260869565,,14.237788513150832,0.2616747181964573,14.325013419216317,0.5099302200751477,0.2281266774020397,,,
34,27.72410091250671,42.73349436392915,,13.774825550187868,0.2616747181964573,14.76784755770263,0.5099302200751477,0.2281266774020397,,,
35,27.891841116478798,42.72007514761138,,13.761406333870102,0.2616747181964573,14.626945786366075,0.5099302200751477,0.2281266774020397,,,
36,28.08641975308642,42.54562533548041,,13.741277509393452,0.2616747181964573,14.626945786366075,0.5099302200751477,0.2281266774020397,,,
37,21.692163177670423,46.26945786366076,,8.467525496511003,0.2616747181964573,22.73886205045625,0.3421900161030596,0.2281266774020397,,,
38,19.692699946323135,41.04938271604938,,8.205850778314547,0.2214170692431562,30.26033279656468,0.3421900161030596,0.2281266774020397,,,
39,19.96779388083736,40.935319377348364,,8.205850778314547,0.2214170692431562,30.099302200751477,0.3421900161030596,0.2281266774020397,,,
40,14.781266774020397,48.78556092324208,,7.4208266237251745,0.2214170692431562,28.56280193236715,,0.2281266774020397,,,
41,14.74771873322598,45.330112721417066,,6.998121309715513,0.6977992485238862,32.018250134192165,,0.20799785292538917,,,
42,14.888620504562533,44.02173913043478,,6.951154052603328,1.9457863660762211,31.984702093397747,,0.20799785292538917,,,
43,13.855340848094471,43.263553408480945,0.2885131508319914,10.238862050456254,1.8317230273752012,30.314009661835748,,0.20799785292538917,,,
44,13.976113794954374,38.479602791196996,3.4151905528717124,10.11808910359635,3.502415458937198,30.300590445517983,,0.20799785292538917,,,
45,13.727858293075684,31.588835212023618,3.4151905528717124,8.849973161567364,4.99194847020934,37.21819645732689,,0.20799785292538917,,,
46,13.989533011272142,31.488191089640367,3.3816425120772946,8.849973161567364,4.99194847020934,37.0907139023081,,0.20799785292538917,,,
47,13.808373590982287,29.24718196457327,3.374932903918411,8.829844337090714,4.9651100375738055,39.56655931293612,,0.20799785292538917,,,
48,13.774825550187868,29.07944176060118,3.374932903918411,7.85024154589372,5.132850241545894,40.57971014492754,,0.20799785292538917,,,
49,13.989533011272142,29.012345679012345,3.374932903918411,7.843531937734836,5.132850241545894,40.385131508319915,,0.20799785292538917,0.05367686527106817,,
50,14.029790660225443,29.012345679012345,3.374932903918411,7.843531937734836,5.10601180891036,40.371712292002144,,0.20799785292538917,0.05367686527106817,,
51,13.94927536231884,27.388620504562535,5.495169082125604,7.742887815351583,2.965646806226516,42.19672571121846,,0.20799785292538917,0.05367686527106817,,
52,14.210950080515298,27.361782071927,5.495169082125604,7.6556629092860975,3.3145464304884595,41.700214707461086,,0.20799785292538917,0.05367686527106817,,
53,14.17740203972088,26.7512077294686,5.448201825013419,7.64224369296833,3.3145464304884595,40.61996779388084,1.8384326355340848,0.20799785292538917,,,
54,13.170960815888352,22.69189479334407,5.448201825013419,6.769994632313473,3.180354267310789,46.69216317767042,1.8384326355340848,0.20799785292538917,,,
55,13.285024154589372,22.6784755770263,5.434782608695652,6.729736983360172,2.8784219001610305,46.45061728395062,1.8384326355340848,0.7045088566827697,,,
56,13.466183574879228,22.5979602791197,5.434782608695652,6.729736983360172,2.8784219001610305,46.242619431025226,1.8384326355340848,0.7045088566827697,0.10735373054213634,,
57,13.607085346215781,22.262479871175522,5.381105743424584,6.689479334406871,2.6838432635534084,44.73295759527644,3.8311862587224907,0.7045088566827697,0.10735373054213634,,
58,13.761406333870102,22.249060654857757,5.381105743424584,6.66935050993022,2.6838432635534084,44.48470209339774,3.8311862587224907,0.7045088566827697,0.23483628556092323,,
59,14.002952227589908,22.148416532474503,5.367686527106817,6.642512077294686,2.6502952227589907,44.34380032206119,3.824476650563607,0.7045088566827697,0.3153515834675255,,
60,14.029790660225443,22.383252818035427,5.360976918947934,6.629092860976919,2.6033279656468062,44.236446591519055,3.7372517444981215,0.7045088566827697,0.3153515834675255,,
61,14.304884594739667,22.27589908749329,5.360976918947934,6.608964036500268,2.6033279656468062,44.08883521202362,3.7372517444981215,0.7045088566827697,0.3153515834675255,,
62,14.325013419216317,22.27589908749329,5.360976918947934,6.608964036500268,2.6033279656468062,44.06870638754697,3.7372517444981215,0.7045088566827697,0.3153515834675255,,
63,14.392109500805153,22.262479871175522,5.360976918947934,6.608964036500268,2.6033279656468062,43.934514224369295,3.7372517444981215,0.7045088566827697,0.39586688137412773,,
64,14.298174986580785,20.90042941492217,5.360976918947934,6.521739130434782,2.6033279656468062,45.48443370907139,3.7372517444981215,0.7045088566827697,0.38915727321524424,,
65,9.749060654857756,28.26086956521739,4.797369833601718,4.985238862050457,2.26784755770263,44.357219538378956,3.7372517444981215,0.5501878690284487,1.2949543746645196,,
66,9.802737520128824,26.01315083199141,4.797369833601718,4.985238862050457,4.468599033816425,44.35050993022008,3.7372517444981215,0.5501878690284487,1.2949543746645196,,
67,10.037573805689748,25.97289318303811,4.797369833601718,4.9651100375738055,4.468599033816425,44.176060118089104,3.7372517444981215,0.5501878690284487,1.2949543746645196,,
68,10.02415458937198,25.91250670960816,4.797369833601718,4.9651100375738055,4.40150295222759,42.599302200751474,4.87788513150832,1.1808910359634996,1.2412775093934514,,
69,10.21202361782072,25.751476113794954,4.797369833601718,4.938271604938271,4.40150295222759,43.344068706387546,4.87788513150832,1.1808910359634996,0.49651100375738055,,
70,10.0979602791197,25.53676865271068,5.146269457863661,5.112721417069243,4.2270531400966185,42.99516908212561,5.22007514761138,1.1674718196457328,0.49651100375738055,,
71,10.185185185185185,25.49651100375738,5.139559849704777,5.072463768115942,4.2270531400966185,42.99516908212561,5.22007514761138,1.1674718196457328,0.49651100375738055,,
72,10.185185185185185,24.52361782071927,5.132850241545894,4.253891572732153,4.213633923778851,45.13553408480945,4.998658078368224,1.1674718196457328,0.38915727321524424,,
73,10.34621578099839,24.476650563607084,5.112721417069243,4.240472356414386,4.206924315619967,45.06843800322061,4.998658078368224,1.1674718196457328,0.3824476650563607,,
74,9.339774557165862,33.64868491680086,2.8784219001610305,4.066022544283414,4.206924315619967,41.08964036500269,3.2206119162640903,1.1674718196457328,0.3824476650563607,,
75,9.453837895866881,33.60842726784756,2.8784219001610305,4.066022544283414,4.200214707461084,41.02254428341385,3.2206119162640903,1.1674718196457328,0.3824476650563607,,
76,9.514224369296834,32.45437466451959,2.871712292002147,4.066022544283414,3.9855072463768115,41.96188942565754,3.2206119162640903,1.1674718196457328,0.7581857219538379,,
77,8.474235104669887,30.911164787976382,2.871712292002147,14.023081052066559,3.9452495974235107,35.80246913580247,2.677133655394525,0.5367686527106817,0.7581857219538379,,
78,8.648684916800859,30.756843800322063,2.871712292002147,13.982823403113258,4.052603327965647,35.71524422973698,2.677133655394525,0.5367686527106817,0.7581857219538379,,
79,8.722490606548577,30.703166935050994,2.871712292002147,13.982823403113258,4.03918411164788,35.7085346215781,2.677133655394525,0.5367686527106817,0.7581857219538379,,
80,8.816425120772946,30.636070853462158,2.871712292002147,13.94927536231884,3.9519592055823938,36.312399355877616,2.657004830917874,0.04696725711218465,0.7581857219538379,,
81,8.903650026838433,30.60252281266774,2.871712292002147,13.94927536231884,3.9519592055823938,36.29898013955985,2.6167471819645733,0.04696725711218465,0.7581857219538379,,
82,8.984165324745035,30.683038110574344,2.871712292002147,13.942565754159958,3.9519592055823938,36.14465915190553,2.6167471819645733,0.04696725711218465,0.7581857219538379,,
83,9.205582393988191,30.62265163714439,2.8515834675254963,13.902308105206655,3.9318303811057436,36.07085346215781,2.61003757380569,0.04696725711218465,0.7581857219538379,,
84,9.359903381642512,30.54213633923779,2.8515834675254963,13.88888888888889,3.9318303811057436,36.02388620504563,2.61003757380569,0.04696725711218465,0.7447665056360708,,
85,9.004294149221685,30.515297906602253,2.8515834675254963,22.61808910359635,3.6231884057971016,28.81105743424584,2.073268921095008,0.13419216317767044,0.36902844873859364,,
86,8.179012345679013,30.35426731078905,2.844873859366613,25.986312399355878,3.6231884057971016,26.462694578636608,2.046430488459474,0.13419216317767044,0.36902844873859364,,
87,8.474235104669887,29.70343531937735,2.844873859366613,25.946054750402578,4.03918411164788,26.462694578636608,2.0263016639828235,0.13419216317767044,0.36902844873859364,,
88,8.668813741277509,29.58937198067633,2.844873859366613,25.87895866881374,4.1129898013955986,26.37546967257112,2.0263016639828235,0.13419216317767044,0.36902844873859364,,
89,7.9039184111647875,24.9597423510467,2.49597423510467,32.045088566827694,1.5230810520665594,28.63660762211487,1.6841116478797638,0.5434782608695652,0.20799785292538917,,
90,7.9039184111647875,22.450348899624263,5.072463768115942,31.407675791733762,1.5230810520665594,28.63660762211487,1.6841116478797638,1.1137949543746646,0.20799785292538917,,
91,8.071658615136876,22.423510466988727,5.065754159957058,31.34728931830381,1.5230810520665594,28.56280193236715,1.6841116478797638,1.1137949543746646,0.20799785292538917,,
92,8.205850778314547,22.383252818035427,4.985238862050457,31.300322061191626,1.5163714439076759,28.482286634460547,1.6841116478797638,1.2345679012345678,0.20799785292538917,,
93,8.373590982286634,22.302737520128826,4.985238862050457,31.300322061191626,1.5163714439076759,28.395061728395063,1.6841116478797638,1.2345679012345678,0.20799785292538917,,
94,8.863392377885132,22.262479871175522,4.918142780461621,31.219806763285025,1.5163714439076759,28.093129361245303,1.6841116478797638,1.2345679012345678,0.20799785292538917,,
95,8.440687063875469,21.752549651100377,4.891304347826087,35.218733225979605,1.5029522275899088,25.214707461084274,1.6841116478797638,1.2010198604401503,0.0939345142243693,,
96,8.608427267847558,21.71900161030596,4.891304347826087,35.13150831991412,1.5029522275899088,25.067096081588836,1.6841116478797638,1.1876006441223832,0.20799785292538917,,
97,6.132581857219538,31.904186795491142,4.193505099302201,32.03166935050993,1.2345679012345678,23.101180891035963,0.10064412238325282,1.1876006441223832,0.11406333870101985,,
98,6.4345142243692965,31.749865807836823,4.1532474503489,31.97128287707998,1.2345679012345678,23.05421363392378,0.10064412238325282,1.1876006441223832,0.11406333870101985,,
99,6.756575415995706,31.629092860976918,4.1532474503489,31.82367149758454,1.2345679012345678,23.00053676865271,0.10064412238325282,1.1876006441223832,0.11406333870101985,,
100,6.91760601180891,31.602254428341386,4.1532474503489,31.756575415995705,1.2345679012345678,22.933440687063875,0.10064412238325282,1.1876006441223832,0.11406333870101985,,
101,7.078636607622115,31.5150295222759,4.146537842190016,31.723027375201287,1.2345679012345678,22.899892646269457,0.10064412238325282,1.1876006441223832,0.11406333870101985,,
102,7.326892109500805,31.367418142780462,4.052603327965647,31.54186795491143,1.3486312399355878,22.819377348362856,0.10064412238325282,1.328502415458937,0.11406333870101985,,
103,7.434245840042942,31.36070853462158,3.8915727321524423,31.50161030595813,1.3486312399355878,22.758990874932906,0.2616747181964573,1.328502415458937,0.11406333870101985,,
104,7.608695652173913,31.300322061191626,3.8915727321524423,30.931293612453032,1.3486312399355878,22.725442834138487,0.2616747181964573,1.8183038110574343,0.11406333870101985,,
105,7.729468599033816,31.233225979602793,3.797638217928073,30.629361245303276,1.3486312399355878,22.604669887278583,0.2616747181964573,2.1068169618894257,0.2885131508319914,,
106,7.87037037037037,31.146001073537306,3.797638217928073,30.615942028985508,1.3486312399355878,22.564412238325282,0.2616747181964573,2.1068169618894257,0.2885131508319914,,
107,8.091787439613526,31.03864734299517,3.7775093934514223,30.535426731078903,1.3486312399355878,22.550993022007514,0.2616747181964573,2.1068169618894257,0.2885131508319914,,
108,8.293075684380032,30.810520665593128,3.7775093934514223,30.461621041331185,1.4626945786366077,22.537573805689746,0.2616747181964573,2.1068169618894257,0.2885131508319914,,
109,8.621846484165324,30.649490069779926,3.69699409554482,30.42807300053677,1.4492753623188406,22.497316156736446,0.2616747181964573,2.1068169618894257,0.2885131508319914,,
110,8.735909822866345,30.575684380032207,3.69699409554482,30.267042404723565,1.4492753623188406,22.497316156736446,0.2616747181964573,2.227589908749329,0.2885131508319914,,
111,8.99087493290392,30.48845947396672,3.683574879227053,30.226784755770264,1.4358561460010735,22.403381642512077,0.2616747181964573,2.227589908749329,0.28180354267310787,,
112,9.252549651100376,30.381105743424584,3.683574879227053,30.119431025228128,1.4358561460010735,22.356414385399894,0.2616747181964573,2.227589908749329,0.28180354267310787,,
113,9.406870638754697,30.320719269994633,3.629898013955985,30.01207729468599,1.4358561460010735,22.29602791196994,0.2616747181964573,2.301395598497048,0.28180354267310787,0.05367686527106817,
114,9.567901234567902,30.273752012882447,3.629898013955985,29.978529253891573,1.4358561460010735,22.041062801932366,0.2616747181964573,2.475845410628019,0.28180354267310787,0.05367686527106817,
115,9.762479871175524,30.20665593129361,3.629898013955985,29.891304347826086,1.4358561460010735,22.014224369296834,0.2616747181964573,2.462426194310252,0.28180354267310787,0.05367686527106817,
116,9.829575952764358,30.17981749865808,3.6231884057971016,29.663177670424048,1.8048845947396672,21.866612989801396,0.2616747181964573,2.328234031132582,0.38915727321524424,0.05367686527106817,
117,9.769189479334408,30.16639828234031,3.5829307568438002,29.59608158883521,1.8317230273752012,22.020933977455716,0.2616747181964573,2.328234031132582,0.38915727321524424,0.05367686527106817,
118,9.950348899624261,30.04562533548041,3.5829307568438002,29.522275899087493,1.8518518518518519,21.69887278582931,0.2616747181964573,2.6435856146001075,0.38915727321524424,0.05367686527106817,
119,10.00402576489533,29.676596886741816,3.5829307568438002,29.502147074610843,2.301395598497048,21.55126140633387,0.2616747181964573,2.61003757380569,0.4562533548040794,0.05367686527106817,
120,10.111379495437467,29.582662372517444,3.5426731078904994,29.468599033816425,2.301395598497048,21.36339237788513,0.2616747181964573,2.9253891572732154,0.38915727321524424,0.05367686527106817,
121,10.285829307568438,29.401502952227588,3.5426731078904994,29.435050993022006,2.395330112721417,21.336553945249598,0.2616747181964573,2.9253891572732154,0.36231884057971014,0.05367686527106817,
122,10.433440687063875,28.99892646269458,3.5426731078904994,29.361245303274288,2.7241009125067097,21.336553945249598,0.2616747181964573,2.9253891572732154,0.36231884057971014,0.05367686527106817,
123,10.520665593129362,28.965378421900162,3.5426731078904994,29.334406870638755,2.7241009125067097,21.309715512614062,0.2616747181964573,2.9253891572732154,0.36231884057971014,0.05367686527106817,
124,10.607890499194847,28.92512077294686,3.5426731078904994,29.20692431561997,2.7241009125067097,21.309715512614062,0.2616747181964573,3.0059044551798175,0.36231884057971014,0.05367686527106817,
125,10.205314009661835,28.133387010198604,3.5426731078904994,31.488191089640367,2.999194847020934,20.41062801932367,0.2616747181964573,2.5429414922168547,0.36231884057971014,0.05367686527106817,
126,10.084541062801932,28.119967793880836,3.5426731078904994,34.95034889962426,2.9924852388620504,17.09608158883521,0.2616747181964573,2.536231884057971,0.36231884057971014,0.05367686527106817,
127,10.312667740203972,27.965646806226516,3.535963499731616,34.90338164251208,2.9924852388620504,17.07595276435856,0.2616747181964573,2.536231884057971,0.36231884057971014,0.05367686527106817,
128,10.560923242082662,27.78448738593666,3.535963499731616,34.80944712828771,3.0864197530864197,17.008856682769725,0.2616747181964573,2.536231884057971,0.36231884057971014,0.05367686527106817,
129,10.88298443370907,27.75764895330113,3.502415458937198,34.60144927536232,3.0864197530864197,16.955179817498657,0.2616747181964573,2.536231884057971,0.36231884057971014,0.05367686527106817,
130,11.077563070316694,27.677133655394524,3.502415458937198,34.5276435856146,3.0730005367686526,16.928341384863124,0.2616747181964573,2.536231884057971,0.36231884057971014,0.05367686527106817,
131,11.023886205045626,25.623993558776167,3.4688674181427803,32.94417606011809,3.280998389694042,16.82769726247987,3.9452495974235107,2.4691358024691357,0.36231884057971014,0.05367686527106817,
132,11.272141706924316,25.603864734299517,3.4688674181427803,32.870370370370374,3.280998389694042,16.75389157273215,3.9184111647879765,2.442297369833602,0.36231884057971014,0.026838432635534086,
133,11.533816425120772,25.523349436392916,3.4688674181427803,32.66237251744498,3.3279656468062266,16.666666666666668,3.9184111647879765,2.509393451422437,0.36231884057971014,0.026838432635534086,
134,11.721685453569512,25.409286097691894,3.4420289855072466,32.63553408480945,3.307836822329576,16.666666666666668,3.9184111647879765,2.509393451422437,0.36231884057971014,0.026838432635534086,
135,11.855877616747183,25.409286097691894,3.408480944712829,32.588566827697264,3.307836822329576,16.6129898013956,3.9184111647879765,2.509393451422437,0.36231884057971014,0.026838432635534086,
136,11.956521739130435,25.38244766505636,3.408480944712829,32.2463768115942,3.3011272141706924,16.512345679012345,3.9049919484702094,2.898550724637681,0.36231884057971014,0.026838432635534086,
137,12.06387546967257,25.315351583467525,3.408480944712829,32.23966720343532,3.3011272141706924,16.478797638217927,3.9049919484702094,2.898550724637681,0.36231884057971014,0.026838432635534086,
138,12.057165861513688,25.140901771336555,3.374932903918411,28.918411164787976,3.3480944712828773,20.001341921631777,3.8848631239935587,2.885131508319914,0.36231884057971014,0.026838432635534086,
139,12.265163714439076,25.02012882447665,3.3413848631239937,28.871443907675793,3.3480944712828773,19.89398819108964,3.878153515834675,2.9924852388620504,0.36231884057971014,0.026838432635534086,
140,11.66129898013956,21.370101986044016,3.3413848631239937,27.36849168008588,3.3145464304884595,26.113794954374665,3.878153515834675,2.563070316693505,0.36231884057971014,0.026838432635534086,
141,11.768652710681696,21.316425120772948,3.3413848631239937,27.36849168008588,3.3145464304884595,26.08695652173913,3.878153515834675,2.536231884057971,0.36231884057971014,0.026838432635534086,
142,12.00348899624262,21.235909822866343,3.3413848631239937,27.32823403113258,3.280998389694042,26.019860440150296,3.864734299516908,2.536231884057971,0.36231884057971014,0.026838432635534086,
143,12.016908212560386,20.591787439613526,3.33467525496511,27.24771873322598,4.092860976918948,25.939345142243692,3.864734299516908,2.5295222758990876,0.35560923242082665,0.026838432635534086,
144,12.164519592055823,20.544820182501343,3.33467525496511,27.200751476113794,4.092860976918948,25.885668276972623,3.864734299516908,2.5295222758990876,0.35560923242082665,0.026838432635534086,
145,11.735104669887278,19.504830917874397,3.260869565217391,26.724369296833064,3.8043478260869565,25.34219001610306,6.347289318303811,2.408749329039184,0.8454106280193237,0.026838432635534086,
146,11.829039184111648,19.464573268921097,3.227321524422974,26.187600644122384,3.8043478260869565,25.248255501878692,6.957863660762212,2.408749329039184,0.8454106280193237,0.026838432635534086,
147,12.00348899624262,19.45115405260333,3.227321524422974,26.133923778851315,3.797638217928073,25.147611379495437,6.957863660762212,2.408749329039184,0.8454106280193237,0.026838432635534086,
148,11.808910359634996,18.71309715512614,3.361513687600644,26.100375738056897,3.7640901771336552,25.07380568974772,7.897208803005904,2.408749329039184,0.8454106280193237,0.026838432635534086,
149,11.902844873859367,18.67283950617284,3.3480944712828773,26.093666129898015,3.7640901771336552,25.0402576489533,7.897208803005904,2.408749329039184,0.8454106280193237,0.026838432635534086,
150,12.084004294149223,18.61916264090177,3.3480944712828773,26.039989264626946,3.7640901771336552,24.97987117552335,7.897208803005904,2.408749329039184,0.8319914117015567,0.026838432635534086,
151,12.372517444981213,18.47826086956522,3.3480944712828773,25.959473966720342,3.743961352657005,24.92619431025228,7.85024154589372,2.408749329039184,0.8856682769726248,0.026838432635534086,
152,12.486580783682234,18.364197530864196,3.3480944712828773,25.959473966720342,3.851315083199141,24.852388620504563,7.816693505099302,2.408749329039184,0.8856682769726248,0.026838432635534086,
153,12.560386473429952,18.323939881910896,3.3480944712828773,25.597155126140635,3.851315083199141,24.436392914653783,8.588298443370908,2.38191089640365,0.8856682769726248,0.026838432635534086,
154,12.734836285560924,18.323939881910896,3.3480944712828773,25.543478260869566,3.851315083199141,24.349168008588297,8.588298443370908,2.3483628556092326,0.8856682769726248,0.026838432635534086,
155,12.942834138486312,18.23671497584541,3.3480944712828773,25.489801395598498,3.7238325281803544,24.322329575952764,8.588298443370908,2.4355877616747184,0.8856682769726248,0.026838432635534086,
156,13.056897477187333,17.975040257648953,3.3480944712828773,25.43612453032743,3.9989264626945786,24.261943102522814,8.561460010735374,2.408749329039184,0.9259259259259259,0.026838432635534086,
157,13.345410628019323,17.961621041331185,3.3480944712828773,25.275093934514224,3.9989264626945786,24.174718196457327,8.53462157809984,2.408749329039184,0.9259259259259259,0.026838432635534086,
158,13.479602791196994,17.961621041331185,3.3480944712828773,25.201288244766506,3.9989264626945786,24.14787976382179,8.501073537305421,2.408749329039184,0.9259259259259259,0.026838432635534086,
159,13.526570048309178,17.954911433172303,3.864734299516908,24.953032742887814,3.992216854535695,23.64465915190553,8.467525496511003,2.6435856146001075,0.9259259259259259,0.026838432635534086,
160,13.707729468599034,17.941492216854535,3.864734299516908,24.872517444981213,3.965378421900161,23.617820719269993,8.467525496511003,2.61003757380569,0.9259259259259259,0.026838432635534086,
161,13.902308105206655,17.941492216854535,3.8311862587224907,24.724906065485776,3.965378421900161,23.523886205045624,8.440687063875469,2.717391304347826,0.9259259259259259,0.026838432635534086,
162,14.056629092860977,17.887815351583466,3.8311862587224907,24.704777241009126,3.9989264626945786,23.409822866344605,8.440687063875469,2.717391304347826,0.9259259259259259,0.026838432635534086,
163,14.110305958132045,18.00858829844337,3.797638217928073,24.704777241009126,3.9989264626945786,23.396403650026837,8.313204508856682,2.717391304347826,0.9259259259259259,0.026838432635534086,
164,14.264626945786366,17.995169082125603,3.797638217928073,24.671229200214707,3.9989264626945786,23.349436392914654,8.252818035426731,2.717391304347826,0.9259259259259259,0.026838432635534086,
165,14.512882447665056,17.995169082125603,3.797638217928073,24.54374664519592,3.9989264626945786,23.255501878690286,8.239398819108963,2.703972088030059,0.9259259259259259,0.026838432635534086,
166,14.626945786366075,17.98174986580784,3.7573805689747717,24.516908212560388,3.992216854535695,23.242082662372518,8.225979602791197,2.703972088030059,0.9259259259259259,0.026838432635534086,
167,14.74771873322598,17.975040257648953,3.7238325281803544,24.4699409554482,3.992216854535695,23.235373054213635,8.199141170155663,2.703972088030059,0.9259259259259259,0.026838432635534086,
168,14.949006977992486,17.954911433172303,3.6500268384326353,24.362587224906065,3.992216854535695,23.336017176596886,8.165593129361245,2.677133655394525,0.8856682769726248,0.026838432635534086,
169,15.056360708534621,17.941492216854535,3.6366076221148687,24.27536231884058,3.992216854535695,23.221953837895867,8.400429414922169,2.563070316693505,0.8856682769726248,0.026838432635534086,
170,15.103327965646805,17.92807300053677,3.6366076221148687,24.261943102522814,3.992216854535695,23.07434245840043,8.400429414922169,2.6972624798711755,0.8789586688137413,0.026838432635534086,
171,15.143585614600108,17.894524959742352,3.6366076221148687,24.174718196457327,3.992216854535695,23.05421363392378,8.387010198604402,2.8113258185721954,0.8789586688137413,0.026838432635534086,
172,15.210681696188942,17.881105743424584,3.6366076221148687,24.174718196457327,3.992216854535695,23.007246376811594,8.380300590445518,2.8113258185721954,0.8789586688137413,0.026838432635534086,
173,15.01610305958132,17.404723564143854,3.6366076221148687,22.36983360171766,6.582125603864735,22.987117552334944,8.380300590445518,2.717391304347826,0.8789586688137413,0.026838432635534086,
174,15.177133655394526,17.330917874396135,3.6231884057971016,22.34970477724101,6.582125603864735,22.96027911969941,8.353462157809984,2.717391304347826,0.8789586688137413,0.026838432635534086,
175,15.35829307568438,17.297369833601717,3.6231884057971016,22.289318303811058,6.582125603864735,22.886473429951693,8.353462157809984,2.703972088030059,0.8789586688137413,0.026838432635534086,
176,15.53274288781535,17.270531400966185,3.616478797638218,22.289318303811058,6.521739130434782,22.886473429951693,8.32662372517445,2.6502952227589907,0.8789586688137413,0.026838432635534086,
177,15.68035426731079,17.257112184648417,3.5829307568438002,22.262479871175522,6.521739130434782,22.839506172839506,8.299785292538916,2.6502952227589907,0.8789586688137413,0.026838432635534086,
178,15.123456790123457,16.847826086956523,6.843800322061192,20.591787439613526,6.105743424584004,23.778851315083198,7.595276435856146,2.254428341384863,0.8319914117015567,0.026838432635534086,
179,15.277777777777779,16.794149221685455,6.843800322061192,20.591787439613526,6.072195383789587,23.72517444981213,7.595276435856146,2.2410091250670963,0.8319914117015567,0.026838432635534086,
180,15.45222758990875,16.760601180891037,6.8035426731078905,20.538110574342458,6.072195383789587,23.63123993558776,7.608695652173913,2.227589908749329,0.8789586688137413,0.026838432635534086,
181,15.546162104133119,16.72705314009662,6.8035426731078905,20.52469135802469,6.072195383789587,23.58427267847558,7.608695652173913,2.227589908749329,0.8789586688137413,0.026838432635534086,
182,15.70048309178744,16.70692431561997,6.790123456790123,20.45088566827697,6.072195383789587,23.564143853998928,7.581857219538379,2.227589908749329,0.8789586688137413,0.026838432635534086,
183,15.754159957058508,16.686795491143318,6.790123456790123,20.45088566827697,5.723295759527644,23.53059581320451,7.930756843800322,2.227589908749329,0.8789586688137413,0.026838432635534086,
184,15.848094471282877,16.63311862587225,6.790123456790123,20.43075684380032,5.723295759527644,23.517176596886742,7.924047235641439,2.227589908749329,0.8789586688137413,0.026838432635534086,
185,16.009125067096083,16.606280193236714,6.78341384863124,20.41062801932367,5.723295759527644,23.403113258185723,7.890499194847021,2.26784755770263,0.8789586688137413,0.026838432635534086,
186,16.1231884057971,16.59286097691895,6.749865807836822,20.41062801932367,5.709876543209877,23.349436392914654,7.890499194847021,2.26784755770263,0.8789586688137413,0.026838432635534086,
187,16.17686527106817,16.566022544283413,6.749865807836822,20.41062801932367,5.709876543209877,23.329307568438004,7.890499194847021,2.2611379495437465,0.8789586688137413,0.026838432635534086,
188,16.23054213633924,16.552603327965645,6.743156199677939,20.363660762211488,5.555555555555555,23.201825013419217,8.038110574342458,2.408749329039184,0.8789586688137413,0.026838432635534086,
189,16.451959205582394,16.53918411164788,6.66935050993022,20.33011272141707,5.428073000536768,23.19511540526033,8.024691358024691,2.408749329039184,0.8789586688137413,0.07380568974771873,
190,16.59286097691895,16.445249597423512,6.66935050993022,20.242887815351583,5.428073000536768,23.161567364465917,8.024691358024691,2.4825550187869028,0.8789586688137413,0.07380568974771873,
191,16.74718196457327,16.404991948470208,6.66935050993022,20.229468599033815,5.428073000536768,23.141438539989263,7.944176060118089,2.4825550187869028,0.8789586688137413,0.07380568974771873,
192,14.97584541062802,16.33118625872249,6.66935050993022,28.012614063338702,5.280461621041331,18.17632850241546,7.4208266237251745,2.187332259796028,0.8722490606548577,0.07380568974771873,
193,15.143585614600108,16.297638217928075,6.655931293612453,27.925389157273216,5.253623188405797,18.169618894256576,7.4208266237251745,2.187332259796028,0.8722490606548577,0.07380568974771873,
194,15.391841116478798,16.243961352657006,6.655931293612453,27.717391304347824,5.253623188405797,18.136070853462158,7.4208266237251745,2.2342995169082127,0.8722490606548577,0.07380568974771873,
195,15.552871712292003,16.203703703703702,6.655931293612453,27.657004830917874,5.24020397208803,18.10252281266774,7.407407407407407,2.2342995169082127,0.8722490606548577,0.07380568974771873,
196,15.734031132581856,16.203703703703702,6.608964036500268,27.623456790123456,5.233494363929147,18.015297906602253,7.4006977992485234,2.2342995169082127,0.8722490606548577,0.07380568974771873,
197,15.747450348899624,16.19699409554482,7.648953301127214,27.22758990874933,5.179817498658078,17.98845947396672,7.139023081052066,1.932367149758454,0.8655394524959742,0.07380568974771873,
198,14.465915190552872,15.076489533011273,6.756575415995706,33.071658615136876,3.9318303811057436,16.780730005367687,7.132313472893183,1.932367149758454,0.7783145464304885,0.07380568974771873,
199,14.593397745571659,15.049651100375739,6.736446591519055,33.051529790660226,3.9318303811057436,16.720343531937736,7.132313472893183,1.932367149758454,0.7783145464304885,0.07380568974771873,
200,14.700751476113794,14.868491680085883,6.729736983360172,33.02469135802469,4.05931293612453,16.700214707461082,7.132313472893183,1.932367149758454,0.7783145464304885,0.07380568974771873,
201,14.908749329039184,14.861782071927,6.689479334406871,32.44095544820183,4.052603327965647,16.639828234031132,7.132313472893183,2.428878153515835,0.7716049382716049,0.07380568974771873,
202,15.056360708534621,14.848362855609233,6.689479334406871,32.387278582930755,4.032474503488996,16.626409017713364,7.118894256575416,2.395330112721417,0.7716049382716049,0.07380568974771873,
203,15.13016639828234,14.848362855609233,6.602254428341385,32.380568974771876,4.119699409554482,16.5727321524423,7.118894256575416,2.38191089640365,0.7716049382716049,0.07380568974771873,
204,15.24422973698336,14.801395598497047,6.602254428341385,32.347020933977454,4.119699409554482,16.545893719806763,7.118894256575416,2.3752012882447664,0.7716049382716049,0.07380568974771873,
205,15.24422973698336,14.714170692431562,6.602254428341385,31.729736983360173,4.676596886741814,16.210413311862588,7.092055823939882,2.885131508319914,0.7716049382716049,0.07380568974771873,
206,15.445517981749866,14.640365002683843,6.602254428341385,31.709608158883523,4.64975845410628,16.163446054750402,7.092055823939882,2.8515834675254963,0.7716049382716049,0.07380568974771873,
207,15.546162104133119,14.546430488459475,6.582125603864735,31.64922168545357,4.64975845410628,16.009125067096083,7.071926999463232,3.099838969404187,0.7716049382716049,0.07380568974771873,
208,15.646806226516372,14.546430488459475,6.233225979602791,31.561996779388085,4.64975845410628,15.96886741814278,7.065217391304348,3.099838969404187,0.7716049382716049,0.4562533548040794,
209,15.727321524422974,14.526301663982823,6.206387546967257,31.4747718733226,4.64975845410628,15.96886741814278,7.320182501341922,2.898550724637681,0.7716049382716049,0.4562533548040794,
210,15.901771336553946,14.51959205582394,6.152710681696189,31.32716049382716,4.616210413311863,15.881642512077295,7.206119162640902,3.166935050993022,0.7716049382716049,0.4562533548040794,
211,16.14331723027375,14.512882447665056,6.0654857756307035,31.179549114331724,4.616210413311863,15.881642512077295,7.192699946323135,3.1333870101986045,0.7716049382716049,0.5032206119162641,
212,16.35131508319914,14.439076757917338,6.0587761674718195,31.092324208266238,4.616210413311863,15.841384863123993,7.192699946323135,3.1333870101986045,0.7716049382716049,0.5032206119162641,
213,16.512345679012345,14.40552871712292,6.0587761674718195,31.031937734836287,4.616210413311863,15.774288781535159,7.192699946323135,3.1333870101986045,0.7716049382716049,0.5032206119162641,
214,16.740472356414386,14.338432635534085,6.045356951154052,30.938003220611915,4.609500805152979,15.74074074074074,7.179280730005368,3.1333870101986045,0.7716049382716049,0.5032206119162641,
215,16.982018250134193,14.264626945786366,6.018518518518518,30.743424584004295,4.582662372517445,15.72061191626409,7.14573268921095,3.2675791733762747,0.7716049382716049,0.5032206119162641,
216,17.122920021470748,14.244498121309716,6.018518518518518,30.683038110574344,4.582662372517445,15.687063875469672,7.14573268921095,3.240740740740741,0.7716049382716049,0.5032206119162641,
217,17.270531400966185,14.231078904991948,6.018518518518518,30.629361245303276,4.582662372517445,15.546162104133119,7.132313472893183,3.2206119162640903,0.8655394524959742,0.5032206119162641,
218,17.310789049919485,14.231078904991948,5.991680085882985,30.629361245303276,4.582662372517445,15.546162104133119,7.132313472893183,3.207192699946323,0.8655394524959742,0.5032206119162641,
219,17.438271604938272,14.217659688674182,5.964841653247451,30.56897477187332,4.723564143853999,15.432098765432098,7.112184648416532,3.1736446591519054,0.8655394524959742,0.5032206119162641,
220,17.2638217928073,14.217659688674182,7.306763285024155,30.038915727321523,4.40150295222759,15.22410091250671,7.112184648416532,3.066290928609769,0.8655394524959742,0.5032206119162641,
221,17.371175523349436,14.184111647879764,7.555018786902845,29.978529253891573,4.3478260869565215,15.022812667740205,7.112184648416532,3.0595813204508855,0.8655394524959742,0.5032206119162641,
222,17.438271604938272,14.184111647879764,7.555018786902845,29.944981213097154,4.3478260869565215,15.002683843263553,7.098765432098766,3.0595813204508855,0.8655394524959742,0.5032206119162641,
223,17.47181964573269,14.130434782608695,7.555018786902845,29.918142780461622,4.4820182501341925,14.97584541062802,7.078636607622115,3.0595813204508855,0.8252818035426731,0.5032206119162641,
224,17.659688674181428,14.096886741814279,7.514761137949543,29.918142780461622,4.4820182501341925,14.868491680085883,7.071926999463232,3.0595813204508855,0.8252818035426731,0.5032206119162641,
225,17.70665593129361,14.090177133655395,7.481213097155126,29.904723564143854,4.4753086419753085,14.781266774020397,7.1725711218464845,3.0595813204508855,0.8252818035426731,0.5032206119162641,
226,17.76033279656468,14.090177133655395,7.481213097155126,29.361245303274288,4.455179817498658,14.76784755770263,7.0450885668276975,3.589640365002684,0.966183574879227,0.4830917874396135,
227,17.961621041331185,14.070048309178745,7.474503488996243,29.320987654320987,4.455179817498658,14.714170692431562,6.998121309715513,3.556092324208266,0.966183574879227,0.4830917874396135,
228,18.21658615136876,14.009661835748792,7.367149758454106,29.28743961352657,4.455179817498658,14.687332259796028,6.971282877079979,3.556092324208266,0.966183574879227,0.4830917874396135,
229,18.270263016639827,13.996242619431026,7.340311325818572,29.17337627482555,4.575952764358561,14.647074610842727,6.971282877079979,3.5762211486849167,0.966183574879227,0.4830917874396135,
230,18.364197530864196,13.962694578636608,7.313472893183038,29.126409017713364,4.575952764358561,14.606816961889425,6.971282877079979,3.629898013955985,0.966183574879227,0.4830917874396135,
231,18.276972624798713,13.808373590982287,7.273215244229737,28.73725174449812,4.884594739667204,14.492753623188406,6.971282877079979,4.106280193236715,0.966183574879227,0.4830917874396135,
