,45,50,55,51,52,53,54,59,60,62,56,58,57,61,64,63,66
0,86.3996242619431,13.45276435856146,0.14761137949543746,,,,,,,,,,,,,,
1,84.83628556092324,14.922168545356952,0.20128824476650564,0.026838432635534086,0.013419216317767043,,,,,,,,,,,,
2,75.7783145464305,23.68491680085883,0.43612453032742887,0.08051529790660225,0.013419216317767043,0.0067096081588835215,,,,,,,,,,,
3,75.02012882447666,24.268652710681696,0.5904455179817498,0.08722490606548577,0.026838432635534086,0.0067096081588835215,,,,,,,,,,,
4,74.53703703703704,20.833333333333332,0.6776704240472357,0.10735373054213634,0.026838432635534086,0.0067096081588835215,3.797638217928073,0.013419216317767043,,,,,,,,,
5,73.02737520128825,21.175523349436393,0.7783145464304885,0.13419216317767044,0.05367686527106817,1.0198604401502953,3.770799785292539,0.040257648953301126,,,,,,,,,
6,72.45034889962426,21.296296296296298,1.1674718196457328,0.17444981213097155,0.05367686527106817,1.0198604401502953,3.770799785292539,0.013419216317767043,0.026838432635534086,0.026838432635534086,,,,,,,
7,71.7055823939882,21.866612989801396,1.3217928073000538,0.1610305958132045,0.05367686527106817,1.0198604401502953,3.750670960815888,0.03354804079441761,0.026838432635534086,0.026838432635534086,0.03354804079441761,,,,,,
8,71.10842726784756,21.511003757380568,1.3888888888888888,0.2214170692431562,0.06709608158883522,1.0064412238325282,4.549114331723027,0.04696725711218465,0.026838432635534086,0.026838432635534086,0.03354804079441761,0.013419216317767043,,,,,
9,55.93129361245303,29.99194847020934,1.6035963499731616,6.5552871712292005,0.13419216317767044,1.0064412238325282,4.53569511540526,0.06038647342995169,0.026838432635534086,0.026838432635534086,0.11406333870101985,0.013419216317767043,,,,,
10,54.01234567901235,31.57541599570585,1.7042404723564144,6.582125603864735,0.18115942028985507,0.9796027911969941,4.575952764358561,0.08051529790660225,0.026838432635534086,0.026838432635534086,0.18115942028985507,0.040257648953301126,0.03354804079441761,,,,
11,51.630434782608695,33.675523349436396,1.9122383252818036,6.387546967257112,0.33548040794417605,1.0131508319914118,4.609500805152979,0.10735373054213634,0.026838432635534086,0.026838432635534086,0.20128824476650564,0.040257648953301126,0.03354804079441761,,,,
12,51.21443907675792,32.72275899087493,3.0595813204508855,6.494900697799249,0.3824476650563607,0.9997316156736447,4.609500805152979,0.10735373054213634,0.026838432635534086,0.026838432635534086,0.20128824476650564,0.12077294685990338,0.03354804079441761,,,,
13,50.81857219538379,32.86366076221149,3.140096618357488,6.488191089640365,0.39586688137412773,1.093666129898014,4.656468062265164,0.15432098765432098,0.026838432635534086,0.026838432635534086,0.20128824476650564,0.10064412238325282,0.03354804079441761,,,,
14,49.704777241009126,33.353462157809986,3.2004830917874396,6.716317767042405,0.4294149221685454,1.1473429951690821,4.750402576489533,0.2147074610842727,0.06709608158883522,0.026838432635534086,0.2214170692431562,0.13419216317767044,0.03354804079441761,,,,
15,49.33574879227053,33.17901234567901,3.44873859366613,6.635802469135802,0.6105743424584005,1.2546967257112185,4.676596886741814,0.2683843263553409,0.06709608158883522,0.026838432635534086,0.3488996242619431,0.11406333870101985,0.03354804079441761,,,,
16,38.117283950617285,47.61137949543747,1.7914653784219001,7.387278582930757,4.159957058507783,0.2549651100375738,0.32877079978529256,,0.026838432635534086,,0.3153515834675255,0.0067096081588835215,,,,,
17,37.82877079978529,45.02147074610843,2.1269457863660763,7.467793880837359,4.119699409554482,2.6637144390767578,0.36902844873859364,0.0067096081588835215,0.026838432635534086,,0.3153515834675255,0.0067096081588835215,0.04696725711218465,,,,
18,37.486580783682236,44.79334406870639,2.4355877616747184,7.461084272678476,4.1532474503489,2.737520128824477,0.4092860976918948,0.0067096081588835215,0.026838432635534086,,0.39586688137412773,0.0067096081588835215,0.08722490606548577,,,,
19,36.902844873859365,44.96108427267848,2.6972624798711755,7.467793880837359,4.1532474503489,2.7308105206655933,0.49651100375738055,0.013419216317767043,0.026838432635534086,,0.41599570585077833,0.0067096081588835215,0.1274825550187869,,,,
20,35.72866344605475,43.585614600107355,3.0864197530864197,6.407675791733762,7.212828770799785,2.818035426731079,0.5300590445517982,0.020128824476650563,0.026838432635534086,,0.41599570585077833,0.0067096081588835215,0.1610305958132045,,,,
21,35.567632850241544,43.29710144927536,3.3413848631239937,6.400966183574879,7.152442297369833,2.831454643048846,0.6508319914117016,0.020128824476650563,0.026838432635534086,,0.4830917874396135,0.0067096081588835215,0.2214170692431562,,,,
22,35.057702630166396,43.35748792270532,3.5963499731615673,6.508319914117015,7.139023081052066,2.885131508319914,0.6508319914117016,0.020128824476650563,0.040257648953301126,,0.4830917874396135,0.013419216317767043,0.24825550187869028,,,,
23,34.86312399355877,43.25684380032206,3.938539989264627,6.501610305958132,7.051798174986581,2.757648953301127,0.6910896403650026,0.020128824476650563,0.040257648953301126,,0.5032206119162641,0.026838432635534086,0.3488996242619431,,,,
24,31.468062265163713,43.142780461621044,4.025764895330113,6.501610305958132,8.930488459473967,4.092860976918948,0.6910896403650026,0.020128824476650563,0.040257648953301126,,0.46967257112184646,0.026838432635534086,0.5904455179817498,,,,
25,30.3743961352657,42.599302200751474,4.408212560386473,5.917874396135265,10.359634997316157,4.025764895330113,0.7045088566827697,0.03354804079441761,0.040257648953301126,,0.8655394524959742,0.06709608158883522,0.6038647342995169,,,,
26,29.334406870638755,42.49194847020934,4.522275899087493,5.958132045088567,10.943370907139023,3.992216854535695,0.8856682769726248,0.08722490606548577,0.040257648953301126,,0.9393451422436929,0.06709608158883522,0.7380568974771873,,,,
27,28.972088030059044,42.29736983360172,4.891304347826087,5.991680085882985,10.88298443370907,4.025764895330113,0.9057971014492754,0.10735373054213634,0.040257648953301126,,1.0064412238325282,0.08051529790660225,0.798443370907139,,,,
28,28.6231884057971,41.666666666666664,5.260332796564681,6.756575415995706,10.654857756307031,4.019055287171229,0.8387010198604401,0.10735373054213634,0.040257648953301126,,1.0802469135802468,0.0939345142243693,0.8588298443370908,,,,
29,27.771068169618893,40.50590445517982,5.300590445517981,9.561191626409018,9.782608695652174,3.992216854535695,0.8319914117015567,0.10735373054213634,0.040257648953301126,,1.1205045625335481,0.0939345142243693,0.8722490606548577,0.020128824476650563,,,
30,27.51610305958132,40.23752012882448,5.394524959742351,9.856414385399892,9.722222222222221,4.03918411164788,0.8454106280193237,0.18115942028985507,0.05367686527106817,,1.1540526033279657,0.10064412238325282,0.8789586688137413,0.020128824476650563,,,
31,26.78475577026302,40.80783682232958,5.736714975845411,10.312667740203972,9.601449275362318,3.502415458937198,0.8789586688137413,0.18115942028985507,0.05367686527106817,,1.1674718196457328,0.08051529790660225,0.8722490606548577,0.020128824476650563,,,
32,26.663982823403114,39.090177133655395,7.118894256575416,10.312667740203972,9.856414385399892,3.5762211486849167,0.9125067096081588,0.18115942028985507,0.05367686527106817,,1.1741814278046163,0.10064412238325282,0.9393451422436929,0.020128824476650563,,,
33,25.704508856682768,36.983360171765966,7.132313472893183,10.111379495437467,13.352120236178207,3.4822866344605474,0.7246376811594203,0.18115942028985507,0.040257648953301126,,1.221148684916801,0.10064412238325282,0.9460547504025765,0.020128824476650563,,,
34,17.431561996779386,56.70960815888352,5.3341384863123995,7.320182501341922,7.615405260332796,2.885131508319914,0.6172839506172839,0.18115942028985507,0.040257648953301126,,1.06682769726248,0.05367686527106817,0.7246376811594203,0.020128824476650563,,,
35,17.37788513150832,56.414385399892645,5.595813204508857,7.25979602791197,7.548309178743962,2.9253891572732154,0.6709608158883521,0.18115942028985507,0.040257648953301126,,1.1205045625335481,0.05367686527106817,0.7917337627482555,0.020128824476650563,,,
36,17.216854535695116,52.48926462694579,6.0654857756307035,7.092055823939882,7.5281803542673105,6.588835212023618,0.6910896403650026,0.20799785292538917,0.05367686527106817,,1.1808910359634996,0.06709608158883522,0.798443370907139,0.020128824476650563,,,
37,17.12962962962963,52.10010735373054,6.374127750939345,7.051798174986581,7.608695652173913,6.608964036500268,0.7581857219538379,0.20799785292538917,0.05367686527106817,,1.1943102522812667,0.0939345142243693,0.798443370907139,0.020128824476650563,,,
38,17.062533548040793,51.690821256038646,6.944444444444445,7.03166935050993,7.64224369296833,6.360708534621578,0.7581857219538379,0.20799785292538917,0.05367686527106817,,1.2278582930756843,0.0939345142243693,0.9057971014492754,0.020128824476650563,,,
39,16.99543746645196,51.247987117552334,7.226247987117552,7.011540526033279,7.581857219538379,6.347289318303811,0.8856682769726248,0.24154589371980675,0.05367686527106817,,1.3352120236178207,0.0939345142243693,0.9326355340848095,0.04696725711218465,,,
40,15.499194847020934,47.0679012345679,7.219538378958669,12.661030595813205,7.501341921631776,6.253354804079442,0.9326355340848095,0.3488996242619431,0.05367686527106817,,1.402308105206656,0.10064412238325282,0.9125067096081588,0.04696725711218465,,,
41,15.45222758990875,44.276704240472355,7.514761137949543,12.29200214707461,9.91009125067096,6.239935587761675,1.0735373054213635,0.36231884057971014,0.08051529790660225,,1.724369296833065,0.11406333870101985,0.9125067096081588,0.04696725711218465,,,
42,15.318035426731079,44.22973698336017,7.648953301127214,12.31213097155126,9.863123993558776,6.219806763285024,1.0534084809447128,0.30864197530864196,0.0939345142243693,,1.737788513150832,0.13419216317767044,1.0332796564680622,0.04696725711218465,,,
43,14.036500268384327,45.38378958668814,7.803274288781535,12.184648416532475,9.75577026301664,6.3070316693505095,1.0601180891035964,0.30864197530864196,0.0939345142243693,,1.778046162104133,0.13419216317767044,1.107085346215781,0.04696725711218465,,,
44,13.942565754159958,42.19672571121846,6.850509930220075,11.916264090177133,13.526570048309178,6.273483628556092,1.6908212560386473,0.38915727321524424,0.013419216317767043,,1.8451422436929683,0.17444981213097155,1.133923778851315,0.04696725711218465,,,
45,13.33870101986044,41.36473429951691,6.857219538378959,15.33816425120773,11.345947396672035,6.293612453032743,1.6908212560386473,0.4092860976918948,0.013419216317767043,,2.006172839506173,0.17444981213097155,1.1205045625335481,0.04696725711218465,,,
46,12.305421363392378,38.51315083199141,7.112184648416532,16.566022544283413,13.123993558776167,6.414385399892646,1.778046162104133,0.39586688137412773,0.013419216317767043,,2.2208803005904456,0.16774020397208803,1.3419216317767042,0.04696725711218465,,,
47,11.044015029522276,38.7614063338701,8.111916264090176,16.358024691358025,13.01663982823403,6.421095008051529,1.8853998926462694,0.4092860976918948,0.013419216317767043,,2.301395598497048,0.18115942028985507,1.4492753623188406,0.04696725711218465,,,
48,10.466988727858293,38.52657004830918,8.266237251744498,18.00187869028449,12.02361782071927,6.367418142780462,1.8585614600107354,0.4294149221685454,0.026838432635534086,,2.2611379495437465,0.20799785292538917,1.5163714439076759,0.04696725711218465,,,
49,10.453569511540525,38.258185721953836,8.460815888352121,17.85426731078905,11.748523886205046,6.367418142780462,1.8988191089640365,0.4227053140096618,0.03354804079441761,,2.6502952227589907,0.24825550187869028,1.556629092860977,0.04696725711218465,,,
50,10.406602254428341,37.775093934514224,8.910359634997317,17.827428878153516,11.761943102522812,6.353998926462695,1.9592055823939882,0.43612453032742887,0.03354804079441761,,2.657004830917874,0.2952227589908749,1.5365002683843263,0.04696725711218465,,,
51,10.379763821792807,37.2987117552335,9.621578099838969,17.726784755770264,11.372785829307569,6.293612453032743,2.006172839506173,0.4428341384863124,0.03354804079441761,,2.717391304347826,0.35560923242082665,1.710950080515298,0.040257648953301126,,,
52,10.352925389157273,37.084004294149224,9.88996242619431,17.49194847020934,11.352657004830919,6.246645195920558,2.059849704777241,0.4830917874396135,0.06038647342995169,,2.7844873859366612,0.3824476650563607,1.7713365539452497,0.040257648953301126,,,
53,10.305958132045088,36.45330112721417,9.970477724100913,16.72705314009662,11.292270531400966,7.353730542136339,2.1604938271604937,0.4830917874396135,0.08722490606548577,,3.012614063338701,0.35560923242082665,1.7579173376274826,0.040257648953301126,,,
54,9.4873859366613,37.78180354267311,9.822866344605474,15.821256038647343,11.245303274288782,7.2933440687063875,2.1403650026838434,0.4562533548040794,0.12077294685990338,,3.435319377348363,0.43612453032742887,1.9189479334406871,0.040257648953301126,,,
55,9.400161030595813,37.5,9.883252818035427,15.921900161030596,11.131239935587761,7.353730542136339,2.200751476113795,0.4562533548040794,0.13419216317767044,,3.5426731078904994,0.43612453032742887,1.9927536231884058,0.04696725711218465,,,
56,9.27938808373591,37.184648416532475,10.017444981213098,16.015834675254965,11.158078368223295,7.2933440687063875,2.214170692431562,0.47638217928073,0.14761137949543746,0.0067096081588835215,3.629898013955985,0.5032206119162641,2.0263016639828235,0.04696725711218465,,,
57,9.265968867418144,36.95652173913044,10.084541062801932,15.915190552871712,11.158078368223295,7.37385936661299,2.2611379495437465,0.4495437466451959,0.14761137949543746,0.0067096081588835215,3.7775093934514223,0.5032206119162641,2.0531400966183573,0.04696725711218465,,,
58,9.178743961352657,36.40633387010199,10.466988727858293,15.693773483628556,11.064143853998926,7.702630166398282,2.4020397208803006,0.4495437466451959,0.18115942028985507,0.0067096081588835215,3.683574879227053,0.5434782608695652,2.1739130434782608,0.04696725711218465,,,
59,8.836553945249598,36.500268384326354,10.534084809447128,15.573000536768653,11.037305421363392,7.695920558239399,2.536231884057971,0.47638217928073,0.18115942028985507,0.0067096081588835215,3.784219001610306,0.6038647342995169,2.187332259796028,0.04696725711218465,,,
60,8.836553945249598,36.02388620504563,10.836017176596886,15.45222758990875,11.030595813204508,7.749597423510467,2.6435856146001075,0.5233494363929146,0.20799785292538917,0.0067096081588835215,3.8580246913580245,0.6038647342995169,2.1806226516371443,0.04696725711218465,,,
61,8.259527643585615,35.14492753623188,10.359634997316157,14.606816961889425,13.707729468599034,7.608695652173913,2.690552871712292,0.5233494363929146,0.27509393451422437,0.0067096081588835215,3.92512077294686,0.6642512077294686,2.1940418679549114,0.03354804079441761,,,
62,8.152173913043478,34.17874396135266,10.674986580783683,14.076757917337627,14.814814814814815,8.192431561996779,2.563070316693505,0.5099302200751477,0.30193236714975846,,3.5829307568438002,0.6776704240472357,2.26784755770263,0.0067096081588835215,,,
63,8.11862587224906,34.004294149221685,10.661567364465915,13.982823403113258,14.814814814814815,8.145464304884594,2.6838432635534084,0.5233494363929146,0.33548040794417605,,3.69699409554482,0.7380568974771873,2.2879763821792807,0.0067096081588835215,,,
64,7.890499194847021,33.93719806763285,10.82259796027912,13.868760064412239,14.734299516908212,8.36688137412775,2.7308105206655933,0.5300590445517982,0.3421900161030596,,3.7238325281803544,0.7581857219538379,2.2879763821792807,0.0067096081588835215,,,
65,7.823403113258186,33.823134728931834,10.86285560923242,13.633923778851315,14.687332259796028,8.433977455716587,2.8515834675254963,0.5501878690284487,0.3488996242619431,,3.9184111647879765,0.7380568974771873,2.3215244229736984,0.0067096081588835215,,,
66,7.809983896940419,33.46081588835212,11.09098228663446,13.506441223832528,14.620236178207193,8.460815888352121,2.885131508319914,0.5837359098228664,0.3757380568974772,,3.9855072463768115,0.7581857219538379,2.4557165861513686,0.0067096081588835215,,,
67,7.729468599033816,33.051529790660226,11.151368760064413,13.378958668813741,14.868491680085883,8.460815888352121,3.3413848631239937,0.6038647342995169,0.3757380568974772,,3.9519592055823938,0.798443370907139,2.281266774020397,0.0067096081588835215,,,
68,7.118894256575416,30.73671497584541,10.534084809447128,19.122383252818036,13.633923778851315,7.709339774557166,3.099838969404187,0.6374127750939346,0.38915727321524424,,3.92512077294686,0.6642512077294686,2.4221685453569513,0.0067096081588835215,,,
69,7.118894256575416,29.64975845410628,11.621041331186259,19.0150295222759,13.600375738056897,7.695920558239399,3.099838969404187,0.6374127750939346,0.38915727321524424,,4.045893719806763,0.7313472893183038,2.3886205045625335,0.0067096081588835215,,,
70,7.105475040257649,29.374664519592056,11.553945249597424,18.927804616210413,13.533279656468062,7.816693505099302,3.280998389694042,0.6038647342995169,0.38915727321524424,,4.200214707461084,0.7246376811594203,2.4825550187869028,0.0067096081588835215,,,
71,7.051798174986581,29.26731078904992,11.714975845410628,18.686258722490606,13.493022007514762,7.836822329575953,3.388352120236178,0.5904455179817498,0.36231884057971014,,4.274020397208803,0.798443370907139,2.509393451422437,0.026838432635534086,,,
72,7.051798174986581,29.066022544283413,12.084004294149223,18.659420289855074,13.285024154589372,7.950885668276973,3.3480944712828773,0.5904455179817498,0.3421900161030596,,4.253891572732153,0.8118625872249061,2.5295222758990876,0.026838432635534086,,,
73,6.991411701556629,25.85212023617821,13.915727321524423,18.552066559312937,13.023349436392914,7.669082125603865,5.199946323134729,0.5501878690284487,0.33548040794417605,,4.435050993022007,0.9192163177670424,2.5295222758990876,0.026838432635534086,,,
74,6.957863660762212,25.738056897477186,13.808373590982287,18.417874396135264,13.063607085346217,7.796564680622652,5.213365539452496,0.6038647342995169,0.36902844873859364,0.013419216317767043,4.4753086419753085,0.9326355340848095,2.5831991411701556,0.026838432635534086,,,
75,6.957863660762212,25.650831991411703,13.7211486849168,18.344068706387546,13.077026301663983,7.9039184111647875,5.24020397208803,0.5904455179817498,0.4092860976918948,0.013419216317767043,4.562533548040794,0.8990874932903918,2.6033279656468062,0.026838432635534086,,,
76,6.333870101986044,24.711486849168008,13.546698872785829,20.363660762211488,13.056897477187333,7.635534084809447,5.253623188405797,0.630703166935051,0.4294149221685454,0.013419216317767043,4.528985507246377,0.8990874932903918,2.5697799248523885,0.026838432635534086,,,
77,6.273483628556092,24.54374664519592,13.499731615673644,20.242887815351583,13.023349436392914,7.615405260332796,5.314009661835748,0.630703166935051,0.4428341384863124,,4.824208266237251,0.8923778851315083,2.6704240472356413,0.026838432635534086,,,
78,6.219806763285024,23.221953837895867,10.654857756307031,20.148953301127214,17.673107890499196,7.575147611379496,5.22007514761138,0.5770263016639828,0.2683843263553409,,4.864465915190553,0.8521202361782072,2.6972624798711755,0.026838432635534086,,,
79,6.078904991948471,23.15485775630703,10.674986580783683,20.115405260332796,17.55233494363929,7.561728395061729,5.347557702630167,0.6105743424584005,0.28180354267310787,,4.944981213097155,0.8588298443370908,2.791196994095545,0.026838432635534086,,,
80,6.072195383789587,22.920021470746107,10.695115405260333,20.014761137949545,17.518786902844873,7.716049382716049,5.293880837359098,0.6374127750939346,0.28180354267310787,,5.10601180891036,0.8856682769726248,2.831454643048846,0.026838432635534086,,,
81,6.072195383789587,22.57783145464305,12.238325281803542,18.646001073537306,17.223564143854,7.729468599033816,5.622651637144391,0.6374127750939346,0.2885131508319914,,5.10601180891036,0.8722490606548577,2.9119699409554483,0.07380568974771873,,,
82,6.038647342995169,21.07487922705314,11.3191089640365,18.59903381642512,20.40391841116479,7.481213097155126,5.159688674181428,0.4830917874396135,0.2885131508319914,,5.10601180891036,0.9057971014492754,3.066290928609769,0.07380568974771873,,,
83,5.984970477724101,20.933977455716587,11.460010735373054,18.38432635534085,20.356951154052602,7.675791733762749,5.186527106816962,0.49651100375738055,0.27509393451422437,,5.186527106816962,0.8856682769726248,3.099838969404187,0.07380568974771873,,,
84,5.931293612453032,20.833333333333332,11.506977992485238,18.297101449275363,20.44417606011809,7.75630703166935,5.246913580246914,0.49651100375738055,0.2885131508319914,,5.112721417069243,0.8856682769726248,3.126677402039721,0.07380568974771873,,,
85,5.8239398819108965,20.853462157809982,13.150831991411701,16.961889425657542,20.182501341921633,7.763016639828234,5.2066559312936125,0.5233494363929146,0.322061191626409,,4.9718196457326895,0.9326355340848095,3.2340311325818574,0.07380568974771873,,,
86,5.790391841116479,20.853462157809982,12.942834138486312,16.894793344068706,19.940955448201827,7.890499194847021,5.434782608695652,0.5233494363929146,0.3488996242619431,,5.0993022007514766,0.95276435856146,3.2541599570585076,0.07380568974771873,,,
87,5.736714975845411,19.51825013419216,12.553676865271068,16.720343531937736,19.80005367686527,9.514224369296834,5.709876543209877,0.5367686527106817,0.3488996242619431,,5.246913580246914,0.966183574879227,3.2675791733762747,0.08051529790660225,,,
88,5.689747718733226,18.417874396135264,10.836017176596886,19.444444444444443,20.249597423510465,9.480676328502415,5.5756843800322065,0.5636070853462157,0.23483628556092323,,5.246913580246914,0.9192163177670424,3.2340311325818574,0.10735373054213634,,,
89,5.683038110574342,18.397745571658614,10.628019323671497,19.33709071390231,20.42404723564144,9.500805152979066,5.589103596349974,0.5568974771873323,0.2214170692431562,,5.314009661835748,0.9259259259259259,3.3145464304884595,0.10735373054213634,,,
90,5.683038110574342,17.914653784219002,10.473698336017177,18.914385399892645,20.283145464304884,10.46027911969941,5.877616747181965,0.6374127750939346,0.2683843263553409,,5.092592592592593,0.9259259259259259,3.3548040794417604,0.11406333870101985,,,
91,5.683038110574342,17.8743961352657,10.426731078904991,18.719806763285025,19.994632313472895,10.795759527643586,5.897745571658615,0.6105743424584005,0.2549651100375738,,5.2066559312936125,0.9326355340848095,3.4621578099838968,0.14090177133655393,,,
92,5.676328502415459,17.800590445517983,10.379763821792807,18.364197530864196,20.175791733762747,10.768921095008052,5.9514224369296835,0.6172839506172839,0.2549651100375738,,5.434782608695652,0.8722490606548577,3.5628019323671496,0.14090177133655393,,,
93,5.595813204508857,17.69994632313473,10.38647342995169,18.33064949006978,19.95437466451959,10.661567364465915,5.9514224369296835,0.6239935587761675,0.30864197530864196,,5.703166935050993,0.8387010198604401,3.8043478260869565,0.14090177133655393,,,
94,5.508588298443371,17.418142780461622,10.433440687063875,18.19645732689211,20.316693505099302,10.695115405260333,5.891035963499732,0.5971551261406334,0.27509393451422437,,5.763553408480945,0.8387010198604401,3.92512077294686,0.14090177133655393,,,
95,5.475040257648954,17.290660225442835,10.36634460547504,17.814009661835748,20.242887815351583,11.037305421363392,6.125872249060655,0.5837359098228664,0.2549651100375738,,5.783682232957595,0.8319914117015567,4.012345679012346,0.18115942028985507,,,
96,5.475040257648954,17.250402576489535,10.305958132045088,17.713365539452496,20.135534084809446,11.191626409017713,6.072195383789587,0.5837359098228664,0.24154589371980675,,5.864197530864198,0.8252818035426731,4.139828234031133,0.20128824476650564,,,
97,5.4616210413311865,16.740472356414386,10.238862050456254,17.418142780461622,20.40391841116479,11.077563070316694,6.662640901771336,0.5636070853462157,0.23483628556092323,,6.045356951154052,0.8185721953837896,4.1129898013955986,0.2214170692431562,,,
98,5.226784755770263,16.82769726247987,9.675254965110037,16.854535695115406,18.283682232957595,15.526033279656469,6.327160493827161,0.5032206119162641,0.2214170692431562,,5.743424584004294,0.7380568974771873,3.844605475040258,0.2281266774020397,,,
99,5.226784755770263,15.962157809983896,9.41358024691358,16.1231884057971,21.061460010735374,15.22410091250671,6.099033816425121,0.5300590445517982,0.20799785292538917,,5.374396135265701,0.8588298443370908,3.7640901771336552,0.15432098765432098,,,
100,5.166398282340311,15.485775630703166,9.044551798174986,16.183574879227052,20.860171765968868,15.123456790123457,7.2933440687063875,0.5300590445517982,0.2214170692431562,,5.387815351583468,0.8454106280193237,3.750670960815888,0.10735373054213634,,,
101,5.159688674181428,15.45222758990875,9.004294149221685,16.19699409554482,20.833333333333332,15.03623188405797,7.4141170155662905,0.5300590445517982,0.24154589371980675,,5.401234567901234,0.8588298443370908,3.717122920021471,0.14761137949543746,0.0067096081588835215,,
102,5.132850241545894,15.318035426731079,9.004294149221685,15.794417606011809,20.52469135802469,15.619967793880837,7.440955448201825,0.5032206119162641,0.24825550187869028,,5.320719269994632,0.9057971014492754,4.032474503488996,0.14761137949543746,0.0067096081588835215,,
103,5.119431025228127,15.190552871712292,8.917069243156199,15.713902308105206,20.45088566827697,15.53274288781535,7.514761137949543,0.5032206119162641,0.24825550187869028,,5.656199677938808,1.0131508319914118,3.9855072463768115,0.14761137949543746,0.0067096081588835215,,
104,5.045625335480408,15.157004830917874,8.970746108427267,15.60654857756307,20.471014492753625,15.365002683843263,7.776435856146001,0.49651100375738055,0.24825550187869028,,5.6964573268921095,1.0802469135802468,3.938539989264627,0.14090177133655393,0.0067096081588835215,,
105,5.045625335480408,14.928878153515834,8.970746108427267,15.552871712292003,20.437466451959207,15.344873859366613,7.897208803005904,0.48980139559849706,0.2683843263553409,0.026838432635534086,5.763553408480945,1.1205045625335481,4.005636070853462,0.14090177133655393,0.0067096081588835215,,
106,4.978529253891573,14.855072463768115,9.145195920558239,15.425389157273216,20.229468599033815,15.465646806226516,7.877079978529254,0.5032206119162641,0.2952227589908749,0.026838432635534086,5.850778314546431,1.1473429951690821,4.03918411164788,0.15432098765432098,0.0067096081588835215,,
107,4.978529253891573,14.781266774020397,9.091519055287172,15.277777777777779,19.98792270531401,15.801127214170693,7.98443370907139,0.5032206119162641,0.2952227589908749,0.026838432635534086,5.870907139023081,1.2748255501878691,3.965378421900161,0.15432098765432098,0.0067096081588835215,,
108,4.951690821256038,14.620236178207193,9.178743961352657,15.210681696188942,20.055018786902846,15.747450348899624,7.991143317230274,0.49651100375738055,0.30864197530864196,0.026838432635534086,5.884326355340848,1.3352120236178207,4.019055287171229,0.15432098765432098,0.0067096081588835215,0.013419216317767043,
109,4.951690821256038,14.452495974235104,9.118357487922705,15.13016639828234,20.263016639828233,15.58641975308642,8.111916264090176,0.49651100375738055,0.2885131508319914,0.020128824476650563,6.099033816425121,1.3083735909822867,3.9989264626945786,0.15432098765432098,0.0067096081588835215,0.013419216317767043,
110,4.951690821256038,14.40552871712292,9.151905528717123,15.136876006441224,20.02818035426731,15.331454643048845,8.11862587224906,0.5636070853462157,0.2616747181964573,0.020128824476650563,6.4412238325281805,1.4492753623188406,3.978797638217928,0.14090177133655393,0.0067096081588835215,0.013419216317767043,
111,4.918142780461621,14.331723027375201,9.406870638754697,15.063070316693505,19.97450348899624,15.277777777777779,8.185721953837897,0.5971551261406334,0.24825550187869028,0.03354804079441761,6.387546967257112,1.4694041867954912,3.9452495974235107,0.14090177133655393,0.0067096081588835215,0.013419216317767043,
112,4.770531400966184,14.284755770263017,9.876543209876543,14.908749329039184,19.961084272678477,15.250939345142244,8.179012345679013,0.6374127750939346,0.24825550187869028,0.03354804079441761,6.333870101986044,1.4358561460010735,3.9049919484702094,0.15432098765432098,0.0067096081588835215,0.013419216317767043,
113,4.750402576489533,14.170692431561998,10.111379495437467,14.88191089640365,19.91411701556629,14.942297369833602,8.319914117015566,0.6239935587761675,0.24825550187869028,0.03354804079441761,6.360708534621578,1.5096618357487923,3.9586688137412773,0.15432098765432098,0.0067096081588835215,0.013419216317767043,
114,4.750402576489533,14.130434782608695,10.11808910359635,14.720880300590446,19.806763285024154,14.915458937198068,8.460815888352121,0.5971551261406334,0.24825550187869028,0.03354804079441761,6.494900697799249,1.5365002683843263,4.012345679012346,0.15432098765432098,0.0067096081588835215,0.013419216317767043,
115,4.703435319377348,13.94927536231884,10.21202361782072,14.65378421900161,19.618894256575416,14.875201288244767,8.78287707997853,0.6105743424584005,0.2214170692431562,0.03354804079441761,6.521739130434782,1.5767579173376274,4.066022544283414,0.15432098765432098,0.0067096081588835215,0.013419216317767043,
116,4.663177670424047,13.969404186795492,10.0979602791197,14.65378421900161,19.524959742351047,14.895330112721417,8.789586688137414,0.6642512077294686,0.2214170692431562,0.03354804079441761,6.561996779388084,1.6438539989264627,4.079441760601181,0.18115942028985507,0.0067096081588835215,0.013419216317767043,
117,2.281266774020397,80.69645732689212,1.6908212560386473,4.5893719806763285,3.502415458937198,3.3413848631239937,1.7176596886741815,0.03354804079441761,0.013419216317767043,,1.0735373054213635,0.3757380568974772,0.6843800322061192,,,,
118,2.281266774020397,73.58427267847557,8.601717659688674,4.5893719806763285,3.5225442834138487,3.3548040794417604,1.7444981213097155,0.03354804079441761,0.013419216317767043,,1.1540526033279657,0.38915727321524424,0.6910896403650026,0.040257648953301126,,,
119,2.281266774020397,72.77241009125068,9.272678475577026,4.582662372517445,3.5225442834138487,3.408480944712829,1.7579173376274826,0.05367686527106817,0.03354804079441761,,1.1540526033279657,0.38915727321524424,0.6910896403650026,0.08051529790660225,,,
120,2.2342995169082127,68.61245303274289,9.668545356951155,4.569243156199678,3.535963499731616,7.0383789586688135,1.737788513150832,0.19457863660762212,0.05367686527106817,,1.1741814278046163,0.38915727321524424,0.6843800322061192,0.10735373054213634,,,
121,2.227589908749329,67.67981749865808,10.46027911969941,4.555823939881911,3.5762211486849167,7.004830917874396,1.7713365539452497,0.19457863660762212,0.05367686527106817,,1.2278582930756843,0.4025764895330113,0.6843800322061192,0.1610305958132045,,,
122,2.200751476113795,67.00885668276973,11.023886205045626,4.5960815888352125,3.569511540526033,6.957863660762212,1.7914653784219001,0.19457863660762212,0.08722490606548577,,1.2748255501878691,0.41599570585077833,0.6843800322061192,0.19457863660762212,,,
123,2.200751476113795,65.58641975308642,12.332259796027913,4.562533548040794,3.5963499731615673,6.89747718733226,1.7914653784219001,0.19457863660762212,0.13419216317767044,,1.3486312399355878,0.41599570585077833,0.7447665056360708,0.19457863660762212,,,
124,2.1940418679549114,63.58695652173913,13.33870101986044,4.522275899087493,3.6097691894793345,6.635802469135802,1.8384326355340848,0.19457863660762212,0.17444981213097155,,2.509393451422437,0.4562533548040794,0.7581857219538379,0.18115942028985507,,,
125,2.187332259796028,59.80273752012882,16.794149221685455,4.53569511540526,3.6634460547504024,6.635802469135802,1.9189479334406871,0.16774020397208803,0.20128824476650564,,2.475845410628019,0.6105743424584005,0.798443370907139,0.20799785292538917,,,
126,2.147074610842727,59.11164787976382,17.16988727858293,4.669887278582931,3.6366076221148687,6.655931293612453,1.9793344068706387,0.20799785292538917,0.20128824476650564,,2.5026838432635534,0.6709608158883521,0.785024154589372,0.2616747181964573,,,
127,2.147074610842727,55.63607085346216,17.07595276435856,4.683306494900698,3.603059581320451,6.642512077294686,5.428073000536768,0.2281266774020397,0.2683843263553409,,2.49597423510467,0.6977992485238862,0.7716049382716049,0.322061191626409,,,
128,2.1403650026838434,55.17981749865808,17.330917874396135,4.663177670424047,3.6097691894793345,6.709608158883521,5.434782608695652,0.2549651100375738,0.3153515834675255,,2.509393451422437,0.7179280730005367,0.7716049382716049,0.36231884057971014,,,
129,2.0531400966183573,54.93156199677939,17.632850241545892,4.575952764358561,3.6634460547504024,6.582125603864735,5.407944176060118,0.2549651100375738,0.35560923242082665,,2.4557165861513686,0.95276435856146,0.7716049382716049,0.36231884057971014,,,
130,2.0531400966183573,54.49543746645196,17.934782608695652,4.555823939881911,3.656736446591519,6.5552871712292005,5.501878690284487,0.24825550187869028,0.4495437466451959,,2.4221685453569513,0.966183574879227,0.7716049382716049,0.38915727321524424,,,
131,1.9994632313472893,53.858024691358025,18.46484165324745,4.502147074610843,3.656736446591519,6.481481481481482,5.609232420826624,0.2683843263553409,0.46296296296296297,,2.5697799248523885,0.9930220075147611,0.7313472893183038,0.4025764895330113,,,
132,1.9860440150295222,50.66425120772947,21.511003757380568,4.508856682769726,3.629898013955985,6.461352657004831,5.683038110574342,0.2549651100375738,0.5367686527106817,,2.563070316693505,1.06682769726248,0.7581857219538379,0.3757380568974772,,,
133,1.90552871712292,50.234836285560924,21.450617283950617,5.5689747718733225,3.361513687600644,6.206387546967257,5.5756843800322065,0.24825550187869028,0.5904455179817498,,2.61003757380569,1.1205045625335481,0.7447665056360708,0.3824476650563607,,,
134,1.90552871712292,49.7987117552335,21.692163177670423,5.548845947396672,3.361513687600644,6.172839506172839,5.636070853462158,0.2616747181964573,0.6575415995705851,,2.623456790123457,1.1943102522812667,0.7313472893183038,0.41599570585077833,,,
135,1.892109500805153,48.731884057971016,22.31615673644659,5.535426731078905,3.3413848631239937,6.206387546967257,5.998389694041868,0.2549651100375738,0.6709608158883521,,2.61003757380569,1.1876006441223832,0.8051529790660226,0.4495437466451959,,,
136,1.892109500805153,48.081052066559316,22.839506172839506,5.535426731078905,3.2206119162640903,6.226516371443908,6.011808910359635,0.3421900161030596,0.8185721953837896,,2.589908749329039,1.1876006441223832,0.8252818035426731,0.4294149221685454,,,
137,1.892109500805153,47.80595813204509,22.81266774020397,5.548845947396672,3.2206119162640903,6.300322061191626,6.038647342995169,0.36231884057971014,0.9326355340848095,0.013419216317767043,2.6167471819645733,1.1406333870101986,0.8990874932903918,0.41599570585077833,,,
138,1.892109500805153,47.34299516908212,22.926731078904993,5.5689747718733225,3.2139023081052067,6.347289318303811,6.078904991948471,0.38915727321524424,1.0198604401502953,0.013419216317767043,2.677133655394525,1.1272141706924315,0.9863123993558777,0.41599570585077833,,,
139,1.8719806763285025,45.6857219538379,22.571121846484164,7.695920558239399,3.1199677938808374,6.273483628556092,6.132581857219538,0.39586688137412773,1.06682769726248,0.013419216317767043,2.657004830917874,1.1003757380568975,1.0198604401502953,0.39586688137412773,,,
140,1.865271068169619,45.088566827697264,22.926731078904993,7.6556629092860975,3.1535158346752548,6.280193236714976,6.219806763285024,0.3824476650563607,1.0332796564680622,0.013419216317767043,2.757648953301127,1.1674718196457328,1.0534084809447128,0.4025764895330113,,,
141,1.865271068169619,44.498121309715515,23.362855609232422,7.615405260332796,3.1333870101986045,6.374127750939345,6.1862587224906065,0.36902844873859364,1.0869565217391304,0.013419216317767043,2.804616210413312,1.2010198604401503,1.06682769726248,0.4227053140096618,,,
142,1.8451422436929683,43.022007514761135,24.758454106280194,7.521470746108427,3.113258185721954,6.260064412238325,6.273483628556092,0.4025764895330113,1.1674718196457328,0.013419216317767043,2.7241009125067097,1.1808910359634996,1.2010198604401503,0.5166398282340311,,,
143,1.7310789049919484,42.3443370907139,25.214707461084274,9.172034353193773,2.0799785292538915,6.1862587224906065,6.052066559312936,0.47638217928073,1.2278582930756843,0.013419216317767043,2.6838432635534084,1.2278582930756843,1.0466988727858293,0.5434782608695652,,,
144,1.7310789049919484,42.01556629092861,25.09393451422437,9.172034353193773,2.1403650026838434,6.226516371443908,6.085614600107354,0.5166398282340311,1.3016639828234031,0.013419216317767043,2.6435856146001075,1.2077294685990339,1.2949543746645196,0.5568974771873323,,,
145,1.7310789049919484,41.67337627482555,25.046967257112186,9.084809447128288,2.147074610842727,6.273483628556092,6.139291465378422,0.6642512077294686,1.3754696725711217,0.013419216317767043,2.6972624798711755,1.247987117552335,1.3217928073000538,0.5837359098228664,,,
146,1.7176596886741815,41.29092860976919,25.261674718196456,9.004294149221685,2.1806226516371443,6.374127750939345,6.132581857219538,0.6977992485238862,1.402308105206656,0.013419216317767043,2.737520128824477,1.2748255501878691,1.3083735909822867,0.5770263016639828,0.026838432635534086,,
147,1.7176596886741815,40.17042404723564,25.771604938271604,9.16532474503489,2.167203435319377,6.575415995705851,6.199677938808374,0.6642512077294686,1.328502415458937,,3.0730005367686526,1.2815351583467525,1.288244766505636,0.5703166935050993,0.026838432635534086,,
148,1.7042404723564144,39.71417069243156,25.93263553408481,8.957326892109501,2.15378421900161,6.568706387546968,6.4412238325281805,0.6977992485238862,1.3754696725711217,,3.1602254428341383,1.3352120236178207,1.3352120236178207,0.5971551261406334,0.026838432635534086,,
149,1.7042404723564144,39.56655931293612,25.87895866881374,8.923778851315083,2.167203435319377,6.561996779388084,6.568706387546968,0.6776704240472357,1.4090177133655395,,3.193773483628556,1.3150831991411702,1.4090177133655395,0.5971551261406334,0.026838432635534086,,
150,1.6774020397208802,39.130434782608695,26.02657004830918,8.856682769726248,2.147074610842727,6.622383252818035,6.615673644659152,0.6910896403650026,1.42914653784219,,3.280998389694042,1.5096618357487923,1.3888888888888888,0.5971551261406334,0.026838432635534086,,
151,1.6774020397208802,37.88915727321525,26.858561460010737,8.836553945249598,2.187332259796028,6.568706387546968,6.984702093397746,0.7313472893183038,1.4694041867954912,,3.166935050993022,1.5499194847020934,1.4694041867954912,0.5837359098228664,0.026838432635534086,,
152,1.6774020397208802,37.63419216317767,26.67740203972088,8.789586688137414,2.2074610842726785,6.582125603864735,6.971282877079979,0.7581857219538379,1.5029522275899088,,3.1736446591519054,1.596886741814278,1.7914653784219001,0.6105743424584005,0.026838432635534086,,
153,1.556629092860977,37.27858293075684,26.724369296833064,8.702361782071927,2.677133655394525,6.655931293612453,6.91760601180891,0.7917337627482555,1.5365002683843263,,3.1535158346752548,1.6103059581320451,1.7713365539452497,0.5971551261406334,0.026838432635534086,,
154,1.556629092860977,37.1309715512614,26.737788513150832,8.641975308641975,2.6972624798711755,6.655931293612453,6.910896403650026,0.7648953301127214,1.5767579173376274,,3.1870638754696725,1.6304347826086956,1.8719806763285025,0.5971551261406334,0.040257648953301126,,
155,1.5230810520665594,36.93639291465379,26.81159420289855,8.440687063875469,2.7442297369833604,6.622383252818035,7.192699946323135,0.7917337627482555,1.570048309178744,,3.113258185721954,1.6908212560386473,1.9256575415995705,0.5971551261406334,0.040257648953301126,,
156,1.5230810520665594,36.64787976382179,26.979334406870638,8.440687063875469,2.703972088030059,6.662640901771336,7.25979602791197,0.7917337627482555,1.556629092860977,,3.193773483628556,1.6774020397208802,1.9256575415995705,0.5971551261406334,0.040257648953301126,,
