,45,50,55,51,52,54,53,56,57,60,58,61,59,48,62,46,47
0,85.05099302200752,14.834943639291465,0.11406333870101985,,,,,,,,,,,,,,
1,81.34057971014492,18.491680085882983,0.16774020397208803,,,,,,,,,,,,,,
2,80.70987654320987,19.0955448201825,0.16774020397208803,0.026838432635534086,,,,,,,,,,,,,
3,77.99248523886205,21.786097691894792,0.14761137949543746,0.026838432635534086,0.04696725711218465,,,,,,,,,,,,
4,75.38915727321525,23.49704777241009,0.16774020397208803,0.026838432635534086,0.6038647342995169,0.3153515834675255,,,,,,,,,,,
5,74.7181964573269,24.10091250670961,0.2214170692431562,0.026838432635534086,0.6172839506172839,0.3153515834675255,,,,,,,,,,,
6,61.64787976382179,37.11755233494364,0.2952227589908749,0.026838432635534086,0.5837359098228664,0.3153515834675255,0.013419216317767043,,,,,,,,,,
7,60.30595813204509,34.5276435856146,0.6105743424584005,3.488996242619431,0.6172839506172839,0.43612453032742887,0.013419216317767043,,,,,,,,,,
8,55.34084809447128,39.88862050456253,0.8521202361782072,2.771068169618894,0.6038647342995169,0.48980139559849706,0.05367686527106817,,,,,,,,,,
9,55.14626945786366,39.99597423510467,0.9393451422436929,2.771068169618894,0.6038647342995169,0.48980139559849706,0.05367686527106817,,,,,,,,,,
10,54.97181964573269,40.08990874932904,0.966183574879227,2.7844873859366612,0.6172839506172839,0.5166398282340311,0.05367686527106817,,,,,,,,,,
11,54.830917874396135,40.07648953301127,1.1205045625335481,2.7844873859366612,0.6172839506172839,0.5166398282340311,0.05367686527106817,,,,,,,,,,
12,46.242619431025226,48.698336017176594,1.3352120236178207,2.6838432635534084,0.6239935587761675,0.3421900161030596,0.07380568974771873,,,,,,,,,,
13,37.52012882447665,44.77992485238862,1.133923778851315,15.539452495974235,0.5904455179817498,0.3421900161030596,0.06038647342995169,0.03354804079441761,,,,,,,,,
14,37.52012882447665,44.518250134192165,1.42914653784219,15.445517981749866,0.6239935587761675,0.3421900161030596,0.06038647342995169,0.06038647342995169,,,,,,,,,
15,37.37251744498121,43.06897477187332,1.4895330112721417,14.667203435319378,2.9253891572732154,0.35560923242082665,0.06038647342995169,0.06038647342995169,,,,,,,,,
16,34.18545356951154,45.33682232957595,1.737788513150832,15.35829307568438,2.8784219001610305,0.35560923242082665,0.06038647342995169,0.06709608158883522,0.020128824476650563,,,,,,,,
17,28.22061191626409,42.17659688674181,4.49543746645196,19.961084272678477,4.575952764358561,0.35560923242082665,0.040257648953301126,0.13419216317767044,0.040257648953301126,,,,,,,,
18,23.1682769726248,47.155126140633385,4.8443370907139025,19.746376811594203,4.361245303274289,0.3488996242619431,0.040257648953301126,0.2549651100375738,0.05367686527106817,0.026838432635534086,,,,,,,
19,17.840848094471284,42.43827160493827,2.85829307568438,29.918142780461622,5.971551261406334,0.06709608158883522,0.6642512077294686,0.18115942028985507,0.06038647342995169,,,,,,,,
20,16.760601180891037,50.83870101986044,2.4355877616747184,23.64465915190553,5.958132045088567,0.08722490606548577,0.026838432635534086,0.18115942028985507,0.06709608158883522,,,,,,,,
21,14.97584541062802,41.243961352657,2.301395598497048,36.7686527106817,4.2203435319377345,0.08722490606548577,0.06038647342995169,0.24154589371980675,0.10064412238325282,,,,,,,,
22,14.875201288244767,37.21819645732689,2.4825550187869028,34.326355340848096,4.233762748255502,0.08722490606548577,6.407675791733762,0.24825550187869028,0.10064412238325282,,0.020128824476650563,,,,,,
23,14.834943639291465,36.05072463768116,3.8311862587224907,34.11835748792271,4.200214707461084,0.1274825550187869,6.347289318303811,0.27509393451422437,0.1274825550187869,,0.08722490606548577,,,,,,
24,10.57434245840043,27.811325818572197,3.549382716049383,47.62479871175523,3.5762211486849167,0.11406333870101985,6.3137412775093935,0.23483628556092323,0.11406333870101985,,0.08722490606548577,,,,,,
25,10.513955984970478,27.78448738593666,3.6634460547504024,47.38996242619431,3.5762211486849167,0.11406333870101985,6.273483628556092,0.41599570585077833,0.11406333870101985,0.026838432635534086,0.1274825550187869,,,,,,
26,8.319914117015566,24.724906065485776,4.012345679012346,52.10681696188943,3.5829307568438002,0.14761137949543746,6.253354804079442,0.5032206119162641,0.14090177133655393,0.026838432635534086,0.18115942028985507,,,,,,
27,8.340042941492216,24.704777241009126,4.0995705850778315,51.88539989264627,3.5829307568438002,0.14761137949543746,6.239935587761675,0.6508319914117016,0.14090177133655393,0.026838432635534086,0.18115942028985507,,,,,,
28,8.340042941492216,24.50348899624262,4.28743961352657,51.52308105206656,3.616478797638218,0.1878690284487386,6.239935587761675,0.95276435856146,0.14090177133655393,0.026838432635534086,0.18115942028985507,,,,,,
29,8.360171765968868,24.416264090177133,4.394793344068707,51.31508319914117,3.616478797638218,0.1878690284487386,6.239935587761675,1.1137949543746646,0.14090177133655393,0.026838432635534086,0.1878690284487386,,,,,,
30,8.259527643585615,24.308910359634996,4.488727858293076,53.42860976918948,3.5963499731615673,0.17444981213097155,4.30756843800322,1.1473429951690821,0.1610305958132045,0.026838432635534086,0.10064412238325282,,,,,,
31,8.125335480407944,24.315619967793882,4.542404723564144,52.95893719806763,3.589640365002684,0.5501878690284487,4.40150295222759,1.1607622114868492,0.16774020397208803,0.026838432635534086,0.1610305958132045,,,,,,
32,8.132045088566828,23.181696188942567,3.670155662909286,47.60466988727858,10.681696188942565,0.5568974771873323,4.408212560386473,1.2345679012345678,0.3421900161030596,0.026838432635534086,0.1610305958132045,,,,,,
33,7.112184648416532,24.168008588298445,3.9318303811057436,47.20880300590446,10.59447128287708,0.5770263016639828,4.394793344068707,1.42914653784219,0.3824476650563607,0.026838432635534086,0.17444981213097155,,,,,,
34,7.112184648416532,24.04723564143854,3.9586688137412773,47.04106280193237,10.50053676865271,0.6508319914117016,4.394793344068707,1.556629092860977,0.4227053140096618,0.026838432635534086,0.17444981213097155,0.11406333870101985,,,,,
35,7.118894256575416,24.08078368223296,3.9989264626945786,46.772678475577024,10.487117552334944,0.6374127750939346,4.388083735909823,1.751207729468599,0.4495437466451959,0.026838432635534086,0.17444981213097155,0.11406333870101985,,,,,
36,3.9989264626945786,30.756843800322063,3.730542136339238,41.40499194847021,12.110842726784755,2.4691358024691357,3.260869565217391,1.4962426194310252,0.46296296296296297,0.06038647342995169,0.13419216317767044,0.11406333870101985,,,,,
37,4.005636070853462,30.703166935050994,3.81105743424584,41.257380568974774,12.097423510466989,2.442297369833602,3.260869565217391,1.6103059581320451,0.47638217928073,0.06038647342995169,0.14090177133655393,0.11406333870101985,0.020128824476650563,,,,
38,4.045893719806763,30.401234567901234,4.186795491143317,41.056092324208265,12.077294685990339,2.4490069779924855,3.260869565217391,1.6841116478797638,0.5032206119162641,0.06038647342995169,0.14090177133655393,0.11406333870101985,0.020128824476650563,,,,
39,4.066022544283414,30.273752012882447,4.3478260869565215,40.94202898550725,12.050456253354804,2.4490069779924855,3.2206119162640903,1.7310789049919484,0.5770263016639828,0.06038647342995169,0.14761137949543746,0.11406333870101985,0.020128824476650563,,,,
40,4.03918411164788,26.422436929683307,4.428341384863124,48.96672034353194,8.205850778314547,2.38191089640365,3.1535158346752548,1.7042404723564144,0.27509393451422437,0.06038647342995169,0.2281266774020397,0.11406333870101985,0.020128824476650563,,,,
41,4.019055287171229,23.70504562533548,4.582662372517445,45.86688137412775,11.225174449812132,2.38191089640365,5.803811057434245,1.6438539989264627,0.3488996242619431,0.06038647342995169,0.2281266774020397,0.11406333870101985,0.020128824476650563,,,,
42,4.025764895330113,23.544015029522274,4.730273752012883,45.7259796027912,11.171497584541063,2.4490069779924855,5.770263016639828,1.724369296833065,0.4025764895330113,0.06038647342995169,0.2616747181964573,0.11406333870101985,0.020128824476650563,,,,
43,2.703972088030059,18.706387546967257,4.797369833601718,51.25469672571122,11.07085346215781,2.2879763821792807,6.78341384863124,1.6304347826086956,0.35560923242082665,0.06038647342995169,0.2147074610842727,0.11406333870101985,0.020128824476650563,,,,
44,2.7442297369833604,18.63929146537842,4.938271604938271,51.0601180891036,11.07085346215781,2.254428341384863,6.816961889425658,1.710950080515298,0.35560923242082665,0.06038647342995169,0.2147074610842727,0.11406333870101985,0.020128824476650563,,,,
45,2.7442297369833604,18.5252281266774,5.0791733762748255,49.18142780461621,10.976918947933441,2.2342995169082127,8.514492753623188,1.8048845947396672,0.43612453032742887,0.08051529790660225,0.2616747181964573,0.11406333870101985,0.04696725711218465,,,,
46,2.7442297369833604,18.51851851851852,5.864197530864198,48.27563070316693,10.929951690821255,2.254428341384863,8.501073537305421,1.932367149758454,0.47638217928073,0.08051529790660225,0.2616747181964573,0.11406333870101985,0.04696725711218465,,,,
47,2.7241009125067097,18.4849704777241,5.837359098228664,46.71900161030596,10.265700483091788,2.2879763821792807,10.547504025764896,2.086688137412775,0.5032206119162641,0.06709608158883522,0.2885131508319914,0.14090177133655393,0.04696725711218465,,,,
48,2.6637144390767578,18.417874396135264,6.052066559312936,46.584809447128286,10.218733225979603,2.3215244229736984,10.527375201288244,2.0799785292538915,0.5703166935050993,0.06709608158883522,0.30864197530864196,0.14090177133655393,0.04696725711218465,,,,
49,2.5429414922168547,18.310520665593128,6.092324208266238,45.249597423510465,10.218733225979603,3.6768652710681695,10.621309715512615,2.0531400966183573,0.5703166935050993,0.06709608158883522,0.33548040794417605,0.1610305958132045,0.10064412238325282,,,,
50,2.5966183574879227,18.203166935050994,6.0654857756307035,44.558507783145465,9.581320450885668,5.159688674181428,10.554213633923778,2.059849704777241,0.4562533548040794,0.10064412238325282,0.4025764895330113,0.1610305958132045,0.10064412238325282,,,,
51,1.9860440150295222,16.183574879227052,5.683038110574342,46.222490606548575,10.896403650026839,5.032206119162641,10.63472893183038,2.086688137412775,0.43612453032742887,0.1274825550187869,0.3824476650563607,0.1610305958132045,0.16774020397208803,,,,
52,2.01959205582394,16.109769189479334,5.790391841116479,46.081588835212024,10.869565217391305,5.038915727321524,10.61460010735373,2.120236178207193,0.43612453032742887,0.1274825550187869,0.43612453032742887,0.1610305958132045,0.19457863660762212,,,,
53,2.0531400966183573,15.92860976918948,6.025228126677402,45.8064949006978,10.869565217391305,5.032206119162641,10.61460010735373,2.341653247450349,0.4092860976918948,0.1274825550187869,0.43612453032742887,0.1610305958132045,0.19457863660762212,,,,
54,2.059849704777241,15.874932903918411,6.179549114331723,45.51798174986581,10.86285560923242,4.99194847020934,10.601180891035963,2.4557165861513686,0.46296296296296297,0.1274825550187869,0.4562533548040794,0.1610305958132045,0.24825550187869028,,,,
55,2.0799785292538915,15.821256038647343,6.293612453032743,45.36366076221149,10.84272678475577,4.998658078368224,10.554213633923778,2.475845410628019,0.5099302200751477,0.15432098765432098,0.49651100375738055,0.1610305958132045,0.24825550187869028,,,,
56,2.100107353730542,15.807836822329575,6.380837359098229,45.03488996242619,10.795759527643586,5.025496511003757,10.48040794417606,2.6502952227589907,0.5703166935050993,0.15432098765432098,0.5568974771873323,0.1610305958132045,0.28180354267310787,,,,
57,1.9659151905528718,13.754696725711218,6.266774020397209,51.301663982823406,7.85024154589372,4.200214707461084,10.326086956521738,2.657004830917874,0.4562533548040794,0.19457863660762212,0.5770263016639828,0.1610305958132045,0.2885131508319914,,,,
58,1.9927536231884058,11.647879763821793,6.072195383789587,49.5101986044015,7.836822329575953,8.749329039184111,9.836285560923242,2.657004830917874,0.46967257112184646,0.2214170692431562,0.5703166935050993,0.17444981213097155,0.2616747181964573,,,,
59,2.006172839506173,11.621041331186259,6.1862587224906065,49.3894256575416,7.816693505099302,8.756038647342995,9.836285560923242,2.6435856146001075,0.48980139559849706,0.2214170692431562,0.5971551261406334,0.17444981213097155,0.2616747181964573,,,,
60,2.0263016639828235,11.621041331186259,6.199677938808374,49.25523349436393,7.689210950080516,8.655394524959743,9.822866344605474,2.6972624798711755,0.644122383252818,0.27509393451422437,0.5971551261406334,0.17444981213097155,0.3421900161030596,,,,
61,1.9592055823939882,11.614331723027375,4.575952764358561,43.45813204508857,14.955716586151368,8.59500805152979,9.728931830381105,3.113258185721954,0.5434782608695652,0.24154589371980675,0.7246376811594203,0.17444981213097155,0.3153515834675255,,,,
62,1.9927536231884058,11.614331723027375,4.62962962962963,43.31723027375201,14.848362855609233,8.454106280193237,9.668545356951155,3.1736446591519054,0.5703166935050993,0.24154589371980675,0.9997316156736447,0.17444981213097155,0.3153515834675255,,,,
63,2.0128824476650564,11.560654857756306,4.64975845410628,43.20987654320987,14.814814814814815,8.433977455716587,9.66183574879227,3.227321524422974,0.6172839506172839,0.28180354267310787,1.0131508319914118,0.17444981213097155,0.3421900161030596,,,,
64,1.9927536231884058,11.466720343531938,4.609500805152979,42.48523886205046,15.908480944712828,7.749597423510467,9.574610842726784,3.515834675254965,0.8722490606548577,0.2549651100375738,1.0265700483091786,0.20799785292538917,0.33548040794417605,,,,
65,2.006172839506173,11.124530327428879,4.602791196994096,42.351046698872786,20.001341921631777,6.736446591519055,7.125603864734299,3.4420289855072466,0.9863123993558777,0.2616747181964573,0.8387010198604401,0.20799785292538917,0.3153515834675255,,,,
66,1.5499194847020934,9.957058507783145,3.44873859366613,49.55716586151369,19.6256038647343,5.9514224369296835,4.448470209339774,3.2474503488996245,0.8923778851315083,0.2549651100375738,0.7917337627482555,0.17444981213097155,0.10064412238325282,,,,
67,1.596886741814278,9.91009125067096,3.5628019323671496,49.33574879227053,19.55179817498658,5.911164787976382,4.428341384863124,3.3480944712828773,0.9259259259259259,0.2549651100375738,0.8252818035426731,0.17444981213097155,0.17444981213097155,,,,
68,1.6170155662909287,9.473966720343531,4.045893719806763,49.18813741277509,19.538378958668815,5.884326355340848,4.448470209339774,3.421900161030596,0.9259259259259259,0.2549651100375738,0.8521202361782072,0.17444981213097155,0.17444981213097155,,,,
69,1.6304347826086956,9.400161030595813,4.1532474503489,47.86634460547504,19.47799248523886,7.0450885668276975,4.4820182501341925,3.421900161030596,0.9728931830381106,0.2549651100375738,0.8990874932903918,0.17444981213097155,0.2214170692431562,,,,
70,1.7176596886741815,9.225711218464841,4.3478260869565215,47.60466988727858,19.39747718733226,7.03166935050993,4.4820182501341925,3.589640365002684,1.0399892646269457,0.2549651100375738,0.8923778851315083,0.17444981213097155,0.24154589371980675,,,,
71,1.8451422436929683,9.178743961352657,4.361245303274289,47.48389694041868,19.28341384863124,7.018250134192163,4.508856682769726,3.603059581320451,1.1205045625335481,0.2549651100375738,0.9393451422436929,0.16774020397208803,0.23483628556092323,,,,
72,1.3620504562533549,6.763285024154589,3.7104133118625873,50.64412238325282,18.364197530864196,7.024959742351046,5.340848094471283,3.978797638217928,1.2345679012345678,0.2616747181964573,1.0399892646269457,0.013419216317767043,0.2616747181964573,,,,
73,1.3620504562533549,6.763285024154589,3.797638217928073,50.30864197530864,17.257112184648417,6.977992485238862,5.367686527106817,5.213365539452496,1.3888888888888888,0.24825550187869028,1.0399892646269457,0.013419216317767043,0.2616747181964573,,,,
74,1.442565754159957,6.635802469135802,3.978797638217928,49.82555018786903,18.270263016639827,6.991411701556629,4.656468062265164,5.347557702630167,1.42914653784219,0.24825550187869028,0.8990874932903918,0.013419216317767043,0.2616747181964573,,,,
75,1.3955984970477724,6.353998926462695,3.992216854535695,49.3491680085883,19.256575415995705,6.998121309715513,4.3478260869565215,5.441492216854535,1.442565754159957,0.24825550187869028,0.8923778851315083,0.020128824476650563,0.2616747181964573,,,,
76,1.2949543746645196,6.1862587224906065,4.0995705850778315,50.355609232420825,18.753354804079443,6.998121309715513,4.341116478797638,5.12614063338701,1.3888888888888888,0.27509393451422437,0.8923778851315083,0.020128824476650563,0.2683843263553409,,,,
77,1.2546967257112185,6.199677938808374,4.072732152442297,49.7987117552335,17.16988727858293,5.562265163714439,7.514761137949543,5.689747718733226,1.3553408480944713,0.2885131508319914,0.8856682769726248,0.020128824476650563,0.1878690284487386,,,,
78,1.3083735909822867,5.300590445517981,3.9989264626945786,49.00697799248524,17.11621041331186,7.1658615136876005,7.467793880837359,5.783682232957595,1.4224369296833066,0.2885131508319914,0.9326355340848095,0.020128824476650563,0.1878690284487386,,,,
79,1.3150831991411702,5.287171229200215,4.072732152442297,48.79898013955985,17.09608158883521,7.152442297369833,7.467793880837359,5.884326355340848,1.4626945786366077,0.30193236714975846,0.95276435856146,0.020128824476650563,0.1878690284487386,,,,
80,1.3217928073000538,5.260332796564681,4.62962962962963,48.268921095008054,17.07595276435856,7.185990338164252,7.467793880837359,5.870907139023081,1.4559849704777241,0.30193236714975846,0.95276435856146,0.020128824476650563,0.1878690284487386,,,,
81,1.1272141706924315,4.193505099302201,3.797638217928073,61.07756307031669,11.976650563607086,7.098765432098766,3.8915727321524423,4.62962962962963,1.2412775093934514,0.30193236714975846,0.46296296296296297,0.020128824476650563,0.18115942028985507,,,,
82,1.1473429951690821,4.180085882984434,3.770799785292539,60.27241009125067,11.943102522812667,7.669082125603865,3.8915727321524423,4.804079441760601,1.2546967257112185,0.35560923242082665,0.46296296296296297,0.020128824476650563,0.2281266774020397,,,,
83,1.2010198604401503,4.166666666666667,3.8177670424047236,60.02415458937198,11.714975845410628,7.689210950080516,3.9184111647879765,4.931561996779388,1.4559849704777241,0.35560923242082665,0.47638217928073,0.020128824476650563,0.2281266774020397,,,,
84,1.2681159420289856,4.166666666666667,3.8714439076757916,59.54106280193237,11.621041331186259,7.709339774557166,3.864734299516908,5.293880837359098,1.5499194847020934,0.35560923242082665,0.47638217928073,0.040257648953301126,0.24154589371980675,,,,
85,1.3083735909822867,4.079441760601181,4.555823939881911,58.84997316156736,11.54723564143854,7.75630703166935,3.864734299516908,5.260332796564681,1.6371443907675791,0.35560923242082665,0.47638217928073,0.040257648953301126,0.2683843263553409,,,,
86,1.328502415458937,4.079441760601181,5.46833064949007,58.581588835212024,10.869565217391305,7.682501341921632,3.717122920021471,5.320719269994632,1.7444981213097155,0.36902844873859364,0.5166398282340311,0.040257648953301126,0.28180354267310787,,,,
87,1.3955984970477724,4.079441760601181,5.5756843800322065,58.36688137412775,10.815888352120236,7.682501341921632,3.7238325281803544,5.381105743424584,1.7713365539452497,0.36902844873859364,0.5166398282340311,0.040257648953301126,0.28180354267310787,,,,
88,1.4694041867954912,4.005636070853462,5.320719269994632,57.6154052603328,10.789049919484702,8.816425120772946,3.616478797638218,5.441492216854535,1.7981749865807837,0.36902844873859364,0.49651100375738055,0.026838432635534086,0.23483628556092323,,,,
89,1.42914653784219,3.9855072463768115,5.501878690284487,56.98470209339774,10.762211486849168,8.80300590445518,3.717122920021471,5.850778314546431,1.7981749865807837,0.3824476650563607,0.5233494363929146,0.026838432635534086,0.23483628556092323,,,,
90,1.4559849704777241,3.629898013955985,5.193236714975845,54.790660225442835,14.579978529253891,8.507783145464305,3.7104133118625873,5.246913580246914,1.7042404723564144,0.3824476650563607,0.5166398282340311,0.026838432635534086,0.2549651100375738,,,,
91,1.442565754159957,3.3011272141706924,5.146269457863661,55.89103596349973,14.04320987654321,8.454106280193237,3.6634460547504024,5.267042404723564,1.596886741814278,0.3824476650563607,0.5166398282340311,0.026838432635534086,0.2683843263553409,,,,
92,1.4895330112721417,3.294417606011809,5.199946323134729,55.783682232957595,14.029790660225443,8.420558239398819,3.643317230273752,5.320719269994632,1.596886741814278,0.36902844873859364,0.5233494363929146,0.026838432635534086,0.30193236714975846,,,,
93,1.5096618357487923,3.2742887815351582,5.280461621041331,55.63607085346216,13.915727321524423,8.360171765968868,3.6634460547504024,5.374396135265701,1.737788513150832,0.36902844873859364,0.5501878690284487,0.026838432635534086,0.30193236714975846,,,,
94,1.5096618357487923,3.2742887815351582,5.360976918947934,55.43478260869565,13.821792807300053,8.28636607622115,3.6902844873859366,5.555555555555555,1.8048845947396672,0.36902844873859364,0.5501878690284487,0.026838432635534086,0.3153515834675255,,,,
95,1.6035963499731616,3.2541599570585076,5.595813204508857,55.08588298443371,13.7211486849168,8.272946859903382,3.6768652710681695,5.595813204508857,1.90552871712292,0.36902844873859364,0.5770263016639828,0.026838432635534086,0.3153515834675255,,,,
96,1.6438539989264627,3.2541599570585076,5.662909286097692,54.871175523349436,13.6808910359635,8.299785292538916,3.6634460547504024,5.709876543209877,1.9457863660762211,0.36902844873859364,0.5703166935050993,0.026838432635534086,0.30193236714975846,,,,
97,1.3955984970477724,2.9253891572732154,5.287171229200215,59.82957595276436,11.721685453569512,7.836822329575953,3.5292538915727323,4.555823939881911,1.7176596886741815,0.322061191626409,0.5434782608695652,0.026838432635534086,0.30864197530864196,,,,
98,1.4358561460010735,2.8784219001610305,5.381105743424584,59.46725711218465,11.681427804616211,7.85024154589372,3.515834675254965,4.8376274825550185,1.7176596886741815,0.322061191626409,0.5568974771873323,0.04696725711218465,0.30864197530864196,,,,
99,1.3553408480944713,2.8381642512077296,5.535426731078905,55.70987654320987,15.291196994095545,7.823403113258186,3.5292538915727323,4.904723564143854,1.7914653784219001,0.30864197530864196,0.5568974771873323,0.04696725711218465,0.30864197530864196,,,,
100,1.4224369296833066,2.8381642512077296,5.542136339237788,55.58239398819109,15.163714439076758,7.803274288781535,3.5292538915727323,4.985238862050457,1.9122383252818036,0.2952227589908749,0.5568974771873323,0.04696725711218465,0.322061191626409,,,,
101,1.4626945786366077,2.8381642512077296,5.676328502415459,54.39479334406871,15.03623188405797,7.836822329575953,3.5292538915727323,5.958132045088567,2.086688137412775,0.2952227589908749,0.5166398282340311,0.04696725711218465,0.322061191626409,,,,
102,1.4626945786366077,2.8247450348899625,5.448201825013419,58.380300590445515,12.164519592055823,8.279656468062266,3.515834675254965,5.340848094471283,1.3821792807300053,0.3488996242619431,0.5099302200751477,0.040257648953301126,0.30193236714975846,,,,
103,1.4895330112721417,2.831454643048846,5.60252281266774,58.05823939881911,12.13768115942029,8.28636607622115,3.502415458937198,5.501878690284487,1.3955984970477724,0.3488996242619431,0.5032206119162641,0.040257648953301126,0.30193236714975846,,,,
104,1.5499194847020934,2.831454643048846,6.4345142243692965,57.10547504025765,12.117552334943639,8.313204508856682,3.4688674181427803,5.548845947396672,1.42914653784219,0.3488996242619431,0.5166398282340311,0.04696725711218465,0.2885131508319914,,,,
105,1.5767579173376274,2.831454643048846,6.501610305958132,56.796833064949006,12.06387546967257,8.299785292538916,3.4688674181427803,5.776972624798712,1.4962426194310252,0.3488996242619431,0.5032206119162641,0.04696725711218465,0.2885131508319914,,,,
106,1.5432098765432098,2.7979066022544283,7.957595276435856,55.18652710681696,12.037037037037036,7.977724100912507,3.455448201825013,6.3070316693505095,1.5432098765432098,0.35560923242082665,0.5032206119162641,0.04696725711218465,0.2885131508319914,,,,
107,1.247987117552335,2.6838432635534084,7.803274288781535,61.07085346215781,7.682501341921632,7.628824476650563,4.582662372517445,5.005367686527107,1.133923778851315,0.3488996242619431,0.47638217928073,0.04696725711218465,0.2885131508319914,,,,
108,1.2815351583467525,2.677133655394525,7.9106280193236715,60.03086419753087,7.669082125603865,7.628824476650563,4.549114331723027,5.897745571658615,1.1607622114868492,0.3488996242619431,0.5099302200751477,0.04696725711218465,0.2885131508319914,,,,
109,1.2748255501878691,2.6502952227589907,7.937466451959206,59.77589908749329,7.669082125603865,7.601986044015029,4.569243156199678,6.125872249060655,1.1741814278046163,0.3488996242619431,0.5367686527106817,0.04696725711218465,0.2885131508319914,,,,
110,1.261406333870102,2.6502952227589907,7.930756843800322,60.889694041867955,7.065217391304348,7.675791733762749,4.522275899087493,5.750134192163178,1.0869565217391304,0.3488996242619431,0.4562533548040794,0.06038647342995169,0.28180354267310787,0.020128824476650563,,,
111,1.1674718196457328,2.563070316693505,8.05823939881911,61.808910359635,6.971282877079979,8.011272141706923,4.562533548040794,4.5960815888352125,1.1272141706924315,0.32877079978529256,0.4495437466451959,0.040257648953301126,0.2952227589908749,0.020128824476650563,,,
112,1.2144390767579174,2.5496511003757383,8.038110574342458,61.553945249597426,6.9310252281266775,7.971014492753623,4.5893719806763285,4.8443370907139025,1.133923778851315,0.35560923242082665,0.46296296296296297,0.040257648953301126,0.2952227589908749,0.020128824476650563,,,
113,1.2412775093934514,2.5496511003757383,7.991143317230274,61.211755233494365,6.9310252281266775,7.98443370907139,4.602791196994096,5.159688674181428,1.133923778851315,0.35560923242082665,0.4830917874396135,0.040257648953301126,0.2952227589908749,0.020128824476650563,,,
114,1.2681159420289856,2.5295222758990876,8.017981749865807,59.46725711218465,6.91760601180891,9.628287707997853,4.636339237788513,5.22007514761138,1.1205045625335481,0.35560923242082665,0.4830917874396135,0.040257648953301126,0.2952227589908749,0.020128824476650563,,,
115,1.2681159420289856,2.5295222758990876,8.051529790660226,59.20558239398819,6.91760601180891,9.54777241009125,4.622920021470746,5.434782608695652,1.1205045625335481,0.35560923242082665,0.5166398282340311,0.040257648953301126,0.36902844873859364,0.020128824476650563,,,
116,1.0601180891035964,2.5161030595813205,7.078636607622115,64.98926462694578,5.622651637144391,8.158883521202362,4.17337627482555,4.508856682769726,0.8521202361782072,0.3488996242619431,0.4092860976918948,0.0067096081588835215,0.2549651100375738,0.020128824476650563,,,
117,1.0869565217391304,2.5161030595813205,7.125603864734299,64.79468599033817,5.589103596349974,8.192431561996779,4.17337627482555,4.64975845410628,0.8521202361782072,0.32877079978529256,0.4092860976918948,0.0067096081588835215,0.2549651100375738,0.020128824476650563,,,
118,1.1607622114868492,2.5161030595813205,8.172302737520129,64.17740203972087,5.253623188405797,8.031400966183575,4.079441760601181,4.723564143853999,0.785024154589372,0.35560923242082665,0.4025764895330113,0.03354804079441761,0.2885131508319914,0.020128824476650563,,,
119,1.1473429951690821,2.5161030595813205,8.313204508856682,62.9898013955985,4.9651100375738055,7.98443370907139,5.515297906602254,4.690016103059581,0.7917337627482555,0.32877079978529256,0.4025764895330113,0.03354804079441761,0.30193236714975846,0.020128824476650563,,,
120,1.1674718196457328,2.5161030595813205,8.239398819108963,62.775093934514224,4.924852388620504,7.917337627482555,5.515297906602254,4.87788513150832,0.8789586688137413,0.38915727321524424,0.41599570585077833,0.040257648953301126,0.322061191626409,0.020128824476650563,,,
121,1.1876006441223832,2.5161030595813205,8.252818035426731,61.480139559849704,4.918142780461621,7.856951154052603,5.522007514761138,6.125872249060655,0.8789586688137413,0.4092860976918948,0.4495437466451959,0.040257648953301126,0.3421900161030596,0.020128824476650563,,,
122,1.1741814278046163,2.5026838432635534,8.225979602791197,61.198336017176594,4.911433172302737,7.809983896940419,5.522007514761138,6.367418142780462,0.9125067096081588,0.4428341384863124,0.5367686527106817,0.03354804079441761,0.3421900161030596,0.020128824476650563,,,
123,1.1808910359634996,2.5026838432635534,8.299785292538916,60.85614600107354,4.898013955984971,7.863660762211487,5.515297906602254,6.595544820182502,0.9192163177670424,0.4428341384863124,0.5636070853462157,0.03354804079441761,0.32877079978529256,,,,
124,1.1473429951690821,2.13365539452496,7.883789586688137,56.414385399892645,3.938539989264627,7.937466451959206,12.04374664519592,6.494900697799249,0.7648953301127214,0.39586688137412773,0.4830917874396135,0.03354804079441761,0.32877079978529256,,,,
125,1.1540526033279657,2.086688137412775,7.937466451959206,56.09903381642512,3.938539989264627,8.031400966183575,12.04374664519592,6.649221685453569,0.7648953301127214,0.4227053140096618,0.4830917874396135,0.03354804079441761,0.35560923242082665,,,,
126,1.1808910359634996,2.073268921095008,7.930756843800322,55.93800322061192,3.938539989264627,8.044820182501342,12.00348899624262,6.756575415995706,0.7581857219538379,0.4294149221685454,0.5568974771873323,0.03354804079441761,0.35560923242082665,,,,
127,1.2278582930756843,2.073268921095008,7.924047235641439,55.83064949006978,3.92512077294686,8.044820182501342,11.996779388083736,6.78341384863124,0.7716049382716049,0.4562533548040794,0.5770263016639828,0.03354804079441761,0.35560923242082665,,,,
128,1.2144390767579174,2.073268921095008,7.924047235641439,55.642780461621044,3.9318303811057436,8.044820182501342,11.943102522812667,6.910896403650026,0.7917337627482555,0.5099302200751477,0.6105743424584005,0.03354804079441761,0.36902844873859364,,,,
129,1.247987117552335,2.073268921095008,7.7361782071927,54.508856682769725,6.152710681696189,8.031400966183575,10.869565217391305,7.0450885668276975,0.8051529790660226,0.5099302200751477,0.630703166935051,0.03354804079441761,0.35560923242082665,,,,
130,1.2144390767579174,2.033011272141707,9.138486312399356,53.133387010198604,6.139291465378422,7.950885668276973,10.654857756307031,7.253086419753086,0.7917337627482555,0.5636070853462157,0.7380568974771873,0.03354804079441761,0.35560923242082665,,,,
131,1.247987117552335,2.033011272141707,9.125067096081589,52.97906602254428,6.146001073537305,7.971014492753623,10.628019323671497,7.367149758454106,0.7648953301127214,0.5636070853462157,0.7783145464304885,0.03354804079441761,0.36231884057971014,,,,
132,1.2412775093934514,2.033011272141707,9.111647879763822,52.824745034889965,6.125872249060655,7.950885668276973,10.61460010735373,7.4006977992485234,0.7716049382716049,0.644122383252818,0.8655394524959742,0.0067096081588835215,0.4092860976918948,,,,
133,1.3352120236178207,2.033011272141707,9.131776704240472,52.65700483091788,6.125872249060655,7.924047235641439,10.61460010735373,7.474503488996243,0.7716049382716049,0.6374127750939346,0.8856682769726248,0.0067096081588835215,0.4025764895330113,,,,
134,1.3352120236178207,2.033011272141707,9.098228663446054,52.33494363929147,6.092324208266238,7.930756843800322,10.607890499194847,7.763016639828234,0.8521202361782072,0.6239935587761675,0.9192163177670424,0.0067096081588835215,0.4025764895330113,,,,
135,1.288244766505636,2.0128824476650564,11.044015029522276,42.7133655394525,15.210681696188942,7.48792270531401,10.540794417606012,6.91760601180891,0.8856682769726248,0.5300590445517982,0.9594739667203436,0.0067096081588835215,0.4025764895330113,,,,
136,1.3016639828234031,2.0128824476650564,11.097691894793345,42.47181964573269,15.177133655394526,7.467793880837359,10.473698336017177,7.105475040257649,0.9393451422436929,0.5300590445517982,1.0064412238325282,0.013419216317767043,0.4025764895330113,,,,
137,1.3419216317767042,2.0128824476650564,11.044015029522276,42.3040794417606,15.183843263553408,7.347020933977456,10.487117552334944,7.1725711218464845,0.966183574879227,0.5837359098228664,1.0064412238325282,0.026838432635534086,0.5233494363929146,,,,
138,1.3620504562533549,1.6035963499731616,10.433440687063875,41.84111647879764,14.97584541062802,8.581588835212024,10.48040794417606,7.387278582930757,1.1876006441223832,0.5971551261406334,1.0064412238325282,0.026838432635534086,0.5166398282340311,,,,
139,1.42914653784219,1.6035963499731616,10.527375201288244,41.6129898013956,14.888620504562533,8.588298443370908,10.38647342995169,7.548309178743962,1.2278582930756843,0.6374127750939346,1.0064412238325282,0.026838432635534086,0.5166398282340311,,,,
140,1.4358561460010735,1.596886741814278,10.628019323671497,41.42512077294686,14.834943639291465,8.57487922705314,10.373054213633925,7.601986044015029,1.2815351583467525,0.6977992485238862,1.0131508319914118,0.026838432635534086,0.5099302200751477,,,,
141,1.442565754159957,1.570048309178744,10.782340311325818,41.176865271068166,14.794685990338165,8.501073537305421,10.292538915727322,7.682501341921632,1.4090177133655395,0.7246376811594203,1.0332796564680622,0.04696725711218465,0.5434782608695652,,,,
142,1.5096618357487923,1.570048309178744,10.82259796027912,41.035963499731615,14.774557165861514,8.527911969940956,10.198604401502953,7.7831454643048845,1.4090177133655395,0.7179280730005367,1.0601180891035964,0.04696725711218465,0.5434782608695652,,,,
143,1.5767579173376274,1.556629092860977,10.802469135802468,40.83467525496511,14.74771873322598,8.588298443370908,10.205314009661835,7.823403113258186,1.4224369296833066,0.7179280730005367,1.0735373054213635,0.10064412238325282,0.5501878690284487,,,,
144,1.5365002683843263,1.583467525496511,10.856146001073537,40.76086956521739,14.700751476113794,8.568169618894256,10.198604401502953,7.830112721417069,1.4492753623188406,0.7514761137949544,1.0869565217391304,0.11406333870101985,0.5636070853462157,,,,
145,1.5633387010198605,1.583467525496511,10.963499731615673,40.58641975308642,14.65378421900161,8.57487922705314,10.131508319914117,7.836822329575953,1.4962426194310252,0.7514761137949544,1.1607622114868492,0.12077294685990338,0.5770263016639828,,,,
146,1.6237251744498122,1.583467525496511,10.923242082662373,40.365002683843265,14.63365539452496,8.601717659688674,10.151637144390767,8.011272141706923,1.4962426194310252,0.7514761137949544,1.1473429951690821,0.12077294685990338,0.5904455179817498,,,,
147,1.415727321524423,1.583467525496511,10.225442834138486,44.22973698336017,14.432367149758454,7.27992485238862,10.017444981213098,7.071926999463232,1.5163714439076759,0.5971551261406334,1.0064412238325282,0.12077294685990338,0.5032206119162641,,,,
148,1.4090177133655395,1.583467525496511,10.339506172839506,44.06870638754697,14.42565754159957,7.27992485238862,9.977187332259795,7.118894256575416,1.5432098765432098,0.5971551261406334,1.0265700483091786,0.0939345142243693,0.5032206119162641,,0.03354804079441761,,
149,1.3352120236178207,0.8588298443370908,9.849704777241008,47.296027911969944,14.371980676328503,5.407944176060118,9.977187332259795,7.306763285024155,1.5432098765432098,0.5770263016639828,0.9393451422436929,0.08722490606548577,0.41599570585077833,,0.03354804079441761,,
150,1.2748255501878691,0.8387010198604401,8.662104133118627,52.52952227589909,11.614331723027375,5.179817498658078,9.829575952764358,6.608964036500268,1.4224369296833066,0.5703166935050993,0.9125067096081588,0.08722490606548577,0.46967257112184646,,,,
151,1.0399892646269457,0.1878690284487386,7.7898550724637685,43.927804616210416,26.50295222758991,3.475577026301664,9.400161030595813,4.562533548040794,1.4895330112721417,0.48980139559849706,0.7514761137949544,0.10064412238325282,0.28180354267310787,,,,
152,1.0399892646269457,0.1878690284487386,7.709339774557166,43.65942028985507,26.33521202361782,3.4957058507783145,9.601449275362318,4.757112184648417,1.6035963499731616,0.4428341384863124,0.8454106280193237,0.08722490606548577,0.2214170692431562,,,0.013419216317767043,
153,1.0802469135802468,0.18115942028985507,7.7361782071927,43.39774557165862,26.133923778851315,3.502415458937198,9.594739667203436,4.898013955984971,1.8183038110574343,0.4428341384863124,0.8923778851315083,0.08722490606548577,0.2214170692431562,,,0.013419216317767043,
154,1.1137949543746646,0.18115942028985507,7.682501341921632,42.40472356414385,26.080246913580247,3.4957058507783145,9.480676328502415,5.870907139023081,1.8384326355340848,0.4428341384863124,0.966183574879227,0.20799785292538917,0.2214170692431562,,,0.013419216317767043,
155,1.0735373054213635,0.18115942028985507,7.5348899624261945,39.86849168008588,25.93263553408481,3.0864197530864197,13.533279656468062,5.548845947396672,1.6505636070853462,0.4562533548040794,0.6977992485238862,0.23483628556092323,0.1878690284487386,,,0.013419216317767043,
156,1.1876006441223832,0.18115942028985507,7.454374664519592,39.67391304347826,25.85212023617821,3.099838969404187,13.506441223832528,5.642780461621041,1.7176596886741815,0.4495437466451959,0.798443370907139,0.23483628556092323,0.1878690284487386,,,0.013419216317767043,
157,1.1473429951690821,0.18115942028985507,7.481213097155126,39.51959205582394,25.51663982823403,3.099838969404187,13.506441223832528,5.756843800322061,2.0397208803005906,0.4495437466451959,0.8454106280193237,0.2549651100375738,0.1878690284487386,,,0.013419216317767043,
158,1.1540526033279657,0.18115942028985507,7.50805152979066,39.412238325281805,25.449543746645197,3.1065485775630703,13.405797101449275,5.850778314546431,2.0799785292538915,0.43612453032742887,0.9594739667203436,0.2549651100375738,0.1878690284487386,,,0.013419216317767043,
159,1.2748255501878691,0.18115942028985507,7.461084272678476,38.52657004830918,25.42270531400966,3.166935050993022,13.305152979066023,6.608964036500268,2.187332259796028,0.43612453032742887,0.9728931830381106,0.2549651100375738,0.1878690284487386,,,0.013419216317767043,
160,1.328502415458937,0.18115942028985507,7.501341921631776,38.22463768115942,25.335480407944175,3.1602254428341383,13.238056897477188,6.857219538378959,2.214170692431562,0.43612453032742887,1.06682769726248,0.2549651100375738,0.1878690284487386,,,0.013419216317767043,
161,1.3486312399355878,0.17444981213097155,8.641975308641975,38.00993022007515,25.11406333870102,3.2742887815351582,12.117552334943639,6.91760601180891,2.4355877616747184,0.43612453032742887,1.0869565217391304,0.2549651100375738,0.17444981213097155,,,0.013419216317767043,
162,1.328502415458937,0.17444981213097155,8.648684916800859,37.848899624261946,25.046967257112186,3.2742887815351582,12.117552334943639,7.004830917874396,2.536231884057971,0.43612453032742887,1.1003757380568975,0.2952227589908749,0.17444981213097155,,,0.013419216317767043,
163,1.3016639828234031,0.17444981213097155,8.172302737520129,36.943102522812666,24.9194847020934,4.703435319377348,11.929683306494901,7.159151905528717,2.589908749329039,0.4227053140096618,1.2010198604401503,0.28180354267310787,0.1878690284487386,,,0.013419216317767043,
164,1.1406333870101986,0.17444981213097155,8.132045088566828,38.62050456253355,23.839237788513152,5.287171229200215,11.929683306494901,6.166129898013956,2.5966183574879227,0.41599570585077833,1.1607622114868492,0.28180354267310787,0.20799785292538917,,0.03354804079441761,0.013419216317767043,
165,1.1943102522812667,0.17444981213097155,8.105206655931294,38.33870101986044,23.752012882447666,5.267042404723564,11.916264090177133,6.374127750939345,2.623456790123457,0.4428341384863124,1.261406333870102,0.2952227589908749,0.20799785292538917,,0.03354804079441761,0.013419216317767043,
166,1.2748255501878691,0.17444981213097155,8.038110574342458,38.1508319914117,23.59098228663446,5.253623188405797,11.896135265700483,6.649221685453569,2.703972088030059,0.4428341384863124,1.2681159420289856,0.2952227589908749,0.2281266774020397,,0.03354804079441761,,
