,45,50,52,55,53,51,54,58,57,59,56
0,99.93290391841117,0.06709608158883522,,,,,,,,,
1,90.13016639828234,9.541062801932368,0.32877079978529256,,,,,,,,
2,80.9447128287708,18.726516371443907,0.32877079978529256,,,,,,,,
3,80.74342458400429,18.927804616210413,0.32877079978529256,,,,,,,,
4,80.23349436392914,18.867418142780462,0.7514761137949544,0.14761137949543746,,,,,,,
5,70.59849704777241,28.187063875469672,0.7514761137949544,0.322061191626409,0.14090177133655393,,,,,,
6,70.564949006978,28.22061191626409,0.7514761137949544,0.322061191626409,0.14090177133655393,,,,,,
7,70.37707997852925,28.267579173376276,0.7514761137949544,0.46296296296296297,0.14090177133655393,,,,,,
8,64.43236714975845,33.299785292538914,0.7514761137949544,0.46296296296296297,0.14090177133655393,0.9125067096081588,,,,,
9,62.74154589371981,34.88996242619431,0.7514761137949544,0.5636070853462157,0.14090177133655393,0.9125067096081588,,,,,
10,62.36580783682233,34.17874396135266,0.7514761137949544,1.6505636070853462,0.14090177133655393,0.9125067096081588,,,,,
11,61.56736446591519,34.31964573268921,0.7514761137949544,1.6237251744498122,0.14090177133655393,1.0064412238325282,0.5904455179817498,,,,
12,61.61433172302738,34.272678475577024,0.7514761137949544,1.6237251744498122,0.14090177133655393,1.0064412238325282,0.5904455179817498,,,,
13,61.50697799248524,34.326355340848096,0.7514761137949544,1.6237251744498122,0.14090177133655393,1.0601180891035964,0.5904455179817498,,,,
14,61.560654857756305,33.93719806763285,0.7514761137949544,1.6237251744498122,0.14090177133655393,1.0601180891035964,0.9259259259259259,,,,
15,61.621041331186255,33.883521202361784,0.7514761137949544,1.6035963499731616,0.14090177133655393,1.0601180891035964,0.8856682769726248,0.05367686527106817,,,
16,61.65458937198068,33.74932903918411,0.7514761137949544,1.6035963499731616,0.14090177133655393,1.1607622114868492,0.8856682769726248,0.05367686527106817,,,
17,61.66800858829844,33.63526570048309,0.7514761137949544,1.6035963499731616,0.14090177133655393,1.1607622114868492,0.9863123993558777,0.05367686527106817,,,
18,61.70826623725174,33.60842726784756,0.7380568974771873,1.6035963499731616,0.14090177133655393,1.1607622114868492,0.9863123993558777,0.05367686527106817,,,
19,61.292270531400966,34.05126140633387,0.7380568974771873,1.5767579173376274,0.14090177133655393,1.1607622114868492,0.9863123993558777,0.05367686527106817,,,
20,59.876543209876544,35.225442834138484,0.7246376811594203,1.5767579173376274,0.14090177133655393,1.415727321524423,0.9863123993558777,0.05367686527106817,,,
21,59.95034889962426,35.15163714439077,0.7246376811594203,1.5767579173376274,0.14090177133655393,1.415727321524423,0.9863123993558777,0.05367686527106817,,,
22,56.66264090177134,38.22463768115942,0.9594739667203436,1.5767579173376274,0.14090177133655393,1.3955984970477724,0.9863123993558777,0.05367686527106817,,,
23,56.387546967257116,38.466183574879224,0.9594739667203436,1.6103059581320451,0.14090177133655393,1.3955984970477724,0.9863123993558777,0.05367686527106817,,,
24,56.21309715512614,38.6406333870102,0.9192163177670424,1.6505636070853462,0.14090177133655393,1.3955984970477724,0.9863123993558777,0.05367686527106817,,,
25,54.5222758990875,40.002683843263554,0.9192163177670424,1.9793344068706387,0.14090177133655393,1.3955984970477724,0.9863123993558777,0.05367686527106817,,,
26,51.81159420289855,39.22436929683307,0.5233494363929146,1.9524959742351047,0.14090177133655393,5.374396135265701,0.9192163177670424,0.05367686527106817,,,
27,49.47665056360709,40.53945249597424,0.38915727321524424,1.8719806763285025,0.14090177133655393,5.374396135265701,2.15378421900161,0.05367686527106817,,,
28,49.51690821256039,40.27777777777778,0.38915727321524424,1.8719806763285025,0.2616747181964573,5.488459473966721,2.1403650026838434,0.05367686527106817,,,
29,49.53032742887815,39.85507246376812,0.38915727321524424,1.8988191089640365,0.4227053140096618,5.475040257648954,2.301395598497048,0.1274825550187869,,,
30,47.27589908749329,42.0625335480408,0.38915727321524424,2.0665593129361244,0.4227053140096618,5.35426731078905,2.301395598497048,0.1274825550187869,,,
31,47.47047772410091,41.44524959742351,0.38915727321524424,2.4892646269457863,0.4227053140096618,5.35426731078905,2.301395598497048,0.1274825550187869,,,
32,47.50402576489533,40.80783682232958,0.38915727321524424,2.4825550187869028,1.0332796564680622,5.35426731078905,2.301395598497048,0.1274825550187869,,,
33,41.23054213633924,47.65163714439077,0.38915727321524424,2.1604938271604937,1.133923778851315,5.005367686527107,2.301395598497048,0.1274825550187869,,,
34,40.103327965646805,48.7788513150832,0.38915727321524424,2.1604938271604937,1.133923778851315,5.005367686527107,2.301395598497048,0.1274825550187869,,,
35,39.64707461084273,48.27563070316693,0.38915727321524424,2.1604938271604937,1.133923778851315,5.964841653247451,2.301395598497048,0.1274825550187869,,,
36,39.26462694578637,49.04723564143854,0.38915727321524424,2.1604938271604937,0.7447665056360708,5.964841653247451,2.301395598497048,0.1274825550187869,,,
37,39.150563607085346,48.88620504562534,0.4294149221685454,2.147074610842727,0.7447665056360708,5.964841653247451,2.5496511003757383,0.1274825550187869,,,
38,38.00322061191626,49.69806763285024,0.41599570585077833,2.2946859903381642,0.7447665056360708,6.179549114331723,2.536231884057971,0.1274825550187869,,,
39,37.7012882447665,48.91304347826087,0.41599570585077833,2.5496511003757383,1.3687600644122384,6.387546967257112,2.536231884057971,0.1274825550187869,,,
40,36.66129898013956,49.81884057971015,0.41599570585077833,2.6838432635534084,1.3687600644122384,6.387546967257112,2.536231884057971,0.1274825550187869,,,
41,36.782071926999464,49.75845410628019,0.41599570585077833,2.6838432635534084,1.3687600644122384,6.340579710144928,2.522812667740204,0.1274825550187869,,,
42,36.78878153515835,49.49006977992485,0.41599570585077833,2.8650026838432634,1.3687600644122384,6.340579710144928,2.6033279656468062,0.1274825550187869,,,
43,33.722490606548575,51.01315083199141,0.41599570585077833,2.8113258185721954,1.3687600644122384,8.205850778314547,2.3349436392914655,0.1274825550187869,,,
44,33.823134728931834,50.878958668813745,0.41599570585077833,2.7979066022544283,1.42914653784219,8.192431561996779,2.3349436392914655,0.1274825550187869,,,
45,33.843263553408484,50.54347826086956,0.5367686527106817,3.012614063338701,1.42914653784219,8.172302737520129,2.3349436392914655,0.1274825550187869,,,
46,33.756038647343,50.47638217928073,0.5367686527106817,3.1065485775630703,1.42914653784219,7.991143317230274,2.576489533011272,0.1274825550187869,,,
47,34.10493827160494,50.0402576489533,0.5367686527106817,3.1468062265163717,1.5297906602254427,7.937466451959206,2.576489533011272,0.1274825550187869,,,
48,31.21309715512614,52.95222758990875,0.5166398282340311,3.1468062265163717,1.5297906602254427,7.937466451959206,2.576489533011272,0.1274825550187869,,,
49,30.595813204508858,51.2211486849168,0.8856682769726248,3.0394524959742353,1.4694041867954912,10.144927536231885,2.5161030595813205,0.1274825550187869,,,
50,30.56897477187332,50.77160493827161,0.8856682769726248,2.9924852388620504,1.4694041867954912,10.124798711755233,3.0595813204508855,0.1274825550187869,,,
51,27.51610305958132,42.82071926999463,1.90552871712292,2.2611379495437465,1.442565754159957,21.014492753623188,2.9119699409554483,0.1274825550187869,,,
52,27.76435856146001,42.29736983360172,1.90552871712292,2.4020397208803006,2.3081052066559313,20.48443370907139,2.7106816961889426,0.1274825550187869,,,
53,27.791196994095547,41.87466451959206,2.059849704777241,2.61003757380569,3.797638217928073,18.887546967257112,2.8515834675254963,0.1274825550187869,,,
54,27.871712292002147,41.646537842190014,2.059849704777241,2.61003757380569,3.7573805689747717,18.874127750939344,3.052871712292002,0.1274825550187869,,,
55,27.992485238862052,41.57944176060118,2.059849704777241,2.6033279656468062,3.7573805689747717,18.82716049382716,3.052871712292002,0.1274825550187869,,,
56,28.12667740203972,41.51234567901235,2.059849704777241,2.737520128824477,3.7573805689747717,18.659420289855074,3.0193236714975846,0.1274825550187869,,,
57,28.14680622651637,41.43183038110574,2.059849704777241,2.818035426731079,3.7573805689747717,18.646001073537306,3.012614063338701,0.1274825550187869,,,
58,28.327965646806227,41.23054213633924,2.059849704777241,2.918679549114332,3.81105743424584,18.531937734836287,2.9253891572732154,0.19457863660762212,,,
59,28.455448201825014,41.17015566290929,2.046430488459474,2.918679549114332,3.81105743424584,18.4849704777241,2.918679549114332,0.19457863660762212,,,
60,28.213902308105208,40.39855072463768,2.0397208803005906,2.898550724637681,3.81105743424584,19.940955448201827,2.5026838432635534,0.19457863660762212,,,
61,28.247450348899623,40.02952227589909,2.214170692431562,3.1602254428341383,3.8714439076757916,19.77992485238862,2.5026838432635534,0.19457863660762212,,,
62,27.9723564143854,40.45893719806763,2.214170692431562,3.1602254428341383,3.743961352657005,19.753086419753085,2.5026838432635534,0.19457863660762212,,,
63,28.052871712292003,40.371712292002144,2.214170692431562,3.1468062265163717,3.743961352657005,19.753086419753085,2.4557165861513686,0.19457863660762212,0.06709608158883522,,
64,28.14680622651637,40.344873859366615,2.214170692431562,3.140096618357488,3.743961352657005,19.692699946323135,2.4557165861513686,0.19457863660762212,0.06709608158883522,,
65,28.06629092860977,39.66720343531938,2.341653247450349,3.099838969404187,3.743961352657005,18.65271068169619,4.166666666666667,0.19457863660762212,0.06709608158883522,,
66,28.12667740203972,39.57997852925389,2.4691358024691357,3.099838969404187,3.6768652710681695,18.51851851851852,4.26731078904992,0.19457863660762212,0.06709608158883522,,
67,28.052871712292003,39.52630166398282,5.71658615136876,2.871712292002147,3.535963499731616,15.633387010198604,4.40150295222759,0.19457863660762212,0.06709608158883522,,
68,27.643585614600106,39.33843263553408,5.428073000536768,2.871712292002147,3.535963499731616,16.552603327965645,4.367954911433173,0.19457863660762212,0.06709608158883522,,
69,25.999731615673646,38.70101986044015,8.132045088566828,2.831454643048846,3.3816425120772946,16.552603327965645,4.139828234031133,0.19457863660762212,0.06709608158883522,,
70,26.174181427804616,38.59366612989801,8.017981749865807,2.831454643048846,3.455448201825013,16.525764895330113,4.139828234031133,0.19457863660762212,0.06709608158883522,,
71,26.288244766505635,38.425925925925924,8.232689210950081,2.831454643048846,3.455448201825013,16.297638217928075,4.233762748255502,0.16774020397208803,0.06709608158883522,,
72,26.362050456253353,38.35212023617821,8.232689210950081,2.831454643048846,3.455448201825013,16.297638217928075,4.233762748255502,0.16774020397208803,0.06709608158883522,,
73,23.792270531400966,42.223564143854,7.742887815351583,2.1806226516371443,3.1468062265163717,16.23054213633924,4.448470209339774,0.16774020397208803,0.06709608158883522,,
74,22.940150295222757,40.264358561460014,7.575147611379496,2.4557165861513686,3.1468062265163717,18.9747718733226,4.408212560386473,0.16774020397208803,0.06709608158883522,,
75,22.81266774020397,40.41196994095545,7.27992485238862,2.4355877616747184,3.7104133118625873,18.71309715512614,4.40150295222759,0.16774020397208803,0.06709608158883522,,
76,23.060923242082662,40.304616210413315,7.27992485238862,2.4355877616747184,3.7104133118625873,18.572195383789587,4.40150295222759,0.16774020397208803,0.06709608158883522,,
77,22.987117552334944,39.03650026838432,7.266505636070853,2.5496511003757383,5.535426731078905,18.183038110574344,4.206924315619967,0.16774020397208803,0.06709608158883522,,
78,22.993827160493826,38.848631239935585,7.266505636070853,2.6502952227589907,5.924584004294149,18.183038110574344,3.898282340311326,0.16774020397208803,0.06709608158883522,,
79,22.96027911969941,36.86929683306495,6.944444444444445,3.0327428878153517,6.031937734836285,20.02818035426731,3.898282340311326,0.16774020397208803,0.06709608158883522,,
80,22.725442834138487,36.8491680085883,7.541599570585078,3.0327428878153517,6.005099302200751,19.712828770799785,3.898282340311326,0.16774020397208803,0.06709608158883522,,
81,23.067632850241544,36.842458400429415,7.380568974771873,3.1468062265163717,6.005099302200751,19.43773483628556,3.8848631239935587,0.16774020397208803,0.06709608158883522,,
82,23.181696188942567,36.63446054750403,7.628824476650563,3.1468062265163717,5.931293612453032,19.384057971014492,3.8580246913580245,0.16774020397208803,0.06709608158883522,,
83,23.53059581320451,36.010466988727856,7.877079978529254,3.1468062265163717,6.085614600107354,19.269994632313473,3.844605475040258,0.16774020397208803,0.06709608158883522,,
84,23.637949543746647,35.7487922705314,8.05823939881911,3.1468062265163717,6.085614600107354,19.048577563070317,4.03918411164788,0.16774020397208803,0.06709608158883522,,
85,23.55072463768116,35.990338164251206,8.05823939881911,3.1468062265163717,6.085614600107354,18.907675791733762,4.025764895330113,0.16774020397208803,0.06709608158883522,,
86,23.67149758454106,35.789049919484704,8.05823939881911,3.1333870101986045,6.072195383789587,19.03515834675255,4.005636070853462,0.16774020397208803,0.06709608158883522,,
87,23.792270531400966,35.72195383789587,7.98443370907139,3.1333870101986045,6.072195383789587,18.99490069779925,4.066022544283414,0.16774020397208803,0.06709608158883522,,
88,23.859366612989803,35.507246376811594,8.501073537305421,3.2742887815351582,6.0654857756307035,18.733225979602793,3.824476650563607,0.16774020397208803,0.06709608158883522,,
89,23.906333870101985,35.245571658615134,8.474235104669887,3.5091250670960816,6.045356951154052,18.733225979602793,3.7104133118625873,0.16774020397208803,0.06709608158883522,0.14090177133655393,
90,24.033816425120772,35.11137949543747,8.57487922705314,3.4621578099838968,5.998389694041868,18.733225979602793,3.7104133118625873,0.16774020397208803,0.06709608158883522,0.14090177133655393,
91,24.282071926999464,34.97047772410091,8.541331186258722,3.4621578099838968,5.9514224369296835,18.706387546967257,3.7104133118625873,0.16774020397208803,0.06709608158883522,0.14090177133655393,
92,23.872785829307567,35.07783145464305,7.548309178743962,4.643048845947397,6.092324208266238,18.679549114331724,3.7104133118625873,0.16774020397208803,0.06709608158883522,0.14090177133655393,
93,23.859366612989803,35.04428341384863,7.548309178743962,5.052334943639291,6.206387546967257,18.203166935050994,3.7104133118625873,0.16774020397208803,0.06709608158883522,0.14090177133655393,
94,23.980139559849704,34.997316156736446,7.561728395061729,5.01207729468599,6.273483628556092,18.04884594739667,3.750670960815888,0.16774020397208803,0.06709608158883522,0.14090177133655393,
95,24.08749329039184,34.80273752012882,7.548309178743962,5.166398282340311,6.273483628556092,18.00858829844337,3.7372517444981215,0.16774020397208803,0.06709608158883522,0.14090177133655393,
96,23.98684916800859,34.628287707997856,7.7361782071927,5.374396135265701,6.199677938808374,17.96833064949007,3.730542136339238,0.16774020397208803,0.06709608158883522,0.14090177133655393,
97,23.859366612989803,34.836285560923244,7.682501341921632,5.374396135265701,6.199677938808374,17.941492216854535,3.730542136339238,0.16774020397208803,0.06709608158883522,0.14090177133655393,
98,22.403381642512077,32.57514761137949,7.4006977992485234,5.293880837359098,6.333870101986044,21.87332259796028,3.643317230273752,0.2683843263553409,0.06709608158883522,0.14090177133655393,
99,22.309447128287708,31.80354267310789,8.943907675791733,5.35426731078905,6.421095008051529,20.94068706387547,3.750670960815888,0.2683843263553409,0.06709608158883522,0.14090177133655393,
100,20.96081588835212,27.932098765432098,7.206119162640902,5.186527106816962,7.447665056360709,27.126945786366075,3.6634460547504024,0.2683843263553409,0.06709608158883522,0.14090177133655393,
101,21.296296296296298,27.85829307568438,7.206119162640902,5.186527106816962,7.320182501341922,26.878690284487387,3.6500268384326353,0.39586688137412773,0.06709608158883522,0.14090177133655393,
102,21.24932903918411,27.79790660225443,7.185990338164252,6.005099302200751,7.199409554482019,26.422436929683307,3.6500268384326353,0.28180354267310787,0.06709608158883522,0.14090177133655393,
103,21.24261943102523,27.77777777777778,7.152442297369833,6.119162640901771,7.199409554482019,26.301663982823403,3.6500268384326353,0.28180354267310787,0.06709608158883522,0.14090177133655393,0.06709608158883522
104,21.410359634997317,27.75764895330113,7.152442297369833,6.152710681696189,7.199409554482019,26.120504562533547,3.6500268384326353,0.28180354267310787,0.06709608158883522,0.14090177133655393,0.06709608158883522
105,21.423778851315085,27.180622651637144,7.152442297369833,6.105743424584004,7.689210950080516,26.03327965646806,3.6500268384326353,0.28180354267310787,0.27509393451422437,0.14090177133655393,0.06709608158883522
106,21.517713365539453,27.147074610842726,7.139023081052066,6.105743424584004,7.682501341921632,25.99302200751476,3.6500268384326353,0.28180354267310787,0.27509393451422437,0.14090177133655393,0.06709608158883522
107,21.792807300053678,27.066559312936125,7.105475040257649,6.0587761674718195,7.635534084809447,25.925925925925927,3.6500268384326353,0.28180354267310787,0.27509393451422437,0.14090177133655393,0.06709608158883522
108,21.370101986044016,25.254965110037574,6.66935050993022,6.125872249060655,6.870638754696726,28.985507246376812,3.9586688137412773,0.28180354267310787,0.27509393451422437,0.14090177133655393,0.06709608158883522
109,21.38352120236178,25.248255501878692,6.66935050993022,6.246645195920558,6.850509930220075,28.878153515834676,3.9586688137412773,0.28180354267310787,0.27509393451422437,0.14090177133655393,0.06709608158883522
110,21.537842190016104,25.161030595813205,6.66935050993022,6.246645195920558,6.850509930220075,28.817767042404725,3.9519592055823938,0.28180354267310787,0.27509393451422437,0.14090177133655393,0.06709608158883522
111,21.631776704240472,25.07380568974772,6.642512077294686,6.3070316693505095,6.850509930220075,28.804347826086957,3.9519592055823938,0.28180354267310787,0.24825550187869028,0.14090177133655393,0.06709608158883522
112,21.752549651100377,24.912775093934513,6.857219538378959,6.3070316693505095,6.837090713902308,28.73054213633924,3.878153515834675,0.2683843263553409,0.24825550187869028,0.14090177133655393,0.06709608158883522
113,21.89345142243693,24.825550187869027,6.857219538378959,6.3070316693505095,6.837090713902308,28.690284487385938,3.864734299516908,0.2683843263553409,0.24825550187869028,0.14090177133655393,0.06709608158883522
114,21.940418679549115,24.731615673644658,6.830381105743425,6.3070316693505095,7.071926999463232,28.33467525496511,3.864734299516908,0.2683843263553409,0.24825550187869028,0.14090177133655393,0.2616747181964573
115,22.0276435856146,24.530327428878152,6.816961889425658,6.0654857756307035,7.065217391304348,28.25415995705851,4.320987654320987,0.2683843263553409,0.24825550187869028,0.14090177133655393,0.2616747181964573
116,21.920289855072465,24.3894256575416,6.78341384863124,6.0654857756307035,7.051798174986581,28.556092324208265,4.314278046162104,0.2683843263553409,0.24825550187869028,0.14090177133655393,0.2616747181964573
117,22.067901234567902,24.362587224906065,6.78341384863124,6.0654857756307035,7.011540526033279,28.475577026301664,4.314278046162104,0.2683843263553409,0.24825550187869028,0.14090177133655393,0.2616747181964573
118,22.19538378958669,24.349168008588297,6.756575415995706,6.0587761674718195,6.991411701556629,28.415190552871714,4.314278046162104,0.2683843263553409,0.24825550187869028,0.14090177133655393,0.2616747181964573
119,22.27589908749329,24.214975845410628,6.716317767042405,6.0587761674718195,7.514761137949543,28.166935050993022,4.133118625872249,0.2683843263553409,0.24825550187869028,0.14090177133655393,0.2616747181964573
120,22.20209339774557,23.939881910896403,6.89747718733226,6.0587761674718195,7.514761137949543,28.35480407944176,4.126409017713366,0.2683843263553409,0.23483628556092323,0.14090177133655393,0.2616747181964573
121,22.423510466988727,23.899624261943103,6.863929146537842,6.018518518518518,7.494632313472893,28.267579173376276,4.126409017713366,0.2683843263553409,0.23483628556092323,0.14090177133655393,0.2616747181964573
122,22.638217928073,23.859366612989803,6.850509930220075,6.018518518518518,7.494632313472893,28.10654857756307,4.126409017713366,0.2683843263553409,0.23483628556092323,0.14090177133655393,0.2616747181964573
123,22.15512614063339,22.638217928073,10.111379495437467,5.971551261406334,6.78341384863124,27.697262479871174,3.81105743424584,0.19457863660762212,0.23483628556092323,0.14090177133655393,0.2616747181964573
124,22.376543209876544,22.5577026301664,10.050993022007514,6.005099302200751,6.78341384863124,27.428878153515836,3.965378421900161,0.19457863660762212,0.23483628556092323,0.14090177133655393,0.2616747181964573
125,22.403381642512077,22.5577026301664,10.050993022007514,6.005099302200751,6.763285024154589,27.42216854535695,3.965378421900161,0.19457863660762212,0.23483628556092323,0.14090177133655393,0.2616747181964573
126,22.517444981213096,22.550993022007514,10.010735373054214,6.005099302200751,6.763285024154589,27.355072463768117,3.965378421900161,0.19457863660762212,0.23483628556092323,0.14090177133655393,0.2616747181964573
127,20.665593129361245,25.644122383252817,9.997316156736447,5.776972624798712,6.280193236714976,26.84514224369297,3.965378421900161,0.19457863660762212,0.2281266774020397,0.14090177133655393,0.2616747181964573
128,20.71256038647343,25.55689747718733,9.86983360171766,5.776972624798712,6.280193236714976,26.80488459473967,3.965378421900161,0.19457863660762212,0.32877079978529256,0.14090177133655393,0.36902844873859364
129,20.739398819108963,25.41599570585078,9.86983360171766,5.917874396135265,6.280193236714976,26.80488459473967,3.938539989264627,0.19457863660762212,0.32877079978529256,0.14090177133655393,0.36902844873859364
130,20.685721953837895,25.355609232420825,9.86983360171766,5.917874396135265,6.280193236714976,26.878690284487387,3.978797638217928,0.19457863660762212,0.32877079978529256,0.14090177133655393,0.36902844873859364
131,20.759527643585614,25.201288244766506,9.722222222222221,5.917874396135265,6.280193236714976,26.690821256038646,4.086151368760064,0.19457863660762212,0.32877079978529256,0.14090177133655393,0.6776704240472357
132,20.833333333333332,25.06038647342995,9.722222222222221,5.904455179817498,6.374127750939345,26.623725174449813,4.139828234031133,0.19457863660762212,0.32877079978529256,0.14090177133655393,0.6776704240472357
133,20.860171765968868,25.006709608158882,10.017444981213098,5.723295759527644,6.367418142780462,26.50295222758991,4.180085882984434,0.19457863660762212,0.32877079978529256,0.14090177133655393,0.6776704240472357
134,21.07487922705314,24.953032742887814,10.064412238325282,5.723295759527644,6.340579710144928,26.32850241545894,4.17337627482555,0.19457863660762212,0.32877079978529256,0.14090177133655393,0.6776704240472357
135,21.162104133118625,24.510198604401502,10.084541062801932,5.770263016639828,6.461352657004831,26.053408480944714,4.320987654320987,0.19457863660762212,0.36231884057971014,0.14090177133655393,0.9393451422436929
136,21.22249060654858,24.48336017176597,9.990606548577563,5.770263016639828,6.528448738593666,26.03327965646806,4.334406870638754,0.19457863660762212,0.36231884057971014,0.14090177133655393,0.9393451422436929
137,21.36339237788513,24.48336017176597,9.990606548577563,6.146001073537305,6.528448738593666,25.51663982823403,4.334406870638754,0.19457863660762212,0.36231884057971014,0.14090177133655393,0.9393451422436929
138,19.363929146537842,36.54723564143854,8.105206655931294,4.30756843800322,5.730005367686527,21.30300590445518,3.730542136339238,0.18115942028985507,0.10064412238325282,,0.630703166935051
139,19.47128287707998,36.3593666129898,8.11862587224906,4.428341384863124,5.730005367686527,21.296296296296298,3.683574879227053,0.18115942028985507,0.10064412238325282,,0.630703166935051
140,19.585346215780998,36.11782071926999,8.165593129361245,4.508856682769726,5.730005367686527,21.296296296296298,3.683574879227053,0.18115942028985507,0.10064412238325282,,0.630703166935051
141,18.726516371443907,35.628019323671495,10.7085346215781,4.468599033816425,5.629361245303274,20.46430488459474,3.535963499731616,0.18115942028985507,0.10064412238325282,,0.5568974771873323
142,18.760064412238325,35.61460010735373,10.695115405260333,4.575952764358561,5.629361245303274,20.35024154589372,3.535963499731616,0.18115942028985507,0.10064412238325282,,0.5568974771873323
143,18.9345142243693,35.46698872785829,10.695115405260333,4.549114331723027,5.629361245303274,20.35024154589372,3.535963499731616,0.18115942028985507,0.10064412238325282,,0.5568974771873323
144,18.833870101986044,34.42028985507246,10.59447128287708,4.924852388620504,6.696188942565755,20.155662909286097,3.535963499731616,0.18115942028985507,0.10064412238325282,,0.5568974771873323
145,18.99490069779925,34.11835748792271,10.547504025764896,5.226784755770263,6.5552871712292005,20.142243692968332,3.535963499731616,0.18115942028985507,0.10064412238325282,,0.5971551261406334
146,19.162640901771336,33.803005904455176,10.547504025764896,5.434782608695652,6.541867954911433,20.095276435856146,3.535963499731616,0.18115942028985507,0.10064412238325282,,0.5971551261406334
147,19.484702093397747,33.55475040257649,10.48040794417606,5.676328502415459,6.541867954911433,19.900697799248523,3.4822866344605474,0.18115942028985507,0.10064412238325282,,0.5971551261406334
148,19.524959742351047,33.4272678475577,10.48040794417606,5.9514224369296835,6.515029522275899,19.746376811594203,3.475577026301664,0.18115942028985507,0.10064412238325282,,0.5971551261406334
149,19.867149758454108,33.23268921095008,10.433440687063875,5.897745571658615,6.515029522275899,19.732957595276435,3.4420289855072466,0.18115942028985507,0.10064412238325282,,0.5971551261406334
150,19.981213097155127,33.21926999463231,10.399892646269459,5.877616747181965,6.515029522275899,19.685990338164252,3.4420289855072466,0.18115942028985507,0.10064412238325282,,0.5971551261406334
151,20.108695652173914,33.15888352120236,10.319377348362856,5.877616747181965,6.655931293612453,19.585346215780998,3.4151905528717124,0.18115942028985507,0.10064412238325282,,0.5971551261406334
152,20.229468599033815,33.03811057434246,10.319377348362856,5.877616747181965,6.629092860976919,19.55179817498658,3.475577026301664,0.18115942028985507,0.10064412238325282,,0.5971551261406334
153,20.377079978529252,32.96430488459474,10.319377348362856,5.877616747181965,6.629092860976919,19.47799248523886,3.475577026301664,0.18115942028985507,0.10064412238325282,,0.5971551261406334
154,19.961084272678477,33.2662372517445,10.299248523886206,6.0587761674718195,6.615673644659152,19.47128287707998,3.455448201825013,0.18115942028985507,0.0939345142243693,,0.5971551261406334
155,19.97450348899624,33.04482018250134,10.299248523886206,6.280193236714976,6.615673644659152,19.45786366076221,3.455448201825013,0.18115942028985507,0.0939345142243693,,0.5971551261406334
156,19.578636607622116,32.380568974771876,12.211486849168008,6.166129898013956,6.474771873322598,19.444444444444443,3.0394524959742353,0.06038647342995169,0.04696725711218465,,0.5971551261406334
157,19.47128287707998,32.2866344605475,12.171229200214707,6.166129898013956,6.796833064949007,19.363929146537842,3.0394524959742353,0.06038647342995169,0.04696725711218465,,0.5971551261406334
158,19.726247987117553,32.23295759527644,12.090713902308105,6.166129898013956,6.78341384863124,19.256575415995705,3.0394524959742353,0.06038647342995169,0.04696725711218465,,0.5971551261406334
159,20.04830917874396,31.910896403650028,12.070585077831455,6.139291465378422,6.78341384863124,19.30354267310789,3.0394524959742353,0.06038647342995169,0.04696725711218465,,0.5971551261406334
160,20.169082125603865,31.83709071390231,12.04374664519592,6.119162640901771,6.78341384863124,19.30354267310789,3.0394524959742353,0.06038647342995169,0.04696725711218465,,0.5971551261406334
161,20.242887815351583,31.696188942565755,12.037037037037036,6.092324208266238,6.769994632313473,19.28341384863124,3.1736446591519054,0.06038647342995169,0.04696725711218465,,0.5971551261406334
162,20.39049919484702,31.602254428341386,12.037037037037036,6.052066559312936,6.769994632313473,19.202898550724637,3.1736446591519054,0.06038647342995169,0.04696725711218465,,0.6642512077294686
163,20.209339774557165,31.092324208266238,12.030327428878154,6.5552871712292005,6.6760601180891035,19.243156199677937,3.3145464304884595,0.06038647342995169,0.15432098765432098,,0.6642512077294686
164,20.095276435856146,30.96484165324745,12.070585077831455,6.5552871712292005,6.991411701556629,19.135802469135804,3.307836822329576,0.06038647342995169,0.15432098765432098,,0.6642512077294686
165,20.28985507246377,30.938003220611915,12.04374664519592,6.541867954911433,6.890767579173376,18.98148148148148,3.435319377348363,0.06038647342995169,0.15432098765432098,,0.6642512077294686
166,20.497852925389157,30.62265163714439,12.124261943102523,6.508319914117015,6.763285024154589,18.98148148148148,3.569511540526033,0.06038647342995169,0.15432098765432098,,0.7179280730005367
167,20.41062801932367,29.736983360171767,13.533279656468062,6.260064412238325,6.696188942565755,18.98148148148148,3.44873859366613,0.06038647342995169,0.15432098765432098,,0.7179280730005367
168,20.564949006977994,29.62962962962963,13.41250670960816,6.414385399892646,6.535158346752549,18.793612453032743,3.44873859366613,0.06038647342995169,0.15432098765432098,,0.9863123993558777
169,20.618625872249062,29.62962962962963,13.378958668813741,6.414385399892646,6.535158346752549,18.78690284487386,3.435319377348363,0.06038647342995169,0.15432098765432098,,0.9863123993558777
170,20.658883521202362,29.622920021470748,13.352120236178207,6.414385399892646,6.528448738593666,18.78690284487386,3.435319377348363,0.06038647342995169,0.15432098765432098,,0.9863123993558777
171,20.75281803542673,29.57595276435856,13.33870101986044,6.394256575415996,6.528448738593666,18.773483628556093,3.435319377348363,0.06038647342995169,0.15432098765432098,,0.9863123993558777
172,20.78636607622115,28.29441760601181,13.305152979066023,7.648953301127214,6.501610305958132,18.82716049382716,3.435319377348363,0.06038647342995169,0.15432098765432098,,0.9863123993558777
173,20.71256038647343,28.166935050993022,13.211218464841654,7.461084272678476,6.501610305958132,19.03515834675255,3.7104133118625873,0.06038647342995169,0.15432098765432098,,0.9863123993558777
174,21.054750402576488,28.052871712292003,13.01663982823403,7.461084272678476,6.374127750939345,19.155931293612454,3.7104133118625873,0.06038647342995169,0.15432098765432098,,0.9594739667203436
175,20.71256038647343,28.368223295759528,13.009930220075148,7.447665056360709,6.488191089640365,19.122383252818036,3.6768652710681695,0.06038647342995169,0.15432098765432098,,0.9594739667203436
176,20.78636607622115,28.20048309178744,12.949543746645196,7.407407407407407,6.488191089640365,19.108964036500268,3.8848631239935587,0.06038647342995169,0.15432098765432098,,0.9594739667203436
177,20.873590982286636,28.173644659151904,13.09044551798175,7.39398819108964,6.461352657004831,19.0552871712292,3.8714439076757916,0.06038647342995169,0.12077294685990338,,0.8990874932903918
178,20.86688137412775,28.119967793880836,13.070316693505099,7.199409554482019,6.588835212023618,19.048577563070317,4.025764895330113,0.06038647342995169,0.12077294685990338,,0.8990874932903918
179,20.840042941492218,28.113258185721953,13.056897477187333,7.199409554482019,6.588835212023618,19.04186795491143,4.079441760601181,0.06038647342995169,0.12077294685990338,,0.8990874932903918
180,20.94068706387547,28.093129361245303,13.056897477187333,7.185990338164252,6.582125603864735,19.02173913043478,4.066022544283414,0.06038647342995169,0.12077294685990338,,0.8722490606548577
181,21.014492753623188,28.059581320450885,13.050187869028449,7.185990338164252,6.5485775630703165,19.02173913043478,4.066022544283414,0.06038647342995169,0.12077294685990338,,0.8722490606548577
182,21.162104133118625,27.66371443907676,12.99651100375738,7.085346215780999,6.481481481481482,19.008319914117017,4.549114331723027,0.06038647342995169,0.12077294685990338,,0.8722490606548577
183,21.296296296296298,27.657004830917874,12.962962962962964,7.085346215780999,6.474771873322598,18.377616747181964,5.166398282340311,0.06038647342995169,0.12077294685990338,,0.798443370907139
184,21.537842190016104,27.616747181964573,12.882447665056361,7.0383789586688135,6.461352657004831,18.337359098228664,5.146269457863661,0.06038647342995169,0.12077294685990338,,0.798443370907139
185,21.578099838969404,27.046430488459475,12.909286097691895,7.521470746108427,6.447933440687064,18.19645732689211,5.340848094471283,0.06038647342995169,0.10064412238325282,,0.798443370907139
186,21.504294149221685,26.878690284487387,12.801932367149758,7.367149758454106,6.320450885668277,18.968062265163713,5.199946323134729,0.06038647342995169,0.10064412238325282,,0.798443370907139
187,21.631776704240472,26.858561460010737,12.788513150831992,7.367149758454106,6.260064412238325,18.96135265700483,5.173107890499195,0.06038647342995169,0.10064412238325282,,0.798443370907139
188,21.833064949006978,26.778046162104133,12.721417069243156,7.367149758454106,6.1929683306494905,18.9747718733226,5.173107890499195,0.06038647342995169,0.10064412238325282,,0.798443370907139
189,21.846484165324746,26.717659688674182,12.694578636607622,7.367149758454106,6.179549114331723,18.947933440687063,5.287171229200215,0.06038647342995169,0.10064412238325282,,0.798443370907139
190,21.987385936661298,26.48953301127214,12.667740203972087,7.749597423510467,6.0654857756307035,18.766774020397207,5.314009661835748,0.06038647342995169,0.10064412238325282,,0.798443370907139
191,22.041062801932366,26.435856146001072,12.667740203972087,7.749597423510467,6.0654857756307035,18.766774020397207,5.314009661835748,0.06038647342995169,0.10064412238325282,,0.798443370907139
192,22.12157809983897,26.261406333870102,12.667740203972087,7.937466451959206,6.0654857756307035,18.706387546967257,5.280461621041331,0.06038647342995169,0.10064412238325282,,0.798443370907139
193,22.17525496511004,26.261406333870102,12.667740203972087,7.937466451959206,6.0654857756307035,18.552066559312937,5.246913580246914,0.06038647342995169,0.10064412238325282,,0.9326355340848095
194,22.114868491680085,26.174181427804616,12.620772946859903,7.830112721417069,6.038647342995169,18.80703166935051,5.320719269994632,0.06038647342995169,0.10064412238325282,,0.9326355340848095
195,21.906870638754697,25.335480407944175,12.406065485775631,8.111916264090176,7.018250134192163,18.632581857219538,5.515297906602254,0.06038647342995169,0.10064412238325282,,0.9125067096081588
196,21.880032206119164,25.174449812130973,12.406065485775631,8.031400966183575,6.991411701556629,18.632581857219538,5.810520665593129,0.06038647342995169,0.10064412238325282,,0.9125067096081588
197,21.886741814278047,25.07380568974772,12.406065485775631,8.071658615136876,6.991411701556629,18.53864734299517,5.958132045088567,0.06038647342995169,0.10064412238325282,,0.9125067096081588
198,21.987385936661298,24.97987117552335,12.607353730542137,8.071658615136876,6.857219538378959,18.50509930220075,5.917874396135265,0.06038647342995169,0.10064412238325282,,0.9125067096081588
199,21.4573268921095,24.282071926999464,12.486580783682234,7.843531937734836,6.474771873322598,20.79307568438003,5.589103596349974,0.06038647342995169,0.10064412238325282,,0.9125067096081588
200,21.591519055287172,24.174718196457327,12.513419216317766,7.87037037037037,6.421095008051529,20.739398819108963,5.522007514761138,0.06038647342995169,0.10064412238325282,,1.0064412238325282
201,21.69887278582931,24.14117015566291,12.493290391841116,7.87037037037037,6.380837359098229,20.73268921095008,5.515297906602254,0.06038647342995169,0.10064412238325282,,1.0064412238325282
202,22.088030059044552,24.033816425120772,12.493290391841116,7.87037037037037,6.380837359098229,20.45088566827697,5.515297906602254,0.06038647342995169,0.10064412238325282,,1.0064412238325282
203,22.034353193773484,23.711755233494365,13.211218464841654,7.7898550724637685,6.159420289855072,20.30998389694042,5.615942028985507,0.06038647342995169,0.10064412238325282,,1.0064412238325282
204,22.208803005904453,23.67149758454106,13.144122383252817,7.763016639828234,6.159420289855072,20.26972624798712,5.615942028985507,0.06038647342995169,0.10064412238325282,,1.0064412238325282
205,22.282608695652176,23.63123993558776,13.144122383252817,7.816693505099302,6.152710681696189,20.202630166398283,5.609232420826624,0.06038647342995169,0.10064412238325282,,0.9997316156736447
206,22.262479871175522,23.30246913580247,13.331991411701557,7.877079978529254,6.018518518518518,19.940955448201827,6.105743424584004,0.06038647342995169,0.10064412238325282,,0.9997316156736447
207,22.33628556092324,23.26892109500805,13.331991411701557,7.843531937734836,6.105743424584004,19.900697799248523,6.052066559312936,0.06038647342995169,0.10064412238325282,,0.9997316156736447
208,22.376543209876544,23.121309715512613,13.325281803542673,7.85024154589372,5.9447128287707995,19.860440150295222,6.360708534621578,0.06038647342995169,0.10064412238325282,,0.9997316156736447
209,22.5979602791197,22.765700483091788,13.325281803542673,8.017981749865807,6.045356951154052,19.659151905528716,6.360708534621578,0.06038647342995169,0.10064412238325282,,1.06682769726248
210,22.644927536231883,22.604669887278583,13.231347289318304,7.991143317230274,6.025228126677402,19.753086419753085,6.454643048845948,0.06038647342995169,0.16774020397208803,,1.06682769726248
211,22.644927536231883,22.269189479334408,13.150831991411701,8.064949006977992,6.125872249060655,19.719538378958667,6.729736983360172,0.06038647342995169,0.16774020397208803,,1.06682769726248
212,22.14170692431562,21.81964573268921,13.150831991411701,8.272946859903382,6.092324208266238,20.511272141706925,6.716317767042405,0.06038647342995169,0.16774020397208803,,1.06682769726248
213,22.148416532474503,21.806226516371442,13.150831991411701,8.272946859903382,6.031937734836285,20.497852925389157,6.709608158883521,0.06038647342995169,0.2549651100375738,,1.06682769726248
214,22.17525496511004,21.806226516371442,13.150831991411701,8.272946859903382,6.031937734836285,20.471014492753625,6.709608158883521,0.06038647342995169,0.2549651100375738,,1.06682769726248
215,22.10144927536232,21.69887278582931,13.425925925925926,8.32662372517445,5.938003220611916,20.43075684380032,6.696188942565755,0.06038647342995169,0.2549651100375738,,1.06682769726248
216,22.10144927536232,21.584809447128286,13.56682769726248,8.467525496511003,5.911164787976382,20.35024154589372,6.635802469135802,0.06038647342995169,0.2549651100375738,,1.06682769726248
217,22.383252818035427,21.443907675791735,13.546698872785829,8.440687063875469,5.870907139023081,20.303274288781534,6.629092860976919,0.06038647342995169,0.2549651100375738,,1.06682769726248
218,22.21551261406334,21.531132581857218,13.546698872785829,8.561460010735374,5.870907139023081,20.162372517444982,6.749865807836822,0.06038647342995169,0.2549651100375738,,1.0466988727858293
219,22.342995169082126,21.423778851315085,13.533279656468062,8.407139023081053,5.783682232957595,20.128824476650564,7.018250134192163,0.06038647342995169,0.2549651100375738,,1.0466988727858293
220,22.443639291465377,21.235909822866343,13.419216317767042,8.568169618894256,5.776972624798712,20.095276435856146,6.991411701556629,0.06038647342995169,0.2549651100375738,,1.1540526033279657
221,22.624798711755233,21.101717659688674,13.385668276972625,8.55475040257649,5.662909286097692,20.041599570585078,7.159151905528717,0.06038647342995169,0.2549651100375738,,1.1540526033279657
222,22.65834675254965,21.027911969940956,13.385668276972625,8.709071390230811,5.58239398819109,20.081857219538378,7.085346215780999,0.06038647342995169,0.2549651100375738,,1.1540526033279657
