,45,50,51,55,53,56,52,58,54,57,59,60,61,62
0,92.20343531937735,7.796564680622652,,,,,,,,,,,,
1,83.87010198604402,16.109769189479334,0.020128824476650563,,,,,,,,,,,
2,79.38808373590982,20.564949006977994,0.020128824476650563,0.026838432635534086,,,,,,,,,,
3,76.92565754159958,23.027375201288244,0.020128824476650563,0.026838432635534086,,,,,,,,,,
4,76.7914653784219,22.993827160493826,0.020128824476650563,0.19457863660762212,,,,,,,,,,
5,75.46967257112185,20.860171765968868,0.020128824476650563,0.5568974771873323,2.9589371980676327,0.13419216317767044,,,,,,,,
6,74.14787976382179,22.18196457326892,0.020128824476650563,0.5568974771873323,2.9589371980676327,0.13419216317767044,,,,,,,,
7,69.87385936661299,12.4597423510467,15.660225442834138,0.46296296296296297,1.5029522275899088,0.040257648953301126,,,,,,,,
8,66.90821256038647,12.084004294149223,11.352657004830919,0.46296296296296297,9.03113258185722,0.040257648953301126,0.12077294685990338,,,,,,,
9,66.70021470746109,12.325550187869029,11.33923778851315,0.4562533548040794,9.017713365539452,0.040257648953301126,0.12077294685990338,,,,,,,
10,55.75013419216318,23.369565217391305,11.272141706924316,0.4562533548040794,8.984165324745035,0.040257648953301126,0.12077294685990338,0.0067096081588835215,,,,,,
11,47.148416532474506,33.15217391304348,11.117820719269995,0.4562533548040794,7.830112721417069,0.16774020397208803,0.12077294685990338,0.0067096081588835215,,,,,,
12,47.155126140633385,32.9777241009125,11.104401502952227,0.5099302200751477,7.830112721417069,0.16774020397208803,0.12077294685990338,0.0067096081588835215,0.1274825550187869,,,,,
13,38.54669887278583,41.40499194847021,11.104401502952227,0.5099302200751477,7.7898550724637685,0.16774020397208803,0.12077294685990338,0.0067096081588835215,0.3488996242619431,,,,,
14,38.65405260332797,41.35131508319914,10.970209339774557,0.5099302200751477,7.763016639828234,0.27509393451422437,0.12077294685990338,0.0067096081588835215,0.3488996242619431,,,,,
15,38.73456790123457,41.22383252818035,10.970209339774557,0.5837359098228664,7.7361782071927,0.27509393451422437,0.12077294685990338,0.0067096081588835215,0.3488996242619431,,,,,
16,38.821792807300056,41.136607622114866,9.198872785829307,0.5837359098228664,7.7361782071927,0.11406333870101985,0.12077294685990338,0.0067096081588835215,2.281266774020397,,,,,
17,38.96269457863661,40.86151368760064,9.078099838969404,0.7514761137949544,7.709339774557166,0.2281266774020397,0.12077294685990338,0.0067096081588835215,2.281266774020397,,,,,
18,34.15190552871712,25.34219001610306,32.43424584004294,0.7514761137949544,4.30756843800322,0.6575415995705851,0.12077294685990338,0.0067096081588835215,2.227589908749329,,,,,
19,34.21900161030596,25.328770799785293,32.380568974771876,0.7514761137949544,4.30756843800322,0.6575415995705851,0.12077294685990338,0.0067096081588835215,2.227589908749329,,,,,
20,34.15190552871712,24.194847020933977,32.13231347289318,0.9460547504025765,4.274020397208803,0.8387010198604401,1.2278582930756843,0.0067096081588835215,2.227589908749329,,,,,
21,34.15190552871712,21.470746108427267,31.407675791733762,0.9393451422436929,6.702898550724638,0.8588298443370908,1.2278582930756843,0.020128824476650563,3.2206119162640903,,,,,
22,34.0378421900161,21.22920021470746,31.749865807836823,0.9393451422436929,6.6760601180891035,0.9728931830381106,1.1272141706924315,0.020128824476650563,3.2206119162640903,0.026838432635534086,,,,
23,34.11835748792271,21.22920021470746,31.723027375201287,0.9393451422436929,6.635802469135802,0.9728931830381106,1.1272141706924315,0.020128824476650563,3.207192699946323,0.026838432635534086,,,,
24,29.622920021470748,32.6154052603328,24.973161567364468,1.0869565217391304,6.622383252818035,0.6977992485238862,1.1272141706924315,0.020128824476650563,3.207192699946323,0.026838432635534086,,,,
25,27.046430488459475,35.258990874932906,24.745034889962426,1.0869565217391304,6.474771873322598,0.6977992485238862,1.1272141706924315,0.020128824476650563,3.515834675254965,0.026838432635534086,,,,
26,26.221148684916802,35.57434245840043,24.704777241009126,1.0735373054213635,6.468062265163715,0.7380568974771873,1.6572732152442298,0.020128824476650563,3.515834675254965,0.026838432635534086,,,,
27,26.247987117552334,34.09151905528717,23.22866344605475,0.9192163177670424,8.353462157809984,0.6642512077294686,1.6572732152442298,0.013419216317767043,4.797369833601718,0.026838432635534086,,,,
28,24.932903918411164,35.49382716049383,23.1682769726248,0.9393451422436929,8.32662372517445,0.6910896403650026,1.6572732152442298,0.013419216317767043,4.750402576489533,0.026838432635534086,,,,
29,25.140901771336555,35.35292538915727,23.11460010735373,0.9460547504025765,8.319914117015566,0.6910896403650026,1.6572732152442298,0.013419216317767043,4.736983360171766,0.026838432635534086,,,,
30,21.316425120772948,39.861782071927,22.886473429951693,0.9728931830381106,7.9106280193236715,0.5837359098228664,1.6572732152442298,0.013419216317767043,4.770531400966184,0.026838432635534086,,,,
31,21.564680622651636,39.781266774020395,22.69189479334407,0.95276435856146,7.856951154052603,0.7179280730005367,1.6572732152442298,0.013419216317767043,4.736983360171766,0.026838432635534086,,,,
32,21.564680622651636,39.14385399892646,24.61755233494364,0.95276435856146,6.595544820182502,0.7514761137949544,1.6304347826086956,0.013419216317767043,4.703435319377348,0.026838432635534086,,,,
33,19.135802469135804,41.136607622114866,24.208266237251745,0.8722490606548577,7.548309178743962,0.7313472893183038,1.6304347826086956,0.0067096081588835215,4.703435319377348,0.026838432635534086,,,,
34,17.8743961352657,36.13794954374664,29.1532474503489,1.42914653784219,7.004830917874396,0.5770263016639828,1.6304347826086956,0.0067096081588835215,6.025228126677402,0.026838432635534086,0.13419216317767044,,,
35,17.250402576489535,29.17337627482555,35.218733225979605,1.2748255501878691,7.024959742351046,2.2342995169082127,1.6304347826086956,0.0067096081588835215,6.025228126677402,0.026838432635534086,0.13419216317767044,,,
36,16.566022544283413,28.878153515834676,36.14465915190553,1.2748255501878691,7.024959742351046,2.2879763821792807,1.6304347826086956,0.0067096081588835215,6.025228126677402,0.026838432635534086,0.13419216317767044,,,
37,16.70692431561997,28.77079978529254,35.16505636070853,2.5026838432635534,6.957863660762212,2.254428341384863,1.6304347826086956,0.0067096081588835215,5.810520665593129,0.026838432635534086,0.13419216317767044,0.03354804079441761,,
38,16.814278046162105,28.650026838432634,35.10466988727858,2.4691358024691357,6.957863660762212,2.254428341384863,1.6304347826086956,0.0067096081588835215,5.917874396135265,0.026838432635534086,0.13419216317767044,0.03354804079441761,,
39,15.780998389694043,29.777241009125067,35.09125067096082,2.4691358024691357,6.910896403650026,2.254428341384863,1.6304347826086956,0.040257648953301126,5.850778314546431,0.026838432635534086,0.13419216317767044,0.03354804079441761,,
40,15.83467525496511,29.824208266237253,34.47396672034353,2.4691358024691357,6.830381105743425,2.831454643048846,1.6304347826086956,0.0939345142243693,5.8172302737520125,0.026838432635534086,0.13419216317767044,0.03354804079441761,,
41,16.002415458937197,29.824208266237253,34.33977455716586,2.4691358024691357,6.8035426731078905,2.831454643048846,1.6304347826086956,0.0939345142243693,5.810520665593129,0.026838432635534086,0.13419216317767044,0.03354804079441761,,
42,16.129898013955984,28.985507246376812,33.7157809983897,2.475845410628019,6.8035426731078905,2.804616210413312,1.6304347826086956,0.0939345142243693,7.1658615136876005,0.026838432635534086,0.13419216317767044,0.03354804079441761,,
43,14.781266774020397,28.65673644659152,42.069243156199676,2.8784219001610305,2.985775630703167,0.7716049382716049,1.6304347826086956,0.013419216317767043,6.052066559312936,0.026838432635534086,0.13419216317767044,,,
44,14.774557165861514,28.502415458937197,40.90177133655394,2.9589371980676327,4.30756843800322,0.7313472893183038,1.596886741814278,0.013419216317767043,6.031937734836285,0.026838432635534086,0.13419216317767044,0.020128824476650563,,
45,14.801395598497047,28.039452495974235,37.07729468599034,2.9388083735909825,7.809983896940419,2.200751476113795,1.596886741814278,0.013419216317767043,5.320719269994632,0.04696725711218465,0.13419216317767044,0.020128824476650563,,
46,14.962426194310252,27.9723564143854,37.03703703703704,2.965646806226516,7.809983896940419,2.15378421900161,1.596886741814278,0.013419216317767043,5.287171229200215,0.04696725711218465,0.13419216317767044,0.020128824476650563,,
47,14.935587761674718,27.885131508319915,34.5276435856146,3.0193236714975846,8.682232957595277,1.133923778851315,1.583467525496511,0.040257648953301126,7.991143317230274,0.04696725711218465,0.13419216317767044,0.020128824476650563,,
48,15.08990874932904,27.750939345142243,34.47396672034353,2.9924852388620504,8.769457863660762,1.133923778851315,1.583467525496511,0.040257648953301126,7.96430488459474,0.04696725711218465,0.13419216317767044,0.020128824476650563,,
49,15.143585614600108,27.72410091250671,33.54804079441761,2.9924852388620504,9.695383789586689,1.107085346215781,1.583467525496511,0.040257648953301126,7.96430488459474,0.04696725711218465,0.13419216317767044,0.020128824476650563,,
50,15.24422973698336,27.67042404723564,33.46081588835212,2.9723564143853998,9.688674181427805,1.133923778851315,1.583467525496511,0.040257648953301126,8.004562533548041,0.04696725711218465,0.13419216317767044,0.020128824476650563,,
51,15.425389157273216,27.657004830917874,33.279656468062264,2.9723564143853998,9.688674181427805,1.1674718196457328,1.583467525496511,0.040257648953301126,7.98443370907139,0.04696725711218465,0.13419216317767044,0.020128824476650563,,
52,15.539452495974235,27.61003757380569,33.25952764358561,2.999194847020934,9.634997316156737,1.1674718196457328,1.583467525496511,0.040257648953301126,7.96430488459474,0.04696725711218465,0.13419216317767044,0.020128824476650563,,
53,15.60654857756307,27.583199141170155,32.870370370370374,2.999194847020934,8.548040794417606,1.1540526033279657,3.066290928609769,0.013419216317767043,7.957595276435856,0.04696725711218465,0.13419216317767044,0.020128824476650563,,
54,15.593129361245303,27.17391304347826,32.15915190552872,2.999194847020934,9.71551261406334,1.1808910359634996,3.046162104133119,0.013419216317767043,7.944176060118089,0.020128824476650563,0.13419216317767044,0.020128824476650563,,
55,15.619967793880837,26.663982823403114,32.06521739130435,2.999194847020934,11.466720343531938,1.1473429951690821,3.046162104133119,0.013419216317767043,6.810252281266774,0.020128824476650563,0.13419216317767044,0.013419216317767043,,
56,14.88191089640365,30.434782608695652,30.173107890499196,2.985775630703167,10.339506172839506,1.1473429951690821,3.046162104133119,0.013419216317767043,6.810252281266774,0.020128824476650563,0.13419216317767044,0.013419216317767043,,
57,14.99597423510467,30.401234567901234,30.152979066022546,2.985775630703167,10.339506172839506,1.1473429951690821,2.999194847020934,0.013419216317767043,6.796833064949007,0.020128824476650563,0.13419216317767044,0.013419216317767043,,
58,12.359098228663447,28.468867418142782,36.460010735373054,3.066290928609769,9.782608695652174,0.9796027911969941,1.5633387010198605,0.04696725711218465,7.105475040257649,0.020128824476650563,0.13419216317767044,0.013419216317767043,,
59,12.493290391841116,28.381642512077295,36.252012882447666,3.1199677938808374,9.769189479334408,1.1272141706924315,1.5365002683843263,0.04696725711218465,7.105475040257649,0.020128824476650563,0.13419216317767044,0.013419216317767043,,
60,12.68786902844874,28.307836822329577,35.11137949543747,4.448470209339774,9.648416532474503,0.9594739667203436,1.5365002683843263,0.026838432635534086,7.105475040257649,0.020128824476650563,0.13419216317767044,0.013419216317767043,,
61,12.795222758990874,28.28099838969404,35.057702630166396,4.441760601180891,9.648416532474503,0.9594739667203436,1.5365002683843263,0.026838432635534086,7.085346215780999,0.020128824476650563,0.13419216317767044,0.013419216317767043,,
62,12.721417069243156,26.7914653784219,36.35265700483092,4.441760601180891,10.607890499194847,1.0802469135802468,1.5365002683843263,0.026838432635534086,6.273483628556092,0.020128824476650563,0.13419216317767044,0.013419216317767043,,
63,12.835480407944177,26.670692431561996,35.81588835212023,4.441760601180891,10.701825013419215,1.556629092860977,1.5365002683843263,0.026838432635534086,6.152710681696189,0.020128824476650563,0.13419216317767044,0.10735373054213634,,
64,13.123993558776167,26.603596349973163,35.69511540526033,4.40150295222759,10.668276972624799,1.556629092860977,1.5365002683843263,0.026838432635534086,6.125872249060655,0.020128824476650563,0.13419216317767044,0.10735373054213634,,
65,11.768652710681696,20.685721953837895,47.014224369296834,3.844605475040258,8.668813741277509,1.737788513150832,1.9122383252818036,0.020128824476650563,4.327697262479871,0.020128824476650563,,,,
66,11.956521739130435,20.638754696725712,46.63848631239936,3.6231884057971016,9.138486312399356,1.7914653784219001,1.8317230273752012,0.020128824476650563,4.314278046162104,0.04696725711218465,,,,
67,12.090713902308105,20.585077831454644,45.1959205582394,3.5963499731615673,9.131776704240472,1.8317230273752012,3.374932903918411,0.020128824476650563,4.126409017713366,0.04696725711218465,,,,
68,12.124261943102523,20.41062801932367,44.75979602791197,3.5963499731615673,9.111647879763822,1.9256575415995705,3.717122920021471,0.020128824476650563,4.28743961352657,0.04696725711218465,,,,
69,12.332259796027913,20.397208803005906,43.82045088566828,4.394793344068707,8.964036500268385,2.046430488459474,3.717122920021471,0.020128824476650563,4.260601180891036,0.04696725711218465,,,,
70,12.399355877616747,20.38378958668814,43.76677402039721,4.394793344068707,8.903650026838433,2.1068169618894257,3.717122920021471,0.020128824476650563,4.260601180891036,0.04696725711218465,,,,
71,12.560386473429952,20.356951154052602,43.646001073537306,4.408212560386473,8.849973161567364,2.1068169618894257,3.717122920021471,0.04696725711218465,4.260601180891036,0.04696725711218465,,,,
72,12.446323134728932,19.343800322061192,46.22920021470746,4.455179817498658,7.4006977992485234,2.100107353730542,3.69699409554482,0.04696725711218465,4.233762748255502,0.04696725711218465,,,,
73,9.96376811594203,24.664519592055825,44.887278582930755,3.6366076221148687,7.226247987117552,1.9122383252818036,3.3548040794417604,0.04696725711218465,4.193505099302201,0.08051529790660225,0.03354804079441761,,,
74,10.299248523886206,24.537037037037038,44.69940955448202,3.6768652710681695,7.212828770799785,1.8988191089640365,3.3548040794417604,0.04696725711218465,4.159957058507783,0.08051529790660225,0.03354804079441761,,,
75,10.44015029522276,24.335748792270532,44.296833064949006,4.146537842190016,7.206119162640902,1.8988191089640365,3.3548040794417604,0.04696725711218465,4.159957058507783,0.08051529790660225,0.03354804079441761,,,
76,10.527375201288244,24.235104669887278,43.27697262479871,4.1129898013955986,8.172302737520129,1.9659151905528718,3.3548040794417604,0.04696725711218465,4.193505099302201,0.08051529790660225,0.03354804079441761,,,
77,10.82259796027912,24.168008588298445,43.20987654320987,4.146537842190016,7.991143317230274,1.9659151905528718,3.3548040794417604,0.04696725711218465,4.180085882984434,0.08051529790660225,0.03354804079441761,,,
78,10.795759527643586,24.14787976382179,43.12265163714439,4.146537842190016,8.299785292538916,1.892109500805153,3.3548040794417604,0.04696725711218465,4.0995705850778315,0.08051529790660225,0.013419216317767043,,,
79,11.023886205045626,24.060654857756308,43.022007514761135,4.146537842190016,8.239398819108963,1.892109500805153,3.3548040794417604,0.06709608158883522,4.0995705850778315,0.08051529790660225,0.013419216317767043,,,
80,10.876274825550189,23.47691894793344,40.49248523886205,4.166666666666667,8.225979602791197,1.8518518518518519,6.615673644659152,0.06709608158883522,4.0995705850778315,0.11406333870101985,0.013419216317767043,,,
81,10.95679012345679,23.336017176596886,38.96269457863661,4.2270531400966185,8.07836822329576,1.8518518518518519,8.293075684380032,0.06709608158883522,4.0995705850778315,0.11406333870101985,0.013419216317767043,,,
82,10.198604401502953,21.423778851315085,43.23000536768653,4.159957058507783,8.07836822329576,1.8719806763285025,6.756575415995706,0.06709608158883522,4.05931293612453,0.14090177133655393,0.013419216317767043,,,
83,9.769189479334408,21.349973161567366,37.895866881374126,3.3548040794417604,8.05823939881911,1.6639828234031133,14.06333870101986,0.06709608158883522,3.6231884057971016,0.14090177133655393,0.013419216317767043,,,
84,9.876543209876543,21.34326355340848,37.76838432635534,3.3548040794417604,8.085077831454644,1.6975308641975309,14.06333870101986,0.06709608158883522,3.589640365002684,0.14090177133655393,0.013419216317767043,,,
85,10.044283413848632,21.309715512614062,37.714707461084274,3.3548040794417604,8.05823939881911,1.6975308641975309,14.009661835748792,0.06709608158883522,3.589640365002684,0.14090177133655393,0.013419216317767043,,,
86,10.158346752549651,21.309715512614062,36.35265700483092,3.3279656468062266,9.205582393988191,1.8451422436929683,13.989533011272142,0.06709608158883522,3.589640365002684,0.14090177133655393,0.013419216317767043,,,
87,10.171765968867419,21.309715512614062,34.50080515297907,3.3279656468062266,11.466720343531938,1.8451422436929683,13.539989264626946,0.0939345142243693,3.5628019323671496,0.14090177133655393,0.040257648953301126,,,
88,10.473698336017177,21.162104133118625,34.38674181427805,3.3548040794417604,11.466720343531938,1.8451422436929683,13.493022007514762,0.0939345142243693,3.5426731078904994,0.14090177133655393,0.040257648953301126,,,
89,10.178475577026301,19.685990338164252,35.68169618894257,2.8515834675254963,11.43317230273752,1.8786902844873858,14.600107353730541,0.1274825550187869,3.3816425120772946,0.14090177133655393,0.040257648953301126,,,
90,10.332796564680622,19.672571121846484,35.06441223832528,3.9989264626945786,11.084272678475577,1.6035963499731616,14.553140096618357,0.1274825550187869,3.3816425120772946,0.14090177133655393,0.040257648953301126,,,
91,9.769189479334408,15.83467525496511,40.59983896940419,3.7037037037037037,10.487117552334944,1.570048309178744,14.412238325281804,0.1274825550187869,3.2541599570585076,0.20128824476650564,0.040257648953301126,,,
92,9.634997316156737,15.351583467525497,41.727053140096615,3.44873859366613,10.446859903381643,1.415727321524423,14.351851851851851,0.1610305958132045,3.2206119162640903,0.20128824476650564,0.040257648953301126,,,
93,8.856682769726248,14.459205582393988,41.86124530327429,3.3816425120772946,9.957058507783145,1.2412775093934514,14.2914653784219,0.1610305958132045,5.548845947396672,0.20128824476650564,0.040257648953301126,,,
94,8.950617283950617,14.445786366076222,41.727053140096615,3.3548040794417604,9.916800858829845,1.2815351583467525,14.264626945786366,0.1610305958132045,5.508588298443371,0.3488996242619431,0.040257648953301126,,,
95,7.098765432098766,8.80300590445518,59.13848631239936,2.1940418679549114,6.139291465378422,1.133923778851315,12.164519592055823,0.10064412238325282,3.066290928609769,0.13419216317767044,0.026838432635534086,,,
96,7.25979602791197,8.789586688137414,55.81052066559313,2.2074610842726785,8.105206655931294,1.133923778851315,13.419216317767042,0.10064412238325282,3.012614063338701,0.13419216317767044,0.026838432635534086,,,
97,7.467793880837359,8.789586688137414,55.62265163714439,2.2208803005904456,8.105206655931294,1.133923778851315,13.39237788513151,0.10064412238325282,3.0059044551798175,0.13419216317767044,0.026838432635534086,,,
98,7.192699946323135,7.286634460547504,54.71685453569511,2.1806226516371443,8.07836822329576,1.2010198604401503,16.10305958132045,0.10064412238325282,2.9790660225442833,0.13419216317767044,0.026838432635534086,,,
99,7.521470746108427,7.286634460547504,53.98550724637681,2.4221685453569513,8.05823939881911,1.3955984970477724,16.089640365002683,0.10064412238325282,2.9790660225442833,0.13419216317767044,0.026838432635534086,,,
100,7.675791733762749,7.286634460547504,53.254159957058505,2.8784219001610305,8.038110574342458,1.556629092860977,16.069511540526033,0.10064412238325282,2.9790660225442833,0.13419216317767044,0.026838432635534086,,,
101,7.823403113258186,7.286634460547504,52.18733225979603,3.965378421900161,8.038110574342458,1.7042404723564144,15.754159957058508,0.10064412238325282,2.9790660225442833,0.13419216317767044,0.026838432635534086,,,
102,7.883789586688137,7.192699946323135,52.09339774557166,3.965378421900161,8.004562533548041,2.0263016639828235,15.324745034889963,0.33548040794417605,2.9790660225442833,0.16774020397208803,0.026838432635534086,,,
103,7.937466451959206,7.152442297369833,52.03972088030059,3.9989264626945786,8.004562533548041,2.0263016639828235,15.28448738593666,0.33548040794417605,2.9723564143853998,0.2214170692431562,0.026838432635534086,,,
104,8.185721953837897,7.098765432098766,51.86527106816962,4.019055287171229,7.991143317230274,2.0933977455716586,15.197262479871176,0.33548040794417605,2.965646806226516,0.2214170692431562,0.026838432635534086,,,
105,8.420558239398819,7.098765432098766,51.77133655394525,4.086151368760064,7.9106280193236715,2.0531400966183573,15.150295222758992,0.3153515834675255,2.945517981749866,0.2214170692431562,0.026838432635534086,,,
106,8.608427267847558,7.098765432098766,51.15405260332797,4.012345679012346,7.877079978529254,2.033011272141707,15.660225442834138,0.3153515834675255,2.9589371980676327,0.2549651100375738,0.026838432635534086,,,
107,8.668813741277509,7.058507783145465,48.148148148148145,5.213365539452496,8.501073537305421,2.01959205582394,15.566290928609769,0.3153515834675255,4.166666666666667,0.3153515834675255,0.026838432635534086,,,
108,8.702361782071927,6.937734836285561,46.745840042941495,5.5689747718733225,8.480944712828771,2.0128824476650564,17.102791196994094,0.3153515834675255,3.7909286097691894,0.3153515834675255,0.026838432635534086,,,
109,8.527911969940956,6.937734836285561,45.30327428878154,5.528717122920021,10.742082662372518,1.9994632313472893,17.01556629092861,0.3488996242619431,3.2541599570585076,0.3153515834675255,0.026838432635534086,,,
110,8.648684916800859,6.937734836285561,45.128824476650564,5.555555555555555,10.721953837895867,2.0665593129361244,16.894793344068706,0.3488996242619431,3.2541599570585076,0.41599570585077833,0.026838432635534086,,,
111,8.641975308641975,6.776704240472356,45.3972088030059,5.528717122920021,10.721953837895867,2.0665593129361244,16.847826086956523,0.3488996242619431,3.227321524422974,0.41599570585077833,0.026838432635534086,,,
112,8.923778851315083,6.769994632313473,45.148953301127214,5.501878690284487,10.701825013419215,2.0665593129361244,16.847826086956523,0.3488996242619431,3.280998389694042,0.3824476650563607,0.026838432635534086,,,
113,9.131776704240472,6.769994632313473,44.87385936661299,5.542136339237788,10.701825013419215,2.167203435319377,16.820987654320987,0.3757380568974772,3.207192699946323,0.3824476650563607,0.026838432635534086,,,
114,9.333064949006978,6.763285024154589,44.7866344605475,5.528717122920021,10.681696188942565,2.1403650026838434,16.774020397208805,0.3757380568974772,3.207192699946323,0.3824476650563607,0.026838432635534086,,,
115,8.111916264090176,5.340848094471283,53.274288781535155,3.743961352657005,9.292807300053678,2.006172839506173,14.398819108964037,0.3488996242619431,3.0394524959742353,0.41599570585077833,0.026838432635534086,,,
116,8.158883521202362,5.340848094471283,53.07971014492754,3.743961352657005,9.292807300053678,2.1269457863660763,14.398819108964037,0.3488996242619431,3.066290928609769,0.41599570585077833,0.026838432635534086,,,
117,8.373590982286634,5.139559849704777,52.91867954911433,3.7372517444981215,9.494095544820183,2.1269457863660763,14.298174986580785,0.4025764895330113,3.066290928609769,0.41599570585077833,0.026838432635534086,,,
118,5.776972624798712,47.134997316156735,33.76945786366076,2.100107353730542,2.885131508319914,0.8923778851315083,6.239935587761675,,1.0131508319914118,0.1878690284487386,,,,
119,5.870907139023081,44.89398819108964,28.79092860976919,2.6301663982823404,2.3215244229736984,0.8923778851315083,12.359098228663447,,2.0799785292538915,0.1610305958132045,,,,
120,5.984970477724101,44.04857756307032,28.75067096081589,3.4017713365539453,2.3215244229736984,0.8923778851315083,12.359098228663447,,2.0799785292538915,0.1610305958132045,,,,
121,6.172839506172839,44.03515834675255,28.522544283413847,3.421900161030596,2.3215244229736984,0.9460547504025765,12.338969404186795,,2.0799785292538915,0.1610305958132045,,,,
122,6.421095008051529,43.934514224369295,28.428609769189478,3.421900161030596,2.3215244229736984,0.9796027911969941,12.157809983896941,,2.1739130434782608,0.1610305958132045,,,,
123,6.541867954911433,43.853998926462694,28.395061728395063,3.4286097691894795,2.3215244229736984,0.9796027911969941,12.144390767579173,,2.1739130434782608,0.1610305958132045,,,,
124,6.615673644659152,43.833870101986044,28.368223295759528,3.4017713365539453,2.3215244229736984,0.9796027911969941,12.144390767579173,,2.1739130434782608,0.1610305958132045,,,,
125,6.4345142243692965,43.78019323671498,28.361513687600645,3.6500268384326353,2.3215244229736984,0.9796027911969941,12.13768115942029,,2.1739130434782608,0.1610305958132045,,,,
126,6.837090713902308,43.47826086956522,28.287707997852927,3.69699409554482,2.3215244229736984,0.9796027911969941,12.090713902308105,,2.147074610842727,0.1610305958132045,,,,
127,7.058507783145465,43.35748792270532,27.79790660225443,3.6902844873859366,2.314814814814815,1.4090177133655395,12.037037037037036,,2.147074610842727,0.1878690284487386,,,,
128,6.66935050993022,42.82071926999463,27.449006977992486,5.005367686527107,2.254428341384863,1.42914653784219,12.037037037037036,,2.147074610842727,0.1878690284487386,,,,
129,6.743156199677939,42.68652710681696,26.858561460010737,5.622651637144391,2.254428341384863,1.5096618357487923,12.016908212560386,,2.120236178207193,0.1878690284487386,,,,
130,6.521739130434782,41.93505099302201,25.85212023617821,5.5689747718733225,4.448470209339774,1.6572732152442298,13.197799248523886,,0.630703166935051,0.1878690284487386,,,,
131,6.662640901771336,40.3918411164788,25.15432098765432,8.152173913043478,4.441760601180891,1.3553408480944713,13.023349436392914,,0.630703166935051,0.1878690284487386,,,,
132,6.521739130434782,39.15727321524423,25.51663982823403,8.152173913043478,4.441760601180891,1.3217928073000538,13.023349436392914,,1.6774020397208802,0.1878690284487386,,,,
133,6.709608158883521,39.01637144390767,27.086688137412775,8.225979602791197,4.414922168545357,1.3083735909822867,11.332528180354267,,1.6774020397208802,0.2281266774020397,,,,
134,6.877348362855609,38.85534084809447,27.006172839506174,8.266237251744498,4.40150295222759,1.3352120236178207,11.3191089640365,,1.710950080515298,0.2281266774020397,,,,
135,7.078636607622115,38.53327965646806,26.710950080515296,8.246108427267847,4.374664519592056,1.8115942028985508,11.285560923242082,0.020128824476650563,1.710950080515298,0.2281266774020397,,,,
136,7.300053676865271,38.0300590445518,25.617283950617285,8.293075684380032,4.240472356414386,3.3413848631239937,11.218464841653248,0.020128824476650563,1.710950080515298,0.2281266774020397,,,,
137,7.514761137949543,37.82877079978529,24.818840579710145,8.293075684380032,5.609232420826624,3.502415458937198,10.466988727858293,0.020128824476650563,1.710950080515298,0.23483628556092323,,,,
138,7.7361782071927,37.68786902844874,24.818840579710145,8.225979602791197,5.58239398819109,3.455448201825013,10.466988727858293,0.08051529790660225,1.710950080515298,0.23483628556092323,,,,
139,7.407407407407407,36.9296833064949,26.31508319914117,8.494363929146537,5.5689747718733225,2.9723564143853998,10.359634997316157,0.08051529790660225,1.5297906602254427,0.3421900161030596,,,,
140,7.514761137949543,36.902844873859365,26.25469672571122,8.400429414922169,5.555555555555555,3.0059044551798175,10.339506172839506,0.15432098765432098,1.5297906602254427,0.3421900161030596,,,,
141,7.675791733762749,36.82903918411165,26.20101986044015,8.433977455716587,5.555555555555555,2.9790660225442833,10.258990874932904,0.15432098765432098,1.5297906602254427,0.3824476650563607,,,,
142,7.816693505099302,36.73510466988728,26.167471819645733,8.454106280193237,5.542136339237788,3.012614063338701,10.205314009661835,0.15432098765432098,1.5297906602254427,0.3824476650563607,,,,
143,6.528448738593666,15.13016639828234,52.99919484702093,4.126409017713366,5.005367686527107,4.609500805152979,9.722222222222221,0.020128824476650563,1.4761137949543746,0.3824476650563607,,,,
144,6.729736983360172,15.103327965646805,52.56977992485239,4.126409017713366,4.99194847020934,4.367954911433173,9.702093397745571,0.020128824476650563,1.4761137949543746,0.8856682769726248,,,0.026838432635534086,
145,6.964573268921095,15.063070316693505,52.43558776167472,4.092860976918948,4.99194847020934,4.367954911433173,9.675254965110037,0.020128824476650563,1.4761137949543746,0.8856682769726248,,,0.026838432635534086,
146,7.206119162640902,15.056360708534621,52.21417069243156,4.126409017713366,4.9651100375738055,4.408212560386473,9.628287707997853,0.020128824476650563,1.4626945786366077,0.8856682769726248,,,0.026838432635534086,
147,7.239667203435319,14.962426194310252,52.01959205582394,4.126409017713366,4.99194847020934,4.656468062265164,9.608158883521202,0.020128824476650563,1.4626945786366077,0.8856682769726248,,,0.026838432635534086,
148,7.440955448201825,14.962426194310252,51.952495974235106,4.066022544283414,4.99194847020934,4.656468062265164,9.581320450885668,0.020128824476650563,1.415727321524423,0.8856682769726248,,,0.026838432635534086,
149,7.595276435856146,14.9020397208803,51.84514224369297,4.066022544283414,4.99194847020934,4.669887278582931,9.581320450885668,0.020128824476650563,1.415727321524423,0.8856682769726248,,,0.026838432635534086,
150,7.769726247987117,14.868491680085883,51.69753086419753,4.052603327965647,4.99194847020934,4.7101449275362315,9.5276435856146,0.020128824476650563,1.415727321524423,0.9192163177670424,,,0.026838432635534086,
151,7.776435856146001,14.868491680085883,48.47691894793344,4.052603327965647,4.985238862050457,6.716317767042405,9.225711218464841,0.020128824476650563,2.932098765432099,0.9192163177670424,,,0.026838432635534086,
152,7.648953301127214,14.083467525496511,47.75228126677402,4.005636070853462,4.985238862050457,8.400429414922169,9.225711218464841,0.020128824476650563,2.932098765432099,0.9192163177670424,,,0.026838432635534086,
153,7.776435856146001,14.049919484702093,47.69189479334407,4.005636070853462,4.985238862050457,8.36688137412775,9.225711218464841,0.020128824476650563,2.932098765432099,0.9192163177670424,,,0.026838432635534086,
154,7.588566827697263,13.902308105206655,40.49248523886205,3.824476650563607,12.157809983896941,9.541062801932368,8.870101986044014,0.020128824476650563,2.9253891572732154,0.6508319914117016,,,0.026838432635534086,
155,7.648953301127214,13.882179280730005,39.96913580246913,3.8177670424047236,12.130971551261407,10.00402576489533,8.870101986044014,0.020128824476650563,2.952227589908749,0.6508319914117016,,,0.05367686527106817,
156,7.796564680622652,13.882179280730005,39.398819108964034,3.8177670424047236,12.117552334943639,10.520665593129362,8.78287707997853,0.020128824476650563,2.945517981749866,0.6374127750939346,,,0.08051529790660225,
157,7.971014492753623,13.868760064412239,39.32501341921632,3.8177670424047236,12.104133118625873,10.48040794417606,8.749329039184111,0.020128824476650563,2.945517981749866,0.6374127750939346,,,0.08051529790660225,
158,8.132045088566828,13.801663982823403,39.2512077294686,3.797638217928073,12.077294685990339,10.513955984970478,8.749329039184111,0.020128824476650563,2.9388083735909825,0.6374127750939346,,,0.08051529790660225,
159,8.259527643585615,13.761406333870102,39.210950080515296,3.797638217928073,12.037037037037036,10.534084809447128,8.722490606548577,0.020128824476650563,2.9388083735909825,0.6374127750939346,,,0.08051529790660225,
160,8.53462157809984,13.647342995169081,38.95598497047772,3.784219001610306,12.030327428878154,10.61460010735373,8.568169618894256,0.020128824476650563,2.9388083735909825,0.8252818035426731,,,0.08051529790660225,
161,8.68894256575416,13.546698872785829,38.828502415458935,3.8714439076757916,12.016908212560386,10.601180891035963,8.548040794417606,0.020128824476650563,2.9723564143853998,0.8252818035426731,,,0.08051529790660225,
162,8.82313472893183,13.546698872785829,38.69431025228127,3.8714439076757916,12.016908212560386,10.601180891035963,8.548040794417606,0.020128824476650563,2.9723564143853998,0.8252818035426731,,,0.08051529790660225,
163,8.917069243156199,13.533279656468062,38.63392377885131,3.8714439076757916,11.990069779924852,10.621309715512615,8.514492753623188,0.04696725711218465,2.9723564143853998,0.8252818035426731,0.020128824476650563,,0.05367686527106817,
164,9.037842190016104,13.499731615673644,38.61379495437466,3.878153515834675,11.876006441223833,10.59447128287708,8.501073537305421,0.1274825550187869,2.9723564143853998,0.8252818035426731,0.020128824476650563,,0.05367686527106817,
165,9.131776704240472,13.466183574879228,37.4194847020934,3.878153515834675,11.782071926999464,11.600912506709609,8.447396672034353,0.1274825550187869,2.9589371980676327,1.1137949543746646,0.020128824476650563,,0.05367686527106817,
166,9.232420826623725,13.446054750402576,37.3389694041868,3.9049919484702094,11.728395061728396,11.580783682232958,8.420558239398819,0.1610305958132045,2.9589371980676327,1.1137949543746646,0.06038647342995169,,0.05367686527106817,
167,9.4873859366613,13.419216317767042,37.01690821256039,3.898282340311326,11.668008588298443,11.446591519055287,8.393719806763285,0.1610305958132045,2.9589371980676327,1.4358561460010735,0.06038647342995169,,0.05367686527106817,
168,9.75577026301664,13.358829844337091,36.943102522812666,3.8848631239935587,11.634460547504025,11.419753086419753,8.393719806763285,0.1610305958132045,2.932098765432099,1.402308105206656,0.06038647342995169,,0.05367686527106817,
169,9.88996242619431,13.331991411701557,36.902844873859365,3.8848631239935587,11.634460547504025,11.392914653784219,8.353462157809984,0.1610305958132045,2.932098765432099,1.402308105206656,0.06038647342995169,,0.05367686527106817,
170,10.010735373054214,13.311862587224907,36.64787976382179,3.9049919484702094,11.741814278046162,11.426462694578637,8.3467525496511,0.1610305958132045,2.932098765432099,1.402308105206656,0.06038647342995169,,0.05367686527106817,
171,10.151637144390767,13.291733762748256,36.580783682232955,3.878153515834675,11.580783682232958,11.419753086419753,8.299785292538916,0.1610305958132045,3.066290928609769,1.42914653784219,0.06038647342995169,0.026838432635534086,0.05367686527106817,
172,10.279119699409554,13.231347289318304,36.46672034353194,3.878153515834675,11.533816425120772,11.513687600644122,8.299785292538916,0.1610305958132045,3.066290928609769,1.42914653784219,0.06038647342995169,0.026838432635534086,0.05367686527106817,
173,10.560923242082662,13.191089640365004,36.460010735373054,3.878153515834675,11.493558776167472,11.460010735373054,8.192431561996779,0.1610305958132045,3.0327428878153517,1.42914653784219,0.06038647342995169,0.026838432635534086,0.05367686527106817,
174,10.621309715512615,13.130703166935051,36.198336017176594,3.9989264626945786,11.493558776167472,11.533816425120772,8.192431561996779,0.1610305958132045,3.099838969404187,1.42914653784219,0.06038647342995169,0.026838432635534086,0.05367686527106817,
175,10.755501878690284,13.130703166935051,36.14465915190553,3.992216854535695,11.480139559849706,11.486849168008588,8.165593129361245,0.1610305958132045,3.099838969404187,1.4090177133655395,0.06038647342995169,0.06038647342995169,0.05367686527106817,
176,10.983628556092324,13.077026301663983,36.10440150295223,3.9720880300590444,11.392914653784219,11.453301127214171,8.152173913043478,0.1610305958132045,3.0864197530864197,1.4090177133655395,0.06038647342995169,0.06038647342995169,0.08722490606548577,
177,11.104401502952227,13.070316693505099,36.030595813204506,3.9720880300590444,11.392914653784219,11.439881910896403,8.125335480407944,0.1610305958132045,3.0864197530864197,1.4090177133655395,0.06038647342995169,0.06038647342995169,0.08722490606548577,
178,11.198336017176597,13.070316693505099,35.990338164251206,3.9720880300590444,11.325818572195384,11.379495437466453,8.125335480407944,0.1878690284487386,3.0864197530864197,1.4090177133655395,0.06038647342995169,0.06038647342995169,0.13419216317767044,
179,11.312399355877616,13.030059044551798,35.96349973161568,3.9720880300590444,11.292270531400966,11.366076221148685,8.125335480407944,0.1878690284487386,3.0864197530864197,1.4090177133655395,0.06038647342995169,0.06038647342995169,0.13419216317767044,
180,11.18491680085883,13.003220611916264,34.94363929146538,3.9989264626945786,12.5402576489533,11.272141706924316,8.125335480407944,0.1878690284487386,3.079710144927536,1.4090177133655395,0.06038647342995169,0.06038647342995169,0.13419216317767044,
181,11.439881910896403,12.95625335480408,34.82957595276436,4.025764895330113,12.426194310252281,11.245303274288782,8.11862587224906,0.2147074610842727,3.079710144927536,1.4090177133655395,0.06038647342995169,0.06038647342995169,0.13419216317767044,
182,11.574074074074074,12.95625335480408,34.292807300053674,4.730273752012883,12.406065485775631,10.970209339774557,8.105206655931294,0.2147074610842727,3.0864197530864197,1.4090177133655395,0.06038647342995169,0.06038647342995169,0.13419216317767044,
183,11.768652710681696,12.942834138486312,33.380300590445515,4.8376274825550185,12.379227053140097,11.701556629092861,8.07836822329576,0.2147074610842727,3.052871712292002,1.3888888888888888,0.06038647342995169,0.06038647342995169,0.13419216317767044,
184,11.614331723027375,12.721417069243156,31.03864734299517,4.783950617283951,12.379227053140097,14.526301663982823,8.051529790660226,0.2147074610842727,3.026033279656468,1.3888888888888888,0.06038647342995169,0.06038647342995169,0.13419216317767044,
185,11.460010735373054,12.546967257112184,30.52200751476114,4.730273752012883,12.285292538915728,14.51959205582394,9.017713365539452,0.2147074610842727,3.026033279656468,1.4224369296833066,0.06038647342995169,0.06038647342995169,0.13419216317767044,
186,11.54723564143854,12.506709608158884,30.14626945786366,5.515297906602254,12.265163714439076,14.13714439076758,8.964036500268385,0.2147074610842727,3.026033279656468,1.4224369296833066,0.06038647342995169,0.06038647342995169,0.13419216317767044,
187,10.95679012345679,12.47987117552335,39.84836285560923,5.495169082125604,6.139291465378422,11.493558776167472,8.923778851315083,0.04696725711218465,2.999194847020934,1.4090177133655395,0.06038647342995169,0.06038647342995169,0.08722490606548577,
188,10.802469135802468,12.47987117552335,33.65539452495974,6.89747718733226,6.139291465378422,10.165056360708535,8.729200214707461,0.04696725711218465,9.212292002147075,1.6774020397208802,0.06038647342995169,0.06038647342995169,0.07380568974771873,
189,10.916532474503489,12.47987117552335,33.467525496511,6.588835212023618,5.535426731078905,10.795759527643586,9.856414385399892,0.04696725711218465,8.400429414922169,1.7176596886741815,0.06038647342995169,0.06038647342995169,0.07380568974771873,
190,11.117820719269995,12.439613526570048,33.340042941492214,6.588835212023618,5.515297906602254,10.782340311325818,9.77589908749329,0.04696725711218465,8.447396672034353,1.751207729468599,0.06038647342995169,0.06038647342995169,0.07380568974771873,
191,11.292270531400966,12.412775093934513,33.28636607622115,6.588835212023618,5.46833064949007,10.775630703166936,9.749060654857756,0.04696725711218465,8.433977455716587,1.751207729468599,0.06038647342995169,0.06038647342995169,0.07380568974771873,
