,45,50,51,55,52,54,53,56,58,57,60,59
0,99.83225979602791,0.16774020397208803,,,,,,,,,,
1,99.53703703703704,0.46296296296296297,,,,,,,,,,
2,93.75335480407944,6.246645195920558,,,,,,,,,,
3,89.51288244766505,10.487117552334944,,,,,,,,,,
4,82.76972624798712,17.23027375201288,,,,,,,,,,
5,79.24718196457327,20.75281803542673,,,,,,,,,,
6,78.92512077294685,21.07487922705314,,,,,,,,,,
7,76.0198604401503,23.980139559849704,,,,,,,,,,
8,75.34219001610306,24.355877616747183,0.30193236714975846,,,,,,,,,
9,70.36366076221148,29.2337627482555,0.30193236714975846,0.10064412238325282,,,,,,,,
10,56.64922168545357,42.94820182501342,0.30193236714975846,0.10064412238325282,,,,,,,,
11,50.5300590445518,40.07648953301127,9.292807300053678,0.10064412238325282,,,,,,,,
12,44.69940955448202,43.63258185721954,11.252012882447666,0.10064412238325282,0.3153515834675255,,,,,,,
13,44.22302737520129,43.65271068169619,11.198336017176597,0.2952227589908749,0.630703166935051,,,,,,,
14,43.45142243692968,44.35050993022008,10.990338164251208,0.5770263016639828,0.630703166935051,,,,,,,
15,42.58588298443371,44.880568974771876,10.990338164251208,0.5770263016639828,0.630703166935051,0.33548040794417605,,,,,,
16,41.6935050993022,46.09500805152979,10.829307568438002,0.41599570585077833,0.630703166935051,0.33548040794417605,,,,,,
17,41.27079978529254,46.55797101449275,10.815888352120236,0.41599570585077833,0.630703166935051,0.30864197530864196,,,,,,
18,41.076221148684915,45.853462157809986,11.245303274288782,0.41599570585077833,0.630703166935051,0.43612453032742887,0.3421900161030596,,,,,
19,39.861782071927,44.97450348899624,9.71551261406334,0.20128824476650564,4.032474503488996,0.43612453032742887,0.6709608158883521,0.10735373054213634,,,,
20,39.92887815351583,44.75308641975309,9.86983360171766,0.20128824476650564,4.032474503488996,0.43612453032742887,0.6709608158883521,0.10735373054213634,,,,
21,34.19887278582931,45.67230273752013,14.848362855609233,0.20128824476650564,3.9989264626945786,0.10735373054213634,0.8655394524959742,0.10735373054213634,,,,
22,32.024959742351044,44.22302737520129,15.069779924852389,0.3757380568974772,7.628824476650563,0.040257648953301126,0.5300590445517982,0.10735373054213634,,,,
23,32.078636607622116,44.20960815888352,15.042941492216855,0.3757380568974772,7.615405260332796,0.040257648953301126,0.5300590445517982,0.10735373054213634,,,,
24,31.662640901771336,51.17418142780462,8.038110574342458,0.24154589371980675,4.7101449275362315,0.19457863660762212,3.978797638217928,,,,,
25,31.702898550724637,51.17418142780462,8.038110574342458,0.24154589371980675,4.690016103059581,0.19457863660762212,3.9586688137412773,,,,,
26,31.112453032742888,51.27482555018787,8.011272141706923,0.24154589371980675,5.2066559312936125,0.19457863660762212,3.9586688137412773,,,,,
27,31.36070853462158,50.738056897477186,7.991143317230274,0.24154589371980675,5.193236714975845,0.19457863660762212,4.280730005367687,,,,,
28,30.24020397208803,50.436124530327426,9.601449275362318,0.3488996242619431,4.931561996779388,0.19457863660762212,4.247181964573269,,,,,
29,28.992216854535695,52.341653247450346,9.668545356951155,0.3488996242619431,4.139828234031133,0.2616747181964573,4.247181964573269,,,,,
30,28.16022544283414,52.46913580246913,10.225442834138486,0.6172839506172839,4.019055287171229,0.2616747181964573,4.247181964573269,,,,,
31,28.515834675254965,51.78475577026302,10.057702630166398,0.95276435856146,3.9049919484702094,0.2616747181964573,4.522275899087493,,,,,
32,28.589640365002683,51.43585614600107,10.02415458937198,1.2748255501878691,3.9049919484702094,0.2616747181964573,4.508856682769726,,,,,
33,28.663446054750402,50.899087493290395,10.00402576489533,1.751207729468599,3.9049919484702094,0.2616747181964573,4.40150295222759,,0.11406333870101985,,,
34,28.911701556629094,50.54347826086956,9.936929683306495,1.8518518518518519,3.9049919484702094,0.2616747181964573,4.4753086419753085,,0.11406333870101985,,,
35,28.945249597423512,49.604133118625874,9.71551261406334,2.2946859903381642,4.193505099302201,0.23483628556092323,4.4753086419753085,0.4227053140096618,0.11406333870101985,,,
36,28.093129361245303,46.37010198604401,13.137412775093935,2.408749329039184,4.1532474503489,0.20799785292538917,5.10601180891036,0.4092860976918948,0.11406333870101985,,,
37,28.166935050993022,44.28341384863124,13.103864734299517,2.536231884057971,5.978260869565218,0.3421900161030596,5.166398282340311,0.30864197530864196,0.11406333870101985,,,
38,28.5426731078905,43.887546967257116,13.09044551798175,2.6704240472356413,5.9514224369296835,0.3421900161030596,5.132850241545894,0.30864197530864196,0.07380568974771873,,,
39,28.247450348899623,42.08266237251745,16.089640365002683,2.8113258185721954,5.448201825013419,0.3421900161030596,4.616210413311863,0.2885131508319914,0.07380568974771873,,,
40,28.23403113258186,40.57300053676865,16.982018250134193,2.6033279656468062,5.347557702630167,1.4090177133655395,4.488727858293076,0.2885131508319914,0.07380568974771873,,,
41,27.509393451422437,41.04938271604938,16.961889425657542,2.831454643048846,5.287171229200215,1.556629092860977,4.441760601180891,0.2885131508319914,0.07380568974771873,,,
42,27.63016639828234,40.915190552871714,16.841116478797638,2.85829307568438,5.287171229200215,1.5432098765432098,4.441760601180891,0.4092860976918948,0.07380568974771873,,,
43,26.73107890499195,41.706924315619965,16.780730005367687,2.952227589908749,5.287171229200215,1.6170155662909287,4.441760601180891,0.4092860976918948,0.07380568974771873,,,
44,26.858561460010737,41.58615136876006,16.780730005367687,2.945517981749866,5.287171229200215,1.6170155662909287,4.441760601180891,0.4092860976918948,0.07380568974771873,,,
45,26.932367149758456,40.673644659151904,16.284219001610307,2.945517981749866,6.937734836285561,1.3352120236178207,4.408212560386473,0.4092860976918948,0.07380568974771873,,,
46,27.17391304347826,40.49919484702093,16.21712292002147,3.0059044551798175,6.937734836285561,1.3352120236178207,4.3478260869565215,0.4092860976918948,0.07380568974771873,,,
47,24.65780998389694,42.27724100912507,16.458668813741276,3.0059044551798175,7.004830917874396,1.3352120236178207,4.602791196994096,0.5837359098228664,0.07380568974771873,,,
48,22.98040794417606,44.04857756307032,16.458668813741276,2.9119699409554483,7.004830917874396,1.3352120236178207,4.602791196994096,0.5837359098228664,0.07380568974771873,,,
49,22.34970477724101,44.907407407407405,16.358024691358025,2.985775630703167,6.8035426731078905,1.3352120236178207,4.602791196994096,0.5837359098228664,0.07380568974771873,,,
50,19.80005367686527,49.27536231884058,16.478797638217927,2.677133655394525,5.2066559312936125,1.3016639828234031,4.602791196994096,0.5837359098228664,0.07380568974771873,,,
51,17.753623188405797,40.17713365539453,34.13177670424047,0.966183574879227,3.864734299516908,0.9125067096081588,1.7847557702630166,0.4092860976918948,,,,
52,15.063070316693505,43.96135265700483,31.87734836285561,0.966183574879227,5.12614063338701,0.9460547504025765,1.556629092860977,0.5032206119162641,,,,
53,15.230810520665592,43.833870101986044,31.78341384863124,1.0332796564680622,5.12614063338701,0.9326355340848095,1.556629092860977,0.5032206119162641,,,,
54,15.197262479871176,39.40552871712292,35.88298443370907,1.3888888888888888,5.0858829844337095,0.8252818035426731,1.556629092860977,0.6575415995705851,,,,
55,15.45222758990875,39.2914653784219,35.48040794417606,1.3888888888888888,5.0858829844337095,0.8252818035426731,1.556629092860977,0.9192163177670424,,,,
56,13.43263553408481,32.689210950080515,44.7866344605475,1.2748255501878691,4.555823939881911,0.8454106280193237,1.3486312399355878,1.06682769726248,,,,
57,13.841921631776705,32.25308641975309,44.558507783145465,1.5633387010198605,4.528985507246377,0.8454106280193237,1.3486312399355878,1.0601180891035964,,,,
58,14.13714439076758,32.085346215781,44.437734836285564,1.5633387010198605,4.522275899087493,0.8454106280193237,1.3486312399355878,1.0601180891035964,,,,
59,13.526570048309178,27.677133655394524,49.704777241009126,1.3955984970477724,4.508856682769726,0.7783145464304885,1.3486312399355878,1.0601180891035964,,,,
60,13.506441223832528,27.241009125067094,49.724906065485776,1.5432098765432098,4.260601180891036,0.8856682769726248,1.3486312399355878,1.4895330112721417,,,,
61,13.405797101449275,25.5300590445518,49.80542136339238,2.1135265700483092,4.703435319377348,0.8856682769726248,1.288244766505636,2.26784755770263,,,,
62,11.627750939345143,27.89855072463768,48.792270531400966,2.227589908749329,5.025496511003757,1.0399892646269457,1.1205045625335481,2.26784755770263,,,,
63,11.81561996779388,27.4020397208803,45.71926999463231,2.1604938271604937,8.340042941492216,0.9192163177670424,1.42914653784219,2.214170692431562,,,,
64,11.949812130971551,26.33521202361782,45.55823939881911,2.771068169618894,8.272946859903382,1.328502415458937,1.3888888888888888,2.395330112721417,,,,
65,12.238325281803542,26.288244766505635,45.38378958668814,2.7643585614600106,8.266237251744498,1.2949543746645196,1.3888888888888888,2.3752012882447664,,,,
66,12.399355877616747,26.194310252281266,45.3166935050993,2.7643585614600106,8.266237251744498,1.2949543746645196,1.3888888888888888,2.3752012882447664,,,,
67,12.546967257112184,26.10708534621578,44.94095544820183,2.7643585614600106,8.219269994632313,1.4224369296833066,1.3888888888888888,2.61003757380569,,,,
68,12.734836285560924,25.966183574879228,44.83360171765969,2.7643585614600106,8.105206655931294,1.5163714439076759,1.4694041867954912,2.61003757380569,,,,
69,12.882447665056361,25.650831991411703,44.337090713902306,2.8113258185721954,8.293075684380032,1.5163714439076759,1.9189479334406871,2.589908749329039,,,,
70,12.983091787439614,25.55689747718733,44.457863660762214,2.804616210413312,8.272946859903382,1.5163714439076759,1.8183038110574343,2.589908749329039,,,,
71,13.177670424047236,25.181159420289855,44.337090713902306,2.952227589908749,8.21256038647343,1.5163714439076759,2.033011272141707,2.589908749329039,,,,
72,13.405797101449275,25.07380568974772,44.14251207729468,3.026033279656468,8.21256038647343,1.5163714439076759,2.033011272141707,2.589908749329039,,,,
73,13.513150831991412,24.993290391841118,43.10923242082662,3.240740740740741,9.03113258185722,1.5096618357487923,1.9390767579173376,2.6637144390767578,,,,
74,13.560118089103597,24.84567901234568,41.337895866881375,3.388352120236178,8.930488459473967,2.5831991411701556,2.4557165861513686,2.898550724637681,,,,
75,13.848631239935587,24.778582930756844,41.33118625872249,3.388352120236178,8.769457863660762,2.5831991411701556,2.4154589371980677,2.885131508319914,,,,
76,13.94927536231884,24.516908212560388,40.754159957058505,3.603059581320451,9.111647879763822,2.6972624798711755,2.5161030595813205,2.8515834675254963,,,,
77,13.271604938271604,22.63150831991412,43.37090713902308,3.5963499731615673,9.111647879763822,2.85829307568438,2.4892646269457863,2.6704240472356413,,,,
78,13.533279656468062,21.276167471819647,43.19645732689211,3.5963499731615673,10.406602254428341,2.85829307568438,2.462426194310252,2.6704240472356413,,,,
79,13.506441223832528,21.095008051529792,43.19645732689211,3.6902844873859366,10.36634460547504,2.831454643048846,2.6435856146001075,2.6704240472356413,,,,
80,13.70101986044015,21.014492753623188,42.860976918947934,3.7238325281803544,10.34621578099839,2.831454643048846,2.6167471819645733,2.9052603327965647,,,,
81,13.935856146001074,20.652173913043477,42.41814278046162,3.69699409554482,10.144927536231885,3.113258185721954,3.0931293612453032,2.945517981749866,,,,
82,13.976113794954374,20.081857219538378,43.41116478797638,3.683574879227053,10.057702630166398,2.9052603327965647,2.9388083735909825,2.945517981749866,,,,
83,13.915727321524423,19.26328502415459,43.183038110574344,3.455448201825013,11.18491680085883,2.9253891572732154,3.1333870101986045,2.9388083735909825,,,,
84,13.707729468599034,18.38432635534085,42.391304347826086,3.9855072463768115,13.036768652710682,2.7442297369833604,2.8784219001610305,2.871712292002147,,,,
85,13.103864734299517,18.23671497584541,44.0955448201825,4.17337627482555,12.13768115942029,2.657004830917874,2.844873859366613,2.7509393451422435,,,,
86,13.271604938271604,18.156199677938808,43.954643048845945,4.247181964573269,11.574074074074074,2.657004830917874,3.388352120236178,2.7509393451422435,,,,
87,13.358829844337091,18.04213633923779,44.03515834675255,4.247181964573269,11.56736446591519,2.657004830917874,3.3548040794417604,2.737520128824477,,,,
88,13.6406333870102,18.015297906602253,43.20987654320987,4.2270531400966185,11.513687600644122,2.8650026838432634,3.3413848631239937,3.1870638754696725,,,,
89,13.560118089103597,17.881105743424584,42.109500805152976,4.193505099302201,12.318840579710145,2.8650026838432634,3.307836822329576,3.7640901771336552,,,,
90,13.868760064412239,17.814009661835748,41.78743961352657,4.186795491143317,12.466451959205582,2.7509393451422435,3.2675791733762747,3.8580246913580245,,,,
91,13.94927536231884,17.62614063338701,41.97530864197531,4.186795491143317,12.446323134728932,2.717391304347826,3.2541599570585076,3.844605475040258,,,,
92,14.224369296833064,17.60601180891036,41.666666666666664,4.166666666666667,12.426194310252281,2.717391304347826,3.2541599570585076,3.938539989264627,,,,
93,15.042941492216855,17.23027375201288,41.2037037037037,4.166666666666667,12.278582930756844,2.7106816961889426,3.2474503488996245,4.119699409554482,,,,
94,13.654052603327965,16.183574879227052,44.49141170155663,3.797638217928073,12.130971551261407,2.7106816961889426,2.965646806226516,4.066022544283414,,,,
95,13.83521202361782,15.633387010198604,44.337090713902306,4.032474503488996,11.976650563607086,3.193773483628556,2.9388083735909825,4.052603327965647,,,,
96,14.06333870101986,15.398550724637682,44.07541599570585,4.005636070853462,11.782071926999464,3.3950617283950617,3.2541599570585076,4.025764895330113,,,,
97,14.204240472356414,15.277777777777779,43.934514224369295,4.2203435319377345,11.714975845410628,3.3682232957595275,3.2541599570585076,4.025764895330113,,,,
98,14.351851851851851,15.002683843263553,43.27026301663983,4.74369296833065,11.714975845410628,3.3548040794417604,3.227321524422974,4.334406870638754,,,,
99,14.53972088030059,14.680622651637144,43.001878690284485,5.2066559312936125,11.701556629092861,3.3548040794417604,3.180354267310789,4.334406870638754,,,,
100,14.761137949543746,14.593397745571659,42.881105743424584,5.119431025228127,11.728395061728396,3.408480944712829,3.1736446591519054,4.334406870638754,,,,
101,14.533011272141707,13.922436929683306,42.01556629092861,4.609500805152979,13.613794954374665,3.408480944712829,3.864734299516908,4.032474503488996,,,,
102,14.707461084272678,13.862050456253355,41.928341384863124,4.609500805152979,13.654052603327965,3.4017713365539453,3.8043478260869565,4.032474503488996,,,,
103,15.03623188405797,13.848631239935587,41.599570585077835,4.562533548040794,13.768115942028986,3.3480944712828773,3.8043478260869565,4.032474503488996,,,,
104,15.096618357487923,13.446054750402576,41.50563607085346,4.461889425657541,13.694310252281268,3.6097691894793345,4.166666666666667,4.019055287171229,,,,
105,15.318035426731079,13.419216317767042,40.9621578099839,4.461889425657541,14.110305958132045,3.6097691894793345,4.119699409554482,3.9989264626945786,,,,
106,15.210681696188942,12.761674718196458,40.58641975308642,4.62962962962963,15.069779924852389,3.6768652710681695,4.0995705850778315,3.965378421900161,,,,
107,15.230810520665592,12.72812667740204,40.51932367149758,4.7101449275362315,15.069779924852389,3.6768652710681695,4.0995705850778315,3.965378421900161,,,,
108,15.029522275899087,12.177938808373591,40.70048309178744,4.455179817498658,16.6129898013956,3.7037037037037037,3.6634460547504024,3.656736446591519,,,,
109,15.042941492216855,12.144390767579173,39.60681696188943,4.180085882984434,16.431830381105744,4.106280193236715,4.85775630703167,3.629898013955985,,,,
110,14.210950080515298,23.57085346215781,32.39398819108964,3.7909286097691894,15.08990874932904,3.797638217928073,3.5426731078904994,3.603059581320451,,,,
111,13.506441223832528,17.995169082125603,30.119431025228128,3.260869565217391,24.84567901234568,3.589640365002684,3.1065485775630703,3.5762211486849167,,,,
112,13.7211486849168,17.98174986580784,30.05233494363929,3.260869565217391,24.745034889962426,3.5628019323671496,3.1065485775630703,3.569511540526033,,,,
113,14.36527106816962,17.8743961352657,29.723564143854,3.260869565217391,24.54374664519592,3.5628019323671496,3.0730005367686526,3.5091250670960816,,0.08722490606548577,,
114,14.600107353730541,17.867686527106816,29.468599033816425,3.260869565217391,24.22168545356951,3.81105743424584,3.0730005367686526,3.6097691894793345,,0.08722490606548577,,
115,14.828234031132581,17.64626945786366,29.435050993022006,3.4286097691894795,24.08078368223296,3.81105743424584,3.0730005367686526,3.6097691894793345,,0.08722490606548577,,
116,14.210950080515298,18.035426731078903,29.381374127750938,3.4420289855072466,23.68491680085883,4.166666666666667,3.3816425120772946,3.6097691894793345,,0.08722490606548577,,
117,14.418947933440688,17.632850241545892,29.03918411164788,3.7372517444981215,23.32259796027912,4.327697262479871,3.4822866344605474,3.9519592055823938,,0.08722490606548577,,
118,13.050187869028449,12.600644122383253,38.969404186795494,3.4286097691894795,20.632045088566827,4.139828234031133,3.2675791733762747,3.7775093934514223,,0.13419216317767044,,
119,13.372249060654857,12.573805689747719,37.78851315083199,3.408480944712829,20.538110574342458,4.106280193236715,4.374664519592056,3.7037037037037037,,0.13419216317767044,,
120,13.627214170692431,12.5,37.01690821256039,3.408480944712829,20.35024154589372,4.05931293612453,5.065754159957058,3.770799785292539,,0.20128824476650564,,
121,13.539989264626946,12.25174449812131,36.574074074074076,3.408480944712829,21.316425120772948,3.9184111647879765,5.052334943639291,3.7372517444981215,,0.20128824476650564,,
122,13.41250670960816,12.117552334943639,35.39989264626946,3.408480944712829,22.785829307568438,3.9184111647879765,5.018786902844874,3.7372517444981215,,0.20128824476650564,,
123,12.406065485775631,11.513687600644122,37.47987117552335,3.3480944712828773,22.29602791196994,3.8177670424047236,5.864197530864198,3.0059044551798175,,0.2683843263553409,,
124,12.587224906065487,11.466720343531938,37.0907139023081,3.569511540526033,22.262479871175522,3.8177670424047236,5.864197530864198,3.0730005367686526,,0.2683843263553409,,
125,12.95625335480408,11.211755233494364,36.95652173913044,3.5292538915727323,22.262479871175522,3.9519592055823938,5.790391841116479,3.0730005367686526,,0.2683843263553409,,
126,13.050187869028449,11.18491680085883,36.28556092324208,3.643317230273752,23.55072463768116,3.2541599570585076,5.783682232957595,2.9790660225442833,,0.2683843263553409,,
127,13.150831991411701,11.18491680085883,35.94337090713902,3.643317230273752,23.47691894793344,3.535963499731616,5.703166935050993,3.0931293612453032,,0.2683843263553409,,
128,13.654052603327965,11.131239935587761,35.628019323671495,3.643317230273752,23.43666129898014,3.535963499731616,5.609232420826624,3.0931293612453032,,0.2683843263553409,,
129,13.781535158346752,11.11111111111111,35.34621578099839,3.864734299516908,23.396403650026837,3.569511540526033,5.60252281266774,3.0595813204508855,,0.2683843263553409,,
130,9.386741814278047,29.857756307031668,26.516371443907676,2.5161030595813205,22.470477724100913,3.0595813204508855,4.817498658078368,1.1741814278046163,,0.20128824476650564,,
131,9.39345142243693,29.562533548040793,26.42914653784219,2.6972624798711755,22.383252818035427,3.0595813204508855,5.0993022007514766,1.1741814278046163,,0.20128824476650564,,
132,9.608158883521202,29.1532474503489,26.402308105206657,2.965646806226516,22.33628556092324,3.0595813204508855,5.0993022007514766,1.1741814278046163,,0.20128824476650564,,
133,9.574610842726784,29.1129898013956,27.24771873322598,2.9052603327965647,21.531132581857218,2.945517981749866,5.3274288781535155,1.1540526033279657,,0.20128824476650564,,
134,9.809447128287708,29.05931293612453,27.15378421900161,2.9052603327965647,21.443907675791735,2.945517981749866,5.3274288781535155,1.1540526033279657,,0.20128824476650564,,
135,9.916800858829845,28.85131508319914,27.15378421900161,2.9052603327965647,21.329844337090712,2.945517981749866,5.542136339237788,1.1540526033279657,,0.20128824476650564,,
136,10.084541062801932,28.61647879763822,27.026301663982824,3.1333870101986045,21.296296296296298,2.965646806226516,5.535426731078905,1.1406333870101986,,0.20128824476650564,,
137,10.332796564680622,28.535963499731615,27.012882447665056,3.079710144927536,21.048040794417606,3.1333870101986045,5.515297906602254,1.1406333870101986,,0.20128824476650564,,
138,10.554213633923778,28.509125067096083,26.90552871712292,3.079710144927536,20.987654320987655,3.113258185721954,5.508588298443371,1.1406333870101986,,0.20128824476650564,,
139,9.96376811594203,27.63016639828234,27.596618357487923,4.3545356951154055,20.954106280193237,3.240740740740741,4.9718196457326895,1.0869565217391304,,0.20128824476650564,,
140,10.238862050456254,27.529522275899087,27.72410091250671,4.341116478797638,20.73268921095008,3.2340311325818574,4.911433172302737,1.0869565217391304,,0.20128824476650564,,
141,10.393183038110575,27.22758990874933,27.67042404723564,4.51556629092861,20.645464304884594,3.193773483628556,5.065754159957058,1.0869565217391304,,0.20128824476650564,,
142,10.560923242082662,26.898819108964037,27.569779924852387,4.616210413311863,20.638754696725712,3.193773483628556,5.233494363929147,1.0869565217391304,,0.20128824476650564,,
143,10.61460010735373,26.704240472356414,27.737520128824478,4.616210413311863,20.699141170155663,3.1736446591519054,5.166398282340311,1.0869565217391304,,0.20128824476650564,,
144,10.929951690821255,26.536500268384327,28.388352120236178,4.616210413311863,20.04830917874396,3.0327428878153517,5.159688674181428,1.0869565217391304,,0.20128824476650564,,
145,11.151368760064413,26.482823403113258,28.166935050993022,4.5960815888352125,20.014761137949545,3.0327428878153517,5.146269457863661,1.2077294685990339,,0.20128824476650564,,
146,11.33923778851315,26.34863123993559,28.046162104133117,4.730273752012883,19.961084272678477,3.0327428878153517,5.146269457863661,1.1943102522812667,,0.20128824476650564,,
147,11.520397208803006,26.261406333870102,27.965646806226516,4.730273752012883,19.93424584004294,3.066290928609769,5.12614063338701,1.1943102522812667,,0.20128824476650564,,
148,11.81561996779388,25.986312399355878,27.865002683843265,4.542404723564144,19.900697799248523,3.3682232957595275,5.12614063338701,1.1943102522812667,,0.20128824476650564,,
149,11.916264090177133,25.91921631776704,27.77777777777778,4.602791196994096,19.940955448201827,3.361513687600644,5.0858829844337095,1.1943102522812667,,0.20128824476650564,,
150,12.151100375738057,25.81857219538379,27.522812667740205,4.575952764358561,19.91411701556629,3.361513687600644,5.0858829844337095,1.3687600644122384,,0.20128824476650564,,
151,12.27187332259796,25.72463768115942,27.509393451422437,4.562533548040794,19.773215244229736,3.361513687600644,5.0858829844337095,1.5096618357487923,,0.20128824476650564,,
152,12.634192163177671,25.469672571121848,27.241009125067094,4.7638217928073,19.47799248523886,3.4621578099838968,5.0858829844337095,1.5767579173376274,,0.2885131508319914,,
153,12.969672571121846,25.234836285560924,27.079978529253893,4.750402576489533,19.444444444444443,3.4621578099838968,5.2066559312936125,1.5633387010198605,,0.2885131508319914,,
154,13.197799248523886,25.234836285560924,26.878690284487387,4.750402576489533,19.296833064949006,3.4621578099838968,5.179817498658078,1.710950080515298,,0.2885131508319914,,
155,13.526570048309178,25.181159420289855,26.724369296833064,4.7101449275362315,19.256575415995705,3.4621578099838968,5.179817498658078,1.6706924315619969,,0.2885131508319914,,
156,13.41250670960816,24.355877616747183,28.884863123993558,5.01207729468599,17.907944176060116,3.7037037037037037,4.7638217928073,1.6706924315619969,,0.2885131508319914,,
157,13.519860440150294,24.18142780461621,28.650026838432634,5.119431025228127,17.881105743424584,3.9519592055823938,4.736983360171766,1.6706924315619969,,0.2885131508319914,,
158,13.539989264626946,24.154589371980677,28.6231884057971,5.119431025228127,17.961621041331185,3.9519592055823938,4.690016103059581,1.6706924315619969,,0.2885131508319914,,
159,13.848631239935587,24.074074074074073,28.27428878153516,5.669618894256575,17.351046698872786,3.8848631239935587,4.871175523349437,1.737788513150832,,0.2885131508319914,,
160,13.768115942028986,23.03408480944713,28.18035426731079,6.964573268921095,17.196725711218466,3.8580246913580245,4.864465915190553,1.8451422436929683,,0.2885131508319914,,
161,14.04320987654321,22.899892646269457,28.08641975308642,6.964573268921095,17.163177670424048,3.844605475040258,4.864465915190553,1.8451422436929683,,0.2885131508319914,,
162,13.674181427804616,21.93370907139023,27.871712292002147,6.957863660762212,18.337359098228664,4.327697262479871,4.777241009125067,1.8317230273752012,,0.2885131508319914,,
163,13.79495437466452,21.87332259796028,27.871712292002147,6.91760601180891,18.317230273752013,4.327697262479871,4.777241009125067,1.8317230273752012,,0.2885131508319914,,
164,13.88888888888889,21.85990338164251,27.30139559849705,6.904186795491143,18.06897477187332,4.911433172302737,4.944981213097155,1.8317230273752012,,0.2885131508319914,,
165,13.942565754159958,21.85990338164251,27.26784755770263,6.877348362855609,18.04213633923779,4.944981213097155,4.944981213097155,1.8317230273752012,,0.2885131508319914,,
166,14.217659688674182,21.792807300053678,27.220880300590444,6.749865807836822,18.035426731078903,4.944981213097155,4.918142780461621,1.8317230273752012,,0.2885131508319914,,
167,13.546698872785829,21.68545356951154,29.871175523349436,6.6760601180891035,18.00187869028449,4.2203435319377345,4.025764895330113,1.6841116478797638,,0.2885131508319914,,
168,13.768115942028986,19.98792270531401,29.542404723564143,8.930488459473967,17.881105743424584,3.911701556629093,3.92512077294686,1.7646269457863661,,0.2885131508319914,,
169,14.123725174449811,19.91411701556629,29.542404723564143,8.702361782071927,17.827428878153516,3.911701556629093,3.92512077294686,1.7646269457863661,,0.2885131508319914,,
170,14.15727321524423,19.746376811594203,29.17337627482555,7.64224369296833,17.773752012882447,3.9586688137412773,5.488459473966721,1.7713365539452497,,0.2885131508319914,,
171,14.049919484702093,19.598765432098766,29.045893719806763,7.628824476650563,17.773752012882447,4.1129898013955986,5.730005367686527,1.7713365539452497,,0.2885131508319914,,
172,14.217659688674182,19.558507783145465,28.99892646269458,7.628824476650563,17.726784755770264,4.106280193236715,5.703166935050993,1.7713365539452497,,0.2885131508319914,,
173,14.298174986580785,19.53166935050993,28.938539989264626,7.675791733762749,17.68652710681696,4.106280193236715,5.703166935050993,1.7713365539452497,,0.2885131508319914,,
174,14.533011272141707,19.484702093397747,28.878153515834676,7.971014492753623,17.297369833601717,4.066022544283414,5.636070853462158,1.7713365539452497,,0.36231884057971014,,
175,14.821524422973699,19.296833064949006,28.56280193236715,7.87037037037037,17.216854535695116,4.562533548040794,5.535426731078905,1.7713365539452497,,0.36231884057971014,,
176,15.022812667740205,19.0552871712292,28.348094471282877,7.944176060118089,17.08937198067633,4.542404723564144,5.535426731078905,2.100107353730542,,0.36231884057971014,,
177,15.11003757380569,19.0552871712292,28.026033279656467,8.225979602791197,16.74718196457327,4.528985507246377,5.5689747718733225,2.0933977455716586,,0.644122383252818,,
178,14.707461084272678,18.94122383252818,25.637412775093935,7.856951154052603,20.437466451959207,4.327697262479871,5.58239398819109,1.865271068169619,,0.644122383252818,,
179,14.660493827160494,18.84728931830381,25.45625335480408,7.85024154589372,20.564949006977994,4.233762748255502,5.884326355340848,1.8585614600107354,,0.644122383252818,,
180,14.855072463768115,18.820450885668276,24.859098228663445,7.763016639828234,20.517981749865807,4.817498658078368,5.884326355340848,1.8585614600107354,,0.6239935587761675,,
181,15.203972088030058,18.438003220611915,24.671229200214707,8.017981749865807,20.491143317230275,4.817498658078368,5.884326355340848,1.8585614600107354,,0.6172839506172839,,
182,15.190552871712292,18.431293612453032,24.516908212560388,8.017981749865807,20.034889962426195,4.783950617283951,6.736446591519055,1.7646269457863661,,0.5233494363929146,,
183,15.391841116478798,18.209876543209877,24.342458400429415,8.172302737520129,19.766505636070853,4.783950617283951,6.776704240472356,2.033011272141707,,0.5233494363929146,,
184,15.391841116478798,18.169618894256576,22.61808910359635,8.293075684380032,21.886741814278047,4.53569511540526,6.561996779388084,2.01959205582394,,0.5233494363929146,,
185,15.378421900161031,17.860976918947934,22.604669887278583,8.487654320987655,21.81964573268921,4.522275899087493,6.360708534621578,2.442297369833602,,0.5233494363929146,,
186,15.505904455179817,17.827428878153516,22.490606548577563,8.474235104669887,21.792807300053678,4.51556629092861,6.427804616210413,2.442297369833602,,0.5233494363929146,,
187,15.626677402039721,17.800590445517983,22.48389694041868,8.474235104669887,21.732420826623724,4.502147074610843,6.414385399892646,2.442297369833602,,0.5233494363929146,,
188,15.841384863123993,17.68652710681696,22.188674181427803,8.668813741277509,21.4170692431562,4.602791196994096,6.387546967257112,2.6838432635534084,,0.5233494363929146,,
189,16.0426731078905,17.632850241545892,22.114868491680085,8.635265700483092,21.316425120772948,4.7168545356951155,6.347289318303811,2.6838432635534084,,0.5099302200751477,,
190,16.1231884057971,17.505367686527105,22.074610842726784,8.735909822866345,21.128556092324207,4.643048845947397,6.649221685453569,2.6301663982823404,,0.5099302200751477,,
191,16.223832528180353,17.49194847020934,22.041062801932366,8.709071390230811,21.121846484165324,4.643048845947397,6.629092860976919,2.6301663982823404,,0.5099302200751477,,
192,16.022544283413847,17.465110037573805,22.517444981213096,8.950617283950617,20.44417606011809,4.4753086419753085,6.984702093397746,2.6301663982823404,,0.5099302200751477,,
193,15.5126140633387,17.122920021470748,24.053945249597422,8.876811594202898,19.719538378958667,4.40150295222759,6.944444444444445,2.7442297369833604,,0.5099302200751477,0.11406333870101985,
194,15.814546430488459,17.122920021470748,23.96672034353194,8.863392377885132,19.276704240472355,4.40150295222759,6.823671497584541,3.1199677938808374,,0.49651100375738055,0.11406333870101985,
195,16.163446054750402,16.961889425657542,23.72517444981213,8.923778851315083,19.122383252818036,4.394793344068707,7.1725711218464845,2.9253891572732154,,0.49651100375738055,0.11406333870101985,
196,16.23054213633924,16.941760601180892,23.70504562533548,8.923778851315083,19.108964036500268,4.394793344068707,7.159151905528717,2.9253891572732154,,0.49651100375738055,0.11406333870101985,
197,15.915190552871712,15.411969940955448,23.658078368223297,10.59447128287708,18.82716049382716,4.9651100375738055,7.125603864734299,2.8918411164787976,,0.49651100375738055,0.11406333870101985,
198,16.109769189479334,15.28448738593666,23.470209339774556,10.554213633923778,18.659420289855074,5.10601180891036,7.4006977992485234,2.804616210413312,,0.49651100375738055,0.11406333870101985,
199,16.170155662909288,15.083199141170155,23.201825013419217,10.674986580783683,18.632581857219538,5.401234567901234,7.2933440687063875,2.932098765432099,,0.49651100375738055,0.11406333870101985,
200,16.304347826086957,15.056360708534621,23.181696188942567,10.654857756307031,18.592324208266238,5.320719269994632,7.360440150295223,2.918679549114332,,0.49651100375738055,0.11406333870101985,
201,16.378153515834676,14.935587761674718,23.10789049919485,10.7085346215781,18.57890499194847,5.280461621041331,7.340311325818572,3.0595813204508855,,0.49651100375738055,0.11406333870101985,
202,16.820987654320987,14.821524422973699,22.899892646269457,10.581052066559312,18.5654857756307,5.199946323134729,7.467793880837359,3.0327428878153517,,0.49651100375738055,0.11406333870101985,
203,16.700214707461082,14.546430488459475,23.10789049919485,10.889694041867955,18.270263016639827,5.173107890499195,7.695920558239399,3.0059044551798175,,0.49651100375738055,0.11406333870101985,
204,16.955179817498657,14.512882447665056,22.993827160493826,11.037305421363392,17.941492216854535,5.414653784219001,7.601986044015029,2.9924852388620504,,0.43612453032742887,0.11406333870101985,
205,16.982018250134193,14.459205582393988,22.906602254428343,11.211755233494364,17.538915727321523,5.870907139023081,7.548309178743962,2.932098765432099,,0.43612453032742887,0.11406333870101985,
206,17.21014492753623,14.304884594739667,22.886473429951693,11.131239935587761,17.404723564143854,5.864197530864198,7.716049382716049,2.932098765432099,,0.43612453032742887,0.11406333870101985,
207,17.465110037573805,14.304884594739667,22.879763821792807,11.104401502952227,17.317498658078367,5.803811057434245,7.64224369296833,2.932098765432099,,0.43612453032742887,0.11406333870101985,
208,17.424852388620504,13.976113794954374,22.84621578099839,11.500268384326356,17.351046698872786,5.803811057434245,7.64224369296833,2.932098765432099,,0.4092860976918948,0.11406333870101985,
209,17.652979066022546,13.895598497047773,22.544283413848632,12.084004294149223,17.16988727858293,5.656199677938808,7.608695652173913,2.885131508319914,,0.38915727321524424,0.11406333870101985,
210,17.67981749865808,13.747987117552334,22.5577026301664,12.426194310252281,16.901502952227588,5.642780461621041,7.675791733762749,2.885131508319914,,0.36902844873859364,0.11406333870101985,
211,17.69994632313473,13.519860440150294,22.544283413848632,12.640901771336553,16.901502952227588,5.562265163714439,7.763016639828234,2.885131508319914,,0.36902844873859364,0.11406333870101985,
212,17.820719269994633,13.519860440150294,22.470477724100913,12.640901771336553,16.901502952227588,5.548845947396672,7.729468599033816,2.885131508319914,,0.36902844873859364,0.11406333870101985,
213,17.70665593129361,13.627214170692431,22.34970477724101,12.399355877616747,17.062533548040793,5.548845947396672,7.729468599033816,3.113258185721954,,0.3488996242619431,0.11406333870101985,
214,17.941492216854535,13.560118089103597,22.32957595276436,12.238325281803542,16.948470209339774,5.676328502415459,7.729468599033816,3.113258185721954,,0.3488996242619431,0.11406333870101985,
215,18.08239398819109,13.318572195383789,22.249060654857757,12.47987117552335,17.404723564143854,5.35426731078905,7.568438003220612,3.079710144927536,,0.3488996242619431,0.11406333870101985,
216,17.995169082125603,13.030059044551798,22.074610842726784,12.882447665056361,17.398013955984972,5.320719269994632,7.75630703166935,3.079710144927536,,0.3488996242619431,0.11406333870101985,
217,18.015297906602253,13.030059044551798,22.054482018250134,12.882447665056361,17.398013955984972,5.320719269994632,7.75630703166935,3.079710144927536,,0.3488996242619431,0.11406333870101985,
218,18.156199677938808,13.023349436392914,21.792807300053678,13.050187869028449,17.2638217928073,5.407944176060118,7.863660762211487,2.9790660225442833,,0.3488996242619431,0.11406333870101985,
219,18.397745571658614,13.009930220075148,21.67874396135266,13.023349436392914,17.24369296833065,5.367686527106817,7.836822329575953,2.9790660225442833,,0.3488996242619431,0.11406333870101985,
220,18.53864734299517,12.989801395598498,21.598228663446054,12.855609232420827,17.24369296833065,5.367686527106817,8.111916264090176,2.7442297369833604,,0.3488996242619431,0.20128824476650564,
221,18.451422436929683,12.95625335480408,22.20209339774557,12.5402576489533,16.78743961352657,5.226784755770263,8.621846484165324,2.7106816961889426,,0.3488996242619431,0.15432098765432098,
222,18.61916264090177,12.95625335480408,22.108158883521202,12.513419216317766,16.774020397208805,5.22007514761138,8.59500805152979,2.7106816961889426,,0.3488996242619431,0.15432098765432098,
223,18.800322061191626,12.942834138486312,21.953837895866883,12.486580783682234,16.74718196457327,5.320719269994632,8.53462157809984,2.7106816961889426,,0.3488996242619431,0.15432098765432098,
224,19.061996779388085,12.915995705850777,21.772678475577028,12.318840579710145,17.002147074610843,5.300590445517981,8.454106280193237,2.6704240472356413,,0.3488996242619431,0.15432098765432098,
225,19.296833064949006,12.889157273215245,21.672034353193773,12.305421363392378,16.968599033816425,5.287171229200215,8.407139023081053,2.6704240472356413,,0.3488996242619431,0.15432098765432098,
226,19.605475040257648,12.701288244766506,21.64519592055824,12.379227053140097,16.861245303274288,5.260332796564681,8.373590982286634,2.6704240472356413,,0.3488996242619431,0.15432098765432098,
227,19.826892109500804,12.640901771336553,21.604938271604937,12.419484702093397,16.78743961352657,5.186527106816962,8.360171765968868,2.6704240472356413,,0.3488996242619431,0.15432098765432098,
228,19.77992485238862,12.218196457326892,21.524422973698336,12.989801395598498,16.760601180891037,5.246913580246914,8.3064949006978,2.6704240472356413,,0.3488996242619431,0.15432098765432098,
229,19.786634460547504,12.204777241009126,21.336553945249598,13.144122383252817,16.552603327965645,5.629361245303274,8.3064949006978,2.5563607085346214,,0.32877079978529256,0.15432098765432098,
230,19.558507783145465,12.171229200214707,20.202630166398283,13.009930220075148,18.746645195920557,5.267042404723564,8.004562533548041,2.5563607085346214,,0.32877079978529256,0.15432098765432098,
231,19.26328502415459,12.050456253354804,21.497584541062803,12.869028448738593,18.02200751476114,5.347557702630167,7.615405260332796,2.8515834675254963,,0.32877079978529256,0.15432098765432098,
232,18.760064412238325,11.956521739130435,20.8467525496511,12.5,20.933977455716587,5.280461621041331,6.407675791733762,2.831454643048846,,0.32877079978529256,0.15432098765432098,
233,18.94122383252818,11.822329575952764,20.618625872249062,12.600644122383253,20.82662372517445,5.0993022007514766,6.796833064949007,2.8113258185721954,,0.32877079978529256,0.15432098765432098,
234,19.16935050993022,11.621041331186259,20.43075684380032,12.721417069243156,20.88030059044552,4.99194847020934,6.78341384863124,2.918679549114332,,0.32877079978529256,0.15432098765432098,
235,19.236446591519055,11.621041331186259,20.41062801932367,12.909286097691895,20.658883521202362,4.99194847020934,6.769994632313473,2.918679549114332,,0.32877079978529256,0.15432098765432098,
236,19.43102522812668,11.621041331186259,20.39049919484702,12.875738056897477,20.625335480407944,4.99194847020934,6.763285024154589,2.818035426731079,,0.32877079978529256,0.15432098765432098,
237,19.612184648416534,11.594202898550725,20.316693505099302,12.889157273215245,20.544820182501343,4.99194847020934,6.756575415995706,2.8113258185721954,,0.32877079978529256,0.15432098765432098,
238,19.732957595276435,11.594202898550725,20.276435856146,12.882447665056361,20.511272141706925,4.99194847020934,6.756575415995706,2.771068169618894,,0.32877079978529256,0.15432098765432098,
239,19.90740740740741,11.58749329039184,20.021470746108427,13.09044551798175,20.45088566827697,4.9651100375738055,6.756575415995706,2.737520128824477,,0.32877079978529256,0.15432098765432098,
240,19.867149758454108,11.3191089640365,19.753086419753085,13.33870101986044,20.115405260332796,5.287171229200215,7.098765432098766,2.737520128824477,,0.32877079978529256,0.15432098765432098,
241,20.00805152979066,11.258722490606548,19.732957595276435,13.325281803542673,20.021470746108427,5.273752012882448,7.098765432098766,2.7308105206655933,,0.39586688137412773,0.15432098765432098,
242,19.92753623188406,11.238593666129898,19.719538378958667,13.298443370907139,20.209339774557165,5.132850241545894,7.098765432098766,2.8247450348899625,,0.39586688137412773,0.15432098765432098,
