,45,50,52,51,55,54,53,56,57,58,60,59,61,47,46,62
0,95.53140096618357,4.455179817498658,0.013419216317767043,,,,,,,,,,,,,
1,80.38110574342458,19.504830917874397,,0.026838432635534086,0.08722490606548577,,,,,,,,,,,
2,68.02871712292003,31.790123456790123,,0.04696725711218465,0.13419216317767044,,,,,,,,,,,
3,67.53220611916264,32.23295759527644,,0.04696725711218465,0.1878690284487386,,,,,,,,,,,
4,59.29951690821256,40.25093934514224,,0.013419216317767043,0.43612453032742887,,,,,,,,,,,
5,59.17874396135266,40.103327965646805,0.013419216317767043,0.013419216317767043,0.6776704240472357,0.013419216317767043,,,,,,,,,,
6,57.33360171765969,41.706924315619965,0.013419216317767043,0.013419216317767043,0.8990874932903918,0.03354804079441761,,,,,,,,,,
7,56.66935050993022,39.331723027375205,0.013419216317767043,2.945517981749866,0.9460547504025765,0.03354804079441761,0.04696725711218465,0.013419216317767043,,,,,,,,
8,55.99168008588298,38.64734299516908,0.013419216317767043,3.4621578099838968,1.107085346215781,0.03354804079441761,0.6508319914117016,0.0939345142243693,,,,,,,,
9,55.05904455179817,36.99677938808374,3.8177670424047236,2.3215244229736984,1.2815351583467525,0.03354804079441761,0.3824476650563607,0.06038647342995169,0.03354804079441761,0.013419216317767043,,,,,,
10,42.80730005367686,49.86580783682233,4.4753086419753085,1.7713365539452497,0.95276435856146,0.020128824476650563,0.03354804079441761,0.040257648953301126,0.03354804079441761,,,,,,,
11,35.789049919484704,56.46806226516372,4.502147074610843,1.7713365539452497,1.3083735909822867,0.05367686527106817,0.03354804079441761,0.040257648953301126,0.03354804079441761,,,,,,,
12,35.33279656468062,54.53569511540526,4.448470209339774,3.535963499731616,1.8048845947396672,0.05367686527106817,0.05367686527106817,0.14090177133655393,0.0939345142243693,,,,,,,
13,32.809983896940416,56.72302737520129,4.448470209339774,3.535963499731616,2.120236178207193,0.07380568974771873,0.05367686527106817,0.14090177133655393,0.0939345142243693,,,,,,,
14,32.8569511540526,54.2337627482555,4.408212560386473,3.5292538915727323,2.1940418679549114,2.4490069779924855,0.05367686527106817,0.14090177133655393,0.13419216317767044,,,,,,,
15,32.7361782071927,54.227053140096615,4.3545356951154055,3.5292538915727323,2.24771873322598,2.49597423510467,0.05367686527106817,0.14090177133655393,0.20128824476650564,,0.013419216317767043,,,,,
16,32.018250134192165,54.78395061728395,4.394793344068707,3.5292538915727323,2.3349436392914655,2.522812667740204,0.05367686527106817,0.14090177133655393,0.20799785292538917,,0.013419216317767043,,,,,
17,25.83870101986044,60.27241009125067,4.361245303274289,3.4017713365539453,2.6167471819645733,2.7509393451422435,0.2885131508319914,0.1274825550187869,0.2549651100375738,,0.013419216317767043,0.07380568974771873,,,,
18,25.83870101986044,59.93022007514761,4.280730005367687,3.4286097691894795,2.831454643048846,2.7844873859366612,0.2885131508319914,0.20799785292538917,0.322061191626409,,0.013419216317767043,0.07380568974771873,,,,
19,25.691089640365004,59.75577026301664,4.247181964573269,3.435319377348363,3.052871712292002,2.7844873859366612,0.36231884057971014,0.23483628556092323,0.3488996242619431,,0.013419216317767043,0.07380568974771873,,,,
20,25.597155126140635,59.58132045088567,4.28743961352657,3.435319377348363,3.2541599570585076,2.7777777777777777,0.38915727321524424,0.23483628556092323,0.3488996242619431,,0.020128824476650563,0.07380568974771873,,,,
21,25.187869028448738,57.83682232957595,4.3478260869565215,5.2066559312936125,3.4688674181427803,2.791196994095545,0.3757380568974772,0.35560923242082665,0.33548040794417605,,0.020128824476650563,0.07380568974771873,,,,
22,24.020397208803004,55.9044551798175,4.106280193236715,7.716049382716049,3.8378958668813743,2.8113258185721954,0.38915727321524424,0.8051529790660226,0.28180354267310787,,0.05367686527106817,0.07380568974771873,,,,
23,23.503757380568974,55.55555555555556,4.119699409554482,8.105206655931294,4.159957058507783,2.8247450348899625,0.4495437466451959,0.9057971014492754,0.28180354267310787,,0.020128824476650563,0.07380568974771873,,,,
24,23.2085346215781,54.186795491143315,4.106280193236715,8.091787439613526,5.763553408480945,2.8381642512077296,0.47638217928073,0.95276435856146,0.28180354267310787,,0.026838432635534086,0.06709608158883522,,,,
25,20.417337627482556,49.986580783682236,4.025764895330113,11.09098228663446,6.018518518518518,2.8784219001610305,4.1532474503489,0.9796027911969941,0.3421900161030596,,0.040257648953301126,0.06709608158883522,,,,
26,19.786634460547504,50.28180354267311,3.9989264626945786,11.037305421363392,6.146001073537305,3.0059044551798175,4.240472356414386,1.0198604401502953,0.36902844873859364,0.020128824476650563,0.026838432635534086,0.06709608158883522,,,,
27,19.80005367686527,50.15432098765432,3.9720880300590444,10.95679012345679,6.266774020397209,3.0327428878153517,4.2203435319377345,1.1205045625335481,0.36231884057971014,0.020128824476650563,0.026838432635534086,0.06709608158883522,,,,
28,17.324208266237253,53.28099838969404,4.7101449275362315,9.883252818035427,6.146001073537305,3.0193236714975846,3.992216854535695,1.0534084809447128,0.43612453032742887,0.020128824476650563,0.06709608158883522,0.06709608158883522,,,,
29,17.310789049919485,52.54965110037574,4.7101449275362315,9.796027911969942,6.5552871712292005,3.3480944712828773,4.066022544283414,1.0735373054213635,0.43612453032742887,0.020128824476650563,0.06709608158883522,0.06709608158883522,,,,
30,16.6935050993022,52.51610305958132,4.683306494900698,10.299248523886206,6.696188942565755,3.388352120236178,4.066022544283414,1.0198604401502953,0.4562533548040794,0.020128824476650563,0.0939345142243693,0.06709608158883522,,,,
31,16.606280193236714,52.29468599033817,4.736983360171766,10.245571658615138,6.857219538378959,3.5091250670960816,4.066022544283414,1.0198604401502953,0.46967257112184646,0.020128824476650563,0.10735373054213634,0.06709608158883522,,,,
32,15.807836822329575,52.703972088030056,4.730273752012883,10.19189479334407,7.125603864734299,3.616478797638218,4.045893719806763,1.093666129898014,0.4562533548040794,0.08051529790660225,0.10735373054213634,0.040257648953301126,,,,
33,15.83467525496511,51.23456790123457,4.690016103059581,10.077831454643048,8.601717659688674,3.589640365002684,4.045893719806763,1.1741814278046163,0.5233494363929146,0.08051529790660225,0.10735373054213634,0.040257648953301126,,,,
34,15.801127214170693,49.765163714439076,4.656468062265164,10.017444981213098,8.541331186258722,1.4358561460010735,7.930756843800322,1.2010198604401503,0.5501878690284487,0.07380568974771873,0.026838432635534086,,,,,
35,15.868223295759528,49.47665056360709,4.64975845410628,9.91009125067096,8.742619431025227,1.482823403113258,7.830112721417069,1.2815351583467525,0.5568974771873323,0.17444981213097155,0.026838432635534086,,,,,
36,15.861513687600644,49.261943102522814,4.669887278582931,9.86983360171766,8.80300590445518,1.570048309178744,7.924047235641439,1.3217928073000538,0.5434782608695652,0.17444981213097155,,,,,,
37,15.814546430488459,48.02066559312936,4.622920021470746,9.856414385399892,9.990606548577563,1.6237251744498122,7.971014492753623,1.3217928073000538,0.5636070853462157,0.1878690284487386,0.026838432635534086,,,,,
38,15.707192699946322,47.94015029522276,4.62962962962963,9.728931830381105,10.185185185185185,1.6371443907675791,7.971014492753623,1.3821792807300053,0.5770263016639828,0.2147074610842727,0.026838432635534086,,,,,
39,15.593129361245303,47.55099302200752,4.690016103059581,9.722222222222221,10.46027911969941,1.7579173376274826,7.957595276435856,1.3821792807300053,0.5770263016639828,0.2281266774020397,0.06038647342995169,0.020128824476650563,,,,
40,15.022812667740205,45.92055823939882,4.690016103059581,12.265163714439076,10.487117552334944,1.4358561460010735,7.75630703166935,1.5163714439076759,0.5367686527106817,0.2885131508319914,0.06038647342995169,0.020128824476650563,,,,
41,14.962426194310252,45.45759527643585,4.696725711218465,12.432903918411165,10.721953837895867,1.4559849704777241,7.716049382716049,1.5432098765432098,0.6038647342995169,0.3153515834675255,0.06038647342995169,0.020128824476650563,0.013419216317767043,,,
42,14.955716586151368,45.00805152979066,4.703435319377348,12.399355877616747,10.976918947933441,1.5432098765432098,7.716049382716049,1.5432098765432098,0.6239935587761675,0.41599570585077833,0.06038647342995169,0.020128824476650563,0.03354804079441761,,,
43,14.9020397208803,44.77321524422974,4.703435319377348,12.419484702093397,11.124530327428879,1.5163714439076759,7.796564680622652,1.5767579173376274,0.644122383252818,0.41599570585077833,0.07380568974771873,0.020128824476650563,0.03354804079441761,,,
44,14.895330112721417,44.45115405260333,4.7168545356951155,12.372517444981213,10.641438539989265,2.341653247450349,7.803274288781535,1.6170155662909287,0.644122383252818,0.38915727321524424,0.07380568974771873,0.020128824476650563,0.03354804079441761,,,
45,14.002952227589908,42.1430488459474,4.636339237788513,15.250939345142244,10.976918947933441,2.4490069779924855,7.709339774557166,1.583467525496511,0.644122383252818,0.4428341384863124,0.10735373054213634,0.020128824476650563,0.03354804079441761,,,
46,13.882179280730005,41.67337627482555,4.5960815888352125,15.217391304347826,11.245303274288782,2.677133655394525,7.729468599033816,1.6505636070853462,0.6508319914117016,0.4830917874396135,0.10735373054213634,0.020128824476650563,0.06709608158883522,,,
47,13.935856146001074,41.44524959742351,4.622920021470746,15.183843263553408,11.345947396672035,2.717391304347826,7.669082125603865,1.7042404723564144,0.6508319914117016,0.5300590445517982,0.10735373054213634,0.020128824476650563,0.06709608158883522,,,
48,13.90901771336554,41.196994095544824,4.549114331723027,15.103327965646805,11.486849168008588,3.0059044551798175,7.64224369296833,1.710950080515298,0.7045088566827697,0.49651100375738055,0.10735373054213634,0.020128824476650563,0.06709608158883522,,,
49,13.902308105206655,40.88164251207729,4.582662372517445,14.949006977992486,11.641170155662909,3.1468062265163717,7.64224369296833,1.8451422436929683,0.7179280730005367,0.5300590445517982,0.10735373054213634,0.020128824476650563,0.03354804079441761,,,
50,10.131508319914117,32.88378958668814,3.7573805689747717,29.931561996779386,9.769189479334408,2.589908749329039,7.823403113258186,1.8250134192163177,0.5837359098228664,0.5434782608695652,0.10735373054213634,0.020128824476650563,0.03354804079441761,,,
51,10.144927536231885,32.41411701556629,3.770799785292539,29.086151368760063,10.292538915727322,2.7442297369833604,8.299785292538916,1.9592055823939882,0.5837359098228664,0.5434782608695652,0.10735373054213634,0.020128824476650563,0.03354804079441761,,,
52,10.124798711755233,32.14573268921095,3.824476650563607,27.871712292002147,10.50053676865271,3.0059044551798175,8.3064949006978,2.85829307568438,0.6172839506172839,0.5501878690284487,0.10735373054213634,0.05367686527106817,0.03354804079441761,,,
53,10.071121846484166,31.568706387546968,3.8714439076757916,24.44981213097155,10.104669887278583,3.743961352657005,12.265163714439076,2.5295222758990876,0.6843800322061192,0.5367686527106817,0.10735373054213634,0.03354804079441761,0.03354804079441761,,,
54,10.104669887278583,31.48148148148148,3.8714439076757916,24.40955448201825,10.071121846484166,3.784219001610306,12.278582930756844,2.5563607085346214,0.6843800322061192,0.5703166935050993,0.10735373054213634,0.03354804079441761,0.04696725711218465,,,
55,9.306226516371444,31.01851851851852,3.8580246913580245,25.966183574879228,9.75577026301664,3.8311862587224907,12.218196457326892,2.589908749329039,0.7179280730005367,0.5636070853462157,0.10735373054213634,0.03354804079441761,0.03354804079441761,,,
56,9.326355340848094,30.877616747181964,3.7909286097691894,25.89237788513151,9.809447128287708,3.9049919484702094,12.171229200214707,2.717391304347826,0.7179280730005367,0.6105743424584005,0.10735373054213634,0.03354804079441761,0.040257648953301126,,,
57,9.306226516371444,30.69645732689211,3.7775093934514223,25.429414922168544,9.936929683306495,3.92512077294686,12.627482555018787,2.7979066022544283,0.7045088566827697,0.6172839506172839,0.10735373054213634,0.03354804079441761,0.040257648953301126,,,
58,9.245840042941492,30.119431025228128,3.81105743424584,26.33521202361782,10.245571658615138,3.9989264626945786,11.829039184111648,2.8650026838432634,0.7045088566827697,0.6508319914117016,0.10735373054213634,0.04696725711218465,0.040257648953301126,,,
59,8.943907675791733,30.327428878153516,3.750670960815888,25.63070316693505,10.245571658615138,4.280730005367687,12.151100375738057,3.0059044551798175,0.7783145464304885,0.6776704240472357,0.10735373054213634,0.04696725711218465,0.05367686527106817,,,
60,8.950617283950617,29.864465915190554,4.42163177670424,25.248255501878692,10.57434245840043,4.26731078904992,11.580783682232958,3.240740740740741,0.8185721953837896,0.8252818035426731,0.10735373054213634,0.04696725711218465,0.05367686527106817,,,
61,9.037842190016104,29.280730005367687,5.152979066022544,25.006709608158882,11.500268384326356,4.260601180891036,10.775630703166936,3.193773483628556,0.8051529790660226,0.7716049382716049,0.11406333870101985,0.04696725711218465,0.05367686527106817,,,
62,9.05126140633387,28.401771336553946,5.112721417069243,24.812130971551262,12.211486849168008,4.253891572732153,11.05072463768116,3.1602254428341383,0.8454106280193237,0.8856682769726248,0.11406333870101985,0.04696725711218465,0.05367686527106817,,,
63,9.138486312399356,28.30112721417069,5.0993022007514766,24.745034889962426,12.211486849168008,4.300858829844337,10.950080515297907,3.2340311325818574,0.8051529790660226,0.9997316156736447,0.11406333870101985,0.04696725711218465,0.05367686527106817,,,
64,9.185453569511541,28.059581320450885,5.119431025228127,24.58400429414922,12.365807836822329,4.314278046162104,10.84272678475577,3.3480944712828773,0.8655394524959742,1.0869565217391304,0.11406333870101985,0.04696725711218465,0.06709608158883522,,,
65,9.178743961352657,27.925389157273216,5.139559849704777,24.36929683306495,12.432903918411165,4.361245303274289,10.84272678475577,3.515834675254965,0.8655394524959742,1.1003757380568975,0.11406333870101985,0.06038647342995169,0.0939345142243693,,,
66,8.816425120772946,24.268652710681696,5.636070853462158,32.326892109500804,10.581052066559312,4.025764895330113,9.668545356951155,2.61003757380569,0.785024154589372,1.0265700483091786,0.11406333870101985,0.06038647342995169,0.08051529790660225,,,
67,8.870101986044014,24.074074074074073,5.730005367686527,32.06521739130435,10.607890499194847,4.045893719806763,9.655126140633387,2.8650026838432634,0.7716049382716049,1.0466988727858293,0.11406333870101985,0.06038647342995169,0.08051529790660225,0.013419216317767043,,
68,8.84326355340848,23.792270531400966,5.723295759527644,31.89747718733226,10.909822866344605,4.079441760601181,9.64170692431562,3.0327428878153517,0.798443370907139,1.0064412238325282,0.12077294685990338,0.06038647342995169,0.08051529790660225,0.013419216317767043,,
69,8.943907675791733,23.429951690821255,5.683038110574342,31.709608158883523,11.265432098765432,4.03918411164788,9.634997316156737,3.207192699946323,0.8051529790660226,0.9930220075147611,0.13419216317767044,0.06038647342995169,0.08051529790660225,0.013419216317767043,,
70,8.896940418679549,23.396403650026837,5.6964573268921095,31.655931293612454,11.292270531400966,4.106280193236715,9.614868491680086,3.227321524422974,0.8185721953837896,1.0064412238325282,0.15432098765432098,0.06038647342995169,0.06038647342995169,0.013419216317767043,,
71,8.722490606548577,22.20209339774557,9.172034353193773,29.468599033816425,10.88298443370907,4.502147074610843,9.628287707997853,3.3413848631239937,0.8387010198604401,0.9930220075147611,0.1274825550187869,0.06038647342995169,0.06038647342995169,,,
72,8.447396672034353,22.309447128287708,7.98443370907139,27.147074610842726,10.943370907139023,4.569243156199678,12.842190016103059,3.683574879227053,0.8319914117015567,0.9930220075147611,0.1274825550187869,0.06038647342995169,0.06038647342995169,,,
73,8.407139023081053,22.188674181427803,7.9039184111647875,26.952495974235106,11.003757380568974,4.951690821256038,12.627482555018787,3.5829307568438002,1.0802469135802468,1.0534084809447128,0.1274825550187869,0.06038647342995169,0.06038647342995169,,,
74,8.085077831454644,19.0150295222759,8.172302737520129,36.08427267847558,9.185453569511541,3.8580246913580245,10.218733225979603,3.3480944712828773,1.0399892646269457,0.8454106280193237,0.04696725711218465,0.026838432635534086,0.07380568974771873,,,
75,8.07836822329576,18.9345142243693,7.917337627482555,35.94337090713902,9.232420826623725,3.898282340311326,10.547504025764896,3.374932903918411,1.0399892646269457,0.9125067096081588,0.04696725711218465,0.013419216317767043,0.06038647342995169,,,
76,8.004562533548041,18.82716049382716,8.004562533548041,35.85614600107354,9.265968867418144,3.938539989264627,10.48040794417606,3.44873859366613,1.0534084809447128,0.9997316156736447,0.04696725711218465,0.013419216317767043,0.06038647342995169,,,
77,8.004562533548041,18.183038110574344,8.031400966183575,35.7085346215781,9.829575952764358,3.938539989264627,10.413311862587225,3.6231884057971016,1.0802469135802468,1.0198604401502953,0.0939345142243693,0.013419216317767043,0.06038647342995169,,,
78,7.823403113258186,16.7337627482555,8.004562533548041,35.567632850241544,9.64170692431562,5.904455179817498,10.124798711755233,3.9049919484702094,1.0198604401502953,1.0399892646269457,0.11406333870101985,0.04696725711218465,0.07380568974771873,,,
79,7.830112721417069,16.525764895330113,7.809983896940419,35.339506172839506,9.722222222222221,5.904455179817498,10.19189479334407,4.03918411164788,1.3217928073000538,1.0735373054213635,0.11406333870101985,0.04696725711218465,0.08051529790660225,,,
80,7.85024154589372,16.472088030059044,7.7898550724637685,34.80273752012882,10.00402576489533,5.958132045088567,10.279119699409554,4.146537842190016,1.3419216317767042,1.0802469135802468,0.14761137949543746,0.04696725711218465,0.08051529790660225,,,
81,7.883789586688137,16.264090177133657,7.776435856146001,34.33977455716586,10.00402576489533,5.931293612453032,10.25228126677402,4.824208266237251,1.3620504562533549,1.0534084809447128,0.14761137949543746,0.04696725711218465,0.11406333870101985,,,
82,7.836822329575953,15.143585614600108,10.86285560923242,34.01100375738057,8.957326892109501,5.649490069779925,10.21202361782072,4.736983360171766,1.2144390767579174,1.0466988727858293,0.17444981213097155,0.013419216317767043,0.14090177133655393,,,
83,7.803274288781535,15.123456790123457,10.721953837895867,33.756038647343,8.93719806763285,5.548845947396672,10.245571658615138,4.99194847020934,1.3419216317767042,1.1003757380568975,0.17444981213097155,0.10064412238325282,0.15432098765432098,,,
84,7.716049382716049,12.942834138486312,14.962426194310252,33.111916264090176,8.011272141706923,5.233494363929147,10.010735373054214,5.032206119162641,1.3217928073000538,1.2278582930756843,0.14761137949543746,0.10064412238325282,0.18115942028985507,,,
85,7.809983896940419,12.93612453032743,14.949006977992486,32.9374664519592,8.091787439613526,5.199946323134729,9.98389694041868,5.119431025228127,1.3352120236178207,1.2077294685990339,0.14761137949543746,0.10064412238325282,0.18115942028985507,,,
86,7.501341921631776,12.855609232420827,14.895330112721417,33.95061728395062,8.07836822329576,5.072463768115942,9.554482018250134,5.092592592592593,1.3620504562533549,1.1540526033279657,0.14761137949543746,0.15432098765432098,0.18115942028985507,,,
87,7.501341921631776,12.654320987654321,14.626945786366075,33.863392377885134,8.13875469672571,5.260332796564681,9.648416532474503,5.193236714975845,1.42914653784219,1.1674718196457328,0.14761137949543746,0.1878690284487386,0.18115942028985507,,,
88,7.5348899624261945,12.607353730542137,14.53972088030059,33.782877079978526,8.252818035426731,5.213365539452496,9.648416532474503,5.293880837359098,1.4626945786366077,1.1876006441223832,0.12077294685990338,0.1878690284487386,0.16774020397208803,,,
89,7.5281803542673105,12.593934514224369,14.49946323134729,33.62855609232421,8.21256038647343,5.233494363929147,9.668545356951155,5.441492216854535,1.5096618357487923,1.2077294685990339,0.12077294685990338,0.1878690284487386,0.16774020397208803,,,
90,7.333601717659689,12.392646269457863,14.15727321524423,34.31964573268921,8.085077831454644,5.10601180891036,9.675254965110037,5.407944176060118,1.737788513150832,1.261406333870102,0.12077294685990338,0.23483628556092323,0.16774020397208803,,,
91,7.347020933977456,12.359098228663447,14.17740203972088,34.18545356951154,8.111916264090176,5.139559849704777,9.628287707997853,5.508588298443371,1.737788513150832,1.2815351583467525,0.12077294685990338,0.23483628556092323,0.16774020397208803,,,
92,7.380568974771873,12.130971551261407,12.25174449812131,33.91035963499731,8.11862587224906,5.548845947396672,11.258722490606548,5.844068706387547,1.7444981213097155,1.2412775093934514,0.15432098765432098,0.24825550187869028,0.16774020397208803,,,
93,7.360440150295223,11.943102522812667,11.98336017176597,33.843263553408484,8.132045088566828,5.837359098228664,11.225174449812132,6.139291465378422,1.7646269457863661,1.2278582930756843,0.15432098765432098,0.24825550187869028,0.14090177133655393,,,
94,7.4141170155662905,11.829039184111648,11.876006441223833,33.51449275362319,8.179012345679013,5.971551261406334,11.29898013955985,6.421095008051529,1.7444981213097155,1.2144390767579174,0.14761137949543746,0.24825550187869028,0.14090177133655393,,,
95,7.440955448201825,11.761943102522812,11.842458400429415,33.380300590445515,8.272946859903382,5.991680085882985,11.252012882447666,6.4345142243692965,1.778046162104133,1.2949543746645196,0.14761137949543746,0.24825550187869028,0.15432098765432098,,,
96,7.461084272678476,11.647879763821793,11.808910359634996,33.17901234567901,8.454106280193237,6.025228126677402,11.198336017176597,6.561996779388084,1.7914653784219001,1.3016639828234031,0.1610305958132045,0.24825550187869028,0.1610305958132045,,,
97,7.474503488996243,11.466720343531938,11.748523886205046,32.90391841116479,8.635265700483092,6.0654857756307035,11.238593666129898,6.729736983360172,1.8451422436929683,1.3217928073000538,0.1610305958132045,0.24825550187869028,0.1610305958132045,,,
98,7.461084272678476,11.419753086419753,11.721685453569512,32.447665056360705,8.675523349436393,6.038647342995169,11.305689747718732,7.152442297369833,1.8451422436929683,1.3486312399355878,0.1610305958132045,0.2616747181964573,0.1610305958132045,,,
99,6.857219538378959,10.923242082662373,11.486849168008588,33.299785292538914,9.232420826623725,6.0587761674718195,11.124530327428879,7.085346215780999,1.8988191089640365,1.4492753623188406,0.12077294685990338,0.30193236714975846,0.1610305958132045,,,
100,6.944444444444445,10.869565217391305,11.460010735373054,33.09849704777241,9.16532474503489,6.152710681696189,11.117820719269995,7.300053676865271,1.9122383252818036,1.4090177133655395,0.10735373054213634,0.30193236714975846,0.1610305958132045,,,
101,6.971282877079979,10.856146001073537,11.406333870101985,33.01798174986581,9.198872785829307,6.112453032742888,11.137949543746645,7.347020933977456,1.9659151905528718,1.415727321524423,0.10735373054213634,0.30193236714975846,0.1610305958132045,,,
102,6.837090713902308,10.326086956521738,10.487117552334944,32.27992485238862,8.80300590445518,5.877616747181965,14.31159420289855,7.125603864734299,1.892109500805153,1.482823403113258,0.12077294685990338,0.30193236714975846,0.15432098765432098,,,
103,6.830381105743425,10.124798711755233,9.88996242619431,34.4068706387547,8.943907675791733,5.810520665593129,12.734836285560924,7.300053676865271,1.8048845947396672,1.5029522275899088,0.11406333870101985,0.3421900161030596,0.19457863660762212,,,
104,6.736446591519055,10.084541062801932,10.88298443370907,34.19887278582931,8.93719806763285,5.743424584004294,12.627482555018787,7.085346215780999,1.6035963499731616,1.4559849704777241,0.11406333870101985,0.36231884057971014,0.16774020397208803,,,
105,6.736446591519055,9.997316156736447,10.889694041867955,34.14519592055824,8.984165324745035,5.776972624798712,12.614063338701019,7.071926999463232,1.5901771336553945,1.5297906602254427,0.13419216317767044,0.36231884057971014,0.16774020397208803,,,
106,6.5552871712292005,9.23913043478261,10.86285560923242,35.809178743961354,8.514492753623188,5.984970477724101,12.553676865271068,6.635802469135802,1.6170155662909287,1.5767579173376274,0.12077294685990338,0.36231884057971014,0.16774020397208803,,,
107,6.561996779388084,9.23913043478261,10.876274825550189,35.69511540526033,8.548040794417606,6.078904991948471,12.506709608158884,6.602254428341385,1.6103059581320451,1.6035963499731616,0.12077294685990338,0.38915727321524424,0.16774020397208803,,,
108,6.655931293612453,9.232420826623725,10.876274825550189,35.507246376811594,8.480944712828771,6.099033816425121,12.546967257112184,6.608964036500268,1.6908212560386473,1.6035963499731616,0.13419216317767044,0.36902844873859364,0.19457863660762212,,,
109,6.655931293612453,9.23913043478261,10.789049919484702,35.339506172839506,8.407139023081053,6.152710681696189,12.627482555018787,6.6760601180891035,1.7914653784219001,1.6774020397208802,0.10735373054213634,0.36902844873859364,0.16774020397208803,,,
110,6.655931293612453,9.212292002147075,10.721953837895867,35.245571658615134,8.340042941492216,6.219806763285024,12.647611379495437,6.723027375201288,1.8384326355340848,1.7176596886741815,0.10735373054213634,0.4025764895330113,0.16774020397208803,,,
111,6.696188942565755,9.151905528717123,10.735373054213634,34.98389694041868,8.266237251744498,6.407675791733762,12.614063338701019,6.763285024154589,1.8988191089640365,1.7713365539452497,0.1274825550187869,0.4025764895330113,0.18115942028985507,,,
112,5.864197530864198,8.816425120772946,14.009661835748792,32.70263016639828,8.373590982286634,6.689479334406871,12.446323134728932,6.595544820182502,2.0397208803005906,1.737788513150832,0.1274825550187869,0.4092860976918948,0.1878690284487386,,,
113,5.844068706387547,8.789586688137414,14.002952227589908,32.6154052603328,8.387010198604402,6.723027375201288,12.533548040794418,6.602254428341385,2.046430488459474,1.7310789049919484,0.1274825550187869,0.4092860976918948,0.1878690284487386,,,
114,5.964841653247451,8.789586688137414,13.92914653784219,32.26650563607085,8.742619431025227,6.716317767042405,12.52012882447665,6.541867954911433,2.100107353730542,1.7176596886741815,0.11406333870101985,0.4227053140096618,0.17444981213097155,,,
115,5.917874396135265,8.796296296296296,13.747987117552334,32.19269994632314,8.655394524959743,6.716317767042405,12.761674718196458,6.649221685453569,2.1269457863660763,1.7176596886741815,0.10064412238325282,0.4495437466451959,0.16774020397208803,,,
116,5.891035963499732,8.769457863660762,13.707729468599034,31.89747718733226,8.581588835212024,6.977992485238862,12.72812667740204,6.910896403650026,2.1269457863660763,1.6975308641975309,0.0939345142243693,0.4495437466451959,0.16774020397208803,,,
117,5.9447128287707995,8.76274825550188,13.647342995169081,31.83709071390231,8.621846484165324,7.011540526033279,12.74825550187869,6.870638754696726,2.1135265700483092,1.7176596886741815,0.0939345142243693,0.46296296296296297,0.16774020397208803,,,
118,6.011808910359635,8.729200214707461,13.607085346215781,31.655931293612454,8.53462157809984,7.065217391304348,12.681159420289855,7.058507783145465,2.120236178207193,1.7176596886741815,0.0939345142243693,0.5568974771873323,0.16774020397208803,,,
119,6.052066559312936,8.68894256575416,13.526570048309178,31.30703166935051,8.57487922705314,7.004830917874396,12.694578636607622,7.340311325818572,2.2074610842726785,1.7176596886741815,0.10064412238325282,0.630703166935051,0.15432098765432098,,,
120,6.078904991948471,8.68894256575416,13.546698872785829,31.0654857756307,8.588298443370908,7.03166935050993,12.788513150831992,7.39398819108964,2.1739130434782608,1.7310789049919484,0.10064412238325282,0.6575415995705851,0.15432098765432098,,,
121,5.891035963499732,7.944176060118089,12.647611379495437,37.38593666129898,8.3467525496511,6.427804616210413,9.91009125067096,6.843800322061192,2.0531400966183573,1.6304347826086956,0.08722490606548577,0.6776704240472357,0.15432098765432098,,,
122,5.964841653247451,7.87037037037037,12.607353730542137,37.07058507783145,8.333333333333334,6.662640901771336,9.903381642512077,6.850509930220075,2.1403650026838434,1.6304347826086956,0.08722490606548577,0.7246376811594203,0.15432098765432098,,,
123,5.978260869565218,7.856951154052603,12.593934514224369,37.02361782071927,8.454106280193237,6.649221685453569,9.863123993558776,6.843800322061192,2.1269457863660763,1.6237251744498122,0.10735373054213634,0.7179280730005367,0.15432098765432098,,0.0067096081588835215,
124,5.9514224369296835,7.809983896940419,12.553676865271068,36.882716049382715,8.601717659688674,6.6760601180891035,9.88996242619431,6.843800322061192,2.1940418679549114,1.6639828234031133,0.10735373054213634,0.6642512077294686,0.15432098765432098,,0.0067096081588835215,
125,5.743424584004294,7.467793880837359,12.486580783682234,38.79495437466452,8.11862587224906,6.642512077294686,9.863123993558776,6.360708534621578,2.1739130434782608,1.583467525496511,0.10064412238325282,0.5166398282340311,0.14761137949543746,,,
126,5.763553408480945,7.320182501341922,12.345679012345679,38.83521202361782,8.185721953837897,6.716317767042405,9.849704777241008,6.394256575415996,2.2611379495437465,1.583467525496511,0.10064412238325282,0.49651100375738055,0.14761137949543746,,,
127,5.676328502415459,6.810252281266774,14.781266774020397,37.36580783682233,7.971014492753623,6.5485775630703165,9.802737520128824,6.320450885668277,2.281266774020397,1.6706924315619969,0.1274825550187869,0.49651100375738055,0.14761137949543746,,,
128,5.703166935050993,6.769994632313473,14.794685990338165,37.245034889962426,8.031400966183575,6.5485775630703165,9.816156736446592,6.360708534621578,2.2946859903381642,1.6505636070853462,0.1274825550187869,0.5099302200751477,0.14761137949543746,,,
129,5.743424584004294,6.709608158883521,14.714170692431562,36.81561996779388,8.266237251744498,6.723027375201288,9.809447128287708,6.474771873322598,2.2946859903381642,1.6505636070853462,0.1274825550187869,0.5099302200751477,0.1610305958132045,,,
130,5.790391841116479,6.6827697262479875,14.680622651637144,35.990338164251206,9.03113258185722,6.702898550724638,9.923510466988727,6.474771873322598,2.314814814814815,1.6237251744498122,0.1274825550187869,0.5099302200751477,0.14761137949543746,,,
131,5.797101449275362,6.66935050993022,15.94873859366613,34.82286634460547,9.104938271604938,6.642512077294686,9.829575952764358,6.454643048845948,2.3550724637681157,1.5901771336553945,0.1274825550187869,0.5099302200751477,0.14761137949543746,,,
132,5.810520665593129,6.689479334406871,15.921900161030596,34.326355340848096,9.158615136876007,6.649221685453569,10.158346752549651,6.488191089640365,2.4557165861513686,1.5432098765432098,0.1274825550187869,0.5233494363929146,0.14761137949543746,,,
133,5.743424584004294,6.461352657004831,15.895061728395062,34.21900161030596,9.359903381642512,6.622383252818035,10.339506172839506,6.528448738593666,2.49597423510467,1.5365002683843263,0.1274825550187869,0.5233494363929146,0.14761137949543746,,,
134,5.723295759527644,6.454643048845948,15.780998389694043,34.07139023081052,9.359903381642512,6.488191089640365,10.473698336017177,6.602254428341385,2.6435856146001075,1.5901771336553945,0.1274825550187869,0.5367686527106817,0.14761137949543746,,,
135,5.743424584004294,6.0654857756307035,14.915458937198068,36.520397208803004,8.53462157809984,6.421095008051529,10.326086956521738,6.78341384863124,2.38191089640365,1.6170155662909287,0.12077294685990338,0.5099302200751477,0.06038647342995169,,,
136,5.723295759527644,6.011808910359635,14.841653247450349,35.88298443370907,9.212292002147075,6.340579710144928,10.628019323671497,6.608964036500268,2.4154589371980677,1.6505636070853462,0.11406333870101985,0.5099302200751477,0.06038647342995169,,,
137,5.709876543209877,5.998389694041868,14.579978529253891,35.63472893183038,9.219001610305957,6.320450885668277,10.95679012345679,6.78341384863124,2.428878153515835,1.6706924315619969,0.11406333870101985,0.5233494363929146,0.06038647342995169,,,
138,5.703166935050993,5.978260869565218,14.533011272141707,35.46027911969941,9.27938808373591,6.481481481481482,10.950080515297907,6.863929146537842,2.38191089640365,1.6706924315619969,0.11406333870101985,0.5233494363929146,0.06038647342995169,,,
139,5.709876543209877,5.9447128287707995,14.49946323134729,35.319377348362856,9.272678475577026,6.5552871712292005,10.943370907139023,6.904186795491143,2.475845410628019,1.6639828234031133,0.11406333870101985,0.5367686527106817,0.06038647342995169,,,
140,5.750134192163178,5.938003220611916,14.479334406870638,34.80944712828771,9.480676328502415,6.535158346752549,10.903113258185721,7.159151905528717,2.522812667740204,1.6975308641975309,0.1274825550187869,0.5367686527106817,0.06038647342995169,,,
141,5.763553408480945,5.904455179817498,14.318303811057435,34.655126140633385,9.796027911969942,6.515029522275899,10.889694041867955,7.159151905528717,2.5697799248523885,1.7176596886741815,0.11406333870101985,0.5300590445517982,0.06038647342995169,,0.0067096081588835215,
142,5.475040257648954,6.206387546967257,14.049919484702093,34.292807300053674,9.742351046698873,6.964573268921095,11.137949543746645,7.085346215780999,2.6301663982823404,1.6908212560386473,0.1274825550187869,0.5300590445517982,0.06038647342995169,,0.0067096081588835215,
143,5.501878690284487,6.011808910359635,13.694310252281268,32.15244229736983,9.722222222222221,6.991411701556629,13.88888888888889,7.071926999463232,2.589908749329039,1.6572732152442298,0.1274825550187869,0.5233494363929146,0.06038647342995169,,0.0067096081588835215,
144,5.508588298443371,5.991680085882985,13.647342995169081,31.99812130971551,9.836285560923242,6.951154052603328,13.768115942028986,7.125603864734299,2.5831991411701556,1.8384326355340848,0.14090177133655393,0.5434782608695652,0.06038647342995169,,0.0067096081588835215,
145,5.508588298443371,5.964841653247451,13.607085346215781,31.508319914117017,10.339506172839506,6.971282877079979,13.801663982823403,7.058507783145465,2.6502952227589907,1.8384326355340848,0.14090177133655393,0.5434782608695652,0.06038647342995169,,0.0067096081588835215,
146,5.5756843800322065,5.998389694041868,13.788244766505636,31.280193236714975,10.50053676865271,6.9243156199677935,13.526570048309178,7.078636607622115,2.7106816961889426,1.8317230273752012,0.14090177133655393,0.5770263016639828,0.06038647342995169,,0.0067096081588835215,
147,5.4549114331723025,6.233225979602791,13.761406333870102,31.092324208266238,10.393183038110575,6.951154052603328,13.560118089103597,7.132313472893183,2.7106816961889426,1.90552871712292,0.14090177133655393,0.5770263016639828,0.08051529790660225,,0.0067096081588835215,
148,5.434782608695652,6.1862587224906065,13.519860440150294,30.790391841116477,10.997047772410092,6.991411701556629,13.47289318303811,7.078636607622115,2.7241009125067097,1.932367149758454,0.14090177133655393,0.5904455179817498,0.13419216317767044,,0.0067096081588835215,
149,5.58239398819109,6.112453032742888,13.439345142243694,30.743424584004295,11.097691894793345,6.904186795491143,13.533279656468062,7.004830917874396,2.7844873859366612,1.9256575415995705,0.14090177133655393,0.5904455179817498,0.13419216317767044,,0.0067096081588835215,
150,5.636070853462158,6.112453032742888,13.43263553408481,30.64278046162104,11.05072463768116,6.89747718733226,13.513150831991412,7.098765432098766,2.804616210413312,1.932367149758454,0.13419216317767044,0.5904455179817498,0.14761137949543746,,0.0067096081588835215,
151,5.58239398819109,6.139291465378422,13.358829844337091,30.20665593129361,11.097691894793345,6.723027375201288,13.83521202361782,7.709339774557166,2.8650026838432634,1.6908212560386473,0.13419216317767044,0.5032206119162641,0.14761137949543746,,0.0067096081588835215,
152,5.656199677938808,6.092324208266238,13.311862587224907,30.10601180891036,11.18491680085883,6.696188942565755,13.774825550187868,7.709339774557166,2.918679549114332,1.7176596886741815,0.15432098765432098,0.5233494363929146,0.14761137949543746,,0.0067096081588835215,
153,5.669618894256575,6.092324208266238,13.22463768115942,30.04562533548041,11.211755233494364,6.910896403650026,13.6406333870102,7.716049382716049,2.885131508319914,1.737788513150832,0.15432098765432098,0.5568974771873323,0.14761137949543746,,0.0067096081588835215,
154,5.656199677938808,6.092324208266238,13.110574342458401,29.911433172302736,10.976918947933441,7.326892109500805,13.627214170692431,7.716049382716049,2.8784219001610305,1.7646269457863661,0.16774020397208803,0.6172839506172839,0.14761137949543746,,0.0067096081588835215,
155,5.441492216854535,6.005099302200751,13.177670424047236,29.965110037573805,11.064143853998926,7.353730542136339,13.539989264626946,7.763016639828234,2.885131508319914,1.8719806763285025,0.16774020397208803,0.6172839506172839,0.14090177133655393,,0.0067096081588835215,
156,5.515297906602254,5.984970477724101,13.177670424047236,29.904723564143854,11.144659151905529,7.427536231884058,13.519860440150294,7.648953301127214,2.8650026838432634,1.8988191089640365,0.14761137949543746,0.6172839506172839,0.14090177133655393,,0.0067096081588835215,
157,5.481749865807837,5.978260869565218,13.023349436392914,29.73027375201288,11.439881910896403,7.326892109500805,13.821792807300053,7.568438003220612,2.7979066022544283,1.90552871712292,0.14761137949543746,0.630703166935051,0.14090177133655393,,0.0067096081588835215,
158,5.475040257648954,5.958132045088567,12.962962962962964,28.978797638217927,11.466720343531938,7.50805152979066,14.284755770263017,7.695920558239399,2.831454643048846,1.9726247987117553,0.14761137949543746,0.5501878690284487,0.1610305958132045,,0.0067096081588835215,
159,5.340848094471283,5.287171229200215,12.76838432635534,30.12614063338701,11.29898013955985,7.796564680622652,13.989533011272142,7.75630703166935,2.7844873859366612,1.9994632313472893,0.14761137949543746,0.5501878690284487,0.14761137949543746,,0.0067096081588835215,
160,5.3341384863123995,5.273752012882448,13.81508319914117,29.56924315619968,11.171497584541063,7.763016639828234,13.647342995169081,7.695920558239399,2.7643585614600106,2.1403650026838434,0.13419216317767044,0.5501878690284487,0.13419216317767044,,0.0067096081588835215,
161,5.293880837359098,5.267042404723564,13.774825550187868,29.47530864197531,11.171497584541063,7.7898550724637685,13.747987117552334,7.6556629092860975,2.7643585614600106,2.167203435319377,0.13419216317767044,0.5837359098228664,0.16774020397208803,,0.0067096081588835215,
162,5.314009661835748,5.267042404723564,13.727858293075684,29.07944176060118,11.60762211486849,7.7831454643048845,13.593666129898015,7.669082125603865,2.8515834675254963,2.187332259796028,0.13419216317767044,0.5837359098228664,0.19457863660762212,,0.0067096081588835215,
163,5.273752012882448,5.267042404723564,13.734567901234568,29.025764895330113,11.58749329039184,7.85024154589372,13.560118089103597,7.709339774557166,2.871712292002147,2.200751476113795,0.13419216317767044,0.5837359098228664,0.19457863660762212,,0.0067096081588835215,
164,5.293880837359098,5.253623188405797,13.70101986044015,28.81105743424584,11.768652710681696,7.917337627482555,13.446054750402576,7.796564680622652,2.85829307568438,2.2208803005904456,0.14761137949543746,0.5837359098228664,0.19457863660762212,,0.0067096081588835215,
165,5.3341384863123995,5.226784755770263,13.687600644122384,28.27428878153516,11.728395061728396,7.809983896940419,13.935856146001074,7.836822329575953,2.9589371980676327,2.2208803005904456,0.13419216317767044,0.6575415995705851,0.1878690284487386,,0.0067096081588835215,
