,45,50,55,51,53,54,60,52,57,56,58,59,61,46
0,97.8797638217928,2.120236178207193,,,,,,,,,,,,
1,97.49731615673645,2.4892646269457863,0.013419216317767043,,,,,,,,,,,
2,97.12828770799786,2.8381642512077296,0.03354804079441761,,,,,,,,,,,
3,81.76328502415458,17.673107890499196,0.5636070853462157,,,,,,,,,,,
4,67.88110574342458,31.54186795491143,0.5636070853462157,0.013419216317767043,,,,,,,,,,
5,63.747987117552334,33.60842726784756,0.6038647342995169,0.6575415995705851,0.020128824476650563,1.3620504562533549,,,,,,,,
6,62.936124530327426,33.50107353730542,0.6038647342995169,0.6575415995705851,0.9393451422436929,1.3620504562533549,,,,,,,,
7,62.84219001610306,33.52120236178207,0.6038647342995169,0.7313472893183038,0.9393451422436929,1.3620504562533549,,,,,,,,
8,61.50697799248524,34.78260869565217,0.6776704240472357,0.7313472893183038,0.9393451422436929,1.328502415458937,0.03354804079441761,,,,,,,
9,61.3593666129898,34.93022007514761,0.6776704240472357,0.7313472893183038,0.9393451422436929,1.328502415458937,0.03354804079441761,,,,,,,
10,61.178207192699944,35.10466988727858,0.6910896403650026,0.7313472893183038,0.9326355340848095,1.328502415458937,0.03354804079441761,,,,,,,
11,60.79575952764358,35.32608695652174,0.7447665056360708,0.7313472893183038,0.9326355340848095,1.3016639828234031,0.06038647342995169,0.10735373054213634,,,,,,
12,57.47450348899624,38.57353730542136,0.8185721953837896,0.7313472893183038,0.9326355340848095,1.3016639828234031,0.06038647342995169,0.10735373054213634,,,,,,
13,57.33360171765969,38.58024691358025,0.9057971014492754,0.7313472893183038,0.9192163177670424,1.3620504562533549,0.06038647342995169,0.10735373054213634,,,,,,
14,52.54965110037574,31.36070853462158,0.9326355340848095,0.7313472893183038,0.8252818035426731,1.3620504562533549,0.06038647342995169,12.117552334943639,0.06038647342995169,,,,,
15,52.14036500268384,31.622383252818036,0.95276435856146,0.8319914117015567,0.8252818035426731,1.3955984970477724,0.06038647342995169,12.016908212560386,0.06038647342995169,0.0939345142243693,,,,
16,51.39559849704777,29.95169082125604,0.9057971014492754,0.966183574879227,0.8252818035426731,1.3955984970477724,0.06038647342995169,14.345142243692969,0.06038647342995169,0.0939345142243693,,,,
17,44.46457326892109,36.77536231884058,1.0131508319914118,1.4492753623188406,0.8252818035426731,0.9259259259259259,0.06038647342995169,14.278046162104133,0.11406333870101985,0.0939345142243693,,,,
18,44.42431561996779,36.741814278046164,1.0869565217391304,1.4492753623188406,0.8252818035426731,0.9259259259259259,0.06038647342995169,14.190821256038648,0.0939345142243693,0.20128824476650564,,,,
19,43.833870101986044,34.58803005904455,1.0332796564680622,15.056360708534621,0.8252818035426731,0.9259259259259259,0.06038647342995169,3.535963499731616,0.03354804079441761,0.10735373054213634,,,,
20,43.69296833064949,34.715512614063336,1.0332796564680622,14.861782071927,0.8252818035426731,0.9259259259259259,0.06038647342995169,3.535963499731616,0.03354804079441761,0.3153515834675255,,,,
21,40.89506172839506,34.4873859366613,1.0601180891035964,18.243424584004295,0.8252818035426731,1.2681159420289856,0.06038647342995169,2.7777777777777777,0.03354804079441761,0.3488996242619431,,,,
22,40.713902308105204,34.68196457326892,1.1406333870101986,18.16290928609769,0.8252818035426731,1.2681159420289856,0.06038647342995169,2.7777777777777777,0.03354804079441761,0.33548040794417605,,,,
23,40.27106816961889,34.0378421900161,1.1540526033279657,15.673644659151906,4.7101449275362315,1.261406333870102,0.06038647342995169,2.0397208803005906,0.06038647342995169,0.7313472893183038,,,,
24,37.29200214707461,36.79549114331723,1.247987117552335,15.74074074074074,4.770531400966184,1.261406333870102,0.06038647342995169,2.0397208803005906,0.06038647342995169,0.7313472893183038,,,,
25,29.508856682769725,47.336285560923244,1.2144390767579174,12.929414922168545,4.864465915190553,1.261406333870102,0.06038647342995169,2.033011272141707,0.06038647342995169,0.7313472893183038,,,,
26,29.159957058507782,47.094739667203434,1.3687600644122384,13.130703166935051,4.931561996779388,1.3016639828234031,0.06038647342995169,2.033011272141707,0.06038647342995169,0.8588298443370908,,,,
27,29.200214707461082,47.04106280193237,1.3821792807300053,13.077026301663983,4.931561996779388,1.3016639828234031,0.06038647342995169,2.033011272141707,0.06038647342995169,0.9125067096081588,,,,
28,29.01905528717123,46.59822866344606,2.006172839506173,13.077026301663983,4.931561996779388,1.3016639828234031,0.06038647342995169,2.033011272141707,0.06038647342995169,0.9125067096081588,,,,
29,28.44873859366613,40.37842190016103,1.865271068169619,20.068438003220614,4.931561996779388,1.3419216317767042,0.06038647342995169,1.932367149758454,0.06038647342995169,0.9125067096081588,,,,
30,28.395061728395063,39.512882447665056,1.932367149758454,20.068438003220614,4.924852388620504,2.214170692431562,0.06038647342995169,1.9189479334406871,0.06038647342995169,0.9125067096081588,,,,
31,28.059581320450885,37.996511003757384,3.6366076221148687,20.034889962426195,4.998658078368224,2.2611379495437465,0.08722490606548577,1.9189479334406871,0.08051529790660225,0.9259259259259259,,,,
32,27.911969940955448,37.09742351046699,3.730542136339238,19.900697799248523,5.971551261406334,2.2611379495437465,0.08722490606548577,1.9726247987117553,0.08051529790660225,0.9863123993558777,,,,
33,19.82018250134192,45.249597423510465,4.005636070853462,19.55179817498658,5.971551261406334,2.2611379495437465,0.08722490606548577,1.9726247987117553,0.08051529790660225,0.9997316156736447,,,,
34,19.79334406870639,44.276704240472355,4.005636070853462,19.55179817498658,6.971282877079979,2.2611379495437465,0.08722490606548577,1.9726247987117553,0.08051529790660225,0.9997316156736447,,,,
35,19.26328502415459,40.45222758990875,3.9184111647879765,19.350509930220074,11.506977992485238,2.1135265700483092,0.08722490606548577,1.9726247987117553,0.08051529790660225,1.133923778851315,0.03354804079441761,0.08722490606548577,,
36,18.55877616747182,39.070048309178745,3.9318303811057436,17.20343531937735,12.902576489533011,2.1135265700483092,0.08722490606548577,4.797369833601718,0.0939345142243693,1.1205045625335481,0.03354804079441761,0.08722490606548577,,
37,18.572195383789587,38.94927536231884,3.81105743424584,17.12962962962963,12.835480407944177,2.1135265700483092,0.23483628556092323,4.777241009125067,0.20799785292538917,1.2278582930756843,0.03354804079441761,0.10735373054213634,,
38,18.5252281266774,38.85534084809447,3.8043478260869565,17.16988727858293,12.828770799785293,2.1135265700483092,0.23483628556092323,4.864465915190553,0.23483628556092323,1.2278582930756843,0.03354804079441761,0.10735373054213634,,
39,18.55877616747182,38.828502415458935,3.8043478260869565,17.143048845947398,12.788513150831992,2.1135265700483092,0.23483628556092323,4.864465915190553,0.23483628556092323,1.2546967257112185,0.06709608158883522,0.10735373054213634,,
40,17.344337090713903,36.171497584541065,3.8915727321524423,21.72571121846484,11.916264090177133,2.1135265700483092,0.23483628556092323,4.810789049919484,0.23483628556092323,1.3150831991411702,0.13419216317767044,0.10735373054213634,,
41,15.633387010198604,34.72222222222222,3.9184111647879765,25.34219001610306,11.332528180354267,2.1135265700483092,0.23483628556092323,4.757112184648417,0.33548040794417605,1.3687600644122384,0.13419216317767044,0.10735373054213634,,
42,12.842190016103059,30.360976918947934,3.7909286097691894,34.27938808373591,11.332528180354267,3.4822866344605474,0.23483628556092323,1.556629092860977,0.30193236714975846,1.5767579173376274,0.13419216317767044,0.10735373054213634,,
43,12.835480407944177,30.367686527106816,3.938539989264627,33.984165324745035,11.332528180354267,3.4822866344605474,0.23483628556092323,1.556629092860977,0.30193236714975846,1.724369296833065,0.13419216317767044,0.10735373054213634,,
44,10.762211486849168,27.200751476113794,3.9855072463768115,42.27724100912507,8.80300590445518,3.2877079978529253,0.2549651100375738,1.556629092860977,0.30193236714975846,1.3620504562533549,0.10064412238325282,0.10735373054213634,,
45,10.520665593129362,25.489801395598498,3.9989264626945786,41.458668813741276,11.54723564143854,3.240740740740741,0.30193236714975846,1.556629092860977,0.1878690284487386,1.4694041867954912,0.10064412238325282,0.1274825550187869,,
46,10.547504025764896,25.44283413848631,4.05931293612453,41.196994095544824,11.54723564143854,3.2340311325818574,0.30193236714975846,1.556629092860977,0.1878690284487386,1.6975308641975309,0.10064412238325282,0.1274825550187869,,
47,10.59447128287708,25.369028448738593,4.133118625872249,41.17015566290929,11.520397208803006,3.227321524422974,0.30193236714975846,1.556629092860977,0.1878690284487386,1.710950080515298,0.10064412238325282,0.1274825550187869,,
48,10.560923242082662,23.329307568438004,3.6768652710681695,39.660493827160494,10.748792270531402,3.374932903918411,0.19457863660762212,6.347289318303811,0.2214170692431562,1.7713365539452497,0.07380568974771873,0.040257648953301126,,
49,10.520665593129362,23.315888352120236,3.797638217928073,39.55314009661836,10.735373054213634,3.374932903918411,0.19457863660762212,6.3137412775093935,0.24825550187869028,1.8115942028985508,0.0939345142243693,0.040257648953301126,,
50,10.59447128287708,23.027375201288244,4.079441760601181,38.499731615673646,11.721685453569512,3.374932903918411,0.19457863660762212,6.3137412775093935,0.24825550187869028,1.8115942028985508,0.0939345142243693,0.040257648953301126,,
51,10.61460010735373,23.013955984970476,4.079441760601181,38.37224906065486,11.674718196457327,3.374932903918411,0.19457863660762212,6.3137412775093935,0.33548040794417605,1.892109500805153,0.0939345142243693,0.040257648953301126,,
52,10.527375201288244,22.15512614063339,4.609500805152979,38.5601180891036,10.493827160493828,3.2742887815351582,0.19457863660762212,6.910896403650026,0.4562533548040794,2.703972088030059,0.0939345142243693,0.020128824476650563,,
53,10.44015029522276,21.806226516371442,5.045625335480408,38.5601180891036,10.493827160493828,3.2742887815351582,0.19457863660762212,6.89747718733226,0.46967257112184646,2.703972088030059,0.0939345142243693,0.020128824476650563,,
54,10.46027911969941,21.598228663446054,5.287171229200215,38.30515297906602,10.44015029522276,3.307836822329576,0.19457863660762212,6.890767579173376,0.47638217928073,2.8784219001610305,0.14090177133655393,0.020128824476650563,,
55,10.46027911969941,21.36339237788513,5.280461621041331,36.8491680085883,12.037037037037036,3.307836822329576,0.2281266774020397,6.890767579173376,0.47638217928073,2.945517981749866,0.14090177133655393,0.020128824476650563,,
56,10.493827160493828,21.26274825550188,5.401234567901234,36.74852388620504,12.037037037037036,3.307836822329576,0.2281266774020397,6.884057971014493,0.46296296296296297,3.012614063338701,0.14090177133655393,0.020128824476650563,,
57,10.225442834138486,20.987654320987655,5.401234567901234,35.527375201288244,11.876006441223833,3.3011272141706924,0.2281266774020397,8.735909822866345,0.46296296296296297,3.0595813204508855,0.14090177133655393,0.05367686527106817,,
58,10.23215244229737,20.94068706387547,5.495169082125604,33.76945786366076,13.747987117552334,3.3011272141706924,0.2147074610842727,8.61513687600644,0.5703166935050993,2.918679549114332,0.14090177133655393,0.05367686527106817,,
59,10.171765968867419,20.705850778314545,5.595813204508857,33.61513687600644,12.942834138486312,3.3011272141706924,0.2147074610842727,9.702093397745571,0.5703166935050993,2.9790660225442833,0.10735373054213634,0.0939345142243693,,
60,10.050993022007514,20.67230273752013,5.662909286097692,33.36688137412775,12.942834138486312,3.3011272141706924,0.2147074610842727,9.802737520128824,0.5703166935050993,3.2139023081052067,0.10735373054213634,0.0939345142243693,,
61,10.111379495437467,20.544820182501343,5.280461621041331,32.8972088030059,13.788244766505636,3.3011272141706924,0.2147074610842727,9.863123993558776,0.5837359098228664,3.1870638754696725,0.13419216317767044,0.0939345142243693,,
62,10.02415458937198,20.585077831454644,5.340848094471283,34.03113258185722,12.801932367149758,3.4420289855072466,0.2147074610842727,9.816156736446592,0.5837359098228664,2.932098765432099,0.13419216317767044,0.0939345142243693,,
63,9.648416532474503,18.927804616210413,5.374396135265701,39.398819108964034,10.151637144390767,3.4286097691894795,0.2147074610842727,9.138486312399356,0.644122383252818,2.844873859366613,0.16774020397208803,0.06038647342995169,,
64,9.675254965110037,18.364197530864196,5.938003220611916,35.78234031132582,10.151637144390767,7.051798174986581,0.2147074610842727,9.138486312399356,0.644122383252818,2.8113258185721954,0.16774020397208803,0.06038647342995169,,
65,9.688674181427805,18.35077831454643,5.938003220611916,35.76221148684917,10.11808910359635,7.051798174986581,0.2147074610842727,9.138486312399356,0.6709608158883521,2.8113258185721954,0.19457863660762212,0.06038647342995169,,
66,9.104938271604938,16.847826086956523,5.803811057434245,39.26462694578637,9.225711218464841,6.488191089640365,0.2147074610842727,9.07139023081052,0.6709608158883521,2.9052603327965647,0.3421900161030596,0.06038647342995169,,
67,9.16532474503489,16.847826086956523,5.891035963499732,39.12372517444981,9.212292002147075,6.461352657004831,0.24154589371980675,9.064680622651638,0.6709608158883521,2.918679549114332,0.3421900161030596,0.06038647342995169,,
68,9.192163177670425,16.820987654320987,5.931293612453032,38.98282340311326,9.198872785829307,6.568706387546968,0.24154589371980675,8.957326892109501,0.6709608158883521,3.0327428878153517,0.3421900161030596,0.06038647342995169,,
69,9.158615136876007,16.814278046162105,5.931293612453032,37.9898013955985,9.225711218464841,5.884326355340848,0.24154589371980675,10.44015029522276,0.7447665056360708,3.166935050993022,0.3421900161030596,0.06038647342995169,,
70,8.225979602791197,15.002683843263553,4.777241009125067,41.78743961352657,9.695383789586689,5.280461621041331,0.2683843263553409,10.46027911969941,0.7447665056360708,3.3548040794417604,0.3421900161030596,0.06038647342995169,,
71,8.259527643585615,15.002683843263553,5.595813204508857,40.955448201825014,9.695383789586689,5.280461621041331,0.2683843263553409,10.46027911969941,0.7447665056360708,3.33467525496511,0.3421900161030596,0.06038647342995169,,
72,8.185721953837897,14.318303811057435,5.448201825013419,43.53193773483628,9.400161030595813,5.280461621041331,0.2683843263553409,8.870101986044014,0.8521202361782072,3.4420289855072466,0.3421900161030596,0.06038647342995169,,
73,8.205850778314547,14.2914653784219,6.139291465378422,42.93478260869565,9.366612989801396,5.146269457863661,0.24825550187869028,8.776167471819646,0.95276435856146,3.5091250670960816,0.36902844873859364,0.06038647342995169,,
74,8.205850778314547,14.2914653784219,6.233225979602791,42.8341384863124,9.366612989801396,5.146269457863661,0.24825550187869028,8.769457863660762,0.9796027911969941,3.4957058507783145,0.36902844873859364,0.06038647342995169,,
75,8.09849704777241,14.110305958132045,6.360708534621578,42.80059044551798,9.339774557165862,5.146269457863661,0.24825550187869028,8.769457863660762,0.9796027911969941,3.6902844873859366,0.39586688137412773,0.06038647342995169,,
76,8.051529790660226,13.81508319914117,5.508588298443371,42.632850241545896,9.339774557165862,5.092592592592593,0.10064412238325282,10.581052066559312,0.785024154589372,3.6366076221148687,0.39586688137412773,0.06038647342995169,,
77,8.044820182501342,13.513150831991412,6.1862587224906065,38.71443907675792,9.245840042941492,5.092592592592593,0.10064412238325282,14.04320987654321,0.798443370907139,3.7372517444981215,0.46296296296296297,0.06038647342995169,,
78,8.044820182501342,13.405797101449275,6.146001073537305,38.687600644122384,9.212292002147075,5.24020397208803,0.10064412238325282,14.04320987654321,0.8387010198604401,3.7238325281803544,0.49651100375738055,0.06038647342995169,,
79,8.024691358024691,13.385668276972625,6.508319914117015,37.72812667740204,11.513687600644122,5.226784755770263,0.10064412238325282,13.023349436392914,0.7179280730005367,3.2340311325818574,0.47638217928073,0.06038647342995169,,
80,8.05823939881911,13.372249060654857,6.521739130434782,37.66774020397209,11.513687600644122,5.226784755770263,0.10064412238325282,13.01663982823403,0.7179280730005367,3.2675791733762747,0.47638217928073,0.06038647342995169,,
81,8.064949006977992,13.39237788513151,6.481481481481482,37.64090177133655,11.480139559849706,5.267042404723564,0.10064412238325282,13.01663982823403,0.7179280730005367,3.2675791733762747,0.47638217928073,0.0939345142243693,,
82,8.165593129361245,13.365539452495975,6.508319914117015,37.56038647342995,11.446591519055287,5.267042404723564,0.10064412238325282,12.714707461084272,1.0198604401502953,3.280998389694042,0.47638217928073,0.0939345142243693,,
83,8.132045088566828,12.654320987654321,5.931293612453032,40.9621578099839,11.446591519055287,5.267042404723564,0.08051529790660225,10.68840579710145,0.8051529790660226,3.4621578099838968,0.47638217928073,0.0939345142243693,,
84,8.21256038647343,12.506709608158884,6.0587761674718195,40.94873859366613,11.439881910896403,5.253623188405797,0.08051529790660225,10.661567364465915,0.8051529790660226,3.4621578099838968,0.47638217928073,0.0939345142243693,,
85,6.642512077294686,33.883521202361784,5.837359098228664,30.636070853462158,2.61003757380569,10.305958132045088,0.06038647342995169,7.058507783145465,0.3757380568974772,2.4020397208803006,0.1878690284487386,,,
86,6.642512077294686,33.863392377885134,5.776972624798712,30.66290928609769,2.61003757380569,10.305958132045088,0.06038647342995169,7.0450885668276975,0.3757380568974772,2.4020397208803006,0.2281266774020397,0.026838432635534086,,
87,6.642512077294686,33.7962962962963,5.743424584004294,27.563070316693505,2.61003757380569,10.292538915727322,0.06038647342995169,10.272410091250672,0.4025764895330113,2.3617820719269993,0.2281266774020397,0.026838432635534086,,
88,6.655931293612453,33.742619431025226,5.8172302737520125,27.395330112721417,2.61003757380569,10.285829307568438,0.06038647342995169,10.326086956521738,0.41599570585077833,2.4355877616747184,0.2281266774020397,0.026838432635534086,,
89,6.541867954911433,33.60842726784756,5.844068706387547,26.8719806763285,2.623456790123457,10.285829307568438,0.06038647342995169,10.339506172839506,0.41599570585077833,3.1535158346752548,0.2281266774020397,0.026838432635534086,,
90,6.541867954911433,33.393719806763286,5.911164787976382,26.778046162104133,2.623456790123457,10.466988727858293,0.06038647342995169,10.305958132045088,0.41599570585077833,3.2474503488996245,0.2281266774020397,0.026838432635534086,,
91,6.582125603864735,33.23268921095008,6.132581857219538,26.670692431561996,2.623456790123457,10.466988727858293,0.06038647342995169,10.272410091250672,0.41599570585077833,3.2877079978529253,0.2281266774020397,0.026838432635534086,,
92,6.582125603864735,32.890499194847024,5.9514224369296835,24.194847020933977,2.623456790123457,10.050993022007514,0.06038647342995169,13.627214170692431,0.4294149221685454,3.1065485775630703,0.3153515834675255,0.16774020397208803,,
93,6.447933440687064,32.950885668276975,6.159420289855072,24.194847020933977,2.623456790123457,9.836285560923242,0.06038647342995169,13.627214170692431,0.4294149221685454,3.1065485775630703,0.3153515834675255,0.24825550187869028,,
94,6.488191089640365,32.26650563607085,6.769994632313473,24.154589371980677,2.623456790123457,9.728931830381105,0.06038647342995169,13.620504562533547,0.4294149221685454,3.1333870101986045,0.3153515834675255,0.4092860976918948,,
95,6.528448738593666,31.904186795491142,7.051798174986581,24.06736446591519,2.623456790123457,9.695383789586689,0.06038647342995169,13.6808910359635,0.5032206119162641,3.1602254428341383,0.3153515834675255,0.4092860976918948,,
96,6.501610305958132,31.76328502415459,7.286634460547504,24.000268384326354,2.623456790123457,9.695383789586689,0.06038647342995169,13.6808910359635,0.5032206119162641,3.1602254428341383,0.3153515834675255,0.4092860976918948,,
97,6.582125603864735,31.676060118089104,7.37385936661299,23.805689747718734,2.623456790123457,9.688674181427805,0.06038647342995169,13.6808910359635,0.5032206119162641,3.307836822329576,0.3153515834675255,0.3824476650563607,,
98,6.575415995705851,30.891035963499732,7.353730542136339,23.60440150295223,2.818035426731079,10.352925389157273,0.06038647342995169,13.6406333870102,0.5032206119162641,3.475577026301664,0.3153515834675255,0.4092860976918948,,
99,6.561996779388084,30.817230273752013,7.367149758454106,23.60440150295223,2.818035426731079,10.299248523886206,0.06038647342995169,13.667471819645733,0.6038647342995169,3.475577026301664,0.3153515834675255,0.4092860976918948,,
100,6.5485775630703165,30.803811057434245,7.434245840042942,23.523886205045624,2.831454643048846,10.272410091250672,0.06038647342995169,13.654052603327965,0.6172839506172839,3.502415458937198,0.3153515834675255,0.43612453032742887,,
101,6.582125603864735,30.703166935050994,7.514761137949543,23.470209339774556,2.831454643048846,10.258990874932904,0.07380568974771873,13.654052603327965,0.6172839506172839,3.5426731078904994,0.3153515834675255,0.43612453032742887,,
102,6.582125603864735,30.636070853462158,7.555018786902845,23.470209339774556,2.831454643048846,10.23215244229737,0.10064412238325282,13.6808910359635,0.6172839506172839,3.5426731078904994,0.3153515834675255,0.43612453032742887,,
103,6.166129898013956,31.15271068169619,7.601986044015029,23.275630703166936,2.831454643048846,10.23215244229737,0.10064412238325282,13.674181427804616,0.5904455179817498,3.6231884057971016,0.3153515834675255,0.43612453032742887,,
104,6.1929683306494905,31.03864734299517,7.467793880837359,21.980676328502415,4.206924315619967,6.964573268921095,0.10064412238325282,17.082662372517444,0.7246376811594203,3.6768652710681695,0.32877079978529256,0.23483628556092323,,
105,6.233225979602791,30.938003220611915,7.541599570585078,21.960547504025765,4.206924315619967,6.964573268921095,0.10064412238325282,17.06924315619968,0.7246376811594203,3.69699409554482,0.32877079978529256,0.23483628556092323,,
106,6.219806763285024,30.917874396135264,7.669082125603865,21.792807300053678,4.193505099302201,6.964573268921095,0.10064412238325282,17.06924315619968,0.7246376811594203,3.770799785292539,0.3421900161030596,0.23483628556092323,,
107,6.273483628556092,30.9044551798175,7.823403113258186,21.76596886741814,4.180085882984434,6.964573268921095,0.10064412238325282,16.847826086956523,0.6709608158883521,3.8848631239935587,0.3488996242619431,0.23483628556092323,,
108,6.286902844873859,30.891035963499732,7.742887815351583,21.71900161030596,4.180085882984434,7.024959742351046,0.14761137949543746,16.847826086956523,0.6709608158883521,3.9049919484702094,0.3488996242619431,0.23483628556092323,,
109,6.286902844873859,30.783682232957595,7.87037037037037,21.71900161030596,4.180085882984434,7.024959742351046,0.14761137949543746,16.820987654320987,0.6776704240472357,3.9049919484702094,0.3488996242619431,0.23483628556092323,,
110,6.286902844873859,30.66290928609769,8.004562533548041,21.71900161030596,4.180085882984434,7.024959742351046,0.14761137949543746,16.794149221685455,0.6910896403650026,3.9049919484702094,0.3488996242619431,0.23483628556092323,,
111,6.300322061191626,30.66290928609769,8.004562533548041,21.62506709608159,4.180085882984434,6.991411701556629,0.14761137949543746,16.720343531937736,0.8051529790660226,3.9586688137412773,0.33548040794417605,0.2683843263553409,,
112,6.3070316693505095,30.656199677938808,8.004562533548041,21.62506709608159,4.180085882984434,6.991411701556629,0.14761137949543746,16.720343531937736,0.8051529790660226,3.9586688137412773,0.33548040794417605,0.2683843263553409,,
113,6.320450885668277,30.656199677938808,7.991143317230274,21.62506709608159,4.1532474503489,6.991411701556629,0.14761137949543746,16.720343531937736,0.8051529790660226,3.9586688137412773,0.36231884057971014,0.2683843263553409,,
114,6.347289318303811,30.58239398819109,8.179012345679013,21.43719806763285,4.05931293612453,7.004830917874396,0.17444981213097155,16.70692431561997,0.9326355340848095,3.9586688137412773,0.36231884057971014,0.2549651100375738,,
115,6.353998926462695,29.998658078368223,8.82313472893183,21.28287707997853,4.05931293612453,7.004830917874396,0.17444981213097155,16.70692431561997,1.0131508319914118,3.965378421900161,0.36231884057971014,0.2549651100375738,,
116,6.407675791733762,29.958400429414922,9.024422973698336,20.477724100912507,4.03918411164788,6.910896403650026,0.20128824476650564,17.45169082125604,1.0131508319914118,3.898282340311326,0.36231884057971014,0.2549651100375738,,
117,6.394256575415996,29.938271604938272,9.057971014492754,20.471014492753625,4.052603327965647,6.890767579173376,0.17444981213097155,17.431561996779386,1.0466988727858293,3.9049919484702094,0.38915727321524424,0.24825550187869028,,
118,6.260064412238325,28.99892646269458,9.198872785829307,21.07487922705314,4.032474503488996,5.260332796564681,0.1610305958132045,19.55179817498658,1.0265700483091786,3.8580246913580245,0.38915727321524424,0.1878690284487386,,
119,6.219806763285024,28.945249597423512,8.76274825550188,19.49812130971551,6.582125603864735,5.381105743424584,0.1610305958132045,19.00161030595813,0.9997316156736447,3.878153515834675,0.3824476650563607,0.1878690284487386,,
120,6.239935587761675,28.864734299516908,8.82313472893183,19.45786366076221,6.582125603864735,5.340848094471283,0.20128824476650564,18.9747718733226,1.0198604401502953,3.92512077294686,0.3824476650563607,0.1878690284487386,,
121,6.266774020397209,28.77750939345142,8.890230810520666,19.404186795491142,6.582125603864735,5.394524959742351,0.20128824476650564,18.95464304884595,1.0198604401502953,3.938539989264627,0.3824476650563607,0.1878690284487386,,
122,6.239935587761675,28.77079978529254,9.004294149221685,19.296833064949006,6.568706387546968,5.394524959742351,0.20128824476650564,18.94122383252818,1.0332796564680622,3.965378421900161,0.39586688137412773,0.1878690284487386,,
123,6.253354804079442,28.455448201825014,9.044551798174986,19.209608158883523,6.541867954911433,6.005099302200751,0.19457863660762212,18.57890499194847,1.0332796564680622,3.965378421900161,0.39586688137412773,0.322061191626409,,
124,6.253354804079442,28.341384863123995,9.07139023081052,19.122383252818036,6.769994632313473,5.991680085882985,0.19457863660762212,18.4447128287708,1.0399892646269457,4.052603327965647,0.39586688137412773,0.322061191626409,,
125,6.146001073537305,28.388352120236178,9.339774557165862,18.988191089640367,6.763285024154589,5.83064949006978,0.17444981213097155,18.417874396135264,1.0534084809447128,4.180085882984434,0.39586688137412773,0.322061191626409,,
126,6.213097155126141,28.388352120236178,9.339774557165862,18.94122383252818,6.763285024154589,5.797101449275362,0.17444981213097155,18.370907139023082,1.0534084809447128,4.253891572732153,0.3824476650563607,0.322061191626409,,
127,6.226516371443908,28.35480407944176,9.373322597960279,18.94122383252818,6.763285024154589,5.783682232957595,0.1878690284487386,18.357487922705314,1.0534084809447128,4.253891572732153,0.3824476650563607,0.322061191626409,,
128,6.219806763285024,28.27428878153516,9.373322597960279,18.94122383252818,6.575415995705851,6.099033816425121,0.1610305958132045,18.357487922705314,1.0399892646269457,4.253891572732153,0.3824476650563607,0.322061191626409,,
129,6.172839506172839,28.267579173376276,9.426999463231347,18.90096618357488,6.575415995705851,6.099033816425121,0.1610305958132045,18.357487922705314,1.0399892646269457,4.294149221685454,0.3824476650563607,0.322061191626409,,
130,6.1929683306494905,28.173644659151904,9.500805152979066,18.853998926462694,6.561996779388084,6.1862587224906065,0.1610305958132045,18.310520665593128,1.0802469135802468,4.253891572732153,0.4025764895330113,0.322061191626409,,
131,6.233225979602791,27.67042404723564,9.219001610305957,18.78690284487386,6.427804616210413,8.420558239398819,0.1610305958132045,16.982018250134193,1.0802469135802468,4.294149221685454,0.4025764895330113,0.322061191626409,,
132,6.3070316693505095,27.66371443907676,9.172034353193773,18.726516371443907,6.427804616210413,8.420558239398819,0.1610305958132045,16.982018250134193,1.0332796564680622,4.26731078904992,0.5166398282340311,0.322061191626409,,
133,6.347289318303811,27.603327965646805,9.198872785829307,18.719806763285025,6.427804616210413,8.420558239398819,0.1610305958132045,16.941760601180892,1.0735373054213635,4.26731078904992,0.5166398282340311,0.322061191626409,,
134,6.253354804079442,27.72410091250671,9.198872785829307,18.679549114331724,6.414385399892646,8.420558239398819,0.14761137949543746,16.941760601180892,1.0735373054213635,4.30756843800322,0.5166398282340311,0.322061191626409,,
135,6.273483628556092,27.690552871712292,9.198872785829307,18.230005367686527,6.400966183574879,8.420558239398819,0.14761137949543746,16.894793344068706,1.0735373054213635,4.830917874396135,0.5166398282340311,0.322061191626409,,
136,6.0587761674718195,27.865002683843265,9.225711218464841,18.230005367686527,6.394256575415996,8.420558239398819,0.14761137949543746,16.847826086956523,1.0735373054213635,4.898013955984971,0.5166398282340311,0.322061191626409,,
137,5.958132045088567,27.68384326355341,9.333064949006978,18.136070853462158,7.9106280193236715,8.420558239398819,0.14761137949543746,15.593129361245303,1.1473429951690821,4.898013955984971,0.4495437466451959,0.322061191626409,,
138,5.931293612453032,27.65029522275899,9.339774557165862,18.10252281266774,8.259527643585615,8.420558239398819,0.14761137949543746,15.177133655394526,1.221148684916801,4.978529253891573,0.4495437466451959,0.322061191626409,,
139,5.991680085882985,27.563070316693505,9.426999463231347,18.015297906602253,8.279656468062266,8.420558239398819,0.14761137949543746,15.08990874932904,1.2748255501878691,5.018786902844874,0.4495437466451959,0.322061191626409,,
140,5.991680085882985,27.536231884057973,9.453837895866881,17.98174986580784,8.279656468062266,8.420558239398819,0.14761137949543746,15.056360708534621,1.2748255501878691,5.0858829844337095,0.4495437466451959,0.322061191626409,,
141,6.025228126677402,27.529522275899087,9.440418679549115,17.975040257648953,8.279656468062266,8.28636607622115,0.14761137949543746,14.962426194310252,1.3620504562533549,5.22007514761138,0.4495437466451959,0.322061191626409,,
142,6.005099302200751,27.509393451422437,9.286097691894794,17.941492216854535,8.21256038647343,8.353462157809984,0.14761137949543746,14.9020397208803,1.5432098765432098,5.22007514761138,0.4428341384863124,0.43612453032742887,,
143,6.0587761674718195,27.375201288244767,9.400161030595813,17.887815351583466,8.21256038647343,8.319914117015566,0.14761137949543746,14.848362855609233,1.5767579173376274,5.280461621041331,0.4428341384863124,0.4495437466451959,,
144,6.0587761674718195,27.32823403113258,9.500805152979066,17.8743961352657,8.21256038647343,8.340042941492216,0.14761137949543746,14.848362855609233,1.570048309178744,5.226784755770263,0.4428341384863124,0.4495437466451959,,
145,5.998389694041868,27.314814814814813,9.601449275362318,17.85426731078905,8.192431561996779,8.340042941492216,0.14761137949543746,14.774557165861514,1.6304347826086956,5.226784755770263,0.46967257112184646,0.4495437466451959,,
146,6.045356951154052,27.254428341384862,9.702093397745571,17.85426731078905,8.132045088566828,8.32662372517445,0.14761137949543746,14.727589908749328,1.6572732152442298,5.213365539452496,0.48980139559849706,0.4495437466451959,,
147,5.978260869565218,27.046430488459475,9.789318303811058,17.85426731078905,8.09849704777241,8.641975308641975,0.14761137949543746,14.720880300590446,1.596886741814278,5.2066559312936125,0.48980139559849706,0.4294149221685454,,
148,6.011808910359635,27.012882447665056,9.77589908749329,17.773752012882447,8.09849704777241,8.61513687600644,0.17444981213097155,14.714170692431562,1.6170155662909287,5.287171229200215,0.48980139559849706,0.4294149221685454,,
149,6.018518518518518,26.690821256038646,9.842995169082126,17.975040257648953,8.091787439613526,8.702361782071927,0.18115942028985507,14.700751476113794,1.6170155662909287,5.260332796564681,0.48980139559849706,0.4294149221685454,,
150,6.018518518518518,26.670692431561996,9.903381642512077,17.961621041331185,7.9039184111647875,8.809715512614064,0.18115942028985507,14.647074610842727,1.7042404723564144,5.267042404723564,0.5032206119162641,0.4294149221685454,,
151,6.018518518518518,26.670692431561996,9.883252818035427,17.85426731078905,7.836822329575953,8.796296296296296,0.18115942028985507,14.63365539452496,1.7042404723564144,5.407944176060118,0.5703166935050993,0.4428341384863124,,
152,6.092324208266238,26.69753086419753,9.977187332259795,17.767042404723565,7.836822329575953,8.796296296296296,0.18115942028985507,14.526301663982823,1.7042404723564144,5.407944176060118,0.5703166935050993,0.4428341384863124,,
153,6.112453032742888,26.576757917337627,10.258990874932904,17.66639828234031,7.796564680622652,8.796296296296296,0.18115942028985507,14.512882447665056,1.7042404723564144,5.340848094471283,0.6105743424584005,0.4428341384863124,,
154,6.038647342995169,26.549919484702095,10.326086956521738,17.505367686527105,7.776435856146001,8.796296296296296,0.18115942028985507,14.445786366076222,1.8183038110574343,5.508588298443371,0.6105743424584005,0.4428341384863124,,
155,6.038647342995169,26.50966183574879,10.299248523886206,17.418142780461622,7.742887815351583,8.76274825550188,0.2147074610842727,14.445786366076222,1.8183038110574343,5.642780461621041,0.644122383252818,0.46296296296296297,,
156,6.112453032742888,26.382179280730007,10.379763821792807,17.418142780461622,7.7898550724637685,8.655394524959743,0.20799785292538917,14.325013419216317,1.8317230273752012,5.790391841116479,0.644122383252818,0.46296296296296297,,
157,6.112453032742888,26.194310252281266,10.527375201288244,17.404723564143854,7.830112721417069,8.655394524959743,0.20799785292538917,14.325013419216317,1.8317230273752012,5.803811057434245,0.644122383252818,0.46296296296296297,,
158,6.072195383789587,26.221148684916802,10.560923242082662,17.404723564143854,7.816693505099302,8.641975308641975,0.20799785292538917,14.325013419216317,1.8317230273752012,5.797101449275362,0.644122383252818,0.47638217928073,,
159,6.0654857756307035,26.073537305421365,10.72866344605475,17.330917874396135,7.836822329575953,8.682232957595277,0.20799785292538917,14.36527106816962,1.8317230273752012,5.756843800322061,0.644122383252818,0.47638217928073,,
160,6.078904991948471,26.039989264626946,10.674986580783683,17.3040794417606,7.836822329575953,8.682232957595277,0.19457863660762212,14.36527106816962,1.8183038110574343,5.870907139023081,0.6575415995705851,0.47638217928073,,
161,6.005099302200751,25.85212023617821,10.815888352120236,21.061460010735374,7.897208803005904,7.454374664519592,0.19457863660762212,12.151100375738057,1.6371443907675791,5.850778314546431,0.6508319914117016,0.4294149221685454,,
162,6.018518518518518,25.36231884057971,10.82259796027912,21.061460010735374,7.843531937734836,7.930756843800322,0.19457863660762212,12.104133118625873,1.6908212560386473,5.891035963499732,0.6508319914117016,0.4294149221685454,,
163,6.085614600107354,25.295222758990874,10.82259796027912,21.00107353730542,7.796564680622652,7.930756843800322,0.19457863660762212,12.245034889962426,1.6774020397208802,5.884326355340848,0.6374127750939346,0.4294149221685454,,
164,6.085614600107354,25.13419216317767,10.990338164251208,20.77294685990338,7.092055823939882,7.924047235641439,0.19457863660762212,12.889157273215245,1.6774020397208802,6.159420289855072,0.6508319914117016,0.4294149221685454,,
165,5.978260869565218,25.013419216317768,10.963499731615673,20.86688137412775,7.078636607622115,8.031400966183575,0.19457863660762212,12.815351583467525,1.7713365539452497,6.206387546967257,0.6508319914117016,0.4294149221685454,,
166,6.005099302200751,24.966451959205582,10.876274825550189,20.853462157809982,7.024959742351046,8.031400966183575,0.19457863660762212,12.969672571121846,1.7713365539452497,6.199677938808374,0.6508319914117016,0.4562533548040794,,
167,5.978260869565218,24.9194847020934,11.023886205045626,20.853462157809982,7.004830917874396,7.991143317230274,0.19457863660762212,12.969672571121846,1.7579173376274826,6.199677938808374,0.6508319914117016,0.4562533548040794,,
168,5.978260869565218,24.825550187869027,11.117820719269995,20.853462157809982,7.004830917874396,7.991143317230274,0.19457863660762212,12.969672571121846,1.7579173376274826,6.199677938808374,0.6508319914117016,0.4562533548040794,,
169,5.991680085882985,24.771873322597962,11.198336017176597,20.853462157809982,7.004830917874396,8.071658615136876,0.17444981213097155,12.95625335480408,1.6841116478797638,6.1862587224906065,0.6508319914117016,0.4562533548040794,,
170,6.011808910359635,24.698067632850243,11.325818572195384,20.8064949006978,6.984702093397746,8.071658615136876,0.17444981213097155,12.942834138486312,1.6975308641975309,6.179549114331723,0.6508319914117016,0.4562533548040794,,
171,5.998389694041868,24.58400429414922,11.460010735373054,19.840311325818572,6.977992485238862,8.024691358024691,0.17444981213097155,13.969404186795492,1.6438539989264627,6.132581857219538,0.7246376811594203,0.4562533548040794,0.013419216317767043,
172,6.038647342995169,24.4296833064949,11.641170155662909,19.806763285024154,7.018250134192163,7.957595276435856,0.17444981213097155,13.922436929683306,1.751207729468599,6.0654857756307035,0.7246376811594203,0.4562533548040794,0.013419216317767043,
173,6.038647342995169,24.4296833064949,11.694847020933977,19.699409554482017,7.092055823939882,7.971014492753623,0.17444981213097155,13.902308105206655,1.751207729468599,6.0654857756307035,0.7246376811594203,0.4428341384863124,0.013419216317767043,
174,5.803811057434245,24.88593666129898,11.694847020933977,19.316961889425656,7.092055823939882,7.971014492753623,0.17444981213097155,13.781535158346752,1.7646269457863661,6.333870101986044,0.7246376811594203,0.4428341384863124,0.013419216317767043,
175,5.756843800322061,24.698067632850243,11.621041331186259,18.370907139023082,8.53462157809984,7.971014492753623,0.17444981213097155,13.774825550187868,1.7646269457863661,6.152710681696189,0.7246376811594203,0.4428341384863124,0.013419216317767043,
176,5.776972624798712,24.684648416532475,11.621041331186259,18.23671497584541,8.527911969940956,7.930756843800322,0.20799785292538917,13.466183574879228,2.120236178207193,6.253354804079442,0.7179280730005367,0.4428341384863124,0.013419216317767043,
177,5.770263016639828,24.510198604401502,11.802200751476114,18.223295759527645,8.527911969940956,7.930756843800322,0.20799785292538917,13.466183574879228,2.120236178207193,6.253354804079442,0.7179280730005367,0.4562533548040794,0.013419216317767043,
178,5.783682232957595,24.46323134728932,11.81561996779388,18.223295759527645,8.548040794417606,7.930756843800322,0.20799785292538917,13.378958668813741,2.2074610842726785,6.253354804079442,0.7179280730005367,0.4562533548040794,0.013419216317767043,
179,5.314009661835748,24.65780998389694,11.83574879227053,17.693236714975846,8.501073537305421,7.924047235641439,0.20799785292538917,14.278046162104133,2.2074610842726785,6.166129898013956,0.7447665056360708,0.4562533548040794,0.013419216317767043,
180,5.340848094471283,24.00697799248524,12.801932367149758,17.693236714975846,8.487654320987655,7.836822329575953,0.2952227589908749,13.942565754159958,2.200751476113795,6.179549114331723,0.7447665056360708,0.4562533548040794,0.013419216317767043,
181,4.616210413311863,21.182232957595275,11.097691894793345,16.666666666666668,6.689479334406871,6.951154052603328,0.2952227589908749,23.255501878690286,2.187332259796028,5.857487922705314,0.7447665056360708,0.4428341384863124,0.013419216317767043,
182,4.656468062265164,21.081588835212024,11.07085346215781,16.59286097691895,6.6760601180891035,7.092055823939882,0.2952227589908749,23.289049919484704,2.187332259796028,5.857487922705314,0.7447665056360708,0.4428341384863124,0.013419216317767043,
