,45,50,53,55,54,51,52,57,59,58,56,61
0,55.562265163714436,43.25684380032206,1.1808910359634996,,,,,,,,,
1,54.73698336017176,44.08212560386473,1.1808910359634996,,,,,,,,,
2,54.65646806226516,41.43183038110574,1.1674718196457328,2.7442297369833604,,,,,,,,
3,50.06038647342995,41.14331723027375,1.1674718196457328,2.4490069779924855,5.179817498658078,,,,,,,
4,38.88217928073001,48.678207192699944,1.1674718196457328,2.4490069779924855,5.179817498658078,3.643317230273752,,,,,,
5,38.499731615673646,48.74530327428878,1.482823403113258,2.4490069779924855,5.179817498658078,3.643317230273752,,,,,,
6,36.35265700483092,51.59688674181428,0.6843800322061192,2.589908749329039,5.139559849704777,3.6366076221148687,,,,,,
7,33.7157809983897,51.55662909286098,0.6843800322061192,2.5563607085346214,5.119431025228127,3.6366076221148687,2.7308105206655933,,,,,
8,28.864734299516908,47.839506172839506,5.891035963499732,1.9390767579173376,4.736983360171766,6.91760601180891,3.81105743424584,,,,,
9,26.858561460010737,46.07487922705314,5.233494363929147,2.7844873859366612,4.817498658078368,10.446859903381643,3.784219001610306,,,,,
10,25.355609232420825,45.99436392914654,5.22007514761138,2.7844873859366612,4.757112184648417,8.923778851315083,6.964573268921095,,,,,
11,16.820987654320987,57.33360171765969,7.5348899624261945,1.9390767579173376,4.260601180891036,5.481749865807837,6.629092860976919,,,,,
12,16.203703703703702,55.03220611916264,7.48792270531401,1.9189479334406871,6.494900697799249,6.239935587761675,6.622383252818035,,,,,
13,16.512345679012345,54.669887278582934,7.434245840042942,2.100107353730542,6.4412238325281805,6.239935587761675,6.602254428341385,,,,,
14,16.70692431561997,53.18035426731079,7.387278582930757,2.100107353730542,6.4412238325281805,7.608695652173913,6.575415995705851,,,,,
15,14.761137949543746,25.89908749329039,7.367149758454106,2.737520128824477,4.3545356951154055,38.6406333870102,6.239935587761675,,,,,
16,15.26435856146001,25.77831454643049,7.286634460547504,2.623456790123457,4.3545356951154055,38.466183574879224,6.226516371443908,,,,,
17,15.163714439076758,23.362855609232422,8.313204508856682,2.589908749329039,8.252818035426731,35.45356951154053,6.622383252818035,0.1610305958132045,0.08051529790660225,,,
18,15.371712292002147,23.423242082662373,8.299785292538916,2.589908749329039,8.239398819108963,35.225442834138484,6.608964036500268,0.1610305958132045,0.08051529790660225,,,
19,15.848094471282877,23.235373054213635,8.179012345679013,2.831454643048846,8.21256038647343,34.70880300590446,6.608964036500268,0.1610305958132045,0.08051529790660225,0.13419216317767044,,
20,16.015834675254965,22.993827160493826,8.091787439613526,8.816425120772946,7.763016639828234,28.119967793880836,6.608964036500268,0.1610305958132045,0.1610305958132045,0.13419216317767044,1.133923778851315,
21,14.070048309178745,25.32206119162641,7.98443370907139,8.863392377885132,7.722758990874933,27.938808373590984,6.515029522275899,0.15432098765432098,0.1610305958132045,0.13419216317767044,1.133923778851315,
22,14.318303811057435,24.36929683306495,7.944176060118089,8.776167471819646,8.722490606548577,27.80461621041331,6.515029522275899,0.15432098765432098,0.1610305958132045,0.13419216317767044,1.1003757380568975,
23,14.720880300590446,23.336017176596886,10.245571658615138,8.729200214707461,8.641975308641975,27.42216854535695,5.35426731078905,0.15432098765432098,0.1610305958132045,0.13419216317767044,1.1003757380568975,
24,15.042941492216855,23.295759527643586,10.218733225979603,8.729200214707461,8.59500805152979,27.214170692431562,5.35426731078905,0.15432098765432098,0.1610305958132045,0.13419216317767044,1.1003757380568975,
25,14.325013419216317,19.0150295222759,16.78743961352657,7.360440150295223,8.474235104669887,27.126945786366075,5.340848094471283,0.15432098765432098,0.2147074610842727,0.10064412238325282,1.1003757380568975,
26,14.371980676328503,17.961621041331185,16.740472356414386,7.333601717659689,8.460815888352121,28.23403113258186,5.3274288781535155,0.15432098765432098,0.2147074610842727,0.10064412238325282,1.1003757380568975,
27,14.65378421900161,17.820719269994633,14.593397745571659,8.668813741277509,10.453569511540525,26.918947933440688,5.320719269994632,0.15432098765432098,0.2147074610842727,0.10064412238325282,1.1003757380568975,
28,14.432367149758454,16.794149221685455,11.936392914653783,8.393719806763285,9.581320450885668,26.778046162104133,10.849436392914654,,0.13419216317767044,,1.1003757380568975,
29,14.439076757917338,16.035963499731615,11.500268384326356,8.400429414922169,8.675523349436393,26.03327965646806,13.331991411701557,,0.08051529790660225,,1.5029522275899088,
30,14.660493827160494,14.88191089640365,10.997047772410092,8.373590982286634,11.963231347289318,24.322329575952764,13.123993558776167,,0.08051529790660225,,1.596886741814278,
31,15.123456790123457,14.781266774020397,10.970209339774557,8.373590982286634,11.83574879227053,24.20155662909286,13.036768652710682,,0.08051529790660225,,1.596886741814278,
32,15.438808373590982,14.553140096618357,11.238593666129898,8.293075684380032,11.768652710681696,24.04723564143854,13.003220611916264,,0.08051529790660225,,1.5767579173376274,
33,14.962426194310252,12.278582930756844,6.146001073537305,8.57487922705314,10.19189479334407,23.906333870101985,22.423510466988727,,0.08051529790660225,,1.4358561460010735,
34,15.351583467525497,12.211486849168008,6.132581857219538,8.507783145464305,10.178475577026301,23.765432098765434,22.33628556092324,,0.08051529790660225,,1.4358561460010735,
35,15.841384863123993,12.13768115942029,6.092324208266238,8.413848631239935,10.0979602791197,23.65136876006441,22.249060654857757,,0.08051529790660225,,1.4358561460010735,
36,14.962426194310252,10.44015029522276,5.347557702630167,9.728931830381105,6.810252281266774,22.000805152979066,29.200214707461082,,0.08051529790660225,,1.42914653784219,
37,15.103327965646805,10.38647342995169,7.977724100912507,8.514492753623188,6.635802469135802,20.8870101986044,28.864734299516908,0.12077294685990338,0.08051529790660225,,1.42914653784219,
38,14.861782071927,10.997047772410092,7.856951154052603,8.487654320987655,6.635802469135802,20.799785292538918,28.784219001610307,0.12077294685990338,0.08051529790660225,,1.3754696725711217,
39,15.123456790123457,10.25228126677402,7.796564680622652,8.480944712828771,7.749597423510467,20.645464304884594,28.37493290391841,0.12077294685990338,0.08051529790660225,,1.3754696725711217,
40,15.593129361245303,10.138217928073,7.62211486849168,9.192163177670425,7.689210950080516,20.491143317230275,27.932098765432098,0.12077294685990338,0.08051529790660225,,1.1406333870101986,
41,15.94873859366613,10.0979602791197,7.608695652173913,9.16532474503489,7.689210950080516,20.189210950080515,27.17391304347826,0.2214170692431562,0.08051529790660225,,1.8250134192163177,
42,16.243961352657006,10.017444981213098,7.548309178743962,9.017713365539452,7.689210950080516,19.94766505636071,27.106816961889425,0.5367686527106817,0.08051529790660225,,1.8115942028985508,
43,16.465378421900162,9.836285560923242,8.32662372517445,8.333333333333334,7.863660762211487,19.732957595276435,27.026301663982824,0.5233494363929146,0.08051529790660225,,1.8115942028985508,
44,16.800858829844337,9.722222222222221,8.299785292538916,8.299785292538916,7.863660762211487,19.699409554482017,26.898819108964037,0.5233494363929146,0.08051529790660225,,1.8115942028985508,
45,16.17686527106817,9.453837895866881,8.246108427267847,8.266237251744498,7.669082125603865,21.960547504025765,25.825281803542673,0.5233494363929146,0.08051529790660225,,1.7981749865807837,
46,16.512345679012345,9.41358024691358,7.669082125603865,7.132313472893183,7.407407407407407,24.58400429414922,24.986580783682232,0.5233494363929146,0.08051529790660225,,1.6908212560386473,
47,16.264090177133657,8.172302737520129,6.810252281266774,7.085346215780999,7.1725711218464845,27.314814814814813,24.832259796027913,0.5904455179817498,0.06709608158883522,,1.6908212560386473,
48,16.7337627482555,7.98443370907139,6.615673644659152,7.058507783145465,7.1658615136876005,27.059849704777243,24.56387546967257,0.5166398282340311,0.06709608158883522,,2.2342995169082127,
49,16.841116478797638,7.924047235641439,6.595544820182502,7.588566827697263,7.139023081052066,26.56333870101986,23.416532474503487,1.6304347826086956,0.06709608158883522,,2.2342995169082127,
50,17.23027375201288,7.890499194847021,6.541867954911433,7.50805152979066,7.118894256575416,26.48953301127214,23.30246913580247,1.6304347826086956,0.06709608158883522,,2.2208803005904456,
51,16.901502952227588,7.776435856146001,6.521739130434782,7.494632313472893,7.065217391304348,27.428878153515836,22.913311862587225,1.6304347826086956,0.06709608158883522,,2.200751476113795,
52,17.14975845410628,7.776435856146001,6.501610305958132,7.467793880837359,7.065217391304348,27.34165324745035,22.832796564680624,1.6304347826086956,0.06709608158883522,,2.167203435319377,
53,17.431561996779386,7.62211486849168,6.447933440687064,7.37385936661299,6.977992485238862,26.20101986044015,24.12775093934514,1.583467525496511,0.06709608158883522,,2.167203435319377,
54,17.444981213097154,7.568438003220612,6.823671497584541,8.601717659688674,6.702898550724638,25.53676865271068,23.89291465378422,1.4761137949543746,0.020128824476650563,,1.932367149758454,
55,17.68652710681696,7.514761137949543,7.125603864734299,8.59500805152979,6.582125603864735,25.127482555018787,23.805689747718734,1.6237251744498122,0.020128824476650563,,1.9189479334406871,
56,17.8743961352657,7.467793880837359,7.085346215780999,8.527911969940956,6.582125603864735,25.07380568974772,23.772141706924316,1.6103059581320451,0.020128824476650563,,1.9860440150295222,
57,17.834138486312398,7.347020933977456,11.90955448201825,7.521470746108427,6.246645195920558,24.590713902308106,20.96081588835212,1.6103059581320451,0.020128824476650563,,1.9592055823939882,
58,18.14278046162104,7.320182501341922,11.842458400429415,7.474503488996243,6.246645195920558,24.46323134728932,20.933977455716587,1.596886741814278,0.020128824476650563,,1.9592055823939882,
59,18.323939881910896,7.266505636070853,11.79549114331723,7.353730542136339,6.790123456790123,24.288781535158346,20.853462157809982,1.5901771336553945,0.020128824476650563,,1.7176596886741815,
60,18.45813204508857,7.246376811594203,11.79549114331723,7.1658615136876005,6.776704240472356,24.14787976382179,20.77294685990338,1.5901771336553945,0.020128824476650563,,2.0263016639828235,
61,17.901234567901234,7.232957595276436,8.480944712828771,8.541331186258722,6.736446591519055,28.361513687600645,19.404186795491142,1.0735373054213635,0.020128824476650563,,2.24771873322598,
62,15.13016639828234,4.9651100375738055,7.360440150295223,7.843531937734836,3.260869565217391,29.622920021470748,28.61647879763822,1.0466988727858293,,,2.15378421900161,
63,15.083199141170155,4.8443370907139025,7.018250134192163,8.957326892109501,2.9790660225442833,29.381374127750938,28.549382716049383,1.0332796564680622,,,2.15378421900161,
64,15.271068169618895,4.830917874396135,6.582125603864735,8.903650026838433,2.6301663982823404,28.764090177133657,29.857756307031668,1.0332796564680622,,,2.1269457863660763,
65,15.821256038647343,4.824208266237251,6.447933440687064,8.789586688137414,2.6301663982823404,28.629898013955984,29.716854535695116,1.0332796564680622,,,2.1068169618894257,
66,16.243961352657006,4.817498658078368,6.400966183574879,8.78287707997853,2.6301663982823404,28.488996242619432,29.51556629092861,1.0332796564680622,,,2.086688137412775,
67,16.532474503488995,4.790660225442834,6.400966183574879,8.59500805152979,2.7844873859366612,28.361513687600645,29.414922168545356,1.0332796564680622,,,2.086688137412775,
68,16.901502952227588,4.790660225442834,6.400966183574879,8.59500805152979,2.7844873859366612,28.153515834675254,29.280730005367687,1.0332796564680622,,,2.059849704777241,
69,17.24369296833065,4.757112184648417,6.353998926462695,9.057971014492754,2.7844873859366612,27.563070316693505,29.146537842190018,1.0332796564680622,,,2.059849704777241,
70,16.988727858293075,4.736983360171766,6.206387546967257,8.433977455716587,5.166398282340311,26.84514224369297,28.64331723027375,0.8856682769726248,,,2.0933977455716586,
71,14.982555018786902,4.260601180891036,5.9447128287707995,7.461084272678476,3.1199677938808374,46.85990338164251,15.217391304347826,0.8789586688137413,,,1.2748255501878691,
72,15.076489533011273,4.260601180891036,5.891035963499732,8.480944712828771,5.508588298443371,43.47155126140633,15.157004830917874,0.8789586688137413,,,1.2748255501878691,
73,15.411969940955448,4.260601180891036,5.870907139023081,8.715780998389693,5.46833064949007,43.07568438003221,15.042941492216855,0.8789586688137413,,,1.2748255501878691,
74,14.586688137412775,4.1532474503489,5.662909286097692,8.715780998389693,5.448201825013419,42.05582393988191,17.23027375201288,0.8789586688137413,,,1.2681159420289856,
75,15.076489533011273,4.133118625872249,5.589103596349974,9.54777241009125,5.434782608695652,40.43880837359098,17.136339237788512,0.8521202361782072,,,1.7914653784219001,
76,15.619967793880837,4.0995705850778315,5.589103596349974,10.158346752549651,5.522007514761138,39.962426194310254,16.438539989264626,0.8521202361782072,,,1.7579173376274826,
77,16.022544283413847,4.0995705850778315,5.589103596349974,10.071121846484166,5.488459473966721,39.720880300590444,16.31105743424584,0.8521202361782072,,,1.8451422436929683,
78,16.21712292002147,4.086151368760064,5.58239398819109,10.876274825550189,5.488459473966721,39.50617283950617,15.60654857756307,0.7917337627482555,,,1.8451422436929683,
79,15.633387010198604,3.878153515834675,5.548845947396672,10.742082662372518,5.488459473966721,41.277509393451425,14.794685990338165,0.7917337627482555,,,1.8451422436929683,
80,16.049382716049383,3.784219001610306,5.448201825013419,10.802469135802468,5.46833064949007,41.06951154052604,14.741009125067096,0.7917337627482555,,,1.8451422436929683,
81,16.418411164787976,3.784219001610306,5.428073000536768,10.373054213633925,8.548040794417606,37.92270531400966,14.774557165861514,0.8655394524959742,,,1.8853998926462694,
82,15.72061191626409,3.784219001610306,5.394524959742351,10.077831454643048,5.984970477724101,27.911969940955448,28.938539989264626,0.8655394524959742,,,1.3217928073000538,
83,16.035963499731615,3.784219001610306,5.414653784219001,10.02415458937198,5.978260869565218,27.75764895330113,28.817767042404725,0.8655394524959742,,,1.3217928073000538,
84,16.150026838432634,3.784219001610306,7.192699946323135,9.950348899624261,5.233494363929147,27.636876006441224,27.891841116478798,0.8588298443370908,,,1.3016639828234031,
85,16.472088030059044,3.770799785292539,7.098765432098766,9.950348899624261,5.233494363929147,27.549651100375737,27.771068169618893,0.8521202361782072,,,1.3016639828234031,
86,16.955179817498657,3.7640901771336552,7.03166935050993,9.876543209876543,5.193236714975845,27.36849168008588,27.657004830917874,0.8521202361782072,,,1.3016639828234031,
87,17.122920021470748,3.8311862587224907,7.03166935050993,9.66183574879227,5.152979066022544,27.34165324745035,27.549651100375737,0.8521202361782072,,,1.4559849704777241,
88,17.371175523349436,3.8311862587224907,7.018250134192163,9.628287707997853,5.152979066022544,27.106816961889425,27.583199141170155,0.8521202361782072,,,1.4559849704777241,
89,17.357756307031668,3.8177670424047236,6.9243156199677935,10.768921095008052,5.139559849704777,26.37546967257112,27.355072463768117,0.8521202361782072,,,1.4090177133655395,
90,17.156468062265162,3.750670960815888,6.816961889425658,10.742082662372518,4.851046698872786,25.194578636607623,29.47530864197531,0.8319914117015567,,,1.1808910359634996,
91,17.297369833601717,3.717122920021471,6.816961889425658,10.72866344605475,4.851046698872786,25.161030595813205,29.414922168545356,0.8319914117015567,,,1.1808910359634996,
92,17.673107890499196,3.69699409554482,6.816961889425658,10.668276972624799,4.810789049919484,25.02012882447665,28.858024691358025,1.2748255501878691,,,1.1808910359634996,
93,18.06897477187332,3.69699409554482,6.78341384863124,10.607890499194847,4.797369833601718,24.89935587761675,28.690284487385938,1.2748255501878691,,,1.1808910359634996,
94,18.276972624798713,3.670155662909286,6.78341384863124,10.601180891035963,4.797369833601718,24.88593666129898,28.529253891572733,1.2748255501878691,,,1.1808910359634996,
95,17.20343531937735,6.072195383789587,6.649221685453569,10.768921095008052,4.690016103059581,23.859366612989803,28.22061191626409,1.2681159420289856,,,1.2681159420289856,
96,17.250402576489535,6.0654857756307035,6.649221685453569,11.58749329039184,4.690016103059581,23.65136876006441,27.583199141170155,1.2681159420289856,,,1.2546967257112185,
97,17.538915727321523,6.0654857756307035,6.649221685453569,11.460010735373054,4.663177670424047,23.503757380568974,27.462426194310254,1.2681159420289856,0.13419216317767044,,1.2546967257112185,
98,16.834406870638755,5.501878690284487,6.327160493827161,11.09098228663446,7.937466451959206,22.685185185185187,27.294685990338163,1.0399892646269457,0.13419216317767044,,1.1540526033279657,
99,17.10950080515298,5.401234567901234,6.327160493827161,11.151368760064413,7.883789586688137,22.591250670960815,27.20746108427268,1.0399892646269457,0.13419216317767044,,1.1540526033279657,
100,17.250402576489535,4.824208266237251,6.863929146537842,9.997316156736447,7.595276435856146,26.03327965646806,25.02012882447665,1.0399892646269457,0.13419216317767044,,1.2412775093934514,
101,17.59259259259259,4.824208266237251,6.863929146537842,9.936929683306495,7.581857219538379,25.811862587224905,24.88593666129898,1.0399892646269457,0.13419216317767044,,1.328502415458937,
102,17.800590445517983,4.736983360171766,6.843800322061192,9.601449275362318,7.226247987117552,25.369028448738593,25.959473966720342,0.9997316156736447,0.13419216317767044,,1.328502415458937,
103,17.834138486312398,4.723564143853999,7.85024154589372,9.601449275362318,7.226247987117552,27.408749329039185,22.899892646269457,0.9997316156736447,0.13419216317767044,,1.3217928073000538,
104,17.793880837359097,4.502147074610843,7.64224369296833,9.286097691894794,8.272946859903382,27.22758990874933,22.82608695652174,0.9997316156736447,0.13419216317767044,,1.3150831991411702,
105,18.21658615136876,4.448470209339774,7.64224369296833,9.265968867418144,8.205850778314547,27.140365002683843,22.63150831991412,0.9997316156736447,0.13419216317767044,,1.3150831991411702,
106,17.58588298443371,4.448470209339774,6.870638754696726,8.950617283950617,7.39398819108964,23.067632850241544,29.435050993022006,0.9997316156736447,0.13419216317767044,,1.1137949543746646,
107,17.270531400966185,4.42163177670424,9.232420826623725,8.883521202361782,7.387278582930757,22.7187332259796,27.958937198067634,1.1272141706924315,0.13419216317767044,,0.8655394524959742,
108,17.66639828234031,4.40150295222759,9.172034353193773,8.829844337090714,7.387278582930757,22.644927536231883,27.771068169618893,1.1272141706924315,0.13419216317767044,,0.8655394524959742,
109,17.458400429414922,4.374664519592056,12.00348899624262,8.749329039184111,5.917874396135265,21.69887278582931,27.67042404723564,1.1272141706924315,0.13419216317767044,,0.8655394524959742,
110,17.391304347826086,4.367954911433173,11.956521739130435,9.77589908749329,5.904455179817498,21.014492753623188,27.469135802469136,1.1205045625335481,0.13419216317767044,,0.8655394524959742,
111,17.807300053676865,4.314278046162104,11.90955448201825,9.655126140633387,5.870907139023081,20.96081588835212,27.361782071927,1.1205045625335481,0.13419216317767044,,0.8655394524959742,
112,17.579173376274827,4.314278046162104,13.077026301663983,9.172034353193773,5.595813204508857,20.79307568438003,27.38191089640365,1.0869565217391304,0.13419216317767044,,0.8655394524959742,
113,17.733494363929147,4.30756843800322,13.399087493290391,9.158615136876007,6.535158346752549,20.33011272141707,26.247987117552334,1.2077294685990339,0.13419216317767044,,0.9460547504025765,
114,18.095813204508858,4.280730005367687,13.325281803542673,9.084809447128288,6.488191089640365,20.263016639828233,26.174181427804616,1.2077294685990339,0.13419216317767044,,0.9460547504025765,
115,18.223295759527645,4.280730005367687,13.271604938271604,9.07139023081052,6.387546967257112,20.21604938271605,26.160762211486848,1.2077294685990339,0.13419216317767044,,1.0466988727858293,
116,18.760064412238325,4.253891572732153,13.097155126140633,9.07139023081052,6.347289318303811,20.034889962426195,26.06682769726248,1.2077294685990339,0.13419216317767044,,1.0265700483091786,
117,19.048577563070317,4.240472356414386,13.056897477187333,9.057971014492754,6.300322061191626,20.001341921631777,25.89908749329039,1.261406333870102,0.13419216317767044,,0.9997316156736447,
118,18.793612453032743,4.240472356414386,12.157809983896941,8.68894256575416,6.159420289855072,22.510735373054214,25.06038647342995,1.261406333870102,0.1274825550187869,,0.9997316156736447,
119,18.793612453032743,4.240472356414386,12.144390767579173,8.628556092324208,5.924584004294149,22.34970477724101,25.5300590445518,1.261406333870102,0.1274825550187869,,0.9997316156736447,
120,18.659420289855074,4.2270531400966185,12.110842726784755,8.548040794417606,5.978260869565218,25.36231884057971,22.799248523886206,1.2010198604401503,0.1274825550187869,,0.9863123993558777,
121,18.874127750939344,4.2270531400966185,12.077294685990339,8.507783145464305,5.964841653247451,25.315351583467525,22.725442834138487,1.2010198604401503,0.1274825550187869,,0.9796027911969941,
122,19.129092860976918,4.1129898013955986,11.976650563607086,8.621846484165324,6.696188942565755,25.228126677402038,22.041062801932366,1.1137949543746646,0.1274825550187869,,0.95276435856146,
123,19.524959742351047,4.1129898013955986,11.916264090177133,8.561460010735374,6.66935050993022,25.120772946859905,21.900161030595815,1.1137949543746646,0.1274825550187869,,0.95276435856146,
124,18.67283950617284,4.1129898013955986,14.2914653784219,8.61513687600644,6.360708534621578,24.174718196457327,21.692163177670423,1.2010198604401503,0.1274825550187869,,0.7514761137949544,
125,18.96135265700483,4.0995705850778315,14.237788513150832,8.816425120772946,6.3137412775093935,24.08078368223296,21.410359634997317,1.2010198604401503,0.1274825550187869,,0.7514761137949544,
126,19.088835212023618,4.092860976918948,14.801395598497047,8.467525496511003,6.078904991948471,23.866076221148685,21.672034353193773,1.0534084809447128,0.1274825550187869,,0.7514761137949544,
127,19.363929146537842,4.092860976918948,14.727589908749328,8.467525496511003,6.052066559312936,23.758722490606548,21.611647879763822,1.0466988727858293,0.1274825550187869,,0.7514761137949544,
128,18.80703166935051,3.6097691894793345,14.123725174449811,8.427267847557703,6.025228126677402,22.436929683306495,24.698067632850243,0.9930220075147611,0.1274825550187869,,0.7514761137949544,
129,18.988191089640367,3.6097691894793345,14.076757917337627,8.420558239398819,6.025228126677402,22.423510466988727,24.58400429414922,0.9930220075147611,0.1274825550187869,,0.7514761137949544,
130,18.592324208266238,2.49597423510467,13.982823403113258,8.165593129361245,6.018518518518518,25.107353730542137,23.805689747718734,0.9930220075147611,0.1274825550187869,,0.7112184648416533,
131,18.907675791733762,2.4825550187869028,13.90901771336554,8.09849704777241,6.005099302200751,24.986580783682232,23.785560923242084,0.9930220075147611,0.12077294685990338,,0.7112184648416533,
132,19.384057971014492,2.475845410628019,13.808373590982287,8.272946859903382,5.870907139023081,24.711486849168008,23.66478797638218,0.9863123993558777,0.12077294685990338,,0.7045088566827697,
133,19.43102522812668,2.475845410628019,13.613794954374665,9.473966720343531,5.783682232957595,23.919753086419753,23.49033816425121,0.9863123993558777,0.12077294685990338,,0.7045088566827697,
134,19.732957595276435,2.475845410628019,13.593666129898015,9.353193773483628,5.750134192163178,23.845947396672035,23.362855609232422,0.9863123993558777,0.08051529790660225,0.11406333870101985,0.7045088566827697,
135,19.310252281266774,2.475845410628019,13.560118089103597,9.292807300053678,5.750134192163178,22.52415458937198,25.44283413848631,0.7648953301127214,0.06038647342995169,0.11406333870101985,0.7045088566827697,
136,19.524959742351047,2.475845410628019,13.499731615673644,9.272678475577026,5.736714975845411,22.443639291465377,25.40257648953301,0.7648953301127214,0.06038647342995169,0.11406333870101985,0.7045088566827697,
137,19.699409554482017,2.4691358024691357,13.486312399355878,9.265968867418144,5.723295759527644,22.34970477724101,25.36231884057971,0.7648953301127214,0.06038647342995169,0.11406333870101985,0.7045088566827697,
138,19.887278582930758,2.4691358024691357,13.714439076757918,9.225711218464841,5.723295759527644,22.262479871175522,25.07380568974772,0.7648953301127214,0.06038647342995169,0.11406333870101985,0.7045088566827697,
139,20.135534084809446,2.4557165861513686,13.694310252281268,9.212292002147075,5.703166935050993,22.17525496511004,24.97987117552335,0.7648953301127214,0.06038647342995169,0.11406333870101985,0.7045088566827697,
140,20.35024154589372,2.4490069779924855,13.345410628019323,9.198872785829307,6.340579710144928,22.108158883521202,24.738325281803544,0.5904455179817498,0.06038647342995169,0.11406333870101985,0.7045088566827697,
141,20.665593129361245,2.4490069779924855,12.86231884057971,9.145195920558239,6.957863660762212,21.940418679549115,24.537037037037038,0.5904455179817498,0.06038647342995169,0.11406333870101985,0.6776704240472357,
142,20.26972624798712,2.4490069779924855,13.6406333870102,9.07139023081052,5.689747718733226,23.845947396672035,23.67149758454106,0.5904455179817498,0.06038647342995169,0.11406333870101985,0.5971551261406334,
143,19.773215244229736,2.4490069779924855,13.989533011272142,8.13875469672571,5.609232420826624,22.785829307568438,25.89237788513151,0.5904455179817498,0.06038647342995169,0.11406333870101985,0.5971551261406334,
144,19.79334406870639,2.4221685453569513,14.969135802469136,8.13875469672571,5.60252281266774,22.69860440150295,25.013419216317768,0.5904455179817498,0.06038647342995169,0.11406333870101985,0.5971551261406334,
145,20.128824476650564,2.4154589371980677,14.848362855609233,8.259527643585615,5.589103596349974,22.48389694041868,24.912775093934513,0.5904455179817498,0.06038647342995169,0.11406333870101985,0.5971551261406334,
146,20.531400966183575,2.3886205045625335,14.801395598497047,8.232689210950081,5.535426731078905,22.396672034353195,24.778582930756844,0.5636070853462157,0.06038647342995169,0.11406333870101985,0.5971551261406334,
147,20.517981749865807,2.38191089640365,14.694041867954912,9.004294149221685,5.535426731078905,21.920289855072465,24.61755233494364,0.5636070853462157,0.06038647342995169,0.11406333870101985,0.5904455179817498,
148,20.685721953837895,2.368491680085883,14.982555018786902,9.004294149221685,5.508588298443371,21.75925925925926,24.44981213097155,0.5636070853462157,0.06038647342995169,0.11406333870101985,0.5032206119162641,
149,21.021202361782073,2.368491680085883,14.828234031132581,8.849973161567364,5.481749865807837,21.18894256575416,25.02012882447665,0.5636070853462157,0.06038647342995169,0.11406333870101985,0.5032206119162641,
150,21.135265700483092,2.3215244229736984,14.720880300590446,9.024422973698336,6.166129898013956,20.8467525496511,24.54374664519592,0.5636070853462157,0.06038647342995169,0.11406333870101985,0.5032206119162641,
151,20.967525496511005,2.2879763821792807,13.593666129898015,8.722490606548577,6.119162640901771,20.558239398819108,26.50966183574879,0.5636070853462157,0.06038647342995169,0.11406333870101985,0.5032206119162641,
152,20.665593129361245,2.254428341384863,13.486312399355878,7.897208803005904,5.797101449275362,23.013955984970476,24.986580783682232,0.5636070853462157,0.06038647342995169,0.11406333870101985,1.1607622114868492,
153,21.034621578099838,2.254428341384863,13.43263553408481,7.87037037037037,5.763553408480945,22.946859903381643,24.825550187869027,0.5636070853462157,0.06038647342995169,0.11406333870101985,1.133923778851315,
154,21.20907139023081,2.2410091250670963,13.774825550187868,7.816693505099302,5.756843800322061,22.81266774020397,24.516908212560388,0.5636070853462157,0.06038647342995169,0.11406333870101985,1.133923778851315,
155,21.3768115942029,2.2410091250670963,13.774825550187868,7.816693505099302,5.756843800322061,22.705314009661837,24.416264090177133,0.5636070853462157,0.06038647342995169,0.11406333870101985,1.1741814278046163,
156,21.18894256575416,1.9994632313472893,13.727858293075684,7.816693505099302,5.072463768115942,22.31615673644659,25.979602791196996,0.5636070853462157,0.06038647342995169,0.11406333870101985,1.1607622114868492,
157,21.39694041867955,1.9994632313472893,13.727858293075684,7.7831454643048845,5.072463768115942,22.23564143853999,25.885668276972623,0.5636070853462157,0.06038647342995169,0.11406333870101985,1.1607622114868492,
158,21.511003757380568,1.9994632313472893,13.687600644122384,7.776435856146001,5.072463768115942,22.16183574879227,25.825281803542673,0.5636070853462157,0.06038647342995169,0.11406333870101985,1.2278582930756843,
159,21.947128287707997,1.9994632313472893,13.613794954374665,7.776435856146001,5.072463768115942,22.074610842726784,25.603864734299517,0.5501878690284487,0.04696725711218465,0.11406333870101985,1.2010198604401503,
160,22.20209339774557,1.9994632313472893,13.56682769726248,7.742887815351583,5.052334943639291,21.980676328502415,25.543478260869566,0.5501878690284487,0.04696725711218465,0.11406333870101985,1.2010198604401503,
161,22.550993022007514,1.9793344068706387,13.513150831991412,7.742887815351583,5.038915727321524,21.792807300053678,25.469672571121848,0.5501878690284487,0.04696725711218465,0.11406333870101985,1.2010198604401503,
162,22.779119699409556,1.9659151905528718,13.459473966720344,7.7361782071927,5.025496511003757,21.732420826623724,25.40257648953301,0.5501878690284487,0.04696725711218465,0.11406333870101985,1.1876006441223832,
163,22.906602254428343,1.9390767579173376,14.184111647879764,7.360440150295223,4.9718196457326895,21.524422973698336,25.248255501878692,0.5501878690284487,0.04696725711218465,0.11406333870101985,1.1540526033279657,
164,23.2487922705314,1.892109500805153,14.110305958132045,7.347020933977456,4.938271604938271,21.256038647342994,25.37573805689748,0.5501878690284487,0.04696725711218465,0.11406333870101985,1.1205045625335481,
165,23.63123993558776,1.892109500805153,14.049919484702093,7.347020933977456,4.871175523349437,21.20907139023081,25.181159420289855,0.5501878690284487,0.04696725711218465,0.11406333870101985,1.107085346215781,
166,23.18840579710145,1.247987117552335,13.976113794954374,6.78341384863124,4.871175523349437,23.731884057971016,24.54374664519592,0.5501878690284487,,,1.107085346215781,
167,23.53059581320451,1.2412775093934514,14.40552871712292,6.763285024154589,4.851046698872786,23.09447128287708,24.456521739130434,0.5501878690284487,,,1.107085346215781,
168,23.43666129898014,1.2412775093934514,14.170692431561998,6.6827697262479875,4.757112184648417,22.879763821792807,25.174449812130973,0.5501878690284487,,,1.107085346215781,
169,23.356146001073537,1.2412775093934514,14.452495974235104,6.66935050993022,3.9184111647879765,22.69189479334407,26.039989264626946,0.5501878690284487,,,1.0802469135802468,
170,23.57085346215781,1.2412775093934514,14.439076757917338,6.66935050993022,3.844605475040258,22.624798711755233,25.979602791196996,0.5501878690284487,,,1.0802469135802468,
171,23.886205045625335,1.2412775093934514,14.439076757917338,6.649221685453569,3.8311862587224907,22.564412238325282,25.758185721953836,0.5501878690284487,,,1.0802469135802468,
172,23.95330112721417,1.2412775093934514,14.647074610842727,6.635802469135802,3.8311862587224907,22.470477724100913,25.59044551798175,0.5501878690284487,,,1.0802469135802468,
173,24.308910359634996,1.2412775093934514,14.600107353730541,6.602254428341385,3.8311862587224907,22.31615673644659,25.469672571121848,0.5501878690284487,,,1.0802469135802468,
174,24.58400429414922,1.2412775093934514,14.579978529253891,6.508319914117015,3.8177670424047236,22.208803005904453,25.389157273215243,0.5501878690284487,,,1.0399892646269457,0.08051529790660225
175,24.798711755233494,1.2412775093934514,14.51959205582394,6.494900697799249,3.797638217928073,22.134997316156735,25.34219001610306,0.5501878690284487,,,1.0399892646269457,0.08051529790660225
176,24.65780998389694,1.2412775093934514,14.325013419216317,6.461352657004831,3.502415458937198,22.054482018250134,26.093666129898015,0.5434782608695652,,,1.0399892646269457,0.08051529790660225
177,24.872517444981213,1.2412775093934514,14.2914653784219,6.4412238325281805,3.502415458937198,21.980676328502415,25.865539452495973,0.5434782608695652,,,1.1808910359634996,0.08051529790660225
178,25.254965110037574,1.2412775093934514,14.264626945786366,6.4412238325281805,3.475577026301664,21.806226516371442,25.717928073000536,0.5434782608695652,,,1.1741814278046163,0.08051529790660225
179,25.241545893719806,1.2412775093934514,14.123725174449811,6.360708534621578,4.133118625872249,21.490874932903917,25.55689747718733,0.5971551261406334,,,1.1741814278046163,0.08051529790660225
180,25.207997852925388,1.2412775093934514,14.103596349973161,6.360708534621578,4.133118625872249,20.90713902308105,26.194310252281266,0.5971551261406334,,,1.1741814278046163,0.08051529790660225
181,25.429414922168544,1.2412775093934514,14.029790660225443,6.340579710144928,4.119699409554482,20.8870101986044,26.10708534621578,0.5904455179817498,,,1.1741814278046163,0.08051529790660225
182,25.087224906065487,1.2412775093934514,15.311325818572195,6.333870101986044,3.992216854535695,20.652173913043477,25.63070316693505,0.5904455179817498,,,1.0802469135802468,0.08051529790660225
183,25.53676865271068,1.2412775093934514,15.163714439076758,6.3070316693505095,3.965378421900161,20.471014492753625,25.563607085346217,0.5904455179817498,,,1.0802469135802468,0.08051529790660225
184,25.63070316693505,1.2412775093934514,15.673644659151906,6.3070316693505095,3.965378421900161,20.323403113258184,25.107353730542137,0.5904455179817498,,,1.0802469135802468,0.08051529790660225
185,25.107353730542137,1.2412775093934514,14.27133655394525,6.293612453032743,3.864734299516908,23.463499731615673,24.02710681696189,0.5904455179817498,,,1.0601180891035964,0.08051529790660225
186,25.140901771336555,1.2412775093934514,14.150563607085346,6.085614600107354,3.7573805689747717,20.913848631239937,26.623725174449813,0.9460547504025765,,,1.0601180891035964,0.08051529790660225
187,25.43612453032743,1.2412775093934514,14.110305958132045,6.052066559312936,3.750670960815888,20.840042941492218,26.50966183574879,0.9192163177670424,,,1.0601180891035964,0.08051529790660225
188,25.677670424047236,1.2412775093934514,14.04320987654321,6.052066559312936,3.750670960815888,20.813204508856682,26.37546967257112,0.9057971014492754,,,1.0601180891035964,0.08051529790660225
189,25.89237788513151,1.2412775093934514,13.996242619431026,6.052066559312936,3.750670960815888,20.7662372517445,26.25469672571122,0.9057971014492754,,,1.0601180891035964,0.08051529790660225
190,26.02657004830918,1.2412775093934514,13.969404186795492,6.045356951154052,3.7372517444981215,20.725979602791195,26.214439076757916,0.9057971014492754,,,1.0534084809447128,0.08051529790660225
191,25.89237788513151,1.2077294685990339,14.318303811057435,6.031937734836285,3.7037037037037037,20.893719806763286,25.650831991411703,1.0399892646269457,,,1.1808910359634996,0.08051529790660225
192,25.42270531400966,1.0601180891035964,14.687332259796028,5.709876543209877,3.9989264626945786,19.504830917874397,27.254428341384862,1.1137949543746646,,,1.1808910359634996,0.06709608158883522
193,25.764895330112722,1.0601180891035964,14.526301663982823,5.683038110574342,3.9989264626945786,19.464573268921097,27.15378421900161,1.1137949543746646,,,1.1674718196457328,0.06709608158883522
194,25.597155126140635,1.0601180891035964,15.157004830917874,5.662909286097692,3.978797638217928,19.0955448201825,27.106816961889425,1.107085346215781,,,1.1674718196457328,0.06709608158883522
195,25.946054750402578,1.0601180891035964,14.989264626945786,5.662909286097692,3.978797638217928,18.968062265163713,27.053140096618357,1.107085346215781,,,1.1674718196457328,0.06709608158883522
196,26.160762211486848,1.0601180891035964,14.949006977992486,5.662909286097692,3.978797638217928,18.780193236714975,26.952495974235106,1.107085346215781,,,1.2815351583467525,0.06709608158883522
197,24.208266237251745,1.0601180891035964,13.781535158346752,5.280461621041331,3.046162104133119,30.52871712292002,20.222758990874933,1.06682769726248,,,0.7380568974771873,0.06709608158883522
198,24.362587224906065,1.0601180891035964,13.747987117552334,5.280461621041331,3.046162104133119,30.44820182501342,20.182501341921633,1.06682769726248,,,0.7380568974771873,0.06709608158883522
199,24.436392914653783,1.0601180891035964,13.694310252281268,5.35426731078905,3.046162104133119,30.407944176060116,20.128824476650564,1.06682769726248,,,0.7380568974771873,0.06709608158883522
200,24.691358024691358,1.0601180891035964,13.6808910359635,5.35426731078905,3.026033279656468,30.132850241545892,20.068438003220614,1.06682769726248,,,0.8521202361782072,0.06709608158883522
201,24.912775093934513,1.0534084809447128,13.607085346215781,5.35426731078905,3.026033279656468,29.99194847020934,20.068438003220614,1.06682769726248,,,0.8521202361782072,0.06709608158883522
202,25.147611379495437,1.0064412238325282,13.607085346215781,5.46833064949007,2.9723564143853998,29.78395061728395,20.02818035426731,1.06682769726248,,,0.8521202361782072,0.06709608158883522
203,25.44283413848631,0.9930220075147611,13.56682769726248,5.46833064949007,2.9723564143853998,29.60950080515298,19.961084272678477,1.06682769726248,,,0.8521202361782072,0.06709608158883522
204,25.738056897477186,0.9930220075147611,13.499731615673644,5.4616210413311865,2.965646806226516,29.482018250134193,19.900697799248523,1.0399892646269457,,,0.8521202361782072,0.06709608158883522
205,25.999731615673646,0.9930220075147611,13.345410628019323,5.4616210413311865,2.965646806226516,29.388083735909824,19.887278582930758,1.0399892646269457,,,0.8521202361782072,0.06709608158883522
206,26.435856146001072,0.9930220075147611,13.24476650563607,5.448201825013419,3.280998389694042,29.20692431561997,19.47128287707998,1.0265700483091786,,,0.8252818035426731,0.06709608158883522
207,26.818303811057433,0.9930220075147611,13.130703166935051,5.448201825013419,3.2541599570585076,29.09286097691895,19.343800322061192,1.0265700483091786,,,0.8252818035426731,0.06709608158883522
208,27.026301663982824,0.9930220075147611,13.083735909822867,5.448201825013419,3.227321524422974,29.005636070853463,19.296833064949006,1.0265700483091786,,,0.8252818035426731,0.06709608158883522
209,27.194041867954912,0.9930220075147611,13.023349436392914,5.448201825013419,3.227321524422974,28.864734299516908,19.196188942565755,1.0265700483091786,,,0.9594739667203436,0.06709608158883522
210,27.36849168008588,0.9930220075147611,12.989801395598498,5.448201825013419,3.2139023081052067,28.79092860976919,19.142512077294686,1.0265700483091786,,,0.9594739667203436,0.06709608158883522
211,27.428878153515836,0.9930220075147611,12.962962962962964,5.3341384863123995,3.4621578099838968,28.67686527106817,19.108964036500268,1.0265700483091786,,,0.9393451422436929,0.06709608158883522
212,27.63016639828234,0.9930220075147611,12.76838432635534,5.367686527106817,3.4621578099838968,28.569511540526033,19.028448738593667,1.0265700483091786,,,1.0869565217391304,0.06709608158883522
213,27.905260332796566,0.9930220075147611,12.70799785292539,5.340848094471283,3.4621578099838968,28.395061728395063,19.0150295222759,1.0265700483091786,,,1.0869565217391304,0.06709608158883522
214,27.70397208803006,0.9930220075147611,12.466451959205582,5.340848094471283,3.455448201825013,27.925389157273216,19.93424584004294,1.0265700483091786,,,1.0869565217391304,0.06709608158883522
