,45,50,55,54,51,52,53,56,58,57,59,60,61
0,99.10762211486849,0.8923778851315083,,,,,,,,,,,
1,84.62157809983897,14.982555018786902,0.39586688137412773,,,,,,,,,,
2,82.39398819108965,17.21014492753623,0.39586688137412773,,,,,,,,,,
3,81.89076757917337,17.53220611916264,0.5501878690284487,0.026838432635534086,,,,,,,,,
4,69.72624798711755,29.56924315619968,0.6776704240472357,0.026838432635534086,,,,,,,,,
5,69.61218464841653,29.58937198067633,0.7112184648416533,0.026838432635534086,0.06038647342995169,,,,,,,,
6,68.26355340848094,30.810520665593128,0.7313472893183038,0.10735373054213634,0.08722490606548577,,,,,,,,
7,65.70048309178743,33.21256038647343,0.8252818035426731,0.08051529790660225,0.18115942028985507,,,,,,,,
8,65.552871712292,33.071658615136876,1.1137949543746646,0.08051529790660225,0.18115942028985507,,,,,,,,
9,64.44578636607622,33.923778851315085,1.288244766505636,0.08051529790660225,0.18115942028985507,0.08051529790660225,,,,,,,
10,63.499731615673646,34.735641438539986,1.3687600644122384,0.08051529790660225,0.17444981213097155,0.14090177133655393,,,,,,,
11,57.33360171765969,40.01610305958132,1.4224369296833066,0.8454106280193237,0.24154589371980675,0.14090177133655393,,,,,,,
12,57.17928073000537,40.103327965646805,1.4895330112721417,0.8454106280193237,0.24154589371980675,0.14090177133655393,,,,,,,
13,57.1658615136876,39.88862050456253,1.6505636070853462,0.9125067096081588,0.24154589371980675,0.14090177133655393,,,,,,,
14,56.36741814278046,39.88862050456253,2.3215244229736984,0.8990874932903918,0.24154589371980675,0.14090177133655393,0.0939345142243693,0.03354804079441761,0.013419216317767043,,,,
15,53.68357487922705,34.76918947933441,2.2074610842726785,0.8990874932903918,3.535963499731616,1.6237251744498122,3.193773483628556,0.03354804079441761,,0.05367686527106817,,,
16,53.07971014492754,34.93022007514761,2.254428341384863,0.9930220075147611,2.623456790123457,2.844873859366613,3.1870638754696725,0.03354804079441761,,0.05367686527106817,,,
17,52.24771873322598,34.95034889962426,2.677133655394525,1.0131508319914118,2.7106816961889426,2.8381642512077296,3.475577026301664,0.03354804079441761,,0.05367686527106817,,,
18,52.06655931293612,35.13150831991412,2.677133655394525,1.0131508319914118,2.7106816961889426,2.8381642512077296,3.475577026301664,0.03354804079441761,,0.05367686527106817,,,
19,48.95330112721417,30.83064949006978,1.4694041867954912,1.1003757380568975,11.104401502952227,2.8381642512077296,3.475577026301664,0.17444981213097155,,0.05367686527106817,,,
20,47.40338164251208,30.911164787976382,1.4694041867954912,1.1003757380568975,12.506709608158884,2.871712292002147,3.475577026301664,0.19457863660762212,,0.06709608158883522,,,
21,45.29656468062265,32.45437466451959,1.5901771336553945,1.1674718196457328,13.036768652710682,2.7509393451422435,3.455448201825013,0.18115942028985507,,0.06709608158883522,,,
22,45.01476113794954,32.58185721953838,1.737788513150832,1.1674718196457328,12.97638217928073,2.7509393451422435,3.5225442834138487,0.18115942028985507,,0.06709608158883522,,,
23,44.860440150295226,32.52147074610843,1.9390767579173376,1.1674718196457328,12.949543746645196,2.7509393451422435,3.5225442834138487,0.2214170692431562,,0.06709608158883522,,,
24,44.585346215781,32.59527643585615,2.2074610842726785,1.1674718196457328,12.929414922168545,2.7509393451422435,3.475577026301664,0.2214170692431562,,0.06709608158883522,,,
25,44.35050993022008,31.93102522812668,2.5026838432635534,1.8115942028985508,12.801932367149758,2.7509393451422435,3.475577026301664,0.30864197530864196,,0.06709608158883522,,,
26,38.57353730542136,36.85587761674718,2.462426194310252,1.8115942028985508,13.707729468599034,2.7106816961889426,3.475577026301664,0.33548040794417605,,0.06709608158883522,,,
27,37.5805152979066,35.19189479334407,2.4691358024691357,1.8115942028985508,16.27079978529254,2.7106816961889426,3.4286097691894795,0.46967257112184646,,0.06709608158883522,,,
28,37.37251744498121,35.279119699409556,2.576489533011272,1.8115942028985508,16.11647879763822,2.7106816961889426,3.4286097691894795,0.6374127750939346,,0.06709608158883522,,,
29,31.548577563070317,41.02925389157273,2.7979066022544283,1.9457863660762211,15.687063875469672,2.7106816961889426,3.569511540526033,0.6105743424584005,,0.10064412238325282,,,
30,31.313741277509394,41.12989801395599,2.8113258185721954,2.059849704777241,15.666935050993022,2.737520128824477,3.569511540526033,0.6105743424584005,,0.10064412238325282,,,
31,31.05877616747182,41.217122920021474,3.0327428878153517,2.046430488459474,15.4723564143854,2.7241009125067097,3.569511540526033,0.7112184648416533,,0.16774020397208803,,,
32,27.140365002683843,45.01476113794954,3.0595813204508855,2.408749329039184,15.411969940955448,2.737520128824477,3.408480944712829,0.6508319914117016,,0.16774020397208803,,,
33,26.94578636607622,44.94095544820183,3.3279656468062266,2.395330112721417,15.157004830917874,2.804616210413312,3.3548040794417604,0.9057971014492754,,0.16774020397208803,,,
34,26.878690284487387,43.142780461621044,5.10601180891036,2.395330112721417,15.13016639828234,2.804616210413312,3.3480944712828773,0.9728931830381106,0.05367686527106817,0.16774020397208803,,,
35,26.67740203972088,42.190016103059584,5.320719269994632,2.804616210413312,14.600107353730541,2.9253891572732154,4.28743961352657,0.9728931830381106,0.05367686527106817,0.16774020397208803,,,
36,26.650563607085346,42.1430488459474,5.441492216854535,2.844873859366613,14.533011272141707,2.9052603327965647,4.28743961352657,0.9728931830381106,0.05367686527106817,0.16774020397208803,,,
37,26.46940418679549,41.89479334406871,5.481749865807837,2.844873859366613,14.573268921095009,2.9052603327965647,4.569243156199678,1.0399892646269457,0.05367686527106817,0.16774020397208803,,,
38,26.29495437466452,41.908212560386474,5.522007514761138,2.844873859366613,14.694041867954912,2.9052603327965647,4.569243156199678,1.0399892646269457,0.05367686527106817,0.16774020397208803,,,
39,26.194310252281266,41.63311862587225,5.958132045088567,2.8381642512077296,14.472624798711756,3.0327428878153517,4.549114331723027,1.1003757380568975,0.05367686527106817,0.16774020397208803,,,
40,26.08695652173913,41.43183038110574,5.246913580246914,2.985775630703167,14.412238325281804,3.0327428878153517,5.394524959742351,1.1741814278046163,0.06709608158883522,0.16774020397208803,,,
41,24.751744498121308,42.45840042941492,5.495169082125604,2.945517981749866,14.304884594739667,2.985775630703167,5.481749865807837,1.2949543746645196,0.06709608158883522,0.16774020397208803,0.04696725711218465,,
42,24.510198604401502,42.45169082125604,5.528717122920021,2.945517981749866,14.392109500805153,2.9723564143853998,5.475040257648954,1.442565754159957,0.06709608158883522,0.16774020397208803,0.04696725711218465,,
43,24.476650563607084,42.190016103059584,5.548845947396672,2.9253891572732154,14.2914653784219,3.026033279656468,5.669618894256575,1.5432098765432098,0.11406333870101985,0.16774020397208803,0.04696725711218465,,
44,24.36929683306495,42.23698336017176,5.609232420826624,2.8650026838432634,14.184111647879764,3.026033279656468,5.730005367686527,1.6505636070853462,0.11406333870101985,0.16774020397208803,0.04696725711218465,,
45,24.396135265700483,42.13633923778851,5.71658615136876,2.9119699409554483,14.11701556629093,3.012614063338701,5.676328502415459,1.7042404723564144,0.11406333870101985,0.16774020397208803,0.04696725711218465,,
46,24.27536231884058,42.04240472356415,5.763553408480945,3.0864197530864197,12.701288244766506,4.542404723564144,5.642780461621041,1.6237251744498122,0.11406333870101985,0.1610305958132045,0.04696725711218465,,
47,24.248523886205046,41.599570585077835,6.085614600107354,3.113258185721954,12.446323134728932,4.53569511540526,5.703166935050993,1.932367149758454,0.11406333870101985,0.1610305958132045,0.04696725711218465,0.013419216317767043,
48,24.020397208803004,41.15002683843264,6.66935050993022,3.0864197530864197,12.325550187869029,4.616210413311863,5.642780461621041,2.1806226516371443,0.11406333870101985,0.13419216317767044,0.04696725711218465,0.013419216317767043,
49,22.517444981213096,42.250402576489535,6.823671497584541,3.0327428878153517,12.667740203972087,4.528985507246377,5.71658615136876,2.15378421900161,0.11406333870101985,0.13419216317767044,0.04696725711218465,0.013419216317767043,
50,22.061191626409016,41.532474503489,7.0383789586688135,3.1602254428341383,13.405797101449275,4.528985507246377,5.810520665593129,2.15378421900161,0.11406333870101985,0.13419216317767044,0.04696725711218465,0.013419216317767043,
51,21.85319377348363,41.458668813741276,7.306763285024155,3.180354267310789,13.385668276972625,4.528985507246377,5.837359098228664,2.1403650026838434,0.11406333870101985,0.13419216317767044,0.04696725711218465,0.013419216317767043,
52,21.866612989801396,41.297638217928075,7.306763285024155,3.180354267310789,13.298443370907139,4.636339237788513,5.931293612453032,2.1403650026838434,0.11406333870101985,0.16774020397208803,0.04696725711218465,0.013419216317767043,
53,21.658615136876005,41.217122920021474,7.4141170155662905,3.2474503488996245,13.258185721953838,4.703435319377348,5.931293612453032,2.167203435319377,0.11406333870101985,0.2281266774020397,0.04696725711218465,0.013419216317767043,
54,21.55126140633387,40.995705850778315,7.541599570585078,3.3548040794417604,13.150831991411701,4.696725711218465,6.0587761674718195,2.24771873322598,0.11406333870101985,0.2281266774020397,0.04696725711218465,0.013419216317767043,
55,21.531132581857218,41.06280193236715,7.568438003220612,3.3011272141706924,13.056897477187333,4.790660225442834,6.005099302200751,2.26784755770263,0.11406333870101985,0.24154589371980675,0.04696725711218465,0.013419216317767043,
56,19.444444444444443,46.01449275362319,6.528448738593666,2.033011272141707,12.788513150831992,4.851046698872786,5.723295759527644,2.227589908749329,0.10064412238325282,0.24154589371980675,0.04696725711218465,,
57,19.390767579173378,45.24288781535159,7.232957595276436,2.147074610842727,12.714707461084272,4.851046698872786,5.703166935050993,2.254428341384863,0.10064412238325282,0.24154589371980675,0.12077294685990338,,
58,19.384057971014492,44.927536231884055,7.192699946323135,2.314814814814815,12.781803542673108,4.851046698872786,5.8239398819108965,2.2410091250670963,0.12077294685990338,0.24154589371980675,0.12077294685990338,,
59,19.03515834675255,44.7866344605475,7.2933440687063875,2.965646806226516,12.754965110037574,4.817498658078368,5.656199677938808,2.2074610842726785,0.12077294685990338,0.24154589371980675,0.12077294685990338,,
60,19.008319914117017,44.69269994632314,7.333601717659689,2.965646806226516,12.72812667740204,4.750402576489533,5.8172302737520125,2.2074610842726785,0.12077294685990338,0.24154589371980675,0.13419216317767044,,
61,18.115942028985508,43.57890499194847,7.427536231884058,2.932098765432099,14.42565754159957,4.636339237788513,5.917874396135265,2.4691358024691357,0.12077294685990338,0.24154589371980675,0.13419216317767044,,
62,18.115942028985508,43.183038110574344,7.742887815351583,2.945517981749866,14.264626945786366,4.783950617283951,5.984970477724101,2.4825550187869028,0.12077294685990338,0.24154589371980675,0.13419216317767044,,
63,17.914653784219002,43.18974771873322,7.763016639828234,2.945517981749866,14.257917337627482,4.8376274825550185,5.917874396135265,2.509393451422437,0.2147074610842727,0.38915727321524424,0.06038647342995169,,
64,17.136339237788512,44.24986580783682,8.225979602791197,3.0059044551798175,13.83521202361782,4.528985507246377,5.810520665593129,2.576489533011272,0.2147074610842727,0.35560923242082665,0.06038647342995169,,
65,17.143048845947398,44.02844873859367,8.454106280193237,3.207192699946323,13.707729468599034,4.51556629092861,5.810520665593129,2.5026838432635534,0.2147074610842727,0.35560923242082665,0.06038647342995169,,
66,17.11621041331186,43.98819108964037,8.454106280193237,3.140096618357488,13.560118089103597,4.757112184648417,5.810520665593129,2.5429414922168547,0.2147074610842727,0.35560923242082665,0.06038647342995169,,
67,17.022275899087493,44.155931293612454,8.454106280193237,3.1199677938808374,13.539989264626946,4.703435319377348,5.810520665593129,2.563070316693505,0.2147074610842727,0.35560923242082665,0.06038647342995169,,
68,16.566022544283413,42.54562533548041,8.252818035426731,3.0864197530864197,13.45276435856146,7.977724100912507,5.790391841116479,1.6304347826086956,0.2147074610842727,0.4227053140096618,0.06038647342995169,,
69,16.49892646269458,42.129629629629626,8.259527643585615,3.0864197530864197,15.841384863123993,6.300322061191626,5.609232420826624,1.6035963499731616,0.2147074610842727,0.39586688137412773,0.06038647342995169,,
70,16.378153515834676,41.53918411164788,8.333333333333334,3.1535158346752548,15.673644659151906,6.964573268921095,5.595813204508857,1.6371443907675791,0.2147074610842727,0.39586688137412773,0.11406333870101985,,
71,16.163446054750402,41.57944176060118,8.380300590445518,3.1535158346752548,15.70048309178744,7.0450885668276975,5.515297906602254,1.6371443907675791,0.19457863660762212,0.5166398282340311,0.11406333870101985,,
72,15.94873859366613,40.713902308105204,8.400429414922169,3.8311862587224907,15.908480944712828,6.91760601180891,5.71658615136876,1.7847557702630166,0.19457863660762212,0.46967257112184646,0.11406333870101985,,
73,15.915190552871712,40.43880837359098,8.57487922705314,3.878153515834675,15.74074074074074,6.991411701556629,5.743424584004294,1.9189479334406871,0.19457863660762212,0.48980139559849706,0.11406333870101985,,
74,15.687063875469672,39.11701556629093,8.219269994632313,4.052603327965647,17.840848094471284,6.870638754696726,5.615942028985507,1.8384326355340848,0.19457863660762212,0.4495437466451959,0.11406333870101985,,
75,15.68035426731079,38.96269457863661,8.487654320987655,4.314278046162104,17.746913580246915,6.494900697799249,5.5689747718733225,1.8786902844873858,0.2885131508319914,0.43612453032742887,0.14090177133655393,,
76,15.499194847020934,38.06360708534621,8.340042941492216,4.502147074610843,17.458400429414922,7.776435856146001,5.5689747718733225,1.9256575415995705,0.2885131508319914,0.43612453032742887,0.14090177133655393,,
77,14.955716586151368,38.32528180354267,8.340042941492216,4.49543746645196,17.337627482555018,7.87037037037037,5.837359098228664,1.9726247987117553,0.2885131508319914,0.43612453032742887,0.14090177133655393,,
78,14.76784755770263,38.25147611379496,8.487654320987655,4.575952764358561,17.324208266237253,7.836822329575953,5.904455179817498,1.9860440150295222,0.2885131508319914,0.43612453032742887,0.14090177133655393,,
79,14.620236178207193,38.0300590445518,8.709071390230811,4.53569511540526,17.257112184648417,7.7831454643048845,6.099033816425121,1.9994632313472893,0.2885131508319914,0.5367686527106817,0.14090177133655393,,
80,14.53972088030059,37.59393451422437,8.82313472893183,4.42163177670424,17.23027375201288,7.809983896940419,6.582125603864735,2.046430488459474,0.2885131508319914,0.5233494363929146,0.14090177133655393,,
81,14.398819108964037,35.218733225979605,8.695652173913043,4.64975845410628,17.270531400966185,10.131508319914117,6.5485775630703165,2.120236178207193,0.2885131508319914,0.5367686527106817,0.14090177133655393,,
82,14.378690284487385,35.01073537305421,8.259527643585615,4.582662372517445,17.12962962962963,10.158346752549651,7.434245840042942,2.0933977455716586,0.2885131508319914,0.5233494363929146,0.14090177133655393,,
83,14.143853998926463,35.11137949543747,8.259527643585615,4.53569511540526,17.008856682769725,10.245571658615138,7.555018786902845,2.214170692431562,0.24154589371980675,0.5233494363929146,0.1610305958132045,,
84,13.627214170692431,34.09151905528717,8.21256038647343,4.49543746645196,19.088835212023618,9.574610842726784,7.635534084809447,2.3483628556092326,0.24154589371980675,0.5233494363929146,0.1610305958132045,,
85,12.593934514224369,45.78636607622115,7.494632313472893,4.032474503488996,13.996242619431026,6.816961889425658,7.03166935050993,1.442565754159957,0.24154589371980675,0.4025764895330113,0.1610305958132045,,
86,12.614063338701019,45.169082125603865,7.360440150295223,3.911701556629093,13.855340848094471,7.669082125603865,7.024959742351046,1.4694041867954912,0.24154589371980675,0.4025764895330113,0.28180354267310787,,
87,12.654320987654321,44.907407407407405,7.440955448201825,4.045893719806763,13.801663982823403,7.823403113258186,6.9310252281266775,1.4694041867954912,0.24154589371980675,0.4025764895330113,0.28180354267310787,,
88,12.647611379495437,44.826892109500804,7.541599570585078,4.1532474503489,13.479602791196994,7.897208803005904,6.91760601180891,1.596886741814278,0.24154589371980675,0.4025764895330113,0.2952227589908749,,
89,12.701288244766506,44.545088566827694,7.682501341921632,4.247181964573269,13.311862587224907,7.823403113258186,7.0383789586688135,1.6438539989264627,0.24154589371980675,0.46967257112184646,0.2952227589908749,,
90,12.72812667740204,44.02173913043478,8.011272141706923,4.294149221685454,13.177670424047236,7.809983896940419,7.192699946323135,1.7444981213097155,0.24154589371980675,0.4830917874396135,0.2952227589908749,,
91,12.661030595813205,42.981749865807835,8.017981749865807,4.30756843800322,13.050187869028449,7.9039184111647875,8.259527643585615,1.7981749865807837,0.24154589371980675,0.4830917874396135,0.2952227589908749,,
92,12.667740203972087,42.90794417606012,8.07836822329576,4.428341384863124,12.95625335480408,7.890499194847021,8.091787439613526,1.778046162104133,0.3824476650563607,0.5233494363929146,0.2952227589908749,,
93,12.620772946859903,42.7536231884058,8.105206655931294,4.575952764358561,12.734836285560924,8.038110574342458,8.085077831454644,1.8853998926462694,0.3824476650563607,0.5233494363929146,0.2952227589908749,,
94,12.600644122383253,42.66639828234031,8.017981749865807,4.978529253891573,12.4597423510467,7.991143317230274,8.28636607622115,1.7444981213097155,0.3824476650563607,0.5770263016639828,0.2952227589908749,,
95,12.4597423510467,42.3443370907139,8.064949006977992,5.10601180891036,12.573805689747719,8.07836822329576,8.259527643585615,1.8250134192163177,0.3824476650563607,0.6105743424584005,0.2952227589908749,,
96,12.352388620504563,42.109500805152976,8.635265700483092,5.005367686527107,12.385936661298981,8.07836822329576,8.313204508856682,1.8518518518518519,0.3824476650563607,0.6105743424584005,0.27509393451422437,,
97,12.285292538915728,40.72061191626409,7.957595276435856,4.931561996779388,12.620772946859903,7.937466451959206,10.48040794417606,1.8518518518518519,0.3824476650563607,0.5568974771873323,0.27509393451422437,,
98,12.238325281803542,40.31132581857219,8.004562533548041,5.233494363929147,12.184648416532475,7.930756843800322,11.11111111111111,1.778046162104133,0.3824476650563607,0.5501878690284487,0.27509393451422437,,
99,12.110842726784755,39.18411164787977,8.05823939881911,6.159420289855072,12.090713902308105,7.971014492753623,11.332528180354267,1.8853998926462694,0.3824476650563607,0.5501878690284487,0.27509393451422437,,
100,11.90955448201825,38.83521202361782,8.158883521202362,6.179549114331723,11.75523349436393,7.830112721417069,12.090713902308105,1.8853998926462694,0.3824476650563607,0.6910896403650026,0.28180354267310787,,
101,11.916264090177133,38.405797101449274,8.460815888352121,6.273483628556092,11.822329575952764,7.823403113258186,12.077294685990339,1.865271068169619,0.3824476650563607,0.6910896403650026,0.28180354267310787,,
102,11.922973698336017,38.258185721953836,8.53462157809984,6.414385399892646,11.741814278046162,7.7831454643048845,11.996779388083736,1.9659151905528718,0.3824476650563607,0.6910896403650026,0.30864197530864196,,
103,11.902844873859367,38.097155126140635,8.608427267847558,6.4412238325281805,11.862587224906065,7.682501341921632,11.936392914653783,1.9994632313472893,0.4428341384863124,0.7179280730005367,0.30864197530864196,,
104,11.929683306494901,37.915995705850776,8.78287707997853,6.481481481481482,11.842458400429415,7.682501341921632,11.90955448201825,1.9860440150295222,0.4428341384863124,0.7179280730005367,0.30864197530864196,,
105,11.849168008588299,37.76167471819646,8.876811594202898,6.535158346752549,11.842458400429415,7.648953301127214,11.936392914653783,2.006172839506173,0.4428341384863124,0.7917337627482555,0.30864197530864196,,
106,11.641170155662909,37.57380568974772,8.776167471819646,6.615673644659152,12.117552334943639,7.608695652173913,12.010198604401502,2.086688137412775,0.46967257112184646,0.7917337627482555,0.30864197530864196,,
107,11.574074074074074,37.07729468599034,8.507783145464305,7.581857219538379,11.996779388083736,7.695920558239399,11.808910359634996,2.15378421900161,0.5032206119162641,0.7917337627482555,0.30864197530864196,,
108,11.560654857756306,36.39291465378422,9.078099838969404,7.702630166398282,11.990069779924852,7.64224369296833,11.627750939345143,2.3886205045625335,0.46967257112184646,0.7917337627482555,0.35560923242082665,,
109,11.506977992485238,36.22517444981213,9.192163177670425,7.6556629092860975,11.956521739130435,7.494632313472893,11.721685453569512,2.442297369833602,0.49651100375738055,0.9259259259259259,0.3824476650563607,,
110,11.533816425120772,35.73537305421363,9.500805152979066,8.004562533548041,11.79549114331723,7.454374664519592,11.674718196457327,2.442297369833602,0.49651100375738055,1.0198604401502953,0.3421900161030596,,
111,11.500268384326356,35.42673107890499,9.789318303811058,8.125335480407944,11.735104669887278,7.313472893183038,11.768652710681696,2.462426194310252,0.49651100375738055,1.0399892646269457,0.3421900161030596,,
112,10.044283413848632,23.866076221148685,6.615673644659152,5.911164787976382,35.78234031132582,5.790391841116479,9.212292002147075,1.3754696725711217,0.38915727321524424,0.6709608158883521,0.3421900161030596,,
113,10.050993022007514,23.403113258185723,6.709608158883521,6.099033816425121,35.43344068706388,6.152710681696189,9.091519055287172,1.5767579173376274,0.38915727321524424,0.7514761137949544,0.3421900161030596,,
114,9.970477724100913,23.1280193236715,6.78341384863124,6.387546967257112,35.39318303811057,6.119162640901771,8.910359634997317,1.7310789049919484,0.38915727321524424,0.7514761137949544,0.43612453032742887,,
115,9.916800858829845,22.61808910359635,6.796833064949007,6.374127750939345,35.63472893183038,6.092324208266238,9.212292002147075,1.778046162104133,0.38915727321524424,0.7514761137949544,0.43612453032742887,,
116,9.936929683306495,22.564412238325282,6.796833064949007,7.253086419753086,34.76247987117552,6.031937734836285,9.245840042941492,1.8317230273752012,0.38915727321524424,0.7514761137949544,0.43612453032742887,,
117,9.88996242619431,22.50402576489533,6.776704240472356,7.199409554482019,34.614868491680085,6.172839506172839,9.312936124530328,1.9524959742351047,0.38915727321524424,0.7514761137949544,0.43612453032742887,,
118,9.916800858829845,22.457058507783145,6.6760601180891035,7.246376811594203,34.35990338164251,6.226516371443908,9.306226516371444,2.2074610842726785,0.4025764895330113,0.7514761137949544,0.43612453032742887,0.013419216317767043,
119,9.306226516371444,21.866612989801396,6.716317767042405,7.0383789586688135,35.909822866344605,6.179549114331723,9.044551798174986,2.3349436392914655,0.4025764895330113,0.7514761137949544,0.43612453032742887,0.013419216317767043,
120,9.326355340848094,21.906870638754697,6.615673644659152,7.273215244229737,35.72195383789587,6.166129898013956,8.997584541062801,2.395330112721417,0.4025764895330113,0.7514761137949544,0.4294149221685454,0.013419216317767043,
121,9.125067096081589,21.537842190016104,6.380837359098229,7.092055823939882,37.39935587761675,5.629361245303274,8.722490606548577,2.4154589371980677,0.3824476650563607,0.8722490606548577,0.4294149221685454,0.013419216317767043,
122,9.131776704240472,21.464036500268385,6.400966183574879,7.132313472893183,37.25845410628019,5.548845947396672,8.776167471819646,2.522812667740204,0.3824476650563607,0.9393451422436929,0.4294149221685454,0.013419216317767043,
123,9.185453569511541,21.18894256575416,6.622383252818035,7.39398819108964,36.802200751476114,5.528717122920021,8.709071390230811,2.7509393451422435,0.43612453032742887,0.9393451422436929,0.4294149221685454,0.013419216317767043,
124,9.198872785829307,21.18894256575416,6.622383252818035,7.39398819108964,36.802200751476114,5.528717122920021,8.695652173913043,2.7509393451422435,0.43612453032742887,0.9393451422436929,0.4294149221685454,0.013419216317767043,
125,9.145195920558239,20.833333333333332,6.541867954911433,7.50805152979066,36.72168545356951,5.837359098228664,8.641975308641975,2.7844873859366612,0.43612453032742887,1.107085346215781,0.4294149221685454,0.013419216317767043,
126,9.091519055287172,19.6256038647343,6.360708534621578,6.971282877079979,36.40633387010199,8.353462157809984,8.407139023081053,2.8381642512077296,0.43612453032742887,1.1540526033279657,0.3421900161030596,0.013419216317767043,
127,9.07139023081052,19.444444444444443,6.333870101986044,6.971282877079979,36.33252818035427,8.588298443370908,8.299785292538916,3.012614063338701,0.43612453032742887,1.1540526033279657,0.3421900161030596,0.013419216317767043,
128,9.044551798174986,19.484702093397747,6.400966183574879,6.971282877079979,36.32581857219538,8.648684916800859,8.259527643585615,2.985775630703167,0.43612453032742887,1.0869565217391304,0.3421900161030596,0.013419216317767043,
129,9.118357487922705,19.390767579173378,6.454643048845948,7.085346215780999,36.231884057971016,8.608427267847558,8.259527643585615,3.0059044551798175,0.4025764895330113,1.0869565217391304,0.3421900161030596,0.013419216317767043,
130,9.064680622651638,19.35721953837896,6.380837359098229,7.0383789586688135,35.601180891035966,10.02415458937198,7.6623725174449815,3.012614063338701,0.4294149221685454,1.0735373054213635,0.3421900161030596,0.013419216317767043,
131,9.111647879763822,19.296833064949006,6.595544820182502,7.0383789586688135,35.45356951154053,9.876543209876543,7.6623725174449815,3.1065485775630703,0.4294149221685454,1.0735373054213635,0.3421900161030596,0.013419216317767043,
132,9.16532474503489,19.256575415995705,6.635802469135802,7.03166935050993,35.28582930756844,9.96376811594203,7.6623725174449815,3.140096618357488,0.4294149221685454,1.0735373054213635,0.3421900161030596,0.013419216317767043,
133,8.789586688137414,17.69994632313473,6.340579710144928,7.0450885668276975,37.33225979602791,9.876543209876543,7.823403113258186,3.193773483628556,0.46967257112184646,1.0735373054213635,0.3421900161030596,0.013419216317767043,
134,8.702361782071927,17.431561996779386,6.353998926462695,6.736446591519055,37.245034889962426,10.721953837895867,7.729468599033816,3.180354267310789,0.46967257112184646,1.107085346215781,0.30864197530864196,0.013419216317767043,
135,8.427267847557703,17.53220611916264,6.494900697799249,6.8035426731078905,37.15780998389694,10.674986580783683,7.682501341921632,3.3279656468062266,0.46967257112184646,1.107085346215781,0.30864197530864196,0.013419216317767043,
136,8.36688137412775,17.404723564143854,6.769994632313473,6.910896403650026,36.89613526570049,10.48040794417606,7.6556629092860975,3.616478797638218,0.46967257112184646,1.107085346215781,0.30864197530864196,0.013419216317767043,
137,8.199141170155663,17.082662372517444,6.78341384863124,6.91760601180891,37.17793880837359,10.520665593129362,7.50805152979066,3.9049919484702094,0.47638217928073,1.093666129898014,0.322061191626409,0.013419216317767043,
138,8.246108427267847,17.04911433172303,7.206119162640902,6.6827697262479875,36.3996242619431,10.540794417606012,8.239398819108963,3.743961352657005,0.46296296296296297,1.093666129898014,0.322061191626409,0.013419216317767043,
139,8.266237251744498,16.834406870638755,7.4208266237251745,6.655931293612453,35.7487922705314,11.842458400429415,7.709339774557166,3.784219001610306,0.3757380568974772,1.0265700483091786,0.322061191626409,0.013419216317767043,
140,8.111916264090176,16.740472356414386,7.843531937734836,6.716317767042405,35.44685990338164,11.922973698336017,7.709339774557166,3.7573805689747717,0.3757380568974772,1.0399892646269457,0.322061191626409,0.013419216317767043,
141,8.172302737520129,16.70692431561997,8.232689210950081,6.66935050993022,34.74235104669887,11.889425657541599,7.830112721417069,4.03918411164788,0.39586688137412773,0.9863123993558777,0.322061191626409,0.013419216317767043,
142,8.145464304884594,16.720343531937736,8.299785292538916,6.78341384863124,34.56119162640902,11.956521739130435,7.830112721417069,4.05931293612453,0.39586688137412773,0.9125067096081588,0.322061191626409,0.013419216317767043,
143,8.21256038647343,16.67337627482555,8.279656468062266,6.830381105743425,34.48067632850242,11.855877616747183,7.769726247987117,4.159957058507783,0.39586688137412773,1.0064412238325282,0.322061191626409,0.013419216317767043,
144,8.192431561996779,16.606280193236714,8.400429414922169,6.857219538378959,34.245840042941495,11.862587224906065,7.7361782071927,4.361245303274289,0.39586688137412773,1.0064412238325282,0.322061191626409,0.013419216317767043,
145,8.11862587224906,16.59957058507783,8.487654320987655,6.857219538378959,32.21282877079979,14.076757917337627,7.722758990874933,4.106280193236715,0.39586688137412773,1.0869565217391304,0.322061191626409,0.013419216317767043,
146,8.11862587224906,16.411701556629094,8.413848631239935,6.716317767042405,31.93102522812668,14.345142243692969,7.98443370907139,4.274020397208803,0.39586688137412773,1.0735373054213635,0.322061191626409,0.013419216317767043,
147,8.125335480407944,16.31105743424584,8.601717659688674,6.790123456790123,31.582125603864736,14.163982823403114,7.957595276435856,4.730273752012883,0.39586688137412773,1.0064412238325282,0.322061191626409,0.013419216317767043,
148,8.111916264090176,16.31105743424584,8.55475040257649,6.816961889425658,31.568706387546968,14.13714439076758,7.957595276435856,4.804079441760601,0.39586688137412773,1.0064412238325282,0.322061191626409,0.013419216317767043,
149,8.09849704777241,16.243961352657006,8.59500805152979,7.024959742351046,31.280193236714975,14.224369296833064,7.917337627482555,4.830917874396135,0.39586688137412773,0.966183574879227,0.4092860976918948,0.013419216317767043,
150,8.024691358024691,16.06280193236715,8.702361782071927,7.0383789586688135,31.206387546967257,14.36527106816962,7.917337627482555,4.777241009125067,0.39586688137412773,1.0869565217391304,0.4092860976918948,0.013419216317767043,
151,7.9106280193236715,16.14331723027375,8.628556092324208,7.024959742351046,31.0654857756307,13.808373590982287,8.205850778314547,4.904723564143854,0.39586688137412773,1.4895330112721417,0.4092860976918948,0.013419216317767043,
152,7.823403113258186,15.713902308105206,8.501073537305421,7.615405260332796,30.911164787976382,13.915727321524423,8.246108427267847,4.9651100375738055,0.39586688137412773,1.4895330112721417,0.4092860976918948,0.013419216317767043,
153,7.823403113258186,15.526033279656469,8.769457863660762,7.742887815351583,30.609232420826622,13.868760064412239,8.239398819108963,5.065754159957058,0.39586688137412773,1.5365002683843263,0.4092860976918948,0.013419216317767043,
154,7.796564680622652,15.49248523886205,8.715780998389693,7.830112721417069,30.54213633923779,13.841921631776705,8.393719806763285,5.152979066022544,0.38915727321524424,1.4358561460010735,0.39586688137412773,0.013419216317767043,
155,7.105475040257649,14.345142243692969,8.024691358024691,7.273215244229737,36.902844873859365,12.567096081588835,7.25979602791197,4.38137412775094,0.2952227589908749,1.4358561460010735,0.39586688137412773,0.013419216317767043,
156,7.105475040257649,14.284755770263017,8.038110574342458,7.306763285024155,36.83574879227053,12.486580783682234,7.2933440687063875,4.508856682769726,0.2952227589908749,1.4358561460010735,0.39586688137412773,0.013419216317767043,
157,7.125603864734299,14.237788513150832,8.05823939881911,7.306763285024155,36.802200751476114,12.318840579710145,7.320182501341922,4.669887278582931,0.2952227589908749,1.4559849704777241,0.39586688137412773,0.013419216317767043,
158,7.112184648416532,14.325013419216317,7.977724100912507,7.367149758454106,36.621041331186255,12.238325281803542,7.4208266237251745,4.777241009125067,0.2952227589908749,1.4559849704777241,0.39586688137412773,0.013419216317767043,
159,7.078636607622115,14.304884594739667,7.930756843800322,7.467793880837359,36.460010735373054,12.419484702093397,7.4208266237251745,4.7168545356951155,0.33548040794417605,1.4559849704777241,0.39586688137412773,0.013419216317767043,
160,7.051798174986581,14.264626945786366,7.957595276435856,7.608695652173913,36.22517444981213,12.439613526570048,7.4006977992485234,4.824208266237251,0.33548040794417605,1.482823403113258,0.39586688137412773,0.013419216317767043,
161,7.152442297369833,14.244498121309716,7.924047235641439,7.648953301127214,36.07085346215781,12.238325281803542,7.541599570585078,4.938271604938271,0.33548040794417605,1.4962426194310252,0.39586688137412773,0.013419216317767043,
162,7.071926999463232,14.204240472356414,7.85024154589372,7.615405260332796,35.77563070316693,12.5,7.521470746108427,5.2066559312936125,0.3488996242619431,1.4962426194310252,0.39586688137412773,0.013419216317767043,
163,7.071926999463232,14.076757917337627,8.460815888352121,7.548309178743962,35.265700483091784,12.5402576489533,7.568438003220612,5.166398282340311,0.36231884057971014,1.5297906602254427,0.39586688137412773,0.013419216317767043,
164,7.0450885668276975,14.110305958132045,8.521202361782072,7.548309178743962,35.198604401502955,12.5402576489533,7.568438003220612,5.152979066022544,0.36231884057971014,1.5432098765432098,0.39586688137412773,0.013419216317767043,
165,5.837359098228664,18.927804616210413,8.57487922705314,7.152442297369833,33.561460010735374,11.345947396672035,7.206119162640902,4.985238862050457,0.3824476650563607,1.6170155662909287,0.39586688137412773,0.013419216317767043,
166,5.850778314546431,18.800322061191626,8.568169618894256,7.152442297369833,33.3467525496511,11.272141706924316,7.601986044015029,5.01207729468599,0.3824476650563607,1.6035963499731616,0.39586688137412773,0.013419216317767043,
167,5.803811057434245,18.679549114331724,8.28636607622115,7.152442297369833,33.03811057434246,11.366076221148685,8.145464304884594,5.10601180891036,0.36902844873859364,1.6438539989264627,0.39586688137412773,0.013419216317767043,
168,5.83064949006978,18.33064949006978,8.413848631239935,7.320182501341922,33.05823939881911,11.292270531400966,8.145464304884594,5.159688674181428,0.36902844873859364,1.6706924315619969,0.39586688137412773,0.013419216317767043,
169,5.837359098228664,18.33064949006978,8.648684916800859,7.320182501341922,32.729468599033815,11.272141706924316,8.13875469672571,5.280461621041331,0.36902844873859364,1.6639828234031133,0.39586688137412773,0.013419216317767043,
170,5.850778314546431,18.297101449275363,8.648684916800859,7.320182501341922,32.63553408480945,11.20504562533548,8.158883521202362,5.374396135265701,0.36902844873859364,1.7310789049919484,0.39586688137412773,0.013419216317767043,
171,5.877616747181965,17.753623188405797,9.192163177670425,7.481213097155126,32.57514761137949,11.171497584541063,8.158883521202362,5.307300053676865,0.36902844873859364,1.7042404723564144,0.39586688137412773,0.013419216317767043,
172,5.911164787976382,17.579173376274827,9.252549651100376,7.648953301127214,32.60198604401503,11.097691894793345,8.152173913043478,5.293880837359098,0.3488996242619431,1.7042404723564144,0.39586688137412773,0.013419216317767043,
173,5.870907139023081,17.444981213097154,9.212292002147075,7.62211486849168,32.60198604401503,11.332528180354267,8.13875469672571,5.300590445517981,0.36231884057971014,1.7042404723564144,0.39586688137412773,0.013419216317767043,
174,5.810520665593129,17.156468062265162,9.447128287707997,7.555018786902845,32.709339774557165,11.2788513150832,8.272946859903382,5.253623188405797,0.36231884057971014,1.7444981213097155,0.39586688137412773,0.013419216317767043,
175,5.709876543209877,16.894793344068706,9.769189479334408,7.702630166398282,32.31347289318304,11.439881910896403,8.279656468062266,5.374396135265701,0.36902844873859364,1.737788513150832,0.39586688137412773,0.013419216317767043,
176,5.676328502415459,16.76731078904992,10.037573805689748,7.796564680622652,32.21282877079979,11.480139559849706,8.165593129361245,5.347557702630167,0.36902844873859364,1.737788513150832,0.39586688137412773,0.013419216317767043,
177,5.689747718733226,16.53918411164788,9.957058507783145,7.575147611379496,32.991143317230275,11.352657004830919,8.05823939881911,5.347557702630167,0.35560923242082665,1.724369296833065,0.39586688137412773,0.013419216317767043,
178,5.783682232957595,16.505636070853463,9.943639291465379,7.494632313472893,32.971014492753625,11.386205045625335,8.05823939881911,5.3274288781535155,0.39586688137412773,1.724369296833065,0.39586688137412773,0.013419216317767043,
179,5.71658615136876,16.337895866881375,10.02415458937198,7.675791733762749,32.776435856146,11.151368760064413,8.085077831454644,5.703166935050993,0.39586688137412773,1.724369296833065,0.39586688137412773,0.013419216317767043,
180,5.770263016639828,16.324476650563607,9.997316156736447,7.675791733762749,32.71604938271605,11.07085346215781,8.085077831454644,5.803811057434245,0.39586688137412773,1.751207729468599,0.39586688137412773,0.013419216317767043,
181,5.917874396135265,16.150026838432634,10.272410091250672,7.6556629092860975,32.07192699946323,11.07085346215781,8.13875469672571,6.1929683306494905,0.39586688137412773,1.724369296833065,0.39586688137412773,0.013419216317767043,
182,5.9447128287707995,16.015834675254965,10.359634997316157,7.749597423510467,31.870638754696724,11.084272678475577,8.071658615136876,6.347289318303811,0.4227053140096618,1.724369296833065,0.39586688137412773,0.013419216317767043,
183,5.884326355340848,15.94873859366613,10.373054213633925,7.729468599033816,31.528448738593667,11.16478797638218,8.179012345679013,6.575415995705851,0.4227053140096618,1.7847557702630166,0.39586688137412773,0.013419216317767043,
184,5.897745571658615,15.92860976918948,10.332796564680622,7.836822329575953,31.42109500805153,10.889694041867955,8.588298443370908,6.541867954911433,0.4495437466451959,1.7042404723564144,0.39586688137412773,0.013419216317767043,
185,5.857487922705314,15.827965646806227,10.44015029522276,7.9039184111647875,31.072195383789587,11.198336017176597,8.57487922705314,6.4345142243692965,0.5099302200751477,1.7713365539452497,0.39586688137412773,0.013419216317767043,
186,5.877616747181965,15.827965646806227,10.795759527643586,7.930756843800322,30.66290928609769,11.057434245840042,8.494363929146537,6.494900697799249,0.5770263016639828,1.8719806763285025,0.39586688137412773,0.013419216317767043,
187,5.750134192163178,15.619967793880837,11.312399355877616,7.890499194847021,30.44820182501342,10.923242082662373,8.541331186258722,6.488191089640365,0.6172839506172839,1.9994632313472893,0.39586688137412773,0.013419216317767043,
188,5.803811057434245,15.559581320450885,11.58749329039184,7.883789586688137,30.12614063338701,10.923242082662373,8.648684916800859,6.4412238325281805,0.6172839506172839,1.9994632313472893,0.39586688137412773,0.013419216317767043,
189,5.736714975845411,15.157004830917874,11.473429951690822,8.145464304884594,30.347557702630166,10.869565217391305,8.668813741277509,6.494900697799249,0.6172839506172839,2.1068169618894257,0.36902844873859364,0.013419216317767043,
190,5.535426731078905,15.103327965646805,11.3593666129898,8.05823939881911,30.589103596349972,11.252012882447666,8.59500805152979,6.488191089640365,0.6239935587761675,2.1068169618894257,0.27509393451422437,0.013419216317767043,
191,5.535426731078905,15.103327965646805,11.426462694578637,8.091787439613526,30.48845947396672,11.292270531400966,8.57487922705314,6.488191089640365,0.6038647342995169,2.1068169618894257,0.27509393451422437,0.013419216317767043,
192,5.508588298443371,15.083199141170155,11.540526033279656,8.950617283950617,29.770531400966185,10.909822866344605,8.581588835212024,6.629092860976919,0.6038647342995169,2.13365539452496,0.27509393451422437,0.013419216317767043,
