,45,50,54,53,55,51,52,56
0,100.0,,,,,,,
1,97.8395061728395,2.1604938271604937,,,,,,
2,93.605743424584,6.394256575415996,,,,,,
3,93.63258185721953,6.367418142780462,,,,,,
4,93.63258185721953,6.367418142780462,,,,,,
5,93.62587224906065,6.052066559312936,0.322061191626409,,,,,
6,93.73322597960279,5.9447128287707995,0.322061191626409,,,,,
7,93.75335480407944,5.924584004294149,0.322061191626409,,,,,
8,93.4849704777241,6.1929683306494905,0.322061191626409,,,,,
9,92.6328502415459,7.0450885668276975,0.322061191626409,,,,,
10,92.6328502415459,7.0450885668276975,0.322061191626409,,,,,
11,90.53274288781535,9.145195920558239,0.322061191626409,,,,,
12,72.88647342995169,27.113526570048307,,,,,,
13,73.02737520128825,26.972624798711756,,,,,,
14,69.987922705314,30.01207729468599,,,,,,
15,70.13553408480945,29.864465915190554,,,,,,
16,69.96108427267848,30.038915727321523,,,,,,
17,60.265700483091784,39.734299516908216,,,,,,
18,60.40660225442834,39.59339774557166,,,,,,
19,58.621846484165324,37.92270531400966,,2.5697799248523885,0.8856682769726248,,,
20,58.76945786366076,37.80193236714976,,2.5429414922168547,0.8856682769726248,,,
21,55.40794417606012,41.31105743424584,,2.408749329039184,0.8722490606548577,,,
22,41.968599033816425,52.50939345142244,2.6838432635534084,1.9659151905528718,0.8722490606548577,,,
23,41.6532474503489,52.824745034889965,2.6838432635534084,1.9659151905528718,0.8722490606548577,,,
24,42.008856682769725,52.52952227589909,2.6838432635534084,1.9390767579173376,0.8387010198604401,,,
25,42.0625335480408,50.83870101986044,5.320719269994632,0.9393451422436929,0.8387010198604401,,,
26,42.230273752012884,50.677670424047236,5.320719269994632,0.9326355340848095,0.8387010198604401,,,
27,42.3845947396672,50.52334943639291,5.320719269994632,0.9326355340848095,0.8387010198604401,,,
28,42.44498121309716,50.34219001610306,5.307300053676865,0.9326355340848095,0.9728931830381106,,,
29,42.76033279656468,50.07380568974772,5.260332796564681,0.9326355340848095,0.9728931830381106,,,
30,42.93478260869565,49.89935587761675,5.260332796564681,0.9326355340848095,0.9728931830381106,,,
31,41.37144390767579,48.611111111111114,5.260332796564681,0.9326355340848095,0.9728931830381106,2.8515834675254963,,
32,39.700751476113794,50.214707461084274,5.213365539452496,0.9326355340848095,1.133923778851315,2.804616210413312,,
33,39.86849168008588,49.91277509393451,5.367686527106817,0.9125067096081588,1.133923778851315,2.804616210413312,,
34,40.06977992485239,49.71148684916801,5.367686527106817,0.9125067096081588,1.133923778851315,2.804616210413312,,
35,40.61996779388084,49.20826623725174,5.360976918947934,0.9125067096081588,1.093666129898014,2.804616210413312,,
36,40.83467525496511,48.993558776167475,5.360976918947934,0.9125067096081588,1.093666129898014,2.804616210413312,,
37,41.10976918947934,48.72517444981213,5.360976918947934,0.9125067096081588,1.093666129898014,2.7979066022544283,,
38,41.257380568974774,48.63794954374664,5.340848094471283,0.8722490606548577,1.093666129898014,2.7979066022544283,,
39,32.789855072463766,56.655931293612454,4.233762748255502,0.8722490606548577,2.6502952227589907,2.7979066022544283,,
40,31.99812130971551,54.29414922168545,4.200214707461084,0.8722490606548577,2.5161030595813205,2.7308105206655933,3.388352120236178,
41,31.42109500805153,48.57756307031669,1.737788513150832,0.8722490606548577,2.3215244229736984,2.7308105206655933,12.338969404186795,
42,31.64922168545357,48.470209339774556,1.737788513150832,0.8588298443370908,2.3215244229736984,2.703972088030059,12.258454106280194,
43,31.582125603864736,48.369565217391305,1.737788513150832,0.8588298443370908,2.3215244229736984,2.898550724637681,12.23161567364466,
44,30.300590445517983,49.282071926999464,1.6304347826086956,1.4358561460010735,2.5966183574879227,2.6301663982823404,12.124261943102523,
45,30.46833064949007,49.22168545356951,1.6304347826086956,1.4358561460010735,2.589908749329039,2.6033279656468062,12.050456253354804,
46,30.649490069779926,49.15458937198068,1.6304347826086956,1.4358561460010735,2.5831991411701556,2.5831991411701556,11.963231347289318,
47,31.293612453032743,48.74530327428878,1.6304347826086956,1.4090177133655395,2.49597423510467,2.5697799248523885,11.855877616747183,
48,28.898282340311326,39.60681696188943,1.2278582930756843,1.1943102522812667,2.49597423510467,14.888620504562533,11.688137412775093,
49,29.032474503488995,38.98282340311326,1.2144390767579174,1.1943102522812667,2.49597423510467,14.855072463768115,12.224906065485776,
50,27.32823403113258,40.76086956521739,1.2144390767579174,1.1943102522812667,2.49597423510467,14.781266774020397,12.224906065485776,
51,27.4422973698336,40.707192699946326,1.2144390767579174,1.1943102522812667,2.49597423510467,14.781266774020397,12.164519592055823,
52,27.643585614600106,40.64009661835749,1.2144390767579174,1.1943102522812667,2.49597423510467,14.65378421900161,12.157809983896941,
53,27.89855072463768,40.41196994095545,1.2144390767579174,1.1943102522812667,2.49597423510467,14.626945786366075,12.157809983896941,
54,28.026033279656467,39.801395598497045,2.6033279656468062,1.1473429951690821,2.475845410628019,13.821792807300053,12.124261943102523,
55,27.865002683843265,38.18438003220612,2.5429414922168547,1.1473429951690821,2.475845410628019,15.365002683843263,12.419484702093397,
56,28.18035426731079,37.97638217928073,2.509393451422437,1.1473429951690821,2.4490069779924855,15.33816425120773,12.399355877616747,
57,28.35480407944176,37.875738056897475,2.5026838432635534,1.1473429951690821,2.4490069779924855,15.331454643048845,12.338969404186795,
58,26.77133655394525,36.4398819108964,2.5026838432635534,1.1473429951690821,2.4490069779924855,18.377616747181964,12.31213097155126,
59,27.01959205582394,36.36607622114869,2.5026838432635534,1.1473429951690821,2.4221685453569513,18.297101449275363,12.245034889962426,
60,23.389694041867955,38.016639828234034,2.2946859903381642,1.1473429951690821,2.4221685453569513,20.611916264090176,12.117552334943639,
61,24.000268384326354,37.59393451422437,2.2946859903381642,1.1473429951690821,2.4154589371980677,20.457595276435857,12.090713902308105,
62,23.872785829307567,35.607890499194845,1.7042404723564144,1.1473429951690821,2.4154589371980677,13.439345142243694,21.812936124530328,
63,24.013687600644122,35.51395598497048,1.7042404723564144,1.133923778851315,2.4154589371980677,13.439345142243694,21.77938808373591,
64,23.1280193236715,34.306226516371446,3.1535158346752548,1.107085346215781,2.61003757380569,14.593397745571659,21.101717659688674,
65,23.47691894793344,34.20558239398819,3.1535158346752548,1.107085346215781,2.5831991411701556,14.452495974235104,21.021202361782073,
66,23.79898013955985,34.10493827160494,3.1535158346752548,1.0131508319914118,2.5697799248523885,14.418947933440688,20.94068706387547,
67,24.013687600644122,34.004294149221685,3.1535158346752548,1.0131508319914118,2.5563607085346214,14.371980676328503,20.8870101986044,
68,24.282071926999464,33.863392377885134,3.1535158346752548,1.0131508319914118,2.5563607085346214,14.284755770263017,20.8467525496511,
69,24.610842726784757,33.803005904455176,3.0864197530864197,1.0131508319914118,2.522812667740204,14.210950080515298,20.75281803542673,
70,25.10064412238325,33.73590982286635,3.0864197530864197,1.0131508319914118,2.522812667740204,14.197530864197532,20.343531937734838,
71,25.38244766505636,33.601717659688674,3.0394524959742353,1.0131508319914118,2.522812667740204,14.15727321524423,20.283145464304884,
72,25.51663982823403,33.581588835212024,3.0394524959742353,1.0131508319914118,2.522812667740204,14.090177133655395,20.2361782071927,
73,25.85212023617821,33.2662372517445,3.3011272141706924,1.0131508319914118,2.522812667740204,13.989533011272142,20.055018786902846,
74,25.966183574879228,33.2662372517445,3.3011272141706924,1.0131508319914118,2.4892646269457863,13.935856146001074,20.02818035426731,
75,24.490069779924852,29.220343531937736,2.985775630703167,1.0131508319914118,1.6841116478797638,21.64519592055824,18.96135265700483,
76,23.899624261943103,28.12667740203972,2.9723564143853998,1.0131508319914118,1.6170155662909287,21.812936124530328,20.558239398819108,
77,24.10091250670961,28.039452495974235,2.9388083735909825,1.0131508319914118,1.6170155662909287,21.76596886741814,20.52469135802469,
78,24.214975845410628,27.697262479871174,2.9388083735909825,1.0131508319914118,1.9390767579173376,21.692163177670423,20.50456253354804,
79,24.476650563607084,27.49597423510467,2.9388083735909825,1.0131508319914118,1.9256575415995705,21.349973161567366,20.471014492753625,0.32877079978529256
80,24.510198604401502,27.462426194310254,2.9119699409554483,0.8789586688137413,1.9256575415995705,21.32313472893183,20.658883521202362,0.32877079978529256
81,24.664519592055825,27.42216854535695,2.8784219001610305,0.8789586688137413,1.9256575415995705,21.26274825550188,20.638754696725712,0.32877079978529256
82,24.805421363392377,27.34165324745035,2.8784219001610305,0.8789586688137413,1.9256575415995705,21.215780998389693,20.625335480407944,0.32877079978529256
83,24.704777241009126,27.294685990338163,2.7509393451422435,3.5225442834138487,1.9256575415995705,20.71256038647343,18.760064412238325,0.32877079978529256
84,24.90606548577563,27.241009125067094,2.7509393451422435,3.4957058507783145,1.9256575415995705,20.652173913043477,18.699677938808374,0.32877079978529256
85,25.147611379495437,27.126945786366075,3.8177670424047236,3.4621578099838968,1.9256575415995705,20.37037037037037,17.820719269994633,0.32877079978529256
86,25.328770799785293,27.093397745571657,3.8177670424047236,3.3480944712828773,1.9256575415995705,20.356951154052602,17.800590445517983,0.32877079978529256
87,25.462962962962962,27.033011272141707,3.8177670424047236,3.3279656468062266,1.9256575415995705,20.35024154589372,17.753623188405797,0.32877079978529256
88,25.51663982823403,26.972624798711756,3.8177670424047236,3.3279656468062266,1.9189479334406871,20.21604938271605,17.901234567901234,0.32877079978529256
89,25.670960815888353,26.932367149758456,3.9318303811057436,3.3011272141706924,1.9189479334406871,20.088566827697264,17.827428878153516,0.32877079978529256
90,25.543478260869566,26.778046162104133,5.864197530864198,3.3011272141706924,1.9189479334406871,19.981213097155127,16.284219001610307,0.32877079978529256
91,25.583735909822867,26.549919484702095,5.864197530864198,3.549382716049383,1.9189479334406871,19.96779388083736,16.23725174449812,0.32877079978529256
92,25.811862587224905,26.48953301127214,5.864197530864198,3.5426731078904994,1.892109500805153,19.85373054213634,16.21712292002147,0.32877079978529256
93,25.966183574879228,26.442565754159958,5.850778314546431,3.5426731078904994,1.892109500805153,19.766505636070853,16.210413311862588,0.32877079978529256
94,26.27482555018787,26.341921631776703,5.8172302737520125,3.5292538915727323,1.892109500805153,19.632313472893184,16.183574879227052,0.32877079978529256
95,26.536500268384327,26.308373590982285,5.783682232957595,3.5091250670960816,1.892109500805153,19.6256038647343,16.015834675254965,0.32877079978529256
96,26.650563607085346,26.308373590982285,5.756843800322061,3.5091250670960816,1.892109500805153,19.618894256575416,15.935319377348362,0.32877079978529256
97,26.778046162104133,25.523349436392916,6.521739130434782,3.5091250670960816,1.892109500805153,19.524959742351047,15.921900161030596,0.32877079978529256
98,26.818303811057433,25.44283413848631,7.957595276435856,3.475577026301664,1.892109500805153,19.47128287707998,14.61352657004831,0.32877079978529256
99,25.05367686527107,22.81266774020397,7.9039184111647875,3.3279656468062266,2.033011272141707,24.074074074074073,14.465915190552872,0.32877079978529256
100,24.90606548577563,22.77241009125067,7.514761137949543,2.831454643048846,2.033011272141707,24.02710681696189,15.58641975308642,0.32877079978529256
101,25.033548040794418,22.73886205045625,7.48792270531401,2.831454643048846,1.9994632313472893,24.020397208803004,15.559581320450885,0.32877079978529256
102,25.140901771336555,22.591250670960815,7.709339774557166,2.804616210413312,1.9994632313472893,23.89291465378422,15.53274288781535,0.32877079978529256
103,25.44283413848631,22.591250670960815,7.6623725174449815,2.7509393451422435,1.9994632313472893,23.738593666129898,15.485775630703166,0.32877079978529256
104,25.603864734299517,22.5577026301664,7.64224369296833,2.7509393451422435,1.9994632313472893,23.67149758454106,15.445517981749866,0.32877079978529256
105,25.85882984433709,22.497316156736446,7.635534084809447,2.7241009125067097,1.9726247987117553,23.59098228663446,15.391841116478798,0.32877079978529256
106,26.080246913580247,22.36983360171766,7.635534084809447,2.703972088030059,1.9726247987117553,23.564143853998928,15.344873859366613,0.32877079978529256
107,26.33521202361782,22.29602791196994,7.608695652173913,2.703972088030059,1.9726247987117553,23.45679012345679,15.297906602254429,0.32877079978529256
108,26.38888888888889,21.880032206119164,7.481213097155126,3.4957058507783145,1.9726247987117553,23.19511540526033,15.257648953301127,0.32877079978529256
109,26.94578636607622,21.76596886741814,7.1725711218464845,3.4957058507783145,1.9726247987117553,23.14814814814815,15.170424047235642,0.32877079978529256
110,25.63070316693505,20.551529790660226,4.8376274825550185,3.4957058507783145,1.4559849704777241,33.15217391304348,10.547504025764896,0.32877079978529256
111,25.999731615673646,20.323403113258184,4.8376274825550185,3.4822866344605474,1.4559849704777241,33.05823939881911,10.513955984970478,0.32877079978529256
112,26.154052603327965,20.323403113258184,4.824208266237251,3.4822866344605474,1.7176596886741815,32.689210950080515,10.48040794417606,0.32877079978529256
113,26.288244766505635,20.28985507246377,4.824208266237251,3.4822866344605474,1.7176596886741815,32.62211486849168,10.446859903381643,0.32877079978529256
114,26.42914653784219,20.28985507246377,4.824208266237251,3.455448201825013,1.7176596886741815,32.53488996242619,10.420021470746109,0.32877079978529256
115,26.48953301127214,20.263016639828233,6.219806763285024,3.455448201825013,1.7176596886741815,31.313741277509394,10.21202361782072,0.32877079978529256
116,26.94578636607622,20.12211486849168,6.179549114331723,3.455448201825013,1.6975308641975309,31.17283950617284,10.171765968867419,0.2549651100375738
117,27.113526570048307,19.900697799248523,6.172839506172839,3.455448201825013,1.6975308641975309,31.280193236714975,10.124798711755233,0.2549651100375738
118,21.22920021470746,32.8972088030059,5.763553408480945,2.690552871712292,0.9326355340848095,26.10708534621578,10.124798711755233,0.2549651100375738
119,21.672034353193773,32.62211486849168,5.763553408480945,2.690552871712292,0.9326355340848095,25.959473966720342,10.111379495437467,0.24825550187869028
120,22.020933977455716,32.56843800322061,5.736714975845411,2.690552871712292,0.9863123993558777,25.704508856682768,10.044283413848632,0.24825550187869028
121,22.19538378958669,32.47450348899624,5.736714975845411,2.6033279656468062,0.9863123993558777,25.6105743424584,10.144927536231885,0.24825550187869028
122,22.604669887278583,32.35373054213634,5.730005367686527,2.576489533011272,0.9863123993558777,25.39586688137413,10.131508319914117,0.2214170692431562
123,23.1280193236715,32.19940955448202,5.501878690284487,2.576489533011272,0.9863123993558777,25.268384326355342,10.11808910359635,0.2214170692431562
124,23.470209339774556,32.098765432098766,5.35426731078905,2.576489533011272,0.9863123993558777,25.234836285560924,10.057702630166398,0.2214170692431562
125,23.49033816425121,31.97128287707998,5.3274288781535155,2.576489533011272,0.9863123993558777,23.939881910896403,10.057702630166398,1.6505636070853462
126,23.8191089640365,31.716317767042405,5.3274288781535155,2.576489533011272,0.9863123993558777,23.866076221148685,10.057702630166398,1.6505636070853462
127,24.18142780461621,31.582125603864736,5.3274288781535155,2.5496511003757383,0.9863123993558777,23.805689747718734,9.916800858829845,1.6505636070853462
128,24.335748792270532,31.528448738593667,5.314009661835748,2.5496511003757383,1.4895330112721417,23.275630703166936,9.856414385399892,1.6505636070853462
129,24.54374664519592,31.46135265700483,5.300590445517981,2.5496511003757383,1.482823403113258,23.15485775630703,9.856414385399892,1.6505636070853462
130,24.912775093934513,31.374127750939344,5.287171229200215,2.5161030595813205,1.482823403113258,22.966988727858293,9.809447128287708,1.6505636070853462
131,25.670960815888353,31.253354804079443,5.287171229200215,2.5161030595813205,1.482823403113258,22.450348899624263,9.73564143853999,1.6035963499731616
132,25.905797101449274,31.19296833064949,5.287171229200215,2.4892646269457863,1.482823403113258,22.383252818035427,9.655126140633387,1.6035963499731616
133,26.133923778851315,31.13929146537842,5.260332796564681,2.395330112721417,1.442565754159957,22.376543209876544,9.648416532474503,1.6035963499731616
134,26.48953301127214,31.01851851851852,5.253623188405797,2.395330112721417,1.42914653784219,22.16183574879227,9.648416532474503,1.6035963499731616
135,26.898819108964037,30.951422436929683,5.226784755770263,2.314814814814815,1.3821792807300053,22.094739667203434,9.574610842726784,1.556629092860977
136,27.147074610842726,30.797101449275363,5.193236714975845,2.2879763821792807,1.3821792807300053,22.074610842726784,9.561191626409018,1.556629092860977
137,27.294685990338163,30.67632850241546,5.193236714975845,2.2879763821792807,1.3821792807300053,22.061191626409016,9.54777241009125,1.556629092860977
138,27.469135802469136,30.589103596349972,5.193236714975845,2.2879763821792807,1.3821792807300053,22.0276435856146,9.494095544820183,1.556629092860977
139,27.596618357487923,30.575684380032207,5.193236714975845,2.2745571658615136,1.3821792807300053,22.000805152979066,9.480676328502415,1.4962426194310252
140,27.87842190016103,30.46833064949007,5.132850241545894,2.2745571658615136,1.3821792807300053,21.953837895866883,9.41358024691358,1.4962426194310252
141,27.81803542673108,27.026301663982824,8.722490606548577,2.2208803005904456,1.3821792807300053,21.920289855072465,9.41358024691358,1.4962426194310252
142,27.958937198067634,27.012882447665056,8.662104133118627,2.2208803005904456,1.3821792807300053,21.89345142243693,9.373322597960279,1.4962426194310252
143,28.039452495974235,26.99946323134729,8.581588835212024,2.2208803005904456,1.3821792807300053,21.638486312399355,9.373322597960279,1.7646269457863661
144,28.06629092860977,26.99946323134729,8.561460010735374,2.2208803005904456,1.710950080515298,21.34326355340848,9.333064949006978,1.7646269457863661
145,28.23403113258186,26.88539989264627,8.541331186258722,2.2208803005904456,1.710950080515298,21.34326355340848,9.326355340848094,1.737788513150832
146,28.5829307568438,26.724369296833064,8.454106280193237,2.2208803005904456,1.710950080515298,21.26945786366076,9.29951690821256,1.737788513150832
147,28.690284487385938,26.69753086419753,8.454106280193237,2.2208803005904456,1.710950080515298,21.18894256575416,9.29951690821256,1.737788513150832
148,27.791196994095547,26.54320987654321,8.433977455716587,2.2208803005904456,1.5230810520665594,22.758990874932906,8.99087493290392,1.737788513150832
149,27.30139559849705,27.502683843263554,8.568169618894256,2.1940418679549114,1.5230810520665594,22.624798711755233,8.548040794417606,1.737788513150832
150,27.455716586151368,27.469135802469136,8.568169618894256,2.1940418679549114,1.5230810520665594,22.550993022007514,8.541331186258722,1.6975308641975309
151,27.22758990874933,25.99302200751476,10.319377348362856,2.187332259796028,1.5230810520665594,22.510735373054214,8.541331186258722,1.6975308641975309
152,27.47584541062802,25.87895866881374,10.279119699409554,2.187332259796028,1.5029522275899088,22.463768115942027,8.541331186258722,1.6706924315619969
153,27.697262479871174,25.825281803542673,10.25228126677402,2.187332259796028,1.5029522275899088,22.403381642512077,8.460815888352121,1.6706924315619969
154,27.87842190016103,25.637412775093935,10.218733225979603,2.187332259796028,1.6371443907675791,22.376543209876544,8.393719806763285,1.6706924315619969
155,28.005904455179817,25.617283950617285,10.21202361782072,2.187332259796028,1.6237251744498122,22.31615673644659,8.36688137412775,1.6706924315619969
156,28.22061191626409,25.07380568974772,11.460010735373054,2.0128824476650564,1.4694041867954912,21.806226516371442,8.313204508856682,1.6438539989264627
157,28.408480944712828,25.0402576489533,11.426462694578637,2.0128824476650564,1.3955984970477724,21.75925925925926,8.313204508856682,1.6438539989264627
158,28.32125603864734,24.852388620504563,11.426462694578637,2.0128824476650564,1.3687600644122384,21.712292002147073,8.675523349436393,1.6304347826086956
159,28.495705850778315,24.798711755233494,11.392914653784219,2.006172839506173,1.3687600644122384,21.68545356951154,8.621846484165324,1.6304347826086956
160,28.502415458937197,24.684648416532475,11.3593666129898,1.8786902844873858,1.6774020397208802,21.651905528717123,8.61513687600644,1.6304347826086956
161,28.64331723027375,24.644390767579175,11.312399355877616,1.8786902844873858,1.6774020397208802,21.598228663446054,8.61513687600644,1.6304347826086956
162,28.958668813741276,24.56387546967257,11.252012882447666,1.8451422436929683,1.6774020397208802,21.524422973698336,8.548040794417606,1.6304347826086956
163,29.086151368760063,24.50348899624262,11.20504562533548,1.8451422436929683,1.6774020397208802,21.504294149221685,8.548040794417606,1.6304347826086956
164,29.294149221685455,24.416264090177133,11.178207192699947,1.8451422436929683,1.6774020397208802,21.423778851315085,8.53462157809984,1.6304347826086956
165,29.53569511540526,24.362587224906065,11.178207192699947,1.8451422436929683,1.6774020397208802,21.276167471819647,8.494363929146537,1.6304347826086956
166,29.777241009125067,24.362587224906065,11.057434245840042,1.8451422436929683,1.6371443907675791,21.20907139023081,8.494363929146537,1.6170155662909287
167,29.857756307031668,24.349168008588297,11.057434245840042,1.8451422436929683,1.6170155662909287,21.162104133118625,8.494363929146537,1.6170155662909287
168,30.02549651100376,24.268652710681696,11.057434245840042,1.8451422436929683,1.6170155662909287,21.121846484165324,8.447396672034353,1.6170155662909287
169,30.22007514761138,24.18142780461621,11.037305421363392,1.8451422436929683,1.5901771336553945,21.088298443370906,8.420558239398819,1.6170155662909287
170,30.54213633923779,23.93317230273752,11.037305421363392,1.8451422436929683,1.5901771336553945,21.048040794417606,8.387010198604402,1.6170155662909287
171,30.790391841116477,23.93317230273752,11.010466988727858,1.737788513150832,1.5901771336553945,20.974235104669887,8.3467525496511,1.6170155662909287
172,31.132581857219538,23.812399355877616,10.93666129898014,1.737788513150832,1.5499194847020934,20.933977455716587,8.32662372517445,1.570048309178744
173,31.53515834675255,23.53059581320451,11.010466988727858,1.737788513150832,1.5499194847020934,20.75281803542673,8.313204508856682,1.570048309178744
174,31.49490069779925,23.416532474503487,10.983628556092324,1.737788513150832,1.3352120236178207,21.14868491680086,8.313204508856682,1.570048309178744
175,31.662640901771336,23.362855609232422,10.923242082662373,1.737788513150832,1.3352120236178207,21.095008051529792,8.313204508856682,1.570048309178744
176,31.729736983360173,23.329307568438004,10.923242082662373,1.737788513150832,1.3352120236178207,21.068169618894256,8.3064949006978,1.570048309178744
177,31.99141170155663,22.75228126677402,10.923242082662373,1.737788513150832,1.737788513150832,21.041331186258724,8.28636607622115,1.5297906602254427
178,32.078636607622116,22.423510466988727,10.923242082662373,1.737788513150832,2.046430488459474,20.974235104669887,8.28636607622115,1.5297906602254427
179,32.26650563607085,22.423510466988727,10.896403650026839,1.7176596886741815,2.01959205582394,20.86688137412775,8.279656468062266,1.5297906602254427
180,32.17928073000537,22.61808910359635,10.88298443370907,1.7176596886741815,2.01959205582394,20.79307568438003,8.259527643585615,1.5297906602254427
181,32.25979602791197,22.584541062801932,10.88298443370907,1.7176596886741815,2.01959205582394,20.779656468062264,8.259527643585615,1.4962426194310252
182,32.380568974771876,22.564412238325282,10.836017176596886,1.710950080515298,2.01959205582394,20.75281803542673,8.239398819108963,1.4962426194310252
183,32.43424584004294,22.530864197530864,10.836017176596886,1.710950080515298,2.01959205582394,20.73268921095008,8.239398819108963,1.4962426194310252
184,32.56172839506173,22.477187332259795,10.836017176596886,1.710950080515298,2.01959205582394,20.699141170155663,8.225979602791197,1.4694041867954912
185,32.830112721417066,22.34970477724101,10.809178743961352,1.710950080515298,2.01959205582394,20.618625872249062,8.199141170155663,1.4626945786366077
186,32.98443370907139,22.289318303811058,10.809178743961352,1.710950080515298,2.01959205582394,20.52469135802469,8.199141170155663,1.4626945786366077
187,33.10520665593129,22.249060654857757,10.768921095008052,1.710950080515298,2.01959205582394,20.517981749865807,8.199141170155663,1.42914653784219
188,32.588566827697264,21.786097691894792,10.68840579710145,1.710950080515298,2.006172839506173,21.752549651100377,8.038110574342458,1.42914653784219
189,32.769726247987116,21.692163177670423,10.68840579710145,1.710950080515298,2.006172839506173,21.66532474503489,8.038110574342458,1.42914653784219
190,32.991143317230275,21.611647879763822,10.674986580783683,1.710950080515298,2.006172839506173,21.557971014492754,8.017981749865807,1.42914653784219
191,33.279656468062264,21.470746108427267,10.641438539989265,1.6975308641975309,2.006172839506173,21.497584541062803,8.017981749865807,1.3888888888888888
192,33.4272678475577,21.410359634997317,10.641438539989265,1.6975308641975309,1.9860440150295222,21.430488459473967,8.017981749865807,1.3888888888888888
193,33.621846484165324,21.39694041867955,10.607890499194847,1.6774020397208802,1.9457863660762211,21.35668276972625,8.004562533548041,1.3888888888888888
194,34.31964573268921,21.24261943102523,10.144927536231885,1.6774020397208802,1.9457863660762211,21.28287707997853,7.997852925389157,1.3888888888888888
195,34.42699946323135,21.041331186258724,10.071121846484166,2.01959205582394,1.9457863660762211,21.121846484165324,7.98443370907139,1.3888888888888888
196,34.534353193773484,21.041331186258724,10.044283413848632,2.01959205582394,1.9457863660762211,21.068169618894256,7.957595276435856,1.3888888888888888
197,34.78260869565217,20.987654320987655,9.98389694041868,2.01959205582394,1.9390767579173376,20.947396672034355,7.950885668276973,1.3888888888888888
198,33.74932903918411,20.544820182501343,9.930220075147611,4.851046698872786,1.8048845947396672,19.880568974771872,7.85024154589372,1.3888888888888888
199,33.89023081052066,20.52469135802469,9.782608695652174,4.824208266237251,1.7981749865807837,19.826892109500804,7.96430488459474,1.3888888888888888
200,34.19216317767042,20.477724100912507,9.702093397745571,4.810789049919484,1.7981749865807837,19.692699946323135,7.937466451959206,1.3888888888888888
201,34.675254965110035,20.457595276435857,9.41358024691358,4.797369833601718,1.7981749865807837,19.53166935050993,7.937466451959206,1.3888888888888888
202,34.78931830381106,20.43075684380032,9.366612989801396,4.797369833601718,1.7981749865807837,19.53166935050993,7.897208803005904,1.3888888888888888
203,34.333064949006975,20.37037037037037,9.292807300053678,4.797369833601718,1.7981749865807837,18.927804616210413,9.091519055287172,1.3888888888888888
204,34.514224369296834,20.28985507246377,9.27938808373591,4.770531400966184,1.7981749865807837,18.914385399892645,9.064680622651638,1.3687600644122384
205,34.76918947933441,20.2361782071927,9.185453569511541,4.770531400966184,1.7847557702630166,18.86070853462158,9.024422973698336,1.3687600644122384
206,34.90338164251208,20.229468599033815,9.158615136876007,4.7638217928073,1.7847557702630166,18.773483628556093,9.017713365539452,1.3687600644122384
207,35.04428341384863,20.21604938271605,9.111647879763822,4.7638217928073,1.7847557702630166,18.706387546967257,9.004294149221685,1.3687600644122384
208,35.20531400966183,20.189210950080515,9.111647879763822,4.750402576489533,1.7847557702630166,18.632581857219538,8.957326892109501,1.3687600644122384
209,35.25228126677402,19.95437466451959,9.03113258185722,4.723564143853999,1.778046162104133,18.988191089640367,8.903650026838433,1.3687600644122384
210,34.15190552871712,19.061996779388085,8.984165324745035,4.656468062265164,1.7444981213097155,21.289586688137412,8.742619431025227,1.3687600644122384
211,34.74235104669887,18.92109500805153,8.923778851315083,4.656468062265164,1.7444981213097155,20.994363929146537,8.648684916800859,1.3687600644122384
212,34.876543209876544,18.887546967257112,8.917069243156199,4.656468062265164,1.7444981213097155,20.92055823939882,8.628556092324208,1.3687600644122384
213,35.01073537305421,18.874127750939344,8.883521202361782,4.636339237788513,1.7444981213097155,20.873590982286636,8.608427267847558,1.3687600644122384
214,35.07112184648417,18.840579710144926,8.856682769726248,4.636339237788513,1.7444981213097155,20.873590982286636,8.608427267847558,1.3687600644122384
215,35.32608695652174,18.69296833064949,8.856682769726248,4.636339237788513,1.737788513150832,20.799785292538918,8.581588835212024,1.3687600644122384
216,35.245571658615134,18.646001073537306,8.340042941492216,5.320719269994632,1.737788513150832,20.78636607622115,8.55475040257649,1.3687600644122384
217,35.52066559312936,18.572195383789587,8.299785292538916,5.24020397208803,1.737788513150832,20.705850778314545,8.55475040257649,1.3687600644122384
218,35.59447128287708,18.5654857756307,8.299785292538916,5.24020397208803,1.7310789049919484,20.679012345679013,8.521202361782072,1.3687600644122384
219,35.72195383789587,18.46484165324745,8.299785292538916,5.24020397208803,1.7310789049919484,20.652173913043477,8.521202361782072,1.3687600644122384
220,35.92324208266237,18.431293612453032,8.272946859903382,5.24020397208803,1.7310789049919484,20.645464304884594,8.487654320987655,1.2681159420289856
221,36.191626409017715,18.35077831454643,8.125335480407944,5.434782608695652,1.7310789049919484,20.551529790660226,8.427267847557703,1.1876006441223832
222,36.32581857219538,18.337359098228664,8.125335480407944,5.428073000536768,1.7310789049919484,20.437466451959207,8.427267847557703,1.1876006441223832
223,36.54723564143854,18.256843800322063,8.091787439613526,5.428073000536768,1.7310789049919484,20.356951154052602,8.400429414922169,1.1876006441223832
224,36.29898013955985,17.652979066022546,8.004562533548041,5.407944176060118,1.7310789049919484,20.148953301127214,9.567901234567902,1.1876006441223832
225,36.46672034353194,17.60601180891036,7.991143317230274,5.407944176060118,1.7310789049919484,20.075147611379496,9.567901234567902,1.1540526033279657
226,36.600912506709605,17.579173376274827,7.957595276435856,5.407944176060118,1.7310789049919484,20.041599570585078,9.5276435856146,1.1540526033279657
227,36.71497584541063,17.538915727321523,7.957595276435856,5.407944176060118,1.7310789049919484,20.00805152979066,9.494095544820183,1.1473429951690821
228,36.963231347289316,17.418142780461622,7.9106280193236715,5.407944176060118,1.7310789049919484,19.940955448201827,9.480676328502415,1.1473429951690821
229,37.05716586151369,17.384594739667204,7.890499194847021,5.407944176060118,1.7310789049919484,19.900697799248523,9.480676328502415,1.1473429951690821
230,37.23832528180354,17.324208266237253,7.863660762211487,5.407944176060118,1.556629092860977,19.826892109500804,9.64170692431562,1.1406333870101986
231,37.41277509393451,17.250402576489535,7.863660762211487,5.381105743424584,1.556629092860977,19.766505636070853,9.628287707997853,1.1406333870101986
232,37.62748255501879,17.23027375201288,7.856951154052603,5.381105743424584,1.5297906602254427,19.652442297369834,9.581320450885668,1.1406333870101986
233,37.775093934514224,17.176596886741816,7.836822329575953,5.381105743424584,1.5297906602254427,19.605475040257648,9.554482018250134,1.1406333870101986
234,38.32528180354267,17.10950080515298,7.796564680622652,5.367686527106817,1.4962426194310252,19.236446591519055,9.5276435856146,1.1406333870101986
235,38.506441223832525,17.10950080515298,7.742887815351583,5.307300053676865,1.4962426194310252,19.209608158883523,9.4873859366613,1.1406333870101986
236,38.60708534621578,17.08937198067633,7.729468599033816,5.186527106816962,1.6438539989264627,19.155931293612454,9.447128287707997,1.1406333870101986
237,38.49302200751476,17.082662372517444,7.729468599033816,5.528717122920021,1.6304347826086956,18.968062265163713,9.426999463231347,1.1406333870101986
238,38.5601180891036,17.042404723564143,7.716049382716049,5.756843800322061,1.6304347826086956,18.9345142243693,9.219001610305957,1.1406333870101986
239,38.64734299516908,16.97530864197531,7.716049382716049,5.756843800322061,1.6304347826086956,18.927804616210413,9.205582393988191,1.1406333870101986
240,38.77482555018787,16.968599033816425,7.702630166398282,5.756843800322061,1.6304347826086956,18.820450885668276,9.205582393988191,1.1406333870101986
241,38.83521202361782,16.921631776704242,7.702630166398282,5.756843800322061,1.6304347826086956,18.813741277509394,9.198872785829307,1.1406333870101986
242,38.92243692968331,16.888083735909824,7.6556629092860975,5.756843800322061,1.6304347826086956,18.813741277509394,9.192163177670425,1.1406333870101986
243,39.02308105206656,16.881374127750938,7.628824476650563,5.71658615136876,1.6170155662909287,18.800322061191626,9.192163177670425,1.1406333870101986
244,39.14385399892646,16.80756843800322,7.62211486849168,5.6964573268921095,1.6170155662909287,18.800322061191626,9.172034353193773,1.1406333870101986
245,39.33843263553408,16.75389157273215,7.601986044015029,5.6964573268921095,1.6170155662909287,18.726516371443907,9.131776704240472,1.133923778851315
246,39.472624798711756,16.666666666666668,7.555018786902845,5.6964573268921095,1.6170155662909287,18.726516371443907,9.131776704240472,1.133923778851315
247,39.69404186795491,16.6532474503489,7.555018786902845,5.689747718733226,1.6170155662909287,18.686258722490606,8.970746108427267,1.133923778851315
248,40.042941492216855,16.532474503488995,7.521470746108427,5.642780461621041,1.7713365539452497,18.53864734299517,8.836553945249598,1.1137949543746646
249,40.11003757380569,16.532474503488995,7.48792270531401,5.642780461621041,1.7713365539452497,18.50509930220075,8.836553945249598,1.1137949543746646
250,40.284487385936664,16.492216854535695,7.461084272678476,5.60252281266774,1.7713365539452497,18.451422436929683,8.82313472893183,1.1137949543746646
251,40.284487385936664,16.492216854535695,7.461084272678476,5.60252281266774,1.7713365539452497,18.451422436929683,8.82313472893183,1.1137949543746646
252,40.552871712292,16.438539989264626,7.434245840042942,5.589103596349974,1.7579173376274826,18.33064949006978,8.78287707997853,1.1137949543746646
253,40.727321524422976,16.411701556629094,7.434245840042942,5.441492216854535,1.7579173376274826,18.33064949006978,8.78287707997853,1.1137949543746646
254,41.035963499731615,16.223832528180353,7.434245840042942,5.401234567901234,1.7579173376274826,18.250134192163177,8.78287707997853,1.1137949543746646
255,41.257380568974774,16.089640365002683,7.407407407407407,5.401234567901234,1.7579173376274826,18.189747718733226,8.78287707997853,1.1137949543746646
256,41.59286097691895,15.96886741814278,7.39398819108964,5.347557702630167,1.7579173376274826,18.089103596349972,8.735909822866345,1.1137949543746646
257,41.700214707461086,15.921900161030596,7.360440150295223,5.347557702630167,1.7579173376274826,18.089103596349972,8.709071390230811,1.1137949543746646
258,42.008856682769725,15.874932903918411,7.25979602791197,5.320719269994632,1.737788513150832,18.04884594739667,8.635265700483092,1.1137949543746646
259,42.19672571121846,15.874932903918411,7.25979602791197,5.260332796564681,1.737788513150832,17.921363392377884,8.635265700483092,1.1137949543746646
260,42.12292002147075,15.83467525496511,6.944444444444445,5.71658615136876,1.7176596886741815,17.914653784219002,8.635265700483092,1.1137949543746646
261,42.210144927536234,15.801127214170693,6.937734836285561,5.703166935050993,1.7176596886741815,17.887815351583466,8.628556092324208,1.1137949543746646
262,42.47181964573269,15.794417606011809,6.937734836285561,5.58239398819109,1.7176596886741815,17.881105743424584,8.521202361782072,1.093666129898014
263,42.572463768115945,15.754159957058508,6.937734836285561,5.58239398819109,1.7176596886741815,17.820719269994633,8.521202361782072,1.093666129898014
264,42.652979066022546,15.653515834675256,7.212828770799785,5.508588298443371,1.710950080515298,17.807300053676865,8.360171765968868,1.093666129898014
265,42.881105743424584,15.653515834675256,7.152442297369833,5.4616210413311865,1.6572732152442298,17.807300053676865,8.293075684380032,1.093666129898014
266,42.901234567901234,15.579710144927537,7.139023081052066,5.683038110574342,1.6304347826086956,17.67981749865808,8.293075684380032,1.093666129898014
267,41.76060118089104,15.579710144927537,7.125603864734299,5.683038110574342,1.6304347826086956,15.237520128824476,12.084004294149223,0.8990874932903918
268,42.08266237251745,15.5126140633387,7.125603864734299,5.656199677938808,1.6304347826086956,15.03623188405797,12.057165861513688,0.8990874932903918
269,41.91492216854536,15.505904455179817,7.125603864734299,5.897745571658615,1.6304347826086956,14.942297369833602,12.084004294149223,0.8990874932903918
270,41.908212560386474,15.479066022544284,6.743156199677939,6.421095008051529,1.596886741814278,14.908749329039184,12.04374664519592,0.8990874932903918
271,41.948470209339774,15.479066022544284,6.743156199677939,6.380837359098229,1.596886741814278,14.908749329039184,12.04374664519592,0.8990874932903918
272,41.99543746645196,15.465646806226516,6.743156199677939,6.353998926462695,1.596886741814278,14.908749329039184,12.037037037037036,0.8990874932903918
273,42.169887278582934,15.371712292002147,6.702898550724638,6.353998926462695,1.596886741814278,14.9020397208803,12.00348899624262,0.8990874932903918
274,42.31749865807837,15.304616210413311,6.702898550724638,6.353998926462695,1.596886741814278,14.875201288244767,11.949812130971551,0.8990874932903918
275,42.250402576489535,15.277777777777779,7.192699946323135,6.005099302200751,1.583467525496511,14.841653247450349,11.949812130971551,0.8990874932903918
276,42.41814278046162,15.230810520665592,7.192699946323135,5.984970477724101,1.5767579173376274,14.781266774020397,11.916264090177133,0.8990874932903918
277,42.68652710681696,15.13016639828234,7.192699946323135,5.891035963499732,1.5767579173376274,14.76784755770263,11.916264090177133,0.8387010198604401
278,43.08239398819109,14.774557165861514,7.1658615136876005,5.891035963499732,1.5767579173376274,14.76784755770263,11.902844873859367,0.8387010198604401
279,43.21658615136876,14.754428341384862,7.440955448201825,5.870907139023081,1.5767579173376274,14.526301663982823,11.77536231884058,0.8387010198604401
280,43.344068706387546,14.754428341384862,7.440955448201825,5.850778314546431,1.5767579173376274,14.526301663982823,11.668008588298443,0.8387010198604401
281,43.51851851851852,14.754428341384862,7.39398819108964,5.8172302737520125,1.5767579173376274,14.452495974235104,11.647879763821793,0.8387010198604401
282,43.53864734299517,14.741009125067096,7.39398819108964,5.8172302737520125,1.5767579173376274,14.445786366076222,11.647879763821793,0.8387010198604401
283,43.69296833064949,14.673913043478262,7.353730542136339,5.797101449275362,1.570048309178744,14.371980676328503,11.701556629092861,0.8387010198604401
284,43.86070853462158,14.660493827160494,7.353730542136339,5.776972624798712,1.570048309178744,14.331723027375201,11.60762211486849,0.8387010198604401
285,43.88083735909823,14.640365002683843,7.353730542136339,5.776972624798712,1.570048309178744,14.331723027375201,11.60762211486849,0.8387010198604401
286,44.04186795491143,14.606816961889425,7.347020933977456,5.776972624798712,1.570048309178744,14.31159420289855,11.506977992485238,0.8387010198604401
