,45,50,52,53,51,54,55,57,56,58,60,59
0,97.53086419753086,2.4691358024691357,,,,,,,,,,
1,96.43048845947396,3.569511540526033,,,,,,,,,,
2,91.50563607085346,8.494363929146537,,,,,,,,,,
3,91.45866881374128,8.541331186258722,,,,,,,,,,
4,90.93531937734836,9.064680622651638,,,,,,,,,,
5,87.86902844873859,12.130971551261407,,,,,,,,,,
6,85.55421363392378,14.412238325281804,0.03354804079441761,,,,,,,,,
7,85.2589908749329,14.579978529253891,0.1610305958132045,,,,,,,,,
8,85.27241009125068,13.251476113794954,0.1610305958132045,1.3150831991411702,,,,,,,,
9,85.20531400966183,13.331991411701557,0.1610305958132045,1.3016639828234031,,,,,,,,
10,81.2265163714439,17.351046698872786,0.1610305958132045,1.261406333870102,,,,,,,,
11,75.14090177133656,23.43666129898014,0.1610305958132045,1.261406333870102,,,,,,,,
12,75.22141706924316,23.356146001073537,0.1610305958132045,1.261406333870102,,,,,,,,
13,73.32259796027913,25.120772946859905,0.1610305958132045,1.247987117552335,0.14761137949543746,,,,,,,
14,73.63794954374664,24.812130971551262,0.1610305958132045,1.2412775093934514,0.14761137949543746,,,,,,,
15,72.77241009125068,25.51663982823403,0.1610305958132045,1.2412775093934514,0.14761137949543746,0.11406333870101985,0.04696725711218465,,,,,
16,72.85963499731616,25.429414922168544,0.1610305958132045,1.2412775093934514,0.14761137949543746,0.11406333870101985,0.04696725711218465,,,,,
17,72.92002147074611,25.369028448738593,0.1610305958132045,1.2412775093934514,0.14761137949543746,0.11406333870101985,0.04696725711218465,,,,,
18,72.98040794417606,25.228126677402038,0.1610305958132045,1.3217928073000538,0.14761137949543746,0.11406333870101985,0.04696725711218465,,,,,
19,71.97396672034353,23.087761674718198,0.1610305958132045,1.3217928073000538,3.294417606011809,0.11406333870101985,0.04696725711218465,,,,,
20,72.22222222222223,22.906602254428343,0.15432098765432098,1.3016639828234031,3.2541599570585076,0.11406333870101985,0.04696725711218465,,,,,
21,72.08803005904456,23.087761674718198,0.15432098765432098,1.2815351583467525,3.227321524422974,0.11406333870101985,0.04696725711218465,,,,,
22,62.11755233494364,32.9374664519592,0.15432098765432098,1.402308105206656,3.227321524422974,0.11406333870101985,0.04696725711218465,,,,,
23,62.39264626945786,32.447665056360705,0.15432098765432098,1.402308105206656,3.1199677938808374,0.11406333870101985,0.36902844873859364,,,,,
24,61.56736446591519,33.15217391304348,0.2885131508319914,1.3888888888888888,3.1199677938808374,0.11406333870101985,0.36902844873859364,,,,,
25,61.7686527106817,32.75630703166935,0.33548040794417605,1.3888888888888888,3.0864197530864197,0.2952227589908749,0.36902844873859364,,,,,
26,59.99060654857756,31.199677938808374,0.644122383252818,1.3754696725711217,6.125872249060655,0.2952227589908749,0.36902844873859364,,,,,
27,59.896672034353195,31.219806763285025,0.630703166935051,1.3754696725711217,6.260064412238325,0.24825550187869028,0.36902844873859364,,,,,
28,59.816156736446594,31.387546967257112,0.630703166935051,1.3754696725711217,6.172839506172839,0.24825550187869028,0.36902844873859364,,,,,
29,59.916800858829845,31.320450885668276,0.630703166935051,1.3553408480944713,6.159420289855072,0.24825550187869028,0.36902844873859364,,,,,
30,60.238862050456255,31.0252281266774,0.630703166935051,1.3553408480944713,6.132581857219538,0.24825550187869028,0.36902844873859364,,,,,
31,42.55904455179817,49.69806763285024,0.630703166935051,1.2010198604401503,5.300590445517981,0.24825550187869028,0.36231884057971014,,,,,
32,40.00939345142244,52.11352657004831,0.6038647342995169,1.3083735909822867,5.213365539452496,0.24154589371980675,0.5099302200751477,,,,,
33,40.33145464304884,50.738056897477186,0.6038647342995169,1.3083735909822867,5.193236714975845,0.24154589371980675,1.583467525496511,,,,,
34,40.53274288781535,50.60386473429951,0.6038647342995169,1.3083735909822867,5.132850241545894,0.24154589371980675,1.5767579173376274,,,,,
35,40.88835212023618,50.067096081588836,0.5971551261406334,1.3016639828234031,5.119431025228127,0.38915727321524424,1.6371443907675791,,,,,
36,41.297638217928075,49.584004294149224,0.5837359098228664,1.3016639828234031,5.10601180891036,0.3824476650563607,1.7444981213097155,,,,,
37,41.659957058507786,49.08749329039184,0.5837359098228664,1.3016639828234031,5.10601180891036,0.3824476650563607,1.8786902844873858,,,,,
38,41.86795491143317,48.14143853998927,0.5837359098228664,2.147074610842727,5.052334943639291,0.3824476650563607,1.8250134192163177,,,,,
39,31.387546967257112,60.75550187869028,0.5837359098228664,0.18115942028985507,5.032206119162641,0.3824476650563607,1.6774020397208802,,,,,
40,31.850509930220074,60.31266774020397,0.5568974771873323,0.18115942028985507,5.038915727321524,0.3824476650563607,1.6774020397208802,,,,,
41,31.910896403650028,58.682232957595275,0.5367686527106817,0.18115942028985507,5.038915727321524,1.9726247987117553,1.6774020397208802,,,,,
42,32.14573268921095,58.10520665593129,0.5367686527106817,0.18115942028985507,5.038915727321524,2.0263016639828235,1.9659151905528718,,,,,
43,32.19940955448202,57.024959742351044,0.5367686527106817,0.18115942028985507,5.005367686527107,2.01959205582394,3.0327428878153517,,,,,
44,32.588566827697264,56.5955448201825,0.5367686527106817,0.18115942028985507,4.918142780461621,2.0128824476650564,3.166935050993022,,,,,
45,32.347020933977454,48.450080515297905,8.930488459473967,0.18115942028985507,4.911433172302737,2.0128824476650564,3.166935050993022,,,,,
46,32.085346215781,47.114868491680085,8.896940418679549,1.778046162104133,4.8443370907139025,1.778046162104133,3.502415458937198,,,,,
47,29.09286097691895,39.412238325281805,8.735909822866345,1.778046162104133,16.921631776704242,1.724369296833065,2.3349436392914655,,,,,
48,29.56924315619968,39.14385399892646,8.695652173913043,1.778046162104133,16.780730005367687,1.724369296833065,2.3081052066559313,,,,,
49,29.750402576489535,38.26489533011272,8.581588835212024,1.778046162104133,16.6532474503489,2.6637144390767578,2.3081052066559313,,,,,
50,30.05233494363929,37.70799785292539,8.876811594202898,1.7444981213097155,16.626409017713364,2.6637144390767578,2.2745571658615136,0.05367686527106817,,,,
51,30.44820182501342,37.546967257112186,8.776167471819646,1.7176596886741815,16.451959205582394,2.6637144390767578,2.2745571658615136,0.05367686527106817,0.06709608158883522,,,
52,30.817230273752013,37.21819645732689,8.709071390230811,1.7176596886741815,16.25738056897477,2.636876006441224,2.3617820719269993,0.05367686527106817,0.2281266774020397,,,
53,31.072195383789587,35.80246913580247,8.682232957595277,1.710950080515298,16.1231884057971,3.549382716049383,2.791196994095545,0.040257648953301126,0.2281266774020397,,,
54,31.367418142780462,34.997316156736446,8.581588835212024,4.092860976918948,14.49946323134729,3.33467525496511,2.737520128824477,0.1610305958132045,0.2281266774020397,,,
55,32.07192699946323,33.756038647343,8.55475040257649,3.92512077294686,14.40552871712292,3.180354267310789,3.603059581320451,0.27509393451422437,0.2281266774020397,,,
56,32.48121309715513,33.621846484165324,8.501073537305421,3.864734299516908,13.493022007514762,3.965378421900161,3.569511540526033,0.27509393451422437,0.2281266774020397,,,
57,32.15244229736983,32.669082125603865,8.494363929146537,2.5295222758990876,17.156468062265162,3.1333870101986045,3.5426731078904994,0.1610305958132045,0.1610305958132045,,,
58,32.59527643585615,32.49463231347289,8.440687063875469,2.5026838432635534,17.07595276435856,2.932098765432099,3.6500268384326353,0.1610305958132045,0.14761137949543746,,,
59,32.23966720343532,31.642512077294686,7.87037037037037,2.462426194310252,18.075684380032207,2.918679549114332,4.4820182501341925,0.1610305958132045,0.14761137949543746,,,
60,32.15244229736983,30.555555555555557,7.87037037037037,2.120236178207193,19.679280730005367,2.898550724637681,4.414922168545357,0.1610305958132045,0.14761137949543746,,,
61,32.360440150295226,30.280461621041333,7.769726247987117,2.3617820719269993,19.578636607622116,2.885131508319914,4.327697262479871,0.1610305958132045,0.27509393451422437,,,
62,32.9777241009125,30.119431025228128,7.628824476650563,2.3617820719269993,19.39747718733226,2.831454643048846,4.247181964573269,0.1610305958132045,0.27509393451422437,,,
63,33.66881374127751,29.898013955984972,7.306763285024155,2.3617820719269993,19.290123456790123,2.804616210413312,4.247181964573269,0.1610305958132045,0.2616747181964573,,,
64,33.742619431025226,29.851046698872786,7.246376811594203,2.3617820719269993,19.33709071390231,2.791196994095545,4.247181964573269,0.1610305958132045,0.2616747181964573,,,
65,34.01771336553945,29.736983360171767,7.212828770799785,2.3617820719269993,19.28341384863124,2.7442297369833604,4.2203435319377345,0.1610305958132045,0.2616747181964573,,,
66,32.88378958668814,28.28099838969404,9.400161030595813,3.8714439076757916,18.57890499194847,2.7442297369833604,3.8177670424047236,0.1610305958132045,0.2616747181964573,,,
67,33.40713902308105,28.113258185721953,9.31964573268921,3.8378958668813743,18.411164787976382,2.7106816961889426,3.7775093934514223,0.1610305958132045,0.2616747181964573,,,
68,33.722490606548575,27.905260332796566,9.272678475577026,3.8177670424047236,18.377616747181964,2.703972088030059,3.743961352657005,0.19457863660762212,0.2616747181964573,,,
69,34.084809447128286,27.710681696188942,9.225711218464841,3.8043478260869565,18.276972624798713,2.703972088030059,3.7372517444981215,0.19457863660762212,0.2616747181964573,,,
70,34.38003220611916,27.576489533011273,9.219001610305957,3.7775093934514223,18.136070853462158,2.703972088030059,3.7037037037037037,0.19457863660762212,0.30864197530864196,,,
71,34.74906065485776,27.449006977992486,9.057971014492754,3.7573805689747717,18.169618894256576,2.6637144390767578,3.6768652710681695,0.19457863660762212,0.28180354267310787,,,
72,34.715512614063336,27.355072463768117,9.722222222222221,3.7573805689747717,17.52549651100376,2.6637144390767578,3.6768652710681695,0.19457863660762212,0.38915727321524424,,,
73,34.98389694041868,27.294685990338163,9.621578099838969,3.7372517444981215,17.290660225442835,2.6637144390767578,3.5829307568438002,0.2616747181964573,0.5636070853462157,,,
74,35.33279656468062,27.18733225979603,9.608158883521202,3.6768652710681695,17.122920021470748,2.657004830917874,3.589640365002684,0.2616747181964573,0.5636070853462157,,,
75,35.547504025764894,27.13365539452496,9.534353193773484,3.670155662909286,16.472088030059044,2.6435856146001075,4.206924315619967,0.2281266774020397,0.5636070853462157,,,
76,35.94337090713902,26.764626945786365,9.346484165324744,3.6634460547504024,16.371443907675793,2.5966183574879227,4.260601180891036,0.20799785292538917,0.8454106280193237,,,
77,26.99946323134729,35.990338164251206,9.138486312399356,3.4957058507783145,15.445517981749866,2.475845410628019,5.401234567901234,0.20799785292538917,0.8454106280193237,,,
78,25.49651100375738,34.48067632850242,13.593666129898015,3.4621578099838968,15.58641975308642,1.3352120236178207,5.112721417069243,0.08722490606548577,0.8454106280193237,,,
79,26.03327965646806,33.7157809983897,13.526570048309178,3.4621578099838968,15.35829307568438,1.5163714439076759,5.46833064949007,0.08722490606548577,0.8319914117015567,,,
80,26.341921631776703,33.50107353730542,13.479602791196994,3.4621578099838968,15.28448738593666,1.5767579173376274,5.441492216854535,0.08722490606548577,0.8252818035426731,,,
81,9.796027911969942,81.89747718733226,1.778046162104133,1.3955984970477724,1.42914653784219,1.1137949543746646,2.5697799248523885,0.020128824476650563,,,,
82,9.27938808373591,82.46779388083736,1.778046162104133,1.3821792807300053,1.42914653784219,1.107085346215781,2.536231884057971,0.020128824476650563,,,,
83,9.930220075147611,80.88432635534085,1.778046162104133,1.3821792807300053,1.415727321524423,1.0735373054213635,3.515834675254965,0.020128824476650563,,,,
84,10.064412238325282,80.38110574342458,2.7442297369833604,1.3553408480944713,0.9125067096081588,1.0064412238325282,3.515834675254965,0.020128824476650563,,,,
85,11.017176596886742,79.5155662909286,2.690552871712292,1.3553408480944713,0.9125067096081588,0.9930220075147611,3.4957058507783145,0.020128824476650563,,,,
86,11.500268384326356,79.0727321524423,2.690552871712292,1.3553408480944713,0.9057971014492754,0.9863123993558777,3.4688674181427803,0.020128824476650563,,,,
87,12.030327428878154,78.44202898550725,2.690552871712292,1.3553408480944713,0.9057971014492754,0.9863123993558777,3.5091250670960816,0.013419216317767043,,0.06709608158883522,,
88,12.016908212560386,72.32957595276436,2.690552871712292,7.37385936661299,0.9057971014492754,0.9863123993558777,3.616478797638218,0.013419216317767043,,0.06709608158883522,,
89,12.721417069243156,71.75925925925925,2.6838432635534084,7.300053676865271,0.8990874932903918,0.9796027911969941,3.5762211486849167,0.013419216317767043,,0.06709608158883522,,
90,13.036768652710682,69.57192699946323,2.6704240472356413,7.548309178743962,0.8856682769726248,0.9796027911969941,5.226784755770263,0.013419216317767043,,0.06709608158883522,,
91,13.372249060654857,69.4243156199678,2.6301663982823404,7.454374664519592,0.8588298443370908,1.0265700483091786,5.152979066022544,0.013419216317767043,,0.06709608158883522,,
92,13.895598497047773,69.04186795491144,2.6301663982823404,7.4006977992485234,0.8319914117015567,1.0265700483091786,5.092592592592593,0.013419216317767043,,0.06709608158883522,,
93,13.92914653784219,62.567096081588836,2.623456790123457,7.340311325818572,0.8252818035426731,1.0198604401502953,11.614331723027375,0.013419216317767043,,0.06709608158883522,,
94,14.53972088030059,61.922973698336016,2.576489533011272,7.2933440687063875,0.8252818035426731,1.0131508319914118,11.748523886205046,0.013419216317767043,,0.06709608158883522,,
95,15.076489533011273,61.35265700483092,2.636876006441224,7.27992485238862,0.8252818035426731,1.0131508319914118,11.735104669887278,0.013419216317767043,,0.06709608158883522,,
96,15.633387010198604,60.70182501341922,2.6167471819645733,7.253086419753086,0.8185721953837896,1.0131508319914118,11.882716049382717,0.013419216317767043,,0.06709608158883522,,
97,15.324745034889963,54.139828234031135,10.379763821792807,7.058507783145465,0.8185721953837896,1.0131508319914118,10.997047772410092,0.013419216317767043,,0.2549651100375738,,
98,15.935319377348362,53.64331723027375,10.299248523886206,7.058507783145465,0.8185721953837896,1.0131508319914118,10.963499731615673,0.013419216317767043,,0.2549651100375738,,
99,16.33118625872249,53.40177133655394,10.272410091250672,7.004830917874396,0.8185721953837896,1.0131508319914118,10.889694041867955,0.013419216317767043,,0.2549651100375738,,
100,16.639828234031132,51.64385399892646,10.037573805689748,9.96376811594203,0.9393451422436929,0.9997316156736447,9.400161030595813,0.12077294685990338,,0.2549651100375738,,
101,17.03569511540526,49.97987117552335,9.997316156736447,10.198604401502953,0.9393451422436929,0.9997316156736447,10.473698336017177,0.12077294685990338,,0.2549651100375738,,
102,17.498658078368223,49.15458937198068,9.809447128287708,10.131508319914117,0.9393451422436929,0.9728931830381106,10.856146001073537,0.12077294685990338,0.2616747181964573,0.2549651100375738,,
103,17.807300053676865,49.013687600644126,9.722222222222221,10.077831454643048,0.9393451422436929,0.9728931830381106,10.829307568438002,0.12077294685990338,0.2616747181964573,0.2549651100375738,,
104,18.035426731078903,47.57783145464305,9.675254965110037,10.00402576489533,0.9393451422436929,2.13365539452496,10.997047772410092,0.12077294685990338,0.2616747181964573,0.2549651100375738,,
105,18.10252281266774,45.28314546430489,9.628287707997853,9.997316156736447,0.9393451422436929,2.13365539452496,12.104133118625873,0.12077294685990338,1.4358561460010735,0.2549651100375738,,
106,18.65271068169619,44.97450348899624,9.608158883521202,9.896672034353195,0.9393451422436929,2.1135265700483092,12.00348899624262,0.12077294685990338,1.4358561460010735,0.2549651100375738,,
107,18.988191089640367,44.00831991411702,9.54777241009125,9.970477724100913,0.9393451422436929,2.0933977455716586,12.775093934514224,0.12077294685990338,1.3016639828234031,0.2549651100375738,,
108,19.524959742351047,43.72651637144391,9.460547504025765,9.829575952764358,0.9393451422436929,2.073268921095008,12.654320987654321,0.12077294685990338,1.2949543746645196,0.2549651100375738,0.12077294685990338,
109,19.89398819108964,43.552066559312934,9.420289855072463,9.762479871175524,0.9326355340848095,2.059849704777241,12.587224906065487,0.12077294685990338,1.2949543746645196,0.2549651100375738,0.12077294685990338,
110,20.531400966183575,43.21658615136876,9.339774557165862,9.588030059044552,0.9326355340848095,2.059849704777241,12.553676865271068,0.12077294685990338,1.2815351583467525,0.2549651100375738,0.12077294685990338,
111,21.329844337090712,42.78046162104133,9.178743961352657,9.46725711218465,0.9326355340848095,2.059849704777241,12.486580783682234,0.10735373054213634,1.2815351583467525,0.2549651100375738,0.12077294685990338,
112,21.631776704240472,42.51878690284487,9.158615136876007,9.460547504025765,0.9192163177670424,2.059849704777241,12.352388620504563,0.24154589371980675,1.2815351583467525,0.2549651100375738,0.12077294685990338,
113,21.410359634997317,40.83467525496511,11.003757380568974,9.339774557165862,0.9192163177670424,2.059849704777241,12.553676865271068,0.2214170692431562,1.2815351583467525,0.2549651100375738,0.12077294685990338,
114,21.26945786366076,39.34514224369297,10.621309715512615,9.245840042941492,0.9192163177670424,4.253891572732153,12.47987117552335,0.20799785292538917,1.2815351583467525,0.2549651100375738,0.12077294685990338,
115,21.604938271604937,39.15727321524423,10.540794417606012,9.192163177670425,0.9192163177670424,4.146537842190016,12.406065485775631,0.2683843263553409,1.2815351583467525,0.36231884057971014,0.12077294685990338,
116,21.658615136876005,37.875738056897475,10.413311862587225,8.380300590445518,0.9192163177670424,4.0995705850778315,14.63365539452496,0.2683843263553409,1.2815351583467525,0.3488996242619431,0.12077294685990338,
117,22.18196457326892,37.432903918411164,10.339506172839506,8.36688137412775,0.9192163177670424,4.05931293612453,14.714170692431562,0.2683843263553409,1.2815351583467525,0.3153515834675255,0.12077294685990338,
118,22.69189479334407,37.15780998389694,10.218733225979603,8.36688137412775,0.9192163177670424,4.052603327965647,14.492753623188406,0.2683843263553409,1.3955984970477724,0.3153515834675255,0.12077294685990338,
119,23.07434245840043,36.89613526570049,10.21202361782072,8.353462157809984,0.9192163177670424,4.052603327965647,14.392109500805153,0.2683843263553409,1.3955984970477724,0.3153515834675255,0.12077294685990338,
120,23.55072463768116,36.67471819645733,10.138217928073,8.266237251744498,0.9192163177670424,4.052603327965647,14.318303811057435,0.2683843263553409,1.3955984970477724,0.2952227589908749,0.12077294685990338,
121,23.8191089640365,36.520397208803004,10.111379495437467,8.232689210950081,0.9192163177670424,4.032474503488996,14.2914653784219,0.2683843263553409,1.3888888888888888,0.2952227589908749,0.12077294685990338,
122,24.14787976382179,36.41304347826087,10.091250670960816,7.96430488459474,0.9192163177670424,4.032474503488996,14.184111647879764,0.2683843263553409,1.3419216317767042,0.5233494363929146,0.11406333870101985,
123,24.4296833064949,35.40660225442834,9.990606548577563,7.883789586688137,0.9192163177670424,5.723295759527644,13.405797101449275,0.2683843263553409,1.3352120236178207,0.5233494363929146,0.11406333870101985,
124,24.496779388083738,34.628287707997856,9.71551261406334,8.340042941492216,0.9192163177670424,6.508319914117015,13.16425120772947,0.2549651100375738,1.3352120236178207,0.5233494363929146,0.11406333870101985,
125,24.838969404186795,34.42028985507246,9.66183574879227,8.28636607622115,0.9192163177670424,6.488191089640365,13.157541599570585,0.2549651100375738,1.3352120236178207,0.5233494363929146,0.11406333870101985,
126,25.147611379495437,34.31964573268921,9.628287707997853,8.246108427267847,0.9057971014492754,6.414385399892646,13.110574342458401,0.2549651100375738,1.3352120236178207,0.5233494363929146,0.11406333870101985,
127,25.563607085346217,34.09822866344606,9.628287707997853,8.185721953837897,0.9057971014492754,6.327160493827161,13.063607085346217,0.2549651100375738,1.3352120236178207,0.5233494363929146,0.11406333870101985,
128,26.006441223832528,33.8768115942029,9.554482018250134,8.185721953837897,0.9057971014492754,6.199677938808374,13.097155126140633,0.2549651100375738,1.2815351583467525,0.5233494363929146,0.11406333870101985,
129,26.455984970477726,33.722490606548575,9.473966720343531,8.145464304884594,0.9057971014492754,6.179549114331723,12.97638217928073,0.2214170692431562,1.2815351583467525,0.5233494363929146,0.11406333870101985,
130,26.710950080515296,33.51449275362319,9.453837895866881,8.11862587224906,0.9057971014492754,6.206387546967257,12.962962962962964,0.2214170692431562,1.2815351583467525,0.5099302200751477,0.11406333870101985,
131,27.059849704777243,33.19243156199678,9.333064949006978,8.11862587224906,0.8789586688137413,6.152710681696189,13.157541599570585,0.2214170692431562,1.2815351583467525,0.48980139559849706,0.11406333870101985,
132,27.254428341384862,33.051529790660226,9.29951690821256,8.11862587224906,0.8789586688137413,6.105743424584004,13.157541599570585,0.2214170692431562,1.2681159420289856,0.48980139559849706,0.11406333870101985,0.040257648953301126
133,27.72410091250671,32.83682232957595,9.212292002147075,8.091787439613526,0.8789586688137413,6.085614600107354,13.036768652710682,0.2214170692431562,1.2681159420289856,0.48980139559849706,0.11406333870101985,0.040257648953301126
134,28.012614063338702,32.71604938271605,9.125067096081589,8.07836822329576,0.8722490606548577,5.9447128287707995,12.97638217928073,0.2214170692431562,1.2681159420289856,0.630703166935051,0.11406333870101985,0.040257648953301126
135,27.985775630703166,32.58185721953838,9.03113258185722,8.071658615136876,0.8722490606548577,5.924584004294149,13.150831991411701,0.3488996242619431,1.247987117552335,0.630703166935051,0.11406333870101985,0.040257648953301126
136,28.35480407944176,32.26650563607085,8.910359634997317,8.454106280193237,0.8722490606548577,5.864197530864198,12.895866881374127,0.3488996242619431,1.247987117552335,0.630703166935051,0.11406333870101985,0.040257648953301126
137,28.764090177133657,31.870638754696724,8.84326355340848,8.400429414922169,0.8722490606548577,5.864197530864198,13.003220611916264,0.3488996242619431,1.247987117552335,0.630703166935051,0.11406333870101985,0.040257648953301126
138,28.32125603864734,30.709876543209877,8.80300590445518,10.071121846484166,0.6508319914117016,5.83064949006978,13.231347289318304,0.3488996242619431,1.247987117552335,0.630703166935051,0.11406333870101985,0.040257648953301126
139,28.59634997316157,30.595813204508858,8.769457863660762,9.88996242619431,0.6508319914117016,5.709876543209877,13.123993558776167,0.3488996242619431,1.247987117552335,0.9125067096081588,0.11406333870101985,0.040257648953301126
140,28.247450348899623,31.105743424584006,8.742619431025227,9.822866344605474,0.6105743424584005,5.6964573268921095,13.110574342458401,0.3488996242619431,1.247987117552335,0.9125067096081588,0.11406333870101985,0.040257648953301126
141,28.388352120236178,30.991680085882983,8.588298443370908,10.393183038110575,0.6105743424584005,5.662909286097692,12.634192163177671,0.41599570585077833,1.247987117552335,0.9125067096081588,0.11406333870101985,0.040257648953301126
142,28.723832528180353,30.69645732689211,8.548040794417606,10.373054213633925,0.6105743424584005,5.636070853462158,12.694578636607622,0.4025764895330113,1.247987117552335,0.9125067096081588,0.11406333870101985,0.040257648953301126
143,28.965378421900162,30.629361245303276,8.507783145464305,10.420021470746109,0.5971551261406334,5.622651637144391,12.674449812130971,0.4025764895330113,1.1272141706924315,0.8990874932903918,0.11406333870101985,0.040257648953301126
144,29.1532474503489,30.48845947396672,8.467525496511003,10.352925389157273,0.5971551261406334,5.683038110574342,12.694578636607622,0.39586688137412773,1.1272141706924315,0.8856682769726248,0.11406333870101985,0.040257648953301126
145,29.2337627482555,30.401234567901234,8.293075684380032,10.63472893183038,0.5904455179817498,5.629361245303274,12.654320987654321,0.39586688137412773,1.1272141706924315,0.8856682769726248,0.11406333870101985,0.040257648953301126
146,29.49543746645196,30.320719269994633,8.279656468062266,10.581052066559312,0.5904455179817498,5.5689747718733225,12.600644122383253,0.39586688137412773,1.1272141706924315,0.8856682769726248,0.11406333870101985,0.040257648953301126
147,29.636339237788512,30.07246376811594,8.272946859903382,10.48040794417606,0.5904455179817498,5.8172302737520125,12.587224906065487,0.39586688137412773,1.1272141706924315,0.8655394524959742,0.11406333870101985,0.040257648953301126
148,29.87788513150832,29.797369833601717,8.165593129361245,10.426731078904991,0.5837359098228664,5.797101449275362,12.848899624261943,0.39586688137412773,1.0869565217391304,0.8655394524959742,0.11406333870101985,0.040257648953301126
149,27.415458937198068,27.046430488459475,6.709608158883521,19.639023081052066,0.5434782608695652,3.9318303811057436,12.385936661298981,0.33548040794417605,1.0869565217391304,0.7514761137949544,0.11406333870101985,0.040257648953301126
150,27.636876006441224,27.006172839506174,6.66935050993022,19.410896403650028,0.5434782608695652,3.9318303811057436,12.473161567364466,0.33548040794417605,1.0869565217391304,0.7514761137949544,0.11406333870101985,0.040257648953301126
151,27.865002683843265,26.92565754159957,6.642512077294686,19.33709071390231,0.5434782608695652,3.9318303811057436,12.439613526570048,0.33548040794417605,1.0869565217391304,0.7380568974771873,0.11406333870101985,0.040257648953301126
152,28.307836822329577,26.77133655394525,6.595544820182502,19.0552871712292,0.5434782608695652,3.9184111647879765,12.338969404186795,0.33548040794417605,1.2412775093934514,0.7380568974771873,0.11406333870101985,0.040257648953301126
153,28.65673644659152,26.643853998926463,6.541867954911433,18.9747718733226,0.5434782608695652,3.978797638217928,12.204777241009126,0.33548040794417605,1.2278582930756843,0.7380568974771873,0.11406333870101985,0.040257648953301126
154,28.522544283413847,26.34863123993559,6.501610305958132,20.04830917874396,0.5434782608695652,3.9452495974235107,11.634460547504025,0.33548040794417605,1.2278582930756843,0.7380568974771873,0.11406333870101985,0.040257648953301126
155,27.623456790123456,24.745034889962426,7.098765432098766,19.726247987117553,0.5434782608695652,7.501341921631776,10.245571658615138,0.46296296296296297,1.2010198604401503,0.6977992485238862,0.11406333870101985,0.040257648953301126
156,28.039452495974235,24.63768115942029,7.092055823939882,19.618894256575416,0.5434782608695652,7.461084272678476,10.272410091250672,0.4025764895330113,1.093666129898014,0.6843800322061192,0.11406333870101985,0.040257648953301126
157,28.31454643048846,24.610842726784757,7.024959742351046,19.51825013419216,0.5434782608695652,7.447665056360709,10.225442834138486,0.4025764895330113,1.0735373054213635,0.6843800322061192,0.11406333870101985,0.040257648953301126
158,27.89855072463768,24.302200751476114,7.018250134192163,20.96081588835212,0.5434782608695652,6.890767579173376,10.071121846484166,0.4025764895330113,1.0735373054213635,0.6843800322061192,0.11406333870101985,0.040257648953301126
159,28.28099838969404,24.18142780461621,6.944444444444445,20.860171765968868,0.49651100375738055,6.830381105743425,10.091250670960816,0.4025764895330113,1.0735373054213635,0.6843800322061192,0.11406333870101985,0.040257648953301126
160,28.77750939345142,23.960010735373054,6.904186795491143,20.799785292538918,0.49651100375738055,6.743156199677939,10.017444981213098,0.4025764895330113,1.0735373054213635,0.6709608158883521,0.11406333870101985,0.040257648953301126
161,29.066022544283413,23.926462694578635,6.904186795491143,20.705850778314545,0.49651100375738055,6.528448738593666,9.923510466988727,0.4025764895330113,1.221148684916801,0.6709608158883521,0.11406333870101985,0.040257648953301126
162,29.220343531937736,23.805689747718734,6.890767579173376,20.585077831454644,0.49651100375738055,6.488191089640365,10.064412238325282,0.4025764895330113,1.221148684916801,0.6709608158883521,0.11406333870101985,0.040257648953301126
163,29.47530864197531,23.752012882447666,6.890767579173376,20.39049919484702,0.49651100375738055,6.4412238325281805,10.071121846484166,0.4025764895330113,1.221148684916801,0.7045088566827697,0.11406333870101985,0.040257648953301126
164,29.71014492753623,23.718464841653248,6.877348362855609,20.229468599033815,0.49651100375738055,6.4412238325281805,10.064412238325282,0.4025764895330113,1.2010198604401503,0.7045088566827697,0.11406333870101985,0.040257648953301126
165,30.099302200751477,23.409822866344605,6.837090713902308,20.068438003220614,0.49651100375738055,6.756575415995706,10.02415458937198,0.27509393451422437,1.2010198604401503,0.7045088566827697,0.11406333870101985,0.013419216317767043
166,30.08588298443371,23.396403650026837,6.769994632313473,20.303274288781534,0.38915727321524424,6.736446591519055,10.010735373054214,0.27509393451422437,1.2010198604401503,0.7045088566827697,0.11406333870101985,0.013419216317767043
167,30.62265163714439,23.295759527643586,6.6827697262479875,20.135534084809446,0.3757380568974772,6.662640901771336,9.977187332259795,0.27509393451422437,1.2010198604401503,0.644122383252818,0.11406333870101985,0.013419216317767043
168,30.9447128287708,23.201825013419217,6.635802469135802,20.088566827697264,0.3757380568974772,6.575415995705851,9.943639291465379,0.27509393451422437,1.1943102522812667,0.6374127750939346,0.11406333870101985,0.013419216317767043
169,31.226516371443907,23.07434245840043,6.5485775630703165,19.97450348899624,0.3757380568974772,6.642512077294686,9.930220075147611,0.27509393451422437,1.1876006441223832,0.6374127750939346,0.11406333870101985,0.013419216317767043
170,31.561996779388085,22.953569511540525,6.515029522275899,19.806763285024154,0.3757380568974772,6.629092860976919,9.930220075147611,0.27509393451422437,1.1876006441223832,0.6374127750939346,0.11406333870101985,0.013419216317767043
171,31.76328502415459,22.886473429951693,6.488191089640365,19.679280730005367,0.3757380568974772,6.629092860976919,9.950348899624261,0.27509393451422437,1.1876006441223832,0.6374127750939346,0.11406333870101985,0.013419216317767043
172,32.10547504025765,22.665056360708533,6.447933440687064,19.43102522812668,0.3757380568974772,6.588835212023618,10.171765968867419,0.27509393451422437,1.1741814278046163,0.6374127750939346,0.11406333870101985,0.013419216317767043
173,32.447665056360705,22.571121846484164,6.4345142243692965,19.30354267310789,0.3757380568974772,6.541867954911433,10.171765968867419,0.27509393451422437,1.1406333870101986,0.6105743424584005,0.11406333870101985,0.013419216317767043
174,32.55501878690284,22.430220075147613,6.4345142243692965,19.350509930220074,0.3757380568974772,6.541867954911433,10.158346752549651,0.27509393451422437,1.1406333870101986,0.6105743424584005,0.11406333870101985,0.013419216317767043
175,32.776435856146,22.31615673644659,6.387546967257112,19.14922168545357,0.3488996242619431,6.494900697799249,10.064412238325282,0.46967257112184646,1.261406333870102,0.6038647342995169,0.11406333870101985,0.013419216317767043
176,33.071658615136876,22.27589908749329,6.333870101986044,19.00161030595813,0.3488996242619431,6.481481481481482,10.044283413848632,0.46967257112184646,1.247987117552335,0.5971551261406334,0.11406333870101985,0.013419216317767043
177,33.279656468062264,22.262479871175522,6.320450885668277,18.914385399892645,0.3488996242619431,6.4412238325281805,9.990606548577563,0.46967257112184646,1.247987117552335,0.5971551261406334,0.11406333870101985,0.013419216317767043
178,33.49436392914654,22.114868491680085,6.280193236714976,18.80703166935051,0.3488996242619431,6.4412238325281805,10.11808910359635,0.4562533548040794,1.2144390767579174,0.5971551261406334,0.11406333870101985,0.013419216317767043
179,33.65539452495974,22.061191626409016,6.280193236714976,18.726516371443907,0.3488996242619431,6.427804616210413,10.104669887278583,0.4562533548040794,1.2144390767579174,0.5971551261406334,0.11406333870101985,0.013419216317767043
180,34.004294149221685,22.0276435856146,6.139291465378422,18.55877616747182,0.3488996242619431,6.421095008051529,10.104669887278583,0.4562533548040794,1.2144390767579174,0.5971551261406334,0.11406333870101985,0.013419216317767043
181,34.27938808373591,21.960547504025765,6.125872249060655,18.45813204508857,0.3488996242619431,6.400966183574879,10.030864197530864,0.4562533548040794,1.2144390767579174,0.5971551261406334,0.11406333870101985,0.013419216317767043
182,34.64170692431562,21.89345142243693,6.125872249060655,18.270263016639827,0.3488996242619431,6.333870101986044,9.923510466988727,0.5233494363929146,1.2144390767579174,0.5971551261406334,0.11406333870101985,0.013419216317767043
183,34.936929683306495,21.880032206119164,6.112453032742888,18.075684380032207,0.3488996242619431,6.293612453032743,9.896672034353195,0.5166398282340311,1.2144390767579174,0.5971551261406334,0.11406333870101985,0.013419216317767043
184,35.28582930756844,21.772678475577028,6.085614600107354,17.934782608695652,0.3488996242619431,6.213097155126141,9.822866344605474,0.6374127750939346,1.1876006441223832,0.5837359098228664,0.11406333870101985,0.013419216317767043
185,35.319377348362856,21.598228663446054,5.938003220611916,17.773752012882447,0.3488996242619431,6.414385399892646,9.883252818035427,0.7514761137949544,1.1876006441223832,0.6575415995705851,0.11406333870101985,0.013419216317767043
186,35.37305421363392,21.578099838969404,5.911164787976382,17.52549651100376,0.3488996242619431,6.333870101986044,10.037573805689748,0.9326355340848095,1.1876006441223832,0.644122383252818,0.11406333870101985,0.013419216317767043
187,33.7157809983897,20.611916264090176,7.219538378958669,19.269994632313473,0.3488996242619431,6.219806763285024,9.762479871175524,0.9125067096081588,1.1876006441223832,0.6239935587761675,0.11406333870101985,0.013419216317767043
188,33.313204508856685,19.692699946323135,7.206119162640902,20.74610842726785,0.3488996242619431,6.139291465378422,9.46725711218465,0.9125067096081588,1.42914653784219,0.6172839506172839,0.11406333870101985,0.013419216317767043
189,33.541331186258724,19.665861513687602,7.199409554482019,20.598497047772412,0.3488996242619431,6.125872249060655,9.433709071390231,0.9125067096081588,1.42914653784219,0.6172839506172839,0.11406333870101985,0.013419216317767043
190,33.63526570048309,19.6256038647343,7.1658615136876005,19.994632313472895,0.3488996242619431,6.468062265163715,9.675254965110037,0.9125067096081588,1.42914653784219,0.6172839506172839,0.11406333870101985,0.013419216317767043
191,33.333333333333336,19.129092860976918,7.266505636070853,20.564949006977994,0.3488996242619431,6.461352657004831,9.836285560923242,0.9125067096081588,1.415727321524423,0.6038647342995169,0.11406333870101985,0.013419216317767043
192,33.73590982286635,19.088835212023618,7.212828770799785,20.336822329575952,0.3488996242619431,6.414385399892646,9.802737520128824,0.9125067096081588,1.415727321524423,0.6038647342995169,0.11406333870101985,0.013419216317767043
193,34.17874396135266,18.95464304884595,7.192699946323135,20.189210950080515,0.3488996242619431,6.367418142780462,9.742351046698873,0.9125067096081588,1.3955984970477724,0.5904455179817498,0.11406333870101985,0.013419216317767043
194,34.33977455716586,18.92109500805153,7.1725711218464845,19.85373054213634,0.3488996242619431,6.615673644659152,9.722222222222221,0.9125067096081588,1.3955984970477724,0.5904455179817498,0.11406333870101985,0.013419216317767043
195,34.628287707997856,18.780193236714975,7.1725711218464845,19.585346215780998,0.3488996242619431,6.642512077294686,9.863123993558776,0.9125067096081588,1.3888888888888888,0.5501878690284487,0.11406333870101985,0.013419216317767043
196,34.92351046698873,18.733225979602793,7.14573268921095,19.41760601180891,0.3488996242619431,6.615673644659152,9.836285560923242,0.9125067096081588,1.3888888888888888,0.5501878690284487,0.11406333870101985,0.013419216317767043
197,35.03086419753087,18.659420289855074,7.14573268921095,19.155931293612454,0.3488996242619431,6.870638754696726,9.836285560923242,0.9125067096081588,1.3888888888888888,0.5501878690284487,0.08722490606548577,0.013419216317767043
198,35.12479871175523,18.55877616747182,7.14573268921095,19.0955448201825,0.3488996242619431,6.904186795491143,9.903381642512077,0.9057971014492754,1.3754696725711217,0.5367686527106817,0.08722490606548577,0.013419216317767043
199,34.634997316156735,17.52549651100376,7.051798174986581,21.3768115942029,0.3488996242619431,6.756575415995706,9.41358024691358,0.8856682769726248,1.3754696725711217,0.5300590445517982,0.08722490606548577,0.013419216317767043
200,34.42699946323135,17.176596886741816,6.9243156199677935,22.12157809983897,0.3488996242619431,6.823671497584541,9.286097691894794,0.8856682769726248,1.3754696725711217,0.5300590445517982,0.08722490606548577,0.013419216317767043
201,34.62157809983897,17.05582393988191,7.125603864734299,22.007514761137948,0.3488996242619431,6.716317767042405,9.158615136876007,0.8655394524959742,1.4694041867954912,0.5300590445517982,0.08722490606548577,0.013419216317767043
202,34.82957595276436,17.03569511540526,7.085346215780999,21.77938808373591,0.3488996242619431,6.696188942565755,9.145195920558239,0.9930220075147611,1.4559849704777241,0.5300590445517982,0.08722490606548577,0.013419216317767043
203,34.96376811594203,17.002147074610843,7.0383789586688135,21.752549651100377,0.3488996242619431,6.696188942565755,9.118357487922705,0.9930220075147611,1.4559849704777241,0.5300590445517982,0.08722490606548577,0.013419216317767043
204,35.258990874932906,17.002147074610843,6.984702093397746,21.564680622651636,0.3488996242619431,6.696188942565755,9.064680622651638,0.9930220075147611,1.4559849704777241,0.5300590445517982,0.08722490606548577,0.013419216317767043
205,35.00402576489533,16.894793344068706,6.971282877079979,22.21551261406334,0.3488996242619431,6.696188942565755,8.856682769726248,0.9259259259259259,1.4559849704777241,0.5300590445517982,0.08722490606548577,0.013419216317767043
206,35.218733225979605,16.774020397208805,6.957863660762212,22.034353193773484,0.3488996242619431,6.830381105743425,8.82313472893183,0.9259259259259259,1.4559849704777241,0.5300590445517982,0.08722490606548577,0.013419216317767043
207,35.245571658615134,16.76731078904992,6.870638754696726,22.148416532474503,0.3488996242619431,6.810252281266774,8.796296296296296,0.9259259259259259,1.4559849704777241,0.5300590445517982,0.08722490606548577,0.013419216317767043
208,35.38647342995169,16.700214707461082,6.843800322061192,22.061191626409016,0.3488996242619431,6.796833064949007,8.856682769726248,0.9192163177670424,1.4559849704777241,0.5300590445517982,0.08722490606548577,0.013419216317767043
209,35.66156736446592,16.680085882984432,6.816961889425658,21.74584004294149,0.3488996242619431,6.890767579173376,8.849973161567364,0.9192163177670424,1.4559849704777241,0.5300590445517982,0.08722490606548577,0.013419216317767043
210,35.869565217391305,16.666666666666668,6.78341384863124,21.658615136876005,0.3488996242619431,6.843800322061192,8.82313472893183,0.9192163177670424,1.4559849704777241,0.5300590445517982,0.08722490606548577,0.013419216317767043
211,36.00375738056898,16.525764895330113,6.689479334406871,21.91358024691358,0.3488996242619431,6.843800322061192,8.722490606548577,0.8923778851315083,1.442565754159957,0.5166398282340311,0.08722490606548577,0.013419216317767043
212,36.03730542136339,16.445249597423512,6.635802469135802,21.517713365539453,0.3488996242619431,7.5348899624261945,8.501073537305421,0.9326355340848095,1.4358561460010735,0.5099302200751477,0.08722490606548577,0.013419216317767043
