,45,50,55,54,51,53,52,56,58,57,59
0,95.30998389694042,4.690016103059581,,,,,,,,,
1,93.49838969404186,6.501610305958132,,,,,,,,,
2,84.17203435319378,15.827965646806227,,,,,,,,,
3,81.1460010735373,18.853998926462694,,,,,,,,,
4,79.05931293612453,20.94068706387547,,,,,,,,,
5,76.56333870101986,23.43666129898014,,,,,,,,,
6,76.58346752549652,23.416532474503487,,,,,,,,,
7,66.74047235641439,33.25952764358561,,,,,,,,,
8,66.79414922168546,33.20585077831455,,,,,,,,,
9,66.8142780461621,33.10520665593129,0.08051529790660225,,,,,,,,
10,55.49516908212561,44.498121309715515,0.0067096081588835215,,,,,,,,
11,53.38835212023618,46.35668276972625,0.1274825550187869,0.1274825550187869,,,,,,,
12,51.187600644122384,46.65861513687601,0.3824476650563607,0.1274825550187869,1.6438539989264627,,,,,,
13,47.436929683306495,50.436124530327426,0.3824476650563607,0.1274825550187869,1.6170155662909287,,,,,,
14,46.02791196994095,51.84514224369297,0.3824476650563607,0.1274825550187869,1.6170155662909287,,,,,,
15,46.05475040257649,51.81830381105743,0.3824476650563607,0.1274825550187869,1.6170155662909287,,,,,,
16,43.09581320450886,54.77724100912507,0.3824476650563607,0.1274825550187869,1.6170155662909287,,,,,,
17,43.203166935050994,54.669887278582934,0.3824476650563607,0.1274825550187869,1.6170155662909287,,,,,,
18,40.90177133655394,56.60225442834138,0.3824476650563607,0.1274825550187869,1.6170155662909287,0.36902844873859364,,,,,
19,40.92190016103059,56.5955448201825,0.3824476650563607,0.1274825550187869,1.6170155662909287,0.35560923242082665,,,,,
20,41.02254428341385,56.32716049382716,0.49651100375738055,0.18115942028985507,1.6170155662909287,0.35560923242082665,,,,,
21,38.95598497047772,48.55743424584004,0.6038647342995169,0.18115942028985507,9.359903381642512,0.35560923242082665,1.9860440150295222,,,,
22,39.01637144390767,48.40311325818572,0.6977992485238862,0.18115942028985507,9.359903381642512,0.35560923242082665,1.9860440150295222,,,,
23,30.709876543209877,54.032474503489,3.2340311325818574,0.05367686527106817,9.346484165324744,0.35560923242082665,2.26784755770263,,,,
24,30.770263016639827,53.97879763821793,3.227321524422974,0.05367686527106817,9.346484165324744,0.35560923242082665,2.26784755770263,,,,
25,28.81105743424584,52.00617283950617,3.166935050993022,0.05367686527106817,11.097691894793345,0.35560923242082665,4.508856682769726,,,,
26,28.71712292002147,49.85238862050456,3.0730005367686526,0.05367686527106817,11.097691894793345,0.35560923242082665,6.850509930220075,,,,
27,28.918411164787976,49.074074074074076,3.683574879227053,0.05367686527106817,11.064143853998926,0.35560923242082665,6.850509930220075,,,,
28,25.986312399355878,51.892109500805155,3.683574879227053,0.05367686527106817,11.064143853998926,0.35560923242082665,6.622383252818035,0.3421900161030596,,,
29,25.831991411701555,51.63714439076758,3.656736446591519,0.05367686527106817,11.325818572195384,0.5300590445517982,6.622383252818035,0.3421900161030596,,,
30,24.550456253354803,52.63687600644123,3.938539989264627,0.05367686527106817,11.325818572195384,0.5300590445517982,6.622383252818035,0.3421900161030596,,,
31,24.590713902308106,52.42216854535695,3.8714439076757916,0.05367686527106817,11.600912506709609,0.5300590445517982,6.588835212023618,0.3421900161030596,,,
32,17.954911433172303,42.04240472356415,3.1065485775630703,,31.61567364465915,1.9457863660762211,3.280998389694042,0.05367686527106817,,,
33,17.975040257648953,42.04240472356415,3.099838969404187,,31.602254428341386,1.9457863660762211,3.280998389694042,0.05367686527106817,,,
34,17.995169082125603,40.17042404723564,3.1870638754696725,3.488996242619431,29.87788513150832,1.9457863660762211,3.280998389694042,0.05367686527106817,,,
35,17.934782608695652,40.15700483091788,3.1870638754696725,3.488996242619431,29.95169082125604,1.9457863660762211,3.280998389694042,0.05367686527106817,,,
36,15.573000536768653,39.87520128824477,3.2206119162640903,3.488996242619431,32.56172839506173,1.9457863660762211,3.280998389694042,0.05367686527106817,,,
37,15.72061191626409,39.87520128824477,3.3145464304884595,3.488996242619431,32.32018250134192,1.9457863660762211,3.280998389694042,0.05367686527106817,,,
38,15.083199141170155,39.130434782608695,3.012614063338701,3.488996242619431,32.29334406870639,1.9457863660762211,4.99194847020934,0.05367686527106817,,,
39,15.177133655394526,36.822329575952764,3.012614063338701,3.488996242619431,32.26650563607085,1.737788513150832,7.440955448201825,0.05367686527106817,,,
40,15.177133655394526,36.72839506172839,3.012614063338701,3.488996242619431,32.13231347289318,1.737788513150832,7.5348899624261945,0.1878690284487386,,,
41,15.002683843263553,35.037573805689746,2.932098765432099,3.1333870101986045,31.629092860976918,4.542404723564144,7.5348899624261945,0.1878690284487386,,,
42,15.056360708534621,35.12479871175523,2.932098765432099,3.1333870101986045,31.548577563070317,4.542404723564144,7.474503488996243,0.1878690284487386,,,
43,14.848362855609233,34.35990338164251,2.932098765432099,3.1333870101986045,29.03918411164788,8.232689210950081,7.266505636070853,0.1878690284487386,,,
44,14.734299516908212,34.10493827160494,3.0327428878153517,3.1333870101986045,29.401502952227588,8.232689210950081,7.1725711218464845,0.1878690284487386,,,
45,14.78797638217928,33.21256038647343,3.113258185721954,3.1333870101986045,28.29441760601181,9.111647879763822,7.1725711218464845,1.1741814278046163,,,
46,14.861782071927,33.21256038647343,3.113258185721954,3.1333870101986045,28.25415995705851,9.104938271604938,7.14573268921095,1.1741814278046163,,,
47,14.774557165861514,33.299785292538914,3.113258185721954,3.1333870101986045,28.25415995705851,9.104938271604938,7.14573268921095,1.1741814278046163,,,
48,14.680622651637144,33.52791196994095,3.079710144927536,3.1199677938808374,28.173644659151904,9.104938271604938,7.139023081052066,1.1741814278046163,,,
49,14.848362855609233,33.43397745571659,2.9723564143853998,3.2541599570585076,28.08641975308642,9.091519055287172,7.139023081052066,1.1741814278046163,,,
50,13.600375738056897,33.071658615136876,3.066290928609769,3.2541599570585076,29.622920021470748,9.07139023081052,7.139023081052066,1.1741814278046163,,,
51,13.761406333870102,32.98443370907139,3.126677402039721,3.2541599570585076,29.47530864197531,8.3064949006978,7.7898550724637685,1.3016639828234031,,,
52,13.81508319914117,32.910628019323674,3.126677402039721,3.643317230273752,29.441760601180892,7.877079978529254,7.75630703166935,1.42914653784219,,,
53,10.748792270531402,41.55260332796565,1.2815351583467525,3.502415458937198,29.388083735909824,7.877079978529254,4.2203435319377345,1.42914653784219,,,
54,10.768921095008052,41.36473429951691,1.3620504562533549,3.629898013955985,29.347826086956523,7.877079978529254,4.2203435319377345,1.42914653784219,,,
55,10.19189479334407,39.58668813741278,1.3620504562533549,3.629898013955985,29.985238862050455,7.856951154052603,5.958132045088567,1.42914653784219,,,
56,10.279119699409554,39.42565754159957,1.4626945786366077,3.629898013955985,29.978529253891573,7.856951154052603,5.938003220611916,1.42914653784219,,,
57,10.373054213633925,39.21765968867418,1.6304347826086956,3.629898013955985,29.824208266237253,7.85024154589372,5.924584004294149,1.5499194847020934,,,
58,10.272410091250672,37.855609232420825,2.227589908749329,3.629898013955985,29.186795491143318,9.64170692431562,5.636070853462158,1.5499194847020934,,,
59,10.305958132045088,35.75550187869028,2.227589908749329,3.629898013955985,29.186795491143318,11.708266237251744,5.636070853462158,1.5499194847020934,,,
60,10.379763821792807,35.57434245840043,2.341653247450349,3.629898013955985,29.186795491143318,11.701556629092861,5.636070853462158,1.5499194847020934,,,
61,10.534084809447128,35.49382716049383,2.428878153515835,3.629898013955985,29.066022544283413,11.66129898013956,5.636070853462158,1.5499194847020934,,,
62,10.071121846484166,34.49409554482018,2.1269457863660763,4.2270531400966185,31.34728931830381,10.695115405260333,5.488459473966721,1.5499194847020934,,,
63,10.178475577026301,34.42699946323135,2.1269457863660763,4.2270531400966185,31.09903381642512,10.903113258185721,5.488459473966721,1.5499194847020934,,,
64,10.238862050456254,34.17874396135266,2.368491680085883,4.193505099302201,30.401234567901234,11.668008588298443,5.488459473966721,1.4626945786366077,,,
65,10.104669887278583,32.78314546430489,3.1333870101986045,4.193505099302201,29.03918411164788,11.66129898013956,6.763285024154589,2.3215244229736984,,,
66,10.11808910359635,32.27321524422974,3.1333870101986045,4.186795491143317,27.100107353730543,13.687600644122384,7.226247987117552,2.2745571658615136,,,
67,10.265700483091788,32.25308641975309,3.2675791733762747,4.186795491143317,26.710950080515296,13.654052603327965,7.226247987117552,2.4355877616747184,,,
68,9.588030059044552,35.0979602791197,2.9388083735909825,4.133118625872249,29.1129898013956,13.378958668813741,4.42163177670424,1.328502415458937,,,
69,9.722222222222221,33.3064949006978,2.9388083735909825,5.683038110574342,27.68384326355341,13.238056897477188,6.239935587761675,1.1876006441223832,,,
70,9.863123993558776,33.25952764358561,2.932098765432099,5.683038110574342,27.65029522275899,13.18438003220612,6.239935587761675,1.1876006441223832,,,
71,10.050993022007514,31.36070853462158,2.9119699409554483,5.683038110574342,27.569779924852387,13.043478260869565,8.145464304884594,1.093666129898014,0.14090177133655393,,
72,10.077831454643048,30.991680085882983,2.9119699409554483,5.683038110574342,27.51610305958132,12.95625335480408,8.541331186258722,1.1808910359634996,0.14090177133655393,,
73,9.339774557165862,29.998658078368223,2.536231884057971,10.258990874932904,27.314814814814813,12.157809983896941,7.071926999463232,1.1808910359634996,0.14090177133655393,,
74,9.5276435856146,29.931561996779386,2.536231884057971,10.258990874932904,27.30139559849705,12.084004294149223,7.0383789586688135,1.1808910359634996,0.14090177133655393,,
75,9.594739667203436,29.871175523349436,2.536231884057971,10.245571658615138,27.30139559849705,11.460010735373054,7.018250134192163,1.1674718196457328,0.8051529790660226,,
76,9.728931830381105,29.824208266237253,2.536231884057971,10.165056360708535,27.194041867954912,11.460010735373054,7.004830917874396,1.2815351583467525,0.8051529790660226,,
77,9.903381642512077,29.790660225442835,2.536231884057971,10.11808910359635,27.167203435319376,11.399624261943103,6.998121309715513,1.2815351583467525,0.8051529790660226,,
78,9.943639291465379,29.7638217928073,2.536231884057971,10.11808910359635,27.15378421900161,11.399624261943103,6.998121309715513,1.2815351583467525,0.8051529790660226,,
79,9.997316156736447,28.556092324208265,2.462426194310252,10.641438539989265,27.079978529253893,12.191358024691358,6.984702093397746,1.2815351583467525,0.8051529790660226,,
80,10.00402576489533,27.073268921095007,2.462426194310252,9.366612989801396,30.381105743424584,11.916264090177133,6.4345142243692965,1.2748255501878691,0.8051529790660226,0.28180354267310787,
81,10.165056360708535,27.006172839506174,2.462426194310252,9.333064949006978,29.757112184648417,12.47987117552335,6.4345142243692965,1.2748255501878691,0.8051529790660226,0.28180354267310787,
82,10.111379495437467,25.959473966720342,2.38191089640365,9.333064949006978,29.757112184648417,13.66076221148685,6.4345142243692965,1.2748255501878691,0.8051529790660226,0.28180354267310787,
83,10.332796564680622,25.959473966720342,2.38191089640365,9.333064949006978,29.53569511540526,13.66076221148685,6.4345142243692965,1.2748255501878691,0.8051529790660226,0.28180354267310787,
84,10.25228126677402,24.792002147074612,2.38191089640365,12.439613526570048,29.394793344068706,13.050187869028449,6.146001073537305,1.3620504562533549,0.18115942028985507,,
85,8.232689210950081,27.28797638217928,2.38191089640365,12.406065485775631,29.320987654320987,13.023349436392914,5.803811057434245,1.3620504562533549,0.18115942028985507,,
86,8.333333333333334,27.254428341384862,2.38191089640365,12.406065485775631,29.30756843800322,12.983091787439614,5.790391841116479,1.3620504562533549,0.18115942028985507,,
87,8.393719806763285,27.22758990874933,2.38191089640365,12.406065485775631,29.274020397208805,12.983091787439614,5.790391841116479,1.3620504562533549,0.18115942028985507,,
88,8.454106280193237,27.180622651637144,2.38191089640365,10.674986580783683,31.42109500805153,12.52012882447665,5.783682232957595,1.402308105206656,0.18115942028985507,,
89,8.333333333333334,26.127214170692433,2.38191089640365,10.601180891035963,28.858024691358025,14.80810520665593,7.320182501341922,1.3888888888888888,0.18115942028985507,,
90,8.601717659688674,26.073537305421365,2.38191089640365,10.513955984970478,28.67686527106817,14.80810520665593,7.2933440687063875,1.4694041867954912,0.18115942028985507,,
91,8.796296296296296,26.06682769726248,2.38191089640365,10.513955984970478,28.56280193236715,14.660493827160494,7.266505636070853,1.5767579173376274,0.17444981213097155,,
92,8.917069243156199,26.019860440150296,2.3752012882447664,10.433440687063875,28.529253891572733,14.392109500805153,7.25979602791197,1.6841116478797638,0.38915727321524424,,
93,8.232689210950081,23.376274825550187,2.3215244229736984,9.648416532474503,30.132850241545892,12.95625335480408,11.352657004830919,1.5901771336553945,0.38915727321524424,,
94,8.125335480407944,23.1280193236715,2.0799785292538915,10.077831454643048,32.2866344605475,12.942834138486312,9.380032206119163,1.5901771336553945,0.38915727321524424,,
95,8.266237251744498,23.081052066559312,2.0799785292538915,10.064412238325282,32.21953837895867,12.929414922168545,9.380032206119163,1.5901771336553945,0.38915727321524424,,
96,8.340042941492216,22.899892646269457,2.2208803005904456,10.064412238325282,32.18599033816425,12.929414922168545,9.380032206119163,1.5901771336553945,0.38915727321524424,,
97,8.044820182501342,21.71900161030596,2.187332259796028,10.057702630166398,32.118894256575416,12.359098228663447,11.574074074074074,1.570048309178744,0.36902844873859364,,
98,8.185721953837897,21.71900161030596,2.254428341384863,10.02415458937198,31.97128287707998,12.338969404186795,11.56736446591519,1.570048309178744,0.36902844873859364,,
99,8.373590982286634,21.71900161030596,2.254428341384863,9.990606548577563,31.95786366076221,12.338969404186795,11.426462694578637,1.570048309178744,0.36902844873859364,,
100,8.440687063875469,21.71900161030596,2.254428341384863,9.923510466988727,31.95786366076221,12.338969404186795,11.426462694578637,1.570048309178744,0.36902844873859364,,
101,8.55475040257649,21.658615136876005,2.254428341384863,9.923510466988727,31.91760601180891,12.493290391841116,11.258722490606548,1.570048309178744,0.36902844873859364,,
102,7.991143317230274,21.40365002683843,2.2410091250670963,9.923510466988727,30.951422436929683,11.83574879227053,13.607085346215781,1.6774020397208802,0.36902844873859364,,
103,8.091787439613526,21.370101986044016,2.2410091250670963,9.923510466988727,30.9447128287708,11.77536231884058,13.607085346215781,1.6774020397208802,0.36902844873859364,,
104,8.32662372517445,21.370101986044016,2.3483628556092326,9.923510466988727,30.891035963499732,11.748523886205046,13.47289318303811,1.5499194847020934,0.36902844873859364,,
105,8.28636607622115,20.558239398819108,2.4892646269457863,9.54777241009125,32.48792270531401,11.681427804616211,13.036768652710682,1.5432098765432098,0.36902844873859364,,
106,8.36688137412775,20.551529790660226,2.4892646269457863,9.520933977455716,32.44095544820183,11.681427804616211,13.036768652710682,1.5432098765432098,0.36902844873859364,,
107,8.004562533548041,20.336822329575952,2.4892646269457863,9.326355340848094,31.756575415995705,11.681427804616211,14.056629092860977,1.9793344068706387,0.36902844873859364,,
108,8.085077831454644,20.28985507246377,2.4892646269457863,9.312936124530328,31.756575415995705,11.681427804616211,14.04320987654321,1.9726247987117553,0.36902844873859364,,
109,8.192431561996779,19.75979602791197,2.952227589908749,9.272678475577026,31.702898550724637,11.540526033279656,14.197530864197532,1.8719806763285025,0.36902844873859364,0.14090177133655393,
110,7.997852925389157,19.51154052603328,2.952227589908749,8.729200214707461,31.19296833064949,11.392914653784219,15.854804079441761,1.8585614600107354,0.36902844873859364,0.14090177133655393,
111,8.07836822329576,19.47128287707998,2.952227589908749,8.709071390230811,31.125872249060656,11.225174449812132,15.821256038647343,2.01959205582394,0.36902844873859364,0.2281266774020397,
112,8.225979602791197,19.45115405260333,3.2742887815351582,8.675523349436393,30.434782608695652,11.225174449812132,15.821256038647343,2.2946859903381642,0.36902844873859364,0.2281266774020397,
113,8.272946859903382,19.404186795491142,3.2742887815351582,8.809715512614064,30.293880837359097,11.18491680085883,15.754159957058508,2.408749329039184,0.36902844873859364,0.2281266774020397,
114,8.353462157809984,19.404186795491142,3.260869565217391,8.809715512614064,30.293880837359097,11.124530327428879,15.754159957058508,2.408749329039184,0.36231884057971014,0.2281266774020397,
115,8.527911969940956,19.310252281266774,3.388352120236178,8.729200214707461,30.287171229200215,11.097691894793345,15.660225442834138,2.408749329039184,0.36231884057971014,0.2281266774020397,
116,8.668813741277509,19.310252281266774,3.388352120236178,8.695652173913043,30.26033279656468,11.097691894793345,15.579710144927537,2.408749329039184,0.36231884057971014,0.2281266774020397,
117,8.749329039184111,19.310252281266774,3.388352120236178,8.695652173913043,30.038915727321523,11.084272678475577,15.579710144927537,2.563070316693505,0.36231884057971014,0.2281266774020397,
118,8.756038647342995,18.78690284487386,3.321256038647343,9.024422973698336,30.038915727321523,11.044015029522276,15.801127214170693,2.5563607085346214,0.36231884057971014,0.30864197530864196,
119,8.809715512614064,18.78690284487386,3.3011272141706924,9.024422973698336,30.03220611916264,11.023886205045626,15.801127214170693,2.5563607085346214,0.35560923242082665,0.30864197530864196,
120,8.735909822866345,18.471551261406333,3.099838969404187,9.634997316156737,29.965110037573805,10.997047772410092,15.801127214170693,2.6301663982823404,0.35560923242082665,0.30864197530864196,
121,8.715780998389693,18.42458400429415,3.099838969404187,9.500805152979066,29.924852388620504,10.997047772410092,16.0426731078905,2.6301663982823404,0.35560923242082665,0.30864197530864196,
122,8.809715512614064,17.787171229200215,3.0327428878153517,9.473966720343531,28.911701556629094,13.291733762748256,15.425389157273216,2.6033279656468062,0.35560923242082665,0.30864197530864196,
123,9.057971014492754,17.76033279656468,3.0327428878153517,9.219001610305957,27.958937198067634,13.009930220075148,16.57944176060118,2.717391304347826,0.35560923242082665,0.30864197530864196,
124,9.098228663446054,17.733494363929147,3.1870638754696725,9.192163177670425,27.26113794954375,13.761406333870102,16.398282340311326,2.703972088030059,0.35560923242082665,0.30864197530864196,
125,9.145195920558239,17.72007514761138,3.1870638754696725,9.192163177670425,27.22758990874933,13.761406333870102,16.398282340311326,2.703972088030059,0.35560923242082665,0.30864197530864196,
126,9.265968867418144,17.72007514761138,3.1870638754696725,9.16532474503489,27.17391304347826,13.7211486849168,16.398282340311326,2.703972088030059,0.35560923242082665,0.30864197530864196,
127,9.306226516371444,17.659688674181428,3.1870638754696725,9.16532474503489,26.717659688674182,14.358561460010735,16.33118625872249,2.61003757380569,0.35560923242082665,0.30864197530864196,
128,9.406870638754697,17.659688674181428,3.321256038647343,9.138486312399356,26.690821256038646,14.358561460010735,16.150026838432634,2.61003757380569,0.35560923242082665,0.30864197530864196,
129,9.574610842726784,17.64626945786366,3.4286097691894795,9.138486312399356,26.637144390767578,14.331723027375201,16.0426731078905,2.536231884057971,0.35560923242082665,0.30864197530864196,
130,9.574610842726784,17.632850241545892,3.4151905528717124,8.903650026838433,26.073537305421365,15.445517981749866,15.915190552871712,2.3752012882447664,0.35560923242082665,0.30864197530864196,
131,9.809447128287708,17.579173376274827,3.4151905528717124,8.890230810520666,25.97289318303811,15.438808373590982,15.794417606011809,2.442297369833602,0.35560923242082665,0.30193236714975846,
132,9.916800858829845,17.49194847020934,3.4822866344605474,8.890230810520666,25.91921631776704,15.432098765432098,15.767579173376275,2.442297369833602,0.35560923242082665,0.30193236714975846,
133,9.88996242619431,17.102791196994094,3.4822866344605474,9.500805152979066,25.10064412238325,15.331454643048845,16.606280193236714,2.328234031132582,0.35560923242082665,0.30193236714975846,
134,10.071121846484166,16.955179817498657,3.4688674181427803,10.11808910359635,24.986580783682232,15.324745034889963,15.975577026301664,2.442297369833602,0.35560923242082665,0.30193236714975846,
135,10.144927536231885,16.935050993022006,3.180354267310789,10.11808910359635,24.93961352657005,15.311325818572195,16.27079978529254,2.442297369833602,0.35560923242082665,0.30193236714975846,
136,10.185185185185185,16.901502952227588,3.180354267310789,10.104669887278583,26.341921631776703,14.231078904991948,15.955448201825014,2.442297369833602,0.35560923242082665,0.30193236714975846,
137,10.379763821792807,16.874664519592056,3.166935050993022,9.923510466988727,26.247987117552334,14.231078904991948,15.942028985507246,2.576489533011272,0.35560923242082665,0.30193236714975846,
138,10.319377348362856,16.780730005367687,3.1602254428341383,9.91009125067096,26.247987117552334,14.486044015029522,15.888352120236178,2.576489533011272,0.32877079978529256,0.30193236714975846,
139,10.399892646269459,16.76731078904992,3.1602254428341383,9.91009125067096,26.234567901234566,14.465915190552872,15.854804079441761,2.576489533011272,0.32877079978529256,0.30193236714975846,
140,10.453569511540525,16.76731078904992,3.1199677938808374,9.896672034353195,26.234567901234566,14.465915190552872,15.854804079441761,2.576489533011272,0.32877079978529256,0.30193236714975846,
141,10.453569511540525,16.358024691358025,3.1199677938808374,11.265432098765432,25.543478260869566,14.237788513150832,15.814546430488459,2.576489533011272,0.32877079978529256,0.30193236714975846,
142,10.621309715512615,16.344605475040257,3.066290928609769,11.265432098765432,25.51663982823403,14.231078904991948,15.794417606011809,2.5295222758990876,0.32877079978529256,0.30193236714975846,
143,10.661567364465915,16.344605475040257,3.066290928609769,11.265432098765432,25.489801395598498,14.217659688674182,15.794417606011809,2.5295222758990876,0.32877079978529256,0.30193236714975846,
144,10.742082662372518,16.203703703703702,3.066290928609769,11.225174449812132,25.45625335480408,14.351851851851851,15.794417606011809,2.5295222758990876,0.32877079978529256,0.30193236714975846,
145,9.742351046698873,12.493290391841116,2.9253891572732154,7.944176060118089,38.479602791196996,14.284755770263017,11.43317230273752,2.1269457863660763,0.2952227589908749,0.27509393451422437,
146,9.822866344605474,12.473161567364466,2.918679549114332,7.944176060118089,38.446054750402574,14.284755770263017,11.41304347826087,2.1269457863660763,0.2952227589908749,0.27509393451422437,
147,9.950348899624261,12.446323134728932,2.918679549114332,7.937466451959206,38.399087493290395,14.257917337627482,11.399624261943103,2.1269457863660763,0.2952227589908749,0.2683843263553409,
148,9.621578099838969,11.990069779924852,2.885131508319914,7.192699946323135,35.7487922705314,14.257917337627482,15.626677402039721,2.1135265700483092,0.2952227589908749,0.2683843263553409,
149,8.957326892109501,8.608427267847558,2.952227589908749,7.192699946323135,40.33145464304884,14.244498121309716,14.97584541062802,2.1739130434782608,0.2952227589908749,0.2683843263553409,
150,9.084809447128288,8.608427267847558,2.952227589908749,7.192699946323135,40.24422973698336,14.244498121309716,14.962426194310252,2.1739130434782608,0.2952227589908749,0.24154589371980675,
151,8.507783145464305,7.27992485238862,2.85829307568438,2.945517981749866,49.080783682232955,13.231347289318304,13.539989264626946,2.059849704777241,0.2549651100375738,0.24154589371980675,
152,8.715780998389693,7.27992485238862,2.85829307568438,2.945517981749866,48.9398819108964,13.231347289318304,13.47289318303811,2.059849704777241,0.2549651100375738,0.24154589371980675,
153,8.923778851315083,7.27992485238862,2.7509393451422435,3.0327428878153517,48.8593666129898,13.137412775093935,13.459473966720344,2.059849704777241,0.2549651100375738,0.24154589371980675,
154,8.997584541062801,7.266505636070853,2.7509393451422435,3.0327428878153517,48.80568974771873,13.130703166935051,13.459473966720344,2.059849704777241,0.2549651100375738,0.24154589371980675,
155,7.776435856146001,6.4345142243692965,2.61003757380569,3.0193236714975846,56.28690284487386,10.809178743961352,10.768921095008052,1.7981749865807837,0.2549651100375738,0.24154589371980675,
156,7.883789586688137,6.427804616210413,2.61003757380569,3.1535158346752548,56.13258185721954,10.661567364465915,10.735373054213634,1.8988191089640365,0.2549651100375738,0.24154589371980675,
157,7.944176060118089,6.421095008051529,2.61003757380569,3.1535158346752548,56.07890499194847,10.661567364465915,10.735373054213634,1.8988191089640365,0.2549651100375738,0.24154589371980675,
158,7.944176060118089,6.421095008051529,2.61003757380569,3.1535158346752548,55.27375201288245,10.661567364465915,11.540526033279656,1.8988191089640365,0.2549651100375738,0.24154589371980675,
159,8.132045088566828,6.421095008051529,2.61003757380569,3.1535158346752548,55.10601180891036,10.661567364465915,11.520397208803006,1.8988191089640365,0.2549651100375738,0.24154589371980675,
160,8.246108427267847,6.414385399892646,2.589908749329039,3.1535158346752548,55.052334943639295,10.661567364465915,11.486849168008588,1.8988191089640365,0.2549651100375738,0.24154589371980675,
161,8.420558239398819,6.414385399892646,2.589908749329039,3.1535158346752548,54.93827160493827,10.63472893183038,11.453301127214171,1.8988191089640365,0.2549651100375738,0.24154589371980675,
162,8.494363929146537,6.414385399892646,2.589908749329039,3.1535158346752548,54.871175523349436,10.628019323671497,11.453301127214171,1.8988191089640365,0.2549651100375738,0.24154589371980675,
163,8.601717659688674,6.414385399892646,2.589908749329039,3.1535158346752548,54.7638217928073,10.628019323671497,11.453301127214171,1.8988191089640365,0.2549651100375738,0.24154589371980675,
164,8.82313472893183,6.414385399892646,2.589908749329039,3.1535158346752548,54.6430488459474,10.628019323671497,11.3593666129898,1.892109500805153,0.2549651100375738,0.24154589371980675,
165,8.910359634997317,6.414385399892646,2.5563607085346214,3.1199677938808374,54.549114331723025,10.628019323671497,11.352657004830919,1.9726247987117553,0.2549651100375738,0.24154589371980675,
166,8.977455716586151,6.394256575415996,2.5496511003757383,3.69699409554482,53.80434782608695,10.587761674718196,11.345947396672035,2.147074610842727,0.2549651100375738,0.24154589371980675,
167,9.05126140633387,6.394256575415996,2.5496511003757383,3.69699409554482,53.797638217928075,10.57434245840043,11.29898013955985,2.1403650026838434,0.2549651100375738,0.24154589371980675,
168,9.205582393988191,6.387546967257112,2.5496511003757383,3.5225442834138487,53.65002683843264,10.72866344605475,11.272141706924316,2.187332259796028,0.2549651100375738,0.24154589371980675,
169,9.212292002147075,6.387546967257112,2.5496511003757383,3.5225442834138487,53.495705850778315,10.721953837895867,11.272141706924316,2.341653247450349,0.2549651100375738,0.24154589371980675,
170,9.420289855072463,6.387546967257112,2.5429414922168547,3.7573805689747717,53.39506172839506,10.7085346215781,10.95679012345679,2.3349436392914655,0.2549651100375738,0.24154589371980675,
171,9.574610842726784,6.367418142780462,2.5429414922168547,3.7573805689747717,53.30783682232958,10.681696188942565,10.93666129898014,2.3349436392914655,0.2549651100375738,0.24154589371980675,
172,9.648416532474503,6.239935587761675,2.5429414922168547,3.864734299516908,53.26757917337628,10.681696188942565,10.923242082662373,2.3349436392914655,0.2549651100375738,0.24154589371980675,
173,9.722222222222221,6.239935587761675,2.5429414922168547,3.864734299516908,53.10654857756307,10.681696188942565,10.923242082662373,2.4221685453569513,0.2549651100375738,0.24154589371980675,
174,9.957058507783145,6.233225979602791,2.5429414922168547,3.864734299516908,52.851583467525494,10.61460010735373,10.88298443370907,2.4892646269457863,0.2549651100375738,0.30864197530864196,
175,10.104669887278583,6.233225979602791,2.5429414922168547,3.864734299516908,52.75764895330113,10.587761674718196,10.856146001073537,2.4892646269457863,0.2549651100375738,0.30864197530864196,
176,10.178475577026301,6.233225979602791,2.5429414922168547,3.864734299516908,52.234299516908216,10.587761674718196,11.158078368223295,2.636876006441224,0.2549651100375738,0.30864197530864196,
177,10.238862050456254,6.233225979602791,2.5429414922168547,3.844605475040258,52.234299516908216,10.57434245840043,11.131239935587761,2.636876006441224,0.2549651100375738,0.30864197530864196,
178,10.50053676865271,6.226516371443908,2.5295222758990876,3.844605475040258,50.58373590982286,10.50053676865271,12.647611379495437,2.6033279656468062,0.2549651100375738,0.30864197530864196,
179,10.701825013419215,6.226516371443908,2.5295222758990876,3.844605475040258,50.30864197530864,10.50053676865271,12.647611379495437,2.677133655394525,0.2549651100375738,0.30864197530864196,
180,10.768921095008052,6.226516371443908,2.5295222758990876,3.844605475040258,50.15432098765432,10.473698336017177,12.634192163177671,2.804616210413312,0.2549651100375738,0.30864197530864196,
181,10.86285560923242,6.226516371443908,2.5295222758990876,3.844605475040258,50.09393451422437,10.473698336017177,12.600644122383253,2.804616210413312,0.2549651100375738,0.30864197530864196,
182,10.755501878690284,6.226516371443908,2.5295222758990876,3.8311862587224907,49.40955448201825,10.453569511540525,13.513150831991412,2.717391304347826,0.2549651100375738,0.30864197530864196,
183,10.943370907139023,6.226516371443908,2.5295222758990876,3.8311862587224907,49.24852388620504,10.453569511540525,13.486312399355878,2.717391304347826,0.2549651100375738,0.30864197530864196,
184,11.064143853998926,6.226516371443908,2.5161030595813205,3.770799785292539,49.033816425120776,10.554213633923778,13.466183574879228,2.804616210413312,0.2549651100375738,0.30864197530864196,
185,11.137949543746645,6.152710681696189,2.49597423510467,3.770799785292539,48.993558776167475,10.648148148148149,13.43263553408481,2.804616210413312,0.2549651100375738,0.30864197530864196,
186,11.245303274288782,6.152710681696189,2.49597423510467,3.770799785292539,48.86607622114869,10.648148148148149,13.41250670960816,2.844873859366613,0.2549651100375738,0.30864197530864196,
187,11.426462694578637,6.152710681696189,2.4490069779924855,3.750670960815888,48.718464841653244,10.648148148148149,13.378958668813741,2.9119699409554483,0.2549651100375738,0.30864197530864196,
188,11.520397208803006,6.152710681696189,2.4490069779924855,3.717122920021471,48.691626409017715,10.63472893183038,13.358829844337091,2.9119699409554483,0.2549651100375738,0.30864197530864196,
189,11.681427804616211,6.152710681696189,2.5831991411701556,3.717122920021471,48.46349973161568,10.63472893183038,13.345410628019323,2.85829307568438,0.2549651100375738,0.30864197530864196,
190,11.621041331186259,6.105743424584004,2.5831991411701556,3.4688674181427803,49.16129898013956,10.292538915727322,13.345410628019323,2.85829307568438,0.2549651100375738,0.30864197530864196,
191,11.788781535158346,6.105743424584004,2.5831991411701556,3.4688674181427803,49.02710681696189,10.265700483091788,13.345410628019323,2.8515834675254963,0.2549651100375738,0.30864197530864196,
192,11.855877616747183,6.0654857756307035,2.9052603327965647,3.535963499731616,48.72517444981213,10.238862050456254,13.318572195383789,2.791196994095545,0.2549651100375738,0.30864197530864196,
193,12.090713902308105,6.0587761674718195,3.046162104133119,3.535963499731616,48.35614600107354,10.238862050456254,13.318572195383789,2.791196994095545,0.2549651100375738,0.30864197530864196,
194,12.198067632850242,6.0587761674718195,3.046162104133119,3.4822866344605474,48.17498658078368,10.238862050456254,13.298443370907139,2.9388083735909825,0.2549651100375738,0.30864197530864196,
195,12.27187332259796,6.0587761674718195,3.046162104133119,3.4822866344605474,48.14143853998927,10.225442834138486,13.271604938271604,2.9388083735909825,0.2549651100375738,0.30864197530864196,
196,12.338969404186795,6.0587761674718195,3.1199677938808374,3.4822866344605474,48.00053676865271,10.225442834138486,13.271604938271604,2.9388083735909825,0.2549651100375738,0.30864197530864196,
197,12.372517444981213,6.0587761674718195,3.1199677938808374,3.4688674181427803,47.98040794417606,10.299248523886206,13.22463768115942,2.9388083735909825,0.2549651100375738,0.28180354267310787,
198,11.81561996779388,6.0587761674718195,3.026033279656468,3.33467525496511,50.0,10.21202361782072,12.640901771336553,2.3752012882447664,0.2549651100375738,0.28180354267310787,
199,11.553945249597424,6.052066559312936,2.871712292002147,3.3145464304884595,51.1003757380569,9.96376811594203,12.27187332259796,2.3349436392914655,0.2549651100375738,0.28180354267310787,
200,11.66129898013956,6.018518518518518,2.7844873859366612,3.435319377348363,50.939345142243695,9.950348899624261,12.258454106280194,2.4154589371980677,0.2549651100375738,0.28180354267310787,
201,11.83574879227053,6.018518518518518,2.771068169618894,3.435319377348363,50.71121846484165,9.950348899624261,12.224906065485776,2.5161030595813205,0.2549651100375738,0.28180354267310787,
202,11.822329575952764,5.991680085882985,2.771068169618894,3.1065485775630703,50.24825550187869,9.863123993558776,13.16425120772947,2.49597423510467,0.2549651100375738,0.28180354267310787,
203,11.81561996779388,5.857487922705314,2.952227589908749,3.1065485775630703,48.651368760064415,9.829575952764358,14.801395598497047,2.4490069779924855,0.2549651100375738,0.28180354267310787,
204,11.768652710681696,5.783682232957595,2.9052603327965647,3.1870638754696725,48.54401502952228,10.0979602791197,14.727589908749328,2.4490069779924855,0.2549651100375738,0.28180354267310787,
205,11.808910359634996,5.776972624798712,2.9052603327965647,3.770799785292539,48.02066559312936,10.0979602791197,14.714170692431562,2.368491680085883,0.2549651100375738,0.28180354267310787,
206,11.949812130971551,5.756843800322061,2.9052603327965647,3.743961352657005,47.87976382179281,10.131508319914117,14.512882447665056,2.368491680085883,0.2549651100375738,0.49651100375738055,
207,12.077294685990339,5.743424584004294,2.9052603327965647,3.743961352657005,47.78582930756844,10.131508319914117,14.506172839506172,2.3550724637681157,0.2549651100375738,0.49651100375738055,
208,12.144390767579173,5.730005367686527,2.8918411164787976,3.743961352657005,47.758990874932906,10.131508319914117,14.492753623188406,2.3550724637681157,0.2549651100375738,0.49651100375738055,
209,12.157809983896941,5.730005367686527,2.8918411164787976,3.743961352657005,47.745571658615134,10.131508319914117,14.492753623188406,2.3550724637681157,0.2549651100375738,0.49651100375738055,
210,12.392646269457863,5.730005367686527,2.885131508319914,3.8177670424047236,47.42351046698873,10.111379495437467,14.452495974235104,2.4355877616747184,0.2549651100375738,0.49651100375738055,
211,12.506709608158884,5.5689747718733225,2.657004830917874,3.8043478260869565,47.987117552334944,10.091250670960816,14.197530864197532,2.4355877616747184,0.2549651100375738,0.49651100375738055,
212,12.634192163177671,5.367686527106817,2.8918411164787976,3.8043478260869565,47.83279656468062,10.084541062801932,14.197530864197532,2.4355877616747184,0.2549651100375738,0.49651100375738055,
213,12.842190016103059,5.347557702630167,2.885131508319914,3.8043478260869565,47.65163714439077,10.084541062801932,14.197530864197532,2.4355877616747184,0.2549651100375738,0.49651100375738055,
214,12.74825550187869,5.347557702630167,2.885131508319914,3.9519592055823938,47.53086419753087,10.171765968867419,14.17740203972088,2.4355877616747184,0.2549651100375738,0.49651100375738055,
215,12.889157273215245,5.347557702630167,2.871712292002147,3.9452495974235107,47.28931830381106,10.171765968867419,14.070048309178745,2.6637144390767578,0.2549651100375738,0.49651100375738055,
216,12.949543746645196,5.347557702630167,2.871712292002147,3.9452495974235107,47.22893183038111,10.171765968867419,14.070048309178745,2.6637144390767578,0.2549651100375738,0.49651100375738055,
217,13.056897477187333,5.3341384863123995,2.871712292002147,3.9452495974235107,47.20880300590446,10.104669887278583,14.070048309178745,2.6637144390767578,0.24825550187869028,0.49651100375738055,
218,13.009930220075148,5.3341384863123995,2.7308105206655933,4.958400429414922,46.3768115942029,10.104669887278583,13.955984970477724,2.7844873859366612,0.24825550187869028,0.49651100375738055,
219,13.056897477187333,5.314009661835748,3.012614063338701,4.951690821256038,46.202361782071925,10.104669887278583,13.694310252281268,2.918679549114332,0.24825550187869028,0.49651100375738055,
220,13.09044551798175,5.314009661835748,3.012614063338701,5.052334943639291,46.182232957595275,10.104669887278583,13.6808910359635,2.818035426731079,0.24825550187869028,0.49651100375738055,
221,13.258185721953838,5.300590445517981,3.012614063338701,5.0791733762748255,46.09500805152979,10.104669887278583,13.593666129898015,2.757648953301127,0.24825550187869028,0.5501878690284487,
222,13.298443370907139,5.300590445517981,3.012614063338701,5.0791733762748255,46.08829844337091,10.077831454643048,13.533279656468062,2.757648953301127,0.24825550187869028,0.6038647342995169,
223,13.43263553408481,5.300590445517981,3.012614063338701,5.065754159957058,46.03462157809984,10.077831454643048,13.519860440150294,2.703972088030059,0.24825550187869028,0.6038647342995169,
224,13.352120236178207,5.280461621041331,3.012614063338701,4.636339237788513,46.90016103059581,9.896672034353195,13.47289318303811,2.5966183574879227,0.24825550187869028,0.6038647342995169,
225,13.607085346215781,5.253623188405797,2.9790660225442833,4.636339237788513,46.81964573268921,9.88996242619431,13.365539452495975,2.5966183574879227,0.24825550187869028,0.6038647342995169,
226,13.613794954374665,5.253623188405797,2.9790660225442833,4.636339237788513,46.81964573268921,9.883252818035427,13.365539452495975,2.5966183574879227,0.24825550187869028,0.6038647342995169,
227,13.714439076757918,5.226784755770263,2.9790660225442833,4.636339237788513,46.75925925925926,9.883252818035427,13.352120236178207,2.5966183574879227,0.24825550187869028,0.6038647342995169,
228,13.727858293075684,5.226784755770263,2.9790660225442833,4.636339237788513,46.75925925925926,9.86983360171766,13.352120236178207,2.5966183574879227,0.24825550187869028,0.6038647342995169,
229,13.94927536231884,5.226784755770263,2.9589371980676327,4.62962962962963,46.59822866344606,9.849704777241008,13.33870101986044,2.5966183574879227,0.24825550187869028,0.6038647342995169,
230,13.841921631776705,5.226784755770263,2.9589371980676327,4.602791196994096,47.02093397745572,9.621578099838969,13.278314546430488,2.5966183574879227,0.24825550187869028,0.6038647342995169,
231,13.855340848094471,5.226784755770263,2.9589371980676327,4.602791196994096,47.00751476113795,9.621578099838969,13.278314546430488,2.5966183574879227,0.24825550187869028,0.6038647342995169,
232,13.915727321524423,5.213365539452496,2.952227589908749,4.5960815888352125,46.98067632850242,9.621578099838969,13.197799248523886,2.5966183574879227,0.24825550187869028,0.6776704240472357,
233,14.110305958132045,5.213365539452496,2.918679549114332,4.5960815888352125,46.96054750402576,9.54777241009125,13.130703166935051,2.5966183574879227,0.24825550187869028,0.6776704240472357,
