,45,50,51,55,54,52,53,57,56
0,98.99355877616748,1.0064412238325282,,,,,,,
1,98.87278582930757,1.1272141706924315,,,,,,,
2,93.69296833064949,6.3070316693505095,,,,,,,
3,93.605743424584,6.394256575415996,,,,,,,
4,84.99731615673645,15.002683843263553,,,,,,,
5,63.35882984433709,29.8040794417606,6.837090713902308,,,,,,
6,63.59366612989801,29.582662372517444,6.823671497584541,,,,,,
7,63.808373590982285,29.374664519592056,6.816961889425658,,,,,,
8,61.963231347289316,31.219806763285025,6.816961889425658,,,,,,
9,55.54884594739667,37.69457863660762,6.756575415995706,,,,,,
10,48.53730542136339,42.58588298443371,8.789586688137414,0.08722490606548577,,,,,
11,47.14170692431562,43.90096618357488,8.789586688137414,0.16774020397208803,,,,,
12,47.26918947933441,43.67954911433172,8.749329039184111,0.16774020397208803,0.13419216317767044,,,,
13,46.34997316156736,41.92163177670424,8.709071390230811,0.43612453032742887,0.13419216317767044,2.4490069779924855,,,
14,46.256038647343,41.29092860976919,8.682232957595277,0.43612453032742887,0.9125067096081588,2.4221685453569513,,,
15,44.40418679549114,41.58615136876006,7.957595276435856,0.43612453032742887,0.9125067096081588,4.703435319377348,,,
16,43.874127750939344,37.956253354804076,7.253086419753086,0.43612453032742887,0.9125067096081588,6.521739130434782,3.046162104133119,,
17,42.99516908212561,38.89559849704777,7.192699946323135,0.43612453032742887,0.9125067096081588,6.521739130434782,3.046162104133119,,
18,42.92807300053677,37.432903918411164,7.159151905528717,0.43612453032742887,0.9125067096081588,8.789586688137414,2.341653247450349,,
19,43.17632850241546,37.104133118625874,7.14573268921095,0.43612453032742887,1.0534084809447128,8.769457863660762,2.314814814814815,,
20,43.51180891035963,36.822329575952764,7.011540526033279,0.5904455179817498,1.0534084809447128,8.695652173913043,2.314814814814815,,
21,43.505099302200755,36.45330112721417,6.984702093397746,0.9930220075147611,1.0534084809447128,8.695652173913043,2.314814814814815,,
22,40.123456790123456,39.64036500268384,8.165593129361245,0.9930220075147611,1.0265700483091786,7.7361782071927,2.314814814814815,,
23,40.21739130434783,39.56655931293612,8.145464304884594,0.9930220075147611,1.0265700483091786,7.7361782071927,2.314814814814815,,
24,40.3918411164788,39.29817498658078,8.145464304884594,1.556629092860977,1.0265700483091786,7.266505636070853,2.314814814814815,,
25,40.23081052066559,36.77536231884058,10.869565217391305,1.5163714439076759,1.0265700483091786,7.266505636070853,2.314814814814815,,
26,40.33145464304884,35.94337090713902,11.741814278046162,1.5163714439076759,0.6642512077294686,7.226247987117552,2.576489533011272,,
27,39.190821256038646,37.144390767579175,11.681427804616211,1.6304347826086956,0.6642512077294686,7.226247987117552,2.462426194310252,,
28,39.31159420289855,36.83574879227053,11.674718196457327,1.596886741814278,0.6575415995705851,7.474503488996243,2.4490069779924855,,
29,39.40552871712292,36.64117015566291,11.600912506709609,1.7042404723564144,0.6575415995705851,7.541599570585078,2.4490069779924855,,
30,37.40606548577563,34.38674181427805,17.05582393988191,0.966183574879227,0.6575415995705851,7.098765432098766,2.428878153515835,,
31,35.63472893183038,32.387278582930755,20.853462157809982,0.966183574879227,0.6575415995705851,7.071926999463232,2.428878153515835,,
32,32.776435856146,33.76945786366076,17.975040257648953,0.966183574879227,0.6575415995705851,11.453301127214171,2.4020397208803006,,
33,31.78341384863124,32.776435856146,19.64573268921095,0.966183574879227,0.5233494363929146,11.29898013955985,3.0059044551798175,,
34,28.247450348899623,36.46672034353194,19.47128287707998,0.966183574879227,0.3824476650563607,10.876274825550189,3.180354267310789,0.4092860976918948,
35,28.395061728395063,36.41975308641975,19.384057971014492,0.966183574879227,0.3824476650563607,10.86285560923242,3.180354267310789,0.4092860976918948,
36,28.502415458937197,35.05099302200752,18.67283950617284,0.8521202361782072,0.3824476650563607,10.547504025764896,5.58239398819109,0.4092860976918948,
37,27.871712292002147,32.54159957058508,18.61916264090177,0.8521202361782072,0.3824476650563607,13.734567901234568,5.555555555555555,0.4025764895330113,0.040257648953301126
38,28.032742887815353,32.608695652173914,18.552066559312937,0.8521202361782072,0.3824476650563607,13.58695652173913,5.542136339237788,0.4025764895330113,0.040257648953301126
39,28.18035426731079,32.51476113794954,18.49838969404187,0.8521202361782072,0.3824476650563607,13.58695652173913,5.542136339237788,0.4025764895330113,0.040257648953301126
40,28.06629092860977,32.43424584004294,17.53220611916264,0.8521202361782072,1.5633387010198605,13.56682769726248,5.542136339237788,0.4025764895330113,0.040257648953301126
41,28.12667740203972,32.06521739130435,16.75389157273215,0.8521202361782072,1.5633387010198605,14.533011272141707,5.535426731078905,0.4025764895330113,0.16774020397208803
42,28.361513687600645,31.99141170155663,16.71363392377885,0.8521202361782072,1.5633387010198605,14.439076757917338,5.508588298443371,0.4025764895330113,0.16774020397208803
43,28.327965646806227,31.944444444444443,19.0150295222759,0.8521202361782072,1.4962426194310252,12.546967257112184,5.367686527106817,0.4025764895330113,0.04696725711218465
44,26.04669887278583,34.35319377348363,18.914385399892645,0.8521202361782072,1.4962426194310252,12.52012882447665,5.367686527106817,0.4025764895330113,0.04696725711218465
45,20.967525496511005,37.5,25.228126677402038,0.7783145464304885,0.8118625872249061,10.433440687063875,3.8311862587224907,0.4025764895330113,0.04696725711218465
46,21.141975308641975,37.4194847020934,25.140901771336555,0.7716049382716049,0.8118625872249061,10.433440687063875,3.8311862587224907,0.4025764895330113,0.04696725711218465
47,21.276167471819647,37.07729468599034,25.791733762748255,0.7716049382716049,0.8118625872249061,9.990606548577563,3.8311862587224907,0.4025764895330113,0.04696725711218465
48,21.591519055287172,36.761943102522814,25.785024154589372,0.9057971014492754,0.7917337627482555,9.96376811594203,3.750670960815888,0.4025764895330113,0.04696725711218465
49,21.70558239398819,36.41304347826087,27.979066022544284,0.9057971014492754,0.7917337627482555,9.75577026301664,1.9994632313472893,0.4025764895330113,0.04696725711218465
50,21.866612989801396,36.178207192699944,27.965646806226516,0.9057971014492754,0.9326355340848095,9.702093397745571,1.9994632313472893,0.4025764895330113,0.04696725711218465
51,20.242887815351583,32.83682232957595,26.603596349973163,0.9057971014492754,0.9259259259259259,16.009125067096083,2.0263016639828235,0.4025764895330113,0.04696725711218465
52,20.45088566827697,32.709339774557165,26.549919484702095,0.9057971014492754,0.9259259259259259,15.982286634460548,2.0263016639828235,0.4025764895330113,0.04696725711218465
53,20.551529790660226,32.628824476650564,26.536500268384327,0.8990874932903918,0.9259259259259259,15.982286634460548,2.0263016639828235,0.4025764895330113,0.04696725711218465
54,20.813204508856682,32.60198604401503,26.41572732152442,0.8990874932903918,0.9259259259259259,15.868223295759528,2.0263016639828235,0.4025764895330113,0.04696725711218465
55,21.034621578099838,32.347020933977454,26.33521202361782,1.0534084809447128,0.9259259259259259,15.827965646806227,2.0263016639828235,0.4025764895330113,0.04696725711218465
56,21.30300590445518,32.17928073000537,26.321792807300053,1.0534084809447128,0.9259259259259259,15.74074074074074,2.0263016639828235,0.4025764895330113,0.04696725711218465
57,21.443907675791735,31.99812130971551,26.247987117552334,1.0534084809447128,1.261406333870102,15.539452495974235,2.006172839506173,0.4025764895330113,0.04696725711218465
58,18.719806763285025,31.64922168545357,29.24718196457327,1.0198604401502953,1.261406333870102,14.53972088030059,3.113258185721954,0.4025764895330113,0.04696725711218465
59,18.907675791733762,31.582125603864736,29.139828234031132,1.0198604401502953,1.261406333870102,14.53972088030059,3.099838969404187,0.4025764895330113,0.04696725711218465
60,19.16935050993022,31.48148148148148,28.92512077294686,1.0198604401502953,1.261406333870102,14.49946323134729,3.0864197530864197,0.4025764895330113,0.15432098765432098
61,18.169618894256576,30.56897477187332,30.864197530864196,1.0198604401502953,1.247987117552335,14.492753623188406,3.079710144927536,0.4025764895330113,0.15432098765432098
62,16.150026838432634,33.42055823939882,30.381105743424584,1.0198604401502953,1.2077294685990339,14.184111647879764,3.079710144927536,0.4025764895330113,0.15432098765432098
63,16.317767042404725,33.17230273752013,30.334138486312398,1.1540526033279657,1.2077294685990339,14.184111647879764,3.0730005367686526,0.4025764895330113,0.15432098765432098
64,16.720343531937736,33.051529790660226,29.965110037573805,0.9728931830381106,1.2412775093934514,14.49946323134729,2.9924852388620504,0.4025764895330113,0.15432098765432098
65,16.894793344068706,33.011272141706925,29.898013955984972,0.9728931830381106,1.2412775093934514,14.486044015029522,2.9388083735909825,0.4025764895330113,0.15432098765432098
66,16.264090177133657,31.709608158883523,31.78341384863124,1.1137949543746646,1.2412775093934514,14.445786366076222,2.885131508319914,0.4025764895330113,0.15432098765432098
67,16.371443907675793,31.608964036500268,31.749865807836823,1.093666129898014,1.3486312399355878,14.38539989264627,2.885131508319914,0.4025764895330113,0.15432098765432098
68,16.834406870638755,31.508319914117017,31.46135265700483,1.06682769726248,1.3486312399355878,14.338432635534085,2.885131508319914,0.4025764895330113,0.15432098765432098
69,16.700214707461082,31.186258722490606,32.47450348899624,0.9997316156736447,1.3419216317767042,14.049919484702093,2.690552871712292,0.4025764895330113,0.15432098765432098
70,16.914922168545356,31.085614600107355,32.380568974771876,0.9997316156736447,1.3419216317767042,14.029790660225443,2.690552871712292,0.4025764895330113,0.15432098765432098
71,16.935050993022006,30.300590445517983,31.904186795491142,0.9997316156736447,1.2748255501878691,15.33816425120773,2.690552871712292,0.4025764895330113,0.15432098765432098
72,16.545893719806763,30.226784755770264,33.12533548040794,0.9259259259259259,1.2681159420289856,14.660493827160494,2.690552871712292,0.4025764895330113,0.15432098765432098
73,16.75389157273215,30.159688674181428,33.031400966183575,0.9259259259259259,1.2681159420289856,14.61352657004831,2.690552871712292,0.4025764895330113,0.15432098765432098
74,15.995705850778315,31.394256575415994,32.70263016639828,1.0802469135802468,1.2681159420289856,14.338432635534085,2.6637144390767578,0.4025764895330113,0.15432098765432098
75,15.546162104133119,30.951422436929683,34.82957595276436,1.0802469135802468,1.261406333870102,13.123993558776167,2.6502952227589907,0.4025764895330113,0.15432098765432098
76,15.687063875469672,30.931293612453032,34.70880300590446,1.0534084809447128,1.261406333870102,13.056897477187333,2.6502952227589907,0.4025764895330113,0.24825550187869028
77,15.881642512077295,30.88432635534085,34.60144927536232,1.0466988727858293,1.261406333870102,13.056897477187333,2.6301663982823404,0.4025764895330113,0.23483628556092323
78,14.586688137412775,30.08588298443371,34.23913043478261,1.0399892646269457,1.261406333870102,15.519323671497585,2.6301663982823404,0.4025764895330113,0.23483628556092323
79,14.647074610842727,29.924852388620504,32.991143317230275,1.0399892646269457,1.3955984970477724,16.7337627482555,2.6301663982823404,0.4025764895330113,0.23483628556092323
80,14.868491680085883,29.750402576489535,32.950885668276975,1.0399892646269457,1.3955984970477724,16.72705314009662,2.6301663982823404,0.4025764895330113,0.23483628556092323
81,14.962426194310252,29.750402576489535,32.90391841116479,1.0332796564680622,1.3955984970477724,16.71363392377885,2.6033279656468062,0.4025764895330113,0.23483628556092323
82,15.291196994095545,29.656468062265162,32.776435856146,1.0332796564680622,1.3955984970477724,16.606280193236714,2.6033279656468062,0.4025764895330113,0.23483628556092323
83,15.479066022544284,29.57595276435856,32.6556629092861,1.0332796564680622,1.3955984970477724,16.23725174449812,2.985775630703167,0.4025764895330113,0.23483628556092323
84,15.519323671497585,29.55582393988191,32.31347289318304,1.0332796564680622,1.3955984970477724,16.55931293612453,2.985775630703167,0.4025764895330113,0.23483628556092323
85,15.713902308105206,29.468599033816425,32.2061191626409,1.0332796564680622,1.3955984970477724,16.478797638217927,3.066290928609769,0.4025764895330113,0.23483628556092323
86,15.143585614600108,29.60950080515298,32.63553408480945,1.3687600644122384,1.3955984970477724,16.304347826086957,2.9052603327965647,0.4025764895330113,0.23483628556092323
87,15.425389157273216,29.2337627482555,32.41411701556629,1.7847557702630166,1.3486312399355878,16.27750939345142,2.8784219001610305,0.4025764895330113,0.23483628556092323
88,15.277777777777779,29.09286097691895,32.8569511540526,1.90552871712292,1.2144390767579174,16.25738056897477,2.657004830917874,0.4025764895330113,0.33548040794417605
89,14.955716586151368,26.992753623188406,32.709339774557165,1.7847557702630166,1.710950080515298,18.451422436929683,2.657004830917874,0.4025764895330113,0.33548040794417605
90,15.11003757380569,26.932367149758456,32.669082125603865,1.7847557702630166,1.710950080515298,18.397745571658614,2.657004830917874,0.4025764895330113,0.33548040794417605
91,15.257648953301127,26.86527106816962,32.306763285024154,1.7847557702630166,2.100107353730542,18.344068706387546,2.657004830917874,0.4025764895330113,0.28180354267310787
92,15.418679549114332,26.86527106816962,32.21953837895867,1.7847557702630166,2.100107353730542,18.290391841116477,2.636876006441224,0.4025764895330113,0.28180354267310787
93,15.190552871712292,27.78448738593666,35.53408480944713,1.6639828234031133,1.9659151905528718,15.774288781535159,1.402308105206656,0.4025764895330113,0.28180354267310787
94,14.439076757917338,26.08695652173913,40.002683843263554,1.5767579173376274,1.932367149758454,14.418947933440688,0.8588298443370908,0.4025764895330113,0.28180354267310787
95,14.727589908749328,25.99302200751476,39.72758990874933,1.5767579173376274,2.073268921095008,14.358561460010735,0.8588298443370908,0.4025764895330113,0.28180354267310787
96,15.11003757380569,25.831991411701555,39.28475577026302,1.5432098765432098,2.0665593129361244,14.31159420289855,1.1674718196457328,0.4025764895330113,0.28180354267310787
97,15.291196994095545,25.603864734299517,38.86205045625336,1.8183038110574343,2.341653247450349,14.231078904991948,1.1674718196457328,0.4025764895330113,0.28180354267310787
98,15.297906602254429,25.644122383252817,38.828502415458935,1.8183038110574343,2.341653247450349,14.217659688674182,1.1674718196457328,0.4025764895330113,0.28180354267310787
99,15.5126140633387,25.53676865271068,38.2313472893183,1.9256575415995705,2.341653247450349,14.65378421900161,1.1137949543746646,0.4025764895330113,0.28180354267310787
100,15.727321524422974,25.449543746645197,38.1508319914117,1.8786902844873858,2.3349436392914655,14.61352657004831,1.1607622114868492,0.4025764895330113,0.28180354267310787
101,14.264626945786366,24.88593666129898,40.995705850778315,1.8786902844873858,2.1806226516371443,13.734567901234568,1.3754696725711217,0.4025764895330113,0.28180354267310787
102,14.828234031132581,24.731615673644658,40.74074074074074,1.8451422436929683,2.13365539452496,13.6808910359635,1.3553408480944713,0.4025764895330113,0.28180354267310787
103,15.083199141170155,24.62426194310252,40.55958132045089,1.8451422436929683,2.214170692431562,13.654052603327965,1.3352120236178207,0.4025764895330113,0.28180354267310787
104,15.230810520665592,24.48336017176597,39.98926462694579,2.5429414922168547,2.214170692431562,13.519860440150294,1.3352120236178207,0.4025764895330113,0.28180354267310787
105,15.237520128824476,22.591250670960815,41.99543746645196,2.677133655394525,2.200751476113795,12.795222758990874,1.8183038110574343,0.4025764895330113,0.28180354267310787
106,15.398550724637682,22.517444981213096,41.98201825013419,2.657004830917874,2.200751476113795,12.741545893719806,1.8183038110574343,0.4025764895330113,0.28180354267310787
107,14.318303811057435,21.296296296296298,42.632850241545896,2.214170692431562,1.9122383252818036,15.170424047235642,1.778046162104133,0.4025764895330113,0.27509393451422437
108,14.714170692431562,21.24261943102523,42.351046698872786,2.214170692431562,1.9122383252818036,15.13016639828234,1.7579173376274826,0.4025764895330113,0.27509393451422437
109,15.096618357487923,20.8870101986044,42.14975845410628,2.4490069779924855,1.892109500805153,15.08990874932904,1.7579173376274826,0.4025764895330113,0.27509393451422437
110,15.371712292002147,20.75281803542673,42.069243156199676,2.4355877616747184,1.8786902844873858,15.056360708534621,1.7579173376274826,0.4025764895330113,0.27509393451422437
111,12.969672571121846,18.511808910359633,48.128019323671495,2.120236178207193,1.3553408480944713,14.65378421900161,1.6706924315619969,0.39586688137412773,0.19457863660762212
112,13.050187869028449,18.511808910359633,48.060923242082666,2.1068169618894257,1.3553408480944713,14.65378421900161,1.6706924315619969,0.39586688137412773,0.19457863660762212
113,13.311862587224907,18.511808910359633,47.765700483091784,2.100107353730542,1.3553408480944713,14.647074610842727,1.6706924315619969,0.39586688137412773,0.24154589371980675
114,12.70799785292539,17.733494363929147,46.81964573268921,1.9726247987117553,1.247987117552335,16.505636070853463,2.1269457863660763,0.39586688137412773,0.48980139559849706
115,13.023349436392914,17.70665593129361,46.63177670424047,1.9726247987117553,1.247987117552335,16.404991948470208,2.1269457863660763,0.39586688137412773,0.48980139559849706
116,13.331991411701557,17.58588298443371,46.14868491680086,1.9592055823939882,1.2278582930756843,16.666666666666668,2.1269457863660763,0.39586688137412773,0.5568974771873323
117,13.16425120772947,16.74718196457327,48.678207192699944,1.9592055823939882,1.7176596886741815,14.546430488459475,2.1269457863660763,0.3824476650563607,0.6776704240472357
118,13.231347289318304,16.51905528717123,45.880300590445515,1.9592055823939882,1.6237251744498122,13.828502415458937,5.897745571658615,0.3824476650563607,0.6776704240472357
119,13.238056897477188,16.404991948470208,44.42431561996779,1.865271068169619,1.6170155662909287,13.405797101449275,7.98443370907139,0.3824476650563607,0.6776704240472357
120,13.285024154589372,16.150026838432634,44.16264090177134,1.865271068169619,2.13365539452496,13.378958668813741,7.96430488459474,0.3824476650563607,0.6776704240472357
121,13.647342995169081,16.109769189479334,43.29039184111648,1.865271068169619,2.6838432635534084,13.378958668813741,7.96430488459474,0.3824476650563607,0.6776704240472357
122,13.955984970477724,15.975577026301664,43.21658615136876,1.865271068169619,2.6838432635534084,13.311862587224907,7.950885668276973,0.3824476650563607,0.6575415995705851
123,14.398819108964037,15.92860976918948,42.89452495974235,1.865271068169619,2.6838432635534084,13.238056897477188,7.950885668276973,0.3824476650563607,0.6575415995705851
124,14.586688137412775,15.92860976918948,42.652979066022546,1.9927536231884058,2.9790660225442833,12.875738056897477,7.944176060118089,0.3824476650563607,0.6575415995705851
125,14.586688137412775,15.848094471282877,42.20343531937735,1.9927536231884058,3.066290928609769,12.875738056897477,8.387010198604402,0.3824476650563607,0.6575415995705851
126,14.834943639291465,15.821256038647343,42.0625335480408,1.9927536231884058,3.066290928609769,12.835480407944177,8.3467525496511,0.3824476650563607,0.6575415995705851
127,15.076489533011273,15.794417606011809,41.89479334406871,1.9927536231884058,3.046162104133119,12.828770799785293,8.32662372517445,0.3824476650563607,0.6575415995705851
128,15.22410091250671,15.794417606011809,41.84111647879764,1.9927536231884058,3.046162104133119,12.801932367149758,8.3064949006978,0.33548040794417605,0.6575415995705851
129,15.391841116478798,15.74074074074074,41.7337627482555,1.9927536231884058,3.0394524959742353,12.801932367149758,8.3064949006978,0.33548040794417605,0.6575415995705851
130,15.74074074074074,15.68035426731079,41.58615136876006,1.9927536231884058,2.9924852388620504,12.754965110037574,8.259527643585615,0.33548040794417605,0.6575415995705851
131,15.921900161030596,15.666935050993022,41.52576489533011,1.9659151905528718,2.965646806226516,12.70799785292539,8.252818035426731,0.33548040794417605,0.6575415995705851
132,16.06280193236715,15.60654857756307,41.34460547504026,2.100107353730542,2.965646806226516,12.70799785292539,8.252818035426731,0.33548040794417605,0.6239935587761675
133,16.13660762211487,15.049651100375739,41.217122920021474,2.7241009125067097,2.952227589908749,12.70799785292539,8.252818035426731,0.33548040794417605,0.6239935587761675
134,16.31105743424584,15.01610305958132,41.136607622114866,2.7241009125067097,2.952227589908749,12.681159420289855,8.219269994632313,0.33548040794417605,0.6239935587761675
135,16.411701556629094,14.99597423510467,40.955448201825014,2.885131508319914,2.952227589908749,12.640901771336553,8.219269994632313,0.33548040794417605,0.6038647342995169
136,16.566022544283413,14.533011272141707,40.734031132581855,3.44873859366613,2.952227589908749,12.607353730542137,8.219269994632313,0.33548040794417605,0.6038647342995169
137,16.203703703703702,14.486044015029522,40.365002683843265,3.3145464304884595,3.0595813204508855,12.385936661298981,9.245840042941492,0.33548040794417605,0.6038647342995169
138,16.7337627482555,14.418947933440688,40.183843263553406,3.2877079978529253,3.0193236714975846,12.25174449812131,9.16532474503489,0.33548040794417605,0.6038647342995169
139,16.97530864197531,14.378690284487385,40.103327965646805,3.2742887815351582,3.012614063338701,12.198067632850242,9.118357487922705,0.33548040794417605,0.6038647342995169
140,17.23027375201288,14.278046162104133,39.982555018786904,3.2742887815351582,3.012614063338701,12.198067632850242,9.084809447128288,0.33548040794417605,0.6038647342995169
141,17.398013955984972,14.184111647879764,37.956253354804076,3.2742887815351582,5.448201825013419,11.735104669887278,9.064680622651638,0.33548040794417605,0.6038647342995169
142,17.62614063338701,14.150563607085346,37.88244766505636,3.2742887815351582,5.448201825013419,11.647879763821793,8.950617283950617,0.33548040794417605,0.6843800322061192
143,17.66639828234031,13.855340848094471,37.795222758990874,3.0931293612453032,6.031937734836285,11.60762211486849,8.93719806763285,0.33548040794417605,0.6776704240472357
144,17.72007514761138,13.848631239935587,37.62748255501879,3.0931293612453032,6.374127750939345,11.600912506709609,8.722490606548577,0.33548040794417605,0.6776704240472357
145,18.323939881910896,13.707729468599034,37.4597423510467,3.0931293612453032,6.206387546967257,11.500268384326356,8.722490606548577,0.30864197530864196,0.6776704240472357
146,18.50509930220075,13.70101986044015,37.35238862050456,3.0931293612453032,6.1862587224906065,11.500268384326356,8.675523349436393,0.30864197530864196,0.6776704240472357
147,18.310520665593128,13.513150831991412,36.15807836822329,2.945517981749866,6.179549114331723,13.305152979066023,8.621846484165324,0.30864197530864196,0.6575415995705851
148,18.53864734299517,13.513150831991412,36.010466988727856,2.932098765432099,6.179549114331723,13.238056897477188,8.621846484165324,0.30864197530864196,0.6575415995705851
149,18.706387546967257,13.331991411701557,35.950080515297905,2.932098765432099,6.300322061191626,13.238056897477188,8.57487922705314,0.30864197530864196,0.6575415995705851
150,18.773483628556093,13.331991411701557,35.88298443370907,2.932098765432099,6.300322061191626,13.238056897477188,8.57487922705314,0.30864197530864196,0.6575415995705851
151,19.028448738593667,13.271604938271604,35.65485775630703,3.0327428878153517,6.239935587761675,13.238056897477188,8.568169618894256,0.30864197530864196,0.6575415995705851
152,19.43773483628556,13.238056897477188,35.601180891035966,3.0193236714975846,6.213097155126141,13.157541599570585,8.36688137412775,0.30864197530864196,0.6575415995705851
153,19.692699946323135,13.191089640365004,35.52066559312936,2.9924852388620504,6.213097155126141,13.137412775093935,8.28636607622115,0.30864197530864196,0.6575415995705851
154,19.766505636070853,13.191089640365004,35.46698872785829,2.9924852388620504,6.199677938808374,13.137412775093935,8.279656468062266,0.30864197530864196,0.6575415995705851
155,19.961084272678477,13.177670424047236,35.21202361782072,3.126677402039721,6.199677938808374,13.130703166935051,8.225979602791197,0.30864197530864196,0.6575415995705851
156,20.155662909286097,13.083735909822867,35.19189479334407,3.126677402039721,6.199677938808374,13.097155126140633,8.179012345679013,0.30864197530864196,0.6575415995705851
157,20.222758990874933,13.077026301663983,35.12479871175523,3.126677402039721,6.199677938808374,13.083735909822867,8.299785292538916,0.20799785292538917,0.6575415995705851
158,20.182501341921633,12.949543746645196,34.88325281803543,3.1870638754696725,6.125872249060655,13.553408480944713,8.252818035426731,0.20799785292538917,0.6575415995705851
159,20.356951154052602,12.949543746645196,34.796027911969944,3.1602254428341383,6.112453032742888,13.533279656468062,8.232689210950081,0.20128824476650564,0.6575415995705851
160,20.531400966183575,12.922705314009661,34.66183574879227,3.1602254428341383,6.099033816425121,13.533279656468062,8.232689210950081,0.20128824476650564,0.6575415995705851
161,20.148953301127214,12.31213097155126,34.46725711218465,3.1065485775630703,5.904455179817498,15.177133655394526,8.09849704777241,0.1274825550187869,0.6575415995705851
162,20.544820182501343,12.25174449812131,34.38674181427805,3.0730005367686526,5.884326355340848,14.99597423510467,8.07836822329576,0.1274825550187869,0.6575415995705851
163,19.290123456790123,11.553945249597424,39.049919484702095,2.918679549114332,5.5756843800322065,13.922436929683306,7.051798174986581,0.1274825550187869,0.5099302200751477
164,19.484702093397747,11.506977992485238,38.95598497047772,2.918679549114332,5.562265163714439,13.882179280730005,7.051798174986581,0.1274825550187869,0.5099302200751477
165,19.685990338164252,11.426462694578637,38.93585614600107,2.8918411164787976,5.562265163714439,13.828502415458937,7.03166935050993,0.1274825550187869,0.5099302200751477
166,19.96779388083736,11.366076221148685,38.821792807300056,2.8918411164787976,5.495169082125604,13.828502415458937,6.991411701556629,0.1274825550187869,0.5099302200751477
167,20.38378958668814,11.218464841653248,38.58695652173913,2.9589371980676327,5.414653784219001,13.747987117552334,7.092055823939882,0.08722490606548577,0.5099302200751477
168,20.531400966183575,11.218464841653248,38.499731615673646,2.9589371980676327,5.387815351583468,13.714439076757918,7.092055823939882,0.08722490606548577,0.5099302200751477
169,20.739398819108963,11.211755233494364,38.378958668813745,2.9589371980676327,5.387815351583468,13.633923778851315,7.092055823939882,0.08722490606548577,0.5099302200751477
170,20.840042941492218,11.198336017176597,38.24476650563607,3.012614063338701,5.387815351583468,13.633923778851315,7.092055823939882,0.08722490606548577,0.5032206119162641
171,21.021202361782073,11.18491680085883,38.137412775093935,3.012614063338701,5.387815351583468,13.593666129898015,7.071926999463232,0.08722490606548577,0.5032206119162641
172,21.235909822866343,11.151368760064413,38.04347826086956,3.012614063338701,5.374396135265701,13.593666129898015,6.998121309715513,0.08722490606548577,0.5032206119162641
173,21.34326355340848,11.137949543746645,37.96967257112185,3.0059044551798175,5.374396135265701,13.580246913580247,6.998121309715513,0.08722490606548577,0.5032206119162641
174,21.544551798174986,11.117820719269995,37.66774020397209,3.0059044551798175,5.481749865807837,13.553408480944713,6.9310252281266775,0.08722490606548577,0.6105743424584005
175,21.866612989801396,11.07085346215781,37.4194847020934,3.0059044551798175,5.481749865807837,13.526570048309178,6.9310252281266775,0.08722490606548577,0.6105743424584005
176,21.93370907139023,11.064143853998926,37.31213097155126,3.1535158346752548,5.481749865807837,13.439345142243694,6.91760601180891,0.08722490606548577,0.6105743424584005
177,21.987385936661298,11.05072463768116,37.486580783682236,3.4151905528717124,5.414653784219001,13.170960815888352,6.776704240472356,0.08722490606548577,0.6105743424584005
178,22.14170692431562,11.05072463768116,37.3792270531401,3.4151905528717124,5.381105743424584,13.157541599570585,6.776704240472356,0.08722490606548577,0.6105743424584005
179,22.34970477724101,11.05072463768116,37.25845410628019,3.4151905528717124,5.381105743424584,13.130703166935051,6.743156199677939,0.08722490606548577,0.5837359098228664
180,22.21551261406334,10.970209339774557,36.99006977992485,3.455448201825013,5.246913580246914,13.077026301663983,7.37385936661299,0.08722490606548577,0.5837359098228664
181,22.67176596886742,10.943370907139023,36.66800858829844,3.421900161030596,5.246913580246914,13.050187869028449,7.326892109500805,0.08722490606548577,0.5837359098228664
182,22.805958132045088,10.943370907139023,36.58749329039184,3.421900161030596,5.246913580246914,13.030059044551798,7.2933440687063875,0.08722490606548577,0.5837359098228664
183,22.953569511540525,10.943370907139023,36.493558776167475,3.3950617283950617,5.246913580246914,13.003220611916264,7.2933440687063875,0.08722490606548577,0.5837359098228664
184,23.275630703166936,10.923242082662373,36.33923778851315,3.374932903918411,5.246913580246914,12.99651100375738,7.1725711218464845,0.08722490606548577,0.5837359098228664
185,19.129092860976918,21.537842190016104,31.736446591519055,3.2004830917874396,4.757112184648417,12.734836285560924,6.233225979602791,0.08722490606548577,0.5837359098228664
186,19.41760601180891,21.490874932903917,31.66935050993022,3.193773483628556,4.750402576489533,12.573805689747719,6.233225979602791,0.08722490606548577,0.5837359098228664
187,19.692699946323135,21.38352120236178,31.5955448201825,3.193773483628556,4.7101449275362315,12.52012882447665,6.233225979602791,0.08722490606548577,0.5837359098228664
188,19.85373054213634,21.3768115942029,31.49490069779925,3.1736446591519054,4.7101449275362315,12.506709608158884,6.213097155126141,0.08722490606548577,0.5837359098228664
189,20.055018786902846,21.349973161567366,31.367418142780462,3.1736446591519054,4.7101449275362315,12.4597423510467,6.213097155126141,0.08722490606548577,0.5837359098228664
190,20.222758990874933,21.26274825550188,31.300322061191626,3.1736446591519054,4.7168545356951155,12.446323134728932,6.206387546967257,0.08722490606548577,0.5837359098228664
191,20.356951154052602,21.24932903918411,31.132581857219538,3.280998389694042,4.7168545356951155,12.385936661298981,6.206387546967257,0.08722490606548577,0.5837359098228664
192,20.564949006977994,21.135265700483092,31.05877616747182,3.280998389694042,4.7168545356951155,12.379227053140097,6.1929683306494905,0.08722490606548577,0.5837359098228664
193,20.74610842726785,21.095008051529792,31.031937734836287,3.2675791733762747,4.690016103059581,12.345679012345679,6.152710681696189,0.08722490606548577,0.5837359098228664
194,17.14975845410628,18.867418142780462,38.51315083199141,2.9723564143853998,4.690016103059581,11.131239935587761,6.005099302200751,0.08722490606548577,0.5837359098228664
195,17.391304347826086,18.82716049382716,38.35212023617821,2.9723564143853998,4.690016103059581,11.09098228663446,6.005099302200751,0.08722490606548577,0.5837359098228664
196,17.465110037573805,17.498658078368223,38.10386473429951,2.7106816961889426,6.481481481481482,11.064143853998926,6.005099302200751,0.08722490606548577,0.5837359098228664
197,17.787171229200215,17.391304347826086,37.9092860976919,2.8515834675254963,6.394256575415996,11.037305421363392,5.958132045088567,0.08722490606548577,0.5837359098228664
198,17.941492216854535,17.371175523349436,37.31884057971015,3.3682232957595275,6.374127750939345,11.023886205045626,5.938003220611916,0.08722490606548577,0.5770263016639828
199,18.12265163714439,17.277241009125067,37.265163714439076,3.3682232957595275,6.374127750939345,10.990338164251208,5.938003220611916,0.08722490606548577,0.5770263016639828
200,17.652979066022546,16.51905528717123,42.20343531937735,3.2004830917874396,4.777241009125067,10.493827160493828,4.582662372517445,0.08722490606548577,0.4830917874396135
201,17.814009661835748,16.445249597423512,42.08266237251745,3.2877079978529253,4.757112184648417,10.46027911969941,4.582662372517445,0.08722490606548577,0.4830917874396135
202,17.94820182501342,16.445249597423512,42.03569511540526,3.2877079978529253,4.757112184648417,10.426731078904991,4.542404723564144,0.08722490606548577,0.46967257112184646
203,18.129361245303276,16.418411164787976,41.89479334406871,3.2139023081052067,4.8376274825550185,10.426731078904991,4.528985507246377,0.08722490606548577,0.46296296296296297
204,18.46484165324745,16.391572732152444,41.63311862587225,3.2139023081052067,4.830917874396135,10.413311862587225,4.502147074610843,0.08722490606548577,0.46296296296296297
205,18.659420289855074,16.25067096081589,41.55931293612453,3.2877079978529253,4.830917874396135,10.359634997316157,4.502147074610843,0.08722490606548577,0.46296296296296297
206,18.853998926462694,16.13660762211487,41.50563607085346,3.260869565217391,4.830917874396135,10.359634997316157,4.502147074610843,0.08722490606548577,0.46296296296296297
207,19.061996779388085,16.109769189479334,41.41170155662909,3.2474503488996245,4.817498658078368,10.332796564680622,4.4753086419753085,0.08722490606548577,0.4562533548040794
208,19.209608158883523,16.029253891572733,41.29092860976919,3.3480944712828773,4.817498658078368,10.285829307568438,4.4753086419753085,0.08722490606548577,0.4562533548040794
209,19.47128287707998,15.767579173376275,41.2037037037037,3.4822866344605474,4.817498658078368,10.258990874932904,4.455179817498658,0.08722490606548577,0.4562533548040794
210,19.558507783145465,15.747450348899624,41.14331723027375,3.4822866344605474,4.817498658078368,10.25228126677402,4.455179817498658,0.08722490606548577,0.4562533548040794
211,19.679280730005367,15.727321524422974,40.98228663446055,3.4822866344605474,4.911433172302737,10.225442834138486,4.448470209339774,0.08722490606548577,0.4562533548040794
212,19.91411701556629,15.579710144927537,40.83467525496511,3.6366076221148687,4.898013955984971,10.144927536231885,4.448470209339774,0.08722490606548577,0.4562533548040794
213,20.095276435856146,15.526033279656469,40.707192699946326,3.6366076221148687,4.898013955984971,10.144927536231885,4.448470209339774,0.08722490606548577,0.4562533548040794
214,20.28985507246377,15.391841116478798,40.56629092860977,3.7238325281803544,4.898013955984971,10.144927536231885,4.441760601180891,0.08722490606548577,0.4562533548040794
215,20.323403113258184,15.365002683843263,40.31132581857219,3.7238325281803544,5.5756843800322065,9.990606548577563,4.166666666666667,0.08722490606548577,0.4562533548040794
216,20.48443370907139,15.344873859366613,40.25093934514224,3.7238325281803544,5.522007514761138,9.977187332259795,4.1532474503489,0.08722490606548577,0.4562533548040794
217,20.74610842726785,15.33816425120773,40.06977992485239,3.69699409554482,5.475040257648954,9.936929683306495,4.119699409554482,0.08722490606548577,0.5300590445517982
218,20.947396672034355,15.217391304347826,39.88191089640365,3.69699409554482,5.475040257648954,9.916800858829845,4.119699409554482,0.08722490606548577,0.6575415995705851
219,21.007783145464305,15.203972088030058,39.841653247450346,3.750670960815888,5.475040257648954,9.876543209876543,4.0995705850778315,0.08722490606548577,0.6575415995705851
220,21.101717659688674,15.116747181964573,39.79468599033817,3.750670960815888,5.58239398819109,9.809447128287708,4.0995705850778315,0.08722490606548577,0.6575415995705851
221,21.22920021470746,15.103327965646805,39.741009125067094,3.7238325281803544,5.562265163714439,9.796027911969942,4.0995705850778315,0.08722490606548577,0.6575415995705851
222,21.276167471819647,15.08990874932904,39.55314009661836,3.9184111647879765,5.555555555555555,9.762479871175524,4.0995705850778315,0.08722490606548577,0.6575415995705851
223,21.38352120236178,15.063070316693505,39.398819108964034,4.052603327965647,5.535426731078905,9.722222222222221,4.0995705850778315,0.08722490606548577,0.6575415995705851
224,21.76596886741814,14.942297369833602,39.20424047235642,4.025764895330113,5.495169082125604,9.702093397745571,4.119699409554482,0.08722490606548577,0.6575415995705851
225,22.094739667203434,14.922168545356952,38.888888888888886,4.086151368760064,5.495169082125604,9.668545356951155,4.0995705850778315,0.08722490606548577,0.6575415995705851
226,21.752549651100377,14.922168545356952,40.56629092860977,4.05931293612453,5.495169082125604,9.648416532474503,2.8113258185721954,0.08722490606548577,0.6575415995705851
227,21.77938808373591,14.351851851851851,40.385131508319915,4.830917874396135,5.4616210413311865,9.648416532474503,2.8113258185721954,0.08722490606548577,0.644122383252818
228,22.10144927536232,14.345142243692969,40.11003757380569,4.830917874396135,5.434782608695652,9.648416532474503,2.7979066022544283,0.08722490606548577,0.644122383252818
229,21.544551798174986,13.45276435856146,42.639559849704774,4.045893719806763,5.052334943639291,9.903381642512077,2.677133655394525,0.08722490606548577,0.5971551261406334
230,21.638486312399355,13.45276435856146,42.599302200751474,4.045893719806763,5.025496511003757,9.876543209876543,2.677133655394525,0.08722490606548577,0.5971551261406334
231,21.81964573268921,13.425925925925926,42.39801395598497,4.119699409554482,5.018786902844874,9.856414385399892,2.677133655394525,0.08722490606548577,0.5971551261406334
232,22.114868491680085,13.41250670960816,42.129629629629626,4.106280193236715,5.018786902844874,9.856414385399892,2.677133655394525,0.08722490606548577,0.5971551261406334
233,22.443639291465377,13.238056897477188,41.988727858293075,4.0995705850778315,5.018786902844874,9.849704777241008,2.677133655394525,0.08722490606548577,0.5971551261406334
234,21.329844337090712,11.788781535158346,41.324476650563604,3.864734299516908,4.696725711218465,9.782608695652174,6.528448738593666,0.08722490606548577,0.5971551261406334
235,21.66532474503489,11.674718196457327,40.86151368760064,4.159957058507783,4.656468062265164,9.769189479334408,6.528448738593666,0.08722490606548577,0.5971551261406334
236,21.906870638754697,11.654589371980677,40.50590445517982,4.126409017713366,4.656468062265164,9.5276435856146,6.796833064949007,0.08722490606548577,0.7380568974771873
237,21.994095544820183,11.594202898550725,40.00939345142244,4.126409017713366,4.911433172302737,9.50751476113795,6.796833064949007,0.08722490606548577,0.9728931830381106
238,22.134997316156735,11.54723564143854,39.95571658615137,4.126409017713366,4.911433172302737,9.46725711218465,6.796833064949007,0.08722490606548577,0.9728931830381106
239,22.309447128287708,11.520397208803006,39.89533011272142,4.092860976918948,4.884594739667204,9.453837895866881,6.78341384863124,0.08722490606548577,0.9728931830381106
240,22.33628556092324,11.506977992485238,39.71417069243156,4.388083735909823,4.884594739667204,9.420289855072463,6.689479334406871,0.08722490606548577,0.9728931830381106
241,19.880568974771872,11.084272678475577,46.70558239398819,4.03918411164788,3.294417606011809,7.521470746108427,6.474771873322598,0.08722490606548577,0.9125067096081588
242,20.041599570585078,11.030595813204508,46.60493827160494,4.032474503488996,3.294417606011809,7.521470746108427,6.474771873322598,0.08722490606548577,0.9125067096081588
243,19.83360171765969,10.976918947933441,46.01449275362319,4.119699409554482,3.280998389694042,8.259527643585615,6.407675791733762,0.08722490606548577,1.0198604401502953
244,20.209339774557165,10.963499731615673,45.69243156199678,4.119699409554482,3.280998389694042,8.259527643585615,6.367418142780462,0.08722490606548577,1.0198604401502953
