,45,50,51,55,52,53,54,56,57,58
0,96.64519592055824,3.3548040794417604,,,,,,,,
1,96.64519592055824,3.3548040794417604,,,,,,,,
2,84.68196457326893,15.318035426731079,,,,,,,,
3,61.48684916800859,38.51315083199141,,,,,,,,
4,61.553945249597426,38.446054750402574,,,,,,,,
5,60.581052066559316,33.63526570048309,5.783682232957595,,,,,,,
6,60.581052066559316,33.63526570048309,5.783682232957595,,,,,,,
7,60.581052066559316,31.582125603864736,5.783682232957595,2.0531400966183573,,,,,,
8,60.72866344605475,31.49490069779925,5.723295759527644,2.0531400966183573,,,,,,
9,52.462426194310254,29.602791196994094,13.580246913580247,2.0531400966183573,2.301395598497048,,,,,
10,49.973161567364464,33.19914117015566,12.842190016103059,0.9125067096081588,3.0730005367686526,,,,,
11,50.10064412238325,33.071658615136876,12.842190016103059,0.9125067096081588,3.0730005367686526,,,,,
12,47.53086419753087,32.8569511540526,13.942565754159958,0.9125067096081588,0.8990874932903918,3.569511540526033,0.2885131508319914,,,
13,47.24235104669887,31.11916264090177,16.478797638217927,0.4025764895330113,0.8990874932903918,3.569511540526033,0.2885131508319914,,,
14,40.39855072463768,31.186258722490606,22.906602254428343,0.5300590445517982,0.8990874932903918,3.556092324208266,0.5233494363929146,,,
15,38.6406333870102,26.78475577026302,29.012345679012345,0.5300590445517982,0.8990874932903918,3.455448201825013,0.6776704240472357,,,
16,38.45276435856146,25.925925925925927,31.95115405260333,0.5300590445517982,0.49651100375738055,2.4892646269457863,0.15432098765432098,,,
17,36.151368760064415,23.980139559849704,38.399087493290395,0.5300590445517982,0.49651100375738055,0.2885131508319914,0.15432098765432098,,,
18,36.198336017176594,23.262211486849168,35.970209339774556,0.36902844873859364,3.7573805689747717,0.2885131508319914,0.15432098765432098,,,
19,29.066022544283413,27.361782071927,38.707729468599034,0.36902844873859364,3.730542136339238,0.2885131508319914,0.47638217928073,,,
20,24.194847020933977,21.85319377348363,49.241814278046164,0.2147074610842727,3.730542136339238,0.43612453032742887,0.32877079978529256,,,
21,24.134460547504027,21.967257112184647,49.18813741277509,0.2147074610842727,3.730542136339238,0.43612453032742887,0.32877079978529256,,,
22,24.174718196457327,21.967257112184647,48.90633387010199,0.4562533548040794,3.730542136339238,0.43612453032742887,0.32877079978529256,,,
23,22.5577026301664,21.906870638754697,50.58373590982286,0.4562533548040794,3.730542136339238,0.43612453032742887,0.32877079978529256,,,
24,19.75979602791197,18.297101449275363,57.46779388083736,0.4562533548040794,3.2541599570585076,0.43612453032742887,0.32877079978529256,,,
25,20.276435856146,18.035426731078903,57.45437466451959,0.2147074610842727,3.2541599570585076,0.43612453032742887,0.32877079978529256,,,
26,16.0426731078905,8.111916264090176,72.64492753623189,0.2147074610842727,2.341653247450349,0.322061191626409,0.322061191626409,,,
27,16.089640365002683,8.111916264090176,72.5979602791197,0.2147074610842727,2.341653247450349,0.322061191626409,0.322061191626409,,,
28,15.962157809983896,7.9039184111647875,72.71202361782072,0.2147074610842727,2.341653247450349,0.322061191626409,0.322061191626409,0.2214170692431562,,
29,16.029253891572733,7.9039184111647875,72.64492753623189,0.2147074610842727,2.341653247450349,0.322061191626409,0.322061191626409,0.2214170692431562,,
30,12.171229200214707,7.347020933977456,68.10923242082663,0.2147074610842727,7.87037037037037,4.052603327965647,0.013419216317767043,0.2214170692431562,,
31,12.23161567364466,7.219538378958669,66.98201825013419,0.3757380568974772,7.87037037037037,4.052603327965647,0.013419216317767043,1.2546967257112185,,
32,12.090713902308105,7.199409554482019,66.06280193236715,0.3757380568974772,7.50805152979066,4.052603327965647,1.4559849704777241,1.2546967257112185,,
33,12.191358024691358,7.152442297369833,65.90848094471284,0.3757380568974772,7.50805152979066,4.052603327965647,1.4559849704777241,1.3553408480944713,,
34,10.071121846484166,29.374664519592056,45.63204508856683,0.20128824476650564,6.501610305958132,7.326892109500805,0.5703166935050993,0.322061191626409,,
35,10.158346752549651,29.32769726247987,45.591787439613526,0.20128824476650564,6.501610305958132,7.326892109500805,0.5703166935050993,0.322061191626409,,
36,10.245571658615138,29.274020397208805,45.55823939881911,0.20128824476650564,6.501610305958132,7.326892109500805,0.5703166935050993,0.322061191626409,,
37,10.406602254428341,29.146537842190018,45.52469135802469,0.20128824476650564,6.501610305958132,7.326892109500805,0.5703166935050993,0.322061191626409,,
38,10.520665593129362,29.07944176060118,45.4777241009125,0.20128824476650564,6.501610305958132,7.326892109500805,0.5703166935050993,0.322061191626409,,
39,10.292538915727322,27.68384326355341,45.05501878690284,1.596886741814278,5.508588298443371,7.326892109500805,2.214170692431562,0.322061191626409,,
40,10.131508319914117,27.462426194310254,51.831723027375205,1.4962426194310252,1.7579173376274826,6.662640901771336,0.5568974771873323,0.10064412238325282,,
41,8.3064949006978,24.114331723027377,57.038378958668815,1.4962426194310252,1.7579173376274826,6.629092860976919,0.5568974771873323,0.10064412238325282,,
42,8.340042941492216,22.14170692431562,60.84272678475577,1.4962426194310252,1.7579173376274826,5.320719269994632,,0.10064412238325282,,
43,8.494363929146537,22.134997316156735,57.407407407407405,1.4962426194310252,5.045625335480408,5.320719269994632,,0.10064412238325282,,
44,8.460815888352121,22.134997316156735,59.09151905528717,1.4962426194310252,3.3950617283950617,5.320719269994632,,0.10064412238325282,,
45,8.635265700483092,22.108158883521202,59.004294149221685,1.4962426194310252,3.3950617283950617,5.260332796564681,,0.10064412238325282,,
46,8.682232957595277,20.873590982286636,58.91035963499731,2.7777777777777777,3.3950617283950617,5.260332796564681,,0.10064412238325282,,
47,8.76274825550188,20.82662372517445,58.91035963499731,2.7442297369833604,3.3950617283950617,5.260332796564681,,0.10064412238325282,,
48,8.816425120772946,20.799785292538918,58.91035963499731,2.7442297369833604,3.3950617283950617,5.233494363929147,,0.10064412238325282,,
49,8.870101986044014,20.799785292538918,58.8768115942029,2.7442297369833604,3.3950617283950617,5.213365539452496,,0.10064412238325282,,
50,9.057971014492754,20.78636607622115,58.742619431025226,2.717391304347826,3.3816425120772946,5.213365539452496,,0.10064412238325282,,
51,9.044551798174986,16.23054213633924,58.662104133118625,1.4962426194310252,9.272678475577026,5.193236714975845,,0.10064412238325282,,
52,8.729200214707461,16.150026838432634,59.05797101449275,1.4962426194310252,9.272678475577026,5.193236714975845,,0.10064412238325282,,
53,8.856682769726248,16.150026838432634,58.943907675791735,1.4962426194310252,9.25925925925926,5.193236714975845,,0.10064412238325282,,
54,9.198872785829307,16.1231884057971,58.76945786366076,1.4962426194310252,9.232420826623725,5.0791733762748255,,0.10064412238325282,,
55,9.480676328502415,16.10305958132045,57.52147074610843,1.4962426194310252,9.118357487922705,6.179549114331723,,0.10064412238325282,,
56,9.514224369296834,16.069511540526033,57.52147074610843,1.4962426194310252,9.118357487922705,6.179549114331723,,0.10064412238325282,,
57,9.64170692431562,16.022544283413847,57.46108427267848,1.4962426194310252,9.118357487922705,6.159420289855072,,0.10064412238325282,,
58,9.534353193773484,16.022544283413847,57.56843800322061,1.4962426194310252,9.118357487922705,6.159420289855072,,0.10064412238325282,,
59,9.675254965110037,16.015834675254965,57.45437466451959,1.4962426194310252,9.118357487922705,6.139291465378422,,0.10064412238325282,,
60,9.923510466988727,15.801127214170693,56.474771873322595,1.6975308641975309,9.118357487922705,6.085614600107354,,0.8990874932903918,,
61,10.238862050456254,15.774288781535159,56.26006441223833,1.6975308641975309,9.104938271604938,6.025228126677402,,0.8990874932903918,,
62,10.339506172839506,15.72061191626409,56.24664519592056,1.6975308641975309,9.078099838969404,6.018518518518518,,0.8990874932903918,,
63,10.413311862587225,15.70048309178744,56.19296833064949,1.6975308641975309,9.078099838969404,6.018518518518518,,0.8990874932903918,,
64,10.466988727858293,15.70048309178744,56.166129898013956,1.6975308641975309,9.078099838969404,5.991680085882985,,0.8990874932903918,,
65,10.540794417606012,15.49248523886205,54.408212560386474,1.7914653784219001,8.179012345679013,8.68894256575416,,0.8990874932903918,,
66,10.782340311325818,15.49248523886205,54.220343531937736,1.7914653784219001,8.051529790660226,8.675523349436393,,0.9863123993558777,,
67,11.151368760064413,15.458937198067632,54.03918411164788,1.7914653784219001,7.997852925389157,8.57487922705314,,0.9863123993558777,,
68,11.218464841653248,15.150295222758992,53.958668813741276,1.7914653784219001,8.319914117015566,8.57487922705314,,0.9863123993558777,,
69,11.406333870101985,15.08990874932904,53.93183038110574,1.7914653784219001,8.219269994632313,8.57487922705314,,0.9863123993558777,,
70,11.77536231884058,15.08990874932904,53.743961352657,1.7914653784219001,8.219269994632313,8.393719806763285,,0.9863123993558777,,
71,11.822329575952764,14.989264626945786,51.0601180891036,1.7914653784219001,8.031400966183575,11.3191089640365,,0.9863123993558777,,
72,11.634460547504025,14.989264626945786,50.78502415458937,1.7914653784219001,8.501073537305421,11.312399355877616,,0.9863123993558777,,
73,11.802200751476114,14.989264626945786,50.70450885668277,1.7914653784219001,8.501073537305421,11.225174449812132,,0.9863123993558777,,
74,11.936392914653783,14.935587761674718,50.637412775093935,1.7914653784219001,8.501073537305421,11.211755233494364,,0.9863123993558777,,
75,11.694847020933977,15.230810520665592,50.295222758990874,1.9457863660762211,8.487654320987655,11.211755233494364,,1.133923778851315,,
76,11.98336017176597,15.190552871712292,50.11406333870102,1.9457863660762211,8.474235104669887,11.158078368223295,,1.133923778851315,,
77,8.259527643585615,13.150831991411701,56.96457326892109,1.9457863660762211,7.48792270531401,11.158078368223295,,1.0332796564680622,,
78,8.648684916800859,13.003220611916264,56.79012345679013,1.9457863660762211,7.48792270531401,11.09098228663446,,1.0332796564680622,,
79,8.903650026838433,13.003220611916264,56.57541599570585,1.9457863660762211,7.447665056360709,11.09098228663446,,1.0332796564680622,,
80,9.004294149221685,12.989801395598498,56.105743424584006,1.9457863660762211,7.447665056360709,11.077563070316694,,1.42914653784219,,
81,7.991143317230274,12.828770799785293,57.31347289318304,1.9457863660762211,7.434245840042942,11.07085346215781,,1.415727321524423,,
82,8.004562533548041,12.828770799785293,57.30005367686527,1.9457863660762211,7.434245840042942,11.07085346215781,,1.415727321524423,,
83,8.21256038647343,12.721417069243156,57.30005367686527,1.9457863660762211,7.434245840042942,10.970209339774557,,1.415727321524423,,
84,8.246108427267847,12.721417069243156,57.14573268921095,2.0665593129361244,7.434245840042942,10.970209339774557,,1.415727321524423,,
85,4.87788513150832,32.729468599033815,43.76006441223833,1.9659151905528718,6.199677938808374,8.917069243156199,,1.5499194847020934,,
86,5.045625335480408,30.703166935050994,43.53864734299517,4.092860976918948,6.152710681696189,8.917069243156199,,1.5499194847020934,,
87,4.851046698872786,23.59098228663446,43.243424584004295,3.797638217928073,14.123725174449811,8.84326355340848,,1.5499194847020934,,
88,4.770531400966184,23.30246913580247,42.089371980676326,3.797638217928073,14.123725174449811,8.776167471819646,1.5901771336553945,1.5499194847020934,,
89,4.810789049919484,23.262211486849168,42.089371980676326,3.797638217928073,14.123725174449811,8.776167471819646,1.5901771336553945,1.5499194847020934,,
90,4.9718196457326895,23.141438539989263,42.089371980676326,3.784219001610306,14.096886741814279,8.776167471819646,1.5901771336553945,1.5499194847020934,,
91,5.0791733762748255,23.141438539989263,42.0222758990875,3.784219001610306,14.096886741814279,8.735909822866345,1.5901771336553945,1.5499194847020934,,
92,5.179817498658078,23.1280193236715,41.99543746645196,3.784219001610306,14.096886741814279,8.675523349436393,1.5901771336553945,1.5499194847020934,,
93,5.273752012882448,23.1280193236715,41.91492216854536,3.784219001610306,14.083467525496511,8.675523349436393,1.5901771336553945,1.5499194847020934,,
94,5.340848094471283,23.05421363392378,41.418411164787976,3.784219001610306,14.009661835748792,8.568169618894256,1.5901771336553945,2.2342995169082127,,
95,4.361245303274289,19.0955448201825,35.668276972624795,3.784219001610306,14.009661835748792,19.243156199677937,1.5901771336553945,2.24771873322598,,
96,4.42163177670424,19.0955448201825,35.63472893183038,3.770799785292539,13.996242619431026,19.243156199677937,1.5901771336553945,2.24771873322598,,
97,4.64975845410628,19.0955448201825,35.45356951154053,3.770799785292539,13.996242619431026,19.196188942565755,1.5901771336553945,2.24771873322598,,
98,4.62962962962963,19.0955448201825,35.265700483091784,3.770799785292539,13.862050456253355,19.108964036500268,1.8853998926462694,2.24771873322598,0.13419216317767044,
99,4.797369833601718,19.082125603864736,35.08454106280193,3.911701556629093,13.808373590982287,19.0955448201825,1.8853998926462694,2.200751476113795,0.13419216317767044,
100,4.871175523349437,19.048577563070317,35.07112184648417,5.12614063338701,13.781535158346752,17.881105743424584,1.8853998926462694,2.200751476113795,0.13419216317767044,
101,5.005367686527107,19.048577563070317,35.04428341384863,5.12614063338701,13.774825550187868,17.820719269994633,1.8451422436929683,2.200751476113795,0.13419216317767044,
102,5.132850241545894,19.048577563070317,34.977187332259795,5.12614063338701,13.714439076757918,17.820719269994633,1.8451422436929683,2.200751476113795,0.13419216317767044,
103,5.253623188405797,19.0150295222759,34.91009125067096,5.12614063338701,13.70101986044015,17.820719269994633,1.8451422436929683,2.1940418679549114,0.13419216317767044,
104,4.240472356414386,18.9747718733226,38.89559849704777,5.12614063338701,13.6406333870102,15.096618357487923,1.8451422436929683,2.0531400966183573,0.1274825550187869,
105,4.341116478797638,18.947933440687063,38.86205045625336,5.12614063338701,13.6406333870102,15.056360708534621,1.8451422436929683,2.0531400966183573,0.1274825550187869,
106,4.53569511540526,18.10252281266774,38.687600644122384,5.991680085882985,13.291733762748256,15.056360708534621,1.8451422436929683,2.01959205582394,0.46967257112184646,
107,4.783950617283951,18.075684380032207,38.63392377885131,5.964841653247451,13.291733762748256,14.935587761674718,1.8250134192163177,2.01959205582394,0.46967257112184646,
108,5.045625335480408,17.74020397208803,38.47289318303811,5.662909286097692,14.143853998926463,14.720880300590446,1.8250134192163177,1.9189479334406871,0.46967257112184646,
109,4.253891572732153,15.136876006441224,38.96269457863661,5.065754159957058,18.02871712292002,14.720880300590446,1.5767579173376274,1.7847557702630166,0.46967257112184646,
110,4.455179817498658,15.022812667740205,38.91572732152442,5.065754159957058,18.02871712292002,14.680622651637144,1.5767579173376274,1.7847557702630166,0.46967257112184646,
111,4.555823939881911,14.962426194310252,38.91572732152442,5.052334943639291,18.00187869028449,14.680622651637144,1.5767579173376274,1.7847557702630166,0.46967257112184646,
112,4.327697262479871,13.633923778851315,48.87949543746645,4.455179817498658,17.995169082125603,6.877348362855609,1.5767579173376274,1.7847557702630166,0.46967257112184646,
113,4.40150295222759,13.633923778851315,48.80568974771873,4.455179817498658,17.995169082125603,6.877348362855609,1.5767579173376274,1.7847557702630166,0.46967257112184646,
114,4.53569511540526,13.633923778851315,48.772141706924316,4.441760601180891,17.954911433172303,6.843800322061192,1.5767579173376274,1.7713365539452497,0.46967257112184646,
115,4.582662372517445,13.633923778851315,48.76543209876543,4.408212560386473,17.954911433172303,6.837090713902308,1.5767579173376274,1.7713365539452497,0.46967257112184646,
116,4.656468062265164,13.620504562533547,48.70504562533548,4.408212560386473,17.954911433172303,6.837090713902308,1.5767579173376274,1.7713365539452497,0.46967257112184646,
117,4.669887278582931,13.298443370907139,46.14868491680086,4.408212560386473,20.82662372517445,6.830381105743425,1.5767579173376274,1.7713365539452497,0.46967257112184646,
118,4.64975845410628,11.58749329039184,46.00107353730542,6.474771873322598,20.699141170155663,6.769994632313473,1.5767579173376274,1.7713365539452497,0.46967257112184646,
119,4.770531400966184,11.560654857756306,42.169887278582934,6.447933440687064,20.699141170155663,6.689479334406871,5.441492216854535,1.751207729468599,0.46967257112184646,
120,4.944981213097155,11.560654857756306,42.15646806226516,6.427804616210413,20.578368223295758,6.689479334406871,5.421363392377885,1.751207729468599,0.46967257112184646,
121,5.018786902844874,11.560654857756306,42.08266237251745,6.427804616210413,20.578368223295758,6.689479334406871,5.421363392377885,1.751207729468599,0.46967257112184646,
122,5.159688674181428,11.54723564143854,42.049114331723025,6.427804616210413,20.48443370907139,6.689479334406871,5.421363392377885,1.751207729468599,0.46967257112184646,
123,5.253623188405797,11.513687600644122,42.049114331723025,6.421095008051529,20.457595276435857,6.662640901771336,5.421363392377885,1.751207729468599,0.46967257112184646,
124,5.374396135265701,11.513687600644122,42.04240472356415,6.414385399892646,20.35024154589372,6.662640901771336,5.421363392377885,1.751207729468599,0.46967257112184646,
125,5.60252281266774,11.513687600644122,42.00214707461084,6.380837359098229,20.202630166398283,6.662640901771336,5.414653784219001,1.751207729468599,0.46967257112184646,
126,5.750134192163178,11.466720343531938,41.96188942565754,6.327160493827161,20.202630166398283,6.655931293612453,5.414653784219001,1.751207729468599,0.46967257112184646,
127,5.870907139023081,11.466720343531938,41.888083735909824,6.327160493827161,20.182501341921633,6.629092860976919,5.414653784219001,1.751207729468599,0.46967257112184646,
128,6.045356951154052,11.399624261943103,41.80756843800322,6.327160493827161,20.155662909286097,6.629092860976919,5.414653784219001,1.751207729468599,0.46967257112184646,
129,6.152710681696189,11.386205045625335,41.76731078904992,6.286902844873859,20.142243692968332,6.629092860976919,5.414653784219001,1.751207729468599,0.46967257112184646,
130,6.219806763285024,11.386205045625335,41.727053140096615,6.286902844873859,19.83360171765969,6.629092860976919,5.414653784219001,1.751207729468599,0.7514761137949544,
131,6.213097155126141,11.386205045625335,41.6532474503489,6.387546967257112,19.83360171765969,6.608964036500268,5.414653784219001,1.751207729468599,0.7514761137949544,
132,6.414385399892646,11.33923778851315,41.619699409554485,6.387546967257112,19.712828770799785,6.508319914117015,5.414653784219001,1.8518518518518519,0.7514761137949544,
133,6.515029522275899,11.312399355877616,41.55260332796565,6.387546967257112,19.706119162640903,6.508319914117015,5.414653784219001,1.8518518518518519,0.7514761137949544,
134,6.367418142780462,10.299248523886206,41.257380568974774,6.025228126677402,18.49838969404187,8.53462157809984,5.414653784219001,3.166935050993022,0.43612453032742887,
135,5.629361245303274,7.769726247987117,41.257380568974774,4.64975845410628,23.63123993558776,8.53462157809984,5.414653784219001,2.677133655394525,0.43612453032742887,
136,5.931293612453032,7.7361782071927,41.156736446591516,4.757112184648417,23.537305421363392,8.393719806763285,5.414653784219001,2.636876006441224,0.43612453032742887,
137,6.092324208266238,7.615405260332796,41.04938271604938,4.757112184648417,23.13472893183038,8.393719806763285,5.401234567901234,3.1199677938808374,0.43612453032742887,
138,5.877616747181965,6.877348362855609,45.46430488459474,5.193236714975845,22.65834675254965,6.374127750939345,3.9989264626945786,3.1199677938808374,0.43612453032742887,
139,5.931293612453032,6.863929146537842,45.42404723564144,5.193236714975845,22.65834675254965,6.374127750939345,3.9989264626945786,3.1199677938808374,0.43612453032742887,
140,6.199677938808374,6.857219538378959,45.34353193773484,5.193236714975845,22.477187332259795,6.374127750939345,3.9989264626945786,3.1199677938808374,0.43612453032742887,
141,6.239935587761675,6.857219538378959,41.076221148684915,5.193236714975845,26.77133655394525,6.3070316693505095,3.9989264626945786,3.1199677938808374,0.43612453032742887,
142,6.293612453032743,6.837090713902308,41.076221148684915,5.186527106816962,26.744498121309714,6.3070316693505095,3.9989264626945786,3.1199677938808374,0.43612453032742887,
143,6.454643048845948,6.8035426731078905,41.02254428341385,5.186527106816962,26.690821256038646,6.293612453032743,3.9989264626945786,3.1199677938808374,0.4294149221685454,
144,6.360708534621578,6.8035426731078905,40.94202898550725,6.119162640901771,25.93263553408481,6.293612453032743,3.9989264626945786,3.1199677938808374,0.4294149221685454,
145,6.253354804079442,6.447933440687064,39.9020397208803,4.851046698872786,28.703703703703702,6.293612453032743,3.9989264626945786,3.1199677938808374,0.4294149221685454,
146,6.327160493827161,6.447933440687064,39.83494363929147,4.851046698872786,28.703703703703702,6.286902844873859,3.9989264626945786,3.1199677938808374,0.4294149221685454,
147,6.327160493827161,6.447933440687064,39.83494363929147,4.851046698872786,28.703703703703702,6.286902844873859,3.9989264626945786,3.1199677938808374,0.4294149221685454,
148,6.488191089640365,6.447933440687064,39.71417069243156,4.851046698872786,28.663446054750402,6.286902844873859,3.9989264626945786,3.1199677938808374,0.4294149221685454,
149,6.4345142243692965,6.447933440687064,36.69484702093398,4.8443370907139025,31.54186795491143,6.280193236714976,3.9989264626945786,3.3279656468062266,0.4294149221685454,
150,6.528448738593666,6.414385399892646,36.66129898013956,4.8443370907139025,31.5150295222759,6.280193236714976,3.9989264626945786,3.3279656468062266,0.4294149221685454,
151,6.629092860976919,6.414385399892646,36.64787976382179,4.8443370907139025,31.427804616210413,6.280193236714976,3.9989264626945786,3.3279656468062266,0.4294149221685454,
152,6.991411701556629,6.414385399892646,36.60762211486849,4.8376274825550185,31.374127750939344,6.280193236714976,3.7372517444981215,3.3279656468062266,0.4294149221685454,
153,7.179280730005368,6.414385399892646,36.540526033279654,4.8376274825550185,31.253354804079443,6.280193236714976,3.7372517444981215,3.3279656468062266,0.4294149221685454,
154,7.300053676865271,6.374127750939345,36.37949543746645,4.8376274825550185,31.17283950617284,6.246645195920558,3.717122920021471,3.5426731078904994,0.4294149221685454,
155,7.37385936661299,6.374127750939345,36.3191089640365,4.783950617283951,30.22007514761138,6.246645195920558,4.7101449275362315,3.5426731078904994,0.4294149221685454,
156,7.4208266237251745,6.374127750939345,36.3191089640365,4.783950617283951,30.173107890499196,6.246645195920558,4.7101449275362315,3.5426731078904994,0.4294149221685454,
157,7.514761137949543,6.320450885668277,36.292270531400966,4.783950617283951,30.159688674181428,6.246645195920558,4.7101449275362315,3.5426731078904994,0.4294149221685454,
158,7.608695652173913,6.246645195920558,36.24530327428878,4.703435319377348,30.112721417069242,6.246645195920558,4.864465915190553,3.5426731078904994,0.4294149221685454,
159,7.206119162640902,5.273752012882448,36.24530327428878,3.8915727321524423,32.37385936661299,6.246645195920558,4.864465915190553,3.4688674181427803,0.4294149221685454,
160,7.313472893183038,5.273752012882448,36.178207192699944,3.8915727321524423,32.33360171765969,6.246645195920558,4.864465915190553,3.4688674181427803,0.4294149221685454,
161,7.4208266237251745,5.273752012882448,36.15807836822329,3.8915727321524423,32.27321524422974,6.246645195920558,4.864465915190553,3.4420289855072466,0.4294149221685454,
162,6.884057971014493,5.233494363929147,38.65405260332797,3.784219001610306,31.850509930220074,5.2066559312936125,4.723564143853999,3.2340311325818574,0.4294149221685454,
163,7.065217391304348,5.233494363929147,38.62050456253355,3.784219001610306,31.850509930220074,5.2066559312936125,4.723564143853999,3.0864197530864197,0.4294149221685454,
164,7.25979602791197,5.233494363929147,38.5601180891036,3.784219001610306,31.850509930220074,5.092592592592593,4.703435319377348,3.0864197530864197,0.4294149221685454,
165,7.467793880837359,5.2066559312936125,38.52657004830918,3.784219001610306,31.629092860976918,5.092592592592593,4.777241009125067,3.0864197530864197,0.4294149221685454,
166,7.950885668276973,5.2066559312936125,38.33870101986044,3.4822866344605474,31.468062265163713,5.092592592592593,4.777241009125067,3.2541599570585076,0.4294149221685454,
167,8.132045088566828,5.2066559312936125,38.157541599570585,3.4822866344605474,31.468062265163713,5.092592592592593,4.777241009125067,3.2541599570585076,0.4294149221685454,
168,8.225979602791197,5.199946323134729,38.117283950617285,3.4822866344605474,31.468062265163713,5.092592592592593,4.757112184648417,3.227321524422974,0.4294149221685454,
169,8.427267847557703,5.199946323134729,37.936124530327426,3.4822866344605474,31.447933440687063,5.092592592592593,4.757112184648417,3.227321524422974,0.4294149221685454,
170,8.467525496511003,5.159688674181428,37.76167471819646,3.4822866344605474,31.447933440687063,5.059044551798175,4.757112184648417,3.435319377348363,0.4294149221685454,
171,8.501073537305421,5.159688674181428,37.76167471819646,3.4822866344605474,31.427804616210413,5.059044551798175,4.757112184648417,3.421900161030596,0.4294149221685454,
172,8.608427267847558,5.159688674181428,37.72141706924316,3.4822866344605474,31.40096618357488,5.018786902844874,4.757112184648417,3.421900161030596,0.4294149221685454,
173,8.682232957595277,5.159688674181428,36.513687600644126,4.669887278582931,31.34728931830381,5.018786902844874,4.757112184648417,3.421900161030596,0.4294149221685454,
174,8.68894256575416,5.159688674181428,36.513687600644126,4.669887278582931,31.340579710144926,5.018786902844874,4.757112184648417,3.421900161030596,0.4294149221685454,
175,8.903650026838433,5.159688674181428,36.37949543746645,4.669887278582931,31.30703166935051,5.005367686527107,4.736983360171766,3.408480944712829,0.4294149221685454,
176,8.923778851315083,5.159688674181428,36.3593666129898,4.669887278582931,31.30703166935051,5.005367686527107,4.736983360171766,3.408480944712829,0.4294149221685454,
177,9.064680622651638,5.159688674181428,36.32581857219538,4.669887278582931,31.273483628556093,4.944981213097155,4.736983360171766,3.3950617283950617,0.4294149221685454,
178,9.252549651100376,5.159688674181428,36.312399355877616,4.669887278582931,31.112453032742888,4.944981213097155,4.723564143853999,3.3950617283950617,0.4294149221685454,
179,9.675254965110037,5.159688674181428,36.252012882447666,4.669887278582931,30.897745571658614,4.87788513150832,4.723564143853999,3.3145464304884595,0.4294149221685454,
180,9.695383789586689,5.159688674181428,36.231884057971016,4.669887278582931,30.897745571658614,4.87788513150832,4.723564143853999,3.3145464304884595,0.4294149221685454,
181,9.930220075147611,5.159688674181428,36.16478797638218,4.656468062265164,30.756843800322063,4.87788513150832,4.723564143853999,3.3011272141706924,0.4294149221685454,
182,9.601449275362318,5.139559849704777,35.14492753623188,4.656468062265164,30.669618894256576,5.891035963499732,5.186527106816962,3.180354267310789,0.5300590445517982,
183,9.762479871175524,5.139559849704777,35.06441223832528,4.575952764358561,30.669618894256576,5.891035963499732,5.186527106816962,3.180354267310789,0.5300590445517982,
184,10.165056360708535,5.12614063338701,34.94363929146538,4.575952764358561,30.649490069779926,5.877616747181965,5.186527106816962,2.945517981749866,0.5300590445517982,
185,10.25228126677402,5.052334943639291,34.816156736446594,4.575952764358561,30.48845947396672,5.877616747181965,5.186527106816962,3.2206119162640903,0.5300590445517982,
186,10.487117552334944,5.052334943639291,34.78931830381106,4.549114331723027,30.334138486312398,5.850778314546431,5.186527106816962,3.2206119162640903,0.5300590445517982,
187,10.534084809447128,5.052334943639291,34.76247987117552,4.549114331723027,30.314009661835748,5.850778314546431,5.186527106816962,3.2206119162640903,0.5300590445517982,
188,10.654857756307031,5.025496511003757,34.76247987117552,4.549114331723027,30.18652710681696,5.850778314546431,5.273752012882448,3.166935050993022,0.5300590445517982,
189,10.245571658615138,5.025496511003757,33.69565217391305,4.549114331723027,30.18652710681696,7.937466451959206,4.924852388620504,2.9052603327965647,0.5300590445517982,
190,10.050993022007514,4.924852388620504,31.924315619967793,4.3478260869565215,29.8040794417606,7.937466451959206,7.595276435856146,2.885131508319914,0.5300590445517982,
191,10.138217928073,4.924852388620504,31.890767579173378,4.3478260869565215,29.7638217928073,7.924047235641439,7.595276435856146,2.885131508319914,0.5300590445517982,
192,10.11808910359635,4.924852388620504,31.57541599570585,4.736983360171766,29.73027375201288,7.924047235641439,7.581857219538379,2.8784219001610305,0.5300590445517982,
193,10.144927536231885,4.924852388620504,31.57541599570585,4.736983360171766,29.70343531937735,7.924047235641439,7.581857219538379,2.8784219001610305,0.5300590445517982,
194,10.245571658615138,4.924852388620504,31.54186795491143,4.723564143853999,29.64975845410628,7.924047235641439,7.581857219538379,2.8784219001610305,0.5300590445517982,
195,10.36634460547504,4.851046698872786,31.54186795491143,4.810789049919484,29.51556629092861,7.924047235641439,7.581857219538379,2.8784219001610305,0.5300590445517982,
196,10.661567364465915,4.810789049919484,31.447933440687063,4.810789049919484,29.388083735909824,7.924047235641439,7.548309178743962,2.8784219001610305,0.5300590445517982,
197,10.681696188942565,4.810789049919484,31.447933440687063,4.810789049919484,29.388083735909824,7.9039184111647875,7.548309178743962,2.8784219001610305,0.5300590445517982,
198,10.742082662372518,4.790660225442834,31.407675791733762,4.810789049919484,29.388083735909824,7.9039184111647875,7.548309178743962,2.8784219001610305,0.5300590445517982,
199,10.513955984970478,4.790660225442834,29.891304347826086,4.62962962962963,29.381374127750938,9.863123993558776,7.548309178743962,2.8515834675254963,0.5300590445517982,
200,10.628019323671497,4.790660225442834,29.78395061728395,4.609500805152979,29.28743961352657,9.863123993558776,7.548309178743962,2.9589371980676327,0.5300590445517982,
201,10.795759527643586,4.790660225442834,29.663177670424048,4.609500805152979,29.28743961352657,9.816156736446592,7.548309178743962,2.9589371980676327,0.5300590445517982,
202,10.86285560923242,4.790660225442834,29.643048845947398,4.609500805152979,29.24718196457327,9.816156736446592,7.548309178743962,2.952227589908749,0.5300590445517982,
203,10.869565217391305,4.676596886741814,29.61621041331186,4.575952764358561,29.159957058507782,9.816156736446592,7.548309178743962,3.207192699946323,0.5300590445517982,
204,11.07085346215781,4.676596886741814,29.562533548040793,4.575952764358561,29.03918411164788,9.789318303811058,7.548309178743962,3.207192699946323,0.5300590445517982,
205,11.124530327428879,4.569243156199678,29.528985507246375,4.703435319377348,28.99892646269458,9.789318303811058,7.548309178743962,3.207192699946323,0.5300590445517982,
206,11.218464841653248,4.562533548040794,29.488727858293075,4.703435319377348,28.951959205582394,9.789318303811058,7.548309178743962,3.207192699946323,0.5300590445517982,
207,11.238593666129898,4.53569511540526,29.455179817498657,4.683306494900698,28.844605475040257,9.789318303811058,7.548309178743962,3.374932903918411,0.5300590445517982,
208,11.171497584541063,4.53569511540526,28.898282340311326,6.206387546967257,28.059581320450885,9.77589908749329,7.447665056360709,3.374932903918411,0.5300590445517982,
209,11.292270531400966,4.53569511540526,28.884863123993558,6.206387546967257,28.039452495974235,9.708803005904455,7.440955448201825,3.361513687600644,0.5300590445517982,
210,10.95679012345679,4.079441760601181,28.804347826086957,6.0654857756307035,25.248255501878692,9.943639291465379,11.252012882447666,3.2206119162640903,0.4294149221685454,
211,11.117820719269995,4.079441760601181,28.663446054750402,6.005099302200751,23.845947396672035,11.003757380568974,11.238593666129898,3.616478797638218,0.4294149221685454,
212,11.16478797638218,4.079441760601181,28.650026838432634,6.005099302200751,23.845947396672035,10.970209339774557,11.238593666129898,3.616478797638218,0.4294149221685454,
213,11.238593666129898,4.079441760601181,28.61647879763822,6.005099302200751,23.8191089640365,10.970209339774557,11.225174449812132,3.616478797638218,0.4294149221685454,
214,11.18491680085883,4.079441760601181,26.20101986044015,6.005099302200751,23.718464841653248,13.633923778851315,11.137949543746645,3.6097691894793345,0.4294149221685454,
215,11.352657004830919,4.079441760601181,26.174181427804616,5.991680085882985,23.637949543746647,13.633923778851315,11.09098228663446,3.6097691894793345,0.4294149221685454,
216,11.58749329039184,4.079441760601181,26.053408480944714,5.9514224369296835,23.59098228663446,13.627214170692431,11.07085346215781,3.6097691894793345,0.4294149221685454,
217,11.668008588298443,4.079441760601181,26.006441223832528,5.9514224369296835,23.58427267847558,13.613794954374665,11.057434245840042,3.6097691894793345,0.4294149221685454,
218,11.714975845410628,4.079441760601181,25.986312399355878,5.9514224369296835,23.58427267847558,13.607085346215781,11.037305421363392,3.6097691894793345,0.4294149221685454,
219,11.75523349436393,4.079441760601181,25.97289318303811,5.9514224369296835,23.58427267847558,13.593666129898015,11.037305421363392,3.6097691894793345,0.41599570585077833,
220,11.842458400429415,4.045893719806763,25.959473966720342,5.9514224369296835,23.57085346215781,13.56682769726248,11.037305421363392,3.6097691894793345,0.41599570585077833,
221,12.050456253354804,4.045893719806763,25.939345142243692,5.9514224369296835,23.53059581320451,13.45276435856146,11.003757380568974,3.6097691894793345,0.41599570585077833,
222,12.110842726784755,4.012345679012346,25.939345142243692,5.9514224369296835,23.53059581320451,13.45276435856146,10.976918947933441,3.6097691894793345,0.41599570585077833,
223,12.144390767579173,4.012345679012346,25.939345142243692,5.931293612453032,23.53059581320451,13.45276435856146,10.976918947933441,3.5963499731615673,0.41599570585077833,
224,12.218196457326892,4.012345679012346,25.905797101449274,5.931293612453032,23.067632850241544,13.419216317767042,11.493558776167472,3.5829307568438002,0.36902844873859364,
225,12.265163714439076,4.012345679012346,25.711218464841654,5.756843800322061,22.920021470746107,13.419216317767042,11.788781535158346,3.5829307568438002,0.5434782608695652,
226,12.513419216317766,4.005636070853462,25.691089640365004,5.723295759527644,22.799248523886206,13.39237788513151,11.748523886205046,3.5829307568438002,0.5434782608695652,
227,12.439613526570048,4.005636070853462,25.5300590445518,6.0587761674718195,22.799248523886206,13.372249060654857,11.735104669887278,3.515834675254965,0.5434782608695652,
228,12.640901771336553,4.005636070853462,25.462962962962962,6.0587761674718195,22.69860440150295,13.372249060654857,11.701556629092861,3.515834675254965,0.5434782608695652,
229,12.808641975308642,3.992216854535695,25.449543746645197,6.052066559312936,22.57783145464305,13.372249060654857,11.701556629092861,3.515834675254965,0.5300590445517982,
230,12.587224906065487,3.992216854535695,25.41599570585078,6.052066559312936,21.571390230810522,13.372249060654857,13.01663982823403,3.4621578099838968,0.5300590445517982,
231,12.647611379495437,3.992216854535695,25.41599570585078,6.052066559312936,21.544551798174986,13.372249060654857,12.983091787439614,3.4621578099838968,0.5300590445517982,
232,12.681159420289855,3.992216854535695,25.39586688137413,6.052066559312936,21.484165324745035,13.311862587224907,12.983091787439614,3.569511540526033,0.5300590445517982,
233,12.76838432635534,3.992216854535695,25.355609232420825,6.038647342995169,21.484165324745035,13.305152979066023,12.95625335480408,3.569511540526033,0.5300590445517982,
234,12.734836285560924,3.992216854535695,25.140901771336555,6.347289318303811,21.443907675791735,13.305152979066023,12.93612453032743,3.569511540526033,0.5300590445517982,
235,12.869028448738593,3.992216854535695,25.11406333870102,6.340579710144928,21.537842190016104,13.305152979066023,12.855609232420827,3.455448201825013,0.5300590445517982,
236,12.949543746645196,3.992216854535695,25.09393451422437,6.280193236714976,21.537842190016104,13.305152979066023,12.855609232420827,3.455448201825013,0.5300590445517982,
237,13.023349436392914,3.9720880300590444,25.09393451422437,6.280193236714976,21.443907675791735,13.305152979066023,12.842190016103059,3.4151905528717124,0.5300590445517982,0.0939345142243693
238,13.056897477187333,3.9720880300590444,24.93961352657005,6.5552871712292005,21.430488459473967,13.258185721953838,12.835480407944177,3.33467525496511,0.5233494363929146,0.0939345142243693
239,13.144122383252817,3.9720880300590444,24.879227053140095,6.5552871712292005,21.40365002683843,13.258185721953838,12.835480407944177,3.33467525496511,0.5233494363929146,0.0939345142243693
240,13.177670424047236,3.9720880300590444,24.879227053140095,6.5552871712292005,21.390230810520666,13.258185721953838,12.815351583467525,3.33467525496511,0.5233494363929146,0.0939345142243693
241,13.33870101986044,3.9720880300590444,24.751744498121308,6.5552871712292005,21.38352120236178,13.258185721953838,12.788513150831992,3.33467525496511,0.5233494363929146,0.0939345142243693
242,13.399087493290391,3.9720880300590444,24.731615673644658,6.5552871712292005,21.35668276972625,13.24476650563607,12.788513150831992,3.33467525496511,0.5233494363929146,0.0939345142243693
243,13.513150831991412,3.9720880300590444,24.698067632850243,6.5552871712292005,21.329844337090712,13.217928073000536,12.761674718196458,3.33467525496511,0.5233494363929146,0.0939345142243693
244,13.573537305421363,3.9720880300590444,24.671229200214707,6.5552871712292005,21.296296296296298,13.217928073000536,12.761674718196458,3.33467525496511,0.5233494363929146,0.0939345142243693
245,13.727858293075684,3.864734299516908,24.63768115942029,6.5552871712292005,21.296296296296298,13.217928073000536,12.74825550187869,3.33467525496511,0.5233494363929146,0.0939345142243693
246,13.848631239935587,3.864734299516908,24.63768115942029,6.5552871712292005,21.256038647342994,13.217928073000536,12.667740203972087,3.33467525496511,0.5233494363929146,0.0939345142243693
247,13.94927536231884,3.864734299516908,24.550456253354803,6.5552871712292005,21.22920021470746,13.217928073000536,12.593934514224369,3.421900161030596,0.5233494363929146,0.0939345142243693
248,14.016371443907676,3.8580246913580245,24.54374664519592,6.5552871712292005,21.22920021470746,13.18438003220612,12.493290391841116,3.421900161030596,0.6038647342995169,0.0939345142243693
249,14.090177133655395,3.8580246913580245,24.52361782071927,6.5552871712292005,21.22920021470746,13.144122383252817,12.47987117552335,3.421900161030596,0.6038647342995169,0.0939345142243693
250,14.217659688674182,3.8580246913580245,24.50348899624262,6.501610305958132,21.202361782071925,13.117283950617283,12.47987117552335,3.421900161030596,0.6038647342995169,0.0939345142243693
251,14.31159420289855,3.8580246913580245,24.50348899624262,6.501610305958132,21.155394524959743,13.070316693505099,12.47987117552335,3.421900161030596,0.6038647342995169,0.0939345142243693
252,14.38539989264627,3.8580246913580245,24.456521739130434,6.501610305958132,21.141975308641975,13.070316693505099,12.47987117552335,3.408480944712829,0.6038647342995169,0.0939345142243693
253,14.439076757917338,3.8580246913580245,24.456521739130434,6.468062265163715,21.121846484165324,13.070316693505099,12.47987117552335,3.408480944712829,0.6038647342995169,0.0939345142243693
