,45,50,51,55,53,54,56,58,52,57,59
0,99.53032742887815,0.46967257112184646,,,,,,,,,
1,99.18813741277509,0.8118625872249061,,,,,,,,,
2,99.01368760064412,0.9863123993558777,,,,,,,,,
3,98.30917874396135,1.6908212560386473,,,,,,,,,
4,81.09903381642512,18.90096618357488,,,,,,,,,
5,80.03220611916264,19.96779388083736,,,,,,,,,
6,80.14626945786367,19.85373054213634,,,,,,,,,
7,79.30085882984433,20.652173913043477,0.04696725711218465,,,,,,,,
8,75.20799785292539,24.745034889962426,0.04696725711218465,,,,,,,,
9,75.00670960815889,24.94632313472893,0.04696725711218465,,,,,,,,
10,74.40955448201825,23.376274825550187,0.04696725711218465,2.167203435319377,,,,,,,
11,72.45034889962426,25.348899624261943,0.04696725711218465,2.15378421900161,,,,,,,
12,71.92028985507247,21.121846484165324,0.04696725711218465,1.1540526033279657,5.300590445517981,0.4562533548040794,,,,,
13,71.65190552871712,21.256038647342994,0.04696725711218465,1.1540526033279657,5.300590445517981,0.5904455179817498,,,,,
14,70.39720880300591,22.510735373054214,0.04696725711218465,1.2345679012345678,5.152979066022544,0.5904455179817498,0.06709608158883522,,,,
15,69.88056897477188,22.913311862587225,0.04696725711218465,1.7042404723564144,4.696725711218465,0.5904455179817498,0.06709608158883522,0.10064412238325282,,,
16,69.91411701556629,22.5979602791197,0.04696725711218465,1.7042404723564144,4.696725711218465,0.8722490606548577,0.06709608158883522,0.10064412238325282,,,
17,63.90230810520666,28.609769189479334,0.04696725711218465,1.7042404723564144,4.696725711218465,0.8722490606548577,0.06709608158883522,0.10064412238325282,,,
18,63.39237788513151,28.83118625872249,0.04696725711218465,1.7042404723564144,4.663177670424047,1.0064412238325282,0.06709608158883522,0.10064412238325282,0.1878690284487386,,
19,63.60708534621578,28.65673644659152,0.04696725711218465,1.7042404723564144,4.622920021470746,1.0064412238325282,0.06709608158883522,0.10064412238325282,0.1878690284487386,,
20,57.35373054213634,34.75577026301664,0.1610305958132045,1.7042404723564144,4.622920021470746,0.9930220075147611,0.06709608158883522,0.10064412238325282,0.24154589371980675,,
21,57.48121309715513,34.52093397745572,0.1610305958132045,1.8115942028985508,4.622920021470746,0.9930220075147611,0.06709608158883522,0.10064412238325282,0.24154589371980675,,
22,57.420826623725176,34.20558239398819,0.4025764895330113,1.8115942028985508,4.622920021470746,1.1272141706924315,0.06709608158883522,0.10064412238325282,0.24154589371980675,,
23,57.52818035426731,34.14519592055824,0.46296296296296297,1.8115942028985508,4.622920021470746,1.0198604401502953,0.06709608158883522,0.10064412238325282,0.24154589371980675,,
24,57.648953301127214,34.044551798174986,0.46296296296296297,1.7981749865807837,4.616210413311863,1.0198604401502953,0.06709608158883522,0.10064412238325282,0.24154589371980675,,
25,57.47450348899624,33.964036500268385,0.4495437466451959,2.100107353730542,4.616210413311863,1.0198604401502953,0.06709608158883522,0.10064412238325282,0.20799785292538917,,
26,56.90418679549114,33.581588835212024,1.2546967257112185,2.24771873322598,4.62962962962963,1.0198604401502953,0.06709608158883522,0.10064412238325282,0.19457863660762212,,
27,56.89747718733226,33.58829844337091,1.2546967257112185,2.24771873322598,4.62962962962963,1.0198604401502953,0.06709608158883522,0.10064412238325282,0.19457863660762212,,
28,57.00483091787439,32.37385936661299,1.2546967257112185,2.2342995169082127,5.609232420826624,1.0198604401502953,0.06709608158883522,0.24154589371980675,0.19457863660762212,,
29,56.93102522812668,32.41411701556629,1.288244766505636,2.2342995169082127,5.609232420826624,1.0198604401502953,0.06709608158883522,0.24154589371980675,0.19457863660762212,,
30,56.407675791733766,30.233494363929147,3.0864197530864197,2.2342995169082127,6.515029522275899,1.0198604401502953,0.06709608158883522,0.24154589371980675,0.19457863660762212,,
31,45.59849704777241,39.15727321524423,4.931561996779388,2.214170692431562,6.515029522275899,1.0802469135802468,0.06709608158883522,0.24154589371980675,0.19457863660762212,,
32,45.66559312936125,39.00295222758991,4.87788513150832,2.3550724637681157,6.367418142780462,1.0802469135802468,0.06709608158883522,0.24825550187869028,0.19457863660762212,0.14090177133655393,
33,45.6454643048846,38.85534084809447,4.790660225442834,2.5295222758990876,6.447933440687064,1.0802469135802468,0.06709608158883522,0.24825550187869028,0.19457863660762212,0.14090177133655393,
34,45.551529790660226,38.75469672571122,4.864465915190553,2.6704240472356413,6.427804616210413,1.0802469135802468,0.06709608158883522,0.24825550187869028,0.19457863660762212,0.14090177133655393,
35,45.48443370907139,38.781535158346756,4.864465915190553,2.6704240472356413,6.521739130434782,1.0265700483091786,0.06709608158883522,0.24825550187869028,0.19457863660762212,0.14090177133655393,
36,44.900697799248526,37.714707461084274,6.729736983360172,2.657004830917874,6.246645195920558,1.1003757380568975,0.06709608158883522,0.24825550187869028,0.19457863660762212,0.14090177133655393,
37,44.93424584004294,37.60735373054214,6.709608158883521,2.7643585614600106,6.233225979602791,1.1003757380568975,0.06709608158883522,0.24825550187869028,0.19457863660762212,0.14090177133655393,
38,45.00805152979066,37.473161567364464,6.709608158883521,2.8247450348899625,6.233225979602791,1.1003757380568975,0.06709608158883522,0.24825550187869028,0.19457863660762212,0.14090177133655393,
39,45.08185721953838,37.47987117552335,6.6827697262479875,2.8247450348899625,6.179549114331723,1.1003757380568975,0.06709608158883522,0.24825550187869028,0.19457863660762212,0.14090177133655393,
40,45.16237251744498,36.89613526570049,6.6827697262479875,3.140096618357488,6.394256575415996,1.0534084809447128,0.06709608158883522,0.2281266774020397,0.24154589371980675,0.13419216317767044,
41,45.38378958668814,36.66129898013956,6.642512077294686,3.240740740740741,6.347289318303811,1.0534084809447128,0.06709608158883522,0.2281266774020397,0.24154589371980675,0.13419216317767044,
42,45.54482018250134,36.500268384326354,6.642512077294686,3.240740740740741,6.347289318303811,1.0534084809447128,0.06709608158883522,0.2281266774020397,0.24154589371980675,0.13419216317767044,
43,44.437734836285564,38.92914653784219,5.112721417069243,3.3682232957595275,6.427804616210413,1.0534084809447128,0.06709608158883522,0.2281266774020397,0.24154589371980675,0.13419216317767044,
44,44.67928073000537,38.71443907675792,5.10601180891036,3.3682232957595275,6.407675791733762,1.0534084809447128,0.06709608158883522,0.2281266774020397,0.24154589371980675,0.13419216317767044,
45,43.142780461621044,40.22410091250671,5.10601180891036,3.3682232957595275,6.367418142780462,1.1205045625335481,0.06709608158883522,0.2281266774020397,0.24154589371980675,0.13419216317767044,
46,43.384326355340846,40.03623188405797,5.10601180891036,3.3682232957595275,6.353998926462695,1.0802469135802468,0.06709608158883522,0.2281266774020397,0.24154589371980675,0.13419216317767044,
47,43.35077831454643,39.821524422973695,5.179817498658078,3.4621578099838968,6.394256575415996,1.1205045625335481,0.06709608158883522,0.2281266774020397,0.24154589371980675,0.13419216317767044,
48,43.46484165324745,38.31857219538379,5.179817498658078,3.7640901771336552,7.461084272678476,1.1540526033279657,0.06709608158883522,0.2281266774020397,0.2281266774020397,0.13419216317767044,
49,43.572195383789584,38.13070316693505,5.179817498658078,3.7372517444981215,7.461084272678476,1.2748255501878691,0.06709608158883522,0.2281266774020397,0.2147074610842727,0.13419216317767044,
50,43.545356951154055,37.848899624261946,5.320719269994632,3.92512077294686,7.454374664519592,1.261406333870102,0.06709608158883522,0.2281266774020397,0.2147074610842727,0.13419216317767044,
51,43.61916264090177,37.68786902844874,5.320719269994632,3.9720880300590444,7.387278582930757,1.3687600644122384,0.06709608158883522,0.2281266774020397,0.2147074610842727,0.13419216317767044,
52,30.803811057434245,52.38862050456253,4.019055287171229,3.5829307568438002,7.387278582930757,1.221148684916801,0.06709608158883522,0.2281266774020397,0.16774020397208803,0.13419216317767044,
53,29.844337090713903,53.0931293612453,4.092860976918948,3.7372517444981215,7.306763285024155,1.221148684916801,0.06709608158883522,0.2281266774020397,0.27509393451422437,0.13419216317767044,
54,30.03220611916264,52.851583467525494,4.092860976918948,3.7372517444981215,7.360440150295223,1.221148684916801,0.06709608158883522,0.2281266774020397,0.27509393451422437,0.13419216317767044,
55,30.3743961352657,52.41545893719807,4.005636070853462,3.864734299516908,7.481213097155126,1.1540526033279657,0.06709608158883522,0.2281266774020397,0.27509393451422437,0.13419216317767044,
56,30.159688674181428,52.46913580246913,4.005636070853462,3.864734299516908,7.581857219538379,1.1540526033279657,0.06709608158883522,0.2281266774020397,0.33548040794417605,0.13419216317767044,
57,30.589103596349972,52.012882447665056,3.864734299516908,4.1129898013955986,7.494632313472893,1.1607622114868492,0.06709608158883522,0.2281266774020397,0.33548040794417605,0.13419216317767044,
58,30.96484165324745,51.66398282340311,3.864734299516908,4.019055287171229,7.628824476650563,1.093666129898014,0.06709608158883522,0.2281266774020397,0.33548040794417605,0.13419216317767044,
59,19.155931293612454,68.67954911433172,3.569511540526033,2.2879763821792807,5.307300053676865,0.5434782608695652,0.06709608158883522,0.2281266774020397,0.026838432635534086,0.13419216317767044,
60,17.317498658078367,67.8341384863124,6.6827697262479875,2.3886205045625335,5.01207729468599,0.39586688137412773,0.06709608158883522,0.14090177133655393,0.026838432635534086,0.13419216317767044,
61,17.67981749865808,67.55904455179818,6.635802469135802,2.3617820719269993,5.01207729468599,0.39586688137412773,0.06709608158883522,0.1274825550187869,0.026838432635534086,0.13419216317767044,
62,18.17632850241546,65.17042404723564,6.635802469135802,4.300858829844337,4.9651100375738055,0.39586688137412773,0.06709608158883522,0.1274825550187869,0.026838432635534086,0.13419216317767044,
63,17.92807300053677,52.65029522275899,20.377079978529252,3.878153515834675,4.414922168545357,0.39586688137412773,0.06709608158883522,0.1274825550187869,0.026838432635534086,0.13419216317767044,
64,18.511808910359633,52.03972088030059,20.229468599033815,4.005636070853462,4.3478260869565215,0.39586688137412773,0.18115942028985507,0.1274825550187869,0.026838432635534086,0.13419216317767044,
65,18.57890499194847,51.64385399892646,20.202630166398283,4.361245303274289,4.3478260869565215,0.39586688137412773,0.18115942028985507,0.1274825550187869,0.026838432635534086,0.13419216317767044,
66,18.719806763285025,51.489533011272144,20.162372517444982,4.334406870638754,4.428341384863124,0.39586688137412773,0.18115942028985507,0.1274825550187869,0.026838432635534086,0.13419216317767044,
67,19.04186795491143,51.348631239935585,19.96779388083736,4.374664519592056,4.40150295222759,0.39586688137412773,0.18115942028985507,0.1274825550187869,0.026838432635534086,0.13419216317767044,
68,19.39747718733226,51.08695652173913,19.82018250134192,4.374664519592056,4.388083735909823,0.39586688137412773,0.24825550187869028,0.1274825550187869,0.026838432635534086,0.13419216317767044,
69,19.753086419753085,50.738056897477186,19.672571121846484,4.3545356951154055,4.388083735909823,0.4428341384863124,0.36231884057971014,0.1274825550187869,0.026838432635534086,0.13419216317767044,
70,19.565217391304348,48.79898013955985,19.618894256575416,4.609500805152979,5.971551261406334,0.6709608158883521,0.36231884057971014,0.24154589371980675,0.026838432635534086,0.13419216317767044,
71,19.706119162640903,48.45679012345679,19.410896403650028,4.757112184648417,5.971551261406334,0.8051529790660226,0.48980139559849706,0.24154589371980675,0.026838432635534086,0.13419216317767044,
72,20.02818035426731,48.22195383789587,19.330381105743424,4.750402576489533,5.971551261406334,0.8051529790660226,0.48980139559849706,0.24154589371980675,0.026838432635534086,0.13419216317767044,
73,20.46430488459474,47.79253891572732,19.202898550724637,4.7101449275362315,5.971551261406334,0.8185721953837896,0.6374127750939346,0.24154589371980675,0.026838432635534086,0.13419216317767044,
74,20.249597423510465,47.08803005904455,18.82716049382716,5.555555555555555,5.609232420826624,0.8185721953837896,0.6038647342995169,0.1610305958132045,1.0869565217391304,,
75,20.397208803005906,46.96725711218465,18.800322061191626,5.555555555555555,5.609232420826624,0.8185721953837896,0.6038647342995169,0.1610305958132045,1.0869565217391304,,
76,20.799785292538918,46.63848631239936,18.33064949006978,6.246645195920558,5.448201825013419,0.6843800322061192,0.6038647342995169,0.1610305958132045,1.0869565217391304,,
77,20.94068706387547,46.53113258185722,18.23671497584541,6.273483628556092,5.387815351583468,0.6843800322061192,0.6977992485238862,0.1610305958132045,1.0869565217391304,,
78,21.40365002683843,46.081588835212024,17.881105743424584,6.508319914117015,5.387815351583468,0.6776704240472357,0.8118625872249061,0.1610305958132045,1.0869565217391304,,
79,21.611647879763822,45.772946859903385,17.881105743424584,6.622383252818035,5.387815351583468,0.6776704240472357,0.8118625872249061,0.14761137949543746,1.0869565217391304,,
80,21.732420826623724,45.551529790660226,17.70665593129361,6.575415995705851,5.46833064949007,0.6776704240472357,1.0534084809447128,0.14761137949543746,1.0869565217391304,,
81,21.557971014492754,42.975040257648956,17.639559849704778,6.152710681696189,8.715780998389693,0.6776704240472357,1.0466988727858293,0.14761137949543746,1.0869565217391304,,
82,21.833064949006978,42.7133655394525,17.57246376811594,6.320450885668277,8.588298443370908,0.6776704240472357,1.107085346215781,0.14761137949543746,1.0399892646269457,,
83,22.128287707997853,42.62614063338701,17.518786902844873,6.226516371443908,8.57487922705314,0.630703166935051,1.107085346215781,0.14761137949543746,1.0399892646269457,,
84,22.22222222222222,42.47181964573269,17.518786902844873,6.226516371443908,8.393719806763285,0.630703166935051,1.107085346215781,0.2616747181964573,1.0399892646269457,0.1274825550187869,
85,22.638217928073,42.169887278582934,17.438271604938272,6.206387546967257,8.380300590445518,0.630703166935051,1.107085346215781,0.2616747181964573,1.0399892646269457,0.1274825550187869,
86,22.57783145464305,42.230273752012884,17.37788513150832,6.273483628556092,8.373590982286634,0.630703166935051,1.107085346215781,0.2616747181964573,1.0399892646269457,0.1274825550187869,
87,22.832796564680624,41.93505099302201,17.236983360171767,6.515029522275899,8.373590982286634,0.630703166935051,1.0466988727858293,0.2616747181964573,1.0399892646269457,0.1274825550187869,
88,23.040794417606012,41.74718196457327,16.97530864197531,6.575415995705851,8.53462157809984,0.630703166935051,1.0869565217391304,0.2616747181964573,1.0198604401502953,0.1274825550187869,
89,23.470209339774556,41.15002683843264,16.760601180891037,6.984702093397746,8.521202361782072,0.6172839506172839,1.0869565217391304,0.2616747181964573,1.0198604401502953,0.1274825550187869,
90,23.752012882447666,41.00912506709608,16.67337627482555,6.971282877079979,8.480944712828771,0.6172839506172839,1.0869565217391304,0.2616747181964573,1.0198604401502953,0.1274825550187869,
91,24.168008588298445,40.673644659151904,16.67337627482555,6.796833064949007,8.57487922705314,0.6172839506172839,1.0869565217391304,0.2616747181964573,1.0198604401502953,0.1274825550187869,
92,24.10762211486849,40.51932367149758,16.75389157273215,6.796833064949007,8.55475040257649,0.6172839506172839,1.2412775093934514,0.2616747181964573,1.0198604401502953,0.1274825550187869,
93,24.416264090177133,40.25093934514224,15.391841116478798,6.756575415995706,9.789318303811058,0.6172839506172839,1.3687600644122384,0.2616747181964573,1.0198604401502953,0.1274825550187869,
94,24.456521739130434,40.21068169618894,15.297906602254429,6.756575415995706,9.75577026301664,0.6172839506172839,1.3687600644122384,0.2616747181964573,1.0198604401502953,0.2549651100375738,
95,24.362587224906065,39.58668813741278,15.143585614600108,6.629092860976919,9.990606548577563,0.6172839506172839,1.442565754159957,0.2616747181964573,1.710950080515298,0.2549651100375738,
96,24.44310252281267,39.40552871712292,15.123456790123457,6.615673644659152,9.990606548577563,0.6172839506172839,1.442565754159957,0.2616747181964573,1.8451422436929683,0.2549651100375738,
97,24.758454106280194,39.11701556629093,14.828234031132581,6.5485775630703165,9.863123993558776,1.0064412238325282,1.5432098765432098,0.2616747181964573,1.7579173376274826,0.3153515834675255,
98,24.704777241009126,39.03650026838432,14.828234031132581,6.5485775630703165,9.339774557165862,1.2815351583467525,1.5365002683843263,0.2616747181964573,1.7176596886741815,0.7447665056360708,
99,25.006709608158882,38.848631239935585,14.781266774020397,6.528448738593666,9.292807300053678,1.2815351583467525,1.5365002683843263,0.2616747181964573,1.7176596886741815,0.7447665056360708,
100,25.0805152979066,38.61379495437466,14.727589908749328,6.716317767042405,9.205582393988191,1.3620504562533549,1.5365002683843263,0.2616747181964573,1.751207729468599,0.7447665056360708,
101,25.0402576489533,38.43263553408481,14.714170692431562,6.790123456790123,9.386741814278047,1.4224369296833066,1.5365002683843263,0.2616747181964573,1.724369296833065,0.6910896403650026,
102,25.301932367149757,38.097155126140635,14.660493827160494,6.9243156199677935,9.359903381642512,1.5096618357487923,1.5365002683843263,0.2616747181964573,1.6572732152442298,0.6910896403650026,
103,24.89935587761675,37.64761137949544,14.65378421900161,6.9243156199677935,9.333064949006978,1.5096618357487923,1.5365002683843263,0.2616747181964573,2.5429414922168547,0.6910896403650026,
104,24.355877616747183,36.218464841653244,16.6532474503489,6.816961889425658,9.151905528717123,1.7713365539452497,1.5365002683843263,0.2616747181964573,2.5429414922168547,0.6910896403650026,
105,24.65780998389694,35.77563070316693,16.59286097691895,6.843800322061192,9.292807300053678,1.8048845947396672,1.5365002683843263,0.2616747181964573,2.5429414922168547,0.6910896403650026,
106,24.812130971551262,35.69511540526033,16.59286097691895,6.843800322061192,9.232420826623725,1.7579173376274826,1.482823403113258,0.2616747181964573,2.5429414922168547,0.7783145464304885,
107,24.4699409554482,35.35963499731616,16.566022544283413,6.843800322061192,8.32662372517445,3.4017713365539453,1.482823403113258,0.2616747181964573,2.509393451422437,0.7783145464304885,
108,24.329039184111647,35.32608695652174,16.378153515834676,6.776704240472356,8.36688137412775,3.6231884057971016,1.6505636070853462,0.2616747181964573,2.509393451422437,0.7783145464304885,
109,24.537037037037038,35.06441223832528,16.29092860976919,6.870638754696726,8.413848631239935,3.6231884057971016,1.6505636070853462,0.2616747181964573,2.509393451422437,0.7783145464304885,
110,24.765163714439076,34.5679012345679,15.861513687600644,7.058507783145465,8.454106280193237,3.656736446591519,2.086688137412775,0.2616747181964573,2.509393451422437,0.7783145464304885,
111,24.342458400429415,34.19216317767042,10.63472893183038,6.843800322061192,8.407139023081053,3.670155662909286,0.6239935587761675,0.2616747181964573,10.245571658615138,0.7783145464304885,
112,24.4699409554482,33.97074610842727,10.607890499194847,7.098765432098766,8.393719806763285,3.656736446591519,0.6239935587761675,0.2616747181964573,10.138217928073,0.7783145464304885,
113,24.3894256575416,33.73590982286635,10.721953837895867,7.112184648416532,8.239398819108963,3.5963499731615673,0.7380568974771873,0.2147074610842727,10.352925389157273,0.8990874932903918,
114,24.476650563607084,33.675523349436396,10.7085346215781,7.098765432098766,8.239398819108963,3.5963499731615673,0.7380568974771873,0.2147074610842727,10.352925389157273,0.8990874932903918,
115,24.57729468599034,33.299785292538914,10.621309715512615,7.239667203435319,8.333333333333334,3.7238325281803544,0.7380568974771873,0.2147074610842727,10.352925389157273,0.8990874932903918,
116,24.89935587761675,33.11862587224906,10.520665593129362,7.239667203435319,8.387010198604402,3.69699409554482,0.7380568974771873,0.2147074610842727,10.285829307568438,0.8990874932903918,
117,25.221417069243156,32.96430488459474,10.507246376811594,7.192699946323135,8.3467525496511,3.6634460547504024,0.7380568974771873,0.2147074610842727,10.25228126677402,0.8990874932903918,
118,25.228126677402038,32.80327428878154,10.453569511540525,7.447665056360709,8.299785292538916,3.6634460547504024,0.7380568974771873,0.2147074610842727,10.25228126677402,0.8990874932903918,
119,21.55126140633387,28.193773483628558,22.993827160493826,6.125872249060655,6.005099302200751,3.0394524959742353,0.7380568974771873,0.2147074610842727,10.238862050456254,0.8990874932903918,
120,21.77938808373591,27.63016639828234,22.638217928073,6.6827697262479875,5.917874396135265,3.180354267310789,0.7380568974771873,0.2147074610842727,10.205314009661835,1.0131508319914118,
121,22.10144927536232,27.536231884057973,22.517444981213096,6.702898550724638,5.978260869565218,3.126677402039721,0.6374127750939346,0.2147074610842727,10.171765968867419,1.0131508319914118,
122,22.21551261406334,27.509393451422437,22.383252818035427,6.816961889425658,5.978260869565218,3.1065485775630703,0.6374127750939346,0.2147074610842727,10.124798711755233,1.0131508319914118,
123,22.302737520128826,27.549651100375737,22.309447128287708,6.8035426731078905,5.971551261406334,3.1065485775630703,0.6374127750939346,0.3488996242619431,9.970477724100913,0.9997316156736447,
124,22.289318303811058,27.502683843263554,22.289318303811058,6.904186795491143,6.018518518518518,3.079710144927536,0.5971551261406334,0.3488996242619431,9.970477724100913,0.9997316156736447,
125,22.128287707997853,27.15378421900161,22.785829307568438,6.998121309715513,5.850778314546431,3.166935050993022,0.5971551261406334,0.3488996242619431,9.970477724100913,0.9997316156736447,
126,22.18196457326892,26.959205582393988,22.725442834138487,7.199409554482019,5.850778314546431,3.166935050993022,0.5971551261406334,0.3488996242619431,9.970477724100913,0.9997316156736447,
127,22.644927536231883,26.67740203972088,22.52415458937198,7.105475040257649,5.723295759527644,3.3480944712828773,0.6709608158883521,0.3488996242619431,9.957058507783145,0.9997316156736447,
128,22.450348899624263,25.389157273215243,22.16183574879227,7.105475040257649,7.2933440687063875,3.388352120236178,0.8588298443370908,0.3488996242619431,10.00402576489533,0.9997316156736447,
129,22.537573805689746,24.993290391841118,22.148416532474503,7.353730542136339,7.595276435856146,3.2206119162640903,0.8588298443370908,0.3488996242619431,9.943639291465379,0.9997316156736447,
130,22.765700483091788,24.953032742887814,22.074610842726784,7.2933440687063875,7.595276435856146,3.2206119162640903,0.8588298443370908,0.3488996242619431,9.88996242619431,0.9997316156736447,
131,22.490606548577563,24.704777241009126,22.5979602791197,7.2933440687063875,7.595276435856146,3.2206119162640903,0.8588298443370908,0.41599570585077833,9.822866344605474,0.9997316156736447,
132,22.644927536231883,24.644390767579175,22.564412238325282,7.199409554482019,7.6556629092860975,3.2206119162640903,0.8588298443370908,0.5568974771873323,9.668545356951155,0.9863123993558777,
133,22.63150831991412,24.48336017176597,22.50402576489533,7.152442297369833,7.514761137949543,3.549382716049383,0.8588298443370908,0.8454106280193237,9.473966720343531,0.9863123993558777,
134,22.7187332259796,24.3894256575416,22.31615673644659,7.232957595276436,7.481213097155126,3.6231884057971016,0.8588298443370908,0.8454106280193237,9.54777241009125,0.9863123993558777,
135,22.342995169082126,23.70504562533548,23.51046698872786,7.226247987117552,7.481213097155126,3.549382716049383,0.8588298443370908,0.8454106280193237,9.494095544820183,0.9863123993558777,
136,22.24235104669887,23.55072463768116,23.57085346215781,7.192699946323135,7.588566827697263,3.670155662909286,0.8588298443370908,0.8454106280193237,9.494095544820183,0.9863123993558777,
137,22.403381642512077,23.523886205045624,23.403113258185723,7.253086419753086,7.588566827697263,3.643317230273752,0.8588298443370908,0.8454106280193237,9.494095544820183,0.9863123993558777,
138,21.953837895866883,23.05421363392378,20.571658615136876,6.977992485238862,8.179012345679013,3.589640365002684,0.8252818035426731,0.630703166935051,13.821792807300053,0.39586688137412773,
139,22.396672034353195,22.953569511540525,20.471014492753625,6.971282877079979,8.09849704777241,3.6097691894793345,0.7447665056360708,0.6172839506172839,13.741277509393452,0.39586688137412773,
140,22.584541062801932,22.859634997316157,20.45088566827697,6.870638754696726,8.252818035426731,3.569511540526033,0.7447665056360708,0.6038647342995169,13.667471819645733,0.39586688137412773,
141,22.819377348362856,22.725442834138487,20.263016639828233,6.9243156199677935,8.192431561996779,3.6231884057971016,0.8319914117015567,0.6239935587761675,13.560118089103597,0.39586688137412773,0.040257648953301126
142,22.953569511540525,22.249060654857757,20.1959205582394,6.635802469135802,8.185721953837897,4.562533548040794,0.8319914117015567,0.6239935587761675,13.325281803542673,0.39586688137412773,0.040257648953301126
143,23.396403650026837,22.12157809983897,19.685990338164252,6.843800322061192,8.246108427267847,4.522275899087493,0.8319914117015567,0.6239935587761675,13.291733762748256,0.39586688137412773,0.040257648953301126
144,23.242082662372518,22.04777241009125,19.249865807836823,7.380568974771873,8.487654320987655,4.663177670424047,0.8252818035426731,0.6239935587761675,13.043478260869565,0.39586688137412773,0.040257648953301126
145,23.503757380568974,21.973966720343533,19.129092860976918,7.4006977992485234,8.36688137412775,4.723564143853999,0.8252818035426731,0.6239935587761675,13.01663982823403,0.39586688137412773,0.040257648953301126
146,23.07434245840043,21.732420826623724,18.773483628556093,7.313472893183038,8.091787439613526,4.797369833601718,0.8252818035426731,0.6239935587761675,14.40552871712292,0.322061191626409,0.040257648953301126
147,23.262211486849168,21.511003757380568,18.646001073537306,7.501341921631776,7.991143317230274,4.911433172302737,0.8252818035426731,0.6239935587761675,14.36527106816962,0.322061191626409,0.040257648953301126
148,22.685185185185187,19.73966720343532,23.517176596886742,6.515029522275899,7.702630166398282,3.7640901771336552,0.8051529790660226,0.6776704240472357,14.090177133655395,0.46296296296296297,0.040257648953301126
149,22.940150295222757,19.719538378958667,23.1682769726248,6.515029522275899,7.615405260332796,3.844605475040258,0.95276435856146,0.6776704240472357,14.06333870101986,0.46296296296296297,0.040257648953301126
150,23.067632850241544,19.699409554482017,22.993827160493826,6.508319914117015,7.615405260332796,3.844605475040258,1.0332796564680622,0.6776704240472357,14.056629092860977,0.46296296296296297,0.040257648953301126
151,23.255501878690286,19.424315619967793,22.342995169082126,6.4412238325281805,8.527911969940956,3.7640901771336552,1.0332796564680622,0.6776704240472357,14.029790660225443,0.46296296296296297,0.040257648953301126
152,23.30246913580247,19.316961889425656,22.457058507783145,6.4412238325281805,8.480944712828771,3.7573805689747717,1.0332796564680622,0.6776704240472357,14.029790660225443,0.46296296296296297,0.040257648953301126
153,23.315888352120236,19.28341384863124,22.34970477724101,6.414385399892646,8.474235104669887,3.8580246913580245,1.107085346215781,0.6776704240472357,14.016371443907676,0.46296296296296297,0.040257648953301126
154,23.356146001073537,19.155931293612454,22.309447128287708,6.5552871712292005,8.474235104669887,3.7238325281803544,1.107085346215781,0.6776704240472357,14.13714439076758,0.46296296296296297,0.040257648953301126
155,23.839237788513152,19.102254428341386,22.15512614063339,6.5552871712292005,8.07836822329576,3.6634460547504024,1.1003757380568975,0.7783145464304885,14.224369296833064,0.46296296296296297,0.040257648953301126
156,24.18142780461621,19.07541599570585,21.926999463231347,6.528448738593666,8.017981749865807,3.6634460547504024,1.1003757380568975,0.7783145464304885,14.070048309178745,0.6172839506172839,0.040257648953301126
157,24.54374664519592,19.07541599570585,21.75925925925926,6.400966183574879,7.9039184111647875,3.6366076221148687,1.221148684916801,0.7783145464304885,14.023081052066559,0.6172839506172839,0.040257648953301126
158,24.825550187869027,18.98148148148148,21.74584004294149,6.233225979602791,7.9039184111647875,3.7573805689747717,1.221148684916801,0.7313472893183038,13.942565754159958,0.6172839506172839,0.040257648953301126
159,25.207997852925388,18.686258722490606,21.79951690821256,6.293612453032743,7.863660762211487,3.7573805689747717,1.221148684916801,0.7313472893183038,13.781535158346752,0.6172839506172839,0.040257648953301126
160,24.376006441223833,18.129361245303276,24.053945249597422,6.125872249060655,7.494632313472893,3.5963499731615673,1.0735373054213635,0.7313472893183038,13.774825550187868,0.6038647342995169,0.040257648953301126
161,24.46323134728932,18.02871712292002,23.946591519055286,6.031937734836285,7.595276435856146,3.7372517444981215,1.0601180891035964,0.7313472893183038,13.761406333870102,0.6038647342995169,0.040257648953301126
162,24.376006441223833,17.94820182501342,23.778851315083198,6.327160493827161,7.481213097155126,3.6902844873859366,1.0601180891035964,0.7313472893183038,13.90901771336554,0.6575415995705851,0.040257648953301126
163,24.436392914653783,17.941492216854535,23.711755233494365,6.327160493827161,7.481213097155126,3.6634460547504024,1.1137949543746646,0.7313472893183038,13.90901771336554,0.644122383252818,0.040257648953301126
164,24.698067632850243,17.840848094471284,23.698336017176597,6.400966183574879,7.300053676865271,3.7573805689747717,1.1003757380568975,0.7179280730005367,13.848631239935587,0.5971551261406334,0.040257648953301126
165,24.818840579710145,17.69994632313473,23.450080515297905,6.387546967257112,7.64224369296833,3.7573805689747717,1.1003757380568975,0.6910896403650026,13.81508319914117,0.5971551261406334,0.040257648953301126
166,24.88593666129898,17.69994632313473,23.34272678475577,6.454643048845948,7.601986044015029,3.7573805689747717,1.1003757380568975,0.6910896403650026,13.828502415458937,0.5971551261406334,0.040257648953301126
167,25.194578636607623,17.68652710681696,23.289049919484704,6.447933440687064,7.521470746108427,3.750670960815888,1.06682769726248,0.6910896403650026,13.714439076757918,0.5971551261406334,0.040257648953301126
168,25.53676865271068,17.518786902844873,23.1280193236715,6.360708534621578,7.461084272678476,3.717122920021471,1.0534084809447128,0.6776704240472357,13.7211486849168,0.785024154589372,0.040257648953301126
169,25.758185721953836,17.47181964573269,23.05421363392378,6.353998926462695,7.494632313472893,3.683574879227053,1.0534084809447128,0.7380568974771873,13.56682769726248,0.785024154589372,0.040257648953301126
170,25.811862587224905,17.45169082125604,22.946859903381643,6.347289318303811,7.48792270531401,3.683574879227053,1.1741814278046163,0.7380568974771873,13.533279656468062,0.785024154589372,0.040257648953301126
171,26.127214170692433,17.458400429414922,22.745571658615138,6.340579710144928,7.447665056360709,3.683574879227053,1.1741814278046163,0.7380568974771873,13.459473966720344,0.785024154589372,0.040257648953301126
172,26.54320987654321,17.364465915190554,22.530864197530864,6.3070316693505095,7.380568974771873,3.670155662909286,1.261406333870102,0.7380568974771873,13.378958668813741,0.785024154589372,0.040257648953301126
173,26.556629092860977,17.23027375201288,22.356414385399894,6.454643048845948,7.380568974771873,3.8311862587224907,1.261406333870102,0.7380568974771873,13.365539452495975,0.785024154589372,0.040257648953301126
174,26.89210950080515,17.16988727858293,22.15512614063339,6.380837359098229,7.454374664519592,3.8177670424047236,1.247987117552335,0.7380568974771873,13.318572195383789,0.785024154589372,0.040257648953301126
175,26.80488459473967,17.10950080515298,22.04777241009125,6.374127750939345,7.474503488996243,3.965378421900161,1.3687600644122384,0.7380568974771873,13.311862587224907,0.7648953301127214,0.040257648953301126
176,26.898819108964037,17.008856682769725,22.074610842726784,6.293612453032743,7.474503488996243,4.03918411164788,1.3687600644122384,0.7380568974771873,13.298443370907139,0.7648953301127214,0.040257648953301126
177,27.033011272141707,16.935050993022006,22.014224369296834,6.246645195920558,7.648953301127214,4.03918411164788,1.3687600644122384,0.7380568974771873,13.170960815888352,0.7648953301127214,0.040257648953301126
178,27.314814814814813,16.921631776704242,21.732420826623724,6.206387546967257,7.716049382716049,4.025764895330113,1.4694041867954912,0.7380568974771873,13.09044551798175,0.7447665056360708,0.040257648953301126
179,26.898819108964037,16.894793344068706,20.947396672034355,6.166129898013956,7.716049382716049,5.307300053676865,1.4224369296833066,0.7380568974771873,13.123993558776167,0.7447665056360708,0.040257648953301126
180,26.986044015029524,16.80756843800322,20.933977455716587,6.166129898013956,7.716049382716049,5.300590445517981,1.4224369296833066,0.7380568974771873,13.144122383252817,0.7447665056360708,0.040257648953301126
181,27.435587761674718,16.485507246376812,20.90713902308105,6.152710681696189,7.716049382716049,5.300590445517981,1.415727321524423,0.7380568974771873,13.144122383252817,0.6642512077294686,0.040257648953301126
182,27.583199141170155,16.472088030059044,20.77294685990338,6.253354804079442,7.7831454643048845,5.287171229200215,1.415727321524423,0.7380568974771873,12.989801395598498,0.6642512077294686,0.040257648953301126
183,27.79790660225443,16.264090177133657,20.544820182501343,6.481481481481482,7.75630703166935,5.394524959742351,1.5297906602254427,0.7380568974771873,12.788513150831992,0.6642512077294686,0.040257648953301126
184,27.985775630703166,16.190284487385938,20.39049919484702,6.521739130434782,7.75630703166935,5.394524959742351,1.5297906602254427,0.6776704240472357,12.701288244766506,0.8118625872249061,0.040257648953301126
185,27.542941492216855,15.35829307568438,20.28985507246377,6.501610305958132,9.23913043478261,5.280461621041331,1.5297906602254427,0.6776704240472357,12.493290391841116,1.0466988727858293,0.040257648953301126
186,27.576489533011273,15.33816425120773,20.222758990874933,6.488191089640365,9.326355340848094,5.280461621041331,1.5297906602254427,0.6642512077294686,12.486580783682234,1.0466988727858293,0.040257648953301126
187,27.811325818572197,15.35829307568438,19.961084272678477,6.488191089640365,9.185453569511541,5.159688674181428,1.6237251744498122,0.6642512077294686,12.5402576489533,1.1674718196457328,0.040257648953301126
188,28.119967793880836,15.35829307568438,19.75979602791197,6.488191089640365,9.064680622651638,5.159688674181428,1.6774020397208802,0.798443370907139,12.365807836822329,1.1674718196457328,0.040257648953301126
189,28.06629092860977,16.170155662909288,19.196188942565755,6.454643048845948,8.93719806763285,5.186527106816962,1.6237251744498122,0.798443370907139,12.359098228663447,1.1674718196457328,0.040257648953301126
190,28.24074074074074,16.109769189479334,19.155931293612454,6.427804616210413,9.017713365539452,5.166398282340311,1.6237251744498122,0.798443370907139,12.184648416532475,1.2345679012345678,0.040257648953301126
191,28.18035426731079,16.029253891572733,19.068706387546968,6.595544820182502,9.178743961352657,5.166398282340311,1.6237251744498122,0.798443370907139,12.084004294149223,1.2345679012345678,0.040257648953301126
192,28.16022544283414,15.881642512077295,19.0955448201825,6.709608158883521,9.185453569511541,5.152979066022544,1.724369296833065,0.785024154589372,12.057165861513688,1.2077294685990339,0.040257648953301126
193,28.502415458937197,15.780998389694043,18.88083735909823,6.66935050993022,9.104938271604938,5.314009661835748,1.7646269457863661,0.7648953301127214,11.969940955448202,1.2077294685990339,0.040257648953301126
194,28.683574879227052,15.774288781535159,18.753354804079443,6.810252281266774,9.004294149221685,5.300590445517981,1.7646269457863661,0.7514761137949544,11.889425657541599,1.2278582930756843,0.040257648953301126
195,28.871443907675793,15.747450348899624,18.679549114331724,6.810252281266774,8.957326892109501,5.300590445517981,1.751207729468599,0.7514761137949544,11.869296833064949,1.221148684916801,0.040257648953301126
196,29.11969940955448,15.707192699946322,18.679549114331724,6.91760601180891,8.876811594202898,5.273752012882448,1.7310789049919484,0.7514761137949544,11.681427804616211,1.221148684916801,0.040257648953301126
197,29.347826086956523,15.539452495974235,18.53864734299517,6.91760601180891,8.789586688137414,5.253623188405797,1.7310789049919484,0.7514761137949544,11.869296833064949,1.221148684916801,0.040257648953301126
198,29.49543746645196,15.53274288781535,18.49838969404187,6.870638754696726,8.78287707997853,5.253623188405797,1.7310789049919484,0.7514761137949544,11.822329575952764,1.221148684916801,0.040257648953301126
199,29.830917874396135,15.438808373590982,18.4849704777241,6.870638754696726,8.735909822866345,5.253623188405797,1.7847557702630166,0.7447665056360708,11.594202898550725,1.221148684916801,0.040257648953301126
200,30.314009661835748,15.116747181964573,18.47826086956522,6.736446591519055,8.809715512614064,5.22007514761138,1.7847557702630166,0.7447665056360708,11.533816425120772,1.221148684916801,0.040257648953301126
201,30.555555555555557,15.096618357487923,18.317230273752013,6.716317767042405,8.78287707997853,5.22007514761138,1.778046162104133,0.7447665056360708,11.52710681696189,1.221148684916801,0.040257648953301126
202,30.475040257648953,14.9020397208803,18.46484165324745,6.702898550724638,8.829844337090714,5.3274288781535155,1.778046162104133,0.7447665056360708,11.513687600644122,1.221148684916801,0.040257648953301126
203,30.790391841116477,14.834943639291465,18.283682232957595,6.66935050993022,8.829844337090714,5.3274288781535155,1.778046162104133,0.7313472893183038,11.506977992485238,1.2077294685990339,0.040257648953301126
204,30.951422436929683,14.841653247450349,18.243424584004295,6.541867954911433,9.01100375738057,5.3274288781535155,1.7646269457863661,0.7313472893183038,11.33923778851315,1.2077294685990339,0.040257648953301126
205,31.273483628556093,14.734299516908212,18.14278046162104,6.535158346752549,8.984165324745035,5.287171229200215,1.751207729468599,0.7313472893183038,11.16478797638218,1.3553408480944713,0.040257648953301126
206,31.320450885668276,14.55984970477724,17.975040257648953,6.528448738593666,9.03113258185722,5.522007514761138,1.8317230273752012,0.7313472893183038,11.104401502952227,1.3553408480944713,0.040257648953301126
207,31.602254428341386,14.465915190552872,17.840848094471284,6.521739130434782,8.957326892109501,5.522007514761138,1.9457863660762211,0.7313472893183038,11.017176596886742,1.3553408480944713,0.040257648953301126
208,31.80354267310789,14.459205582393988,17.746913580246915,6.4345142243692965,8.943907675791733,5.5756843800322065,1.9457863660762211,0.7313472893183038,10.963499731615673,1.3553408480944713,0.040257648953301126
209,31.984702093397747,14.36527106816962,17.673107890499196,6.4345142243692965,8.93719806763285,5.5756843800322065,1.9457863660762211,0.7313472893183038,10.95679012345679,1.3553408480944713,0.040257648953301126
210,30.589103596349972,13.217928073000536,18.317230273752013,6.260064412238325,11.60762211486849,5.8172302737520125,1.5230810520665594,0.7313472893183038,10.554213633923778,1.3419216317767042,0.040257648953301126
211,30.709876543209877,13.137412775093935,18.303811057434245,6.213097155126141,11.728395061728396,5.803811057434245,1.5029522275899088,0.7313472893183038,10.487117552334944,1.3419216317767042,0.040257648953301126
212,31.01851851851852,12.95625335480408,18.189747718733226,6.1862587224906065,11.788781535158346,5.750134192163178,1.570048309178744,0.7313472893183038,10.426731078904991,1.3419216317767042,0.040257648953301126
