,45,50,53,52,51,54,55,56
0,99.72490606548577,0.27509393451422437,,,,,,
1,95.62533548040794,4.374664519592056,,,,,,
2,95.57165861513688,4.428341384863124,,,,,,
3,93.3239398819109,6.6760601180891035,,,,,,
4,87.99651100375738,12.00348899624262,,,,,,
5,87.7818035426731,12.218196457326892,,,,,,
6,81.46806226516371,18.411164787976382,0.12077294685990338,,,,,
7,81.33387010198605,18.54535695115405,0.12077294685990338,,,,,
8,81.15271068169619,18.726516371443907,0.12077294685990338,,,,,
9,81.08561460010735,18.793612453032743,0.12077294685990338,,,,,
10,81.20638754696726,18.54535695115405,0.24825550187869028,,,,,
11,80.93800322061192,18.813741277509394,0.24825550187869028,,,,,
12,80.72329575952764,19.028448738593667,0.24825550187869028,,,,,
13,79.01234567901234,20.33011272141707,0.6575415995705851,,,,,
14,79.25389157273216,20.088566827697264,0.6575415995705851,,,,,
15,79.09286097691894,20.249597423510465,0.6575415995705851,,,,,
16,77.51610305958133,21.947128287707997,0.5367686527106817,,,,,
17,77.40874932903918,22.054482018250134,0.5367686527106817,,,,,
18,77.25442834138487,22.208803005904453,0.5367686527106817,,,,,
19,76.85185185185185,22.611379495437465,0.5367686527106817,,,,,
20,76.90552871712292,22.450348899624263,0.46296296296296297,0.18115942028985507,,,,
21,75.83870101986044,23.517176596886742,0.46296296296296297,0.18115942028985507,,,,
22,75.92592592592592,23.443370907139023,0.46296296296296297,0.16774020397208803,,,,
23,73.329307568438,25.744766505636072,0.46296296296296297,0.16774020397208803,0.2952227589908749,,,
24,68.99490069779925,27.15378421900161,0.46296296296296297,0.16774020397208803,3.2206119162640903,,,
25,67.37788513150832,28.64331723027375,0.5904455179817498,0.16774020397208803,3.2206119162640903,,,
26,67.18330649490069,28.837895866881375,0.5904455179817498,0.16774020397208803,3.2206119162640903,,,
27,66.4922168545357,29.528985507246375,0.5904455179817498,0.16774020397208803,3.2206119162640903,,,
28,63.506441223832525,32.68250134192163,0.5904455179817498,0.16774020397208803,3.052871712292002,,,
29,63.66076221148685,32.588566827697264,0.5904455179817498,0.16774020397208803,2.9924852388620504,,,
30,62.88915727321525,33.393719806763286,0.5904455179817498,0.16774020397208803,2.8247450348899625,0.13419216317767044,,
31,62.80864197530864,33.00456253354804,0.5904455179817498,0.5367686527106817,2.8247450348899625,,0.23483628556092323,
32,62.67444981213097,33.17901234567901,0.5837359098228664,0.5367686527106817,2.791196994095545,,0.23483628556092323,
33,63.02334943639291,32.709339774557165,0.5166398282340311,0.5233494363929146,2.9924852388620504,,0.23483628556092323,
34,61.47342995169082,34.35319377348363,0.4428341384863124,0.5233494363929146,2.9723564143853998,,0.23483628556092323,
35,61.63446054750403,34.01100375738057,0.43612453032742887,0.7179280730005367,2.965646806226516,,0.23483628556092323,
36,61.3593666129898,33.82984433709071,0.644122383252818,0.7112184648416533,3.2206119162640903,,0.23483628556092323,
37,59.96376811594203,35.299248523886206,0.5032206119162641,0.5568974771873323,3.2004830917874396,0.24154589371980675,0.23483628556092323,
38,60.19189479334407,35.08454106280193,0.5032206119162641,0.5434782608695652,3.2004830917874396,0.24154589371980675,0.23483628556092323,
39,60.560923242082666,34.82286634460547,0.5032206119162641,0.5434782608695652,3.2004830917874396,0.13419216317767044,0.23483628556092323,
40,60.01073537305421,35.41331186258722,0.47638217928073,0.5434782608695652,3.1870638754696725,0.13419216317767044,0.23483628556092323,
41,59.84299516908212,33.84997316156736,0.4495437466451959,0.5434782608695652,4.944981213097155,0.13419216317767044,0.23483628556092323,
42,57.870370370370374,35.84272678475577,0.6843800322061192,0.5434782608695652,4.690016103059581,0.13419216317767044,0.23483628556092323,
43,57.68250134192163,35.78234031132582,0.6843800322061192,0.5434782608695652,4.938271604938271,0.13419216317767044,0.23483628556092323,
44,57.890499194847024,35.61460010735373,0.6843800322061192,0.5434782608695652,4.918142780461621,0.13419216317767044,0.2147074610842727,
45,56.57541599570585,36.9296833064949,0.6843800322061192,0.5434782608695652,4.918142780461621,0.13419216317767044,0.2147074610842727,
46,53.30112721417069,39.754428341384866,0.6843800322061192,0.7447665056360708,5.166398282340311,0.13419216317767044,0.2147074610842727,
47,53.46886741814278,39.432367149758456,0.6843800322061192,0.7246376811594203,5.166398282340311,0.30864197530864196,0.2147074610842727,
48,50.657541599570585,41.532474503489,0.6843800322061192,1.0399892646269457,5.320719269994632,0.30864197530864196,0.4562533548040794,
49,50.52334943639291,41.700214707461086,0.6843800322061192,1.0131508319914118,5.314009661835748,0.30864197530864196,0.4562533548040794,
50,51.15405260332797,40.87493290391841,0.6843800322061192,0.9997316156736447,5.535426731078905,0.2952227589908749,0.4562533548040794,
51,51.12050456253355,40.64009661835749,0.6843800322061192,0.9997316156736447,5.810520665593129,0.2952227589908749,0.4495437466451959,
52,51.21443907675792,40.324745034889965,0.6776704240472357,0.966183574879227,6.072195383789587,0.2952227589908749,0.4495437466451959,
53,44.6658615136876,46.67203435319377,0.8789586688137413,0.966183574879227,6.072195383789587,0.2952227589908749,0.4495437466451959,
54,44.99463231347289,45.793075684380035,0.8789586688137413,1.5365002683843263,6.052066559312936,0.2952227589908749,0.4495437466451959,
55,45.330112721417066,45.45759527643585,0.8789586688137413,1.5365002683843263,6.052066559312936,0.2952227589908749,0.4495437466451959,
56,45.531400966183575,45.08185721953838,0.8789586688137413,1.5365002683843263,6.031937734836285,0.2952227589908749,0.644122383252818,
57,45.70585077831455,45.12211486849168,0.8789586688137413,1.3419216317767042,6.011808910359635,0.2952227589908749,0.644122383252818,
58,45.98094471282877,44.847020933977454,0.8789586688137413,1.3419216317767042,5.870907139023081,0.43612453032742887,0.644122383252818,
59,42.72007514761138,48.58427267847558,0.8789586688137413,1.0198604401502953,5.736714975845411,0.43612453032742887,0.6239935587761675,
60,37.915995705850776,52.08668813741278,0.8789586688137413,2.1604938271604937,5.917874396135265,0.41599570585077833,0.6239935587761675,
61,36.58749329039184,52.804616210413315,0.8789586688137413,2.5026838432635534,5.555555555555555,1.0534084809447128,0.6172839506172839,
62,36.35265700483092,53.09983896940419,0.8789586688137413,2.4892646269457863,5.522007514761138,1.0534084809447128,0.6038647342995169,
63,36.41304347826087,53.07971014492754,0.8789586688137413,2.462426194310252,5.508588298443371,1.0534084809447128,0.6038647342995169,
64,36.77536231884058,52.77777777777778,0.8789586688137413,2.4154589371980677,5.495169082125604,1.0534084809447128,0.6038647342995169,
65,37.11084272678475,52.21417069243156,0.8521202361782072,2.3886205045625335,5.495169082125604,1.0534084809447128,0.8856682769726248,
66,37.42619431025228,51.82501341921632,0.8319914117015567,2.3886205045625335,5.495169082125604,1.288244766505636,0.7447665056360708,
67,37.66774020397209,51.33521202361782,0.8319914117015567,2.3886205045625335,5.743424584004294,1.288244766505636,0.7447665056360708,
68,37.775093934514224,50.738056897477186,1.1674718196457328,2.3483628556092326,5.730005367686527,1.5096618357487923,0.7313472893183038,
69,38.05018786902845,50.47638217928073,1.1674718196457328,2.3483628556092326,5.71658615136876,1.5096618357487923,0.7313472893183038,
70,38.22463768115942,50.34219001610306,1.1674718196457328,2.3081052066559313,5.71658615136876,1.5096618357487923,0.7313472893183038,
71,37.775093934514224,48.97342995169082,1.1674718196457328,2.3081052066559313,7.5348899624261945,1.5096618357487923,0.7313472893183038,
72,37.86231884057971,48.470209339774556,1.1674718196457328,2.5563607085346214,7.702630166398282,1.5096618357487923,0.7313472893183038,
73,36.85587761674718,46.43048845947396,1.1674718196457328,2.5429414922168547,10.789049919484702,1.402308105206656,0.8118625872249061,
74,36.83574879227053,46.49087493290392,1.1674718196457328,2.5295222758990876,10.762211486849168,1.402308105206656,0.8118625872249061,
75,37.0907139023081,46.282877079978526,1.1674718196457328,2.5295222758990876,10.721953837895867,1.402308105206656,0.8051529790660226,
76,37.32555018786903,45.799785292538914,1.1540526033279657,2.9052603327965647,10.607890499194847,1.402308105206656,0.8051529790660226,
77,37.82206119162641,45.3569511540526,1.1473429951690821,2.9052603327965647,10.560923242082662,1.402308105206656,0.8051529790660226,
78,37.9898013955985,45.00805152979066,1.3352120236178207,2.9052603327965647,10.520665593129362,1.4358561460010735,0.8051529790660226,
79,38.499731615673646,44.826892109500804,1.247987117552335,2.85829307568438,10.399892646269459,1.3620504562533549,0.8051529790660226,
80,37.567096081588836,46.2157809983897,1.2278582930756843,3.026033279656468,9.796027911969942,1.3620504562533549,0.8051529790660226,
81,37.78180354267311,46.09500805152979,1.2278582930756843,3.026033279656468,9.702093397745571,1.3620504562533549,0.8051529790660226,
82,38.17096081588835,45.7259796027912,1.2278582930756843,3.012614063338701,9.695383789586689,1.3620504562533549,0.8051529790660226,
83,38.00993022007515,45.611916264090176,1.221148684916801,3.307836822329576,9.681964573268921,1.3620504562533549,0.8051529790660226,
84,38.26489533011272,45.4777241009125,1.221148684916801,3.294417606011809,9.574610842726784,1.3620504562533549,0.8051529790660226,
85,38.59366612989801,44.34380032206119,1.221148684916801,3.240740740740741,9.541062801932368,2.254428341384863,0.8051529790660226,
86,38.28502415458937,43.35748792270532,1.2144390767579174,2.9052603327965647,11.486849168008588,1.9726247987117553,0.7783145464304885,
87,38.71443907675792,42.975040257648956,1.2144390767579174,2.885131508319914,11.372785829307569,1.9189479334406871,0.9192163177670424,
88,38.88217928073001,42.62614063338701,1.2010198604401503,2.945517981749866,11.520397208803006,1.9122383252818036,0.9125067096081588,
89,38.828502415458935,40.975577026301664,1.3955984970477724,2.945517981749866,12.453032742887816,2.1739130434782608,1.2278582930756843,
90,38.96269457863661,40.754159957058505,1.3687600644122384,2.918679549114332,12.593934514224369,2.1739130434782608,1.2278582930756843,
91,38.53327965646806,39.50617283950617,1.3687600644122384,2.9052603327965647,14.284755770263017,2.1739130434782608,1.2278582930756843,
92,38.87546967257112,39.2512077294686,1.3687600644122384,2.9052603327965647,14.217659688674182,2.1604938271604937,1.221148684916801,
93,38.87546967257112,39.01637144390767,1.6841116478797638,2.871712292002147,14.197530864197532,2.13365539452496,1.221148684916801,
94,39.06333870101986,38.687600644122384,1.6841116478797638,3.0864197530864197,14.123725174449811,2.13365539452496,1.221148684916801,
95,36.74852388620504,44.806763285024154,1.7310789049919484,3.8311862587224907,10.178475577026301,1.5029522275899088,1.2010198604401503,
96,36.82903918411165,44.67928073000537,1.7310789049919484,3.797638217928073,10.258990874932904,1.5029522275899088,1.2010198604401503,
97,35.92324208266237,45.73939881910896,1.90552871712292,3.797638217928073,9.930220075147611,1.5029522275899088,1.2010198604401503,
98,36.54723564143854,45.189210950080515,1.8853998926462694,3.7909286097691894,9.849704777241008,1.4895330112721417,1.247987117552335,
99,36.39291465378422,44.840311325818575,1.8786902844873858,4.0995705850778315,9.842995169082126,1.6975308641975309,1.247987117552335,
100,36.3996242619431,44.907407407407405,1.865271068169619,4.0995705850778315,9.789318303811058,1.6908212560386473,1.247987117552335,
101,36.600912506709605,44.498121309715515,1.865271068169619,4.0995705850778315,9.75577026301664,1.6706924315619969,1.5096618357487923,
102,36.87600644122383,44.30354267310789,1.865271068169619,4.0995705850778315,9.71551261406334,1.6706924315619969,1.4694041867954912,
103,37.0101986044015,43.74664519592056,1.865271068169619,4.066022544283414,9.836285560923242,2.006172839506173,1.4694041867954912,
104,36.79549114331723,42.310789049919485,1.751207729468599,4.066022544283414,11.862587224906065,1.9524959742351047,1.261406333870102,
105,36.97665056360709,42.19672571121846,1.751207729468599,4.066022544283414,11.79549114331723,1.9524959742351047,1.261406333870102,
106,37.15780998389694,41.659957058507786,2.0665593129361244,4.3545356951154055,11.594202898550725,1.90552871712292,1.261406333870102,
107,35.87627482555019,40.61996779388084,2.0665593129361244,4.233762748255502,14.096886741814279,1.7042404723564144,1.402308105206656,
108,35.88298443370907,40.27106816961889,2.046430488459474,4.213633923778851,14.056629092860977,2.281266774020397,1.247987117552335,
109,35.86285560923242,39.93558776167472,2.200751476113795,4.461889425657541,13.882179280730005,2.4892646269457863,1.1674718196457328,
110,36.00375738056898,39.91545893719807,2.200751476113795,4.435050993022007,13.788244766505636,2.4892646269457863,1.1674718196457328,
111,36.030595813204506,40.02952227589909,2.1739130434782608,4.414922168545357,13.7211486849168,2.462426194310252,1.1674718196457328,
112,36.272141706924316,39.700751476113794,2.1739130434782608,4.38137412775094,13.627214170692431,2.462426194310252,1.3821792807300053,
113,35.50053676865271,37.5805152979066,2.1403650026838434,5.8172302737520125,15.022812667740205,2.4221685453569513,1.5163714439076759,
114,35.74208266237252,37.43961352657005,2.1403650026838434,5.790391841116479,14.962426194310252,2.408749329039184,1.5163714439076759,
115,34.21900161030596,37.33225979602791,2.38191089640365,5.22007514761138,16.861245303274288,2.3550724637681157,1.6304347826086956,
116,34.628287707997856,37.124261943102525,2.3483628556092326,5.199946323134729,16.7337627482555,2.341653247450349,1.6237251744498122,
117,33.93048845947396,38.54669887278583,2.3215244229736984,5.199946323134729,16.21712292002147,2.3081052066559313,1.4761137949543746,
118,34.326355340848096,38.16425120772947,2.227589908749329,5.434782608695652,16.069511540526033,2.301395598497048,1.4761137949543746,
119,34.97047772410091,37.64090177133655,2.227589908749329,5.381105743424584,15.801127214170693,2.5026838432635534,1.4761137949543746,
120,35.35963499731616,37.35909822866345,2.227589908749329,5.374396135265701,15.485775630703166,2.5026838432635534,1.6908212560386473,
121,35.527375201288244,37.285292538915726,2.227589908749329,5.35426731078905,15.411969940955448,2.5026838432635534,1.6908212560386473,
122,35.46698872785829,37.35909822866345,2.227589908749329,5.535426731078905,15.24422973698336,2.4825550187869028,1.6841116478797638,
123,35.487117552334944,37.43961352657005,2.227589908749329,5.488459473966721,15.190552871712292,2.4825550187869028,1.6841116478797638,
124,35.48040794417606,36.46672034353194,2.462426194310252,5.401234567901234,16.022544283413847,2.4825550187869028,1.6841116478797638,
125,35.889694041867955,36.25872249060655,2.462426194310252,5.253623188405797,15.96886741814278,2.4825550187869028,1.6841116478797638,
126,36.272141706924316,35.970209339774556,2.6637144390767578,5.22007514761138,15.854804079441761,2.462426194310252,1.556629092860977,
127,35.33279656468062,34.6081588835212,2.636876006441224,4.616210413311863,17.94820182501342,3.3548040794417604,1.5029522275899088,
128,35.59447128287708,34.49409554482018,2.636876006441224,4.555823939881911,17.860976918947934,3.3548040794417604,1.5029522275899088,
129,34.272678475577024,37.0504562533548,2.4154589371980677,3.938539989264627,17.49194847020934,3.33467525496511,1.4962426194310252,
130,34.346484165324746,36.41975308641975,2.6435856146001075,3.938539989264627,17.907944176060116,3.2742887815351582,1.4694041867954912,
131,34.44041867954911,35.87627482555019,2.623456790123457,4.166666666666667,17.834138486312398,3.2340311325818574,1.8250134192163177,
132,34.80273752012882,35.628019323671495,2.589908749329039,4.1532474503489,17.767042404723565,3.2340311325818574,1.8250134192163177,
133,35.339506172839506,35.33279656468062,2.5697799248523885,4.139828234031133,17.619431025228128,3.193773483628556,1.8048845947396672,
134,35.36634460547504,35.13150831991412,2.6435856146001075,4.133118625872249,17.505367686527105,3.1736446591519054,2.046430488459474,
135,35.527375201288244,34.95034889962426,2.6435856146001075,4.28743961352657,17.391304347826086,3.1535158346752548,2.046430488459474,
136,35.789049919484704,34.80273752012882,2.6301663982823404,4.28743961352657,17.3040794417606,3.1468062265163717,2.0397208803005906,
137,36.01717659688674,34.346484165324746,2.6301663982823404,4.28743961352657,17.216854535695116,3.1468062265163717,2.3550724637681157,
138,35.84272678475577,34.07139023081052,2.61003757380569,5.12614063338701,16.847826086956523,3.1468062265163717,2.3550724637681157,
139,36.37278582930757,33.7962962962963,2.61003757380569,5.12614063338701,16.606280193236714,3.1468062265163717,2.341653247450349,
140,36.553945249597426,33.72920021470746,2.6502952227589907,5.092592592592593,16.492216854535695,3.1468062265163717,2.3349436392914655,
141,36.70826623725174,33.69565217391305,2.6502952227589907,5.0791733762748255,16.404991948470208,3.126677402039721,2.3349436392914655,
142,36.69484702093398,33.45410628019324,2.85829307568438,5.0791733762748255,16.451959205582394,3.126677402039721,2.3349436392914655,
143,36.272141706924316,35.990338164251206,2.791196994095545,4.49543746645196,15.217391304347826,2.898550724637681,2.3349436392914655,
144,34.52093397745572,35.238862050456255,2.791196994095545,4.280730005367687,18.183038110574344,2.8918411164787976,2.0933977455716586,
145,34.41358024691358,34.735641438539986,2.589908749329039,5.9514224369296835,17.639559849704778,2.7509393451422435,1.9189479334406871,
146,34.54106280193237,34.38003220611916,2.5831991411701556,5.9514224369296835,17.901234567901234,2.7241009125067097,1.9189479334406871,
147,34.93022007514761,34.245840042941495,2.5496511003757383,5.9514224369296835,17.70665593129361,2.7241009125067097,1.892109500805153,
148,34.74235104669887,34.024422973698336,2.5496511003757383,6.474771873322598,17.60601180891036,2.7106816961889426,1.892109500805153,
149,35.21202361782072,33.782877079978526,2.5496511003757383,6.380837359098229,17.518786902844873,2.703972088030059,1.8518518518518519,
150,35.30595813204509,33.44739667203435,2.5496511003757383,6.380837359098229,17.458400429414922,2.703972088030059,2.15378421900161,
151,35.72195383789587,33.3467525496511,2.3349436392914655,6.374127750939345,17.398013955984972,2.690552871712292,2.13365539452496,
152,36.15807836822329,33.19243156199678,2.3349436392914655,6.340579710144928,17.156468062265162,2.6838432635534084,2.13365539452496,
153,36.07756307031669,33.15888352120236,2.3215244229736984,6.340579710144928,17.09608158883521,2.885131508319914,2.120236178207193,
154,36.4398819108964,32.70263016639828,2.395330112721417,6.340579710144928,16.914922168545356,3.1468062265163717,2.059849704777241,
155,36.842458400429415,32.55501878690284,2.3349436392914655,6.374127750939345,16.700214707461082,3.1333870101986045,2.059849704777241,
156,37.09742351046699,32.43424584004294,2.26784755770263,6.494900697799249,16.525764895330113,3.1199677938808374,2.059849704777241,
157,37.36580783682233,32.32018250134192,2.2410091250670963,6.4345142243692965,16.458668813741276,3.1199677938808374,2.059849704777241,
158,37.3792270531401,31.863929146537842,2.49597423510467,6.689479334406871,16.31105743424584,3.2004830917874396,2.059849704777241,
159,37.553676865271065,31.843800322061192,2.49597423510467,6.608964036500268,16.243961352657006,3.193773483628556,2.059849704777241,
160,37.996511003757384,31.300322061191626,2.7442297369833604,6.5552871712292005,16.190284487385938,3.166935050993022,2.046430488459474,
161,38.43263553408481,31.04535695115405,2.7442297369833604,6.4345142243692965,15.975577026301664,3.321256038647343,2.046430488459474,
162,38.95598497047772,30.743424584004295,2.7442297369833604,6.427804616210413,15.821256038647343,3.321256038647343,1.9860440150295222,
163,38.781535158346756,30.320719269994633,2.7442297369833604,6.327160493827161,16.324476650563607,3.515834675254965,1.9860440150295222,
164,38.969404186795494,30.213365539452496,2.737520128824477,6.286902844873859,16.31105743424584,3.4957058507783145,1.9860440150295222,
165,39.14385399892646,30.119431025228128,2.7308105206655933,6.246645195920558,16.27750939345142,3.4957058507783145,1.9860440150295222,
166,39.30488459473967,29.7638217928073,2.690552871712292,6.146001073537305,16.23725174449812,3.69699409554482,2.1604938271604937,
167,39.492753623188406,29.62962962962963,2.690552871712292,6.112453032742888,16.0829307568438,3.69699409554482,2.2946859903381642,
168,38.91572732152442,28.63660762211487,5.4549114331723025,6.078904991948471,15.183843263553408,3.656736446591519,2.073268921095008,
169,38.37224906065486,28.247450348899623,5.4549114331723025,6.078904991948471,16.13660762211487,3.6366076221148687,2.073268921095008,
170,38.64734299516908,28.14009661835749,5.407944176060118,6.052066559312936,15.98899624261943,3.6366076221148687,2.1269457863660763,
171,38.868760064412236,27.489264626945786,6.152710681696189,5.783682232957595,15.881642512077295,3.616478797638218,2.2074610842726785,
172,39.13714439076758,27.408749329039185,6.112453032742888,5.71658615136876,15.827965646806227,3.5963499731615673,2.200751476113795,
173,39.210950080515296,27.334943639291467,6.078904991948471,5.703166935050993,15.640096618357488,3.8311862587224907,2.200751476113795,
174,39.2914653784219,26.82501341921632,6.092324208266238,6.280193236714976,15.599838969404187,3.7372517444981215,2.1739130434782608,
175,39.62694578636608,26.7914653784219,6.0587761674718195,6.280193236714976,15.331454643048845,3.7372517444981215,2.1739130434782608,
176,39.90874932903918,26.617015566290927,6.0587761674718195,6.206387546967257,15.26435856146001,3.717122920021471,2.227589908749329,
177,40.05636070853462,26.50295222758991,6.0587761674718195,6.206387546967257,15.24422973698336,3.7037037037037037,2.227589908749329,
178,40.11674718196457,26.382179280730007,6.0587761674718195,6.320450885668277,15.22410091250671,3.7037037037037037,2.1940418679549114,
179,40.19726247987118,26.34863123993559,6.038647342995169,6.320450885668277,15.197262479871176,3.7037037037037037,2.1940418679549114,
180,40.351583467525494,26.133923778851315,6.112453032742888,6.387546967257112,15.123456790123457,3.69699409554482,2.1940418679549114,
181,40.47906602254428,25.959473966720342,6.112453032742888,6.374127750939345,15.197262479871176,3.683574879227053,2.1940418679549114,
182,40.734031132581855,25.89237788513151,6.092324208266238,6.327160493827161,15.103327965646805,3.656736446591519,2.1940418679549114,
183,40.82796564680623,25.85882984433709,6.072195383789587,6.293612453032743,15.103327965646805,3.6500268384326353,2.1940418679549114,
184,40.955448201825014,25.53676865271068,6.367418142780462,6.166129898013956,15.03623188405797,3.743961352657005,2.1940418679549114,
185,41.0829307568438,25.509930220075148,6.353998926462695,6.152710681696189,15.002683843263553,3.7037037037037037,2.1940418679549114,
186,41.398282340311326,25.369028448738593,6.327160493827161,6.099033816425121,14.942297369833602,3.7037037037037037,2.1604938271604937,
187,41.700214707461086,25.275093934514224,6.253354804079442,6.038647342995169,14.868491680085883,3.7037037037037037,2.1604938271604937,
188,40.88835212023618,27.482555018786904,5.146269457863661,5.938003220611916,14.680622651637144,3.7037037037037037,2.1604938271604937,
189,40.88164251207729,27.033011272141707,5.065754159957058,6.823671497584541,14.506172839506172,3.5426731078904994,2.147074610842727,
190,40.89506172839506,26.81159420289855,5.005367686527107,7.105475040257649,14.492753623188406,3.5426731078904994,2.147074610842727,
191,41.257380568974774,26.576757917337627,4.958400429414922,7.085346215780999,14.432367149758454,3.5426731078904994,2.147074610842727,
192,41.243961352657,26.670692431561996,4.958400429414922,7.078636607622115,14.36527106816962,3.5426731078904994,2.1403650026838434,
193,41.324476650563604,26.570048309178745,4.958400429414922,7.0383789586688135,14.533011272141707,3.4957058507783145,2.0799785292538915,
194,41.5727321524423,26.382179280730007,4.911433172302737,6.937734836285561,14.325013419216317,3.7909286097691894,2.0799785292538915,
195,41.599570585077835,26.03327965646806,4.911433172302737,7.112184648416532,14.170692431561998,3.7909286097691894,2.38191089640365,
196,40.385131508319915,28.609769189479334,4.367954911433173,6.850509930220075,13.868760064412239,3.5426731078904994,2.3752012882447664,
197,40.552871712292,28.569511540526033,4.367954911433173,6.790123456790123,13.828502415458937,3.5225442834138487,2.368491680085883,
198,40.774288781535155,28.401771336553946,4.320987654320987,6.790123456790123,13.942565754159958,3.4151905528717124,2.3550724637681157,
199,40.123456790123456,27.67042404723564,4.320987654320987,8.454106280193237,13.754696725711218,3.3548040794417604,2.3215244229736984,
200,40.24422973698336,27.623456790123456,4.320987654320987,8.433977455716587,13.70101986044015,3.3548040794417604,2.3215244229736984,
201,40.37842190016103,27.549651100375737,4.320987654320987,8.433977455716587,13.6808910359635,3.321256038647343,2.314814814814815,
202,40.51932367149758,27.549651100375737,4.30756843800322,8.413848631239935,13.627214170692431,3.2675791733762747,2.314814814814815,
203,40.62667740203972,27.314814814814813,4.300858829844337,8.380300590445518,13.553408480944713,3.5225442834138487,2.301395598497048,
204,40.60654857756307,27.106816961889425,4.394793344068707,8.548040794417606,13.539989264626946,3.502415458937198,2.301395598497048,
205,40.935319377348364,26.94578636607622,4.4753086419753085,8.541331186258722,13.419216317767042,3.3816425120772946,2.301395598497048,
206,41.12989801395599,26.798174986580783,4.4753086419753085,8.541331186258722,13.39237788513151,3.361513687600644,2.301395598497048,
207,41.02254428341385,26.288244766505635,4.461889425657541,8.756038647342995,13.352120236178207,3.5628019323671496,2.5563607085346214,
208,38.85534084809447,23.711755233494365,3.864734299516908,8.11862587224906,20.591787439613526,2.8247450348899625,2.033011272141707,
209,39.29817498658078,23.577563070316693,3.7037037037037037,7.836822329575953,20.77294685990338,2.7777777777777777,2.033011272141707,
210,39.55984970477724,23.483628556092324,3.7037037037037037,7.803274288781535,20.638754696725712,2.7777777777777777,2.033011272141707,
211,38.93585614600107,22.79253891572732,4.1129898013955986,9.400161030595813,20.578368223295758,2.4892646269457863,1.6908212560386473,
212,39.00295222758991,22.624798711755233,4.086151368760064,9.534353193773484,19.920826623725173,2.475845410628019,1.6908212560386473,0.6642512077294686
213,39.170692431561996,22.725442834138487,4.0995705850778315,9.4873859366613,19.685990338164252,2.475845410628019,1.6908212560386473,0.6642512077294686
214,39.58668813741278,22.517444981213096,4.066022544283414,9.359903381642512,19.53166935050993,2.462426194310252,1.8115942028985508,0.6642512077294686
215,39.841653247450346,22.38996242619431,4.341116478797638,9.212292002147075,19.330381105743424,2.4355877616747184,1.7847557702630166,0.6642512077294686
216,40.04965110037574,22.289318303811058,4.30756843800322,9.212292002147075,19.03515834675255,2.428878153515835,1.7847557702630166,0.8923778851315083
217,40.083199141170155,22.19538378958669,4.294149221685454,9.151905528717123,18.988191089640367,2.61003757380569,1.7847557702630166,0.8923778851315083
218,40.365002683843265,22.148416532474503,4.186795491143317,9.084809447128288,18.9345142243693,2.61003757380569,1.778046162104133,0.8923778851315083
219,40.55958132045089,22.041062801932366,4.186795491143317,8.997584541062801,18.9345142243693,2.61003757380569,1.778046162104133,0.8923778851315083
220,40.82796564680623,21.967257112184647,4.133118625872249,8.789586688137414,19.048577563070317,2.563070316693505,1.778046162104133,0.8923778851315083
221,41.0829307568438,21.85319377348363,4.106280193236715,8.769457863660762,18.968062265163713,2.563070316693505,1.7646269457863661,0.8923778851315083
222,41.317767042404725,21.72571121846484,4.079441760601181,8.709071390230811,18.853998926462694,2.5563607085346214,1.8786902844873858,0.8789586688137413
223,41.532474503489,21.638486312399355,4.066022544283414,8.695652173913043,18.766774020397207,2.5429414922168547,1.8786902844873858,0.8789586688137413
224,41.74718196457327,21.537842190016104,4.066022544283414,8.662104133118627,18.69296833064949,2.536231884057971,1.8786902844873858,0.8789586688137413
225,42.17659688674181,21.40365002683843,4.045893719806763,8.568169618894256,18.5654857756307,2.536231884057971,1.865271068169619,0.8387010198604401
226,41.626409017713364,21.121846484165324,4.045893719806763,9.588030059044552,18.21658615136876,2.536231884057971,2.0263016639828235,0.8387010198604401
227,41.78743961352657,21.095008051529792,4.019055287171229,9.54777241009125,18.183038110574344,2.509393451422437,2.01959205582394,0.8387010198604401
228,41.87466451959206,21.07487922705314,4.019055287171229,9.541062801932368,18.129361245303276,2.5026838432635534,2.01959205582394,0.8387010198604401
229,41.706924315619965,21.108427267847556,4.2203435319377345,9.796027911969942,17.961621041331185,2.3752012882447664,1.9927536231884058,0.8387010198604401
230,41.720343531937736,20.987654320987655,4.2203435319377345,9.782608695652174,17.8743961352657,2.589908749329039,1.9860440150295222,0.8387010198604401
231,41.74047235641439,20.82662372517445,4.159957058507783,10.037573805689748,17.820719269994633,2.589908749329039,1.9860440150295222,0.8387010198604401
232,42.089371980676326,20.8064949006978,4.159957058507783,9.96376811594203,17.599302200751477,2.576489533011272,1.9659151905528718,0.8387010198604401
233,42.190016103059584,20.799785292538918,4.146537842190016,9.96376811594203,17.559044551798173,2.5429414922168547,1.9592055823939882,0.8387010198604401
234,42.3040794417606,20.739398819108963,4.146537842190016,10.151637144390767,17.478529253891573,2.5429414922168547,1.8183038110574343,0.8185721953837896
235,42.20343531937735,20.598497047772412,4.012345679012346,10.393183038110575,17.55233494363929,2.7509393451422435,1.8183038110574343,0.6709608158883521
236,42.391304347826086,20.38378958668814,4.012345679012346,10.628019323671497,17.398013955984972,2.6972624798711755,1.8183038110574343,0.6709608158883521
237,42.43827160493827,20.471014492753625,4.012345679012346,10.621309715512615,17.3040794417606,2.6704240472356413,1.8115942028985508,0.6709608158883521
238,42.3845947396672,20.30998389694042,3.9989264626945786,10.218733225979603,17.954911433172303,2.6704240472356413,1.8115942028985508,0.6508319914117016
239,42.47181964573269,20.182501341921633,3.978797638217928,10.339506172839506,17.894524959742352,2.6704240472356413,1.8115942028985508,0.6508319914117016
240,42.652979066022546,20.162372517444982,3.9720880300590444,10.225442834138486,17.867686527106816,2.6637144390767578,1.8048845947396672,0.6508319914117016
241,42.941492216854535,20.041599570585078,3.9720880300590444,10.158346752549651,17.767042404723565,2.6637144390767578,1.8048845947396672,0.6508319914117016
242,43.10923242082662,19.94766505636071,3.9720880300590444,10.044283413848632,17.726784755770264,2.6637144390767578,1.7981749865807837,0.7380568974771873
243,43.29039184111648,19.89398819108964,3.9586688137412773,10.00402576489533,17.659688674181428,2.657004830917874,1.7981749865807837,0.7380568974771873
244,43.53864734299517,19.746376811594203,3.9452495974235107,9.970477724100913,17.60601180891036,2.657004830917874,1.7981749865807837,0.7380568974771873
245,43.646001073537306,19.719538378958667,3.938539989264627,9.930220075147611,17.57246376811594,2.657004830917874,1.7981749865807837,0.7380568974771873
246,43.84057971014493,19.679280730005367,3.9049919484702094,9.863123993558776,17.538915727321523,2.636876006441224,1.7981749865807837,0.7380568974771873
247,44.236446591519055,19.585346215780998,3.8848631239935587,9.802737520128824,17.344337090713903,2.636876006441224,1.7713365539452497,0.7380568974771873
248,44.16264090177134,19.49812130971551,3.878153515834675,9.75577026301664,17.277241009125067,2.918679549114332,1.7713365539452497,0.7380568974771873
249,44.28341384863124,19.310252281266774,4.05931293612453,9.75577026301664,17.16988727858293,2.9119699409554483,1.7713365539452497,0.7380568974771873
250,44.41760601180891,19.28341384863124,4.045893719806763,9.702093397745571,17.136339237788512,2.9119699409554483,1.7646269457863661,0.7380568974771873
251,44.49141170155663,19.26328502415459,4.045893719806763,9.702093397745571,17.082662372517444,2.9119699409554483,1.7646269457863661,0.7380568974771873
252,44.65244229736983,19.189479334406872,4.032474503488996,9.628287707997853,17.082662372517444,2.9119699409554483,1.7646269457863661,0.7380568974771873
253,44.840311325818575,19.189479334406872,4.019055287171229,9.581320450885668,16.955179817498657,2.9119699409554483,1.7646269457863661,0.7380568974771873
254,44.96779388083736,19.16935050993022,4.012345679012346,9.574610842726784,16.901502952227588,2.8918411164787976,1.7579173376274826,0.7246376811594203
255,45.088566827697264,19.142512077294686,4.012345679012346,9.541062801932368,16.841116478797638,2.8918411164787976,1.7579173376274826,0.7246376811594203
256,45.209339774557165,19.02173913043478,3.9855072463768115,9.366612989801396,17.042404723564143,2.8918411164787976,1.7579173376274826,0.7246376811594203
257,44.256575415995705,20.169082125603865,3.978797638217928,9.205582393988191,17.028985507246375,2.8784219001610305,1.7579173376274826,0.7246376811594203
258,44.36392914653784,20.128824476650564,3.9720880300590444,9.192163177670425,16.988727858293075,2.871712292002147,1.7579173376274826,0.7246376811594203
259,44.30354267310789,20.202630166398283,3.965378421900161,9.192163177670425,16.982018250134193,2.871712292002147,1.7579173376274826,0.7246376811594203
260,44.498121309715515,20.12211486849168,3.9586688137412773,9.185453569511541,16.901502952227588,2.85829307568438,1.751207729468599,0.7246376811594203
261,44.77992485238862,20.055018786902846,3.911701556629093,9.158615136876007,16.760601180891037,2.85829307568438,1.751207729468599,0.7246376811594203
262,44.75979602791197,20.04830917874396,3.911701556629093,9.138486312399356,16.512345679012345,2.844873859366613,2.059849704777241,0.7246376811594203
263,44.94095544820183,19.961084272678477,3.898282340311326,9.131776704240472,16.431830381105744,2.7643585614600106,2.147074610842727,0.7246376811594203
264,44.97450348899624,19.91411701556629,3.878153515834675,9.25925925925926,16.35131508319914,2.7643585614600106,2.147074610842727,0.7112184648416533
265,45.02147074610843,19.900697799248523,3.8714439076757916,9.232420826623725,16.35131508319914,2.7643585614600106,2.147074610842727,0.7112184648416533
266,45.16237251744498,19.85373054213634,4.159957058507783,9.185453569511541,16.31105743424584,2.657004830917874,1.9592055823939882,0.7112184648416533
267,45.17579173376275,19.732957595276435,4.435050993022007,9.151905528717123,16.304347826086957,2.657004830917874,1.8317230273752012,0.7112184648416533
268,45.30327428878154,19.706119162640903,4.435050993022007,9.145195920558239,16.27079978529254,2.6301663982823404,1.8183038110574343,0.6910896403650026
269,45.471014492753625,19.699409554482017,4.435050993022007,9.111647879763822,16.183574879227052,2.6301663982823404,1.778046162104133,0.6910896403650026
270,45.62533548040794,19.679280730005367,4.428341384863124,9.078099838969404,16.11647879763822,2.6301663982823404,1.751207729468599,0.6910896403650026
271,45.73939881910896,19.672571121846484,4.414922168545357,9.03113258185722,15.780998389694043,2.6301663982823404,1.751207729468599,0.9796027911969941
272,45.78636607622115,19.659151905528716,4.522275899087493,9.017713365539452,15.747450348899624,2.5831991411701556,1.7042404723564144,0.9796027911969941
273,45.93397745571659,19.639023081052066,4.602791196994096,8.984165324745035,15.60654857756307,2.5563607085346214,1.7042404723564144,0.9728931830381106
274,45.93397745571659,19.404186795491142,4.602791196994096,8.950617283950617,15.60654857756307,2.7308105206655933,1.7981749865807837,0.9728931830381106
275,46.09500805152979,19.16935050993022,4.562533548040794,8.917069243156199,15.780998389694043,2.7241009125067097,1.7847557702630166,0.966183574879227
276,46.222490606548575,19.102254428341386,4.528985507246377,8.917069243156199,15.754159957058508,2.7241009125067097,1.7847557702630166,0.966183574879227
277,46.544551798174986,18.968062265163713,4.522275899087493,8.849973161567364,15.646806226516372,2.7241009125067097,1.778046162104133,0.966183574879227
278,45.75952764358561,19.16935050993022,4.468599033816425,8.749329039184111,15.619967793880837,3.5426731078904994,1.724369296833065,0.966183574879227
279,45.8870101986044,19.14922168545357,4.468599033816425,8.59500805152979,15.687063875469672,3.5225442834138487,1.724369296833065,0.966183574879227
280,45.833333333333336,19.0955448201825,4.468599033816425,8.883521202361782,15.566290928609769,3.4621578099838968,1.724369296833065,0.966183574879227
281,46.13526570048309,19.048577563070317,4.468599033816425,8.863392377885132,15.45222758990875,3.44873859366613,1.6237251744498122,0.9594739667203436
282,46.37010198604401,19.02173913043478,4.448470209339774,8.796296296296296,15.351583467525497,3.4286097691894795,1.6237251744498122,0.9594739667203436
283,46.4170692431562,19.03515834675255,4.428341384863124,8.756038647342995,15.405260332796564,3.374932903918411,1.6237251744498122,0.9594739667203436
284,46.49087493290392,19.11567364465915,4.314278046162104,8.742619431025227,15.391841116478798,3.374932903918411,1.6103059581320451,0.9594739667203436
285,46.564680622651636,19.102254428341386,4.314278046162104,8.729200214707461,15.257648953301127,3.321256038647343,1.778046162104133,0.9326355340848095
286,46.66532474503489,19.0955448201825,4.280730005367687,8.796296296296296,15.13016639828234,3.321256038647343,1.778046162104133,0.9326355340848095
287,46.88674181427805,18.98148148148148,4.280730005367687,8.776167471819646,14.989264626945786,3.240740740740741,1.778046162104133,1.06682769726248
288,47.155126140633385,18.95464304884595,4.233762748255502,8.769457863660762,14.80810520665593,3.240740740740741,1.7713365539452497,1.06682769726248
289,47.28931830381106,19.008319914117017,4.193505099302201,8.742619431025227,14.626945786366075,3.321256038647343,1.751207729468599,1.06682769726248
290,47.36312399355877,18.9345142243693,4.193505099302201,8.742619431025227,14.626945786366075,3.321256038647343,1.751207729468599,1.06682769726248
291,47.416800858829845,18.659420289855074,4.488727858293076,8.729200214707461,14.700751476113794,3.2474503488996245,1.6908212560386473,1.06682769726248
292,47.745571658615134,18.5252281266774,4.441760601180891,9.037842190016104,14.251207729468598,3.2474503488996245,1.6908212560386473,1.0601180891035964
293,47.839506172839506,18.5252281266774,4.435050993022007,8.997584541062801,14.231078904991948,3.2340311325818574,1.6774020397208802,1.0601180891035964
294,47.98040794417606,18.451422436929683,4.428341384863124,8.943907675791733,14.224369296833064,3.2340311325818574,1.6774020397208802,1.0601180891035964
295,47.85292538915727,18.391035963499732,4.770531400966184,8.930488459473967,14.083467525496511,3.2340311325818574,1.6774020397208802,1.0601180891035964
296,47.68518518518518,18.38432635534085,4.7638217928073,8.816425120772946,14.378690284487385,3.2340311325818574,1.6774020397208802,1.0601180891035964
297,47.85963499731616,18.370907139023082,4.730273752012883,8.742619431025227,14.338432635534085,3.227321524422974,1.6774020397208802,1.0534084809447128
298,48.00053676865271,18.344068706387546,4.730273752012883,8.695652173913043,14.304884594739667,3.2206119162640903,1.6639828234031133,1.0399892646269457
299,47.87305421363392,18.230005367686527,4.898013955984971,8.695652173913043,14.27133655394525,3.4151905528717124,1.5901771336553945,1.0265700483091786
300,47.99382716049383,18.256843800322063,4.851046698872786,8.789586688137414,14.110305958132045,3.4017713365539453,1.570048309178744,1.0265700483091786
