,45,50,51,55,56,52,53,54,58,57,61,60,46,59,63,62,47,48
0,81.57541599570585,9.634997316156737,8.668813741277509,0.040257648953301126,0.08051529790660225,,,,,,,,,,,,,
1,79.50214707461085,11.392914653784219,8.53462157809984,0.4562533548040794,0.08722490606548577,0.026838432635534086,,,,,,,,,,,,
2,76.670692431562,14.023081052066559,8.467525496511003,0.6843800322061192,0.1274825550187869,0.026838432635534086,,,,,,,,,,,,
3,71.12184648416533,19.176060118089104,8.454106280193237,0.95276435856146,0.1274825550187869,0.14090177133655393,0.026838432635534086,,,,,,,,,,,
4,70.26972624798712,19.840311325818572,8.36688137412775,1.1003757380568975,0.14761137949543746,0.24825550187869028,0.026838432635534086,,,,,,,,,,,
5,69.47128287707997,20.39049919484702,8.319914117015566,1.288244766505636,0.20128824476650564,0.24825550187869028,0.040257648953301126,0.040257648953301126,,,,,,,,,,
6,68.6460010735373,20.90042941492217,8.071658615136876,1.6304347826086956,0.3421900161030596,0.24825550187869028,0.12077294685990338,0.040257648953301126,,,,,,,,,,
7,64.62694578636608,23.11460010735373,9.594739667203436,1.6371443907675791,0.3824476650563607,0.24825550187869028,0.2147074610842727,0.15432098765432098,0.026838432635534086,,,,,,,,,
8,60.47369833601718,27.24771873322598,9.46725711218465,1.6639828234031133,0.5032206119162641,0.24825550187869028,0.2147074610842727,0.15432098765432098,0.026838432635534086,,,,,,,,,
9,59.66183574879227,27.992485238862052,9.400161030595813,1.7042404723564144,0.5971551261406334,0.24825550187869028,0.2147074610842727,0.15432098765432098,0.026838432635534086,,,,,,,,,
10,57.71604938271605,29.21363392377885,7.628824476650563,1.90552871712292,0.5636070853462157,2.4557165861513686,0.2147074610842727,0.27509393451422437,0.026838432635534086,,,,,,,,,
11,54.609500805152976,32.09205582393988,7.62211486849168,1.9726247987117553,0.6642512077294686,2.442297369833602,0.2549651100375738,0.3153515834675255,0.026838432635534086,,,,,,,,,
12,53.42190016103059,33.10520665593129,7.62211486849168,2.006172839506173,0.6642512077294686,2.408749329039184,0.3824476650563607,0.32877079978529256,0.026838432635534086,0.03354804079441761,,,,,,,,
13,52.21417069243156,33.82984433709071,7.5348899624261945,2.395330112721417,0.6776704240472357,2.442297369833602,0.5166398282340311,0.32877079978529256,0.026838432635534086,0.03354804079441761,,,,,,,,
14,48.39640365002684,37.285292538915726,7.541599570585078,2.831454643048846,0.6575415995705851,2.167203435319377,0.7447665056360708,0.32877079978529256,0.026838432635534086,0.020128824476650563,,,,,,,,
15,44.98121309715513,40.49248523886205,7.568438003220612,2.8515834675254963,0.6910896403650026,2.408749329039184,0.7179280730005367,0.24154589371980675,0.026838432635534086,0.020128824476650563,,,,,,,,
16,40.76757917337628,43.934514224369295,7.427536231884058,2.818035426731079,0.7045088566827697,2.7442297369833604,0.5904455179817498,0.95276435856146,0.026838432635534086,0.03354804079441761,,,,,,,,
17,40.57971014492754,43.65271068169619,7.501341921631776,2.7509393451422435,0.8185721953837896,2.690552871712292,0.9594739667203436,0.9728931830381106,,0.07380568974771873,,,,,,,,
18,37.13768115942029,45.860171765968865,8.3467525496511,2.8515834675254963,0.8387010198604401,2.7241009125067097,1.1943102522812667,0.9728931830381106,,0.07380568974771873,,,,,,,,
19,28.079710144927535,61.29898013955985,4.294149221685454,2.395330112721417,0.41599570585077833,0.8990874932903918,0.9326355340848095,1.6572732152442298,,0.026838432635534086,,,,,,,,
20,17.98174986580784,75.10735373054213,1.2077294685990339,1.9927536231884058,,0.6508319914117016,2.7509393451422435,0.27509393451422437,0.020128824476650563,0.013419216317767043,,,,,,,,
21,18.015297906602253,73.8996242619431,1.2077294685990339,2.945517981749866,,0.6508319914117016,2.85829307568438,0.27509393451422437,0.026838432635534086,0.12077294685990338,,,,,,,,
22,18.00187869028449,73.1682769726248,1.2815351583467525,3.5963499731615673,,0.6709608158883521,2.85829307568438,0.27509393451422437,0.026838432635534086,0.12077294685990338,,,,,,,,
23,17.391304347826086,71.97396672034353,1.2748255501878691,4.810789049919484,0.013419216317767043,0.6910896403650026,2.844873859366613,0.8521202361782072,0.026838432635534086,0.12077294685990338,,,,,,,,
24,17.28395061728395,70.37707997852925,1.402308105206656,6.233225979602791,0.05367686527106817,0.7179280730005367,2.8784219001610305,0.8789586688137413,0.05367686527106817,0.12077294685990338,,,,,,,,
25,17.163177670424048,68.94793344068707,1.3620504562533549,7.6623725174449815,0.05367686527106817,0.7179280730005367,2.6972624798711755,1.0131508319914118,0.05367686527106817,0.2885131508319914,0.040257648953301126,,,,,,,
26,17.16988727858293,68.19645732689212,1.3955984970477724,8.3064949006978,0.05367686527106817,0.7514761137949544,2.6972624798711755,1.0198604401502953,0.05367686527106817,0.2885131508319914,0.06709608158883522,,,,,,,
27,16.921631776704242,67.48523886205045,1.6774020397208802,8.742619431025227,0.05367686527106817,0.7447665056360708,2.932098765432099,1.0332796564680622,0.05367686527106817,0.2885131508319914,0.06709608158883522,,,,,,,
28,17.002147074610843,66.28421900161031,1.6908212560386473,9.816156736446592,0.05367686527106817,0.7447665056360708,2.9253891572732154,1.0601180891035964,0.05367686527106817,0.2885131508319914,0.06709608158883522,0.013419216317767043,,,,,,
29,16.75389157273215,63.12399355877617,2.4355877616747184,11.943102522812667,0.10064412238325282,0.785024154589372,3.2877079978529253,1.1272141706924315,0.026838432635534086,0.32877079978529256,0.06709608158883522,0.020128824476650563,,,,,,
30,16.894793344068706,62.35238862050456,2.4691358024691357,12.439613526570048,0.1274825550187869,0.8319914117015567,3.2877079978529253,1.1003757380568975,0.05367686527106817,0.3488996242619431,0.06709608158883522,0.026838432635534086,,,,,,
31,7.4208266237251745,79.96511003757381,2.227589908749329,5.837359098228664,0.05367686527106817,0.5703166935050993,2.623456790123457,0.9728931830381106,0.020128824476650563,0.30864197530864196,,,,,,,,
32,5.642780461621041,80.93129361245303,1.7646269457863661,7.313472893183038,0.08051529790660225,0.47638217928073,2.3617820719269993,1.0869565217391304,0.020128824476650563,0.30864197530864196,,0.013419216317767043,,,,,,
33,5.609232420826624,79.64304884594739,2.2745571658615136,8.246108427267847,0.08051529790660225,0.23483628556092323,2.442297369833602,1.1003757380568975,0.04696725711218465,0.30864197530864196,,0.013419216317767043,,,,,,
34,5.589103596349974,78.2944176060118,2.3081052066559313,9.426999463231347,0.08051529790660225,0.23483628556092323,2.4825550187869028,1.2144390767579174,0.04696725711218465,0.30193236714975846,,0.013419216317767043,0.0067096081588835215,,,,,
35,5.736714975845411,76.48953301127214,2.26784755770263,10.909822866344605,0.11406333870101985,0.23483628556092323,2.6167471819645733,1.247987117552335,0.04696725711218465,0.30193236714975846,0.013419216317767043,0.013419216317767043,0.0067096081588835215,,,,,
36,5.938003220611916,75.30864197530865,2.26784755770263,11.802200751476114,0.11406333870101985,0.23483628556092323,2.6167471819645733,1.288244766505636,0.07380568974771873,0.322061191626409,0.013419216317767043,0.013419216317767043,0.0067096081588835215,,,,,
37,6.159420289855072,74.2216854535695,2.24771873322598,12.614063338701019,0.14090177133655393,0.23483628556092323,2.408749329039184,1.3352120236178207,0.28180354267310787,0.322061191626409,0.013419216317767043,0.013419216317767043,0.0067096081588835215,,,,,
38,6.119162640901771,71.19565217391305,2.2745571658615136,15.277777777777779,0.36231884057971014,0.23483628556092323,2.1940418679549114,1.3821792807300053,0.2549651100375738,0.4495437466451959,0.013419216317767043,0.23483628556092323,0.0067096081588835215,,,,,
39,1.8451422436929683,27.596618357487923,0.9192163177670424,7.185990338164252,0.28180354267310787,58.2259796027912,1.596886741814278,0.8051529790660226,0.30864197530864196,1.1876006441223832,0.013419216317767043,0.026838432635534086,0.0067096081588835215,,,,,
40,1.9994632313472893,27.314814814814813,0.9192163177670424,7.320182501341922,0.28180354267310787,56.28690284487386,1.5901771336553945,0.8051529790660226,0.35560923242082665,3.0730005367686526,0.020128824476650563,0.026838432635534086,0.0067096081588835215,,,,,
41,1.9927536231884058,25.711218464841654,0.9192163177670424,6.91760601180891,0.24825550187869028,53.743961352657,3.1468062265163717,2.831454643048846,0.4495437466451959,3.9720880300590444,,0.040257648953301126,0.0067096081588835215,0.020128824476650563,,,,
42,2.147074610842727,25.248255501878692,0.9192163177670424,7.286634460547504,0.3153515834675255,53.193773483628554,3.1333870101986045,2.831454643048846,0.5837359098228664,4.28743961352657,,0.040257648953301126,0.0067096081588835215,0.0067096081588835215,,,,
43,2.167203435319377,25.174449812130973,0.9192163177670424,7.326892109500805,0.2952227589908749,51.831723027375205,3.140096618357488,2.7643585614600106,0.6239935587761675,5.656199677938808,,0.040257648953301126,0.0067096081588835215,0.05367686527106817,,,,
44,2.3215244229736984,24.805421363392377,0.9192163177670424,7.514761137949543,0.30193236714975846,50.82528180354267,3.140096618357488,2.717391304347826,0.6977992485238862,6.629092860976919,,0.040257648953301126,0.0067096081588835215,0.08051529790660225,,,,
45,2.3886205045625335,23.97342995169082,0.9057971014492754,8.252818035426731,0.32877079978529256,47.49060654857756,6.347289318303811,2.6838432635534084,0.785024154589372,6.662640901771336,,0.040257648953301126,0.026838432635534086,0.11406333870101985,,,,
46,2.428878153515835,23.879495437466453,0.9057971014492754,8.319914117015566,0.48980139559849706,43.57890499194847,6.300322061191626,5.870907139023081,0.7514761137949544,7.27992485238862,,0.040257648953301126,0.026838432635534086,0.1274825550187869,,,,
47,2.5295222758990876,23.55072463768116,0.9057971014492754,8.621846484165324,0.48980139559849706,43.07568438003221,6.3070316693505095,5.83064949006978,0.7648953301127214,7.729468599033816,,0.040257648953301126,0.026838432635534086,0.1274825550187869,,,,
48,2.5697799248523885,23.087761674718198,0.9057971014492754,9.151905528717123,0.48980139559849706,42.76704240472356,6.146001073537305,5.83064949006978,0.7581857219538379,8.004562533548041,,0.040257648953301126,0.026838432635534086,0.2214170692431562,,,,
49,2.589908749329039,22.67176596886742,0.9125067096081588,9.346484165324744,0.8051529790660226,40.5126140633387,8.521202361782072,5.964841653247451,0.8118625872249061,7.447665056360709,,0.040257648953301126,0.026838432635534086,0.30864197530864196,0.040257648953301126,,,
50,2.6435856146001075,21.370101986044016,0.9125067096081588,11.258722490606548,0.8387010198604401,39.98926462694579,8.440687063875469,5.964841653247451,0.785024154589372,7.353730542136339,,0.040257648953301126,0.026838432635534086,0.33548040794417605,0.040257648953301126,,,
51,2.737520128824477,21.20907139023081,0.9125067096081588,11.238593666129898,1.2748255501878691,39.28475577026302,8.460815888352121,5.917874396135265,0.798443370907139,7.588566827697263,,0.040257648953301126,0.026838432635534086,0.4562533548040794,0.05367686527106817,,,
52,2.885131508319914,20.779656468062264,0.8856682769726248,11.29898013955985,1.4492753623188406,39.049919484702095,8.440687063875469,5.904455179817498,0.8252818035426731,7.803274288781535,,0.040257648953301126,0.026838432635534086,0.46967257112184646,0.14090177133655393,,,
53,2.9052603327965647,20.52469135802469,0.8856682769726248,11.480139559849706,1.6237251744498122,38.077026301663984,8.340042941492216,5.83064949006978,0.8387010198604401,8.695652173913043,,0.040257648953301126,0.026838432635534086,0.5501878690284487,0.16774020397208803,0.013419216317767043,,
54,2.999194847020934,19.726247987117553,0.8856682769726248,12.171229200214707,1.8585614600107354,37.734836285560924,8.333333333333334,5.810520665593129,0.8387010198604401,8.769457863660762,,0.10735373054213634,0.026838432635534086,0.5568974771873323,0.16774020397208803,0.013419216317767043,,
55,3.113258185721954,19.592055823939884,0.8722490606548577,12.070585077831455,1.90552871712292,37.003488996242616,8.340042941492216,5.911164787976382,0.8990874932903918,9.306226516371444,,0.12077294685990338,0.026838432635534086,0.5904455179817498,0.16774020397208803,0.08051529790660225,,
56,3.1199677938808374,19.55179817498658,0.8722490606548577,12.191358024691358,1.8451422436929683,36.33923778851315,8.32662372517445,5.850778314546431,1.0064412238325282,9.702093397745571,,0.17444981213097155,0.026838432635534086,0.7447665056360708,0.16774020397208803,0.08051529790660225,,
57,3.2139023081052067,19.182769726247987,0.8722490606548577,12.453032742887816,1.8988191089640365,36.10440150295223,8.32662372517445,5.776972624798712,1.06682769726248,9.809447128287708,,0.2549651100375738,0.026838432635534086,0.7648953301127214,0.16774020397208803,0.08051529790660225,,
58,3.193773483628556,18.927804616210413,0.8722490606548577,12.600644122383253,1.932367149758454,35.28582930756844,8.011272141706923,5.9447128287707995,1.2278582930756843,10.63472893183038,,0.2549651100375738,0.026838432635534086,0.8387010198604401,0.16774020397208803,0.08051529790660225,,
59,3.388352120236178,18.511808910359633,0.8856682769726248,12.701288244766506,2.059849704777241,34.594739667203434,7.98443370907139,5.964841653247451,1.2681159420289856,11.151368760064413,0.026838432635534086,0.30193236714975846,0.026838432635534086,0.8856682769726248,0.16774020397208803,0.08051529790660225,,
60,3.502415458937198,18.169618894256576,0.8789586688137413,12.822061191626409,2.13365539452496,34.17203435319377,7.729468599033816,5.877616747181965,1.442565754159957,11.486849168008588,0.026838432635534086,0.3153515834675255,0.026838432635534086,1.1674718196457328,0.16774020397208803,0.08051529790660225,,
61,3.5762211486849167,18.06897477187332,0.8588298443370908,12.788513150831992,2.3617820719269993,35.63472893183038,7.568438003220612,4.8443370907139025,1.4626945786366077,11.191626409017713,0.026838432635534086,0.3421900161030596,0.026838432635534086,1.0131508319914118,0.15432098765432098,0.08051529790660225,,
62,3.7037037037037037,17.834138486312398,0.8252818035426731,12.909286097691895,2.509393451422437,35.258990874932906,7.501341921631776,4.804079441760601,1.7981749865807837,11.158078368223295,0.026838432635534086,0.3421900161030596,0.026838432635534086,1.06682769726248,0.15432098765432098,0.08051529790660225,,
63,3.643317230273752,15.874932903918411,0.8252818035426731,16.297638217928075,2.4825550187869028,33.467525496511,6.642512077294686,4.891304347826087,2.0397208803005906,12.077294685990339,0.026838432635534086,0.4562533548040794,0.026838432635534086,1.0131508319914118,0.15432098765432098,0.08051529790660225,,
64,3.6634460547504024,15.734031132581856,0.8252818035426731,16.23725174449812,2.49597423510467,33.07836822329576,6.515029522275899,5.12614063338701,2.2611379495437465,12.285292538915728,0.026838432635534086,0.46296296296296297,0.026838432635534086,1.0265700483091786,0.15432098765432098,0.08051529790660225,,
65,3.6634460547504024,15.163714439076758,0.8521202361782072,16.586151368760063,2.717391304347826,32.56843800322061,6.5485775630703165,5.166398282340311,2.2611379495437465,12.5402576489533,0.026838432635534086,0.5367686527106817,0.026838432635534086,1.107085346215781,0.15432098765432098,0.08051529790660225,,
66,3.770799785292539,14.526301663982823,0.8923778851315083,17.09608158883521,2.932098765432099,32.058507783145465,6.588835212023618,5.307300053676865,2.26784755770263,12.600644122383253,0.026838432635534086,0.5367686527106817,0.026838432635534086,1.133923778851315,0.15432098765432098,0.08051529790660225,,
67,3.656736446591519,13.043478260869565,0.8923778851315083,19.142512077294686,2.9119699409554483,31.53515834675255,6.588835212023618,5.0791733762748255,2.2946859903381642,12.76838432635534,,0.5636070853462157,0.04696725711218465,1.2144390767579174,0.15432098765432098,0.10735373054213634,,
68,3.824476650563607,12.949543746645196,0.8923778851315083,18.686258722490606,3.2004830917874396,30.95813204508857,6.488191089640365,5.897745571658615,2.395330112721417,12.52012882447665,,0.6977992485238862,0.04696725711218465,1.1808910359634996,0.15432098765432098,0.10735373054213634,,
69,4.03918411164788,12.882447665056361,0.8923778851315083,18.632581857219538,3.2474503488996245,30.857487922705314,6.454643048845948,5.897745571658615,2.38191089640365,12.419484702093397,,0.6843800322061192,0.04696725711218465,1.3016639828234031,0.15432098765432098,0.10735373054213634,,
70,4.032474503488996,12.640901771336553,0.8789586688137413,18.67283950617284,3.4017713365539453,30.575684380032207,6.353998926462695,6.172839506172839,2.3886205045625335,12.4597423510467,0.013419216317767043,0.6977992485238862,0.040257648953301126,1.4090177133655395,0.15432098765432098,0.10735373054213634,,
71,4.1129898013955986,12.379227053140097,0.8789586688137413,18.14278046162104,3.4017713365539453,30.401234567901234,7.226247987117552,6.0587761674718195,2.4691358024691357,12.332259796027913,0.013419216317767043,0.7045088566827697,0.040257648953301126,1.5767579173376274,0.15432098765432098,0.10735373054213634,,
72,4.300858829844337,12.25174449812131,0.8789586688137413,18.12265163714439,3.4286097691894795,29.851046698872786,7.246376811594203,6.166129898013956,2.522812667740204,12.4597423510467,0.08051529790660225,0.785024154589372,0.040257648953301126,1.6170155662909287,0.14090177133655393,0.10735373054213634,,
73,4.341116478797638,11.829039184111648,0.8789586688137413,18.270263016639827,3.3480944712828773,29.381374127750938,7.447665056360709,6.427804616210413,2.509393451422437,12.741545893719806,0.08051529790660225,0.8051529790660226,0.05367686527106817,1.6371443907675791,0.14090177133655393,0.10735373054213634,,
74,4.508856682769726,11.641170155662909,0.8789586688137413,18.230005367686527,3.6902844873859366,28.985507246376812,7.407407407407407,7.118894256575416,2.4892646269457863,12.211486849168008,0.10064412238325282,0.9594739667203436,0.05367686527106817,1.5767579173376274,0.05367686527106817,0.0939345142243693,,
75,4.636339237788513,11.56736446591519,0.8588298443370908,17.867686527106816,3.7238325281803544,28.650026838432634,7.454374664519592,7.253086419753086,2.5295222758990876,12.385936661298981,0.14090177133655393,1.1473429951690821,0.05367686527106817,1.583467525496511,0.05367686527106817,0.0939345142243693,,
76,4.64975845410628,11.406333870101985,0.8588298443370908,17.840848094471284,4.146537842190016,28.26086956521739,7.4006977992485234,7.0450885668276975,2.677133655394525,12.372517444981213,0.14090177133655393,1.2077294685990339,0.05367686527106817,1.7914653784219001,0.05367686527106817,0.0939345142243693,,
77,4.830917874396135,11.305689747718732,0.8521202361782072,17.619431025228128,4.139828234031133,28.16022544283414,7.521470746108427,6.971282877079979,2.831454643048846,12.332259796027913,0.14090177133655393,1.2345679012345678,0.05367686527106817,1.8585614600107354,0.05367686527106817,0.0939345142243693,,
78,4.8443370907139025,11.18491680085883,0.8521202361782072,17.404723564143854,4.139828234031133,27.059849704777243,7.763016639828234,6.9310252281266775,2.818035426731079,13.298443370907139,0.14090177133655393,1.402308105206656,0.05367686527106817,1.9189479334406871,0.040257648953301126,0.14761137949543746,,
79,4.87788513150832,11.07085346215781,0.8521202361782072,18.00858829844337,4.159957058507783,26.88539989264627,7.763016639828234,6.89747718733226,2.8381642512077296,12.76838432635534,0.15432098765432098,1.4895330112721417,0.06038647342995169,1.9793344068706387,0.040257648953301126,0.14761137949543746,0.0067096081588835215,
80,4.871175523349437,10.111379495437467,0.8521202361782072,19.96779388083736,4.636339237788513,26.019860440150296,7.4208266237251745,6.796833064949007,2.8515834675254963,12.654320987654321,0.12077294685990338,1.4694041867954912,0.05367686527106817,1.9793344068706387,0.040257648953301126,0.14761137949543746,0.0067096081588835215,
81,4.676596886741814,9.172034353193773,0.8185721953837896,18.666129898013956,4.944981213097155,27.623456790123456,6.380837359098229,7.997852925389157,2.9253891572732154,12.915995705850777,0.12077294685990338,1.4895330112721417,0.05367686527106817,2.0531400966183573,0.040257648953301126,0.11406333870101985,0.0067096081588835215,
82,4.636339237788513,9.091519055287172,0.8185721953837896,18.552066559312937,5.448201825013419,27.234299516908212,6.528448738593666,7.957595276435856,2.952227589908749,12.808641975308642,0.12077294685990338,1.5432098765432098,0.04696725711218465,2.100107353730542,0.040257648953301126,0.11406333870101985,0.0067096081588835215,
83,4.757112184648417,8.957326892109501,0.8185721953837896,18.57890499194847,6.353998926462695,26.214439076757916,6.293612453032743,7.763016639828234,3.180354267310789,13.137412775093935,0.12077294685990338,1.5901771336553945,0.04696725711218465,2.0263016639828235,0.040257648953301126,0.11406333870101985,0.0067096081588835215,
84,4.750402576489533,8.870101986044014,0.7581857219538379,17.92807300053677,5.689747718733226,28.327965646806227,6.4412238325281805,7.971014492753623,2.7442297369833604,12.493290391841116,0.12077294685990338,1.7310789049919484,0.04696725711218465,1.9390767579173376,0.04696725711218465,0.14090177133655393,,
85,4.871175523349437,8.856682769726248,0.7581857219538379,18.04884594739667,5.60252281266774,27.905260332796566,6.541867954911433,8.454106280193237,2.7777777777777777,12.144390767579173,0.12077294685990338,1.7176596886741815,0.04696725711218465,1.9659151905528718,0.04696725711218465,0.14090177133655393,,
86,4.8443370907139025,8.11862587224906,0.7581857219538379,17.96833064949007,6.078904991948471,27.106816961889425,7.555018786902845,8.561460010735374,3.0327428878153517,11.896135265700483,0.12077294685990338,1.6237251744498122,0.040257648953301126,2.1068169618894257,0.04696725711218465,0.14090177133655393,,
87,4.85775630703167,7.997852925389157,0.7581857219538379,18.61916264090177,6.045356951154052,26.643853998926463,7.615405260332796,8.521202361782072,2.9388083735909825,11.855877616747183,0.12077294685990338,1.6908212560386473,0.040257648953301126,2.120236178207193,0.03354804079441761,0.14090177133655393,,
88,4.851046698872786,7.917337627482555,0.7380568974771873,18.51851851851852,6.052066559312936,25.979602791196996,8.111916264090176,8.621846484165324,2.985775630703167,12.084004294149223,0.13419216317767044,1.6438539989264627,0.040257648953301126,2.147074610842727,0.03354804079441761,0.14090177133655393,,
89,4.750402576489533,7.890499194847021,0.7380568974771873,18.45813204508857,6.045356951154052,25.174449812130973,9.702093397745571,8.568169618894256,2.8784219001610305,11.594202898550725,0.13419216317767044,1.6908212560386473,0.08051529790660225,2.120236178207193,0.03354804079441761,0.14090177133655393,,
90,4.7101449275362315,7.588566827697263,0.7380568974771873,17.860976918947934,6.166129898013956,25.53676865271068,9.769189479334408,9.594739667203436,2.6972624798711755,11.332528180354267,0.13419216317767044,1.583467525496511,0.08051529790660225,2.0397208803005906,0.03354804079441761,0.13419216317767044,,
91,4.770531400966184,7.561728395061729,0.7380568974771873,17.907944176060116,6.568706387546968,25.09393451422437,9.695383789586689,9.386741814278047,2.757648953301127,11.493558776167472,0.13419216317767044,1.5633387010198605,0.10064412238325282,2.059849704777241,0.03354804079441761,0.13419216317767044,,
92,4.85775630703167,7.48792270531401,0.7246376811594203,18.02871712292002,6.588835212023618,24.745034889962426,9.628287707997853,9.420289855072463,2.7777777777777777,11.714975845410628,0.13419216317767044,1.5767579173376274,0.10064412238325282,2.046430488459474,0.03354804079441761,0.13419216317767044,,
93,4.924852388620504,7.1725711218464845,0.7246376811594203,18.377616747181964,6.716317767042405,24.44310252281267,9.628287707997853,9.192163177670425,2.757648953301127,11.77536231884058,0.15432098765432098,1.7042404723564144,0.10064412238325282,2.1135265700483092,0.03354804079441761,0.18115942028985507,,
94,4.891304347826087,7.246376811594203,0.7246376811594203,18.4044551798175,6.763285024154589,24.020397208803004,9.50751476113795,9.25925925925926,2.844873859366613,12.02361782071927,0.15432098765432098,1.737788513150832,0.10064412238325282,2.1068169618894257,0.04696725711218465,0.16774020397208803,,
95,4.9718196457326895,7.098765432098766,0.7246376811594203,18.357487922705314,7.078636607622115,23.718464841653248,9.608158883521202,9.27938808373591,2.885131508319914,11.902844873859367,0.16774020397208803,1.7847557702630166,0.10064412238325282,2.1068169618894257,0.04696725711218465,0.16774020397208803,,
96,5.092592592592593,7.0383789586688135,0.7246376811594203,18.270263016639827,7.159151905528717,23.939881910896403,9.655126140633387,9.044551798174986,2.8247450348899625,11.943102522812667,0.14090177133655393,1.7847557702630166,0.10064412238325282,2.0531400966183573,0.04696725711218465,0.18115942028985507,,
97,5.166398282340311,6.991411701556629,0.7783145464304885,18.344068706387546,7.695920558239399,23.43666129898014,9.514224369296834,9.098228663446054,2.898550724637681,11.829039184111648,0.14090177133655393,1.7310789049919484,0.0939345142243693,2.059849704777241,0.040257648953301126,0.18115942028985507,,
98,5.0993022007514766,6.977992485238862,0.7783145464304885,20.638754696725712,7.50805152979066,22.86634460547504,8.299785292538916,9.07139023081052,2.885131508319914,11.54723564143854,0.14090177133655393,1.7444981213097155,0.0939345142243693,2.0933977455716586,0.040257648953301126,0.2147074610842727,,
99,5.186527106816962,6.904186795491143,0.7783145464304885,20.90042941492217,7.514761137949543,22.450348899624263,8.21256038647343,9.098228663446054,3.026033279656468,11.43317230273752,0.14090177133655393,1.7847557702630166,0.0939345142243693,2.2208803005904456,0.040257648953301126,0.2147074610842727,,
100,5.273752012882448,6.655931293612453,0.6575415995705851,20.35024154589372,7.809983896940419,22.36983360171766,7.883789586688137,9.883252818035427,3.012614063338701,11.473429951690822,0.16774020397208803,1.7713365539452497,0.0939345142243693,2.314814814814815,0.05367686527106817,0.2147074610842727,0.013419216317767043,
101,5.226784755770263,6.5485775630703165,0.7179280730005367,20.249597423510465,8.011272141706923,22.249060654857757,7.702630166398282,10.00402576489533,3.1468062265163717,11.419753086419753,0.15432098765432098,1.8183038110574343,0.0939345142243693,2.3483628556092326,0.05367686527106817,0.24154589371980675,0.013419216317767043,
102,5.314009661835748,6.535158346752549,0.7179280730005367,20.041599570585078,8.13875469672571,22.0276435856146,7.742887815351583,10.077831454643048,3.140096618357488,11.460010735373054,0.17444981213097155,1.8786902844873858,0.0939345142243693,2.3617820719269993,0.05367686527106817,0.2281266774020397,0.013419216317767043,
103,5.481749865807837,6.541867954911433,0.5770263016639828,19.940955448201827,7.991143317230274,21.967257112184647,7.742887815351583,10.245571658615138,3.1870638754696725,11.399624261943103,0.1878690284487386,1.8451422436929683,0.0939345142243693,2.3886205045625335,0.05367686527106817,0.35560923242082665,,
104,5.522007514761138,6.4412238325281805,0.5770263016639828,19.87385936661299,8.051529790660226,21.68545356951154,7.890499194847021,10.245571658615138,3.1870638754696725,11.580783682232958,0.1878690284487386,1.8853998926462694,0.0939345142243693,2.38191089640365,0.05367686527106817,0.3421900161030596,,
105,5.562265163714439,6.387546967257112,0.5300590445517982,19.773215244229736,8.051529790660226,21.564680622651636,8.004562533548041,10.23215244229737,3.2139023081052067,11.634460547504025,0.17444981213097155,1.9390767579173376,0.0939345142243693,2.475845410628019,0.05367686527106817,0.30864197530864196,,
106,5.642780461621041,6.360708534621578,0.5233494363929146,19.49141170155663,8.266237251744498,20.82662372517445,7.997852925389157,10.238862050456254,3.5829307568438002,12.04374664519592,0.17444981213097155,1.9189479334406871,0.0939345142243693,2.475845410628019,0.05367686527106817,0.30864197530864196,,
107,5.662909286097692,6.233225979602791,0.5501878690284487,20.095276435856146,8.071658615136876,20.39049919484702,7.991143317230274,10.285829307568438,3.629898013955985,12.04374664519592,0.20128824476650564,1.9457863660762211,0.0939345142243693,2.4221685453569513,0.05367686527106817,0.32877079978529256,,
108,5.642780461621041,6.152710681696189,0.5501878690284487,20.40391841116479,8.11862587224906,19.880568974771872,8.031400966183575,10.19189479334407,3.643317230273752,12.238325281803542,0.24154589371980675,1.9726247987117553,0.0939345142243693,2.4557165861513686,0.05367686527106817,0.32877079978529256,,
109,5.669618894256575,6.092324208266238,0.5501878690284487,20.48443370907139,7.897208803005904,19.578636607622116,8.541331186258722,10.21202361782072,3.670155662909286,12.104133118625873,0.24154589371980675,2.006172839506173,0.0939345142243693,2.475845410628019,0.05367686527106817,0.32877079978529256,,
110,5.676328502415459,6.011808910359635,0.5233494363929146,19.57192699946323,7.85024154589372,21.316425120772948,8.340042941492216,9.950348899624261,3.7775093934514223,11.862587224906065,0.2147074610842727,1.9524959742351047,0.0939345142243693,2.475845410628019,0.05367686527106817,0.32877079978529256,,
111,5.689747718733226,5.810520665593129,0.5501878690284487,18.38432635534085,7.930756843800322,20.96081588835212,11.211755233494364,9.400161030595813,3.730542136339238,11.473429951690822,0.19457863660762212,1.90552871712292,0.0939345142243693,2.2342995169082127,0.03354804079441761,0.39586688137412773,,
112,5.649490069779925,5.743424584004294,0.5501878690284487,18.243424584004295,8.031400966183575,20.564949006977994,11.238593666129898,9.561191626409018,3.7573805689747717,11.768652710681696,0.19457863660762212,1.90552871712292,0.0939345142243693,2.26784755770263,0.03354804079441761,0.39586688137412773,,
113,5.488459473966721,5.676328502415459,4.871175523349437,16.968599033816425,7.467793880837359,19.639023081052066,12.446323134728932,9.386741814278047,3.643317230273752,10.292538915727322,0.10735373054213634,1.751207729468599,0.0939345142243693,1.778046162104133,0.020128824476650563,0.36902844873859364,,
114,5.414653784219001,5.669618894256575,4.770531400966184,16.854535695115406,7.96430488459474,19.410896403650028,12.359098228663447,9.400161030595813,3.6366076221148687,10.46027911969941,0.10735373054213634,1.7176596886741815,0.0939345142243693,1.751207729468599,0.020128824476650563,0.36902844873859364,,
115,5.501878690284487,5.609232420826624,4.636339237788513,16.7337627482555,8.125335480407944,19.135802469135804,12.385936661298981,9.386741814278047,4.025764895330113,10.46027911969941,0.10735373054213634,1.6706924315619969,0.10735373054213634,1.724369296833065,0.020128824476650563,0.36902844873859364,,
116,5.508588298443371,5.548845947396672,4.64975845410628,16.78743961352657,8.145464304884594,19.03515834675255,12.432903918411165,9.4873859366613,4.052603327965647,10.352925389157273,0.10735373054213634,1.6975308641975309,0.10735373054213634,1.724369296833065,0.020128824476650563,0.3421900161030596,,
117,5.4549114331723025,5.340848094471283,4.582662372517445,16.243961352657006,8.373590982286634,20.40391841116479,12.077294685990339,9.306226516371444,3.9720880300590444,10.218733225979603,0.08722490606548577,1.6706924315619969,0.10735373054213634,1.8183038110574343,0.020128824476650563,0.322061191626409,,
118,5.495169082125604,5.320719269994632,4.468599033816425,16.11647879763822,8.454106280193237,20.336822329575952,12.144390767579173,9.27938808373591,4.066022544283414,10.205314009661835,0.0939345142243693,1.724369296833065,0.10735373054213634,1.8518518518518519,0.020128824476650563,0.3153515834675255,,
119,5.528717122920021,5.273752012882448,4.441760601180891,15.94873859366613,8.896940418679549,20.04830917874396,12.198067632850242,9.225711218464841,4.092860976918948,10.185185185185185,0.0939345142243693,1.778046162104133,0.10735373054213634,1.8451422436929683,0.020128824476650563,0.3153515834675255,,
120,5.589103596349974,5.253623188405797,4.408212560386473,15.526033279656469,9.212292002147075,20.014761137949545,12.151100375738057,9.292807300053678,4.106280193236715,10.11808910359635,0.0939345142243693,1.8719806763285025,0.10735373054213634,1.9189479334406871,0.020128824476650563,0.3153515834675255,,
121,5.615942028985507,5.213365539452496,4.408212560386473,15.505904455179817,9.198872785829307,19.961084272678477,12.211486849168008,9.286097691894794,4.133118625872249,10.165056360708535,0.0939345142243693,1.8115942028985508,0.10735373054213634,1.932367149758454,0.020128824476650563,0.33548040794417605,,
122,5.790391841116479,5.12614063338701,4.408212560386473,15.411969940955448,9.27938808373591,19.79334406870639,12.265163714439076,9.433709071390231,4.166666666666667,10.104669887278583,0.0939345142243693,1.751207729468599,0.10735373054213634,1.9256575415995705,0.020128824476650563,0.322061191626409,,
123,5.770263016639828,5.12614063338701,4.40150295222759,15.271068169618895,8.702361782071927,18.377616747181964,12.493290391841116,11.849168008588299,4.200214707461084,9.588030059044552,0.20799785292538917,1.6706924315619969,0.10735373054213634,1.932367149758454,0.020128824476650563,0.28180354267310787,,
124,5.763553408480945,5.045625335480408,4.40150295222759,15.74074074074074,8.789586688137414,18.263553408480945,12.399355877616747,11.708266237251744,4.2203435319377345,9.440418679549115,0.20799785292538917,1.6572732152442298,0.08051529790660225,1.9793344068706387,0.020128824476650563,0.28180354267310787,,
125,5.555555555555555,4.797369833601718,4.327697262479871,14.61352657004831,8.789586688137414,17.85426731078905,15.331454643048845,11.07085346215781,4.3545356951154055,9.232420826623725,0.2281266774020397,1.5365002683843263,0.08051529790660225,1.9256575415995705,0.020128824476650563,0.28180354267310787,,
126,5.622651637144391,4.730273752012883,4.327697262479871,14.647074610842727,8.78287707997853,17.733494363929147,15.398550724637682,11.057434245840042,4.374664519592056,9.158615136876007,0.2147074610842727,1.5096618357487923,0.08051529790660225,2.033011272141707,0.020128824476650563,0.30864197530864196,,
127,5.6964573268921095,4.7168545356951155,4.066022544283414,14.660493827160494,9.084809447128288,17.57246376811594,15.304616210413311,11.084272678475577,4.4820182501341925,9.205582393988191,0.2147074610842727,1.4559849704777241,0.08051529790660225,2.0397208803005906,0.026838432635534086,0.30864197530864196,,
128,5.770263016639828,4.7168545356951155,3.9519592055823938,14.600107353730541,9.66183574879227,17.337627482555018,15.35829307568438,10.950080515297907,4.455179817498658,9.078099838969404,0.2147074610842727,1.4761137949543746,0.08051529790660225,2.0128824476650564,0.026838432635534086,0.30864197530864196,,
129,5.783682232957595,4.703435319377348,3.878153515834675,14.439076757917338,9.648416532474503,17.337627482555018,15.378421900161031,10.963499731615673,4.49543746645196,9.125067096081589,0.2147074610842727,1.4962426194310252,0.08051529790660225,2.13365539452496,0.026838432635534086,0.2952227589908749,,
130,5.71658615136876,4.656468062265164,3.8848631239935587,14.298174986580785,10.473698336017177,17.09608158883521,14.97584541062802,11.104401502952227,4.508856682769726,9.037842190016104,0.20799785292538917,1.4694041867954912,0.08051529790660225,2.1806226516371443,0.026838432635534086,0.28180354267310787,,
131,5.58239398819109,4.602791196994096,3.5762211486849167,15.365002683843263,10.433440687063875,16.74718196457327,14.78797638217928,11.486849168008588,4.374664519592056,8.84326355340848,0.20799785292538917,1.4492753623188406,0.08051529790660225,2.15378421900161,0.026838432635534086,0.28180354267310787,,
132,5.709876543209877,4.562533548040794,3.4957058507783145,15.24422973698336,10.339506172839506,16.70692431561997,14.928878153515834,11.426462694578637,4.394793344068707,8.829844337090714,0.24154589371980675,1.4090177133655395,0.08051529790660225,2.3215244229736984,0.026838432635534086,0.28180354267310787,,
133,5.750134192163178,4.528985507246377,3.4957058507783145,15.344873859366613,10.36634460547504,16.512345679012345,14.861782071927,11.426462694578637,4.388083735909823,8.896940418679549,0.2616747181964573,1.42914653784219,0.08051529790660225,2.3483628556092326,0.026838432635534086,0.28180354267310787,,
134,5.770263016639828,4.4820182501341925,3.5426731078904994,15.371712292002147,10.326086956521738,16.438539989264626,14.687332259796028,11.43317230273752,4.622920021470746,8.896940418679549,0.2616747181964573,1.442565754159957,0.08051529790660225,2.3483628556092326,0.026838432635534086,0.2683843263553409,,
135,5.810520665593129,4.441760601180891,3.5426731078904994,15.28448738593666,10.44015029522276,16.337895866881375,14.754428341384862,11.41304347826087,4.676596886741814,8.903650026838433,0.2549651100375738,1.42914653784219,0.08051529790660225,2.3349436392914655,0.026838432635534086,0.2683843263553409,,
136,5.897745571658615,4.435050993022007,3.5091250670960816,15.552871712292003,10.82259796027912,16.27750939345142,14.573268921095009,11.07085346215781,4.643048845947397,8.896940418679549,0.2281266774020397,1.3888888888888888,0.08051529790660225,2.328234031132582,0.026838432635534086,0.2683843263553409,,
137,5.931293612453032,4.428341384863124,3.3950617283950617,15.827965646806227,10.715244229736983,16.941760601180892,14.546430488459475,10.63472893183038,4.508856682769726,8.789586688137414,0.2281266774020397,1.3754696725711217,0.08051529790660225,2.3349436392914655,0.026838432635534086,0.23483628556092323,,
138,6.005099302200751,4.408212560386473,3.388352120236178,15.72061191626409,10.95679012345679,16.861245303274288,14.546430488459475,10.601180891035963,4.461889425657541,8.621846484165324,0.2281266774020397,1.3620504562533549,0.08051529790660225,2.5429414922168547,0.026838432635534086,0.1878690284487386,,
139,6.0654857756307035,4.374664519592056,3.3682232957595275,15.613258185721953,10.976918947933441,16.82769726247987,14.573268921095009,10.661567364465915,4.49543746645196,8.628556092324208,0.2281266774020397,1.3620504562533549,0.08051529790660225,2.5295222758990876,0.026838432635534086,0.1878690284487386,,
140,6.031937734836285,4.3478260869565215,3.3413848631239937,15.566290928609769,10.970209339774557,16.888083735909824,14.620236178207193,10.59447128287708,4.528985507246377,8.68894256575416,0.24825550187869028,1.328502415458937,0.08051529790660225,2.5496511003757383,0.026838432635534086,0.1878690284487386,,
141,5.763553408480945,3.978797638217928,3.3413848631239937,14.680622651637144,10.279119699409554,16.1231884057971,18.5252281266774,10.030864197530864,4.4820182501341925,8.501073537305421,0.24825550187869028,1.2345679012345678,0.06709608158883522,2.5496511003757383,0.026838432635534086,0.16774020397208803,,
142,5.71658615136876,3.9049919484702094,3.33467525496511,14.727589908749328,10.326086956521738,16.0829307568438,18.552066559312937,10.00402576489533,4.4753086419753085,8.581588835212024,0.24825550187869028,1.2345679012345678,0.06709608158883522,2.5496511003757383,0.026838432635534086,0.16774020397208803,,
143,5.750134192163178,3.8580246913580245,3.33467525496511,14.794685990338165,10.352925389157273,16.009125067096083,18.4849704777241,9.930220075147611,4.49543746645196,8.695652173913043,0.23483628556092323,1.221148684916801,0.06709608158883522,2.576489533011272,0.026838432635534086,0.16774020397208803,,
144,5.776972624798712,3.844605475040258,3.321256038647343,14.761137949543746,10.513955984970478,15.955448201825014,18.250134192163177,10.084541062801932,4.428341384863124,8.769457863660762,0.23483628556092323,1.2010198604401503,0.06709608158883522,2.5966183574879227,0.026838432635534086,0.16774020397208803,,
145,5.9514224369296835,3.8311862587224907,3.321256038647343,14.801395598497047,10.50053676865271,15.848094471282877,18.23671497584541,9.943639291465379,4.314278046162104,8.76274825550188,0.27509393451422437,1.221148684916801,0.06709608158883522,2.7241009125067097,0.026838432635534086,0.17444981213097155,,
