,45,50,51,53,54,52,55,56
0,98.91304347826087,1.0869565217391304,,,,,,
1,97.94685990338164,2.0531400966183573,,,,,,
2,91.19028448738594,8.809715512614064,,,,,,
3,90.37171229200214,9.628287707997853,,,,,,
4,89.4524959742351,10.547504025764896,,,,,,
5,72.33628556092324,27.66371443907676,,,,,,
6,72.2691894793344,27.214170692431562,0.5166398282340311,,,,,
7,72.04106280193237,27.4422973698336,0.5166398282340311,,,,,
8,71.69887278582931,24.476650563607084,3.824476650563607,,,,,
9,66.79414922168546,28.10654857756307,5.0993022007514766,,,,,
10,66.92163177670425,27.583199141170155,5.0993022007514766,0.39586688137412773,,,,
11,64.78797638217928,29.126409017713364,5.689747718733226,0.39586688137412773,,,,
12,64.98926462694578,29.01905528717123,5.60252281266774,0.38915727321524424,,,,
13,60.21202361782072,33.70907139023081,5.709876543209877,0.36902844873859364,,,,
14,58.97074610842727,34.70880300590446,5.669618894256575,0.36902844873859364,0.28180354267310787,,,
15,58.883521202361784,34.447128287708,5.629361245303274,0.36902844873859364,0.6709608158883521,,,
16,59.01771336553945,34.18545356951154,5.763553408480945,0.36231884057971014,0.6709608158883521,,,
17,45.02147074610843,48.53730542136339,5.407944176060118,0.36231884057971014,0.6709608158883521,,,
18,44.216317767042405,48.70504562533548,5.407944176060118,1.0399892646269457,0.33548040794417605,0.2952227589908749,,
19,43.29710144927536,49.41626409017714,5.300590445517981,1.0399892646269457,0.6776704240472357,0.2683843263553409,,
20,43.525228126677405,49.23510466988728,5.300590445517981,1.0198604401502953,0.6508319914117016,0.2683843263553409,,
21,43.46484165324745,48.91975308641975,4.985238862050457,1.3486312399355878,0.6508319914117016,0.630703166935051,,
22,43.323939881910896,49.100912506709605,4.985238862050457,1.3486312399355878,0.6105743424584005,0.630703166935051,,
23,43.65942028985507,48.752012882447666,4.904723564143854,1.442565754159957,0.6105743424584005,0.630703166935051,,
24,43.82045088566828,48.590982286634464,4.904723564143854,1.442565754159957,0.6105743424584005,0.630703166935051,,
25,43.31052066559313,48.060923242082666,4.891304347826087,1.442565754159957,1.6639828234031133,0.630703166935051,,
26,43.43129361245303,47.356414385399894,4.891304347826087,2.0397208803005906,1.6505636070853462,0.630703166935051,,
27,42.619431025228124,44.41760601180891,8.427267847557703,1.7847557702630166,1.6505636070853462,0.630703166935051,0.46967257112184646,
28,40.82796564680623,48.8593666129898,5.548845947396672,2.0128824476650564,1.6505636070853462,0.630703166935051,0.46967257112184646,
29,40.4723564143854,48.611111111111114,5.508588298443371,1.8585614600107354,1.6035963499731616,1.4761137949543746,0.46967257112184646,
30,41.47879763821793,47.92673107890499,5.481749865807837,1.8585614600107354,1.6035963499731616,1.1808910359634996,0.46967257112184646,
31,41.358024691358025,48.09447128287708,5.434782608695652,1.8585614600107354,1.6035963499731616,1.1808910359634996,0.46967257112184646,
32,40.80783682232958,45.91384863123994,5.669618894256575,1.8585614600107354,3.6634460547504024,1.1540526033279657,0.9326355340848095,
33,40.76086956521739,45.2361782071927,6.246645195920558,1.8585614600107354,3.6634460547504024,1.1540526033279657,1.0802469135802468,
34,40.49248523886205,44.256575415995705,7.856951154052603,1.7914653784219001,3.6097691894793345,0.9125067096081588,1.0802469135802468,
35,40.60654857756307,43.894256575415994,7.830112721417069,1.7914653784219001,3.6097691894793345,0.9125067096081588,1.3553408480944713,
36,38.60708534621578,45.57836822329576,8.185721953837897,1.7914653784219001,3.5829307568438002,0.9125067096081588,1.3419216317767042,
37,37.11084272678475,47.18867418142781,7.581857219538379,1.7914653784219001,3.569511540526033,0.9125067096081588,1.8451422436929683,
38,37.68115942028985,46.806226516371446,7.494632313472893,1.751207729468599,3.556092324208266,0.8990874932903918,1.8115942028985508,
39,35.89640365002684,48.25550187869028,7.071926999463232,2.576489533011272,3.5225442834138487,0.8990874932903918,1.778046162104133,
40,36.32581857219538,47.90660225442834,7.0383789586688135,2.576489533011272,3.5225442834138487,0.8521202361782072,1.778046162104133,
41,36.513687600644126,47.70531400966183,7.03166935050993,2.576489533011272,3.4151905528717124,0.8521202361782072,1.90552871712292,
42,36.580783682232955,47.42351046698873,7.03166935050993,2.8381642512077296,3.4151905528717124,0.8521202361782072,1.8585614600107354,
43,31.93773483628556,52.72410091250671,6.689479334406871,2.7308105206655933,3.2139023081052067,0.8454106280193237,1.8585614600107354,
44,31.293612453032743,49.15458937198068,11.258722490606548,2.4825550187869028,3.1333870101986045,0.8454106280193237,1.8317230273752012,
45,26.36876006441224,60.27241009125067,7.830112721417069,0.4092860976918948,3.2877079978529253,0.4227053140096618,1.4090177133655395,
46,25.697799248523886,59.01100375738057,9.520933977455716,0.4092860976918948,3.1736446591519054,0.5367686527106817,1.6505636070853462,
47,26.053408480944714,58.65539452495974,9.520933977455716,0.4092860976918948,3.1736446591519054,0.5367686527106817,1.6505636070853462,
48,26.455984970477726,58.10520665593129,9.480676328502415,0.4092860976918948,3.1468062265163717,0.5367686527106817,1.865271068169619,
49,26.65727321524423,56.01180891035963,8.501073537305421,0.2952227589908749,3.0595813204508855,3.2004830917874396,2.2745571658615136,
50,26.570048309178745,53.207192699946326,11.426462694578637,0.2952227589908749,3.0595813204508855,3.166935050993022,2.2745571658615136,
51,26.992753623188406,52.9320987654321,11.406333870101985,0.2952227589908749,3.0327428878153517,3.126677402039721,2.214170692431562,
52,27.18733225979603,51.95920558239399,11.366076221148685,0.2952227589908749,3.0327428878153517,3.099838969404187,3.0595813204508855,
53,27.95222758990875,51.27482555018787,11.312399355877616,0.2952227589908749,3.0327428878153517,3.099838969404187,3.0327428878153517,
54,27.95222758990875,46.786097691894796,10.95679012345679,0.2952227589908749,6.213097155126141,3.099838969404187,4.696725711218465,
55,27.91867954911433,45.22275899087493,10.829307568438002,0.6977992485238862,6.213097155126141,3.099838969404187,6.018518518518518,
56,28.059581320450885,45.13553408480945,10.815888352120236,0.6977992485238862,6.172839506172839,3.099838969404187,6.018518518518518,
57,28.502415458937197,44.598765432098766,10.674986580783683,0.6977992485238862,6.172839506172839,3.4420289855072466,5.911164787976382,
58,28.858024691358025,44.33038110574343,10.63472893183038,0.6843800322061192,6.172839506172839,3.4420289855072466,5.877616747181965,
59,28.992216854535695,43.90096618357488,10.601180891035963,0.6642512077294686,6.132581857219538,3.4286097691894795,6.280193236714976,
60,29.1129898013956,41.56602254428341,10.540794417606012,1.261406333870102,5.689747718733226,6.213097155126141,5.615942028985507,
61,29.998658078368223,41.116478797638216,10.299248523886206,1.1741814278046163,5.58239398819109,6.213097155126141,5.615942028985507,
62,30.656199677938808,40.59983896940419,10.225442834138486,1.1741814278046163,5.555555555555555,6.199677938808374,5.589103596349974,
63,28.5829307568438,42.81400966183575,10.111379495437467,1.1741814278046163,5.548845947396672,6.179549114331723,5.589103596349974,
64,28.878153515834676,42.53220611916264,10.071121846484166,1.1741814278046163,5.756843800322061,6.166129898013956,5.421363392377885,
65,27.314814814814813,42.45169082125604,11.782071926999464,1.1741814278046163,6.099033816425121,6.139291465378422,5.038915727321524,
66,27.81803542673108,41.93505099302201,11.674718196457327,1.1741814278046163,6.099033816425121,6.038647342995169,5.260332796564681,
67,28.173644659151904,41.76060118089104,11.600912506709609,1.1741814278046163,6.099033816425121,5.931293612453032,5.260332796564681,
68,28.878153515834676,41.156736446591516,11.56736446591519,1.1741814278046163,6.0654857756307035,5.904455179817498,5.253623188405797,
69,29.274020397208805,40.90848094471283,11.493558776167472,1.1741814278046163,6.025228126677402,5.891035963499732,5.233494363929147,
70,26.704240472356414,42.693236714975846,11.352657004830919,1.0534084809447128,6.541867954911433,5.83064949006978,5.8239398819108965,
71,25.6105743424584,41.02254428341385,16.75389157273215,0.9728931830381106,6.488191089640365,3.616478797638218,5.535426731078905,
72,26.133923778851315,40.143585614600106,16.59957058507783,1.2077294685990339,7.232957595276436,3.6097691894793345,5.072463768115942,
73,26.39559849704777,40.002683843263554,16.53918411164788,1.2077294685990339,7.185990338164252,3.5963499731615673,5.072463768115942,
74,26.50295222758991,39.95571658615137,16.23054213633924,1.5096618357487923,7.132313472893183,3.5963499731615673,5.072463768115942,
75,25.677670424047236,37.124261943102525,16.82769726247987,1.4626945786366077,7.105475040257649,3.5963499731615673,8.205850778314547,
76,26.288244766505635,36.58749329039184,16.814278046162105,1.4626945786366077,7.092055823939882,3.5762211486849167,8.179012345679013,
77,26.1808910359635,35.225442834138484,22.913311862587225,1.4626945786366077,6.233225979602791,3.6366076221148687,4.3478260869565215,
78,26.321792807300053,33.95061728395062,22.52415458937198,2.1940418679549114,6.213097155126141,4.213633923778851,4.582662372517445,
79,26.617015566290927,33.84997316156736,22.463768115942027,2.1940418679549114,6.1929683306494905,4.213633923778851,4.468599033816425,
80,26.516371443907676,33.02469135802469,22.19538378958669,2.2410091250670963,5.917874396135265,6.1929683306494905,3.911701556629093,
81,26.85185185185185,32.78314546430489,21.792807300053678,2.2410091250670963,6.286902844873859,6.132581857219538,3.911701556629093,
82,27.220880300590444,32.588566827697264,21.544551798174986,2.2410091250670963,6.280193236714976,6.273483628556092,3.851315083199141,
83,27.47584541062802,32.427536231884055,21.24261943102523,2.214170692431562,6.199677938808374,6.005099302200751,4.213633923778851,0.2214170692431562
84,27.482555018786904,31.45464304884595,20.705850778314545,2.214170692431562,6.1862587224906065,7.575147611379496,4.159957058507783,0.2214170692431562
85,27.17391304347826,30.434782608695652,20.591787439613526,3.784219001610306,6.1862587224906065,7.48792270531401,4.119699409554482,0.2214170692431562
86,27.47584541062802,30.367686527106816,20.477724100912507,3.784219001610306,6.172839506172839,7.4208266237251745,4.079441760601181,0.2214170692431562
87,27.220880300590444,30.18652710681696,20.45088566827697,3.616478797638218,6.166129898013956,8.064949006977992,4.072732152442297,0.2214170692431562
88,27.67042404723564,29.736983360171767,20.175791733762747,3.9519592055823938,5.877616747181965,8.051529790660226,4.314278046162104,0.2214170692431562
89,28.44873859366613,29.401502952227588,19.981213097155127,3.9452495974235107,5.877616747181965,7.897208803005904,4.2270531400966185,0.2214170692431562
90,27.992485238862052,31.45464304884595,18.45813204508857,3.9049919484702094,5.877616747181965,7.863660762211487,4.2270531400966185,0.2214170692431562
91,28.247450348899623,31.42109500805153,18.4044551798175,3.9049919484702094,5.864197530864198,7.709339774557166,4.2270531400966185,0.2214170692431562
92,28.27428878153516,31.186258722490606,18.511808910359633,4.17337627482555,5.850778314546431,7.581857219538379,4.200214707461084,0.2214170692431562
93,27.529522275899087,29.696725711218466,18.08239398819109,3.9855072463768115,5.904455179817498,10.279119699409554,4.300858829844337,0.2214170692431562
94,26.684111647879764,28.609769189479334,20.813204508856682,3.730542136339238,5.904455179817498,9.73564143853999,4.300858829844337,0.2214170692431562
95,25.617283950617285,28.193773483628558,22.396672034353195,3.730542136339238,5.837359098228664,9.708803005904455,4.294149221685454,0.2214170692431562
96,25.865539452495973,27.999194847020934,22.148416532474503,4.502147074610843,5.803811057434245,9.16532474503489,4.294149221685454,0.2214170692431562
97,25.999731615673646,27.65029522275899,20.69243156199678,3.978797638217928,5.636070853462158,11.761943102522812,4.05931293612453,0.2214170692431562
98,24.550456253354803,32.96430488459474,17.297369833601717,3.7775093934514223,5.535426731078905,11.634460547504025,4.019055287171229,0.2214170692431562
99,24.020397208803004,32.8166935050993,14.97584541062802,3.7238325281803544,5.501878690284487,11.614331723027375,7.1658615136876005,0.18115942028985507
100,24.20155662909286,32.72275899087493,14.667203435319378,3.7238325281803544,5.9514224369296835,11.419753086419753,7.132313472893183,0.18115942028985507
101,24.550456253354803,32.72275899087493,14.40552871712292,3.7238325281803544,5.9514224369296835,11.345947396672035,7.118894256575416,0.18115942028985507
102,24.684648416532475,32.64224369296833,14.40552871712292,3.7238325281803544,5.9514224369296835,11.305689747718732,7.105475040257649,0.18115942028985507
103,25.07380568974772,31.568706387546968,14.278046162104133,3.7238325281803544,6.655931293612453,11.520397208803006,6.998121309715513,0.18115942028985507
104,25.34219001610306,31.42109500805153,14.204240472356414,3.69699409554482,6.655931293612453,11.513687600644122,6.984702093397746,0.18115942028985507
105,25.0805152979066,30.9044551798175,15.70048309178744,3.69699409554482,6.159420289855072,11.18491680085883,7.092055823939882,0.18115942028985507
106,25.5300590445518,30.88432635534085,15.49248523886205,3.69699409554482,6.159420289855072,10.970209339774557,7.085346215780999,0.18115942028985507
107,24.852388620504563,28.817767042404725,15.351583467525497,3.5963499731615673,9.426999463231347,10.802469135802468,6.971282877079979,0.18115942028985507
108,25.120772946859905,28.29441760601181,15.230810520665592,3.5963499731615673,9.856414385399892,10.775630703166936,6.944444444444445,0.18115942028985507
109,25.543478260869566,28.207192699946322,15.150295222758992,3.5963499731615673,9.816156736446592,10.775630703166936,6.729736983360172,0.18115942028985507
110,25.85212023617821,28.052871712292003,15.029522275899087,3.5963499731615673,9.809447128287708,10.775630703166936,6.702898550724638,0.18115942028985507
111,26.167471819645733,27.985775630703166,15.002683843263553,3.5963499731615673,9.77589908749329,10.641438539989265,6.649221685453569,0.18115942028985507
112,26.643853998926463,27.791196994095547,14.586688137412775,3.569511540526033,9.990606548577563,10.587761674718196,6.649221685453569,0.18115942028985507
113,27.2812667740204,27.254428341384862,15.70048309178744,3.488996242619431,9.138486312399356,10.534084809447128,6.421095008051529,0.18115942028985507
114,27.42216854535695,26.85185185185185,15.593129361245303,4.133118625872249,9.104938271604938,10.319377348362856,6.394256575415996,0.18115942028985507
115,27.469135802469136,26.724369296833064,15.573000536768653,4.072732152442297,9.212292002147075,10.19189479334407,6.575415995705851,0.18115942028985507
116,25.97289318303811,20.665593129361245,24.10762211486849,3.824476650563607,9.473966720343531,9.634997316156737,6.159420289855072,0.1610305958132045
117,26.42914653784219,20.457595276435857,23.93317230273752,3.797638217928073,9.447128287707997,9.621578099838969,6.152710681696189,0.1610305958132045
118,26.764626945786365,20.40391841116479,23.792270531400966,3.797638217928073,9.380032206119163,9.601449275362318,6.112453032742888,0.14761137949543746
119,27.079978529253893,20.28985507246377,23.67149758454106,3.797638217928073,9.373322597960279,9.541062801932368,6.099033816425121,0.14761137949543746
120,27.314814814814813,20.242887815351583,23.65136876006441,3.797638217928073,9.306226516371444,9.46725711218465,6.072195383789587,0.14761137949543746
121,27.81803542673108,20.034889962426195,23.49033816425121,3.797638217928073,9.225711218464841,9.453837895866881,6.045356951154052,0.13419216317767044
122,28.556092324208265,19.95437466451959,22.993827160493826,3.7640901771336552,9.125067096081589,9.426999463231347,6.045356951154052,0.13419216317767044
123,28.904991948470208,19.92753623188406,22.940150295222757,3.7640901771336552,8.856682769726248,9.426999463231347,6.045356951154052,0.13419216317767044
124,29.320987654320987,19.89398819108964,22.591250670960815,3.7640901771336552,8.82313472893183,9.426999463231347,6.045356951154052,0.13419216317767044
125,29.69001610305958,19.867149758454108,22.564412238325282,3.797638217928073,8.474235104669887,9.426999463231347,6.045356951154052,0.13419216317767044
126,29.904723564143854,19.79334406870639,22.497316156736446,3.797638217928073,8.407139023081053,9.420289855072463,6.045356951154052,0.13419216317767044
127,29.944981213097154,19.51154052603328,23.805689747718734,3.69699409554482,8.185721953837897,8.76274825550188,5.958132045088567,0.13419216317767044
128,30.005367686527105,19.424315619967793,24.718196457326894,3.69699409554482,8.185721953837897,7.96430488459474,5.870907139023081,0.13419216317767044
129,30.005367686527105,19.32367149758454,24.892646269457863,3.670155662909286,8.158883521202362,7.950885668276973,5.864197530864198,0.13419216317767044
130,30.01207729468599,19.223027375201287,24.396135265700483,4.2270531400966185,8.125335480407944,8.024691358024691,5.857487922705314,0.13419216317767044
131,30.132850241545892,19.209608158883523,24.342458400429415,4.2270531400966185,8.071658615136876,8.024691358024691,5.857487922705314,0.13419216317767044
132,30.401234567901234,19.189479334406872,24.248523886205046,4.213633923778851,7.991143317230274,7.96430488459474,5.857487922705314,0.13419216317767044
133,30.71658615136876,19.16935050993022,24.06736446591519,4.206924315619967,7.924047235641439,7.950885668276973,5.83064949006978,0.13419216317767044
134,30.763553408480945,18.98148148148148,23.97342995169082,4.488727858293076,7.9106280193236715,7.930756843800322,5.8172302737520125,0.13419216317767044
135,30.88432635534085,18.95464304884595,23.919753086419753,4.4820182501341925,7.9039184111647875,7.917337627482555,5.803811057434245,0.13419216317767044
136,30.360976918947934,18.887546967257112,22.5979602791197,4.4820182501341925,7.897208803005904,10.695115405260333,5.0791733762748255,
137,30.414653784219002,18.82716049382716,22.591250670960815,4.4820182501341925,7.883789586688137,10.104669887278583,5.0791733762748255,0.6172839506172839
138,30.3743961352657,18.33064949006978,22.5577026301664,4.461889425657541,8.561460010735374,10.071121846484166,5.025496511003757,0.6172839506172839
139,30.005367686527105,17.847557702630166,22.396672034353195,4.448470209339774,8.521202361782072,11.3593666129898,4.804079441760601,0.6172839506172839
140,30.02549651100376,17.827428878153516,22.32957595276436,5.280461621041331,8.487654320987655,11.171497584541063,4.260601180891036,0.6172839506172839
141,30.213365539452496,17.753623188405797,21.64519592055824,5.991680085882985,8.219269994632313,11.29898013955985,4.260601180891036,0.6172839506172839
142,30.03220611916264,17.485238862050455,22.27589908749329,5.917874396135265,8.145464304884594,11.292270531400966,4.233762748255502,0.6172839506172839
143,30.07246376811594,17.45169082125604,21.692163177670423,5.897745571658615,8.132045088566828,11.292270531400966,4.233762748255502,1.2278582930756843
144,30.615942028985508,17.2638217928073,21.544551798174986,5.884326355340848,8.132045088566828,11.178207192699947,4.180085882984434,1.2010198604401503
145,30.763553408480945,16.545893719806763,22.32957595276436,5.736714975845411,8.105206655931294,11.137949543746645,4.180085882984434,1.2010198604401503
146,30.99838969404187,16.465378421900162,22.25577026301664,5.6964573268921095,8.091787439613526,11.117820719269995,4.17337627482555,1.2010198604401503
147,31.132581857219538,16.42512077294686,22.228931830381107,5.508588298443371,8.071658615136876,11.258722490606548,4.17337627482555,1.2010198604401503
148,31.5955448201825,16.183574879227052,22.10144927536232,5.475040257648954,8.05823939881911,11.231884057971014,4.1532474503489,1.2010198604401503
149,31.709608158883523,16.06280193236715,22.074610842726784,5.703166935050993,7.98443370907139,11.231884057971014,4.03918411164788,1.1943102522812667
150,32.09205582393988,15.995705850778315,22.000805152979066,5.689747718733226,7.897208803005904,11.178207192699947,4.019055287171229,1.1272141706924315
151,32.17257112184648,15.888352120236178,21.967257112184647,5.917874396135265,7.5281803542673105,11.513687600644122,3.8848631239935587,1.1272141706924315
152,32.66237251744498,15.74074074074074,21.920289855072465,5.8172302737520125,7.467793880837359,11.460010735373054,3.8043478260869565,1.1272141706924315
153,31.716317767042405,14.412238325281804,21.276167471819647,5.186527106816962,7.37385936661299,15.11003757380569,3.8043478260869565,1.1205045625335481
154,31.850509930220074,14.38539989264627,21.235909822866343,5.186527106816962,7.340311325818572,15.076489533011273,3.8043478260869565,1.1205045625335481
155,32.23966720343532,14.351851851851851,21.081588835212024,5.0858829844337095,7.300053676865271,15.029522275899087,3.7909286097691894,1.1205045625335481
156,32.407407407407405,14.244498121309716,21.07487922705314,5.052334943639291,7.27992485238862,15.029522275899087,3.7909286097691894,1.1205045625335481
157,32.588566827697264,14.17740203972088,21.034621578099838,5.052334943639291,7.27992485238862,14.982555018786902,3.7909286097691894,1.093666129898014
158,32.76301663982824,14.103596349973161,20.813204508856682,5.387815351583468,7.25979602791197,14.962426194310252,3.616478797638218,1.093666129898014
159,32.870370370370374,13.996242619431026,20.719269994632313,6.105743424584004,7.25979602791197,14.452495974235104,3.502415458937198,1.093666129898014
160,32.689210950080515,13.311862587224907,20.618625872249062,6.105743424584004,8.299785292538916,14.378690284487385,3.502415458937198,1.093666129898014
161,32.85024154589372,13.20450885668277,20.517981749865807,6.535158346752549,7.991143317230274,14.31159420289855,3.4957058507783145,1.093666129898014
162,32.59527643585615,13.197799248523886,20.833333333333332,6.515029522275899,7.98443370907139,14.284755770263017,3.4957058507783145,1.093666129898014
163,33.12533548040794,13.056897477187333,20.7662372517445,6.447933440687064,7.930756843800322,14.11701556629093,3.4957058507783145,1.0601180891035964
164,33.66881374127751,12.895866881374127,20.605206655931294,6.447933440687064,7.763016639828234,14.06333870101986,3.4957058507783145,1.0601180891035964
165,33.8365539452496,12.754965110037574,20.477724100912507,6.400966183574879,7.830112721417069,14.197530864197532,3.4420289855072466,1.0601180891035964
166,34.044551798174986,12.640901771336553,20.336822329575952,6.400966183574879,7.776435856146001,14.150563607085346,3.589640365002684,1.0601180891035964
167,34.23913043478261,12.640901771336553,20.29656468062265,6.300322061191626,7.776435856146001,14.123725174449811,3.5628019323671496,1.0601180891035964
168,34.17203435319377,12.412775093934513,20.222758990874933,6.293612453032743,7.588566827697263,14.727589908749328,3.5292538915727323,1.0534084809447128
169,34.27938808373591,12.406065485775631,20.021470746108427,6.038647342995169,7.575147611379496,15.096618357487923,3.5292538915727323,1.0534084809447128
170,34.54106280193237,12.379227053140097,19.82018250134192,6.005099302200751,7.575147611379496,15.096618357487923,3.5292538915727323,1.0534084809447128
171,35.41331186258722,12.338969404186795,19.32367149758454,5.515297906602254,7.481213097155126,15.365002683843263,3.5091250670960816,1.0534084809447128
172,35.57434245840043,12.31213097155126,19.276704240472355,5.515297906602254,7.461084272678476,15.324745034889963,3.5091250670960816,1.0265700483091786
173,36.22517444981213,12.29200214707461,19.061996779388085,5.3274288781535155,7.2933440687063875,15.311325818572195,3.488996242619431,0.9997316156736447
174,36.18491680085883,12.191358024691358,19.03515834675255,5.662909286097692,7.25979602791197,15.365002683843263,3.3011272141706924,0.9997316156736447
175,36.37278582930757,12.097423510466989,18.780193236714975,5.656199677938808,7.239667203435319,15.559581320450885,3.294417606011809,0.9997316156736447
176,36.574074074074076,12.050456253354804,18.773483628556093,5.60252281266774,7.219538378958669,15.485775630703166,3.294417606011809,0.9997316156736447
177,36.83574879227053,12.050456253354804,18.686258722490606,5.5689747718733225,7.192699946323135,15.411969940955448,3.294417606011809,0.9594739667203436
178,37.184648416532475,11.98336017176597,18.49838969404187,5.555555555555555,7.179280730005368,15.351583467525497,3.2877079978529253,0.9594739667203436
179,37.063875469672574,11.922973698336017,18.203166935050994,5.662909286097692,7.112184648416532,15.801127214170693,3.2742887815351582,0.9594739667203436
180,37.224906065485776,11.916264090177133,18.21658615136876,5.629361245303274,7.078636607622115,15.754159957058508,3.2206119162640903,0.9594739667203436
181,37.285292538915726,11.969940955448202,18.183038110574344,5.589103596349974,7.078636607622115,15.713902308105206,3.2206119162640903,0.9594739667203436
182,37.567096081588836,11.896135265700483,18.08239398819109,5.4616210413311865,7.058507783145465,15.787707997852925,3.2139023081052067,0.9326355340848095
183,37.19135802469136,11.728395061728396,19.316961889425656,5.434782608695652,7.0450885668276975,15.136876006441224,3.2139023081052067,0.9326355340848095
184,37.446323134728935,11.681427804616211,19.276704240472355,5.428073000536768,6.8035426731078905,15.063070316693505,3.3682232957595275,0.9326355340848095
185,37.567096081588836,11.647879763821793,19.202898550724637,5.428073000536768,6.796833064949007,15.063070316693505,3.3682232957595275,0.9259259259259259
186,37.734836285560924,11.634460547504025,19.16935050993022,5.394524959742351,6.796833064949007,14.97584541062802,3.3682232957595275,0.9259259259259259
187,37.88915727321525,11.58749329039184,19.16935050993022,5.394524959742351,6.78341384863124,14.928878153515834,3.321256038647343,0.9259259259259259
188,37.34567901234568,11.225174449812132,19.14922168545357,4.696725711218465,6.769994632313473,16.82769726247987,3.0595813204508855,0.9259259259259259
189,37.57380568974772,11.171497584541063,18.94122383252818,4.683306494900698,6.769994632313473,16.874664519592056,3.0595813204508855,0.9259259259259259
190,34.004294149221685,10.809178743961352,28.35480407944176,3.589640365002684,6.353998926462695,14.479334406870638,2.0531400966183573,0.35560923242082665
191,34.07809983896941,10.507246376811594,28.28099838969404,3.569511540526033,6.199677938808374,14.42565754159957,2.5831991411701556,0.35560923242082665
192,34.16532474503489,10.34621578099839,28.173644659151904,3.549382716049383,6.1862587224906065,14.640365002683843,2.5831991411701556,0.35560923242082665
193,34.35319377348363,10.084541062801932,28.475577026301664,3.4957058507783145,6.1862587224906065,14.492753623188406,2.5563607085346214,0.35560923242082665
194,34.64170692431562,10.050993022007514,28.381642512077295,3.4688674181427803,6.092324208266238,14.459205582393988,2.5496511003757383,0.35560923242082665
195,34.84970477724101,9.856414385399892,28.039452495974235,3.4688674181427803,6.535158346752549,14.345142243692969,2.5496511003757383,0.35560923242082665
196,35.258990874932906,9.728931830381105,27.89855072463768,3.4688674181427803,6.4345142243692965,14.304884594739667,2.5496511003757383,0.35560923242082665
197,35.560923242082666,9.628287707997853,27.428878153515836,3.4688674181427803,5.904455179817498,15.103327965646805,2.5496511003757383,0.35560923242082665
198,35.279119699409556,10.225442834138486,27.24771873322598,3.455448201825013,5.904455179817498,15.009393451422437,2.522812667740204,0.35560923242082665
199,35.78234031132582,10.205314009661835,26.704240472356414,3.6768652710681695,5.783682232957595,14.969135802469136,2.522812667740204,0.35560923242082665
200,35.889694041867955,10.171765968867419,26.663982823403114,3.6768652710681695,5.783682232957595,14.935587761674718,2.522812667740204,0.35560923242082665
201,35.990338164251206,10.171765968867419,26.617015566290927,3.5762211486849167,5.770263016639828,14.99597423510467,2.522812667740204,0.35560923242082665
202,35.86285560923242,10.171765968867419,26.798174986580783,3.5762211486849167,5.743424584004294,14.969135802469136,2.522812667740204,0.35560923242082665
203,36.03730542136339,10.144927536231885,26.764626945786365,3.556092324208266,5.736714975845411,14.88191089640365,2.522812667740204,0.35560923242082665
204,36.20504562533548,10.124798711755233,26.724369296833064,3.5426731078904994,5.709876543209877,14.868491680085883,2.4691358024691357,0.35560923242082665
205,36.06414385399893,9.829575952764358,26.019860440150296,3.361513687600644,5.669618894256575,16.23054213633924,2.4691358024691357,0.35560923242082665
206,36.33923778851315,9.769189479334408,25.91250670960816,3.2877079978529253,5.669618894256575,16.19699409554482,2.4691358024691357,0.35560923242082665
207,36.191626409017715,9.681964573268921,26.20101986044015,3.2877079978529253,5.649490069779925,16.163446054750402,2.4691358024691357,0.35560923242082665
208,36.40633387010199,9.648416532474503,26.133923778851315,3.280998389694042,5.589103596349974,16.14331723027375,2.442297369833602,0.35560923242082665
209,36.553945249597426,9.628287707997853,26.093666129898015,3.260869565217391,5.589103596349974,16.1231884057971,2.395330112721417,0.35560923242082665
210,36.8491680085883,9.594739667203436,25.979602791196996,3.260869565217391,5.58239398819109,15.982286634460548,2.395330112721417,0.35560923242082665
211,36.9699409554482,9.581320450885668,25.91250670960816,3.260869565217391,5.5689747718733225,15.955448201825014,2.395330112721417,0.35560923242082665
212,37.25174449812131,9.581320450885668,25.577026301663984,3.260869565217391,5.555555555555555,16.022544283413847,2.395330112721417,0.35560923242082665
213,37.84219001610306,9.433709071390231,25.207997852925388,3.260869565217391,5.535426731078905,15.98899624261943,2.3752012882447664,0.35560923242082665
214,38.258185721953836,9.366612989801396,24.993290391841118,3.260869565217391,5.528717122920021,15.935319377348362,2.301395598497048,0.35560923242082665
215,38.47289318303811,9.339774557165862,24.97987117552335,3.260869565217391,5.475040257648954,15.821256038647343,2.2946859903381642,0.35560923242082665
216,38.54669887278583,9.286097691894794,24.691358024691358,3.260869565217391,5.4616210413311865,15.767579173376275,2.6301663982823404,0.35560923242082665
217,39.09688674181428,9.225711218464841,24.44981213097155,3.2541599570585076,5.421363392377885,15.734031132581856,2.462426194310252,0.35560923242082665
218,39.05662909286098,9.104938271604938,24.3894256575416,3.2541599570585076,5.394524959742351,15.982286634460548,2.462426194310252,0.35560923242082665
219,39.392109500805155,9.057971014492754,24.08078368223296,3.240740740740741,5.374396135265701,15.895061728395062,2.462426194310252,0.49651100375738055
220,39.62023617820719,9.03113258185722,23.899624261943103,3.2340311325818574,5.374396135265701,15.74074074074074,2.462426194310252,0.6374127750939346
221,39.46591519055287,9.03113258185722,23.731884057971016,3.2340311325818574,5.703166935050993,15.425389157273216,2.771068169618894,0.6374127750939346
222,39.371980676328505,8.997584541062801,23.389694041867955,3.2340311325818574,5.689747718733226,15.955448201825014,2.7241009125067097,0.6374127750939346
223,39.48604401502952,8.984165324745035,23.221953837895867,3.2340311325818574,5.676328502415459,15.841384863123993,2.918679549114332,0.6374127750939346
224,39.492753623188406,8.635265700483092,23.141438539989263,4.072732152442297,5.360976918947934,15.787707997852925,2.871712292002147,0.6374127750939346
225,39.36527106816962,8.501073537305421,23.282340311325818,3.8714439076757916,5.683038110574342,15.807836822329575,2.8650026838432634,0.6239935587761675
226,40.324745034889965,8.467525496511003,23.121309715512613,3.8378958668813743,5.595813204508857,15.203972088030058,2.8247450348899625,0.6239935587761675
227,40.485775630703166,8.454106280193237,23.05421363392378,3.81105743424584,5.5756843800322065,15.183843263553408,2.8113258185721954,0.6239935587761675
228,40.59983896940419,8.440687063875469,22.993827160493826,3.81105743424584,5.5756843800322065,15.143585614600108,2.8113258185721954,0.6239935587761675
229,40.76757917337628,8.380300590445518,22.966988727858293,3.7775093934514223,5.555555555555555,15.123456790123457,2.804616210413312,0.6239935587761675
230,40.94873859366613,8.36688137412775,22.893183038110575,3.7372517444981215,5.542136339237788,15.083199141170155,2.804616210413312,0.6239935587761675
231,41.096349973161566,8.36688137412775,22.765700483091788,3.7372517444981215,5.542136339237788,15.063070316693505,2.804616210413312,0.6239935587761675
232,40.83467525496511,8.353462157809984,22.477187332259795,3.7372517444981215,5.528717122920021,15.640096618357488,2.804616210413312,0.6239935587761675
233,40.83467525496511,8.319914117015566,23.013955984970476,3.717122920021471,5.515297906602254,15.190552871712292,2.7844873859366612,0.6239935587761675
234,40.96886741814278,8.313204508856682,22.906602254428343,3.717122920021471,5.515297906602254,15.170424047235642,2.7844873859366612,0.6239935587761675
235,41.46537842190016,8.246108427267847,22.758990874932906,3.717122920021471,5.508588298443371,14.895330112721417,2.7844873859366612,0.6239935587761675
236,41.666666666666664,8.185721953837897,22.65834675254965,3.7104133118625873,5.508588298443371,14.861782071927,2.7844873859366612,0.6239935587761675
237,41.76060118089104,8.07836822329576,22.510735373054214,3.878153515834675,5.501878690284487,14.861782071927,2.7844873859366612,0.6239935587761675
238,41.86124530327429,8.064949006977992,22.443639291465377,3.878153515834675,5.501878690284487,14.841653247450349,2.7844873859366612,0.6239935587761675
239,42.290660225442835,7.96430488459474,22.356414385399894,3.878153515834675,5.4616210413311865,14.76784755770263,2.657004830917874,0.6239935587761675
240,42.41814278046162,7.96430488459474,22.262479871175522,3.878153515834675,5.4549114331723025,14.761137949543746,2.657004830917874,0.6038647342995169
241,42.58588298443371,7.96430488459474,21.557971014492754,3.878153515834675,5.441492216854535,14.754428341384862,3.2340311325818574,0.5837359098228664
242,42.82071926999463,7.96430488459474,21.484165324745035,3.8714439076757916,5.441492216854535,14.660493827160494,3.207192699946323,0.5501878690284487
243,43.29039184111648,7.9106280193236715,21.477455716586153,3.8043478260869565,5.434782608695652,14.351851851851851,3.180354267310789,0.5501878690284487
244,43.47155126140633,7.823403113258186,21.4170692431562,3.8043478260869565,5.428073000536768,14.325013419216317,3.180354267310789,0.5501878690284487
245,43.51180891035963,7.763016639828234,21.370101986044016,3.9586688137412773,5.421363392377885,14.257917337627482,3.166935050993022,0.5501878690284487
246,43.384326355340846,7.575147611379496,21.014492753623188,3.9586688137412773,5.837359098228664,14.163982823403114,3.5225442834138487,0.5434782608695652
247,43.572195383789584,7.555018786902845,20.947396672034355,3.9318303811057436,5.8239398819108965,14.103596349973161,3.5225442834138487,0.5434782608695652
248,43.80032206119163,7.541599570585078,20.813204508856682,3.92512077294686,5.810520665593129,14.06333870101986,3.502415458937198,0.5434782608695652
249,44.08883521202362,7.521470746108427,20.598497047772412,3.8378958668813743,5.756843800322061,14.150563607085346,3.502415458937198,0.5434782608695652
250,44.135802469135804,7.521470746108427,20.571658615136876,3.8378958668813743,5.756843800322061,14.130434782608695,3.502415458937198,0.5434782608695652
251,43.69967793880837,7.555018786902845,18.99490069779925,3.81105743424584,7.763016639828234,14.130434782608695,3.502415458937198,0.5434782608695652
252,43.84728931830381,7.548309178743962,18.94122383252818,3.797638217928073,7.75630703166935,14.070048309178745,3.4957058507783145,0.5434782608695652
253,43.79361245303274,7.514761137949543,19.182769726247987,3.9519592055823938,7.689210950080516,13.828502415458937,3.4957058507783145,0.5434782608695652
254,43.646001073537306,7.494632313472893,19.176060118089104,4.193505099302201,7.64224369296833,13.821792807300053,3.4822866344605474,0.5434782608695652
255,44.14922168545357,7.454374664519592,19.129092860976918,4.146537842190016,7.367149758454106,13.781535158346752,3.44873859366613,0.5233494363929146
256,43.80703166935051,7.266505636070853,19.048577563070317,4.079441760601181,7.581857219538379,14.298174986580785,3.3950617283950617,0.5233494363929146
257,44.216317767042405,7.266505636070853,18.800322061191626,4.045893719806763,7.568438003220612,14.224369296833064,3.3548040794417604,0.5233494363929146
258,44.337090713902306,7.226247987117552,18.780193236714975,4.032474503488996,7.561728395061729,14.197530864197532,3.3413848631239937,0.5233494363929146
259,44.296833064949006,7.132313472893183,18.67283950617284,4.3478260869565215,7.514761137949543,14.170692431561998,3.3413848631239937,0.5233494363929146
260,44.276704240472355,6.964573268921095,18.88083735909823,4.3478260869565215,7.501341921631776,14.163982823403114,3.3413848631239937,0.5233494363929146
261,44.32367149758454,6.951154052603328,18.753354804079443,4.320987654320987,7.501341921631776,14.13714439076758,3.488996242619431,0.5233494363929146
262,44.585346215781,6.944444444444445,18.71309715512614,4.320987654320987,7.4208266237251745,14.002952227589908,3.488996242619431,0.5233494363929146
263,44.7866344605475,6.904186795491143,18.666129898013956,4.320987654320987,7.4208266237251745,13.90901771336554,3.4688674181427803,0.5233494363929146
264,44.55179817498658,6.749865807836822,19.243156199677937,4.320987654320987,7.340311325818572,13.83521202361782,3.435319377348363,0.5233494363929146
265,44.826892109500804,6.736446591519055,19.155931293612454,4.320987654320987,7.340311325818572,13.694310252281268,3.4017713365539453,0.5233494363929146
266,44.08883521202362,6.6760601180891035,19.202898550724637,4.280730005367687,7.1725711218464845,14.720880300590446,3.33467525496511,0.5233494363929146
267,43.68625872249061,6.233225979602791,18.679549114331724,4.2270531400966185,7.152442297369833,16.17686527106817,3.321256038647343,0.5233494363929146
268,43.934514224369295,6.213097155126141,18.61916264090177,4.2203435319377345,7.078636607622115,16.13660762211487,3.3011272141706924,0.49651100375738055
269,43.82716049382716,6.206387546967257,18.45813204508857,3.9049919484702094,6.951154052603328,16.854535695115406,3.3011272141706924,0.49651100375738055
270,44.18947933440687,6.166129898013956,18.391035963499732,3.824476650563607,6.816961889425658,16.820987654320987,3.294417606011809,0.49651100375738055
271,44.20960815888352,6.159420289855072,18.297101449275363,3.9989264626945786,6.816961889425658,16.72705314009662,3.294417606011809,0.49651100375738055
272,44.357219538378956,6.146001073537305,18.263553408480945,3.9989264626945786,6.810252281266774,16.646537842190018,3.280998389694042,0.49651100375738055
273,44.7463768115942,6.139291465378422,17.94820182501342,3.9519592055823938,6.8035426731078905,16.639828234031132,3.2742887815351582,0.49651100375738055
274,44.806763285024154,6.085614600107354,17.907944176060116,4.072732152442297,6.8035426731078905,16.566022544283413,3.260869565217391,0.49651100375738055
275,44.907407407407405,6.085614600107354,17.62614063338701,4.012345679012346,6.78341384863124,16.76731078904992,3.2541599570585076,0.5636070853462157
276,45.12211486849168,6.005099302200751,17.538915727321523,4.193505099302201,6.743156199677939,16.67337627482555,3.166935050993022,0.5568974771873323
277,45.3972088030059,5.938003220611916,17.485238862050455,4.314278046162104,6.66935050993022,16.472088030059044,3.166935050993022,0.5568974771873323
278,45.3166935050993,5.904455179817498,17.183306494900698,4.314278046162104,6.615673644659152,16.659957058507782,3.44873859366613,0.5568974771873323
279,45.60520665593129,5.897745571658615,17.136339237788512,4.28743961352657,6.5552871712292005,16.55931293612453,3.408480944712829,0.5501878690284487
280,45.772946859903385,5.870907139023081,17.16988727858293,4.180085882984434,6.5552871712292005,16.525764895330113,3.374932903918411,0.5501878690284487
281,45.793075684380035,5.870907139023081,17.10950080515298,4.327697262479871,6.541867954911433,16.49892646269458,3.307836822329576,0.5501878690284487
