,45,50,53,51,52,55,54,56,57
0,93.00858829844337,6.991411701556629,,,,,,,
1,83.92377885131508,16.076221148684915,,,,,,,
2,83.43397745571659,16.566022544283413,,,,,,,
3,83.467525496511,16.297638217928075,0.23483628556092323,,,,,,
4,80.40123456790124,17.921363392377884,0.23483628556092323,1.442565754159957,,,,,
5,76.12721417069243,22.19538378958669,0.23483628556092323,1.442565754159957,,,,,
6,73.67149758454106,24.651100375738057,0.23483628556092323,1.442565754159957,,,,,
7,70.90713902308106,27.65029522275899,,1.442565754159957,,,,,
8,70.98765432098766,26.167471819645733,,2.844873859366613,,,,,
9,71.11513687600645,25.986312399355878,,2.2208803005904456,0.6776704240472357,,,,
10,62.80193236714976,34.29951690821256,,2.2208803005904456,0.6776704240472357,,,,
11,58.45410628019324,38.66747181964573,,2.2208803005904456,0.6575415995705851,,,,
12,52.99919484702093,42.29736983360172,,4.045893719806763,0.6575415995705851,,,,
13,49.82555018786903,44.457863660762214,,5.059044551798175,0.6575415995705851,,,,
14,45.29656468062265,49.745034889962426,,4.830917874396135,0.1274825550187869,,,,
15,45.269726247987116,42.78717122920021,,11.81561996779388,0.1274825550187869,,,,
16,45.38378958668814,42.73349436392915,,11.75523349436393,0.1274825550187869,,,,
17,44.75308641975309,39.61352657004831,,15.505904455179817,0.1274825550187869,,,,
18,41.93505099302201,38.21121846484165,,19.726247987117553,0.1274825550187869,,,,
19,41.27079978529254,36.520397208803004,,19.692699946323135,2.5161030595813205,,,,
20,39.31159420289855,38.90230810520666,,19.269994632313473,2.5161030595813205,,,,
21,37.78851315083199,27.274557165861513,,29.663177670424048,5.273752012882448,,,,
22,37.74154589371981,23.443370907139023,,34.0378421900161,4.777241009125067,,,,
23,37.0907139023081,24.08749329039184,,36.46672034353194,2.3550724637681157,,,,
24,37.184648416532475,24.06736446591519,,36.39291465378422,2.3550724637681157,,,,
25,37.30542136339238,24.02710681696189,,36.312399355877616,2.3550724637681157,,,,
26,37.17793880837359,24.154589371980677,0.7917337627482555,35.52066559312936,2.3550724637681157,,,,
27,37.3389694041868,24.14787976382179,0.7917337627482555,35.36634460547504,2.3550724637681157,,,,
28,37.6610305958132,24.14117015566291,0.7917337627482555,35.05099302200752,2.3550724637681157,,,,
29,29.22705314009662,48.027375201288244,0.785024154589372,20.517981749865807,1.442565754159957,,,,
30,28.945249597423512,47.819377348362856,0.785024154589372,16.23054213633924,6.219806763285024,,,,
31,29.13311862587225,47.745571658615134,0.785024154589372,16.129898013955984,6.206387546967257,,,,
32,29.186795491143318,47.69189479334407,0.785024154589372,16.129898013955984,6.206387546967257,,,,
33,28.81105743424584,42.62614063338701,,14.237788513150832,14.325013419216317,,,,
34,29.01905528717123,42.43827160493827,,13.774825550187868,14.76784755770263,,,,
35,29.186795491143318,42.42485238862051,,13.761406333870102,14.626945786366075,,,,
36,29.401502952227588,42.230273752012884,,13.741277509393452,14.626945786366075,,,,
37,22.779119699409556,45.9272678475577,,8.548040794417606,22.745571658615138,,,,
38,20.813204508856682,40.60654857756307,,8.272946859903382,30.307300053676865,,,,
39,21.00107353730542,40.53274288781535,,8.272946859903382,30.193236714975846,,,,
40,15.271068169618895,48.590982286634464,,7.481213097155126,28.65673644659152,,,,
41,15.203972088030058,45.1556629092861,,7.058507783145465,32.10547504025765,0.47638217928073,,,
42,15.35829307568438,43.86070853462158,,7.011540526033279,32.085346215781,1.6841116478797638,,,
43,14.231078904991948,43.162909286097694,0.2885131508319914,10.299248523886206,30.44820182501342,1.570048309178744,,,
44,14.620236178207193,38.35212023617821,3.1199677938808374,10.23215244229737,30.434782608695652,3.240740740740741,,,
45,14.392109500805153,31.40096618357488,3.1199677938808374,8.957326892109501,37.35909822866345,4.770531400966184,,,
46,14.53972088030059,31.374127750939344,3.0864197530864197,8.957326892109501,37.27187332259796,4.770531400966184,,,
47,14.358561460010735,29.126409017713364,3.079710144927536,8.93719806763285,39.754428341384866,4.74369296833065,,,
48,14.345142243692969,28.965378421900162,3.079710144927536,7.937466451959206,40.76086956521739,4.911433172302737,,,
49,14.593397745571659,28.898282340311326,3.079710144927536,7.937466451959206,40.57971014492754,4.911433172302737,,,
50,14.620236178207193,28.898282340311326,3.079710144927536,7.937466451959206,40.57971014492754,4.884594739667204,,,
51,14.566559312936125,27.22758990874933,5.199946323134729,7.836822329575953,42.41814278046162,2.7509393451422435,,,
52,14.80810520665593,27.200751476113794,5.199946323134729,7.749597423510467,41.94176060118089,3.099838969404187,,,
53,14.694041867954912,26.590177133655395,5.152979066022544,7.7361782071927,40.88835212023618,3.099838969404187,1.8384326355340848,,
54,13.7211486849168,22.530864197530864,5.152979066022544,6.816961889425658,46.93370907139023,3.0059044551798175,1.8384326355340848,,
55,13.821792807300053,22.517444981213096,5.152979066022544,6.776704240472356,46.69216317767042,2.6972624798711755,1.8384326355340848,0.5032206119162641,
56,14.016371443907676,22.470477724100913,5.152979066022544,6.776704240472356,46.544551798174986,2.6972624798711755,1.8384326355340848,0.5032206119162641,
57,14.150563607085346,22.128287707997853,5.0993022007514766,6.749865807836822,45.03488996242619,2.5026838432635534,3.8311862587224907,0.5032206119162641,
58,14.412238325281804,22.114868491680085,5.0993022007514766,6.749865807836822,44.7866344605475,2.5026838432635534,3.8311862587224907,0.5032206119162641,
59,14.647074610842727,22.054482018250134,5.0858829844337095,6.723027375201288,44.65244229736983,2.5026838432635534,3.8311862587224907,0.5032206119162641,
60,14.875201288244767,22.041062801932366,5.0791733762748255,6.709608158883521,44.57192699946323,2.475845410628019,3.743961352657005,0.5032206119162641,
61,15.123456790123457,21.940418679549115,5.0791733762748255,6.696188942565755,44.437734836285564,2.475845410628019,3.743961352657005,0.5032206119162641,
62,15.136876006441224,21.940418679549115,5.0791733762748255,6.696188942565755,44.42431561996779,2.475845410628019,3.743961352657005,0.5032206119162641,
63,15.24422973698336,21.940418679549115,5.0791733762748255,6.696188942565755,44.316961889425656,2.475845410628019,3.743961352657005,0.5032206119162641,
64,15.136876006441224,20.585077831454644,5.0791733762748255,6.615673644659152,45.860171765968865,2.475845410628019,3.743961352657005,0.5032206119162641,
65,10.064412238325282,28.307836822329577,4.51556629092861,5.065754159957058,44.75308641975309,2.1403650026838434,3.743961352657005,0.5032206119162641,0.9057971014492754
66,10.11808910359635,26.060118089103597,4.51556629092861,5.065754159957058,44.7463768115942,4.341116478797638,3.743961352657005,0.5032206119162641,0.9057971014492754
67,10.34621578099839,26.019860440150296,4.51556629092861,5.052334943639291,44.57192699946323,4.341116478797638,3.743961352657005,0.5032206119162641,0.9057971014492754
68,10.305958132045088,25.959473966720342,4.51556629092861,5.052334943639291,42.96833064949007,4.274020397208803,4.884594739667204,1.133923778851315,0.9057971014492754
69,10.487117552334944,25.805152979066023,4.51556629092861,5.025496511003757,43.71309715512614,4.274020397208803,4.884594739667204,1.133923778851315,0.1610305958132045
70,10.560923242082662,25.563607085346217,4.864465915190553,5.025496511003757,43.364197530864196,4.0995705850778315,5.226784755770263,1.133923778851315,0.1610305958132045
71,10.581052066559312,25.543478260869566,4.864465915190553,5.025496511003757,43.364197530864196,4.0995705850778315,5.226784755770263,1.133923778851315,0.1610305958132045
72,10.560923242082662,24.55716586151369,4.864465915190553,4.186795491143317,45.430756843800324,4.0995705850778315,5.005367686527107,1.133923778851315,0.1610305958132045
73,10.68840579710145,24.510198604401502,4.864465915190553,4.186795491143317,45.36366076221149,4.092860976918948,5.005367686527107,1.133923778851315,0.15432098765432098
74,9.500805152979066,33.702361782071925,2.623456790123457,4.186795491143317,41.38486312399356,4.092860976918948,3.2206119162640903,1.133923778851315,0.15432098765432098
75,9.614868491680086,33.662104133118625,2.623456790123457,4.186795491143317,41.317767042404725,4.086151368760064,3.2206119162640903,1.133923778851315,0.15432098765432098
76,10.017444981213098,32.49463231347289,2.6167471819645733,4.186795491143317,42.290660225442835,3.8848631239935587,3.2206119162640903,1.133923778851315,0.15432098765432098
77,8.68894256575416,31.219806763285025,2.6167471819645733,14.15727321524423,36.11782071926999,3.864734299516908,2.677133655394525,0.5032206119162641,0.15432098765432098
78,8.93719806763285,31.0654857756307,2.6167471819645733,14.130434782608695,36.05072463768116,3.864734299516908,2.677133655394525,0.5032206119162641,0.15432098765432098
79,8.99087493290392,31.011808910359633,2.6167471819645733,14.130434782608695,36.05072463768116,3.864734299516908,2.677133655394525,0.5032206119162641,0.15432098765432098
80,9.185453569511541,30.9447128287708,2.6167471819645733,14.096886741814279,36.64117015566291,3.7037037037037037,2.657004830917874,,0.15432098765432098
81,9.225711218464841,30.9447128287708,2.6167471819645733,14.096886741814279,36.62775093934514,3.7037037037037037,2.6301663982823404,,0.15432098765432098
82,9.326355340848094,30.9447128287708,2.6167471819645733,14.096886741814279,36.52710681696189,3.7037037037037037,2.6301663982823404,,0.15432098765432098
83,9.514224369296834,30.897745571658614,2.5966183574879227,14.056629092860977,36.47342995169082,3.683574879227053,2.623456790123457,,0.15432098765432098
84,9.648416532474503,30.817230273752013,2.5966183574879227,14.056629092860977,36.43317230273752,3.683574879227053,2.623456790123457,,0.14090177133655393
85,9.07139023081052,30.790391841116477,2.5966183574879227,22.785829307568438,29.1532474503489,3.374932903918411,2.086688137412775,,0.14090177133655393
86,8.246108427267847,30.656199677938808,2.589908749329039,26.154052603327965,26.7512077294686,3.374932903918411,2.086688137412775,,0.14090177133655393
87,8.460815888352121,30.059044551798173,2.589908749329039,26.120504562533547,26.7512077294686,3.7909286097691894,2.086688137412775,,0.14090177133655393
88,8.715780998389693,29.958400429414922,2.589908749329039,26.053408480944714,26.663982823403114,3.7909286097691894,2.086688137412775,,0.14090177133655393
89,8.219269994632313,25.275093934514224,2.2410091250670963,32.21282877079979,28.864734299516908,1.1473429951690821,1.6975308641975309,0.3421900161030596,
90,8.205850778314547,22.75228126677402,4.817498658078368,31.608964036500268,28.858024691358025,1.1473429951690821,1.6975308641975309,0.9125067096081588,
91,8.333333333333334,22.725442834138487,4.817498658078368,31.561996779388085,28.804347826086957,1.1473429951690821,1.6975308641975309,0.9125067096081588,
92,8.501073537305421,22.685185185185187,4.7638217928073,31.54186795491143,28.75738056897477,1.1406333870101986,1.6975308641975309,0.9125067096081588,
93,8.668813741277509,22.604669887278583,4.7638217928073,31.54186795491143,28.670155662909288,1.1406333870101986,1.6975308641975309,0.9125067096081588,
94,9.158615136876007,22.564412238325282,4.696725711218465,31.46135265700483,28.368223295759528,1.1406333870101986,1.6975308641975309,0.9125067096081588,
95,8.702361782071927,22.014224369296834,4.696725711218465,35.44685990338164,25.41599570585078,1.1137949543746646,1.6975308641975309,0.9125067096081588,
96,8.950617283950617,22.007514761137948,4.669887278582931,35.35963499731616,25.288513150831992,1.1137949543746646,1.6975308641975309,0.9125067096081588,
97,5.958132045088567,32.15244229736983,4.240472356414386,32.21282877079979,23.32259796027912,1.1003757380568975,0.10064412238325282,0.9125067096081588,
98,6.1862587224906065,31.99812130971551,4.2270531400966185,32.19940955448202,23.275630703166936,1.1003757380568975,0.10064412238325282,0.9125067096081588,
99,6.454643048845948,31.910896403650028,4.2270531400966185,32.058507783145465,23.235373054213635,1.1003757380568975,0.10064412238325282,0.9125067096081588,
100,6.561996779388084,31.884057971014492,4.2270531400966185,32.045088566827694,23.1682769726248,1.1003757380568975,0.10064412238325282,0.9125067096081588,
101,6.716317767042405,31.769994632313473,4.2270531400966185,32.024959742351044,23.14814814814815,1.1003757380568975,0.10064412238325282,0.9125067096081588,
102,7.179280730005368,31.622383252818036,4.133118625872249,31.85721953837896,23.09447128287708,1.1003757380568975,0.10064412238325282,0.9125067096081588,
103,7.286634460547504,31.61567364465915,3.9452495974235107,31.830381105743424,23.047504025764894,1.1003757380568975,0.2616747181964573,0.9125067096081588,
104,7.917337627482555,31.588835212023618,3.9452495974235107,31.260064412238325,23.013955984970476,1.1003757380568975,0.2616747181964573,0.9125067096081588,
105,8.494363929146537,31.52173913043478,3.824476650563607,30.97826086956522,22.906602254428343,1.1003757380568975,0.2616747181964573,0.9125067096081588,
106,8.635265700483092,31.4345142243693,3.824476650563607,30.96484165324745,22.86634460547504,1.1003757380568975,0.2616747181964573,0.9125067096081588,
107,8.749329039184111,31.353998926462694,3.824476650563607,30.931293612453032,22.86634460547504,1.1003757380568975,0.2616747181964573,0.9125067096081588,
108,9.01100375738057,31.15271068169619,3.824476650563607,30.870907139023082,22.86634460547504,1.1003757380568975,0.2616747181964573,0.9125067096081588,
109,9.306226516371444,31.0252281266774,3.743961352657005,30.837359098228664,22.82608695652174,1.0869565217391304,0.2616747181964573,0.9125067096081588,
110,9.494095544820183,30.96484165324745,3.743961352657005,30.709876543209877,22.82608695652174,1.0869565217391304,0.2616747181964573,0.9125067096081588,
111,9.695383789586689,30.891035963499732,3.730542136339238,30.656199677938808,22.779119699409556,1.0735373054213635,0.2616747181964573,0.9125067096081588,
112,9.943639291465379,30.797101449275363,3.730542136339238,30.54884594739667,22.73215244229737,1.0735373054213635,0.2616747181964573,0.9125067096081588,
113,10.158346752549651,30.776972624798713,3.6768652710681695,30.441492216854535,22.69860440150295,1.0735373054213635,0.2616747181964573,0.9125067096081588,
114,10.292538915727322,30.743424584004295,3.6768652710681695,30.414653784219002,22.450348899624263,1.0735373054213635,0.2616747181964573,1.0869565217391304,
115,10.446859903381643,30.689747718733226,3.6768652710681695,30.327428878153516,22.436929683306495,1.0735373054213635,0.2616747181964573,1.0869565217391304,
116,10.607890499194847,30.66290928609769,3.670155662909286,30.12614063338701,22.27589908749329,1.442565754159957,0.2616747181964573,0.95276435856146,
117,10.661567364465915,30.649490069779926,3.629898013955985,30.079173376274827,22.403381642512077,1.3620504562533549,0.2616747181964573,0.95276435856146,
118,10.876274825550189,30.52871712292002,3.629898013955985,30.005367686527105,22.08132045088567,1.3486312399355878,0.2616747181964573,1.2681159420289856,
119,10.963499731615673,30.159688674181428,3.629898013955985,29.985238862050455,21.93370907139023,1.7981749865807837,0.2616747181964573,1.2681159420289856,
120,10.950080515297907,30.06575415995706,3.629898013955985,29.95169082125604,21.75925925925926,1.7981749865807837,0.2616747181964573,1.583467525496511,
121,11.097691894793345,29.898013955984972,3.629898013955985,29.918142780461622,21.71900161030596,1.892109500805153,0.2616747181964573,1.583467525496511,
122,11.211755233494364,29.508856682769725,3.629898013955985,29.857756307031668,21.71900161030596,2.227589908749329,0.2616747181964573,1.583467525496511,
123,11.2788513150832,29.482018250134193,3.629898013955985,29.844337090713903,21.692163177670423,2.227589908749329,0.2616747181964573,1.583467525496511,
124,11.446591519055287,29.441760601180892,3.629898013955985,29.723564143854,21.68545356951154,2.227589908749329,0.2616747181964573,1.583467525496511,
125,10.903113258185721,28.663446054750402,3.629898013955985,31.97799248523886,20.78636607622115,2.1940418679549114,0.2616747181964573,1.583467525496511,
126,10.86285560923242,28.650026838432634,3.629898013955985,35.44015029522276,17.391304347826086,2.187332259796028,0.2616747181964573,1.5767579173376274,
127,11.09098228663446,28.495705850778315,3.6231884057971016,35.39318303811057,17.371175523349436,2.187332259796028,0.2616747181964573,1.5767579173376274,
128,11.419753086419753,28.327965646806227,3.6231884057971016,35.299248523886206,17.3040794417606,2.187332259796028,0.2616747181964573,1.5767579173376274,
129,11.641170155662909,28.327965646806227,3.6231884057971016,35.13150831991412,17.250402576489535,2.187332259796028,0.2616747181964573,1.5767579173376274,
130,11.721685453569512,28.30112721417069,3.6231884057971016,35.10466988727858,17.223564143854,2.187332259796028,0.2616747181964573,1.5767579173376274,
131,11.822329575952764,26.187600644122384,3.603059581320451,33.561460010735374,17.12962962962963,2.187332259796028,3.9452495974235107,1.5633387010198605,
132,11.949812130971551,26.187600644122384,3.603059581320451,33.52791196994095,17.062533548040793,2.187332259796028,3.9184111647879765,1.5633387010198605,
133,12.305421363392378,26.10708534621578,3.603059581320451,33.319914117015564,16.99543746645196,2.187332259796028,3.9184111647879765,1.5633387010198605,
134,12.4597423510467,26.01315083199141,3.5762211486849167,33.293075684380035,16.99543746645196,2.1806226516371443,3.9184111647879765,1.5633387010198605,
135,12.533548040794418,26.01315083199141,3.549382716049383,33.293075684380035,16.948470209339774,2.1806226516371443,3.9184111647879765,1.5633387010198605,
136,13.003220611916264,25.986312399355878,3.549382716049383,32.950885668276975,16.854535695115406,2.1806226516371443,3.9184111647879765,1.556629092860977,
137,13.117283950617283,25.91921631776704,3.549382716049383,32.9374664519592,16.820987654320987,2.1806226516371443,3.9184111647879765,1.556629092860977,
138,13.24476650563607,25.744766505636072,3.515834675254965,29.49543746645196,20.343531937734838,2.1806226516371443,3.9184111647879765,1.556629092860977,
139,13.560118089103597,25.623993558776167,3.488996242619431,29.448470209339774,20.2361782071927,2.1806226516371443,3.9184111647879765,1.5432098765432098,
140,12.587224906065487,21.91358024691358,3.488996242619431,27.89855072463768,26.46940418679549,2.1806226516371443,3.9184111647879765,1.5432098765432098,
141,12.701288244766506,21.866612989801396,3.488996242619431,27.885131508319915,26.442565754159958,2.1806226516371443,3.9184111647879765,1.5163714439076759,
142,12.815351583467525,21.79951690821256,3.488996242619431,27.85829307568438,26.422436929683307,2.1806226516371443,3.9184111647879765,1.5163714439076759,
143,13.09044551798175,21.135265700483092,3.4822866344605474,27.77777777777778,26.422436929683307,2.657004830917874,3.9184111647879765,1.5163714439076759,
144,13.197799248523886,21.108427267847556,3.4822866344605474,27.750939345142243,26.36876006441224,2.657004830917874,3.9184111647879765,1.5163714439076759,
145,12.741545893719806,20.055018786902846,3.408480944712829,27.24771873322598,25.825281803542673,2.2745571658615136,6.4412238325281805,1.5163714439076759,0.48980139559849706
146,12.882447665056361,20.00805152979066,3.3480944712828773,26.69753086419753,25.731347289318304,2.2745571658615136,7.051798174986581,1.5163714439076759,0.48980139559849706
147,13.01663982823403,19.994632313472895,3.3480944712828773,26.643853998926463,25.670960815888353,2.26784755770263,7.051798174986581,1.5163714439076759,0.48980139559849706
148,12.815351583467525,19.209608158883523,3.4688674181427803,26.643853998926463,25.597155126140635,2.2611379495437465,7.997852925389157,1.5163714439076759,0.48980139559849706
149,12.895866881374127,19.182769726247987,3.455448201825013,26.630434782608695,25.5703166935051,2.2611379495437465,7.997852925389157,1.5163714439076759,0.48980139559849706
150,13.009930220075148,19.129092860976918,3.455448201825013,26.603596349973163,25.53676865271068,2.2611379495437465,7.997852925389157,1.5163714439076759,0.48980139559849706
151,13.318572195383789,18.988191089640367,3.455448201825013,26.52308105206656,25.483091787439612,2.2611379495437465,7.96430488459474,1.5163714439076759,0.48980139559849706
152,13.352120236178207,18.88083735909823,3.455448201825013,26.52308105206656,25.449543746645197,2.3886205045625335,7.944176060118089,1.5163714439076759,0.48980139559849706
153,13.405797101449275,18.840579710144926,3.455448201825013,26.1808910359635,25.033548040794418,2.3886205045625335,8.715780998389693,1.4895330112721417,0.48980139559849706
154,13.580246913580247,18.840579710144926,3.455448201825013,26.127214170692433,24.94632313472893,2.3886205045625335,8.715780998389693,1.4559849704777241,0.48980139559849706
155,13.801663982823403,18.739935587761675,3.455448201825013,26.100375738056897,24.94632313472893,2.2946859903381642,8.715780998389693,1.4559849704777241,0.48980139559849706
156,13.862050456253355,18.451422436929683,3.455448201825013,26.04669887278583,24.89935587761675,2.636876006441224,8.715780998389693,1.442565754159957,0.48980139559849706
157,14.123725174449811,18.438003220611915,3.455448201825013,25.91250670960816,24.812130971551262,2.636876006441224,8.68894256575416,1.442565754159957,0.48980139559849706
158,14.231078904991948,18.438003220611915,3.455448201825013,25.83870101986044,24.785292538915726,2.636876006441224,8.682232957595277,1.442565754159957,0.48980139559849706
159,14.204240472356414,18.431293612453032,3.9720880300590444,25.5703166935051,24.268652710681696,2.636876006441224,8.682232957595277,1.7444981213097155,0.48980139559849706
160,14.284755770263017,18.431293612453032,3.9720880300590444,25.523349436392916,24.241814278046164,2.636876006441224,8.682232957595277,1.737788513150832,0.48980139559849706
161,14.593397745571659,18.431293612453032,3.938539989264627,25.36231884057971,24.14117015566291,2.636876006441224,8.668813741277509,1.737788513150832,0.48980139559849706
162,14.801395598497047,18.377616747181964,3.938539989264627,25.36231884057971,24.02710681696189,2.5966183574879227,8.668813741277509,1.737788513150832,0.48980139559849706
163,14.969135802469136,18.377616747181964,3.9049919484702094,25.36231884057971,24.020397208803004,2.5966183574879227,8.541331186258722,1.737788513150832,0.48980139559849706
164,15.03623188405797,18.364197530864196,3.9049919484702094,25.36231884057971,24.00697799248524,2.5966183574879227,8.501073537305421,1.737788513150832,0.48980139559849706
165,15.24422973698336,18.364197530864196,3.9049919484702094,25.254965110037574,23.919753086419753,2.5966183574879227,8.487654320987655,1.737788513150832,0.48980139559849706
166,15.311325818572195,18.35077831454643,3.8714439076757916,25.254965110037574,23.919753086419753,2.589908749329039,8.474235104669887,1.737788513150832,0.48980139559849706
167,15.385131508319914,18.344068706387546,3.8378958668813743,25.228126677402038,23.919753086419753,2.589908749329039,8.467525496511003,1.737788513150832,0.48980139559849706
168,15.45222758990875,18.323939881910896,3.7909286097691894,25.147611379495437,24.00697799248524,2.589908749329039,8.460815888352121,1.737788513150832,0.48980139559849706
169,15.693773483628556,18.276972624798713,3.7775093934514223,25.06038647342995,23.872785829307567,2.589908749329039,8.695652173913043,1.5432098765432098,0.48980139559849706
170,15.814546430488459,18.276972624798713,3.7775093934514223,25.06038647342995,23.752012882447666,2.589908749329039,8.695652173913043,1.5432098765432098,0.48980139559849706
171,15.975577026301664,18.256843800322063,3.7775093934514223,24.93961352657005,23.731884057971016,2.589908749329039,8.695652173913043,1.5432098765432098,0.48980139559849706
172,16.035963499731615,18.250134192163177,3.7775093934514223,24.93961352657005,23.68491680085883,2.589908749329039,8.68894256575416,1.5432098765432098,0.48980139559849706
173,15.848094471282877,17.746913580246915,3.7775093934514223,23.060923242082662,23.66478797638218,5.179817498658078,8.68894256575416,1.5432098765432098,0.48980139559849706
174,16.009125067096083,17.68652710681696,3.7775093934514223,23.03408480944713,23.61111111111111,5.179817498658078,8.668813741277509,1.5432098765432098,0.48980139559849706
175,16.089640365002683,17.68652710681696,3.7775093934514223,22.993827160493826,23.57085346215781,5.179817498658078,8.668813741277509,1.5432098765432098,0.48980139559849706
176,16.384863123993558,17.659688674181428,3.770799785292539,22.973698336017176,23.57085346215781,4.9651100375738055,8.668813741277509,1.5163714439076759,0.48980139559849706
177,16.532474503488995,17.64626945786366,3.7372517444981215,22.946859903381643,23.523886205045624,4.9651100375738055,8.641975308641975,1.5163714439076759,0.48980139559849706
178,16.029253891572733,17.23027375201288,6.998121309715513,21.28287707997853,24.436392914653783,4.42163177670424,7.836822329575953,1.2748255501878691,0.48980139559849706
179,16.17686527106817,17.16988727858293,6.984702093397746,21.28287707997853,24.376006441223833,4.42163177670424,7.823403113258186,1.2748255501878691,0.48980139559849706
180,16.378153515834676,17.163177670424048,6.944444444444445,21.22249060654858,24.282071926999464,4.42163177670424,7.836822329575953,1.261406333870102,0.48980139559849706
181,16.445249597423512,17.122920021470748,6.944444444444445,21.20907139023081,24.268652710681696,4.42163177670424,7.836822329575953,1.261406333870102,0.48980139559849706
182,16.5727321524423,17.122920021470748,6.9310252281266775,21.135265700483092,24.255233494363928,4.42163177670424,7.809983896940419,1.261406333870102,0.48980139559849706
183,16.894793344068706,17.122920021470748,6.9310252281266775,21.135265700483092,24.22168545356951,4.133118625872249,7.809983896940419,1.261406333870102,0.48980139559849706
184,16.961889425657542,17.06924315619968,6.9310252281266775,21.128556092324207,24.22168545356951,4.133118625872249,7.803274288781535,1.261406333870102,0.48980139559849706
185,17.082662372517444,17.05582393988191,6.9310252281266775,21.108427267847556,24.168008588298445,4.133118625872249,7.769726247987117,1.261406333870102,0.48980139559849706
186,17.196725711218466,17.042404723564143,6.89747718733226,21.108427267847556,24.114331723027377,4.119699409554482,7.769726247987117,1.261406333870102,0.48980139559849706
187,17.236983360171767,17.01556629092861,6.89747718733226,21.108427267847556,24.10091250670961,4.119699409554482,7.769726247987117,1.261406333870102,0.48980139559849706
188,17.59259259259259,17.01556629092861,6.89747718733226,21.07487922705314,23.946591519055286,3.965378421900161,7.769726247987117,1.247987117552335,0.48980139559849706
189,17.820719269994633,17.01556629092861,6.823671497584541,21.068169618894256,23.939881910896403,3.8378958668813743,7.75630703166935,1.247987117552335,0.48980139559849706
190,18.02871712292002,16.928341384863124,6.823671497584541,20.98094471282877,23.906333870101985,3.8378958668813743,7.75630703166935,1.247987117552335,0.48980139559849706
191,18.16290928609769,16.888083735909824,6.823671497584541,20.967525496511005,23.872785829307567,3.8378958668813743,7.709339774557166,1.247987117552335,0.48980139559849706
192,16.472088030059044,16.814278046162105,6.823671497584541,28.549382716049383,18.719806763285025,3.6902844873859366,7.192699946323135,1.247987117552335,0.48980139559849706
193,16.59286097691895,16.78743961352657,6.816961889425658,28.462157809983896,18.719806763285025,3.6902844873859366,7.192699946323135,1.247987117552335,0.48980139559849706
194,16.78743961352657,16.76731078904992,6.816961889425658,28.31454643048846,18.69296833064949,3.6902844873859366,7.192699946323135,1.247987117552335,0.48980139559849706
195,16.908212560386474,16.740472356414386,6.816961889425658,28.28099838969404,18.659420289855074,3.6768652710681695,7.179280730005368,1.247987117552335,0.48980139559849706
196,17.062533548040793,16.740472356414386,6.769994632313473,28.27428878153516,18.572195383789587,3.670155662909286,7.1725711218464845,1.247987117552335,0.48980139559849706
197,16.908212560386474,16.740472356414386,7.809983896940419,27.85829307568438,18.572195383789587,3.6366076221148687,6.937734836285561,1.0466988727858293,0.48980139559849706
198,15.096618357487923,15.559581320450885,6.863929146537842,33.641975308641975,17.277241009125067,3.0864197530864197,6.937734836285561,1.0466988727858293,0.48980139559849706
199,15.197262479871176,15.53274288781535,6.863929146537842,33.62855609232421,17.216854535695116,3.0864197530864197,6.937734836285561,1.0466988727858293,0.48980139559849706
200,15.304616210413311,15.331454643048845,6.863929146537842,33.61513687600644,17.196725711218466,3.2139023081052067,6.937734836285561,1.0466988727858293,0.48980139559849706
201,15.96886741814278,15.324745034889963,6.823671497584541,33.031400966183575,17.16988727858293,3.207192699946323,6.937734836285561,1.0466988727858293,0.48980139559849706
202,16.069511540526033,15.304616210413311,6.823671497584541,33.00456253354804,17.16988727858293,3.1870638754696725,6.937734836285561,1.0131508319914118,0.48980139559849706
203,16.210413311862588,15.304616210413311,6.736446591519055,33.00456253354804,17.11621041331186,3.1870638754696725,6.937734836285561,1.0131508319914118,0.48980139559849706
204,16.29092860976919,15.28448738593666,6.736446591519055,32.971014492753625,17.09608158883521,3.1870638754696725,6.937734836285561,1.0064412238325282,0.48980139559849706
205,16.344605475040257,15.197262479871176,6.736446591519055,32.387278582930755,16.7337627482555,3.656736446591519,6.937734836285561,1.5163714439076759,0.48980139559849706
206,16.492216854535695,15.123456790123457,6.736446591519055,32.367149758454104,16.686795491143318,3.6500268384326353,6.937734836285561,1.5163714439076759,0.48980139559849706
207,16.63311862587225,15.049651100375739,6.736446591519055,32.306763285024154,16.532474503488995,3.6500268384326353,6.937734836285561,1.6639828234031133,0.48980139559849706
208,17.12962962962963,15.049651100375739,6.387546967257112,32.2061191626409,16.492216854535695,3.6500268384326353,6.9310252281266775,1.6639828234031133,0.48980139559849706
209,17.444981213097154,15.029522275899087,6.374127750939345,32.1256038647343,16.492216854535695,3.6500268384326353,6.9310252281266775,1.4626945786366077,0.48980139559849706
210,17.881105743424584,15.022812667740205,6.320450885668277,31.97799248523886,16.378153515834676,3.6500268384326353,6.816961889425658,1.4626945786366077,0.48980139559849706
211,18.136070853462158,15.022812667740205,6.226516371443908,31.816961889425656,16.378153515834676,3.6500268384326353,6.816961889425658,1.4626945786366077,0.48980139559849706
212,18.364197530864196,14.928878153515834,6.226516371443908,31.749865807836823,16.31105743424584,3.6500268384326353,6.816961889425658,1.4626945786366077,0.48980139559849706
213,18.491680085882983,14.895330112721417,6.226516371443908,31.702898550724637,16.264090177133657,3.6500268384326353,6.816961889425658,1.4626945786366077,0.48980139559849706
214,18.726516371443907,14.828234031132581,6.213097155126141,31.629092860976918,16.23054213633924,3.643317230273752,6.776704240472356,1.4626945786366077,0.48980139559849706
215,19.07541599570585,14.754428341384862,6.1862587224906065,31.46135265700483,16.210413311862588,3.616478797638218,6.743156199677939,1.4626945786366077,0.48980139559849706
216,19.16935050993022,14.734299516908212,6.1862587224906065,31.40096618357488,16.19699409554482,3.616478797638218,6.743156199677939,1.4626945786366077,0.48980139559849706
217,19.390767579173378,14.734299516908212,6.1862587224906065,31.36070853462158,16.056092324208265,3.616478797638218,6.743156199677939,1.442565754159957,0.46967257112184646
218,19.390767579173378,14.734299516908212,6.1862587224906065,31.36070853462158,16.056092324208265,3.616478797638218,6.743156199677939,1.442565754159957,0.46967257112184646
219,19.464573268921097,14.720880300590446,6.159420289855072,31.30703166935051,15.96886741814278,3.7573805689747717,6.709608158883521,1.442565754159957,0.46967257112184646
220,19.33709071390231,14.720880300590446,7.501341921631776,30.756843800322063,15.76086956521739,3.435319377348363,6.709608158883521,1.3083735909822867,0.46967257112184646
221,19.370638754696724,14.700751476113794,7.7831454643048845,30.69645732689211,15.526033279656469,3.435319377348363,6.709608158883521,1.3083735909822867,0.46967257112184646
222,19.39747718733226,14.700751476113794,7.7831454643048845,30.69645732689211,15.5126140633387,3.435319377348363,6.696188942565755,1.3083735909822867,0.46967257112184646
223,19.545088566827697,14.65378421900161,7.7831454643048845,30.683038110574344,15.485775630703166,3.435319377348363,6.6760601180891035,1.3083735909822867,0.4294149221685454
224,19.732957595276435,14.600107353730541,7.742887815351583,30.683038110574344,15.391841116478798,3.435319377348363,6.6760601180891035,1.3083735909822867,0.4294149221685454
225,19.89398819108964,14.573268921095009,7.709339774557166,30.669618894256576,15.318035426731079,3.435319377348363,6.662640901771336,1.3083735909822867,0.4294149221685454
226,20.175791733762747,14.55984970477724,7.709339774557166,30.139559849704778,15.304616210413311,3.4151905528717124,6.535158346752549,1.7310789049919484,0.4294149221685454
227,20.38378958668814,14.51959205582394,7.709339774557166,30.099302200751477,15.250939345142244,3.4151905528717124,6.468062265163715,1.724369296833065,0.4294149221685454
228,20.598497047772412,14.439076757917338,7.628824476650563,30.099302200751477,15.22410091250671,3.4151905528717124,6.4412238325281805,1.724369296833065,0.4294149221685454
229,20.77294685990338,14.42565754159957,7.601986044015029,30.005367686527105,15.183843263553408,3.4151905528717124,6.4412238325281805,1.724369296833065,0.4294149221685454
230,20.94068706387547,14.392109500805153,7.575147611379496,29.938271604938272,15.143585614600108,3.4151905528717124,6.4412238325281805,1.724369296833065,0.4294149221685454
231,20.840042941492218,14.231078904991948,7.561728395061729,29.53569511540526,15.029522275899087,3.730542136339238,6.4412238325281805,2.200751476113795,0.4294149221685454
232,20.840042941492218,14.231078904991948,7.561728395061729,29.53569511540526,15.029522275899087,3.730542136339238,6.4412238325281805,2.200751476113795,0.4294149221685454
233,20.967525496511005,14.231078904991948,7.561728395061729,29.468599033816425,14.99597423510467,3.717122920021471,6.427804616210413,2.200751476113795,0.4294149221685454
234,21.256038647342994,14.197530864197532,7.561728395061729,29.274020397208805,14.935587761674718,3.717122920021471,6.427804616210413,2.200751476113795,0.4294149221685454
235,21.349973161567366,14.197530864197532,7.561728395061729,29.2337627482555,14.88191089640365,3.717122920021471,6.427804616210413,2.200751476113795,0.4294149221685454
236,21.430488459473967,14.197530864197532,7.561728395061729,29.166666666666668,14.875201288244767,3.717122920021471,6.427804616210413,2.1940418679549114,0.4294149221685454
237,21.712292002147073,14.184111647879764,7.50805152979066,28.5426731078905,14.828234031132581,4.2270531400966185,6.374127750939345,2.1940418679549114,0.4294149221685454
238,21.826355340848096,14.170692431561998,7.50805152979066,28.401771336553946,14.774557165861514,4.186795491143317,6.253354804079442,2.4490069779924855,0.4294149221685454
239,21.900161030595815,14.13714439076758,7.50805152979066,28.361513687600645,14.774557165861514,4.186795491143317,6.253354804079442,2.4490069779924855,0.4294149221685454
240,22.054482018250134,14.070048309178745,7.50805152979066,28.307836822329577,14.754428341384862,4.17337627482555,6.253354804079442,2.4490069779924855,0.4294149221685454
241,21.926999463231347,13.6808910359635,7.9039184111647875,28.10654857756307,14.579978529253891,4.817498658078368,6.159420289855072,2.395330112721417,0.4294149221685454
242,22.128287707997853,13.66076221148685,7.897208803005904,28.026033279656467,14.486044015029522,4.817498658078368,6.159420289855072,2.395330112721417,0.4294149221685454
243,22.228931830381107,13.66076221148685,7.836822329575953,28.019323671497585,14.452495974235104,4.817498658078368,6.159420289855072,2.395330112721417,0.4294149221685454
244,22.14170692431562,13.613794954374665,8.004562533548041,27.999194847020934,14.452495974235104,4.804079441760601,6.159420289855072,2.395330112721417,0.4294149221685454
245,22.29602791196994,13.607085346215781,8.192431561996779,27.905260332796566,14.398819108964037,4.804079441760601,6.132581857219538,2.395330112721417,0.2683843263553409
246,22.403381642512077,13.607085346215781,8.165593129361245,27.89855072463768,14.325013419216317,4.804079441760601,6.132581857219538,2.395330112721417,0.2683843263553409
247,22.96027911969941,13.533279656468062,8.111916264090176,27.542941492216855,14.325013419216317,4.750402576489533,6.132581857219538,2.3752012882447664,0.2683843263553409
248,23.047504025764894,13.519860440150294,8.111916264090176,27.49597423510467,14.325013419216317,4.750402576489533,6.105743424584004,2.3752012882447664,0.2683843263553409
249,23.00053676865271,13.251476113794954,8.111916264090176,27.32823403113258,14.325013419216317,5.24020397208803,6.099033816425121,2.3752012882447664,0.2683843263553409
250,22.86634460547504,13.251476113794954,8.051529790660226,27.30139559849705,14.546430488459475,5.24020397208803,6.099033816425121,2.3752012882447664,0.2683843263553409
251,23.15485775630703,13.16425120772947,8.051529790660226,27.140365002683843,14.506172839506172,5.24020397208803,6.099033816425121,2.3752012882447664,0.2683843263553409
252,23.255501878690286,13.157541599570585,8.024691358024691,27.086688137412775,14.506172839506172,5.24020397208803,6.085614600107354,2.3752012882447664,0.2683843263553409
253,23.356146001073537,13.157541599570585,8.024691358024691,27.03972088030059,14.492753623188406,5.24020397208803,6.0587761674718195,2.3617820719269993,0.2683843263553409
254,22.785829307568438,11.43317230273752,10.59447128287708,26.979334406870638,14.492753623188406,5.038915727321524,6.045356951154052,2.3617820719269993,0.2683843263553409
255,22.913311862587225,11.43317230273752,10.547504025764896,26.952495974235106,14.472624798711756,5.005367686527107,6.045356951154052,2.3617820719269993,0.2683843263553409
256,23.013955984970476,11.43317230273752,10.547504025764896,26.86527106816962,14.459205582393988,5.005367686527107,6.045356951154052,2.3617820719269993,0.2683843263553409
257,23.45679012345679,11.084272678475577,11.54723564143854,26.073537305421365,14.27133655394525,4.891304347826087,6.045356951154052,2.3617820719269993,0.2683843263553409
258,23.731884057971016,10.970209339774557,11.520397208803006,25.999731615673646,14.210950080515298,4.891304347826087,6.045356951154052,2.3617820719269993,0.2683843263553409
259,23.852657004830917,10.876274825550189,11.520397208803006,25.999731615673646,14.210950080515298,4.891304347826087,6.018518518518518,2.3617820719269993,0.2683843263553409
260,23.89291465378422,10.876274825550189,11.506977992485238,25.999731615673646,14.184111647879764,4.891304347826087,6.018518518518518,2.3617820719269993,0.2683843263553409
261,23.95330112721417,10.876274825550189,11.473429951690822,25.999731615673646,14.184111647879764,4.891304347826087,5.991680085882985,2.3617820719269993,0.2683843263553409
262,24.10091250670961,10.876274825550189,11.446591519055287,25.95276435856146,14.143853998926463,4.87788513150832,5.984970477724101,2.3483628556092326,0.2683843263553409
263,24.188137412775095,10.856146001073537,11.446591519055287,25.939345142243692,14.143853998926463,4.87788513150832,5.9447128287707995,2.3483628556092326,0.2549651100375738
264,23.711755233494365,10.245571658615138,9.500805152979066,25.791733762748255,17.673107890499196,4.53569511540526,5.9447128287707995,2.341653247450349,0.2549651100375738
265,23.839237788513152,10.138217928073,9.500805152979066,25.791733762748255,17.673107890499196,4.528985507246377,5.931293612453032,2.341653247450349,0.2549651100375738
266,23.503757380568974,10.111379495437467,9.473966720343531,25.583735909822867,18.323939881910896,4.508856682769726,5.897745571658615,2.341653247450349,0.2549651100375738
