,45,50,51,53,55,52,56,57,54
0,100.0,,,,,,,,
1,87.15110037573805,12.848899624261943,,,,,,,
2,84.52093397745571,12.224906065485776,3.2541599570585076,,,,,,
3,70.29656468062265,26.482823403113258,3.2206119162640903,,,,,,
4,70.35695115405261,23.121309715512613,3.2206119162640903,3.3011272141706924,,,,,
5,66.92834138486312,26.556629092860977,3.2139023081052067,3.3011272141706924,,,,,
6,66.79414922168546,26.690821256038646,3.2139023081052067,3.3011272141706924,,,,,
7,56.79012345679013,37.41277509393451,2.5026838432635534,3.294417606011809,,,,,
8,53.22061191626409,33.20585077831455,10.144927536231885,3.280998389694042,0.14761137949543746,,,,
9,53.28099838969404,33.15888352120236,10.131508319914117,3.280998389694042,0.14761137949543746,,,,
10,53.274288781535155,28.14009661835749,8.3064949006978,3.2675791733762747,0.14761137949543746,6.588835212023618,0.27509393451422437,,
11,53.34138486312399,28.187063875469672,8.3064949006978,3.2004830917874396,0.14761137949543746,6.541867954911433,0.27509393451422437,,
12,53.60305958132045,28.052871712292003,8.165593129361245,3.1535158346752548,0.14761137949543746,6.414385399892646,0.46296296296296297,,
13,53.616478797638216,28.039452495974235,8.165593129361245,3.1535158346752548,0.14761137949543746,6.414385399892646,0.46296296296296297,,
14,48.04079441760601,26.529790660225444,15.157004830917874,3.0864197530864197,0.30864197530864196,6.414385399892646,0.46296296296296297,,
15,48.26221148684917,25.711218464841654,16.371443907675793,3.0864197530864197,0.30864197530864196,6.132581857219538,0.1274825550187869,,
16,46.49087493290392,28.482286634460547,14.432367149758454,3.9989264626945786,0.30864197530864196,6.025228126677402,0.2616747181964573,,
17,46.70558239398819,28.327965646806227,14.40552871712292,3.9855072463768115,0.30864197530864196,6.005099302200751,0.2616747181964573,,
18,41.94176060118089,34.695383789586685,12.889157273215245,3.965378421900161,0.2683843263553409,5.978260869565218,0.2616747181964573,,
19,42.03569511540526,34.18545356951154,12.399355877616747,3.9049919484702094,1.2345679012345678,5.978260869565218,0.2616747181964573,,
20,41.95517981749866,33.89023081052066,11.43317230273752,3.5426731078904994,1.2345679012345678,7.809983896940419,0.13419216317767044,,
21,41.49892646269458,34.38003220611916,11.43317230273752,3.535963499731616,1.2345679012345678,7.7831454643048845,0.13419216317767044,,
22,41.58615136876006,32.890499194847024,11.325818572195384,5.0858829844337095,1.2144390767579174,7.763016639828234,0.13419216317767044,,
23,41.706924315619965,32.78314546430489,11.252012882447666,5.0791733762748255,1.2144390767579174,7.830112721417069,0.13419216317767044,,
24,39.029790660225444,30.233494363929147,19.90740740740741,5.387815351583468,0.12077294685990338,5.045625335480408,0.13419216317767044,0.14090177133655393,
25,29.367954911433173,41.99543746645196,19.94766505636071,3.4151905528717124,0.95276435856146,4.045893719806763,0.13419216317767044,0.14090177133655393,
26,29.435050993022006,41.89479334406871,19.920826623725173,3.4151905528717124,1.2077294685990339,3.851315083199141,0.13419216317767044,0.14090177133655393,
27,28.569511540526033,41.136607622114866,21.38352120236178,3.408480944712829,1.3888888888888888,3.8378958668813743,0.13419216317767044,0.14090177133655393,
28,28.817767042404725,40.92860976918948,21.38352120236178,3.408480944712829,1.3888888888888888,3.797638217928073,0.13419216317767044,0.14090177133655393,
29,24.953032742887814,43.25684380032206,22.920021470746107,3.408480944712829,1.3888888888888888,3.797638217928073,0.13419216317767044,0.14090177133655393,
30,25.0805152979066,41.67337627482555,22.550993022007514,5.287171229200215,1.3821792807300053,3.750670960815888,0.13419216317767044,0.14090177133655393,
31,22.765700483091788,43.71980676328502,19.028448738593667,4.824208266237251,1.1540526033279657,8.232689210950081,0.13419216317767044,0.14090177133655393,
32,23.255501878690286,43.4044551798175,18.95464304884595,4.797369833601718,1.1540526033279657,8.158883521202362,0.13419216317767044,0.14090177133655393,
33,23.45679012345679,41.19028448738594,21.638486312399355,4.783950617283951,1.1540526033279657,7.501341921631776,0.13419216317767044,0.14090177133655393,
34,23.315888352120236,38.506441223832525,25.0,3.44873859366613,1.0131508319914118,7.467793880837359,0.13419216317767044,0.14090177133655393,0.9728931830381106
35,23.68491680085883,38.33870101986044,24.798711755233494,3.294417606011809,1.0131508319914118,7.467793880837359,0.13419216317767044,0.14090177133655393,1.1272141706924315
36,24.255233494363928,38.077026301663984,24.58400429414922,3.227321524422974,1.0131508319914118,7.467793880837359,0.13419216317767044,0.14090177133655393,1.1003757380568975
37,24.89935587761675,37.204777241009126,24.355877616747183,3.2139023081052067,1.482823403113258,7.467793880837359,0.13419216317767044,0.14090177133655393,1.1003757380568975
38,23.74530327428878,36.594202898550726,31.226516371443907,2.831454643048846,1.1607622114868492,3.3682232957595275,0.05367686527106817,,1.0198604401502953
39,23.97342995169082,36.533816425120776,31.0654857756307,2.831454643048846,1.1607622114868492,3.361513687600644,0.05367686527106817,,1.0198604401502953
40,16.626409017713364,47.517444981213096,27.737520128824478,2.522812667740204,1.1607622114868492,3.361513687600644,0.05367686527106817,,1.0198604401502953
41,16.686795491143318,46.73913043478261,26.422436929683307,4.42163177670424,1.3083735909822867,3.361513687600644,0.05367686527106817,,1.0064412238325282
42,16.988727858293075,45.98765432098765,25.865539452495973,4.562533548040794,2.314814814814815,3.227321524422974,0.05367686527106817,,0.9997316156736447
43,17.19001610305958,45.860171765968865,25.79844337090714,4.555823939881911,2.314814814814815,3.227321524422974,0.05367686527106817,,0.9997316156736447
44,16.0829307568438,45.772946859903385,27.61003757380569,4.4820182501341925,2.314814814814815,2.6838432635534084,0.05367686527106817,,0.9997316156736447
45,16.525764895330113,45.48443370907139,27.482555018786904,4.4820182501341925,2.2879763821792807,2.6838432635534084,0.05367686527106817,,0.9997316156736447
46,16.23725174449812,41.00912506709608,32.56843800322061,4.441760601180891,2.0128824476650564,2.6838432635534084,0.05367686527106817,,0.9930220075147611
47,16.59286097691895,40.80112721417069,32.48121309715513,4.414922168545357,1.9793344068706387,2.6838432635534084,0.05367686527106817,,0.9930220075147611
48,16.774020397208805,40.62667740203972,32.387278582930755,4.502147074610843,1.9793344068706387,2.6838432635534084,0.05367686527106817,,0.9930220075147611
49,15.526033279656469,33.03811057434246,43.31052066559313,3.3279656468062266,1.2077294685990339,2.623456790123457,0.04696725711218465,,0.9192163177670424
50,15.801127214170693,32.88378958668814,43.18974771873322,3.3279656468062266,1.2077294685990339,2.623456790123457,0.04696725711218465,,0.9192163177670424
51,16.317767042404725,32.52147074610843,42.914653784219,3.3279656468062266,1.328502415458937,2.623456790123457,0.04696725711218465,,0.9192163177670424
52,16.391572732152444,31.863929146537842,45.67230273752013,1.1607622114868492,1.328502415458937,2.509393451422437,0.18115942028985507,,0.8923778851315083
53,16.941760601180892,31.635802469135804,45.410628019323674,1.1607622114868492,1.3150831991411702,2.462426194310252,0.18115942028985507,,0.8923778851315083
54,17.344337090713903,31.44122383252818,45.20263016639828,1.1607622114868492,1.3150831991411702,2.462426194310252,0.18115942028985507,,0.8923778851315083
55,17.60601180891036,31.239935587761675,45.148953301127214,1.1607622114868492,1.3150831991411702,2.4557165861513686,0.18115942028985507,,0.8923778851315083
56,15.056360708534621,29.26731078904992,49.83225979602791,1.1607622114868492,1.3150831991411702,2.428878153515835,0.04696725711218465,,0.8923778851315083
57,15.331454643048845,29.21363392377885,49.61084272678475,1.1607622114868492,1.3150831991411702,2.428878153515835,0.04696725711218465,,0.8923778851315083
58,15.425389157273216,27.375201288244767,52.12023617820719,1.0198604401502953,1.2949543746645196,1.8250134192163177,0.04696725711218465,,0.8923778851315083
59,15.660225442834138,27.32823403113258,51.94578636607622,1.0198604401502953,1.2949543746645196,1.8115942028985508,0.04696725711218465,,0.8923778851315083
60,15.94873859366613,27.214170692431562,51.77133655394525,1.0198604401502953,1.2949543746645196,1.8115942028985508,0.04696725711218465,,0.8923778851315083
61,16.317767042404725,27.160493827160494,51.54320987654321,1.0131508319914118,1.2345679012345678,1.7914653784219001,0.04696725711218465,,0.8923778851315083
62,16.680085882984432,27.073268921095007,51.07353730542136,1.0131508319914118,1.2345679012345678,1.7646269457863661,0.2683843263553409,,0.8923778851315083
63,16.941760601180892,26.918947933440688,50.85882984433709,1.0131508319914118,1.2345679012345678,1.7646269457863661,0.3757380568974772,,0.8923778851315083
64,17.317498658078367,26.80488459473967,50.597155126140635,1.0131508319914118,1.2345679012345678,1.7646269457863661,0.3757380568974772,,0.8923778851315083
65,17.847557702630166,26.576757917337627,50.295222758990874,1.0131508319914118,1.2345679012345678,1.7646269457863661,0.3757380568974772,,0.8923778851315083
66,16.841116478797638,26.214439076757916,45.65888352120236,0.6910896403650026,1.2345679012345678,7.977724100912507,0.3757380568974772,,1.0064412238325282
67,17.143048845947398,26.187600644122384,45.450885668276975,0.6843800322061192,1.221148684916801,7.930756843800322,0.3757380568974772,,1.0064412238325282
68,17.579173376274827,26.073537305421365,44.34380032206119,1.6371443907675791,1.221148684916801,7.776435856146001,0.3757380568974772,,0.9930220075147611
69,17.934782608695652,26.060118089103597,43.80032206119163,1.5432098765432098,1.221148684916801,7.729468599033816,0.7179280730005367,,0.9930220075147611
70,17.92807300053677,25.40257648953301,43.625872249060656,2.442297369833602,1.221148684916801,7.669082125603865,0.7179280730005367,,0.9930220075147611
71,17.76033279656468,24.48336017176597,37.43961352657005,2.214170692431562,1.221148684916801,15.170424047235642,0.7179280730005367,,0.9930220075147611
72,17.954911433172303,24.3894256575416,37.41277509393451,2.1940418679549114,1.2077294685990339,15.13016639828234,0.7179280730005367,,0.9930220075147611
73,18.230005367686527,24.355877616747183,37.23161567364466,2.1940418679549114,1.2077294685990339,15.103327965646805,0.6977992485238862,,0.9796027911969941
74,18.53864734299517,24.168008588298445,37.151100375738054,2.1940418679549114,1.2077294685990339,15.076489533011273,0.6977992485238862,,0.966183574879227
75,18.666129898013956,24.154589371980677,37.09742351046699,2.1940418679549114,1.2077294685990339,15.01610305958132,0.6977992485238862,,0.966183574879227
76,19.00161030595813,23.906333870101985,41.237251744498124,2.0933977455716586,1.2077294685990339,10.547504025764896,1.0399892646269457,,0.966183574879227
77,19.545088566827697,23.79898013955985,40.86822329575953,2.0933977455716586,1.2077294685990339,10.50053676865271,1.0198604401502953,,0.966183574879227
78,19.89398819108964,23.758722490606548,40.51932367149758,2.0933977455716586,1.3150831991411702,10.433440687063875,1.0198604401502953,,0.966183574879227
79,14.217659688674182,25.241545893719806,37.69457863660762,2.01959205582394,1.1272141706924315,17.941492216854535,0.9594739667203436,,0.798443370907139
80,14.304884594739667,25.161030595813205,36.9296833064949,2.0128824476650564,2.1068169618894257,17.726784755770264,0.9594739667203436,,0.798443370907139
81,14.465915190552872,25.10064412238325,36.520397208803004,2.0128824476650564,2.1068169618894257,17.746913580246915,1.247987117552335,,0.798443370907139
82,13.264895330112722,22.436929683306495,39.861782071927,3.4621578099838968,1.9256575415995705,17.136339237788512,1.247987117552335,,0.6642512077294686
83,13.600375738056897,22.262479871175522,39.84836285560923,3.374932903918411,1.9256575415995705,17.07595276435856,1.247987117552335,,0.6642512077294686
84,13.982823403113258,22.25577026301664,39.63365539452496,3.307836822329576,1.90552871712292,17.002147074610843,1.247987117552335,,0.6642512077294686
85,14.358561460010735,22.061191626409016,39.371980676328505,3.307836822329576,1.8719806763285025,16.988727858293075,1.247987117552335,,0.7917337627482555
86,14.566559312936125,20.719269994632313,39.2512077294686,3.307836822329576,1.8719806763285025,16.472088030059044,1.247987117552335,,2.563070316693505
87,14.841653247450349,20.571658615136876,39.15727321524423,3.294417606011809,1.8719806763285025,16.451959205582394,1.247987117552335,,2.563070316693505
88,15.210681696188942,20.41062801932367,38.989533011272144,3.180354267310789,1.8719806763285025,16.411701556629094,1.221148684916801,,2.703972088030059
89,15.747450348899624,20.28985507246377,37.92941492216855,2.945517981749866,1.8719806763285025,16.035963499731615,1.3620504562533549,,3.8177670424047236
90,16.069511540526033,20.175791733762747,37.714707461084274,2.9388083735909825,1.9860440150295222,15.94873859366613,1.3620504562533549,,3.8043478260869565
91,16.25067096081589,20.155662909286097,37.6610305958132,2.9388083735909825,1.9860440150295222,15.901771336553946,1.3352120236178207,,3.770799785292539
92,15.331454643048845,20.101986044015028,40.83467525496511,2.9388083735909825,1.9860440150295222,14.13714439076758,0.8990874932903918,,3.770799785292539
93,15.653515834675256,19.538378958668815,38.687600644122384,3.260869565217391,1.9122383252818036,16.13660762211487,1.0399892646269457,,3.770799785292539
94,16.049382716049383,19.43773483628556,38.58695652173913,3.180354267310789,1.9122383252818036,16.049382716049383,1.0399892646269457,,3.743961352657005
95,16.465378421900162,19.30354267310789,38.34541062801932,3.180354267310789,2.1940418679549114,15.780998389694043,1.0399892646269457,,3.6902844873859366
96,15.94873859366613,17.404723564143854,37.96967257112185,3.1602254428341383,2.1940418679549114,18.592324208266238,1.0399892646269457,,3.6902844873859366
97,16.25738056897477,17.371175523349436,37.8690284487386,3.1602254428341383,2.167203435319377,18.471551261406333,1.0399892646269457,,3.6634460547504024
98,16.71363392377885,17.250402576489535,37.66774020397209,3.1535158346752548,2.167203435319377,18.344068706387546,1.0399892646269457,,3.6634460547504024
99,16.888083735909824,17.196725711218466,37.58722490606549,3.1535158346752548,2.1403650026838434,18.33064949006978,1.0399892646269457,,3.6634460547504024
100,17.324208266237253,17.05582393988191,37.432903918411164,3.1535158346752548,2.13365539452496,18.19645732689211,1.0399892646269457,,3.6634460547504024
101,17.52549651100376,16.935050993022006,37.41277509393451,3.1535158346752548,2.13365539452496,18.136070853462158,1.0399892646269457,,3.6634460547504024
102,14.848362855609233,13.009930220075148,48.82581857219538,2.7844873859366612,1.8988191089640365,14.023081052066559,1.0131508319914118,,3.5963499731615673
103,15.076489533011273,12.909286097691895,48.14143853998927,2.7844873859366612,1.8988191089640365,13.647342995169081,1.0131508319914118,,4.528985507246377
104,14.251207729468598,17.183306494900698,44.296833064949006,1.710950080515298,1.5365002683843263,16.67337627482555,0.7917337627482555,,3.556092324208266
105,14.593397745571659,17.11621041331186,44.18947933440687,1.6572732152442298,1.5297906602254427,16.57944176060118,0.7917337627482555,,3.5426731078904994
106,15.13016639828234,16.760601180891037,43.65942028985507,1.6572732152442298,2.1739130434782608,16.492216854535695,0.7917337627482555,,3.33467525496511
107,15.660225442834138,16.59286097691895,42.612721417069245,1.6438539989264627,2.1739130434782608,16.27079978529254,1.7310789049919484,,3.3145464304884595
108,15.787707997852925,16.566022544283413,42.599302200751474,1.6438539989264627,2.147074610842727,16.210413311862588,1.7310789049919484,,3.3145464304884595
109,16.14331723027375,16.431830381105744,42.53891572732152,1.6438539989264627,2.147074610842727,16.049382716049383,1.7310789049919484,,3.3145464304884595
110,16.284219001610307,16.317767042404725,42.31749865807837,1.6438539989264627,2.791196994095545,15.653515834675256,1.7310789049919484,,3.260869565217391
111,16.70692431561997,15.271068169618895,42.13633923778851,1.6438539989264627,3.7573805689747717,15.566290928609769,1.6975308641975309,,3.2206119162640903
112,16.948470209339774,15.250939345142244,41.55260332796565,1.6438539989264627,3.7573805689747717,15.49248523886205,2.1403650026838434,,3.2139023081052067
113,17.270531400966185,15.210681696188942,41.30434782608695,1.6438539989264627,3.81105743424584,15.438808373590982,2.1068169618894257,,3.2139023081052067
114,17.599302200751477,15.177133655394526,41.196994095544824,1.5901771336553945,3.7909286097691894,15.324745034889963,2.1068169618894257,,3.2139023081052067
115,17.96833064949007,15.177133655394526,40.84138486312399,1.5901771336553945,3.656736446591519,15.324745034889963,2.1068169618894257,,3.33467525496511
116,18.451422436929683,15.136876006441224,40.54616210413312,1.5901771336553945,3.656736446591519,15.217391304347826,2.0665593129361244,,3.33467525496511
117,18.853998926462694,14.949006977992486,40.49248523886205,1.5767579173376274,3.5829307568438002,15.143585614600108,2.0665593129361244,,3.33467525496511
118,19.363929146537842,14.88191089640365,40.07648953301127,1.570048309178744,3.5829307568438002,15.022812667740205,2.0665593129361244,,3.435319377348363
119,19.652442297369834,14.861782071927,39.821524422973695,1.570048309178744,3.5829307568438002,15.01610305958132,2.059849704777241,,3.435319377348363
120,17.156468062265162,14.781266774020397,47.58454106280193,1.570048309178744,4.736983360171766,11.305689747718732,0.3421900161030596,,2.522812667740204
121,17.53220611916264,14.76784755770263,47.32957595276436,1.570048309178744,4.656468062265164,11.305689747718732,0.3421900161030596,,2.49597423510467
122,17.881105743424584,14.660493827160494,47.128287707997856,1.570048309178744,4.62962962962963,11.292270531400966,0.3421900161030596,,2.49597423510467
123,17.53220611916264,13.88888888888889,46.806226516371446,5.4616210413311865,4.522275899087493,8.957326892109501,0.3421900161030596,,2.4892646269457863
124,16.961889425657542,13.848631239935587,49.664519592055825,4.7101449275362315,4.522275899087493,8.011272141706923,0.3421900161030596,,1.9390767579173376
125,17.236983360171767,13.848631239935587,49.483360171765966,4.656468062265164,4.522275899087493,8.011272141706923,0.3421900161030596,,1.8988191089640365
126,17.351046698872786,13.83521202361782,49.44981213097155,4.622920021470746,4.522275899087493,7.98443370907139,0.3421900161030596,,1.892109500805153
127,17.53220611916264,13.801663982823403,49.31561996779388,4.609500805152979,4.522275899087493,7.98443370907139,0.3421900161030596,,1.892109500805153
128,17.807300053676865,13.774825550187868,49.18142780461621,4.5893719806763285,4.522275899087493,7.890499194847021,0.3421900161030596,,1.892109500805153
129,18.209876543209877,13.694310252281268,48.993558776167475,4.455179817498658,4.522275899087493,7.890499194847021,0.3421900161030596,,1.892109500805153
130,18.45813204508857,13.694310252281268,48.22866344605475,5.0993022007514766,4.522275899087493,7.763016639828234,0.3421900161030596,,1.892109500805153
131,18.65271068169619,13.694310252281268,48.060923242082666,5.0993022007514766,4.49543746645196,7.763016639828234,0.3421900161030596,,1.892109500805153
132,18.276972624798713,13.385668276972625,45.69243156199678,5.0993022007514766,4.448470209339774,10.86285560923242,0.46296296296296297,,1.7713365539452497
133,17.47181964573269,11.037305421363392,51.939076757917334,3.5091250670960816,4.361245303274289,9.447128287707997,0.46296296296296297,,1.7713365539452497
134,17.793880837359097,10.950080515297907,50.97289318303811,4.334406870638754,4.280730005367687,9.433709071390231,0.46296296296296297,,1.7713365539452497
135,18.04213633923779,10.916532474503489,50.81186258722491,4.334406870638754,4.280730005367687,9.380032206119163,0.46296296296296297,,1.7713365539452497
136,17.76033279656468,10.889694041867955,47.457058507783145,8.709071390230811,4.26731078904992,8.601717659688674,0.5434782608695652,,1.7713365539452497
137,18.06226516371444,10.815888352120236,47.26918947933441,8.78287707997853,4.233762748255502,8.521202361782072,0.5434782608695652,,1.7713365539452497
138,18.317230273752013,10.815888352120236,47.20209339774557,8.57487922705314,4.367954911433173,8.407139023081053,0.5434782608695652,,1.7713365539452497
139,18.605743424584006,10.695115405260333,46.786097691894796,8.57487922705314,4.1129898013955986,8.353462157809984,0.5434782608695652,,2.328234031132582
140,18.71309715512614,9.91009125067096,46.31642512077295,8.494363929146537,4.320987654320987,8.353462157809984,0.5904455179817498,,3.3011272141706924
141,18.9747718733226,9.896672034353195,46.10842726784756,8.467525496511003,4.320987654320987,8.340042941492216,0.5904455179817498,,3.3011272141706924
142,19.155931293612454,9.876543209876543,45.75281803542673,8.467525496511003,3.9184111647879765,8.279656468062266,0.5166398282340311,,4.032474503488996
143,18.297101449275363,9.809447128287708,49.382716049382715,7.64224369296833,2.7308105206655933,7.635534084809447,0.46967257112184646,,4.032474503488996
144,15.029522275899087,6.608964036500268,58.541331186258724,6.743156199677939,3.227321524422974,6.756575415995706,0.46967257112184646,,2.623456790123457
145,15.250939345142244,6.561996779388084,58.08507783145464,6.743156199677939,3.227321524422974,6.749865807836822,0.7783145464304885,,2.6033279656468062
146,15.747450348899624,6.561996779388084,57.67579173376275,6.66935050993022,3.227321524422974,6.736446591519055,0.7783145464304885,,2.6033279656468062
147,16.035963499731615,6.4412238325281805,57.50805152979066,6.588835212023618,3.361513687600644,6.6827697262479875,0.7783145464304885,,2.6033279656468062
148,16.23054213633924,6.421095008051529,57.427536231884055,6.588835212023618,3.321256038647343,6.629092860976919,0.7783145464304885,,2.6033279656468062
149,16.606280193236714,6.320450885668277,57.2061191626409,6.474771873322598,3.321256038647343,6.629092860976919,0.8655394524959742,,2.576489533011272
150,16.71363392377885,4.824208266237251,56.857219538378956,6.474771873322598,2.4154589371980677,9.460547504025765,0.8521202361782072,,2.4020397208803006
151,17.14975845410628,4.757112184648417,55.99838969404187,6.414385399892646,3.0193236714975846,9.420289855072463,0.8387010198604401,,2.4020397208803006
152,17.37788513150832,4.730273752012883,55.421363392377884,6.414385399892646,2.9723564143853998,9.333064949006978,1.3486312399355878,,2.4020397208803006
153,17.579173376274827,4.7101449275362315,54.790660225442835,6.099033816425121,3.455448201825013,9.205582393988191,1.4895330112721417,,2.6704240472356413
154,17.98845947396672,4.7101449275362315,54.468599033816425,6.078904991948471,3.455448201825013,9.138486312399356,1.4895330112721417,,2.6704240472356413
155,18.592324208266238,4.5893719806763285,54.08615136876006,6.038647342995169,3.44873859366613,9.084809447128288,1.4895330112721417,,2.6704240472356413
156,19.16935050993022,4.5893719806763285,53.616478797638216,6.038647342995169,3.435319377348363,8.99087493290392,1.4895330112721417,,2.6704240472356413
157,17.69994632313473,3.9720880300590444,57.13231347289318,4.884594739667204,3.4286097691894795,8.923778851315083,1.3955984970477724,,2.563070316693505
158,18.02200751476114,3.9720880300590444,56.85050993022008,4.884594739667204,3.3950617283950617,8.917069243156199,1.3955984970477724,,2.563070316693505
159,18.592324208266238,3.938539989264627,56.494900697799245,4.864465915190553,3.2877079978529253,8.863392377885132,1.3955984970477724,,2.563070316693505
160,18.907675791733762,3.9184111647879765,56.34057971014493,4.864465915190553,3.2206119162640903,8.789586688137414,1.3955984970477724,,2.563070316693505
161,18.189747718733226,3.4957058507783145,60.299248523886206,5.924584004294149,2.831454643048846,6.689479334406871,1.288244766505636,,1.2815351583467525
162,18.256843800322063,3.4822866344605474,57.809983896940416,5.924584004294149,5.293880837359098,6.662640901771336,1.288244766505636,,1.2815351583467525
163,18.820450885668276,3.455448201825013,57.37385936661299,5.917874396135265,5.152979066022544,6.508319914117015,1.288244766505636,,1.482823403113258
164,19.35721953837896,3.421900161030596,56.998121309715515,5.877616747181965,5.132850241545894,6.4412238325281805,1.288244766505636,,1.482823403113258
165,19.45786366076221,3.3950617283950617,56.89076757917338,5.870907139023081,5.052334943639291,6.4412238325281805,1.2681159420289856,,1.6237251744498122
166,19.766505636070853,3.3548040794417604,56.64251207729468,5.864197530864198,5.052334943639291,6.4345142243692965,1.2681159420289856,,1.6170155662909287
167,20.068438003220614,3.3413848631239937,56.447933440687066,5.864197530864198,5.025496511003757,6.400966183574879,1.2681159420289856,,1.583467525496511
168,20.209339774557165,3.307836822329576,56.407675791733766,5.850778314546431,5.025496511003757,6.347289318303811,1.2681159420289856,,1.583467525496511
169,20.30998389694042,3.307836822329576,56.38083735909823,5.83064949006978,5.018786902844874,6.347289318303811,1.2681159420289856,,1.5365002683843263
170,20.148953301127214,3.260869565217391,59.23913043478261,5.46833064949007,2.7777777777777777,6.320450885668277,1.2681159420289856,,1.5163714439076759
171,19.565217391304348,3.260869565217391,50.28180354267311,4.9718196457326895,2.3617820719269993,16.914922168545356,1.2681159420289856,,1.3754696725711217
172,20.377079978529252,3.260869565217391,49.86580783682233,4.918142780461621,2.3617820719269993,16.6129898013956,1.2278582930756843,,1.3754696725711217
173,20.585077831454644,3.260869565217391,49.69135802469136,4.918142780461621,2.3617820719269993,16.57944176060118,1.2278582930756843,,1.3754696725711217
174,20.947396672034355,3.260869565217391,49.422973698336016,4.918142780461621,2.3617820719269993,16.492216854535695,1.2278582930756843,,1.3687600644122384
175,21.061460010735374,3.2206119162640903,49.12775093934514,4.87788513150832,2.2879763821792807,16.451959205582394,1.2278582930756843,,1.7444981213097155
176,21.30300590445518,3.207192699946323,48.97342995169082,4.85775630703167,2.2879763821792807,16.210413311862588,1.4358561460010735,,1.724369296833065
177,21.497584541062803,3.207192699946323,48.83252818035427,4.830917874396135,2.2879763821792807,16.183574879227052,1.4358561460010735,,1.724369296833065
178,21.967257112184647,3.180354267310789,48.62453032742888,4.797369833601718,2.2410091250670963,16.0426731078905,1.4224369296833066,,1.724369296833065
179,22.396672034353195,3.180354267310789,48.32259796027912,4.783950617283951,2.2410091250670963,15.92860976918948,1.4224369296833066,,1.724369296833065
180,22.61808910359635,3.180354267310789,48.16156736446592,4.783950617283951,2.2410091250670963,15.868223295759528,1.4224369296833066,,1.724369296833065
181,22.624798711755233,3.180354267310789,47.87976382179281,4.783950617283951,2.059849704777241,15.774288781535159,1.5297906602254427,,2.167203435319377
182,22.65834675254965,3.180354267310789,47.77241009125067,4.783950617283951,2.1940418679549114,15.713902308105206,1.5297906602254427,,2.167203435319377
183,22.893183038110575,3.180354267310789,47.55099302200752,4.783950617283951,2.1940418679549114,15.70048309178744,1.5297906602254427,,2.167203435319377
184,21.195652173913043,2.4490069779924855,50.375738056897475,4.5893719806763285,2.187332259796028,15.552871712292003,1.4962426194310252,,2.15378421900161
185,21.598228663446054,2.4490069779924855,50.28180354267311,4.5893719806763285,2.1739130434782608,15.291196994095545,1.4626945786366077,,2.15378421900161
186,22.08132045088567,2.4490069779924855,50.06038647342995,4.549114331723027,2.147074610842727,15.096618357487923,1.4626945786366077,,2.15378421900161
187,22.436929683306495,2.4355877616747184,49.71148684916801,4.508856682769726,2.281266774020397,15.042941492216855,1.42914653784219,,2.15378421900161
188,22.57783145464305,2.4355877616747184,49.624261943102525,4.508856682769726,2.26784755770263,15.002683843263553,1.42914653784219,,2.15378421900161
189,22.624798711755233,2.4221685453569513,49.4296833064949,4.49543746645196,2.24771873322598,15.069779924852389,1.42914653784219,,2.281266774020397
190,22.859634997316157,2.408749329039184,49.261943102522814,4.468599033816425,2.2410091250670963,15.063070316693505,1.415727321524423,,2.281266774020397
191,22.27589908749329,2.3550724637681157,50.66425120772947,4.126409017713366,2.1269457863660763,14.781266774020397,1.415727321524423,,2.254428341384863
192,22.765700483091788,2.3550724637681157,50.4898013955985,4.019055287171229,2.0263016639828235,14.707461084272678,1.3888888888888888,,2.24771873322598
193,22.926731078904993,2.3550724637681157,49.97987117552335,4.019055287171229,2.3752012882447664,14.707461084272678,1.3888888888888888,,2.24771873322598
194,20.585077831454644,2.13365539452496,45.269726247987116,2.6704240472356413,2.1269457863660763,23.758722490606548,1.3888888888888888,,2.0665593129361244
195,20.9272678475577,2.120236178207193,45.04830917874396,2.6704240472356413,2.1135265700483092,23.517176596886742,1.5365002683843263,,2.0665593129361244
196,21.115136876006442,2.1135265700483092,44.900697799248526,2.6704240472356413,2.1135265700483092,23.483628556092324,1.5365002683843263,,2.0665593129361244
197,21.235909822866343,2.100107353730542,44.860440150295226,2.6704240472356413,2.1135265700483092,23.416532474503487,1.5365002683843263,,2.0665593129361244
198,21.544551798174986,2.033011272141707,44.538378958668815,2.6704240472356413,2.2342995169082127,23.295759527643586,1.42914653784219,,2.254428341384863
199,21.93370907139023,2.033011272141707,44.39076757917338,2.6502952227589907,2.2342995169082127,23.07434245840043,1.42914653784219,,2.254428341384863
200,22.108158883521202,2.033011272141707,43.75335480407944,2.5831991411701556,2.227589908749329,23.013955984970476,1.5163714439076759,,2.7643585614600106
201,22.302737520128826,2.033011272141707,43.02871712292002,2.5831991411701556,2.227589908749329,22.946859903381643,1.4090177133655395,,3.4688674181427803
202,21.537842190016104,2.033011272141707,40.02952227589909,6.481481481481482,2.2208803005904456,22.819377348362856,1.4090177133655395,,3.4688674181427803
203,21.926999463231347,2.033011272141707,39.93558776167472,6.374127750939345,2.200751476113795,22.75228126677402,1.3352120236178207,,3.4420289855072466
204,22.48389694041868,2.033011272141707,39.231078904991946,6.320450885668277,2.4825550187869028,22.69189479334407,1.328502415458937,,3.4286097691894795
205,22.745571658615138,2.033011272141707,39.02308105206656,6.320450885668277,2.4825550187869028,22.638217928073,1.328502415458937,,3.4286097691894795
206,23.221953837895867,1.9524959742351047,38.73456790123457,5.9514224369296835,2.9253891572732154,22.5577026301664,1.3217928073000538,,3.33467525496511
207,23.409822866344605,1.9524959742351047,38.63392377885131,5.9514224369296835,2.9052603327965647,22.490606548577563,1.3217928073000538,,3.33467525496511
208,23.63123993558776,1.9524959742351047,38.20450885668277,5.9447128287707995,3.0327428878153517,22.33628556092324,1.5633387010198605,,3.33467525496511
209,23.919753086419753,1.9524959742351047,38.077026301663984,5.9447128287707995,3.0327428878153517,22.20209339774557,1.5633387010198605,,3.307836822329576
210,24.20155662909286,1.9524959742351047,37.92941492216855,5.9447128287707995,3.0327428878153517,22.088030059044552,1.5432098765432098,,3.307836822329576
211,24.194847020933977,1.9524959742351047,37.11755233494364,5.9447128287707995,3.0327428878153517,23.396403650026837,1.5432098765432098,,2.818035426731079
212,24.295491143317232,1.932367149758454,37.084004294149224,5.9447128287707995,3.166935050993022,23.255501878690286,1.5230810520665594,,2.7979066022544283
213,24.396135265700483,1.932367149758454,36.82903918411165,5.931293612453032,3.730542136339238,22.65834675254965,1.5230810520665594,0.2147074610842727,2.7844873859366612
214,24.691358024691358,1.8988191089640365,36.68813741277509,5.904455179817498,3.7775093934514223,22.584541062801932,1.5230810520665594,0.1878690284487386,2.7442297369833604
215,24.966451959205582,1.8988191089640365,36.58749329039184,5.837359098228664,3.7775093934514223,22.517444981213096,1.4962426194310252,0.1878690284487386,2.7308105206655933
216,25.234836285560924,1.8988191089640365,36.46672034353194,5.837359098228664,3.7372517444981215,22.41009125067096,1.4962426194310252,0.1878690284487386,2.7308105206655933
217,25.597155126140635,1.8988191089640365,36.42646269457864,5.837359098228664,3.730542136339238,22.094739667203434,1.4962426194310252,0.1878690284487386,2.7308105206655933
218,25.845410628019323,1.8988191089640365,36.40633387010199,5.837359098228664,3.730542136339238,21.920289855072465,1.482823403113258,0.18115942028985507,2.6972624798711755
219,25.95276435856146,1.8988191089640365,36.3593666129898,5.837359098228664,3.7037037037037037,21.886741814278047,1.482823403113258,0.18115942028985507,2.6972624798711755
220,26.42914653784219,1.8988191089640365,36.05743424584004,5.790391841116479,3.7037037037037037,21.77938808373591,1.4626945786366077,0.18115942028985507,2.6972624798711755
221,26.617015566290927,1.8988191089640365,35.77563070316693,6.038647342995169,3.603059581320451,21.73913043478261,1.4626945786366077,0.18115942028985507,2.6838432635534084
222,26.7914653784219,1.8786902844873858,35.7085346215781,6.038647342995169,3.5628019323671496,21.72571121846484,1.4626945786366077,0.18115942028985507,2.6502952227589907
223,27.03972088030059,1.8786902844873858,35.53408480944713,6.038647342995169,3.5628019323671496,21.651905528717123,1.4626945786366077,0.18115942028985507,2.6502952227589907
224,27.63016639828234,1.8786902844873858,35.12479871175523,6.038647342995169,3.488996242619431,21.55126140633387,1.4559849704777241,0.18115942028985507,2.6502952227589907
225,27.851583467525497,1.8585614600107354,34.77589908749329,5.9447128287707995,3.7573805689747717,21.531132581857218,1.4492753623188406,0.18115942028985507,2.6502952227589907
226,28.06629092860977,1.8451422436929683,34.084809447128286,5.891035963499732,4.508856682769726,21.336553945249598,1.4358561460010735,0.18115942028985507,2.6502952227589907
227,27.314814814814813,1.7579173376274826,35.98362855609233,6.588835212023618,4.49543746645196,20.041599570585078,1.4761137949543746,0.18115942028985507,2.1604938271604937
228,27.865002683843265,1.7579173376274826,35.84272678475577,6.481481481481482,4.49543746645196,19.77992485238862,1.4761137949543746,0.18115942028985507,2.120236178207193
229,28.14009661835749,1.7579173376274826,35.648148148148145,6.481481481481482,4.4820182501341925,19.712828770799785,1.4761137949543746,0.18115942028985507,2.120236178207193
230,28.535963499731615,1.6841116478797638,35.507246376811594,6.461352657004831,4.435050993022007,19.598765432098766,1.4761137949543746,0.18115942028985507,2.120236178207193
231,28.63660762211487,1.6706924315619969,35.43344068706388,6.447933440687064,4.435050993022007,19.598765432098766,1.4761137949543746,0.18115942028985507,2.120236178207193
232,28.985507246376812,1.6639828234031133,35.198604401502955,6.394256575415996,4.42163177670424,19.558507783145465,1.4761137949543746,0.18115942028985507,2.120236178207193
233,29.07944176060118,1.6639828234031133,34.96376811594203,6.333870101986044,4.643048845947397,19.558507783145465,1.4761137949543746,0.18115942028985507,2.100107353730542
234,29.260601180891037,1.6639828234031133,34.86312399355877,6.327160493827161,4.643048845947397,19.484702093397747,1.4761137949543746,0.18115942028985507,2.100107353730542
235,29.59608158883521,1.6639828234031133,34.74906065485776,6.327160493827161,4.616210413311863,19.290123456790123,1.4761137949543746,0.18115942028985507,2.100107353730542
236,29.891304347826086,1.6639828234031133,34.54777241009125,6.327160493827161,4.616210413311863,19.202898550724637,1.4761137949543746,0.18115942028985507,2.0933977455716586
237,29.904723564143854,1.5499194847020934,34.306226516371446,6.327160493827161,4.5960815888352125,19.00161030595813,1.4694041867954912,0.1610305958132045,2.6838432635534084
238,29.837627482555018,1.5297906602254427,34.09822866344606,6.327160493827161,4.582662372517445,18.988191089640367,1.4694041867954912,0.1610305958132045,3.0059044551798175
239,30.18652710681696,1.5230810520665594,33.93719806763285,6.300322061191626,4.53569511540526,18.88083735909823,1.4694041867954912,0.1610305958132045,3.0059044551798175
240,28.535963499731615,1.4895330112721417,36.32581857219538,6.112453032742888,4.441760601180891,18.773483628556093,1.1674718196457328,0.1610305958132045,2.9924852388620504
241,28.931830381105744,1.4895330112721417,36.171497584541065,5.998389694041868,4.414922168545357,18.69296833064949,1.1540526033279657,0.1610305958132045,2.985775630703167
242,29.461889425657542,1.4895330112721417,35.46027911969941,5.9447128287707995,4.703435319377348,18.666129898013956,1.1272141706924315,0.1610305958132045,2.985775630703167
243,29.7638217928073,1.4895330112721417,35.21202361782072,5.924584004294149,4.683306494900698,18.65271068169619,1.1272141706924315,0.1610305958132045,2.985775630703167
244,30.119431025228128,1.4895330112721417,35.10466988727858,5.904455179817498,4.683306494900698,18.46484165324745,1.107085346215781,0.1610305958132045,2.965646806226516
245,30.22007514761138,1.4895330112721417,34.98389694041868,5.904455179817498,4.643048845947397,18.46484165324745,1.1003757380568975,0.1610305958132045,3.0327428878153517
246,30.50187869028449,1.482823403113258,34.78260869565217,5.790391841116479,4.5893719806763285,18.189747718733226,1.2412775093934514,0.1610305958132045,3.260869565217391
247,30.723295759527645,1.482823403113258,34.655126140633385,5.790391841116479,4.555823939881911,18.16290928609769,1.221148684916801,0.1610305958132045,3.2474503488996245
248,30.911164787976382,1.482823403113258,34.58132045088567,5.790391841116479,4.555823939881911,18.075684380032207,1.1943102522812667,0.1610305958132045,3.2474503488996245
249,31.293612453032743,1.4492753623188406,34.35990338164251,5.790391841116479,4.549114331723027,17.98174986580784,1.1943102522812667,0.1610305958132045,3.2206119162640903
250,31.45464304884595,1.4492753623188406,34.09822866344606,5.790391841116479,4.683306494900698,17.961621041331185,1.1808910359634996,0.1610305958132045,3.2206119162640903
251,32.03166935050993,1.4492753623188406,33.81642512077295,5.790391841116479,4.676596886741814,17.800590445517983,1.1137949543746646,0.1610305958132045,3.1602254428341383
252,32.27321524422974,1.4492753623188406,33.702361782071925,5.776972624798712,4.64975845410628,17.713365539452496,1.1137949543746646,0.1610305958132045,3.1602254428341383
253,32.55501878690284,1.415727321524423,33.621846484165324,5.683038110574342,4.636339237788513,17.652979066022546,1.1137949543746646,0.1610305958132045,3.1602254428341383
254,32.7361782071927,1.415727321524423,33.5077831454643,5.656199677938808,4.5960815888352125,17.652979066022546,1.1137949543746646,0.1610305958132045,3.1602254428341383
255,32.50805152979066,1.4090177133655395,33.17901234567901,5.629361245303274,5.233494363929147,17.62614063338701,1.1137949543746646,0.1610305958132045,3.140096618357488
256,32.48792270531401,1.4090177133655395,33.07836822329576,5.622651637144391,5.374396135265701,17.51207729468599,1.107085346215781,0.27509393451422437,3.1333870101986045
257,32.67579173376275,1.4090177133655395,32.776435856146,5.589103596349974,5.709876543209877,17.337627482555018,1.107085346215781,0.27509393451422437,3.1199677938808374
258,32.87707997852925,1.4090177133655395,32.776435856146,5.58239398819109,5.709876543209877,17.143048845947398,1.107085346215781,0.27509393451422437,3.1199677938808374
259,33.111916264090176,1.3821792807300053,32.72275899087493,5.58239398819109,5.709876543209877,16.988727858293075,1.107085346215781,0.27509393451422437,3.1199677938808374
260,33.53462157809984,1.3821792807300053,32.628824476650564,5.5689747718733225,5.669618894256575,16.720343531937736,1.107085346215781,0.27509393451422437,3.113258185721954
