,45,50,55,51,52,54,53,56,57,58,59,60,46,61,48,47
0,91.09634997316157,8.883521202361782,0.020128824476650563,,,,,,,,,,,,,
1,88.52657004830918,11.292270531400966,0.03354804079441761,0.04696725711218465,0.06709608158883522,0.03354804079441761,,,,,,,,,,
2,76.67740203972087,23.09447128287708,0.0939345142243693,0.04696725711218465,0.05367686527106817,0.03354804079441761,,,,,,,,,,
3,73.00053676865271,26.549919484702095,0.24825550187869028,0.07380568974771873,0.06709608158883522,0.06038647342995169,,,,,,,,,,
4,70.16908212560386,29.240472356414386,0.38915727321524424,0.07380568974771873,0.06709608158883522,0.06038647342995169,,,,,,,,,,
5,67.59930220075148,31.756575415995705,0.41599570585077833,0.07380568974771873,0.0939345142243693,0.06038647342995169,,,,,,,,,,
6,63.486312399355874,35.68840579710145,0.5568974771873323,0.11406333870101985,0.0939345142243693,0.06038647342995169,,,,,,,,,,
7,63.217928073000536,35.69511540526033,0.7112184648416533,0.1610305958132045,0.12077294685990338,0.0939345142243693,,,,,,,,,,
8,62.58722490606549,36.15807836822329,0.8454106280193237,0.19457863660762212,0.12077294685990338,0.0939345142243693,,,,,,,,,,
9,60.909822866344605,37.714707461084274,0.9728931830381106,0.19457863660762212,0.12077294685990338,0.06038647342995169,0.026838432635534086,,,,,,,,,
10,60.59447128287708,37.88244766505636,1.1003757380568975,0.18115942028985507,0.14090177133655393,0.06038647342995169,0.040257648953301126,,,,,,,,,
11,46.846484165324746,49.81884057971015,1.4895330112721417,1.6304347826086956,0.12077294685990338,0.05367686527106817,0.040257648953301126,,,,,,,,,
12,45.74610842726785,50.46967257112185,1.8048845947396672,1.6975308641975309,0.12077294685990338,0.10735373054213634,0.05367686527106817,,,,,,,,,
13,45.189210950080515,50.74476650563607,2.086688137412775,1.6908212560386473,0.1274825550187869,0.10735373054213634,0.05367686527106817,,,,,,,,,
14,45.128824476650564,50.54347826086956,2.2946859903381642,1.724369296833065,0.1274825550187869,0.10735373054213634,0.07380568974771873,,,,,,,,,
15,44.498121309715515,50.83870101986044,2.368491680085883,1.9860440150295222,0.1274825550187869,0.10735373054213634,0.07380568974771873,,,,,,,,,
16,44.357219538378956,50.70450885668277,2.6033279656468062,1.9994632313472893,0.1274825550187869,0.12077294685990338,0.08722490606548577,,,,,,,,,
17,44.196188942565755,50.697799248523886,2.757648953301127,1.9994632313472893,0.1274825550187869,0.13419216317767044,0.08722490606548577,,,,,,,,,
18,42.250402576489535,50.637412775093935,2.703972088030059,3.8378958668813743,0.1610305958132045,0.13419216317767044,0.2683843263553409,0.0067096081588835215,,,,,,,,
19,40.01610305958132,51.99946323134729,2.7979066022544283,4.582662372517445,0.1610305958132045,0.13419216317767044,0.30193236714975846,0.0067096081588835215,,,,,,,,
20,39.962426194310254,51.77133655394525,3.0193236714975846,4.5960815888352125,0.17444981213097155,0.14090177133655393,0.32877079978529256,0.0067096081588835215,,,,,,,,
21,37.5,53.743961352657,3.435319377348363,4.636339237788513,0.18115942028985507,0.14090177133655393,0.35560923242082665,0.0067096081588835215,,,,,,,,
22,37.513419216317764,53.4621578099839,3.7037037037037037,4.555823939881911,0.20128824476650564,0.14090177133655393,0.35560923242082665,0.05367686527106817,0.013419216317767043,,,,,,,
23,37.17122920021471,53.65002683843264,3.7775093934514223,4.555823939881911,0.1878690284487386,0.1610305958132045,0.4294149221685454,0.05367686527106817,0.013419216317767043,,,,,,,
24,36.85587761674718,53.153515834675254,4.26731078904992,4.87788513150832,0.20128824476650564,0.1610305958132045,0.41599570585077833,0.05367686527106817,0.013419216317767043,,,,,,,
25,35.38647342995169,54.09286097691895,4.790660225442834,4.810789049919484,0.20128824476650564,0.18115942028985507,0.4428341384863124,0.08051529790660225,0.013419216317767043,,,,,,,
26,35.35292538915727,53.86473429951691,4.998658078368224,4.74369296833065,0.20799785292538917,0.24154589371980675,0.49651100375738055,0.08051529790660225,0.013419216317767043,,,,,,,
27,34.0378421900161,52.05984970477724,5.12614063338701,7.474503488996243,0.20799785292538917,0.2683843263553409,0.7045088566827697,0.10735373054213634,0.013419216317767043,,,,,,,
28,29.200214707461082,57.17257112184648,5.018786902844874,7.353730542136339,0.18115942028985507,0.2214170692431562,0.6843800322061192,0.15432098765432098,0.013419216317767043,,,,,,,
29,28.690284487385938,57.53488996242619,5.0993022007514766,7.340311325818572,0.16774020397208803,0.322061191626409,0.6776704240472357,0.15432098765432098,0.013419216317767043,,,,,,,
30,26.382179280730007,45.34353193773484,3.824476650563607,23.242082662372518,0.16774020397208803,0.30864197530864196,0.5300590445517982,0.1878690284487386,0.013419216317767043,,,,,,,
31,26.35534084809447,45.35024154589372,3.8580246913580245,23.19511540526033,0.16774020397208803,0.322061191626409,0.5300590445517982,0.20799785292538917,0.013419216317767043,,,,,,,
32,26.194310252281266,45.410628019323674,3.9184111647879765,23.101180891035963,0.17444981213097155,0.35560923242082665,0.5233494363929146,0.30864197530864196,0.013419216317767043,,,,,,,
33,24.04723564143854,47.758990874932906,3.6902844873859366,23.13472893183038,0.1878690284487386,0.35560923242082665,0.4495437466451959,0.36231884057971014,0.013419216317767043,,,,,,,
34,22.65163714439077,47.08132045088567,3.7104133118625873,25.0805152979066,0.2214170692431562,0.36902844873859364,0.4495437466451959,0.4294149221685454,0.0067096081588835215,,,,,,,
35,22.65163714439077,46.88674181427805,3.878153515834675,24.832259796027913,0.2549651100375738,0.36902844873859364,0.48980139559849706,0.630703166935051,0.0067096081588835215,,,,,,,
36,21.390230810520666,49.053945249597426,3.9586688137412773,23.792270531400966,0.2549651100375738,0.36902844873859364,0.49651100375738055,0.6776704240472357,0.0067096081588835215,,,,,,,
37,19.79334406870639,47.074610842726784,4.019055287171229,27.2812667740204,0.23483628556092323,0.3757380568974772,0.49651100375738055,0.7179280730005367,0.0067096081588835215,,,,,,,
38,19.753086419753085,46.88003220611916,4.045893719806763,27.24771873322598,0.27509393451422437,0.4830917874396135,0.5636070853462157,0.7447665056360708,0.0067096081588835215,,,,,,,
39,17.404723564143854,41.532474503489,3.5963499731615673,26.96591519055287,8.601717659688674,0.49651100375738055,0.48980139559849706,0.8923778851315083,0.020128824476650563,,,,,,,
40,17.424852388620504,41.42512077294686,3.7775093934514223,24.805421363392377,8.541331186258722,0.47638217928073,2.5496511003757383,0.9192163177670424,0.08051529790660225,,,,,,,
41,17.236983360171767,39.21765968867418,3.7238325281803544,27.522812667740205,8.28636607622115,0.4428341384863124,2.509393451422437,0.9594739667203436,0.10064412238325282,,,,,,,
42,17.19001610305958,39.18411164787977,3.683574879227053,27.42216854535695,8.299785292538916,0.5233494363929146,2.576489533011272,1.0064412238325282,0.11406333870101985,,,,,,,
43,17.163177670424048,38.5601180891036,3.797638217928073,27.38191089640365,8.225979602791197,1.107085346215781,2.5831991411701556,1.0399892646269457,0.12077294685990338,0.013419216317767043,0.0067096081588835215,,,,,
44,17.163177670424048,38.43263553408481,3.8915727321524423,27.26113794954375,8.179012345679013,1.107085346215781,2.5966183574879227,1.1943102522812667,0.15432098765432098,0.013419216317767043,0.0067096081588835215,,,,,
45,17.19001610305958,38.31186258722491,3.9519592055823938,25.885668276972623,8.185721953837897,1.1406333870101986,3.7909286097691894,1.3821792807300053,0.14090177133655393,0.013419216317767043,0.0067096081588835215,,,,,
46,17.14975845410628,37.533548040794415,4.05931293612453,24.818840579710145,8.024691358024691,1.2010198604401503,5.662909286097692,1.328502415458937,0.20128824476650564,0.013419216317767043,0.0067096081588835215,,,,,
47,16.552603327965645,37.204777241009126,4.05931293612453,25.603864734299517,8.051529790660226,1.261406333870102,5.5756843800322065,1.3955984970477724,0.2214170692431562,0.06709608158883522,0.0067096081588835215,,,,,
48,16.183574879227052,35.77563070316693,4.0995705850778315,26.80488459473967,8.011272141706923,1.2815351583467525,5.810520665593129,1.6639828234031133,0.23483628556092323,0.1274825550187869,0.0067096081588835215,,,,,
49,15.331454643048845,34.64170692431562,4.086151368760064,28.529253891572733,7.427536231884058,1.2949543746645196,6.494900697799249,1.8183038110574343,0.24154589371980675,0.1274825550187869,0.0067096081588835215,,,,,
50,15.365002683843263,34.47396672034353,4.180085882984434,28.213902308105208,7.447665056360709,1.3083735909822867,6.729736983360172,1.90552871712292,0.24154589371980675,0.1274825550187869,0.0067096081588835215,,,,,
51,14.868491680085883,42.99516908212561,3.629898013955985,21.77938808373591,4.958400429414922,1.328502415458937,8.61513687600644,1.5163714439076759,0.18115942028985507,0.12077294685990338,0.0067096081588835215,,,,,
52,14.861782071927,42.84755770263017,3.7238325281803544,21.70558239398819,4.985238862050457,1.4090177133655395,8.608427267847558,1.5499194847020934,0.18115942028985507,0.12077294685990338,0.0067096081588835215,,,,,
53,14.875201288244767,42.673107890499196,3.864734299516908,21.712292002147073,4.944981213097155,1.4090177133655395,8.608427267847558,1.5767579173376274,0.20799785292538917,0.12077294685990338,0.0067096081588835215,,,,,
54,14.915458937198068,42.43827160493827,4.03918411164788,21.584809447128286,4.9718196457326895,1.415727321524423,8.55475040257649,1.6908212560386473,0.20799785292538917,0.17444981213097155,0.0067096081588835215,,,,,
55,12.077294685990339,43.00858829844337,3.938539989264627,22.7187332259796,1.6170155662909287,1.42914653784219,13.45276435856146,1.5633387010198605,0.11406333870101985,0.07380568974771873,0.0067096081588835215,,,,,
56,12.06387546967257,42.84084809447128,4.126409017713366,22.470477724100913,1.6975308641975309,1.402308105206656,13.378958668813741,1.7646269457863661,0.11406333870101985,0.13419216317767044,0.0067096081588835215,,,,,
57,12.00348899624262,42.632850241545896,4.26731078904992,22.19538378958669,1.6908212560386473,1.42914653784219,13.466183574879228,1.9524959742351047,0.11406333870101985,0.24154589371980675,0.0067096081588835215,,,,,
58,11.721685453569512,41.438539989264626,4.133118625872249,23.772141706924316,1.6774020397208802,1.4895330112721417,13.291733762748256,1.9390767579173376,0.11406333870101985,0.41599570585077833,0.0067096081588835215,,,,,
59,11.305689747718732,42.008856682769725,4.26731078904992,23.362855609232422,1.778046162104133,1.4761137949543746,13.18438003220612,2.059849704777241,0.11406333870101985,0.43612453032742887,0.0067096081588835215,,,,,
60,11.151368760064413,41.80756843800322,4.213633923778851,23.470209339774556,2.01959205582394,1.5163714439076759,13.103864734299517,2.0665593129361244,0.20128824476650564,0.4428341384863124,0.0067096081588835215,,,,,
61,10.379763821792807,36.862587224906065,3.9318303811057436,27.2812667740204,2.046430488459474,1.5029522275899088,15.103327965646805,2.120236178207193,0.20799785292538917,0.5233494363929146,0.040257648953301126,,,,,
62,10.38647342995169,36.68813741277509,4.032474503488996,27.17391304347826,2.01959205582394,1.5365002683843263,15.056360708534621,2.281266774020397,0.23483628556092323,0.5501878690284487,0.040257648953301126,,,,,
63,10.02415458937198,35.50053676865271,3.9519592055823938,28.24074074074074,2.7308105206655933,1.5163714439076759,15.002683843263553,2.1806226516371443,0.19457863660762212,0.6172839506172839,0.040257648953301126,,,,,
64,9.608158883521202,33.84997316156736,3.81105743424584,30.615942028985508,2.717391304347826,1.5096618357487923,14.761137949543746,2.2611379495437465,0.18115942028985507,0.644122383252818,0.040257648953301126,,,,,
65,9.594739667203436,33.76945786366076,3.9049919484702094,30.434782608695652,2.717391304347826,1.4895330112721417,14.754428341384862,2.3617820719269993,0.2214170692431562,0.7112184648416533,0.040257648953301126,,,,,
66,9.245840042941492,32.910628019323674,3.978797638217928,31.50161030595813,2.7308105206655933,1.442565754159957,14.707461084272678,2.442297369833602,0.23483628556092323,0.7648953301127214,0.040257648953301126,,,,,
67,9.098228663446054,31.99141170155663,4.320987654320987,32.340311325818575,2.677133655394525,1.4761137949543746,14.479334406870638,2.522812667740204,0.2549651100375738,0.798443370907139,0.040257648953301126,,,,,
68,9.118357487922705,28.683574879227052,4.119699409554482,31.239935587761675,2.563070316693505,1.4492753623188406,19.249865807836823,2.4825550187869028,0.23483628556092323,0.8185721953837896,0.040257648953301126,,,,,
69,9.078099838969404,27.449006977992486,4.180085882984434,30.669618894256576,4.388083735909823,1.3150831991411702,19.16935050993022,2.5496511003757383,0.2683843263553409,0.8655394524959742,0.06709608158883522,,,,,
70,8.910359634997317,26.84514224369297,3.9586688137412773,31.45464304884595,4.414922168545357,1.2949543746645196,19.202898550724637,2.6435856146001075,0.30864197530864196,0.8722490606548577,0.0939345142243693,,,,,
71,8.917069243156199,26.778046162104133,3.9989264626945786,30.9849704777241,4.414922168545357,1.3150831991411702,19.296833064949006,2.952227589908749,0.30864197530864196,0.9057971014492754,0.1274825550187869,,,,,
72,8.984165324745035,26.603596349973163,4.17337627482555,29.871175523349436,5.35426731078905,1.3754696725711217,19.229736983360173,3.079710144927536,0.30864197530864196,0.8923778851315083,0.1274825550187869,,,,,
73,7.494632313472893,32.045088566827694,4.119699409554482,26.40901771336554,5.246913580246914,1.3150831991411702,19.129092860976918,2.898550724637681,0.322061191626409,0.8923778851315083,0.1274825550187869,,,,,
74,6.561996779388084,29.830917874396135,3.656736446591519,32.340311325818575,4.609500805152979,1.2144390767579174,17.85426731078905,2.6704240472356413,0.2147074610842727,0.8990874932903918,0.14761137949543746,,,,,
75,6.568706387546968,29.22705314009662,3.4957058507783145,32.32018250134192,4.622920021470746,1.2010198604401503,18.491680085882983,2.690552871712292,0.2147074610842727,0.9863123993558777,0.18115942028985507,,,,,
76,5.857487922705314,28.703703703703702,3.5426731078904994,33.3064949006978,4.663177670424047,1.2278582930756843,18.297101449275363,3.026033279656468,0.2147074610842727,0.9930220075147611,0.16774020397208803,,,,,
77,4.62962962962963,48.121309715512616,3.824476650563607,17.773752012882447,2.677133655394525,1.1943102522812667,18.297101449275363,2.13365539452496,0.18115942028985507,0.9930220075147611,0.17444981213097155,,,,,
78,4.435050993022007,47.51073537305421,3.7909286097691894,17.773752012882447,6.105743424584004,1.1808910359634996,16.150026838432634,1.9793344068706387,0.18115942028985507,0.7179280730005367,0.17444981213097155,,,,,
79,4.428341384863124,47.06119162640902,3.92512077294686,17.74020397208803,6.105743424584004,1.442565754159957,16.15673644659152,2.0531400966183573,0.20799785292538917,0.7045088566827697,0.17444981213097155,,,,,
80,4.455179817498658,46.91358024691358,3.878153515834675,17.612721417069242,6.072195383789587,3.4957058507783145,14.546430488459475,2.0665593129361244,0.1610305958132045,0.5636070853462157,0.23483628556092323,,,,,
81,4.461889425657541,46.73913043478261,4.032474503488996,17.56575415995706,6.018518518518518,3.4688674181427803,14.53972088030059,2.0665593129361244,0.2281266774020397,0.6038647342995169,0.27509393451422437,,,,,
82,4.40150295222759,45.430756843800324,4.1532474503489,17.444981213097154,7.568438003220612,3.1870638754696725,14.486044015029522,2.1940418679549114,0.2549651100375738,0.644122383252818,0.23483628556092323,,,,,
83,4.388083735909823,45.289855072463766,4.28743961352657,17.324208266237253,7.561728395061729,3.207192699946323,14.40552871712292,2.301395598497048,0.2549651100375738,0.7447665056360708,0.23483628556092323,,,,,
84,4.388083735909823,43.90096618357488,5.709876543209877,17.24369296833065,7.50805152979066,3.2675791733762747,14.36527106816962,2.328234031132582,0.3153515834675255,0.7246376811594203,0.24825550187869028,,,,,
85,4.394793344068707,43.69296833064949,5.864197530864198,17.028985507246375,7.521470746108427,3.2877079978529253,14.331723027375201,2.5563607085346214,0.3153515834675255,0.7581857219538379,0.24825550187869028,,,,,
86,4.394793344068707,43.545356951154055,5.984970477724101,16.968599033816425,7.474503488996243,3.3480944712828773,14.27133655394525,2.5966183574879227,0.3488996242619431,0.8051529790660226,0.2616747181964573,,,,,
87,4.146537842190016,43.79361245303274,5.978260869565218,16.78743961352657,7.461084272678476,3.307836822329576,14.224369296833064,2.7308105206655933,0.4025764895330113,0.8252818035426731,0.3421900161030596,,,,,
88,4.139828234031133,43.67954911433172,6.031937734836285,16.794149221685455,7.434245840042942,3.3413848631239937,14.204240472356414,2.737520128824477,0.4428341384863124,0.8521202361782072,0.3421900161030596,,,,,
89,4.0995705850778315,42.552334943639295,5.931293612453032,15.103327965646805,10.567632850241546,3.2742887815351582,14.163982823403114,2.623456790123457,0.4294149221685454,0.8655394524959742,0.38915727321524424,,,,,
90,4.126409017713366,41.237251744498124,6.011808910359635,15.11003757380569,10.507246376811594,3.294417606011809,15.398550724637682,2.589908749329039,0.46967257112184646,0.8655394524959742,0.38915727321524424,,,,,
91,4.213633923778851,40.57300053676865,6.602254428341385,15.103327965646805,10.312667740203972,3.361513687600644,15.26435856146001,2.6301663982823404,0.6172839506172839,0.8990874932903918,0.36902844873859364,0.05367686527106817,,,,
92,4.2203435319377345,40.385131508319915,6.723027375201288,15.076489533011273,10.332796564680622,3.3816425120772946,15.297906602254429,2.6033279656468062,0.6642512077294686,0.8923778851315083,0.36902844873859364,0.05367686527106817,,,,
93,4.30756843800322,40.04965110037574,6.790123456790123,14.74771873322598,9.75577026301664,3.435319377348363,15.848094471282877,2.9388083735909825,0.7514761137949544,0.9259259259259259,0.39586688137412773,0.05367686527106817,,,,
94,4.30756843800322,39.85507246376812,7.085346215780999,14.660493827160494,9.675254965110037,3.4957058507783145,15.74074074074074,3.0059044551798175,0.7783145464304885,0.9594739667203436,0.3824476650563607,0.05367686527106817,,,,
95,4.2270531400966185,39.62694578636608,7.098765432098766,14.526301663982823,9.98389694041868,3.4957058507783145,15.734031132581856,3.0931293612453032,0.7648953301127214,0.9997316156736447,0.3824476650563607,0.06709608158883522,,,,
96,4.213633923778851,39.439076757917334,7.152442297369833,14.49946323134729,9.98389694041868,3.556092324208266,15.646806226516372,3.2206119162640903,0.7917337627482555,1.0466988727858293,0.3824476650563607,0.06709608158883522,,,,
97,4.213633923778851,39.26462694578637,7.27992485238862,14.17740203972088,9.950348899624261,3.670155662909286,15.908480944712828,3.2474503488996245,0.8252818035426731,1.0466988727858293,0.33548040794417605,0.08051529790660225,,,,
98,4.294149221685454,38.84192163177671,7.856951154052603,13.895598497047773,9.950348899624261,3.7372517444981215,15.848094471282877,3.2541599570585076,0.8252818035426731,1.0332796564680622,0.36231884057971014,0.0939345142243693,0.0067096081588835215,,,
99,4.320987654320987,38.71443907675792,7.9106280193236715,13.83521202361782,9.916800858829845,3.743961352657005,15.861513687600644,3.2742887815351582,0.8588298443370908,1.0601180891035964,0.3824476650563607,0.11406333870101985,0.0067096081588835215,,,
100,4.3478260869565215,38.60708534621578,7.897208803005904,13.828502415458937,9.91009125067096,3.797638217928073,15.821256038647343,3.294417606011809,0.8655394524959742,1.1137949543746646,0.3824476650563607,0.1274825550187869,0.0067096081588835215,,,
101,4.3478260869565215,38.34541062801932,8.085077831454644,13.768115942028986,9.930220075147611,3.81105743424584,15.794417606011809,3.280998389694042,0.8655394524959742,1.2010198604401503,0.43612453032742887,0.1274825550187869,0.0067096081588835215,,,
102,4.367954911433173,38.13070316693505,8.145464304884594,13.761406333870102,9.943639291465379,3.9452495974235107,15.767579173376275,3.280998389694042,0.8655394524959742,1.2010198604401503,0.43612453032742887,0.14761137949543746,0.0067096081588835215,,,
103,4.334406870638754,37.546967257112186,8.3467525496511,14.325013419216317,9.73564143853999,3.9318303811057436,15.713902308105206,3.2877079978529253,0.8789586688137413,1.2278582930756843,0.5166398282340311,0.14761137949543746,0.0067096081588835215,,,
104,4.314278046162104,37.40606548577563,8.333333333333334,14.11701556629093,11.20504562533548,3.9318303811057436,14.512882447665056,3.294417606011809,0.9997316156736447,1.1876006441223832,0.5166398282340311,0.17444981213097155,0.0067096081588835215,,,
105,4.38137412775094,37.224906065485776,8.427267847557703,14.070048309178745,11.20504562533548,3.8848631239935587,14.51959205582394,3.294417606011809,1.0131508319914118,1.2681159420289856,0.5300590445517982,0.17444981213097155,0.0067096081588835215,,,
106,4.374664519592056,37.11084272678475,8.507783145464305,14.110305958132045,11.18491680085883,3.9519592055823938,14.49946323134729,3.2877079978529253,1.0131508319914118,1.2412775093934514,0.5367686527106817,0.17444981213097155,0.0067096081588835215,,,
107,4.414922168545357,36.983360171765966,8.467525496511003,14.338432635534085,10.963499731615673,3.9452495974235107,14.553140096618357,3.33467525496511,1.0131508319914118,1.247987117552335,0.5568974771873323,0.17444981213097155,0.0067096081588835215,,,
108,4.40150295222759,36.33252818035427,8.541331186258722,14.076757917337627,12.016908212560386,3.898282340311326,14.412238325281804,3.3413848631239937,0.9930220075147611,1.261406333870102,0.5434782608695652,0.17444981213097155,0.0067096081588835215,,,
109,4.361245303274289,35.94337090713902,8.93719806763285,14.04320987654321,11.990069779924852,3.9452495974235107,14.36527106816962,3.3413848631239937,0.9930220075147611,1.2949543746645196,0.6038647342995169,0.17444981213097155,0.0067096081588835215,,,
110,4.435050993022007,35.82259796027912,8.970746108427267,13.955984970477724,11.943102522812667,3.92512077294686,14.38539989264627,3.455448201825013,1.0265700483091786,1.2949543746645196,0.6038647342995169,0.17444981213097155,0.0067096081588835215,,,
111,4.4753086419753085,35.68169618894257,9.084809447128288,13.935856146001074,11.768652710681696,3.92512077294686,14.358561460010735,3.455448201825013,1.1137949543746646,1.402308105206656,0.6172839506172839,0.17444981213097155,0.0067096081588835215,,,
112,4.502147074610843,35.50053676865271,9.104938271604938,13.821792807300053,11.621041331186259,4.05931293612453,14.378690284487385,3.5762211486849167,1.1943102522812667,1.4626945786366077,0.6172839506172839,0.15432098765432098,0.0067096081588835215,,,
113,4.562533548040794,34.90338164251208,9.111647879763822,13.667471819645733,11.560654857756306,4.757112184648417,14.378690284487385,3.5963499731615673,1.2278582930756843,1.4694041867954912,0.6038647342995169,0.15432098765432098,0.0067096081588835215,,,
114,4.582662372517445,34.58803005904455,9.024422973698336,13.66076221148685,12.130971551261407,4.750402576489533,14.110305958132045,3.6500268384326353,1.288244766505636,1.442565754159957,0.6172839506172839,0.14761137949543746,0.0067096081588835215,,,
115,4.602791196994096,34.50080515297907,9.151905528717123,13.560118089103597,11.990069779924852,4.797369833601718,14.06333870101986,3.7372517444981215,1.3821792807300053,1.442565754159957,0.6172839506172839,0.14761137949543746,0.0067096081588835215,,,
116,4.636339237788513,34.37332259796028,9.219001610305957,13.560118089103597,12.00348899624262,4.790660225442834,14.016371443907676,3.7573805689747717,1.3754696725711217,1.442565754159957,0.6709608158883521,0.14761137949543746,0.0067096081588835215,,,
117,4.7101449275362315,34.33977455716586,9.178743961352657,13.486312399355878,11.929683306494901,4.7638217928073,14.06333870101986,3.7573805689747717,1.4626945786366077,1.442565754159957,0.7112184648416533,0.14761137949543746,0.0067096081588835215,,,
118,4.730273752012883,34.21900161030596,9.346484165324744,13.466183574879228,11.936392914653783,4.750402576489533,14.076757917337627,3.7372517444981215,1.4626945786366077,1.415727321524423,0.7045088566827697,0.14761137949543746,0.0067096081588835215,,,
119,4.783950617283951,34.15861513687601,9.373322597960279,13.39237788513151,11.936392914653783,4.74369296833065,14.083467525496511,3.797638217928073,1.4224369296833066,1.4358561460010735,0.7179280730005367,0.14761137949543746,0.0067096081588835215,,,
120,4.810789049919484,33.97074610842727,9.708803005904455,13.352120236178207,11.708266237251744,4.750402576489533,14.076757917337627,3.797638217928073,1.5096618357487923,1.4492753623188406,0.6977992485238862,0.15432098765432098,0.0067096081588835215,0.0067096081588835215,,
121,4.817498658078368,33.923778851315085,9.722222222222221,13.365539452495975,11.694847020933977,4.757112184648417,14.130434782608695,3.7640901771336552,1.5499194847020934,1.4492753623188406,0.6709608158883521,0.14090177133655393,0.0067096081588835215,0.0067096081588835215,,
122,4.790660225442834,33.89694041867955,9.769189479334408,13.352120236178207,11.674718196457327,4.736983360171766,14.110305958132045,3.8043478260869565,1.5096618357487923,1.5163714439076759,0.6843800322061192,0.14090177133655393,0.0067096081588835215,0.0067096081588835215,,
123,4.8443370907139025,33.8365539452496,9.749060654857756,13.352120236178207,11.641170155662909,4.74369296833065,14.163982823403114,3.797638217928073,1.5163714439076759,1.5163714439076759,0.6843800322061192,0.14090177133655393,0.0067096081588835215,0.0067096081588835215,,
124,4.85775630703167,33.60842726784756,9.96376811594203,13.331991411701557,11.681427804616211,4.74369296833065,14.096886741814279,3.7573805689747717,1.5163714439076759,1.570048309178744,0.7179280730005367,0.14090177133655393,0.0067096081588835215,0.0067096081588835215,,
125,4.871175523349437,33.49436392914654,9.997316156736447,13.318572195383789,11.600912506709609,4.871175523349437,14.06333870101986,3.8043478260869565,1.5297906602254427,1.583467525496511,0.7112184648416533,0.14090177133655393,0.0067096081588835215,0.0067096081588835215,,
126,4.918142780461621,33.46081588835212,10.030864197530864,13.318572195383789,11.574074074074074,4.898013955984971,13.996242619431026,3.7573805689747717,1.596886741814278,1.596886741814278,0.6977992485238862,0.14090177133655393,0.0067096081588835215,0.0067096081588835215,,
127,4.9718196457326895,33.28636607622115,9.950348899624261,12.587224906065487,12.614063338701019,4.891304347826087,13.976113794954374,3.5963499731615673,1.596886741814278,1.6170155662909287,0.7313472893183038,0.16774020397208803,0.0067096081588835215,0.0067096081588835215,,
128,4.951690821256038,32.776435856146,9.896672034353195,12.560386473429952,12.560386473429952,5.10601180891036,14.465915190552872,3.603059581320451,1.6170155662909287,1.583467525496511,0.6977992485238862,0.16774020397208803,0.0067096081588835215,0.0067096081588835215,,
129,4.944981213097155,32.64224369296833,10.0979602791197,12.486580783682234,12.486580783682234,5.092592592592593,14.392109500805153,3.7573805689747717,1.6639828234031133,1.5432098765432098,0.6977992485238862,0.18115942028985507,0.0067096081588835215,0.0067096081588835215,,
130,4.911433172302737,32.58185721953838,10.131508319914117,12.473161567364466,12.446323134728932,5.119431025228127,14.38539989264627,3.7909286097691894,1.6975308641975309,1.5432098765432098,0.6910896403650026,0.2147074610842727,0.0067096081588835215,0.0067096081588835215,,
131,4.951690821256038,32.45437466451959,10.138217928073,12.385936661298981,12.325550187869029,5.173107890499195,14.338432635534085,3.878153515834675,1.7914653784219001,1.6304347826086956,0.7045088566827697,0.2147074610842727,0.0067096081588835215,0.0067096081588835215,,
132,4.978529253891573,32.387278582930755,10.124798711755233,12.379227053140097,12.285292538915728,5.179817498658078,14.351851851851851,3.9184111647879765,1.8183038110574343,1.596886741814278,0.7447665056360708,0.2147074610842727,0.0067096081588835215,0.013419216317767043,,
133,5.059044551798175,32.19269994632314,10.238862050456254,12.305421363392378,12.245034889962426,5.314009661835748,14.304884594739667,3.92512077294686,1.8317230273752012,1.6572732152442298,0.6910896403650026,0.2147074610842727,0.0067096081588835215,0.013419216317767043,,
134,4.938271604938271,28.25415995705851,9.286097691894794,12.23161567364466,12.224906065485776,10.453569511540525,14.217659688674182,3.9720880300590444,1.8384326355340848,1.6304347826086956,0.7179280730005367,0.2147074610842727,0.0067096081588835215,0.013419216317767043,,
135,4.898013955984971,28.193773483628558,9.306226516371444,12.198067632850242,13.285024154589372,10.151637144390767,13.654052603327965,3.9519592055823938,1.7981749865807837,1.6639828234031133,0.6642512077294686,0.2147074610842727,0.0067096081588835215,0.013419216317767043,,
136,4.904723564143854,27.932098765432098,9.561191626409018,12.13768115942029,13.20450885668277,10.21202361782072,13.539989264626946,3.978797638217928,1.9189479334406871,1.6706924315619969,0.7045088566827697,0.2147074610842727,0.0067096081588835215,0.013419216317767043,,
137,5.01207729468599,27.84487385936661,9.614868491680086,12.097423510466989,13.20450885668277,10.178475577026301,13.526570048309178,4.019055287171229,1.9390767579173376,1.6572732152442298,0.6709608158883521,0.2147074610842727,0.0067096081588835215,0.013419216317767043,,
138,4.978529253891573,26.878690284487387,9.581320450885668,12.016908212560386,13.191089640365004,10.171765968867419,14.707461084272678,4.019055287171229,1.8786902844873858,1.6103059581320451,0.7313472893183038,0.2147074610842727,0.0067096081588835215,0.013419216317767043,,
139,4.871175523349437,24.731615673644658,9.078099838969404,11.533816425120772,16.646537842190018,10.057702630166398,14.512882447665056,3.9989264626945786,1.8719806763285025,1.5767579173376274,0.8856682769726248,0.2147074610842727,0.0067096081588835215,0.013419216317767043,,
140,4.871175523349437,24.698067632850243,9.104938271604938,11.54723564143854,16.646537842190018,10.077831454643048,14.465915190552872,4.025764895330113,1.8719806763285025,1.5499194847020934,0.9057971014492754,0.2147074610842727,0.0067096081588835215,0.013419216317767043,,
141,4.891304347826087,24.56387546967257,9.232420826623725,11.54723564143854,16.63311862587225,10.064412238325282,14.432367149758454,4.012345679012346,1.8719806763285025,1.583467525496511,0.9326355340848095,0.2147074610842727,0.0067096081588835215,0.013419216317767043,,
142,4.958400429414922,24.54374664519592,9.219001610305957,11.500268384326356,16.57944176060118,10.091250670960816,14.465915190552872,3.9720880300590444,1.8853998926462694,1.596886741814278,0.95276435856146,0.2147074610842727,0.0067096081588835215,0.013419216317767043,,
143,4.898013955984971,24.530327428878152,9.185453569511541,11.500268384326356,16.59957058507783,9.728931830381105,14.492753623188406,4.4753086419753085,1.9592055823939882,1.5029522275899088,0.8923778851315083,0.2147074610842727,0.0067096081588835215,0.013419216317767043,,
144,4.911433172302737,24.496779388083738,9.111647879763822,11.446591519055287,16.53918411164788,9.802737520128824,14.55984970477724,4.51556629092861,1.9994632313472893,1.4962426194310252,0.8856682769726248,0.2147074610842727,0.0067096081588835215,0.013419216317767043,,
145,4.944981213097155,24.4296833064949,9.145195920558239,11.325818572195384,16.51905528717123,9.702093397745571,14.680622651637144,4.555823939881911,2.006172839506173,1.4962426194310252,0.9393451422436929,0.24154589371980675,0.0067096081588835215,0.0067096081588835215,,
146,4.42163177670424,23.805689747718734,9.07139023081052,12.909286097691895,16.35131508319914,9.50751476113795,14.620236178207193,4.502147074610843,2.0531400966183573,1.4895330112721417,0.9863123993558777,0.2683843263553409,0.0067096081588835215,0.0067096081588835215,,
147,4.394793344068707,23.691626409017715,9.198872785829307,12.895866881374127,16.35131508319914,9.614868491680086,14.49946323134729,4.508856682769726,1.9994632313472893,1.4895330112721417,1.0534084809447128,0.2885131508319914,0.0067096081588835215,0.0067096081588835215,,
148,4.40150295222759,23.58427267847558,9.16532474503489,12.915995705850777,16.337895866881375,9.695383789586689,14.49946323134729,4.49543746645196,2.0665593129361244,1.4761137949543746,1.0802469135802468,0.2683843263553409,0.0067096081588835215,0.0067096081588835215,,
149,4.428341384863124,23.503757380568974,9.225711218464841,12.835480407944177,16.25067096081589,9.655126140633387,14.506172839506172,4.669887278582931,2.0799785292538915,1.5096618357487923,1.0534084809447128,0.2683843263553409,0.0067096081588835215,0.0067096081588835215,,
150,4.448470209339774,23.45679012345679,9.252549651100376,12.815351583467525,16.183574879227052,9.688674181427805,14.439076757917338,4.736983360171766,2.1269457863660763,1.5499194847020934,1.0198604401502953,0.2683843263553409,0.0067096081588835215,0.0067096081588835215,,
151,4.488727858293076,23.2085346215781,9.27938808373591,12.775093934514224,16.384863123993558,9.628287707997853,14.38539989264627,4.783950617283951,2.120236178207193,1.5767579173376274,1.0869565217391304,0.2683843263553409,0.0067096081588835215,0.0067096081588835215,,
152,4.461889425657541,23.121309715512613,9.333064949006978,12.775093934514224,16.358024691358025,9.614868491680086,14.318303811057435,4.7168545356951155,2.24771873322598,1.6035963499731616,1.1674718196457328,0.2683843263553409,0.0067096081588835215,0.0067096081588835215,,
153,4.488727858293076,23.040794417606012,9.447128287707997,12.701288244766506,16.384863123993558,9.66183574879227,14.244498121309716,4.656468062265164,2.2611379495437465,1.6304347826086956,1.1943102522812667,0.2683843263553409,0.0067096081588835215,0.013419216317767043,,
154,4.42163177670424,22.899892646269457,9.460547504025765,13.647342995169081,16.23054213633924,9.567901234567902,13.875469672571121,4.64975845410628,2.1739130434782608,1.5432098765432098,1.221148684916801,0.2885131508319914,0.0067096081588835215,0.013419216317767043,,
155,4.455179817498658,22.758990874932906,9.473966720343531,13.09044551798175,15.626677402039721,9.366612989801396,15.371712292002147,4.703435319377348,2.059849704777241,1.596886741814278,1.2010198604401503,0.27509393451422437,0.0067096081588835215,0.013419216317767043,,
156,4.522275899087493,22.758990874932906,9.5276435856146,13.030059044551798,15.640096618357488,9.306226516371444,15.33816425120773,4.757112184648417,2.046430488459474,1.6170155662909287,1.1607622114868492,0.27509393451422437,0.0067096081588835215,0.013419216317767043,,
157,4.522275899087493,22.67176596886742,9.5276435856146,12.99651100375738,15.499194847020934,9.494095544820183,15.257648953301127,4.7168545356951155,2.1135265700483092,1.6505636070853462,1.2546967257112185,0.27509393451422437,0.0067096081588835215,0.013419216317767043,,
158,4.4753086419753085,22.490606548577563,9.702093397745571,12.969672571121846,15.499194847020934,9.420289855072463,15.304616210413311,4.757112184648417,2.1269457863660763,1.6706924315619969,1.261406333870102,0.30193236714975846,0.0067096081588835215,0.013419216317767043,,
159,4.448470209339774,22.342995169082126,9.809447128287708,12.962962962962964,15.33816425120773,9.66183574879227,15.190552871712292,4.898013955984971,2.1403650026838434,1.6371443907675791,1.247987117552335,0.30193236714975846,0.0067096081588835215,0.013419216317767043,,
160,4.549114331723027,22.27589908749329,9.936929683306495,12.949543746645196,15.217391304347826,9.655126140633387,15.157004830917874,4.85775630703167,2.2611379495437465,1.6304347826086956,1.2010198604401503,0.2885131508319914,0.0067096081588835215,0.013419216317767043,,
161,4.528985507246377,22.19538378958669,9.943639291465379,11.849168008588299,17.478529253891573,9.634997316156737,14.861782071927,4.233762748255502,2.1940418679549114,1.6371443907675791,1.1406333870101986,0.2885131508319914,0.0067096081588835215,0.0067096081588835215,,
162,4.260601180891036,21.83977455716586,9.742351046698873,13.754696725711218,16.586151368760063,9.601449275362318,14.761137949543746,4.280730005367687,2.0665593129361244,1.6304347826086956,1.1741814278046163,0.2885131508319914,0.0067096081588835215,0.0067096081588835215,,
163,4.119699409554482,20.813204508856682,11.023886205045626,13.177670424047236,17.954911433172303,9.41358024691358,14.278046162104133,4.1532474503489,2.006172839506173,1.6908212560386473,1.0265700483091786,0.32877079978529256,0.0067096081588835215,0.0067096081588835215,,
164,4.133118625872249,20.73268921095008,11.137949543746645,13.097155126140633,17.954911433172303,9.440418679549115,14.231078904991948,4.17337627482555,1.9994632313472893,1.7042404723564144,1.0534084809447128,0.32877079978529256,0.0067096081588835215,0.0067096081588835215,,
165,3.864734299516908,19.632313472893184,11.05072463768116,15.94873859366613,17.438271604938272,9.178743961352657,13.821792807300053,3.9452495974235107,1.9994632313472893,1.6841116478797638,1.093666129898014,0.32877079978529256,0.0067096081588835215,0.0067096081588835215,,
166,3.864734299516908,19.585346215780998,11.09098228663446,15.807836822329575,17.324208266237253,9.098228663446054,13.862050456253355,4.05931293612453,2.0799785292538915,1.7981749865807837,1.0802469135802468,0.3421900161030596,0.0067096081588835215,,,
167,3.8580246913580245,19.57192699946323,11.010466988727858,15.780998389694043,17.250402576489535,9.098228663446054,13.895598497047773,4.05931293612453,2.2074610842726785,1.7847557702630166,1.1205045625335481,0.35560923242082665,0.0067096081588835215,,,
168,3.8848631239935587,19.51825013419216,10.990338164251208,15.660225442834138,17.223564143854,9.158615136876007,13.848631239935587,4.019055287171229,2.2208803005904456,1.9122383252818036,1.1674718196457328,0.38915727321524424,0.0067096081588835215,,,
169,3.9049919484702094,19.35721953837896,11.064143853998926,15.633387010198604,17.143048845947398,9.151905528717123,13.88888888888889,4.106280193236715,2.2879763821792807,1.8719806763285025,1.1943102522812667,0.38915727321524424,0.0067096081588835215,,,
170,3.92512077294686,19.216317767042405,11.07085346215781,15.599838969404187,17.122920021470748,9.245840042941492,13.828502415458937,4.17337627482555,2.314814814814815,1.8317230273752012,1.247987117552335,0.41599570585077833,0.0067096081588835215,,,
171,3.9720880300590444,19.196188942565755,11.037305421363392,15.53274288781535,17.04911433172303,9.27938808373591,13.875469672571121,4.2203435319377345,2.3483628556092326,1.8183038110574343,1.247987117552335,0.41599570585077833,0.0067096081588835215,,,
172,3.9519592055823938,19.209608158883523,10.997047772410092,15.519323671497585,17.05582393988191,9.306226516371444,13.902308105206655,4.193505099302201,2.3483628556092326,1.7847557702630166,1.261406333870102,0.46296296296296297,0.0067096081588835215,,,
173,3.911701556629093,19.028448738593667,11.158078368223295,15.49248523886205,17.062533548040793,9.326355340848094,13.882179280730005,4.253891572732153,2.3483628556092326,1.7981749865807837,1.261406333870102,0.46967257112184646,0.0067096081588835215,,,
174,3.9586688137412773,18.947933440687063,11.158078368223295,15.445517981749866,17.04911433172303,9.386741814278047,13.895598497047773,4.247181964573269,2.3483628556092326,1.7981749865807837,1.288244766505636,0.46967257112184646,0.0067096081588835215,,,
175,3.9720880300590444,18.90096618357488,11.131239935587761,15.432098765432098,16.988727858293075,9.326355340848094,13.862050456253355,4.320987654320987,2.475845410628019,1.7713365539452497,1.288244766505636,0.5233494363929146,0.0067096081588835215,,,
176,3.844605475040258,18.4447128287708,11.131239935587761,15.291196994095545,16.901502952227588,9.225711218464841,14.61352657004831,4.320987654320987,2.5295222758990876,1.7914653784219001,1.3754696725711217,0.5233494363929146,0.0067096081588835215,,,
177,3.8378958668813743,18.4447128287708,11.097691894793345,14.942297369833602,16.982018250134193,9.675254965110037,14.573268921095009,4.186795491143317,2.5831991411701556,1.8183038110574343,1.328502415458937,0.5233494363929146,0.0067096081588835215,,,
