,45,50,53,51,55,54,52,56
0,99.86580783682233,0.13419216317767044,,,,,,
1,92.19001610305958,7.809983896940419,,,,,,
2,92.25711218464842,7.669082125603865,0.07380568974771873,,,,,
3,90.5931293612453,9.333064949006978,0.07380568974771873,,,,,
4,89.9020397208803,9.970477724100913,0.1274825550187869,,,,,
5,89.77455716586151,10.0979602791197,0.1274825550187869,,,,,
6,89.92887815351584,9.943639291465379,0.1274825550187869,,,,,
7,90.02952227589908,9.842995169082126,0.1274825550187869,,,,,
8,85.6280193236715,14.264626945786366,0.10735373054213634,,,,,
9,85.68169618894257,14.210950080515298,0.10735373054213634,,,,,
10,84.43370907139023,15.458937198067632,0.10735373054213634,,,,,
11,84.54106280193237,15.351583467525497,0.10735373054213634,,,,,
12,77.08668813741278,22.805958132045088,0.10735373054213634,,,,,
13,77.1604938271605,22.73215244229737,0.10735373054213634,,,,,
14,76.12050456253355,23.772141706924316,0.10735373054213634,,,,,
15,76.18760064412238,23.70504562533548,0.10735373054213634,,,,,
16,76.27482555018787,23.617820719269993,0.10735373054213634,,,,,
17,76.27482555018787,23.617820719269993,0.10735373054213634,,,,,
18,73.81239935587762,23.61111111111111,0.10735373054213634,2.4691358024691357,,,,
19,70.14895330112721,27.274557165861513,0.10735373054213634,2.4691358024691357,,,,
20,56.46135265700483,43.09581320450886,0.10735373054213634,0.33548040794417605,,,,
21,55.193236714975846,43.183038110574344,0.10735373054213634,0.33548040794417605,1.1808910359634996,,,
22,54.13311862587225,42.914653784219,0.10735373054213634,0.33548040794417605,1.1808910359634996,1.328502415458937,,
23,54.46188942565754,42.58588298443371,0.10735373054213634,0.33548040794417605,1.1808910359634996,1.328502415458937,,
24,54.58266237251745,39.841653247450346,0.10735373054213634,0.33548040794417605,1.1808910359634996,1.3217928073000538,2.6301663982823404,
25,50.6105743424584,43.94122383252818,0.10735373054213634,0.33548040794417605,1.1808910359634996,1.1943102522812667,2.6301663982823404,
26,50.905797101449274,43.76006441223833,0.10735373054213634,0.33548040794417605,1.1808910359634996,1.1943102522812667,2.5161030595813205,
27,51.27482555018787,43.55877616747182,0.10735373054213634,0.30193236714975846,1.0601180891035964,1.1943102522812667,2.5026838432635534,
28,51.321792807300056,43.51180891035963,0.10735373054213634,0.30193236714975846,1.0601180891035964,1.1943102522812667,2.5026838432635534,
29,51.469404186795494,42.74691358024691,0.10735373054213634,0.9192163177670424,1.0601180891035964,1.1943102522812667,2.5026838432635534,
30,51.308373590982285,43.02871712292002,0.10735373054213634,0.798443370907139,1.0601180891035964,1.1943102522812667,2.5026838432635534,
31,51.47611379495437,42.8743961352657,0.10735373054213634,0.798443370907139,1.0601180891035964,1.1808910359634996,2.5026838432635534,
32,51.650563607085346,42.27724100912507,0.10735373054213634,1.093666129898014,1.1876006441223832,1.1808910359634996,2.5026838432635534,
33,50.07380568974772,43.853998926462694,0.10735373054213634,1.093666129898014,1.1876006441223832,1.1808910359634996,2.5026838432635534,
34,50.717928073000536,43.323939881910896,0.10735373054213634,1.0064412238325282,1.1607622114868492,1.1808910359634996,2.5026838432635534,
35,51.006441223832525,43.03542673107891,0.10735373054213634,1.0064412238325282,1.1607622114868492,1.1808910359634996,2.5026838432635534,
36,51.006441223832525,41.74047235641439,0.10735373054213634,1.7914653784219001,1.1607622114868492,1.1808910359634996,3.012614063338701,
37,47.84621578099839,45.03488996242619,0.10735373054213634,1.6706924315619969,1.1607622114868492,1.1674718196457328,3.012614063338701,
38,47.84621578099839,45.05501878690284,0.10735373054213634,1.6706924315619969,1.1607622114868492,1.1674718196457328,2.9924852388620504,
39,47.134997316156735,43.283682232957595,0.10064412238325282,2.9052603327965647,1.2815351583467525,1.1674718196457328,4.126409017713366,
40,47.49060654857756,42.961621041331185,0.10064412238325282,2.9052603327965647,1.2748255501878691,1.1674718196457328,4.0995705850778315,
41,47.477187332259795,42.85426731078905,0.10064412238325282,3.026033279656468,1.2748255501878691,1.1674718196457328,4.0995705850778315,
42,48.18840579710145,42.330917874396135,0.10064412238325282,2.9723564143853998,1.2546967257112185,1.0534084809447128,4.0995705850778315,
43,48.55743424584004,41.82769726247987,0.10064412238325282,2.9723564143853998,1.3888888888888888,1.1674718196457328,3.9855072463768115,
44,48.792270531400966,41.606280193236714,0.10064412238325282,2.9589371980676327,1.3888888888888888,1.1674718196457328,3.9855072463768115,
45,43.45142243692968,49.91277509393451,0.10064412238325282,1.7444981213097155,1.2681159420289856,1.133923778851315,2.3886205045625335,
46,43.612453032742884,48.309178743961354,0.10064412238325282,1.6841116478797638,1.2681159420289856,1.133923778851315,3.8915727321524423,
47,43.46484165324745,47.1081588835212,0.10064412238325282,1.6841116478797638,1.2681159420289856,2.49597423510467,3.878153515834675,
48,42.860976918947934,46.09500805152979,0.10064412238325282,3.4286097691894795,1.261406333870102,2.49597423510467,3.7573805689747717,
49,42.371175523349436,45.37707997852925,0.08722490606548577,4.64975845410628,1.261406333870102,2.49597423510467,3.7573805689747717,
50,41.317767042404725,45.16237251744498,0.23483628556092323,4.64975845410628,0.9930220075147611,2.49597423510467,5.146269457863661,
51,40.41196994095545,46.06816961889426,0.23483628556092323,4.64975845410628,0.9930220075147611,2.49597423510467,5.146269457863661,
52,39.58668813741278,44.296833064949006,0.23483628556092323,7.246376811594203,0.9930220075147611,2.49597423510467,5.146269457863661,
53,39.090177133655395,43.29039184111648,0.23483628556092323,8.655394524959743,1.1272141706924315,2.49597423510467,5.10601180891036,
54,35.66156736446592,37.815351583467525,0.36902844873859364,17.64626945786366,0.9930220075147611,2.49597423510467,5.018786902844874,
55,35.77563070316693,36.822329575952764,1.4962426194310252,17.632850241545892,0.9930220075147611,2.3550724637681157,4.924852388620504,
56,36.2385936661299,36.72168545356951,1.3821792807300053,17.384594739667204,0.9930220075147611,2.3550724637681157,4.924852388620504,
57,36.50697799248524,36.560654857756305,1.3821792807300053,17.277241009125067,0.9930220075147611,2.3550724637681157,4.924852388620504,
58,35.78234031132582,37.31884057971015,1.3821792807300053,17.24369296833065,0.9930220075147611,2.3550724637681157,4.924852388620504,
59,35.96349973161568,37.204777241009126,1.3821792807300053,17.23027375201288,0.9796027911969941,2.341653247450349,4.898013955984971,
60,35.89640365002684,36.25872249060655,1.3821792807300053,18.438003220611915,0.9796027911969941,2.341653247450349,4.703435319377348,
61,36.01717659688674,35.93666129898014,1.3821792807300053,18.397745571658614,0.9796027911969941,2.341653247450349,4.944981213097155,
62,36.218464841653244,35.86285560923242,1.3821792807300053,18.230005367686527,0.9460547504025765,2.341653247450349,5.018786902844874,
63,36.594202898550726,35.82259796027912,1.3821792807300053,18.095813204508858,0.8521202361782072,2.2879763821792807,4.9651100375738055,
64,35.72866344605475,33.47423510466989,1.3821792807300053,19.088835212023618,0.9594739667203436,3.260869565217391,6.105743424584004,
65,35.66156736446592,31.964573268921097,1.3821792807300053,20.853462157809982,0.9594739667203436,3.260869565217391,5.917874396135265,
66,35.668276972624795,31.843800322061192,1.5230810520665594,20.853462157809982,0.9594739667203436,3.2340311325818574,5.917874396135265,
67,35.41331186258722,31.146001073537306,1.5230810520665594,21.886741814278047,1.0869565217391304,3.2340311325818574,5.709876543209877,
68,35.72195383789587,30.9044551798175,1.5230810520665594,21.846484165324746,1.0869565217391304,3.207192699946323,5.709876543209877,
69,35.88298443370907,30.69645732689211,1.5230810520665594,21.77938808373591,1.2345679012345678,3.207192699946323,5.676328502415459,
70,35.99704777241009,30.683038110574344,1.5230810520665594,21.67874396135266,1.2345679012345678,3.207192699946323,5.676328502415459,
71,36.211755233494365,30.44820182501342,1.6035963499731616,21.67874396135266,1.221148684916801,3.1602254428341383,5.676328502415459,
72,36.47342995169082,30.3743961352657,1.5767579173376274,20.377079978529252,2.395330112721417,3.1602254428341383,5.642780461621041,
73,36.594202898550726,30.16639828234031,1.778046162104133,19.363929146537842,3.3413848631239937,3.140096618357488,5.615942028985507,
74,36.822329575952764,29.965110037573805,1.778046162104133,19.33709071390231,3.3413848631239937,3.140096618357488,5.615942028985507,
75,30.414653784219002,38.25147611379496,1.6304347826086956,18.867418142780462,3.3145464304884595,2.85829307568438,4.663177670424047,
76,29.622920021470748,37.9495437466452,1.6304347826086956,19.981213097155127,3.3145464304884595,2.85829307568438,4.643048845947397,
77,30.005367686527105,37.82877079978529,1.6304347826086956,19.806763285024154,3.3145464304884595,2.85829307568438,4.555823939881911,
78,30.267042404723565,35.42002147074611,1.5633387010198605,19.659151905528716,3.3145464304884595,2.7979066022544283,6.977992485238862,
79,29.810789049919485,34.84299516908212,1.5633387010198605,20.74610842726785,3.3011272141706924,2.7979066022544283,6.937734836285561,
80,30.193236714975846,34.54106280193237,1.5633387010198605,20.558239398819108,3.3011272141706924,2.932098765432099,6.910896403650026,
81,30.589103596349972,34.225711218464845,1.5633387010198605,20.45088566827697,3.3548040794417604,2.932098765432099,6.884057971014493,
82,31.179549114331724,33.923778851315085,1.442565754159957,20.316693505099302,3.3548040794417604,2.932098765432099,6.850509930220075,
83,31.790123456790123,33.50107353730542,1.6035963499731616,20.189210950080515,3.2004830917874396,2.9253891572732154,6.790123456790123,
84,30.387815351583466,35.86285560923242,2.61003757380569,18.183038110574344,3.2004830917874396,2.9253891572732154,6.830381105743425,
85,30.461621041331185,35.72195383789587,2.7643585614600106,18.075684380032207,3.3145464304884595,2.831454643048846,6.830381105743425,
86,30.636070853462158,34.88996242619431,2.7643585614600106,17.887815351583466,3.3145464304884595,3.6768652710681695,6.830381105743425,
87,31.011808910359633,34.675254965110035,2.757648953301127,17.834138486312398,3.240740740740741,3.6768652710681695,6.8035426731078905,
88,31.300322061191626,34.534353193773484,2.7308105206655933,17.780461621041333,3.2139023081052067,3.6768652710681695,6.763285024154589,
89,31.260064412238325,33.56816961889426,2.3483628556092326,19.692699946323135,2.771068169618894,3.5963499731615673,6.763285024154589,
90,31.629092860976918,33.279656468062264,2.3483628556092326,19.6256038647343,2.771068169618894,3.5963499731615673,6.749865807836822,
91,32.018250134192165,32.94417606011809,2.3483628556092326,19.585346215780998,2.771068169618894,3.5829307568438002,6.749865807836822,
92,32.45437466451959,32.88378958668814,2.2879763821792807,19.216317767042405,2.771068169618894,3.5829307568438002,6.8035426731078905,
93,31.95786366076221,32.2866344605475,2.281266774020397,20.35024154589372,2.771068169618894,3.549382716049383,6.8035426731078905,
94,32.25979602791197,32.098765432098766,2.281266774020397,20.323403113258184,2.771068169618894,3.549382716049383,6.716317767042405,
95,32.70263016639828,32.01154052603328,2.281266774020397,20.055018786902846,2.717391304347826,3.515834675254965,6.716317767042405,
96,32.400697799248526,31.87734836285561,2.281266774020397,20.538110574342458,2.6704240472356413,3.515834675254965,6.716317767042405,
97,32.92404723564144,31.76328502415459,2.1940418679549114,20.45088566827697,2.6704240472356413,3.475577026301664,6.521739130434782,
98,33.541331186258724,31.54186795491143,2.13365539452496,20.229468599033815,2.6502952227589907,3.475577026301664,6.427804616210413,
99,33.32662372517445,30.9849704777241,2.1135265700483092,20.001341921631777,2.509393451422437,4.193505099302201,6.870638754696726,
100,33.89023081052066,30.656199677938808,2.1135265700483092,20.001341921631777,2.509393451422437,4.193505099302201,6.635802469135802,
101,34.38003220611916,30.54884594739667,2.1135265700483092,19.81347289318304,2.4691358024691357,4.119699409554482,6.5552871712292005,
102,34.62157809983897,30.407944176060116,2.1135265700483092,19.679280730005367,2.6167471819645733,4.019055287171229,6.541867954911433,
103,34.876543209876544,30.059044551798173,2.1135265700483092,19.93424584004294,2.563070316693505,4.012345679012346,6.4412238325281805,
104,34.17203435319377,29.401502952227588,2.1135265700483092,19.672571121846484,2.563070316693505,4.012345679012346,8.064949006977992,
105,34.62157809983897,29.159957058507782,2.086688137412775,19.632313472893184,2.563070316693505,4.012345679012346,7.924047235641439,
106,35.037573805689746,29.012345679012345,2.046430488459474,19.484702093397747,2.536231884057971,3.9720880300590444,7.9106280193236715,
107,35.527375201288244,28.837895866881375,2.046430488459474,19.276704240472355,2.536231884057971,3.9720880300590444,7.803274288781535,
108,35.80246913580247,28.77079978529254,2.0397208803005906,19.216317767042405,2.5026838432635534,3.9720880300590444,7.695920558239399,
109,36.07756307031669,28.629898013955984,2.0397208803005906,19.16935050993022,2.4892646269457863,3.9452495974235107,7.648953301127214,
110,36.25872249060655,28.502415458937197,2.0397208803005906,19.155931293612454,2.4892646269457863,3.9452495974235107,7.608695652173913,
111,35.27241009125067,24.44981213097155,5.253623188405797,21.70558239398819,2.3617820719269993,3.9452495974235107,7.011540526033279,
112,35.7085346215781,24.295491143317232,5.22007514761138,21.4573268921095,2.3617820719269993,3.9452495974235107,7.011540526033279,
113,35.68840579710145,24.18142780461621,5.213365539452496,21.18894256575416,2.328234031132582,3.9452495974235107,7.454374664519592,
114,33.541331186258724,26.939076757917338,5.065754159957058,21.182232957595275,2.328234031132582,3.629898013955985,7.313472893183038,
115,33.17230273752013,26.261406333870102,5.065754159957058,21.30300590445518,2.4825550187869028,3.750670960815888,7.96430488459474,
116,33.50107353730542,26.073537305421365,5.0858829844337095,21.195652173913043,2.4691358024691357,3.750670960815888,7.924047235641439,
117,32.82340311325819,24.792002147074612,5.542136339237788,20.632045088566827,2.4691358024691357,3.589640365002684,10.151637144390767,
118,32.9777241009125,24.684648416532475,5.542136339237788,20.585077831454644,2.4691358024691357,3.589640365002684,10.151637144390767,
119,32.67579173376275,24.114331723027377,5.542136339237788,21.79951690821256,2.4691358024691357,3.589640365002684,9.809447128287708,
120,33.091787439613526,23.98684916800859,5.542136339237788,21.76596886741814,2.4691358024691357,3.4151905528717124,9.728931830381105,
121,32.86366076221149,21.69887278582931,6.756575415995706,24.288781535158346,2.3081052066559313,3.4151905528717124,8.668813741277509,
122,33.23268921095008,21.511003757380568,6.743156199677939,24.174718196457327,2.281266774020397,3.388352120236178,8.668813741277509,
123,33.40713902308105,21.497584541062803,6.702898550724638,24.094202898550726,2.2611379495437465,3.388352120236178,8.648684916800859,
124,33.64868491680086,21.329844337090712,6.702898550724638,24.074074074074073,2.2611379495437465,3.374932903918411,8.608427267847558,
125,34.19887278582931,21.309715512614062,6.474771873322598,23.812399355877616,2.2611379495437465,3.374932903918411,8.568169618894256,
126,34.35319377348363,21.235909822866343,6.4412238325281805,23.792270531400966,2.2611379495437465,3.3480944712828773,8.568169618894256,
127,34.54106280193237,21.22920021470746,6.380837359098229,23.70504562533548,2.2611379495437465,3.3480944712828773,8.53462157809984,
128,34.84299516908212,21.162104133118625,6.260064412238325,23.564143853998928,2.2611379495437465,3.1602254428341383,8.749329039184111,
129,34.99060654857756,21.141975308641975,6.226516371443908,23.483628556092324,2.2611379495437465,3.1602254428341383,8.735909822866345,
130,33.17230273752013,18.491680085882983,3.374932903918411,32.51476113794954,2.38191089640365,3.5762211486849167,6.488191089640365,
131,33.313204508856685,17.961621041331185,4.542404723564144,31.796833064949006,2.38191089640365,3.7037037037037037,6.300322061191626,
132,33.621846484165324,17.914653784219002,4.542404723564144,31.5552871712292,2.3617820719269993,3.7037037037037037,6.300322061191626,
133,34.11164787976382,17.847557702630166,4.542404723564144,31.186258722490606,2.3617820719269993,3.7037037037037037,6.246645195920558,
134,33.73590982286635,17.102791196994094,4.542404723564144,32.18599033816425,2.3550724637681157,3.7037037037037037,6.374127750939345,
135,33.32662372517445,17.09608158883521,5.475040257648954,32.06521739130435,2.100107353730542,3.6634460547504024,6.273483628556092,
136,33.59500805152979,17.01556629092861,5.46833064949007,31.884057971014492,2.100107353730542,3.6634460547504024,6.273483628556092,
137,33.662104133118625,16.97530864197531,5.46833064949007,31.85721953837896,2.100107353730542,3.6634460547504024,6.273483628556092,
138,33.883521202361784,16.841116478797638,5.46833064949007,31.50161030595813,2.100107353730542,3.7909286097691894,6.273483628556092,0.14090177133655393
139,33.782877079978526,16.78743961352657,5.4549114331723025,31.816961889425656,2.100107353730542,3.7775093934514223,6.139291465378422,0.14090177133655393
140,32.82340311325819,15.982286634460548,6.125872249060655,31.38083735909823,2.086688137412775,3.9184111647879765,7.541599570585078,0.14090177133655393
141,32.6959205582394,15.291196994095545,9.098228663446054,30.22007514761138,1.9256575415995705,3.5292538915727323,7.239667203435319,
142,31.313741277509394,17.92807300053677,9.057971014492754,29.1532474503489,1.9256575415995705,3.515834675254965,7.105475040257649,
143,31.582125603864736,17.921363392377884,9.057971014492754,28.951959205582394,1.9256575415995705,3.4688674181427803,7.092055823939882,
144,32.13231347289318,17.74020397208803,8.99087493290392,28.703703703703702,1.9256575415995705,3.4688674181427803,7.0383789586688135,
145,32.17257112184648,17.53220611916264,8.984165324745035,28.650026838432634,2.167203435319377,3.4688674181427803,7.024959742351046,
146,32.13231347289318,17.53220611916264,8.957326892109501,28.173644659151904,2.15378421900161,3.4688674181427803,7.581857219538379,
147,32.367149758454104,17.518786902844873,8.863392377885132,28.12667740203972,2.147074610842727,3.4286097691894795,7.548309178743962,
148,32.830112721417066,17.45169082125604,8.756038647342995,28.012614063338702,2.147074610842727,3.4286097691894795,7.37385936661299,
149,33.17230273752013,17.391304347826086,8.682232957595277,27.87842190016103,2.100107353730542,3.4286097691894795,7.347020933977456,
150,33.48765432098765,17.2638217928073,8.668813741277509,27.811325818572197,2.100107353730542,3.4286097691894795,7.239667203435319,
151,33.69565217391305,17.16988727858293,8.641975308641975,28.133387010198604,2.0933977455716586,3.4286097691894795,6.837090713902308,
152,34.14519592055824,16.914922168545356,8.641975308641975,27.958937198067634,2.0933977455716586,3.4286097691894795,6.816961889425658,
153,34.6081588835212,16.834406870638755,8.55475040257649,27.75764895330113,2.086688137412775,3.4286097691894795,6.729736983360172,
154,35.03086419753087,16.814278046162105,8.494363929146537,27.489264626945786,2.0128824476650564,3.4286097691894795,6.729736983360172,
155,35.29253891572732,16.774020397208805,8.467525496511003,27.449006977992486,2.0128824476650564,3.3682232957595275,6.635802469135802,
156,35.527375201288244,16.774020397208805,8.333333333333334,27.34836285560923,2.0128824476650564,3.3682232957595275,6.635802469135802,
157,35.547504025764894,16.774020397208805,8.333333333333334,27.32823403113258,2.0128824476650564,3.3682232957595275,6.635802469135802,
158,35.65485775630703,16.76731078904992,8.3064949006978,27.254428341384862,2.0128824476650564,3.3682232957595275,6.635802469135802,
159,35.950080515297905,16.74718196457327,8.246108427267847,27.066559312936125,1.892109500805153,3.3682232957595275,6.588835212023618,0.14090177133655393
160,35.52066559312936,16.19699409554482,8.105206655931294,28.488996242619432,1.8115942028985508,3.3682232957595275,6.367418142780462,0.14090177133655393
161,35.73537305421363,15.861513687600644,8.219269994632313,28.28099838969404,2.100107353730542,3.3548040794417604,6.3070316693505095,0.14090177133655393
162,36.07085346215781,15.68035426731079,8.219269994632313,28.22061191626409,2.073268921095008,3.3548040794417604,6.239935587761675,0.14090177133655393
163,36.460010735373054,15.626677402039721,8.266237251744498,27.871712292002147,2.073268921095008,3.3548040794417604,6.206387546967257,0.14090177133655393
164,36.8894256575416,15.526033279656469,8.13875469672571,27.68384326355341,2.073268921095008,3.3548040794417604,6.1929683306494905,0.14090177133655393
165,37.02361782071927,15.45222758990875,8.13875469672571,27.636876006441224,2.073268921095008,3.3548040794417604,6.179549114331723,0.14090177133655393
166,36.983360171765966,15.230810520665592,8.132045088566828,27.623456790123456,2.073268921095008,3.7909286097691894,6.025228126677402,0.14090177133655393
167,37.40606548577563,15.217391304347826,7.930756843800322,27.529522275899087,2.0531400966183573,3.730542136339238,5.991680085882985,0.14090177133655393
168,37.3792270531401,14.895330112721417,7.87037037037037,27.30810520665593,2.0531400966183573,4.38137412775094,5.971551261406334,0.14090177133655393
169,37.84219001610306,14.78797638217928,7.749597423510467,27.073268921095007,2.0531400966183573,4.38137412775094,5.971551261406334,0.14090177133655393
170,38.28502415458937,14.647074610842727,7.608695652173913,26.99946323134729,2.0531400966183573,4.294149221685454,5.971551261406334,0.14090177133655393
171,38.747987117552334,14.566559312936125,7.608695652173913,26.710950080515296,2.0531400966183573,4.213633923778851,5.958132045088567,0.14090177133655393
172,38.405797101449274,14.398819108964037,7.608695652173913,26.227858293075684,2.0531400966183573,3.730542136339238,7.434245840042942,0.14090177133655393
173,37.184648416532475,13.687600644122384,7.548309178743962,29.012345679012345,1.9793344068706387,3.44873859366613,6.998121309715513,0.14090177133655393
174,37.34567901234568,13.66076221148685,7.461084272678476,28.965378421900162,1.9793344068706387,3.44873859366613,6.998121309715513,0.14090177133655393
175,37.486580783682236,13.613794954374665,7.440955448201825,28.911701556629094,1.9793344068706387,3.44873859366613,6.977992485238862,0.14090177133655393
176,37.70799785292539,13.613794954374665,7.440955448201825,28.77750939345142,1.9793344068706387,3.4017713365539453,6.937734836285561,0.14090177133655393
177,37.80864197530864,13.573537305421363,7.440955448201825,28.75738056897477,1.9793344068706387,3.4017713365539453,6.89747718733226,0.14090177133655393
178,38.0300590445518,13.526570048309178,7.4141170155662905,28.670155662909288,1.9726247987117553,3.4017713365539453,6.843800322061192,0.14090177133655393
179,37.32555018786903,13.325281803542673,7.206119162640902,30.24020397208803,1.7981749865807837,3.388352120236178,6.575415995705851,0.14090177133655393
180,37.432903918411164,13.285024154589372,7.192699946323135,30.18652710681696,1.7981749865807837,3.388352120236178,6.575415995705851,0.14090177133655393
181,37.453032742887814,13.285024154589372,7.192699946323135,30.16639828234031,1.7981749865807837,3.388352120236178,6.575415995705851,0.14090177133655393
182,37.42619431025228,13.197799248523886,7.555018786902845,30.02549651100376,1.7713365539452497,3.3279656468062266,6.5552871712292005,0.14090177133655393
183,37.7012882447665,13.110574342458401,7.917337627482555,29.47530864197531,1.7713365539452497,3.3279656468062266,6.5552871712292005,0.14090177133655393
184,37.506709608158886,12.902576489533011,7.863660762211487,30.059044551798173,1.7713365539452497,3.3279656468062266,6.427804616210413,0.14090177133655393
185,37.96296296296296,12.801932367149758,7.7831454643048845,29.790660225442835,1.8853998926462694,3.3011272141706924,6.333870101986044,0.14090177133655393
186,38.06360708534621,12.701288244766506,7.7831454643048845,29.790660225442835,1.8853998926462694,3.3011272141706924,6.333870101986044,0.14090177133655393
187,38.29844337090714,12.634192163177671,7.675791733762749,29.74369296833065,1.8853998926462694,3.3011272141706924,6.320450885668277,0.14090177133655393
188,38.539989264626946,12.553676865271068,7.675791733762749,29.636339237788512,1.8719806763285025,3.294417606011809,6.286902844873859,0.14090177133655393
189,38.89559849704777,12.553676865271068,7.5281803542673105,29.441760601180892,1.8719806763285025,3.294417606011809,6.273483628556092,0.14090177133655393
190,39.32501341921632,12.506709608158884,7.50805152979066,29.22705314009662,1.8719806763285025,3.294417606011809,6.125872249060655,0.14090177133655393
191,39.27133655394525,12.318840579710145,7.588566827697263,29.01905528717123,1.8719806763285025,2.9924852388620504,6.796833064949007,0.14090177133655393
192,39.392109500805155,12.177938808373591,7.588566827697263,28.92512077294686,2.0128824476650564,2.9924852388620504,6.769994632313473,0.14090177133655393
193,39.70746108427268,12.144390767579173,7.5348899624261945,28.723832528180353,1.9994632313472893,2.9924852388620504,6.756575415995706,0.14090177133655393
194,40.00939345142244,12.06387546967257,7.5348899624261945,28.569511540526033,1.9994632313472893,2.9924852388620504,6.689479334406871,0.14090177133655393
195,40.15029522275899,12.010198604401502,7.5348899624261945,28.482286634460547,1.9994632313472893,2.9924852388620504,6.689479334406871,0.14090177133655393
196,40.673644659151904,11.990069779924852,7.5281803542673105,28.059581320450885,1.9994632313472893,2.985775630703167,6.622383252818035,0.14090177133655393
197,40.552871712292,11.876006441223833,7.5281803542673105,28.046162104133117,1.9927536231884058,3.2474503488996245,6.615673644659152,0.14090177133655393
198,40.90848094471283,11.782071926999464,7.440955448201825,27.985775630703166,1.9927536231884058,3.2474503488996245,6.501610305958132,0.14090177133655393
199,41.44524959742351,11.728395061728396,7.434245840042942,27.616747181964573,1.9927536231884058,3.2206119162640903,6.421095008051529,0.14090177133655393
200,41.646537842190014,11.714975845410628,7.367149758454106,27.502683843263554,1.9860440150295222,3.2206119162640903,6.421095008051529,0.14090177133655393
201,41.92163177670424,11.701556629092861,7.266505636070853,27.489264626945786,1.9860440150295222,3.1870638754696725,6.3070316693505095,0.14090177133655393
202,42.190016103059584,11.694847020933977,7.232957595276436,27.428878153515836,1.9860440150295222,3.1870638754696725,6.139291465378422,0.14090177133655393
203,41.176865271068166,12.801932367149758,7.219538378958669,27.375201288244767,1.9860440150295222,3.1870638754696725,6.112453032742888,0.14090177133655393
204,39.42565754159957,12.573805689747719,6.025228126677402,30.763553408480945,1.9860440150295222,3.1535158346752548,6.072195383789587,
205,39.78797638217928,12.453032742887816,6.025228126677402,30.609232420826622,1.9860440150295222,3.1535158346752548,5.984970477724101,
206,39.87520128824477,12.446323134728932,6.025228126677402,30.56226516371444,1.9860440150295222,3.140096618357488,5.964841653247451,
207,40.15700483091788,12.338969404186795,6.025228126677402,30.461621041331185,1.9457863660762211,3.140096618357488,5.931293612453032,
208,40.49248523886205,12.25174449812131,5.931293612453032,30.407944176060116,1.9457863660762211,3.113258185721954,5.857487922705314,
209,40.61996779388084,12.245034889962426,5.931293612453032,30.327428878153516,1.9122383252818036,3.1065485775630703,5.857487922705314,
210,40.727321524422976,12.245034889962426,5.891035963499732,30.287171229200215,1.9122383252818036,3.1065485775630703,5.83064949006978,
211,41.0024154589372,12.164519592055823,5.8172302737520125,30.17981749865808,1.778046162104133,3.227321524422974,5.83064949006978,
212,40.49248523886205,11.876006441223833,5.743424584004294,28.65673644659152,1.6975308641975309,3.1333870101986045,8.400429414922169,
213,40.51932367149758,11.876006441223833,5.730005367686527,28.64331723027375,1.6975308641975309,3.1333870101986045,8.400429414922169,
214,40.33816425120773,11.741814278046162,6.749865807836822,28.06629092860977,1.6304347826086956,3.1199677938808374,8.353462157809984,
215,40.687063875469676,11.721685453569512,6.709608158883521,27.9723564143854,1.6237251744498122,3.1199677938808374,8.165593129361245,
216,40.76086956521739,11.721685453569512,6.642512077294686,27.9723564143854,1.6237251744498122,3.113258185721954,8.165593129361245,
217,41.19028448738594,11.681427804616211,6.608964036500268,27.63016639828234,1.6237251744498122,3.113258185721954,8.152173913043478,
218,41.43183038110574,11.580783682232958,6.528448738593666,27.596618357487923,1.6103059581320451,3.113258185721954,8.13875469672571,
219,41.78743961352657,11.379495437466453,6.528448738593666,27.556360708534623,1.6103059581320451,3.0327428878153517,8.105206655931294,
220,42.04240472356415,11.345947396672035,6.528448738593666,27.375201288244767,1.6103059581320451,2.999194847020934,8.09849704777241,
221,42.39801395598497,11.345947396672035,6.4345142243692965,27.254428341384862,1.6103059581320451,2.999194847020934,7.957595276435856,
222,41.90150295222759,11.2788513150832,6.031937734836285,28.30112721417069,1.6103059581320451,2.9253891572732154,7.950885668276973,
223,42.1430488459474,11.258722490606548,5.9514224369296835,28.173644659151904,1.6103059581320451,2.9253891572732154,7.937466451959206,
224,42.1430488459474,11.191626409017713,5.877616747181965,28.871443907675793,1.596886741814278,2.9253891572732154,7.39398819108964,
225,42.230273752012884,11.158078368223295,5.864197530864198,28.837895866881375,1.5901771336553945,2.9253891572732154,7.39398819108964,
226,42.46511003757381,11.151368760064413,5.864197530864198,28.609769189479334,1.5901771336553945,2.9253891572732154,7.39398819108964,
227,42.881105743424584,10.923242082662373,5.770263016639828,28.529253891572733,1.5767579173376274,2.9253891572732154,7.39398819108964,
228,43.612453032742884,10.762211486849168,5.709876543209877,28.093129361245303,1.556629092860977,2.9253891572732154,7.340311325818572,
229,43.82045088566828,10.721953837895867,5.656199677938808,27.992485238862052,1.556629092860977,2.9253891572732154,7.326892109500805,
230,43.874127750939344,10.701825013419215,5.656199677938808,27.992485238862052,1.556629092860977,2.9052603327965647,7.313472893183038,
231,44.04857756307032,10.654857756307031,5.649490069779925,27.965646806226516,1.4626945786366077,2.9052603327965647,7.313472893183038,
232,44.216317767042405,10.654857756307031,5.629361245303274,27.737520128824478,1.4626945786366077,3.052871712292002,7.246376811594203,
233,44.41760601180891,10.581052066559312,5.629361245303274,27.61003757380569,1.4626945786366077,3.052871712292002,7.246376811594203,
234,43.73322597960279,10.473698336017177,5.475040257648954,28.515834675254965,1.4626945786366077,3.052871712292002,7.286634460547504,
235,44.10896403650027,10.091250670960816,6.125872249060655,28.012614063338702,1.4559849704777241,2.999194847020934,7.206119162640902,
236,44.216317767042405,10.037573805689748,6.125872249060655,27.958937198067634,1.4559849704777241,2.999194847020934,7.206119162640902,
237,44.0552871712292,9.990606548577563,6.099033816425121,28.388352120236178,1.4492753623188406,2.9723564143853998,7.0450885668276975,
238,44.31025228126678,9.96376811594203,6.0587761674718195,28.207192699946322,1.4492753623188406,2.9723564143853998,7.0383789586688135,
239,44.76650563607085,9.903381642512077,6.0587761674718195,27.945517981749866,1.4090177133655395,2.9723564143853998,6.944444444444445,
240,44.927536231884055,9.903381642512077,6.0587761674718195,27.78448738593666,1.4090177133655395,2.9723564143853998,6.944444444444445,
241,45.13553408480945,9.903381642512077,5.964841653247451,27.67042404723564,1.4090177133655395,2.9723564143853998,6.944444444444445,
242,45.18250134192163,9.88996242619431,6.105743424584004,27.536231884057973,1.4090177133655395,2.9723564143853998,6.904186795491143,
243,44.77992485238862,9.88996242619431,6.092324208266238,27.13365539452496,1.4090177133655395,2.952227589908749,7.742887815351583,
244,44.96108427267848,9.88996242619431,6.072195383789587,27.006172839506174,1.3888888888888888,2.952227589908749,7.729468599033816,
245,45.128824476650564,9.88996242619431,5.978260869565218,26.96591519055287,1.3888888888888888,2.952227589908749,7.695920558239399,
246,45.29656468062265,9.863123993558776,5.964841653247451,26.898819108964037,1.3888888888888888,2.952227589908749,7.635534084809447,
247,45.65217391304348,9.849704777241008,5.964841653247451,26.630434782608695,1.3888888888888888,2.932098765432099,7.581857219538379,
248,44.12238325281803,9.447128287707997,5.8239398819108965,29.71014492753623,1.3754696725711217,2.871712292002147,6.649221685453569,
249,44.256575415995705,9.433709071390231,5.8239398819108965,29.64975845410628,1.3754696725711217,2.871712292002147,6.588835212023618,
250,44.31025228126678,9.380032206119163,6.092324208266238,29.435050993022006,1.3754696725711217,2.7844873859366612,6.494900697799249,0.1274825550187869
251,44.6658615136876,9.339774557165862,6.206387546967257,29.126409017713364,1.3754696725711217,2.7844873859366612,6.374127750939345,0.1274825550187869
252,44.06870638754697,8.82313472893183,5.58239398819109,31.36070853462158,1.3620504562533549,2.314814814814815,6.360708534621578,0.1274825550187869
253,44.26999463231347,8.776167471819646,5.58239398819109,31.273483628556093,1.3620504562533549,2.3081052066559313,6.300322061191626,0.1274825550187869
254,44.357219538378956,8.749329039184111,5.58239398819109,31.21309715512614,1.3620504562533549,2.3081052066559313,6.300322061191626,0.1274825550187869
255,44.43102522812668,8.675523349436393,5.58239398819109,31.09903381642512,1.3620504562533549,2.3081052066559313,6.300322061191626,0.24154589371980675
256,44.55179817498658,8.648684916800859,5.58239398819109,31.092324208266238,1.3419216317767042,2.2879763821792807,6.253354804079442,0.24154589371980675
257,44.97450348899624,8.548040794417606,5.58239398819109,30.783682232957595,1.3352120236178207,2.2879763821792807,6.246645195920558,0.24154589371980675
258,45.60520665593129,8.313204508856682,5.562265163714439,30.52871712292002,1.328502415458937,2.187332259796028,6.246645195920558,0.2281266774020397
259,46.081588835212024,8.313204508856682,5.448201825013419,30.35426731078905,1.3217928073000538,2.167203435319377,6.085614600107354,0.2281266774020397
260,46.282877079978526,8.239398819108963,5.434782608695652,30.18652710681696,1.3217928073000538,2.167203435319377,6.139291465378422,0.2281266774020397
261,46.68545356951154,8.239398819108963,5.293880837359098,30.02549651100376,1.3217928073000538,2.167203435319377,6.038647342995169,0.2281266774020397
262,46.98067632850242,8.091787439613526,5.293880837359098,29.95169082125604,1.247987117552335,2.167203435319377,6.038647342995169,0.2281266774020397
263,46.94041867954911,8.085077831454644,5.776972624798712,29.51556629092861,1.247987117552335,2.167203435319377,6.038647342995169,0.2281266774020397
264,47.08803005904455,8.024691358024691,5.770263016639828,29.488727858293075,1.247987117552335,2.167203435319377,5.984970477724101,0.2281266774020397
265,47.24235104669887,8.004562533548041,5.743424584004294,29.394793344068706,1.2345679012345678,2.167203435319377,5.984970477724101,0.2281266774020397
266,47.44363929146538,7.997852925389157,5.683038110574342,29.260601180891037,1.2345679012345678,2.167203435319377,5.984970477724101,0.2281266774020397
267,47.65163714439077,7.977724100912507,5.756843800322061,29.012345679012345,1.2345679012345678,2.1604938271604937,5.978260869565218,0.2281266774020397
268,47.95356951154053,7.977724100912507,5.595813204508857,28.77750939345142,1.2144390767579174,2.2946859903381642,5.978260869565218,0.20799785292538917
269,48.14143853998927,7.977724100912507,5.5689747718733225,28.650026838432634,1.1943102522812667,2.2946859903381642,5.964841653247451,0.20799785292538917
270,48.09447128287708,7.937466451959206,5.5689747718733225,28.495705850778315,1.1943102522812667,2.24771873322598,6.253354804079442,0.20799785292538917
271,48.34272678475577,7.843531937734836,5.5689747718733225,28.368223295759528,1.1943102522812667,2.24771873322598,6.226516371443908,0.20799785292538917
272,48.61782071926999,7.742887815351583,5.508588298443371,28.33467525496511,1.1943102522812667,2.2074610842726785,6.1862587224906065,0.20799785292538917
273,46.93370907139023,7.709339774557166,5.186527106816962,29.99194847020934,0.8387010198604401,2.167203435319377,6.964573268921095,0.20799785292538917
274,47.094739667203434,7.62211486849168,5.186527106816962,29.918142780461622,0.8387010198604401,2.167203435319377,6.964573268921095,0.20799785292538917
275,47.32957595276436,7.561728395061729,5.159688674181428,29.864465915190554,0.8387010198604401,2.167203435319377,6.870638754696726,0.20799785292538917
276,47.557702630166396,7.561728395061729,5.146269457863661,29.622920021470748,0.8387010198604401,2.167203435319377,6.776704240472356,0.32877079978529256
277,47.819377348362856,7.514761137949543,5.032206119162641,29.522275899087493,0.8387010198604401,2.167203435319377,6.776704240472356,0.32877079978529256
278,47.85963499731616,7.454374664519592,5.032206119162641,29.428341384863124,0.8387010198604401,2.167203435319377,6.890767579173376,0.32877079978529256
279,48.11460010735373,7.454374664519592,4.938271604938271,29.347826086956523,0.8387010198604401,2.167203435319377,6.810252281266774,0.32877079978529256
280,48.409822866344605,7.37385936661299,4.864465915190553,29.314278046162105,0.8387010198604401,2.1403650026838434,6.729736983360172,0.32877079978529256
281,48.711755233494365,7.313472893183038,4.864465915190553,29.1129898013956,0.8387010198604401,2.1403650026838434,6.689479334406871,0.32877079978529256
282,47.77241009125067,7.239667203435319,4.864465915190553,30.307300053676865,0.8387010198604401,2.1403650026838434,6.508319914117015,0.32877079978529256
283,47.85963499731616,7.219538378958669,4.8376274825550185,30.280461621041333,0.8387010198604401,2.1403650026838434,6.494900697799249,0.32877079978529256
284,48.11460010735373,7.1725711218464845,4.824208266237251,30.079173376274827,0.8387010198604401,2.1269457863660763,6.528448738593666,0.3153515834675255
285,48.38298443370907,7.132313472893183,4.730273752012883,29.944981213097154,0.8387010198604401,2.1269457863660763,6.528448738593666,0.3153515834675255
286,48.53730542136339,7.132313472893183,4.7168545356951155,29.851046698872786,0.8252818035426731,2.0933977455716586,6.528448738593666,0.3153515834675255
287,48.78556092324208,7.132313472893183,4.676596886741814,29.448470209339774,0.8252818035426731,2.3215244229736984,6.494900697799249,0.3153515834675255
288,48.83923778851315,7.112184648416532,4.676596886741814,29.448470209339774,0.8252818035426731,2.314814814814815,6.468062265163715,0.3153515834675255
289,48.76543209876543,6.944444444444445,5.280461621041331,29.354535695115406,0.7447665056360708,2.314814814814815,6.280193236714976,0.3153515834675255
290,48.87949543746645,6.910896403650026,5.35426731078905,29.274020397208805,0.7447665056360708,2.314814814814815,6.206387546967257,0.3153515834675255
291,48.96672034353194,6.910896403650026,5.35426731078905,29.17337627482555,0.7447665056360708,2.4557165861513686,6.078904991948471,0.3153515834675255
292,49.18813741277509,6.910896403650026,5.3341384863123995,29.03918411164788,0.7313472893183038,2.4557165861513686,6.025228126677402,0.3153515834675255
293,49.36929683306495,6.769994632313473,5.280461621041331,29.05931293612453,0.7045088566827697,2.4557165861513686,6.045356951154052,0.3153515834675255
294,49.39613526570049,6.729736983360172,5.2066559312936125,29.012345679012345,0.7045088566827697,2.4557165861513686,6.179549114331723,0.3153515834675255
295,48.993558776167475,6.454643048845948,5.2066559312936125,29.70343531937735,0.7045088566827697,2.4557165861513686,6.166129898013956,0.3153515834675255
