,45,50,51,52,53,54,55,56
0,97.1484165324745,2.8515834675254963,,,,,,
1,97.08803005904456,2.9119699409554483,,,,,,
2,97.08803005904456,2.9119699409554483,,,,,,
3,96.79280730005368,3.207192699946323,,,,,,
4,95.31669350509931,4.683306494900698,,,,,,
5,95.38378958668814,4.616210413311863,,,,,,
6,95.42404723564144,4.441760601180891,0.13419216317767044,,,,,
7,93.74664519592056,6.119162640901771,0.13419216317767044,,,,,
8,93.83387010198605,6.031937734836285,0.13419216317767044,,,,,
9,93.83387010198605,6.031937734836285,0.13419216317767044,,,,,
10,88.9224369296833,10.943370907139023,0.13419216317767044,,,,,
11,82.50805152979066,17.37788513150832,0.11406333870101985,,,,,
12,79.41492216854536,20.585077831454644,,,,,,
13,75.55689747718733,24.44310252281267,,,,,,
14,75.10064412238326,24.89935587761675,,,,,,
15,75.2818035426731,24.416264090177133,,0.30193236714975846,,,,
16,71.0480407944176,27.596618357487923,1.0534084809447128,0.30193236714975846,,,,
17,69.81347289318303,28.83118625872249,1.0534084809447128,0.30193236714975846,,,,
18,70.67901234567901,27.965646806226516,1.0534084809447128,0.30193236714975846,,,,
19,68.99490069779925,28.08641975308642,2.6167471819645733,0.30193236714975846,,,,
20,69.02844873859367,28.18035426731079,2.4892646269457863,0.30193236714975846,,,,
21,69.24315619967794,27.992485238862052,2.462426194310252,0.30193236714975846,,,,
22,69.53837895866882,27.697262479871174,2.462426194310252,0.30193236714975846,,,,
23,64.10359634997316,33.15217391304348,2.442297369833602,0.30193236714975846,,,,
24,62.82206119162641,32.18599033816425,4.690016103059581,0.30193236714975846,,,,
25,63.00322061191626,32.00483091787439,4.690016103059581,0.30193236714975846,,,,
26,63.39237788513151,31.635802469135804,4.669887278582931,0.30193236714975846,,,,
27,63.77482555018787,30.96484165324745,4.555823939881911,0.30193236714975846,0.4025764895330113,,,
28,64.04320987654322,30.73671497584541,4.528985507246377,0.30193236714975846,0.38915727321524424,,,
29,63.49302200751476,27.999194847020934,4.502147074610843,1.8988191089640365,0.38915727321524424,1.7176596886741815,,
30,62.533548040794415,28.75067096081589,4.461889425657541,1.8988191089640365,0.38915727321524424,1.6908212560386473,0.27509393451422437,
31,62.526838432635536,28.435319377348364,4.676596886741814,2.006172839506173,0.38915727321524424,1.6908212560386473,0.27509393451422437,
32,61.85587761674718,27.68384326355341,6.266774020397209,1.9793344068706387,0.38915727321524424,1.5499194847020934,0.27509393451422437,
33,61.48684916800859,28.173644659151904,6.172839506172839,1.9524959742351047,0.38915727321524424,1.5499194847020934,0.27509393451422437,
34,56.95115405260333,31.884057971014492,7.011540526033279,1.9524959742351047,0.38915727321524424,1.5365002683843263,0.27509393451422437,
35,57.51476113794954,31.588835212023618,6.776704240472356,1.9524959742351047,0.38915727321524424,1.5029522275899088,0.27509393451422437,
36,50.878958668813745,36.64787976382179,8.957326892109501,1.751207729468599,,1.4895330112721417,0.27509393451422437,
37,51.25469672571122,36.32581857219538,8.903650026838433,1.751207729468599,,1.4895330112721417,0.27509393451422437,
38,51.44256575415996,36.231884057971016,8.870101986044014,1.7176596886741815,,1.4626945786366077,0.27509393451422437,
39,52.234299516908216,35.581052066559316,8.836553945249598,1.6103059581320451,,1.4626945786366077,0.27509393451422437,
40,49.322329575952764,38.27160493827161,8.76274825550188,1.6035963499731616,0.18115942028985507,1.583467525496511,0.27509393451422437,
41,49.765163714439076,37.936124530327426,8.715780998389693,1.6035963499731616,0.18115942028985507,1.5230810520665594,0.27509393451422437,
42,50.44283413848631,37.41277509393451,8.662104133118627,1.5163714439076759,0.18115942028985507,1.5096618357487923,0.27509393451422437,
43,46.4573268921095,41.78743961352657,8.400429414922169,1.5163714439076759,0.17444981213097155,1.3888888888888888,0.27509393451422437,
44,46.89345142243693,41.55260332796565,8.333333333333334,1.4492753623188406,0.14761137949543746,1.3486312399355878,0.27509393451422437,
45,45.13553408480945,43.4044551798175,8.252818035426731,1.4492753623188406,0.13419216317767044,1.3486312399355878,0.27509393451422437,
46,43.76006441223833,44.96108427267848,8.205850778314547,1.3150831991411702,0.13419216317767044,1.3486312399355878,0.27509393451422437,
47,43.243424584004295,43.49838969404187,10.185185185185185,1.3150831991411702,0.13419216317767044,1.3486312399355878,0.27509393451422437,
48,42.53891572732152,44.06870638754697,10.091250670960816,1.3150831991411702,0.3757380568974772,1.3352120236178207,0.27509393451422437,
49,42.975040257648956,43.853998926462694,9.876543209876543,1.3150831991411702,0.36902844873859364,1.3352120236178207,0.27509393451422437,
50,43.41116478797638,42.58588298443371,9.822866344605474,2.200751476113795,0.36902844873859364,1.3352120236178207,0.27509393451422437,
51,40.52603327965647,49.91277509393451,5.642780461621041,2.0665593129361244,0.36902844873859364,1.482823403113258,,
52,40.995705850778315,49.53032742887815,5.562265163714439,2.0665593129361244,0.36231884057971014,1.482823403113258,,
53,42.09608158883521,48.651368760064415,5.407944176060118,1.9994632313472893,0.36231884057971014,1.482823403113258,,
54,42.7133655394525,48.03408480944713,5.407944176060118,1.9994632313472893,0.36231884057971014,1.482823403113258,,
55,40.06977992485239,45.16237251744498,10.856146001073537,1.9390767579173376,0.36231884057971014,1.6103059581320451,,
56,39.962426194310254,42.62614063338701,11.916264090177133,1.9256575415995705,0.36231884057971014,3.207192699946323,,
57,39.33843263553408,40.371712292002144,15.009393451422437,1.8786902844873858,0.20128824476650564,3.2004830917874396,,
58,38.32528180354267,41.22383252818035,15.22410091250671,1.8518518518518519,0.20128824476650564,3.1736446591519054,,
59,39.25791733762748,40.485775630703166,15.11003757380569,1.8384326355340848,0.1878690284487386,3.1199677938808374,,
60,39.67391304347826,40.33145464304884,14.935587761674718,1.8250134192163177,0.1878690284487386,3.046162104133119,,
61,40.22410091250671,39.88191089640365,14.848362855609233,1.8250134192163177,0.17444981213097155,3.046162104133119,,
62,40.82125603864734,39.47933440687064,14.687332259796028,1.8250134192163177,0.17444981213097155,3.012614063338701,,
63,40.90177133655394,38.506441223832525,16.069511540526033,1.3553408480944713,0.17444981213097155,2.9924852388620504,,
64,41.37144390767579,38.1105743424584,15.895061728395062,1.3553408480944713,0.32877079978529256,2.9388083735909825,,
65,41.720343531937736,37.84219001610306,15.83467525496511,1.3486312399355878,0.32877079978529256,2.9253891572732154,,
66,41.78743961352657,35.990338164251206,15.58641975308642,1.3486312399355878,0.32877079978529256,3.4957058507783145,1.4626945786366077,
67,41.47208803005905,33.99087493290392,17.934782608695652,1.3150831991411702,0.32877079978529256,3.4957058507783145,1.4626945786366077,
68,41.27079978529254,32.74288781535159,19.45786366076221,1.3083735909822867,0.32877079978529256,3.4621578099838968,1.42914653784219,
69,41.277509393451425,31.320450885668276,19.37734836285561,2.952227589908749,0.32877079978529256,3.3145464304884595,1.42914653784219,
70,41.8545356951154,31.05877616747182,19.07541599570585,2.952227589908749,0.32877079978529256,3.3145464304884595,1.415727321524423,
71,42.11621041331186,29.435050993022006,18.853998926462694,2.952227589908749,1.9524959742351047,3.294417606011809,1.3955984970477724,
72,42.62614063338701,29.1935050993022,18.699677938808374,2.952227589908749,1.8384326355340848,3.294417606011809,1.3955984970477724,
73,42.881105743424584,28.173644659151904,18.183038110574344,4.066022544283414,1.8183038110574343,3.69699409554482,1.1808910359634996,
74,43.61916264090177,27.79790660225443,17.961621041331185,4.03918411164788,1.737788513150832,3.6634460547504024,1.1808910359634996,
75,44.04186795491143,27.03972088030059,17.840848094471284,3.9720880300590444,2.428878153515835,3.656736446591519,1.0198604401502953,
76,44.826892109500804,26.570048309178745,17.619431025228128,3.898282340311326,2.428878153515835,3.6366076221148687,1.0198604401502953,
77,44.880568974771876,25.449543746645197,20.29656468062265,3.750670960815888,1.8988191089640365,3.6366076221148687,0.08722490606548577,
78,45.16237251744498,24.52361782071927,19.53166935050993,5.199946323134729,1.8786902844873858,3.616478797638218,0.08722490606548577,
79,45.511272141706925,24.255233494363928,18.760064412238325,6.0587761674718195,1.737788513150832,3.589640365002684,0.08722490606548577,
80,44.42431561996779,25.6105743424584,18.592324208266238,5.958132045088567,1.737788513150832,3.589640365002684,0.08722490606548577,
81,44.95437466451959,25.348899624261943,18.16290928609769,5.917874396135265,1.9793344068706387,3.549382716049383,0.08722490606548577,
82,36.574074074074076,18.263553408480945,37.104133118625874,3.7037037037037037,1.7310789049919484,2.4691358024691357,0.15432098765432098,
83,37.144390767579175,18.303811057434245,36.85587761674718,3.5628019323671496,1.6505636070853462,2.328234031132582,0.15432098765432098,
84,37.86231884057971,18.109232420826622,36.3996242619431,3.515834675254965,1.6505636070853462,2.3081052066559313,0.15432098765432098,
85,37.0101986044015,16.867954911433173,38.539989264626946,3.3548040794417604,1.6237251744498122,2.3081052066559313,0.2952227589908749,
86,32.306763285024154,27.596618357487923,31.407675791733762,5.22007514761138,1.5767579173376274,1.6170155662909287,0.27509393451422437,
87,32.870370370370374,27.24771873322598,30.92458400429415,5.173107890499195,1.5767579173376274,1.7713365539452497,0.43612453032742887,
88,33.44739667203435,27.059849704777243,30.589103596349972,5.139559849704777,1.5767579173376274,1.751207729468599,0.43612453032742887,
89,34.14519592055824,26.684111647879764,30.307300053676865,5.005367686527107,1.556629092860977,1.892109500805153,0.4092860976918948,
90,34.27938808373591,25.731347289318304,29.562533548040793,4.85775630703167,1.556629092860977,3.603059581320451,0.4092860976918948,
91,34.836285560923244,25.503220611916262,29.408212560386474,4.817498658078368,1.5163714439076759,3.5091250670960816,0.4092860976918948,
92,35.40660225442834,25.214707461084274,29.17337627482555,4.817498658078368,1.482823403113258,3.4957058507783145,0.4092860976918948,
93,35.889694041867955,25.0805152979066,28.951959205582394,4.7168545356951155,1.482823403113258,3.4822866344605474,0.39586688137412773,
94,33.601717659688674,27.730810520665592,28.64331723027375,4.690016103059581,1.4694041867954912,3.4688674181427803,0.39586688137412773,
95,28.683574879227052,39.720880300590444,20.128824476650564,7.742887815351583,1.3754696725711217,1.9524959742351047,0.39586688137412773,
96,29.61621041331186,39.19753086419753,19.79334406870639,7.669082125603865,1.3754696725711217,1.9524959742351047,0.39586688137412773,
97,30.12614063338701,38.191089640365,19.162640901771336,8.856682769726248,1.3352120236178207,1.9524959742351047,0.3757380568974772,
98,30.66290928609769,37.76838432635534,19.129092860976918,8.776167471819646,1.3352120236178207,1.9524959742351047,0.3757380568974772,
99,31.17283950617284,37.553676865271065,19.02173913043478,8.702361782071927,1.261406333870102,1.9122383252818036,0.3757380568974772,
100,31.629092860976918,37.40606548577563,18.773483628556093,8.702361782071927,1.261406333870102,1.8518518518518519,0.3757380568974772,
101,32.648953301127214,36.81561996779388,18.625872249060656,8.521202361782072,1.2345679012345678,1.8048845947396672,0.3488996242619431,
102,33.55475040257649,36.50697799248524,18.276972624798713,8.313204508856682,1.2077294685990339,1.7981749865807837,0.3421900161030596,
103,33.5077831454643,26.583467525496513,28.535963499731615,8.105206655931294,1.2077294685990339,1.7176596886741815,0.3421900161030596,
104,33.8365539452496,26.529790660225444,28.30112721417069,7.944176060118089,1.2010198604401503,1.7176596886741815,0.32877079978529256,0.14090177133655393
105,34.23242082662372,26.31508319914117,28.039452495974235,7.836822329575953,1.2010198604401503,1.90552871712292,0.32877079978529256,0.14090177133655393
106,34.997316156736446,26.04669887278583,27.67042404723564,7.729468599033816,1.2010198604401503,1.8853998926462694,0.32877079978529256,0.14090177133655393
107,35.69511540526033,25.791733762748255,27.32823403113258,7.635534084809447,1.2010198604401503,1.8786902844873858,0.32877079978529256,0.14090177133655393
108,36.151368760064415,25.39586688137413,27.32823403113258,7.581857219538379,1.2010198604401503,1.8719806763285025,0.32877079978529256,0.14090177133655393
109,37.084004294149224,24.993290391841118,26.959205582393988,7.474503488996243,1.2010198604401503,1.8183038110574343,0.32877079978529256,0.14090177133655393
110,37.60735373054214,24.84567901234568,26.670692431561996,7.434245840042942,1.2010198604401503,1.7713365539452497,0.32877079978529256,0.14090177133655393
111,34.31964573268921,20.169082125603865,37.754965110037574,5.864197530864198,0.30864197530864196,1.2345679012345678,0.20799785292538917,0.14090177133655393
112,34.82286634460547,19.994632313472895,37.4597423510467,5.844068706387547,0.30864197530864196,1.221148684916801,0.20799785292538917,0.14090177133655393
113,35.30595813204509,19.867149758454108,37.11084272678475,5.837359098228664,0.30864197530864196,1.221148684916801,0.20799785292538917,0.14090177133655393
114,35.68169618894257,19.6256038647343,36.99006977992485,5.837359098228664,0.30864197530864196,1.2077294685990339,0.20799785292538917,0.14090177133655393
115,36.10440150295223,19.524959742351047,36.73510466988728,5.642780461621041,0.30864197530864196,1.3352120236178207,0.20799785292538917,0.14090177133655393
116,36.68813741277509,19.37734836285561,36.32581857219538,5.615942028985507,0.30864197530864196,1.3352120236178207,0.20799785292538917,0.14090177133655393
117,37.1309715512614,19.176060118089104,36.090982286634464,5.4616210413311865,0.30864197530864196,1.288244766505636,0.4025764895330113,0.14090177133655393
118,37.72812667740204,18.99490069779925,35.69511540526033,5.441492216854535,0.30864197530864196,1.288244766505636,0.4025764895330113,0.14090177133655393
119,38.12399355877617,18.894256575415994,34.024422973698336,5.394524959742351,0.2616747181964573,1.288244766505636,1.8719806763285025,0.14090177133655393
120,38.7614063338701,18.753354804079443,33.63526570048309,5.287171229200215,0.2616747181964573,1.288244766505636,1.8719806763285025,0.14090177133655393
121,39.35856146001073,18.53864734299517,33.340042941492214,5.22007514761138,0.2616747181964573,1.2681159420289856,1.8719806763285025,0.14090177133655393
122,39.38539989264627,18.06897477187332,34.366612989801396,4.636339237788513,0.2616747181964573,1.2681159420289856,1.8719806763285025,0.14090177133655393
123,38.92243692968331,17.64626945786366,36.72168545356951,3.435319377348363,0.2616747181964573,1.0601180891035964,1.8115942028985508,0.14090177133655393
124,38.466183574879224,17.330917874396135,34.50080515297907,6.5552871712292005,0.2616747181964573,1.0601180891035964,1.6841116478797638,0.14090177133655393
125,37.956253354804076,15.955448201825014,37.124261943102525,6.0654857756307035,0.2281266774020397,0.9930220075147611,1.6774020397208802,
126,38.34541062801932,15.915190552871712,36.83574879227053,6.005099302200751,0.2281266774020397,0.9930220075147611,1.6774020397208802,
127,38.6406333870102,15.874932903918411,36.65458937198068,5.964841653247451,0.2281266774020397,0.9863123993558777,1.6505636070853462,
128,39.398819108964034,15.807836822329575,35.990338164251206,5.964841653247451,0.2281266774020397,0.9863123993558777,1.6237251744498122,
129,38.7211486849168,15.365002683843263,37.11755233494364,5.83064949006978,0.2281266774020397,0.9863123993558777,1.6103059581320451,0.14090177133655393
130,39.17740203972088,15.250939345142244,36.963231347289316,5.676328502415459,0.2281266774020397,0.9594739667203436,1.6035963499731616,0.14090177133655393
131,39.432367149758456,15.03623188405797,36.64787976382179,6.031937734836285,0.2281266774020397,0.8789586688137413,1.6035963499731616,0.14090177133655393
132,40.05636070853462,14.761137949543746,36.45330112721417,5.978260869565218,0.2281266774020397,0.8252818035426731,1.556629092860977,0.14090177133655393
133,40.57971014492754,14.667203435319378,35.889694041867955,5.978260869565218,0.2281266774020397,0.8252818035426731,1.6908212560386473,0.14090177133655393
134,40.4320987654321,15.03623188405797,35.68840579710145,5.958132045088567,0.2281266774020397,0.8252818035426731,1.6908212560386473,0.14090177133655393
135,40.84809447128288,14.9020397208803,35.50053676865271,5.864197530864198,0.2281266774020397,0.8252818035426731,1.6908212560386473,0.14090177133655393
136,41.337895866881375,14.74771873322598,35.17176596886742,5.864197530864198,0.2281266774020397,0.8252818035426731,1.6841116478797638,0.14090177133655393
137,41.659957058507786,14.65378421900161,34.97047772410091,5.850778314546431,0.2281266774020397,0.8252818035426731,1.6706924315619969,0.14090177133655393
138,42.2638217928073,14.660493827160494,34.35990338164251,5.844068706387547,0.2281266774020397,0.8252818035426731,1.6774020397208802,0.14090177133655393
139,42.74020397208803,14.55984970477724,34.044551798174986,5.783682232957595,0.2281266774020397,0.8252818035426731,1.6774020397208802,0.14090177133655393
140,42.86768652710682,14.506172839506172,30.877616747181964,5.615942028985507,0.2281266774020397,0.8252818035426731,4.9718196457326895,0.10735373054213634
141,43.20987654320987,14.40552871712292,30.636070853462158,5.615942028985507,0.2281266774020397,0.8252818035426731,4.9718196457326895,0.10735373054213634
142,43.67954911433172,14.325013419216317,30.347557702630166,5.548845947396672,0.2281266774020397,0.8252818035426731,4.938271604938271,0.10735373054213634
143,44.216317767042405,14.143853998926463,30.02549651100376,6.736446591519055,0.2281266774020397,0.8252818035426731,3.717122920021471,0.10735373054213634
144,44.57192699946323,14.090177133655395,29.770531400966185,6.5552871712292005,0.2281266774020397,0.9594739667203436,3.717122920021471,0.10735373054213634
145,44.98792270531401,13.848631239935587,29.32769726247987,6.5485775630703165,0.5099302200751477,0.95276435856146,3.717122920021471,0.10735373054213634
146,45.7259796027912,13.714439076757918,29.032474503488995,6.3070316693505095,0.5099302200751477,0.9393451422436929,3.6634460547504024,0.10735373054213634
147,46.222490606548575,13.600375738056897,28.77750939345142,6.293612453032743,0.48980139559849706,0.9393451422436929,3.569511540526033,0.10735373054213634
148,40.693773483628554,26.133923778851315,20.034889962426195,8.61513687600644,0.322061191626409,0.6709608158883521,3.5292538915727323,
149,41.056092324208265,26.006441223832528,19.87385936661299,8.55475040257649,0.30864197530864196,0.6709608158883521,3.5292538915727323,
150,40.76757917337628,25.865539452495973,20.50456253354804,8.480944712828771,0.30864197530864196,0.5904455179817498,3.4822866344605474,
151,40.50590445517982,24.711486849168008,20.162372517444982,8.360171765968868,0.30864197530864196,0.5904455179817498,5.360976918947934,
152,40.955448201825014,24.55716586151369,20.04830917874396,8.232689210950081,0.30864197530864196,0.5904455179817498,5.307300053676865,
153,40.29119699409554,24.154589371980677,19.290123456790123,8.185721953837897,3.2004830917874396,0.5568974771873323,4.320987654320987,
154,40.754159957058505,23.926462694578635,18.9747718733226,8.165593129361245,3.180354267310789,0.5568974771873323,4.441760601180891,
155,40.365002683843265,23.14814814814815,18.585614600107355,9.426999463231347,3.4822866344605474,0.5568974771873323,4.435050993022007,
156,40.94202898550725,22.926731078904993,18.397745571658614,9.306226516371444,3.4621578099838968,0.5568974771873323,4.408212560386473,
157,41.700214707461086,22.611379495437465,17.98845947396672,9.286097691894794,3.44873859366613,0.5568974771873323,4.408212560386473,
158,41.89479334406871,22.34970477724101,17.975040257648953,9.178743961352657,3.435319377348363,0.6776704240472357,4.488727858293076,
159,42.3040794417606,22.188674181427803,17.800590445517983,9.125067096081589,3.4286097691894795,0.6776704240472357,4.4753086419753085,
160,42.58588298443371,21.994095544820183,17.773752012882447,9.098228663446054,3.3950617283950617,0.6776704240472357,4.4753086419753085,
161,42.552334943639295,21.68545356951154,18.431293612453032,8.896940418679549,3.3145464304884595,0.5837359098228664,4.42163177670424,0.11406333870101985
162,43.303811057434245,21.571390230810522,18.10252281266774,8.84326355340848,3.0931293612453032,0.5837359098228664,4.388083735909823,0.11406333870101985
163,43.001878690284485,21.349973161567366,19.57192699946323,8.11862587224906,3.0595813204508855,0.5434782608695652,4.240472356414386,0.11406333870101985
164,42.14975845410628,21.007783145464305,20.893719806763286,8.038110574342458,3.026033279656468,0.5300590445517982,4.240472356414386,0.11406333870101985
165,42.901234567901234,20.77294685990338,20.705850778314545,7.85024154589372,2.9589371980676327,0.49651100375738055,4.200214707461084,0.11406333870101985
166,43.63258185721954,20.598497047772412,20.26972624798712,7.809983896940419,2.9589371980676327,0.4495437466451959,4.166666666666667,0.11406333870101985
167,43.98148148148148,20.477724100912507,20.263016639828233,7.742887815351583,2.804616210413312,0.4495437466451959,4.166666666666667,0.11406333870101985
168,42.579173376274824,18.84728931830381,20.343531937734838,8.454106280193237,2.804616210413312,2.8113258185721954,4.045893719806763,0.11406333870101985
169,42.96833064949007,18.50509930220075,20.222758990874933,8.447396672034353,2.804616210413312,2.8113258185721954,3.9989264626945786,0.24154589371980675
170,43.505099302200755,18.095813204508858,19.97450348899624,8.393719806763285,2.7979066022544283,2.7979066022544283,4.193505099302201,0.24154589371980675
171,44.26328502415459,17.807300053676865,19.598765432098766,8.333333333333334,2.7979066022544283,2.7643585614600106,4.193505099302201,0.24154589371980675
172,44.80005367686527,17.176596886741816,19.176060118089104,8.313204508856682,3.9720880300590444,2.187332259796028,4.17337627482555,0.20128824476650564
173,45.37707997852925,16.99543746645196,18.9747718733226,8.13875469672571,3.9720880300590444,2.187332259796028,4.1532474503489,0.20128824476650564
174,45.6857219538379,16.99543746645196,18.80703166935051,8.09849704777241,3.92512077294686,2.147074610842727,4.139828234031133,0.20128824476650564
175,46.0077831454643,16.894793344068706,18.71309715512614,8.07836822329576,3.911701556629093,2.086688137412775,4.106280193236715,0.20128824476650564
176,46.2962962962963,16.7337627482555,18.699677938808374,8.038110574342458,3.911701556629093,2.0531400966183573,4.066022544283414,0.20128824476650564
177,46.91358024691358,16.445249597423512,18.646001073537306,7.843531937734836,3.8714439076757916,2.033011272141707,4.045893719806763,0.20128824476650564
178,47.336285560923244,16.418411164787976,18.49838969404187,7.709339774557166,3.8714439076757916,2.033011272141707,3.9318303811057436,0.20128824476650564
179,47.61137949543747,16.35131508319914,18.370907139023082,7.709339774557166,3.8580246913580245,1.9927536231884058,3.9049919484702094,0.20128824476650564
180,48.29575952764358,16.203703703703702,18.08239398819109,7.648953301127214,3.844605475040258,1.9457863660762211,3.7775093934514223,0.20128824476650564
181,48.671497584541065,16.009125067096083,18.035426731078903,7.628824476650563,3.784219001610306,1.9390767579173376,3.730542136339238,0.20128824476650564
182,49.060654857756305,15.92860976918948,17.96833064949007,7.5281803542673105,3.69699409554482,1.932367149758454,3.683574879227053,0.20128824476650564
183,49.41626409017714,15.827965646806227,17.914653784219002,7.461084272678476,3.629898013955985,1.9256575415995705,3.6231884057971016,0.20128824476650564
184,49.89935587761675,15.646806226516372,17.800590445517983,7.326892109500805,3.629898013955985,1.8853998926462694,3.6097691894793345,0.20128824476650564
185,49.90606548577563,15.405260332796564,17.337627482555018,7.226247987117552,4.609500805152979,1.8853998926462694,3.4286097691894795,0.20128824476650564
186,50.0805152979066,15.385131508319914,17.23027375201288,7.206119162640902,4.609500805152979,1.865271068169619,3.421900161030596,0.20128824476650564
187,50.38915727321525,15.277777777777779,17.10950080515298,7.159151905528717,4.575952764358561,1.865271068169619,3.421900161030596,0.20128824476650564
188,50.6508319914117,15.096618357487923,17.082662372517444,7.159151905528717,4.549114331723027,1.8384326355340848,3.421900161030596,0.20128824476650564
189,50.986312399355874,15.002683843263553,16.988727858293075,7.152442297369833,4.49543746645196,1.8384326355340848,3.33467525496511,0.20128824476650564
190,51.2211486849168,14.895330112721417,16.968599033816425,7.152442297369833,4.455179817498658,1.8250134192163177,3.280998389694042,0.20128824476650564
191,51.59688674181428,14.848362855609233,16.800858829844337,7.118894256575416,4.388083735909823,1.8115942028985508,3.2340311325818574,0.20128824476650564
192,51.35534084809447,13.560118089103597,16.639828234031132,7.098765432098766,4.280730005367687,1.8048845947396672,5.059044551798175,0.20128824476650564
193,50.878958668813745,13.372249060654857,18.33064949006978,6.971282877079979,4.1532474503489,1.7847557702630166,4.30756843800322,0.20128824476650564
194,51.590177133655395,13.211218464841654,18.19645732689211,6.91760601180891,4.119699409554482,1.5297906602254427,4.233762748255502,0.20128824476650564
195,52.00617283950617,13.043478260869565,17.85426731078905,6.870638754696726,4.119699409554482,1.6908212560386473,4.213633923778851,0.20128824476650564
196,51.77804616210413,12.090713902308105,17.619431025228128,6.8035426731078905,5.615942028985507,1.6774020397208802,4.213633923778851,0.20128824476650564
197,52.03972088030059,11.916264090177133,17.223564143854,6.615673644659152,6.166129898013956,1.6706924315619969,4.166666666666667,0.20128824476650564
198,52.13365539452496,11.553945249597424,17.028985507246375,6.602254428341385,6.031937734836285,1.6505636070853462,4.797369833601718,0.20128824476650564
199,52.37520128824477,11.513687600644122,16.908212560386474,6.602254428341385,5.9514224369296835,1.6505636070853462,4.797369833601718,0.20128824476650564
200,51.308373590982285,11.117820719269995,18.223295759527645,6.501610305958132,5.911164787976382,1.6371443907675791,5.0993022007514766,0.20128824476650564
201,51.2614063338701,11.104401502952227,18.16290928609769,6.474771873322598,5.877616747181965,1.6304347826086956,5.0993022007514766,0.38915727321524424
202,51.68411164787977,11.064143853998926,18.035426731078903,6.4412238325281805,5.709876543209877,1.6304347826086956,5.045625335480408,0.38915727321524424
203,52.07326892109501,10.997047772410092,17.814009661835748,6.414385399892646,5.642780461621041,1.6304347826086956,5.045625335480408,0.3824476650563607
204,52.361782071927,10.93666129898014,17.72007514761138,6.327160493827161,5.629361245303274,1.6304347826086956,5.01207729468599,0.3824476650563607
205,52.623456790123456,10.795759527643586,17.53220611916264,6.233225979602791,5.609232420826624,1.6237251744498122,5.199946323134729,0.3824476650563607
206,52.83145464304884,10.701825013419215,17.51207729468599,6.152710681696189,5.60252281266774,1.6237251744498122,5.193236714975845,0.3824476650563607
207,53.133387010198604,10.560923242082662,17.411433172302736,6.152710681696189,5.58239398819109,1.6103059581320451,5.166398282340311,0.3824476650563607
208,53.556092324208265,10.46027911969941,17.156468062265162,6.132581857219538,5.58239398819109,1.596886741814278,5.132850241545894,0.3824476650563607
209,54.119699409554485,10.312667740203972,16.948470209339774,5.9514224369296835,5.58239398819109,1.596886741814278,5.12614063338701,0.36231884057971014
210,54.227053140096615,10.272410091250672,16.908212560386474,5.924584004294149,5.58239398819109,1.596886741814278,5.12614063338701,0.36231884057971014
211,54.468599033816425,10.23215244229737,16.760601180891037,5.911164787976382,5.5756843800322065,1.5901771336553945,5.0993022007514766,0.36231884057971014
212,54.810789049919485,10.19189479334407,16.659957058507782,5.837359098228664,5.488459473966721,1.570048309178744,5.0791733762748255,0.36231884057971014
213,55.072463768115945,10.158346752549651,16.49892646269458,5.810520665593129,5.4616210413311865,1.570048309178744,5.065754159957058,0.36231884057971014
214,55.360976918947934,10.084541062801932,16.243961352657006,5.911164787976382,5.434782608695652,1.5432098765432098,5.059044551798175,0.36231884057971014
215,55.73000536768653,10.064412238325282,16.19699409554482,5.884326355340848,5.22007514761138,1.5432098765432098,5.018786902844874,0.3421900161030596
216,56.112453032742884,9.957058507783145,16.1231884057971,5.857487922705314,5.193236714975845,1.5432098765432098,4.871175523349437,0.3421900161030596
217,56.36070853462158,9.883252818035427,15.955448201825014,5.83064949006978,5.112721417069243,1.5230810520665594,4.99194847020934,0.3421900161030596
218,55.49516908212561,9.648416532474503,15.707192699946322,5.8172302737520125,7.716049382716049,0.6038647342995169,4.669887278582931,0.3421900161030596
219,55.16639828234031,9.594739667203436,15.03623188405797,5.770263016639828,7.6623725174449815,1.8183038110574343,4.609500805152979,0.3421900161030596
220,55.34755770263017,9.520933977455716,15.042941492216855,5.763553408480945,7.608695652173913,1.8183038110574343,4.555823939881911,0.3421900161030596
221,55.64949006977992,9.500805152979066,14.908749329039184,5.723295759527644,7.548309178743962,1.8183038110574343,4.549114331723027,0.30193236714975846
222,56.23322597960279,9.353193773483628,14.694041867954912,5.703166935050993,7.427536231884058,1.7847557702630166,4.502147074610843,0.30193236714975846
223,56.374127750939344,9.272678475577026,14.51959205582394,5.689747718733226,7.575147611379496,1.7847557702630166,4.4820182501341925,0.30193236714975846
224,56.66264090177134,9.185453569511541,14.472624798711756,5.689747718733226,7.474503488996243,1.7713365539452497,4.441760601180891,0.30193236714975846
225,56.88405797101449,9.16532474503489,14.298174986580785,5.662909286097692,7.474503488996243,1.7713365539452497,4.441760601180891,0.30193236714975846
226,57.360440150295226,8.997584541062801,14.190821256038648,5.548845947396672,7.353730542136339,1.724369296833065,4.522275899087493,0.30193236714975846
227,57.48792270531401,8.896940418679549,14.13714439076758,5.676328502415459,7.253086419753086,1.724369296833065,4.522275899087493,0.30193236714975846
228,57.74288781535159,8.849973161567364,14.036500268384327,5.669618894256575,7.212828770799785,1.710950080515298,4.4753086419753085,0.30193236714975846
229,57.87707997852925,8.82313472893183,14.029790660225443,5.642780461621041,7.185990338164252,1.710950080515298,4.428341384863124,0.30193236714975846
230,58.19914117015566,8.82313472893183,13.90901771336554,5.642780461621041,7.0383789586688135,1.710950080515298,4.374664519592056,0.30193236714975846
231,58.28636607622115,8.722490606548577,13.962694578636608,5.642780461621041,7.004830917874396,1.710950080515298,4.367954911433173,0.30193236714975846
232,58.53462157809984,8.662104133118627,13.902308105206655,5.642780461621041,6.971282877079979,1.710950080515298,4.30756843800322,0.2683843263553409
233,58.883521202361784,8.648684916800859,13.674181427804616,5.609232420826624,6.89747718733226,1.710950080515298,4.30756843800322,0.2683843263553409
234,59.09822866344606,8.635265700483092,13.580246913580247,5.609232420826624,6.843800322061192,1.6841116478797638,4.280730005367687,0.2683843263553409
235,59.27938808373591,8.61513687600644,13.546698872785829,5.60252281266774,6.810252281266774,1.6371443907675791,4.240472356414386,0.2683843263553409
236,59.634997316156735,8.501073537305421,13.425925925925926,5.548845947396672,6.743156199677939,1.6371443907675791,4.240472356414386,0.2683843263553409
237,59.92351046698873,8.413848631239935,13.39237788513151,5.448201825013419,6.743156199677939,1.570048309178744,4.240472356414386,0.2683843263553409
238,60.09125067096082,8.353462157809984,13.345410628019323,5.448201825013419,6.6827697262479875,1.570048309178744,4.240472356414386,0.2683843263553409
239,60.44015029522276,8.266237251744498,13.271604938271604,5.374396135265701,6.615673644659152,1.570048309178744,4.193505099302201,0.2683843263553409
240,61.030595813204506,8.091787439613526,13.103864734299517,5.287171229200215,6.568706387546968,1.556629092860977,4.106280193236715,0.2549651100375738
241,60.15163714439077,7.387278582930757,13.043478260869565,5.246913580246914,6.521739130434782,3.4151905528717124,3.978797638217928,0.2549651100375738
242,59.816156736446594,7.03166935050993,12.835480407944177,5.233494363929147,6.468062265163715,4.448470209339774,3.9452495974235107,0.2214170692431562
243,59.88996242619431,7.03166935050993,12.801932367149758,5.22007514761138,6.447933440687064,4.441760601180891,3.9452495974235107,0.2214170692431562
244,60.218733225979605,6.984702093397746,12.754965110037574,5.213365539452496,6.293612453032743,4.2203435319377345,3.9452495974235107,0.36902844873859364
245,60.55421363392378,6.9243156199677935,12.647611379495437,5.193236714975845,6.286902844873859,4.092860976918948,3.9318303811057436,0.36902844873859364
246,61.03730542136339,6.904186795491143,12.526838432635534,5.152979066022544,6.139291465378422,4.092860976918948,3.7775093934514223,0.36902844873859364
247,61.32581857219538,6.877348362855609,12.52012882447665,5.052334943639291,6.052066559312936,4.079441760601181,3.7238325281803544,0.36902844873859364
248,61.50697799248524,6.816961889425658,12.466451959205582,5.032206119162641,6.031937734836285,4.052603327965647,3.7238325281803544,0.36902844873859364
249,61.69484702093398,6.662640901771336,12.412775093934513,4.9718196457326895,6.239935587761675,4.1532474503489,3.4957058507783145,0.36902844873859364
250,61.95652173913044,6.582125603864735,12.298711755233494,4.9718196457326895,6.219806763285024,4.133118625872249,3.4688674181427803,0.36902844873859364
251,60.869565217391305,6.4345142243692965,14.237788513150832,4.891304347826087,6.146001073537305,3.69699409554482,3.3548040794417604,0.36902844873859364
252,61.32581857219538,6.407675791733762,14.016371443907676,4.891304347826087,6.099033816425121,3.589640365002684,3.321256038647343,0.3488996242619431
253,61.540526033279654,6.3137412775093935,13.902308105206655,4.891304347826087,6.031937734836285,3.5292538915727323,3.44873859366613,0.3421900161030596
254,61.41975308641975,6.280193236714976,14.15727321524423,4.8443370907139025,6.031937734836285,3.488996242619431,3.4420289855072466,0.33548040794417605
255,61.70826623725174,6.092324208266238,14.096886741814279,4.830917874396135,6.031937734836285,3.488996242619431,3.4151905528717124,0.33548040794417605
256,61.9699409554482,6.045356951154052,14.056629092860977,4.757112184648417,5.991680085882985,3.435319377348363,3.408480944712829,0.33548040794417605
257,62.01690821256039,6.031937734836285,13.808373590982287,4.757112184648417,5.958132045088567,3.421900161030596,3.6768652710681695,0.32877079978529256
258,62.21819645732689,6.018518518518518,13.727858293075684,4.757112184648417,5.904455179817498,3.5225442834138487,3.5225442834138487,0.32877079978529256
259,62.82877079978529,5.984970477724101,13.39237788513151,4.676596886741814,5.877616747181965,3.4621578099838968,3.455448201825013,0.322061191626409
260,63.1508319914117,5.904455179817498,13.291733762748256,4.636339237788513,5.850778314546431,3.421900161030596,3.421900161030596,0.322061191626409
261,63.768115942028984,5.810520665593129,13.036768652710682,4.602791196994096,5.656199677938808,3.4151905528717124,3.388352120236178,0.322061191626409
262,64.28475577026302,5.810520665593129,12.915995705850777,4.240472356414386,5.656199677938808,3.388352120236178,3.3816425120772946,0.322061191626409
263,64.72088030059045,5.810520665593129,12.835480407944177,4.2270531400966185,5.535426731078905,3.2742887815351582,3.2742887815351582,0.322061191626409
264,64.99597423510467,5.703166935050993,12.68786902844874,4.200214707461084,5.501878690284487,3.3145464304884595,3.2742887815351582,0.322061191626409
265,65.22410091250671,5.683038110574342,12.627482555018787,4.126409017713366,5.441492216854535,3.3011272141706924,3.2742887815351582,0.322061191626409
266,65.80783682232958,5.58239398819109,12.238325281803542,4.092860976918948,5.407944176060118,3.3011272141706924,3.2474503488996245,0.322061191626409
267,66.36473429951691,5.488459473966721,12.23161567364466,4.005636070853462,5.320719269994632,3.066290928609769,3.2004830917874396,0.322061191626409
268,66.52576489533011,5.46833064949007,12.164519592055823,3.9989264626945786,5.320719269994632,3.012614063338701,3.2004830917874396,0.30864197530864196
269,66.74047235641439,5.387815351583468,12.157809983896941,3.965378421900161,5.267042404723564,2.9723564143853998,3.2004830917874396,0.30864197530864196
270,66.87466451959206,5.381105743424584,12.090713902308105,3.9586688137412773,5.213365539452496,2.9723564143853998,3.2004830917874396,0.30864197530864196
271,67.20343531937735,5.3341384863123995,12.057165861513688,3.8848631239935587,5.179817498658078,2.85829307568438,3.1736446591519054,0.30864197530864196
272,67.39801395598496,5.320719269994632,11.90955448201825,3.864734299516908,5.166398282340311,2.85829307568438,3.1736446591519054,0.30864197530864196
273,67.49194847020934,5.307300053676865,11.889425657541599,3.824476650563607,5.146269457863661,2.85829307568438,3.1736446591519054,0.30864197530864196
274,67.61943102522812,5.199946323134729,11.822329575952764,3.8177670424047236,5.273752012882448,2.85829307568438,3.099838969404187,0.30864197530864196
275,66.71363392377886,5.166398282340311,12.714707461084272,3.8043478260869565,5.35426731078905,2.8381642512077296,3.099838969404187,0.30864197530864196
276,66.7337627482555,5.152979066022544,12.620772946859903,3.8043478260869565,5.441492216854535,2.8381642512077296,3.099838969404187,0.30864197530864196
277,66.15673644659152,4.8443370907139025,13.667471819645733,3.8043478260869565,5.387815351583468,2.818035426731079,3.099838969404187,0.2214170692431562
278,66.26409017713365,4.804079441760601,13.600375738056897,3.8043478260869565,5.387815351583468,2.818035426731079,3.099838969404187,0.2214170692431562
279,66.41841116478798,4.804079441760601,13.506441223832528,3.797638217928073,5.387815351583468,2.804616210413312,3.0730005367686526,0.20799785292538917
280,66.67337627482556,4.730273752012883,13.399087493290391,3.797638217928073,5.340848094471283,2.7777777777777777,3.0730005367686526,0.20799785292538917
281,66.99543746645196,4.690016103059581,13.238056897477188,3.7640901771336552,5.3274288781535155,2.7241009125067097,3.052871712292002,0.20799785292538917
282,67.16317767042405,4.690016103059581,13.16425120772947,3.7372517444981215,5.293880837359098,2.6972624798711755,3.046162104133119,0.20799785292538917
283,67.3913043478261,4.643048845947397,13.123993558776167,3.7372517444981215,5.173107890499195,2.6838432635534084,3.0394524959742353,0.20799785292538917
284,67.49194847020934,4.602791196994096,13.123993558776167,3.6902844873859366,5.173107890499195,2.6838432635534084,3.026033279656468,0.20799785292538917
285,67.49194847020934,4.575952764358561,13.056897477187333,3.5963499731615673,5.159688674181428,2.6301663982823404,3.140096618357488,0.3488996242619431
286,67.80059044551798,4.562533548040794,12.721417069243156,3.5829307568438002,5.267042404723564,2.6301663982823404,3.0864197530864197,0.3488996242619431
287,67.45840042941492,4.549114331723027,12.694578636607622,3.556092324208266,5.877616747181965,2.576489533011272,2.9388083735909825,0.3488996242619431
288,67.90794417606011,4.508856682769726,12.5402576489533,3.4151905528717124,5.776972624798712,2.576489533011272,2.9253891572732154,0.3488996242619431
289,68.16961889425657,4.455179817498658,12.426194310252281,3.388352120236178,5.71658615136876,2.576489533011272,2.918679549114332,0.3488996242619431
290,68.43129361245303,4.428341384863124,12.238325281803542,3.3548040794417604,5.703166935050993,2.576489533011272,2.918679549114332,0.3488996242619431
