,45,50,51,53,52,55,54,56,57
0,96.11513687600645,3.8848631239935587,,,,,,,
1,81.56870638754697,18.431293612453032,,,,,,,
2,69.20960815888353,30.790391841116477,,,,,,,
3,68.96135265700484,31.03864734299517,,,,,,,
4,61.111111111111114,38.888888888888886,,,,,,,
5,61.33923778851315,38.66076221148685,,,,,,,
6,59.94363929146538,40.05636070853462,,,,,,,
7,59.75577026301664,37.32555018786903,2.918679549114332,,,,,,
8,59.47396672034353,36.500268384326354,3.421900161030596,0.6038647342995169,,,,,
9,59.675254965110035,33.9170692431562,2.2946859903381642,0.33548040794417605,3.7775093934514223,,,,
10,46.51771336553945,47.30944712828771,1.6975308641975309,,4.4753086419753085,,,,
11,39.54643048845947,54.17337627482555,1.6975308641975309,,4.4753086419753085,0.10735373054213634,,,
12,39.83494363929147,52.160493827160494,3.4957058507783145,,4.40150295222759,0.10735373054213634,,,
13,37.38593666129898,54.609500805152976,3.4957058507783145,,4.40150295222759,0.10735373054213634,,,
14,37.52012882447665,52.160493827160494,3.488996242619431,,4.361245303274289,0.10735373054213634,2.3617820719269993,,
15,37.68786902844874,52.07326892109501,3.488996242619431,,4.294149221685454,0.10735373054213634,2.3483628556092326,,
16,37.063875469672574,52.69726247987118,3.488996242619431,,4.294149221685454,0.10735373054213634,2.3483628556092326,,
17,30.723295759527645,58.9975845410628,3.4017713365539453,,4.260601180891036,0.04696725711218465,2.5697799248523885,,
18,31.085614600107355,58.762748255501876,3.3480944712828773,,4.186795491143317,0.04696725711218465,2.5697799248523885,,
19,31.367418142780462,58.54804079441761,3.321256038647343,,4.146537842190016,0.04696725711218465,2.5697799248523885,,
20,31.622383252818036,58.299785292538914,3.321256038647343,,4.146537842190016,0.04696725711218465,2.563070316693505,,
21,31.702898550724637,56.46135265700483,5.092592592592593,,4.146537842190016,0.04696725711218465,2.5496511003757383,,
22,30.938003220611915,54.609500805152976,7.588566827697263,,3.8714439076757916,0.04696725711218465,2.5496511003757383,0.39586688137412773,
23,31.072195383789587,54.08615136876006,8.011272141706923,,3.8714439076757916,0.04696725711218465,2.5161030595813205,0.39586688137412773,
24,31.011808910359633,52.69055287171229,7.98443370907139,,3.8714439076757916,1.5365002683843263,2.509393451422437,0.39586688137412773,
25,28.37493290391841,48.671497584541065,11.023886205045626,3.6768652710681695,3.81105743424584,1.5365002683843263,2.509393451422437,0.39586688137412773,
26,28.26086956521739,48.993558776167475,10.997047772410092,3.6768652710681695,3.784219001610306,1.5365002683843263,2.3550724637681157,0.39586688137412773,
27,28.468867418142782,48.83923778851315,10.970209339774557,3.6768652710681695,3.7573805689747717,1.5365002683843263,2.3550724637681157,0.39586688137412773,
28,25.523349436392916,52.180622651637144,9.863123993558776,3.6768652710681695,4.468599033816425,1.5365002683843263,2.3550724637681157,0.39586688137412773,
29,26.31508319914117,51.49624261943102,9.75577026301664,3.6768652710681695,4.468599033816425,1.5365002683843263,2.3550724637681157,0.39586688137412773,
30,25.711218464841654,51.61701556629093,10.279119699409554,3.6768652710681695,4.455179817498658,1.5365002683843263,2.3550724637681157,0.36902844873859364,
31,25.986312399355878,51.39559849704777,10.25228126677402,3.6768652710681695,4.441760601180891,1.5365002683843263,2.341653247450349,0.36902844873859364,
32,25.543478260869566,51.932367149758456,10.205314009661835,3.643317230273752,4.435050993022007,1.5297906602254427,2.341653247450349,0.36902844873859364,
33,25.93263553408481,50.50322061191626,10.084541062801932,3.643317230273752,4.394793344068707,2.7308105206655933,2.341653247450349,0.36902844873859364,
34,25.87895866881374,49.00697799248524,10.00402576489533,7.5281803542673105,4.334406870638754,2.7308105206655933,0.14761137949543746,0.36902844873859364,
35,26.234567901234566,48.80568974771873,9.923510466988727,7.461084272678476,4.327697262479871,2.7308105206655933,0.14761137949543746,0.36902844873859364,
36,26.435856146001072,48.651368760064415,9.88996242619431,7.461084272678476,4.314278046162104,2.7308105206655933,0.14761137949543746,0.36902844873859364,
37,26.623725174449813,47.34299516908212,9.849704777241008,7.461084272678476,4.314278046162104,3.9184111647879765,0.14761137949543746,0.3421900161030596,
38,26.7914653784219,47.24906065485776,9.695383789586689,7.434245840042942,4.294149221685454,4.045893719806763,0.14761137949543746,0.3421900161030596,
39,27.03972088030059,46.866612989801396,9.695383789586689,7.4208266237251745,4.260601180891036,4.2270531400966185,0.14761137949543746,0.3421900161030596,
40,26.100375738056897,45.49785292538916,12.211486849168008,7.212828770799785,4.260601180891036,4.2270531400966185,0.14761137949543746,0.3421900161030596,
41,26.382179280730007,45.128824476650564,12.345679012345679,7.1658615136876005,4.260601180891036,4.2270531400966185,0.14761137949543746,0.3421900161030596,
42,26.710950080515296,44.65915190552872,12.325550187869029,7.125603864734299,4.240472356414386,4.4753086419753085,0.12077294685990338,0.3421900161030596,
43,26.912238325281802,44.48470209339774,12.31213097155126,7.125603864734299,4.240472356414386,4.461889425657541,0.12077294685990338,0.3421900161030596,
44,27.77777777777778,44.20960815888352,12.245034889962426,7.125603864734299,4.240472356414386,3.938539989264627,0.12077294685990338,0.3421900161030596,
45,26.959205582393988,42.049114331723025,15.150295222758992,7.092055823939882,4.240472356414386,3.9049919484702094,0.2616747181964573,0.3421900161030596,
46,27.34836285560923,41.47208803005905,15.116747181964573,7.078636607622115,4.213633923778851,3.8848631239935587,0.5434782608695652,0.3421900161030596,
47,27.576489533011273,41.317767042404725,15.08990874932904,7.03166935050993,4.213633923778851,3.8848631239935587,0.5434782608695652,0.3421900161030596,
48,27.77777777777778,41.06280193236715,15.049651100375739,7.004830917874396,4.166666666666667,3.8848631239935587,0.7112184648416533,0.3421900161030596,
49,28.25415995705851,40.76757917337628,14.908749329039184,6.964573268921095,4.166666666666667,3.8848631239935587,0.7112184648416533,0.3421900161030596,
50,22.020933977455716,32.99785292538916,30.04562533548041,7.461084272678476,3.3480944712828773,3.3816425120772946,0.4830917874396135,0.2616747181964573,
51,22.168545356951153,32.49463231347289,29.260601180891037,7.957595276435856,3.3279656468062266,3.8848631239935587,0.644122383252818,0.2616747181964573,
52,22.65163714439077,32.18599033816425,28.052871712292003,7.924047235641439,3.3279656468062266,3.8848631239935587,0.8856682769726248,1.0869565217391304,
53,22.920021470746107,31.52173913043478,24.59742351046699,11.963231347289318,3.3279656468062266,3.8177670424047236,0.8252818035426731,1.0265700483091786,
54,23.03408480944713,31.468062265163713,24.59742351046699,11.929683306494901,3.3011272141706924,3.8177670424047236,0.8252818035426731,1.0265700483091786,
55,22.04777241009125,31.15271068169619,26.133923778851315,11.882716049382717,3.260869565217391,3.670155662909286,0.8252818035426731,1.0265700483091786,
56,22.356414385399894,31.04535695115405,26.093666129898015,11.829039184111648,3.1870638754696725,3.670155662909286,0.8185721953837896,0.9997316156736447,
57,22.584541062801932,30.83064949006978,25.650831991411703,12.258454106280194,3.1870638754696725,3.670155662909286,0.8185721953837896,0.9997316156736447,
58,23.027375201288244,30.287171229200215,26.556629092860977,11.473429951690822,3.180354267310789,3.656736446591519,0.8185721953837896,0.9997316156736447,
59,23.181696188942567,30.595813204508858,25.905797101449274,11.75523349436393,3.1535158346752548,3.656736446591519,0.7917337627482555,0.9594739667203436,
60,23.61111111111111,30.05233494363929,25.617283950617285,11.198336017176597,3.8378958668813743,3.9318303811057436,0.7917337627482555,0.9594739667203436,
61,23.557434245840042,29.455179817498657,25.409286097691894,10.359634997316157,4.575952764358561,4.891304347826087,0.7917337627482555,0.9594739667203436,
62,24.50348899624262,28.5829307568438,25.187869028448738,10.601180891035963,4.53569511540526,4.730273752012883,0.8990874932903918,0.9594739667203436,
63,24.771873322597962,28.515834675254965,25.13419216317767,10.473698336017177,4.51556629092861,4.730273752012883,0.8990874932903918,0.9594739667203436,
64,25.05367686527107,28.307836822329577,24.97987117552335,10.373054213633925,4.508856682769726,4.918142780461621,0.8990874932903918,0.9594739667203436,
65,25.409286097691894,28.153515834675254,24.838969404186795,10.34621578099839,4.502147074610843,4.891304347826087,0.8990874932903918,0.9594739667203436,
66,23.060923242082662,24.248523886205046,32.76301663982824,9.212292002147075,5.0858829844337095,4.616210413311863,0.7581857219538379,0.2549651100375738,
67,23.43666129898014,24.053945249597422,32.62211486849168,9.178743961352657,5.0858829844337095,4.609500805152979,0.7581857219538379,0.2549651100375738,
68,23.61111111111111,23.68491680085883,32.51476113794954,9.16532474503489,5.0858829844337095,4.924852388620504,0.7581857219538379,0.2549651100375738,
69,23.792270531400966,23.356146001073537,32.387278582930755,9.16532474503489,5.052334943639291,5.246913580246914,0.7447665056360708,0.2549651100375738,
70,24.000268384326354,23.315888352120236,32.2866344605475,9.145195920558239,5.005367686527107,5.246913580246914,0.7447665056360708,0.2549651100375738,
71,24.436392914653783,21.87332259796028,30.018786902844873,9.118357487922705,8.514492753623188,5.059044551798175,0.7380568974771873,0.24154589371980675,
72,24.825550187869027,21.76596886741814,27.690552871712292,12.265163714439076,7.286634460547504,5.052334943639291,0.7380568974771873,0.3757380568974772,
73,25.301932367149757,21.591519055287172,27.51610305958132,12.057165861513688,7.212828770799785,5.038915727321524,1.0534084809447128,0.2281266774020397,
74,22.873054213633925,18.263553408480945,36.62775093934514,9.608158883521202,7.494632313472893,3.851315083199141,1.0534084809447128,0.2281266774020397,
75,22.920021470746107,18.183038110574344,36.56736446591519,9.990606548577563,7.232957595276436,3.8311862587224907,1.0534084809447128,0.2214170692431562,
76,23.17498658078368,18.089103596349972,36.480139559849704,9.96376811594203,7.185990338164252,3.8311862587224907,1.0534084809447128,0.2214170692431562,
77,23.376274825550187,17.384594739667204,36.3996242619431,9.943639291465379,7.185990338164252,4.435050993022007,1.0534084809447128,0.2214170692431562,
78,22.893183038110575,15.814546430488459,36.40633387010199,9.695383789586689,7.1725711218464845,4.408212560386473,3.388352120236178,0.2214170692431562,
79,23.517176596886742,15.666935050993022,36.198336017176594,9.681964573268921,6.964573268921095,4.38137412775094,3.3682232957595275,0.2214170692431562,
80,24.000268384326354,15.626677402039721,35.607890499194845,9.50751476113795,6.944444444444445,4.723564143853999,3.3682232957595275,0.2214170692431562,
81,24.208266237251745,15.425389157273216,35.178475577026305,9.50751476113795,6.944444444444445,4.7101449275362315,3.3480944712828773,0.6776704240472357,
82,23.040794417606012,14.217659688674182,34.88996242619431,9.453837895866881,10.010735373054214,4.374664519592056,3.3480944712828773,0.6642512077294686,
83,23.537305421363392,14.204240472356414,34.648416532474506,9.420289855072463,9.903381642512077,4.361245303274289,3.260869565217391,0.6642512077294686,
84,22.75228126677402,11.889425657541599,34.044551798174986,9.312936124530328,14.170692431561998,4.240472356414386,2.932098765432099,0.6575415995705851,
85,22.839506172839506,11.889425657541599,33.984165324745035,9.292807300053678,14.163982823403114,4.240472356414386,2.932098765432099,0.6575415995705851,
86,22.470477724100913,11.869296833064949,34.896672034353195,8.836553945249598,14.150563607085346,4.240472356414386,2.8784219001610305,0.6575415995705851,
87,23.027375201288244,11.694847020933977,34.816156736446594,8.816425120772946,13.962694578636608,4.180085882984434,2.844873859366613,0.6575415995705851,
88,23.242082662372518,11.647879763821793,34.75577026301664,8.816425120772946,13.902308105206655,4.133118625872249,2.844873859366613,0.6575415995705851,
89,23.450080515297905,11.647879763821793,34.58803005904455,8.816425120772946,13.875469672571121,4.133118625872249,2.844873859366613,0.644122383252818,
90,23.19511540526033,11.52710681696189,35.32608695652174,8.789586688137414,13.573537305421363,4.119699409554482,2.8247450348899625,0.644122383252818,
91,23.443370907139023,11.486849168008588,35.18518518518518,8.735909822866345,13.573537305421363,4.119699409554482,2.8113258185721954,0.644122383252818,
92,23.852657004830917,11.252012882447666,34.957058507783145,10.359634997316157,11.668008588298443,3.864734299516908,3.140096618357488,0.9057971014492754,
93,24.456521739130434,11.010466988727858,34.896672034353195,10.339506172839506,11.406333870101985,3.864734299516908,3.1199677938808374,0.9057971014492754,
94,24.973161567364468,10.916532474503489,34.54777241009125,10.339506172839506,11.352657004830919,3.844605475040258,3.1199677938808374,0.9057971014492754,
95,25.187869028448738,10.86285560923242,34.46725711218465,10.312667740203972,11.29898013955985,3.844605475040258,3.1199677938808374,0.9057971014492754,
96,25.489801395598498,10.829307568438002,34.265968867418145,10.292538915727322,11.29898013955985,3.8177670424047236,3.099838969404187,0.9057971014492754,
97,26.234567901234566,10.668276972624799,33.95061728395062,10.292538915727322,11.198336017176597,3.6768652710681695,3.0730005367686526,0.9057971014492754,
98,26.744498121309714,10.628019323671497,33.52120236178207,10.292538915727322,11.171497584541063,3.6768652710681695,3.0595813204508855,0.9057971014492754,
99,25.751476113794954,10.453569511540525,34.366612989801396,10.111379495437467,11.044015029522276,4.3478260869565215,3.0193236714975846,0.9057971014492754,
100,25.986312399355878,10.413311862587225,34.19887278582931,10.111379495437467,11.017176596886742,4.3478260869565215,3.0193236714975846,0.9057971014492754,
101,26.140633387010197,10.399892646269459,34.11835748792271,10.111379495437467,10.983628556092324,4.3478260869565215,2.9924852388620504,0.9057971014492754,
102,25.744766505636072,9.88996242619431,33.3870101986044,13.150831991411701,10.017444981213098,4.166666666666667,2.8247450348899625,0.8185721953837896,
103,26.03327965646806,9.708803005904455,35.507246376811594,11.533816425120772,9.447128287707997,4.166666666666667,2.7844873859366612,0.8185721953837896,
104,25.5300590445518,9.695383789586689,35.32608695652174,11.352657004830919,10.326086956521738,4.166666666666667,2.7844873859366612,0.8185721953837896,
105,25.691089640365004,9.64170692431562,35.265700483091784,11.332528180354267,10.326086956521738,4.139828234031133,2.7844873859366612,0.8185721953837896,
106,24.550456253354803,8.849973161567364,36.9296833064949,11.312399355877616,10.312667740203972,4.139828234031133,3.113258185721954,0.7917337627482555,
107,24.671229200214707,8.84326355340848,36.8894256575416,11.285560923242082,10.292538915727322,4.1129898013955986,3.113258185721954,0.7917337627482555,
108,24.852388620504563,8.84326355340848,36.782071926999464,11.285560923242082,10.265700483091788,4.072732152442297,3.113258185721954,0.785024154589372,
109,25.207997852925388,8.84326355340848,36.62775093934514,11.258722490606548,10.178475577026301,4.005636070853462,3.099838969404187,0.7783145464304885,
110,25.44283413848631,8.816425120772946,36.52710681696189,11.225174449812132,10.144927536231885,3.9989264626945786,3.066290928609769,0.7783145464304885,
111,25.684380032206118,8.809715512614064,36.34594739667203,11.18491680085883,10.144927536231885,3.9989264626945786,3.066290928609769,0.7648953301127214,
112,24.812130971551262,8.568169618894256,34.07139023081052,10.997047772410092,13.539989264626946,3.9720880300590444,3.2742887815351582,0.7648953301127214,
113,24.88593666129898,8.548040794417606,34.01771336553945,10.997047772410092,13.539989264626946,3.9720880300590444,3.2742887815351582,0.7648953301127214,
114,25.241545893719806,8.548040794417606,33.73590982286635,10.970209339774557,13.506441223832528,3.9586688137412773,3.2742887815351582,0.7648953301127214,
115,25.409286097691894,8.53462157809984,33.66881374127751,11.191626409017713,13.358829844337091,3.864734299516908,3.207192699946323,0.7648953301127214,
116,25.684380032206118,8.521202361782072,33.36688137412775,11.191626409017713,13.318572195383789,3.824476650563607,3.3279656468062266,0.7648953301127214,
117,25.845410628019323,8.514492753623188,33.313204508856685,11.144659151905529,13.271604938271604,3.824476650563607,3.321256038647343,0.7648953301127214,
118,26.20101986044015,8.494363929146537,33.15217391304348,11.104401502952227,13.22463768115942,3.7372517444981215,3.321256038647343,0.7648953301127214,
119,26.684111647879764,8.487654320987655,32.79656468062265,11.097691894793345,13.177670424047236,3.7238325281803544,3.2675791733762747,0.7648953301127214,
120,26.82501341921632,8.460815888352121,32.59527643585615,11.238593666129898,13.16425120772947,3.7104133118625873,3.240740740740741,0.7648953301127214,
121,25.221417069243156,7.64224369296833,38.788244766505635,8.668813741277509,12.265163714439076,3.6768652710681695,2.9723564143853998,0.7648953301127214,
122,25.503220611916262,7.561728395061729,38.51315083199141,8.648684916800859,12.224906065485776,3.5628019323671496,3.2206119162640903,0.7648953301127214,
123,25.738056897477186,7.5281803542673105,38.405797101449274,8.621846484165324,12.191358024691358,3.5628019323671496,3.207192699946323,0.7447665056360708,
124,26.006441223832528,7.48792270531401,38.26489533011272,8.621846484165324,12.13768115942029,3.556092324208266,3.180354267310789,0.7447665056360708,
125,25.06038647342995,7.132313472893183,40.02952227589909,8.621846484165324,12.016908212560386,3.2139023081052067,3.180354267310789,0.7447665056360708,
126,25.11406333870102,7.024959742351046,40.143585614600106,8.621846484165324,11.956521739130435,3.2139023081052067,3.180354267310789,0.7447665056360708,
127,24.86580783682233,6.461352657004831,38.64734299516908,8.61513687600644,14.338432635534085,3.1468062265163717,3.180354267310789,0.7447665056360708,
128,25.02012882447665,6.454643048845948,38.506441223832525,8.608427267847558,14.338432635534085,3.1468062265163717,3.180354267310789,0.7447665056360708,
129,25.5703166935051,6.394256575415996,38.1508319914117,8.608427267847558,14.27133655394525,3.0931293612453032,3.180354267310789,0.7313472893183038,
130,26.060118089103597,6.380837359098229,37.3389694041868,8.601717659688674,14.197530864197532,3.797638217928073,3.180354267310789,0.4428341384863124,
131,26.02657004830918,6.360708534621578,36.18491680085883,8.561460010735374,15.4723564143854,3.797638217928073,3.1535158346752548,0.4428341384863124,
132,26.221148684916802,6.360708534621578,35.71524422973698,8.876811594202898,15.445517981749866,3.797638217928073,3.140096618357488,0.4428341384863124,
133,26.583467525496513,6.092324208266238,35.567632850241544,9.01100375738057,15.411969940955448,3.797638217928073,3.0931293612453032,0.4428341384863124,
134,26.77133655394525,6.085614600107354,35.52066559312936,8.99087493290392,15.324745034889963,3.797638217928073,3.066290928609769,0.4428341384863124,
135,26.31508319914117,5.723295759527644,37.96296296296296,8.964036500268385,14.465915190552872,3.0059044551798175,2.831454643048846,0.7313472893183038,
136,26.227858293075684,5.669618894256575,37.37251744498121,9.25925925925926,14.371980676328503,3.643317230273752,2.831454643048846,0.6239935587761675,
137,26.536500268384327,5.629361245303274,37.124261943102525,9.588030059044552,14.096886741814279,3.643317230273752,2.757648953301127,0.6239935587761675,
138,26.77133655394525,5.5689747718733225,36.99677938808374,9.574610842726784,14.06333870101986,3.643317230273752,2.757648953301127,0.6239935587761675,
139,27.073268921095007,5.5689747718733225,36.822329575952764,9.5276435856146,14.029790660225443,3.5963499731615673,2.757648953301127,0.6239935587761675,
140,27.462426194310254,5.5689747718733225,36.35265700483092,9.5276435856146,13.942565754159958,3.7640901771336552,2.757648953301127,0.6239935587761675,
141,27.576489533011273,5.535426731078905,36.24530327428878,9.5276435856146,13.754696725711218,3.978797638217928,2.757648953301127,0.6239935587761675,
142,27.47584541062802,5.870907139023081,35.909822866344605,9.708803005904455,13.513150831991412,3.878153515834675,3.0193236714975846,0.6239935587761675,
143,27.462426194310254,5.622651637144391,33.80971551261406,12.52012882447665,13.063607085346217,3.878153515834675,3.0193236714975846,0.6239935587761675,
144,27.851583467525497,5.615942028985507,33.66881374127751,12.385936661298981,12.962962962962964,3.878153515834675,3.012614063338701,0.6239935587761675,
145,28.341384863123995,5.5756843800322065,33.08507783145464,12.385936661298981,12.869028448738593,4.106280193236715,3.012614063338701,0.6239935587761675,
146,28.569511540526033,5.5756843800322065,32.930756843800324,12.177938808373591,13.103864734299517,4.086151368760064,2.932098765432099,0.6239935587761675,
147,28.549382716049383,5.810520665593129,32.789855072463766,12.13768115942029,13.077026301663983,4.079441760601181,2.932098765432099,0.6239935587761675,
148,29.361245303274288,5.797101449275362,32.46108427267848,12.06387546967257,12.714707461084272,4.045893719806763,2.932098765432099,0.6239935587761675,
149,29.58937198067633,5.736714975845411,32.420826623725176,12.00348899624262,12.661030595813205,4.032474503488996,2.932098765432099,0.6239935587761675,
150,29.790660225442835,5.736714975845411,32.306763285024154,11.916264090177133,12.661030595813205,4.032474503488996,2.932098765432099,0.6239935587761675,
151,30.246913580246915,5.736714975845411,31.82367149758454,12.164519592055823,12.580515297906603,4.032474503488996,2.791196994095545,0.6239935587761675,
152,30.475040257648953,5.71658615136876,31.696188942565755,12.164519592055823,12.52012882447665,4.032474503488996,2.791196994095545,0.6038647342995169,
153,30.50858829844337,5.71658615136876,31.676060118089104,12.050456253354804,12.426194310252281,4.032474503488996,2.985775630703167,0.6038647342995169,
154,30.99838969404187,5.71658615136876,31.561996779388085,11.882716049382717,12.238325281803542,3.898282340311326,3.099838969404187,0.6038647342995169,
155,31.414385399892645,5.703166935050993,31.353998926462694,11.75523349436393,12.184648416532475,3.898282340311326,3.0864197530864197,0.6038647342995169,
156,31.588835212023618,5.676328502415459,31.280193236714975,11.681427804616211,12.184648416532475,3.898282340311326,3.0864197530864197,0.6038647342995169,
157,31.743156199677937,5.676328502415459,31.085614600107355,11.956521739130435,11.996779388083736,3.851315083199141,3.0864197530864197,0.6038647342995169,
158,32.29334406870639,5.662909286097692,30.293880837359097,12.4597423510467,11.936392914653783,3.7573805689747717,2.9924852388620504,0.6038647342995169,
159,32.33360171765969,4.931561996779388,31.414385399892645,12.25174449812131,11.902844873859367,3.569511540526033,2.9924852388620504,0.6038647342995169,
160,32.447665056360705,4.918142780461621,30.797101449275363,11.849168008588299,12.942834138486312,3.5292538915727323,2.9589371980676327,0.5568974771873323,
161,32.58185721953838,4.911433172302737,30.73671497584541,11.83574879227053,12.889157273215245,3.5292538915727323,2.9589371980676327,0.5568974771873323,
162,32.74288781535159,4.911433172302737,30.360976918947934,11.788781535158346,12.828770799785293,3.851315083199141,2.9589371980676327,0.5568974771873323,
163,32.9374664519592,4.911433172302737,30.273752012882447,11.748523886205046,12.775093934514224,3.851315083199141,2.945517981749866,0.5568974771873323,
164,33.20585077831455,4.911433172302737,30.099302200751477,11.681427804616211,12.74825550187869,3.851315083199141,2.945517981749866,0.5568974771873323,
165,33.333333333333336,4.911433172302737,29.602791196994094,12.211486849168008,12.734836285560924,3.730542136339238,2.918679549114332,0.5568974771873323,
166,33.69565217391305,4.911433172302737,29.51556629092861,12.191358024691358,12.600644122383253,3.7238325281803544,2.818035426731079,0.5434782608695652,
167,33.89694041867955,4.898013955984971,29.502147074610843,12.144390767579173,12.513419216317766,3.69699409554482,2.804616210413312,0.5434782608695652,
168,34.18545356951154,4.87788513150832,29.274020397208805,12.010198604401502,12.634192163177671,3.670155662909286,2.804616210413312,0.5434782608695652,
169,34.366612989801396,4.87788513150832,29.066022544283413,12.211486849168008,12.5402576489533,3.670155662909286,2.7241009125067097,0.5434782608695652,
170,34.62157809983897,4.871175523349437,28.958668813741276,12.130971551261407,12.47987117552335,3.670155662909286,2.7241009125067097,0.5434782608695652,
171,34.796027911969944,4.851046698872786,28.884863123993558,12.130971551261407,12.412775093934513,3.670155662909286,2.7106816961889426,0.5434782608695652,
172,34.326355340848096,4.8376274825550185,28.33467525496511,13.593666129898015,12.157809983896941,3.5762211486849167,2.6301663982823404,0.5434782608695652,
173,34.916800858829845,4.770531400966184,27.95222758990875,13.560118089103597,12.070585077831455,3.556092324208266,2.6301663982823404,0.5434782608695652,
174,34.20558239398819,4.723564143853999,26.308373590982285,13.47289318303811,14.27133655394525,3.5225442834138487,2.952227589908749,0.5434782608695652,
175,34.47396672034353,4.7101449275362315,25.41599570585078,13.365539452495975,14.392109500805153,4.1532474503489,2.945517981749866,0.5434782608695652,
176,35.01073537305421,4.656468062265164,25.301932367149757,13.298443370907139,14.331723027375201,4.1532474503489,2.7241009125067097,0.5233494363929146,
177,35.36634460547504,4.656468062265164,25.214707461084274,13.285024154589372,14.143853998926463,4.1129898013955986,2.6972624798711755,0.5233494363929146,
178,35.54079441760601,4.656468062265164,25.167740203972087,13.285024154589372,14.04320987654321,4.086151368760064,2.6972624798711755,0.5233494363929146,
179,35.46027911969941,4.656468062265164,25.06038647342995,13.030059044551798,14.55984970477724,4.072732152442297,2.6637144390767578,0.49651100375738055,
180,35.601180891035966,4.64975845410628,25.0402576489533,13.01663982823403,14.492753623188406,4.052603327965647,2.6502952227589907,0.49651100375738055,
181,26.918947933440688,26.65727321524423,22.624798711755233,8.776167471819646,10.399892646269459,3.7909286097691894,0.5971551261406334,0.23483628556092323,
182,27.489264626945786,26.583467525496513,22.22222222222222,8.76274825550188,10.36634460547504,3.770799785292539,0.5703166935050993,0.23483628556092323,
183,27.294685990338163,26.50966183574879,21.095008051529792,10.272410091250672,10.339506172839506,3.683574879227053,0.5703166935050993,0.23483628556092323,
184,27.623456790123456,26.42914653784219,20.967525496511005,10.265700483091788,10.285829307568438,3.6231884057971016,0.5703166935050993,0.23483628556092323,
185,27.965646806226516,26.32850241545894,20.739398819108963,10.25228126677402,10.050993022007514,3.6231884057971016,0.8051529790660226,0.23483628556092323,
186,28.287707997852927,26.1808910359635,20.67230273752013,10.21202361782072,9.98389694041868,3.6231884057971016,0.8051529790660226,0.23483628556092323,
187,28.723832528180353,25.925925925925927,20.544820182501343,10.178475577026301,9.96376811594203,3.6231884057971016,0.8051529790660226,0.23483628556092323,
188,28.871443907675793,25.87224906065486,20.50456253354804,10.124798711755233,9.96376811594203,3.6231884057971016,0.8051529790660226,0.23483628556092323,
189,29.56924315619968,25.77831454643049,20.276435856146,9.876543209876543,9.849704777241008,3.6231884057971016,0.7917337627482555,0.23483628556092323,
190,29.824208266237253,25.6105743424584,20.26972624798712,9.816156736446592,9.849704777241008,3.603059581320451,0.7917337627482555,0.23483628556092323,
191,30.018786902844873,25.45625335480408,20.209339774557165,9.816156736446592,9.802737520128824,3.683574879227053,0.7783145464304885,0.23483628556092323,
192,30.461621041331185,25.301932367149757,19.97450348899624,9.802737520128824,9.614868491680086,3.656736446591519,0.95276435856146,0.23483628556092323,
193,30.381105743424584,25.07380568974772,19.350509930220074,9.702093397745571,9.608158883521202,4.696725711218465,0.95276435856146,0.23483628556092323,
194,29.09957058507783,24.798711755233494,21.712292002147073,9.561191626409018,8.984165324745035,4.656468062265164,0.95276435856146,0.23483628556092323,
195,29.17337627482555,24.349168008588297,21.537842190016104,9.822866344605474,8.984165324745035,4.944981213097155,0.95276435856146,0.23483628556092323,
196,28.093129361245303,19.51825013419216,20.303274288781534,17.726784755770264,8.943907675791733,4.2270531400966185,0.95276435856146,0.23483628556092323,
197,28.37493290391841,19.45786366076221,20.148953301127214,17.69994632313473,8.917069243156199,4.2203435319377345,0.9460547504025765,0.23483628556092323,
198,28.951959205582394,19.176060118089104,20.12211486849168,17.673107890499196,8.682232957595277,4.2203435319377345,0.9393451422436929,0.23483628556092323,
199,29.09957058507783,19.142512077294686,20.075147611379496,17.64626945786366,8.648684916800859,4.213633923778851,0.9393451422436929,0.23483628556092323,
200,29.428341384863124,19.04186795491143,19.961084272678477,17.632850241545892,8.561460010735374,4.200214707461084,0.9393451422436929,0.23483628556092323,
201,29.62962962962963,18.9747718733226,19.900697799248523,17.599302200751477,8.521202361782072,4.200214707461084,0.9393451422436929,0.23483628556092323,
202,29.985238862050455,18.92109500805153,19.766505636070853,17.431561996779386,8.521202361782072,4.200214707461084,0.9393451422436929,0.23483628556092323,
203,30.173107890499196,18.86070853462158,19.672571121846484,17.398013955984972,8.521202361782072,4.200214707461084,0.9393451422436929,0.23483628556092323,
204,30.441492216854535,18.35077831454643,19.32367149758454,17.37788513150832,8.514492753623188,4.4820182501341925,1.2815351583467525,0.2281266774020397,
205,30.629361245303276,18.317230273752013,19.048577563070317,17.639559849704778,8.407139023081053,4.4820182501341925,1.247987117552335,0.2281266774020397,
206,30.817230273752013,18.297101449275363,18.968062265163713,17.632850241545892,8.380300590445518,4.461889425657541,1.2345679012345678,0.20799785292538917,
207,31.011808910359633,18.230005367686527,18.95464304884595,17.53220611916264,8.373590982286634,4.455179817498658,1.2345679012345678,0.20799785292538917,
208,31.03864734299517,18.21658615136876,18.907675791733762,17.58588298443371,8.36688137412775,4.441760601180891,1.2345679012345678,0.20799785292538917,
209,31.233225979602793,18.14278046162104,18.773483628556093,17.364465915190554,8.333333333333334,4.7101449275362315,1.2345679012345678,0.20799785292538917,
210,31.219806763285025,18.06897477187332,17.94820182501342,17.277241009125067,9.567901234567902,4.703435319377348,1.0064412238325282,0.20799785292538917,
211,31.4345142243693,17.98845947396672,17.57246376811594,17.176596886741816,9.312936124530328,4.998658078368224,1.3083735909822867,0.20799785292538917,
212,32.13231347289318,17.881105743424584,17.270531400966185,16.968599033816425,9.252549651100376,4.998658078368224,1.288244766505636,0.20799785292538917,
213,32.30005367686527,17.814009661835748,17.250402576489535,16.928341384863124,9.23913043478261,4.9718196457326895,1.288244766505636,0.20799785292538917,
214,32.54159957058508,17.773752012882447,17.14975845410628,16.888083735909824,9.225711218464841,4.9718196457326895,1.2412775093934514,0.20799785292538917,
215,32.66237251744498,17.746913580246915,17.14975845410628,16.80756843800322,9.212292002147075,4.9718196457326895,1.2412775093934514,0.20799785292538917,
216,32.689210950080515,17.652979066022546,17.102791196994094,16.800858829844337,9.333064949006978,4.9718196457326895,1.2412775093934514,0.20799785292538917,
217,33.03811057434246,17.518786902844873,17.01556629092861,16.740472356414386,9.29951690821256,4.951690821256038,1.2278582930756843,0.20799785292538917,
218,33.12533548040794,17.49194847020934,16.99543746645196,16.70692431561997,9.29951690821256,4.944981213097155,1.2278582930756843,0.20799785292538917,
219,33.58829844337091,17.45169082125604,16.948470209339774,16.358024691358025,9.286097691894794,4.944981213097155,1.2144390767579174,0.20799785292538917,
220,33.702361782071925,17.391304347826086,16.948470209339774,16.324476650563607,9.265968867418144,4.944981213097155,1.2144390767579174,0.20799785292538917,
221,32.19269994632314,17.3040794417606,19.659151905528716,16.089640365002683,9.172034353193773,4.159957058507783,1.2144390767579174,0.20799785292538917,
222,32.25308641975309,17.297369833601717,19.632313472893184,16.06280193236715,9.172034353193773,4.159957058507783,1.2144390767579174,0.20799785292538917,
223,32.35373054213634,17.2638217928073,19.578636607622116,15.942028985507246,9.131776704240472,4.159957058507783,1.2144390767579174,0.20799785292538917,0.14761137949543746
224,32.51476113794954,17.216854535695116,19.524959742351047,15.942028985507246,9.111647879763822,4.133118625872249,1.2010198604401503,0.20799785292538917,0.14761137949543746
225,32.79656468062265,17.21014492753623,19.290123456790123,15.942028985507246,9.07139023081052,4.133118625872249,1.2010198604401503,0.20799785292538917,0.14761137949543746
226,32.84353193773484,17.14975845410628,19.229736983360173,15.807836822329575,9.27938808373591,4.133118625872249,1.2010198604401503,0.20799785292538917,0.14761137949543746
227,33.19914117015566,17.102791196994094,19.129092860976918,15.707192699946322,9.178743961352657,4.126409017713366,1.2010198604401503,0.20799785292538917,0.14761137949543746
228,33.5077831454643,16.982018250134193,19.068706387546968,15.593129361245303,9.178743961352657,4.1129898013955986,1.2010198604401503,0.20799785292538917,0.14761137949543746
229,33.581588835212024,16.97530864197531,19.03515834675255,15.687063875469672,9.118357487922705,4.1129898013955986,1.133923778851315,0.20799785292538917,0.14761137949543746
230,33.44739667203435,17.24369296833065,18.96135265700483,15.687063875469672,9.098228663446054,4.092860976918948,1.1272141706924315,0.19457863660762212,0.14761137949543746
231,33.55475040257649,17.028985507246375,18.914385399892645,15.687063875469672,9.057971014492754,4.005636070853462,1.4090177133655395,0.19457863660762212,0.14761137949543746
232,33.8365539452496,16.921631776704242,18.86070853462158,15.660225442834138,8.997584541062801,3.9989264626945786,1.3821792807300053,0.19457863660762212,0.14761137949543746
233,34.17203435319377,16.894793344068706,18.753354804079443,15.579710144927537,8.910359634997317,3.9989264626945786,1.3486312399355878,0.19457863660762212,0.14761137949543746
234,34.333064949006975,16.874664519592056,18.719806763285025,15.526033279656469,8.863392377885132,3.992216854535695,1.3486312399355878,0.19457863660762212,0.14761137949543746
235,34.90338164251208,16.51905528717123,18.572195383789587,15.499194847020934,8.863392377885132,3.9519592055823938,1.3486312399355878,0.19457863660762212,0.14761137949543746
236,35.057702630166396,16.458668813741276,18.572195383789587,15.573000536768653,8.816425120772946,3.911701556629093,1.2681159420289856,0.19457863660762212,0.14761137949543746
237,35.10466988727858,16.445249597423512,18.438003220611915,15.45222758990875,8.816425120772946,3.898282340311326,1.5499194847020934,0.14761137949543746,0.14761137949543746
238,35.40660225442834,16.364734299516908,18.297101449275363,15.398550724637682,8.816425120772946,3.8714439076757916,1.5499194847020934,0.14761137949543746,0.14761137949543746
239,35.601180891035966,16.0829307568438,18.256843800322063,15.304616210413311,8.816425120772946,4.119699409554482,1.5230810520665594,0.14761137949543746,0.14761137949543746
240,35.809178743961354,16.002415458937197,18.243424584004295,15.217391304347826,8.796296296296296,4.1129898013955986,1.5230810520665594,0.14761137949543746,0.14761137949543746
241,35.970209339774556,15.98899624261943,18.209876543209877,15.136876006441224,8.78287707997853,4.092860976918948,1.5230810520665594,0.14761137949543746,0.14761137949543746
242,36.06414385399893,15.962157809983896,18.203166935050994,15.076489533011273,8.78287707997853,4.092860976918948,1.5230810520665594,0.14761137949543746,0.14761137949543746
243,36.52710681696189,15.908480944712828,18.089103596349972,14.821524422973699,8.749329039184111,4.092860976918948,1.5163714439076759,0.14761137949543746,0.14761137949543746
244,36.33923778851315,15.673644659151906,17.907944176060116,15.465646806226516,8.3064949006978,4.300858829844337,1.710950080515298,0.14761137949543746,0.14761137949543746
245,36.47342995169082,15.653515834675256,17.773752012882447,15.425389157273216,8.259527643585615,4.408212560386473,1.710950080515298,0.14761137949543746,0.14761137949543746
246,36.540526033279654,15.640096618357488,17.652979066022546,15.425389157273216,8.252818035426731,4.49543746645196,1.6975308641975309,0.14761137949543746,0.14761137949543746
247,36.73510466988728,15.398550724637682,17.559044551798173,15.398550724637682,8.239398819108963,4.468599033816425,1.90552871712292,0.14761137949543746,0.14761137949543746
248,36.99677938808374,15.344873859366613,17.518786902844873,15.28448738593666,8.205850778314547,4.448470209339774,1.90552871712292,0.14761137949543746,0.14761137949543746
249,36.99677938808374,15.324745034889963,16.834406870638755,15.566290928609769,8.76274825550188,4.320987654320987,1.8988191089640365,0.14761137949543746,0.14761137949543746
250,37.05716586151369,15.250939345142244,16.75389157273215,15.257648953301127,8.709071390230811,4.300858829844337,2.046430488459474,0.47638217928073,0.14761137949543746
251,37.285292538915726,15.157004830917874,16.70692431561997,15.197262479871176,8.68894256575416,4.300858829844337,2.0397208803005906,0.47638217928073,0.14761137949543746
252,37.533548040794415,15.116747181964573,16.304347826086957,15.445517981749866,8.668813741277509,4.294149221685454,2.0128824476650564,0.47638217928073,0.14761137949543746
253,37.72812667740204,15.11003757380569,16.223832528180353,15.432098765432098,8.655394524959743,4.2203435319377345,2.006172839506173,0.47638217928073,0.14761137949543746
254,37.82877079978529,15.11003757380569,16.17686527106817,15.432098765432098,8.621846484165324,4.200214707461084,2.006172839506173,0.47638217928073,0.14761137949543746
255,38.02334943639291,15.03623188405797,16.170155662909288,15.351583467525497,8.621846484165324,4.200214707461084,1.9927536231884058,0.4562533548040794,0.14761137949543746
256,38.177670424047236,14.949006977992486,16.129898013955984,15.063070316693505,8.621846484165324,4.119699409554482,2.3349436392914655,0.4562533548040794,0.14761137949543746
257,38.499731615673646,14.848362855609233,16.11647879763822,14.928878153515834,8.588298443370908,4.079441760601181,2.3349436392914655,0.4562533548040794,0.14761137949543746
258,38.66076221148685,14.781266774020397,16.0426731078905,14.841653247450349,8.568169618894256,4.045893719806763,2.4557165861513686,0.4562533548040794,0.14761137949543746
259,38.848631239935585,14.781266774020397,16.029253891572733,14.687332259796028,8.561460010735374,4.032474503488996,2.4557165861513686,0.4562533548040794,0.14761137949543746
260,38.37224906065486,14.700751476113794,17.45169082125604,14.586688137412775,7.695920558239399,4.032474503488996,2.5563607085346214,0.4562533548040794,0.14761137949543746
261,38.54669887278583,14.667203435319378,17.384594739667204,14.553140096618357,7.669082125603865,4.025764895330113,2.5496511003757383,0.4562533548040794,0.14761137949543746
262,37.996511003757384,14.65378421900161,16.566022544283413,14.761137949543746,8.957326892109501,4.025764895330113,2.4355877616747184,0.4562533548040794,0.14761137949543746
263,38.32528180354267,14.553140096618357,16.492216854535695,14.700751476113794,8.863392377885132,4.025764895330113,2.4355877616747184,0.4562533548040794,0.14761137949543746
264,38.25147611379496,14.53972088030059,16.344605475040257,14.942297369833602,8.856682769726248,4.025764895330113,2.4355877616747184,0.4562533548040794,0.14761137949543746
