,45,50,52,53,55,51,57,54,58,59,56,60,62,61
0,94.9074074074074,5.092592592592593,,,,,,,,,,,,
1,66.31776704240472,31.93773483628556,1.6371443907675791,0.03354804079441761,0.07380568974771873,,,,,,,,,
2,65.98899624261944,32.085346215781,1.6505636070853462,0.06709608158883522,0.18115942028985507,0.026838432635534086,,,,,,,,
3,59.76247987117552,38.02334943639291,1.6438539989264627,0.06709608158883522,0.4428341384863124,0.026838432635534086,0.03354804079441761,,,,,,,
4,54.86446591519055,34.29951690821256,7.575147611379496,2.5026838432635534,0.5837359098228664,0.06709608158883522,0.06038647342995169,0.03354804079441761,0.013419216317767043,,,,,
5,52.180622651637144,34.796027911969944,7.521470746108427,2.5026838432635534,0.630703166935051,0.06709608158883522,0.06709608158883522,2.200751476113795,0.013419216317767043,0.020128824476650563,,,,
6,47.799248523886206,28.515834675254965,7.300053676865271,1.596886741814278,0.6374127750939346,11.741814278046162,0.10735373054213634,2.200751476113795,0.013419216317767043,0.020128824476650563,0.06709608158883522,,,
7,43.23000536768653,34.70880300590446,7.266505636070853,1.6035963499731616,1.0534084809447128,9.688674181427805,0.14090177133655393,2.147074610842727,0.013419216317767043,0.04696725711218465,0.10064412238325282,,,
8,43.022007514761135,34.58803005904455,7.313472893183038,1.6371443907675791,1.1205045625335481,9.426999463231347,0.24825550187869028,2.4154589371980677,0.013419216317767043,0.04696725711218465,0.16774020397208803,,,
9,42.78046162104133,34.574610842726784,7.246376811594203,1.6505636070853462,1.1943102522812667,9.5276435856146,0.23483628556092323,2.3617820719269993,0.013419216317767043,0.20799785292538917,0.20799785292538917,,,
10,36.8894256575416,35.27241009125067,7.212828770799785,0.5300590445517982,1.442565754159957,9.145195920558239,0.27509393451422437,8.722490606548577,,0.28180354267310787,0.2281266774020397,,,
11,32.85024154589372,37.62748255501879,7.1658615136876005,2.6637144390767578,1.5163714439076759,8.735909822866345,0.3153515834675255,8.507783145464305,,0.30193236714975846,0.3153515834675255,,,
12,24.308910359634996,36.943102522812666,6.649221685453569,2.5831991411701556,1.596886741814278,17.975040257648953,0.3488996242619431,8.93719806763285,0.013419216317767043,0.3421900161030596,0.30193236714975846,,,
13,24.4296833064949,36.594202898550726,6.038647342995169,3.2541599570585076,1.8115942028985508,17.995169082125603,0.3488996242619431,8.816425120772946,0.013419216317767043,0.3757380568974772,0.322061191626409,,,
14,22.114868491680085,29.106280193236714,4.736983360171766,5.730005367686527,1.596886741814278,27.469135802469136,0.322061191626409,8.07836822329576,0.013419216317767043,0.4562533548040794,0.3757380568974772,,,
15,20.605206655931294,30.58239398819109,4.757112184648417,5.629361245303274,1.710950080515298,27.334943639291467,0.322061191626409,8.125335480407944,0.026838432635534086,0.5099302200751477,0.39586688137412773,,,
16,20.551529790660226,28.556092324208265,4.690016103059581,5.622651637144391,1.9256575415995705,29.17337627482555,0.33548040794417605,8.111916264090176,0.026838432635534086,0.5099302200751477,0.49651100375738055,,,
17,19.14922168545357,25.79844337090714,15.546162104133119,3.6902844873859366,1.6975308641975309,23.61111111111111,0.4428341384863124,9.198872785829307,0.07380568974771873,0.2616747181964573,0.5300590445517982,,,
18,15.45222758990875,31.629092860976918,13.83521202361782,3.6634460547504024,1.9592055823939882,23.329307568438004,0.38915727321524424,8.829844337090714,0.07380568974771873,0.2616747181964573,0.5770263016639828,,,
19,14.533011272141707,30.58239398819109,13.788244766505636,3.603059581320451,1.9659151905528718,25.38244766505636,0.4294149221685454,8.76274825550188,0.07380568974771873,0.2952227589908749,0.5837359098228664,,,
20,14.61352657004831,27.22758990874933,14.257917337627482,3.5762211486849167,2.0933977455716586,25.046967257112186,0.5568974771873323,11.252012882447666,0.07380568974771873,0.2885131508319914,1.0131508319914118,,,
21,12.513419216317766,28.958668813741276,13.982823403113258,3.8580246913580245,2.1269457863660763,25.95276435856146,0.6709608158883521,10.554213633923778,0.08722490606548577,0.2616747181964573,0.9997316156736447,0.03354804079441761,,
22,10.856146001073537,30.193236714975846,15.170424047235642,3.81105743424584,2.24771873322598,25.79844337090714,0.6843800322061192,9.769189479334408,0.19457863660762212,0.2281266774020397,1.0265700483091786,0.020128824476650563,,
23,10.755501878690284,29.676596886741816,19.236446591519055,3.878153515834675,2.3081052066559313,22.269189479334408,0.7581857219538379,9.668545356951155,0.20799785292538917,0.28180354267310787,0.9393451422436929,0.020128824476650563,,
24,10.856146001073537,29.542404723564143,19.11567364465915,3.8848631239935587,2.4490069779924855,22.134997316156735,0.8387010198604401,9.634997316156737,0.24154589371980675,0.27509393451422437,1.0064412238325282,0.020128824476650563,,
25,11.017176596886742,29.361245303274288,19.00161030595813,3.8714439076757916,2.657004830917874,21.89345142243693,0.8990874932903918,9.601449275362318,0.23483628556092323,0.2885131508319914,1.1540526033279657,0.020128824476650563,,
26,11.017176596886742,27.80461621041331,18.84728931830381,5.636070853462158,2.6502952227589907,21.772678475577028,0.8923778851315083,9.574610842726784,0.2214170692431562,0.35560923242082665,1.2077294685990339,0.020128824476650563,,
27,11.084272678475577,27.059849704777243,15.995705850778315,5.555555555555555,3.0864197530864197,24.698067632850243,0.9460547504025765,9.614868491680086,0.24825550187869028,0.3153515834675255,1.3754696725711217,0.020128824476650563,,
28,11.285560923242082,26.89210950080515,15.754159957058508,5.5689747718733225,3.1199677938808374,24.58400429414922,0.9796027911969941,9.601449275362318,0.24825550187869028,0.36902844873859364,1.5767579173376274,0.020128824476650563,,
29,11.43317230273752,26.764626945786365,15.687063875469672,5.508588298443371,3.260869565217391,24.40955448201825,0.9930220075147611,9.634997316156737,0.2952227589908749,0.38915727321524424,1.596886741814278,0.026838432635534086,,
30,11.500268384326356,25.637412775093935,18.055555555555557,5.528717122920021,3.6231884057971016,23.758722490606548,0.9997316156736447,8.165593129361245,0.2952227589908749,0.38915727321524424,2.0397208803005906,0.0067096081588835215,,
31,11.117820719269995,23.74530327428878,16.49892646269458,5.5756843800322065,3.6097691894793345,29.985238862050455,0.8454106280193237,5.803811057434245,0.2281266774020397,0.36902844873859364,2.2208803005904456,,,
32,11.144659151905529,23.57085346215781,16.438539989264626,5.803811057434245,3.7909286097691894,29.435050993022006,0.8990874932903918,5.810520665593129,0.322061191626409,0.38915727321524424,2.395330112721417,,,
33,9.205582393988191,29.844337090713903,16.31105743424584,11.453301127214171,3.046162104133119,20.638754696725712,0.95276435856146,5.790391841116479,0.35560923242082665,0.41599570585077833,1.9860440150295222,,,
34,9.380032206119163,29.582662372517444,16.203703703703702,11.419753086419753,3.2742887815351582,20.625335480407944,0.9863123993558777,5.776972624798712,0.38915727321524424,0.4025764895330113,1.9592055823939882,,,
35,9.541062801932368,29.361245303274288,16.056092324208265,10.581052066559312,3.3816425120772946,18.760064412238325,0.9997316156736447,8.433977455716587,0.4092860976918948,0.46296296296296297,2.0128824476650564,,,
36,9.594739667203436,29.032474503488995,15.848094471282877,10.513955984970478,3.5091250670960816,18.632581857219538,1.093666129898014,8.454106280193237,0.5233494363929146,0.46296296296296297,2.3349436392914655,,,
37,9.23913043478261,27.086688137412775,15.022812667740205,9.024422973698336,3.589640365002684,27.234299516908212,1.0332796564680622,4.998658078368224,0.5300590445517982,0.28180354267310787,1.9592055823939882,,,
38,8.964036500268385,24.315619967793882,19.343800322061192,6.340579710144928,3.556092324208266,30.83064949006978,1.1406333870101986,3.026033279656468,0.3488996242619431,0.10735373054213634,2.0263016639828235,,,
39,8.433977455716587,19.585346215780998,8.105206655931294,4.911433172302737,3.1535158346752548,49.973161567364464,0.5367686527106817,2.9052603327965647,0.23483628556092323,0.10735373054213634,2.0531400966183573,,,
40,8.608427267847558,19.45115405260333,8.017981749865807,4.904723564143854,3.3682232957595275,49.3894256575416,0.6105743424584005,2.918679549114332,0.2549651100375738,0.10735373054213634,2.368491680085883,,,
41,6.535158346752549,14.620236178207193,18.46484165324745,1.6572732152442298,2.4557165861513686,52.83145464304884,0.5904455179817498,0.8789586688137413,0.12077294685990338,0.026838432635534086,1.8183038110574343,,,
42,4.790660225442834,22.34970477724101,16.069511540526033,1.3754696725711217,1.724369296833065,50.691089640365,0.6508319914117016,0.6508319914117016,0.11406333870101985,0.026838432635534086,1.556629092860977,,,
43,4.28743961352657,21.77938808373591,15.96886741814278,1.3888888888888888,1.6371443907675791,52.02630166398282,0.6977992485238862,0.6642512077294686,0.11406333870101985,0.026838432635534086,1.4090177133655395,,,
44,4.30756843800322,21.598228663446054,36.292270531400966,1.133923778851315,1.3888888888888888,31.729736983360173,0.9393451422436929,0.6709608158883521,0.11406333870101985,0.040257648953301126,1.7847557702630166,,,
45,2.4490069779924855,15.68035426731079,35.547504025764894,1.107085346215781,1.3150831991411702,40.143585614600106,1.1205045625335481,0.6105743424584005,0.11406333870101985,0.06038647342995169,1.8518518518518519,,,
46,2.6637144390767578,15.465646806226516,34.84299516908212,1.107085346215781,1.7914653784219001,39.78797638217928,1.5029522275899088,0.5971551261406334,0.11406333870101985,0.06038647342995169,2.033011272141707,0.03354804079441761,,
47,2.757648953301127,15.378421900161031,33.97074610842727,1.1205045625335481,1.7847557702630166,40.86822329575953,1.6706924315619969,0.5904455179817498,0.11406333870101985,0.06038647342995169,1.6505636070853462,0.03354804079441761,,
48,2.9253891572732154,15.183843263553408,33.682232957595275,1.1540526033279657,1.9122383252818036,40.25764895330113,1.865271068169619,0.5837359098228664,0.11406333870101985,0.06038647342995169,2.227589908749329,0.03354804079441761,,
49,3.166935050993022,15.103327965646805,33.47423510466989,1.1406333870101986,1.9524959742351047,39.85507246376812,1.9256575415995705,0.6105743424584005,0.1610305958132045,0.06038647342995169,2.5161030595813205,0.03354804079441761,,
50,3.193773483628556,14.841653247450349,33.66881374127751,1.1205045625335481,1.9659151905528718,39.62694578636608,2.1604938271604937,0.6105743424584005,0.14761137949543746,0.06038647342995169,2.5697799248523885,0.03354804079441761,,
51,2.952227589908749,13.358829844337091,35.76221148684917,1.1003757380568975,1.892109500805153,36.74852388620504,1.9390767579173376,2.999194847020934,0.12077294685990338,0.06038647342995169,3.0327428878153517,0.03354804079441761,,
52,2.9388083735909825,11.842458400429415,37.11084272678475,1.0802469135802468,1.8719806763285025,36.480139559849704,2.1068169618894257,2.9723564143853998,0.3488996242619431,0.06038647342995169,3.1535158346752548,0.03354804079441761,,
53,3.099838969404187,11.822329575952764,36.86929683306495,1.0869565217391304,1.9189479334406871,36.04401502952228,2.2208803005904456,2.898550724637681,0.35560923242082665,0.16774020397208803,3.4822866344605474,0.03354804079441761,,
54,2.9253891572732154,11.137949543746645,33.782877079978526,4.944981213097155,1.9726247987117553,36.983360171765966,2.15378421900161,2.85829307568438,0.35560923242082665,0.13419216317767044,2.717391304347826,,0.03354804079441761,
55,2.844873859366613,11.084272678475577,26.435856146001072,4.931561996779388,1.8183038110574343,44.46457326892109,1.751207729468599,2.8918411164787976,0.3757380568974772,0.13419216317767044,3.2340311325818574,,0.03354804079441761,
56,2.4355877616747184,9.621578099838969,20.38378958668814,4.757112184648417,1.42914653784219,53.22061191626409,1.5901771336553945,2.831454643048846,0.3757380568974772,0.13419216317767044,3.1870638754696725,,0.03354804079441761,
57,2.563070316693505,9.5276435856146,20.2361782071927,4.7638217928073,1.4962426194310252,52.804616210413315,1.570048309178744,2.8247450348899625,0.41599570585077833,0.20128824476650564,3.5628019323671496,,0.03354804079441761,
58,2.7509393451422435,9.4873859366613,20.101986044015028,4.7638217928073,1.570048309178744,52.10681696188943,1.710950080515298,2.7844873859366612,0.41599570585077833,0.20128824476650564,4.072732152442297,,0.03354804079441761,
59,2.6637144390767578,9.447128287707997,18.471551261406333,12.869028448738593,1.6371443907675791,46.30971551261406,1.6572732152442298,2.771068169618894,0.4428341384863124,0.2281266774020397,3.488996242619431,,,0.013419216317767043
60,2.6301663982823404,9.138486312399356,18.344068706387546,12.68786902844874,1.570048309178744,46.88674181427805,1.778046162104133,2.7777777777777777,0.5099302200751477,0.23483628556092323,3.4286097691894795,,,0.013419216317767043
61,2.7308105206655933,9.091519055287172,18.183038110574344,12.68786902844874,1.5901771336553945,46.39023081052066,1.9256575415995705,2.717391304347826,0.5099302200751477,0.2683843263553409,3.8915727321524423,,,0.013419216317767043
62,2.871712292002147,9.03113258185722,17.98845947396672,12.674449812130971,1.6035963499731616,45.78636607622115,2.1135265700483092,2.8247450348899625,0.48980139559849706,0.2683843263553409,4.334406870638754,,,0.013419216317767043
63,2.791196994095545,8.561460010735374,15.908480944712828,12.607353730542137,1.4895330112721417,49.422973698336016,1.8250134192163177,2.6301663982823404,0.41599570585077833,0.2683843263553409,4.03918411164788,,,0.040257648953301126
64,2.522812667740204,5.387815351583468,18.02200751476114,11.11111111111111,0.8521202361782072,53.14680622651637,1.724369296833065,2.5831991411701556,0.3757380568974772,0.2549651100375738,3.978797638217928,,,0.040257648953301126
65,2.8113258185721954,5.367686527106817,17.767042404723565,11.11111111111111,0.8856682769726248,52.39533011272142,1.8585614600107354,2.6033279656468062,0.3757380568974772,0.28180354267310787,4.502147074610843,,,0.040257648953301126
66,2.9924852388620504,5.307300053676865,17.693236714975846,11.05072463768116,1.3150831991411702,51.80488459473967,1.8384326355340848,2.636876006441224,0.46296296296296297,0.2549651100375738,4.602791196994096,,,0.040257648953301126
67,2.757648953301127,5.307300053676865,21.3768115942029,11.064143853998926,1.2345679012345678,47.63150831991412,1.5230810520665594,4.30756843800322,0.30864197530864196,0.18115942028985507,4.26731078904992,,,0.040257648953301126
68,2.844873859366613,5.273752012882448,21.256038647342994,11.003757380568974,1.261406333870102,47.45034889962426,1.6841116478797638,4.28743961352657,0.32877079978529256,0.18115942028985507,4.361245303274289,0.026838432635534086,,0.040257648953301126
69,2.9589371980676327,5.179817498658078,21.07487922705314,10.46027911969941,1.3687600644122384,45.61862587224906,1.7176596886741815,4.30756843800322,0.3488996242619431,0.20128824476650564,6.66935050993022,0.026838432635534086,,0.06709608158883522
70,3.0931293612453032,5.132850241545894,20.967525496511005,10.312667740203972,1.3888888888888888,45.16237251744498,1.7914653784219001,4.294149221685454,0.4562533548040794,0.2214170692431562,7.071926999463232,0.040257648953301126,,0.06709608158883522
71,3.260869565217391,5.045625335480408,20.88030059044552,10.312667740203972,1.5365002683843263,44.28341384863124,1.7176596886741815,4.240472356414386,0.46967257112184646,0.24825550187869028,7.87037037037037,0.06709608158883522,,0.06709608158883522
72,3.4017713365539453,5.038915727321524,20.77294685990338,10.25228126677402,4.086151368760064,42.599302200751474,1.7579173376274826,3.3548040794417604,0.47638217928073,0.24825550187869028,7.917337627482555,0.026838432635534086,,0.06709608158883522
73,3.556092324208266,5.038915727321524,22.926731078904993,10.245571658615138,3.992216854535695,42.391304347826086,1.7847557702630166,1.7310789049919484,0.4294149221685454,0.13419216317767044,7.682501341921632,0.020128824476650563,,0.06709608158883522
74,3.750670960815888,5.038915727321524,22.819377348362856,10.165056360708535,4.025764895330113,42.11621041331186,1.7444981213097155,1.778046162104133,0.5300590445517982,0.15432098765432098,7.75630703166935,0.05367686527106817,,0.06709608158883522
75,3.81105743424584,4.998658078368224,22.5577026301664,10.050993022007514,6.206387546967257,40.002683843263554,1.751207729468599,1.9256575415995705,0.6508319914117016,0.15432098765432098,7.776435856146001,0.07380568974771873,,0.040257648953301126
76,3.9452495974235107,4.944981213097155,22.50402576489533,9.836285560923242,6.253354804079442,39.71417069243156,1.751207729468599,2.1269457863660763,0.7045088566827697,0.1878690284487386,7.87037037037037,0.10064412238325282,,0.06038647342995169
77,3.4621578099838968,0.3421900161030596,20.276435856146,10.990338164251208,5.314009661835748,47.47047772410091,1.751207729468599,1.865271068169619,0.6910896403650026,0.2214170692431562,7.407407407407407,0.14761137949543746,,0.06038647342995169
78,3.549382716049383,0.3421900161030596,23.1280193236715,10.68840579710145,4.575952764358561,46.34997316156736,1.8988191089640365,1.8719806763285025,0.6374127750939346,0.18115942028985507,6.608964036500268,0.14090177133655393,,0.026838432635534086
79,3.6902844873859366,0.32877079978529256,22.96027911969941,10.473698336017177,4.569243156199678,45.98765432098765,1.9793344068706387,2.147074610842727,0.6374127750939346,0.2281266774020397,6.830381105743425,0.14090177133655393,,0.026838432635534086
80,3.6500268384326353,0.32877079978529256,28.710413311862588,10.426731078904991,5.152979066022544,39.2512077294686,2.2946859903381642,2.26784755770263,0.7380568974771873,0.2616747181964573,6.749865807836822,0.14090177133655393,,0.026838432635534086
81,3.603059581320451,0.30864197530864196,28.099838969404185,9.655126140633387,7.300053676865271,38.35212023617821,2.1604938271604937,2.167203435319377,0.6508319914117016,0.27509393451422437,7.232957595276436,0.16774020397208803,,0.026838432635534086
82,3.656736446591519,0.30864197530864196,25.717928073000536,5.522007514761138,5.931293612453032,47.22893183038111,2.0531400966183573,2.200751476113795,0.5032206119162641,0.24825550187869028,6.421095008051529,0.16774020397208803,,0.040257648953301126
83,3.8915727321524423,0.30864197530864196,25.644122383252817,5.488459473966721,5.837359098228664,46.866612989801396,2.1135265700483092,2.200751476113795,0.5636070853462157,0.24825550187869028,6.602254428341385,0.19457863660762212,,0.040257648953301126
84,3.978797638217928,0.30864197530864196,25.563607085346217,5.555555555555555,5.803811057434245,46.59151905528717,2.147074610842727,2.2342995169082127,0.5770263016639828,0.24825550187869028,6.709608158883521,0.24154589371980675,,0.040257648953301126
85,3.603059581320451,0.30864197530864196,19.102254428341386,5.166398282340311,4.1532474503489,56.857219538378956,1.9256575415995705,1.2748255501878691,0.5099302200751477,0.12077294685990338,6.749865807836822,0.1878690284487386,,0.040257648953301126
86,3.7640901771336552,0.2952227589908749,18.968062265163713,5.226784755770263,4.139828234031133,56.23322597960279,1.9189479334406871,1.328502415458937,0.5367686527106817,0.12077294685990338,7.239667203435319,0.1878690284487386,,0.040257648953301126
87,3.4151905528717124,0.16774020397208803,16.089640365002683,3.1736446591519054,3.6902844873859366,63.10386473429951,1.4492753623188406,1.0735373054213635,0.36231884057971014,0.0939345142243693,7.179280730005368,0.1610305958132045,,0.040257648953301126
88,3.603059581320451,0.16774020397208803,15.888352120236178,3.227321524422974,3.535963499731616,62.795222758990874,1.5432098765432098,1.4090177133655395,0.39586688137412773,0.0939345142243693,7.1658615136876005,0.13419216317767044,,0.040257648953301126
89,2.8515834675254963,12.050456253354804,10.929951690821255,1.6706924315619969,4.502147074610843,59.84299516908212,1.0466988727858293,0.8990874932903918,0.18115942028985507,0.08051529790660225,5.837359098228664,0.05367686527106817,,0.05367686527106817
90,2.965646806226516,11.949812130971551,10.869565217391305,1.6841116478797638,4.575952764358561,59.366612989801396,1.0802469135802468,0.9393451422436929,0.18115942028985507,0.10735373054213634,6.172839506172839,0.05367686527106817,,0.05367686527106817
91,3.1065485775630703,11.802200751476114,10.513955984970478,1.5901771336553945,5.267042404723564,58.89694041867955,1.1473429951690821,0.9997316156736447,0.1610305958132045,0.10735373054213634,6.286902844873859,0.05367686527106817,,0.06709608158883522
92,3.1602254428341383,11.77536231884058,10.138217928073,1.6170155662909287,4.643048845947397,59.98389694041868,1.1607622114868492,1.0265700483091786,0.12077294685990338,0.10735373054213634,6.159420289855072,0.040257648953301126,,0.06709608158883522
93,3.2474503488996245,11.621041331186259,10.091250670960816,1.6572732152442298,4.790660225442834,58.682232957595275,1.1607622114868492,1.0131508319914118,0.12077294685990338,0.10735373054213634,7.39398819108964,0.040257648953301126,,0.07380568974771873
94,3.307836822329576,11.594202898550725,17.800590445517983,1.6304347826086956,4.522275899087493,51.710950080515296,1.1741814278046163,0.7112184648416533,0.0939345142243693,0.08722490606548577,7.273215244229737,0.020128824476650563,,0.07380568974771873
95,3.3950617283950617,11.158078368223295,16.63311862587225,1.6304347826086956,4.186795491143317,52.74422973698336,1.0265700483091786,2.2745571658615136,0.0939345142243693,0.04696725711218465,6.702898550724638,0.040257648953301126,,0.06709608158883522
96,3.5963499731615673,11.151368760064413,16.566022544283413,1.6237251744498122,6.427804616210413,50.10064412238325,1.0534084809447128,2.3215244229736984,0.0939345142243693,0.06709608158883522,6.890767579173376,0.040257648953301126,,0.06709608158883522
97,3.743961352657005,11.084272678475577,16.344605475040257,1.6304347826086956,6.454643048845948,49.651100375738054,1.2010198604401503,2.3483628556092326,0.08051529790660225,0.06709608158883522,7.27992485238862,0.040257648953301126,,0.07380568974771873
98,3.361513687600644,10.963499731615673,15.881642512077295,1.5499194847020934,6.105743424584004,51.590177133655395,1.1473429951690821,3.0193236714975846,0.06709608158883522,0.07380568974771873,6.125872249060655,0.040257648953301126,,0.07380568974771873
99,3.6231884057971016,10.889694041867955,15.767579173376275,1.5633387010198605,6.172839506172839,51.1003757380569,1.1876006441223832,3.012614063338701,0.06709608158883522,0.08722490606548577,6.414385399892646,0.040257648953301126,,0.07380568974771873
100,3.6768652710681695,10.72866344605475,15.653515834675256,3.099838969404187,6.1862587224906065,49.49677938808374,1.2412775093934514,3.0931293612453032,0.08051529790660225,0.08722490606548577,6.508319914117015,0.040257648953301126,,0.10735373054213634
101,3.797638217928073,10.420021470746109,15.613258185721953,3.113258185721954,6.367418142780462,48.87949543746645,1.261406333870102,3.0730005367686526,0.08051529790660225,0.20128824476650564,6.991411701556629,0.06709608158883522,,0.13419216317767044
102,3.8580246913580245,10.393183038110575,15.485775630703166,3.1736446591519054,6.4345142243692965,48.46349973161568,1.3352120236178207,3.0730005367686526,0.08051529790660225,0.24154589371980675,7.25979602791197,0.06709608158883522,,0.13419216317767044
103,3.9720880300590444,10.292538915727322,15.418679549114332,3.140096618357488,6.535158346752549,48.007246376811594,1.3888888888888888,3.0595813204508855,0.10064412238325282,0.2683843263553409,7.615405260332796,0.06709608158883522,,0.13419216317767044
104,4.200214707461084,10.165056360708535,15.230810520665592,3.113258185721954,6.635802469135802,47.66505636070853,1.556629092860977,3.079710144927536,0.1274825550187869,0.2683843263553409,7.7361782071927,0.08722490606548577,,0.13419216317767044
105,4.374664519592056,10.138217928073,15.069779924852389,3.0864197530864197,6.696188942565755,47.195383789586685,1.6371443907675791,3.1199677938808374,0.15432098765432098,0.2952227589908749,8.024691358024691,0.07380568974771873,,0.13419216317767044
106,4.361245303274289,8.380300590445518,14.989264626945786,3.099838969404187,8.581588835212024,46.9873859366613,1.6774020397208802,3.193773483628556,0.15432098765432098,0.322061191626409,8.044820182501342,0.07380568974771873,,0.13419216317767044
107,4.166666666666667,8.272946859903382,20.7662372517445,2.952227589908749,8.662104133118627,42.270531400966185,1.710950080515298,3.066290928609769,0.1610305958132045,0.35560923242082665,7.434245840042942,0.07380568974771873,,0.10735373054213634
108,4.341116478797638,8.239398819108963,20.316693505099302,2.952227589908749,8.849973161567364,41.666666666666664,2.1269457863660763,3.1333870101986045,0.1610305958132045,0.38915727321524424,7.64224369296833,0.07380568974771873,,0.10735373054213634
109,4.508856682769726,8.179012345679013,20.21604938271605,2.965646806226516,8.876811594202898,41.35131508319914,2.1806226516371443,3.1468062265163717,0.1610305958132045,0.39586688137412773,7.7831454643048845,0.11406333870101985,,0.12077294685990338
110,4.555823939881911,8.031400966183575,20.2361782071927,2.885131508319914,8.272946859903382,41.035963499731615,2.187332259796028,3.8848631239935587,0.1878690284487386,0.4227053140096618,8.038110574342458,0.1274825550187869,,0.13419216317767044
111,4.072732152442297,3.8915727321524423,16.451959205582394,2.281266774020397,6.461352657004831,53.44873859366613,1.778046162104133,2.9924852388620504,0.16774020397208803,0.41599570585077833,7.7898550724637685,0.11406333870101985,,0.13419216317767044
112,4.294149221685454,3.851315083199141,16.391572732152444,2.328234031132582,6.468062265163715,52.865002683843265,1.8115942028985508,3.0327428878153517,0.16774020397208803,0.4428341384863124,8.09849704777241,0.11406333870101985,,0.13419216317767044
113,3.7640901771336552,3.515834675254965,10.38647342995169,2.0531400966183573,8.36688137412775,59.21229200214707,1.3955984970477724,3.2340311325818574,0.16774020397208803,0.4495437466451959,7.206119162640902,0.11406333870101985,,0.13419216317767044
114,4.005636070853462,3.515834675254965,10.272410091250672,2.046430488459474,8.373590982286634,58.72920021470746,1.5096618357487923,3.2340311325818574,0.2281266774020397,0.48980139559849706,7.347020933977456,0.11406333870101985,,0.13419216317767044
115,4.025764895330113,3.515834675254965,10.19189479334407,2.073268921095008,8.225979602791197,58.3870101986044,1.5901771336553945,3.2541599570585076,0.23483628556092323,0.5434782608695652,7.682501341921632,0.14090177133655393,,0.13419216317767044
116,4.193505099302201,3.502415458937198,10.104669887278583,2.100107353730542,8.199141170155663,57.971014492753625,1.6237251744498122,3.3011272141706924,0.23483628556092323,0.5166398282340311,7.937466451959206,0.16774020397208803,,0.14761137949543746
117,4.42163177670424,3.502415458937198,9.977187332259795,2.1739130434782608,8.199141170155663,57.6154052603328,1.710950080515298,3.3279656468062266,0.2147074610842727,0.5166398282340311,8.038110574342458,0.15432098765432098,,0.14761137949543746
118,4.4820182501341925,3.455448201825013,9.950348899624261,2.2410091250670963,8.3064949006978,57.15915190552872,1.6975308641975309,3.421900161030596,0.2147074610842727,0.5166398282340311,8.232689210950081,0.15432098765432098,,0.16774020397208803
119,4.575952764358561,3.44873859366613,9.842995169082126,2.314814814814815,8.293075684380032,56.87734836285561,1.7176596886741815,3.408480944712829,0.20128824476650564,0.5904455179817498,8.373590982286634,0.15432098765432098,,0.20128824476650564
120,4.528985507246377,3.44873859366613,11.426462694578637,2.3617820719269993,8.145464304884594,55.30730005367686,1.7444981213097155,3.4420289855072466,0.24154589371980675,0.5300590445517982,8.447396672034353,0.13419216317767044,,0.24154589371980675
121,4.7638217928073,3.435319377348363,10.527375201288244,3.656736446591519,8.085077831454644,54.82420826623725,1.596886741814278,3.4286097691894795,0.322061191626409,0.5636070853462157,8.433977455716587,0.13419216317767044,,0.2281266774020397
122,4.958400429414922,3.4151905528717124,10.433440687063875,3.643317230273752,8.3467525496511,54.25389157273215,1.6035963499731616,3.408480944712829,0.3421900161030596,0.5770263016639828,8.628556092324208,0.13419216317767044,,0.2549651100375738
123,4.542404723564144,3.3950617283950617,17.485238862050455,3.1736446591519054,8.393719806763285,49.080783682232955,1.6237251744498122,3.2675791733762747,0.38915727321524424,0.5904455179817498,7.6623725174449815,0.10735373054213634,,0.2885131508319914
124,4.616210413311863,3.3950617283950617,17.357756307031668,3.1736446591519054,8.501073537305421,48.772141706924316,1.6505636070853462,3.408480944712829,0.38915727321524424,0.5904455179817498,7.749597423510467,0.10735373054213634,,0.2885131508319914
125,4.656468062265164,3.3548040794417604,17.290660225442835,3.2675791733762747,8.527911969940956,48.39640365002684,1.7176596886741815,3.408480944712829,0.43612453032742887,0.5636070853462157,7.957595276435856,0.12077294685990338,,0.30193236714975846
126,4.824208266237251,3.33467525496511,17.07595276435856,3.33467525496511,8.561460010735374,47.86634460547504,1.7579173376274826,3.502415458937198,0.46296296296296297,0.5636070853462157,8.293075684380032,0.11406333870101985,,0.30864197530864196
127,5.072463768115942,3.280998389694042,15.995705850778315,4.327697262479871,8.548040794417606,47.57783145464305,1.8183038110574343,3.4621578099838968,0.46296296296296297,0.5300590445517982,8.507783145464305,0.11406333870101985,,0.30193236714975846
128,5.314009661835748,3.2541599570585076,15.874932903918411,4.435050993022007,8.61513687600644,47.27589908749329,1.8317230273752012,3.4151905528717124,0.5099302200751477,0.5300590445517982,8.514492753623188,0.11406333870101985,,0.3153515834675255
129,5.555555555555555,3.2541599570585076,16.190284487385938,4.03918411164788,8.548040794417606,47.08803005904455,1.8719806763285025,3.4822866344605474,0.5300590445517982,0.5300590445517982,8.480944712828771,0.10064412238325282,,0.32877079978529256
130,5.642780461621041,3.240740740740741,16.035963499731615,4.092860976918948,8.608427267847558,46.65861513687601,1.932367149758454,3.5762211486849167,0.5300590445517982,0.5300590445517982,8.715780998389693,0.10735373054213634,,0.32877079978529256
131,5.750134192163178,3.240740740740741,15.646806226516372,4.025764895330113,8.635265700483092,46.20907139023081,2.214170692431562,3.616478797638218,0.5770263016639828,0.5300590445517982,9.098228663446054,0.0939345142243693,,0.36231884057971014
132,5.535426731078905,2.0263016639828235,15.458937198067632,3.8043478260869565,8.158883521202362,42.1833064949007,2.1739130434782608,10.050993022007514,0.5837359098228664,0.5367686527106817,9.03113258185722,0.0939345142243693,,0.36231884057971014
133,5.173107890499195,2.0263016639828235,9.588030059044552,3.3682232957595275,6.561996779388084,51.12721417069243,2.0397208803005906,9.970477724100913,0.5367686527106817,0.46967257112184646,8.796296296296296,0.12077294685990338,,0.2214170692431562
134,5.233494363929147,2.0263016639828235,8.849973161567364,3.388352120236178,5.964841653247451,52.49597423510467,1.9793344068706387,9.88996242619431,0.49651100375738055,0.5367686527106817,8.84326355340848,0.12077294685990338,,0.17444981213097155
135,5.340848094471283,2.0263016639828235,8.796296296296296,3.7238325281803544,5.978260869565218,52.14036500268384,2.059849704777241,9.50751476113795,0.49651100375738055,0.5837359098228664,9.05126140633387,0.12077294685990338,,0.17444981213097155
136,5.589103596349974,2.0263016639828235,8.796296296296296,3.7640901771336552,5.964841653247451,51.590177133655395,2.059849704777241,9.50751476113795,0.5032206119162641,0.5971551261406334,9.292807300053678,0.12077294685990338,0.013419216317767043,0.17444981213097155
137,5.300590445517981,2.0263016639828235,11.936392914653783,3.770799785292539,5.917874396135265,49.22168545356951,2.0531400966183573,9.27938808373591,0.5032206119162641,0.5971551261406334,9.111647879763822,0.0939345142243693,0.013419216317767043,0.17444981213097155
138,5.394524959742351,2.01959205582394,11.922973698336017,3.743961352657005,5.938003220611916,48.92646269457864,2.0128824476650564,9.359903381642512,0.5434782608695652,0.5971551261406334,9.27938808373591,0.0939345142243693,0.013419216317767043,0.15432098765432098
139,5.522007514761138,2.01959205582394,11.902844873859367,3.717122920021471,5.924584004294149,48.731884057971016,2.0128824476650564,9.29951690821256,0.5703166935050993,0.6642512077294686,9.346484165324744,0.12077294685990338,0.013419216317767043,0.15432098765432098
140,5.683038110574342,2.01959205582394,11.849168008588299,3.7037037037037037,5.938003220611916,48.41653247450349,2.100107353730542,9.158615136876007,0.6038647342995169,0.785024154589372,9.480676328502415,0.12077294685990338,0.013419216317767043,0.1274825550187869
141,5.495169082125604,2.01959205582394,11.18491680085883,2.61003757380569,5.797101449275362,51.12050456253355,1.9189479334406871,9.098228663446054,0.47638217928073,0.8051529790660226,9.205582393988191,0.12077294685990338,0.013419216317767043,0.13419216317767044
142,5.542136339237788,2.01959205582394,11.18491680085883,4.750402576489533,5.475040257648954,49.22168545356951,1.8786902844873858,9.03113258185722,0.5501878690284487,0.7447665056360708,9.312936124530328,0.15432098765432098,0.013419216317767043,0.12077294685990338
143,5.776972624798712,2.01959205582394,11.144659151905529,4.750402576489533,5.515297906602254,48.631239935587764,1.865271068169619,9.004294149221685,0.6038647342995169,0.798443370907139,9.588030059044552,0.15432098765432098,0.013419216317767043,0.13419216317767044
144,5.857487922705314,2.01959205582394,11.137949543746645,4.7101449275362315,5.5689747718733225,48.43666129898014,1.8853998926462694,9.017713365539452,0.6910896403650026,0.8454106280193237,9.534353193773484,0.14761137949543746,0.013419216317767043,0.13419216317767044
145,5.964841653247451,2.01959205582394,10.990338164251208,4.7638217928073,5.615942028985507,47.61808910359635,1.9726247987117553,9.037842190016104,0.6910896403650026,0.8722490606548577,10.158346752549651,0.14761137949543746,0.013419216317767043,0.13419216317767044
146,6.139291465378422,2.01959205582394,10.742082662372518,5.562265163714439,5.709876543209877,46.70558239398819,1.9524959742351047,9.004294149221685,0.6910896403650026,0.9796027911969941,10.198604401502953,0.14761137949543746,0.013419216317767043,0.13419216317767044
147,6.353998926462695,2.01959205582394,10.668276972624799,5.522007514761138,5.750134192163178,46.39023081052066,2.073268921095008,9.01100375738057,0.6776704240472357,0.9796027911969941,10.225442834138486,0.14761137949543746,0.013419216317767043,0.16774020397208803
148,6.394256575415996,2.01959205582394,10.63472893183038,5.495169082125604,5.676328502415459,46.03462157809984,2.100107353730542,8.896940418679549,0.6776704240472357,0.9796027911969941,10.762211486849168,0.14761137949543746,0.013419216317767043,0.16774020397208803
149,6.454643048845948,2.01959205582394,10.520665593129362,5.555555555555555,5.649490069779925,45.799785292538914,2.1806226516371443,8.903650026838433,0.798443370907139,0.9393451422436929,10.84272678475577,0.15432098765432098,0.013419216317767043,0.16774020397208803
150,6.501610305958132,2.01959205582394,10.513955984970478,5.595813204508857,5.669618894256575,45.37707997852925,2.15378421900161,8.930488459473967,0.8118625872249061,0.9259259259259259,11.151368760064413,0.15432098765432098,0.013419216317767043,0.18115942028985507
151,6.608964036500268,2.01959205582394,10.453569511540525,5.642780461621041,6.280193236714976,44.73966720343532,2.1604938271604937,8.910359634997317,0.7716049382716049,0.9326355340848095,11.07085346215781,0.19457863660762212,0.013419216317767043,0.20128824476650564
152,6.696188942565755,1.9994632313472893,10.406602254428341,5.669618894256575,6.320450885668277,44.357219538378956,2.187332259796028,8.970746108427267,0.7648953301127214,0.9326355340848095,11.29898013955985,0.19457863660762212,0.013419216317767043,0.1878690284487386
153,6.729736983360172,1.9390767579173376,10.352925389157273,5.662909286097692,6.508319914117015,44.0552871712292,2.2342995169082127,8.93719806763285,0.7917337627482555,0.9326355340848095,11.460010735373054,0.19457863660762212,0.013419216317767043,0.1878690284487386
154,6.655931293612453,1.9390767579173376,10.299248523886206,5.763553408480945,6.568706387546968,43.914385399892645,2.1940418679549114,8.93719806763285,0.7917337627482555,0.9997316156736447,11.540526033279656,0.19457863660762212,0.013419216317767043,0.1878690284487386
155,6.863929146537842,1.9122383252818036,10.299248523886206,5.743424584004294,6.998121309715513,43.39103596349973,2.167203435319377,8.876811594202898,0.8319914117015567,0.9863123993558777,11.54723564143854,0.19457863660762212,0.013419216317767043,0.17444981213097155
156,7.051798174986581,1.9122383252818036,10.285829307568438,5.71658615136876,6.964573268921095,43.25684380032206,2.2208803005904456,8.80300590445518,0.785024154589372,1.0131508319914118,11.60762211486849,0.19457863660762212,0.013419216317767043,0.17444981213097155
157,7.125603864734299,1.9122383252818036,10.25228126677402,5.756843800322061,6.944444444444445,42.86768652710682,2.2410091250670963,8.836553945249598,0.8118625872249061,1.0131508319914118,11.822329575952764,0.2281266774020397,0.013419216317767043,0.17444981213097155
158,7.326892109500805,1.892109500805153,10.25228126677402,5.8172302737520125,7.011540526033279,42.7133655394525,2.24771873322598,8.722490606548577,0.7783145464304885,1.0131508319914118,11.782071926999464,0.2281266774020397,0.013419216317767043,0.20128824476650564
159,7.39398819108964,1.892109500805153,10.165056360708535,5.844068706387547,7.179280730005368,42.43156199677939,2.2745571658615136,8.78287707997853,0.8252818035426731,0.9863123993558777,11.79549114331723,0.2147074610842727,0.013419216317767043,0.20128824476650564
160,7.5348899624261945,1.8384326355340848,10.111379495437467,5.8239398819108965,7.179280730005368,42.24369296833065,2.2946859903381642,8.890230810520666,0.8588298443370908,0.966183574879227,11.829039184111648,0.2147074610842727,0.013419216317767043,0.20128824476650564
161,7.521470746108427,1.8384326355340848,10.11808910359635,5.8172302737520125,7.37385936661299,41.92163177670424,2.328234031132582,8.930488459473967,0.9057971014492754,0.9192163177670424,11.889425657541599,0.20799785292538917,0.013419216317767043,0.2147074610842727
162,7.689210950080516,1.8384326355340848,10.171765968867419,5.783682232957595,7.427536231884058,41.71363392377885,2.3617820719269993,8.883521202361782,0.9192163177670424,0.9460547504025765,11.869296833064949,0.1878690284487386,0.013419216317767043,0.19457863660762212
163,7.702630166398282,1.8384326355340848,10.037573805689748,5.837359098228664,6.870638754696726,42.45840042941492,2.3617820719269993,9.05126140633387,0.8521202361782072,0.9125067096081588,11.681427804616211,0.1878690284487386,0.013419216317767043,0.19457863660762212
164,7.830112721417069,1.8384326355340848,9.91009125067096,5.723295759527644,6.910896403650026,41.928341384863124,2.3215244229736984,9.433709071390231,0.9997316156736447,0.9259259259259259,11.788781535158346,0.15432098765432098,0.013419216317767043,0.2214170692431562
165,7.917337627482555,1.8384326355340848,9.91009125067096,5.743424584004294,6.91760601180891,41.7337627482555,2.3215244229736984,9.420289855072463,1.0064412238325282,0.9125067096081588,11.829039184111648,0.2147074610842727,0.013419216317767043,0.2214170692431562
166,7.96430488459474,1.8384326355340848,9.916800858829845,5.71658615136876,6.944444444444445,41.46537842190016,2.3886205045625335,9.514224369296834,1.0064412238325282,0.9393451422436929,11.855877616747183,0.2147074610842727,0.013419216317767043,0.2214170692431562
