,45,50,55,52,51,53,54,56,59,57,58,60,62,61,47,65
0,99.71148684916801,0.2885131508319914,,,,,,,,,,,,,,
1,99.38271604938272,0.6172839506172839,,,,,,,,,,,,,,
2,96.1688137412775,3.8311862587224907,,,,,,,,,,,,,,
3,95.78636607622114,4.213633923778851,,,,,,,,,,,,,,
4,95.4441760601181,4.549114331723027,0.0067096081588835215,,,,,,,,,,,,,
5,95.26972624798712,4.656468062265164,0.04696725711218465,0.026838432635534086,,,,,,,,,,,,
6,90.28448738593666,9.64170692431562,0.04696725711218465,0.026838432635534086,,,,,,,,,,,,
7,90.11674718196457,9.742351046698873,0.04696725711218465,0.026838432635534086,0.06709608158883522,,,,,,,,,,,
8,86.79549114331724,13.043478260869565,0.04696725711218465,0.026838432635534086,0.08722490606548577,,,,,,,,,,,
9,82.9441760601181,16.854535695115406,0.08722490606548577,0.026838432635534086,0.08722490606548577,,,,,,,,,,,
10,82.68250134192164,17.102791196994094,0.10064412238325282,0.026838432635534086,0.08722490606548577,,,,,,,,,,,
11,82.50805152979066,17.2638217928073,0.11406333870101985,0.026838432635534086,0.08722490606548577,,,,,,,,,,,
12,82.17928073000537,17.55233494363929,0.14090177133655393,0.040257648953301126,0.08722490606548577,,,,,,,,,,,
13,79.91143317230274,19.712828770799785,0.14090177133655393,0.14761137949543746,0.08722490606548577,,,,,,,,,,,
14,77.77777777777777,19.310252281266774,0.10064412238325282,0.13419216317767044,2.677133655394525,,,,,,,,,,,
15,77.61674718196457,19.343800322061192,0.10064412238325282,0.13419216317767044,2.6637144390767578,0.14090177133655393,,,,,,,,,,
16,77.26784755770262,19.692699946323135,0.12077294685990338,0.13419216317767044,2.6435856146001075,0.14090177133655393,,,,,,,,,,
17,77.09339774557166,19.806763285024154,0.18115942028985507,0.13419216317767044,2.6435856146001075,0.14090177133655393,,,,,,,,,,
18,76.77804616210413,19.961084272678477,0.18115942028985507,0.13419216317767044,2.7643585614600106,0.15432098765432098,0.026838432635534086,,,,,,,,,
19,76.17418142780461,20.343531937734838,0.19457863660762212,0.13419216317767044,2.771068169618894,0.17444981213097155,0.20799785292538917,,,,,,,,,
20,71.29629629629629,22.584541062801932,0.19457863660762212,0.13419216317767044,5.22007514761138,0.17444981213097155,0.39586688137412773,,,,,,,,,
21,71.06816961889426,22.785829307568438,0.19457863660762212,0.13419216317767044,5.246913580246914,0.17444981213097155,0.39586688137412773,,,,,,,,,
22,67.3040794417606,27.65029522275899,0.1878690284487386,0.13419216317767044,4.1532474503489,0.17444981213097155,0.39586688137412773,,,,,,,,,
23,66.82769726247987,28.12667740203972,0.1878690284487386,0.13419216317767044,4.1532474503489,0.17444981213097155,0.39586688137412773,,,,,,,,,
24,65.24422973698336,29.716854535695116,0.1878690284487386,0.13419216317767044,4.146537842190016,0.17444981213097155,0.39586688137412773,,,,,,,,,
25,64.9422973698336,30.005367686527105,0.20128824476650564,0.13419216317767044,4.133118625872249,0.17444981213097155,0.39586688137412773,0.013419216317767043,,,,,,,,
26,46.93370907139023,50.456253354804076,0.1878690284487386,0.13419216317767044,1.7176596886741815,0.17444981213097155,0.39586688137412773,,,,,,,,,
27,46.35668276972625,49.81884057971015,0.17444981213097155,0.13419216317767044,2.945517981749866,0.17444981213097155,0.39586688137412773,,,,,,,,,
28,46.09500805152979,48.31588835212023,0.23483628556092323,0.13419216317767044,2.945517981749866,0.2214170692431562,2.0531400966183573,,,,,,,,,
29,46.03462157809984,44.73295759527644,0.2616747181964573,0.13419216317767044,2.945517981749866,0.28180354267310787,5.609232420826624,,,,,,,,,
30,43.67954911433172,47.0679012345679,0.28180354267310787,0.13419216317767044,2.945517981749866,0.28180354267310787,5.595813204508857,,0.013419216317767043,,,,,,,
31,43.39103596349973,47.32957595276436,0.28180354267310787,0.1610305958132045,2.945517981749866,0.28180354267310787,5.595813204508857,,0.013419216317767043,,,,,,,
32,41.14331723027375,49.651100375738054,0.3488996242619431,0.040257648953301126,2.9253891572732154,0.28180354267310787,5.595813204508857,,0.013419216317767043,,,,,,,
33,41.15002683843264,49.57058507783145,0.38915727321524424,0.040257648953301126,2.9253891572732154,0.3153515834675255,5.595813204508857,,0.013419216317767043,,,,,,,
34,41.12989801395599,49.55716586151369,0.38915727321524424,0.07380568974771873,2.9253891572732154,0.3153515834675255,5.595813204508857,,0.013419216317767043,,,,,,,
35,39.28475577026302,51.388888888888886,0.43612453032742887,0.040257648953301126,2.9253891572732154,0.3153515834675255,5.595813204508857,,0.013419216317767043,,,,,,,
36,39.06333870101986,51.27482555018787,0.5367686527106817,0.06038647342995169,3.113258185721954,0.3421900161030596,5.595813204508857,,0.013419216317767043,,,,,,,
37,38.74127750939345,51.49624261943102,0.5971551261406334,0.06038647342995169,3.113258185721954,0.3824476650563607,5.595813204508857,,0.013419216317767043,,,,,,,
38,35.34621578099839,51.69753086419753,0.6910896403650026,0.06038647342995169,5.931293612453032,0.6642512077294686,5.595813204508857,,0.013419216317767043,,,,,,,
39,33.272946859903385,53.5426731078905,1.0064412238325282,0.06038647342995169,5.924584004294149,0.798443370907139,5.381105743424584,,0.013419216317767043,,,,,,,
40,33.272946859903385,53.40848094471283,1.0131508319914118,0.06038647342995169,5.924584004294149,0.798443370907139,5.508588298443371,,0.013419216317767043,,,,,,,
41,33.19243156199678,51.96591519055287,1.0131508319914118,0.10064412238325282,5.924584004294149,2.301395598497048,5.488459473966721,,0.013419216317767043,,,,,,,
42,33.15217391304348,51.81830381105743,1.06682769726248,0.10064412238325282,5.9447128287707995,2.4154589371980677,5.488459473966721,,0.013419216317767043,,,,,,,
43,31.80354267310789,49.604133118625874,1.0466988727858293,5.253623188405797,5.488459473966721,1.2144390767579174,5.448201825013419,,0.026838432635534086,0.11406333870101985,,,,,,
44,31.676060118089104,49.24852388620504,1.1003757380568975,5.253623188405797,5.522007514761138,2.2342995169082127,4.824208266237251,,0.026838432635534086,0.11406333870101985,,,,,,
45,31.642512077294686,49.27536231884058,1.1003757380568975,5.253623188405797,5.542136339237788,2.2342995169082127,4.810789049919484,,0.026838432635534086,0.11406333870101985,,,,,,
46,31.54186795491143,45.94068706387547,1.1003757380568975,8.400429414922169,5.542136339237788,2.214170692431562,5.025496511003757,,0.026838432635534086,0.18115942028985507,0.026838432635534086,,,,,
47,30.636070853462158,43.37090713902308,1.0601180891035964,8.36688137412775,5.562265163714439,5.709876543209877,5.025496511003757,,0.026838432635534086,0.2147074610842727,0.026838432635534086,,,,,
48,30.320719269994633,42.46511003757381,1.1137949543746646,4.361245303274289,13.144122383252817,5.320719269994632,3.126677402039721,0.08722490606548577,,0.06038647342995169,,,,,,
49,30.24020397208803,42.54562533548041,1.1137949543746646,4.361245303274289,13.144122383252817,5.267042404723564,3.1199677938808374,0.11406333870101985,0.0067096081588835215,0.06038647342995169,0.026838432635534086,,,,,
50,29.32769726247987,43.33735909822866,1.2010198604401503,4.374664519592056,13.144122383252817,5.267042404723564,3.099838969404187,0.15432098765432098,0.0067096081588835215,0.06038647342995169,0.026838432635534086,,,,,
51,29.32769726247987,43.31723027375201,1.2345679012345678,4.374664519592056,13.110574342458401,5.267042404723564,3.0864197530864197,0.1878690284487386,0.0067096081588835215,0.06038647342995169,0.026838432635534086,,,,,
52,28.455448201825014,33.63526570048309,0.9125067096081588,1.865271068169619,31.36070853462158,1.596886741814278,1.7310789049919484,0.3488996242619431,0.0067096081588835215,0.06038647342995169,0.026838432635534086,,,,,
53,27.83816425120773,34.366612989801396,0.8252818035426731,1.9122383252818036,30.73671497584541,1.5767579173376274,1.6774020397208802,0.9728931830381106,0.0067096081588835215,0.06038647342995169,0.026838432635534086,,,,,
54,27.80461621041331,34.366612989801396,0.8118625872249061,1.9122383252818036,30.73671497584541,1.5767579173376274,1.724369296833065,0.9728931830381106,0.0067096081588835215,0.06038647342995169,0.026838432635534086,,,,,
55,27.529522275899087,34.46725711218465,0.8118625872249061,5.428073000536768,27.945517981749866,1.6103059581320451,1.724369296833065,0.3488996242619431,0.0067096081588835215,0.10064412238325282,0.026838432635534086,,,,,
56,27.502683843263554,31.34728931830381,0.785024154589372,9.024422973698336,27.84487385936661,1.6103059581320451,1.3687600644122384,0.38915727321524424,,0.10064412238325282,0.026838432635534086,,,,,
57,20.685721953837895,41.84111647879764,0.7179280730005367,8.99087493290392,24.92619431025228,1.2144390767579174,1.1607622114868492,0.36231884057971014,,0.10064412238325282,,,,,,
58,17.022275899087493,45.71256038647343,0.7313472893183038,8.923778851315083,24.879227053140095,1.0534084809447128,1.1607622114868492,0.38915727321524424,,0.1274825550187869,,,,,,
59,17.022275899087493,45.71256038647343,0.7313472893183038,8.76274825550188,24.86580783682233,1.0534084809447128,1.1607622114868492,0.4025764895330113,,0.2885131508319914,,,,,,
60,15.687063875469672,44.22302737520129,0.644122383252818,8.76274825550188,27.710681696188942,1.0534084809447128,1.1607622114868492,0.46967257112184646,,0.2885131508319914,,,,,,
61,15.687063875469672,44.20960815888352,0.6575415995705851,8.76274825550188,27.710681696188942,1.0534084809447128,1.1607622114868492,0.46967257112184646,,0.2885131508319914,,,,,,
62,15.687063875469672,44.14251207729468,1.1808910359634996,8.776167471819646,27.220880300590444,1.0534084809447128,1.1607622114868492,0.48980139559849706,,0.2885131508319914,,,,,,
63,15.70048309178744,41.23054213633924,1.5230810520665594,8.776167471819646,27.03972088030059,1.0534084809447128,3.898282340311326,0.48980139559849706,,0.2885131508319914,,,,,,
64,14.452495974235104,42.51878690284487,1.4962426194310252,8.776167471819646,27.03972088030059,1.0399892646269457,3.898282340311326,0.48980139559849706,,0.2885131508319914,,,,,,
65,14.479334406870638,42.47181964573269,1.6706924315619969,8.715780998389693,26.7512077294686,1.0399892646269457,3.898282340311326,0.6843800322061192,,0.2885131508319914,,,,,,
66,14.506172839506172,42.41814278046162,1.710950080515298,8.702361782071927,26.54320987654321,1.0399892646269457,3.898282340311326,0.8923778851315083,,0.2885131508319914,,,,,,
67,14.452495974235104,42.25711218464841,1.7579173376274826,9.333064949006978,26.44927536231884,1.0869565217391304,3.207192699946323,1.1943102522812667,,0.2616747181964573,,,,,,
68,14.472624798711756,42.1027911969941,1.8719806763285025,9.333064949006978,26.402308105206657,1.0601180891035964,3.260869565217391,1.2345679012345678,,0.2616747181964573,,,,,,
69,14.439076757917338,41.55931293612453,1.8719806763285025,9.359903381642512,26.818303811057433,1.0064412238325282,3.3413848631239937,1.3419216317767042,,0.2616747181964573,,,,,,
70,14.358561460010735,41.36473429951691,2.1806226516371443,9.353193773483628,26.757917337627482,1.0064412238325282,3.2877079978529253,1.42914653784219,,0.2616747181964573,,,,,,
71,14.351851851851851,41.36473429951691,2.2074610842726785,9.353193773483628,26.737788513150832,1.0064412238325282,3.2877079978529253,1.42914653784219,,0.2616747181964573,,,,,,
72,14.325013419216317,41.14331723027375,4.019055287171229,9.353193773483628,24.872517444981213,1.3083735909822867,3.2877079978529253,1.42914653784219,,0.2616747181964573,,,,,,
73,14.325013419216317,38.64734299516908,3.8311862587224907,12.02361782071927,24.838969404186795,1.3083735909822867,3.2877079978529253,1.4761137949543746,,0.2616747181964573,,,,,,
74,14.31159420289855,38.26489533011272,3.8580246913580245,12.02361782071927,24.812130971551262,1.6774020397208802,3.2541599570585076,1.5029522275899088,0.03354804079441761,0.2616747181964573,,,,,,
75,14.284755770263017,38.238056897477186,3.8580246913580245,12.130971551261407,24.724906065485776,1.6774020397208802,3.227321524422974,1.5029522275899088,0.06038647342995169,0.2952227589908749,,,,,,
76,12.855609232420827,39.64036500268384,3.9049919484702094,11.768652710681696,24.651100375738057,1.6774020397208802,3.227321524422974,1.556629092860977,0.06038647342995169,0.6575415995705851,,,,,,
77,11.627750939345143,34.37332259796028,3.7372517444981215,8.628556092324208,35.7085346215781,1.1540526033279657,3.0931293612453032,1.1473429951690821,0.06038647342995169,0.46967257112184646,,,,,,
78,11.379495437466453,33.89023081052066,2.757648953301127,12.406065485775631,33.823134728931834,1.1674718196457328,3.0864197530864197,0.9594739667203436,0.06038647342995169,0.46967257112184646,,,,,,
79,11.057434245840042,35.75550187869028,2.771068169618894,12.674449812130971,32.03166935050993,1.1674718196457328,3.0864197530864197,0.9125067096081588,0.06038647342995169,0.46967257112184646,,0.013419216317767043,,,,
80,11.05072463768116,35.43344068706388,3.0059044551798175,12.654320987654321,32.00483091787439,1.1674718196457328,3.2004830917874396,0.9259259259259259,0.06038647342995169,0.4830917874396135,,0.013419216317767043,,,,
81,11.044015029522276,35.29253891572732,3.1535158346752548,12.654320987654321,30.95813204508857,2.200751476113795,3.2004830917874396,0.9393451422436929,0.06038647342995169,0.4830917874396135,,0.013419216317767043,,,,
82,11.023886205045626,35.30595813204509,3.1535158346752548,12.627482555018787,30.95813204508857,2.200751476113795,3.2004830917874396,0.95276435856146,0.06038647342995169,0.5032206119162641,,0.013419216317767043,,,,
83,11.023886205045626,35.28582930756844,3.140096618357488,12.546967257112184,30.897745571658614,2.187332259796028,3.2004830917874396,1.0265700483091786,0.08722490606548577,0.5904455179817498,,0.013419216317767043,,,,
84,10.990338164251208,35.279119699409556,3.166935050993022,12.546967257112184,30.897745571658614,2.187332259796028,3.2004830917874396,1.0265700483091786,0.08722490606548577,0.6038647342995169,,0.013419216317767043,,,,
85,10.802469135802468,33.051529790660226,3.1333870101986045,12.4597423510467,31.736446591519055,2.01959205582394,4.924852388620504,1.0601180891035964,0.08722490606548577,0.630703166935051,0.08051529790660225,0.013419216317767043,,,,
86,10.802469135802468,32.98443370907139,3.2004830917874396,12.446323134728932,31.702898550724637,2.01959205582394,4.904723564143854,1.093666129898014,0.07380568974771873,0.6776704240472357,0.08051529790660225,0.013419216317767043,,,,
87,10.68840579710145,33.011272141706925,3.2877079978529253,12.432903918411165,31.50161030595813,2.01959205582394,4.898013955984971,1.2949543746645196,0.07380568974771873,0.6910896403650026,0.08051529790660225,0.020128824476650563,,,,
88,8.769457863660762,32.37385936661299,3.408480944712829,17.391304347826086,29.159957058507782,1.8518518518518519,4.9718196457326895,1.2144390767579174,0.07380568974771873,0.6843800322061192,0.08051529790660225,0.020128824476650563,,,,
89,8.769457863660762,32.360440150295226,3.421900161030596,17.344337090713903,29.07944176060118,1.8518518518518519,4.9718196457326895,1.2949543746645196,0.07380568974771873,0.7313472893183038,0.08051529790660225,0.020128824476650563,,,,
90,8.709071390230811,32.387278582930755,3.44873859366613,17.344337090713903,29.032474503488995,1.8518518518518519,4.958400429414922,1.3352120236178207,0.10064412238325282,0.7179280730005367,0.08051529790660225,0.020128824476650563,0.013419216317767043,,,
91,8.695652173913043,32.360440150295226,3.44873859366613,17.344337090713903,28.992216854535695,1.892109500805153,4.958400429414922,1.3754696725711217,0.10064412238325282,0.7179280730005367,0.08051529790660225,0.020128824476650563,0.013419216317767043,,,
92,8.715780998389693,30.48845947396672,3.488996242619431,17.310789049919485,28.878153515834676,3.81105743424584,4.898013955984971,1.3888888888888888,0.1610305958132045,0.7045088566827697,0.12077294685990338,0.020128824476650563,0.013419216317767043,,,
93,8.57487922705314,30.267042404723565,3.515834675254965,17.310789049919485,28.65673644659152,4.361245303274289,4.898013955984971,1.3955984970477724,0.1610305958132045,0.7045088566827697,0.12077294685990338,0.020128824476650563,0.013419216317767043,,,
94,8.548040794417606,30.19994632313473,3.717122920021471,17.16988727858293,28.59634997316157,4.361245303274289,4.898013955984971,1.4895330112721417,0.1610305958132045,0.7045088566827697,0.12077294685990338,0.020128824476650563,0.013419216317767043,,,
95,8.541331186258722,30.173107890499196,3.717122920021471,17.16988727858293,28.59634997316157,4.361245303274289,4.898013955984971,1.5230810520665594,0.1610305958132045,0.7045088566827697,0.12077294685990338,0.020128824476650563,0.013419216317767043,,,
96,8.521202361782072,29.139828234031132,3.616478797638218,18.035426731078903,28.59634997316157,4.62962962962963,4.797369833601718,1.5230810520665594,0.28180354267310787,0.7045088566827697,0.12077294685990338,0.020128824476650563,0.013419216317767043,,,
97,8.527911969940956,29.025764895330113,3.1065485775630703,15.747450348899624,28.22061191626409,7.9106280193236715,4.797369833601718,1.583467525496511,0.28180354267310787,0.644122383252818,0.12077294685990338,0.020128824476650563,0.013419216317767043,,,
98,8.507783145464305,28.958668813741276,3.193773483628556,15.807836822329575,28.099838969404185,7.830112721417069,4.797369833601718,1.7042404723564144,0.28180354267310787,0.5837359098228664,0.20128824476650564,0.020128824476650563,0.013419216317767043,,,
99,8.474235104669887,28.824476650563607,3.2675791733762747,15.767579173376275,27.865002683843265,7.682501341921632,5.273752012882448,1.7042404723564144,0.28180354267310787,0.6239935587761675,0.20128824476650564,0.020128824476650563,0.013419216317767043,,,
100,8.460815888352121,28.804347826086957,3.2877079978529253,15.713902308105206,27.811325818572197,7.682501341921632,5.273752012882448,1.737788513150832,0.28180354267310787,0.7112184648416533,0.20128824476650564,0.020128824476650563,0.013419216317767043,,,
101,8.460815888352121,28.784219001610307,3.321256038647343,15.713902308105206,27.717391304347824,7.628824476650563,5.260332796564681,1.8317230273752012,0.28180354267310787,0.7112184648416533,0.2549651100375738,0.020128824476650563,0.013419216317767043,,,
102,8.467525496511003,28.690284487385938,3.3279656468062266,15.693773483628556,27.690552871712292,7.615405260332796,5.367686527106817,1.8317230273752012,0.28180354267310787,0.7447665056360708,0.2549651100375738,0.020128824476650563,0.013419216317767043,,,
103,8.487654320987655,28.64331723027375,3.33467525496511,15.68035426731079,27.576489533011273,7.615405260332796,5.35426731078905,1.9457863660762211,0.28180354267310787,0.7917337627482555,0.2549651100375738,0.020128824476650563,0.013419216317767043,,,
104,8.460815888352121,27.76435856146001,4.7168545356951155,15.660225442834138,28.569511540526033,6.347289318303811,5.320719269994632,1.8585614600107354,0.28180354267310787,0.8118625872249061,0.17444981213097155,0.020128824476650563,0.013419216317767043,,,
105,8.460815888352121,27.76435856146001,4.7168545356951155,15.640096618357488,28.435319377348364,6.333870101986044,5.320719269994632,2.0263016639828235,0.28180354267310787,0.798443370907139,0.1878690284487386,0.020128824476650563,0.013419216317767043,,,
106,8.474235104669887,27.737520128824478,4.74369296833065,15.640096618357488,28.435319377348364,6.333870101986044,5.407944176060118,1.9994632313472893,0.28180354267310787,0.7179280730005367,0.1878690284487386,0.026838432635534086,0.013419216317767043,,,
107,8.447396672034353,27.657004830917874,5.0791733762748255,15.60654857756307,28.032742887815353,6.333870101986044,5.535426731078905,2.0531400966183573,0.28180354267310787,0.7447665056360708,0.1878690284487386,0.026838432635534086,0.013419216317767043,,,
108,8.447396672034353,27.549651100375737,5.166398282340311,15.505904455179817,28.019323671497585,6.327160493827161,5.535426731078905,2.086688137412775,0.28180354267310787,0.8521202361782072,0.1878690284487386,0.026838432635534086,0.013419216317767043,,,
109,7.024959742351046,40.351583467525494,4.918142780461621,8.964036500268385,24.349168008588297,5.8172302737520125,5.280461621041331,2.006172839506173,0.28180354267310787,0.7648953301127214,0.20128824476650564,0.026838432635534086,0.013419216317767043,,,
110,7.004830917874396,40.344873859366615,4.924852388620504,8.964036500268385,24.349168008588297,5.683038110574342,5.434782608695652,2.006172839506173,0.28180354267310787,0.7648953301127214,0.20128824476650564,0.026838432635534086,0.013419216317767043,,,
111,6.944444444444445,40.35829307568438,4.998658078368224,8.950617283950617,24.335748792270532,5.683038110574342,5.434782608695652,2.006172839506173,0.28180354267310787,0.7648953301127214,0.20128824476650564,0.026838432635534086,0.013419216317767043,,,
112,6.937734836285561,40.31132581857219,5.032206119162641,8.923778851315083,24.20155662909286,5.703166935050993,5.434782608695652,2.1403650026838434,0.28180354267310787,0.7917337627482555,0.20128824476650564,0.026838432635534086,0.013419216317767043,,,
113,6.9243156199677935,40.203972088030056,4.978529253891573,8.977455716586151,23.859366612989803,5.703166935050993,5.475040257648954,2.4557165861513686,0.30193236714975846,0.8789586688137413,0.20128824476650564,0.026838432635534086,0.013419216317767043,,,
114,6.904186795491143,40.042941492216855,5.159688674181428,8.977455716586151,23.859366612989803,5.837359098228664,5.475040257648954,2.328234031132582,0.30193236714975846,0.8789586688137413,0.20128824476650564,0.020128824476650563,0.013419216317767043,,,
115,6.904186795491143,39.82823403113258,5.367686527106817,8.977455716586151,23.845947396672035,5.850778314546431,5.434782608695652,2.341653247450349,0.33548040794417605,0.8789586688137413,0.20128824476650564,0.020128824476650563,0.013419216317767043,,,
116,6.91760601180891,39.79468599033817,5.367686527106817,8.977455716586151,23.832528180354267,5.850778314546431,5.428073000536768,2.3550724637681157,0.33548040794417605,0.8789586688137413,0.20128824476650564,0.04696725711218465,0.013419216317767043,,,
117,6.9310252281266775,39.70746108427268,5.434782608695652,8.977455716586151,23.825818572195384,5.850778314546431,5.428073000536768,2.368491680085883,0.33548040794417605,0.8789586688137413,0.20128824476650564,0.04696725711218465,0.013419216317767043,,,
118,6.890767579173376,38.67418142780462,5.287171229200215,10.795759527643586,23.087761674718198,5.8172302737520125,5.5756843800322065,2.3752012882447664,0.33548040794417605,0.8990874932903918,0.20128824476650564,0.04696725711218465,0.013419216317767043,,,
119,6.904186795491143,38.66747181964573,5.287171229200215,10.795759527643586,23.081052066559312,5.8172302737520125,5.5756843800322065,2.3752012882447664,0.33548040794417605,0.8990874932903918,0.20128824476650564,0.04696725711218465,0.013419216317767043,,,
120,6.8035426731078905,37.42619431025228,5.260332796564681,8.447396672034353,27.033011272141707,5.790391841116479,5.528717122920021,2.227589908749329,0.33548040794417605,0.798443370907139,0.2885131508319914,0.04696725711218465,0.013419216317767043,,,
121,6.8035426731078905,37.35909822866345,5.22007514761138,7.856951154052603,26.96591519055287,6.615673644659152,5.414653784219001,2.24771873322598,0.33548040794417605,0.798443370907139,0.322061191626409,0.04696725711218465,0.013419216317767043,,,
122,6.830381105743425,37.35909822866345,5.22007514761138,7.877079978529254,26.82501341921632,6.615673644659152,5.387815351583468,2.328234031132582,0.36231884057971014,0.8118625872249061,0.322061191626409,0.04696725711218465,0.013419216317767043,,,
123,6.863929146537842,37.33225979602791,5.22007514761138,7.877079978529254,26.778046162104133,6.602254428341385,5.387815351583468,2.38191089640365,0.36231884057971014,0.8118625872249061,0.322061191626409,0.04696725711218465,0.013419216317767043,,,
124,6.877348362855609,36.20504562533548,5.226784755770263,11.641170155662909,25.650831991411703,6.602254428341385,4.200214707461084,1.9457863660762211,0.23483628556092323,0.6977992485238862,0.6575415995705851,0.04696725711218465,0.013419216317767043,,,
125,6.816961889425658,36.131239935587764,5.35426731078905,11.60762211486849,25.637412775093935,6.602254428341385,4.200214707461084,1.9524959742351047,0.23483628556092323,0.7313472893183038,0.6575415995705851,0.06038647342995169,0.013419216317767043,,,
126,6.790123456790123,36.030595813204506,5.481749865807837,11.60762211486849,25.637412775093935,6.582125603864735,4.206924315619967,1.9390767579173376,0.23483628556092323,0.7313472893183038,0.6843800322061192,0.06038647342995169,0.013419216317767043,,,
127,6.830381105743425,35.138217928073,5.548845947396672,12.587224906065487,25.45625335480408,6.501610305958132,4.206924315619967,2.0263016639828235,0.23483628556092323,0.7112184648416533,0.6843800322061192,0.06038647342995169,0.013419216317767043,,,
128,6.8035426731078905,35.12479871175523,7.239667203435319,12.553676865271068,23.765432098765434,6.501610305958132,4.206924315619967,2.0933977455716586,0.23483628556092323,0.6843800322061192,0.7179280730005367,0.06038647342995169,0.013419216317767043,,,
129,6.769994632313473,35.03086419753087,7.333601717659689,12.620772946859903,23.731884057971016,6.481481481481482,4.206924315619967,2.0933977455716586,0.2549651100375738,0.6843800322061192,0.7179280730005367,0.06038647342995169,0.013419216317767043,,,
130,5.964841653247451,48.61782071926999,6.085614600107354,9.064680622651638,18.075684380032207,6.374127750939345,3.0193236714975846,1.3821792807300053,0.23483628556092323,0.6575415995705851,0.4495437466451959,0.06038647342995169,0.013419216317767043,,,
131,5.991680085882985,48.510466988727856,6.219806763285024,9.064680622651638,18.04213633923779,6.360708534621578,3.0193236714975846,1.3821792807300053,0.20799785292538917,0.6575415995705851,0.46967257112184646,0.06038647342995169,0.013419216317767043,,,
132,5.347557702630167,46.73242082662372,6.052066559312936,8.407139023081053,21.390230810520666,6.293612453032743,2.945517981749866,1.4224369296833066,0.2147074610842727,0.6575415995705851,0.46296296296296297,0.06038647342995169,0.013419216317767043,,,
133,5.35426731078905,46.73242082662372,6.052066559312936,8.407139023081053,21.370101986044016,6.293612453032743,2.945517981749866,1.4358561460010735,0.2147074610842727,0.6575415995705851,0.46296296296296297,0.06038647342995169,0.013419216317767043,,,
134,5.35426731078905,46.55126140633387,6.0587761674718195,8.467525496511003,21.370101986044016,6.407675791733762,2.945517981749866,1.4358561460010735,0.2147074610842727,0.6575415995705851,0.46296296296296297,0.06038647342995169,0.013419216317767043,,,
135,5.314009661835748,45.4374664519592,5.978260869565218,6.528448738593666,24.55716586151369,6.407675791733762,2.898550724637681,1.4694041867954912,0.2147074610842727,0.6575415995705851,0.46296296296296297,0.06038647342995169,0.013419216317767043,,,
136,5.347557702630167,45.3972088030059,6.011808910359635,6.494900697799249,24.50348899624262,6.407675791733762,2.898550724637681,1.4962426194310252,0.2147074610842727,0.6910896403650026,0.46296296296296297,0.06038647342995169,0.013419216317767043,,,
137,5.367686527106817,45.3569511540526,6.025228126677402,6.407675791733762,23.98684916800859,6.9310252281266775,2.898550724637681,1.4962426194310252,0.2147074610842727,0.7783145464304885,0.46296296296296297,0.06038647342995169,0.013419216317767043,,,
138,5.367686527106817,45.02147074610843,6.320450885668277,6.407675791733762,23.97342995169082,6.9310252281266775,2.952227589908749,1.4962426194310252,0.2147074610842727,0.7783145464304885,0.46296296296296297,0.06038647342995169,0.013419216317767043,,,
139,5.360976918947934,44.93424584004294,6.387546967257112,6.407675791733762,23.919753086419753,6.9310252281266775,2.9790660225442833,1.5499194847020934,0.2147074610842727,0.7783145464304885,0.46296296296296297,0.06038647342995169,0.013419216317767043,,,
140,5.360976918947934,44.72624798711755,6.5485775630703165,6.400966183574879,23.64465915190553,6.857219538378959,3.1535158346752548,1.7042404723564144,0.20799785292538917,0.7783145464304885,0.5434782608695652,0.06038647342995169,0.013419216317767043,,,
141,5.360976918947934,44.6256038647343,6.649221685453569,6.374127750939345,23.63123993558776,6.857219538378959,3.1535158346752548,1.7176596886741815,0.20799785292538917,0.8051529790660226,0.5434782608695652,0.06038647342995169,0.013419216317767043,,,
142,5.35426731078905,44.55179817498658,6.6827697262479875,6.374127750939345,23.443370907139023,6.857219538378959,3.126677402039721,1.9927536231884058,0.20799785292538917,0.8051529790660226,0.5300590445517982,0.06038647342995169,0.013419216317767043,,,
143,5.35426731078905,44.524959742351044,6.709608158883521,6.374127750939345,23.336017176596886,6.830381105743425,3.099838969404187,2.100107353730542,0.20799785292538917,0.8051529790660226,0.5568974771873323,0.08722490606548577,0.013419216317767043,,,
144,5.394524959742351,44.50483091787439,6.716317767042405,6.347289318303811,23.2085346215781,6.830381105743425,3.113258185721954,2.200751476113795,0.20799785292538917,0.8319914117015567,0.5434782608695652,0.08722490606548577,0.013419216317767043,,,
145,5.387815351583468,44.22302737520129,7.011540526033279,6.347289318303811,23.18840579710145,6.816961889425658,3.1535158346752548,2.2074610842726785,0.20799785292538917,0.8319914117015567,0.5166398282340311,0.0939345142243693,0.013419216317767043,,,
146,5.381105743424584,44.12238325281803,7.112184648416532,6.347289318303811,22.23564143853999,6.816961889425658,3.1535158346752548,3.166935050993022,0.20799785292538917,0.8319914117015567,0.5166398282340311,0.0939345142243693,0.013419216317767043,,,
147,5.401234567901234,44.06199677938808,7.2933440687063875,6.347289318303811,22.12157809983897,6.816961889425658,3.1535158346752548,3.140096618357488,0.20799785292538917,0.8319914117015567,0.5166398282340311,0.0939345142243693,0.013419216317767043,,,
148,5.441492216854535,43.947933440687066,7.1725711218464845,6.1862587224906065,21.76596886741814,7.823403113258186,3.113258185721954,3.113258185721954,0.2214170692431562,0.6038647342995169,0.5166398282340311,0.0939345142243693,,,,
149,5.428073000536768,43.63929146537842,7.501341921631776,6.159420289855072,21.70558239398819,7.816693505099302,3.140096618357488,3.140096618357488,0.2214170692431562,0.6239935587761675,0.5166398282340311,0.10735373054213634,,,,
150,5.441492216854535,43.605743424584006,7.5348899624261945,6.112453032742888,21.651905528717123,7.742887815351583,3.140096618357488,3.193773483628556,0.2214170692431562,0.7313472893183038,0.5166398282340311,0.10735373054213634,,,,
151,5.441492216854535,43.552066559312934,7.588566827697263,6.112453032742888,21.651905528717123,7.742887815351583,3.140096618357488,3.166935050993022,0.24825550187869028,0.7313472893183038,0.5166398282340311,0.10735373054213634,,,,
152,5.4549114331723025,43.53864734299517,7.575147611379496,6.099033816425121,21.651905528717123,7.742887815351583,3.1535158346752548,3.166935050993022,0.24825550187869028,0.7313472893183038,0.5166398282340311,0.12077294685990338,,,,
153,5.4549114331723025,43.43129361245303,7.588566827697263,6.099033816425121,21.464036500268385,7.722758990874933,3.1535158346752548,3.44873859366613,0.24825550187869028,0.7313472893183038,0.5367686527106817,0.12077294685990338,,,,
154,5.35426731078905,42.88781535158347,7.447665056360709,5.642780461621041,22.852925389157274,7.588566827697263,3.1535158346752548,3.4822866344605474,0.24825550187869028,0.6843800322061192,0.5367686527106817,0.12077294685990338,,,,
155,5.35426731078905,41.29092860976919,8.930488459473967,5.5689747718733225,22.879763821792807,7.608695652173913,3.1535158346752548,3.6231884057971016,0.24825550187869028,0.6843800322061192,0.5367686527106817,0.12077294685990338,,,,
156,5.35426731078905,41.27079978529254,8.943907675791733,5.5689747718733225,22.819377348362856,7.595276435856146,3.1736446591519054,3.683574879227053,0.24825550187869028,0.6843800322061192,0.5367686527106817,0.12077294685990338,,,,
157,5.35426731078905,40.385131508319915,9.829575952764358,5.5689747718733225,22.819377348362856,7.595276435856146,3.1736446591519054,3.683574879227053,0.24825550187869028,0.6843800322061192,0.5367686527106817,0.12077294685990338,,,,
158,5.35426731078905,40.33145464304884,9.86983360171766,5.5689747718733225,22.819377348362856,7.514761137949543,3.227321524422974,3.683574879227053,0.24825550187869028,0.6843800322061192,0.5837359098228664,0.11406333870101985,,,,
159,5.35426731078905,40.264358561460014,10.11808910359635,5.5689747718733225,22.57783145464305,7.454374664519592,3.33467525496511,3.603059581320451,0.24825550187869028,0.6843800322061192,0.6776704240472357,0.11406333870101985,,,,
160,5.360976918947934,40.25764895330113,10.064412238325282,5.562265163714439,22.57783145464305,7.440955448201825,3.321256038647343,3.603059581320451,0.24825550187869028,0.6843800322061192,0.7380568974771873,0.11406333870101985,,0.026838432635534086,,
161,5.233494363929147,39.94900697799248,9.997316156736447,8.635265700483092,19.98792270531401,7.4208266237251745,3.307836822329576,3.5225442834138487,0.36902844873859364,0.6843800322061192,0.7514761137949544,0.11406333870101985,,0.026838432635534086,,
162,5.233494363929147,39.91545893719807,10.010735373054214,8.628556092324208,19.98792270531401,7.407407407407407,3.33467525496511,3.5225442834138487,0.36902844873859364,0.6843800322061192,0.7648953301127214,0.11406333870101985,,0.026838432635534086,,
163,5.226784755770263,39.91545893719807,10.044283413848632,8.628556092324208,19.961084272678477,7.407407407407407,3.33467525496511,3.5225442834138487,0.36902844873859364,0.6843800322061192,0.7648953301127214,0.11406333870101985,,0.026838432635534086,,
164,5.226784755770263,39.80810520665593,10.560923242082662,8.621846484165324,19.538378958668815,7.440955448201825,3.33467525496511,3.549382716049383,0.3421900161030596,0.6709608158883521,0.7648953301127214,0.11406333870101985,,0.026838432635534086,,
165,5.226784755770263,39.47933440687064,10.896403650026839,8.621846484165324,19.43773483628556,7.300053676865271,3.569511540526033,3.5762211486849167,0.3421900161030596,0.644122383252818,0.7648953301127214,0.11406333870101985,,0.026838432635534086,,
166,5.22007514761138,39.331723027375205,11.124530327428879,8.621846484165324,19.404186795491142,7.226247987117552,3.569511540526033,3.6097691894793345,0.3421900161030596,0.644122383252818,0.7648953301127214,0.11406333870101985,,0.026838432635534086,,
167,5.24020397208803,39.16398282340311,11.258722490606548,8.621846484165324,19.363929146537842,7.226247987117552,3.5829307568438002,3.6097691894793345,0.3421900161030596,0.644122383252818,0.7648953301127214,0.1274825550187869,,0.05367686527106817,,
168,5.300590445517981,39.16398282340311,11.258722490606548,8.621846484165324,19.350509930220074,7.206119162640902,3.616478797638218,3.549382716049383,0.3421900161030596,0.644122383252818,0.7648953301127214,0.1274825550187869,,0.05367686527106817,,
169,5.199946323134729,38.00322061191626,12.493290391841116,8.648684916800859,19.350509930220074,7.206119162640902,3.616478797638218,3.549382716049383,0.3421900161030596,0.644122383252818,0.7648953301127214,0.1274825550187869,,0.05367686527106817,,
170,5.159688674181428,37.9495437466452,12.607353730542137,8.57487922705314,19.316961889425656,7.206119162640902,3.616478797638218,3.4957058507783145,0.3421900161030596,0.7380568974771873,0.7783145464304885,0.1274825550187869,,0.08722490606548577,,
171,5.12614063338701,37.94283413848631,12.640901771336553,8.568169618894256,19.28341384863124,7.179280730005368,3.616478797638218,3.5292538915727323,0.3421900161030596,0.7380568974771873,0.8185721953837896,0.1274825550187869,,0.08722490606548577,,
172,5.146269457863661,37.775093934514224,12.68786902844874,8.55475040257649,19.061996779388085,7.192699946323135,3.5829307568438002,3.750670960815888,0.3421900161030596,0.8454106280193237,0.8185721953837896,0.1274825550187869,,0.11406333870101985,,
173,5.159688674181428,37.74154589371981,12.761674718196458,8.521202361782072,18.894256575415994,7.179280730005368,3.5762211486849167,3.9184111647879765,0.3421900161030596,0.8454106280193237,0.8185721953837896,0.1274825550187869,,0.11406333870101985,,
174,5.159688674181428,37.74154589371981,12.761674718196458,8.501073537305421,18.867418142780462,7.179280730005368,3.5762211486849167,3.965378421900161,0.3421900161030596,0.8454106280193237,0.8185721953837896,0.1274825550187869,,0.11406333870101985,,
175,5.159688674181428,37.714707461084274,12.775093934514224,8.514492753623188,18.80703166935051,7.179280730005368,3.5762211486849167,4.025764895330113,0.3421900161030596,0.8454106280193237,0.8185721953837896,0.1274825550187869,,0.11406333870101985,,
176,5.152979066022544,37.70799785292539,12.781803542673108,8.514492753623188,18.78690284487386,7.179280730005368,3.5829307568438002,4.045893719806763,0.3421900161030596,0.8454106280193237,0.8051529790660226,0.14090177133655393,,0.11406333870101985,,
177,5.159688674181428,37.6207729468599,12.754965110037574,8.514492753623188,18.706387546967257,7.179280730005368,3.5963499731615673,4.2203435319377345,0.3421900161030596,0.8454106280193237,0.8051529790660226,0.14090177133655393,,0.11406333870101985,,
178,5.159688674181428,37.5805152979066,12.76838432635534,8.024691358024691,18.659420289855074,7.139023081052066,3.5963499731615673,4.824208266237251,0.3421900161030596,0.8454106280193237,0.8051529790660226,0.14090177133655393,,0.11406333870101985,,
179,5.166398282340311,37.5,12.795222758990874,8.017981749865807,18.625872249060656,7.125603864734299,3.5963499731615673,4.864465915190553,0.3421900161030596,0.8923778851315083,0.8185721953837896,0.14090177133655393,,0.11406333870101985,,
180,5.186527106816962,37.47987117552335,12.76838432635534,8.017981749865807,18.61916264090177,7.112184648416532,3.6097691894793345,4.864465915190553,0.3421900161030596,0.8923778851315083,0.8319914117015567,0.14090177133655393,,0.13419216317767044,,
181,5.186527106816962,37.47987117552335,12.741545893719806,8.017981749865807,18.61916264090177,7.112184648416532,3.6097691894793345,4.864465915190553,0.3421900161030596,0.8923778851315083,0.8319914117015567,0.14090177133655393,,0.1610305958132045,,
182,5.186527106816962,36.480139559849704,12.526838432635534,7.991143317230274,18.61916264090177,8.729200214707461,3.1870638754696725,4.85775630703167,0.36902844873859364,0.9057971014492754,0.8319914117015567,0.14090177133655393,,0.17444981213097155,,
183,5.193236714975845,36.45330112721417,12.546967257112184,7.991143317230274,18.592324208266238,8.729200214707461,3.1870638754696725,4.884594739667204,0.36902844873859364,0.9057971014492754,0.8319914117015567,0.14090177133655393,,0.17444981213097155,,
184,5.159688674181428,36.272141706924316,12.5402576489533,7.991143317230274,18.592324208266238,8.675523349436393,3.4621578099838968,4.8443370907139025,0.36902844873859364,0.9057971014492754,0.8722490606548577,0.14090177133655393,,0.17444981213097155,,
185,5.159688674181428,36.26543209876543,12.5,7.991143317230274,18.592324208266238,8.675523349436393,3.4957058507783145,4.8443370907139025,0.36902844873859364,0.9057971014492754,0.8722490606548577,0.15432098765432098,,0.17444981213097155,,
186,5.193236714975845,35.57434245840043,13.144122383252817,7.96430488459474,18.572195383789587,8.695652173913043,3.4957058507783145,4.864465915190553,0.36902844873859364,0.9057971014492754,0.8588298443370908,0.1878690284487386,,0.17444981213097155,,
187,5.193236714975845,35.15163714439077,12.875738056897477,7.4208266237251745,18.189747718733226,8.635265700483092,5.3341384863123995,4.824208266237251,0.36902844873859364,0.8118625872249061,0.8588298443370908,0.1878690284487386,,0.14761137949543746,,
188,5.193236714975845,35.10466988727858,12.922705314009661,7.4208266237251745,17.954911433172303,8.635265700483092,5.3341384863123995,5.059044551798175,0.36902844873859364,0.8118625872249061,0.8588298443370908,0.1878690284487386,,0.14761137949543746,,
189,5.186527106816962,34.6081588835212,12.714707461084272,7.4208266237251745,17.726784755770264,9.977187332259795,5.3341384863123995,4.817498658078368,0.36902844873859364,0.8118625872249061,0.7313472893183038,0.15432098765432098,,0.14761137949543746,,
