,45,50,55,51,54,52,53,57,56,58,59
0,98.83923778851315,1.1607622114868492,,,,,,,,,
1,94.63902308105207,5.360976918947934,,,,,,,,,
2,86.3996242619431,13.600375738056897,,,,,,,,,
3,86.17820719269994,13.821792807300053,,,,,,,,,
4,86.09769189479334,13.902308105206655,,,,,,,,,
5,77.68384326355341,22.23564143853999,0.08051529790660225,,,,,,,,
6,76.36876006441224,23.470209339774556,0.1610305958132045,,,,,,,,
7,75.93263553408481,23.906333870101985,0.1610305958132045,,,,,,,,
8,75.45625335480408,24.168008588298445,0.2281266774020397,0.14761137949543746,,,,,,,
9,74.30220075147611,25.32206119162641,0.2281266774020397,0.14761137949543746,,,,,,,
10,74.020397208803,25.603864734299517,0.2281266774020397,0.14761137949543746,,,,,,,
11,73.55743424584004,24.63768115942029,0.2281266774020397,0.14761137949543746,1.42914653784219,,,,,,
12,73.47691894793344,24.718196457326894,0.2281266774020397,0.14761137949543746,1.42914653784219,,,,,,
13,73.60440150295223,24.382716049382715,0.2952227589908749,0.27509393451422437,1.3888888888888888,0.05367686527106817,,,,,
14,73.18169618894257,24.684648416532475,0.41599570585077833,0.27509393451422437,1.3888888888888888,0.05367686527106817,,,,,
15,73.09447128287708,24.785292538915726,0.41599570585077833,0.27509393451422437,1.3754696725711217,0.05367686527106817,,,,,
16,72.77241009125068,25.033548040794418,0.41599570585077833,0.27509393451422437,1.4492753623188406,0.05367686527106817,,,,,
17,69.71282877079979,27.80461621041331,0.3488996242619431,0.27509393451422437,1.8048845947396672,0.05367686527106817,,,,,
18,63.888888888888886,33.353462157809986,0.3488996242619431,0.27509393451422437,1.8048845947396672,0.05367686527106817,0.27509393451422437,,,,
19,59.18545356951154,37.96296296296296,0.2683843263553409,0.27509393451422437,1.8048845947396672,0.322061191626409,0.18115942028985507,,,,
20,59.5276435856146,37.60064412238325,0.32877079978529256,0.27509393451422437,1.7646269457863661,0.322061191626409,0.18115942028985507,,,,
21,58.467525496511,38.51315083199141,0.47638217928073,0.27509393451422437,1.7646269457863661,0.322061191626409,0.18115942028985507,,,,
22,55.71658615136876,41.26409017713365,0.47638217928073,0.27509393451422437,1.7646269457863661,0.322061191626409,0.18115942028985507,,,,
23,37.6610305958132,60.46027911969941,0.8789586688137413,0.27509393451422437,0.2214170692431562,0.322061191626409,0.18115942028985507,,,,
24,37.74825550187869,60.02415458937198,0.8789586688137413,0.27509393451422437,0.2952227589908749,0.5971551261406334,0.18115942028985507,,,,
25,37.895866881374126,59.715512614063336,1.0399892646269457,0.27509393451422437,0.2952227589908749,0.5971551261406334,0.18115942028985507,,,,
26,38.02334943639291,59.31964573268921,1.1876006441223832,0.38915727321524424,0.27509393451422437,0.6239935587761675,0.18115942028985507,,,,
27,38.09044551798175,58.964036500268385,1.5767579173376274,0.38915727321524424,0.27509393451422437,0.5233494363929146,0.18115942028985507,,,,
28,38.21121846484165,58.74932903918411,1.6706924315619969,0.38915727321524424,0.27509393451422437,0.5233494363929146,0.18115942028985507,,,,
29,38.47289318303811,57.99785292538916,2.1604938271604937,0.38915727321524424,0.27509393451422437,0.5233494363929146,0.18115942028985507,,,,
30,36.68142780461621,56.70960815888352,5.24020397208803,0.38915727321524424,0.27509393451422437,0.5233494363929146,0.18115942028985507,,,,
31,36.05743424584004,57.50134192163178,5.072463768115942,0.38915727321524424,0.27509393451422437,0.5233494363929146,0.18115942028985507,,,,
32,35.11808910359635,56.776704240472355,5.146269457863661,0.38915727321524424,0.27509393451422437,2.1135265700483092,0.18115942028985507,,,,
33,35.00402576489533,56.92431561996779,4.938271604938271,0.38915727321524424,0.27509393451422437,2.1068169618894257,0.18115942028985507,0.18115942028985507,,,
34,34.39345142243693,57.48792270531401,4.985238862050457,0.38915727321524424,0.27509393451422437,2.1068169618894257,0.18115942028985507,0.18115942028985507,,,
35,34.46054750402576,56.052066559312934,6.280193236714976,0.38915727321524424,0.27509393451422437,1.9860440150295222,0.3757380568974772,0.18115942028985507,,,
36,33.601717659688674,57.078636607622116,6.246645195920558,0.2549651100375738,0.27509393451422437,1.9860440150295222,0.3757380568974772,0.18115942028985507,,,
37,27.006172839506174,43.74664519592056,5.360976918947934,20.497852925389157,0.27509393451422437,1.9860440150295222,0.3757380568974772,0.18115942028985507,0.5703166935050993,,
38,25.845410628019323,39.83494363929147,5.287171229200215,19.33709071390231,0.27509393451422437,2.2946859903381642,6.266774020397209,0.18115942028985507,0.6776704240472357,,
39,26.207729468599034,39.66720343531938,5.260332796564681,19.229736983360173,0.27509393451422437,2.2342995169082127,6.125872249060655,0.18115942028985507,0.8185721953837896,,
40,26.623725174449813,39.210950080515296,5.260332796564681,19.363929146537842,0.27509393451422437,2.2342995169082127,6.031937734836285,0.18115942028985507,0.8185721953837896,,
41,26.952495974235106,38.89559849704777,5.387815351583468,19.229736983360173,0.27509393451422437,2.227589908749329,6.031937734836285,0.18115942028985507,0.8185721953837896,,
42,27.549651100375737,38.157541599570585,5.387815351583468,19.0150295222759,0.49651100375738055,2.2342995169082127,6.031937734836285,0.18115942028985507,0.9460547504025765,,
43,27.47584541062802,37.996511003757384,5.622651637144391,18.95464304884595,0.49651100375738055,2.2342995169082127,5.964841653247451,0.18115942028985507,0.9460547504025765,0.1274825550187869,
44,27.79790660225443,37.66774020397209,5.615942028985507,18.78690284487386,0.8051529790660226,2.2342995169082127,5.837359098228664,0.18115942028985507,0.9460547504025765,0.1274825550187869,
45,26.147342995169083,67.00214707461085,2.7979066022544283,0.6038647342995169,0.5770263016639828,2.3349436392914655,0.35560923242082665,0.18115942028985507,,,
46,26.50295222758991,66.72034353193773,2.757648953301127,0.6038647342995169,0.5770263016639828,2.3349436392914655,0.35560923242082665,0.14761137949543746,,,
47,26.898819108964037,55.93129361245303,2.757648953301127,0.6038647342995169,0.5568974771873323,2.3349436392914655,10.768921095008052,0.14761137949543746,,,
48,27.15378421900161,55.475040257648956,2.757648953301127,0.8722490606548577,0.5568974771873323,2.3349436392914655,10.701825013419215,0.14761137949543746,,,
49,26.1808910359635,50.067096081588836,1.2010198604401503,0.8722490606548577,0.5568974771873323,2.281266774020397,18.840579710144926,,,,
50,26.187600644122384,50.0402576489533,1.2010198604401503,0.8722490606548577,0.5568974771873323,2.3483628556092326,18.793612453032743,,,,
51,20.90713902308105,56.005099302200755,1.2949543746645196,0.8521202361782072,0.5568974771873323,1.8585614600107354,18.5252281266774,,,,
52,19.008319914117017,57.35373054213634,1.8585614600107354,0.8521202361782072,0.5568974771873323,1.8585614600107354,18.12265163714439,,,0.38915727321524424,
53,19.49141170155663,56.91760601180891,1.8585614600107354,0.8521202361782072,0.5568974771873323,1.8585614600107354,17.92807300053677,0.14761137949543746,,0.38915727321524424,
54,19.02173913043478,55.95142243692968,2.01959205582394,0.7246376811594203,0.6508319914117016,3.207192699946323,17.659688674181428,0.3153515834675255,,0.4495437466451959,
55,19.444444444444443,54.1532474503489,3.455448201825013,0.7246376811594203,0.8252818035426731,3.1870638754696725,17.236983360171767,0.3153515834675255,,0.6575415995705851,
56,19.652442297369834,53.415190552871714,4.17337627482555,0.7246376811594203,0.8252818035426731,3.1870638754696725,16.935050993022006,0.3153515834675255,,0.7716049382716049,
57,19.363929146537842,53.48899624261943,4.0995705850778315,4.62962962962963,0.8252818035426731,3.2206119162640903,13.123993558776167,0.3153515834675255,,0.9326355340848095,
58,19.746376811594203,53.31454643048846,4.045893719806763,4.62962962962963,0.7783145464304885,3.1468062265163717,13.09044551798175,0.3153515834675255,,0.9326355340848095,
59,20.28985507246377,53.10654857756307,4.012345679012346,4.62962962962963,0.7648953301127214,3.1468062265163717,12.801932367149758,0.3153515834675255,,0.9326355340848095,
60,20.25630703166935,52.851583467525494,5.22007514761138,4.334406870638754,0.7648953301127214,3.1468062265163717,12.057165861513688,0.30193236714975846,0.13419216317767044,0.9326355340848095,
61,20.44417606011809,52.442297369833604,5.35426731078905,4.4753086419753085,0.7648953301127214,3.1468062265163717,11.627750939345143,0.30193236714975846,0.13419216317767044,1.3083735909822867,
62,19.32367149758454,53.0126140633387,5.267042404723564,4.05931293612453,0.6776704240472357,2.2074610842726785,13.39237788513151,0.6374127750939346,0.13419216317767044,1.288244766505636,
63,19.961084272678477,52.462426194310254,5.159688674181428,4.05931293612453,0.6910896403650026,2.2074610842726785,13.425925925925926,0.6374127750939346,0.10735373054213634,1.288244766505636,
64,20.35024154589372,51.82501341921632,5.293880837359098,4.05931293612453,0.6910896403650026,2.341653247450349,13.405797101449275,0.6374127750939346,0.10735373054213634,1.288244766505636,
65,20.578368223295758,51.29495437466452,5.448201825013419,3.9989264626945786,0.6776704240472357,2.328234031132582,13.6406333870102,0.6374127750939346,0.10735373054213634,1.288244766505636,
66,20.705850778314545,50.97289318303811,5.58239398819109,3.992216854535695,0.785024154589372,2.314814814814815,13.526570048309178,0.6374127750939346,0.19457863660762212,1.288244766505636,
67,21.26945786366076,50.30193236714976,5.5756843800322065,3.8915727321524423,1.2144390767579174,2.2342995169082127,13.271604938271604,0.8118625872249061,0.19457863660762212,1.2345679012345678,
68,21.28287707997853,49.986580783682236,5.676328502415459,4.092860976918948,1.2144390767579174,2.2342995169082127,13.271604938271604,0.8118625872249061,0.19457863660762212,1.2345679012345678,
69,21.162104133118625,49.93961352657005,5.676328502415459,3.978797638217928,1.5432098765432098,2.214170692431562,13.24476650563607,0.8118625872249061,0.19457863660762212,1.2345679012345678,
70,21.517713365539453,49.71148684916801,5.649490069779925,3.8915727321524423,1.5432098765432098,2.214170692431562,13.231347289318304,0.8118625872249061,0.19457863660762212,1.2345679012345678,
71,21.74584004294149,49.19484702093398,5.964841653247451,3.8915727321524423,1.5432098765432098,2.214170692431562,13.097155126140633,0.9259259259259259,0.19457863660762212,1.2278582930756843,
72,21.692163177670423,48.55072463768116,6.239935587761675,3.8848631239935587,2.006172839506173,2.1806226516371443,13.097155126140633,0.9259259259259259,0.19457863660762212,1.2278582930756843,
73,22.208803005904453,47.94685990338164,6.206387546967257,3.8848631239935587,2.033011272141707,2.1806226516371443,13.197799248523886,0.9259259259259259,0.19457863660762212,1.221148684916801,
74,22.457058507783145,47.718733225979605,6.1929683306494905,3.8848631239935587,2.033011272141707,2.1806226516371443,13.050187869028449,0.9259259259259259,0.2616747181964573,1.2949543746645196,
75,22.913311862587225,47.40338164251208,6.152710681696189,3.8848631239935587,2.033011272141707,2.26784755770263,12.983091787439614,0.9259259259259259,0.17444981213097155,1.261406333870102,
76,23.262211486849168,46.34997316156736,5.884326355340848,3.8848631239935587,1.3888888888888888,3.938539989264627,12.97638217928073,0.8789586688137413,0.17444981213097155,1.261406333870102,
77,21.101717659688674,48.52388620504563,5.931293612453032,3.8714439076757916,1.288244766505636,4.4820182501341925,12.533548040794418,0.8319914117015567,0.17444981213097155,1.261406333870102,
78,21.571390230810522,48.26221148684917,5.891035963499732,3.8714439076757916,1.288244766505636,4.455179817498658,12.23161567364466,0.8990874932903918,0.17444981213097155,1.3553408480944713,
79,21.70558239398819,47.96027911969941,6.018518518518518,3.7775093934514223,1.4492753623188406,4.428341384863124,12.050456253354804,1.1876006441223832,0.17444981213097155,1.247987117552335,
80,21.940418679549115,47.88647342995169,5.984970477724101,3.7640901771336552,1.4492753623188406,4.428341384863124,11.943102522812667,1.1808910359634996,0.17444981213097155,1.247987117552335,
81,22.32957595276436,46.66532474503489,6.018518518518518,4.569243156199678,1.42914653784219,4.3478260869565215,11.822329575952764,1.1808910359634996,0.4092860976918948,1.2278582930756843,
82,22.363123993558776,46.524422973698336,5.917874396135265,4.4753086419753085,1.5365002683843263,4.602791196994096,11.802200751476114,1.1808910359634996,0.4092860976918948,1.1876006441223832,
83,22.510735373054214,45.94068706387547,6.266774020397209,4.468599033816425,1.6639828234031133,4.569243156199678,11.802200751476114,1.1808910359634996,0.4092860976918948,1.1876006441223832,
84,22.61808910359635,45.60520665593129,6.266774020397209,4.468599033816425,1.7914653784219001,4.7101449275362315,11.77536231884058,1.1741814278046163,0.4092860976918948,1.1808910359634996,
85,22.208803005904453,42.89452495974235,6.233225979602791,4.555823939881911,1.865271068169619,10.809178743961352,9.494095544820183,0.9930220075147611,0.4092860976918948,0.5367686527106817,
86,22.584541062801932,42.27724100912507,6.468062265163715,4.736983360171766,2.2342995169082127,10.265700483091788,9.494095544820183,0.9930220075147611,0.4092860976918948,0.5367686527106817,
87,22.873054213633925,42.1430488459474,6.447933440687064,4.7168545356951155,2.227589908749329,10.198604401502953,9.453837895866881,0.9930220075147611,0.4092860976918948,0.5367686527106817,
88,23.2487922705314,41.54589371980676,6.414385399892646,4.736983360171766,2.4691358024691357,10.00402576489533,9.29951690821256,0.9930220075147611,0.7514761137949544,0.5367686527106817,
89,23.356146001073537,40.98228663446055,6.6760601180891035,4.696725711218465,2.4691358024691357,10.352925389157273,9.16532474503489,1.0869565217391304,0.7514761137949544,0.46296296296296297,
90,22.873054213633925,40.425389157273216,6.709608158883521,4.696725711218465,2.408749329039184,10.245571658615138,10.339506172839506,1.0869565217391304,0.7514761137949544,0.46296296296296297,
91,23.221953837895867,40.13687600644123,6.709608158883521,4.898013955984971,2.395330112721417,10.205314009661835,10.218733225979603,1.0735373054213635,0.7514761137949544,0.38915727321524424,
92,23.523886205045624,39.92216854535695,6.6760601180891035,4.898013955984971,2.395330112721417,10.185185185185185,10.111379495437467,1.1540526033279657,0.7514761137949544,0.3824476650563607,
93,23.678207192699947,39.190821256038646,6.877348362855609,4.777241009125067,2.462426194310252,10.165056360708535,9.71551261406334,1.1540526033279657,1.596886741814278,0.3824476650563607,
94,23.8191089640365,38.70101986044015,7.132313472893183,4.777241009125067,2.6301663982823404,10.158346752549651,9.648416532474503,1.1540526033279657,1.596886741814278,0.3824476650563607,
95,24.14117015566291,37.285292538915726,8.105206655931294,4.777241009125067,2.3752012882447664,9.219001610305957,10.735373054213634,1.3083735909822867,1.6706924315619969,0.3824476650563607,
96,24.36929683306495,36.97665056360709,8.199141170155663,4.757112184648417,2.3752012882447664,9.353193773483628,10.61460010735373,1.3016639828234031,1.6706924315619969,0.3824476650563607,
97,24.65780998389694,36.86929683306495,8.172302737520129,4.690016103059581,2.3617820719269993,9.353193773483628,10.540794417606012,1.3016639828234031,1.6706924315619969,0.3824476650563607,
98,24.322329575952764,35.950080515297905,8.68894256575416,4.690016103059581,2.509393451422437,9.574610842726784,9.769189479334408,1.2748255501878691,2.9119699409554483,0.30864197530864196,
99,24.711486849168008,35.82259796027912,8.608427267847558,4.428341384863124,2.6704240472356413,9.574610842726784,9.634997316156737,1.3553408480944713,2.885131508319914,0.30864197530864196,
100,24.402844873859365,35.02415458937198,8.53462157809984,4.3545356951154055,2.757648953301127,9.453837895866881,10.923242082662373,1.3553408480944713,2.885131508319914,0.30864197530864196,
101,24.228395061728396,34.836285560923244,8.527911969940956,4.562533548040794,2.757648953301127,9.668545356951155,10.88298443370907,1.3419216317767042,2.885131508319914,0.30864197530864196,
102,24.510198604401502,34.47396672034353,8.548040794417606,4.49543746645196,2.6033279656468062,9.802737520128824,10.923242082662373,1.3419216317767042,2.9924852388620504,0.30864197530864196,
103,24.872517444981213,34.17203435319377,8.541331186258722,4.488727858293076,2.7241009125067097,9.655126140633387,10.815888352120236,1.3419216317767042,2.9723564143853998,0.41599570585077833,
104,24.84567901234568,33.68894256575416,9.312936124530328,4.435050993022007,2.7643585614600106,9.520933977455716,10.701825013419215,1.3419216317767042,2.9723564143853998,0.41599570585077833,
105,25.161030595813205,33.48765432098765,9.272678475577026,4.3545356951154055,2.7442297369833604,9.400161030595813,10.674986580783683,1.3352120236178207,3.166935050993022,0.4025764895330113,
106,25.308641975308642,32.56172839506173,9.96376811594203,4.5893719806763285,2.7442297369833604,9.46725711218465,10.50053676865271,1.2949543746645196,3.166935050993022,0.4025764895330113,
107,25.563607085346217,32.50134192163178,9.876543209876543,4.669887278582931,2.737520128824477,9.292807300053678,10.493827160493828,1.2949543746645196,3.166935050993022,0.4025764895330113,
108,25.711218464841654,32.098765432098766,9.903381642512077,4.783950617283951,2.885131508319914,9.25925925925926,10.352925389157273,1.2949543746645196,3.307836822329576,0.4025764895330113,
109,22.490606548577563,29.03918411164788,7.75630703166935,4.294149221685454,2.7308105206655933,21.26945786366076,8.756038647342995,0.8387010198604401,2.4221685453569513,0.4025764895330113,
110,22.624798711755233,28.267579173376276,7.769726247987117,6.0654857756307035,2.5831991411701556,20.40391841116479,8.621846484165324,0.8387010198604401,2.4221685453569513,0.4025764895330113,
111,22.946859903381643,28.019323671497585,7.924047235641439,6.038647342995169,2.5496511003757383,20.162372517444982,8.621846484165324,0.9796027911969941,2.3550724637681157,0.4025764895330113,
112,23.43666129898014,27.81803542673108,7.863660762211487,6.018518518518518,2.5496511003757383,20.014761137949545,8.635265700483092,0.9796027911969941,2.281266774020397,0.4025764895330113,
113,23.993558776167472,27.657004830917874,7.682501341921632,6.005099302200751,2.5429414922168547,19.90740740740741,8.588298443370908,0.9796027911969941,2.2410091250670963,0.4025764895330113,
114,23.778851315083198,26.623725174449813,8.816425120772946,5.917874396135265,2.7106816961889426,19.370638754696724,8.789586688137414,1.1540526033279657,2.4355877616747184,0.4025764895330113,
115,23.812399355877616,26.482823403113258,8.769457863660762,5.917874396135265,2.831454643048846,19.32367149758454,8.870101986044014,1.1540526033279657,2.4355877616747184,0.4025764895330113,
116,24.040526033279658,26.32850241545894,8.84326355340848,5.904455179817498,2.831454643048846,19.102254428341386,8.76274825550188,1.3486312399355878,2.4355877616747184,0.4025764895330113,
117,24.376006441223833,25.966183574879228,8.682232957595277,5.904455179817498,2.932098765432099,18.988191089640367,8.970746108427267,1.3486312399355878,2.428878153515835,0.4025764895330113,
118,24.872517444981213,25.644122383252817,8.682232957595277,6.172839506172839,2.932098765432099,18.69296833064949,8.883521202361782,1.3486312399355878,2.368491680085883,0.4025764895330113,
119,25.328770799785293,25.0402576489533,8.729200214707461,10.279119699409554,2.9052603327965647,14.821524422973699,8.99087493290392,1.2077294685990339,2.2946859903381642,0.4025764895330113,
120,25.650831991411703,24.986580783682232,8.655394524959743,10.138217928073,2.8918411164787976,14.781266774020397,8.99087493290392,1.2077294685990339,2.2946859903381642,0.4025764895330113,
121,25.91921631776704,24.86580783682233,8.662104133118627,10.124798711755233,3.0730005367686526,14.579978529253891,8.870101986044014,1.2077294685990339,2.2946859903381642,0.4025764895330113,
122,25.999731615673646,24.731615673644658,8.662104133118627,10.124798711755233,3.0730005367686526,14.566559312936125,8.93719806763285,1.2077294685990339,2.2946859903381642,0.4025764895330113,
123,26.435856146001072,24.422973698336016,8.601717659688674,10.124798711755233,3.3480944712828773,14.459205582393988,8.836553945249598,1.0869565217391304,2.281266774020397,0.4025764895330113,
124,26.92565754159957,23.416532474503487,8.199141170155663,9.930220075147611,4.502147074610843,14.351851851851851,8.903650026838433,1.0869565217391304,2.281266774020397,0.4025764895330113,
125,27.30139559849705,23.275630703166936,8.172302737520129,9.863123993558776,4.502147074610843,14.31159420289855,8.80300590445518,1.0869565217391304,2.281266774020397,0.4025764895330113,
126,27.89855072463768,23.21524422973698,8.011272141706923,9.675254965110037,4.49543746645196,14.217659688674182,8.76274825550188,1.0601180891035964,2.281266774020397,0.3824476650563607,
127,28.10654857756307,22.73215244229737,7.9106280193236715,9.312936124530328,4.314278046162104,14.016371443907676,9.883252818035427,1.0601180891035964,2.281266774020397,0.3824476650563607,
128,27.81803542673108,22.75228126677402,9.73564143853999,9.29951690821256,4.414922168545357,12.47987117552335,9.970477724100913,1.0466988727858293,2.100107353730542,0.3824476650563607,
129,27.375201288244767,23.544015029522274,9.73564143853999,9.057971014492754,4.408212560386473,12.439613526570048,9.91009125067096,1.0466988727858293,2.100107353730542,0.3824476650563607,
130,27.509393451422437,23.396403650026837,9.688674181427805,8.876811594202898,4.502147074610843,12.379227053140097,9.842995169082126,1.0466988727858293,2.3752012882447664,0.3824476650563607,
131,27.791196994095547,23.329307568438004,9.688674181427805,8.829844337090714,4.488727858293076,12.365807836822329,9.71551261406334,1.0466988727858293,2.3617820719269993,0.3824476650563607,
132,28.039452495974235,23.13472893183038,9.554482018250134,8.816425120772946,4.394793344068707,12.325550187869029,9.943639291465379,1.0466988727858293,2.3617820719269993,0.3824476650563607,
133,28.44873859366613,23.067632850241544,9.702093397745571,8.628556092324208,4.341116478797638,11.963231347289318,10.185185185185185,1.0466988727858293,2.2342995169082127,0.3824476650563607,
134,28.609769189479334,22.946859903381643,9.41358024691358,8.474235104669887,4.656468062265164,11.83574879227053,10.359634997316157,1.0466988727858293,2.2745571658615136,0.3824476650563607,
135,28.958668813741276,22.805958132045088,9.380032206119163,8.32662372517445,4.656468062265164,11.627750939345143,10.319377348362856,1.2681159420289856,2.2745571658615136,0.3824476650563607,
136,29.159957058507782,22.65163714439077,9.312936124530328,8.279656468062266,4.730273752012883,11.627750939345143,10.312667740203972,1.2681159420289856,2.2745571658615136,0.3824476650563607,
137,29.30756843800322,22.396672034353195,9.01100375738057,8.199141170155663,4.804079441760601,11.614331723027375,10.775630703166936,1.261406333870102,2.24771873322598,0.3824476650563607,
138,28.388352120236178,21.85319377348363,8.252818035426731,8.165593129361245,6.9310252281266775,11.788781535158346,10.72866344605475,1.261406333870102,2.24771873322598,0.3824476650563607,
139,28.25415995705851,21.537842190016104,8.279656468062266,9.809447128287708,6.756575415995706,11.16478797638218,10.218733225979603,1.3486312399355878,2.24771873322598,0.3824476650563607,
140,28.495705850778315,21.175523349436393,8.514492753623188,9.762479871175524,6.749865807836822,11.158078368223295,10.165056360708535,1.3486312399355878,2.1269457863660763,0.3824476650563607,0.12077294685990338
141,28.723832528180353,21.095008051529792,8.433977455716587,9.73564143853999,6.729736983360172,11.077563070316694,10.00402576489533,1.4895330112721417,2.2074610842726785,0.3824476650563607,0.12077294685990338
142,28.75738056897477,21.054750402576488,8.641975308641975,9.594739667203436,6.716317767042405,11.077563070316694,9.96376811594203,1.4895330112721417,2.200751476113795,0.3824476650563607,0.12077294685990338
143,29.106280193236714,20.638754696725712,8.548040794417606,9.567901234567902,6.984702093397746,11.064143853998926,9.896672034353195,1.4895330112721417,2.200751476113795,0.3824476650563607,0.12077294685990338
144,29.32769726247987,20.605206655931294,8.480944712828771,9.514224369296834,6.937734836285561,11.044015029522276,9.762479871175524,1.6237251744498122,2.200751476113795,0.3824476650563607,0.12077294685990338
145,29.468599033816425,20.477724100912507,8.467525496511003,9.514224369296834,6.937734836285561,10.997047772410092,9.809447128287708,1.6237251744498122,2.200751476113795,0.3824476650563607,0.12077294685990338
146,29.62962962962963,20.169082125603865,8.695652173913043,9.460547504025765,7.024959742351046,10.997047772410092,9.71551261406334,1.6237251744498122,2.2410091250670963,0.36231884057971014,0.08051529790660225
147,29.663177670424048,19.79334406870639,8.433977455716587,9.574610842726784,7.004830917874396,10.413311862587225,9.561191626409018,2.9723564143853998,2.2410091250670963,0.2616747181964573,0.08051529790660225
148,29.73027375201288,19.672571121846484,8.527911969940956,9.567901234567902,6.984702093397746,10.399892646269459,9.561191626409018,2.9723564143853998,2.2410091250670963,0.2616747181964573,0.08051529790660225
149,30.02549651100376,19.565217391304348,8.487654320987655,9.4873859366613,6.971282877079979,10.312667740203972,9.386741814278047,3.099838969404187,2.3215244229736984,0.2616747181964573,0.08051529790660225
150,30.159688674181428,19.49141170155663,8.205850778314547,9.480676328502415,6.810252281266774,10.279119699409554,9.702093397745571,3.099838969404187,2.428878153515835,0.2616747181964573,0.08051529790660225
151,30.66290928609769,19.26328502415459,8.125335480407944,9.541062801932368,6.78341384863124,10.218733225979603,9.621578099838969,3.0931293612453032,2.3550724637681157,0.2616747181964573,0.07380568974771873
152,30.66290928609769,19.07541599570585,8.125335480407944,9.373322597960279,6.78341384863124,10.641438539989265,9.588030059044552,3.0595813204508855,2.3550724637681157,0.2616747181964573,0.07380568974771873
153,30.58239398819109,18.92109500805153,7.843531937734836,9.333064949006978,6.353998926462695,10.641438539989265,10.44015029522276,3.0595813204508855,2.4892646269457863,0.2616747181964573,0.07380568974771873
154,31.01851851851852,18.90096618357488,7.836822329575953,9.265968867418144,6.226516371443908,10.567632850241546,10.25228126677402,3.0595813204508855,2.536231884057971,0.2616747181964573,0.07380568974771873
155,30.54213633923779,18.50509930220075,7.702630166398282,8.856682769726248,6.447933440687064,12.010198604401502,10.030864197530864,3.0327428878153517,2.536231884057971,0.2616747181964573,0.07380568974771873
156,30.911164787976382,18.323939881910896,7.702630166398282,8.568169618894256,6.427804616210413,12.245034889962426,9.997316156736447,2.818035426731079,2.6704240472356413,0.2616747181964573,0.07380568974771873
157,31.179549114331724,18.203166935050994,7.695920558239399,8.568169618894256,6.421095008051529,12.211486849168008,9.930220075147611,2.7979066022544283,2.657004830917874,0.2616747181964573,0.07380568974771873
158,31.4747718733226,18.015297906602253,7.64224369296833,8.494363929146537,6.394256575415996,12.117552334943639,10.037573805689748,2.831454643048846,2.657004830917874,0.2616747181964573,0.07380568974771873
159,32.17928073000537,17.995169082125603,7.568438003220612,8.474235104669887,6.3137412775093935,11.902844873859367,9.883252818035427,2.717391304347826,2.6435856146001075,0.24825550187869028,0.07380568974771873
160,32.49463231347289,17.881105743424584,7.595276435856146,8.474235104669887,6.099033816425121,11.808910359634996,9.842995169082126,2.717391304347826,2.7643585614600106,0.24825550187869028,0.07380568974771873
161,32.910628019323674,17.733494363929147,7.474503488996243,8.756038647342995,6.447933440687064,11.084272678475577,9.722222222222221,2.791196994095545,2.757648953301127,0.24825550187869028,0.07380568974771873
162,33.2259796027912,17.599302200751477,7.467793880837359,8.715780998389693,6.5552871712292005,10.896403650026839,9.668545356951155,2.791196994095545,2.757648953301127,0.24825550187869028,0.07380568974771873
163,33.15217391304348,17.176596886741816,7.843531937734836,8.601717659688674,6.937734836285561,10.72866344605475,9.500805152979066,2.791196994095545,3.012614063338701,0.18115942028985507,0.07380568974771873
164,33.48094471282877,16.968599033816425,7.7898550724637685,8.561460010735374,6.837090713902308,10.57434245840043,9.480676328502415,2.791196994095545,3.260869565217391,0.18115942028985507,0.07380568974771873
165,33.702361782071925,16.935050993022006,7.6556629092860975,8.413848631239935,6.796833064949007,10.527375201288244,9.426999463231347,2.7844873859366612,3.502415458937198,0.18115942028985507,0.07380568974771873
166,33.883521202361784,16.935050993022006,7.64224369296833,8.360171765968868,6.796833064949007,10.527375201288244,9.400161030595813,2.7643585614600106,3.435319377348363,0.18115942028985507,0.07380568974771873
167,34.09151905528717,16.70692431561997,7.461084272678476,8.293075684380032,6.984702093397746,10.433440687063875,9.494095544820183,2.7643585614600106,3.515834675254965,0.18115942028985507,0.07380568974771873
168,33.923778851315085,16.666666666666668,7.568438003220612,8.105206655931294,6.696188942565755,10.34621578099839,11.010466988727858,2.657004830917874,2.844873859366613,0.18115942028985507,
169,33.031400966183575,16.223832528180353,7.306763285024155,10.768921095008052,6.3070316693505095,10.326086956521738,10.466988727858293,2.5429414922168547,2.844873859366613,0.18115942028985507,
170,33.28636607622115,16.0426731078905,7.333601717659689,10.527375201288244,6.387546967257112,10.48040794417606,10.433440687063875,2.5429414922168547,2.7844873859366612,0.18115942028985507,
171,33.7962962962963,15.821256038647343,7.333601717659689,10.433440687063875,6.199677938808374,10.36634460547504,10.540794417606012,2.5429414922168547,2.7844873859366612,0.18115942028985507,
172,33.601717659688674,15.53274288781535,7.159151905528717,10.279119699409554,6.078904991948471,10.38647342995169,11.52710681696189,2.5295222758990876,2.7241009125067097,0.18115942028985507,
173,33.581588835212024,15.318035426731079,7.219538378958669,10.44015029522276,6.1929683306494905,10.487117552334944,11.332528180354267,2.5295222758990876,2.717391304347826,0.18115942028985507,
174,33.58829844337091,15.123456790123457,7.219538378958669,10.379763821792807,6.508319914117015,10.487117552334944,11.292270531400966,2.5295222758990876,2.690552871712292,0.18115942028985507,
175,34.09151905528717,14.855072463768115,7.199409554482019,10.373054213633925,6.468062265163715,10.487117552334944,11.20504562533548,2.4557165861513686,2.690552871712292,0.17444981213097155,
176,34.18545356951154,14.63365539452496,7.078636607622115,10.34621578099839,6.689479334406871,10.567632850241546,11.178207192699947,2.4557165861513686,2.690552871712292,0.17444981213097155,
177,34.50751476113795,14.36527106816962,7.098765432098766,10.064412238325282,6.649221685453569,10.50053676865271,11.500268384326356,2.4490069779924855,2.690552871712292,0.17444981213097155,
178,34.82957595276436,14.298174986580785,6.937734836285561,10.017444981213098,6.723027375201288,10.453569511540525,11.426462694578637,2.4490069779924855,2.690552871712292,0.17444981213097155,
179,34.78931830381106,14.298174986580785,6.904186795491143,9.997316156736447,6.709608158883521,10.453569511540525,11.56736446591519,2.4490069779924855,2.657004830917874,0.17444981213097155,
180,35.017444981213096,14.217659688674182,6.890767579173376,9.950348899624261,6.629092860976919,10.513955984970478,11.500268384326356,2.4490069779924855,2.657004830917874,0.17444981213097155,
181,35.33279656468062,13.848631239935587,6.810252281266774,9.936929683306495,6.508319914117015,10.748792270531402,11.580783682232958,2.4490069779924855,2.61003757380569,0.17444981213097155,
182,35.45356951154053,13.81508319914117,7.018250134192163,9.708803005904455,6.508319914117015,10.748792270531402,11.533816425120772,2.428878153515835,2.61003757380569,0.17444981213097155,
183,35.13150831991412,13.439345142243694,6.588835212023618,9.567901234567902,7.447665056360709,10.721953837895867,12.23161567364466,2.4154589371980677,2.281266774020397,0.17444981213097155,
184,34.12506709608159,12.72812667740204,6.266774020397209,9.561191626409018,6.629092860976919,13.828502415458937,12.04374664519592,2.4154589371980677,2.227589908749329,0.17444981213097155,
185,34.33977455716586,12.681159420289855,6.199677938808374,9.520933977455716,6.629092860976919,13.768115942028986,12.04374664519592,2.4154589371980677,2.227589908749329,0.17444981213097155,
186,34.856414385399894,12.607353730542137,6.1862587224906065,9.312936124530328,6.582125603864735,13.768115942028986,11.990069779924852,2.4154589371980677,2.1068169618894257,0.17444981213097155,
187,35.037573805689746,12.600644122383253,6.179549114331723,9.178743961352657,6.582125603864735,13.761406333870102,11.963231347289318,2.4154589371980677,2.1068169618894257,0.17444981213097155,
188,35.265700483091784,12.426194310252281,6.219806763285024,9.078099838969404,6.649221685453569,13.734567901234568,11.929683306494901,2.4154589371980677,2.1068169618894257,0.17444981213097155,
189,35.46698872785829,12.359098228663447,6.166129898013956,8.970746108427267,6.743156199677939,13.734567901234568,11.876006441223833,2.408749329039184,2.100107353730542,0.17444981213097155,
190,35.37976382179281,12.050456253354804,6.092324208266238,9.145195920558239,7.286634460547504,13.647342995169081,11.714975845410628,2.408749329039184,2.100107353730542,0.17444981213097155,
191,35.81588835212023,11.788781535158346,6.092324208266238,8.970746108427267,7.27992485238862,13.627214170692431,11.641170155662909,2.4020397208803006,2.214170692431562,0.16774020397208803,
192,36.04401502952228,11.788781535158346,6.078904991948471,8.883521202361782,7.353730542136339,13.58695652173913,11.513687600644122,2.395330112721417,2.1940418679549114,0.1610305958132045,
193,36.06414385399893,11.714975845410628,5.9447128287707995,8.876811594202898,7.246376811594203,13.539989264626946,11.862587224906065,2.395330112721417,2.1940418679549114,0.1610305958132045,
194,36.16478797638218,11.681427804616211,5.904455179817498,8.05823939881911,7.024959742351046,14.761137949543746,11.708266237251744,2.3617820719269993,2.1739130434782608,0.1610305958132045,
195,36.15807836822329,11.614331723027375,5.891035963499732,8.051529790660226,7.206119162640902,14.687332259796028,11.714975845410628,2.341653247450349,2.1739130434782608,0.1610305958132045,
196,36.02388620504563,11.245303274288782,5.8239398819108965,8.017981749865807,8.091787439613526,14.647074610842727,11.574074074074074,2.3081052066559313,2.1068169618894257,0.1610305958132045,
197,36.02388620504563,11.191626409017713,6.092324208266238,8.017981749865807,8.185721953837897,14.378690284487385,11.533816425120772,2.3081052066559313,2.1068169618894257,0.1610305958132045,
198,34.265968867418145,10.57434245840043,5.662909286097692,7.957595276435856,10.976918947933441,14.418947933440688,11.171497584541063,2.281266774020397,2.536231884057971,0.15432098765432098,
199,34.5679012345679,10.554213633923778,5.481749865807837,7.997852925389157,10.970209339774557,14.398819108964037,11.064143853998926,2.2745571658615136,2.536231884057971,0.15432098765432098,
200,34.66183574879227,10.534084809447128,5.5756843800322065,7.96430488459474,10.789049919484702,14.38539989264627,11.137949543746645,2.2611379495437465,2.536231884057971,0.15432098765432098,
201,34.816156736446594,10.493827160493828,5.542136339237788,7.917337627482555,11.352657004830919,13.882179280730005,10.943370907139023,2.3617820719269993,2.536231884057971,0.15432098765432098,
202,34.896672034353195,10.473698336017177,5.501878690284487,7.96430488459474,11.211755233494364,13.747987117552334,11.151368760064413,2.3617820719269993,2.536231884057971,0.15432098765432098,
203,34.88325281803543,10.339506172839506,5.58239398819109,7.830112721417069,11.272141706924316,13.875469672571121,11.191626409017713,2.3550724637681157,2.5161030595813205,0.15432098765432098,
204,35.10466988727858,10.285829307568438,5.4616210413311865,7.830112721417069,11.057434245840042,13.982823403113258,11.285560923242082,2.3215244229736984,2.5161030595813205,0.15432098765432098,
205,30.454911433172303,8.420558239398819,4.663177670424047,15.98899624261943,9.742351046698873,15.505904455179817,10.23215244229737,2.3215244229736984,2.5161030595813205,0.15432098765432098,
206,22.832796564680624,5.958132045088567,3.1065485775630703,12.741545893719806,3.9452495974235107,40.022812667740205,8.125335480407944,1.892109500805153,1.221148684916801,0.15432098765432098,
207,23.047504025764894,5.938003220611916,3.1065485775630703,12.640901771336553,3.9452495974235107,39.774557165861516,8.11862587224906,2.0531400966183573,1.261406333870102,0.11406333870101985,
208,23.34272678475577,5.938003220611916,3.1065485775630703,12.607353730542137,3.9452495974235107,39.57997852925389,8.051529790660226,2.0531400966183573,1.261406333870102,0.11406333870101985,
209,23.597691894793343,5.870907139023081,3.1065485775630703,12.533548040794418,4.052603327965647,39.38539989264627,8.031400966183575,1.892109500805153,1.415727321524423,0.11406333870101985,
210,23.812399355877616,5.837359098228664,3.0730005367686526,12.526838432635534,3.9184111647879765,39.40552871712292,8.031400966183575,1.892109500805153,1.3888888888888888,0.11406333870101985,
211,23.872785829307567,5.837359098228664,3.488996242619431,12.365807836822329,3.9184111647879765,39.070048309178745,7.96430488459474,1.8786902844873858,1.4895330112721417,0.11406333870101985,
212,24.154589371980677,5.783682232957595,3.488996242619431,12.265163714439076,3.9184111647879765,39.029790660225444,7.890499194847021,1.8786902844873858,1.4761137949543746,0.11406333870101985,
213,24.376006441223833,5.776972624798712,3.488996242619431,12.265163714439076,3.9184111647879765,38.821792807300056,7.883789586688137,1.8786902844873858,1.4761137949543746,0.11406333870101985,
214,24.510198604401502,5.736714975845411,3.488996242619431,12.090713902308105,3.9184111647879765,38.60708534621578,7.883789586688137,1.9927536231884058,1.6572732152442298,0.11406333870101985,
215,24.785292538915726,5.555555555555555,3.488996242619431,12.25174449812131,3.992216854535695,38.18438003220612,7.769726247987117,2.26784755770263,1.5901771336553945,0.11406333870101985,
216,25.275093934514224,5.434782608695652,3.6231884057971016,11.922973698336017,3.9855072463768115,37.493290391841114,8.185721953837897,2.147074610842727,1.8183038110574343,0.11406333870101985,
217,25.87895866881374,5.374396135265701,3.7238325281803544,11.876006441223833,3.9586688137412773,36.922973698336016,8.185721953837897,2.147074610842727,1.8183038110574343,0.11406333870101985,
218,26.10708534621578,5.267042404723564,3.6500268384326353,11.761943102522812,4.072732152442297,36.64117015566291,8.172302737520129,2.4154589371980677,1.7981749865807837,0.11406333870101985,
219,26.321792807300053,5.193236714975845,3.643317230273752,11.701556629092861,4.072732152442297,36.61433172302738,8.145464304884594,2.395330112721417,1.7981749865807837,0.11406333870101985,
220,26.50295222758991,5.0858829844337095,3.643317230273752,11.60762211486849,4.05931293612453,36.52710681696189,8.145464304884594,2.395330112721417,1.9189479334406871,0.11406333870101985,
221,26.462694578636608,5.032206119162641,3.643317230273752,11.594202898550725,4.3545356951154055,36.37278582930757,8.11862587224906,2.395330112721417,1.9122383252818036,0.11406333870101985,
222,26.912238325281802,5.032206119162641,3.5628019323671496,11.513687600644122,4.327697262479871,36.111111111111114,8.11862587224906,2.395330112721417,1.9122383252818036,0.11406333870101985,
223,27.140365002683843,5.032206119162641,3.5225442834138487,11.493558776167472,4.28743961352657,35.35292538915727,8.111916264090176,2.771068169618894,2.1739130434782608,0.11406333870101985,
