,45,50,55,52,51,54,53,58,60,56,57,59
0,99.66451959205583,0.33548040794417605,,,,,,,,,,
1,99.49006977992485,0.5099302200751477,,,,,,,,,,
2,99.32903918411165,0.6709608158883521,,,,,,,,,,
3,94.65244229736983,5.347557702630167,,,,,,,,,,
4,90.96215780998389,9.037842190016104,,,,,,,,,,
5,90.78099838969405,9.219001610305957,,,,,,,,,,
6,90.13016639828234,9.86983360171766,,,,,,,,,,
7,89.28475577026302,10.715244229736983,,,,,,,,,,
8,89.170692431562,10.829307568438002,,,,,,,,,,
9,88.41250670960815,11.58749329039184,,,,,,,,,,
10,84.4068706387547,15.593129361245303,,,,,,,,,,
11,83.2662372517445,16.7337627482555,,,,,,,,,,
12,82.63553408480945,17.364465915190554,,,,,,,,,,
13,81.77670424047236,18.223295759527645,,,,,,,,,,
14,81.37412775093935,18.5252281266774,0.10064412238325282,,,,,,,,,
15,71.14868491680086,28.75067096081589,0.10064412238325282,,,,,,,,,
16,70.06172839506173,27.67042404723564,0.10064412238325282,2.167203435319377,,,,,,,,
17,69.10896403650027,28.6231884057971,0.10064412238325282,2.167203435319377,,,,,,,,
18,68.87412775093935,28.858024691358025,0.10064412238325282,2.167203435319377,,,,,,,,
19,64.94900697799248,31.179549114331724,0.3421900161030596,2.167203435319377,1.3620504562533549,,,,,,,
20,63.25147611379496,29.965110037573805,0.3421900161030596,0.33548040794417605,5.515297906602254,0.5904455179817498,,,,,,
21,62.72141706924316,27.449006977992486,0.32877079978529256,0.33548040794417605,8.57487922705314,0.5904455179817498,,,,,,
22,60.225442834138484,29.911433172302736,0.32877079978529256,0.2885131508319914,8.655394524959743,0.5904455179817498,,,,,,
23,60.34621578099839,29.790660225442835,0.32877079978529256,0.2885131508319914,8.668813741277509,0.5770263016639828,,,,,,
24,56.937734836285564,30.19994632313473,0.32877079978529256,1.06682769726248,9.433709071390231,0.6977992485238862,1.3352120236178207,,,,,
25,55.95813204508857,31.179549114331724,0.32877079978529256,1.06682769726248,9.433709071390231,0.6977992485238862,1.3352120236178207,,,,,
26,55.173107890499196,31.4747718733226,0.32877079978529256,1.06682769726248,9.426999463231347,1.0399892646269457,1.4895330112721417,,,,,
27,55.401234567901234,31.387546967257112,0.32877079978529256,1.06682769726248,9.286097691894794,1.0399892646269457,1.4895330112721417,,,,,
28,53.7842190016103,32.709339774557165,0.5971551261406334,1.06682769726248,9.380032206119163,0.9728931830381106,1.4895330112721417,,,,,
29,53.717122920021474,32.776435856146,0.5971551261406334,1.06682769726248,9.380032206119163,0.9728931830381106,1.4895330112721417,,,,,
30,21.182232957595275,70.08185721953838,3.9855072463768115,,1.8384326355340848,,2.8515834675254963,0.06038647342995169,,,,
31,20.90042941492217,67.29066022544283,6.380837359098229,,1.8988191089640365,,3.4688674181427803,0.06038647342995169,,,,
32,20.739398819108963,67.41814278046162,6.387546967257112,,1.8988191089640365,,3.4286097691894795,0.06038647342995169,0.06709608158883522,,,
33,19.981213097155127,67.72678475577027,6.494900697799249,,2.2410091250670963,,3.4286097691894795,0.06038647342995169,0.06709608158883522,,,
34,20.175791733762747,67.18330649490069,6.582125603864735,,2.2946859903381642,,3.3816425120772946,0.06038647342995169,0.06709608158883522,0.17444981213097155,0.08051529790660225,
35,20.591787439613526,65.26435856146001,8.125335480407944,,2.2946859903381642,,3.260869565217391,0.06038647342995169,0.14761137949543746,0.17444981213097155,0.08051529790660225,
36,20.73268921095008,64.42565754159958,8.776167471819646,0.12077294685990338,2.1806226516371443,0.11406333870101985,3.1870638754696725,0.06038647342995169,0.14761137949543746,0.17444981213097155,0.08051529790660225,
37,20.8064949006978,63.66747181964573,9.292807300053678,0.12077294685990338,2.15378421900161,0.11406333870101985,3.3279656468062266,0.06038647342995169,0.14761137949543746,0.17444981213097155,0.08051529790660225,0.05367686527106817
38,20.813204508856682,62.835480407944175,9.380032206119163,0.16774020397208803,2.2410091250670963,0.43612453032742887,3.5292538915727323,0.14090177133655393,0.14761137949543746,0.17444981213097155,0.08051529790660225,0.05367686527106817
39,21.101717659688674,61.090982286634464,10.721953837895867,0.16774020397208803,2.1940418679549114,0.5166398282340311,3.5292538915727323,0.14090177133655393,0.14761137949543746,0.17444981213097155,0.1610305958132045,0.05367686527106817
40,21.38352120236178,60.69511540526033,10.715244229736983,0.16774020397208803,2.1940418679549114,0.6374127750939346,3.5292538915727323,0.14090177133655393,0.14761137949543746,0.17444981213097155,0.1610305958132045,0.05367686527106817
41,21.4170692431562,60.46027911969941,10.661567364465915,0.16774020397208803,1.9457863660762211,0.785024154589372,3.8848631239935587,0.14090177133655393,0.14761137949543746,0.17444981213097155,0.1610305958132045,0.05367686527106817
42,21.93370907139023,59.957058507783145,10.567632850241546,0.16774020397208803,1.9457863660762211,0.785024154589372,3.8848631239935587,0.14090177133655393,0.14761137949543746,0.17444981213097155,0.24154589371980675,0.05367686527106817
43,21.833064949006978,59.628287707997856,10.245571658615138,0.16774020397208803,1.9726247987117553,0.785024154589372,3.8848631239935587,0.14090177133655393,0.14761137949543746,0.95276435856146,0.24154589371980675,
44,21.85990338164251,58.57487922705314,11.272141706924316,0.16774020397208803,1.9726247987117553,0.785024154589372,3.8848631239935587,0.14090177133655393,0.14761137949543746,0.95276435856146,0.24154589371980675,
45,22.108158883521202,57.64224369296833,11.768652710681696,0.16774020397208803,2.006172839506173,0.785024154589372,3.844605475040258,0.14090177133655393,0.1274825550187869,1.1674718196457328,0.24154589371980675,
46,22.061191626409016,56.74986580783682,11.842458400429415,0.16774020397208803,2.046430488459474,1.4559849704777241,3.750670960815888,0.4562533548040794,0.1274825550187869,1.1003757380568975,0.24154589371980675,
47,21.93370907139023,56.23993558776167,11.949812130971551,0.16774020397208803,2.046430488459474,1.9927536231884058,3.743961352657005,0.4562533548040794,0.1274825550187869,1.1003757380568975,0.24154589371980675,
48,21.93370907139023,55.77697262479871,12.359098228663447,0.16774020397208803,2.0799785292538915,2.1068169618894257,3.6500268384326353,0.4562533548040794,0.1274825550187869,1.1003757380568975,0.24154589371980675,
49,21.947128287707997,55.401234567901234,12.627482555018787,0.16774020397208803,2.0799785292538915,2.200751476113795,3.6500268384326353,0.4562533548040794,0.1274825550187869,1.1003757380568975,0.24154589371980675,
50,22.537573805689746,54.81749865807837,12.486580783682234,0.16774020397208803,2.0799785292538915,2.3617820719269993,3.6500268384326353,0.4562533548040794,0.1274825550187869,1.1003757380568975,0.2147074610842727,
51,21.987385936661298,53.247450348899626,12.5402576489533,0.04696725711218465,2.0799785292538915,2.3617820719269993,5.844068706387547,0.4562533548040794,0.1274825550187869,1.093666129898014,0.2147074610842727,
52,21.36339237788513,53.737251744498124,12.882447665056361,0.04696725711218465,1.8786902844873858,2.3550724637681157,5.844068706387547,0.4562533548040794,0.1274825550187869,1.093666129898014,0.2147074610842727,
53,21.537842190016104,53.07971014492754,12.949543746645196,0.6105743424584005,1.8786902844873858,2.428878153515835,5.642780461621041,0.4562533548040794,0.1274825550187869,1.0735373054213635,0.2147074610842727,
54,20.41062801932367,51.21443907675792,13.103864734299517,0.6105743424584005,5.340848094471283,2.3617820719269993,5.213365539452496,0.39586688137412773,0.1274825550187869,1.0399892646269457,0.18115942028985507,
55,20.209339774557165,49.282071926999464,12.117552334943639,0.6105743424584005,5.340848094471283,5.555555555555555,5.213365539452496,0.39586688137412773,0.08051529790660225,1.0131508319914118,0.18115942028985507,
56,19.85373054213634,48.38298443370907,11.084272678475577,0.6105743424584005,5.314009661835748,7.608695652173913,5.360976918947934,0.39586688137412773,0.2281266774020397,1.0131508319914118,0.14761137949543746,
57,20.397208803005906,46.79951690821256,12.144390767579173,0.6105743424584005,5.307300053676865,7.568438003220612,5.3274288781535155,0.39586688137412773,0.3153515834675255,0.9863123993558777,0.14761137949543746,
58,20.39049919484702,46.69216317767042,12.00348899624262,0.6105743424584005,5.307300053676865,7.266505636070853,5.522007514761138,0.6105743424584005,0.3153515834675255,0.9863123993558777,0.2952227589908749,
59,19.28341384863124,43.646001073537306,11.3593666129898,2.690552871712292,3.9318303811057436,8.387010198604402,8.581588835212024,0.5971551261406334,0.3153515834675255,0.9594739667203436,0.24825550187869028,
60,19.03515834675255,41.86795491143317,13.097155126140633,2.8381642512077296,3.9318303811057436,8.393719806763285,8.501073537305421,0.5971551261406334,0.3153515834675255,1.1741814278046163,0.24825550187869028,
61,19.290123456790123,40.425389157273216,14.083467525496511,2.9723564143853998,3.9318303811057436,8.319914117015566,8.501073537305421,0.5703166935050993,0.3153515834675255,1.3419216317767042,0.24825550187869028,
62,19.545088566827697,39.68733225979603,13.768115942028986,2.9723564143853998,3.9318303811057436,9.078099838969404,8.55475040257649,0.5568974771873323,0.3153515834675255,1.3419216317767042,0.24825550187869028,
63,19.53166935050993,39.56655931293612,13.633923778851315,3.0327428878153517,3.9318303811057436,9.07139023081052,8.662104133118627,0.6776704240472357,0.3153515834675255,1.328502415458937,0.24825550187869028,
64,19.719538378958667,38.466183574879224,13.459473966720344,3.0059044551798175,4.938271604938271,8.930488459473967,9.111647879763822,0.5233494363929146,0.3153515834675255,1.2815351583467525,0.24825550187869028,
65,20.02818035426731,38.28502415458937,13.264895330112722,3.0059044551798175,5.01207729468599,8.943907675791733,8.970746108427267,0.644122383252818,0.3153515834675255,1.2815351583467525,0.24825550187869028,
66,20.101986044015028,37.754965110037574,13.506441223832528,3.0059044551798175,4.435050993022007,8.917069243156199,9.863123993558776,0.5703166935050993,0.3153515834675255,1.2815351583467525,0.24825550187869028,
67,20.081857219538378,37.546967257112186,13.466183574879228,3.1199677938808374,4.7168545356951155,8.883521202361782,9.769189479334408,0.5703166935050993,0.3153515834675255,1.2815351583467525,0.24825550187869028,
68,20.128824476650564,37.35909822866345,13.560118089103597,3.1199677938808374,4.7168545356951155,9.017713365539452,9.688674181427805,0.5636070853462157,0.3153515834675255,1.2815351583467525,0.24825550187869028,
69,20.48443370907139,37.124261943102525,13.6406333870102,3.1199677938808374,4.669887278582931,8.997584541062801,9.608158883521202,0.5636070853462157,0.3153515834675255,1.2278582930756843,0.24825550187869028,
70,20.44417606011809,37.0907139023081,13.573537305421363,3.1065485775630703,4.616210413311863,9.151905528717123,9.574610842726784,0.5501878690284487,0.3153515834675255,1.328502415458937,0.24825550187869028,
71,19.108964036500268,36.22517444981213,13.352120236178207,2.0665593129361244,7.615405260332796,9.5276435856146,9.567901234567902,0.5501878690284487,0.3153515834675255,1.4224369296833066,0.24825550187869028,
72,19.229736983360173,36.07756307031669,13.39237788513151,2.0665593129361244,7.615405260332796,9.5276435856146,9.514224369296834,0.7380568974771873,0.3153515834675255,1.2748255501878691,0.24825550187869028,
73,18.183038110574344,37.144390767579175,13.539989264626946,2.033011272141707,7.427536231884058,9.5276435856146,9.500805152979066,0.7380568974771873,0.3153515834675255,1.2345679012345678,0.35560923242082665,
74,18.344068706387546,36.943102522812666,13.399087493290391,2.1403650026838434,7.494632313472893,9.5276435856146,9.50751476113795,0.7380568974771873,0.3153515834675255,1.2345679012345678,0.35560923242082665,
75,18.35077831454643,36.943102522812666,13.399087493290391,2.1403650026838434,7.494632313472893,9.520933977455716,9.50751476113795,0.7380568974771873,0.3153515834675255,1.2345679012345678,0.35560923242082665,
76,18.800322061191626,36.66800858829844,13.43263553408481,2.1403650026838434,7.353730542136339,9.41358024691358,9.480676328502415,0.7380568974771873,0.30193236714975846,1.2345679012345678,0.35560923242082665,0.08051529790660225
77,18.746645195920557,34.78931830381106,13.231347289318304,2.1068169618894257,7.353730542136339,9.708803005904455,11.480139559849706,0.7313472893183038,0.30193236714975846,0.9997316156736447,0.46967257112184646,0.08051529790660225
78,18.947933440687063,34.50751476113795,13.144122383252817,2.073268921095008,7.326892109500805,9.71551261406334,11.728395061728396,0.7313472893183038,0.30193236714975846,0.9997316156736447,0.46967257112184646,0.05367686527106817
79,19.11567364465915,34.286097691894796,13.130703166935051,2.0531400966183573,7.326892109500805,9.71551261406334,11.81561996779388,0.7313472893183038,0.30193236714975846,0.9997316156736447,0.46967257112184646,0.05367686527106817
80,18.887546967257112,34.024422973698336,12.909286097691895,2.757648953301127,6.8035426731078905,9.789318303811058,12.06387546967257,0.7313472893183038,0.30193236714975846,1.2077294685990339,0.46967257112184646,0.05367686527106817
81,19.202898550724637,33.762748255501876,13.123993558776167,3.1870638754696725,6.743156199677939,9.420289855072463,11.83574879227053,0.7246376811594203,0.30193236714975846,1.1741814278046163,0.46967257112184646,0.05367686527106817
82,18.726516371443907,33.44068706387547,13.22463768115942,3.1736446591519054,7.206119162640902,9.668545356951155,11.83574879227053,0.7246376811594203,0.30193236714975846,1.1741814278046163,0.46967257112184646,0.05367686527106817
83,18.5654857756307,32.6556629092861,12.647611379495437,3.1199677938808374,7.266505636070853,11.956521739130435,11.144659151905529,0.7246376811594203,0.2214170692431562,1.1741814278046163,0.46967257112184646,0.05367686527106817
84,18.92109500805153,32.427536231884055,12.754965110037574,3.099838969404187,7.192699946323135,11.949812130971551,11.037305421363392,0.7246376811594203,0.2214170692431562,1.1473429951690821,0.46967257112184646,0.05367686527106817
85,18.820450885668276,30.95813204508857,12.057165861513688,3.099838969404187,7.1658615136876005,14.325013419216317,10.889694041867955,0.7246376811594203,0.2214170692431562,1.1473429951690821,0.46967257112184646,0.12077294685990338
86,18.94122383252818,30.790391841116477,12.050456253354804,3.240740740740741,7.132313472893183,14.237788513150832,10.923242082662373,0.7246376811594203,0.2214170692431562,1.1473429951690821,0.46967257112184646,0.12077294685990338
87,19.155931293612454,29.716854535695116,11.822329575952764,3.2139023081052067,7.9106280193236715,14.418947933440688,11.084272678475577,0.7179280730005367,0.2214170692431562,1.1473429951690821,0.46967257112184646,0.12077294685990338
88,19.37734836285561,29.502147074610843,11.802200751476114,3.2004830917874396,7.897208803005904,14.452495974235104,11.077563070316694,0.7179280730005367,0.2214170692431562,1.1607622114868492,0.46967257112184646,0.12077294685990338
89,19.269994632313473,29.582662372517444,11.75523349436393,3.2004830917874396,7.897208803005904,14.486044015029522,11.117820719269995,0.7179280730005367,0.2214170692431562,1.1607622114868492,0.46967257112184646,0.12077294685990338
90,18.109232420826622,26.52308105206656,11.345947396672035,3.1736446591519054,7.7831454643048845,19.64573268921095,10.963499731615673,0.6239935587761675,0.20799785292538917,1.0399892646269457,0.46296296296296297,0.12077294685990338
91,18.10252281266774,26.27482555018787,11.023886205045626,2.9723564143853998,8.340042941492216,19.612184648416534,10.943370907139023,0.6239935587761675,0.20799785292538917,1.3150831991411702,0.46296296296296297,0.12077294685990338
92,17.01556629092861,26.100375738056897,10.339506172839506,5.730005367686527,9.098228663446054,18.907675791733762,10.7085346215781,0.28180354267310787,0.06038647342995169,1.1741814278046163,0.46296296296296297,0.12077294685990338
93,16.820987654320987,25.42270531400966,11.104401502952227,7.004830917874396,9.098228663446054,18.813741277509394,9.634997316156737,0.28180354267310787,0.06038647342995169,1.1741814278046163,0.46296296296296297,0.12077294685990338
94,16.955179817498657,25.37573805689748,11.124530327428879,7.004830917874396,9.064680622651638,18.686258722490606,9.688674181427805,0.28180354267310787,0.06038647342995169,1.1741814278046163,0.46296296296296297,0.12077294685990338
95,16.908212560386474,25.10064412238325,11.238593666129898,6.857219538378959,8.903650026838433,17.995169082125603,10.815888352120236,0.28180354267310787,0.06038647342995169,1.261406333870102,0.46296296296296297,0.11406333870101985
96,17.270531400966185,24.97987117552335,11.144659151905529,6.273483628556092,8.903650026838433,17.773752012882447,11.500268384326356,0.28180354267310787,0.06038647342995169,1.247987117552335,0.4495437466451959,0.11406333870101985
97,17.458400429414922,24.718196457326894,10.929951690821255,6.595544820182502,8.903650026838433,17.74020397208803,11.332528180354267,0.28180354267310787,0.06038647342995169,1.247987117552335,0.6172839506172839,0.11406333870101985
98,17.599302200751477,24.698067632850243,11.030595813204508,6.709608158883521,8.903650026838433,17.632850241545892,11.144659151905529,0.28180354267310787,0.06038647342995169,1.2077294685990339,0.6172839506172839,0.11406333870101985
99,17.673107890499196,25.214707461084274,10.95679012345679,6.6827697262479875,8.722490606548577,17.337627482555018,11.064143853998926,0.28180354267310787,0.04696725711218465,1.3150831991411702,0.6172839506172839,0.08722490606548577
100,17.767042404723565,25.067096081588836,11.010466988727858,6.6827697262479875,8.722490606548577,17.384594739667204,11.017176596886742,0.28180354267310787,0.04696725711218465,1.3150831991411702,0.6172839506172839,0.08722490606548577
101,17.673107890499196,24.456521739130434,11.151368760064413,6.6760601180891035,8.722490606548577,17.961621041331185,10.950080515297907,0.28180354267310787,0.04696725711218465,1.2748255501878691,0.6172839506172839,0.1878690284487386
102,17.961621041331185,24.342458400429415,11.11111111111111,6.796833064949007,8.722490606548577,17.820719269994633,10.768921095008052,0.28180354267310787,0.04696725711218465,1.2748255501878691,0.6172839506172839,0.2549651100375738
103,18.283682232957595,24.302200751476114,10.849436392914654,6.78341384863124,8.722490606548577,17.404723564143854,10.648148148148149,0.5166398282340311,0.04696725711218465,1.2748255501878691,0.9125067096081588,0.2549651100375738
104,18.47826086956522,24.16129898013956,10.748792270531402,7.024959742351046,8.527911969940956,17.08937198067633,10.809178743961352,0.49651100375738055,0.04696725711218465,1.3553408480944713,1.0064412238325282,0.2549651100375738
105,18.411164787976382,24.074074074074073,10.681696188942565,6.723027375201288,8.494363929146537,17.57246376811594,10.715244229736983,0.49651100375738055,0.04696725711218465,1.5901771336553945,0.9997316156736447,0.19457863660762212
106,18.19645732689211,22.644927536231883,10.225442834138486,6.541867954911433,8.53462157809984,18.095813204508858,12.432903918411165,0.49651100375738055,0.04696725711218465,1.5901771336553945,0.9997316156736447,0.19457863660762212
107,18.06226516371444,22.457058507783145,10.359634997316157,6.501610305958132,8.635265700483092,18.256843800322063,12.332259796027913,0.49651100375738055,0.04696725711218465,1.5901771336553945,1.06682769726248,0.19457863660762212
108,18.50509930220075,22.23564143853999,10.34621578099839,6.5552871712292005,8.541331186258722,18.089103596349972,12.332259796027913,0.49651100375738055,0.04696725711218465,1.5901771336553945,1.06682769726248,0.19457863660762212
109,18.59903381642512,21.960547504025765,10.158346752549651,6.494900697799249,8.715780998389693,17.827428878153516,12.245034889962426,0.5904455179817498,0.04696725711218465,1.5633387010198605,1.6035963499731616,0.19457863660762212
110,18.86070853462158,21.900161030595815,10.138217928073,6.494900697799249,8.715780998389693,17.74020397208803,12.151100375738057,0.5904455179817498,0.04696725711218465,1.5633387010198605,1.6035963499731616,0.19457863660762212
111,19.249865807836823,21.69887278582931,10.091250670960816,6.494900697799249,8.68894256575416,17.59259259259259,12.184648416532475,0.5904455179817498,0.04696725711218465,1.5633387010198605,1.6035963499731616,0.19457863660762212
112,19.43102522812668,21.67874396135266,10.050993022007514,6.367418142780462,8.662104133118627,17.559044551798173,12.25174449812131,0.5904455179817498,0.04696725711218465,1.5633387010198605,1.6035963499731616,0.19457863660762212
113,19.55179817498658,21.430488459473967,10.084541062801932,6.320450885668277,8.903650026838433,17.458400429414922,12.25174449812131,0.5904455179817498,0.04696725711218465,1.5633387010198605,1.6035963499731616,0.19457863660762212
114,19.652442297369834,21.39694041867955,10.151637144390767,6.085614600107354,9.064680622651638,17.351046698872786,12.184648416532475,0.5636070853462157,0.04696725711218465,1.7042404723564144,1.6035963499731616,0.19457863660762212
115,19.95437466451959,21.22249060654858,10.064412238325282,6.293612453032743,8.923778851315083,17.344337090713903,11.98336017176597,0.6105743424584005,0.04696725711218465,1.7042404723564144,1.6572732152442298,0.19457863660762212
116,19.746376811594203,21.054750402576488,9.88996242619431,6.414385399892646,9.151905528717123,16.740472356414386,12.855609232420827,0.6105743424584005,0.04696725711218465,1.7042404723564144,1.6572732152442298,0.1274825550187869
117,19.49141170155663,21.16881374127751,9.86983360171766,6.280193236714976,9.151905528717123,16.988727858293075,12.949543746645196,0.6642512077294686,0.04696725711218465,1.6237251744498122,1.6371443907675791,0.1274825550187869
118,19.92753623188406,20.954106280193237,9.722222222222221,6.172839506172839,9.098228663446054,16.97530864197531,12.989801395598498,0.6642512077294686,0.04696725711218465,1.6170155662909287,1.7042404723564144,0.1274825550187869
119,20.00805152979066,20.725979602791195,9.749060654857756,6.206387546967257,9.098228663446054,16.874664519592056,13.103864734299517,0.6642512077294686,0.04696725711218465,1.6170155662909287,1.778046162104133,0.1274825550187869
120,20.182501341921633,20.571658615136876,9.71551261406334,6.199677938808374,9.098228663446054,16.820987654320987,13.177670424047236,0.6642512077294686,0.04696725711218465,1.5365002683843263,1.6908212560386473,0.2952227589908749
121,20.725979602791195,20.12211486849168,9.856414385399892,5.924584004294149,9.037842190016104,16.59957058507783,13.197799248523886,0.8655394524959742,0.04696725711218465,1.6572732152442298,1.6908212560386473,0.27509393451422437
122,21.088298443370906,20.075147611379496,9.796027911969942,5.924584004294149,9.03113258185722,16.438539989264626,13.056897477187333,0.8655394524959742,0.04696725711218465,1.7444981213097155,1.6572732152442298,0.27509393451422437
123,21.22920021470746,19.94766505636071,9.86983360171766,5.877616747181965,9.03113258185722,16.317767042404725,13.043478260869565,0.9863123993558777,0.04696725711218465,1.7310789049919484,1.6572732152442298,0.2616747181964573
124,21.081588835212024,19.83360171765969,9.708803005904455,7.977724100912507,8.682232957595277,14.351851851851851,13.499731615673644,0.9863123993558777,0.04696725711218465,1.7310789049919484,1.596886741814278,0.5032206119162641
125,21.34326355340848,19.786634460547504,9.64170692431562,7.930756843800322,8.635265700483092,14.27133655394525,13.45276435856146,0.9863123993558777,0.04696725711218465,1.6572732152442298,1.7444981213097155,0.5032206119162641
126,21.30300590445518,19.64573268921095,9.64170692431562,7.930756843800322,8.548040794417606,14.593397745571659,13.405797101449275,0.9863123993558777,0.04696725711218465,1.6505636070853462,1.7444981213097155,0.5032206119162641
127,21.410359634997317,19.612184648416534,9.64170692431562,7.917337627482555,8.521202361782072,14.781266774020397,13.043478260869565,0.9863123993558777,0.04696725711218465,1.6505636070853462,1.7444981213097155,0.644122383252818
128,21.75925925925926,19.43102522812668,9.842995169082126,7.897208803005904,8.494363929146537,14.761137949543746,12.754965110037574,0.9863123993558777,0.04696725711218465,1.6371443907675791,1.7444981213097155,0.644122383252818
129,21.309715512614062,19.236446591519055,9.078099838969404,7.87037037037037,9.145195920558239,14.834943639291465,12.72812667740204,0.9863123993558777,0.04696725711218465,1.6304347826086956,2.49597423510467,0.6374127750939346
130,21.537842190016104,18.9747718733226,9.138486312399356,7.87037037037037,9.145195920558239,14.821524422973699,12.74825550187869,0.9863123993558777,0.04696725711218465,1.6304347826086956,2.4892646269457863,0.6105743424584005
131,21.85319377348363,18.820450885668276,9.339774557165862,7.937466451959206,9.104938271604938,14.734299516908212,12.580515297906603,0.8923778851315083,0.04696725711218465,1.6304347826086956,2.4490069779924855,0.6105743424584005
132,22.034353193773484,18.451422436929683,9.386741814278047,7.944176060118089,9.037842190016104,15.123456790123457,12.412775093934513,0.785024154589372,0.04696725711218465,1.724369296833065,2.442297369833602,0.6105743424584005
133,21.93370907139023,17.693236714975846,8.655394524959743,7.924047235641439,9.004294149221685,16.378153515834676,13.278314546430488,0.7447665056360708,0.04696725711218465,1.4224369296833066,2.3081052066559313,0.6105743424584005
134,21.980676328502415,17.478529253891573,8.655394524959743,7.917337627482555,8.943907675791733,16.512345679012345,13.365539452495975,0.8655394524959742,0.04696725711218465,1.3553408480944713,2.26784755770263,0.6105743424584005
135,22.088030059044552,17.458400429414922,8.641975308641975,7.776435856146001,8.943907675791733,16.29092860976919,13.352120236178207,0.8655394524959742,0.04696725711218465,1.4626945786366077,2.26784755770263,0.8051529790660226
136,22.25577026301664,17.371175523349436,8.608427267847558,7.273215244229737,9.802737520128824,15.982286634460548,13.305152979066023,0.8655394524959742,0.04696725711218465,1.415727321524423,2.26784755770263,0.8051529790660226
137,22.463768115942027,17.364465915190554,8.608427267847558,7.4006977992485234,9.728931830381105,15.874932903918411,13.157541599570585,0.8655394524959742,0.04696725711218465,1.415727321524423,2.26784755770263,0.8051529790660226
138,22.685185185185187,17.290660225442835,8.59500805152979,7.306763285024155,9.601449275362318,15.827965646806227,13.20450885668277,0.8655394524959742,0.04696725711218465,1.415727321524423,2.3550724637681157,0.8051529790660226
139,22.33628556092324,17.163177670424048,8.514492753623188,7.286634460547504,9.73564143853999,16.324476650563607,13.150831991411701,0.8655394524959742,0.04696725711218465,1.415727321524423,2.3550724637681157,0.8051529790660226
140,22.282608695652176,16.59957058507783,8.460815888352121,6.327160493827161,9.73564143853999,15.982286634460548,15.210681696188942,1.0064412238325282,,1.2345679012345678,2.3550724637681157,0.8051529790660226
141,22.477187332259795,16.57944176060118,8.454106280193237,6.327160493827161,9.73564143853999,15.96886741814278,15.063070316693505,0.9997316156736447,,1.2345679012345678,2.3550724637681157,0.8051529790660226
142,22.65834675254965,16.317767042404725,8.279656468062266,6.327160493827161,9.73564143853999,16.190284487385938,15.143585614600108,0.9997316156736447,,1.2010198604401503,2.341653247450349,0.8051529790660226
143,22.457058507783145,16.190284487385938,7.823403113258186,6.078904991948471,10.648148148148149,15.94873859366613,15.53274288781535,0.9997316156736447,,1.3150831991411702,2.200751476113795,0.8051529790660226
144,22.69860440150295,16.06280193236715,7.9106280193236715,6.139291465378422,10.507246376811594,15.935319377348362,15.479066022544284,0.9997316156736447,,1.261406333870102,2.200751476113795,0.8051529790660226
145,22.544283413848632,15.76086956521739,7.803274288781535,6.038647342995169,10.46027911969941,15.747450348899624,16.378153515834676,0.966183574879227,,1.261406333870102,2.314814814814815,0.7246376811594203
146,22.7187332259796,15.693773483628556,7.6556629092860975,6.427804616210413,10.339506172839506,15.83467525496511,16.0829307568438,1.0466988727858293,,1.2345679012345678,2.2410091250670963,0.7246376811594203
147,22.933440687063875,15.660225442834138,7.568438003220612,6.266774020397209,10.339506172839506,15.626677402039721,16.13660762211487,1.0466988727858293,,1.3888888888888888,2.2410091250670963,0.7917337627482555
148,22.832796564680624,15.780998389694043,7.39398819108964,6.528448738593666,10.272410091250672,15.619967793880837,16.035963499731615,1.0466988727858293,,1.4559849704777241,2.2410091250670963,0.7917337627482555
149,23.067632850241544,15.707192699946322,7.467793880837359,6.508319914117015,10.225442834138486,15.599838969404187,15.888352120236178,1.133923778851315,,1.3687600644122384,2.2410091250670963,0.7917337627482555
150,23.235373054213635,15.626677402039721,7.4208266237251745,6.78341384863124,10.144927536231885,15.438808373590982,15.767579173376275,1.133923778851315,,1.3486312399355878,2.3081052066559313,0.7917337627482555
151,23.597691894793343,15.552871712292003,7.37385936661299,6.709608158883521,10.077831454643048,15.217391304347826,15.5126140633387,1.107085346215781,,1.7579173376274826,2.301395598497048,0.7917337627482555
152,23.597691894793343,15.552871712292003,7.306763285024155,6.6827697262479875,10.077831454643048,15.190552871712292,15.552871712292003,1.107085346215781,,1.7579173376274826,2.38191089640365,0.7917337627482555
153,23.678207192699947,15.485775630703166,7.239667203435319,6.816961889425658,9.863123993558776,15.157004830917874,15.485775630703166,1.107085346215781,,1.9457863660762211,2.428878153515835,0.7917337627482555
154,23.49704777241009,15.465646806226516,7.326892109500805,7.071926999463232,9.856414385399892,15.029522275899087,15.465646806226516,1.107085346215781,,1.9457863660762211,2.442297369833602,0.7917337627482555
155,23.79898013955985,15.432098765432098,7.25979602791197,7.1658615136876005,9.608158883521202,15.103327965646805,15.344873859366613,1.107085346215781,,1.9457863660762211,2.442297369833602,0.7917337627482555
156,24.04723564143854,15.163714439076758,7.253086419753086,7.1658615136876005,9.688674181427805,14.969135802469136,15.083199141170155,1.107085346215781,,2.2410091250670963,2.509393451422437,0.7716049382716049
157,24.10091250670961,15.08990874932904,7.232957595276436,7.991143317230274,9.66183574879227,14.31159420289855,14.915458937198068,1.107085346215781,,2.214170692431562,2.6033279656468062,0.7716049382716049
158,24.14117015566291,15.08990874932904,7.212828770799785,7.917337627482555,9.64170692431562,14.27133655394525,15.029522275899087,1.107085346215781,,2.214170692431562,2.6033279656468062,0.7716049382716049
159,24.261943102522814,15.01610305958132,7.266505636070853,7.890499194847021,9.769189479334408,14.096886741814279,15.297906602254429,1.107085346215781,,2.006172839506173,2.5161030595813205,0.7716049382716049
160,24.44981213097155,14.935587761674718,7.253086419753086,7.843531937734836,9.923510466988727,14.096886741814279,14.97584541062802,1.093666129898014,,2.1403650026838434,2.5161030595813205,0.7716049382716049
161,24.44981213097155,14.875201288244767,7.1658615136876005,8.07836822329576,9.856414385399892,14.27133655394525,14.801395598497047,1.0869565217391304,,2.1403650026838434,2.5026838432635534,0.7716049382716049
162,24.570585077831456,14.855072463768115,7.132313472893183,8.071658615136876,9.856414385399892,14.27133655394525,14.667203435319378,1.0399892646269457,,2.13365539452496,2.6301663982823404,0.7716049382716049
163,24.798711755233494,14.88191089640365,7.024959742351046,8.071658615136876,9.782608695652174,14.486044015029522,14.761137949543746,1.0332796564680622,,1.9390767579173376,2.589908749329039,0.630703166935051
164,24.758454106280194,14.875201288244767,7.615405260332796,8.051529790660226,9.447128287707997,14.358561460010735,14.801395598497047,1.0198604401502953,,1.8719806763285025,2.5697799248523885,0.630703166935051
165,24.879227053140095,14.855072463768115,7.581857219538379,8.024691358024691,9.406870638754697,14.304884594739667,14.774557165861514,0.9796027911969941,,2.006172839506173,2.5697799248523885,0.6172839506172839
166,25.409286097691894,14.707461084272678,7.581857219538379,7.917337627482555,9.225711218464841,14.36527106816962,14.620236178207193,0.9796027911969941,,2.006172839506173,2.5697799248523885,0.6172839506172839
167,25.509930220075148,14.687332259796028,7.581857219538379,7.9039184111647875,9.225711218464841,14.31159420289855,14.606816961889425,0.9796027911969941,,2.006172839506173,2.5697799248523885,0.6172839506172839
168,24.785292538915726,14.17740203972088,6.890767579173376,8.091787439613526,9.205582393988191,13.573537305421363,17.612721417069242,1.0064412238325282,,2.006172839506173,2.033011272141707,0.6172839506172839
169,24.932903918411164,14.036500268384327,6.830381105743425,8.044820182501342,9.192163177670425,13.45276435856146,17.85426731078905,1.0064412238325282,,2.006172839506173,2.0263016639828235,0.6172839506172839
170,24.953032742887814,13.875469672571121,6.736446591519055,8.038110574342458,9.192163177670425,13.7211486849168,17.753623188405797,1.0064412238325282,,2.006172839506173,2.100107353730542,0.6172839506172839
171,24.55716586151369,13.486312399355878,6.582125603864735,8.655394524959743,9.078099838969404,12.607353730542137,19.196188942565755,1.0064412238325282,,1.9927536231884058,2.2208803005904456,0.6172839506172839
172,24.805421363392377,13.345410628019323,6.481481481481482,8.648684916800859,9.078099838969404,12.72812667740204,19.0955448201825,0.9997316156736447,,1.9927536231884058,2.2074610842726785,0.6172839506172839
173,25.087224906065487,13.298443370907139,6.4345142243692965,8.68894256575416,8.997584541062801,12.72812667740204,18.96135265700483,0.9863123993558777,,1.9927536231884058,2.2074610842726785,0.6172839506172839
174,25.228126677402038,13.318572195383789,6.4345142243692965,8.641975308641975,8.970746108427267,12.721417069243156,18.914385399892645,0.9863123993558777,,1.9592055823939882,2.2074610842726785,0.6172839506172839
175,24.67793880837359,13.311862587224907,6.394256575415996,10.285829307568438,8.964036500268385,11.849168008588299,19.390767579173378,0.9728931830381106,,1.9592055823939882,1.8451422436929683,0.3488996242619431
176,24.516908212560388,13.311862587224907,6.293612453032743,11.010466988727858,8.648684916800859,11.668008588298443,19.162640901771336,0.9728931830381106,,2.328234031132582,1.737788513150832,0.3488996242619431
177,24.416264090177133,13.191089640365004,6.226516371443908,13.285024154589372,8.433977455716587,11.191626409017713,18.149490069779926,0.8789586688137413,,2.4490069779924855,1.42914653784219,0.3488996242619431
178,24.805421363392377,13.036768652710682,6.293612453032743,13.170960815888352,8.393719806763285,11.198336017176597,18.04884594739667,0.8789586688137413,,2.395330112721417,1.42914653784219,0.3488996242619431
179,23.691626409017715,14.029790660225443,6.3070316693505095,12.647611379495437,8.017981749865807,12.828770799785293,17.45169082125604,0.8789586688137413,,2.368491680085883,1.42914653784219,0.3488996242619431
180,23.98684916800859,14.002952227589908,6.1862587224906065,12.714707461084272,7.9106280193236715,12.828770799785293,17.371175523349436,0.8789586688137413,,2.3617820719269993,1.4090177133655395,0.3488996242619431
181,24.12775093934514,13.962694578636608,6.125872249060655,12.399355877616747,8.004562533548041,12.99651100375738,17.404723564143854,0.8789586688137413,,2.341653247450349,1.4090177133655395,0.3488996242619431
182,23.845947396672035,14.224369296833064,6.105743424584004,12.211486849168008,7.971014492753623,13.734567901234568,16.854535695115406,0.8789586688137413,,2.341653247450349,1.482823403113258,0.3488996242619431
183,24.000268384326354,14.204240472356414,6.347289318303811,12.406065485775631,7.75630703166935,13.439345142243694,16.74718196457327,0.8789586688137413,,2.3886205045625335,1.482823403113258,0.3488996242619431
184,23.852657004830917,13.83521202361782,6.3137412775093935,12.204777241009126,7.890499194847021,14.2914653784219,16.364734299516908,0.8789586688137413,,2.2879763821792807,1.7310789049919484,0.3488996242619431
185,23.886205045625335,13.83521202361782,6.3137412775093935,12.318840579710145,7.85024154589372,14.002952227589908,16.512345679012345,0.6910896403650026,,2.3886205045625335,1.8518518518518519,0.3488996242619431
186,24.402844873859365,13.654052603327965,6.494900697799249,12.285292538915728,7.803274288781535,13.848631239935587,16.431830381105744,0.6508319914117016,,2.2342995169082127,1.8518518518518519,0.3421900161030596
187,24.094202898550726,13.633923778851315,6.494900697799249,10.621309715512615,10.57434245840043,13.533279656468062,16.358024691358025,0.5837359098228664,,2.033011272141707,1.7646269457863661,0.30864197530864196
188,24.349168008588297,13.47289318303811,6.575415995705851,10.487117552334944,10.57434245840043,13.372249060654857,16.29092860976919,0.5837359098228664,,2.1403650026838434,1.8451422436929683,0.30864197530864196
189,24.456521739130434,13.43263553408481,6.575415995705851,10.46027911969941,10.48040794417606,13.425925925925926,16.29092860976919,0.5837359098228664,,2.1403650026838434,1.8451422436929683,0.30864197530864196
190,24.912775093934513,13.325281803542673,6.588835212023618,10.352925389157273,10.299248523886206,13.519860440150294,16.069511540526033,0.5636070853462157,,2.214170692431562,1.8451422436929683,0.30864197530864196
191,25.13419216317767,13.22463768115942,6.655931293612453,10.305958132045088,10.25228126677402,13.459473966720344,16.035963499731615,0.5636070853462157,,2.214170692431562,1.8451422436929683,0.30864197530864196
192,24.84567901234568,13.056897477187333,6.508319914117015,11.003757380568974,10.34621578099839,13.385668276972625,15.874932903918411,0.6239935587761675,,2.214170692431562,1.8317230273752012,0.30864197530864196
193,24.993290391841118,12.781803542673108,6.535158346752549,10.997047772410092,10.446859903381643,13.345410628019323,15.94873859366613,0.6239935587761675,,2.187332259796028,1.8317230273752012,0.30864197530864196
194,25.248255501878692,12.781803542673108,6.508319914117015,10.95679012345679,10.406602254428341,13.271604938271604,15.874932903918411,0.6239935587761675,,2.187332259796028,1.8317230273752012,0.30864197530864196
195,24.852388620504563,12.52012882447665,6.5485775630703165,10.943370907139023,10.406602254428341,14.190821256038648,15.60654857756307,0.6239935587761675,,2.1806226516371443,1.8183038110574343,0.30864197530864196
196,25.0,12.298711755233494,6.501610305958132,10.889694041867955,10.735373054213634,14.103596349973161,15.539452495974235,0.6239935587761675,,2.1806226516371443,1.8183038110574343,0.30864197530864196
197,24.456521739130434,12.144390767579173,6.568706387546968,11.83574879227053,12.962962962962964,13.33870101986044,14.694041867954912,0.4495437466451959,,1.6035963499731616,1.6371443907675791,0.30864197530864196
198,24.402844873859365,12.218196457326892,6.568706387546968,11.83574879227053,12.95625335480408,13.358829844337091,14.660493827160494,0.4495437466451959,,1.6035963499731616,1.6371443907675791,0.30864197530864196
199,24.456521739130434,12.151100375738057,6.501610305958132,12.245034889962426,12.546967257112184,13.41250670960816,14.647074610842727,0.5099302200751477,,1.583467525496511,1.6371443907675791,0.30864197530864196
200,23.62453032742888,11.882716049382717,6.199677938808374,12.298711755233494,13.439345142243694,14.432367149758454,14.184111647879764,0.5099302200751477,,1.5499194847020934,1.570048309178744,0.30864197530864196
201,24.000268384326354,11.83574879227053,6.159420289855072,12.298711755233494,13.419216317767042,14.27133655394525,14.076757917337627,0.5099302200751477,,1.5499194847020934,1.570048309178744,0.30864197530864196
202,24.154589371980677,11.782071926999464,5.978260869565218,12.191358024691358,13.506441223832528,14.056629092860977,14.163982823403114,0.5636070853462157,,1.5499194847020934,1.7444981213097155,0.30864197530864196
