,45,50,51,52,54,55,53,57,56
0,98.54401502952227,1.4559849704777241,,,,,,,
1,97.73886205045625,2.0263016639828235,0.23483628556092323,,,,,,
2,97.30273752012883,2.462426194310252,0.23483628556092323,,,,,,
3,96.9068706387547,2.85829307568438,0.23483628556092323,,,,,,
4,96.36339237788513,3.4017713365539453,0.23483628556092323,,,,,,
5,94.75308641975309,5.01207729468599,0.23483628556092323,,,,,,
6,94.7866344605475,4.978529253891573,0.23483628556092323,,,,,,
7,93.63258185721953,6.132581857219538,0.23483628556092323,,,,,,
8,93.25013419216317,6.515029522275899,0.23483628556092323,,,,,,
9,93.25013419216317,6.394256575415996,0.23483628556092323,0.12077294685990338,,,,,
10,93.00187869028449,6.642512077294686,0.23483628556092323,0.12077294685990338,,,,,
11,92.35775630703166,7.286634460547504,0.23483628556092323,0.12077294685990338,,,,,
12,83.74932903918412,15.908480944712828,0.23483628556092323,0.10735373054213634,,,,,
13,82.02495974235104,17.632850241545892,0.23483628556092323,0.10735373054213634,,,,,
14,80.9447128287708,18.5654857756307,0.23483628556092323,0.10735373054213634,0.14761137949543746,,,,
15,81.01180891035963,18.49838969404187,0.23483628556092323,0.10735373054213634,0.14761137949543746,,,,
16,78.77079978529254,20.739398819108963,0.23483628556092323,0.10735373054213634,0.14761137949543746,,,,
17,78.95866881374128,20.551529790660226,0.23483628556092323,0.10735373054213634,0.14761137949543746,,,,
18,77.51610305958133,21.994095544820183,0.23483628556092323,0.10735373054213634,0.14761137949543746,,,,
19,77.49597423510467,22.0276435856146,0.23483628556092323,0.0939345142243693,0.14761137949543746,,,,
20,77.80461621041331,21.611647879763822,0.23483628556092323,0.0939345142243693,0.14761137949543746,0.10735373054213634,,,
21,73.07434245840042,26.194310252281266,0.3488996242619431,0.0939345142243693,0.14761137949543746,0.14090177133655393,,,
22,70.92055823939882,28.348094471282877,0.3488996242619431,0.0939345142243693,0.14761137949543746,0.14090177133655393,,,
23,71.09500805152979,28.20048309178744,0.32877079978529256,0.08722490606548577,0.14761137949543746,0.14090177133655393,,,
24,68.0354267310789,29.441760601180892,2.01959205582394,0.08722490606548577,0.14761137949543746,0.14090177133655393,0.1274825550187869,,
25,68.25013419216317,29.086151368760063,2.006172839506173,0.24154589371980675,0.14761137949543746,0.14090177133655393,0.1274825550187869,,
26,68.37090713902307,28.723832528180353,2.2745571658615136,0.2147074610842727,0.14761137949543746,0.14090177133655393,0.1274825550187869,,
27,68.47155126140633,28.63660762211487,2.2611379495437465,0.2147074610842727,0.14761137949543746,0.14090177133655393,0.1274825550187869,,
28,64.19753086419753,33.84997316156736,1.3217928073000538,0.2147074610842727,0.14761137949543746,0.14090177133655393,0.1274825550187869,,
29,59.07139023081052,38.94927536231884,1.2949543746645196,0.2147074610842727,0.14761137949543746,0.14090177133655393,0.18115942028985507,,
30,58.8768115942029,39.07675791733763,1.3687600644122384,0.20799785292538917,0.14761137949543746,0.14090177133655393,0.18115942028985507,,
31,59.03113258185722,38.788244766505635,1.3687600644122384,0.3421900161030596,0.14761137949543746,0.14090177133655393,0.18115942028985507,,
32,58.93719806763285,38.88217928073001,1.3687600644122384,0.3421900161030596,0.14761137949543746,0.14090177133655393,0.18115942028985507,,
33,58.97074610842727,38.58024691358025,1.3620504562533549,0.6172839506172839,0.14761137949543746,0.14090177133655393,0.18115942028985507,,
34,58.964036500268385,38.58695652173913,1.3620504562533549,0.6172839506172839,0.14761137949543746,0.14090177133655393,0.18115942028985507,,
35,59.09822866344606,38.466183574879224,1.3486312399355878,0.6172839506172839,0.14761137949543746,0.14090177133655393,0.18115942028985507,,
36,59.50080515297907,38.09044551798175,1.328502415458937,0.6105743424584005,0.14761137949543746,0.14090177133655393,0.18115942028985507,,
37,59.86312399355877,37.72812667740204,1.328502415458937,0.6105743424584005,0.14761137949543746,0.14090177133655393,0.18115942028985507,,
38,37.69457863660762,59.86983360171766,0.9930220075147611,0.6105743424584005,0.14761137949543746,0.5032206119162641,0.18115942028985507,,
39,38.31186258722491,59.25925925925926,0.9930220075147611,0.6105743424584005,0.14090177133655393,0.5032206119162641,0.18115942028985507,,
40,38.94927536231884,58.621846484165324,0.9930220075147611,0.6105743424584005,0.14090177133655393,0.5032206119162641,0.18115942028985507,,
41,37.3792270531401,60.218733225979605,0.9930220075147611,0.6105743424584005,0.14090177133655393,0.5032206119162641,0.15432098765432098,,
42,37.72141706924316,59.876543209876544,0.9930220075147611,0.6105743424584005,0.14090177133655393,0.5032206119162641,0.15432098765432098,,
43,36.741814278046164,60.85614600107354,0.9930220075147611,0.6105743424584005,0.14090177133655393,0.5032206119162641,0.15432098765432098,,
44,37.184648416532475,60.42673107890499,0.9796027911969941,0.6105743424584005,0.14090177133655393,0.5032206119162641,0.15432098765432098,,
45,37.265163714439076,60.225442834138484,0.9796027911969941,0.6105743424584005,0.2616747181964573,0.5032206119162641,0.15432098765432098,,
46,37.285292538915726,56.42109500805153,1.221148684916801,0.6105743424584005,0.5166398282340311,3.7104133118625873,0.23483628556092323,,
47,37.82877079978529,55.783682232957595,1.221148684916801,0.7514761137949544,0.5166398282340311,3.6634460547504024,0.23483628556092323,,
48,30.991680085882983,63.18438003220612,0.9125067096081588,0.7514761137949544,0.28180354267310787,3.643317230273752,0.23483628556092323,,
49,31.46135265700483,62.72141706924316,0.9057971014492754,0.7514761137949544,0.28180354267310787,3.643317230273752,0.23483628556092323,,
50,31.984702093397747,62.15780998389694,0.8789586688137413,0.8319914117015567,0.28180354267310787,3.629898013955985,0.23483628556092323,,
51,31.561996779388085,59.56119162640902,0.8722490606548577,3.6768652710681695,0.28180354267310787,3.81105743424584,0.23483628556092323,,
52,31.944444444444443,59.23913043478261,0.8722490606548577,3.6231884057971016,0.28180354267310787,3.8043478260869565,0.23483628556092323,,
53,32.2061191626409,59.01771336553945,0.8722490606548577,3.515834675254965,0.28180354267310787,3.8714439076757916,0.23483628556092323,,
54,32.870370370370374,58.4272678475577,0.8118625872249061,3.502415458937198,0.28180354267310787,3.8714439076757916,0.23483628556092323,,
55,33.28636607622115,58.051529790660226,0.8118625872249061,3.4822866344605474,0.28180354267310787,3.851315083199141,0.23483628556092323,,
56,33.8768115942029,57.50134192163178,0.8118625872249061,3.455448201825013,0.28180354267310787,3.8378958668813743,0.23483628556092323,,
57,34.42028985507246,57.07192699946323,0.7917337627482555,3.388352120236178,0.27509393451422437,3.8177670424047236,0.23483628556092323,,
58,34.695383789586685,56.85050993022008,0.7917337627482555,3.3480944712828773,0.27509393451422437,3.8043478260869565,0.23483628556092323,,
59,35.178475577026305,56.28690284487386,0.7917337627482555,3.3413848631239937,0.27509393451422437,3.8915727321524423,0.23483628556092323,,
60,34.97047772410091,53.75067096081589,0.7917337627482555,3.321256038647343,0.27509393451422437,3.8915727321524423,2.999194847020934,,
61,35.32608695652174,52.865002683843265,0.7783145464304885,3.2877079978529253,0.27509393451422437,4.300858829844337,3.166935050993022,,
62,35.77563070316693,52.42887815351583,0.7783145464304885,3.2877079978529253,0.27509393451422437,4.28743961352657,3.166935050993022,,
63,36.08427267847558,52.17391304347826,0.7783145464304885,3.2877079978529253,0.27509393451422437,4.26731078904992,3.1333870101986045,,
64,36.85587761674718,51.281535158346756,0.7783145464304885,3.280998389694042,0.4830917874396135,4.200214707461084,3.1199677938808374,,
65,35.70182501341922,46.67874396135266,0.7783145464304885,11.11111111111111,0.38915727321524424,2.3349436392914655,3.0059044551798175,,
66,26.38888888888889,60.178475577026305,0.7783145464304885,10.990338164251208,0.38915727321524424,0.95276435856146,0.322061191626409,,
67,25.147611379495437,60.37976382179281,2.0397208803005906,10.795759527643586,0.38915727321524424,0.95276435856146,0.2952227589908749,,
68,25.617283950617285,60.03086419753087,2.006172839506173,10.7085346215781,0.38915727321524424,0.95276435856146,0.2952227589908749,,
69,26.221148684916802,59.4873859366613,2.006172839506173,10.661567364465915,0.38915727321524424,0.9393451422436929,0.2952227589908749,,
70,26.623725174449813,59.11835748792271,1.9860440150295222,10.661567364465915,0.38915727321524424,0.9259259259259259,0.2952227589908749,,
71,27.073268921095007,58.7962962962963,1.9793344068706387,10.547504025764896,0.3824476650563607,0.9259259259259259,0.2952227589908749,,
72,27.006172839506174,55.28717122920021,1.9793344068706387,13.79495437466452,0.3824476650563607,0.9796027911969941,0.2952227589908749,0.27509393451422437,
73,27.361782071927,55.03220611916264,1.9793344068706387,13.694310252281268,0.3824476650563607,0.9796027911969941,0.2952227589908749,0.27509393451422437,
74,26.41572732152442,51.006441223832525,5.669618894256575,13.18438003220612,0.2616747181964573,0.8856682769726248,2.301395598497048,0.27509393451422437,
75,26.92565754159957,50.375738056897475,5.669618894256575,13.103864734299517,0.47638217928073,0.8856682769726248,2.301395598497048,0.2616747181964573,
76,27.65029522275899,49.63768115942029,5.622651637144391,12.76838432635534,0.46296296296296297,1.06682769726248,2.5295222758990876,0.2616747181964573,
77,28.08641975308642,49.24852388620504,5.589103596349974,12.654320987654321,0.4562533548040794,1.107085346215781,2.5966183574879227,0.2616747181964573,
78,28.723832528180353,48.64465915190553,5.676328502415459,12.560386473429952,0.4495437466451959,1.107085346215781,2.576489533011272,0.2616747181964573,
79,29.394793344068706,48.067632850241544,5.676328502415459,12.5,0.4495437466451959,1.0735373054213635,2.576489533011272,0.2616747181964573,
80,29.998658078368223,47.20880300590446,5.642780461621041,12.359098228663447,0.4428341384863124,1.2681159420289856,2.818035426731079,0.2616747181964573,
81,30.42807300053677,46.93370907139023,5.548845947396672,12.305421363392378,0.4428341384863124,1.2681159420289856,2.8113258185721954,0.2616747181964573,
82,31.219806763285025,46.30971551261406,5.448201825013419,12.171229200214707,0.4428341384863124,1.3620504562533549,2.7844873859366612,0.2616747181964573,
83,29.180085882984432,49.20826623725174,4.931561996779388,11.862587224906065,0.4428341384863124,1.3486312399355878,2.7643585614600106,0.2616747181964573,
84,29.180085882984432,49.12775093934514,4.783950617283951,11.842458400429415,0.4428341384863124,1.596886741814278,2.7643585614600106,0.2616747181964573,
85,29.421631776704242,48.772141706924316,5.005367686527107,11.782071926999464,0.4428341384863124,1.556629092860977,2.757648953301127,0.2616747181964573,
86,29.78395061728395,48.46349973161568,4.99194847020934,11.614331723027375,0.4428341384863124,1.6975308641975309,2.7442297369833604,0.2616747181964573,
87,30.18652710681696,48.2085346215781,4.9718196457326895,11.56736446591519,0.4428341384863124,1.6841116478797638,2.677133655394525,0.2616747181964573,
88,26.362050456253353,43.142780461621044,14.318303811057435,11.137949543746645,0.4428341384863124,1.6572732152442298,2.677133655394525,0.2616747181964573,
89,26.576757917337627,42.76704240472356,14.526301663982823,11.104401502952227,0.4428341384863124,1.6572732152442298,2.6704240472356413,0.2549651100375738,
90,27.18733225979603,42.25711218464841,14.278046162104133,10.88298443370907,1.0332796564680622,1.6438539989264627,2.462426194310252,0.2549651100375738,
91,27.78448738593666,41.82098765432099,14.251207729468598,10.654857756307031,0.9393451422436929,1.6371443907675791,2.341653247450349,0.2549651100375738,0.3153515834675255
92,24.516908212560388,36.50697799248524,22.953569511540525,10.319377348362856,0.9393451422436929,1.8988191089640365,2.2946859903381642,0.2549651100375738,0.3153515834675255
93,24.89935587761675,36.16478797638218,22.725442834138487,10.299248523886206,0.9393451422436929,1.9994632313472893,2.4020397208803006,0.2549651100375738,0.3153515834675255
94,25.275093934514224,35.909822866344605,22.584541062801932,10.225442834138486,1.0466988727858293,1.9860440150295222,2.4020397208803006,0.2549651100375738,0.3153515834675255
95,25.93263553408481,35.43344068706388,21.833064949006978,10.124798711755233,1.0466988727858293,2.328234031132582,2.4020397208803006,0.2549651100375738,0.644122383252818
96,26.37546967257112,34.94363929146538,21.611647879763822,9.990606548577563,1.5365002683843263,2.26784755770263,2.4020397208803006,0.2281266774020397,0.644122383252818
97,26.650563607085346,34.82957595276436,21.423778851315085,9.923510466988727,1.5365002683843263,2.26784755770263,2.4020397208803006,0.2281266774020397,0.7380568974771873
98,27.314814814814813,34.42699946323135,21.329844337090712,9.883252818035427,1.5365002683843263,2.2410091250670963,2.301395598497048,0.2281266774020397,0.7380568974771873
99,27.72410091250671,34.19216317767042,20.954106280193237,9.849704777241008,1.4895330112721417,2.2410091250670963,2.2745571658615136,0.2281266774020397,1.0466988727858293
100,28.26086956521739,34.05126140633387,20.652173913043477,9.796027911969942,1.4761137949543746,2.214170692431562,2.2745571658615136,0.2281266774020397,1.0466988727858293
101,26.623725174449813,38.6406333870102,19.95437466451959,7.125603864734299,1.1943102522812667,2.3550724637681157,2.187332259796028,0.2281266774020397,1.6908212560386473
102,27.120236178207193,38.399087493290395,19.786634460547504,7.051798174986581,1.1943102522812667,2.3550724637681157,2.1806226516371443,0.2281266774020397,1.6841116478797638
103,27.482555018786904,37.9092860976919,19.706119162640903,6.964573268921095,1.5499194847020934,2.3483628556092326,2.1806226516371443,0.19457863660762212,1.6639828234031133
104,27.945517981749866,37.78180354267311,19.47128287707998,6.884057971014493,1.5432098765432098,2.3483628556092326,2.167203435319377,0.19457863660762212,1.6639828234031133
105,28.495705850778315,37.61406333870102,19.209608158883523,6.776704240472356,1.5297906602254427,2.3483628556092326,2.167203435319377,0.19457863660762212,1.6639828234031133
106,28.985507246376812,37.446323134728935,19.00161030595813,6.763285024154589,1.5029522275899088,2.3483628556092326,2.0933977455716586,0.19457863660762212,1.6639828234031133
107,29.24718196457327,37.265163714439076,18.947933440687063,6.763285024154589,1.4962426194310252,2.341653247450349,2.0933977455716586,0.19457863660762212,1.6505636070853462
108,29.361245303274288,36.761943102522814,18.726516371443907,6.763285024154589,1.4962426194310252,2.13365539452496,2.771068169618894,0.19457863660762212,1.7914653784219001
109,29.74369296833065,36.4398819108964,18.679549114331724,6.763285024154589,1.4962426194310252,2.120236178207193,2.771068169618894,0.19457863660762212,1.7914653784219001
110,29.944981213097154,35.85614600107354,18.632581857219538,6.716317767042405,1.4895330112721417,2.6033279656468062,2.771068169618894,0.19457863660762212,1.7914653784219001
111,30.535426731078903,35.43344068706388,18.54535695115405,6.696188942565755,1.4559849704777241,2.6033279656468062,2.7442297369833604,0.19457863660762212,1.7914653784219001
112,30.73671497584541,35.33279656468062,18.438003220611915,6.642512077294686,1.4559849704777241,2.717391304347826,2.7241009125067097,0.19457863660762212,1.7579173376274826
113,31.05877616747182,34.97047772410091,18.370907139023082,6.488191089640365,1.6774020397208802,2.7844873859366612,2.7241009125067097,0.19457863660762212,1.7310789049919484
114,31.36070853462158,34.76918947933441,18.243424584004295,6.4412238325281805,1.7847557702630166,2.7844873859366612,2.690552871712292,0.19457863660762212,1.7310789049919484
115,31.48148148148148,34.47396672034353,17.961621041331185,6.608964036500268,1.8719806763285025,2.7844873859366612,2.6637144390767578,0.19457863660762212,1.9592055823939882
116,31.830381105743424,34.21229200214707,17.632850241545892,6.582125603864735,1.8719806763285025,3.1602254428341383,2.6637144390767578,0.19457863660762212,1.8518518518518519
117,32.23966720343532,33.9170692431562,17.58588298443371,6.575415995705851,1.865271068169619,3.1602254428341383,2.6637144390767578,0.16774020397208803,1.8250134192163177
118,32.52818035426731,33.65539452495974,17.458400429414922,6.5552871712292005,1.8518518518518519,3.1602254428341383,2.6637144390767578,0.16774020397208803,1.9592055823939882
119,31.93773483628556,32.84353193773484,19.310252281266774,6.461352657004831,1.8384326355340848,3.1602254428341383,2.328234031132582,0.16774020397208803,1.9524959742351047
120,32.47450348899624,32.59527643585615,19.14922168545357,6.394256575415996,1.8317230273752012,3.1333870101986045,2.314814814814815,0.16774020397208803,1.9390767579173376
121,32.6959205582394,32.420826623725176,18.9747718733226,6.521739130434782,1.8048845947396672,3.1199677938808374,2.3550724637681157,0.16774020397208803,1.9390767579173376
122,33.06494900697799,32.2463768115942,18.86070853462158,6.447933440687064,1.865271068169619,3.0931293612453032,2.3550724637681157,0.15432098765432098,1.9122383252818036
123,33.19243156199678,31.729736983360173,18.411164787976382,6.447933440687064,2.3215244229736984,3.475577026301664,2.3550724637681157,0.15432098765432098,1.9122383252818036
124,32.54159957058508,30.83064949006978,17.2638217928073,6.447933440687064,3.260869565217391,3.435319377348363,4.30756843800322,0.15432098765432098,1.7579173376274826
125,32.809983896940416,30.776972624798713,17.20343531937735,6.394256575415996,3.260869565217391,3.435319377348363,4.206924315619967,0.15432098765432098,1.7579173376274826
126,33.272946859903385,30.387815351583466,17.183306494900698,6.387546967257112,3.2340311325818574,3.5091250670960816,4.1129898013955986,0.15432098765432098,1.7579173376274826
127,33.782877079978526,30.10601180891036,17.04911433172303,6.374127750939345,3.2139023081052067,3.44873859366613,4.1129898013955986,0.15432098765432098,1.7579173376274826
128,34.252549651100374,29.965110037573805,16.982018250134193,6.260064412238325,3.180354267310789,3.3682232957595275,4.086151368760064,0.15432098765432098,1.751207729468599
129,34.66854535695116,29.750402576489535,16.800858829844337,6.219806763285024,3.2877079978529253,3.33467525496511,4.05931293612453,0.14761137949543746,1.7310789049919484
130,35.14492753623188,29.582662372517444,16.639828234031132,6.179549114331723,3.2675791733762747,3.2742887815351582,4.032474503488996,0.14761137949543746,1.7310789049919484
131,35.41331186258722,29.508856682769725,16.532474503488995,6.179549114331723,3.2340311325818574,3.2742887815351582,3.978797638217928,0.14761137949543746,1.7310789049919484
132,35.75550187869028,29.428341384863124,16.431830381105744,6.166129898013956,3.207192699946323,3.2742887815351582,3.8580246913580245,0.14761137949543746,1.7310789049919484
133,35.93666129898014,29.388083735909824,16.190284487385938,6.146001073537305,3.207192699946323,3.2742887815351582,3.8580246913580245,0.14761137949543746,1.8518518518518519
134,35.41331186258722,28.784219001610307,14.506172839506172,6.5552871712292005,3.4420289855072466,3.5292538915727323,5.850778314546431,0.14761137949543746,1.7713365539452497
135,35.63472893183038,28.690284487385938,14.42565754159957,6.528448738593666,3.388352120236178,3.5628019323671496,5.850778314546431,0.14761137949543746,1.7713365539452497
136,35.59447128287708,28.31454643048846,14.17740203972088,6.528448738593666,3.9989264626945786,3.515834675254965,5.8172302737520125,0.14761137949543746,1.90552871712292
137,35.547504025764894,28.227321524422972,13.18438003220612,8.232689210950081,3.9720880300590444,3.515834675254965,5.273752012882448,0.14761137949543746,1.8988191089640365
138,35.97691894793344,28.166935050993022,13.103864734299517,8.205850778314547,3.9586688137412773,3.33467525496511,5.2066559312936125,0.14761137949543746,1.8988191089640365
139,36.34594739667203,27.677133655394524,13.050187869028449,8.132045088566828,4.233762748255502,3.33467525496511,5.179817498658078,0.14761137949543746,1.8988191089640365
140,37.23832528180354,27.34836285560923,12.734836285560924,8.071658615136876,4.2203435319377345,3.2206119162640903,5.159688674181428,0.1274825550187869,1.8786902844873858
141,37.285292538915726,26.288244766505635,12.734836285560924,7.991143317230274,4.448470209339774,4.133118625872249,5.139559849704777,0.1274825550187869,1.8518518518518519
142,37.59393451422437,26.113794954374665,12.614063338701019,7.930756843800322,4.435050993022007,4.2203435319377345,5.119431025228127,0.1274825550187869,1.8451422436929683
143,37.8690284487386,25.91250670960816,12.379227053140097,7.9039184111647875,4.38137412775094,4.602791196994096,4.978529253891573,0.1274825550187869,1.8451422436929683
144,38.16425120772947,25.81857219538379,12.352388620504563,7.85024154589372,4.260601180891036,4.602791196994096,4.978529253891573,0.1274825550187869,1.8451422436929683
145,38.258185721953836,25.644122383252817,12.332259796027913,7.796564680622652,4.233762748255502,4.783950617283951,4.978529253891573,0.1274825550187869,1.8451422436929683
146,38.71443907675792,25.214707461084274,12.157809983896941,7.6556629092860975,4.2270531400966185,5.092592592592593,4.9651100375738055,0.1274825550187869,1.8451422436929683
147,39.049919484702095,24.805421363392377,12.130971551261407,7.62211486849168,4.139828234031133,5.314009661835748,4.9651100375738055,0.1274825550187869,1.8451422436929683
148,39.54643048845947,24.476650563607084,11.936392914653783,7.615405260332796,4.139828234031133,5.213365539452496,5.10601180891036,0.1274825550187869,1.8384326355340848
149,39.781266774020395,24.382716049382715,11.849168008588299,7.568438003220612,4.133118625872249,5.213365539452496,5.10601180891036,0.1274825550187869,1.8384326355340848
150,40.01610305958132,24.315619967793882,11.802200751476114,7.548309178743962,4.106280193236715,5.179817498658078,5.0993022007514766,0.1274825550187869,1.8048845947396672
151,40.06977992485239,24.000268384326354,11.654589371980677,7.98443370907139,3.9184111647879765,5.394524959742351,5.0858829844337095,0.10064412238325282,1.7914653784219001
152,39.74771873322598,24.06736446591519,11.553945249597424,7.971014492753623,4.455179817498658,5.226784755770263,5.0858829844337095,0.10064412238325282,1.7914653784219001
153,40.203972088030056,23.95330112721417,11.426462694578637,7.950885668276973,4.374664519592056,5.213365539452496,4.985238862050457,0.10064412238325282,1.7914653784219001
154,40.64009661835749,23.852657004830917,11.332528180354267,7.763016639828234,4.414922168545357,5.199946323134729,4.911433172302737,0.10064412238325282,1.7847557702630166
155,40.85480407944176,23.711755233494365,11.285560923242082,7.75630703166935,4.414922168545357,5.146269457863661,4.951690821256038,0.0939345142243693,1.7847557702630166
156,40.72061191626409,23.772141706924316,11.211755233494364,7.75630703166935,4.5893719806763285,5.119431025228127,4.951690821256038,0.0939345142243693,1.7847557702630166
157,41.0426731078905,23.523886205045624,11.084272678475577,7.716049382716049,4.5893719806763285,5.213365539452496,4.951690821256038,0.0939345142243693,1.7847557702630166
158,41.30434782608695,23.2487922705314,10.976918947933441,7.689210950080516,4.562533548040794,5.199946323134729,5.146269457863661,0.0939345142243693,1.778046162104133
159,41.63311862587225,23.13472893183038,10.903113258185721,7.608695652173913,4.53569511540526,5.173107890499195,5.139559849704777,0.0939345142243693,1.778046162104133
160,41.78073000536769,22.779119699409556,10.903113258185721,7.561728395061729,4.864465915190553,5.112721417069243,5.12614063338701,0.0939345142243693,1.778046162104133
161,42.11621041331186,22.638217928073,10.815888352120236,7.548309178743962,4.817498658078368,5.10601180891036,5.112721417069243,0.0939345142243693,1.751207729468599
162,40.83467525496511,22.33628556092324,10.775630703166936,7.125603864734299,4.817498658078368,5.052334943639291,7.212828770799785,0.0939345142243693,1.751207729468599
163,41.23054213633924,22.128287707997853,10.742082662372518,7.078636607622115,4.770531400966184,5.0858829844337095,7.132313472893183,0.0939345142243693,1.737788513150832
164,41.29092860976919,22.088030059044552,10.466988727858293,7.051798174986581,4.703435319377348,5.038915727321524,7.5348899624261945,0.0939345142243693,1.7310789049919484
165,41.45195920558239,21.926999463231347,10.44015029522276,7.051798174986581,4.904723564143854,4.931561996779388,7.5348899624261945,0.0939345142243693,1.6639828234031133
166,41.720343531937736,21.833064949006978,10.23215244229737,7.051798174986581,4.7638217928073,5.166398282340311,7.474503488996243,0.0939345142243693,1.6639828234031133
167,42.008856682769725,21.66532474503489,10.218733225979603,7.03166935050993,4.757112184648417,5.132850241545894,7.427536231884058,0.0939345142243693,1.6639828234031133
168,42.270531400966185,21.423778851315085,10.144927536231885,7.018250134192163,4.891304347826087,5.112721417069243,7.39398819108964,0.0939345142243693,1.6505636070853462
169,42.41814278046162,21.39694041867955,10.11808910359635,7.004830917874396,4.864465915190553,5.092592592592593,7.360440150295223,0.0939345142243693,1.6505636070853462
170,42.599302200751474,21.36339237788513,10.104669887278583,7.004830917874396,4.864465915190553,5.072463768115942,7.246376811594203,0.0939345142243693,1.6505636070853462
171,43.16961889425657,21.135265700483092,10.064412238325282,6.91760601180891,4.810789049919484,4.99194847020934,7.1658615136876005,0.0939345142243693,1.6505636070853462
172,43.505099302200755,21.041331186258724,9.98389694041868,6.823671497584541,4.783950617283951,4.99194847020934,7.125603864734299,0.0939345142243693,1.6505636070853462
173,43.505099302200755,20.8467525496511,9.970477724100913,6.8035426731078905,4.7168545356951155,4.918142780461621,7.50805152979066,0.0939345142243693,1.6371443907675791
174,43.612453032742884,20.544820182501343,10.030864197530864,6.769994632313473,4.810789049919484,5.0858829844337095,7.481213097155126,0.0939345142243693,1.570048309178744
175,43.887546967257116,20.471014492753625,10.030864197530864,6.696188942565755,4.777241009125067,5.059044551798175,7.4141170155662905,0.0939345142243693,1.570048309178744
176,42.84755770263017,19.659151905528716,9.480676328502415,6.696188942565755,4.770531400966184,4.918142780461621,9.990606548577563,0.0939345142243693,1.5432098765432098
177,42.98845947396672,19.57192699946323,9.480676328502415,6.790123456790123,4.703435319377348,4.898013955984971,9.930220075147611,0.0939345142243693,1.5432098765432098
178,42.954911433172306,19.43102522812668,9.473966720343531,6.769994632313473,4.978529253891573,4.830917874396135,9.923510466988727,0.0939345142243693,1.5432098765432098
179,42.981749865807835,19.363929146537842,9.386741814278047,7.152442297369833,4.911433172302737,4.804079441760601,9.789318303811058,0.0939345142243693,1.5163714439076759
180,43.33064949006978,19.28341384863124,9.306226516371444,7.118894256575416,4.864465915190553,4.790660225442834,9.695383789586689,0.0939345142243693,1.5163714439076759
181,43.57890499194847,19.155931293612454,9.29951690821256,6.984702093397746,4.864465915190553,4.884594739667204,9.655126140633387,0.0939345142243693,1.482823403113258
182,44.04186795491143,18.988191089640367,9.252549651100376,6.884057971014493,4.864465915190553,4.864465915190553,9.581320450885668,0.0939345142243693,1.42914653784219
183,44.26999463231347,18.813741277509394,9.185453569511541,7.14573268921095,4.7638217928073,4.951690821256038,9.346484165324744,0.0939345142243693,1.42914653784219
184,44.6256038647343,18.679549114331724,9.118357487922705,7.105475040257649,4.871175523349437,4.87788513150832,9.212292002147075,0.0939345142243693,1.415727321524423
185,44.927536231884055,18.53864734299517,9.078099838969404,7.0450885668276975,4.817498658078368,4.87788513150832,9.205582393988191,0.0939345142243693,1.415727321524423
186,44.98792270531401,18.438003220611915,9.017713365539452,7.320182501341922,4.736983360171766,4.864465915190553,9.138486312399356,0.0939345142243693,1.402308105206656
187,44.31025228126678,18.283682232957595,9.004294149221685,8.501073537305421,4.64975845410628,4.804079441760601,8.977455716586151,0.0939345142243693,1.3754696725711217
188,44.457863660762214,18.00858829844337,8.99087493290392,8.460815888352121,4.616210413311863,5.132850241545894,8.863392377885132,0.0939345142243693,1.3754696725711217
189,44.98121309715513,17.92807300053677,8.93719806763285,8.239398819108963,4.53569511540526,5.119431025228127,8.789586688137414,0.0939345142243693,1.3754696725711217
190,45.148953301127214,17.907944176060116,8.896940418679549,8.239398819108963,4.49543746645196,5.065754159957058,8.776167471819646,0.0939345142243693,1.3754696725711217
191,45.34353193773484,17.76033279656468,8.836553945249598,8.011272141706923,4.435050993022007,5.01207729468599,9.131776704240472,0.0939345142243693,1.3754696725711217
192,45.410628019323674,17.70665593129361,8.809715512614064,7.7831454643048845,4.374664519592056,5.280461621041331,9.16532474503489,0.0939345142243693,1.3754696725711217
193,45.793075684380035,17.538915727321523,8.776167471819646,7.769726247987117,4.3545356951154055,5.24020397208803,9.064680622651638,0.0939345142243693,1.3687600644122384
194,46.08829844337091,17.418142780461622,8.695652173913043,7.75630703166935,4.3545356951154055,5.199946323134729,9.024422973698336,0.0939345142243693,1.3687600644122384
195,46.242619431025226,17.270531400966185,8.68894256575416,7.7361782071927,4.3545356951154055,5.179817498658078,9.084809447128288,0.0939345142243693,1.3486312399355878
196,46.57139023081052,17.20343531937735,8.61513687600644,7.7361782071927,4.3545356951154055,5.032206119162641,9.05126140633387,0.0939345142243693,1.3419216317767042
197,46.51771336553945,16.901502952227588,8.55475040257649,7.716049382716049,4.87788513150832,4.978529253891573,9.017713365539452,0.0939345142243693,1.3419216317767042
198,46.69216317767042,16.80756843800322,8.514492753623188,7.716049382716049,4.871175523349437,4.9718196457326895,8.99087493290392,0.0939345142243693,1.3419216317767042
199,47.014224369296834,16.61969940955448,8.480944712828771,7.716049382716049,4.8376274825550185,4.958400429414922,8.93719806763285,0.0939345142243693,1.3419216317767042
200,47.1081588835212,16.5727321524423,8.480944712828771,7.675791733762749,4.7638217928073,4.958400429414922,9.017713365539452,0.0939345142243693,1.328502415458937
201,47.20209339774557,16.51905528717123,8.480944712828771,7.6623725174449815,4.7638217928073,4.951690821256038,9.01100375738057,0.0939345142243693,1.3150831991411702
202,47.5979602791197,16.445249597423512,8.387010198604402,7.635534084809447,4.7101449275362315,4.951690821256038,8.863392377885132,0.0939345142243693,1.3150831991411702
203,47.55099302200752,16.25067096081589,8.360171765968868,7.474503488996243,4.683306494900698,5.112721417069243,9.158615136876007,0.0939345142243693,1.3150831991411702
204,47.50402576489533,16.109769189479334,8.32662372517445,7.447665056360709,5.146269457863661,5.018786902844874,9.037842190016104,0.0939345142243693,1.3150831991411702
205,47.62479871175523,16.009125067096083,8.259527643585615,7.729468599033816,5.12614063338701,4.985238862050457,8.870101986044014,0.0939345142243693,1.3016639828234031
206,47.97369833601718,15.975577026301664,8.205850778314547,7.689210950080516,4.985238862050457,4.938271604938271,8.836553945249598,0.0939345142243693,1.3016639828234031
207,48.02066559312936,15.881642512077295,8.205850778314547,7.588566827697263,4.898013955984971,4.938271604938271,9.07139023081052,0.0939345142243693,1.3016639828234031
208,48.30246913580247,15.767579173376275,8.199141170155663,7.5348899624261945,4.911433172302737,4.85775630703167,9.064680622651638,0.0939345142243693,1.2681159420289856
209,48.530595813204506,15.673644659151906,8.158883521202362,7.467793880837359,5.052334943639291,4.730273752012883,9.024422973698336,0.0939345142243693,1.2681159420289856
210,48.590982286634464,15.70048309178744,8.125335480407944,7.447665056360709,5.052334943639291,4.7168545356951155,9.004294149221685,0.0939345142243693,1.2681159420289856
211,48.7385936661299,15.68035426731079,8.105206655931294,7.407407407407407,5.045625335480408,4.690016103059581,8.970746108427267,0.0939345142243693,1.2681159420289856
212,49.06736446591519,15.573000536768653,8.091787439613526,7.367149758454106,5.045625335480408,4.542404723564144,8.950617283950617,0.0939345142243693,1.2681159420289856
213,49.3491680085883,15.35829307568438,8.051529790660226,7.206119162640902,5.152979066022544,4.542404723564144,8.977455716586151,0.0939345142243693,1.2681159420289856
214,49.52361782071927,15.217391304347826,8.051529790660226,7.1725711218464845,5.233494363929147,4.528985507246377,8.917069243156199,0.0939345142243693,1.261406333870102
215,49.63768115942029,15.183843263553408,8.004562533548041,7.1725711218464845,5.22007514761138,4.528985507246377,8.896940418679549,0.0939345142243693,1.261406333870102
216,50.053676865271065,15.136876006441224,8.004562533548041,7.078636607622115,5.193236714975845,4.51556629092861,8.702361782071927,0.0939345142243693,1.221148684916801
217,50.17444981213097,15.13016639828234,7.98443370907139,7.071926999463232,5.193236714975845,4.468599033816425,8.662104133118627,0.0939345142243693,1.221148684916801
218,50.436124530327426,15.009393451422437,7.971014492753623,7.065217391304348,5.139559849704777,4.435050993022007,8.628556092324208,0.0939345142243693,1.221148684916801
219,50.50993022007515,14.888620504562533,7.957595276435856,6.951154052603328,5.314009661835748,4.435050993022007,8.628556092324208,0.0939345142243693,1.221148684916801
220,50.40257648953301,14.821524422973699,7.897208803005904,6.9310252281266775,5.273752012882448,4.40150295222759,8.957326892109501,0.0939345142243693,1.221148684916801
221,50.556897477187334,14.78797638217928,7.87037037037037,6.870638754696726,5.3274288781535155,4.374664519592056,8.930488459473967,0.0939345142243693,1.1876006441223832
222,50.577026301663984,14.626945786366075,7.87037037037037,6.8035426731078905,5.595813204508857,4.361245303274289,8.890230810520666,0.0939345142243693,1.1808910359634996
223,50.62399355877617,14.579978529253891,7.695920558239399,6.796833064949007,5.589103596349974,4.622920021470746,8.856682769726248,0.0939345142243693,1.1406333870101986
224,50.85882984433709,14.49946323134729,7.689210950080516,6.790123456790123,5.562265163714439,4.602791196994096,8.76274825550188,0.0939345142243693,1.1406333870101986
225,51.05340848094471,14.371980676328503,7.628824476650563,6.790123456790123,5.46833064949007,4.5960815888352125,8.856682769726248,0.0939345142243693,1.1406333870101986
226,50.99302200751476,14.31159420289855,7.628824476650563,6.78341384863124,5.542136339237788,4.582662372517445,8.923778851315083,0.0939345142243693,1.1406333870101986
227,47.38325281803543,13.030059044551798,13.741277509393452,6.347289318303811,5.381105743424584,4.428341384863124,8.467525496511003,0.0939345142243693,1.1272141706924315
228,47.49060654857756,12.929414922168545,13.674181427804616,6.528448738593666,5.347557702630167,4.408212560386473,8.400429414922169,0.0939345142243693,1.1272141706924315
229,47.658346752549654,12.929414922168545,13.667471819645733,6.481481481481482,5.340848094471283,4.374664519592056,8.32662372517445,0.0939345142243693,1.1272141706924315
230,47.92002147074611,12.915995705850777,13.506441223832528,6.461352657004831,5.314009661835748,4.334406870638754,8.32662372517445,0.0939345142243693,1.1272141706924315
231,48.168276972624795,12.895866881374127,13.419216317767042,6.380837359098229,5.300590445517981,4.334406870638754,8.279656468062266,0.0939345142243693,1.1272141706924315
232,48.389694041867955,12.882447665056361,13.352120236178207,6.260064412238325,5.280461621041331,4.334406870638754,8.279656468062266,0.0939345142243693,1.1272141706924315
233,48.590982286634464,12.86231884057971,13.285024154589372,6.213097155126141,5.246913580246914,4.300858829844337,8.279656468062266,0.0939345142243693,1.1272141706924315
234,48.84594739667203,12.808641975308642,13.271604938271604,6.099033816425121,5.3341384863123995,4.186795491143317,8.232689210950081,0.0939345142243693,1.1272141706924315
235,47.128287707997856,12.506709608158884,13.238056897477188,8.561460010735374,5.280461621041331,4.1129898013955986,7.991143317230274,0.0939345142243693,1.0869565217391304
236,47.26247987117552,12.506709608158884,13.191089640365004,8.494363929146537,5.260332796564681,4.1129898013955986,7.991143317230274,0.0939345142243693,1.0869565217391304
237,47.61808910359635,12.345679012345679,12.97638217928073,8.460815888352121,5.179817498658078,4.294149221685454,7.944176060118089,0.0939345142243693,1.0869565217391304
238,47.839506172839506,12.332259796027913,12.909286097691895,8.440687063875469,5.10601180891036,4.294149221685454,7.9039184111647875,0.0939345142243693,1.0802469135802468
239,48.14143853998927,12.238325281803542,12.801932367149758,8.413848631239935,5.0858829844337095,4.280730005367687,7.863660762211487,0.0939345142243693,1.0802469135802468
240,48.429951690821255,12.13768115942029,12.446323134728932,8.353462157809984,5.0858829844337095,4.569243156199678,7.803274288781535,0.0939345142243693,1.0802469135802468
241,48.611111111111114,12.117552334943639,12.372517444981213,8.32662372517445,5.0858829844337095,4.569243156199678,7.742887815351583,0.0939345142243693,1.0802469135802468
242,48.80568974771873,12.090713902308105,12.224906065485776,8.407139023081053,5.038915727321524,4.53569511540526,7.722758990874933,0.0939345142243693,1.0802469135802468
243,49.00697799248524,12.02361782071927,12.211486849168008,8.373590982286634,5.038915727321524,4.49543746645196,7.675791733762749,0.0939345142243693,1.0802469135802468
244,49.25523349436393,11.90955448201825,12.177938808373591,8.299785292538916,5.032206119162641,4.4753086419753085,7.675791733762749,0.0939345142243693,1.0802469135802468
245,46.93370907139023,11.77536231884058,16.384863123993558,7.14573268921095,4.904723564143854,4.669887278582931,7.387278582930757,0.0939345142243693,0.7045088566827697
246,47.26918947933441,11.614331723027375,16.284219001610307,7.105475040257649,4.824208266237251,4.736983360171766,7.367149758454106,0.0939345142243693,0.7045088566827697
247,47.235641438539986,11.480139559849706,16.17686527106817,7.065217391304348,5.065754159957058,4.7168545356951155,7.461084272678476,0.0939345142243693,0.7045088566827697
248,47.41009125067096,11.43317230273752,16.11647879763822,7.0383789586688135,5.300590445517981,4.7168545356951155,7.199409554482019,0.0939345142243693,0.6910896403650026
249,47.92673107890499,11.386205045625335,15.848094471282877,7.004830917874396,5.253623188405797,4.656468062265164,7.159151905528717,0.0939345142243693,0.6709608158883521
250,48.081052066559316,11.372785829307569,15.801127214170693,6.9243156199677935,5.22007514761138,4.656468062265164,7.139023081052066,0.0939345142243693,0.7112184648416533
251,47.779119699409556,11.272141706924316,15.687063875469672,7.37385936661299,5.2066559312936125,4.622920021470746,7.253086419753086,0.0939345142243693,0.7112184648416533
252,48.01395598497048,11.158078368223295,15.58641975308642,7.27992485238862,5.199946323134729,4.622920021470746,7.212828770799785,0.0939345142243693,0.8319914117015567
253,48.70504562533548,10.963499731615673,15.445517981749866,7.14573268921095,5.146269457863661,4.555823939881911,7.112184648416532,0.0939345142243693,0.8319914117015567
254,49.16129898013956,10.86285560923242,15.13016639828234,7.105475040257649,5.092592592592593,4.542404723564144,7.03166935050993,0.0939345142243693,0.9796027911969941
255,49.15458937198068,10.86285560923242,15.076489533011273,7.085346215780999,5.22007514761138,4.49543746645196,7.03166935050993,0.0939345142243693,0.9796027911969941
256,49.302200751476114,10.815888352120236,14.99597423510467,7.085346215780999,5.22007514761138,4.49543746645196,7.011540526033279,0.0939345142243693,0.9796027911969941
257,49.422973698336016,10.789049919484702,14.928878153515834,7.058507783145465,5.159688674181428,4.468599033816425,7.098765432098766,0.0939345142243693,0.9796027911969941
