,45,50,54,51,52,55,53,56
0,97.67176596886742,2.328234031132582,,,,,,
1,94.75979602791197,5.24020397208803,,,,,,
2,90.25093934514224,9.749060654857756,,,,,,
3,89.82823403113258,10.171765968867419,,,,,,
4,83.12533548040794,16.874664519592056,,,,,,
5,78.72383252818035,21.276167471819647,,,,,,
6,70.18250134192164,29.817498658078367,,,,,,
7,70.33682232957595,29.663177670424048,,,,,,
8,67.93478260869566,32.06521739130435,,,,,,
9,67.72678475577027,32.27321524422974,,,,,,
10,65.06307031669351,34.936929683306495,,,,,,
11,61.37949543746645,38.33870101986044,0.28180354267310787,,,,,
12,61.621041331186255,38.097155126140635,0.28180354267310787,,,,,
13,62.03032742887815,37.68786902844874,0.28180354267310787,,,,,
14,61.82903918411165,37.57380568974772,0.28180354267310787,0.3153515834675255,,,,
15,58.45410628019324,40.94873859366613,0.28180354267310787,0.3153515834675255,,,,
16,58.601717659688674,40.5931293612453,0.2549651100375738,0.3153515834675255,0.23483628556092323,,,
17,58.756038647343,40.43880837359098,0.2549651100375738,0.3153515834675255,0.23483628556092323,,,
18,58.111916264090176,41.0829307568438,0.2549651100375738,0.3153515834675255,0.23483628556092323,,,
19,56.776704240472355,42.29736983360172,0.3757380568974772,0.3153515834675255,0.23483628556092323,,,
20,55.79710144927536,39.2512077294686,0.3757380568974772,4.1532474503489,0.23483628556092323,0.1878690284487386,,
21,54.1935050993022,33.353462157809986,0.3757380568974772,11.694847020933977,0.3824476650563607,,,
22,52.42216854535695,33.299785292538914,0.3757380568974772,13.533279656468062,0.36902844873859364,,,
23,46.59151905528717,39.23778851315083,0.3757380568974772,13.425925925925926,0.36902844873859364,,,
24,36.191626409017715,51.60359634997316,0.3757380568974772,11.460010735373054,0.36902844873859364,,,
25,33.393719806763286,54.448470209339774,0.3757380568974772,11.41304347826087,0.36902844873859364,,,
26,33.51449275362319,52.18733225979603,0.3757380568974772,11.171497584541063,2.7509393451422435,,,
27,33.76945786366076,51.7914653784219,0.3757380568974772,11.158078368223295,2.717391304347826,,0.1878690284487386,
28,33.70907139023081,51.97933440687064,0.33548040794417605,11.07085346215781,2.717391304347826,,0.1878690284487386,
29,33.95061728395062,51.7914653784219,0.33548040794417605,11.030595813204508,2.703972088030059,,0.1878690284487386,
30,34.10493827160494,51.731078904991946,0.33548040794417605,10.970209339774557,2.6704240472356413,,0.1878690284487386,
31,34.333064949006975,51.570048309178745,0.33548040794417605,10.93666129898014,2.636876006441224,,0.1878690284487386,
32,34.5276435856146,51.42914653784219,0.33548040794417605,10.903113258185721,2.6167471819645733,,0.1878690284487386,
33,35.017444981213096,50.986312399355874,0.33548040794417605,10.721953837895867,2.61003757380569,0.14090177133655393,0.1878690284487386,
34,35.34621578099839,50.60386473429951,0.33548040794417605,10.661567364465915,2.6033279656468062,0.2616747181964573,0.1878690284487386,
35,35.42002147074611,50.0805152979066,0.33548040794417605,9.936929683306495,3.8311862587224907,0.2616747181964573,0.13419216317767044,
36,35.80246913580247,49.69135802469136,0.33548040794417605,9.339774557165862,3.8311862587224907,0.8789586688137413,0.12077294685990338,
37,36.010466988727856,49.02710681696189,0.33548040794417605,9.96376811594203,3.6634460547504024,0.8789586688137413,0.12077294685990338,
38,35.86285560923242,48.651368760064415,0.33548040794417605,10.513955984970478,3.6634460547504024,0.8521202361782072,0.12077294685990338,
39,35.95679012345679,47.557702630166396,0.33548040794417605,11.332528180354267,3.6366076221148687,0.8856682769726248,0.2952227589908749,
40,36.33923778851315,47.26918947933441,0.33548040794417605,11.285560923242082,3.589640365002684,0.8856682769726248,0.2952227589908749,
41,36.500268384326354,46.13526570048309,0.33548040794417605,12.265163714439076,3.5829307568438002,0.8856682769726248,0.2952227589908749,
42,36.8491680085883,45.97423510466989,0.33548040794417605,11.990069779924852,3.535963499731616,0.8856682769726248,0.4294149221685454,
43,37.19135802469136,45.75281803542673,0.33548040794417605,11.889425657541599,3.535963499731616,0.8856682769726248,0.4092860976918948,
44,37.31884057971015,45.49785292538916,0.33548040794417605,11.876006441223833,3.515834675254965,1.0466988727858293,0.4092860976918948,
45,37.567096081588836,45.02818035426731,0.33548040794417605,12.117552334943639,3.515834675254965,1.0265700483091786,0.4092860976918948,
46,37.32555018786903,43.43800322061192,0.9259259259259259,11.79549114331723,5.179817498658078,0.9259259259259259,0.4092860976918948,
47,37.67444981213097,43.243424584004295,0.8923778851315083,11.681427804616211,5.179817498658078,0.9259259259259259,0.4025764895330113,
48,37.66774020397209,43.11594202898551,0.8923778851315083,11.574074074074074,5.179817498658078,1.1674718196457328,0.4025764895330113,
49,38.0300590445518,42.66639828234031,0.8588298443370908,11.56736446591519,5.146269457863661,1.328502415458937,0.4025764895330113,
50,37.88915727321525,40.405260332796566,0.8588298443370908,13.982823403113258,5.132850241545894,1.328502415458937,0.4025764895330113,
51,38.31186258722491,40.15029522275899,0.8588298443370908,13.882179280730005,5.10601180891036,1.288244766505636,0.4025764895330113,
52,38.466183574879224,40.02952227589909,0.8588298443370908,13.848631239935587,5.10601180891036,1.288244766505636,0.4025764895330113,
53,38.14412238325282,40.17713365539453,0.8051529790660226,13.81508319914117,5.10601180891036,1.288244766505636,0.6642512077294686,
54,37.43961352657005,39.20424047235642,0.8051529790660226,16.384863123993558,3.9720880300590444,1.5499194847020934,0.644122383252818,
55,37.84219001610306,39.029790660225444,0.8051529790660226,16.25067096081589,3.965378421900161,1.4761137949543746,0.630703166935051,
56,38.20450885668277,38.687600644122384,0.8051529790660226,16.243961352657006,3.965378421900161,1.4626945786366077,0.630703166935051,
57,35.74208266237252,41.41170155662909,0.8051529790660226,16.170155662909288,3.965378421900161,1.4559849704777241,0.4495437466451959,
58,35.97691894793344,41.25067096081589,0.8051529790660226,16.09634997316157,3.965378421900161,1.4559849704777241,0.4495437466451959,
59,36.29898013955985,40.76086956521739,0.7917337627482555,15.962157809983896,4.086151368760064,1.6505636070853462,0.4495437466451959,
60,36.40633387010199,40.365002683843265,0.7917337627482555,16.297638217928075,4.052603327965647,1.6371443907675791,0.4495437466451959,
61,36.67471819645733,39.62023617820719,0.7917337627482555,16.150026838432634,4.052603327965647,2.2611379495437465,0.4495437466451959,
62,36.178207192699944,39.98926462694579,1.9122383252818036,15.445517981749866,4.052603327965647,2.0665593129361244,0.35560923242082665,
63,36.64787976382179,39.56655931293612,1.9122383252818036,15.398550724637682,4.052603327965647,2.0665593129361244,0.35560923242082665,
64,37.084004294149224,39.27133655394525,1.9122383252818036,15.304616210413311,4.005636070853462,2.0665593129361244,0.35560923242082665,
65,37.2987117552335,39.190821256038646,1.8853998926462694,15.271068169618895,3.978797638217928,2.01959205582394,0.35560923242082665,
66,37.34567901234568,38.55340848094471,1.8853998926462694,15.170424047235642,3.9720880300590444,2.1269457863660763,0.9460547504025765,
67,37.43961352657005,38.36553945249597,1.8719806763285025,15.063070316693505,3.9720880300590444,2.120236178207193,1.1674718196457328,
68,37.68786902844874,38.2313472893183,1.8451422436929683,15.022812667740205,3.938539989264627,2.120236178207193,1.1540526033279657,
69,37.67444981213097,37.64090177133655,1.8451422436929683,15.68035426731079,3.938539989264627,2.120236178207193,1.1003757380568975,
70,37.72141706924316,37.35909822866345,1.8317230273752012,15.499194847020934,4.092860976918948,2.120236178207193,1.3754696725711217,
71,37.90257648953301,37.265163714439076,1.8183038110574343,15.116747181964573,4.40150295222759,2.120236178207193,1.3754696725711217,
72,37.92941492216855,37.15780998389694,1.8183038110574343,14.673913043478262,4.38137412775094,2.120236178207193,1.9189479334406871,
73,38.10386473429951,36.9699409554482,1.8183038110574343,14.55984970477724,4.38137412775094,2.120236178207193,2.046430488459474,
74,37.92270531400966,35.7085346215781,3.4688674181427803,14.392109500805153,4.38137412775094,2.1068169618894257,2.01959205582394,
75,36.218464841653244,37.78180354267311,3.4688674181427803,14.150563607085346,4.3545356951154055,2.073268921095008,1.9524959742351047,
76,35.37976382179281,34.896672034353195,3.643317230273752,18.10252281266774,4.3545356951154055,2.073268921095008,1.5499194847020934,
77,35.99704777241009,34.38003220611916,3.643317230273752,18.075684380032207,4.3545356951154055,2.046430488459474,1.5029522275899088,
78,36.37278582930757,34.23913043478261,3.6231884057971016,17.894524959742352,4.327697262479871,2.0397208803005906,1.5029522275899088,
79,36.66800858829844,34.044551798174986,3.589640365002684,17.85426731078905,4.327697262479871,2.0128824476650564,1.5029522275899088,
80,37.03032742887815,33.601717659688674,3.5292538915727323,17.726784755770264,4.327697262479871,2.281266774020397,1.5029522275899088,
81,37.151100375738054,33.51449275362319,3.5292538915727323,17.69994632313473,4.327697262479871,2.2745571658615136,1.5029522275899088,
82,37.144390767579175,33.2662372517445,4.025764895330113,17.58588298443371,4.260601180891036,2.214170692431562,1.5029522275899088,
83,36.553945249597426,32.50134192163178,3.938539989264627,19.068706387546968,4.260601180891036,2.187332259796028,1.4895330112721417,
84,36.45330112721417,32.27321524422974,3.938539989264627,19.545088566827697,4.247181964573269,2.1806226516371443,1.3620504562533549,
85,36.47342995169082,31.850509930220074,3.938539989264627,19.363929146537842,4.2203435319377345,2.1135265700483092,2.0397208803005906,
86,34.72893183038111,30.300590445517983,3.938539989264627,23.443370907139023,3.44873859366613,2.100107353730542,2.0397208803005906,
87,34.86983360171766,30.253623188405797,3.9318303811057436,23.376274825550187,3.4286097691894795,2.100107353730542,2.0397208803005906,
88,35.178475577026305,29.998658078368223,3.9049919484702094,23.349436392914654,3.4286097691894795,2.100107353730542,2.0397208803005906,
89,35.319377348362856,29.924852388620504,3.9049919484702094,23.289049919484704,3.4286097691894795,2.0933977455716586,2.0397208803005906,
90,35.768921095008054,29.7638217928073,3.9049919484702094,23.047504025764894,3.3816425120772946,2.0933977455716586,2.0397208803005906,
91,35.59447128287708,28.67686527106817,5.488459473966721,22.65834675254965,3.5091250670960816,2.086688137412775,1.9860440150295222,
92,35.47369833601718,28.10654857756307,5.508588298443371,23.2487922705314,3.421900161030596,2.0665593129361244,2.1739130434782608,
93,35.64143853998927,27.965646806226516,5.025496511003757,22.470477724100913,3.421900161030596,2.0665593129361244,3.408480944712829,
94,35.68840579710145,27.596618357487923,4.978529253891573,22.96027911969941,3.33467525496511,2.0397208803005906,3.4017713365539453,
95,36.04401502952228,27.455716586151368,4.9651100375738055,22.805958132045088,3.33467525496511,1.9927536231884058,3.4017713365539453,
96,35.65485775630703,26.590177133655395,4.830917874396135,23.98684916800859,3.6634460547504024,1.8719806763285025,3.4017713365539453,
97,35.829307568438004,26.556629092860977,4.804079441760601,23.872785829307567,3.6634460547504024,1.8719806763285025,3.4017713365539453,
98,36.11782071926999,26.44927536231884,4.777241009125067,23.778851315083198,3.6366076221148687,1.8719806763285025,3.3682232957595275,
99,35.30595813204509,25.34219001610306,4.703435319377348,26.27482555018787,3.6366076221148687,1.3687600644122384,3.3682232957595275,
100,35.47369833601718,25.275093934514224,4.703435319377348,26.227858293075684,3.6097691894793345,1.3687600644122384,3.3413848631239937,
101,35.72866344605475,25.275093934514224,4.64975845410628,26.060118089103597,3.5963499731615673,1.3486312399355878,3.3413848631239937,
102,35.87627482555019,25.254965110037574,4.64975845410628,25.966183574879228,3.5963499731615673,1.3419216317767042,3.3145464304884595,
103,36.252012882447666,25.05367686527107,4.924852388620504,25.563607085346217,3.5963499731615673,1.2949543746645196,3.3145464304884595,
104,36.64117015566291,25.006709608158882,4.924852388620504,25.234836285560924,3.5963499731615673,1.2815351583467525,3.3145464304884595,
105,37.15780998389694,24.758454106280194,4.864465915190553,25.11406333870102,3.589640365002684,1.2546967257112185,3.260869565217391,
106,37.2987117552335,24.751744498121308,4.8443370907139025,25.0,3.589640365002684,1.2546967257112185,3.260869565217391,
107,37.714707461084274,24.570585077831456,4.8376274825550185,24.805421363392377,3.5829307568438002,1.2546967257112185,3.2340311325818574,
108,38.1105743424584,24.396135265700483,4.8376274825550185,24.67793880837359,3.488996242619431,1.2546967257112185,3.2340311325818574,
109,38.539989264626946,24.168008588298445,4.810789049919484,24.550456253354803,3.488996242619431,1.2546967257112185,3.1870638754696725,
110,38.989533011272144,24.14787976382179,4.723564143853999,24.268652710681696,3.4621578099838968,1.247987117552335,3.1602254428341383,
111,39.2914653784219,24.000268384326354,4.723564143853999,24.208266237251745,3.3682232957595275,1.247987117552335,3.1602254428341383,
112,39.90874932903918,23.899624261943103,4.723564143853999,23.738593666129898,3.3279656468062266,1.247987117552335,3.1535158346752548,
113,37.567096081588836,26.88539989264627,4.683306494900698,23.1682769726248,3.294417606011809,1.247987117552335,3.1535158346752548,
114,37.69457863660762,26.898819108964037,4.656468062265164,23.05421363392378,3.294417606011809,1.247987117552335,3.1535158346752548,
115,37.80864197530864,26.7914653784219,4.918142780461621,22.57783145464305,3.2742887815351582,1.247987117552335,3.3816425120772946,
116,38.08373590982286,26.603596349973163,4.918142780461621,22.510735373054214,3.2541599570585076,1.247987117552335,3.3816425120772946,
117,38.419216317767045,26.38888888888889,4.87788513150832,22.443639291465377,3.2541599570585076,1.2345679012345678,3.3816425120772946,
118,38.56682769726248,26.29495437466452,4.87788513150832,22.403381642512077,3.240740740740741,1.2345679012345678,3.3816425120772946,
119,38.868760064412236,26.187600644122384,4.810789049919484,22.302737520128826,3.2139023081052067,1.2345679012345678,3.3816425120772946,
120,39.23778851315083,26.060118089103597,4.777241009125067,22.16183574879227,3.1468062265163717,1.2345679012345678,3.3816425120772946,
121,39.74771873322598,25.791733762748255,4.777241009125067,22.000805152979066,3.0864197530864197,1.2345679012345678,3.361513687600644,
122,40.022812667740205,25.5300590445518,4.770531400966184,21.994095544820183,3.0864197530864197,1.2345679012345678,3.361513687600644,
123,40.304616210413315,25.429414922168544,4.74369296833065,21.85990338164251,3.4688674181427803,1.2345679012345678,2.9589371980676327,
124,40.4723564143854,25.369028448738593,4.703435319377348,21.792807300053678,3.4688674181427803,1.2345679012345678,2.9589371980676327,
125,40.68035426731079,25.315351583467525,4.616210413311863,21.732420826623724,3.4621578099838968,1.2345679012345678,2.9589371980676327,
126,40.344873859366615,24.630971551261407,4.609500805152979,20.8467525496511,4.62962962962963,1.1808910359634996,3.7573805689747717,
127,40.47906602254428,24.60413311862587,4.5893719806763285,20.759527643585614,4.62962962962963,1.1808910359634996,3.7573805689747717,
128,40.62667740203972,24.58400429414922,4.5893719806763285,20.52469135802469,4.602791196994096,1.3217928073000538,3.750670960815888,
129,41.02254428341385,24.4296833064949,4.549114331723027,20.336822329575952,4.602791196994096,1.3217928073000538,3.7372517444981215,
130,40.81454643048846,24.241814278046164,4.528985507246377,20.42404723564144,4.871175523349437,1.3217928073000538,3.797638217928073,
131,40.33816425120773,23.778851315083198,4.810789049919484,19.87385936661299,4.871175523349437,1.4358561460010735,4.891304347826087,
132,40.3918411164788,23.637949543746647,4.810789049919484,19.679280730005367,5.159688674181428,1.42914653784219,4.891304347826087,
133,40.666935050993025,23.382984433709073,4.804079441760601,19.632313472893184,5.12614063338701,1.42914653784219,4.958400429414922,
134,38.73456790123457,22.289318303811058,4.944981213097155,22.6784755770263,4.978529253891573,1.42914653784219,4.944981213097155,
135,38.34541062801932,22.000805152979066,4.944981213097155,23.429951690821255,4.978529253891573,1.3553408480944713,4.944981213097155,
136,38.399087493290395,21.987385936661298,4.944981213097155,23.389694041867955,4.978529253891573,1.3553408480944713,4.944981213097155,
137,38.70101986044015,21.926999463231347,4.944981213097155,23.282340311325818,4.9651100375738055,1.328502415458937,4.851046698872786,
138,38.6808910359635,21.85990338164251,4.884594739667204,23.362855609232422,4.904723564143854,1.328502415458937,4.978529253891573,
139,38.10386473429951,21.712292002147073,4.884594739667204,24.362587224906065,4.770531400966184,1.328502415458937,4.8376274825550185,
140,38.43263553408481,21.611647879763822,4.871175523349437,24.18142780461621,4.7638217928073,1.3150831991411702,4.824208266237251,
141,38.419216317767045,21.517713365539453,4.8443370907139025,23.2085346215781,6.085614600107354,1.1876006441223832,4.736983360171766,
142,38.22463768115942,20.9272678475577,4.830917874396135,24.074074074074073,6.0654857756307035,1.1741814278046163,4.703435319377348,
143,38.39237788513151,20.705850778314545,4.824208266237251,23.98684916800859,6.0654857756307035,1.3486312399355878,4.676596886741814,
144,38.036768652710684,20.04830917874396,4.817498658078368,23.557434245840042,6.038647342995169,1.3419216317767042,6.159420289855072,
145,37.0101986044015,22.31615673644659,4.5960815888352125,23.483628556092324,5.448201825013419,1.3419216317767042,5.803811057434245,
146,37.3389694041868,22.23564143853999,4.569243156199678,23.429951690821255,5.441492216854535,1.3419216317767042,5.642780461621041,
147,37.82877079978529,21.980676328502415,4.555823939881911,23.26892109500805,5.421363392377885,1.3419216317767042,5.60252281266774,
148,37.69457863660762,21.658615136876005,4.49543746645196,22.779119699409556,5.414653784219001,1.3083735909822867,6.649221685453569,
149,38.097155126140635,21.470746108427267,4.414922168545357,22.705314009661837,5.401234567901234,1.3083735909822867,6.602254428341385,
150,38.37224906065486,21.390230810520666,4.408212560386473,22.584541062801932,5.401234567901234,1.2949543746645196,6.5485775630703165,
151,38.58695652173913,21.336553945249598,4.40150295222759,22.24235104669887,5.595813204508857,1.2949543746645196,6.541867954911433,
152,38.87546967257112,21.296296296296298,4.374664519592056,22.114868491680085,5.595813204508857,1.2949543746645196,6.447933440687064,
153,39.170692431561996,21.18894256575416,4.341116478797638,21.973966720343533,5.595813204508857,1.2949543746645196,6.4345142243692965,
154,39.21765968867418,21.16881374127751,4.549114331723027,21.75925925925926,5.595813204508857,1.2949543746645196,6.414385399892646,
155,39.40552871712292,21.048040794417606,4.522275899087493,21.72571121846484,5.595813204508857,1.2949543746645196,6.407675791733762,
156,39.57997852925389,20.967525496511005,4.508856682769726,21.584809447128286,5.595813204508857,1.2949543746645196,6.468062265163715,
157,39.92216854535695,20.893719806763286,4.428341384863124,21.511003757380568,5.595813204508857,1.2949543746645196,6.353998926462695,
158,40.23081052066559,20.67230273752013,4.5960815888352125,21.3768115942029,5.542136339237788,1.2681159420289856,6.3137412775093935,
159,40.39855072463768,20.638754696725712,4.5960815888352125,21.28287707997853,5.542136339237788,1.2681159420289856,6.273483628556092,
160,40.324745034889965,20.323403113258184,4.582662372517445,21.088298443370906,6.629092860976919,1.1406333870101986,5.911164787976382,
161,40.707192699946326,20.222758990874933,4.582662372517445,20.974235104669887,6.541867954911433,1.1272141706924315,5.844068706387547,
162,41.04938271604938,20.128824476650564,4.562533548040794,20.86688137412775,6.474771873322598,1.1272141706924315,5.790391841116479,
163,41.4922168545357,20.061728395061728,4.555823939881911,20.491143317230275,6.5552871712292005,1.0534084809447128,5.790391841116479,
164,41.67337627482555,19.96779388083736,4.549114331723027,20.42404723564144,6.541867954911433,1.0534084809447128,5.790391841116479,
165,41.96188942565754,19.89398819108964,4.528985507246377,20.33011272141707,6.494900697799249,1.0534084809447128,5.736714975845411,
166,42.21685453569511,19.87385936661299,4.528985507246377,20.242887815351583,6.400966183574879,1.0534084809447128,5.683038110574342,
167,42.42485238862051,19.826892109500804,4.528985507246377,20.088566827697264,6.400966183574879,1.0466988727858293,5.683038110574342,
168,42.572463768115945,19.77992485238862,4.4820182501341925,19.867149758454108,6.347289318303811,1.0466988727858293,5.904455179817498,
169,42.82071926999463,19.746376811594203,4.4820182501341925,19.706119162640903,6.327160493827161,1.0466988727858293,5.870907139023081,
170,43.23000536768653,19.585346215780998,4.408212560386473,19.6256038647343,6.260064412238325,1.0466988727858293,5.844068706387547,
171,43.364197530864196,19.51825013419216,4.408212560386473,19.6256038647343,6.206387546967257,1.0332796564680622,5.844068706387547,
172,43.81374127750939,19.182769726247987,4.374664519592056,19.47799248523886,6.179549114331723,1.0198604401502953,5.9514224369296835,
173,44.02844873859367,19.082125603864736,4.341116478797638,19.39747718733226,6.179549114331723,1.0198604401502953,5.9514224369296835,
174,44.10896403650027,18.927804616210413,4.341116478797638,19.269994632313473,6.166129898013956,1.2748255501878691,5.911164787976382,
175,44.357219538378956,18.853998926462694,4.334406870638754,19.216317767042405,6.052066559312936,1.2748255501878691,5.911164787976382,
176,44.67257112184648,18.780193236714975,4.26731078904992,19.068706387546968,6.038647342995169,1.261406333870102,5.911164787976382,
177,44.518250134192165,19.122383252818036,4.26731078904992,18.88083735909823,6.038647342995169,1.261406333870102,5.911164787976382,
178,44.68599033816425,19.0150295222759,4.26731078904992,18.820450885668276,6.038647342995169,1.261406333870102,5.911164787976382,
179,44.73966720343532,18.780193236714975,4.240472356414386,19.082125603864736,5.984970477724101,1.261406333870102,5.911164787976382,
180,44.7463768115942,18.766774020397207,4.240472356414386,18.699677938808374,5.964841653247451,1.2077294685990339,6.374127750939345,
181,44.860440150295226,18.733225979602793,4.2203435319377345,18.646001073537306,5.964841653247451,1.2077294685990339,6.367418142780462,
182,44.98792270531401,18.50509930220075,4.2203435319377345,18.38432635534085,6.387546967257112,1.2077294685990339,6.3070316693505095,
183,45.13553408480945,18.438003220611915,4.186795491143317,18.35077831454643,6.380837359098229,1.2077294685990339,6.300322061191626,
184,45.229468599033815,18.270263016639827,4.159957058507783,18.337359098228664,6.501610305958132,1.2077294685990339,6.293612453032743,
185,45.551529790660226,18.189747718733226,4.119699409554482,18.14278046162104,6.494900697799249,1.2077294685990339,6.293612453032743,
186,44.545088566827694,20.9272678475577,4.072732152442297,16.659957058507782,6.374127750939345,1.2077294685990339,6.213097155126141,
187,44.236446591519055,20.82662372517445,4.03918411164788,16.150026838432634,7.4208266237251745,1.1943102522812667,6.132581857219538,
188,44.46457326892109,20.75281803542673,4.025764895330113,16.09634997316157,7.39398819108964,1.1943102522812667,6.072195383789587,
189,44.67257112184648,20.658883521202362,4.025764895330113,16.056092324208265,7.4208266237251745,1.1943102522812667,5.971551261406334,
190,44.71282877079979,20.79307568438003,4.025764895330113,16.009125067096083,7.347020933977456,1.1943102522812667,5.917874396135265,
191,44.83360171765969,20.75281803542673,4.025764895330113,15.98899624261943,7.306763285024155,1.1943102522812667,5.897745571658615,
192,44.34380032206119,20.021470746108427,3.92512077294686,15.901771336553946,8.923778851315083,1.1943102522812667,5.689747718733226,
193,44.56521739130435,19.961084272678477,3.92512077294686,15.807836822329575,8.856682769726248,1.1943102522812667,5.689747718733226,
194,43.90096618357488,19.900697799248523,3.8915727321524423,16.7337627482555,8.769457863660762,1.1943102522812667,5.609232420826624,
195,44.12909286097692,19.77992485238862,3.8915727321524423,16.646537842190018,8.756038647342995,1.1876006441223832,5.609232420826624,
196,44.14922168545357,19.73966720343532,3.878153515834675,16.53918411164788,8.756038647342995,1.1876006441223832,5.595813204508857,0.15432098765432098
197,44.12909286097692,19.524959742351047,3.878153515834675,16.398282340311326,9.702093397745571,1.0466988727858293,5.166398282340311,0.15432098765432098
198,43.55877616747182,20.665593129361245,3.864734299516908,16.324476650563607,9.219001610305957,1.0466988727858293,5.166398282340311,0.15432098765432098
199,43.27697262479871,20.511272141706925,3.844605475040258,17.780461621041333,8.494363929146537,0.9997316156736447,4.938271604938271,0.15432098765432098
200,43.525228126677405,20.44417606011809,3.8311862587224907,17.693236714975846,8.433977455716587,0.9997316156736447,4.918142780461621,0.15432098765432098
201,43.86070853462158,20.303274288781534,3.8311862587224907,17.632850241545892,8.333333333333334,0.9997316156736447,4.884594739667204,0.15432098765432098
202,44.38405797101449,20.101986044015028,3.8311862587224907,17.404723564143854,8.299785292538916,0.9863123993558777,4.8376274825550185,0.15432098765432098
203,44.51154052603328,20.001341921631777,3.8311862587224907,17.465110037573805,8.132045088566828,0.9460547504025765,4.958400429414922,0.15432098765432098
204,44.639023081052066,19.840311325818572,3.7909286097691894,17.384594739667204,7.608695652173913,0.9460547504025765,5.636070853462158,0.15432098765432098
205,44.6256038647343,19.82018250134192,3.750670960815888,17.659688674181428,7.48792270531401,0.9460547504025765,5.555555555555555,0.15432098765432098
206,44.73295759527644,19.766505636070853,3.750670960815888,17.60601180891036,7.48792270531401,0.9460547504025765,5.555555555555555,0.15432098765432098
207,44.860440150295226,19.73966720343532,3.750670960815888,17.518786902844873,7.474503488996243,0.9460547504025765,5.555555555555555,0.15432098765432098
208,45.00134192163178,19.732957595276435,3.750670960815888,17.404723564143854,7.474503488996243,0.9460547504025765,5.535426731078905,0.15432098765432098
209,44.85373054213634,19.706119162640903,3.750670960815888,17.599302200751477,7.474503488996243,0.9460547504025765,5.522007514761138,0.14761137949543746
210,45.00805152979066,19.605475040257648,3.743961352657005,17.58588298443371,7.467793880837359,0.9460547504025765,5.495169082125604,0.14761137949543746
211,45.00805152979066,19.269994632313473,3.743961352657005,17.310789049919485,8.21256038647343,0.9192163177670424,5.387815351583468,0.14761137949543746
212,45.00134192163178,19.209608158883523,3.8378958668813743,16.794149221685455,8.125335480407944,0.9192163177670424,5.964841653247451,0.14761137949543746
213,45.05501878690284,19.209608158883523,3.8378958668813743,16.780730005367687,8.111916264090176,0.9192163177670424,5.938003220611916,0.14761137949543746
214,43.303811057434245,21.511003757380568,3.8378958668813743,16.264090177133657,8.105206655931294,0.9192163177670424,5.911164787976382,0.14761137949543746
215,43.565485775630705,21.329844337090712,3.8378958668813743,16.210413311862588,8.091787439613526,0.9192163177670424,5.897745571658615,0.14761137949543746
216,43.88083735909823,21.256038647342994,3.8378958668813743,16.0426731078905,8.091787439613526,0.9192163177670424,5.8239398819108965,0.14761137949543746
217,44.34380032206119,21.014492753623188,3.81105743424584,15.707192699946322,8.024691358024691,0.9192163177670424,6.031937734836285,0.14761137949543746
218,44.73966720343532,20.69243156199678,3.784219001610306,15.70048309178744,8.004562533548041,0.9192163177670424,6.011808910359635,0.14761137949543746
219,44.69940955448202,20.45088566827697,3.9586688137412773,15.861513687600644,7.950885668276973,0.9192163177670424,6.011808910359635,0.14761137949543746
220,45.14224369296833,20.45088566827697,3.9452495974235107,15.546162104133119,7.897208803005904,0.9192163177670424,5.9514224369296835,0.14761137949543746
221,44.99463231347289,20.2361782071927,3.9452495974235107,15.405260332796564,7.897208803005904,0.9192163177670424,6.454643048845948,0.14761137949543746
222,45.330112721417066,20.155662909286097,3.9184111647879765,15.33816425120773,7.75630703166935,0.9192163177670424,6.4345142243692965,0.14761137949543746
223,45.28314546430489,20.088566827697264,3.9184111647879765,15.297906602254429,7.628824476650563,0.9192163177670424,6.716317767042405,0.14761137949543746
224,45.32340311325819,20.068438003220614,3.9184111647879765,15.277777777777779,7.628824476650563,0.9192163177670424,6.716317767042405,0.14761137949543746
225,45.611916264090176,20.02818035426731,3.878153515834675,15.271068169618895,7.548309178743962,0.9192163177670424,6.595544820182502,0.14761137949543746
226,45.75281803542673,19.81347289318304,3.878153515834675,15.190552871712292,7.7361782071927,0.9192163177670424,6.561996779388084,0.14761137949543746
227,45.95410628019324,19.766505636070853,3.8378958668813743,15.11003757380569,7.729468599033816,0.9192163177670424,6.535158346752549,0.14761137949543746
228,46.2962962962963,19.585346215780998,3.8378958668813743,14.989264626945786,7.716049382716049,0.9192163177670424,6.508319914117015,0.14761137949543746
229,46.37010198604401,19.585346215780998,3.8378958668813743,14.955716586151368,7.689210950080516,0.9192163177670424,6.494900697799249,0.14761137949543746
230,46.37010198604401,19.753086419753085,3.797638217928073,14.915458937198068,7.6556629092860975,0.9057971014492754,6.454643048845948,0.14761137949543746
231,46.51100375738057,19.726247987117553,3.797638217928073,14.9020397208803,7.588566827697263,0.9057971014492754,6.421095008051529,0.14761137949543746
232,46.59151905528717,19.672571121846484,3.797638217928073,14.88191089640365,7.581857219538379,0.9057971014492754,6.421095008051529,0.14761137949543746
233,46.87332259796028,19.6256038647343,3.7909286097691894,14.868491680085883,7.434245840042942,0.9057971014492754,6.353998926462695,0.14761137949543746
234,46.90016103059581,19.753086419753085,3.7909286097691894,14.814814814814815,7.387278582930757,0.9057971014492754,6.300322061191626,0.14761137949543746
235,47.04106280193237,19.726247987117553,3.7640901771336552,14.734299516908212,7.387278582930757,0.9057971014492754,6.293612453032743,0.14761137949543746
236,47.18196457326892,19.699409554482017,3.750670960815888,14.714170692431562,7.306763285024155,0.9057971014492754,6.293612453032743,0.14761137949543746
237,47.30944712828771,19.699409554482017,3.8177670424047236,14.573268921095009,7.286634460547504,0.9057971014492754,6.260064412238325,0.14761137949543746
238,47.457058507783145,19.558507783145465,3.7372517444981215,14.533011272141707,7.246376811594203,0.9057971014492754,6.414385399892646,0.14761137949543746
239,47.58454106280193,19.49812130971551,3.7372517444981215,14.49946323134729,7.212828770799785,0.9057971014492754,6.414385399892646,0.14761137949543746
240,47.79253891572732,19.47128287707998,3.7372517444981215,14.358561460010735,7.1725711218464845,0.9057971014492754,6.414385399892646,0.14761137949543746
241,47.799248523886206,19.41760601180891,3.7372517444981215,14.472624798711756,7.118894256575416,0.9057971014492754,6.400966183574879,0.14761137949543746
242,48.24208266237252,19.330381105743424,3.7037037037037037,14.40552871712292,6.91760601180891,0.9057971014492754,6.347289318303811,0.14761137949543746
243,48.22195383789587,19.129092860976918,3.7037037037037037,14.150563607085346,7.709339774557166,0.8923778851315083,6.045356951154052,0.14761137949543746
244,48.429951690821255,19.068706387546968,3.7037037037037037,14.076757917337627,7.682501341921632,0.8923778851315083,5.998389694041868,0.14761137949543746
245,48.731884057971016,18.988191089640367,3.7037037037037037,13.902308105206655,7.6623725174449815,0.8923778851315083,5.971551261406334,0.14761137949543746
246,48.92646269457864,18.80703166935051,3.7037037037037037,13.828502415458937,7.64224369296833,1.0466988727858293,5.897745571658615,0.14761137949543746
247,49.16800858829844,18.733225979602793,3.69699409554482,13.754696725711218,7.595276435856146,1.0466988727858293,5.857487922705314,0.14761137949543746
248,49.3491680085883,18.726516371443907,3.69699409554482,13.7211486849168,7.514761137949543,1.0198604401502953,5.8239398819108965,0.14761137949543746
249,49.584004294149224,18.625872249060656,3.69699409554482,13.694310252281268,7.494632313472893,1.0198604401502953,5.736714975845411,0.14761137949543746
250,48.94659151905529,18.5252281266774,3.69699409554482,14.432367149758454,7.588566827697263,1.0198604401502953,5.642780461621041,0.14761137949543746
251,48.24208266237252,18.156199677938808,4.817498658078368,14.412238325281804,7.575147611379496,1.0198604401502953,5.629361245303274,0.14761137949543746
252,48.38298443370907,18.12265163714439,4.810789049919484,14.371980676328503,7.541599570585078,1.0198604401502953,5.60252281266774,0.14761137949543746
253,48.55072463768116,18.08239398819109,4.810789049919484,14.325013419216317,7.467793880837359,1.0131508319914118,5.60252281266774,0.14761137949543746
254,48.64465915190553,18.04213633923779,4.797369833601718,14.318303811057435,7.440955448201825,1.0064412238325282,5.60252281266774,0.14761137949543746
255,49.040526033279654,17.800590445517983,4.750402576489533,14.2914653784219,7.434245840042942,0.9796027911969941,5.555555555555555,0.14761137949543746
256,49.51690821256039,17.773752012882447,4.690016103059581,14.264626945786366,7.206119162640902,0.966183574879227,5.448201825013419,0.13419216317767044
257,49.684648416532475,17.693236714975846,4.690016103059581,14.224369296833064,7.185990338164252,0.9393451422436929,5.448201825013419,0.13419216317767044
258,49.8389694041868,17.659688674181428,4.669887278582931,14.197530864197532,7.159151905528717,0.9259259259259259,5.434782608695652,0.11406333870101985
259,50.10735373054214,17.639559849704778,4.643048845947397,14.123725174449811,7.078636607622115,0.9259259259259259,5.367686527106817,0.11406333870101985
260,50.20799785292539,17.62614063338701,4.643048845947397,14.096886741814279,7.024959742351046,0.9259259259259259,5.360976918947934,0.11406333870101985
261,50.20799785292539,17.53220611916264,4.62962962962963,14.264626945786366,6.977992485238862,0.9259259259259259,5.347557702630167,0.11406333870101985
262,50.09393451422437,17.753623188405797,4.62962962962963,14.237788513150832,6.937734836285561,0.9259259259259259,5.307300053676865,0.11406333870101985
263,50.10735373054214,17.753623188405797,4.62962962962963,14.237788513150832,6.937734836285561,0.9259259259259259,5.293880837359098,0.11406333870101985
264,50.415995705850776,17.612721417069242,4.62962962962963,14.170692431561998,6.910896403650026,0.9259259259259259,5.22007514761138,0.11406333870101985
265,50.59044551798175,17.60601180891036,4.602791196994096,14.130434782608695,6.890767579173376,0.9259259259259259,5.139559849704777,0.11406333870101985
266,50.067096081588836,17.599302200751477,4.468599033816425,14.922168545356952,6.863929146537842,0.9259259259259259,5.10601180891036,0.04696725711218465
267,50.18786902844874,17.57246376811594,4.468599033816425,14.9020397208803,6.790123456790123,0.9259259259259259,5.10601180891036,0.04696725711218465
268,50.30864197530864,17.57246376811594,4.468599033816425,14.841653247450349,6.763285024154589,0.9259259259259259,5.072463768115942,0.04696725711218465
269,50.58373590982286,17.37788513150832,4.468599033816425,14.814814814814815,6.763285024154589,0.9057971014492754,5.038915727321524,0.04696725711218465
270,50.77831454643049,17.357756307031668,4.468599033816425,14.714170692431562,6.743156199677939,0.8722490606548577,5.018786902844874,0.04696725711218465
271,50.83199141170156,17.351046698872786,4.461889425657541,14.687332259796028,6.729736983360172,0.8722490606548577,5.018786902844874,0.04696725711218465
272,50.87224906065486,17.317498658078367,4.461889425657541,14.680622651637144,6.729736983360172,0.8722490606548577,5.018786902844874,0.04696725711218465
273,50.999731615673646,17.277241009125067,4.455179817498658,14.660493827160494,6.6760601180891035,0.8722490606548577,5.01207729468599,0.04696725711218465
274,51.35534084809447,17.062533548040793,4.455179817498658,14.61352657004831,6.602254428341385,0.8655394524959742,4.998658078368224,0.04696725711218465
275,51.55662909286098,17.008856682769725,4.441760601180891,14.49946323134729,6.582125603864735,0.8655394524959742,4.998658078368224,0.04696725711218465
276,51.70424047235642,16.928341384863124,4.428341384863124,14.445786366076222,6.582125603864735,0.8655394524959742,4.998658078368224,0.04696725711218465
277,51.7914653784219,16.921631776704242,4.428341384863124,14.392109500805153,6.575415995705851,0.8655394524959742,4.978529253891573,0.04696725711218465
278,51.7914653784219,16.861245303274288,4.428341384863124,14.318303811057435,6.575415995705851,0.9997316156736447,4.978529253891573,0.04696725711218465
279,51.88539989264627,16.82769726247987,4.428341384863124,14.278046162104133,6.561996779388084,0.9997316156736447,4.9718196457326895,0.04696725711218465
280,51.97933440687064,16.780730005367687,4.428341384863124,14.251207729468598,6.561996779388084,0.9997316156736447,4.951690821256038,0.04696725711218465
281,51.898819108964034,16.76731078904992,4.428341384863124,14.412238325281804,6.508319914117015,0.9997316156736447,4.938271604938271,0.04696725711218465
282,52.180622651637144,16.67337627482555,4.3478260869565215,14.398819108964037,6.481481481481482,0.9997316156736447,4.871175523349437,0.04696725711218465
283,52.34836285560923,16.418411164787976,4.62962962962963,14.2914653784219,6.421095008051529,0.9997316156736447,4.8443370907139025,0.04696725711218465
284,52.35507246376812,16.418411164787976,4.62962962962963,14.284755770263017,6.421095008051529,0.9997316156736447,4.8443370907139025,0.04696725711218465
285,52.341653247450346,16.27750939345142,4.609500805152979,14.217659688674182,6.407675791733762,0.9997316156736447,5.0993022007514766,0.04696725711218465
286,52.43558776167472,16.23725174449812,4.609500805152979,14.217659688674182,6.400966183574879,0.9997316156736447,5.052334943639291,0.04696725711218465
287,52.73081052066559,16.19699409554482,4.5893719806763285,14.143853998926463,6.253354804079442,0.9997316156736447,5.038915727321524,0.04696725711218465
288,52.77106816961889,16.0829307568438,4.508856682769726,14.06333870101986,6.239935587761675,0.9594739667203436,5.3274288781535155,0.04696725711218465
289,53.03945249597424,16.002415458937197,4.502147074610843,14.036500268384327,6.092324208266238,0.9594739667203436,5.320719269994632,0.04696725711218465
290,53.153515834675254,16.002415458937197,4.488727858293076,14.023081052066559,6.072195383789587,0.9594739667203436,5.253623188405797,0.04696725711218465
291,52.824745034889965,15.881642512077295,4.488727858293076,14.472624798711756,6.072195383789587,0.9594739667203436,5.253623188405797,0.04696725711218465
292,52.965646806226516,15.794417606011809,4.461889425657541,14.459205582393988,6.0654857756307035,0.9594739667203436,5.246913580246914,0.04696725711218465
293,52.99248523886205,15.707192699946322,4.461889425657541,14.51959205582394,6.0654857756307035,0.9594739667203436,5.246913580246914,0.04696725711218465
294,52.74422973698336,15.60654857756307,4.616210413311863,14.472624798711756,6.374127750939345,0.9594739667203436,5.179817498658078,0.04696725711218465
295,52.9723564143854,15.599838969404187,4.616210413311863,14.42565754159957,6.206387546967257,0.9594739667203436,5.173107890499195,0.04696725711218465
296,52.945517981749866,15.573000536768653,4.542404723564144,14.412238325281804,6.353998926462695,0.9594739667203436,5.166398282340311,0.04696725711218465
