,45,50,55,53,51,52,54,57,56,59,58,60,61,62,63,46,47,66,64
0,96.07487922705315,3.911701556629093,0.013419216317767043,,,,,,,,,,,,,,,,
1,94.80005367686528,5.038915727321524,0.14761137949543746,0.013419216317767043,,,,,,,,,,,,,,,
2,90.85480407944176,8.870101986044014,0.17444981213097155,0.013419216317767043,0.07380568974771873,0.013419216317767043,,,,,,,,,,,,,
3,90.41196994095544,9.25925925925926,0.2281266774020397,0.013419216317767043,0.07380568974771873,0.013419216317767043,,,,,,,,,,,,,
4,90.0228126677402,9.601449275362318,0.24825550187869028,0.013419216317767043,0.10064412238325282,0.013419216317767043,,,,,,,,,,,,,
5,89.71417069243157,9.883252818035427,0.24825550187869028,0.013419216317767043,0.1274825550187869,0.013419216317767043,,,,,,,,,,,,,
6,88.62050456253355,10.876274825550189,0.24825550187869028,0.08051529790660225,0.1610305958132045,0.013419216317767043,,,,,,,,,,,,,
7,88.27160493827161,11.225174449812132,0.24825550187869028,0.08051529790660225,0.1610305958132045,0.013419216317767043,,,,,,,,,,,,,
8,87.83548040794417,11.647879763821793,0.2616747181964573,0.08051529790660225,0.1610305958132045,,0.013419216317767043,,,,,,,,,,,,
9,85.95008051529791,13.486312399355878,0.30864197530864196,0.08051529790660225,0.1610305958132045,,0.013419216317767043,,,,,,,,,,,,
10,85.43344068706388,13.955984970477724,0.33548040794417605,0.08051529790660225,0.18115942028985507,,0.013419216317767043,,,,,,,,,,,,
11,83.23939881910897,16.0829307568438,0.3488996242619431,0.08051529790660225,0.18115942028985507,0.013419216317767043,0.05367686527106817,,,,,,,,,,,,
12,79.0727321524423,20.12211486849168,0.35560923242082665,0.08051529790660225,0.3153515834675255,,0.05367686527106817,,,,,,,,,,,,
13,78.4151905528717,20.853462157809982,0.24825550187869028,0.08051529790660225,0.36231884057971014,,0.040257648953301126,,,,,,,,,,,,
14,78.32796564680622,20.9272678475577,0.24825550187869028,0.08051529790660225,0.3757380568974772,,0.040257648953301126,,,,,,,,,,,,
15,65.57971014492753,28.65673644659152,0.35560923242082665,0.6508319914117016,0.3421900161030596,4.341116478797638,0.040257648953301126,0.03354804079441761,,,,,,,,,,,
16,61.9699409554482,31.588835212023618,0.39586688137412773,0.6776704240472357,0.95276435856146,4.320987654320987,0.040257648953301126,0.05367686527106817,,,,,,,,,,,
17,61.64117015566291,31.729736983360173,0.5501878690284487,0.6776704240472357,0.9863123993558777,4.300858829844337,0.040257648953301126,0.07380568974771873,,,,,,,,,,,
18,61.178207192699944,31.696188942565755,0.6239935587761675,0.6776704240472357,1.2681159420289856,4.441760601180891,0.040257648953301126,0.07380568974771873,,,,,,,,,,,
19,60.50053676865271,32.06521739130435,0.9057971014492754,0.6776704240472357,1.2681159420289856,4.441760601180891,0.06709608158883522,0.07380568974771873,,,,,,,,,,,
20,60.30595813204509,30.917874396135264,0.95276435856146,0.6776704240472357,2.4892646269457863,4.51556629092861,0.08722490606548577,0.05367686527106817,,,,,,,,,,,
21,56.74986580783682,34.47396672034353,1.0064412238325282,0.6776704240472357,2.3483628556092326,4.602791196994096,0.08722490606548577,0.05367686527106817,,,,,,,,,,,
22,56.32716049382716,34.77589908749329,1.0399892646269457,0.6776704240472357,2.3617820719269993,4.676596886741814,0.08722490606548577,0.05367686527106817,,,,,,,,,,,
23,55.22678475577026,35.581052066559316,1.1473429951690821,0.7313472893183038,2.428878153515835,4.609500805152979,0.2214170692431562,0.05367686527106817,,,,,,,,,,,
24,53.80434782608695,34.72893183038111,1.2345679012345678,0.7313472893183038,4.575952764358561,4.609500805152979,0.2214170692431562,0.05367686527106817,0.040257648953301126,,,,,,,,,,
25,53.56951154052604,34.11835748792271,1.3217928073000538,0.7045088566827697,4.441760601180891,4.253891572732153,1.261406333870102,0.12077294685990338,0.20799785292538917,,,,,,,,,,
26,53.14009661835749,34.23242082662372,1.4492753623188406,0.7313472893183038,4.622920021470746,4.26731078904992,1.2278582930756843,0.12077294685990338,0.20799785292538917,,,,,,,,,,
27,52.53623188405797,34.715512614063336,1.5029522275899088,0.7313472893183038,4.669887278582931,4.26731078904992,1.2345679012345678,0.12077294685990338,0.2214170692431562,,,,,,,,,,
28,52.02630166398282,35.13150831991412,1.5499194847020934,0.644122383252818,4.636339237788513,4.139828234031133,1.3217928073000538,0.1878690284487386,0.32877079978529256,0.03354804079441761,,,,,,,,,
29,44.900697799248526,42.33762748255502,1.6371443907675791,0.6374127750939346,4.549114331723027,3.992216854535695,1.247987117552335,0.1878690284487386,0.47638217928073,0.03354804079441761,,,,,,,,,
30,44.518250134192165,42.1833064949007,2.1135265700483092,0.7716049382716049,4.575952764358561,3.9855072463768115,1.1272141706924315,0.1878690284487386,0.5032206119162641,0.03354804079441761,,,,,,,,,
31,30.03220611916264,62.184648416532475,1.5432098765432098,0.7716049382716049,1.8451422436929683,2.073268921095008,1.1137949543746646,0.013419216317767043,0.38915727321524424,0.03354804079441761,,,,,,,,,
32,26.90552871712292,57.347020933977454,1.5499194847020934,5.5689747718733225,4.824208266237251,2.059849704777241,1.2681159420289856,0.013419216317767043,0.4294149221685454,0.03354804079441761,,,,,,,,,
33,26.85185185185185,56.98470209339774,1.9390767579173376,5.589103596349974,4.830917874396135,2.059849704777241,1.2681159420289856,0.013419216317767043,0.4294149221685454,0.03354804079441761,,,,,,,,,
34,24.953032742887814,58.66881374127751,2.3886205045625335,5.260332796564681,4.851046698872786,2.0531400966183573,1.2681159420289856,0.013419216317767043,0.4294149221685454,0.03354804079441761,0.08051529790660225,,,,,,,,
35,24.812130971551262,58.44739667203435,2.576489533011272,5.260332796564681,4.918142780461621,2.059849704777241,1.2681159420289856,0.013419216317767043,0.4294149221685454,0.06038647342995169,0.15432098765432098,,,,,,,,
36,24.610842726784757,58.031400966183575,3.2474503488996245,5.287171229200215,4.783950617283951,2.1135265700483092,1.2681159420289856,0.013419216317767043,0.4294149221685454,0.06038647342995169,0.15432098765432098,,,,,,,,
37,23.939881910896403,57.058507783145465,3.066290928609769,5.287171229200215,4.783950617283951,3.844605475040258,1.3620504562533549,0.013419216317767043,0.4294149221685454,0.06038647342995169,0.15432098765432098,,,,,,,,
38,22.208803005904453,58.40713902308105,3.421900161030596,5.3274288781535155,4.757112184648417,3.851315083199141,1.3486312399355878,0.03354804079441761,0.4294149221685454,0.06038647342995169,0.15432098765432098,,,,,,,,
39,22.108158883521202,58.1857219538379,3.7372517444981215,5.3341384863123995,4.74369296833065,3.824476650563607,1.3486312399355878,0.06038647342995169,0.4294149221685454,0.06038647342995169,0.16774020397208803,,,,,,,,
40,21.994095544820183,56.837090713902306,5.159688674181428,5.307300053676865,4.750402576489533,3.8378958668813743,1.3687600644122384,0.06038647342995169,0.4562533548040794,0.06038647342995169,0.16774020397208803,,,,,,,,
41,20.86688137412775,57.39398819108964,5.669618894256575,5.3274288781535155,4.931561996779388,3.6768652710681695,1.3888888888888888,0.06038647342995169,0.4562533548040794,0.06038647342995169,0.16774020397208803,,,,,,,,
42,20.658883521202362,56.816961889425656,5.971551261406334,5.293880837359098,4.911433172302737,4.193505099302201,1.3888888888888888,0.0939345142243693,0.4428341384863124,0.06038647342995169,0.16774020397208803,,,,,,,,
43,20.544820182501343,56.427804616210416,6.380837359098229,5.199946323134729,4.8376274825550185,4.193505099302201,1.42914653784219,0.13419216317767044,0.5166398282340311,0.06038647342995169,0.27509393451422437,,,,,,,,
44,20.40391841116479,56.13258185721954,6.736446591519055,5.072463768115942,4.777241009125067,4.2203435319377345,1.6170155662909287,0.13419216317767044,0.5166398282340311,0.06038647342995169,0.32877079978529256,,,,,,,,
45,20.263016639828233,55.96484165324745,6.816961889425658,5.0791733762748255,4.5960815888352125,4.575952764358561,1.6505636070853462,0.13419216317767044,0.5166398282340311,0.07380568974771873,0.32877079978529256,,,,,,,,
46,20.189210950080515,55.3743961352657,6.6760601180891035,4.9651100375738055,4.4753086419753085,4.797369833601718,2.281266774020397,0.28180354267310787,0.5166398282340311,0.10064412238325282,0.32877079978529256,0.013419216317767043,,,,,,,
47,19.87385936661299,55.05904455179817,6.535158346752549,4.951690821256038,4.361245303274289,5.542136339237788,2.408749329039184,0.28180354267310787,0.5434782608695652,0.10064412238325282,0.32877079978529256,0.013419216317767043,,,,,,,
48,19.632313472893184,54.95840042941492,6.843800322061192,4.951690821256038,4.40150295222759,5.401234567901234,2.5429414922168547,0.28180354267310787,0.5434782608695652,0.10064412238325282,0.32877079978529256,0.013419216317767043,,,,,,,
49,18.632581857219538,55.662909286097694,7.018250134192163,4.884594739667204,4.40150295222759,5.387815351583468,2.717391304347826,0.28180354267310787,0.5300590445517982,0.10064412238325282,0.36902844873859364,0.013419216317767043,,,,,,,
50,18.471551261406333,55.52871712292002,7.300053676865271,4.884594739667204,4.388083735909823,5.340848094471283,2.623456790123457,0.35560923242082665,0.5300590445517982,0.19457863660762212,0.36902844873859364,0.013419216317767043,,,,,,,
51,18.149490069779926,55.30059044551798,7.628824476650563,4.904723564143854,4.3478260869565215,5.475040257648954,2.6637144390767578,0.35560923242082665,0.5971551261406334,0.19457863660762212,0.36902844873859364,0.013419216317767043,,,,,,,
52,17.538915727321523,55.60252281266774,8.179012345679013,4.99194847020934,4.26731078904992,5.273752012882448,2.6637144390767578,0.36902844873859364,0.5099302200751477,0.19457863660762212,0.36902844873859364,0.040257648953301126,,,,,,,
53,17.498658078368223,53.54938271604938,7.62211486849168,3.1199677938808374,5.199946323134729,7.232957595276436,4.696725711218465,0.2952227589908749,0.4428341384863124,0.1878690284487386,0.11406333870101985,0.040257648953301126,,,,,,,
54,17.458400429414922,52.73081052066559,8.179012345679013,4.414922168545357,5.193236714975845,7.246376811594203,3.6768652710681695,0.2952227589908749,0.46296296296296297,0.1878690284487386,0.11406333870101985,0.040257648953301126,,,,,,,
55,17.37788513150832,52.254428341384866,8.400429414922169,4.42163177670424,5.844068706387547,6.937734836285561,3.6768652710681695,0.28180354267310787,0.46296296296296297,0.1878690284487386,0.11406333870101985,0.040257648953301126,,,,,,,
56,17.21014492753623,51.71765968867418,9.01100375738057,4.320987654320987,5.897745571658615,6.890767579173376,3.7238325281803544,0.2549651100375738,0.5904455179817498,0.2147074610842727,0.1274825550187869,0.040257648953301126,,,,,,,
57,17.136339237788512,51.321792807300056,9.27938808373591,4.019055287171229,5.83064949006978,7.098765432098766,3.7909286097691894,0.5501878690284487,0.5904455179817498,0.2147074610842727,0.1274825550187869,0.040257648953301126,,,,,,,
58,16.928341384863124,49.993290391841114,10.305958132045088,4.562533548040794,5.797101449275362,7.004830917874396,3.7238325281803544,0.5367686527106817,0.7313472893183038,0.2147074610842727,0.1274825550187869,0.07380568974771873,,,,,,,
59,16.6935050993022,50.26167471819646,10.359634997316157,4.622920021470746,5.723295759527644,6.944444444444445,3.670155662909286,0.5904455179817498,0.7179280730005367,0.2147074610842727,0.1274825550187869,0.07380568974771873,,,,,,,
60,16.5727321524423,49.013687600644126,10.621309715512615,4.448470209339774,5.71658615136876,7.930756843800322,3.992216854535695,0.5367686527106817,0.6910896403650026,0.2147074610842727,0.13419216317767044,0.1274825550187869,,,,,,,
61,16.391572732152444,46.91358024691358,12.681159420289855,4.522275899087493,5.71658615136876,8.071658615136876,3.938539989264627,0.5568974771873323,0.7045088566827697,0.2147074610842727,0.13419216317767044,0.15432098765432098,,,,,,,
62,16.297638217928075,46.866612989801396,12.754965110037574,4.4820182501341925,5.6964573268921095,8.071658615136876,3.92512077294686,0.5568974771873323,0.7783145464304885,0.2549651100375738,0.13419216317767044,0.18115942028985507,,,,,,,
63,16.297638217928075,46.68545356951154,12.74825550187869,4.4820182501341925,5.683038110574342,8.07836822329576,4.045893719806763,0.6038647342995169,0.7783145464304885,0.2549651100375738,0.13419216317767044,0.20799785292538917,,,,,,,
64,15.573000536768653,46.01449275362319,13.20450885668277,4.609500805152979,6.877348362855609,7.62211486849168,3.978797638217928,0.7045088566827697,0.7783145464304885,0.2549651100375738,0.14761137949543746,0.23483628556092323,,,,,,,
65,15.49248523886205,45.779656468062264,13.18438003220612,4.723564143853999,6.89747718733226,7.058507783145465,4.703435319377348,0.7917337627482555,0.644122383252818,0.2549651100375738,0.23483628556092323,0.23483628556092323,,,,,,,
66,15.5126140633387,45.48443370907139,13.144122383252817,4.750402576489533,6.89747718733226,7.058507783145465,5.032206119162641,0.7581857219538379,0.644122383252818,0.2549651100375738,0.23483628556092323,0.2281266774020397,,,,,,,
67,15.485775630703166,45.18250134192163,13.003220611916264,4.750402576489533,6.91760601180891,7.058507783145465,5.374396135265701,0.8722490606548577,0.6374127750939346,0.2549651100375738,0.23483628556092323,0.2281266774020397,,,,,,,
68,15.445517981749866,45.03488996242619,13.063607085346217,4.7638217928073,6.890767579173376,6.977992485238862,5.401234567901234,0.9863123993558777,0.6374127750939346,0.2549651100375738,0.3153515834675255,0.2281266774020397,,,,,,,
69,15.365002683843263,44.95437466451959,13.137412775093935,4.777241009125067,6.89747718733226,7.011540526033279,5.367686527106817,0.9863123993558777,0.7045088566827697,0.2549651100375738,0.3153515834675255,0.2281266774020397,,,,,,,
70,15.391841116478798,44.618894256575416,13.123993558776167,4.777241009125067,6.884057971014493,6.998121309715513,5.683038110574342,0.9594739667203436,0.7045088566827697,0.30193236714975846,0.3153515834675255,0.24154589371980675,,,,,,,
71,15.271068169618895,44.39747718733226,13.271604938271604,4.7638217928073,6.884057971014493,7.179280730005368,5.642780461621041,0.9997316156736447,0.7045088566827697,0.30193236714975846,0.3153515834675255,0.2683843263553409,,,,,,,
72,15.183843263553408,43.203166935050994,13.18438003220612,4.441760601180891,6.837090713902308,7.132313472893183,7.367149758454106,0.9460547504025765,0.7783145464304885,0.30193236714975846,0.35560923242082665,0.2683843263553409,,,,,,,
73,14.579978529253891,43.565485775630705,13.01663982823403,4.441760601180891,6.78341384863124,7.763016639828234,7.14573268921095,0.8990874932903918,0.8722490606548577,0.30193236714975846,0.35560923242082665,0.27509393451422437,,,,,,,
74,14.566559312936125,43.41787439613527,12.95625335480408,4.528985507246377,6.749865807836822,7.7898550724637685,7.14573268921095,0.8990874932903918,0.9863123993558777,0.30193236714975846,0.35560923242082665,0.30193236714975846,,,,,,,
75,14.600107353730541,43.27697262479871,13.009930220075148,4.616210413311863,6.535158346752549,7.763016639828234,7.219538378958669,0.9796027911969941,1.0131508319914118,0.30193236714975846,0.3824476650563607,0.30193236714975846,,,,,,,
76,14.579978529253891,42.72678475577026,13.385668276972625,4.562533548040794,6.515029522275899,8.299785292538916,6.937734836285561,0.9057971014492754,1.0399892646269457,0.2616747181964573,0.46967257112184646,0.3153515834675255,,,,,,,
77,14.398819108964037,42.3040794417606,13.177670424047236,5.709876543209877,6.353998926462695,8.185721953837897,6.843800322061192,0.9594739667203436,0.9997316156736447,0.2616747181964573,0.48980139559849706,0.3153515834675255,,,,,,,
78,14.076757917337627,42.16317767042405,13.157541599570585,5.8172302737520125,6.333870101986044,8.32662372517445,7.078636607622115,0.9594739667203436,1.0198604401502953,0.2616747181964573,0.48980139559849706,0.3153515834675255,,,,,,,
79,13.841921631776705,40.86151368760064,14.204240472356414,5.844068706387547,6.300322061191626,8.393719806763285,7.494632313472893,0.9460547504025765,1.0466988727858293,0.2616747181964573,0.48980139559849706,0.3153515834675255,,,,,,,
80,13.20450885668277,39.26462694578637,14.445786366076222,5.810520665593129,8.68894256575416,8.259527643585615,7.139023081052066,0.9796027911969941,1.093666129898014,0.2616747181964573,0.48980139559849706,0.36231884057971014,,,,,,,
81,12.915995705850777,39.130434782608695,14.533011272141707,5.83064949006978,8.59500805152979,8.179012345679013,7.39398819108964,1.0332796564680622,1.221148684916801,0.2616747181964573,0.48980139559849706,0.41599570585077833,,,,,,,
82,12.909286097691895,38.909017713365536,14.42565754159957,6.266774020397209,8.59500805152979,7.877079978529254,7.615405260332796,0.9796027911969941,1.221148684916801,0.2616747181964573,0.5233494363929146,0.41599570585077833,,,,,,,
83,12.13768115942029,41.30434782608695,14.65378421900161,6.031937734836285,6.66935050993022,7.709339774557166,8.132045088566828,0.9863123993558777,1.1540526033279657,0.2616747181964573,0.5434782608695652,0.41599570585077833,,,,,,,
84,12.130971551261407,41.015834675254965,14.922168545356952,6.179549114331723,6.66935050993022,7.588566827697263,8.185721953837897,1.0198604401502953,1.0735373054213635,0.2616747181964573,0.5367686527106817,0.41599570585077833,,,,,,,
85,12.084004294149223,39.734299516908216,14.184111647879764,6.199677938808374,8.641975308641975,6.3137412775093935,9.681964573268921,0.8387010198604401,1.0869565217391304,0.24154589371980675,0.5367686527106817,0.4562533548040794,,,,,,,
86,11.889425657541599,39.351851851851855,14.546430488459475,6.1862587224906065,8.829844337090714,6.327160493827161,9.574610842726784,0.8051529790660226,1.2412775093934514,0.24154589371980675,0.5501878690284487,0.4562533548040794,,,,,,,
87,11.735104669887278,39.31830381105743,14.392109500805153,6.333870101986044,8.829844337090714,6.447933440687064,9.561191626409018,0.8252818035426731,1.3486312399355878,0.24154589371980675,0.5166398282340311,0.4495437466451959,,,,,,,
88,11.75523349436393,39.15727321524423,14.620236178207193,6.474771873322598,8.413848631239935,6.501610305958132,9.46725711218465,0.9259259259259259,1.4694041867954912,0.2683843263553409,0.49651100375738055,0.4495437466451959,,,,,,,
89,11.761943102522812,38.94927536231884,14.53972088030059,6.414385399892646,8.447396672034353,6.481481481481482,9.695383789586689,0.9460547504025765,1.5096618357487923,0.2683843263553409,0.5367686527106817,0.4495437466451959,,,,,,,
90,11.721685453569512,38.62721417069243,14.51959205582394,6.528448738593666,8.420558239398819,6.515029522275899,9.836285560923242,0.9460547504025765,1.7310789049919484,0.2683843263553409,0.39586688137412773,0.48980139559849706,,,,,,,
91,11.258722490606548,36.38620504562534,15.411969940955448,7.071926999463232,8.467525496511003,7.950885668276973,9.614868491680086,0.9460547504025765,1.7444981213097155,0.2683843263553409,0.38915727321524424,0.48980139559849706,,,,,,,
92,11.238593666129898,36.32581857219538,15.438808373590982,7.125603864734299,8.36688137412775,7.85024154589372,9.614868491680086,0.9460547504025765,1.9726247987117553,0.2683843263553409,0.36231884057971014,0.48980139559849706,,,,,,,
93,11.037305421363392,36.15807836822329,15.45222758990875,6.380837359098229,9.588030059044552,7.883789586688137,9.46725711218465,0.9460547504025765,1.9524959742351047,0.30193236714975846,0.3421900161030596,0.48980139559849706,,,,,,,
94,11.023886205045626,36.10440150295223,15.505904455179817,6.380837359098229,9.588030059044552,7.971014492753623,9.440418679549115,0.9192163177670424,1.9189479334406871,0.30193236714975846,0.3421900161030596,0.5032206119162641,,,,,,,
95,10.943370907139023,35.889694041867955,15.405260332796564,6.394256575415996,9.473966720343531,8.07836822329576,9.621578099838969,0.95276435856146,2.0263016639828235,0.36902844873859364,0.36902844873859364,0.47638217928073,,,,,,,
96,10.903113258185721,35.55421363392378,15.640096618357488,6.3070316693505095,9.668545356951155,7.98443370907139,9.561191626409018,0.9863123993558777,2.086688137412775,0.36902844873859364,0.36231884057971014,0.5770263016639828,,,,,,,
97,10.856146001073537,35.13150831991412,13.399087493290391,9.98389694041868,9.312936124530328,7.729468599033816,9.31964573268921,0.9393451422436929,2.059849704777241,0.39586688137412773,0.39586688137412773,0.47638217928073,,,,,,,
98,10.681696188942565,35.08454106280193,13.399087493290391,9.943639291465379,9.453837895866881,7.675791733762749,9.41358024691358,1.0064412238325282,2.059849704777241,0.39586688137412773,0.39586688137412773,0.48980139559849706,,,,,,,
99,10.628019323671497,34.23913043478261,13.191089640365004,12.198067632850242,9.426999463231347,7.601986044015029,8.353462157809984,1.1003757380568975,1.9592055823939882,0.36902844873859364,0.4428341384863124,0.48980139559849706,,,,,,,
100,10.547504025764896,33.9170692431562,13.197799248523886,12.084004294149223,9.534353193773484,7.440955448201825,8.648684916800859,1.1003757380568975,1.9726247987117553,0.36902844873859364,0.6977992485238862,0.48980139559849706,,,,,,,
101,10.587761674718196,32.21953837895867,14.895330112721417,11.956521739130435,9.520933977455716,7.4141170155662905,8.742619431025227,1.107085346215781,1.9592055823939882,0.38915727321524424,0.7179280730005367,0.48980139559849706,,,,,,,
102,10.48040794417606,32.07192699946323,15.116747181964573,11.916264090177133,9.50751476113795,7.071926999463232,8.910359634997317,1.2010198604401503,2.0933977455716586,0.4227053140096618,0.7179280730005367,0.48980139559849706,,,,,,,
103,10.352925389157273,31.904186795491142,15.35829307568438,12.02361782071927,9.326355340848094,7.085346215780999,9.084809447128288,1.107085346215781,2.0933977455716586,0.43612453032742887,0.7514761137949544,0.47638217928073,,,,,,,
104,10.332796564680622,31.5955448201825,15.217391304347826,11.701556629092861,9.078099838969404,6.863929146537842,10.319377348362856,1.3486312399355878,1.8451422436929683,0.47638217928073,0.7179280730005367,0.5032206119162641,,,,,,,
105,10.312667740203972,31.528448738593667,15.351583467525497,11.634460547504025,9.017713365539452,6.723027375201288,10.433440687063875,1.3486312399355878,1.932367149758454,0.47638217928073,0.7380568974771873,0.5032206119162641,,,,,,,
106,10.305958132045088,31.17283950617284,15.425389157273216,11.003757380568974,8.896940418679549,7.548309178743962,10.661567364465915,1.3486312399355878,2.1068169618894257,0.4227053140096618,0.6038647342995169,0.5032206119162641,,,,,,,
107,8.702361782071927,54.26731078904992,10.158346752549651,6.608964036500268,4.696725711218465,6.421095008051529,6.333870101986044,0.630703166935051,1.3486312399355878,0.1878690284487386,0.33548040794417605,0.30864197530864196,,,,,,,
108,8.729200214707461,53.79092860976919,10.567632850241546,6.5485775630703165,4.696725711218465,6.414385399892646,6.360708534621578,0.7514761137949544,1.3083735909822867,0.1878690284487386,0.33548040794417605,0.30864197530864196,,,,,,,
109,8.447396672034353,53.475577026301664,10.61460010735373,6.273483628556092,4.790660225442834,7.219538378958669,6.421095008051529,0.7648953301127214,1.2077294685990339,0.1878690284487386,0.2885131508319914,0.30864197530864196,,,,,,,
110,8.454106280193237,52.844873859366615,10.976918947933441,6.394256575415996,4.817498658078368,7.14573268921095,6.468062265163715,0.8387010198604401,1.221148684916801,0.1878690284487386,0.3153515834675255,0.33548040794417605,,,,,,,
111,8.454106280193237,52.65700483091788,11.104401502952227,6.300322061191626,4.8443370907139025,7.232957595276436,6.468062265163715,0.8655394524959742,1.221148684916801,0.1878690284487386,0.3153515834675255,0.33548040794417605,0.013419216317767043,,,,,,
112,8.427267847557703,52.37520128824477,11.3191089640365,6.3070316693505095,4.8443370907139025,7.246376811594203,6.615673644659152,0.8722490606548577,1.1473429951690821,0.17444981213097155,0.322061191626409,0.33548040794417605,0.013419216317767043,,,,,,
113,8.447396672034353,51.952495974235106,11.60762211486849,6.394256575415996,4.817498658078368,7.239667203435319,6.662640901771336,0.8722490606548577,1.1741814278046163,0.17444981213097155,0.30864197530864196,0.33548040794417605,0.013419216317767043,,,,,,
114,8.454106280193237,51.207729468599034,12.27187332259796,6.360708534621578,4.817498658078368,7.226247987117552,6.6827697262479875,0.8722490606548577,1.1943102522812667,0.18115942028985507,0.3488996242619431,0.36902844873859364,0.013419216317767043,,,,,,
115,8.440687063875469,50.986312399355874,12.224906065485776,6.387546967257112,4.817498658078368,7.266505636070853,6.702898550724638,0.8655394524959742,1.3016639828234031,0.18115942028985507,0.3488996242619431,0.46296296296296297,0.013419216317767043,,,,,,
116,8.225979602791197,50.4495437466452,12.72812667740204,6.4345142243692965,5.059044551798175,7.206119162640902,6.602254428341385,0.9057971014492754,1.3821792807300053,0.18115942028985507,0.3488996242619431,0.46296296296296297,0.013419216317767043,,,,,,
117,8.152173913043478,50.033548040794415,13.130703166935051,6.387546967257112,5.152979066022544,7.159151905528717,6.629092860976919,0.9057971014492754,1.4090177133655395,0.18115942028985507,0.3488996242619431,0.49651100375738055,0.013419216317767043,,,,,,
118,8.07836822329576,49.932903918411164,13.22463768115942,6.421095008051529,5.10601180891036,7.212828770799785,6.635802469135802,0.9057971014492754,1.3888888888888888,0.19457863660762212,0.3488996242619431,0.5367686527106817,0.013419216317767043,,,,,,
119,8.064949006977992,49.81213097155126,13.33870101986044,6.414385399892646,5.025496511003757,7.206119162640902,6.635802469135802,0.9057971014492754,1.4694041867954912,0.20799785292538917,0.3488996242619431,0.5233494363929146,0.04696725711218465,,,,,,
120,7.628824476650563,51.55662909286098,12.969672571121846,5.911164787976382,4.74369296833065,6.984702093397746,6.716317767042405,1.0131508319914118,1.3955984970477724,0.20799785292538917,0.30193236714975846,0.5233494363929146,0.04696725711218465,,,,,,
121,7.581857219538379,49.966451959205585,12.654320987654321,5.730005367686527,4.736983360171766,6.89747718733226,8.950617283950617,1.0265700483091786,1.4090177133655395,0.17444981213097155,0.30193236714975846,0.5233494363929146,0.04696725711218465,,,,,,
122,7.575147611379496,49.5504562533548,13.009930220075148,5.736714975845411,4.730273752012883,6.877348362855609,8.950617283950617,1.0601180891035964,1.4358561460010735,0.20128824476650564,0.30193236714975846,0.5233494363929146,0.04696725711218465,,,,,,
123,7.5348899624261945,49.040526033279654,13.258185721953838,6.206387546967257,4.5893719806763285,6.823671497584541,8.890230810520666,1.0601180891035964,1.5163714439076759,0.20128824476650564,0.30864197530864196,0.5233494363929146,0.04696725711218465,,,,,,
124,7.501341921631776,48.87278582930757,13.238056897477188,6.213097155126141,4.74369296833065,6.763285024154589,8.789586688137414,1.0601180891035964,1.5499194847020934,0.3421900161030596,0.3421900161030596,0.5367686527106817,0.04696725711218465,,,,,,
125,7.253086419753086,47.034353193773484,13.94927536231884,7.648953301127214,4.74369296833065,6.716317767042405,8.742619431025227,1.0869565217391304,1.596886741814278,0.35560923242082665,0.3421900161030596,0.5099302200751477,0.020128824476650563,,,,,,
126,7.199409554482019,46.66532474503489,14.103596349973161,7.541599570585078,5.24020397208803,6.608964036500268,8.729200214707461,1.1137949543746646,1.596886741814278,0.35560923242082665,0.3421900161030596,0.4830917874396135,0.020128824476650563,,,,,,
127,7.226247987117552,46.262748255501876,14.338432635534085,7.722758990874933,5.24020397208803,6.541867954911433,8.816425120772946,1.107085346215781,1.596886741814278,0.36902844873859364,0.2952227589908749,0.46296296296296297,0.020128824476650563,,,,,,
128,7.004830917874396,45.799785292538914,14.720880300590446,7.440955448201825,4.51556629092861,8.11862587224906,8.61513687600644,1.107085346215781,1.5230810520665594,0.36902844873859364,0.32877079978529256,0.43612453032742887,0.020128824476650563,,,,,,
129,6.971282877079979,45.450885668276975,15.049651100375739,7.481213097155126,4.488727858293076,7.87037037037037,8.876811594202898,1.0869565217391304,1.5432098765432098,0.3824476650563607,0.3421900161030596,0.43612453032742887,0.020128824476650563,,,,,,
130,6.863929146537842,44.47128287707998,14.908749329039184,7.494632313472893,4.461889425657541,9.05126140633387,8.977455716586151,0.9259259259259259,1.6706924315619969,0.3824476650563607,0.33548040794417605,0.43612453032742887,0.020128824476650563,,,,,,
131,6.863929146537842,44.155931293612454,15.063070316693505,7.501341921631776,4.441760601180891,9.064680622651638,9.024422973698336,0.9259259259259259,1.6975308641975309,0.4428341384863124,0.36231884057971014,0.43612453032742887,0.020128824476650563,,,,,,
132,6.843800322061192,43.853998926462694,15.411969940955448,7.501341921631776,4.441760601180891,9.004294149221685,9.037842190016104,0.9728931830381106,1.6975308641975309,0.4428341384863124,0.36231884057971014,0.4092860976918948,0.020128824476650563,,,,,,
133,6.790123456790123,43.43800322061192,15.566290928609769,9.111647879763822,4.428341384863124,9.084809447128288,7.601986044015029,1.0466988727858293,1.7713365539452497,0.4294149221685454,0.3488996242619431,0.36231884057971014,0.020128824476650563,,,,,,
134,6.8035426731078905,43.23671497584541,15.713902308105206,9.017713365539452,4.448470209339774,9.16532474503489,7.494632313472893,1.1540526033279657,1.7579173376274826,0.4294149221685454,0.39586688137412773,0.36231884057971014,0.020128824476650563,,,,,,
135,6.790123456790123,42.99516908212561,15.646806226516372,8.849973161567364,4.448470209339774,9.453837895866881,7.50805152979066,1.1205045625335481,1.892109500805153,0.4025764895330113,0.36902844873859364,0.5032206119162641,0.020128824476650563,,,,,,
136,6.642512077294686,41.56602254428341,15.901771336553946,8.863392377885132,5.515297906602254,9.353193773483628,7.843531937734836,1.1205045625335481,1.8719806763285025,0.4294149221685454,0.36902844873859364,0.5032206119162641,0.020128824476650563,,,,,,
137,6.649221685453569,41.23054213633924,16.076221148684915,8.84326355340848,5.676328502415459,9.312936124530328,7.816693505099302,1.2010198604401503,1.8719806763285025,0.4294149221685454,0.36902844873859364,0.5032206119162641,0.020128824476650563,,,,,,
138,6.66935050993022,40.98899624261943,16.203703703703702,8.776167471819646,5.662909286097692,9.212292002147075,8.011272141706923,1.2010198604401503,1.9524959742351047,0.4294149221685454,0.36902844873859364,0.5032206119162641,0.020128824476650563,,,,,,
139,6.642512077294686,40.72061191626409,16.264090177133657,8.809715512614064,5.683038110574342,9.400161030595813,7.9039184111647875,1.247987117552335,1.9524959742351047,0.46967257112184646,0.36902844873859364,0.5166398282340311,0.020128824476650563,,,,,,
140,6.561996779388084,40.53274288781535,16.297638217928075,8.219269994632313,6.447933440687064,9.380032206119163,7.971014492753623,1.1808910359634996,1.9524959742351047,0.46967257112184646,0.43612453032742887,0.5300590445517982,0.020128824476650563,,,,,,
141,6.515029522275899,40.23081052066559,16.264090177133657,8.272946859903382,6.622383252818035,9.326355340848094,8.011272141706923,1.2144390767579174,2.120236178207193,0.4294149221685454,0.4428341384863124,0.5300590445517982,0.020128824476650563,,,,,,
142,6.468062265163715,37.446323134728935,19.048577563070317,8.299785292538916,6.6827697262479875,9.312936124530328,7.971014492753623,1.2278582930756843,2.120236178207193,0.4294149221685454,0.4428341384863124,0.5300590445517982,0.020128824476650563,,,,,,
143,5.709876543209877,46.826355340848096,18.263553408480945,7.716049382716049,3.2742887815351582,6.582125603864735,6.971282877079979,1.1808910359634996,2.0128824476650564,0.4830917874396135,0.4294149221685454,0.5300590445517982,0.020128824476650563,,,,,,
144,5.703166935050993,46.60493827160494,18.23671497584541,7.716049382716049,3.2742887815351582,6.629092860976919,6.635802469135802,1.1808910359634996,2.0397208803005906,0.966183574879227,0.46296296296296297,0.5300590445517982,0.020128824476650563,,,,,,
145,5.71658615136876,46.175523349436396,18.46484165324745,7.615405260332796,3.2742887815351582,6.635802469135802,6.642512077294686,1.2077294685990339,2.120236178207193,0.9460547504025765,0.5166398282340311,0.6642512077294686,0.020128824476650563,,,,,,
146,5.676328502415459,45.57836822329576,18.95464304884595,7.62211486849168,3.844605475040258,6.635802469135802,6.655931293612453,1.2345679012345678,1.6639828234031133,0.9192163177670424,0.5300590445517982,0.6642512077294686,0.020128824476650563,,,,,,
147,5.689747718733226,45.491143317230275,18.95464304884595,7.6623725174449815,3.844605475040258,6.66935050993022,6.830381105743425,1.2144390767579174,1.5633387010198605,0.8722490606548577,0.5300590445517982,0.6575415995705851,0.020128824476650563,,,,,,
148,5.642780461621041,43.96806226516372,20.46430488459474,7.62211486849168,4.05931293612453,6.702898550724638,6.709608158883521,1.2412775093934514,1.5432098765432098,0.8655394524959742,0.5032206119162641,0.6575415995705851,0.020128824476650563,,,,,,
149,5.555555555555555,43.68625872249061,20.605206655931294,7.541599570585078,4.045893719806763,6.6827697262479875,6.944444444444445,1.2010198604401503,1.5633387010198605,0.9460547504025765,0.5434782608695652,0.6642512077294686,0.020128824476650563,,,,,,
150,5.12614063338701,43.022007514761135,20.477724100912507,7.494632313472893,5.743424584004294,6.078904991948471,6.884057971014493,1.3352120236178207,1.5901771336553945,0.9728931830381106,0.5770263016639828,0.6642512077294686,0.03354804079441761,,,,,,
151,5.132850241545894,43.07568438003221,20.591787439613526,7.454374664519592,5.642780461621041,5.897745571658615,6.723027375201288,1.3754696725711217,1.932367149758454,0.8655394524959742,0.6105743424584005,0.6642512077294686,0.03354804079441761,,,,,,
152,5.112721417069243,40.89506172839506,22.21551261406334,7.474503488996243,5.609232420826624,5.877616747181965,7.098765432098766,1.4224369296833066,1.9726247987117553,0.9057971014492754,0.6105743424584005,0.7447665056360708,0.06038647342995169,,,,,,
153,4.951690821256038,40.23081052066559,22.322866344605476,7.467793880837359,6.119162640901771,5.891035963499732,7.139023081052066,1.5163714439076759,2.0933977455716586,0.9057971014492754,0.5434782608695652,0.7581857219538379,0.06038647342995169,,,,,,
154,4.978529253891573,39.84836285560923,22.262479871175522,7.816693505099302,6.112453032742888,5.884326355340848,7.2933440687063875,1.5029522275899088,2.0531400966183573,0.9057971014492754,0.5434782608695652,0.6843800322061192,0.11406333870101985,,,,,,
155,4.998658078368224,39.472624798711756,22.41009125067096,8.004562533548041,6.005099302200751,5.870907139023081,7.4006977992485234,1.5230810520665594,2.0531400966183573,0.8923778851315083,0.5434782608695652,0.6843800322061192,0.11406333870101985,0.026838432635534086,,,,,
156,4.911433172302737,38.425925925925924,21.088298443370906,7.997852925389157,5.978260869565218,5.58239398819109,10.279119699409554,1.415727321524423,2.033011272141707,0.9326355340848095,0.5568974771873323,0.6843800322061192,0.08722490606548577,0.026838432635534086,,,,,
157,4.931561996779388,38.25147611379496,21.081588835212024,7.977724100912507,5.891035963499732,5.5689747718733225,10.547504025764896,1.402308105206656,1.9592055823939882,0.9863123993558777,0.5568974771873323,0.6843800322061192,0.11406333870101985,0.026838432635534086,0.020128824476650563,,,,
158,4.958400429414922,37.754965110037574,21.32313472893183,8.05823939881911,5.891035963499732,5.542136339237788,10.701825013419215,1.402308105206656,1.9927536231884058,0.9728931830381106,0.5568974771873323,0.7112184648416533,0.08722490606548577,0.026838432635534086,0.020128824476650563,,,,
159,4.703435319377348,37.815351583467525,20.67230273752013,7.769726247987117,6.642512077294686,5.763553408480945,10.57434245840043,1.415727321524423,1.9189479334406871,1.0534084809447128,0.7716049382716049,0.7648953301127214,0.08722490606548577,0.026838432635534086,0.020128824476650563,,,,
160,4.690016103059581,36.500268384326354,19.290123456790123,7.695920558239399,6.6827697262479875,5.736714975845411,13.211218464841654,1.6371443907675791,1.892109500805153,1.1003757380568975,0.7716049382716049,0.7246376811594203,0.020128824476650563,0.026838432635534086,0.020128824476650563,,,,
161,4.663177670424047,35.265700483091784,20.50456253354804,7.675791733762749,6.642512077294686,5.736714975845411,13.150831991411701,1.6371443907675791,1.9390767579173376,1.1406333870101986,0.8521202361782072,0.7246376811594203,0.020128824476650563,0.026838432635534086,0.020128824476650563,,,,
162,4.51556629092861,34.44041867954911,20.719269994632313,7.823403113258186,6.951154052603328,6.112453032742888,13.117283950617283,1.6035963499731616,1.932367149758454,1.1607622114868492,0.8319914117015567,0.7246376811594203,0.020128824476650563,0.026838432635534086,0.020128824476650563,,,,
163,4.4820182501341925,33.823134728931834,20.578368223295758,7.635534084809447,6.904186795491143,6.870638754696726,13.170960815888352,1.8048845947396672,1.9524959742351047,1.1607622114868492,0.8319914117015567,0.7179280730005367,0.020128824476650563,0.026838432635534086,0.020128824476650563,,,,
164,4.4753086419753085,33.3870101986044,20.8064949006978,7.763016639828234,6.904186795491143,6.863929146537842,13.177670424047236,1.8183038110574343,2.006172839506173,1.1473429951690821,0.8319914117015567,0.7179280730005367,0.05367686527106817,0.026838432635534086,0.020128824476650563,,,,
165,4.448470209339774,33.03811057434246,20.933977455716587,7.702630166398282,6.870638754696726,6.863929146537842,13.513150831991412,1.7914653784219001,2.0665593129361244,1.1473429951690821,0.798443370907139,0.7179280730005367,0.06038647342995169,0.026838432635534086,0.020128824476650563,,,,
166,4.4820182501341925,32.98443370907139,20.78636607622115,7.823403113258186,6.763285024154589,6.877348362855609,13.58695652173913,1.7914653784219001,2.13365539452496,1.1473429951690821,0.798443370907139,0.7179280730005367,0.06038647342995169,0.026838432635534086,0.020128824476650563,,,,
167,4.502147074610843,32.66237251744498,21.054750402576488,7.796564680622652,6.736446591519055,6.904186795491143,13.58695652173913,1.7914653784219001,2.1604938271604937,1.1876006441223832,0.798443370907139,0.7112184648416533,0.06038647342995169,0.026838432635534086,0.020128824476650563,,,,
168,4.40150295222759,32.44095544820183,21.135265700483092,8.132045088566828,6.535158346752549,6.957863660762212,13.580246913580247,1.7042404723564144,2.2074610842726785,1.2412775093934514,0.8319914117015567,0.7246376811594203,0.06038647342995169,0.026838432635534086,0.020128824476650563,,,,
169,4.40150295222759,32.25308641975309,21.07487922705314,8.11862587224906,6.528448738593666,6.89747718733226,13.79495437466452,1.7042404723564144,2.314814814814815,1.2412775093934514,0.8387010198604401,0.7246376811594203,0.06038647342995169,0.026838432635534086,0.020128824476650563,,,,
170,4.408212560386473,31.696188942565755,20.947396672034355,8.360171765968868,6.528448738593666,6.850509930220075,13.499731615673644,1.6774020397208802,3.3145464304884595,1.0534084809447128,0.8319914117015567,0.7246376811594203,0.06038647342995169,0.026838432635534086,0.020128824476650563,,,,
171,4.394793344068707,30.293880837359097,22.020933977455716,8.111916264090176,6.541867954911433,6.830381105743425,13.848631239935587,1.6639828234031133,3.5426731078904994,1.0466988727858293,0.8722490606548577,0.7246376811594203,0.06038647342995169,0.026838432635534086,0.020128824476650563,,,,
172,4.334406870638754,29.045893719806763,23.067632850241544,7.830112721417069,6.716317767042405,7.763016639828234,13.372249060654857,1.596886741814278,3.4017713365539453,1.1876006441223832,0.7783145464304885,0.7246376811594203,0.13419216317767044,0.026838432635534086,0.020128824476650563,,,,
173,4.3478260869565215,28.79092860976919,23.161567364465917,7.856951154052603,6.810252281266774,7.6556629092860975,13.298443370907139,1.737788513150832,3.388352120236178,1.1876006441223832,0.7917337627482555,0.7917337627482555,0.13419216317767044,0.026838432635534086,0.020128824476650563,,,,
174,4.3545356951154055,28.61647879763822,22.940150295222757,7.856951154052603,6.810252281266774,7.6556629092860975,13.466183574879228,1.737788513150832,3.388352120236178,1.2412775093934514,0.9125067096081588,0.8185721953837896,0.15432098765432098,0.026838432635534086,0.020128824476650563,,,,
175,4.30756843800322,28.556092324208265,22.953569511540525,7.803274288781535,6.9243156199677935,7.6556629092860975,13.560118089103597,1.6975308641975309,3.4017713365539453,1.2412775093934514,0.8856682769726248,0.8118625872249061,0.15432098765432098,0.026838432635534086,0.020128824476650563,,,,
176,4.274020397208803,28.435319377348364,22.953569511540525,7.856951154052603,6.830381105743425,7.648953301127214,13.580246913580247,1.7176596886741815,3.421900161030596,1.402308105206656,0.8722490606548577,0.798443370907139,0.1610305958132045,0.026838432635534086,0.020128824476650563,,,,
177,4.314278046162104,28.20048309178744,22.82608695652174,8.185721953837897,6.796833064949007,7.62211486849168,13.6406333870102,1.7176596886741815,3.4420289855072466,1.3888888888888888,0.8454106280193237,0.785024154589372,0.1610305958132045,0.026838432635534086,0.020128824476650563,0.026838432635534086,,,
178,4.274020397208803,28.153515834675254,22.77241009125067,8.091787439613526,6.957863660762212,7.555018786902845,13.667471819645733,1.6505636070853462,3.535963499731616,1.4358561460010735,0.8789586688137413,0.785024154589372,0.16774020397208803,0.026838432635534086,0.020128824476650563,0.026838432635534086,,,
179,4.280730005367687,27.87842190016103,23.060923242082662,9.802737520128824,6.984702093397746,7.521470746108427,12.31213097155126,1.415727321524423,3.5426731078904994,1.2748255501878691,0.8655394524959742,0.8185721953837896,0.16774020397208803,0.026838432635534086,0.020128824476650563,0.026838432635534086,,,
180,4.314278046162104,27.75764895330113,22.953569511540525,9.628287707997853,6.971282877079979,7.548309178743962,12.359098228663447,1.415727321524423,3.549382716049383,1.288244766505636,1.093666129898014,0.8789586688137413,0.16774020397208803,0.026838432635534086,0.020128824476650563,0.026838432635534086,,,
181,4.341116478797638,27.469135802469136,23.03408480944713,9.769189479334408,6.890767579173376,7.695920558239399,12.426194310252281,1.3955984970477724,3.549382716049383,1.3150831991411702,0.9997316156736447,0.8722490606548577,0.16774020397208803,0.026838432635534086,0.020128824476650563,0.026838432635534086,,,
182,4.38137412775094,27.086688137412775,23.30246913580247,9.66183574879227,6.884057971014493,7.608695652173913,12.453032742887816,1.3754696725711217,3.6366076221148687,1.3620504562533549,1.1406333870101986,0.8655394524959742,0.16774020397208803,0.026838432635534086,0.020128824476650563,0.026838432635534086,,,
183,4.408212560386473,26.247987117552334,24.235104669887278,9.75577026301664,6.830381105743425,7.467793880837359,12.332259796027913,1.5029522275899088,3.643317230273752,1.3419216317767042,1.06682769726248,0.9594739667203436,0.1610305958132045,0.026838432635534086,0.020128824476650563,,,,
184,3.911701556629093,23.10789049919485,20.517981749865807,6.1862587224906065,6.5485775630703165,24.208266237251745,9.447128287707997,1.1205045625335481,2.200751476113795,0.9594739667203436,0.7313472893183038,0.8990874932903918,0.1610305958132045,,,,,,
185,3.8848631239935587,23.32259796027912,20.598497047772412,6.1929683306494905,6.414385399892646,23.825818572195384,9.460547504025765,1.2546967257112185,2.15378421900161,0.9594739667203436,0.8722490606548577,0.8990874932903918,0.1610305958132045,,,,,,
186,3.898282340311326,23.22866344605475,20.618625872249062,6.139291465378422,6.300322061191626,23.483628556092324,9.581320450885668,1.5096618357487923,2.254428341384863,0.9863123993558777,0.9393451422436929,0.8990874932903918,0.1610305958132045,,,,,,
187,3.7775093934514223,22.21551261406334,20.45088566827697,6.132581857219538,6.528448738593666,24.188137412775095,9.561191626409018,1.6706924315619969,2.408749329039184,1.0466988727858293,0.9393451422436929,0.9192163177670424,0.1610305958132045,,,,,,
188,3.7640901771336552,22.061191626409016,20.40391841116479,6.246645195920558,6.360708534621578,24.396135265700483,9.447128287707997,1.724369296833065,2.442297369833602,1.0869565217391304,0.9460547504025765,0.95276435856146,0.16774020397208803,,,,,,
189,3.797638217928073,21.994095544820183,20.37037037037037,6.132581857219538,6.253354804079442,24.268652710681696,9.50751476113795,1.8786902844873858,2.623456790123457,1.0534084809447128,0.9728931830381106,0.9796027911969941,0.16774020397208803,,,,,,
190,3.784219001610306,21.920289855072465,20.276435856146,6.112453032742888,6.219806763285024,24.335748792270532,9.54777241009125,1.865271068169619,2.6838432635534084,1.0131508319914118,0.9930220075147611,1.0802469135802468,0.16774020397208803,,,,,,
191,3.8043478260869565,21.66532474503489,20.242887815351583,6.099033816425121,6.199677938808374,24.208266237251745,9.675254965110037,1.9659151905528718,2.8650026838432634,1.0399892646269457,0.9863123993558777,1.0802469135802468,0.16774020397208803,,,,,,
192,3.797638217928073,21.571390230810522,20.1959205582394,6.139291465378422,6.1929683306494905,23.839237788513152,9.594739667203436,2.3550724637681157,2.8650026838432634,1.0399892646269457,1.1473429951690821,1.093666129898014,0.16774020397208803,,,,,,
193,3.770799785292539,21.470746108427267,20.242887815351583,6.092324208266238,6.253354804079442,23.845947396672035,9.581320450885668,2.3550724637681157,3.052871712292002,0.9057971014492754,1.1876006441223832,1.0735373054213635,0.16774020397208803,,,,,,
194,3.730542136339238,20.705850778314545,20.605206655931294,5.938003220611916,6.166129898013956,23.97342995169082,9.91009125067096,2.408749329039184,3.012614063338701,1.0064412238325282,1.2546967257112185,1.0869565217391304,0.1878690284487386,,,,0.013419216317767043,,
195,3.730542136339238,19.80005367686527,19.826892109500804,5.9514224369296835,6.139291465378422,25.577026301663984,9.896672034353195,2.5026838432635534,3.066290928609769,1.0064412238325282,1.247987117552335,1.0601180891035964,0.18115942028985507,,,,0.013419216317767043,,
196,3.730542136339238,19.746376811594203,19.77992485238862,5.9514224369296835,6.125872249060655,25.53676865271068,9.977187332259795,2.5295222758990876,3.113258185721954,1.0064412238325282,1.247987117552335,1.0601180891035964,0.18115942028985507,,,,0.013419216317767043,,
197,3.750670960815888,19.585346215780998,19.83360171765969,5.991680085882985,6.125872249060655,25.469672571121848,10.064412238325282,2.6033279656468062,3.1065485775630703,0.9997316156736447,1.2077294685990339,1.06682769726248,0.18115942028985507,,,,0.013419216317767043,,
198,3.7640901771336552,19.350509930220074,19.880568974771872,6.139291465378422,5.797101449275362,25.248255501878692,10.433440687063875,2.6167471819645733,3.180354267310789,1.0198604401502953,1.3083735909822867,1.0534084809447128,0.19457863660762212,,,,0.013419216317767043,,
199,3.7037037037037037,18.471551261406333,20.591787439613526,6.092324208266238,5.676328502415459,25.509930220075148,10.768921095008052,2.2745571658615136,3.2541599570585076,1.0198604401502953,1.3419216317767042,1.0869565217391304,0.19457863660762212,,,,0.013419216317767043,,
200,3.69699409554482,18.377616747181964,20.658883521202362,6.092324208266238,5.750134192163178,25.369028448738593,10.755501878690284,2.328234031132582,3.1870638754696725,1.1272141706924315,1.3150831991411702,1.1205045625335481,0.20799785292538917,,,,0.013419216317767043,,
201,3.7104133118625873,18.169618894256576,20.41062801932367,7.50805152979066,5.622651637144391,25.429414922168544,9.936929683306495,2.3752012882447664,3.3548040794417604,0.9192163177670424,1.1674718196457328,1.1808910359634996,0.2147074610842727,,,,,,
202,3.730542136339238,17.961621041331185,20.43075684380032,7.266505636070853,5.5756843800322065,25.657541599570585,10.02415458937198,2.5026838432635534,3.4151905528717124,0.8923778851315083,1.1540526033279657,1.1741814278046163,0.2147074610842727,,,,,,
203,3.7104133118625873,17.746913580246915,20.511272141706925,7.246376811594203,5.5689747718733225,25.744766505636072,9.96376811594203,2.5697799248523885,3.435319377348363,0.8923778851315083,1.1540526033279657,1.2412775093934514,0.2147074610842727,,,,,,
204,3.7104133118625873,17.54562533548041,20.33011272141707,7.588566827697263,5.562265163714439,25.53676865271068,10.091250670960816,2.6033279656468062,3.475577026301664,0.8722490606548577,1.1943102522812667,1.2748255501878691,0.2147074610842727,,,,,,
205,3.4420289855072466,18.23671497584541,20.40391841116479,7.461084272678476,5.233494363929147,25.187869028448738,9.977187332259795,2.8650026838432634,3.4688674181427803,0.9460547504025765,1.288244766505636,1.2748255501878691,0.2147074610842727,,,,,,
206,3.4420289855072466,18.169618894256576,20.33011272141707,7.353730542136339,5.253623188405797,25.0402576489533,10.23215244229737,2.918679549114332,3.535963499731616,0.9460547504025765,1.288244766505636,1.261406333870102,0.2281266774020397,,,,,,
207,3.4822866344605474,18.12265163714439,20.189210950080515,7.434245840042942,5.233494363929147,24.892646269457863,10.332796564680622,3.052871712292002,3.5963499731615673,0.9326355340848095,1.2681159420289856,1.2345679012345678,0.2281266774020397,,,,,,
208,3.4822866344605474,18.04884594739667,20.135534084809446,7.461084272678476,5.233494363929147,24.859098228663445,10.265700483091788,3.099838969404187,3.5963499731615673,0.9460547504025765,1.2681159420289856,1.3486312399355878,0.2549651100375738,,,,,,
209,3.488996242619431,17.961621041331185,20.189210950080515,7.347020933977456,5.22007514761138,24.825550187869027,10.359634997316157,3.227321524422974,3.6231884057971016,0.9125067096081588,1.2681159420289856,1.3217928073000538,0.2549651100375738,,,,,,
210,3.4957058507783145,17.914653784219002,20.081857219538378,7.447665056360709,5.22007514761138,24.61755233494364,10.352925389157273,3.502415458937198,3.603059581320451,0.8990874932903918,1.2681159420289856,1.3419216317767042,0.2549651100375738,,,,,,
211,3.475577026301664,17.74020397208803,20.222758990874933,7.689210950080516,5.287171229200215,24.376006441223833,10.326086956521738,3.5292538915727323,3.569511540526033,0.8789586688137413,1.3217928073000538,1.3217928073000538,0.2616747181964573,,,,,,
212,3.515834675254965,17.612721417069242,20.28985507246377,7.669082125603865,5.273752012882448,24.114331723027377,10.373054213633925,3.730542136339238,3.6231884057971016,0.8789586688137413,1.328502415458937,1.328502415458937,0.2616747181964573,,,,,,
213,3.549382716049383,17.559044551798173,20.2361782071927,7.608695652173913,5.287171229200215,24.06736446591519,10.285829307568438,3.92512077294686,3.656736446591519,0.8655394524959742,1.3687600644122384,1.328502415458937,0.2616747181964573,,,,,,
214,3.535963499731616,17.45169082125604,20.229468599033815,7.648953301127214,5.287171229200215,23.993558776167472,10.373054213633925,3.965378421900161,3.683574879227053,0.8856682769726248,1.3553408480944713,1.328502415458937,0.2616747181964573,,,,,,
215,3.535963499731616,17.384594739667204,20.162372517444982,7.716049382716049,5.287171229200215,24.040526033279658,10.319377348362856,3.9855072463768115,3.683574879227053,0.9125067096081588,1.3486312399355878,1.3687600644122384,0.2549651100375738,,,,,,
216,3.5628019323671496,17.330917874396135,20.12211486849168,7.6623725174449815,5.401234567901234,23.89291465378422,10.319377348362856,4.1532474503489,3.683574879227053,0.9125067096081588,1.3754696725711217,1.328502415458937,0.2549651100375738,,,,,,
217,3.502415458937198,17.344337090713903,20.44417606011809,7.601986044015029,5.273752012882448,23.517176596886742,10.36634460547504,4.253891572732153,3.7238325281803544,0.9863123993558777,1.4090177133655395,1.3486312399355878,0.2281266774020397,,,,,,
218,3.5292538915727323,17.257112184648417,20.38378958668814,7.628824476650563,5.307300053676865,23.51046698872786,10.446859903381643,4.233762748255502,3.6768652710681695,0.9863123993558777,1.402308105206656,1.3955984970477724,0.24154589371980675,,,,,,
219,3.515834675254965,17.10950080515298,20.336822329575952,7.628824476650563,5.260332796564681,23.55072463768116,10.621309715512615,4.233762748255502,3.6902844873859366,1.0131508319914118,1.402308105206656,1.3955984970477724,0.24154589371980675,,,,,,
220,3.3950617283950617,17.485238862050455,20.343531937734838,7.407407407407407,4.8443370907139025,24.18142780461621,10.037573805689748,4.448470209339774,3.7372517444981215,0.9863123993558777,1.442565754159957,1.4492753623188406,0.24154589371980675,,,,,,
221,3.3816425120772946,17.411433172302736,20.12211486849168,7.333601717659689,4.87788513150832,24.074074074074073,10.131508319914117,4.468599033816425,4.079441760601181,0.966183574879227,1.4090177133655395,1.5029522275899088,0.24154589371980675,,,,,,
222,3.3480944712828773,17.216854535695116,20.511272141706925,7.306763285024155,4.951690821256038,23.866076221148685,10.0979602791197,4.448470209339774,4.126409017713366,0.95276435856146,1.4358561460010735,1.4962426194310252,0.24154589371980675,,,,,,
223,3.280998389694042,17.08937198067633,20.52469135802469,7.501341921631776,4.978529253891573,23.658078368223297,10.044283413848632,4.468599033816425,4.26731078904992,1.0198604401502953,1.402308105206656,1.4962426194310252,0.2616747181964573,,,0.0067096081588835215,,,
224,3.2340311325818574,16.881374127750938,20.457595276435857,7.467793880837359,4.978529253891573,23.49704777241009,10.285829307568438,4.663177670424047,4.26731078904992,1.0332796564680622,1.5029522275899088,1.4626945786366077,0.2616747181964573,,,0.0067096081588835215,,,
225,3.207192699946323,16.7337627482555,20.471014492753625,7.548309178743962,5.059044551798175,23.376274825550187,10.218733225979603,4.74369296833065,4.388083735909823,1.0332796564680622,1.4895330112721417,1.4626945786366077,0.2616747181964573,,,0.0067096081588835215,,,
226,3.207192699946323,16.67337627482555,20.457595276435857,7.6556629092860975,4.978529253891573,23.235373054213635,10.332796564680622,4.609500805152979,4.522275899087493,0.9997316156736447,1.570048309178744,1.4761137949543746,0.2616747181964573,,,0.0067096081588835215,0.013419216317767043,,
227,3.2541599570585076,16.49892646269458,20.209339774557165,8.205850778314547,4.958400429414922,23.09447128287708,10.25228126677402,4.5893719806763285,4.549114331723027,1.0802469135802468,1.583467525496511,1.442565754159957,0.2616747181964573,,,0.0067096081588835215,0.013419216317767043,,
228,3.2541599570585076,16.49892646269458,20.014761137949545,8.225979602791197,4.924852388620504,23.067632850241544,10.373054213633925,4.5960815888352125,4.562533548040794,1.1473429951690821,1.570048309178744,1.482823403113258,0.2616747181964573,,,0.0067096081588835215,0.013419216317767043,,
229,3.260869565217391,16.418411164787976,19.860440150295222,8.313204508856682,4.918142780461621,22.873054213633925,10.621309715512615,4.824208266237251,4.488727858293076,1.1473429951690821,1.5297906602254427,1.4761137949543746,0.2616747181964573,,,0.0067096081588835215,,,
230,3.166935050993022,15.72061191626409,19.592055823939884,8.460815888352121,4.810789049919484,23.731884057971016,10.72866344605475,4.904723564143854,4.40150295222759,1.1473429951690821,1.5230810520665594,1.5029522275899088,0.30193236714975846,,,0.0067096081588835215,,,
231,3.166935050993022,15.68035426731079,19.6256038647343,8.433977455716587,4.810789049919484,23.859366612989803,10.681696188942565,4.871175523349437,4.40150295222759,1.1473429951690821,1.4962426194310252,1.5163714439076759,0.30193236714975846,,,0.0067096081588835215,,,
232,3.140096618357488,15.60654857756307,19.592055823939884,8.702361782071927,4.817498658078368,23.678207192699947,10.68840579710145,4.898013955984971,4.361245303274289,1.1943102522812667,1.4962426194310252,1.5163714439076759,0.30193236714975846,,,0.0067096081588835215,,,
233,3.1333870101986045,15.505904455179817,19.665861513687602,8.682232957595277,4.810789049919484,23.389694041867955,10.681696188942565,5.0993022007514766,4.49543746645196,1.1943102522812667,1.482823403113258,1.5499194847020934,0.30193236714975846,,,0.0067096081588835215,,,
234,3.1333870101986045,15.385131508319914,19.79334406870639,8.433977455716587,4.951690821256038,23.423242082662373,10.641438539989265,5.045625335480408,4.542404723564144,1.1808910359634996,1.6170155662909287,1.5432098765432098,0.30193236714975846,,,0.0067096081588835215,,,
235,3.1199677938808374,15.371712292002147,19.632313472893184,8.487654320987655,4.938271604938271,23.349436392914654,10.7085346215781,5.179817498658078,4.508856682769726,1.1674718196457328,1.737788513150832,1.5230810520665594,0.2683843263553409,,,0.0067096081588835215,,,
236,3.0327428878153517,15.163714439076758,19.880568974771872,8.360171765968868,5.119431025228127,23.309178743961354,10.581052066559312,5.320719269994632,4.441760601180891,1.1943102522812667,1.8250134192163177,1.4962426194310252,0.2683843263553409,,,0.0067096081588835215,,,
237,3.012614063338701,15.002683843263553,19.93424584004294,8.225979602791197,5.10601180891036,23.349436392914654,10.520665593129362,5.501878690284487,4.555823939881911,1.1943102522812667,1.8250134192163177,1.4962426194310252,0.2683843263553409,,,0.0067096081588835215,,,
238,2.9388083735909825,14.915458937198068,19.90740740740741,8.340042941492216,5.3341384863123995,23.275630703166936,10.473698336017177,5.488459473966721,4.4820182501341925,1.1943102522812667,1.8250134192163177,1.5365002683843263,0.2683843263553409,0.013419216317767043,,0.0067096081588835215,,,
239,2.9723564143853998,14.74771873322598,19.887278582930758,8.353462157809984,5.293880837359098,23.289049919484704,10.540794417606012,5.4616210413311865,4.528985507246377,1.3352120236178207,1.7981749865807837,1.5029522275899088,0.2683843263553409,0.013419216317767043,,0.0067096081588835215,,,
240,2.945517981749866,14.371980676328503,19.598765432098766,8.232689210950081,5.293880837359098,23.26892109500805,11.33923778851315,5.595813204508857,4.488727858293076,1.3419216317767042,1.7444981213097155,1.4895330112721417,0.2683843263553409,0.013419216317767043,,0.0067096081588835215,,,
241,2.9119699409554483,14.150563607085346,19.578636607622116,8.185721953837897,5.193236714975845,23.2487922705314,11.466720343531938,5.790391841116479,4.542404723564144,1.402308105206656,1.7444981213097155,1.5096618357487923,0.2549651100375738,0.013419216317767043,,0.0067096081588835215,,,
242,2.952227589908749,14.13714439076758,19.692699946323135,8.219269994632313,5.193236714975845,23.161567364465917,11.439881910896403,5.743424584004294,4.4820182501341925,1.42914653784219,1.7444981213097155,1.5096618357487923,0.27509393451422437,0.013419216317767043,,0.0067096081588835215,,,
243,2.9589371980676327,14.016371443907676,19.85373054213634,8.28636607622115,5.159688674181428,23.11460010735373,11.399624261943103,5.736714975845411,4.461889425657541,1.442565754159957,1.737788513150832,1.5365002683843263,0.27509393451422437,0.013419216317767043,,0.0067096081588835215,,,
244,2.965646806226516,13.895598497047773,19.847020933977454,8.340042941492216,5.159688674181428,22.920021470746107,11.198336017176597,5.783682232957595,4.891304347826087,1.4492753623188406,1.737788513150832,1.5163714439076759,0.27509393451422437,0.013419216317767043,,0.0067096081588835215,,,
245,2.965646806226516,13.821792807300053,19.77992485238862,8.474235104669887,5.152979066022544,22.839506172839506,11.252012882447666,5.763553408480945,4.99194847020934,1.4694041867954912,1.7042404723564144,1.4895330112721417,0.27509393451422437,0.013419216317767043,,0.0067096081588835215,,,
246,2.952227589908749,13.714439076757918,19.83360171765969,8.447396672034353,5.132850241545894,22.77241009125067,11.399624261943103,5.810520665593129,4.99194847020934,1.4559849704777241,1.7042404723564144,1.4895330112721417,0.27509393451422437,0.013419216317767043,,0.0067096081588835215,,,
247,2.965646806226516,13.647342995169081,19.806763285024154,8.53462157809984,5.0858829844337095,22.436929683306495,11.399624261943103,5.783682232957595,5.381105743424584,1.482823403113258,1.710950080515298,1.4761137949543746,0.2683843263553409,0.013419216317767043,,0.0067096081588835215,,,
248,2.9723564143853998,13.6406333870102,19.726247987117553,8.480944712828771,5.092592592592593,22.396672034353195,11.399624261943103,5.978260869565218,5.347557702630167,1.482823403113258,1.6975308641975309,1.4761137949543746,0.2683843263553409,0.03354804079441761,,0.0067096081588835215,,,
249,2.9723564143853998,13.459473966720344,20.00805152979066,8.454106280193237,5.0791733762748255,22.517444981213096,11.2788513150832,5.998389694041868,5.300590445517981,1.482823403113258,1.6572732152442298,1.4761137949543746,0.2683843263553409,0.03354804079441761,,0.013419216317767043,,,
250,2.9723564143853998,13.372249060654857,20.148953301127214,8.454106280193237,5.0791733762748255,22.36983360171766,11.258722490606548,5.958132045088567,5.4549114331723025,1.4761137949543746,1.6572732152442298,1.4761137949543746,0.2683843263553409,0.03354804079441761,,0.013419216317767043,,0.0067096081588835215,
251,2.9723564143853998,13.264895330112722,20.075147611379496,8.447396672034353,5.0791733762748255,22.249060654857757,11.345947396672035,6.0587761674718195,5.441492216854535,1.4761137949543746,1.8250134192163177,1.442565754159957,0.2683843263553409,0.03354804079441761,,0.013419216317767043,,0.0067096081588835215,
252,2.871712292002147,13.385668276972625,20.21604938271605,8.36688137412775,5.018786902844874,22.302737520128826,11.292270531400966,6.018518518518518,5.428073000536768,1.4761137949543746,1.90552871712292,1.402308105206656,0.2683843263553409,0.03354804079441761,,0.0067096081588835215,,0.0067096081588835215,
253,2.8784219001610305,13.20450885668277,20.356951154052602,8.360171765968868,5.059044551798175,22.000805152979066,11.285560923242082,6.166129898013956,5.562265163714439,1.482823403113258,1.90552871712292,1.4224369296833066,0.2683843263553409,0.03354804079441761,,0.0067096081588835215,,0.0067096081588835215,
254,2.85829307568438,12.04374664519592,22.168545356951153,8.487654320987655,5.045625335480408,21.772678475577028,10.970209339774557,6.213097155126141,5.401234567901234,1.42914653784219,1.9256575415995705,1.3821792807300053,0.2549651100375738,0.03354804079441761,,0.0067096081588835215,,0.0067096081588835215,
255,2.8650026838432634,11.969940955448202,22.282608695652176,8.487654320987655,5.032206119162641,21.71900161030596,10.950080515297907,6.112453032742888,5.441492216854535,1.42914653784219,1.9524959742351047,1.4559849704777241,0.2549651100375738,0.03354804079441761,,0.0067096081588835215,,0.0067096081588835215,
256,2.871712292002147,11.963231347289318,22.302737520128826,8.413848631239935,5.005367686527107,21.66532474503489,10.95679012345679,6.052066559312936,5.548845947396672,1.415727321524423,2.0397208803005906,1.4626945786366077,0.2549651100375738,0.03354804079441761,,0.0067096081588835215,,0.0067096081588835215,
257,2.8784219001610305,11.963231347289318,22.228931830381107,8.527911969940956,5.052334943639291,21.638486312399355,10.88298443370907,6.031937734836285,5.615942028985507,1.4090177133655395,2.01959205582394,1.4492753623188406,0.2549651100375738,0.03354804079441761,,0.0067096081588835215,,0.0067096081588835215,
258,2.8515834675254963,11.849168008588299,22.054482018250134,8.68894256575416,5.059044551798175,21.846484165324746,10.641438539989265,5.984970477724101,5.790391841116479,1.4224369296833066,2.01959205582394,1.4895330112721417,0.2549651100375738,0.03354804079441761,,0.0067096081588835215,,0.0067096081588835215,
259,2.85829307568438,11.81561996779388,22.041062801932366,8.82313472893183,5.0858829844337095,21.658615136876005,10.82259796027912,5.978260869565218,5.763553408480945,1.3955984970477724,2.006172839506173,1.4559849704777241,0.2549651100375738,0.03354804079441761,,,,0.0067096081588835215,
260,2.831454643048846,11.688137412775093,22.074610842726784,8.756038647342995,5.065754159957058,21.71900161030596,10.849436392914654,6.025228126677402,5.891035963499732,1.3888888888888888,1.9592055823939882,1.4559849704777241,0.2549651100375738,0.03354804079441761,,,,0.0067096081588835215,
261,2.8247450348899625,11.634460547504025,21.980676328502415,8.816425120772946,5.052334943639291,21.75925925925926,10.916532474503489,6.011808910359635,5.897745571658615,1.3888888888888888,1.9524959742351047,1.4694041867954912,0.2549651100375738,0.03354804079441761,,,,0.0067096081588835215,
262,2.804616210413312,11.466720343531938,21.83977455716586,8.890230810520666,5.052334943639291,21.081588835212024,12.13768115942029,5.8172302737520125,5.736714975845411,1.3888888888888888,1.9524959742351047,1.5230810520665594,0.2549651100375738,0.04696725711218465,,,,0.0067096081588835215,
263,2.818035426731079,11.453301127214171,21.960547504025765,9.004294149221685,5.01207729468599,20.94068706387547,12.04374664519592,5.877616747181965,5.71658615136876,1.3888888888888888,1.9524959742351047,1.5230810520665594,0.2549651100375738,0.04696725711218465,,,,0.0067096081588835215,
264,2.8247450348899625,11.292270531400966,21.880032206119164,9.245840042941492,4.938271604938271,20.873590982286636,12.04374664519592,5.857487922705314,5.71658615136876,1.4224369296833066,1.9524959742351047,1.6706924315619969,0.2281266774020397,0.04696725711218465,,,,0.0067096081588835215,
265,2.8381642512077296,11.198336017176597,21.833064949006978,9.205582393988191,4.8376274825550185,20.840042941492218,12.157809983896941,6.005099302200751,5.776972624798712,1.4358561460010735,1.9524959742351047,1.6237251744498122,0.2281266774020397,0.04696725711218465,0.013419216317767043,,,0.0067096081588835215,
266,2.636876006441224,10.990338164251208,21.504294149221685,8.910359634997317,6.461352657004831,20.591787439613526,11.876006441223833,5.971551261406334,5.783682232957595,1.415727321524423,1.9390767579173376,1.6237251744498122,0.2147074610842727,0.04696725711218465,0.013419216317767043,0.013419216317767043,,0.0067096081588835215,
267,2.623456790123457,10.916532474503489,21.43719806763285,8.910359634997317,6.447933440687064,20.564949006977994,11.943102522812667,5.958132045088567,5.756843800322061,1.442565754159957,2.01959205582394,1.6841116478797638,0.2147074610842727,0.04696725711218465,0.013419216317767043,0.013419216317767043,,0.0067096081588835215,
268,2.5966183574879227,10.755501878690284,21.24261943102523,8.93719806763285,6.374127750939345,20.558239398819108,12.177938808373591,6.072195383789587,5.743424584004294,1.4358561460010735,2.006172839506173,1.8048845947396672,0.2147074610842727,0.04696725711218465,0.013419216317767043,0.013419216317767043,,0.0067096081588835215,
269,2.61003757380569,10.701825013419215,20.954106280193237,8.984165324745035,6.421095008051529,20.605206655931294,12.144390767579173,6.099033816425121,5.776972624798712,1.4559849704777241,2.006172839506173,1.9457863660762211,0.2147074610842727,0.04696725711218465,0.013419216317767043,0.013419216317767043,,0.0067096081588835215,
270,2.6167471819645733,10.661567364465915,20.967525496511005,9.212292002147075,6.3070316693505095,20.44417606011809,12.090713902308105,6.146001073537305,5.8172302737520125,1.442565754159957,2.0397208803005906,1.9592055823939882,0.2147074610842727,0.04696725711218465,0.013419216317767043,0.013419216317767043,,0.0067096081588835215,
271,2.6167471819645733,10.567632850241546,20.9272678475577,9.16532474503489,6.266774020397209,20.457595276435857,12.084004294149223,6.246645195920558,5.891035963499732,1.4626945786366077,2.0531400966183573,1.9659151905528718,0.2147074610842727,0.04696725711218465,0.013419216317767043,0.013419216317767043,,0.0067096081588835215,
272,2.623456790123457,10.560923242082662,20.853462157809982,9.346484165324744,6.246645195920558,20.363660762211488,11.902844873859367,6.226516371443908,6.105743424584004,1.4358561460010735,2.033011272141707,1.9927536231884058,0.2147074610842727,0.04696725711218465,0.013419216317767043,0.026838432635534086,,0.0067096081588835215,
273,2.5966183574879227,10.34621578099839,20.77294685990338,9.339774557165862,6.246645195920558,20.571658615136876,11.849168008588299,6.1929683306494905,6.239935587761675,1.5029522275899088,2.033011272141707,1.9994632313472893,0.2147074610842727,0.04696725711218465,0.013419216317767043,0.026838432635534086,,0.0067096081588835215,
274,2.6033279656468062,10.326086956521738,20.8467525496511,9.380032206119163,6.246645195920558,20.35024154589372,11.889425657541599,6.1862587224906065,6.239935587761675,1.4962426194310252,2.1269457863660763,1.9994632313472893,0.2147074610842727,0.04696725711218465,0.013419216317767043,0.026838432635534086,,0.0067096081588835215,
275,2.589908749329039,10.312667740203972,20.92055823939882,9.286097691894794,6.260064412238325,20.2361782071927,11.842458400429415,6.206387546967257,6.353998926462695,1.5432098765432098,2.147074610842727,1.9927536231884058,0.2147074610842727,0.04696725711218465,0.013419216317767043,0.026838432635534086,,0.0067096081588835215,
276,2.6167471819645733,10.23215244229737,21.162104133118625,9.245840042941492,6.233225979602791,20.1959205582394,11.889425657541599,6.119162640901771,6.374127750939345,1.5297906602254427,2.1739130434782608,1.9189479334406871,0.2147074610842727,0.04696725711218465,0.013419216317767043,0.026838432635534086,,0.0067096081588835215,
277,2.623456790123457,10.23215244229737,21.121846484165324,9.16532474503489,6.233225979602791,19.90740740740741,11.956521739130435,6.206387546967257,6.615673644659152,1.5297906602254427,2.1739130434782608,1.9256575415995705,0.2147074610842727,0.04696725711218465,0.013419216317767043,0.026838432635534086,,0.0067096081588835215,
278,2.522812667740204,10.091250670960816,20.98094471282877,9.104938271604938,6.501610305958132,19.96779388083736,11.943102522812667,6.199677938808374,6.635802469135802,1.5297906602254427,2.1739130434782608,2.059849704777241,0.19457863660762212,0.04696725711218465,0.013419216317767043,0.026838432635534086,,0.0067096081588835215,
279,2.5161030595813205,10.037573805689748,21.081588835212024,9.125067096081589,6.380837359098229,19.706119162640903,11.98336017176597,6.414385399892646,6.6760601180891035,1.5029522275899088,2.227589908749329,2.059849704777241,0.19457863660762212,0.04696725711218465,0.013419216317767043,0.026838432635534086,,0.0067096081588835215,
280,2.509393451422437,9.816156736446592,21.128556092324207,9.145195920558239,6.374127750939345,19.786634460547504,11.829039184111648,6.340579710144928,6.642512077294686,1.6170155662909287,2.6033279656468062,1.932367149758454,0.19457863660762212,0.03354804079441761,0.013419216317767043,0.026838432635534086,,0.0067096081588835215,
281,2.522812667740204,9.796027911969942,21.20907139023081,9.225711218464841,6.347289318303811,19.692699946323135,11.77536231884058,6.280193236714976,6.769994632313473,1.6438539989264627,2.589908749329039,1.8853998926462694,0.18115942028985507,0.03354804079441761,0.013419216317767043,0.026838432635534086,,0.0067096081588835215,
282,2.4892646269457863,9.75577026301664,21.336553945249598,9.192163177670425,6.233225979602791,19.706119162640903,11.728395061728396,6.226516371443908,6.977992485238862,1.6035963499731616,2.589908749329039,1.8988191089640365,0.18115942028985507,0.03354804079441761,0.013419216317767043,0.026838432635534086,,0.0067096081588835215,
283,2.475845410628019,9.608158883521202,21.443907675791735,9.131776704240472,6.320450885668277,19.565217391304348,11.83574879227053,6.172839506172839,7.152442297369833,1.5901771336553945,2.5496511003757383,1.892109500805153,0.18115942028985507,0.03354804079441761,0.013419216317767043,0.026838432635534086,,0.0067096081588835215,
284,2.4691358024691357,9.588030059044552,21.26945786366076,9.29951690821256,6.132581857219538,19.578636607622116,11.75523349436393,6.206387546967257,7.266505636070853,1.5901771336553945,2.5831991411701556,1.9994632313472893,0.18115942028985507,0.03354804079441761,0.013419216317767043,0.026838432635534086,,0.0067096081588835215,
285,2.5161030595813205,9.554482018250134,21.115136876006442,9.380032206119163,6.105743424584004,19.558507783145465,11.674718196457327,6.380837359098229,7.253086419753086,1.5767579173376274,2.5831991411701556,2.0397208803005906,0.18115942028985507,0.03354804079441761,0.013419216317767043,0.026838432635534086,,0.0067096081588835215,
286,2.5161030595813205,9.460547504025765,21.423778851315085,9.39345142243693,5.998389694041868,19.39747718733226,11.708266237251744,6.3137412775093935,7.333601717659689,1.556629092860977,2.576489533011272,2.0531400966183573,0.1878690284487386,0.03354804079441761,0.013419216317767043,0.026838432635534086,,0.0067096081588835215,
287,2.49597423510467,9.433709071390231,21.39694041867955,9.420289855072463,5.998389694041868,19.39747718733226,11.701556629092861,6.360708534621578,7.340311325818572,1.556629092860977,2.576489533011272,2.0531400966183573,0.1878690284487386,0.03354804079441761,0.013419216317767043,0.026838432635534086,,0.0067096081588835215,
288,2.509393451422437,9.044551798174986,21.329844337090712,9.648416532474503,5.971551261406334,19.30354267310789,11.929683306494901,6.447933440687064,7.367149758454106,1.570048309178744,2.5563607085346214,2.0531400966183573,0.1878690284487386,0.03354804079441761,0.013419216317767043,0.026838432635534086,,0.0067096081588835215,
289,2.563070316693505,9.024422973698336,21.544551798174986,9.842995169082126,5.971551261406334,18.9747718733226,11.936392914653783,6.421095008051529,7.266505636070853,1.570048309178744,2.576489533011272,2.0531400966183573,0.1878690284487386,0.020128824476650563,0.013419216317767043,0.026838432635534086,,0.0067096081588835215,
290,2.5831991411701556,8.99087493290392,21.4573268921095,9.728931830381105,5.971551261406334,19.02173913043478,11.990069779924852,6.461352657004831,7.313472893183038,1.556629092860977,2.5966183574879227,2.046430488459474,0.1878690284487386,0.020128824476650563,0.013419216317767043,0.026838432635534086,,0.0067096081588835215,0.026838432635534086
291,2.589908749329039,8.883521202361782,21.36339237788513,9.782608695652174,5.971551261406334,19.03515834675255,12.030327428878154,6.468062265163715,7.4208266237251745,1.556629092860977,2.5831991411701556,2.033011272141707,0.1878690284487386,0.020128824476650563,0.013419216317767043,0.026838432635534086,,0.0067096081588835215,0.026838432635534086
292,2.589908749329039,8.84326355340848,21.061460010735374,9.930220075147611,5.931293612453032,19.135802469135804,11.969940955448202,6.501610305958132,7.4208266237251745,1.6841116478797638,2.5831991411701556,2.0665593129361244,0.1878690284487386,0.020128824476650563,0.013419216317767043,0.026838432635534086,,0.0067096081588835215,0.026838432635534086
293,2.509393451422437,8.816425120772946,21.202361782071925,9.916800858829845,5.810520665593129,19.209608158883523,12.151100375738057,6.4412238325281805,7.340311325818572,1.6841116478797638,2.5831991411701556,2.0531400966183573,0.1878690284487386,0.020128824476650563,0.013419216317767043,0.026838432635534086,,0.0067096081588835215,0.026838432635534086
294,2.5429414922168547,8.769457863660762,21.20907139023081,9.957058507783145,5.810520665593129,19.229736983360173,12.070585077831455,6.394256575415996,7.4208266237251745,1.6438539989264627,2.6637144390767578,2.006172839506173,0.1878690284487386,0.020128824476650563,0.013419216317767043,0.026838432635534086,,0.0067096081588835215,0.026838432635534086
295,2.5496511003757383,8.769457863660762,21.128556092324207,9.957058507783145,5.810520665593129,19.16935050993022,12.090713902308105,6.414385399892646,7.548309178743962,1.6170155662909287,2.703972088030059,1.9390767579173376,0.20799785292538917,0.020128824476650563,0.013419216317767043,0.026838432635534086,,0.0067096081588835215,0.026838432635534086
296,2.5496511003757383,8.709071390230811,21.048040794417606,10.00402576489533,5.803811057434245,19.135802469135804,12.030327428878154,6.387546967257112,7.648953301127214,1.6170155662909287,2.85829307568438,1.90552871712292,0.20799785292538917,0.020128824476650563,0.013419216317767043,0.026838432635534086,,0.0067096081588835215,0.026838432635534086
297,2.5831991411701556,8.662104133118627,21.00107353730542,10.265700483091788,5.803811057434245,18.94122383252818,12.177938808373591,6.246645195920558,7.6623725174449815,1.6304347826086956,2.831454643048846,1.892109500805153,0.20799785292538917,0.020128824476650563,0.013419216317767043,0.026838432635534086,,0.0067096081588835215,0.026838432635534086
298,2.5966183574879227,8.648684916800859,20.94068706387547,10.406602254428341,6.052066559312936,18.57890499194847,12.144390767579173,6.166129898013956,7.75630703166935,1.6371443907675791,2.8515834675254963,1.9189479334406871,0.20799785292538917,0.020128824476650563,0.013419216317767043,0.026838432635534086,,0.0067096081588835215,0.026838432635534086
299,2.536231884057971,8.568169618894256,20.90713902308105,10.59447128287708,5.877616747181965,18.746645195920557,12.184648416532475,6.112453032742888,7.803274288781535,1.6237251744498122,2.831454643048846,1.9122383252818036,0.20799785292538917,0.020128824476650563,0.013419216317767043,0.026838432635534086,,0.0067096081588835215,0.026838432635534086
300,2.5496511003757383,8.541331186258722,20.913848631239937,10.534084809447128,5.837359098228664,18.840579710144926,12.164519592055823,6.253354804079442,7.769726247987117,1.6371443907675791,2.85829307568438,1.8250134192163177,0.18115942028985507,0.020128824476650563,0.013419216317767043,0.026838432635534086,,0.0067096081588835215,0.026838432635534086
301,2.5496511003757383,8.541331186258722,20.913848631239937,10.520665593129362,5.837359098228664,18.69296833064949,12.13768115942029,6.387546967257112,7.816693505099302,1.6505636070853462,2.85829307568438,1.8183038110574343,0.18115942028985507,0.020128824476650563,0.013419216317767043,0.026838432635534086,,0.0067096081588835215,0.026838432635534086
302,2.5429414922168547,8.433977455716587,20.658883521202362,10.426731078904991,5.870907139023081,18.572195383789587,12.915995705850777,6.219806763285024,7.7898550724637685,1.724369296833065,2.757648953301127,1.8115942028985508,0.18115942028985507,0.020128824476650563,0.013419216317767043,0.026838432635534086,,0.0067096081588835215,0.026838432635534086
303,2.5563607085346214,8.427267847557703,20.611916264090176,10.446859903381643,5.938003220611916,18.5252281266774,12.93612453032743,6.166129898013956,7.830112721417069,1.724369296833065,2.757648953301127,1.8048845947396672,0.18115942028985507,0.020128824476650563,0.013419216317767043,0.026838432635534086,,0.0067096081588835215,0.026838432635534086
304,2.522812667740204,8.340042941492216,20.33011272141707,10.628019323671497,5.897745571658615,18.572195383789587,13.09044551798175,6.233225979602791,7.924047235641439,1.710950080515298,2.6972624798711755,1.778046162104133,0.18115942028985507,0.020128824476650563,0.013419216317767043,0.026838432635534086,,0.0067096081588835215,0.026838432635534086
305,2.509393451422437,8.340042941492216,20.343531937734838,10.587761674718196,5.911164787976382,18.377616747181964,13.097155126140633,6.273483628556092,8.064949006977992,1.710950080515298,2.7241009125067097,1.7847557702630166,0.18115942028985507,0.020128824476650563,0.013419216317767043,0.026838432635534086,,0.0067096081588835215,0.026838432635534086
306,2.509393451422437,8.3064949006978,20.316693505099302,10.59447128287708,5.8172302737520125,18.46484165324745,13.157541599570585,6.219806763285024,8.085077831454644,1.7444981213097155,2.7241009125067097,1.7981749865807837,0.18115942028985507,0.020128824476650563,0.013419216317767043,0.013419216317767043,,0.0067096081588835215,0.026838432635534086
307,2.5026838432635534,8.205850778314547,20.263016639828233,10.534084809447128,5.844068706387547,18.46484165324745,13.264895330112722,6.152710681696189,8.266237251744498,1.7310789049919484,2.703972088030059,1.8048845947396672,0.18115942028985507,0.020128824476650563,0.013419216317767043,0.013419216317767043,,0.0067096081588835215,0.026838432635534086
308,2.5429414922168547,8.192431561996779,20.21604938271605,10.648148148148149,5.8172302737520125,18.323939881910896,13.20450885668277,6.260064412238325,8.279656468062266,1.724369296833065,2.7308105206655933,1.8048845947396672,0.17444981213097155,0.020128824476650563,0.013419216317767043,0.013419216317767043,,0.0067096081588835215,0.026838432635534086
309,2.5161030595813205,8.07836822329576,20.202630166398283,10.668276972624799,5.810520665593129,18.310520665593128,13.466183574879228,6.152710681696189,8.299785292538916,1.7646269457863661,2.677133655394525,1.7981749865807837,0.17444981213097155,0.020128824476650563,0.013419216317767043,0.013419216317767043,,0.0067096081588835215,0.026838432635534086
310,2.5161030595813205,8.017981749865807,20.128824476650564,10.560923242082662,5.810520665593129,18.17632850241546,13.90901771336554,6.166129898013956,8.3467525496511,1.751207729468599,2.5697799248523885,1.751207729468599,0.17444981213097155,0.020128824476650563,0.013419216317767043,0.013419216317767043,,0.0067096081588835215,0.06709608158883522
311,2.475845410628019,7.877079978529254,20.02818035426731,10.789049919484702,6.219806763285024,17.787171229200215,13.875469672571121,6.219806763285024,8.340042941492216,1.751207729468599,2.5697799248523885,1.7579173376274826,0.1878690284487386,0.020128824476650563,0.013419216317767043,0.013419216317767043,,0.0067096081588835215,0.06709608158883522
312,2.4892646269457863,7.823403113258186,20.034889962426195,10.983628556092324,6.273483628556092,17.69994632313473,14.016371443907676,6.052066559312936,8.333333333333334,1.6908212560386473,2.5429414922168547,1.751207729468599,0.1878690284487386,0.020128824476650563,0.013419216317767043,0.013419216317767043,,0.0067096081588835215,0.06709608158883522
313,2.4825550187869028,7.823403113258186,19.961084272678477,10.983628556092324,6.253354804079442,17.62614063338701,14.06333870101986,6.052066559312936,8.460815888352121,1.6908212560386473,2.5429414922168547,1.751207729468599,0.1878690284487386,0.020128824476650563,0.013419216317767043,0.013419216317767043,,0.0067096081588835215,0.06709608158883522
314,2.475845410628019,7.722758990874933,20.075147611379496,11.017176596886742,6.260064412238325,17.518786902844873,14.023081052066559,6.072195383789587,8.541331186258722,1.6908212560386473,2.5429414922168547,1.751207729468599,0.1878690284487386,0.020128824476650563,0.013419216317767043,0.013419216317767043,,0.0067096081588835215,0.06709608158883522
315,2.462426194310252,7.702630166398282,20.014761137949545,11.09098228663446,6.233225979602791,17.673107890499196,13.848631239935587,6.005099302200751,8.514492753623188,1.7579173376274826,2.623456790123457,1.751207729468599,0.1878690284487386,0.020128824476650563,0.013419216317767043,0.026838432635534086,,0.0067096081588835215,0.06709608158883522
316,2.3617820719269993,7.675791733762749,19.79334406870639,10.158346752549651,6.843800322061192,19.008319914117017,13.841921631776705,5.837359098228664,8.319914117015566,1.7042404723564144,2.395330112721417,1.737788513150832,0.1878690284487386,0.020128824476650563,0.013419216317767043,0.026838432635534086,,0.0067096081588835215,0.06709608158883522
317,2.3617820719269993,7.6623725174449815,19.51154052603328,11.325818572195384,6.723027375201288,18.94122383252818,13.150831991411701,5.8239398819108965,8.393719806763285,1.7176596886741815,2.3081052066559313,1.7579173376274826,0.1878690284487386,0.020128824476650563,0.013419216317767043,0.026838432635534086,,0.0067096081588835215,0.06709608158883522
318,2.368491680085883,7.62211486849168,19.652442297369834,11.2788513150832,6.642512077294686,18.907675791733762,13.043478260869565,5.964841653247451,8.400429414922169,1.7176596886741815,2.3215244229736984,1.7579173376274826,0.1878690284487386,0.020128824476650563,0.013419216317767043,0.026838432635534086,,0.0067096081588835215,0.06709608158883522
319,2.3752012882447664,7.575147611379496,19.612184648416534,11.225174449812132,6.655931293612453,18.92109500805153,13.063607085346217,6.011808910359635,8.467525496511003,1.7176596886741815,2.3215244229736984,1.7310789049919484,0.1878690284487386,0.020128824476650563,0.013419216317767043,0.026838432635534086,,0.0067096081588835215,0.06709608158883522
320,2.3886205045625335,7.4141170155662905,19.80005367686527,11.406333870101985,6.642512077294686,18.793612453032743,12.929414922168545,5.891035963499732,8.628556092324208,1.6908212560386473,2.3617820719269993,1.7310789049919484,0.1878690284487386,0.020128824476650563,0.013419216317767043,0.026838432635534086,,0.0067096081588835215,0.06709608158883522
321,2.3886205045625335,7.4006977992485234,19.712828770799785,11.439881910896403,6.642512077294686,18.86070853462158,12.889157273215245,5.884326355340848,8.655394524959743,1.7444981213097155,2.3483628556092326,1.710950080515298,0.1878690284487386,0.020128824476650563,0.013419216317767043,0.026838432635534086,,0.0067096081588835215,0.06709608158883522
322,2.341653247450349,7.434245840042942,19.719538378958667,11.366076221148685,6.662640901771336,18.927804616210413,12.882447665056361,5.924584004294149,8.648684916800859,1.710950080515298,2.3483628556092326,1.710950080515298,0.1878690284487386,0.020128824476650563,0.013419216317767043,0.026838432635534086,,0.0067096081588835215,0.06709608158883522
323,2.3752012882447664,7.326892109500805,19.679280730005367,11.668008588298443,6.602254428341385,18.780193236714975,12.95625335480408,5.938003220611916,8.648684916800859,1.710950080515298,2.2946859903381642,1.710950080515298,0.17444981213097155,0.020128824476650563,0.013419216317767043,0.026838432635534086,,0.0067096081588835215,0.06709608158883522
324,2.38191089640365,7.313472893183038,19.57192699946323,11.493558776167472,6.615673644659152,18.96135265700483,13.20450885668277,5.9447128287707995,8.514492753623188,1.7176596886741815,2.254428341384863,1.7042404723564144,0.17444981213097155,0.020128824476650563,0.013419216317767043,0.040257648953301126,,0.0067096081588835215,0.06709608158883522
325,2.3752012882447664,7.219538378958669,19.639023081052066,11.533816425120772,6.528448738593666,18.947933440687063,13.33870101986044,5.964841653247451,8.454106280193237,1.7444981213097155,2.2946859903381642,1.6371443907675791,0.17444981213097155,0.020128824476650563,0.013419216317767043,0.040257648953301126,,0.0067096081588835215,0.06709608158883522
326,2.368491680085883,7.232957595276436,19.585346215780998,11.600912506709609,6.528448738593666,18.9747718733226,13.285024154589372,5.971551261406334,8.454106280193237,1.7444981213097155,2.2946859903381642,1.6371443907675791,0.17444981213097155,0.020128824476650563,0.013419216317767043,0.040257648953301126,,0.0067096081588835215,0.06709608158883522
327,2.368491680085883,7.1725711218464845,19.49812130971551,11.66129898013956,6.582125603864735,19.0552871712292,13.33870101986044,5.9514224369296835,8.427267847557703,1.710950080515298,2.2946859903381642,1.6035963499731616,0.1878690284487386,0.020128824476650563,0.013419216317767043,0.040257648953301126,,0.0067096081588835215,0.06709608158883522
328,2.395330112721417,7.051798174986581,19.538378958668815,11.855877616747183,6.575415995705851,19.00161030595813,13.58695652173913,5.790391841116479,8.279656468062266,1.7042404723564144,2.2879763821792807,1.596886741814278,0.1878690284487386,0.020128824476650563,0.013419216317767043,0.040257648953301126,,0.0067096081588835215,0.06709608158883522
329,2.395330112721417,6.998121309715513,19.404186795491142,11.788781535158346,6.615673644659152,18.98148148148148,13.768115942028986,5.891035963499732,8.21256038647343,1.7042404723564144,2.314814814814815,1.5901771336553945,0.1878690284487386,0.020128824476650563,0.013419216317767043,0.040257648953301126,,0.0067096081588835215,0.06709608158883522
330,2.341653247450349,6.89747718733226,19.26328502415459,12.010198604401502,6.830381105743425,18.82716049382716,13.768115942028986,5.837359098228664,8.360171765968868,1.6639828234031133,2.2745571658615136,1.6035963499731616,0.17444981213097155,0.020128824476650563,0.013419216317767043,0.040257648953301126,,0.0067096081588835215,0.06709608158883522
331,2.314814814814815,6.843800322061192,19.082125603864736,12.211486849168008,6.830381105743425,18.82716049382716,13.761406333870102,5.877616747181965,8.333333333333334,1.6639828234031133,2.254428341384863,1.6774020397208802,0.17444981213097155,0.020128824476650563,0.013419216317767043,0.040257648953301126,,0.0067096081588835215,0.06709608158883522
332,2.2946859903381642,6.837090713902308,19.0150295222759,12.104133118625873,6.830381105743425,18.887546967257112,13.996242619431026,5.844068706387547,8.293075684380032,1.6505636070853462,2.254428341384863,1.6706924315619969,0.17444981213097155,0.020128824476650563,0.013419216317767043,0.040257648953301126,,0.0067096081588835215,0.06709608158883522
333,2.2946859903381642,6.8035426731078905,19.16935050993022,11.882716049382717,6.790123456790123,18.9747718733226,14.143853998926463,5.776972624798712,8.353462157809984,1.6103059581320451,2.2342995169082127,1.6572732152442298,0.1610305958132045,0.020128824476650563,0.013419216317767043,0.040257648953301126,,0.0067096081588835215,0.06709608158883522
334,2.2410091250670963,6.830381105743425,19.068706387546968,11.990069779924852,6.78341384863124,18.968062265163713,14.204240472356414,5.776972624798712,8.3467525496511,1.6103059581320451,2.2410091250670963,1.6304347826086956,0.1610305958132045,0.020128824476650563,0.013419216317767043,0.040257648953301126,,0.0067096081588835215,0.06709608158883522
335,2.214170692431562,6.810252281266774,18.947933440687063,12.037037037037036,6.8035426731078905,18.94122383252818,14.163982823403114,5.891035963499732,8.413848631239935,1.6103059581320451,2.254428341384863,1.6035963499731616,0.1610305958132045,0.020128824476650563,0.013419216317767043,0.040257648953301126,,0.0067096081588835215,0.06709608158883522
336,2.227589908749329,6.810252281266774,18.9747718733226,12.077294685990339,6.796833064949007,18.98148148148148,14.143853998926463,5.897745571658615,8.387010198604402,1.5901771336553945,2.214170692431562,1.5901771336553945,0.1610305958132045,0.020128824476650563,0.013419216317767043,0.040257648953301126,,0.0067096081588835215,0.06709608158883522
337,2.214170692431562,6.736446591519055,18.988191089640367,12.030327428878154,6.796833064949007,19.048577563070317,14.070048309178745,5.877616747181965,8.440687063875469,1.6304347826086956,2.214170692431562,1.6438539989264627,0.1610305958132045,0.020128824476650563,0.013419216317767043,0.040257648953301126,,0.0067096081588835215,0.06709608158883522
338,2.1940418679549114,6.716317767042405,18.853998926462694,11.889425657541599,6.729736983360172,19.45786366076221,14.036500268384327,5.884326355340848,8.447396672034353,1.6237251744498122,2.2342995169082127,1.6237251744498122,0.1610305958132045,0.020128824476650563,0.013419216317767043,0.040257648953301126,,0.0067096081588835215,0.06709608158883522
339,2.1739130434782608,6.615673644659152,18.746645195920557,12.151100375738057,6.776704240472356,19.290123456790123,14.190821256038648,5.917874396135265,8.299785292538916,1.6304347826086956,2.2410091250670963,1.6371443907675791,0.1610305958132045,0.020128824476650563,0.013419216317767043,0.06038647342995169,,0.0067096081588835215,0.06709608158883522
340,2.1403650026838434,6.561996779388084,18.733225979602793,12.184648416532475,6.796833064949007,19.189479334406872,14.304884594739667,5.924584004294149,8.28636607622115,1.6304347826086956,2.254428341384863,1.6639828234031133,0.1610305958132045,0.020128824476650563,0.013419216317767043,0.06038647342995169,,0.0067096081588835215,0.06709608158883522
341,2.1403650026838434,6.561996779388084,18.71309715512614,12.144390767579173,6.662640901771336,19.028448738593667,14.714170692431562,5.897745571658615,8.225979602791197,1.6706924315619969,2.254428341384863,1.6572732152442298,0.1610305958132045,0.020128824476650563,0.013419216317767043,0.06038647342995169,,0.0067096081588835215,0.06709608158883522
342,2.1604938271604937,6.541867954911433,18.67283950617284,12.25174449812131,6.649221685453569,19.0150295222759,14.720880300590446,5.911164787976382,8.205850778314547,1.6304347826086956,2.26784755770263,1.6639828234031133,0.1610305958132045,0.020128824476650563,0.013419216317767043,0.040257648953301126,,0.0067096081588835215,0.06709608158883522
343,2.1604938271604937,6.461352657004831,18.5252281266774,12.191358024691358,6.400966183574879,19.122383252818036,15.197262479871176,5.998389694041868,8.07836822329576,1.6170155662909287,2.281266774020397,1.6774020397208802,0.14090177133655393,0.020128824476650563,0.013419216317767043,0.040257648953301126,,0.0067096081588835215,0.06709608158883522
344,2.15378421900161,6.394256575415996,18.53864734299517,12.345679012345679,6.367418142780462,18.96135265700483,15.123456790123457,6.031937734836285,8.145464304884594,1.6774020397208802,2.2879763821792807,1.6841116478797638,0.14090177133655393,0.020128824476650563,0.013419216317767043,0.040257648953301126,,0.0067096081588835215,0.06709608158883522
345,2.15378421900161,6.374127750939345,18.438003220611915,12.432903918411165,6.367418142780462,18.840579710144926,15.197262479871176,6.025228126677402,8.111916264090176,1.778046162104133,2.3215244229736984,1.6706924315619969,0.14090177133655393,0.020128824476650563,0.013419216317767043,0.040257648953301126,,0.0067096081588835215,0.06709608158883522
346,2.1604938271604937,6.327160493827161,18.310520665593128,12.359098228663447,6.347289318303811,18.90096618357488,15.445517981749866,6.005099302200751,8.111916264090176,1.778046162104133,2.3081052066559313,1.6841116478797638,0.14090177133655393,0.020128824476650563,0.013419216317767043,0.040257648953301126,,0.0067096081588835215,0.040257648953301126
347,2.214170692431562,6.280193236714976,18.397745571658614,12.298711755233494,6.347289318303811,18.894256575415994,15.432098765432098,5.9514224369296835,8.105206655931294,1.8250134192163177,2.3215244229736984,1.6841116478797638,0.14090177133655393,0.020128824476650563,0.013419216317767043,0.026838432635534086,,0.0067096081588835215,0.040257648953301126
348,2.13365539452496,6.320450885668277,18.290391841116477,12.124261943102523,6.602254428341385,19.028448738593667,15.203972088030058,5.911164787976382,8.293075684380032,1.8585614600107354,2.3215244229736984,1.6572732152442298,0.14761137949543746,0.020128824476650563,0.013419216317767043,0.026838432635534086,,0.0067096081588835215,0.040257648953301126
349,2.120236178207193,6.3137412775093935,18.337359098228664,12.077294685990339,6.588835212023618,19.142512077294686,15.157004830917874,5.83064949006978,8.420558239398819,1.8518518518518519,2.24771873322598,1.6572732152442298,0.14761137949543746,0.020128824476650563,0.013419216317767043,0.026838432635534086,,0.0067096081588835215,0.040257648953301126
350,2.120236178207193,6.3137412775093935,18.4044551798175,12.04374664519592,6.5485775630703165,19.162640901771336,15.143585614600108,5.837359098228664,8.420558239398819,1.8518518518518519,2.26784755770263,1.6304347826086956,0.14761137949543746,0.020128824476650563,0.013419216317767043,0.026838432635534086,,0.0067096081588835215,0.040257648953301126
351,2.1403650026838434,6.280193236714976,18.35077831454643,12.090713902308105,6.508319914117015,19.108964036500268,15.344873859366613,5.8172302737520125,8.333333333333334,1.8518518518518519,2.2611379495437465,1.6572732152442298,0.14761137949543746,0.020128824476650563,0.013419216317767043,0.026838432635534086,,0.0067096081588835215,0.040257648953301126
352,2.200751476113795,6.219806763285024,18.42458400429415,12.171229200214707,6.508319914117015,19.008319914117017,15.35829307568438,5.776972624798712,8.333333333333334,1.8518518518518519,2.2342995169082127,1.6572732152442298,0.14761137949543746,0.020128824476650563,0.013419216317767043,0.026838432635534086,,0.0067096081588835215,0.040257648953301126
353,2.1940418679549114,6.105743424584004,18.59903381642512,11.922973698336017,6.521739130434782,19.236446591519055,15.398550724637682,5.723295759527644,8.400429414922169,1.778046162104133,2.200751476113795,1.6639828234031133,0.14761137949543746,0.020128824476650563,0.013419216317767043,0.026838432635534086,,0.0067096081588835215,0.040257648953301126
354,2.2208803005904456,6.078904991948471,18.57890499194847,12.030327428878154,6.488191089640365,19.30354267310789,15.324745034889963,5.71658615136876,8.373590982286634,1.778046162104133,2.187332259796028,1.6639828234031133,0.14761137949543746,0.020128824476650563,0.013419216317767043,0.026838432635534086,,0.0067096081588835215,0.040257648953301126
355,2.2342995169082127,6.078904991948471,18.592324208266238,12.104133118625873,6.380837359098229,19.223027375201287,15.378421900161031,5.723295759527644,8.400429414922169,1.7579173376274826,2.187332259796028,1.6841116478797638,0.14761137949543746,0.020128824476650563,0.013419216317767043,0.026838432635534086,,0.0067096081588835215,0.040257648953301126
356,2.281266774020397,6.018518518518518,18.65271068169619,12.446323134728932,6.353998926462695,19.0552871712292,15.11003757380569,5.797101449275362,8.427267847557703,1.751207729468599,2.1940418679549114,1.6572732152442298,0.14761137949543746,0.020128824476650563,0.013419216317767043,0.026838432635534086,,0.0067096081588835215,0.040257648953301126
357,2.281266774020397,6.018518518518518,18.659420289855074,12.432903918411165,6.327160493827161,19.02173913043478,15.13016639828234,5.763553408480945,8.55475040257649,1.737788513150832,2.1604938271604937,1.6572732152442298,0.14761137949543746,0.020128824476650563,0.013419216317767043,0.026838432635534086,,0.0067096081588835215,0.040257648953301126
358,2.3081052066559313,5.984970477724101,18.391035963499732,12.775093934514224,6.333870101986044,19.00161030595813,15.157004830917874,5.776972624798712,8.541331186258722,1.7310789049919484,2.147074610842727,1.596886741814278,0.14761137949543746,0.020128824476650563,0.013419216317767043,0.026838432635534086,,0.0067096081588835215,0.040257648953301126
359,2.3081052066559313,5.984970477724101,18.370907139023082,12.754965110037574,6.474771873322598,19.008319914117017,15.143585614600108,5.776972624798712,8.454106280193237,1.724369296833065,2.147074610842727,1.596886741814278,0.14761137949543746,0.020128824476650563,0.013419216317767043,0.026838432635534086,,0.0067096081588835215,0.040257648953301126
360,2.301395598497048,5.904455179817498,18.364197530864196,12.869028448738593,6.515029522275899,18.9345142243693,15.08990874932904,5.790391841116479,8.53462157809984,1.724369296833065,2.13365539452496,1.596886741814278,0.13419216317767044,0.020128824476650563,0.013419216317767043,0.026838432635534086,,0.0067096081588835215,0.040257648953301126
361,2.314814814814815,5.904455179817498,18.16290928609769,12.909286097691895,6.602254428341385,18.867418142780462,15.150295222758992,5.8172302737520125,8.480944712828771,1.8183038110574343,2.13365539452496,1.596886741814278,0.13419216317767044,0.020128824476650563,0.013419216317767043,0.026838432635534086,,0.0067096081588835215,0.040257648953301126
362,2.3349436392914655,5.897745571658615,18.089103596349972,12.95625335480408,6.541867954911433,18.968062265163713,15.042941492216855,5.83064949006978,8.541331186258722,1.8183038110574343,2.1604938271604937,1.5767579173376274,0.13419216317767044,0.020128824476650563,0.013419216317767043,0.026838432635534086,,0.0067096081588835215,0.040257648953301126
363,2.3215244229736984,5.897745571658615,18.06226516371444,12.895866881374127,6.515029522275899,18.98148148148148,15.123456790123457,5.8172302737520125,8.568169618894256,1.8183038110574343,2.187332259796028,1.570048309178744,0.13419216317767044,0.020128824476650563,0.013419216317767043,0.026838432635534086,,0.0067096081588835215,0.040257648953301126
364,2.3081052066559313,5.870907139023081,18.04884594739667,12.902576489533011,6.501610305958132,19.00161030595813,15.136876006441224,5.810520665593129,8.568169618894256,1.8183038110574343,2.2208803005904456,1.570048309178744,0.13419216317767044,0.020128824476650563,0.013419216317767043,0.026838432635534086,,0.0067096081588835215,0.040257648953301126
365,2.301395598497048,5.870907139023081,17.85426731078905,12.949543746645196,6.481481481481482,19.316961889425656,15.08990874932904,5.810520665593129,8.541331186258722,1.7914653784219001,2.200751476113795,1.5499194847020934,0.13419216317767044,0.020128824476650563,0.013419216317767043,0.026838432635534086,,0.0067096081588835215,0.040257648953301126
366,2.301395598497048,5.870907139023081,17.85426731078905,13.01663982823403,6.468062265163715,19.310252281266774,15.157004830917874,5.83064949006978,8.440687063875469,1.751207729468599,2.200751476113795,1.556629092860977,0.13419216317767044,0.020128824476650563,0.013419216317767043,0.026838432635534086,,0.0067096081588835215,0.040257648953301126
367,2.3215244229736984,5.83064949006978,17.726784755770264,13.191089640365004,6.414385399892646,19.370638754696724,15.116747181964573,5.770263016639828,8.474235104669887,1.778046162104133,2.2074610842726785,1.556629092860977,0.13419216317767044,0.020128824476650563,0.013419216317767043,0.026838432635534086,,0.0067096081588835215,0.040257648953301126
368,2.328234031132582,5.803811057434245,17.74020397208803,13.291733762748256,6.387546967257112,19.32367149758454,15.143585614600108,5.736714975845411,8.501073537305421,1.7579173376274826,2.2074610842726785,1.5499194847020934,0.12077294685990338,0.020128824476650563,0.013419216317767043,0.026838432635534086,,0.0067096081588835215,0.040257648953301126
369,2.341653247450349,5.743424584004294,17.639559849704778,13.694310252281268,6.340579710144928,18.988191089640367,15.250939345142244,5.750134192163178,8.55475040257649,1.751207729468599,2.167203435319377,1.5499194847020934,0.12077294685990338,0.020128824476650563,0.013419216317767043,0.026838432635534086,,0.0067096081588835215,0.040257648953301126
370,2.314814814814815,5.877616747181965,17.639559849704778,13.7211486849168,6.333870101986044,18.887546967257112,15.250939345142244,5.790391841116479,8.480944712828771,1.751207729468599,2.200751476113795,1.5096618357487923,0.12077294685990338,0.040257648953301126,0.013419216317767043,0.026838432635534086,,,0.040257648953301126
371,2.314814814814815,5.877616747181965,17.659688674181428,13.741277509393452,6.3137412775093935,18.887546967257112,15.250939345142244,5.776972624798712,8.507783145464305,1.737788513150832,2.1940418679549114,1.4962426194310252,0.12077294685990338,0.040257648953301126,0.013419216317767043,0.026838432635534086,,,0.040257648953301126
372,2.3550724637681157,5.877616747181965,17.619431025228128,13.707729468599034,6.333870101986044,18.968062265163713,15.197262479871176,5.770263016639828,8.548040794417606,1.7310789049919484,2.1940418679549114,1.4559849704777241,0.12077294685990338,0.040257648953301126,0.013419216317767043,0.026838432635534086,,,0.040257648953301126
373,2.3617820719269993,5.870907139023081,17.67981749865808,13.70101986044015,6.333870101986044,18.894256575415994,15.177133655394526,5.844068706387547,8.548040794417606,1.737788513150832,2.1739130434782608,1.4559849704777241,0.10064412238325282,0.040257648953301126,0.013419216317767043,0.026838432635534086,,,0.040257648953301126
374,2.3349436392914655,5.870907139023081,17.53220611916264,13.942565754159958,6.3137412775093935,18.82716049382716,15.203972088030058,5.891035963499732,8.494363929146537,1.724369296833065,2.147074610842727,1.4962426194310252,0.10064412238325282,0.040257648953301126,0.013419216317767043,0.026838432635534086,,,0.040257648953301126
375,2.328234031132582,5.870907139023081,17.52549651100376,13.882179280730005,6.3137412775093935,18.840579710144926,15.190552871712292,5.891035963499732,8.541331186258722,1.724369296833065,2.147074610842727,1.5230810520665594,0.10064412238325282,0.040257648953301126,0.013419216317767043,0.026838432635534086,,,0.040257648953301126
376,2.26784755770263,5.790391841116479,17.505367686527105,14.190821256038648,6.273483628556092,18.820450885668276,15.143585614600108,5.844068706387547,8.561460010735374,1.724369296833065,2.1135265700483092,1.5432098765432098,0.10064412238325282,0.040257648953301126,0.013419216317767043,0.026838432635534086,,,0.040257648953301126
377,2.26784755770263,5.790391841116479,17.538915727321523,14.31159420289855,6.253354804079442,18.69296833064949,15.197262479871176,5.837359098228664,8.521202361782072,1.724369296833065,2.100107353730542,1.5432098765432098,0.10064412238325282,0.040257648953301126,0.013419216317767043,0.026838432635534086,,,0.040257648953301126
378,2.2879763821792807,5.723295759527644,17.579173376274827,14.459205582393988,6.206387546967257,18.659420289855074,15.11003757380569,5.917874396135265,8.568169618894256,1.6371443907675791,2.1068169618894257,1.5230810520665594,0.10064412238325282,0.040257648953301126,0.013419216317767043,0.026838432635534086,,,0.040257648953301126
379,2.2879763821792807,5.71658615136876,17.599302200751477,14.459205582393988,6.159420289855072,18.67283950617284,15.163714439076758,5.891035963499732,8.59500805152979,1.6371443907675791,2.086688137412775,1.5096618357487923,0.10064412238325282,0.040257648953301126,0.013419216317767043,0.026838432635534086,,,0.040257648953301126
380,2.26784755770263,5.703166935050993,17.834138486312398,14.452495974235104,6.1862587224906065,18.57890499194847,15.157004830917874,5.743424584004294,8.635265700483092,1.6103059581320451,2.086688137412775,1.5230810520665594,0.10064412238325282,0.040257648953301126,0.013419216317767043,0.026838432635534086,,,0.040257648953301126
381,2.2946859903381642,5.703166935050993,17.68652710681696,14.76784755770263,6.085614600107354,18.4044551798175,15.163714439076758,5.723295759527644,8.729200214707461,1.583467525496511,2.13365539452496,1.5029522275899088,0.10064412238325282,0.040257648953301126,0.013419216317767043,0.026838432635534086,,,0.040257648953301126
382,2.3349436392914655,5.6964573268921095,17.58588298443371,14.727589908749328,6.078904991948471,18.391035963499732,15.257648953301127,5.730005367686527,8.729200214707461,1.5767579173376274,2.167203435319377,1.5029522275899088,0.10064412238325282,0.040257648953301126,0.013419216317767043,0.026838432635534086,,,0.040257648953301126
383,2.314814814814815,7.0450885668276975,17.404723564143854,14.841653247450349,5.280461621041331,18.21658615136876,14.99597423510467,5.730005367686527,8.668813741277509,1.6304347826086956,2.147074610842727,1.5029522275899088,0.10064412238325282,0.040257648953301126,0.013419216317767043,0.026838432635534086,,,0.040257648953301126
384,2.328234031132582,7.024959742351046,17.411433172302736,14.74771873322598,5.253623188405797,18.438003220611915,15.177133655394526,5.595813204508857,8.541331186258722,1.6103059581320451,2.147074610842727,1.5029522275899088,0.10064412238325282,0.040257648953301126,0.013419216317767043,0.026838432635534086,,,0.040257648953301126
385,2.328234031132582,6.937734836285561,17.37788513150832,14.667203435319378,5.35426731078905,18.4447128287708,15.237520128824476,5.58239398819109,8.57487922705314,1.6103059581320451,2.1604938271604937,1.5029522275899088,0.10064412238325282,0.040257648953301126,0.013419216317767043,0.026838432635534086,,,0.040257648953301126
386,2.3550724637681157,6.89747718733226,17.310789049919485,14.65378421900161,5.421363392377885,18.370907139023082,15.351583467525497,5.58239398819109,8.568169618894256,1.6103059581320451,2.167203435319377,1.4895330112721417,0.10064412238325282,0.040257648953301126,0.013419216317767043,0.026838432635534086,,,0.040257648953301126
387,2.3752012882447664,6.89747718733226,17.2638217928073,14.74771873322598,5.421363392377885,18.35077831454643,15.311325818572195,5.60252281266774,8.57487922705314,1.6035963499731616,2.1403650026838434,1.4895330112721417,0.10064412238325282,0.040257648953301126,0.013419216317767043,0.026838432635534086,,,0.040257648953301126
388,2.3886205045625335,6.877348362855609,17.122920021470748,14.942297369833602,5.46833064949007,18.5252281266774,15.190552871712292,5.609232420826624,8.433977455716587,1.5767579173376274,2.1403650026838434,1.5029522275899088,0.10064412238325282,0.040257648953301126,0.013419216317767043,0.026838432635534086,,,0.040257648953301126
389,2.4020397208803006,6.843800322061192,17.11621041331186,14.942297369833602,5.4616210413311865,18.54535695115405,15.197262479871176,5.609232420826624,8.400429414922169,1.5901771336553945,2.167203435319377,1.5029522275899088,0.10064412238325282,0.040257648953301126,0.013419216317767043,0.026838432635534086,,,0.040257648953301126
390,2.4221685453569513,6.78341384863124,17.23027375201288,15.009393451422437,5.401234567901234,18.612453032742888,15.210681696188942,5.58239398819109,8.272946859903382,1.5901771336553945,2.1604938271604937,1.5029522275899088,0.10064412238325282,0.040257648953301126,0.013419216317767043,0.026838432635534086,,,0.040257648953301126
391,2.4355877616747184,6.756575415995706,17.136339237788512,14.99597423510467,5.293880837359098,18.625872249060656,15.418679549114332,5.58239398819109,8.293075684380032,1.583467525496511,2.1604938271604937,1.4962426194310252,0.10064412238325282,0.040257648953301126,0.013419216317767043,0.026838432635534086,,,0.040257648953301126
392,2.475845410628019,6.723027375201288,17.09608158883521,14.982555018786902,5.267042404723564,18.927804616210413,15.405260332796564,5.589103596349974,8.105206655931294,1.583467525496511,2.167203435319377,1.4559849704777241,0.10064412238325282,0.040257648953301126,0.013419216317767043,0.026838432635534086,,,0.040257648953301126
393,2.442297369833602,6.608964036500268,16.982018250134193,15.049651100375739,5.434782608695652,18.820450885668276,15.398550724637682,5.662909286097692,8.179012345679013,1.5767579173376274,2.1403650026838434,1.4559849704777241,0.10064412238325282,0.040257648953301126,0.013419216317767043,0.026838432635534086,,,0.06709608158883522
394,2.475845410628019,6.588835212023618,16.955179817498657,15.24422973698336,5.421363392377885,18.63929146537842,15.458937198067632,5.615942028985507,8.199141170155663,1.5767579173376274,2.1403650026838434,1.4492753623188406,0.10064412238325282,0.040257648953301126,0.013419216317767043,0.013419216317767043,,,0.06709608158883522
395,2.4490069779924855,6.414385399892646,17.028985507246375,15.271068169618895,5.595813204508857,18.67283950617284,15.438808373590982,5.595813204508857,8.172302737520129,1.583467525496511,2.1269457863660763,1.415727321524423,0.10064412238325282,0.040257648953301126,0.013419216317767043,0.013419216317767043,,,0.06709608158883522
396,2.4490069779924855,6.340579710144928,16.921631776704242,15.378421900161031,5.595813204508857,18.659420289855074,15.559581320450885,5.595813204508857,8.145464304884594,1.583467525496511,2.1068169618894257,1.42914653784219,0.10064412238325282,0.040257648953301126,0.013419216317767043,0.013419216317767043,,,0.06709608158883522
397,2.408749329039184,6.293612453032743,17.01556629092861,15.177133655394526,5.669618894256575,18.59903381642512,15.552871712292003,5.669618894256575,8.13875469672571,1.6103059581320451,2.200751476113795,1.42914653784219,0.10064412238325282,0.040257648953301126,0.013419216317767043,0.013419216317767043,,,0.06709608158883522
398,2.408749329039184,6.152710681696189,16.935050993022006,15.411969940955448,5.8239398819108965,18.377616747181964,15.734031132581856,5.629361245303274,8.064949006977992,1.6103059581320451,2.200751476113795,1.415727321524423,0.10064412238325282,0.040257648953301126,0.013419216317767043,0.013419216317767043,,,0.06709608158883522
399,2.408749329039184,6.146001073537305,16.968599033816425,15.391841116478798,5.8239398819108965,18.344068706387546,15.767579173376275,5.60252281266774,8.051529790660226,1.6103059581320451,2.24771873322598,1.402308105206656,0.10064412238325282,0.040257648953301126,0.013419216317767043,0.013419216317767043,,,0.06709608158883522
400,2.428878153515835,6.125872249060655,16.67337627482555,15.398550724637682,5.837359098228664,18.5252281266774,15.881642512077295,5.636070853462158,8.024691358024691,1.5767579173376274,2.24771873322598,1.4090177133655395,0.10064412238325282,0.040257648953301126,0.013419216317767043,0.013419216317767043,,,0.06709608158883522
401,2.4355877616747184,6.125872249060655,16.666666666666668,15.539452495974235,5.803811057434245,18.57890499194847,15.70048309178744,5.642780461621041,8.024691358024691,1.5767579173376274,2.24771873322598,1.4224369296833066,0.10064412238325282,0.040257648953301126,0.013419216317767043,0.013419216317767043,,,0.06709608158883522
402,2.3886205045625335,6.125872249060655,16.881374127750938,15.626677402039721,5.8172302737520125,18.55877616747182,15.519323671497585,5.609232420826624,7.96430488459474,1.5767579173376274,2.2745571658615136,1.4224369296833066,0.10064412238325282,0.040257648953301126,0.013419216317767043,0.013419216317767043,,,0.06709608158883522
403,2.38191089640365,6.125872249060655,16.820987654320987,15.5126140633387,5.797101449275362,18.793612453032743,15.552871712292003,5.642780461621041,7.877079978529254,1.570048309178744,2.2611379495437465,1.4358561460010735,0.0939345142243693,0.040257648953301126,0.013419216317767043,0.013419216317767043,,,0.06709608158883522
404,2.38191089640365,6.0587761674718195,16.639828234031132,15.539452495974235,5.743424584004294,18.592324208266238,16.129898013955984,5.589103596349974,7.856951154052603,1.570048309178744,2.2074610842726785,1.4626945786366077,0.0939345142243693,0.040257648953301126,0.013419216317767043,0.013419216317767043,,,0.06709608158883522
405,2.4154589371980677,6.031937734836285,16.639828234031132,15.479066022544284,5.629361245303274,18.4849704777241,16.478797638217927,5.5689747718733225,7.769726247987117,1.5633387010198605,2.2342995169082127,1.4761137949543746,0.0939345142243693,0.040257648953301126,0.013419216317767043,0.013419216317767043,,,0.06709608158883522
406,2.408749329039184,6.005099302200751,16.76731078904992,15.405260332796564,5.636070853462158,18.357487922705314,16.532474503488995,5.589103596349974,7.763016639828234,1.5633387010198605,2.26784755770263,1.4761137949543746,0.0939345142243693,0.040257648953301126,0.013419216317767043,0.013419216317767043,,,0.06709608158883522
407,2.408749329039184,5.964841653247451,16.76731078904992,15.432098765432098,5.636070853462158,18.397745571658614,16.5727321524423,5.589103596349974,7.749597423510467,1.570048309178744,2.214170692431562,1.4694041867954912,0.0939345142243693,0.040257648953301126,0.013419216317767043,0.013419216317767043,,,0.06709608158883522
408,2.4154589371980677,5.917874396135265,16.6935050993022,15.58641975308642,5.58239398819109,18.4447128287708,16.59957058507783,5.642780461621041,7.695920558239399,1.5297906602254427,2.2074610842726785,1.4694041867954912,0.0939345142243693,0.040257648953301126,,0.013419216317767043,,,0.06709608158883522
409,2.4020397208803006,5.864197530864198,16.606280193236714,15.693773483628556,5.58239398819109,18.38432635534085,16.646537842190018,5.703166935050993,7.6556629092860975,1.556629092860977,2.2342995169082127,1.4559849704777241,0.0939345142243693,0.040257648953301126,,0.013419216317767043,,,0.06709608158883522
410,2.4221685453569513,5.850778314546431,16.834406870638755,15.58641975308642,5.5689747718733225,18.511808910359633,16.532474503488995,5.669618894256575,7.561728395061729,1.556629092860977,2.2342995169082127,1.4559849704777241,0.0939345142243693,0.040257648953301126,,0.013419216317767043,,,0.06709608158883522
411,2.428878153515835,5.770263016639828,16.80756843800322,15.573000536768653,5.522007514761138,18.9345142243693,16.42512077294686,5.615942028985507,7.501341921631776,1.5432098765432098,2.2074610842726785,1.4559849704777241,0.0939345142243693,0.040257648953301126,,0.013419216317767043,,,0.06709608158883522
412,2.4020397208803006,5.756843800322061,16.76731078904992,15.660225442834138,5.522007514761138,18.907675791733762,16.472088030059044,5.629361245303274,7.494632313472893,1.570048309178744,2.1739130434782608,1.42914653784219,0.0939345142243693,0.040257648953301126,,0.013419216317767043,,,0.06709608158883522
413,2.3617820719269993,5.723295759527644,16.680085882984432,15.70048309178744,5.522007514761138,19.061996779388085,16.42512077294686,5.615942028985507,7.494632313472893,1.596886741814278,2.1739130434782608,1.42914653784219,0.0939345142243693,0.040257648953301126,,0.013419216317767043,,,0.06709608158883522
414,2.3617820719269993,5.723295759527644,16.6935050993022,15.633387010198604,5.522007514761138,19.11567364465915,16.42512077294686,5.589103596349974,7.50805152979066,1.596886741814278,2.1739130434782608,1.42914653784219,0.0939345142243693,0.040257648953301126,,0.026838432635534086,,,0.06709608158883522
415,2.368491680085883,5.689747718733226,16.626409017713364,15.566290928609769,5.555555555555555,19.350509930220074,16.42512077294686,5.595813204508857,7.39398819108964,1.596886741814278,2.1604938271604937,1.442565754159957,0.0939345142243693,0.040257648953301126,,0.026838432635534086,,,0.06709608158883522
416,2.3752012882447664,5.649490069779925,16.63311862587225,15.780998389694043,5.542136339237788,19.16935050993022,16.358024691358025,5.5689747718733225,7.521470746108427,1.583467525496511,2.147074610842727,1.442565754159957,0.0939345142243693,0.040257648953301126,,0.026838432635534086,,,0.06709608158883522
417,2.395330112721417,5.642780461621041,16.532474503488995,15.727321524422974,5.475040257648954,19.464573268921097,16.264090177133657,5.5756843800322065,7.50805152979066,1.570048309178744,2.1739130434782608,1.442565754159957,0.0939345142243693,0.040257648953301126,,0.026838432635534086,,,0.06709608158883522
418,2.4020397208803006,5.642780461621041,16.485507246376812,15.76086956521739,5.401234567901234,19.524959742351047,16.163446054750402,5.656199677938808,7.575147611379496,1.5432098765432098,2.1806226516371443,1.442565754159957,0.08722490606548577,0.040257648953301126,,0.026838432635534086,,,0.06709608158883522
419,2.475845410628019,5.642780461621041,16.458668813741276,15.83467525496511,5.421363392377885,19.404186795491142,16.27750939345142,5.5756843800322065,7.568438003220612,1.5163714439076759,2.1739130434782608,1.42914653784219,0.08722490606548577,0.040257648953301126,,0.026838432635534086,,,0.06709608158883522
420,2.49597423510467,5.609232420826624,16.512345679012345,15.908480944712828,5.421363392377885,19.370638754696724,16.391572732152444,5.488459473966721,7.548309178743962,1.5163714439076759,2.086688137412775,1.42914653784219,0.08722490606548577,0.040257648953301126,,0.026838432635534086,,,0.06709608158883522
421,2.4825550187869028,5.535426731078905,16.53918411164788,15.921900161030596,5.407944176060118,19.37734836285561,16.418411164787976,5.488459473966721,7.5281803542673105,1.5163714439076759,2.0799785292538915,1.482823403113258,0.08722490606548577,0.040257648953301126,,0.026838432635534086,,,0.06709608158883522
422,2.4490069779924855,5.515297906602254,16.42512077294686,16.646537842190018,5.407944176060118,19.16935050993022,16.35131508319914,5.434782608695652,7.387278582930757,1.4694041867954912,2.0665593129361244,1.4559849704777241,0.08722490606548577,0.040257648953301126,,0.026838432635534086,,,0.06709608158883522
423,2.5026838432635534,5.501878690284487,16.384863123993558,16.59957058507783,5.394524959742351,19.310252281266774,16.243961352657006,5.428073000536768,7.380568974771873,1.4694041867954912,2.0933977455716586,1.4559849704777241,0.07380568974771873,0.06709608158883522,,0.026838432635534086,,,0.06709608158883522
424,2.5563607085346214,5.475040257648954,16.364734299516908,16.512345679012345,5.367686527106817,19.343800322061192,16.21712292002147,5.475040257648954,7.447665056360709,1.4694041867954912,2.086688137412775,1.4492753623188406,0.07380568974771873,0.06709608158883522,,0.026838432635534086,,,0.06709608158883522
425,2.522812667740204,5.46833064949007,16.358024691358025,16.57944176060118,5.367686527106817,19.26328502415459,16.304347826086957,5.522007514761138,7.360440150295223,1.5096618357487923,2.0665593129361244,1.442565754159957,0.07380568974771873,0.06709608158883522,,0.026838432635534086,,,0.06709608158883522
426,2.509393451422437,5.46833064949007,16.411701556629094,16.70692431561997,5.3274288781535155,19.424315619967793,16.163446054750402,5.508588298443371,7.2933440687063875,1.4626945786366077,2.0531400966183573,1.42914653784219,0.07380568974771873,0.07380568974771873,,0.026838432635534086,,,0.06709608158883522
427,2.5295222758990876,5.46833064949007,16.431830381105744,16.71363392377885,5.314009661835748,19.41760601180891,16.170155662909288,5.508588298443371,7.239667203435319,1.4559849704777241,2.086688137412775,1.42914653784219,0.07380568974771873,0.06709608158883522,,0.026838432635534086,,,0.06709608158883522
428,2.536231884057971,5.428073000536768,16.505636070853463,16.70692431561997,5.300590445517981,19.310252281266774,16.23054213633924,5.488459473966721,7.286634460547504,1.4559849704777241,2.1068169618894257,1.4090177133655395,0.07380568974771873,0.06709608158883522,,0.026838432635534086,,,0.06709608158883522
429,2.5295222758990876,5.360976918947934,16.700214707461082,16.834406870638755,5.22007514761138,19.350509930220074,16.13660762211487,5.481749865807837,7.226247987117552,1.4559849704777241,2.13365539452496,1.3352120236178207,0.07380568974771873,0.06709608158883522,,0.026838432635534086,,,0.06709608158883522
430,2.5563607085346214,5.35426731078905,16.57944176060118,16.968599033816425,5.193236714975845,19.249865807836823,16.29092860976919,5.46833064949007,7.199409554482019,1.4559849704777241,2.1269457863660763,1.3217928073000538,0.07380568974771873,0.06709608158883522,,0.026838432635534086,,,0.06709608158883522
431,2.5295222758990876,5.340848094471283,16.532474503488995,16.928341384863124,5.280461621041331,19.04186795491143,16.42512077294686,5.441492216854535,7.360440150295223,1.4492753623188406,2.1269457863660763,1.3083735909822867,0.07380568974771873,0.06709608158883522,,0.026838432635534086,,,0.06709608158883522
432,2.5026838432635534,5.307300053676865,16.700214707461082,16.901502952227588,5.280461621041331,18.99490069779925,16.42512077294686,5.441492216854535,7.353730542136339,1.4492753623188406,2.1135265700483092,1.2949543746645196,0.07380568974771873,0.06709608158883522,,0.026838432635534086,,,0.06709608158883522
433,2.536231884057971,5.307300053676865,16.814278046162105,16.874664519592056,5.360976918947934,18.86070853462158,16.398282340311326,5.434782608695652,7.300053676865271,1.4492753623188406,2.13365539452496,1.2949543746645196,0.07380568974771873,0.06709608158883522,,0.026838432635534086,,,0.06709608158883522
434,2.522812667740204,5.307300053676865,16.854535695115406,16.867954911433173,5.340848094471283,18.9345142243693,16.337895866881375,5.434782608695652,7.286634460547504,1.4626945786366077,2.1269457863660763,1.288244766505636,0.07380568974771873,0.06709608158883522,,0.026838432635534086,,,0.06709608158883522
435,2.589908749329039,5.307300053676865,16.686795491143318,16.854535695115406,5.3341384863123995,19.028448738593667,16.35131508319914,5.501878690284487,7.286634460547504,1.4559849704777241,2.086688137412775,1.2815351583467525,0.07380568974771873,0.06709608158883522,,0.026838432635534086,,,0.06709608158883522
436,2.589908749329039,5.307300053676865,16.391572732152444,16.666666666666668,5.347557702630167,19.32367149758454,16.525764895330113,5.434782608695652,7.39398819108964,1.4224369296833066,2.086688137412775,1.2748255501878691,0.07380568974771873,0.06709608158883522,,0.026838432635534086,,,0.06709608158883522
437,2.563070316693505,5.293880837359098,16.344605475040257,16.800858829844337,5.293880837359098,19.32367149758454,16.545893719806763,5.387815351583468,7.39398819108964,1.4492753623188406,2.0665593129361244,1.3016639828234031,0.07380568974771873,0.06709608158883522,,0.026838432635534086,,,0.06709608158883522
438,2.5563607085346214,5.280461621041331,16.317767042404725,16.888083735909824,5.233494363929147,19.269994632313473,16.666666666666668,5.381105743424584,7.333601717659689,1.4492753623188406,2.073268921095008,1.3150831991411702,0.07380568974771873,0.06709608158883522,,0.026838432635534086,,,0.06709608158883522
439,2.5697799248523885,5.273752012882448,16.358024691358025,16.881374127750938,5.233494363929147,19.290123456790123,16.6129898013956,5.407944176060118,7.300053676865271,1.4492753623188406,2.0397208803005906,1.3352120236178207,0.08722490606548577,0.06709608158883522,,0.026838432635534086,,,0.06709608158883522
440,2.5496511003757383,5.273752012882448,16.384863123993558,16.935050993022006,5.2066559312936125,19.216317767042405,16.700214707461082,5.414653784219001,7.266505636070853,1.42914653784219,2.0397208803005906,1.3352120236178207,0.08722490606548577,0.06709608158883522,,0.026838432635534086,,,0.06709608158883522
441,2.5831991411701556,5.233494363929147,16.404991948470208,17.022275899087493,5.166398282340311,19.129092860976918,16.794149221685455,5.407944176060118,7.232957595276436,1.3754696725711217,2.13365539452496,1.288244766505636,0.08722490606548577,0.04696725711218465,,0.026838432635534086,,,0.06709608158883522
442,2.589908749329039,5.173107890499195,16.445249597423512,17.16988727858293,5.434782608695652,18.927804616210413,16.841116478797638,5.267042404723564,7.139023081052066,1.3754696725711217,2.120236178207193,1.288244766505636,0.08722490606548577,0.04696725711218465,,0.026838432635534086,,,0.06709608158883522
443,2.6301663982823404,5.173107890499195,16.418411164787976,17.163177670424048,5.434782608695652,18.90096618357488,16.820987654320987,5.293880837359098,7.139023081052066,1.3754696725711217,2.13365539452496,1.288244766505636,0.08722490606548577,0.04696725711218465,,0.026838432635534086,,,0.06709608158883522
444,2.623456790123457,5.132850241545894,16.378153515834676,17.09608158883521,5.46833064949007,18.92109500805153,16.841116478797638,5.267042404723564,7.239667203435319,1.3687600644122384,2.13365539452496,1.3016639828234031,0.08722490606548577,0.04696725711218465,,0.026838432635534086,,,0.06709608158883522
445,2.61003757380569,5.018786902844874,16.431830381105744,17.28395061728395,5.508588298443371,18.95464304884595,16.800858829844337,5.260332796564681,7.152442297369833,1.3419216317767042,2.1068169618894257,1.3016639828234031,0.08722490606548577,0.04696725711218465,,0.026838432635534086,,,0.06709608158883522
446,2.623456790123457,5.018786902844874,16.304347826086957,17.3040794417606,5.475040257648954,18.96135265700483,16.854535695115406,5.226784755770263,7.179280730005368,1.402308105206656,2.13365539452496,1.288244766505636,0.08722490606548577,0.04696725711218465,,0.026838432635534086,,,0.06709608158883522
447,2.5697799248523885,4.998658078368224,16.337895866881375,17.3040794417606,5.475040257648954,18.98148148148148,16.82769726247987,5.260332796564681,7.239667203435319,1.3821792807300053,2.13365539452496,1.261406333870102,0.08722490606548577,0.04696725711218465,,0.026838432635534086,,,0.06709608158883522
448,2.5831991411701556,4.998658078368224,16.317767042404725,17.297369833601717,5.555555555555555,19.02173913043478,16.82769726247987,5.186527106816962,7.219538378958669,1.3821792807300053,2.13365539452496,1.247987117552335,0.08722490606548577,0.04696725711218465,,0.026838432635534086,,,0.06709608158883522
449,2.6033279656468062,4.99194847020934,16.21712292002147,17.10950080515298,5.555555555555555,19.088835212023618,16.888083735909824,5.12614063338701,7.380568974771873,1.3821792807300053,2.1806226516371443,1.247987117552335,0.08722490606548577,0.04696725711218465,,0.026838432635534086,,,0.06709608158883522
450,2.5966183574879227,4.985238862050457,16.465378421900162,17.143048845947398,5.535426731078905,19.182769726247987,16.720343531937736,5.065754159957058,7.313472893183038,1.3754696725711217,2.167203435319377,1.221148684916801,0.08722490606548577,0.04696725711218465,,0.026838432635534086,,,0.06709608158883522
451,2.5831991411701556,4.9718196457326895,16.344605475040257,17.424852388620504,5.528717122920021,19.35721953837896,16.646537842190018,4.998658078368224,7.199409554482019,1.3754696725711217,2.147074610842727,1.2077294685990339,0.08722490606548577,0.04696725711218465,,0.013419216317767043,,,0.06709608158883522
452,2.5496511003757383,4.951690821256038,16.364734299516908,17.431561996779386,5.528717122920021,19.390767579173378,16.57944176060118,5.025496511003757,7.179280730005368,1.3754696725711217,2.13365539452496,1.2748255501878691,0.08722490606548577,0.04696725711218465,,0.013419216317767043,,,0.06709608158883522
453,2.536231884057971,4.884594739667204,16.27079978529254,17.659688674181428,5.528717122920021,19.390767579173378,16.492216854535695,5.005367686527107,7.239667203435319,1.402308105206656,2.1068169618894257,1.2681159420289856,0.08722490606548577,0.04696725711218465,,0.013419216317767043,,,0.06709608158883522
454,2.5563607085346214,4.884594739667204,16.190284487385938,17.579173376274827,5.501878690284487,19.404186795491142,16.6532474503489,5.025496511003757,7.219538378958669,1.3955984970477724,2.1068169618894257,1.2681159420289856,0.08722490606548577,0.04696725711218465,,0.013419216317767043,,,0.06709608158883522
455,2.5496511003757383,4.804079441760601,16.10305958132045,17.60601180891036,5.501878690284487,19.43773483628556,16.6935050993022,5.01207729468599,7.27992485238862,1.4090177133655395,2.13365539452496,1.2681159420289856,0.08722490606548577,0.04696725711218465,,,,,0.06709608158883522
456,2.589908749329039,4.7638217928073,16.06280193236715,17.54562533548041,5.495169082125604,19.484702093397747,16.881374127750938,4.985238862050457,7.192699946323135,1.4090177133655395,2.13365539452496,1.2546967257112185,0.08722490606548577,0.04696725711218465,,,,,0.06709608158883522
457,2.589908749329039,4.7638217928073,16.089640365002683,17.599302200751477,5.528717122920021,19.43102522812668,16.847826086956523,5.032206119162641,7.098765432098766,1.4090177133655395,2.13365539452496,1.2546967257112185,0.08722490606548577,0.040257648953301126,,0.026838432635534086,,,0.06709608158883522
458,2.6033279656468062,4.723564143853999,16.049382716049383,17.478529253891573,5.495169082125604,19.6256038647343,16.841116478797638,5.038915727321524,7.112184648416532,1.4090177133655395,2.147074610842727,1.2546967257112185,0.08722490606548577,0.040257648953301126,,0.026838432635534086,,,0.06709608158883522
459,2.6033279656468062,4.683306494900698,15.901771336553946,17.330917874396135,5.314009661835748,20.128824476650564,16.955179817498657,4.978529253891573,7.071926999463232,1.4090177133655395,2.147074610842727,1.2546967257112185,0.08722490606548577,0.040257648953301126,,0.026838432635534086,,,0.06709608158883522
460,2.6167471819645733,4.683306494900698,16.0829307568438,17.51207729468599,5.293880837359098,20.356951154052602,16.740472356414386,4.824208266237251,7.011540526033279,1.4090177133655395,2.086688137412775,1.1674718196457328,0.08722490606548577,0.040257648953301126,,0.026838432635534086,,,0.06038647342995169
461,2.589908749329039,4.683306494900698,16.170155662909288,17.579173376274827,5.287171229200215,20.343531937734838,16.700214707461082,4.824208266237251,6.964573268921095,1.3754696725711217,2.100107353730542,1.1674718196457328,0.08722490606548577,0.040257648953301126,,0.026838432635534086,,,0.06038647342995169
462,2.61003757380569,4.669887278582931,16.129898013955984,17.538915727321523,5.367686527106817,20.43075684380032,16.780730005367687,4.723564143853999,6.977992485238862,1.3553408480944713,2.0531400966183573,1.1741814278046163,0.08722490606548577,0.040257648953301126,,0.026838432635534086,,,0.03354804079441761
463,2.6301663982823404,4.569243156199678,16.190284487385938,17.632850241545892,5.360976918947934,20.645464304884594,16.525764895330113,4.736983360171766,6.984702093397746,1.3419216317767042,2.01959205582394,1.1741814278046163,0.08722490606548577,0.040257648953301126,,0.026838432635534086,,,0.03354804079441761
464,2.6167471819645733,4.562533548040794,16.17686527106817,17.69994632313473,5.340848094471283,20.611916264090176,16.552603327965645,4.7101449275362315,7.024959742351046,1.3419216317767042,1.9994632313472893,1.1741814278046163,0.08722490606548577,0.040257648953301126,,0.026838432635534086,,,0.03354804079441761
465,2.623456790123457,4.508856682769726,16.15673644659152,17.56575415995706,5.314009661835748,20.954106280193237,16.458668813741276,4.622920021470746,7.018250134192163,1.3419216317767042,2.0531400966183573,1.1808910359634996,0.11406333870101985,0.040257648953301126,,0.026838432635534086,,,0.020128824476650563
466,2.6301663982823404,4.49543746645196,16.06280193236715,17.64626945786366,5.300590445517981,21.014492753623188,16.384863123993558,4.622920021470746,7.018250134192163,1.3419216317767042,2.100107353730542,1.1808910359634996,0.11406333870101985,0.040257648953301126,,0.026838432635534086,,,0.020128824476650563
467,2.677133655394525,4.4820182501341925,16.069511540526033,17.780461621041333,5.287171229200215,20.933977455716587,16.317767042404725,4.622920021470746,7.051798174986581,1.3150831991411702,2.086688137412775,1.1741814278046163,0.11406333870101985,0.040257648953301126,,0.026838432635534086,,,0.020128824476650563
468,2.6704240472356413,4.4820182501341925,15.955448201825014,17.787171229200215,5.287171229200215,20.96081588835212,16.21712292002147,4.569243156199678,7.1725711218464845,1.3821792807300053,2.1403650026838434,1.1808910359634996,0.10735373054213634,0.040257648953301126,,0.026838432635534086,,,0.020128824476650563
469,2.6502952227589907,4.64975845410628,15.962157809983896,17.726784755770264,5.320719269994632,20.913848631239937,16.183574879227052,4.575952764358561,7.132313472893183,1.3687600644122384,2.1403650026838434,1.1808910359634996,0.10735373054213634,0.040257648953301126,,0.026838432635534086,,,0.020128824476650563
470,2.677133655394525,4.643048845947397,15.848094471282877,17.921363392377884,5.320719269994632,20.90713902308105,16.089640365002683,4.5893719806763285,7.112184648416532,1.3687600644122384,2.147074610842727,1.1808910359634996,0.10735373054213634,0.040257648953301126,,0.026838432635534086,,,0.020128824476650563
471,2.657004830917874,4.622920021470746,15.881642512077295,18.04884594739667,5.441492216854535,20.779656468062264,16.002415458937197,4.5893719806763285,7.105475040257649,1.3620504562533549,2.13365539452496,1.1808910359634996,0.10735373054213634,0.040257648953301126,,0.026838432635534086,,,0.020128824476650563
472,2.6704240472356413,4.622920021470746,16.163446054750402,18.015297906602253,5.636070853462158,20.571658615136876,15.814546430488459,4.562533548040794,7.092055823939882,1.3486312399355878,2.13365539452496,1.1741814278046163,0.10735373054213634,0.040257648953301126,,0.026838432635534086,,,0.020128824476650563
473,2.690552871712292,4.622920021470746,16.14331723027375,18.06897477187332,5.636070853462158,20.605206655931294,15.74074074074074,4.562533548040794,7.085346215780999,1.3486312399355878,2.1269457863660763,1.1741814278046163,0.10735373054213634,0.040257648953301126,,0.026838432635534086,,,0.020128824476650563
474,2.690552871712292,4.616210413311863,15.982286634460548,18.136070853462158,5.60252281266774,20.598497047772412,15.74074074074074,4.582662372517445,7.118894256575416,1.442565754159957,2.13365539452496,1.1741814278046163,0.0939345142243693,0.040257648953301126,,0.026838432635534086,,,0.020128824476650563
475,2.6838432635534084,4.616210413311863,15.868223295759528,18.129361245303276,5.6964573268921095,20.551529790660226,15.787707997852925,4.690016103059581,7.105475040257649,1.442565754159957,2.0799785292538915,1.1741814278046163,0.0939345142243693,0.03354804079441761,,0.026838432635534086,,,0.020128824476650563
476,2.7106816961889426,4.602791196994096,15.767579173376275,18.089103596349972,5.669618894256575,20.73268921095008,15.76086956521739,4.663177670424047,7.185990338164252,1.442565754159957,2.033011272141707,1.1674718196457328,0.0939345142243693,0.03354804079441761,,0.026838432635534086,,,0.020128824476650563
477,2.7241009125067097,4.582662372517445,15.774288781535159,18.156199677938808,5.669618894256575,20.699141170155663,15.74074074074074,4.616210413311863,7.212828770799785,1.442565754159957,2.0397208803005906,1.1674718196457328,0.0939345142243693,0.03354804079441761,,0.026838432635534086,,,0.020128824476650563
478,2.7308105206655933,4.582662372517445,15.868223295759528,18.109232420826622,5.662909286097692,20.705850778314545,15.72061191626409,4.636339237788513,7.199409554482019,1.42914653784219,2.01959205582394,1.1607622114868492,0.0939345142243693,0.03354804079441761,,0.026838432635534086,,,0.020128824476650563
479,2.703972088030059,4.569243156199678,15.754159957058508,18.438003220611915,5.810520665593129,20.397208803005906,15.747450348899624,4.575952764358561,7.192699946323135,1.402308105206656,2.086688137412775,1.1473429951690821,0.0939345142243693,0.03354804079441761,,0.026838432635534086,,,0.020128824476650563
480,2.7308105206655933,4.562533548040794,15.754159957058508,18.431293612453032,6.105743424584004,20.263016639828233,15.646806226516372,4.542404723564144,7.1658615136876005,1.402308105206656,2.073268921095008,1.1473429951690821,0.0939345142243693,0.03354804079441761,,0.026838432635534086,,,0.020128824476650563
481,2.6972624798711755,4.4820182501341925,15.619967793880837,18.632581857219538,6.078904991948471,20.175791733762747,15.780998389694043,4.562533548040794,7.206119162640902,1.402308105206656,2.0397208803005906,1.1473429951690821,0.0939345142243693,0.03354804079441761,,0.026838432635534086,,,0.020128824476650563
482,2.6838432635534084,4.233762748255502,15.60654857756307,18.947933440687063,6.038647342995169,20.095276435856146,15.827965646806227,4.616210413311863,7.179280730005368,1.402308105206656,2.059849704777241,1.1473429951690821,0.08051529790660225,0.03354804079441761,,0.026838432635534086,,,0.020128824476650563
483,2.7106816961889426,4.2270531400966185,15.60654857756307,18.80703166935051,6.005099302200751,20.189210950080515,15.895061728395062,4.636339237788513,7.206119162640902,1.3687600644122384,2.046430488459474,1.1406333870101986,0.08051529790660225,0.03354804079441761,,0.026838432635534086,,,0.020128824476650563
484,2.6838432635534084,4.2270531400966185,15.713902308105206,18.988191089640367,5.891035963499732,20.21604938271605,15.827965646806227,4.622920021470746,7.105475040257649,1.3687600644122384,2.0531400966183573,1.1406333870101986,0.08051529790660225,0.03354804079441761,,0.026838432635534086,,,0.020128824476650563
485,2.690552871712292,4.2203435319377345,15.519323671497585,18.95464304884595,5.884326355340848,20.578368223295758,15.76086956521739,4.609500805152979,7.098765432098766,1.3687600644122384,2.046430488459474,1.107085346215781,0.08051529790660225,0.03354804079441761,,0.026838432635534086,,,0.020128824476650563
486,2.657004830917874,4.193505099302201,15.505904455179817,19.0150295222759,5.877616747181965,20.618625872249062,15.767579173376275,4.5893719806763285,7.098765432098766,1.3687600644122384,2.0397208803005906,1.0869565217391304,0.08051529790660225,0.03354804079441761,,0.04696725711218465,,,0.020128824476650563
487,2.6637144390767578,4.186795491143317,15.479066022544284,19.0150295222759,6.018518518518518,20.652173913043477,15.727321524422974,4.562533548040794,7.024959742351046,1.3687600644122384,2.0397208803005906,1.0869565217391304,0.07380568974771873,0.03354804079441761,,0.04696725711218465,,,0.020128824476650563
488,2.6435856146001075,4.133118625872249,15.365002683843263,19.189479334406872,5.978260869565218,20.645464304884594,15.666935050993022,4.5960815888352125,7.0383789586688135,1.3553408480944713,2.1403650026838434,1.0735373054213635,0.07380568974771873,0.03354804079441761,,0.04696725711218465,,,0.020128824476650563
489,2.657004830917874,4.133118625872249,15.318035426731079,19.196188942565755,6.146001073537305,20.67230273752013,15.485775630703166,4.5960815888352125,7.065217391304348,1.3553408480944713,2.1403650026838434,1.0601180891035964,0.07380568974771873,0.03354804079441761,,0.04696725711218465,,,0.020128824476650563
490,2.589908749329039,4.045893719806763,15.291196994095545,19.223027375201287,6.052066559312936,21.007783145464305,15.378421900161031,4.602791196994096,7.112184648416532,1.3620504562533549,2.100107353730542,1.0601180891035964,0.07380568974771873,0.03354804079441761,,0.04696725711218465,,,0.020128824476650563
491,2.5831991411701556,3.992216854535695,15.203972088030058,19.209608158883523,6.072195383789587,21.215780998389693,15.318035426731079,4.5960815888352125,7.098765432098766,1.3620504562533549,2.1135265700483092,1.0601180891035964,0.07380568974771873,0.03354804079441761,,0.04696725711218465,,,0.020128824476650563
492,2.589908749329039,3.992216854535695,15.183843263553408,19.196188942565755,6.0587761674718195,21.22920021470746,15.344873859366613,4.542404723564144,7.098765432098766,1.42914653784219,2.100107353730542,1.0601180891035964,0.07380568974771873,0.03354804079441761,,0.04696725711218465,,,0.020128824476650563
493,2.61003757380569,3.9586688137412773,15.203972088030058,19.176060118089104,6.146001073537305,21.162104133118625,15.458937198067632,4.4820182501341925,7.078636607622115,1.402308105206656,2.100107353730542,1.0466988727858293,0.07380568974771873,0.03354804079441761,,0.04696725711218465,,,0.020128824476650563
494,2.6033279656468062,3.9586688137412773,15.056360708534621,19.538378958668815,6.260064412238325,20.967525496511005,15.324745034889963,4.53569511540526,7.0383789586688135,1.3955984970477724,2.1068169618894257,1.0399892646269457,0.07380568974771873,0.03354804079441761,,0.04696725711218465,,,0.020128824476650563
495,2.6033279656468062,3.938539989264627,15.009393451422437,19.598765432098766,6.1929683306494905,21.215780998389693,15.257648953301127,4.549114331723027,6.964573268921095,1.3687600644122384,2.086688137412775,1.0198604401502953,0.0939345142243693,0.03354804079441761,,0.04696725711218465,,,0.020128824476650563
496,2.5966183574879227,3.938539989264627,14.955716586151368,19.659151905528716,6.333870101986044,21.202361782071925,15.170424047235642,4.53569511540526,6.937734836285561,1.3687600644122384,2.086688137412775,1.0198604401502953,0.0939345142243693,0.03354804079441761,,0.04696725711218465,,,0.020128824476650563
497,2.6637144390767578,3.8848631239935587,14.895330112721417,19.773215244229736,6.1929683306494905,21.39694041867955,15.11003757380569,4.468599033816425,6.951154052603328,1.3754696725711217,2.086688137412775,0.9997316156736447,0.0939345142243693,0.03354804079441761,,0.05367686527106817,,,0.020128824476650563
498,2.7106816961889426,3.8714439076757916,14.855072463768115,19.692699946323135,6.179549114331723,21.66532474503489,15.076489533011273,4.408212560386473,6.877348362855609,1.3687600644122384,2.073268921095008,1.0198604401502953,0.0939345142243693,0.03354804079441761,,0.05367686527106817,,,0.020128824476650563
499,2.7241009125067097,3.8580246913580245,14.861782071927,19.73966720343532,6.152710681696189,21.578099838969404,15.157004830917874,4.428341384863124,6.850509930220075,1.3486312399355878,2.059849704777241,1.0399892646269457,0.0939345142243693,0.03354804079441761,,0.05367686527106817,,,0.020128824476650563
