,45,50,52,55,51,53,54,56,57,58,61,59,60,46
0,99.32232957595276,0.6776704240472357,,,,,,,,,,,,
1,98.59098228663446,1.3821792807300053,0.026838432635534086,,,,,,,,,,,
2,92.23698336017176,7.682501341921632,0.03354804079441761,0.04696725711218465,,,,,,,,,,
3,91.19699409554482,8.655394524959743,0.04696725711218465,0.04696725711218465,0.026838432635534086,0.026838432635534086,,,,,,,,
4,90.51932367149759,9.265968867418144,0.04696725711218465,0.04696725711218465,0.06038647342995169,0.026838432635534086,0.03354804079441761,,,,,,,
5,89.04320987654322,10.607890499194847,0.08051529790660225,0.08722490606548577,0.12077294685990338,0.026838432635534086,0.03354804079441761,,,,,,,
6,86.46001073537306,13.09044551798175,0.05367686527106817,0.08722490606548577,0.19457863660762212,0.05367686527106817,0.06038647342995169,,,,,,,
7,86.05072463768116,13.372249060654857,0.06038647342995169,0.12077294685990338,0.28180354267310787,0.05367686527106817,0.06038647342995169,,,,,,,
8,85.48040794417606,13.821792807300053,0.10064412238325282,0.16774020397208803,0.3153515834675255,0.05367686527106817,0.06038647342995169,,,,,,,
9,85.02415458937197,14.204240472356414,0.1274825550187869,0.16774020397208803,0.35560923242082665,0.06038647342995169,0.06038647342995169,,,,,,,
10,84.58132045088567,14.452495974235104,0.1274825550187869,0.2683843263553409,0.4495437466451959,0.06038647342995169,0.06038647342995169,,,,,,,
11,83.97074610842726,14.928878153515834,0.15432098765432098,0.36231884057971014,0.46296296296296297,0.06038647342995169,0.06038647342995169,,,,,,,
12,83.03811057434245,15.787707997852925,0.20128824476650564,0.36231884057971014,0.48980139559849706,0.06038647342995169,0.06038647342995169,,,,,,,
13,77.54294149221685,19.00161030595813,0.2549651100375738,0.4562533548040794,2.589908749329039,0.0939345142243693,0.06038647342995169,,,,,,,
14,74.88593666129898,21.511003757380568,0.2281266774020397,0.6239935587761675,2.5831991411701556,0.10735373054213634,0.06038647342995169,,,,,,,
15,74.54374664519592,21.55126140633387,0.27509393451422437,0.785024154589372,2.623456790123457,0.13419216317767044,0.08722490606548577,,,,,,,
16,74.03381642512078,21.926999463231347,0.27509393451422437,0.8588298443370908,2.6301663982823404,0.18115942028985507,0.0939345142243693,,,,,,,
17,69.68599033816425,26.234567901234566,0.2952227589908749,0.9326355340848095,2.576489533011272,0.18115942028985507,0.0939345142243693,,,,,,,
18,68.35748792270532,27.469135802469136,0.33548040794417605,0.966183574879227,2.5966183574879227,0.18115942028985507,0.0939345142243693,,,,,,,
19,65.80783682232958,29.944981213097154,0.32877079978529256,1.0332796564680622,2.6167471819645733,0.17444981213097155,0.0939345142243693,,,,,,,
20,65.43880837359099,30.018786902844873,0.4227053140096618,1.1406333870101986,2.6838432635534084,0.16774020397208803,0.1274825550187869,,,,,,,
21,62.69457863660762,32.54830917874396,0.46296296296296297,1.1876006441223832,2.8113258185721954,0.16774020397208803,0.1274825550187869,,,,,,,
22,62.25174449812131,32.689210950080515,0.4830917874396135,1.402308105206656,2.8381642512077296,0.16774020397208803,0.16774020397208803,,,,,,,
23,62.05716586151369,32.74288781535159,0.49651100375738055,1.482823403113258,2.844873859366613,0.18115942028985507,0.19457863660762212,,,,,,,
24,61.72839506172839,32.80327428878154,0.5233494363929146,1.6304347826086956,2.9253891572732154,0.16774020397208803,0.2214170692431562,,,,,,,
25,61.178207192699944,33.15888352120236,0.5501878690284487,1.7646269457863661,2.945517981749866,0.18115942028985507,0.2214170692431562,,,,,,,
26,55.22678475577026,34.628287707997856,0.46296296296296297,1.5230810520665594,7.749597423510467,0.16774020397208803,0.24154589371980675,,,,,,,
27,54.09286097691895,35.35963499731616,0.49651100375738055,1.6371443907675791,7.890499194847021,0.24825550187869028,0.24154589371980675,0.03354804079441761,,,,,,
28,53.03274288781535,36.111111111111114,0.6843800322061192,1.6774020397208802,7.96430488459474,0.2616747181964573,0.23483628556092323,0.03354804079441761,,,,,,
29,52.865002683843265,35.96349973161568,0.7313472893183038,1.8988191089640365,8.011272141706923,0.2616747181964573,0.23483628556092323,0.03354804079441761,,,,,,
30,52.583199141170155,35.929951690821255,0.798443370907139,1.9927536231884058,8.105206655931294,0.2952227589908749,0.2549651100375738,0.040257648953301126,,,,,,
31,50.38915727321525,37.88915727321525,0.8252818035426731,2.1135265700483092,8.085077831454644,0.32877079978529256,0.30193236714975846,0.06709608158883522,,,,,,
32,49.80542136339238,39.761137949543745,0.8319914117015567,2.167203435319377,6.642512077294686,0.30864197530864196,0.3421900161030596,0.14090177133655393,,,,,,
33,49.19484702093398,40.13016639828234,0.8051529790660226,2.2611379495437465,6.689479334406871,0.39586688137412773,0.3824476650563607,0.14090177133655393,,,,,,
34,49.12775093934514,39.97584541062802,0.9259259259259259,2.328234031132582,6.6760601180891035,0.4025764895330113,0.4227053140096618,0.14090177133655393,,,,,,
35,48.711755233494365,40.19726247987118,0.9259259259259259,2.442297369833602,6.655931293612453,0.41599570585077833,0.47638217928073,0.17444981213097155,,,,,,
36,48.50375738056898,40.163714439076756,0.9259259259259259,2.8247450348899625,6.400966183574879,0.47638217928073,0.5837359098228664,0.12077294685990338,,,,,,
37,48.21524422973698,40.103327965646805,0.9930220075147611,2.9119699409554483,6.461352657004831,0.5032206119162641,0.6374127750939346,0.17444981213097155,,,,,,
38,47.84621578099839,40.344873859366615,1.0332796564680622,2.9589371980676327,6.4412238325281805,0.5501878690284487,0.6374127750939346,0.1878690284487386,,,,,,
39,47.638217928073,38.6808910359635,1.0466988727858293,3.0730005367686526,8.004562533548041,0.6642512077294686,0.6374127750939346,0.2549651100375738,,,,,,
40,47.316156736446594,38.73456790123457,1.1272141706924315,3.079710144927536,7.977724100912507,0.7112184648416533,0.798443370907139,0.2549651100375738,,,,,,
41,41.6532474503489,45.06172839506173,0.9796027911969941,2.898550724637681,7.830112721417069,0.6105743424584005,0.7112184648416533,0.2549651100375738,,,,,,
42,41.59286097691895,44.69940955448202,1.0332796564680622,3.227321524422974,7.823403113258186,0.6508319914117016,0.7313472893183038,0.24154589371980675,,,,,,
43,41.51905528717123,44.20289855072464,1.0399892646269457,3.6366076221148687,7.883789586688137,0.6642512077294686,0.785024154589372,0.2683843263553409,,,,,,
44,41.46537842190016,43.96806226516372,1.1607622114868492,3.770799785292539,7.9106280193236715,0.6642512077294686,0.785024154589372,0.27509393451422437,,,,,,
45,41.27079978529254,43.86741814278046,1.1876006441223832,3.8378958668813743,7.997852925389157,0.7648953301127214,0.8118625872249061,0.2616747181964573,,,,,,
46,41.136607622114866,43.65942028985507,1.247987117552335,3.9318303811057436,8.004562533548041,0.8789586688137413,0.8789586688137413,0.2616747181964573,,,,,,
47,41.02925389157273,43.51851851851852,1.247987117552335,4.079441760601181,8.125335480407944,0.8588298443370908,0.8789586688137413,0.2616747181964573,,,,,,
48,37.41277509393451,44.44444444444444,1.0601180891035964,4.200214707461084,10.909822866344605,0.8722490606548577,0.8387010198604401,0.2616747181964573,,,,,,
49,36.480139559849704,45.370370370370374,1.0265700483091786,4.247181964573269,10.869565217391305,0.8856682769726248,0.8387010198604401,0.28180354267310787,,,,,,
50,36.252012882447666,45.229468599033815,1.0466988727858293,4.4753086419753085,10.856146001073537,0.9259259259259259,0.8856682769726248,0.32877079978529256,,,,,,
51,36.178207192699944,45.1556629092861,1.0534084809447128,4.575952764358561,10.869565217391305,0.9460547504025765,0.8856682769726248,0.33548040794417605,,,,,,
52,36.09769189479334,45.04159957058508,1.0869565217391304,4.74369296833065,10.836017176596886,0.9796027911969941,0.8789586688137413,0.33548040794417605,,,,,,
53,34.447128287708,46.70558239398819,1.1137949543746646,4.7168545356951155,10.809178743961352,1.0265700483091786,0.8521202361782072,0.32877079978529256,,,,,,
54,34.39345142243693,46.30971551261406,1.1607622114868492,4.9651100375738055,10.802469135802468,1.06682769726248,0.9728931830381106,0.32877079978529256,,,,,,
55,32.729468599033815,47.819377348362856,1.1741814278046163,5.052334943639291,10.768921095008052,1.0869565217391304,1.0265700483091786,0.3421900161030596,,,,,,
56,32.6556629092861,47.557702630166396,1.1943102522812667,5.193236714975845,10.762211486849168,1.1003757380568975,1.1272141706924315,0.4092860976918948,,,,,,
57,32.340311325818575,44.920826623725176,4.394793344068707,5.038915727321524,10.695115405260333,1.093666129898014,1.107085346215781,0.39586688137412773,0.013419216317767043,,,,,
58,32.18599033816425,44.97450348899624,4.394793344068707,5.018786902844874,10.668276972624799,1.1741814278046163,1.1473429951690821,0.43612453032742887,,,,,,
59,31.95115405260333,44.927536231884055,4.4753086419753085,5.193236714975845,10.581052066559312,1.2412775093934514,1.1943102522812667,0.43612453032742887,,,,,,
60,31.843800322061192,44.558507783145465,4.602791196994096,5.287171229200215,10.68840579710145,1.3754696725711217,1.2077294685990339,0.43612453032742887,,,,,,
61,30.535426731078903,46.182232957595275,3.992216854535695,5.381105743424584,10.721953837895867,1.5096618357487923,1.221148684916801,0.39586688137412773,0.06038647342995169,,,,,
62,30.42807300053677,46.00107353730542,3.9452495974235107,5.562265163714439,10.755501878690284,1.4962426194310252,1.3419216317767042,0.3757380568974772,0.0939345142243693,,,,,
63,30.273752012882447,45.55823939881911,3.9184111647879765,5.656199677938808,10.809178743961352,1.932367149758454,1.3620504562533549,0.3757380568974772,0.11406333870101985,,,,,
64,28.27428878153516,43.947933440687066,3.8378958668813743,5.609232420826624,14.465915190552872,1.8585614600107354,1.4626945786366077,0.4092860976918948,0.13419216317767044,,,,,
65,28.093129361245303,43.65271068169619,3.797638217928073,5.991680085882985,14.418947933440688,1.9122383252818036,1.482823403113258,0.5166398282340311,0.13419216317767044,,,,,
66,27.3215244229737,44.00831991411702,3.7775093934514223,5.904455179817498,15.029522275899087,1.7981749865807837,1.4626945786366077,0.5300590445517982,0.16774020397208803,,,,,
67,27.26113794954375,43.833870101986044,3.7909286097691894,6.005099302200751,14.97584541062802,1.8719806763285025,1.5432098765432098,0.5099302200751477,0.20799785292538917,,,,,
68,27.20746108427268,43.572195383789584,3.7573805689747717,6.206387546967257,14.915458937198068,1.9390767579173376,1.6371443907675791,0.5233494363929146,0.24154589371980675,,,,,
69,27.214170692431562,43.37761674718197,3.8177670424047236,6.300322061191626,14.80810520665593,1.90552871712292,1.6975308641975309,0.6239935587761675,0.2549651100375738,,,,,
70,27.106816961889425,43.23671497584541,3.9720880300590444,6.380837359098229,14.720880300590446,1.9390767579173376,1.751207729468599,0.6374127750939346,0.2549651100375738,,,,,
71,26.90552871712292,43.183038110574344,4.072732152442297,6.407675791733762,14.828234031132581,1.9659151905528718,1.7444981213097155,0.6374127750939346,0.2549651100375738,,,,,
72,26.764626945786365,42.77375201288245,4.180085882984434,6.709608158883521,14.922168545356952,2.0128824476650564,1.7713365539452497,0.6105743424584005,0.2549651100375738,,,,,
73,26.643853998926463,42.639559849704774,4.186795491143317,6.790123456790123,14.888620504562533,2.059849704777241,1.8317230273752012,0.7045088566827697,0.2549651100375738,,,,,
74,25.677670424047236,42.8341384863124,5.495169082125604,6.421095008051529,14.626945786366075,2.0799785292538915,1.8719806763285025,0.7380568974771873,0.2549651100375738,,,,,
75,25.664251207729468,42.639559849704774,5.548845947396672,6.320450885668277,14.687332259796028,2.1604938271604937,2.006172839506173,0.7179280730005367,0.2549651100375738,,,,,
76,25.489801395598498,42.58588298443371,5.548845947396672,6.353998926462695,14.673913043478262,2.1940418679549114,2.086688137412775,0.7917337627482555,0.27509393451422437,,,,,
77,25.43612453032743,42.14975845410628,5.615942028985507,6.608964036500268,14.640365002683843,2.2745571658615136,2.1135265700483092,0.8856682769726248,0.27509393451422437,,,,,
78,25.429414922168544,42.028985507246375,5.656199677938808,6.629092860976919,14.606816961889425,2.2611379495437465,2.1739130434782608,0.9192163177670424,0.2952227589908749,,,,,
79,25.41599570585078,41.908212560386474,5.703166935050993,6.622383252818035,14.546430488459475,2.2946859903381642,2.2879763821792807,0.9125067096081588,0.30864197530864196,,,,,
80,24.154589371980677,43.203166935050994,5.555555555555555,6.749865807836822,14.412238325281804,2.2745571658615136,2.341653247450349,0.9594739667203436,0.3488996242619431,,,,,
81,24.154589371980677,41.700214707461086,5.629361245303274,6.9243156199677935,15.53274288781535,2.281266774020397,2.475845410628019,0.95276435856146,0.3488996242619431,,,,,
82,23.2085346215781,41.29092860976919,4.253891572732153,6.696188942565755,18.61916264090177,2.254428341384863,2.4020397208803006,0.9863123993558777,0.2885131508319914,,,,,
83,23.235373054213635,41.18357487922705,4.260601180891036,6.78341384863124,18.54535695115405,2.2611379495437465,2.462426194310252,0.9796027911969941,0.2885131508319914,,,,,
84,23.255501878690286,40.9621578099839,4.294149221685454,6.91760601180891,18.5252281266774,2.341653247450349,2.4355877616747184,0.9997316156736447,0.2683843263553409,,,,,
85,22.765700483091788,41.096349973161566,4.394793344068707,6.944444444444445,18.49838969404187,2.475845410628019,2.522812667740204,1.0332796564680622,0.2683843263553409,,,,,
86,22.785829307568438,40.734031132581855,4.461889425657541,7.078636607622115,18.357487922705314,2.6301663982823404,2.5831991411701556,1.1003757380568975,0.2683843263553409,,,,,
87,22.745571658615138,40.61325818572195,4.502147074610843,7.112184648416532,18.370907139023082,2.677133655394525,2.5697799248523885,1.1137949543746646,0.2952227589908749,,,,,
88,22.765700483091788,40.41867954911433,4.569243156199678,7.306763285024155,18.303811057434245,2.6838432635534084,2.5831991411701556,1.06682769726248,0.30193236714975846,,,,,
89,22.79253891572732,40.19726247987118,4.616210413311863,7.326892109500805,18.256843800322063,2.6704240472356413,2.6972624798711755,1.1272141706924315,0.3153515834675255,,,,,
90,21.511003757380568,38.39237788513151,4.4820182501341925,7.2933440687063875,21.77938808373591,2.5496511003757383,2.6637144390767578,1.0869565217391304,0.24154589371980675,,,,,
91,21.484165324745035,38.217928073000536,4.49543746645196,7.212828770799785,21.692163177670423,2.563070316693505,2.885131508319914,1.2077294685990339,0.24154589371980675,,,,,
92,21.477455716586153,38.08373590982286,4.528985507246377,7.232957595276436,21.497584541062803,2.623456790123457,3.0059044551798175,1.2412775093934514,0.30864197530864196,,,,,
93,21.470746108427267,37.76838432635534,4.582662372517445,7.39398819108964,21.484165324745035,2.6301663982823404,3.0864197530864197,1.2748255501878691,0.30864197530864196,,,,,
94,21.041331186258724,38.13070316693505,4.555823939881911,7.6556629092860975,21.24932903918411,2.703972088030059,3.1065485775630703,1.247987117552335,0.30864197530864196,,,,,
95,20.860171765968868,38.1105743424584,4.575952764358561,7.6623725174449815,21.22249060654858,2.690552871712292,3.193773483628556,1.3553408480944713,0.3153515834675255,0.013419216317767043,,,,
96,20.90713902308105,37.8690284487386,4.62962962962963,7.749597423510467,21.20907139023081,2.7509393451422435,3.1199677938808374,1.4358561460010735,0.3153515834675255,0.013419216317767043,,,,
97,20.873590982286636,37.775093934514224,4.683306494900698,7.75630703166935,21.18894256575416,2.7979066022544283,3.2206119162640903,1.3687600644122384,0.322061191626409,0.013419216317767043,,,,
98,20.8467525496511,37.67444981213097,4.676596886741814,7.7361782071927,20.974235104669887,2.9253891572732154,3.321256038647343,1.442565754159957,0.38915727321524424,0.013419216317767043,,,,
99,20.8467525496511,37.546967257112186,4.703435319377348,7.7898550724637685,20.88030059044552,3.026033279656468,3.374932903918411,1.3955984970477724,0.4227053140096618,0.013419216317767043,,,,
100,20.725979602791195,36.77536231884058,5.870907139023081,7.575147611379496,20.759527643585614,3.066290928609769,3.2742887815351582,1.5163714439076759,0.4227053140096618,0.013419216317767043,,,,
101,20.67230273752013,36.71497584541063,5.911164787976382,7.494632313472893,20.79307568438003,3.079710144927536,3.3950617283950617,1.5029522275899088,0.4227053140096618,0.013419216317767043,,,,
102,20.558239398819108,36.52710681696189,6.327160493827161,7.474503488996243,20.511272141706925,3.140096618357488,3.421900161030596,1.556629092860977,0.46967257112184646,0.013419216317767043,,,,
103,20.491143317230275,36.24530327428878,6.736446591519055,7.494632313472893,20.249597423510465,3.1535158346752548,3.5292538915727323,1.6438539989264627,0.4428341384863124,0.013419216317767043,,,,
104,20.48443370907139,36.231884057971016,6.629092860976919,7.407407407407407,20.135534084809446,3.227321524422974,3.5225442834138487,1.90552871712292,0.4428341384863124,0.013419216317767043,,,,
105,20.35024154589372,36.090982286634464,7.0450885668276975,7.313472893183038,19.95437466451959,3.2340311325818574,3.5762211486849167,1.9793344068706387,0.4428341384863124,0.013419216317767043,,,,
106,20.33011272141707,35.869565217391305,7.092055823939882,7.64224369296833,19.578636607622116,3.374932903918411,3.670155662909286,1.9994632313472893,0.4294149221685454,0.013419216317767043,,,,
107,19.350509930220074,34.47396672034353,7.03166935050993,7.648953301127214,21.89345142243693,3.321256038647343,3.8714439076757916,1.9659151905528718,0.4294149221685454,0.013419216317767043,,,,
108,19.28341384863124,34.38003220611916,7.078636607622115,7.648953301127214,21.886741814278047,3.421900161030596,3.8848631239935587,1.9726247987117553,0.4294149221685454,0.013419216317767043,,,,
109,19.269994632313473,34.31964573268921,7.078636607622115,7.729468599033816,21.77938808373591,3.421900161030596,3.898282340311326,2.059849704777241,0.4294149221685454,0.013419216317767043,,,,
110,19.229736983360173,34.265968867418145,7.092055823939882,7.863660762211487,21.68545356951154,3.4621578099838968,3.864734299516908,2.0933977455716586,0.4294149221685454,0.013419216317767043,,,,
111,19.135802469135804,34.11164787976382,7.065217391304348,7.917337627482555,21.672034353193773,3.5628019323671496,3.9184111647879765,2.1269457863660763,0.47638217928073,0.013419216317767043,,,,
112,19.061996779388085,34.024422973698336,7.132313472893183,7.9039184111647875,21.638486312399355,3.6097691894793345,3.9720880300590444,2.15378421900161,0.48980139559849706,0.013419216317767043,,,,
113,19.0552871712292,33.73590982286635,7.098765432098766,7.843531937734836,21.4170692431562,4.180085882984434,4.005636070853462,2.1269457863660763,0.5233494363929146,0.013419216317767043,,,,
114,18.49838969404187,32.98443370907139,7.024959742351046,7.843531937734836,23.020665593129362,4.019055287171229,4.005636070853462,2.0933977455716586,0.49651100375738055,0.013419216317767043,,,,
115,18.511808910359633,32.776435856146,6.998121309715513,7.930756843800322,22.926731078904993,4.072732152442297,4.052603327965647,2.200751476113795,0.5166398282340311,0.013419216317767043,,,,
116,18.42458400429415,32.669082125603865,6.977992485238862,7.957595276435856,22.879763821792807,4.05931293612453,4.240472356414386,2.2611379495437465,0.5166398282340311,0.013419216317767043,,,,
117,18.370907139023082,32.44095544820183,7.011540526033279,8.145464304884594,22.852925389157274,4.072732152442297,4.240472356414386,2.341653247450349,0.5032206119162641,0.020128824476650563,,,,
118,18.297101449275363,32.380568974771876,7.03166935050993,8.11862587224906,22.779119699409556,4.1532474503489,4.233762748255502,2.4557165861513686,0.5300590445517982,0.020128824476650563,,,,
119,18.149490069779926,32.27992485238862,7.152442297369833,8.259527643585615,22.65834675254965,4.233762748255502,4.260601180891036,2.4221685453569513,0.5636070853462157,0.020128824476650563,,,,
120,17.518786902844873,30.770263016639827,6.400966183574879,7.991143317230274,25.99302200751476,4.1129898013955986,4.253891572732153,2.4490069779924855,0.48980139559849706,0.020128824476650563,,,,
121,17.518786902844873,30.743424584004295,6.447933440687064,7.944176060118089,25.99302200751476,4.119699409554482,4.294149221685454,2.4154589371980677,0.48980139559849706,0.03354804079441761,,,,
122,17.398013955984972,30.709876543209877,6.474771873322598,7.96430488459474,25.999731615673646,4.106280193236715,4.3545356951154055,2.4691358024691357,0.48980139559849706,0.03354804079441761,,,,
123,16.914922168545356,31.28690284487386,6.394256575415996,7.971014492753623,25.95276435856146,4.1129898013955986,4.367954911433173,2.4691358024691357,0.49651100375738055,0.03354804079441761,,,,
124,16.82769726247987,31.219806763285025,6.468062265163715,7.601986044015029,26.247987117552334,4.17337627482555,4.408212560386473,2.522812667740204,0.49651100375738055,0.03354804079441761,,,,
125,16.774020397208805,31.03864734299517,6.501610305958132,7.595276435856146,26.37546967257112,4.200214707461084,4.4753086419753085,2.536231884057971,0.46967257112184646,0.03354804079441761,,,,
126,16.27750939345142,29.62962962962963,6.461352657004831,7.4141170155662905,28.723832528180353,4.159957058507783,4.280730005367687,2.5496511003757383,0.46967257112184646,0.03354804079441761,,,,
127,16.243961352657006,29.562533548040793,6.447933440687064,7.4006977992485234,28.629898013955984,4.253891572732153,4.300858829844337,2.690552871712292,0.43612453032742887,0.03354804079441761,,,,
128,16.203703703703702,29.53569511540526,6.394256575415996,7.4006977992485234,28.569511540526033,4.40150295222759,4.26731078904992,2.703972088030059,0.47638217928073,0.03354804079441761,0.013419216317767043,,,
129,16.223832528180353,29.448470209339774,6.481481481481482,7.440955448201825,28.046162104133117,4.730273752012883,4.274020397208803,2.7643585614600106,0.47638217928073,0.10064412238325282,0.013419216317767043,,,
130,16.076221148684915,29.180085882984432,6.353998926462695,7.555018786902845,28.25415995705851,4.770531400966184,4.3478260869565215,2.844873859366613,0.47638217928073,0.1274825550187869,0.013419216317767043,,,
131,16.049382716049383,29.045893719806763,6.4345142243692965,7.588566827697263,28.119967793880836,4.985238862050457,4.280730005367687,2.85829307568438,0.4830917874396135,0.14090177133655393,0.013419216317767043,,,
132,16.076221148684915,29.032474503488995,6.407675791733762,7.635534084809447,27.95222758990875,5.01207729468599,4.260601180891036,2.9589371980676327,0.5099302200751477,0.14090177133655393,0.013419216317767043,,,
133,16.056092324208265,28.75067096081589,7.092055823939882,7.561728395061729,27.82474503488996,4.944981213097155,4.280730005367687,2.9119699409554483,0.41599570585077833,0.14090177133655393,0.013419216317767043,0.0067096081588835215,,
134,15.96886741814278,28.65673644659152,7.058507783145465,7.863660762211487,27.657004830917874,4.978529253891573,4.314278046162104,2.8918411164787976,0.4495437466451959,0.14090177133655393,0.013419216317767043,0.0067096081588835215,,
135,15.955448201825014,28.455448201825014,7.112184648416532,7.997852925389157,27.583199141170155,4.99194847020934,4.327697262479871,2.952227589908749,0.4495437466451959,0.15432098765432098,0.013419216317767043,0.0067096081588835215,,
136,15.921900161030596,28.31454643048846,7.098765432098766,7.944176060118089,27.690552871712292,5.032206119162641,4.327697262479871,3.0394524959742353,0.46296296296296297,0.14761137949543746,0.013419216317767043,0.0067096081588835215,,
137,15.921900161030596,28.073000536768653,7.159151905528717,8.011272141706923,27.643585614600106,5.166398282340311,4.38137412775094,2.999194847020934,0.47638217928073,0.14761137949543746,0.013419216317767043,0.0067096081588835215,,
138,15.98899624261943,27.965646806226516,7.199409554482019,7.971014492753623,27.569779924852387,5.193236714975845,4.408212560386473,3.052871712292002,0.4830917874396135,0.14761137949543746,0.013419216317767043,0.0067096081588835215,,
139,15.975577026301664,27.811325818572197,7.326892109500805,8.044820182501342,27.583199141170155,5.0791733762748255,4.49543746645196,3.046162104133119,0.4830917874396135,0.13419216317767044,0.013419216317767043,0.0067096081588835215,,
140,15.995705850778315,27.78448738593666,7.347020933977456,7.991143317230274,27.395330112721417,5.166398282340311,4.53569511540526,3.1468062265163717,0.4830917874396135,0.13419216317767044,0.013419216317767043,0.0067096081588835215,,
141,15.908480944712828,27.77777777777778,7.353730542136339,8.044820182501342,27.28797638217928,5.260332796564681,4.51556629092861,3.1870638754696725,0.49651100375738055,0.14761137949543746,0.013419216317767043,0.0067096081588835215,,
142,15.955448201825014,27.67042404723564,7.340311325818572,7.96430488459474,27.234299516908212,5.4616210413311865,4.542404723564144,3.1870638754696725,0.47638217928073,0.14761137949543746,0.013419216317767043,0.0067096081588835215,,
143,15.888352120236178,27.616747181964573,7.434245840042942,8.085077831454644,27.220880300590444,5.407944176060118,4.502147074610843,3.2206119162640903,0.47638217928073,0.1274825550187869,0.013419216317767043,0.0067096081588835215,,
144,15.861513687600644,27.51610305958132,7.467793880837359,8.004562533548041,27.17391304347826,5.481749865807837,4.636339237788513,3.207192699946323,0.49651100375738055,0.13419216317767044,0.013419216317767043,0.0067096081588835215,,
145,15.485775630703166,27.3215244229737,7.514761137949543,7.9039184111647875,28.073000536768653,5.4549114331723025,4.663177670424047,2.932098765432099,0.49651100375738055,0.13419216317767044,0.013419216317767043,0.0067096081588835215,,
146,15.505904455179817,27.194041867954912,7.568438003220612,7.823403113258186,27.851583467525497,5.723295759527644,4.7168545356951155,2.9790660225442833,0.4830917874396135,0.13419216317767044,0.013419216317767043,0.0067096081588835215,,
147,15.49248523886205,27.079978529253893,7.514761137949543,7.709339774557166,27.710681696188942,5.810520665593129,4.891304347826087,3.1535158346752548,0.4830917874396135,0.13419216317767044,0.013419216317767043,0.0067096081588835215,,
148,15.458937198067632,26.952495974235106,7.669082125603865,7.702630166398282,27.596618357487923,5.857487922705314,4.911433172302737,3.2139023081052067,0.4830917874396135,0.13419216317767044,0.013419216317767043,0.0067096081588835215,,
149,15.318035426731079,27.093397745571657,7.763016639828234,7.796564680622652,27.375201288244767,5.850778314546431,4.918142780461621,3.280998389694042,0.4495437466451959,0.13419216317767044,0.013419216317767043,0.0067096081588835215,,
150,15.28448738593666,26.952495974235106,7.803274288781535,7.823403113258186,27.30810520665593,6.005099302200751,4.944981213097155,3.2877079978529253,0.43612453032742887,0.13419216317767044,0.013419216317767043,0.0067096081588835215,,
151,15.28448738593666,26.838432635534083,7.816693505099302,7.836822329575953,27.214170692431562,6.105743424584004,5.005367686527107,3.307836822329576,0.43612453032742887,0.13419216317767044,0.013419216317767043,0.0067096081588835215,,
152,15.297906602254429,26.704240472356414,7.883789586688137,7.883789586688137,27.066559312936125,6.260064412238325,5.0791733762748255,3.2474503488996245,0.4227053140096618,0.13419216317767044,0.013419216317767043,0.0067096081588835215,,
153,15.203972088030058,26.576757917337627,7.977724100912507,7.7831454643048845,26.986044015029524,6.3137412775093935,5.260332796564681,3.3011272141706924,0.4428341384863124,0.13419216317767044,0.013419216317767043,0.0067096081588835215,,
154,15.271068169618895,26.536500268384327,7.977724100912507,7.769726247987117,26.932367149758456,6.3070316693505095,5.280461621041331,3.294417606011809,0.47638217928073,0.13419216317767044,0.013419216317767043,0.0067096081588835215,,
155,15.157004830917874,26.516371443907676,8.038110574342458,7.763016639828234,26.724369296833064,6.414385399892646,5.535426731078905,3.2340311325818574,0.46296296296296297,0.13419216317767044,0.013419216317767043,0.0067096081588835215,,
156,15.076489533011273,26.29495437466452,8.11862587224906,7.843531937734836,26.37546967257112,6.78341384863124,5.535426731078905,3.3548040794417604,0.46296296296296297,0.13419216317767044,0.013419216317767043,0.0067096081588835215,,
157,15.096618357487923,26.194310252281266,8.13875469672571,7.890499194847021,26.154052603327965,6.9310252281266775,5.629361245303274,3.3413848631239937,0.4428341384863124,0.1610305958132045,0.013419216317767043,0.0067096081588835215,,
158,14.814814814814815,25.865539452495973,7.239667203435319,7.675791733762749,28.073000536768653,6.729736983360172,5.850778314546431,3.2474503488996245,0.322061191626409,0.1610305958132045,0.013419216317767043,0.0067096081588835215,,
159,14.78797638217928,25.731347289318304,7.14573268921095,7.648953301127214,28.12667740203972,6.810252281266774,5.931293612453032,3.260869565217391,0.3488996242619431,0.1878690284487386,0.013419216317767043,0.0067096081588835215,,
160,14.814814814814815,25.684380032206118,7.1725711218464845,7.575147611379496,28.052871712292003,6.810252281266774,5.958132045088567,3.374932903918411,0.3488996242619431,0.1878690284487386,0.013419216317767043,0.0067096081588835215,,
161,14.821524422973699,25.543478260869566,7.185990338164252,7.440955448201825,28.401771336553946,6.823671497584541,5.911164787976382,3.3480944712828773,0.3153515834675255,0.1878690284487386,0.013419216317767043,0.0067096081588835215,,
162,14.761137949543746,25.469672571121848,7.199409554482019,7.4141170155662905,28.368223295759528,6.9310252281266775,5.9514224369296835,3.361513687600644,0.33548040794417605,0.1878690284487386,0.013419216317767043,0.0067096081588835215,,
163,14.734299516908212,24.745034889962426,7.185990338164252,7.326892109500805,28.153515834675254,6.749865807836822,7.219538378958669,3.3011272141706924,0.3824476650563607,0.1878690284487386,0.013419216317767043,,,
164,12.265163714439076,35.20531400966183,6.166129898013956,6.045356951154052,25.5300590445518,5.381105743424584,5.971551261406334,2.8918411164787976,0.36902844873859364,0.17444981213097155,,,,
165,12.325550187869029,35.09125067096082,6.119162640901771,6.132581857219538,25.44283413848631,5.414653784219001,5.964841653247451,2.9589371980676327,0.36902844873859364,0.17444981213097155,,0.0067096081588835215,,
166,12.198067632850242,34.72222222222222,6.213097155126141,6.0654857756307035,25.986312399355878,5.414653784219001,5.9447128287707995,2.8784219001610305,0.39586688137412773,0.17444981213097155,,0.0067096081588835215,,
167,12.29200214707461,34.38003220611916,6.166129898013956,6.286902844873859,25.771604938271604,5.46833064949007,6.072195383789587,2.985775630703167,0.39586688137412773,0.17444981213097155,,0.0067096081588835215,,
168,12.305421363392378,34.272678475577024,6.139291465378422,6.353998926462695,25.704508856682768,5.515297906602254,6.0654857756307035,3.066290928609769,0.39586688137412773,0.17444981213097155,,0.0067096081588835215,,
169,12.144390767579173,33.467525496511,9.232420826623725,6.119162640901771,24.295491143317232,5.495169082125604,5.978260869565218,2.690552871712292,0.39586688137412773,0.17444981213097155,,0.0067096081588835215,,
170,12.104133118625873,33.313204508856685,9.339774557165862,6.233225979602791,24.188137412775095,5.4549114331723025,5.998389694041868,2.791196994095545,0.39586688137412773,0.17444981213097155,,0.0067096081588835215,,
171,12.090713902308105,33.13204508856683,9.41358024691358,6.374127750939345,24.134460547504027,5.421363392377885,6.031937734836285,2.8247450348899625,0.39586688137412773,0.17444981213097155,,0.0067096081588835215,,
172,11.996779388083736,32.930756843800324,9.39345142243693,6.608964036500268,24.020397208803004,5.4549114331723025,6.072195383789587,2.8918411164787976,0.4495437466451959,0.17444981213097155,,0.0067096081588835215,,
173,12.02361782071927,32.769726247987116,9.453837895866881,6.66935050993022,23.879495437466453,5.508588298443371,6.159420289855072,2.8784219001610305,0.47638217928073,0.17444981213097155,,0.0067096081588835215,,
174,12.04374664519592,32.56172839506173,9.494095544820183,6.769994632313473,23.8191089640365,5.589103596349974,6.206387546967257,2.818035426731079,0.5032206119162641,0.17444981213097155,,0.020128824476650563,,
175,12.130971551261407,32.33360171765969,9.460547504025765,6.843800322061192,23.738593666129898,5.776972624798712,6.125872249060655,2.818035426731079,0.5904455179817498,0.1610305958132045,,0.020128824476650563,,
176,12.110842726784755,32.2463768115942,9.453837895866881,6.89747718733226,23.718464841653248,5.8239398819108965,6.099033816425121,2.8650026838432634,0.6038647342995169,0.1610305958132045,,0.020128824476650563,,
177,12.151100375738057,32.045088566827694,9.473966720343531,7.004830917874396,23.698336017176597,5.770263016639828,6.146001073537305,2.932098765432099,0.5971551261406334,0.1610305958132045,,0.020128824476650563,,
178,12.177938808373591,31.95786366076221,9.480676328502415,7.118894256575416,23.537305421363392,5.790391841116479,6.166129898013956,2.9723564143853998,0.6172839506172839,0.1610305958132045,,0.020128824476650563,,
179,12.177938808373591,31.676060118089104,9.500805152979066,6.964573268921095,23.423242082662373,5.790391841116479,6.561996779388084,3.0864197530864197,0.6374127750939346,0.1610305958132045,,0.020128824476650563,,
180,12.298711755233494,31.4747718733226,9.534353193773484,7.018250134192163,23.201825013419217,5.797101449275362,6.615673644659152,3.240740740740741,0.6374127750939346,0.1610305958132045,,0.020128824476650563,,
181,12.345679012345679,31.36070853462158,9.4873859366613,7.125603864734299,23.060923242082662,5.803811057434245,6.749865807836822,3.260869565217391,0.6239935587761675,0.1610305958132045,,0.020128824476650563,,
182,12.412775093934513,31.159420289855074,9.460547504025765,7.273215244229737,23.040794417606012,5.857487922705314,6.736446591519055,3.2675791733762747,0.6038647342995169,0.1610305958132045,,0.026838432635534086,,
183,12.432903918411165,30.877616747181964,9.574610842726784,7.39398819108964,22.966988727858293,5.6964573268921095,6.870638754696726,3.3682232957595275,0.5904455179817498,0.17444981213097155,,0.05367686527106817,,
184,12.419484702093397,30.83064949006978,9.31964573268921,7.360440150295223,23.21524422973698,5.803811057434245,6.8035426731078905,3.4286097691894795,0.5904455179817498,0.17444981213097155,,0.05367686527106817,,
185,12.04374664519592,31.13929146537842,9.265968867418144,7.568438003220612,22.993827160493826,5.850778314546431,6.910896403650026,3.408480944712829,0.5904455179817498,0.17444981213097155,,0.05367686527106817,,
186,11.996779388083736,31.0654857756307,9.373322597960279,7.635534084809447,22.940150295222757,5.870907139023081,6.904186795491143,3.3950617283950617,0.5904455179817498,0.17444981213097155,,0.05367686527106817,,
187,11.842458400429415,30.73671497584541,8.769457863660762,7.548309178743962,24.664519592055825,5.958132045088567,6.723027375201288,3.052871712292002,0.47638217928073,0.17444981213097155,,0.05367686527106817,,
188,11.896135265700483,30.56897477187332,8.849973161567364,7.581857219538379,24.50348899624262,6.038647342995169,6.723027375201288,3.1333870101986045,0.47638217928073,0.17444981213097155,,0.05367686527106817,,
189,11.936392914653783,30.14626945786366,8.816425120772946,8.091787439613526,24.362587224906065,6.038647342995169,6.729736983360172,3.1736446591519054,0.47638217928073,0.17444981213097155,,0.05367686527106817,,
190,11.996779388083736,29.958400429414922,8.896940418679549,8.21256038647343,24.288781535158346,6.0587761674718195,6.689479334406871,3.180354267310789,0.48980139559849706,0.17444981213097155,,0.05367686527106817,,
191,12.010198604401502,29.790660225442835,8.903650026838433,8.192431561996779,24.228395061728396,6.112453032742888,6.850509930220075,3.1870638754696725,0.49651100375738055,0.17444981213097155,,0.05367686527106817,,
192,11.621041331186259,31.313741277509394,8.635265700483092,8.064949006977992,23.758722490606548,5.844068706387547,6.8035426731078905,3.1870638754696725,0.5099302200751477,0.1878690284487386,,0.07380568974771873,,
193,11.520397208803006,31.052066559312937,8.950617283950617,8.09849704777241,23.53059581320451,5.891035963499732,6.971282877079979,3.207192699946323,0.5434782608695652,0.17444981213097155,,0.06038647342995169,,
194,11.553945249597424,31.011808910359633,8.876811594202898,8.158883521202362,23.389694041867955,5.917874396135265,7.125603864734299,3.1870638754696725,0.5434782608695652,0.17444981213097155,,0.06038647342995169,,
195,11.43317230273752,30.823939881910896,8.964036500268385,8.266237251744498,23.389694041867955,5.998389694041868,7.125603864734299,3.2004830917874396,0.5300590445517982,0.18115942028985507,,0.06038647342995169,0.026838432635534086,
196,11.258722490606548,30.575684380032207,8.93719806763285,8.474235104669887,23.369565217391305,6.018518518518518,7.139023081052066,3.3279656468062266,0.5636070853462157,0.18115942028985507,0.026838432635534086,0.10064412238325282,0.026838432635534086,
197,11.29898013955985,30.461621041331185,9.03113258185722,8.407139023081053,23.315888352120236,6.052066559312936,7.199409554482019,3.321256038647343,0.5636070853462157,0.18115942028985507,0.026838432635534086,0.11406333870101985,0.026838432635534086,
198,11.292270531400966,30.35426731078905,9.138486312399356,8.407139023081053,23.15485775630703,6.072195383789587,7.306763285024155,3.374932903918411,0.5501878690284487,0.18115942028985507,0.026838432635534086,0.11406333870101985,0.026838432635534086,
199,11.366076221148685,30.35426731078905,9.205582393988191,8.427267847557703,23.047504025764894,6.112453032742888,7.226247987117552,3.3816425120772946,0.5568974771873323,0.15432098765432098,0.026838432635534086,0.11406333870101985,0.026838432635534086,
200,11.29898013955985,30.18652710681696,9.286097691894794,8.668813741277509,22.946859903381643,6.078904991948471,7.273215244229737,3.388352120236178,0.5568974771873323,0.14761137949543746,0.026838432635534086,0.11406333870101985,0.026838432635534086,
201,11.238593666129898,30.038915727321523,9.31964573268921,8.756038647342995,22.785829307568438,6.1862587224906065,7.353730542136339,3.435319377348363,0.5703166935050993,0.14761137949543746,0.026838432635534086,0.11406333870101985,0.026838432635534086,
202,11.225174449812132,29.944981213097154,9.460547504025765,8.769457863660762,22.819377348362856,6.132581857219538,7.360440150295223,3.408480944712829,0.5636070853462157,0.14761137949543746,0.026838432635534086,0.11406333870101985,0.026838432635534086,
203,11.245303274288782,29.71014492753623,9.500805152979066,8.950617283950617,22.785829307568438,6.260064412238325,7.27992485238862,3.388352120236178,0.5636070853462157,0.14761137949543746,0.026838432635534086,0.11406333870101985,0.026838432635534086,
204,11.325818572195384,29.64975845410628,9.494095544820183,8.997584541062801,22.69189479334407,6.320450885668277,7.2933440687063875,3.3480944712828773,0.5636070853462157,0.14761137949543746,0.026838432635534086,0.11406333870101985,0.026838432635534086,
205,11.178207192699947,29.428341384863124,9.4873859366613,9.272678475577026,23.09447128287708,6.286902844873859,7.2933440687063875,3.0864197530864197,0.5636070853462157,0.14090177133655393,0.026838432635534086,0.11406333870101985,0.026838432635534086,
206,11.003757380568974,28.79092860976919,9.29951690821256,9.178743961352657,24.4699409554482,6.159420289855072,7.206119162640902,2.9924852388620504,0.5904455179817498,0.14090177133655393,0.026838432635534086,0.11406333870101985,0.026838432635534086,
207,10.963499731615673,28.784219001610307,9.272678475577026,9.25925925925926,24.362587224906065,6.246645195920558,7.1658615136876005,3.046162104133119,0.5904455179817498,0.14090177133655393,0.026838432635534086,0.11406333870101985,0.026838432635534086,
208,10.950080515297907,28.609769189479334,9.225711218464841,9.39345142243693,24.4296833064949,6.300322061191626,7.14573268921095,3.0394524959742353,0.5971551261406334,0.14090177133655393,0.026838432635534086,0.11406333870101985,0.026838432635534086,
