,45,50,51,53,55,52,54,57,56,58,59,60
0,99.44310252281267,0.5568974771873323,,,,,,,,,,
1,93.69967793880838,6.273483628556092,0.026838432635534086,,,,,,,,,
2,91.05609232420827,8.769457863660762,0.0939345142243693,0.03354804079441761,0.04696725711218465,,,,,,,
3,90.49248523886205,9.145195920558239,0.0939345142243693,0.0939345142243693,0.07380568974771873,0.10064412238325282,,,,,,
4,83.38030059044551,16.190284487385938,0.0939345142243693,0.0939345142243693,0.14090177133655393,0.10064412238325282,,,,,,
5,83.24610842726784,16.243961352657006,0.14761137949543746,0.0939345142243693,0.16774020397208803,0.10064412238325282,,,,,,
6,81.07890499194848,18.397745571658614,0.14761137949543746,0.0939345142243693,0.18115942028985507,0.10064412238325282,,,,,,
7,79.61621041331186,19.75979602791197,0.18115942028985507,0.0939345142243693,0.24825550187869028,0.10064412238325282,,,,,,
8,74.37600644122384,24.698067632850243,0.23483628556092323,0.2281266774020397,0.36231884057971014,0.10064412238325282,,,,,,
9,72.73886205045625,26.02657004830918,0.2616747181964573,0.2281266774020397,0.644122383252818,0.10064412238325282,,,,,,
10,68.8539989264627,29.54911433172303,0.32877079978529256,0.2281266774020397,0.644122383252818,0.36902844873859364,0.026838432635534086,,,,,
11,66.15002683843264,29.166666666666668,0.32877079978529256,0.2281266774020397,0.32877079978529256,3.743961352657005,0.05367686527106817,,,,,
12,65.7944176060118,29.468599033816425,0.35560923242082665,0.2281266774020397,0.35560923242082665,3.743961352657005,0.05367686527106817,,,,,
13,65.72061191626409,29.1532474503489,0.36902844873859364,0.5971551261406334,0.41599570585077833,3.670155662909286,0.04696725711218465,0.026838432635534086,,,,
14,63.519860440150296,31.260064412238325,0.5367686527106817,0.5971551261406334,0.5166398282340311,3.4957058507783145,0.04696725711218465,0.026838432635534086,,,,
15,58.340042941492214,36.61433172302738,0.5770263016639828,0.30864197530864196,0.6038647342995169,3.4822866344605474,0.04696725711218465,0.026838432635534086,,,,
16,58.45410628019324,36.218464841653244,0.5770263016639828,0.33548040794417605,0.7313472893183038,3.502415458937198,0.15432098765432098,0.026838432635534086,,,,
17,58.561460010735374,35.66156736446592,0.630703166935051,0.33548040794417605,1.0534084809447128,3.435319377348363,0.2952227589908749,0.026838432635534086,,,,
18,57.9777241009125,35.69511540526033,0.630703166935051,0.33548040794417605,1.3217928073000538,3.4151905528717124,0.5971551261406334,0.026838432635534086,,,,
19,56.052066559312934,37.56038647342995,0.7246376811594203,0.33548040794417605,1.3083735909822867,3.4151905528717124,0.5770263016639828,0.026838432635534086,,,,
20,55.56897477187332,36.69484702093398,0.630703166935051,0.36231884057971014,1.3016639828234031,4.770531400966184,0.644122383252818,0.026838432635534086,,,,
21,55.2536231884058,36.73510466988728,0.6910896403650026,0.4227053140096618,1.3016639828234031,4.750402576489533,0.8185721953837896,0.026838432635534086,,,,
22,54.75711218464841,36.9699409554482,0.966183574879227,0.38915727321524424,1.3352120236178207,4.736983360171766,0.8185721953837896,0.026838432635534086,,,,
23,54.02576489533011,37.62748255501879,0.95276435856146,0.3757380568974772,1.42914653784219,4.757112184648417,0.8051529790660226,0.026838432635534086,,,,
24,52.91196994095545,36.72168545356951,2.8247450348899625,0.4092860976918948,1.556629092860977,4.730273752012883,0.8051529790660226,0.040257648953301126,,,,
25,52.55636070853462,35.299248523886206,4.213633923778851,0.4495437466451959,1.5633387010198605,4.730273752012883,1.1473429951690821,0.040257648953301126,,,,
26,52.38862050456253,35.17176596886742,4.455179817498658,0.41599570585077833,1.5767579173376274,4.757112184648417,1.1674718196457328,0.040257648953301126,0.026838432635534086,,,
27,51.268115942028984,36.41975308641975,4.327697262479871,0.4830917874396135,1.596886741814278,4.703435319377348,1.133923778851315,0.040257648953301126,0.026838432635534086,,,
28,49.362587224906065,35.869565217391305,6.099033816425121,0.4830917874396135,1.4492753623188406,3.992216854535695,2.717391304347826,0.026838432635534086,,,,
29,49.23510466988728,35.88298443370907,6.146001073537305,0.5099302200751477,1.402308105206656,3.9586688137412773,2.8381642512077296,0.026838432635534086,,,,
30,40.405260332796566,44.96108427267848,5.8239398819108965,0.5099302200751477,1.4694041867954912,3.911701556629093,2.8784219001610305,0.040257648953301126,,,,
31,38.6406333870102,44.437734836285564,9.473966720343531,0.5233494363929146,1.5767579173376274,3.6097691894793345,1.6639828234031133,0.040257648953301126,0.03354804079441761,,,
32,37.69457863660762,45.35024154589372,9.440418679549115,0.5233494363929146,1.5767579173376274,3.5963499731615673,1.7444981213097155,0.040257648953301126,0.03354804079441761,,,
33,33.09849704777241,51.2211486849168,8.903650026838433,0.3488996242619431,0.9930220075147611,3.6500268384326353,1.6237251744498122,0.040257648953301126,0.12077294685990338,,,
34,32.06521739130435,52.261137949543745,8.769457863660762,0.41599570585077833,1.0869565217391304,3.6097691894793345,1.6371443907675791,0.040257648953301126,0.11406333870101985,,,
35,32.400697799248526,51.831723027375205,8.655394524959743,0.4495437466451959,1.1473429951690821,3.589640365002684,1.6841116478797638,0.040257648953301126,0.20128824476650564,,,
36,32.689210950080515,51.2614063338701,8.641975308641975,0.4495437466451959,1.3486312399355878,3.556092324208266,1.8115942028985508,0.040257648953301126,0.20128824476650564,,,
37,32.56843800322061,49.17471819645733,8.051529790660226,1.415727321524423,1.4559849704777241,5.032206119162641,2.01959205582394,0.04696725711218465,0.23483628556092323,,,
38,32.809983896940416,48.74530327428878,7.595276435856146,1.5297906602254427,1.5499194847020934,5.0791733762748255,2.428878153515835,0.06038647342995169,0.20128824476650564,,,
39,30.9447128287708,50.46296296296296,7.50805152979066,1.5230810520665594,1.6304347826086956,5.038915727321524,2.61003757380569,0.06038647342995169,0.2214170692431562,,,
40,30.92458400429415,49.97987117552335,7.575147611379496,1.90552871712292,1.6706924315619969,5.032206119162641,2.6301663982823404,0.06038647342995169,0.2214170692431562,,,
41,31.239935587761675,49.36929683306495,7.85024154589372,1.90552871712292,1.7310789049919484,4.985238862050457,2.6033279656468062,0.06038647342995169,0.2549651100375738,,,
42,31.219806763285025,48.83252818035427,7.897208803005904,2.006172839506173,1.7981749865807837,5.065754159957058,2.563070316693505,0.06038647342995169,0.5300590445517982,0.026838432635534086,,
43,31.226516371443907,47.96698872785829,8.494363929146537,2.3081052066559313,1.8451422436929683,4.9651100375738055,2.5496511003757383,0.06038647342995169,0.5568974771873323,0.026838432635534086,,
44,30.790391841116477,45.34353193773484,8.796296296296296,1.710950080515298,2.3617820719269993,7.501341921631776,2.8381642512077296,0.0939345142243693,0.5636070853462157,,,
45,29.797369833601717,39.76784755770263,16.264090177133657,1.6774020397208802,2.1739130434782608,7.098765432098766,2.85829307568438,0.0939345142243693,0.2549651100375738,0.013419216317767043,,
46,28.026033279656467,38.45276435856146,20.014761137949545,1.6035963499731616,2.1403650026838434,6.588835212023618,2.831454643048846,0.12077294685990338,0.20799785292538917,0.013419216317767043,,
47,27.415458937198068,38.16425120772947,21.68545356951154,1.5767579173376274,1.9793344068706387,5.971551261406334,2.7442297369833604,0.17444981213097155,0.27509393451422437,0.013419216317767043,,
48,27.502683843263554,37.96967257112185,21.490874932903917,1.6237251744498122,2.2342995169082127,5.964841653247451,2.7308105206655933,0.17444981213097155,0.2952227589908749,0.013419216317767043,,
49,27.482555018786904,36.513687600644126,23.027375201288244,1.6237251744498122,2.086688137412775,5.917874396135265,2.8113258185721954,0.17444981213097155,0.3488996242619431,0.013419216317767043,,
50,28.012614063338702,36.030595813204506,22.859634997316157,1.6035963499731616,2.200751476113795,5.911164787976382,2.8113258185721954,0.20799785292538917,0.3488996242619431,0.013419216317767043,,
51,28.14009661835749,35.98362855609233,22.779119699409556,1.6237251744498122,2.227589908749329,5.877616747181965,2.8247450348899625,0.2214170692431562,0.30864197530864196,0.013419216317767043,,
52,28.173644659151904,35.225442834138484,23.181696188942567,1.7914653784219001,2.200751476113795,5.736714975845411,3.1602254428341383,0.2214170692431562,0.30864197530864196,,,
53,28.44873859366613,35.138217928073,23.020665593129362,1.7713365539452497,2.2074610842726785,5.6964573268921095,3.140096618357488,0.2214170692431562,0.35560923242082665,,,
54,28.08641975308642,34.12506709608159,24.308910359634996,1.7713365539452497,2.2074610842726785,5.441492216854535,3.455448201825013,0.2214170692431562,0.3824476650563607,,,
55,28.22061191626409,33.55475040257649,22.289318303811058,2.475845410628019,2.3483628556092326,5.4549114331723025,5.038915727321524,0.2214170692431562,0.39586688137412773,,,
56,27.536231884057973,30.938003220611915,24.490069779924852,3.9720880300590444,2.24771873322598,5.407944176060118,4.804079441760601,0.2214170692431562,0.3824476650563607,,,
57,27.79790660225443,30.595813204508858,24.255233494363928,3.9720880300590444,2.38191089640365,5.374396135265701,4.924852388620504,0.2214170692431562,0.47638217928073,,,
58,27.20746108427268,31.394256575415994,22.423510466988727,3.4688674181427803,4.233762748255502,5.3341384863123995,4.85775630703167,0.2214170692431562,0.8319914117015567,0.026838432635534086,,
59,25.234836285560924,35.07783145464305,21.631776704240472,3.4017713365539453,3.938539989264627,5.146269457863661,4.455179817498658,0.1878690284487386,0.8990874932903918,0.026838432635534086,,
60,25.543478260869566,34.77589908749329,21.598228663446054,3.2541599570585076,4.079441760601181,5.132850241545894,4.414922168545357,0.1878690284487386,0.9863123993558777,0.026838432635534086,,
61,25.617283950617285,34.94363929146538,21.390230810520666,3.2004830917874396,4.106280193236715,5.092592592592593,4.40150295222759,0.1878690284487386,1.0332796564680622,0.026838432635534086,,
62,25.670960815888353,35.00402576489533,21.36339237788513,3.240740740740741,4.079441760601181,5.072463768115942,4.320987654320987,0.1878690284487386,1.0332796564680622,0.026838432635534086,,
63,25.999731615673646,34.56119162640902,21.256038647342994,3.2675791733762747,4.253891572732153,5.018786902844874,4.3545356951154055,0.2147074610842727,1.0466988727858293,0.026838432635534086,,
64,25.865539452495973,34.98389694041868,20.893719806763286,3.2675791733762747,4.30756843800322,4.99194847020934,4.3478260869565215,0.2147074610842727,1.0869565217391304,0.040257648953301126,,
65,24.932903918411164,36.16478797638218,20.77294685990338,3.2474503488996245,4.26731078904992,4.911433172302737,4.361245303274289,0.2147074610842727,1.0869565217391304,0.040257648953301126,,
66,24.402844873859365,34.856414385399894,21.900161030595815,3.2206119162640903,4.790660225442834,4.904723564143854,4.616210413311863,0.2147074610842727,1.0534084809447128,0.040257648953301126,,
67,23.792270531400966,34.01100375738057,23.89291465378422,3.193773483628556,4.609500805152979,4.864465915190553,4.327697262479871,0.2147074610842727,1.0534084809447128,0.040257648953301126,,
68,24.013687600644122,33.682232957595275,23.65136876006441,3.1468062265163717,4.790660225442834,4.951690821256038,4.3545356951154055,0.2214170692431562,1.1473429951690821,0.040257648953301126,,
69,24.329039184111647,33.2259796027912,23.443370907139023,3.3816425120772946,4.891304347826087,4.938271604938271,4.274020397208803,0.2214170692431562,1.2546967257112185,0.040257648953301126,,
70,22.094739667203434,37.184648416532475,19.652442297369834,3.92512077294686,4.918142780461621,7.118894256575416,3.683574879227053,0.2214170692431562,1.1607622114868492,0.040257648953301126,,
71,21.43719806763285,36.71497584541063,20.645464304884594,3.784219001610306,5.300590445517981,6.89747718733226,3.5762211486849167,0.20128824476650564,1.402308105206656,0.040257648953301126,,
72,21.69887278582931,36.38620504562534,20.618625872249062,3.743961352657005,5.374396135265701,6.857219538378959,3.5628019323671496,0.2281266774020397,1.4626945786366077,0.06709608158883522,,
73,21.91358024691358,36.00375738056898,20.477724100912507,3.784219001610306,5.615942028985507,6.796833064949007,3.5829307568438002,0.2549651100375738,1.4761137949543746,0.0939345142243693,,
74,21.430488459473967,34.50080515297907,22.054482018250134,3.7372517444981215,5.6964573268921095,7.125603864734299,3.589640365002684,0.2683843263553409,1.5029522275899088,0.0939345142243693,,
75,21.900161030595815,34.19216317767042,21.390230810520666,3.7372517444981215,6.052066559312936,7.092055823939882,3.784219001610306,0.2683843263553409,1.4895330112721417,0.0939345142243693,,
76,21.14868491680086,32.2463768115942,23.295759527643586,5.24020397208803,5.998389694041868,6.521739130434782,3.784219001610306,0.30193236714975846,1.3419216317767042,0.12077294685990338,,
77,21.3768115942029,32.058507783145465,22.611379495437465,5.314009661835748,6.112453032742888,7.065217391304348,3.683574879227053,0.30193236714975846,1.3553408480944713,0.12077294685990338,,
78,21.71900161030596,31.85721953837896,22.61808910359635,5.293880837359098,6.0587761674718195,7.024959742351046,3.6500268384326353,0.30193236714975846,1.3352120236178207,0.14090177133655393,,
79,21.866612989801396,31.82367149758454,22.38996242619431,5.253623188405797,6.078904991948471,6.944444444444445,3.717122920021471,0.3488996242619431,1.4358561460010735,0.14090177133655393,,
80,20.79307568438003,29.64975845410628,28.764090177133657,4.280730005367687,5.743424584004294,5.723295759527644,3.549382716049383,0.33548040794417605,1.0466988727858293,0.11406333870101985,,
81,19.43102522812668,31.394256575415994,28.368223295759528,4.200214707461084,5.736714975845411,5.750134192163178,3.5963499731615673,0.322061191626409,1.0601180891035964,0.14090177133655393,,
82,19.699409554482017,30.917874396135264,28.153515834675254,4.106280193236715,6.3137412775093935,5.750134192163178,3.589640365002684,0.2952227589908749,1.0601180891035964,0.11406333870101985,,
83,19.92753623188406,30.763553408480945,27.911969940955448,4.528985507246377,5.964841653247451,6.132581857219538,3.3480944712828773,0.2952227589908749,1.0131508319914118,0.11406333870101985,,
84,20.209339774557165,30.401234567901234,27.576489533011273,4.549114331723027,6.246645195920558,6.105743424584004,3.4420289855072466,0.322061191626409,1.0332796564680622,0.11406333870101985,,
85,19.28341384863124,31.5552871712292,26.86527106816962,4.294149221685454,6.139291465378422,6.843800322061192,3.549382716049383,0.3757380568974772,0.9796027911969941,0.11406333870101985,,
86,19.64573268921095,31.340579710144926,26.40901771336554,4.327697262479871,6.414385399892646,6.66935050993022,3.5829307568438002,0.3488996242619431,1.1473429951690821,0.11406333870101985,,
87,19.30354267310789,30.54213633923779,27.58990874932904,4.394793344068707,6.226516371443908,6.595544820182502,3.7372517444981215,0.3757380568974772,1.1473429951690821,0.08722490606548577,,
88,19.665861513687602,30.280461621041333,27.147074610842726,4.38137412775094,6.575415995705851,6.595544820182502,3.743961352657005,0.39586688137412773,1.1272141706924315,0.08722490606548577,,
89,19.719538378958667,29.978529253891573,26.90552871712292,4.49543746645196,6.689479334406871,6.494900697799249,3.864734299516908,0.5703166935050993,1.1943102522812667,0.08722490606548577,,
90,19.726247987117553,29.61621041331186,26.650563607085346,4.7101449275362315,7.085346215780999,6.461352657004831,3.878153515834675,0.5703166935050993,1.2144390767579174,0.08722490606548577,,
91,20.061728395061728,29.361245303274288,26.308373590982285,4.609500805152979,7.25979602791197,6.320450885668277,3.898282340311326,0.5703166935050993,1.4895330112721417,0.12077294685990338,,
92,19.6256038647343,27.4020397208803,28.804347826086957,4.569243156199678,7.139023081052066,6.0587761674718195,4.0995705850778315,0.5434782608695652,1.6371443907675791,0.12077294685990338,,
93,19.79334406870639,27.36849168008588,28.408480944712828,4.508856682769726,7.14573268921095,6.233225979602791,4.247181964573269,0.5434782608695652,1.6304347826086956,0.12077294685990338,,
94,19.80005367686527,26.039989264626946,28.26086956521739,5.884326355340848,7.50805152979066,5.870907139023081,4.26731078904992,0.5501878690284487,1.6975308641975309,0.12077294685990338,,
95,19.860440150295222,25.811862587224905,28.012614063338702,5.9514224369296835,7.494632313472893,6.172839506172839,4.294149221685454,0.5434782608695652,1.737788513150832,0.12077294685990338,,
96,19.712828770799785,25.10064412238325,29.314278046162105,5.9514224369296835,7.14573268921095,5.964841653247451,4.435050993022007,0.5099302200751477,1.7444981213097155,0.12077294685990338,,
97,19.97450348899624,24.879227053140095,28.690284487385938,6.206387546967257,7.132313472893183,6.273483628556092,4.320987654320987,0.5099302200751477,1.892109500805153,0.12077294685990338,,
98,20.055018786902846,24.651100375738057,28.468867418142782,6.266774020397209,7.239667203435319,6.447933440687064,4.341116478797638,0.5434782608695652,1.865271068169619,0.12077294685990338,,
99,20.283145464304884,24.168008588298445,26.992753623188406,6.474771873322598,7.286634460547504,7.9039184111647875,4.388083735909823,0.5434782608695652,1.8384326355340848,0.12077294685990338,,
100,20.705850778314545,23.906333870101985,27.77777777777778,6.447933440687064,7.1725711218464845,6.890767579173376,4.51556629092861,0.5636070853462157,1.8988191089640365,0.12077294685990338,,
101,20.954106280193237,23.68491680085883,27.435587761674718,6.414385399892646,7.273215244229737,6.863929146537842,4.575952764358561,0.5636070853462157,2.1135265700483092,0.12077294685990338,,
102,21.182232957595275,22.725442834138487,27.34165324745035,6.421095008051529,7.246376811594203,7.6556629092860975,4.602791196994096,0.5636070853462157,2.1403650026838434,0.12077294685990338,,
103,21.537842190016104,22.450348899624263,27.079978529253893,6.394256575415996,7.192699946323135,7.816693505099302,4.723564143853999,0.5434782608695652,2.1403650026838434,0.12077294685990338,,
104,21.68545356951154,22.249060654857757,26.798174986580783,6.568706387546968,7.0383789586688135,7.957595276435856,4.74369296833065,0.5434782608695652,2.2410091250670963,0.17444981213097155,,
105,20.719269994632313,23.356146001073537,26.147342995169083,6.568706387546968,6.991411701556629,7.9106280193236715,5.025496511003757,0.5501878690284487,2.5563607085346214,0.17444981213097155,,
106,20.82662372517445,23.10789049919485,26.03327965646806,6.5552871712292005,6.9243156199677935,8.09849704777241,5.052334943639291,0.5770263016639828,2.5966183574879227,0.2281266774020397,,
107,20.78636607622115,22.63150831991412,25.644122383252817,6.8035426731078905,6.857219538378959,8.111916264090176,5.615942028985507,0.5770263016639828,2.7308105206655933,0.24154589371980675,,
108,20.8870101986044,22.289318303811058,25.509930220075148,6.796833064949007,7.199409554482019,8.225979602791197,5.542136339237788,0.5434782608695652,2.7106816961889426,0.2616747181964573,0.03354804079441761,
109,20.685721953837895,21.64519592055824,26.724369296833064,6.964573268921095,7.018250134192163,8.179012345679013,5.421363392377885,0.39586688137412773,2.6704240472356413,0.23483628556092323,0.06038647342995169,
110,18.646001073537306,29.904723564143854,21.410359634997317,8.004562533548041,6.66935050993022,7.085346215780999,5.159688674181428,0.41599570585077833,2.408749329039184,0.23483628556092323,0.06038647342995169,
111,18.310520665593128,28.73725174449812,23.047504025764894,8.132045088566828,6.353998926462695,7.018250134192163,5.374396135265701,0.39586688137412773,2.314814814814815,0.2549651100375738,0.06038647342995169,
112,17.914653784219002,28.28099838969404,21.812936124530328,8.192431561996779,6.454643048845948,8.997584541062801,5.381105743424584,0.39586688137412773,2.2879763821792807,0.24825550187869028,0.03354804079441761,
113,18.129361245303276,28.16022544283414,21.66532474503489,8.172302737520129,6.736446591519055,8.749329039184111,5.293880837359098,0.46296296296296297,2.3215244229736984,0.27509393451422437,0.03354804079441761,
114,18.04884594739667,27.636876006441224,23.18840579710145,7.924047235641439,6.696188942565755,8.199141170155663,5.213365539452496,0.46296296296296297,2.3215244229736984,0.27509393451422437,0.03354804079441761,
115,18.310520665593128,27.355072463768117,22.98040794417606,7.836822329575953,6.689479334406871,8.487654320987655,5.2066559312936125,0.46296296296296297,2.3617820719269993,0.27509393451422437,0.03354804079441761,
116,18.337359098228664,26.78475577026302,22.25577026301664,6.561996779388084,6.461352657004831,11.419753086419753,5.159688674181428,0.39586688137412773,2.3215244229736984,0.2683843263553409,0.03354804079441761,
117,18.753354804079443,26.31508319914117,21.960547504025765,6.582125603864735,6.756575415995706,11.56736446591519,5.0858829844337095,0.38915727321524424,2.2879763821792807,0.2683843263553409,0.03354804079441761,
118,19.088835212023618,26.1808910359635,21.732420826623724,6.588835212023618,6.723027375201288,11.439881910896403,5.112721417069243,0.38915727321524424,2.4490069779924855,0.2616747181964573,0.03354804079441761,
119,19.209608158883523,25.925925925925927,21.55126140633387,6.595544820182502,6.749865807836822,11.366076221148685,5.173107890499195,0.39586688137412773,2.737520128824477,0.2616747181964573,0.03354804079441761,
120,18.874127750939344,25.37573805689748,19.04186795491143,6.602254428341385,6.615673644659152,15.351583467525497,5.159688674181428,0.3421900161030596,2.341653247450349,0.2616747181964573,0.03354804079441761,
121,19.0552871712292,25.275093934514224,19.33709071390231,6.468062265163715,6.796833064949007,15.01610305958132,5.025496511003757,0.36902844873859364,2.3617820719269993,0.24154589371980675,0.05367686527106817,
122,19.39747718733226,25.140901771336555,19.236446591519055,6.5485775630703165,6.743156199677939,14.88191089640365,4.931561996779388,0.4428341384863124,2.38191089640365,0.24154589371980675,0.05367686527106817,
123,19.612184648416534,24.67793880837359,19.0552871712292,6.850509930220075,7.152442297369833,14.687332259796028,4.911433172302737,0.4227053140096618,2.3617820719269993,0.2147074610842727,0.05367686527106817,
124,19.37734836285561,24.422973698336016,19.363929146537842,6.910896403650026,7.434245840042942,14.533011272141707,4.898013955984971,0.4227053140096618,2.368491680085883,0.2147074610842727,0.05367686527106817,
125,19.33709071390231,24.06736446591519,19.424315619967793,7.0450885668276975,7.501341921631776,14.439076757917338,5.038915727321524,0.47638217928073,2.4020397208803006,0.2147074610842727,0.05367686527106817,
126,19.236446591519055,23.8191089640365,19.578636607622116,6.964573268921095,7.601986044015029,14.36527106816962,5.414653784219001,0.47638217928073,2.301395598497048,0.1878690284487386,0.05367686527106817,
127,19.0955448201825,23.463499731615673,18.592324208266238,8.742619431025227,7.501341921631776,14.251207729468598,5.414653784219001,0.46967257112184646,2.200751476113795,0.2147074610842727,0.05367686527106817,
128,19.43773483628556,23.309178743961354,18.666129898013956,8.769457863660762,7.434245840042942,13.90901771336554,5.481749865807837,0.5032206119162641,2.2208803005904456,0.2147074610842727,0.05367686527106817,
129,19.847020933977454,23.040794417606012,18.50509930220075,8.776167471819646,7.454374664519592,13.92914653784219,5.347557702630167,0.5300590445517982,2.3215244229736984,0.19457863660762212,0.05367686527106817,
130,19.45115405260333,21.826355340848096,18.189747718733226,8.809715512614064,7.575147611379496,15.747450348899624,5.246913580246914,0.5434782608695652,2.3617820719269993,0.19457863660762212,0.05367686527106817,
131,19.639023081052066,21.43719806763285,18.317230273752013,8.655394524959743,7.601986044015029,15.693773483628556,5.360976918947934,0.7112184648416533,2.3349436392914655,0.19457863660762212,0.05367686527106817,
132,19.847020933977454,21.336553945249598,17.85426731078905,9.091519055287172,7.467793880837359,15.83467525496511,5.3341384863123995,0.7179280730005367,2.2410091250670963,0.2214170692431562,0.05367686527106817,
133,20.108695652173914,21.215780998389693,17.733494363929147,9.078099838969404,7.816693505099302,15.546162104133119,5.300590445517981,0.7179280730005367,2.2074610842726785,0.2214170692431562,0.05367686527106817,
134,20.356951154052602,21.101717659688674,17.619431025228128,9.037842190016104,7.856951154052603,15.505904455179817,5.300590445517981,0.6977992485238862,2.24771873322598,0.2214170692431562,0.05367686527106817,
135,20.50456253354804,21.021202361782073,17.57246376811594,9.219001610305957,7.863660762211487,15.45222758990875,5.173107890499195,0.6642512077294686,2.254428341384863,0.2214170692431562,0.05367686527106817,
136,20.517981749865807,20.86688137412775,17.290660225442835,9.594739667203436,7.843531937734836,15.519323671497585,5.173107890499195,0.6508319914117016,2.2879763821792807,0.20128824476650564,0.05367686527106817,
137,20.625335480407944,20.719269994632313,17.143048845947398,9.73564143853999,7.803274288781535,15.385131508319914,5.387815351583468,0.6508319914117016,2.2946859903381642,0.20128824476650564,0.05367686527106817,
138,19.940955448201827,20.471014492753625,15.908480944712828,9.520933977455716,6.870638754696726,18.726516371443907,5.35426731078905,0.6776704240472357,2.281266774020397,0.19457863660762212,0.05367686527106817,
139,20.12211486849168,20.39049919484702,15.841384863123993,9.480676328502415,6.910896403650026,18.65271068169619,5.441492216854535,0.6642512077294686,2.24771873322598,0.19457863660762212,0.05367686527106817,
140,20.249597423510465,20.323403113258184,15.58641975308642,9.460547504025765,7.152442297369833,18.4447128287708,5.615942028985507,0.6910896403650026,2.227589908749329,0.19457863660762212,0.05367686527106817,
141,20.44417606011809,20.222758990874933,15.499194847020934,9.54777241009125,7.118894256575416,18.263553408480945,5.71658615136876,0.6843800322061192,2.24771873322598,0.20128824476650564,0.05367686527106817,
142,20.725979602791195,19.994632313472895,15.432098765432098,9.50751476113795,7.179280730005368,18.183038110574344,5.770263016639828,0.7380568974771873,2.1806226516371443,0.23483628556092323,0.05367686527106817,
143,18.733225979602793,29.844337090713903,12.5,8.246108427267847,6.239935587761675,16.398282340311326,5.381105743424584,0.6038647342995169,1.8048845947396672,0.19457863660762212,0.05367686527106817,
144,19.142512077294686,29.750402576489535,12.426194310252281,8.333333333333334,6.172839506172839,16.27079978529254,5.340848094471283,0.5837359098228664,1.7444981213097155,0.18115942028985507,0.05367686527106817,
145,19.444444444444443,29.414922168545356,12.372517444981213,8.360171765968868,6.280193236714976,16.17686527106817,5.367686527106817,0.6038647342995169,1.7444981213097155,0.18115942028985507,0.05367686527106817,
146,18.78690284487386,29.139828234031132,12.157809983896941,8.313204508856682,6.099033816425121,18.451422436929683,4.985238862050457,0.6172839506172839,1.247987117552335,0.16774020397208803,0.03354804079441761,
147,18.894256575415994,28.891572732152444,12.345679012345679,8.225979602791197,6.038647342995169,18.23671497584541,5.273752012882448,0.644122383252818,1.247987117552335,0.16774020397208803,0.03354804079441761,
148,19.162640901771336,28.63660762211487,12.238325281803542,8.225979602791197,6.025228126677402,18.411164787976382,5.260332796564681,0.6239935587761675,1.2144390767579174,0.16774020397208803,0.03354804079441761,
149,19.43773483628556,28.31454643048846,12.13768115942029,8.205850778314547,6.146001073537305,18.377616747181964,5.300590445517981,0.6575415995705851,1.221148684916801,0.16774020397208803,0.03354804079441761,
150,19.390767579173378,27.82474503488996,12.379227053140097,8.232689210950081,6.367418142780462,18.270263016639827,5.3274288781535155,0.6910896403650026,1.3150831991411702,0.16774020397208803,0.03354804079441761,
151,19.424315619967793,25.85212023617821,12.446323134728932,8.480944712828771,8.3064949006978,17.914653784219002,5.35426731078905,0.7246376811594203,1.2949543746645196,0.16774020397208803,0.03354804079441761,
152,19.632313472893184,25.81857219538379,12.325550187869029,8.527911969940956,8.225979602791197,17.98845947396672,5.293880837359098,0.7112184648416533,1.2748255501878691,0.16774020397208803,0.03354804079441761,
153,19.585346215780998,25.483091787439612,14.029790660225443,8.454106280193237,8.172302737520129,17.156468062265162,4.958400429414922,0.7447665056360708,1.221148684916801,0.1610305958132045,0.03354804079441761,
154,19.679280730005367,25.181159420289855,13.935856146001074,8.756038647342995,8.259527643585615,16.97530864197531,4.958400429414922,0.785024154589372,1.1808910359634996,0.2549651100375738,0.03354804079441761,
155,19.712828770799785,25.0805152979066,13.754696725711218,8.735909822866345,8.205850778314547,17.196725711218466,5.025496511003757,0.7783145464304885,1.2010198604401503,0.27509393451422437,0.03354804079441761,
156,19.706119162640903,24.765163714439076,13.613794954374665,8.80300590445518,8.199141170155663,17.371175523349436,5.213365539452496,0.7783145464304885,1.2412775093934514,0.27509393451422437,0.03354804079441761,
157,19.80005367686527,24.18142780461621,13.560118089103597,8.715780998389693,8.387010198604402,17.324208266237253,5.6964573268921095,0.798443370907139,1.2412775093934514,0.2616747181964573,0.03354804079441761,
158,19.981213097155127,22.38996242619431,13.506441223832528,10.466988727858293,8.447396672034353,17.21014492753623,5.683038110574342,0.7783145464304885,1.2412775093934514,0.2616747181964573,0.03354804079441761,
159,20.095276435856146,22.356414385399894,13.466183574879228,10.466988727858293,8.454106280193237,17.08937198067633,5.642780461621041,0.8118625872249061,1.2681159420289856,0.27509393451422437,0.03354804079441761,0.040257648953301126
160,20.35024154589372,22.18196457326892,13.365539452495975,10.466988727858293,8.447396672034353,16.841116478797638,5.71658615136876,0.8454106280193237,1.442565754159957,0.2683843263553409,0.03354804079441761,0.040257648953301126
161,20.564949006977994,22.067901234567902,13.325281803542673,10.305958132045088,8.380300590445518,16.566022544283413,5.83064949006978,1.0735373054213635,1.5432098765432098,0.2683843263553409,0.03354804079441761,0.040257648953301126
162,20.095276435856146,21.511003757380568,13.81508319914117,9.997316156736447,8.044820182501342,17.834138486312398,5.870907139023081,1.0332796564680622,1.4761137949543746,0.24825550187869028,0.03354804079441761,0.040257648953301126
163,20.249597423510465,21.443907675791735,13.788244766505636,9.816156736446592,8.004562533548041,17.69994632313473,6.213097155126141,1.0735373054213635,1.4224369296833066,0.2281266774020397,0.020128824476650563,0.040257648953301126
164,20.397208803005906,21.162104133118625,13.761406333870102,9.782608695652174,7.9106280193236715,17.612721417069242,6.541867954911433,1.0735373054213635,1.4895330112721417,0.2281266774020397,0.020128824476650563,0.020128824476650563
165,20.799785292538918,20.987654320987655,13.747987117552334,9.702093397745571,7.877079978529254,17.579173376274827,6.528448738593666,1.0198604401502953,1.4895330112721417,0.2281266774020397,0.020128824476650563,0.020128824476650563
166,20.987654320987655,20.86688137412775,13.774825550187868,9.695383789586689,7.769726247987117,17.47181964573269,6.602254428341385,1.0198604401502953,1.5096618357487923,0.2281266774020397,0.020128824476650563,0.05367686527106817
167,20.92055823939882,20.598497047772412,13.560118089103597,9.66183574879227,7.930756843800322,17.337627482555018,7.118894256575416,1.0735373054213635,1.5096618357487923,0.2281266774020397,0.0067096081588835215,0.05367686527106817
168,20.209339774557165,19.766505636070853,17.09608158883521,8.997584541062801,7.997852925389157,16.223832528180353,6.971282877079979,1.0332796564680622,1.415727321524423,0.2281266774020397,0.0067096081588835215,0.05367686527106817
169,20.477724100912507,19.706119162640903,17.04911433172303,8.896940418679549,7.9039184111647875,16.09634997316157,7.004830917874396,1.0198604401502953,1.442565754159957,0.3421900161030596,0.0067096081588835215,0.05367686527106817
170,20.42404723564144,19.41760601180891,16.774020397208805,8.809715512614064,7.897208803005904,15.975577026301664,7.863660762211487,0.9930220075147611,1.442565754159957,0.3421900161030596,0.0067096081588835215,0.05367686527106817
171,20.73268921095008,19.229736983360173,16.67337627482555,8.809715512614064,8.024691358024691,15.854804079441761,7.823403113258186,1.0198604401502953,1.42914653784219,0.3421900161030596,0.0067096081588835215,0.05367686527106817
172,20.74610842726785,19.223027375201287,16.42512077294686,8.896940418679549,8.266237251744498,15.425389157273216,7.937466451959206,1.0131508319914118,1.6639828234031133,0.3421900161030596,0.0067096081588835215,0.05367686527106817
173,20.90042941492217,19.048577563070317,16.33118625872249,8.856682769726248,8.353462157809984,15.33816425120773,8.105206655931294,1.0064412238325282,1.6572732152442298,0.3421900161030596,0.0067096081588835215,0.05367686527106817
174,20.7662372517445,18.95464304884595,16.150026838432634,9.561191626409018,8.440687063875469,14.962426194310252,8.031400966183575,1.06682769726248,1.6639828234031133,0.3421900161030596,0.0067096081588835215,0.05367686527106817
175,20.82662372517445,18.927804616210413,15.975577026301664,9.75577026301664,8.467525496511003,14.97584541062802,7.98443370907139,1.0399892646269457,1.6438539989264627,0.3421900161030596,0.0067096081588835215,0.05367686527106817
176,20.974235104669887,18.256843800322063,15.881642512077295,9.742351046698873,9.326355340848094,14.922168545356952,7.890499194847021,1.0131508319914118,1.6371443907675791,0.322061191626409,0.0067096081588835215,0.026838432635534086
177,21.26274825550188,18.203166935050994,15.767579173376275,9.608158883521202,9.353193773483628,14.848362855609233,7.809983896940419,1.0131508319914118,1.7176596886741815,0.3824476650563607,0.0067096081588835215,0.026838432635534086
178,21.531132581857218,18.14278046162104,15.566290928609769,9.534353193773484,9.23913043478261,14.781266774020397,7.937466451959206,1.0399892646269457,1.7914653784219001,0.3824476650563607,0.03354804079441761,0.020128824476650563
179,21.69887278582931,18.00187869028449,15.526033279656469,9.500805152979066,9.185453569511541,14.687332259796028,8.13875469672571,1.0399892646269457,1.7847557702630166,0.3824476650563607,0.03354804079441761,0.020128824476650563
180,21.35668276972625,17.860976918947934,16.532474503488995,9.245840042941492,9.272678475577026,14.439076757917338,8.064949006977992,1.0399892646269457,1.751207729468599,0.3824476650563607,0.03354804079441761,0.020128824476650563
181,20.954106280193237,19.26328502415459,15.841384863123993,9.205582393988191,9.326355340848094,14.096886741814279,8.105206655931294,1.0399892646269457,1.737788513150832,0.3757380568974772,0.03354804079441761,0.020128824476650563
182,21.081588835212024,19.122383252818036,15.70048309178744,9.151905528717123,9.151905528717123,14.358561460010735,8.179012345679013,1.093666129898014,1.7579173376274826,0.3488996242619431,0.03354804079441761,0.020128824476650563
183,21.484165324745035,18.82716049382716,15.633387010198604,9.064680622651638,9.192163177670425,14.338432635534085,8.259527643585615,1.0534084809447128,1.7444981213097155,0.3488996242619431,0.03354804079441761,0.020128824476650563
184,21.611647879763822,18.760064412238325,15.727321524422974,8.970746108427267,9.091519055287172,14.2914653784219,8.225979602791197,1.1473429951690821,1.7713365539452497,0.3488996242619431,0.03354804079441761,0.020128824476650563
185,21.67874396135266,18.585614600107355,15.687063875469672,9.151905528717123,9.064680622651638,14.096886741814279,8.333333333333334,1.1674718196457328,1.8317230273752012,0.3488996242619431,0.03354804079441761,0.020128824476650563
186,21.833064949006978,18.4849704777241,15.901771336553946,9.359903381642512,9.05126140633387,13.633923778851315,8.353462157809984,1.1674718196457328,1.8115942028985508,0.3488996242619431,0.03354804079441761,0.020128824476650563
187,22.020933977455716,18.095813204508858,15.888352120236178,9.473966720343531,9.145195920558239,13.593666129898015,8.373590982286634,1.1674718196457328,1.8384326355340848,0.3488996242619431,0.03354804079441761,0.020128824476650563
188,21.940418679549115,18.337359098228664,15.713902308105206,9.400161030595813,9.198872785829307,13.741277509393452,8.259527643585615,1.1272141706924315,1.8518518518518519,0.3757380568974772,0.03354804079441761,0.020128824476650563
189,22.04777241009125,18.276972624798713,15.546162104133119,9.420289855072463,9.145195920558239,13.714439076757918,8.360171765968868,1.1205045625335481,1.9390767579173376,0.3757380568974772,0.03354804079441761,0.020128824476650563
190,22.27589908749329,18.19645732689211,15.465646806226516,9.380032206119163,9.044551798174986,13.821792807300053,8.313204508856682,1.1003757380568975,1.9726247987117553,0.3757380568974772,0.03354804079441761,0.020128824476650563
191,22.423510466988727,18.14278046162104,15.405260332796564,9.574610842726784,9.091519055287172,13.707729468599034,8.205850778314547,1.093666129898014,1.9390767579173376,0.36231884057971014,0.03354804079441761,0.020128824476650563
192,19.390767579173378,14.908749329039184,26.174181427804616,8.158883521202362,8.393719806763285,12.392646269457863,7.481213097155126,0.8722490606548577,1.8183038110574343,0.36231884057971014,0.026838432635534086,0.020128824476650563
193,19.51154052603328,14.774557165861514,25.677670424047236,8.132045088566828,8.3467525496511,12.439613526570048,7.957595276435856,0.7783145464304885,1.9793344068706387,0.35560923242082665,0.026838432635534086,0.020128824476650563
194,19.55179817498658,14.74771873322598,25.355609232420825,8.225979602791197,8.36688137412775,12.412775093934513,8.085077831454644,0.8118625872249061,2.0397208803005906,0.35560923242082665,0.026838432635534086,0.020128824476650563
195,19.672571121846484,14.63365539452496,25.328770799785293,8.561460010735374,8.266237251744498,12.198067632850242,8.132045088566828,0.8118625872249061,2.006172839506173,0.35560923242082665,0.013419216317767043,0.020128824476650563
196,19.880568974771872,14.55984970477724,25.127482555018787,8.507783145464305,8.279656468062266,12.151100375738057,8.125335480407944,0.8118625872249061,2.1403650026838434,0.3824476650563607,0.013419216317767043,0.020128824476650563
197,19.920826623725173,14.338432635534085,24.879227053140095,8.447396672034353,8.480944712828771,12.130971551261407,8.333333333333334,0.8252818035426731,2.227589908749329,0.3824476650563607,0.013419216317767043,0.020128824476650563
198,20.101986044015028,14.318303811057435,24.745034889962426,8.507783145464305,8.380300590445518,12.130971551261407,8.259527643585615,0.8185721953837896,2.3215244229736984,0.3824476650563607,0.013419216317767043,0.020128824476650563
199,20.38378958668814,14.304884594739667,24.570585077831456,8.487654320987655,8.380300590445518,12.097423510466989,8.232689210950081,0.8185721953837896,2.3081052066559313,0.3824476650563607,0.013419216317767043,0.020128824476650563
200,20.591787439613526,14.257917337627482,24.416264090177133,8.480944712828771,8.3064949006978,12.057165861513688,8.252818035426731,0.8655394524959742,2.3215244229736984,0.41599570585077833,0.013419216317767043,0.020128824476650563
201,20.7662372517445,14.237788513150832,24.20155662909286,8.568169618894256,8.527911969940956,11.862587224906065,8.21256038647343,0.8655394524959742,2.3081052066559313,0.41599570585077833,0.013419216317767043,0.020128824476650563
202,20.967525496511005,14.197530864197532,23.859366612989803,8.588298443370908,8.480944712828771,11.721685453569512,8.521202361782072,0.8387010198604401,2.3886205045625335,0.4025764895330113,0.013419216317767043,0.020128824476650563
