,45,50,53,55,51,52,54,56
0,99.59071390230811,0.4092860976918948,,,,,,
1,99.59071390230811,0.4092860976918948,,,,,,
2,99.59071390230811,0.4092860976918948,,,,,,
3,99.59071390230811,0.4092860976918948,,,,,,
4,99.59071390230811,0.4092860976918948,,,,,,
5,95.92055823939882,4.079441760601181,,,,,,
6,95.95410628019323,4.045893719806763,,,,,,
7,95.97423510466989,4.025764895330113,,,,,,
8,95.86688137412776,4.133118625872249,,,,,,
9,94.20289855072464,5.797101449275362,,,,,,
10,94.20289855072464,5.797101449275362,,,,,,
11,91.3714439076758,8.628556092324208,,,,,,
12,91.41841116478798,8.581588835212024,,,,,,
13,79.58266237251745,20.417337627482556,,,,,,
14,79.4753086419753,20.52469135802469,,,,,,
15,74.79200214707461,25.207997852925388,,,,,,
16,72.60466988727859,27.28797638217928,0.10735373054213634,,,,,
17,72.6784755770263,27.214170692431562,0.10735373054213634,,,,,
18,70.1959205582394,29.428341384863124,0.10735373054213634,0.2683843263553409,,,,
19,70.12211486849168,29.502147074610843,0.10735373054213634,0.2683843263553409,,,,
20,69.6658615136876,29.958400429414922,0.10735373054213634,0.2683843263553409,,,,
21,69.76650563607086,29.857756307031668,0.10735373054213634,0.2683843263553409,,,,
22,69.73295759527643,27.81803542673108,0.10735373054213634,0.2683843263553409,2.073268921095008,,,
23,69.83360171765969,27.72410091250671,0.10735373054213634,0.2683843263553409,2.0665593129361244,,,
24,69.72624798711755,27.200751476113794,0.7380568974771873,0.2683843263553409,2.0665593129361244,,,
25,69.75979602791197,27.167203435319376,0.7380568974771873,0.2683843263553409,2.0665593129361244,,,
26,69.52495974235104,27.4020397208803,0.7380568974771873,0.2683843263553409,2.0665593129361244,,,
27,69.65244229736983,27.274557165861513,0.7380568974771873,0.2683843263553409,2.0665593129361244,,,
28,69.7866344605475,27.140365002683843,0.7380568974771873,0.2683843263553409,2.0665593129361244,,,
29,69.79334406870639,27.033011272141707,0.7246376811594203,0.2683843263553409,2.0665593129361244,0.11406333870101985,,
30,69.41760601180891,27.408749329039185,0.7246376811594203,0.2683843263553409,2.0665593129361244,0.11406333870101985,,
31,69.51825013419216,27.334943639291467,0.7246376811594203,0.2683843263553409,2.0397208803005906,0.11406333870101985,,
32,67.08937198067633,30.273752012882447,0.7246376811594203,0.2683843263553409,1.5297906602254427,0.11406333870101985,,
33,67.17659688674182,30.18652710681696,0.7246376811594203,0.2683843263553409,1.5297906602254427,0.11406333870101985,,
34,67.25040257648953,30.12614063338701,0.7112184648416533,0.2683843263553409,1.5297906602254427,0.11406333870101985,,
35,67.29066022544283,30.08588298443371,0.7112184648416533,0.2683843263553409,1.5297906602254427,0.11406333870101985,,
36,65.21068169618894,31.05877616747182,0.7112184648416533,1.3754696725711217,1.5297906602254427,0.11406333870101985,,
37,63.90230810520666,30.763553408480945,0.7112184648416533,1.3754696725711217,3.1333870101986045,0.11406333870101985,,
38,59.40016103059581,25.845410628019323,0.7112184648416533,1.3754696725711217,12.553676865271068,0.11406333870101985,,
39,44.498121309715515,41.78743961352657,0.7112184648416533,1.3754696725711217,11.627750939345143,,,
40,44.68599033816425,41.599570585077835,0.7112184648416533,1.3754696725711217,11.627750939345143,,,
41,44.16935050993022,42.1430488459474,0.7112184648416533,1.3754696725711217,11.600912506709609,,,
42,44.31025228126678,42.05582393988191,0.6843800322061192,1.3754696725711217,11.574074074074074,,,
43,42.74691358024691,43.61916264090177,0.6843800322061192,1.3754696725711217,11.574074074074074,,,
44,43.08910359634997,43.39103596349973,0.6843800322061192,1.3486312399355878,11.486849168008588,,,
45,43.25013419216318,43.23000536768653,0.6843800322061192,1.3486312399355878,11.486849168008588,,,
46,41.116478797638216,43.82045088566828,0.6843800322061192,1.3486312399355878,13.030059044551798,,,
47,41.297638217928075,43.73993558776167,0.6843800322061192,1.3486312399355878,12.929414922168545,,,
48,41.1634460547504,43.43800322061192,0.6843800322061192,1.3150831991411702,12.432903918411165,,0.966183574879227,
49,41.18357487922705,43.29710144927536,0.6709608158883521,1.3150831991411702,12.426194310252281,,1.107085346215781,
50,41.337895866881375,43.15619967793881,0.6709608158883521,1.3150831991411702,12.412775093934513,,1.107085346215781,
51,41.297638217928075,43.001878690284485,0.6709608158883521,1.3150831991411702,12.412775093934513,,1.3016639828234031,
52,41.43183038110574,42.881105743424584,0.6709608158883521,1.3150831991411702,12.399355877616747,,1.3016639828234031,
53,41.52576489533011,42.8341384863124,0.6709608158883521,1.3083735909822867,12.359098228663447,,1.3016639828234031,
54,40.9621578099839,43.39774557165862,0.6709608158883521,1.3083735909822867,12.359098228663447,,1.3016639828234031,
55,41.06280193236715,43.31723027375201,0.6709608158883521,1.3083735909822867,12.352388620504563,,1.288244766505636,
56,41.217122920021474,43.17632850241546,0.6709608158883521,1.2949543746645196,12.352388620504563,,1.288244766505636,
57,41.00912506709608,42.12292002147075,0.6709608158883521,1.2949543746645196,12.305421363392378,1.402308105206656,1.1943102522812667,
58,41.056092324208265,41.706924315619965,0.6709608158883521,1.6841116478797638,12.285292538915728,1.402308105206656,1.1943102522812667,
59,41.17015566290929,41.646537842190014,0.6709608158883521,1.6639828234031133,12.285292538915728,1.402308105206656,1.1607622114868492,
60,41.2037037037037,41.63311862587225,0.6709608158883521,1.6639828234031133,12.265163714439076,1.402308105206656,1.1607622114868492,
61,41.25067096081589,41.58615136876006,0.6709608158883521,1.6639828234031133,12.265163714439076,1.402308105206656,1.1607622114868492,
62,41.26409017713365,41.5727321524423,0.6709608158883521,1.6639828234031133,12.265163714439076,1.402308105206656,1.1607622114868492,
63,41.438539989264626,41.2842190016103,0.6709608158883521,1.6639828234031133,12.258454106280194,1.402308105206656,1.2815351583467525,
64,41.49892646269458,41.237251744498124,0.6709608158883521,1.6639828234031133,12.245034889962426,1.402308105206656,1.2815351583467525,
65,41.02925389157273,40.78099838969404,0.6709608158883521,1.6371443907675791,13.211218464841654,1.3888888888888888,1.2815351583467525,
66,37.875738056897475,40.747450348899626,1.5297906602254427,1.3083735909822867,15.975577026301664,1.2815351583467525,1.2815351583467525,
67,38.0703166935051,40.49919484702093,1.5297906602254427,1.4224369296833066,15.915190552871712,1.2815351583467525,1.2815351583467525,
68,38.238056897477186,40.37842190016103,1.5297906602254427,1.4224369296833066,15.895061728395062,1.2546967257112185,1.2815351583467525,
69,38.29844337090714,40.31803542673108,1.5297906602254427,1.4224369296833066,15.895061728395062,1.2546967257112185,1.2815351583467525,
70,38.35212023617821,40.304616210413315,1.5297906602254427,1.3821792807300053,15.895061728395062,1.2546967257112185,1.2815351583467525,
71,38.57353730542136,40.19726247987118,1.5297906602254427,1.3821792807300053,15.807836822329575,1.2278582930756843,1.2815351583467525,
72,38.92914653784219,39.96913580246913,1.5096618357487923,1.5163714439076759,15.566290928609769,1.2278582930756843,1.2815351583467525,
73,39.11701556629093,39.781266774020395,1.5096618357487923,1.5163714439076759,15.566290928609769,1.2278582930756843,1.2815351583467525,
74,39.19753086419753,39.754428341384866,1.5096618357487923,1.5163714439076759,15.5126140633387,1.2278582930756843,1.2815351583467525,
75,38.88217928073001,39.418947933440684,1.3687600644122384,1.5163714439076759,16.304347826086957,1.2278582930756843,1.2815351583467525,
76,39.009661835748794,39.351851851851855,1.3687600644122384,1.5029522275899088,16.25738056897477,1.2278582930756843,1.2815351583467525,
77,39.070048309178745,39.31159420289855,1.3687600644122384,1.4895330112721417,16.25067096081589,1.2278582930756843,1.2815351583467525,
78,39.12372517444981,39.26462694578637,1.3687600644122384,1.482823403113258,16.25067096081589,1.2278582930756843,1.2815351583467525,
79,38.29844337090714,40.08990874932904,1.3687600644122384,1.482823403113258,16.25067096081589,1.2278582930756843,1.2815351583467525,
80,38.35212023617821,40.103327965646805,1.3620504562533549,1.4761137949543746,16.19699409554482,1.2278582930756843,1.2815351583467525,
81,38.499731615673646,40.002683843263554,1.3620504562533549,1.4761137949543746,16.150026838432634,1.2278582930756843,1.2815351583467525,
82,38.63392377885131,39.92887815351583,1.3620504562533549,1.4761137949543746,16.089640365002683,1.2278582930756843,1.2815351583467525,
83,38.808373590982285,39.80810520665593,1.3620504562533549,1.4761137949543746,16.035963499731615,1.2278582930756843,1.2815351583467525,
84,38.85534084809447,39.761137949543745,1.3620504562533549,1.4761137949543746,16.035963499731615,1.2278582930756843,1.2815351583467525,
85,38.87546967257112,39.741009125067094,1.3620504562533549,1.4761137949543746,16.035963499731615,1.2278582930756843,1.2815351583467525,
86,38.92243692968331,39.63365539452496,1.3620504562533549,1.5499194847020934,16.022544283413847,1.2278582930756843,1.2815351583467525,
87,39.12372517444981,39.53972088030059,1.3419216317767042,1.5230810520665594,15.975577026301664,1.2278582930756843,1.2681159420289856,
88,39.28475577026302,39.398819108964034,1.3419216317767042,1.5096618357487923,15.96886741814278,1.2278582930756843,1.2681159420289856,
89,39.331723027375205,39.35856146001073,1.3419216317767042,1.5096618357487923,15.962157809983896,1.2278582930756843,1.2681159420289856,
90,39.418947933440684,39.27133655394525,1.3419216317767042,1.5096618357487923,15.962157809983896,1.2278582930756843,1.2681159420289856,
91,39.60010735373054,39.14385399892646,1.3419216317767042,1.4962426194310252,15.921900161030596,1.2278582930756843,1.2681159420289856,
92,39.67391304347826,39.070048309178745,1.3419216317767042,1.4962426194310252,15.921900161030596,1.2278582930756843,1.2681159420289856,
93,39.734299516908216,39.02308105206656,1.3419216317767042,1.4962426194310252,15.908480944712828,1.2278582930756843,1.2681159420289856,
94,39.30488459473967,37.245034889962426,1.3150831991411702,1.4962426194310252,18.17632850241546,1.2144390767579174,1.247987117552335,
95,36.79549114331723,39.95571658615137,1.3150831991411702,1.4962426194310252,18.00858829844337,1.1808910359634996,1.247987117552335,
96,36.93639291465379,39.82823403113258,1.3150831991411702,1.4962426194310252,17.995169082125603,1.1808910359634996,1.247987117552335,
97,36.99677938808374,39.81481481481482,1.3150831991411702,1.4962426194310252,17.954911433172303,1.1741814278046163,1.247987117552335,
98,37.13768115942029,39.71417069243156,1.3150831991411702,1.4761137949543746,17.934782608695652,1.1741814278046163,1.247987117552335,
99,37.19135802469136,39.53301127214171,1.402308105206656,1.4761137949543746,17.54562533548041,1.3150831991411702,1.5365002683843263,
100,37.3792270531401,39.378690284487384,1.402308105206656,1.4761137949543746,17.51207729468599,1.3150831991411702,1.5365002683843263,
101,37.40606548577563,39.23778851315083,1.402308105206656,1.4761137949543746,17.07595276435856,1.7646269457863661,1.6371443907675791,
102,37.65432098765432,39.12372517444981,1.3687600644122384,1.4761137949543746,17.022275899087493,1.7646269457863661,1.5901771336553945,
103,37.80193236714976,39.02308105206656,1.3687600644122384,1.4761137949543746,16.988727858293075,1.751207729468599,1.5901771336553945,
104,36.70155662909286,37.956253354804076,1.3620504562533549,1.4761137949543746,19.162640901771336,1.751207729468599,1.5901771336553945,
105,34.99060654857756,39.680622651637144,1.3620504562533549,1.4761137949543746,19.14922168545357,1.751207729468599,1.5901771336553945,
106,35.09125067096082,39.65378421900161,1.3620504562533549,1.4761137949543746,19.088835212023618,1.751207729468599,1.5767579173376274,
107,35.17176596886742,39.60010735373054,1.3620504562533549,1.4761137949543746,19.07541599570585,1.751207729468599,1.5633387010198605,
108,35.319377348362856,39.40552871712292,1.3620504562533549,1.570048309178744,19.028448738593667,1.751207729468599,1.5633387010198605,
109,35.299248523886206,39.30488459473967,1.4761137949543746,1.5432098765432098,18.927804616210413,1.892109500805153,1.556629092860977,
110,35.10466988727858,39.55314009661836,1.4761137949543746,1.5432098765432098,18.760064412238325,1.892109500805153,1.6706924315619969,
111,34.95034889962426,38.91572732152442,1.4962426194310252,1.5163714439076759,17.317498658078367,4.274020397208803,1.5297906602254427,
112,30.112721417069242,43.76677402039721,1.4962426194310252,1.5499194847020934,17.270531400966185,4.274020397208803,1.5297906602254427,
113,30.26033279656468,43.69967793880837,1.4962426194310252,1.5499194847020934,17.20343531937735,4.260601180891036,1.5297906602254427,
114,30.495169082125603,43.53864734299517,1.4962426194310252,1.5499194847020934,17.14975845410628,4.240472356414386,1.5297906602254427,
115,30.461621041331185,43.14949006977992,1.4962426194310252,1.6237251744498122,17.57246376811594,4.166666666666667,1.5297906602254427,
116,30.64278046162104,42.901234567901234,1.4962426194310252,2.046430488459474,17.216854535695116,4.166666666666667,1.5297906602254427,
117,30.750134192163177,42.80059044551798,1.4962426194310252,2.046430488459474,17.21014492753623,4.166666666666667,1.5297906602254427,
118,31.03864734299517,42.62614063338701,1.4962426194310252,2.046430488459474,17.09608158883521,4.166666666666667,1.5297906602254427,
119,31.11916264090177,42.58588298443371,1.4962426194310252,2.046430488459474,17.06924315619968,4.1532474503489,1.5297906602254427,
120,31.21309715512614,42.50536768652711,1.4962426194310252,2.046430488459474,17.05582393988191,4.1532474503489,1.5297906602254427,
121,31.293612453032743,42.45169082125604,1.4962426194310252,2.046430488459474,17.028985507246375,4.1532474503489,1.5297906602254427,
122,31.159420289855074,41.6935050993022,2.200751476113795,2.0128824476650564,17.64626945786366,3.7573805689747717,1.5297906602254427,
123,31.300322061191626,41.58615136876006,2.200751476113795,2.0128824476650564,17.639559849704778,3.7372517444981215,1.5230810520665594,
124,31.46135265700483,41.51905528717123,2.200751476113795,2.0128824476650564,17.54562533548041,3.7372517444981215,1.5230810520665594,
125,31.5552871712292,41.47208803005905,2.200751476113795,1.9726247987117553,17.54562533548041,3.7372517444981215,1.5163714439076759,
126,31.790123456790123,41.33118625872249,2.200751476113795,1.9592055823939882,17.465110037573805,3.7372517444981215,1.5163714439076759,
127,31.863929146537842,41.237251744498124,2.1739130434782608,1.9592055823939882,17.431561996779386,3.7372517444981215,1.596886741814278,
128,32.06521739130435,41.17015566290929,2.13365539452496,1.9592055823939882,17.357756307031668,3.717122920021471,1.596886741814278,
129,31.83709071390231,40.063070316693505,2.046430488459474,2.086688137412775,16.63311862587225,5.750134192163178,1.583467525496511,
130,32.05179817498658,39.88862050456253,2.046430488459474,2.086688137412775,16.63311862587225,5.709876543209877,1.583467525496511,
131,32.09205582393988,39.86849168008588,2.046430488459474,2.086688137412775,16.63311862587225,5.689747718733226,1.583467525496511,
132,32.347020933977454,39.761137949543745,1.9457863660762211,2.086688137412775,16.6129898013956,5.662909286097692,1.583467525496511,
133,32.55501878690284,39.62023617820719,1.9457863660762211,2.086688137412775,16.545893719806763,5.662909286097692,1.583467525496511,
134,32.68250134192163,39.51959205582394,1.9457863660762211,2.086688137412775,16.53918411164788,5.642780461621041,1.583467525496511,
135,32.86366076221149,39.42565754159957,1.9457863660762211,2.086688137412775,16.485507246376812,5.609232420826624,1.583467525496511,
136,32.9374664519592,39.35856146001073,1.9457863660762211,2.086688137412775,16.478797638217927,5.609232420826624,1.583467525496511,
137,32.9777241009125,39.28475577026302,1.9457863660762211,2.0799785292538915,16.015834675254965,6.112453032742888,1.583467525496511,
138,33.13875469672571,39.24449812130972,1.9457863660762211,2.0799785292538915,15.92860976918948,6.099033816425121,1.5633387010198605,
139,33.24610842726785,39.150563607085346,1.9457863660762211,2.0799785292538915,15.92860976918948,6.099033816425121,1.5499194847020934,
140,33.353462157809986,38.73456790123457,1.9457863660762211,2.0799785292538915,15.92860976918948,6.421095008051529,1.5365002683843263,
141,33.467525496511,38.459473966720346,1.9457863660762211,2.01959205582394,15.901771336553946,6.421095008051529,1.7847557702630166,
142,33.19243156199678,38.16425120772947,1.9457863660762211,2.01959205582394,16.472088030059044,6.421095008051529,1.7847557702630166,
143,32.809983896940416,37.43961352657005,1.9457863660762211,2.01959205582394,17.632850241545892,6.367418142780462,1.7847557702630166,
144,32.92404723564144,37.33225979602791,1.9457863660762211,2.0128824476650564,17.632850241545892,6.367418142780462,1.7847557702630166,
145,33.07836822329576,37.204777241009126,1.9256575415995705,2.0128824476650564,17.62614063338701,6.367418142780462,1.7847557702630166,
146,29.58937198067633,43.954643048845945,1.8451422436929683,1.9927536231884058,15.673644659151906,5.159688674181428,1.7847557702630166,
147,29.683306494900698,43.887546967257116,1.8451422436929683,1.9927536231884058,15.646806226516372,5.159688674181428,1.7847557702630166,
148,29.797369833601717,43.67283950617284,1.8451422436929683,1.9927536231884058,15.626677402039721,5.139559849704777,1.9256575415995705,
149,29.978529253891573,43.552066559312934,1.8451422436929683,1.9927536231884058,15.599838969404187,5.10601180891036,1.9256575415995705,
150,30.02549651100376,43.49168008588298,1.8451422436929683,1.9927536231884058,15.546162104133119,5.10601180891036,1.9927536231884058,
151,30.079173376274827,43.47155126140633,1.8451422436929683,1.9927536231884058,15.539452495974235,5.10601180891036,1.9659151905528718,
152,30.14626945786366,43.42458400429415,1.8451422436929683,1.9927536231884058,15.519323671497585,5.10601180891036,1.9659151905528718,
153,30.381105743424584,43.20987654320987,1.8451422436929683,1.9927536231884058,15.499194847020934,5.10601180891036,1.9659151905528718,
154,30.555555555555557,43.04884594739667,1.8451422436929683,1.9927536231884058,15.499194847020934,5.0993022007514766,1.9592055823939882,
155,30.66290928609769,42.941492216854535,1.8451422436929683,1.9927536231884058,15.499194847020934,5.0993022007514766,1.9592055823939882,
156,30.743424584004295,42.860976918947934,1.8451422436929683,1.9927536231884058,15.499194847020934,5.0993022007514766,1.9592055823939882,
157,30.9447128287708,42.74691358024691,1.8317230273752012,1.9927536231884058,15.425389157273216,5.0993022007514766,1.9592055823939882,
158,30.83064949006978,42.36446591519055,1.8317230273752012,2.100107353730542,15.418679549114332,5.528717122920021,1.9256575415995705,
159,30.9849704777241,42.27724100912507,1.8317230273752012,2.0799785292538915,15.371712292002147,5.528717122920021,1.9256575415995705,
160,31.03864734299517,42.24369296833065,1.8317230273752012,2.0799785292538915,15.371712292002147,5.508588298443371,1.9256575415995705,
161,31.092324208266238,42.210144927536234,1.8317230273752012,2.0799785292538915,15.351583467525497,5.508588298443371,1.9256575415995705,
162,31.28690284487386,42.14975845410628,1.8250134192163177,2.0799785292538915,15.237520128824476,5.508588298443371,1.9122383252818036,
163,31.50161030595813,41.78743961352657,1.8250134192163177,2.2745571658615136,15.217391304347826,5.488459473966721,1.90552871712292,
164,31.5150295222759,41.74047235641439,1.8250134192163177,2.2745571658615136,15.116747181964573,5.622651637144391,1.90552871712292,
165,31.561996779388085,41.7337627482555,1.8250134192163177,2.2745571658615136,15.08990874932904,5.609232420826624,1.90552871712292,
166,31.488191089640367,41.53918411164788,1.5365002683843263,2.2745571658615136,15.069779924852389,5.60252281266774,2.4892646269457863,
167,31.5552871712292,41.48550724637681,1.5365002683843263,2.2745571658615136,15.056360708534621,5.60252281266774,2.4892646269457863,
168,31.622383252818036,41.337895866881375,1.5365002683843263,2.2745571658615136,15.009393451422437,5.60252281266774,2.6167471819645733,
169,31.689479334406872,41.297638217928075,2.006172839506173,2.2611379495437465,14.620236178207193,5.508588298443371,2.6167471819645733,
170,31.82367149758454,41.1634460547504,2.006172839506173,2.2611379495437465,14.620236178207193,5.508588298443371,2.6167471819645733,
171,32.00483091787439,41.096349973161566,2.006172839506173,2.2611379495437465,14.506172839506172,5.508588298443371,2.6167471819645733,
172,32.07192699946323,41.076221148684915,2.006172839506173,2.254428341384863,14.465915190552872,5.508588298443371,2.6167471819645733,
173,32.21953837895867,40.96886741814278,2.006172839506173,2.254428341384863,14.465915190552872,5.46833064949007,2.6167471819645733,
174,32.340311325818575,40.92860976918948,2.006172839506173,2.254428341384863,14.432367149758454,5.421363392377885,2.6167471819645733,
175,32.47450348899624,40.79441760601181,2.006172839506173,2.254428341384863,14.432367149758454,5.421363392377885,2.6167471819645733,
176,32.75630703166935,40.59983896940419,2.006172839506173,2.254428341384863,14.345142243692969,5.421363392377885,2.6167471819645733,
177,33.07836822329576,40.41196994095545,2.006172839506173,2.227589908749329,14.278046162104133,5.407944176060118,2.589908749329039,
178,33.23268921095008,40.31803542673108,2.006172839506173,2.227589908749329,14.278046162104133,5.347557702630167,2.589908749329039,
179,33.360171765968865,40.23081052066559,1.9994632313472893,2.214170692431562,14.170692431561998,5.347557702630167,2.5831991411701556,0.0939345142243693
180,33.02469135802469,39.93558776167472,2.636876006441224,2.214170692431562,14.15727321524423,5.280461621041331,2.657004830917874,0.0939345142243693
181,33.12533548040794,39.86849168008588,2.636876006441224,2.214170692431562,14.123725174449811,5.280461621041331,2.657004830917874,0.0939345142243693
182,33.16559312936125,39.92216854535695,2.636876006441224,2.214170692431562,14.110305958132045,5.199946323134729,2.657004830917874,0.0939345142243693
183,33.051529790660226,39.80810520665593,2.636876006441224,2.214170692431562,14.345142243692969,5.193236714975845,2.657004830917874,0.0939345142243693
184,28.462157809983896,48.57085346215781,2.5026838432635534,2.214170692431562,10.889694041867955,4.783950617283951,2.4825550187869028,0.0939345142243693
185,28.589640365002683,48.45679012345679,2.5026838432635534,2.214170692431562,10.876274825550189,4.783950617283951,2.4825550187869028,0.0939345142243693
186,28.92512077294686,48.168276972624795,2.5026838432635534,2.214170692431562,10.84272678475577,4.770531400966184,2.4825550187869028,0.0939345142243693
187,28.28099838969404,47.44363929146538,3.0059044551798175,2.2611379495437465,12.466451959205582,3.8848631239935587,2.563070316693505,0.0939345142243693
188,28.415190552871714,46.752549651100374,3.0059044551798175,2.8381642512077296,12.4597423510467,3.8848631239935587,2.5496511003757383,0.0939345142243693
189,28.35480407944176,46.41035963499731,3.0059044551798175,2.7979066022544283,12.439613526570048,4.3478260869565215,2.5496511003757383,0.0939345142243693
190,28.56280193236715,46.242619431025226,3.0059044551798175,2.7979066022544283,12.157809983896941,4.3478260869565215,2.791196994095545,0.0939345142243693
191,28.797638217928075,46.05475040257649,2.999194847020934,2.791196994095545,12.124261943102523,4.3478260869565215,2.791196994095545,0.0939345142243693
192,28.837895866881375,46.03462157809984,2.999194847020934,2.791196994095545,12.124261943102523,4.3478260869565215,2.791196994095545,0.07380568974771873
193,28.904991948470208,45.65888352120236,2.999194847020934,2.791196994095545,12.124261943102523,4.314278046162104,3.1333870101986045,0.07380568974771873
194,29.005636070853463,45.591787439613526,2.999194847020934,2.791196994095545,12.117552334943639,4.28743961352657,3.1333870101986045,0.07380568974771873
195,29.25389157273215,45.450885668276975,2.999194847020934,2.791196994095545,12.070585077831455,4.28743961352657,3.0730005367686526,0.07380568974771873
196,29.448470209339774,45.30327428878154,2.985775630703167,2.791196994095545,12.037037037037036,4.28743961352657,3.0730005367686526,0.07380568974771873
197,29.448470209339774,45.17579173376275,2.985775630703167,2.791196994095545,12.037037037037036,4.28743961352657,3.2004830917874396,0.07380568974771873
198,29.51556629092861,45.04830917874396,2.9723564143853998,2.898550724637681,12.016908212560386,4.274020397208803,3.2004830917874396,0.07380568974771873
199,28.73054213633924,44.73966720343532,2.9723564143853998,2.898550724637681,13.150831991411701,4.233762748255502,3.2004830917874396,0.07380568974771873
200,28.864734299516908,44.67257112184648,2.9723564143853998,2.898550724637681,13.123993558776167,4.213633923778851,3.180354267310789,0.07380568974771873
201,28.938539989264626,44.585346215781,3.408480944712829,2.898550724637681,12.714707461084272,4.213633923778851,3.166935050993022,0.07380568974771873
202,29.045893719806763,44.498121309715515,3.408480944712829,2.898550724637681,12.694578636607622,4.213633923778851,3.166935050993022,0.07380568974771873
203,29.1129898013956,44.46457326892109,3.408480944712829,2.898550724637681,12.661030595813205,4.213633923778851,3.166935050993022,0.07380568974771873
204,29.294149221685455,44.35050993022008,3.408480944712829,2.898550724637681,12.661030595813205,4.159957058507783,3.1535158346752548,0.07380568974771873
205,29.57595276435856,44.135802469135804,3.408480944712829,2.8650026838432634,12.654320987654321,4.133118625872249,3.1535158346752548,0.07380568974771873
206,28.287707997852927,42.29736983360172,3.066290928609769,2.4154589371980677,18.02871712292002,3.3682232957595275,2.462426194310252,0.07380568974771873
207,28.468867418142782,42.19672571121846,3.066290928609769,2.4020397208803006,17.961621041331185,3.3682232957595275,2.462426194310252,0.07380568974771873
208,28.576221148684915,41.908212560386474,3.066290928609769,2.3886205045625335,17.94820182501342,3.3413848631239937,2.6972624798711755,0.07380568974771873
209,28.75738056897477,41.86124530327429,3.066290928609769,2.3886205045625335,17.860976918947934,3.294417606011809,2.6972624798711755,0.07380568974771873
210,29.07944176060118,41.47208803005905,3.066290928609769,2.3617820719269993,17.840848094471284,3.4151905528717124,2.690552871712292,0.07380568974771873
211,29.166666666666668,41.44524959742351,3.0327428878153517,2.3617820719269993,17.840848094471284,3.388352120236178,2.690552871712292,0.07380568974771873
212,29.30756843800322,41.40499194847021,3.0327428878153517,2.3617820719269993,17.753623188405797,3.388352120236178,2.677133655394525,0.07380568974771873
213,29.347826086956523,41.36473429951691,3.0327428878153517,2.3617820719269993,17.753623188405797,3.388352120236178,2.677133655394525,0.07380568974771873
214,29.54911433172303,41.196994095544824,3.0327428878153517,2.3617820719269993,17.72007514761138,3.388352120236178,2.677133655394525,0.07380568974771873
215,29.884594739667204,41.02925389157273,3.0327428878153517,2.3617820719269993,17.62614063338701,3.3413848631239937,2.6502952227589907,0.07380568974771873
216,30.07246376811594,40.94873859366613,3.0327428878153517,2.3617820719269993,17.55233494363929,3.3413848631239937,2.6167471819645733,0.07380568974771873
217,30.05233494363929,40.86822329575953,3.1602254428341383,2.4557165861513686,17.444981213097154,3.3413848631239937,2.6167471819645733,0.06038647342995169
218,30.12614063338701,40.79441760601181,3.1602254428341383,2.4557165861513686,17.444981213097154,3.3413848631239937,2.6167471819645733,0.06038647342995169
219,30.280461621041333,40.734031132581855,3.1602254428341383,2.4557165861513686,17.351046698872786,3.3413848631239937,2.6167471819645733,0.06038647342995169
220,29.341116478797638,39.962426194310254,3.1602254428341383,2.4557165861513686,19.07541599570585,3.3413848631239937,2.6033279656468062,0.06038647342995169
221,29.502147074610843,39.88862050456253,3.1535158346752548,2.4557165861513686,19.008319914117017,3.3413848631239937,2.589908749329039,0.06038647342995169
222,29.354535695115406,39.2914653784219,3.1535158346752548,2.4557165861513686,19.00161030595813,4.092860976918948,2.589908749329039,0.06038647342995169
223,29.528985507246375,39.210950080515296,3.1468062265163717,2.4557165861513686,18.94122383252818,4.092860976918948,2.563070316693505,0.06038647342995169
224,29.482018250134193,38.65405260332797,3.1468062265163717,3.066290928609769,18.94122383252818,4.086151368760064,2.563070316693505,0.06038647342995169
225,29.562533548040793,38.539989264626946,3.1468062265163717,3.066290928609769,18.894256575415994,4.086151368760064,2.6435856146001075,0.06038647342995169
226,29.723564143854,38.378958668813745,3.1468062265163717,3.066290928609769,18.894256575415994,4.086151368760064,2.6435856146001075,0.06038647342995169
227,29.87788513150832,38.29173376274826,3.1468062265163717,3.066290928609769,18.833870101986044,4.086151368760064,2.636876006441224,0.06038647342995169
228,29.985238862050455,38.258185721953836,3.099838969404187,3.066290928609769,18.82716049382716,4.066022544283414,2.636876006441224,0.06038647342995169
229,30.119431025228128,38.20450885668277,3.099838969404187,3.066290928609769,18.746645195920557,4.066022544283414,2.636876006441224,0.06038647342995169
230,30.293880837359097,38.12399355877617,3.066290928609769,3.0193236714975846,18.733225979602793,4.066022544283414,2.636876006441224,0.06038647342995169
231,30.421363392377884,38.10386473429951,3.066290928609769,3.0193236714975846,18.646001073537306,4.066022544283414,2.6167471819645733,0.06038647342995169
232,30.54213633923779,38.036768652710684,3.066290928609769,2.9924852388620504,18.61916264090177,4.066022544283414,2.6167471819645733,0.06038647342995169
233,30.689747718733226,37.92270531400966,3.046162104133119,2.9924852388620504,18.61916264090177,4.052603327965647,2.6167471819645733,0.06038647342995169
234,30.803811057434245,37.84219001610306,3.046162104133119,2.9924852388620504,18.59903381642512,4.03918411164788,2.6167471819645733,0.06038647342995169
235,30.92458400429415,37.76838432635534,3.046162104133119,2.9790660225442833,18.57890499194847,4.025764895330113,2.6167471819645733,0.06038647342995169
236,31.112453032742888,37.754965110037574,3.046162104133119,2.952227589908749,18.431293612453032,4.025764895330113,2.6167471819645733,0.06038647342995169
237,31.206387546967257,37.69457863660762,3.046162104133119,2.952227589908749,18.417874396135264,4.005636070853462,2.6167471819645733,0.06038647342995169
238,31.333870101986044,37.61406333870102,3.012614063338701,2.952227589908749,18.4044551798175,4.005636070853462,2.6167471819645733,0.06038647342995169
239,31.49490069779925,37.52012882447665,3.012614063338701,2.952227589908749,18.344068706387546,4.005636070853462,2.61003757380569,0.06038647342995169
240,31.662640901771336,37.446323134728935,2.9924852388620504,2.9253891572732154,18.297101449275363,4.005636070853462,2.61003757380569,0.06038647342995169
241,31.984702093397747,37.245034889962426,2.9790660225442833,2.9253891572732154,18.223295759527645,4.005636070853462,2.576489533011272,0.06038647342995169
242,31.810252281266774,37.567096081588836,2.9790660225442833,2.9253891572732154,18.089103596349972,3.992216854535695,2.576489533011272,0.06038647342995169
243,31.796833064949006,37.5805152979066,2.9790660225442833,2.9253891572732154,18.089103596349972,3.992216854535695,2.576489533011272,0.06038647342995169
244,31.843800322061192,37.546967257112186,2.9790660225442833,2.9253891572732154,18.075684380032207,3.992216854535695,2.576489533011272,0.06038647342995169
245,31.93773483628556,37.27858293075684,2.9790660225442833,3.1736446591519054,18.02871712292002,3.9720880300590444,2.5697799248523885,0.06038647342995169
246,32.18599033816425,37.204777241009126,2.9790660225442833,3.166935050993022,17.881105743424584,3.9720880300590444,2.5496511003757383,0.06038647342995169
247,32.26650563607085,37.164519592055825,2.9790660225442833,3.126677402039721,17.881105743424584,3.9720880300590444,2.5496511003757383,0.06038647342995169
248,32.326892109500804,37.144390767579175,2.9790660225442833,3.126677402039721,17.840848094471284,3.9720880300590444,2.5496511003757383,0.06038647342995169
249,32.44095544820183,36.83574879227053,2.952227589908749,3.0193236714975846,17.820719269994633,3.9720880300590444,2.898550724637681,0.06038647342995169
250,32.608695652173914,36.761943102522814,2.952227589908749,3.0193236714975846,17.733494363929147,3.965378421900161,2.898550724637681,0.06038647342995169
251,32.776435856146,36.460010735373054,3.3682232957595275,3.0193236714975846,17.66639828234031,3.7640901771336552,2.885131508319914,0.06038647342995169
252,33.12533548040794,36.33923778851315,3.361513687600644,3.0193236714975846,17.485238862050455,3.750670960815888,2.85829307568438,0.06038647342995169
253,33.272946859903385,36.08427267847558,3.361513687600644,3.1535158346752548,17.47181964573269,3.7372517444981215,2.85829307568438,0.06038647342995169
254,33.32662372517445,36.05743424584004,3.361513687600644,3.1535158346752548,17.47181964573269,3.7372517444981215,2.831454643048846,0.06038647342995169
255,33.45410628019324,35.96349973161568,3.361513687600644,3.1468062265163717,17.47181964573269,3.7372517444981215,2.804616210413312,0.06038647342995169
256,33.7157809983897,35.829307568438004,3.361513687600644,3.126677402039721,17.371175523349436,3.730542136339238,2.804616210413312,0.06038647342995169
257,33.883521202361784,35.68840579710145,3.361513687600644,3.126677402039721,17.344337090713903,3.730542136339238,2.804616210413312,0.06038647342995169
258,34.05797101449275,35.587761674718195,3.361513687600644,3.126677402039721,17.290660225442835,3.7104133118625873,2.804616210413312,0.06038647342995169
259,33.9975845410628,35.527375201288244,3.361513687600644,3.1199677938808374,16.941760601180892,3.69699409554482,3.294417606011809,0.06038647342995169
260,34.084809447128286,35.43344068706388,3.361513687600644,3.0931293612453032,16.921631776704242,3.6902844873859366,3.3548040794417604,0.06038647342995169
261,34.18545356951154,35.39318303811057,3.361513687600644,3.0931293612453032,16.894793344068706,3.656736446591519,3.3548040794417604,0.06038647342995169
262,34.38674181427805,35.28582930756844,3.361513687600644,3.0931293612453032,16.834406870638755,3.6231884057971016,3.3548040794417604,0.06038647342995169
263,34.574610842726784,35.158346752549654,3.361513687600644,3.0931293612453032,16.80756843800322,3.5963499731615673,3.3480944712828773,0.06038647342995169
264,34.62157809983897,35.15163714439077,3.361513687600644,3.0931293612453032,16.774020397208805,3.5963499731615673,3.3413848631239937,0.06038647342995169
265,34.92351046698873,34.876543209876544,3.307836822329576,3.2206119162640903,16.67337627482555,3.5963499731615673,3.3413848631239937,0.06038647342995169
266,34.98389694041868,34.77589908749329,3.307836822329576,3.3413848631239937,16.61969940955448,3.569511540526033,3.3413848631239937,0.06038647342995169
267,35.04428341384863,34.68867418142781,3.3011272141706924,3.33467525496511,16.485507246376812,3.569511540526033,3.515834675254965,0.06038647342995169
268,35.16505636070853,34.614868491680085,3.3011272141706924,3.33467525496511,16.465378421900162,3.569511540526033,3.488996242619431,0.06038647342995169
269,35.25228126677402,34.54106280193237,3.3011272141706924,3.33467525496511,16.451959205582394,3.569511540526033,3.488996242619431,0.06038647342995169
270,35.30595813204509,34.50751476113795,3.3011272141706924,3.33467525496511,16.445249597423512,3.569511540526033,3.475577026301664,0.06038647342995169
271,35.38647342995169,34.35990338164251,3.2675791733762747,3.321256038647343,16.398282340311326,3.569511540526033,3.6366076221148687,0.06038647342995169
272,35.44015029522276,34.35990338164251,3.2541599570585076,3.321256038647343,16.391572732152444,3.569511540526033,3.603059581320451,0.06038647342995169
273,35.50053676865271,34.312936124530324,3.2541599570585076,3.321256038647343,16.378153515834676,3.569511540526033,3.603059581320451,0.06038647342995169
274,35.648148148148145,34.272678475577024,3.240740740740741,3.321256038647343,16.358024691358025,3.5292538915727323,3.569511540526033,0.06038647342995169
275,35.65485775630703,33.8768115942029,3.227321524422974,3.321256038647343,16.35131508319914,3.5292538915727323,3.978797638217928,0.06038647342995169
276,35.75550187869028,33.803005904455176,3.227321524422974,3.321256038647343,16.324476650563607,3.5292538915727323,3.978797638217928,0.06038647342995169
277,35.829307568438004,33.756038647343,3.307836822329576,3.307836822329576,16.243961352657006,3.5292538915727323,3.965378421900161,0.06038647342995169
278,35.91653247450349,33.722490606548575,3.2474503488996245,3.307836822329576,16.163446054750402,3.475577026301664,4.106280193236715,0.06038647342995169
279,35.929951690821255,33.45410628019324,3.240740740740741,3.4151905528717124,16.150026838432634,3.475577026301664,4.274020397208803,0.06038647342995169
280,35.7487922705314,33.23939881910896,3.240740740740741,3.4151905528717124,16.59286097691895,3.4420289855072466,4.260601180891036,0.06038647342995169
281,35.7487922705314,33.21926999463231,3.227321524422974,3.549382716049383,16.492216854535695,3.4420289855072466,4.260601180891036,0.06038647342995169
282,35.85614600107354,33.17901234567901,3.227321524422974,3.5225442834138487,16.451959205582394,3.4420289855072466,4.260601180891036,0.06038647342995169
283,36.05743424584004,33.11862587224906,3.1870638754696725,3.5225442834138487,16.378153515834676,3.4420289855072466,4.233762748255502,0.06038647342995169
284,36.2385936661299,32.99785292538916,3.1736446591519054,3.5225442834138487,16.35131508319914,3.4420289855072466,4.213633923778851,0.06038647342995169
285,36.252012882447666,32.88378958668814,3.1736446591519054,3.6634460547504024,16.31105743424584,3.4420289855072466,4.213633923778851,0.06038647342995169
286,36.34594739667203,32.79656468062265,3.1736446591519054,3.6634460547504024,16.304347826086957,3.4420289855072466,4.213633923778851,0.06038647342995169
287,36.3996242619431,32.769726247987116,3.1736446591519054,3.6634460547504024,16.29092860976919,3.4420289855072466,4.200214707461084,0.06038647342995169
288,36.08427267847558,31.87734836285561,3.1602254428341383,3.0595813204508855,16.25738056897477,5.381105743424584,4.119699409554482,0.06038647342995169
289,36.11782071926999,31.85721953837896,3.1602254428341383,3.0595813204508855,16.25738056897477,5.367686527106817,4.119699409554482,0.06038647342995169
290,36.33923778851315,31.662640901771336,3.1535158346752548,3.0595813204508855,16.109769189479334,5.367686527106817,4.247181964573269,0.06038647342995169
291,36.50697799248524,31.602254428341386,3.1535158346752548,3.052871712292002,16.029253891572733,5.35426731078905,4.240472356414386,0.06038647342995169
292,36.72168545356951,31.508319914117017,3.1535158346752548,3.052871712292002,15.98899624261943,5.35426731078905,4.159957058507783,0.06038647342995169
293,36.7686527106817,31.49490069779925,3.140096618357488,3.052871712292002,15.96886741814278,5.35426731078905,4.159957058507783,0.06038647342995169
294,36.82903918411165,31.44122383252818,3.140096618357488,3.052871712292002,15.962157809983896,5.35426731078905,4.159957058507783,0.06038647342995169
295,36.93639291465379,31.387546967257112,3.140096618357488,3.052871712292002,15.94873859366613,5.340848094471283,4.133118625872249,0.06038647342995169
296,37.0101986044015,31.374127750939344,3.140096618357488,3.052871712292002,15.895061728395062,5.3341384863123995,4.133118625872249,0.06038647342995169
297,37.15780998389694,31.293612453032743,3.140096618357488,3.052871712292002,15.827965646806227,5.3341384863123995,4.133118625872249,0.06038647342995169
298,37.224906065485776,31.280193236714975,3.140096618357488,3.052871712292002,15.774288781535159,5.3341384863123995,4.133118625872249,0.06038647342995169
299,37.29200214707461,31.260064412238325,3.140096618357488,3.052871712292002,15.76086956521739,5.300590445517981,4.133118625872249,0.06038647342995169
