,45,50,52,55,51,54,56,53,57,58,60,59
0,85.50053676865271,14.49946323134729,,,,,,,,,,
1,85.34621578099839,12.835480407944177,1.8183038110574343,,,,,,,,,
2,85.2187332259796,12.962962962962964,1.8183038110574343,,,,,,,,,
3,84.88996242619432,13.009930220075148,1.8183038110574343,0.28180354267310787,,,,,,,,
4,84.84970477724102,13.070316693505099,1.7981749865807837,0.28180354267310787,,,,,,,,
5,84.10493827160494,13.687600644122384,1.7847557702630166,0.4227053140096618,,,,,,,,
6,84.10493827160494,13.687600644122384,1.7847557702630166,0.4227053140096618,,,,,,,,
7,83.99087493290392,13.66076221148685,1.7847557702630166,0.5636070853462157,,,,,,,,
8,79.17337627482556,16.881374127750938,1.6304347826086956,0.5636070853462157,1.751207729468599,,,,,,,
9,77.99919484702093,16.566022544283413,1.6304347826086956,0.5636070853462157,3.240740740740741,,,,,,,
10,78.02603327965647,16.53918411164788,1.6304347826086956,0.5636070853462157,3.240740740740741,,,,,,,
11,20.67230273752013,72.53757380568975,3.569511540526033,0.30193236714975846,2.918679549114332,,,,,,,
12,20.833333333333332,70.59178743961353,3.569511540526033,2.100107353730542,2.9052603327965647,,,,,,,
13,21.00107353730542,70.14895330112721,3.569511540526033,2.24771873322598,2.9052603327965647,0.1274825550187869,,,,,,
14,21.101717659688674,69.84031132581858,3.556092324208266,2.4691358024691357,2.9052603327965647,0.1274825550187869,,,,,,
15,21.18894256575416,69.75308641975309,3.556092324208266,2.4691358024691357,2.8515834675254963,0.1274825550187869,0.05367686527106817,,,,,
16,18.585614600107355,71.36339237788513,3.556092324208266,3.4621578099838968,2.7844873859366612,0.1274825550187869,0.12077294685990338,,,,,
17,18.605743424584006,69.33709071390231,3.643317230273752,3.4621578099838968,2.7844873859366612,0.1274825550187869,0.12077294685990338,1.9189479334406871,,,,
18,17.371175523349436,64.80810520665594,3.643317230273752,3.3682232957595275,5.381105743424584,3.743961352657005,0.12077294685990338,1.5633387010198605,,,,
19,16.324476650563607,61.68813741277509,3.643317230273752,3.8580246913580245,5.381105743424584,4.079441760601181,0.12077294685990338,4.904723564143854,,,,
20,16.505636070853463,61.520397208803004,3.643317230273752,3.8580246913580245,5.381105743424584,4.079441760601181,0.12077294685990338,4.891304347826087,,,,
21,16.49892646269458,58.722490606548575,3.643317230273752,7.018250134192163,5.025496511003757,4.079441760601181,0.12077294685990338,4.891304347826087,,,,
22,16.639828234031132,58.20585077831455,3.643317230273752,7.39398819108964,5.025496511003757,3.965378421900161,0.23483628556092323,4.891304347826087,,,,
23,16.820987654320987,58.051529790660226,3.4957058507783145,7.367149758454106,5.025496511003757,3.965378421900161,0.23483628556092323,4.891304347826087,0.14761137949543746,,,
24,16.760601180891037,55.119431025228124,8.199141170155663,7.924047235641439,5.025496511003757,2.5496511003757383,0.12077294685990338,4.1532474503489,0.14761137949543746,,,
25,13.955984970477724,53.052871712292,7.716049382716049,5.60252281266774,11.16478797638218,4.025764895330113,0.18115942028985507,4.1532474503489,0.14761137949543746,,,
26,14.06333870101986,52.97906602254428,7.682501341921632,5.60252281266774,11.16478797638218,4.025764895330113,0.18115942028985507,4.1532474503489,0.14761137949543746,,,
27,13.439345142243694,52.4020397208803,7.675791733762749,5.58239398819109,12.392646269457863,4.025764895330113,0.18115942028985507,4.1532474503489,0.14761137949543746,,,
28,12.453032742887816,51.7512077294686,10.534084809447128,5.535426731078905,11.07085346215781,4.025764895330113,0.18115942028985507,4.045893719806763,0.2952227589908749,0.10735373054213634,,
29,12.493290391841116,51.61701556629093,10.520665593129362,5.642780461621041,11.07085346215781,4.025764895330113,0.18115942028985507,4.045893719806763,0.2952227589908749,0.10735373054213634,,
30,12.667740203972087,51.489533011272144,10.520665593129362,5.756843800322061,10.909822866344605,4.025764895330113,0.18115942028985507,4.045893719806763,0.2952227589908749,0.10735373054213634,,
31,11.3191089640365,51.0601180891036,9.634997316156737,5.743424584004294,10.621309715512615,6.991411701556629,0.18115942028985507,4.045893719806763,0.2952227589908749,0.10735373054213634,,
32,11.701556629092861,50.7313472893183,9.621578099838969,5.743424584004294,10.567632850241546,6.971282877079979,0.6239935587761675,3.6366076221148687,0.2952227589908749,0.10735373054213634,,
33,11.896135265700483,50.63070316693505,9.581320450885668,5.743424584004294,10.513955984970478,6.971282877079979,0.6239935587761675,3.6366076221148687,0.2952227589908749,0.10735373054213634,,
34,12.057165861513688,50.5300590445518,9.54777241009125,5.730005367686527,10.399892646269459,6.655931293612453,0.6239935587761675,3.6366076221148687,0.7112184648416533,0.10735373054213634,,
35,11.017176596886742,47.69189479334407,9.4873859366613,5.421363392377885,11.969940955448202,6.655931293612453,0.5300590445517982,6.407675791733762,0.7112184648416533,0.10735373054213634,,
36,10.755501878690284,47.14170692431562,9.104938271604938,5.421363392377885,13.285024154589372,6.655931293612453,0.4092860976918948,6.407675791733762,0.7112184648416533,0.10735373054213634,,
37,10.849436392914654,46.05475040257649,9.057971014492754,5.246913580246914,13.285024154589372,7.87037037037037,0.4092860976918948,6.407675791733762,0.7112184648416533,0.10735373054213634,,
38,10.165056360708535,29.884594739667204,5.609232420826624,3.475577026301664,42.089371980676326,4.26731078904992,0.07380568974771873,3.965378421900161,0.36231884057971014,0.10735373054213634,,
39,10.218733225979603,29.0727321524423,5.273752012882448,3.475577026301664,33.373590982286636,3.4017713365539453,0.07380568974771873,14.65378421900161,0.3488996242619431,0.10735373054213634,,
40,10.426731078904991,28.878153515834676,5.2066559312936125,3.5426731078904994,33.16559312936125,3.1199677938808374,0.2683843263553409,14.65378421900161,0.3488996242619431,0.38915727321524424,,
41,10.527375201288244,28.85131508319914,5.199946323134729,3.535963499731616,33.071658615136876,3.113258185721954,0.32877079978529256,14.63365539452496,0.3488996242619431,0.38915727321524424,,
42,10.695115405260333,28.797638217928075,5.173107890499195,3.9049919484702094,32.6154052603328,3.113258185721954,0.32877079978529256,14.63365539452496,0.3488996242619431,0.38915727321524424,,
43,10.795759527643586,28.824476650563607,5.173107890499195,3.9049919484702094,32.48792270531401,3.113258185721954,0.32877079978529256,14.63365539452496,0.3488996242619431,0.38915727321524424,,
44,10.272410091250672,27.72410091250671,5.173107890499195,4.3478260869565215,33.65539452495974,3.603059581320451,0.41599570585077833,14.070048309178745,0.3488996242619431,0.38915727321524424,,
45,10.38647342995169,27.677133655394524,5.173107890499195,4.334406870638754,33.60842726784756,3.603059581320451,0.4092860976918948,14.070048309178745,0.3488996242619431,0.38915727321524424,,
46,10.339506172839506,27.462426194310254,6.91760601180891,4.448470209339774,31.863929146537842,3.603059581320451,0.4092860976918948,14.217659688674182,0.3488996242619431,0.38915727321524424,,
47,10.601180891035963,26.959205582393988,6.843800322061192,4.49543746645196,31.76328502415459,3.7573805689747717,0.630703166935051,14.210950080515298,0.3488996242619431,0.38915727321524424,,
48,10.674986580783683,26.939076757917338,6.823671497584541,4.49543746645196,31.749865807836823,3.69699409554482,0.630703166935051,14.210950080515298,0.38915727321524424,0.38915727321524424,,
49,11.044015029522276,26.798174986580783,6.8035426731078905,4.408212560386473,31.629092860976918,3.69699409554482,0.630703166935051,14.009661835748792,0.5904455179817498,0.38915727321524424,,
50,11.238593666129898,26.77133655394525,6.763285024154589,4.408212560386473,31.50161030595813,3.69699409554482,0.630703166935051,14.009661835748792,0.5904455179817498,0.38915727321524424,,
51,11.3191089640365,26.462694578636608,6.709608158883521,4.730273752012883,31.488191089640367,4.374664519592056,0.630703166935051,13.352120236178207,0.5434782608695652,0.38915727321524424,,
52,11.681427804616211,24.168008588298445,6.709608158883521,7.4141170155662905,31.239935587761675,6.837090713902308,0.630703166935051,10.38647342995169,0.5434782608695652,0.38915727321524424,,
53,11.506977992485238,22.852925389157274,6.66935050993022,6.951154052603328,33.15888352120236,6.837090713902308,0.7179280730005367,10.373054213633925,0.5434782608695652,0.38915727321524424,,
54,11.688137412775093,22.819377348362856,6.66935050993022,6.951154052603328,33.011272141706925,6.837090713902308,0.7179280730005367,10.373054213633925,0.5434782608695652,0.38915727321524424,,
55,11.406333870101985,20.182501341921633,6.508319914117015,6.387546967257112,32.99785292538916,6.837090713902308,0.7179280730005367,14.029790660225443,0.5434782608695652,0.38915727321524424,,
56,11.627750939345143,20.175791733762747,6.508319914117015,6.387546967257112,32.94417606011809,6.756575415995706,0.7179280730005367,13.976113794954374,0.5434782608695652,0.36231884057971014,,
57,11.77536231884058,19.90740740740741,6.468062265163715,6.387546967257112,32.8166935050993,7.2933440687063875,0.7179280730005367,13.647342995169081,0.6239935587761675,0.36231884057971014,,
58,11.788781535158346,19.89398819108964,6.468062265163715,6.387546967257112,32.8166935050993,7.2933440687063875,0.7179280730005367,13.519860440150294,0.6239935587761675,0.48980139559849706,,
59,11.708266237251744,19.618894256575416,6.374127750939345,6.595544820182502,32.870370370370374,6.991411701556629,0.7179280730005367,13.506441223832528,1.1540526033279657,0.46296296296296297,,
60,11.822329575952764,19.49812130971551,6.374127750939345,6.6827697262479875,32.68250134192163,6.991411701556629,0.8252818035426731,13.506441223832528,1.1540526033279657,0.46296296296296297,,
61,11.98336017176597,19.444444444444443,6.374127750939345,6.662640901771336,32.62211486849168,6.991411701556629,0.8252818035426731,13.479602791196994,1.1540526033279657,0.46296296296296297,,
62,12.392646269457863,19.249865807836823,6.273483628556092,6.837090713902308,32.427536231884055,6.884057971014493,0.8051529790660226,13.358829844337091,1.2144390767579174,0.5568974771873323,,
63,12.634192163177671,19.176060118089104,6.273483628556092,6.837090713902308,32.326892109500804,6.769994632313473,0.8588298443370908,13.352120236178207,1.2144390767579174,0.5568974771873323,,
64,13.130703166935051,19.02173913043478,6.260064412238325,6.796833064949007,31.97128287707998,6.709608158883521,0.9863123993558777,13.352120236178207,1.2144390767579174,0.5568974771873323,,
65,13.43263553408481,18.67283950617284,6.246645195920558,6.756575415995706,31.689479334406872,6.374127750939345,1.1003757380568975,13.955984970477724,1.2144390767579174,0.5568974771873323,,
66,13.6406333870102,18.679549114331724,6.119162640901771,6.468062265163715,31.629092860976918,6.246645195920558,1.1003757380568975,13.855340848094471,1.596886741814278,0.6642512077294686,,
67,13.613794954374665,18.679549114331724,6.119162640901771,6.468062265163715,31.676060118089104,6.226516371443908,1.1003757380568975,13.855340848094471,1.596886741814278,0.6642512077294686,,
68,13.378958668813741,18.53864734299517,7.266505636070853,6.468062265163715,30.763553408480945,6.226516371443908,1.2412775093934514,13.855340848094471,1.596886741814278,0.6642512077294686,,
69,13.493022007514762,18.438003220611915,7.266505636070853,6.447933440687064,30.71658615136876,6.3070316693505095,1.2412775093934514,13.828502415458937,1.596886741814278,0.6642512077294686,,
70,13.70101986044015,18.417874396135264,7.246376811594203,6.447933440687064,30.689747718733226,6.3070316693505095,1.2412775093934514,13.727858293075684,1.596886741814278,0.6239935587761675,,
71,13.788244766505636,18.276972624798713,7.246376811594203,6.461352657004831,30.407944176060116,6.3070316693505095,1.5633387010198605,13.727858293075684,1.596886741814278,0.6239935587761675,,
72,14.016371443907676,18.189747718733226,7.246376811594203,6.447933440687064,30.267042404723565,6.360708534621578,1.5633387010198605,13.687600644122384,1.596886741814278,0.6239935587761675,,
73,14.257917337627482,18.12265163714439,7.219538378958669,6.521739130434782,30.246913580246915,6.226516371443908,1.5633387010198605,13.620504562533547,1.596886741814278,0.6239935587761675,,
74,14.278046162104133,18.089103596349972,7.313472893183038,6.521739130434782,29.59608158883521,6.226516371443908,2.13365539452496,13.620504562533547,1.596886741814278,0.6239935587761675,,
75,14.231078904991948,17.579173376274827,7.219538378958669,6.528448738593666,29.26731078904992,6.219806763285024,2.13365539452496,14.600107353730541,1.596886741814278,0.6239935587761675,,
76,14.61352657004831,17.579173376274827,7.219538378958669,6.521739130434782,28.972088030059044,6.219806763285024,2.13365539452496,14.371980676328503,1.596886741814278,0.7716049382716049,,
77,14.707461084272678,17.55233494363929,7.219538378958669,6.595544820182502,28.864734299516908,6.662640901771336,2.1135265700483092,13.996242619431026,1.596886741814278,0.6910896403650026,,
78,14.774557165861514,17.411433172302736,7.219538378958669,6.736446591519055,28.837895866881375,6.635802469135802,2.100107353730542,13.996242619431026,1.596886741814278,0.6910896403650026,,
79,15.056360708534621,17.37788513150832,7.219538378958669,6.662640901771336,28.73725174449812,6.602254428341385,2.086688137412775,13.969404186795492,1.596886741814278,0.6910896403650026,,
80,14.935587761674718,16.21712292002147,7.212828770799785,6.353998926462695,28.56280193236715,8.400429414922169,2.059849704777241,13.969404186795492,1.596886741814278,0.6910896403650026,,
81,14.78797638217928,16.190284487385938,7.212828770799785,6.353998926462695,26.422436929683307,10.131508319914117,1.9592055823939882,14.533011272141707,1.596886741814278,0.6910896403650026,0.12077294685990338,
82,14.908749329039184,16.11647879763822,6.89747718733226,6.280193236714976,26.40901771336554,10.124798711755233,1.9592055823939882,14.492753623188406,1.9189479334406871,0.6910896403650026,0.20128824476650564,
83,15.136876006441224,16.049382716049383,6.823671497584541,6.273483628556092,26.341921631776703,9.655126140633387,2.100107353730542,14.80810520665593,1.9189479334406871,0.6910896403650026,0.20128824476650564,
84,14.80810520665593,14.412238325281804,6.810252281266774,5.884326355340848,26.194310252281266,9.4873859366613,2.100107353730542,17.505367686527105,1.90552871712292,0.6910896403650026,0.20128824476650564,
85,14.868491680085883,14.412238325281804,6.810252281266774,5.884326355340848,26.187600644122384,9.4873859366613,2.100107353730542,17.485238862050455,1.8719806763285025,0.6910896403650026,0.20128824476650564,
86,15.096618357487923,14.13714439076758,6.796833064949007,5.776972624798712,26.019860440150296,9.863123993558776,2.100107353730542,17.444981213097154,1.8719806763285025,0.6910896403650026,0.20128824476650564,
87,15.009393451422437,14.04320987654321,6.796833064949007,5.850778314546431,25.959473966720342,9.842995169082126,2.1604938271604937,17.54562533548041,1.7981749865807837,0.7917337627482555,0.20128824476650564,
88,15.190552871712292,14.04320987654321,6.790123456790123,5.850778314546431,25.91250670960816,9.822866344605474,2.1604938271604937,17.458400429414922,1.7981749865807837,0.7716049382716049,0.20128824476650564,
89,15.378421900161031,14.036500268384327,6.790123456790123,5.911164787976382,25.83870101986044,9.769189479334408,2.1604938271604937,17.344337090713903,1.7981749865807837,0.7716049382716049,0.20128824476650564,
90,15.599838969404187,13.969404186795492,6.756575415995706,5.904455179817498,25.764895330112722,9.769189479334408,2.1604938271604937,17.3040794417606,1.7981749865807837,0.7716049382716049,0.20128824476650564,
91,15.780998389694043,13.969404186795492,6.756575415995706,5.904455179817498,25.758185721953836,9.73564143853999,2.1604938271604937,17.163177670424048,1.7981749865807837,0.7716049382716049,0.20128824476650564,
92,16.0426731078905,13.969404186795492,6.729736983360172,5.904455179817498,25.55689747718733,9.73564143853999,2.1604938271604937,17.12962962962963,1.7981749865807837,0.7716049382716049,0.20128824476650564,
93,16.15673644659152,13.969404186795492,6.729736983360172,5.904455179817498,25.509930220075148,9.73564143853999,2.3081052066559313,16.982018250134193,1.7310789049919484,0.7716049382716049,0.20128824476650564,
94,15.96886741814278,13.94927536231884,8.192431561996779,5.904455179817498,25.503220611916262,9.73564143853999,2.3081052066559313,15.734031132581856,1.7310789049919484,0.7716049382716049,0.20128824476650564,
95,16.056092324208265,13.94927536231884,8.192431561996779,5.904455179817498,25.36231884057971,9.722222222222221,2.395330112721417,15.660225442834138,1.7847557702630166,0.7716049382716049,0.20128824476650564,
96,16.035963499731615,13.741277509393452,11.460010735373054,3.851315083199141,25.254965110037574,9.54777241009125,2.301395598497048,15.277777777777779,1.737788513150832,0.6709608158883521,0.12077294685990338,
97,16.25067096081589,13.741277509393452,11.399624261943103,3.824476650563607,25.13419216317767,9.54777241009125,2.301395598497048,15.271068169618895,1.737788513150832,0.6709608158883521,0.12077294685990338,
98,16.14331723027375,13.667471819645733,13.935856146001074,3.784219001610306,24.114331723027377,8.655394524959743,1.8786902844873858,15.485775630703166,1.737788513150832,0.47638217928073,0.12077294685990338,
99,16.15673644659152,13.667471819645733,13.922436929683306,3.784219001610306,24.114331723027377,8.655394524959743,1.8786902844873858,15.485775630703166,1.737788513150832,0.47638217928073,0.12077294685990338,
100,16.438539989264626,13.6406333870102,13.754696725711218,3.784219001610306,24.06736446591519,8.655394524959743,1.8786902844873858,15.465646806226516,1.7176596886741815,0.47638217928073,0.12077294685990338,
101,16.284219001610307,13.573537305421363,13.727858293075684,3.911701556629093,24.745034889962426,8.011272141706923,2.26784755770263,15.163714439076758,1.7176596886741815,0.47638217928073,0.12077294685990338,
102,16.378153515834676,13.553408480944713,13.727858293075684,4.019055287171229,24.67793880837359,7.937466451959206,2.227589908749329,15.163714439076758,1.7176596886741815,0.47638217928073,0.12077294685990338,
103,16.42512077294686,13.519860440150294,13.727858293075684,4.019055287171229,24.671229200214707,7.937466451959206,2.227589908749329,15.103327965646805,1.7176596886741815,0.5300590445517982,0.12077294685990338,
104,16.59286097691895,13.499731615673644,13.627214170692431,4.53569511540526,24.302200751476114,7.937466451959206,2.1403650026838434,15.03623188405797,1.6774020397208802,0.5300590445517982,0.12077294685990338,
105,16.63311862587225,13.479602791196994,13.607085346215781,4.622920021470746,24.288781535158346,7.937466451959206,2.0665593129361244,15.03623188405797,1.6774020397208802,0.5300590445517982,0.12077294685990338,
106,17.028985507246375,13.459473966720344,13.513150831991412,4.622920021470746,24.235104669887278,7.742887815351583,2.0665593129361244,15.022812667740205,1.6572732152442298,0.5300590445517982,0.12077294685990338,
107,17.09608158883521,13.372249060654857,13.16425120772947,4.5960815888352125,24.154589371980677,7.608695652173913,2.033011272141707,15.915190552871712,1.4090177133655395,0.5300590445517982,0.12077294685990338,
108,17.351046698872786,13.318572195383789,13.157541599570585,4.5893719806763285,24.040526033279658,7.601986044015029,2.033011272141707,15.881642512077295,1.3754696725711217,0.5300590445517982,0.12077294685990338,
109,17.69994632313473,13.217928073000536,13.144122383252817,4.5893719806763285,23.91304347826087,7.601986044015029,2.49597423510467,15.33816425120773,1.3620504562533549,0.5166398282340311,0.12077294685990338,
110,17.767042404723565,13.191089640365004,13.144122383252817,4.5893719806763285,23.778851315083198,7.601986044015029,2.589908749329039,15.33816425120773,1.3620504562533549,0.5166398282340311,0.12077294685990338,
111,18.08239398819109,13.009930220075148,13.130703166935051,4.676596886741814,23.65136876006441,7.548309178743962,2.589908749329039,15.311325818572195,1.3620504562533549,0.5166398282340311,0.12077294685990338,
112,18.19645732689211,13.009930220075148,13.103864734299517,4.669887278582931,23.49704777241009,7.521470746108427,2.737520128824477,15.26435856146001,1.3620504562533549,0.5166398282340311,0.12077294685990338,
113,17.8743961352657,11.580783682232958,13.070316693505099,4.575952764358561,23.939881910896403,7.883789586688137,2.7979066022544283,16.27750939345142,1.3620504562533549,0.5166398282340311,0.12077294685990338,
114,17.505367686527105,11.580783682232958,13.036768652710682,7.1658615136876005,21.973966720343533,7.883789586688137,2.576489533011272,16.27750939345142,1.3620504562533549,0.5166398282340311,0.12077294685990338,
115,17.619431025228128,11.580783682232958,13.036768652710682,7.1658615136876005,22.020933977455716,7.823403113258186,2.49597423510467,16.25738056897477,1.3620504562533549,0.5166398282340311,0.12077294685990338,
116,17.793880837359097,11.54723564143854,12.93612453032743,7.192699946323135,21.866612989801396,7.823403113258186,2.7241009125067097,16.089640365002683,1.3150831991411702,0.5166398282340311,0.12077294685990338,0.07380568974771873
117,17.867686527106816,11.52710681696189,12.93612453032743,7.125603864734299,21.866612989801396,7.843531937734836,2.7241009125067097,16.0829307568438,1.3150831991411702,0.5166398282340311,0.12077294685990338,0.07380568974771873
118,18.035426731078903,11.480139559849706,12.93612453032743,7.125603864734299,21.83977455716586,7.836822329575953,2.7241009125067097,15.995705850778315,1.3150831991411702,0.5166398282340311,0.12077294685990338,0.07380568974771873
119,18.21658615136876,11.480139559849706,12.86231884057971,7.125603864734299,21.772678475577028,7.836822329575953,2.7241009125067097,15.955448201825014,1.3150831991411702,0.5166398282340311,0.12077294685990338,0.07380568974771873
120,18.370907139023082,11.460010735373054,12.795222758990874,7.125603864734299,21.772678475577028,7.809983896940419,2.7241009125067097,15.935319377348362,1.3150831991411702,0.5166398282340311,0.10064412238325282,0.07380568974771873
121,18.451422436929683,11.345947396672035,12.795222758990874,7.25979602791197,21.68545356951154,7.856951154052603,2.7106816961889426,15.888352120236178,1.3150831991411702,0.5166398282340311,0.10064412238325282,0.07380568974771873
122,18.760064412238325,11.144659151905529,12.661030595813205,7.098765432098766,21.477455716586153,8.179012345679013,2.952227589908749,15.734031132581856,1.3016639828234031,0.5166398282340311,0.10064412238325282,0.07380568974771873
123,18.686258722490606,10.869565217391305,12.661030595813205,7.340311325818572,21.604938271604937,8.179012345679013,2.952227589908749,15.713902308105206,1.3016639828234031,0.5166398282340311,0.10064412238325282,0.07380568974771873
124,18.411164787976382,10.406602254428341,12.567096081588835,7.1725711218464845,24.490069779924852,6.521739130434782,2.952227589908749,15.693773483628556,1.3016639828234031,0.4092860976918948,,0.07380568974771873
125,18.431293612453032,10.406602254428341,12.567096081588835,7.1725711218464845,24.4699409554482,6.521739130434782,2.952227589908749,15.693773483628556,1.3016639828234031,0.4092860976918948,,0.07380568974771873
126,18.471551261406333,10.406602254428341,12.533548040794418,7.300053676865271,24.422973698336016,6.521739130434782,2.9052603327965647,15.653515834675256,1.3016639828234031,0.4092860976918948,,0.07380568974771873
127,18.69296833064949,10.36634460547504,12.52012882447665,7.253086419753086,24.3894256575416,6.501610305958132,2.871712292002147,15.619967793880837,1.3016639828234031,0.4092860976918948,,0.07380568974771873
128,18.726516371443907,10.312667740203972,12.050456253354804,7.253086419753086,24.3894256575416,6.501610305958132,2.871712292002147,16.109769189479334,1.3016639828234031,0.4092860976918948,,0.07380568974771873
129,18.297101449275363,9.96376811594203,14.935587761674718,7.03166935050993,23.49033816425121,6.320450885668277,2.7308105206655933,15.579710144927537,1.1674718196457328,0.4092860976918948,,0.07380568974771873
130,18.310520665593128,9.96376811594203,14.935587761674718,7.118894256575416,23.47691894793344,6.320450885668277,2.7308105206655933,15.559581320450885,1.1003757380568975,0.4092860976918948,,0.07380568974771873
131,18.203166935050994,9.96376811594203,14.935587761674718,7.118894256575416,23.26892109500805,6.535158346752549,2.831454643048846,15.559581320450885,1.1003757380568975,0.4092860976918948,,0.07380568974771873
132,18.35077831454643,9.923510466988727,15.049651100375739,7.078636607622115,23.1682769726248,6.474771873322598,2.771068169618894,15.640096618357488,1.0601180891035964,0.4092860976918948,,0.07380568974771873
133,18.51851851851852,9.822866344605474,15.049651100375739,7.078636607622115,23.1280193236715,6.447933440687064,2.771068169618894,15.640096618357488,1.0601180891035964,0.4092860976918948,,0.07380568974771873
134,18.679549114331724,9.802737520128824,15.03623188405797,7.078636607622115,23.1280193236715,6.394256575415996,2.771068169618894,15.566290928609769,1.0601180891035964,0.4092860976918948,,0.07380568974771873
135,18.840579710144926,9.802737520128824,15.049651100375739,7.065217391304348,22.926731078904993,6.394256575415996,2.9253891572732154,15.45222758990875,1.0601180891035964,0.4092860976918948,,0.07380568974771873
136,18.968062265163713,9.796027911969942,15.029522275899087,7.065217391304348,22.926731078904993,6.333870101986044,2.9253891572732154,15.411969940955448,1.0601180891035964,0.4092860976918948,,0.07380568974771873
137,19.108964036500268,9.722222222222221,14.989264626945786,7.065217391304348,22.899892646269457,6.333870101986044,2.9253891572732154,15.411969940955448,1.0601180891035964,0.4092860976918948,,0.07380568974771873
138,19.142512077294686,9.722222222222221,14.989264626945786,7.065217391304348,22.893183038110575,6.320450885668277,2.9253891572732154,15.398550724637682,1.0399892646269457,0.4294149221685454,,0.07380568974771873
139,19.155931293612454,9.722222222222221,14.97584541062802,7.065217391304348,22.893183038110575,6.320450885668277,2.9253891572732154,15.398550724637682,1.0399892646269457,0.4294149221685454,,0.07380568974771873
140,19.330381105743424,9.695383789586689,14.962426194310252,7.051798174986581,22.81266774020397,6.320450885668277,2.9253891572732154,15.35829307568438,1.0399892646269457,0.4294149221685454,,0.07380568974771873
141,19.363929146537842,9.695383789586689,14.935587761674718,7.051798174986581,22.805958132045088,6.320450885668277,2.9253891572732154,15.35829307568438,1.0399892646269457,0.4294149221685454,,0.07380568974771873
142,19.249865807836823,9.608158883521202,14.935587761674718,7.434245840042942,22.443639291465377,6.1862587224906065,3.1333870101986045,15.465646806226516,1.0399892646269457,0.4294149221685454,,0.07380568974771873
143,18.45813204508857,9.554482018250134,16.324476650563607,7.4208266237251745,21.826355340848096,6.1862587224906065,3.180354267310789,15.365002683843263,1.1808910359634996,0.4294149221685454,,0.07380568974771873
144,18.51851851851852,9.541062801932368,16.324476650563607,7.4141170155662905,21.812936124530328,6.172839506172839,3.180354267310789,15.351583467525497,1.1808910359634996,0.4294149221685454,,0.07380568974771873
145,18.753354804079443,9.541062801932368,16.31105743424584,7.5281803542673105,21.618357487922705,6.172839506172839,3.240740740740741,15.28448738593666,1.0466988727858293,0.4294149221685454,,0.07380568974771873
146,18.71309715512614,9.541062801932368,16.371443907675793,7.5281803542673105,21.557971014492754,6.4345142243692965,3.126677402039721,15.203972088030058,1.0198604401502953,0.4294149221685454,,0.07380568974771873
147,18.773483628556093,9.460547504025765,16.09634997316157,7.87037037037037,21.484165324745035,6.414385399892646,3.1870638754696725,15.076489533011273,1.133923778851315,0.4294149221685454,,0.07380568974771873
148,18.719806763285025,9.420289855072463,16.09634997316157,7.87037037037037,21.175523349436393,6.320450885668277,3.549382716049383,15.076489533011273,1.133923778851315,0.5636070853462157,,0.07380568974771873
149,18.800322061191626,9.131776704240472,15.995705850778315,7.742887815351583,21.121846484165324,6.89747718733226,3.5426731078904994,14.99597423510467,1.133923778851315,0.5636070853462157,,0.07380568974771873
150,18.887546967257112,9.131776704240472,15.995705850778315,7.742887815351583,21.088298443370906,6.877348362855609,3.5426731078904994,14.962426194310252,1.133923778851315,0.5636070853462157,,0.07380568974771873
151,19.216317767042405,9.131776704240472,15.935319377348362,7.608695652173913,21.041331186258724,6.863929146537842,3.5426731078904994,14.935587761674718,1.0869565217391304,0.5636070853462157,,0.07380568974771873
152,19.343800322061192,9.078099838969404,15.821256038647343,7.608695652173913,20.90713902308105,6.863929146537842,3.750670960815888,14.9020397208803,1.0869565217391304,0.5636070853462157,,0.07380568974771873
153,19.370638754696724,9.16532474503489,15.70048309178744,7.494632313472893,20.893719806763286,6.843800322061192,3.864734299516908,14.828234031132581,1.0869565217391304,0.6776704240472357,,0.07380568974771873
154,19.39747718733226,9.16532474503489,15.693773483628556,7.48792270531401,20.88030059044552,6.843800322061192,3.864734299516908,14.828234031132581,1.0869565217391304,0.6776704240472357,,0.07380568974771873
155,19.410896403650028,9.16532474503489,15.693773483628556,7.48792270531401,20.79307568438003,6.843800322061192,3.938539989264627,14.828234031132581,1.0869565217391304,0.6776704240472357,,0.07380568974771873
156,19.410896403650028,8.84326355340848,15.566290928609769,7.300053676865271,19.558507783145465,6.944444444444445,3.81105743424584,16.72705314009662,1.0869565217391304,0.6776704240472357,,0.07380568974771873
157,19.47128287707998,8.84326355340848,15.485775630703166,7.7831454643048845,19.176060118089104,6.9310252281266775,3.797638217928073,16.6935050993022,1.0735373054213635,0.6709608158883521,,0.07380568974771873
158,19.578636607622116,8.82313472893183,15.344873859366613,7.7831454643048845,19.14922168545357,7.0450885668276975,3.797638217928073,16.67337627482555,1.0601180891035964,0.6709608158883521,,0.07380568974771873
159,19.384057971014492,8.487654320987655,14.465915190552872,7.407407407407407,20.78636607622115,6.790123456790123,3.784219001610306,17.08937198067633,1.0601180891035964,0.6709608158883521,,0.07380568974771873
160,19.706119162640903,8.454106280193237,14.445786366076222,7.367149758454106,20.759527643585614,6.662640901771336,3.7640901771336552,17.03569511540526,1.0601180891035964,0.6709608158883521,,0.07380568974771873
161,19.981213097155127,8.433977455716587,14.251207729468598,7.387278582930757,20.73268921095008,6.615673644659152,3.7640901771336552,17.03569511540526,1.0601180891035964,0.6642512077294686,,0.07380568974771873
162,20.175791733762747,8.433977455716587,14.197530864197532,7.300053676865271,20.645464304884594,6.696188942565755,3.743961352657005,17.008856682769725,1.0601180891035964,0.6642512077294686,,0.07380568974771873
163,20.21604938271605,8.433977455716587,14.197530864197532,7.286634460547504,20.638754696725712,6.696188942565755,3.7238325281803544,17.008856682769725,1.0601180891035964,0.6642512077294686,,0.07380568974771873
164,20.30998389694042,8.393719806763285,14.15727321524423,7.286634460547504,20.638754696725712,6.696188942565755,3.7104133118625873,17.008856682769725,1.0601180891035964,0.6642512077294686,,0.07380568974771873
165,20.101986044015028,8.340042941492216,14.06333870101986,7.199409554482019,20.25630703166935,8.246108427267847,3.2004830917874396,16.794149221685455,1.0601180891035964,0.6642512077294686,,0.07380568974771873
166,19.90740740740741,8.340042941492216,13.915727321524423,7.320182501341922,20.148953301127214,8.467525496511003,3.7372517444981215,16.284219001610307,1.1406333870101986,0.6642512077294686,,0.07380568974771873
167,19.887278582930758,8.125335480407944,13.90901771336554,7.568438003220612,20.148953301127214,8.427267847557703,3.7372517444981215,16.190284487385938,1.2949543746645196,0.6374127750939346,,0.07380568974771873
168,20.001341921631777,8.11862587224906,13.90901771336554,7.555018786902845,20.142243692968332,8.427267847557703,3.6500268384326353,16.190284487385938,1.2949543746645196,0.6374127750939346,,0.07380568974771873
169,19.57192699946323,7.494632313472893,16.512345679012345,7.387278582930757,20.061728395061728,7.897208803005904,3.643317230273752,15.438808373590982,1.2815351583467525,0.6374127750939346,,0.07380568974771873
170,19.276704240472355,7.219538378958669,16.71363392377885,7.5348899624261945,19.81347289318304,8.380300590445518,3.629898013955985,15.438808373590982,1.2815351583467525,0.6374127750939346,,0.07380568974771873
171,19.363929146537842,7.219538378958669,16.358024691358025,7.427536231884058,19.786634460547504,8.353462157809984,3.629898013955985,15.821256038647343,1.328502415458937,0.6374127750939346,,0.07380568974771873
172,19.202898550724637,7.159151905528717,19.03515834675255,6.756575415995706,19.316961889425656,8.21256038647343,3.5225442834138487,14.908749329039184,1.1741814278046163,0.6374127750939346,,0.07380568974771873
173,19.316961889425656,7.085346215780999,19.03515834675255,6.66935050993022,19.236446591519055,8.454106280193237,3.4286097691894795,14.888620504562533,1.1741814278046163,0.6374127750939346,,0.07380568974771873
174,19.47799248523886,7.065217391304348,18.894256575415994,6.66935050993022,19.082125603864736,8.420558239398819,3.4957058507783145,14.888620504562533,1.2949543746645196,0.6374127750939346,,0.07380568974771873
175,19.55179817498658,7.065217391304348,18.874127750939344,6.66935050993022,19.0552871712292,8.393719806763285,3.4957058507783145,14.888620504562533,1.2949543746645196,0.6374127750939346,,0.07380568974771873
176,19.236446591519055,7.004830917874396,18.183038110574344,6.4412238325281805,18.297101449275363,8.064949006977992,3.3816425120772946,17.384594739667204,1.2949543746645196,0.6374127750939346,,0.07380568974771873
177,18.726516371443907,6.837090713902308,21.128556092324207,5.622651637144391,17.438271604938272,8.044820182501342,3.180354267310789,17.01556629092861,1.2949543746645196,0.6374127750939346,,0.07380568974771873
178,18.88083735909823,6.837090713902308,21.061460010735374,5.528717122920021,17.411433172302736,8.031400966183575,3.180354267310789,17.06924315619968,1.2949543746645196,0.630703166935051,,0.07380568974771873
179,18.968062265163713,6.837090713902308,20.74610842726785,5.441492216854535,17.317498658078367,8.017981749865807,3.180354267310789,17.498658078368223,1.2949543746645196,0.6239935587761675,,0.07380568974771873
180,19.028448738593667,6.837090713902308,20.725979602791195,5.35426731078905,17.290660225442835,8.105206655931294,3.180354267310789,17.498658078368223,1.2815351583467525,0.6239935587761675,,0.07380568974771873
181,19.16935050993022,6.756575415995706,20.665593129361245,5.434782608695652,17.19001610305958,8.09849704777241,3.180354267310789,17.418142780461622,1.3352120236178207,0.6776704240472357,,0.07380568974771873
182,19.37734836285561,6.723027375201288,20.497852925389157,5.434782608695652,17.102791196994094,8.09849704777241,3.294417606011809,17.384594739667204,1.3352120236178207,0.6776704240472357,,0.07380568974771873
183,19.43102522812668,6.702898550724638,20.397208803005906,5.750134192163178,16.988727858293075,8.205850778314547,3.294417606011809,17.03569511540526,1.442565754159957,0.6776704240472357,,0.07380568974771873
184,19.43102522812668,6.642512077294686,20.182501341921633,5.676328502415459,16.941760601180892,8.293075684380032,3.294417606011809,17.37788513150832,1.4090177133655395,0.6776704240472357,,0.07380568974771873
185,19.49141170155663,6.528448738593666,20.061728395061728,6.031937734836285,16.774020397208805,8.219269994632313,3.294417606011809,17.351046698872786,1.4962426194310252,0.6776704240472357,,0.07380568974771873
186,19.49812130971551,6.528448738593666,20.055018786902846,6.031937734836285,16.774020397208805,8.219269994632313,3.294417606011809,17.351046698872786,1.4962426194310252,0.6776704240472357,,0.07380568974771873
187,19.692699946323135,6.246645195920558,20.055018786902846,6.005099302200751,16.6129898013956,8.61513687600644,3.2541599570585076,17.28395061728395,1.482823403113258,0.6776704240472357,,0.07380568974771873
188,19.81347289318304,6.206387546967257,20.055018786902846,5.964841653247451,16.6129898013956,8.61513687600644,3.2541599570585076,17.24369296833065,1.482823403113258,0.6776704240472357,,0.07380568974771873
189,20.001341921631777,6.112453032742888,21.041331186258724,5.897745571658615,16.6129898013956,8.387010198604402,3.2541599570585076,16.49892646269458,1.442565754159957,0.6776704240472357,,0.07380568974771873
190,20.088566827697264,6.112453032742888,21.34326355340848,6.273483628556092,16.384863123993558,8.252818035426731,3.240740740740741,16.15673644659152,1.3955984970477724,0.6776704240472357,,0.07380568974771873
191,20.29656468062265,6.112453032742888,21.34326355340848,6.253354804079442,16.29092860976919,8.252818035426731,3.240740740740741,16.06280193236715,1.3955984970477724,0.6776704240472357,,0.07380568974771873
192,20.202630166398283,6.052066559312936,23.067632850241544,5.857487922705314,16.223832528180353,7.669082125603865,3.33467525496511,15.666935050993022,1.1272141706924315,0.6776704240472357,,0.12077294685990338
193,20.28985507246377,6.038647342995169,22.852925389157274,5.803811057434245,16.223832528180353,7.890499194847021,3.33467525496511,15.640096618357488,1.1272141706924315,0.6776704240472357,,0.12077294685990338
194,19.85373054213634,5.9447128287707995,22.98040794417606,5.837359098228664,16.680085882984432,8.199141170155663,3.240740740740741,15.33816425120773,1.1272141706924315,0.6776704240472357,,0.12077294685990338
195,19.98792270531401,5.917874396135265,23.282340311325818,5.6964573268921095,16.431830381105744,8.165593129361245,3.180354267310789,15.411969940955448,1.1272141706924315,0.6776704240472357,,0.12077294685990338
196,20.162372517444982,5.884326355340848,23.242082662372518,5.6964573268921095,16.391572732152444,8.09849704777241,3.1468062265163717,15.398550724637682,1.1808910359634996,0.6776704240472357,,0.12077294685990338
197,20.1959205582394,5.884326355340848,23.255501878690286,5.931293612453032,16.21712292002147,8.071658615136876,3.099838969404187,15.365002683843263,1.1808910359634996,0.6776704240472357,,0.12077294685990338
198,20.28985507246377,5.884326355340848,23.255501878690286,5.931293612453032,16.150026838432634,8.044820182501342,3.099838969404187,15.365002683843263,1.1808910359634996,0.6776704240472357,,0.12077294685990338
199,20.38378958668814,5.884326355340848,23.201825013419217,5.917874396135265,16.150026838432634,7.9106280193236715,3.2340311325818574,15.33816425120773,1.1808910359634996,0.6776704240472357,,0.12077294685990338
200,20.39049919484702,5.884326355340848,23.141438539989263,6.0587761674718195,16.13660762211487,7.883789586688137,3.2340311325818574,15.183843263553408,1.288244766505636,0.6776704240472357,,0.12077294685990338
201,20.632045088566827,5.884326355340848,23.121309715512613,6.0587761674718195,16.015834675254965,7.836822329575953,3.227321524422974,15.136876006441224,1.288244766505636,0.6776704240472357,,0.12077294685990338
202,20.813204508856682,5.884326355340848,22.913311862587225,6.045356951154052,16.015834675254965,7.85024154589372,3.227321524422974,15.163714439076758,1.288244766505636,0.6776704240472357,,0.12077294685990338
203,20.873590982286636,5.870907139023081,22.86634460547504,6.045356951154052,16.015834675254965,7.85024154589372,3.227321524422974,15.163714439076758,1.288244766505636,0.6776704240472357,,0.12077294685990338
204,19.652442297369834,5.797101449275362,22.993827160493826,5.870907139023081,17.632850241545892,7.87037037037037,3.1736446591519054,14.928878153515834,1.2815351583467525,0.6776704240472357,,0.12077294685990338
205,19.679280730005367,5.790391841116479,22.966988727858293,5.971551261406334,17.538915727321523,7.87037037037037,3.1736446591519054,14.928878153515834,1.2815351583467525,0.6776704240472357,,0.12077294685990338
