,45,50,55,53,54,52,57,51,56,59
0,94.18947933440687,5.810520665593129,,,,,,,,
1,92.2638217928073,7.7361782071927,,,,,,,,
2,89.96242619431025,10.037573805689748,,,,,,,,
3,72.49731615673645,27.502683843263554,,,,,,,,
4,70.73268921095008,29.26731078904992,,,,,,,,
5,70.25630703166935,29.74369296833065,,,,,,,,
6,69.91411701556629,30.08588298443371,,,,,,,,
7,68.57219538378959,31.30703166935051,0.12077294685990338,,,,,,,
8,68.75335480407944,30.226784755770264,1.0198604401502953,,,,,,,
9,69.0150295222759,29.965110037573805,1.0198604401502953,,,,,,,
10,68.66612989801395,28.609769189479334,1.0198604401502953,1.7042404723564144,,,,,,
11,40.05636070853462,57.2463768115942,0.9796027911969941,1.6237251744498122,0.0939345142243693,,,,,
12,36.16478797638218,46.12855609232421,0.8454106280193237,1.8518518518518519,2.5026838432635534,12.506709608158884,,,,
13,36.61433172302738,45.98094471282877,0.8387010198604401,1.8518518518518519,2.4020397208803006,12.31213097155126,,,,
14,36.13794954374664,43.51851851851852,0.8387010198604401,1.8384326355340848,4.904723564143854,12.761674718196458,,,,
15,36.72839506172839,42.90794417606012,0.8387010198604401,1.8317230273752012,4.85775630703167,12.177938808373591,0.6575415995705851,,,
16,37.0101986044015,42.73349436392915,0.8051529790660226,1.8250134192163177,4.85775630703167,12.110842726784755,0.6575415995705851,,,
17,35.63472893183038,43.994900697799245,1.2949543746645196,1.8250134192163177,4.549114331723027,12.057165861513688,0.644122383252818,,,
18,34.936929683306495,40.62667740203972,3.670155662909286,1.8115942028985508,3.8177670424047236,12.00348899624262,0.644122383252818,2.4892646269457863,,
19,35.198604401502955,38.177670424047236,6.085614600107354,1.8115942028985508,3.750670960815888,11.896135265700483,0.644122383252818,2.4355877616747184,,
20,33.42055823939882,37.19135802469136,5.723295759527644,1.8115942028985508,4.522275899087493,11.77536231884058,0.5367686527106817,5.018786902844874,,
21,32.19940955448202,35.72866344605475,4.616210413311863,1.8115942028985508,4.4820182501341925,15.613258185721953,0.5300590445517982,5.018786902844874,,
22,31.447933440687063,31.830381105743424,4.616210413311863,1.6908212560386473,8.917069243156199,16.022544283413847,0.5300590445517982,4.944981213097155,,
23,30.67632850241546,32.971014492753625,4.562533548040794,2.5966183574879227,8.876811594202898,15.774288781535159,0.5300590445517982,4.012345679012346,,
24,31.260064412238325,32.729468599033815,4.4820182501341925,2.5966183574879227,8.796296296296296,15.660225442834138,0.46296296296296297,4.012345679012346,,
25,27.938808373590984,35.08454106280193,4.455179817498658,2.4221685453569513,8.521202361782072,15.22410091250671,0.46296296296296297,5.891035963499732,,
26,28.30112721417069,34.82286634460547,4.435050993022007,2.4154589371980677,8.501073537305421,15.183843263553408,0.46296296296296297,5.877616747181965,,
27,28.683574879227052,33.49436392914654,4.294149221685454,4.555823939881911,7.7831454643048845,14.949006977992486,0.43612453032742887,5.803811057434245,,
28,28.56280193236715,33.09849704777241,4.26731078904992,3.5628019323671496,7.729468599033816,16.586151368760063,0.43612453032742887,5.756843800322061,,
29,28.153515834675254,31.233225979602793,4.260601180891036,3.515834675254965,7.689210950080516,17.45169082125604,0.20799785292538917,7.380568974771873,0.10735373054213634,
30,28.65673644659152,30.891035963499732,4.320987654320987,3.502415458937198,7.608695652173913,15.861513687600644,0.20799785292538917,8.84326355340848,0.10735373054213634,
31,28.784219001610307,30.407944176060116,4.64975845410628,4.240472356414386,6.998121309715513,15.774288781535159,0.20799785292538917,8.829844337090714,0.10735373054213634,
32,24.08749329039184,40.935319377348364,4.602791196994096,4.2270531400966185,5.119431025228127,14.553140096618357,0.20799785292538917,6.159420289855072,0.10735373054213634,
33,24.456521739130434,39.01637144390767,4.951690821256038,4.2270531400966185,6.374127750939345,14.512882447665056,0.20799785292538917,6.146001073537305,0.10735373054213634,
34,24.751744498121308,38.848631239935585,4.931561996779388,4.2270531400966185,6.347289318303811,14.459205582393988,0.20799785292538917,6.119162640901771,0.10735373054213634,
35,25.221417069243156,38.499731615673646,4.891304347826087,4.2270531400966185,6.300322061191626,14.459205582393988,0.20799785292538917,6.085614600107354,0.10735373054213634,
36,25.738056897477186,38.18438003220612,4.851046698872786,4.200214707461084,6.280193236714976,14.38539989264627,0.20799785292538917,6.045356951154052,0.10735373054213634,
37,26.227858293075684,37.98309178743961,4.777241009125067,4.200214707461084,6.246645195920558,14.237788513150832,0.20799785292538917,6.011808910359635,0.10735373054213634,
38,26.670692431561996,37.69457863660762,4.703435319377348,4.200214707461084,6.219806763285024,14.190821256038648,0.20799785292538917,6.005099302200751,0.10735373054213634,
39,26.986044015029524,37.466451959205585,4.676596886741814,4.180085882984434,6.206387546967257,14.163982823403114,0.20799785292538917,6.005099302200751,0.10735373054213634,
40,25.315351583467525,36.02388620504563,4.616210413311863,6.112453032742888,5.622651637144391,13.419216317767042,0.20799785292538917,8.57487922705314,0.10735373054213634,
41,23.30246913580247,29.03918411164788,4.669887278582931,6.112453032742888,5.756843800322061,13.231347289318304,0.20799785292538917,17.57246376811594,0.10735373054213634,
42,23.564143853998928,28.368223295759528,4.656468062265164,6.776704240472356,5.723295759527644,13.177670424047236,0.20799785292538917,17.418142780461622,0.10735373054213634,
43,23.68491680085883,27.68384326355341,6.179549114331723,6.6760601180891035,5.703166935050993,12.29200214707461,0.20799785292538917,17.371175523349436,0.20128824476650564,
44,24.060654857756308,27.536231884057973,6.139291465378422,6.635802469135802,5.662909286097692,12.23161567364466,0.20799785292538917,17.324208266237253,0.20128824476650564,
45,24.355877616747183,26.039989264626946,7.809983896940419,6.588835212023618,5.629361245303274,12.13768115942029,0.20799785292538917,17.028985507246375,0.20128824476650564,
46,22.973698336017176,27.75764895330113,7.843531937734836,6.575415995705851,5.629361245303274,13.325281803542673,0.20799785292538917,15.485775630703166,0.20128824476650564,
47,23.59098228663446,27.616747181964573,7.769726247987117,6.528448738593666,5.58239398819109,13.22463768115942,0.20799785292538917,15.277777777777779,0.20128824476650564,
48,24.000268384326354,27.4422973698336,7.716049382716049,6.461352657004831,5.542136339237788,13.170960815888352,0.20128824476650564,15.26435856146001,0.20128824476650564,
49,24.235104669887278,27.361782071927,7.675791733762749,6.4345142243692965,5.528717122920021,13.144122383252817,0.20128824476650564,15.217391304347826,0.20128824476650564,
50,24.50348899624262,26.50966183574879,7.64224369296833,8.051529790660226,5.46833064949007,12.23161567364466,0.20128824476650564,15.197262479871176,0.19457863660762212,
51,24.52361782071927,25.811862587224905,7.588566827697263,8.997584541062801,5.46833064949007,12.191358024691358,0.20128824476650564,15.022812667740205,0.19457863660762212,
52,20.78636607622115,16.13660762211487,2.5496511003757383,7.7898550724637685,4.985238862050457,10.903113258185721,0.20128824476650564,36.45330112721417,0.19457863660762212,
53,21.054750402576488,15.874932903918411,2.5496511003757383,8.09849704777241,5.22007514761138,10.802469135802468,0.20128824476650564,36.00375738056898,0.19457863660762212,
54,21.511003757380568,15.83467525496511,2.6167471819645733,8.044820182501342,5.12614063338701,10.695115405260333,0.20128824476650564,35.77563070316693,0.19457863660762212,
55,21.155394524959743,15.01610305958132,2.120236178207193,7.702630166398282,5.052334943639291,13.117283950617283,0.20128824476650564,35.44685990338164,0.1878690284487386,
56,21.135265700483092,14.680622651637144,2.120236178207193,7.581857219538379,5.052334943639291,14.009661835748792,0.20128824476650564,35.03086419753087,0.1878690284487386,
57,20.78636607622115,14.38539989264627,2.120236178207193,7.467793880837359,5.173107890499195,15.72061191626409,0.20128824476650564,33.9573268921095,0.1878690284487386,
58,20.78636607622115,14.197530864197532,2.120236178207193,6.078904991948471,5.173107890499195,17.458400429414922,0.18115942028985507,32.35373054213634,1.6505636070853462,
59,21.511003757380568,14.13714439076758,2.120236178207193,5.984970477724101,5.032206119162641,17.156468062265162,0.18115942028985507,32.22624798711755,1.6505636070853462,
60,21.79951690821256,14.076757917337627,3.7104133118625873,5.971551261406334,4.998658078368224,16.988727858293075,0.18115942028985507,30.62265163714439,1.6505636070853462,
61,22.188674181427803,13.94927536231884,3.515834675254965,5.964841653247451,4.797369833601718,17.330917874396135,0.18115942028985507,30.42807300053677,1.6438539989264627,
62,21.85990338164251,14.11701556629093,3.4822866344605474,5.938003220611916,5.5689747718733225,17.216854535695116,0.18115942028985507,30.005367686527105,1.6304347826086956,
63,19.639023081052066,12.332259796027913,3.321256038647343,4.9718196457326895,5.186527106816962,12.23161567364466,0.13419216317767044,40.74074074074074,1.442565754159957,
64,20.014761137949545,12.050456253354804,3.260869565217391,6.776704240472356,5.146269457863661,11.929683306494901,0.13419216317767044,39.24449812130972,1.442565754159957,
65,20.46430488459474,11.916264090177133,3.227321524422974,6.763285024154589,5.132850241545894,11.889425657541599,0.13419216317767044,39.029790660225444,1.442565754159957,
66,20.1959205582394,11.641170155662909,3.0864197530864197,5.877616747181965,4.74369296833065,14.204240472356414,0.13419216317767044,38.707729468599034,1.4090177133655395,
67,20.517981749865807,11.191626409017713,3.2004830917874396,5.58239398819109,4.690016103059581,14.687332259796028,0.13419216317767044,37.043746645195924,2.952227589908749,
68,21.115136876006442,11.07085346215781,3.8311862587224907,5.5756843800322065,4.783950617283951,14.573268921095009,0.13419216317767044,35.96349973161568,2.952227589908749,
69,21.504294149221685,11.030595813204508,3.8915727321524423,5.555555555555555,4.74369296833065,14.492753623188406,0.13419216317767044,35.71524422973698,2.932098765432099,
70,21.71900161030596,10.983628556092324,3.240740740740741,8.970746108427267,4.74369296833065,14.452495974235104,0.13419216317767044,33.1857219538379,2.5697799248523885,
71,22.054482018250134,10.963499731615673,3.240740740740741,8.957326892109501,4.7168545356951155,14.36527106816962,0.1274825550187869,33.00456253354804,2.5697799248523885,
72,22.470477724100913,10.963499731615673,3.2206119162640903,8.809715512614064,4.64975845410628,14.351851851851851,0.1274825550187869,32.86366076221149,2.5429414922168547,
73,22.19538378958669,10.695115405260333,3.2206119162640903,9.802737520128824,4.26731078904992,16.076221148684915,0.1274825550187869,30.85077831454643,2.7643585614600106,
74,22.470477724100913,10.896403650026839,3.2206119162640903,9.675254965110037,4.26731078904992,15.96886741814278,0.1274825550187869,30.615942028985508,2.757648953301127,
75,23.007246376811594,10.775630703166936,3.193773483628556,9.64170692431562,4.2270531400966185,15.895061728395062,0.1274825550187869,30.381105743424584,2.7509393451422435,
76,23.49704777241009,10.648148148148149,3.193773483628556,9.554482018250134,4.361245303274289,15.619967793880837,0.1274825550187869,30.246913580246915,2.7509393451422435,
77,23.812399355877616,10.57434245840043,3.1333870101986045,9.473966720343531,4.1532474503489,16.606280193236714,0.1274825550187869,28.884863123993558,3.2340311325818574,
78,24.4699409554482,10.46027911969941,3.1333870101986045,9.39345142243693,4.092860976918948,16.451959205582394,0.12077294685990338,28.64331723027375,3.2340311325818574,
79,25.147611379495437,10.373054213633925,3.1333870101986045,9.29951690821256,4.086151368760064,16.304347826086957,0.12077294685990338,28.33467525496511,3.2004830917874396,
80,25.717928073000536,10.258990874932904,3.1468062265163717,9.272678475577026,4.086151368760064,15.94873859366613,0.12077294685990338,28.27428878153516,3.1736446591519054,
81,25.691089640365004,10.258990874932904,3.113258185721954,9.064680622651638,4.045893719806763,16.451959205582394,0.12077294685990338,28.079710144927535,3.1736446591519054,
82,25.979602791196996,10.19189479334407,3.113258185721954,8.99087493290392,3.9318303811057436,16.42512077294686,0.12077294685990338,27.958937198067634,3.1602254428341383,0.1274825550187869
83,26.462694578636608,10.171765968867419,3.0931293612453032,8.876811594202898,3.9184111647879765,16.33118625872249,0.10735373054213634,27.791196994095547,3.1199677938808374,0.1274825550187869
84,26.85185185185185,10.165056360708535,3.0931293612453032,8.78287707997853,3.9049919484702094,16.264090177133657,0.10735373054213634,27.603327965646805,3.099838969404187,0.1274825550187869
85,25.5300590445518,9.084809447128288,2.5026838432635534,8.776167471819646,2.8515834675254963,15.391841116478798,0.10735373054213634,32.56172839506173,3.066290928609769,0.1274825550187869
86,25.845410628019323,9.03113258185722,2.4892646269457863,8.776167471819646,2.844873859366613,15.365002683843263,0.10735373054213634,32.367149758454104,3.046162104133119,0.1274825550187869
87,23.79898013955985,10.970209339774557,2.7241009125067097,10.654857756307031,2.6704240472356413,14.036500268384327,0.10735373054213634,31.89747718733226,3.012614063338701,0.1274825550187869
88,24.040526033279658,10.86285560923242,2.717391304347826,10.63472893183038,2.6704240472356413,14.029790660225443,0.10735373054213634,31.796833064949006,3.012614063338701,0.1274825550187869
89,24.355877616747183,10.86285560923242,2.717391304347826,10.57434245840043,3.079710144927536,13.56682769726248,0.10735373054213634,31.602254428341386,3.0059044551798175,0.1274825550187869
90,24.825550187869027,10.748792270531402,2.657004830917874,10.36634460547504,3.5225442834138487,13.479602791196994,0.10735373054213634,30.441492216854535,3.7238325281803544,0.1274825550187869
91,25.34219001610306,10.064412238325282,2.636876006441224,10.513955984970478,3.5225442834138487,13.687600644122384,0.10735373054213634,30.119431025228128,3.878153515834675,0.1274825550187869
92,25.583735909822867,9.970477724100913,2.522812667740204,10.44015029522276,4.435050993022007,13.620504562533547,0.10735373054213634,29.455179817498657,3.7372517444981215,0.1274825550187869
93,25.845410628019323,9.588030059044552,3.4688674181427803,10.305958132045088,5.052334943639291,13.291733762748256,0.10735373054213634,28.495705850778315,3.717122920021471,0.1274825550187869
94,25.771604938271604,9.400161030595813,3.455448201825013,9.212292002147075,6.776704240472356,13.264895330112722,0.10735373054213634,28.18035426731079,3.7037037037037037,0.1274825550187869
95,25.617283950617285,8.863392377885132,3.656736446591519,8.232689210950081,6.776704240472356,15.613258185721953,0.10735373054213634,27.30139559849705,3.7037037037037037,0.1274825550187869
96,25.885668276972623,8.84326355340848,3.656736446591519,8.219269994632313,6.769994632313473,15.5126140633387,0.10735373054213634,27.18733225979603,3.6902844873859366,0.1274825550187869
97,26.50295222758991,8.722490606548577,3.6902844873859366,8.091787439613526,6.6760601180891035,15.371712292002147,0.10735373054213634,27.046430488459475,3.6634460547504024,0.1274825550187869
98,25.187869028448738,6.300322061191626,3.6634460547504024,7.14573268921095,6.099033816425121,13.828502415458937,0.10735373054213634,34.15190552871712,3.388352120236178,0.1274825550187869
99,24.718196457326894,6.253354804079442,3.6231884057971016,9.03113258185722,5.978260869565218,13.774825550187868,0.10735373054213634,33.031400966183575,3.3548040794417604,0.1274825550187869
100,24.812130971551262,6.105743424584004,3.616478797638218,8.943907675791733,6.468062265163715,13.734567901234568,0.10735373054213634,32.769726247987116,3.4420289855072466,
101,25.181159420289855,6.092324208266238,3.603059581320451,8.943907675791733,6.870638754696726,13.6406333870102,0.10735373054213634,32.23966720343532,3.321256038647343,
102,25.543478260869566,6.0587761674718195,3.603059581320451,8.856682769726248,7.011540526033279,13.580246913580247,0.10735373054213634,31.93102522812668,3.307836822329576,
103,25.79844337090714,5.958132045088567,3.5963499731615673,9.836285560923242,7.407407407407407,12.801932367149758,0.07380568974771873,31.219806763285025,3.307836822329576,
104,26.03327965646806,5.904455179817498,3.5628019323671496,9.809447128287708,7.2933440687063875,14.371980676328503,0.07380568974771873,29.347826086956523,3.603059581320451,
105,26.39559849704777,5.891035963499732,3.535963499731616,9.802737520128824,7.273215244229737,14.244498121309716,0.07380568974771873,29.180085882984432,3.603059581320451,
106,26.35534084809447,5.381105743424584,3.4621578099838968,9.601449275362318,7.232957595276436,14.65378421900161,0.07380568974771873,29.998658078368223,3.240740740740741,
107,26.38888888888889,5.300590445517981,3.388352120236178,9.400161030595813,6.884057971014493,16.525764895330113,0.07380568974771873,28.797638217928075,3.240740740740741,
108,25.697799248523886,5.173107890499195,3.3413848631239937,10.292538915727322,9.621578099838969,16.472088030059044,0.07380568974771873,26.643853998926463,2.6838432635534084,
109,25.811862587224905,5.173107890499195,3.9586688137412773,10.258990874932904,9.567901234567902,16.358024691358025,0.07380568974771873,26.120504562533547,2.677133655394525,
110,25.979602791196996,5.173107890499195,3.9519592055823938,10.258990874932904,9.541062801932368,16.33118625872249,0.07380568974771873,26.01315083199141,2.677133655394525,
111,26.073537305421365,4.998658078368224,3.9452495974235107,10.21202361782072,9.406870638754697,16.80756843800322,0.07380568974771873,25.825281803542673,2.657004830917874,
112,26.46940418679549,4.99194847020934,3.8848631239935587,10.185185185185185,9.39345142243693,16.680085882984432,0.07380568974771873,25.717928073000536,2.6033279656468062,
113,26.84514224369297,4.99194847020934,3.9720880300590444,10.091250670960816,9.380032206119163,16.458668813741276,0.07380568974771873,25.583735909822867,2.6033279656468062,
114,27.583199141170155,4.938271604938271,4.2270531400966185,10.010735373054214,9.23913043478261,16.27750939345142,0.07380568974771873,25.241545893719806,2.408749329039184,
115,27.979066022544284,4.904723564143854,4.193505099302201,9.782608695652174,9.091519055287172,16.51905528717123,0.07380568974771873,25.10064412238325,2.3550724637681157,
116,28.267579173376276,4.904723564143854,4.186795491143317,9.71551261406334,9.05126140633387,16.391572732152444,0.07380568974771873,25.05367686527107,2.3550724637681157,
117,28.71712292002147,4.891304347826087,4.180085882984434,9.54777241009125,9.037842190016104,16.27079978529254,0.07380568974771873,24.838969404186795,2.442297369833602,
118,28.837895866881375,4.804079441760601,4.180085882984434,9.4873859366613,8.930488459473967,16.170155662909288,0.07380568974771873,25.07380568974772,2.442297369833602,
119,28.663446054750402,4.7638217928073,4.17337627482555,10.399892646269459,8.917069243156199,16.076221148684915,0.07380568974771873,24.52361782071927,2.408749329039184,
120,29.052603327965645,4.723564143853999,4.126409017713366,10.34621578099839,8.876811594202898,15.975577026301664,0.07380568974771873,24.422973698336016,2.4020397208803006,
121,29.314278046162105,4.7168545356951155,4.0995705850778315,10.285829307568438,8.80300590445518,15.921900161030596,0.07380568974771873,24.382716049382715,2.4020397208803006,
122,29.57595276435856,4.7168545356951155,4.0995705850778315,10.151637144390767,8.829844337090714,15.921900161030596,0.07380568974771873,24.228395061728396,2.4020397208803006,
123,30.381105743424584,4.703435319377348,3.9989264626945786,10.050993022007514,8.494363929146537,15.807836822329575,0.07380568974771873,24.013687600644122,2.475845410628019,
124,30.253623188405797,4.314278046162104,3.9989264626945786,11.66129898013956,8.158883521202362,15.727321524422974,0.07380568974771873,23.356146001073537,2.4557165861513686,
125,30.300590445517983,4.30756843800322,3.978797638217928,11.54723564143854,8.091787439613526,15.666935050993022,0.07380568974771873,23.577563070316693,2.4557165861513686,
126,30.555555555555557,4.300858829844337,3.9586688137412773,11.473429951690822,8.13875469672571,15.58641975308642,0.07380568974771873,23.503757380568974,2.408749329039184,
127,31.03864734299517,4.280730005367687,3.92512077294686,11.446591519055287,8.111916264090176,15.365002683843263,0.07380568974771873,23.429951690821255,2.328234031132582,
128,30.803811057434245,4.274020397208803,3.92512077294686,11.406333870101985,8.09849704777241,15.72061191626409,0.07380568974771873,23.369565217391305,2.328234031132582,
129,31.253354804079443,4.274020397208803,3.8848631239935587,11.2788513150832,8.044820182501342,15.619967793880837,0.07380568974771873,23.2487922705314,2.3215244229736984,
130,31.5552871712292,4.274020397208803,3.8848631239935587,11.245303274288782,7.917337627482555,15.505904455179817,0.18115942028985507,23.11460010735373,2.3215244229736984,
131,31.76328502415459,4.274020397208803,3.8848631239935587,11.553945249597424,7.897208803005904,15.250939345142244,0.18115942028985507,22.973698336017176,2.2208803005904456,
132,31.843800322061192,4.26731078904992,3.844605475040258,11.18491680085883,7.897208803005904,15.633387010198604,0.18115942028985507,22.926731078904993,2.2208803005904456,
133,31.884057971014492,4.26731078904992,3.844605475040258,12.00348899624262,7.883789586688137,15.076489533011273,0.18115942028985507,22.638217928073,2.2208803005904456,
134,32.2463768115942,4.26731078904992,3.7573805689747717,11.943102522812667,7.950885668276973,15.009393451422437,0.18115942028985507,22.443639291465377,2.200751476113795,
135,32.52147074610843,4.233762748255502,4.0995705850778315,11.81561996779388,7.924047235641439,14.949006977992486,0.18115942028985507,22.074610842726784,2.200751476113795,
136,32.82340311325819,4.213633923778851,4.0995705850778315,11.882716049382717,7.9039184111647875,14.667203435319378,0.18115942028985507,22.0276435856146,2.200751476113795,
137,32.991143317230275,4.213633923778851,4.166666666666667,11.936392914653783,7.9039184111647875,14.566559312936125,0.17444981213097155,21.91358024691358,2.13365539452496,
138,32.018250134192165,4.180085882984434,4.066022544283414,9.977187332259795,7.836822329575953,14.445786366076222,0.17444981213097155,25.34219001610306,1.9592055823939882,
139,32.44095544820183,4.106280193236715,4.052603327965647,9.950348899624261,7.742887815351583,14.345142243692969,0.17444981213097155,25.261674718196456,1.9256575415995705,
140,32.789855072463766,4.0995705850778315,4.019055287171229,9.88996242619431,7.675791733762749,14.284755770263017,0.17444981213097155,25.140901771336555,1.9256575415995705,
141,32.7361782071927,3.8915727321524423,4.005636070853462,10.433440687063875,7.601986044015029,14.210950080515298,0.17444981213097155,25.02012882447665,1.9256575415995705,
142,32.98443370907139,3.8915727321524423,3.9720880300590444,10.38647342995169,7.595276435856146,14.204240472356414,0.17444981213097155,24.879227053140095,1.9122383252818036,
143,33.393719806763286,3.8043478260869565,3.8848631239935587,10.352925389157273,7.561728395061729,14.130434782608695,0.17444981213097155,24.67793880837359,2.01959205582394,
144,33.7157809983897,3.8043478260869565,3.8714439076757916,10.319377348362856,7.514761137949543,14.083467525496511,0.17444981213097155,24.496779388083738,2.01959205582394,
145,34.09151905528717,3.784219001610306,3.8378958668813743,10.285829307568438,7.501341921631776,14.023081052066559,0.17444981213097155,24.282071926999464,2.01959205582394,
146,33.380300590445515,3.7573805689747717,4.206924315619967,10.23215244229737,7.018250134192163,15.633387010198604,0.17444981213097155,23.617820719269993,1.9793344068706387,
147,33.77616747181965,3.7573805689747717,4.17337627482555,10.218733225979603,6.971282877079979,15.552871712292003,0.17444981213097155,23.396403650026837,1.9793344068706387,
148,33.943907675791735,3.7573805689747717,4.17337627482555,10.185185185185185,6.9243156199677935,16.14331723027375,0.17444981213097155,22.82608695652174,1.8719806763285025,
149,34.46054750402576,3.7573805689747717,4.1129898013955986,10.104669887278583,6.863929146537842,16.1231884057971,0.1610305958132045,22.571121846484164,1.8451422436929683,
150,34.70880300590446,3.7372517444981215,4.0995705850778315,10.0979602791197,6.816961889425658,16.0426731078905,0.1610305958132045,22.490606548577563,1.8451422436929683,
151,35.017444981213096,3.7372517444981215,4.0995705850778315,9.977187332259795,6.796833064949007,15.98899624261943,0.1610305958132045,22.376543209876544,1.8451422436929683,
152,35.27241009125067,3.7238325281803544,4.072732152442297,9.936929683306495,6.776704240472356,15.841384863123993,0.1610305958132045,22.36983360171766,1.8451422436929683,
153,35.54079441760601,3.69699409554482,4.045893719806763,9.849704777241008,6.776704240472356,15.780998389694043,0.1610305958132045,22.32957595276436,1.8183038110574343,
154,31.99812130971551,3.5426731078904994,3.589640365002684,9.554482018250134,6.3070316693505095,14.828234031132581,0.1610305958132045,28.37493290391841,1.6438539989264627,
155,32.2463768115942,3.5426731078904994,3.589640365002684,9.520933977455716,6.273483628556092,14.680622651637144,0.1610305958132045,28.22061191626409,1.7646269457863661,
156,32.43424584004294,3.535963499731616,3.5628019323671496,9.453837895866881,6.400966183574879,14.63365539452496,0.1610305958132045,28.08641975308642,1.7310789049919484,
157,32.75630703166935,3.535963499731616,3.556092324208266,9.386741814278047,6.327160493827161,14.526301663982823,0.1610305958132045,28.019323671497585,1.7310789049919484,
158,33.13875469672571,3.4688674181427803,3.5225442834138487,9.333064949006978,6.541867954911433,14.358561460010735,0.1610305958132045,27.677133655394524,1.7981749865807837,
159,33.40713902308105,3.4621578099838968,3.6366076221148687,9.286097691894794,6.468062265163715,14.2914653784219,0.1610305958132045,27.522812667740205,1.7646269457863661,
160,33.44068706387547,3.4621578099838968,3.616478797638218,9.286097691894794,7.03166935050993,13.922436929683306,0.1610305958132045,27.314814814814813,1.7646269457863661,
161,33.675523349436396,3.44873859366613,3.6097691894793345,9.27938808373591,7.018250134192163,13.855340848094471,0.1610305958132045,27.194041867954912,1.7579173376274826,
162,33.293075684380035,3.2004830917874396,3.603059581320451,9.017713365539452,6.951154052603328,13.311862587224907,0.13419216317767044,28.73054213633924,1.7579173376274826,
163,32.930756843800324,3.2877079978529253,3.535963499731616,10.560923242082662,6.937734836285561,12.962962962962964,0.13419216317767044,27.891841116478798,1.7579173376274826,
164,32.400697799248526,4.294149221685454,3.535963499731616,10.319377348362856,6.863929146537842,12.869028448738593,0.13419216317767044,27.831454643048847,1.751207729468599,
165,32.689210950080515,4.274020397208803,4.414922168545357,10.178475577026301,6.78341384863124,12.721417069243156,0.13419216317767044,27.053140096618357,1.751207729468599,
166,32.9777241009125,4.274020397208803,4.394793344068707,10.091250670960816,6.709608158883521,12.721417069243156,0.13419216317767044,26.959205582393988,1.737788513150832,
167,33.15888352120236,4.274020397208803,4.38137412775094,10.037573805689748,6.702898550724638,12.674449812130971,0.13419216317767044,26.898819108964037,1.737788513150832,
168,33.46081588835212,4.253891572732153,4.3478260869565215,9.970477724100913,6.66935050993022,12.614063338701019,0.13419216317767044,26.81159420289855,1.737788513150832,
169,33.742619431025226,4.247181964573269,4.3478260869565215,9.943639291465379,6.615673644659152,12.580515297906603,0.13419216317767044,26.650563607085346,1.737788513150832,
170,33.97745571658615,4.247181964573269,4.320987654320987,9.883252818035427,6.608964036500268,12.546967257112184,0.13419216317767044,26.422436929683307,1.8585614600107354,
171,34.292807300053674,4.2203435319377345,4.320987654320987,9.796027911969942,6.602254428341385,12.426194310252281,0.13419216317767044,26.34863123993559,1.8585614600107354,
172,34.50080515297907,4.200214707461084,4.522275899087493,9.782608695652174,6.535158346752549,12.399355877616747,0.13419216317767044,26.10708534621578,1.8183038110574343,
173,34.735641438539986,4.200214707461084,4.522275899087493,9.77589908749329,6.447933440687064,12.392646269457863,0.13419216317767044,25.986312399355878,1.8048845947396672,
174,35.30595813204509,4.200214707461084,4.549114331723027,9.77589908749329,6.447933440687064,12.285292538915728,0.13419216317767044,25.49651100375738,1.8048845947396672,
175,35.52066559312936,4.193505099302201,4.542404723564144,9.822866344605474,6.447933440687064,12.218196457326892,0.13419216317767044,25.32206119162641,1.7981749865807837,
176,30.367686527106816,3.851315083199141,3.589640365002684,7.7831454643048845,4.99194847020934,11.191626409017713,0.13419216317767044,36.40633387010199,1.6841116478797638,
177,30.50187869028449,3.824476650563607,3.5829307568438002,7.749597423510467,5.300590445517981,11.18491680085883,0.13419216317767044,36.03730542136339,1.6841116478797638,
178,30.877616747181964,3.81105743424584,3.535963499731616,7.716049382716049,5.300590445517981,11.16478797638218,0.13419216317767044,35.77563070316693,1.6841116478797638,
179,31.28690284487386,3.81105743424584,3.535963499731616,7.675791733762749,5.280461621041331,11.044015029522276,0.13419216317767044,35.547504025764894,1.6841116478797638,
180,31.508319914117017,3.81105743424584,3.5292538915727323,7.769726247987117,5.246913580246914,10.970209339774557,0.13419216317767044,35.35292538915727,1.6774020397208802,
181,32.23295759527644,3.784219001610306,3.475577026301664,8.044820182501342,5.038915727321524,10.95679012345679,0.13419216317767044,34.655126140633385,1.6774020397208802,
182,32.70263016639828,3.7640901771336552,3.8848631239935587,8.145464304884594,4.884594739667204,10.896403650026839,0.13419216317767044,33.97745571658615,1.6103059581320451,
183,32.27992485238862,3.69699409554482,3.9519592055823938,7.991143317230274,4.636339237788513,12.224906065485776,0.13419216317767044,33.47423510466989,1.6103059581320451,
184,32.51476113794954,3.69699409554482,3.938539989264627,7.930756843800322,4.636339237788513,12.171229200214707,0.13419216317767044,33.36688137412775,1.6103059581320451,
185,32.608695652173914,3.69699409554482,5.5689747718733225,7.816693505099302,4.522275899087493,12.117552334943639,0.13419216317767044,31.924315619967793,1.6103059581320451,
186,32.83682232957595,3.616478797638218,5.488459473966721,7.7361782071927,4.508856682769726,12.084004294149223,0.13419216317767044,31.749865807836823,1.8451422436929683,
187,33.25952764358561,3.616478797638218,5.4549114331723025,7.682501341921632,4.488727858293076,12.016908212560386,0.13419216317767044,31.50161030595813,1.8451422436929683,
188,33.62855609232421,3.616478797638218,5.428073000536768,7.648953301127214,4.488727858293076,11.90955448201825,0.13419216317767044,31.300322061191626,1.8451422436929683,
189,33.93048845947396,3.5829307568438002,5.407944176060118,7.568438003220612,4.488727858293076,11.83574879227053,0.13419216317767044,31.206387546967257,1.8451422436929683,
190,34.346484165324746,3.556092324208266,5.3341384863123995,7.521470746108427,4.488727858293076,11.81561996779388,0.13419216317767044,30.95813204508857,1.8451422436929683,
191,33.863392377885134,3.556092324208266,5.300590445517981,9.111647879763822,4.260601180891036,11.916264090177133,0.13419216317767044,30.059044551798173,1.7981749865807837,
192,34.15190552871712,3.556092324208266,5.300590445517981,9.084809447128288,4.233762748255502,11.849168008588299,0.13419216317767044,29.891304347826086,1.7981749865807837,
193,33.313204508856685,3.556092324208266,5.132850241545894,9.05126140633387,4.233762748255502,17.52549651100376,0.13419216317767044,25.275093934514224,1.778046162104133,
194,33.61513687600644,3.549382716049383,5.246913580246914,9.05126140633387,4.126409017713366,17.45169082125604,0.13419216317767044,25.067096081588836,1.7579173376274826,
195,33.964036500268385,3.5426731078904994,5.213365539452496,9.044551798174986,4.045893719806763,17.317498658078367,0.13419216317767044,24.993290391841118,1.7444981213097155,
196,34.17203435319377,3.5426731078904994,5.193236714975845,8.977455716586151,4.045893719806763,17.250402576489535,0.13419216317767044,24.93961352657005,1.7444981213097155,
197,34.292807300053674,3.515834675254965,5.186527106816962,8.964036500268385,4.045893719806763,17.250402576489535,0.13419216317767044,24.86580783682233,1.7444981213097155,
198,34.48067632850242,3.515834675254965,5.414653784219001,8.93719806763285,4.045893719806763,17.176596886741816,0.13419216317767044,24.550456253354803,1.7444981213097155,
199,34.66183574879227,3.5091250670960816,5.414653784219001,8.896940418679549,4.045893719806763,17.136339237788512,0.13419216317767044,24.456521739130434,1.7444981213097155,
200,34.856414385399894,3.488996242619431,5.401234567901234,8.870101986044014,3.911701556629093,17.022275899087493,0.13419216317767044,24.362587224906065,1.9524959742351047,
201,35.08454106280193,3.4688674181427803,5.347557702630167,8.849973161567364,3.911701556629093,16.99543746645196,0.13419216317767044,24.255233494363928,1.9524959742351047,
202,35.28582930756844,3.4621578099838968,5.3341384863123995,8.809715512614064,3.911701556629093,16.948470209339774,0.13419216317767044,24.174718196457327,1.9390767579173376,
203,35.46027911969941,3.44873859366613,5.314009661835748,8.789586688137414,3.911701556629093,16.928341384863124,0.13419216317767044,24.074074074074073,1.9390767579173376,
204,35.621309715512616,3.421900161030596,5.300590445517981,8.76274825550188,3.898282340311326,16.888083735909824,0.13419216317767044,24.04723564143854,1.9256575415995705,
205,32.86366076221149,3.3682232957595275,5.032206119162641,7.816693505099302,3.629898013955985,16.049382716049383,0.13419216317767044,29.07944176060118,2.0263016639828235,
206,33.051529790660226,3.3548040794417604,5.032206119162641,7.729468599033816,3.750670960815888,15.962157809983896,0.13419216317767044,28.978797638217927,2.006172839506173,
207,33.279656468062264,3.3548040794417604,5.032206119162641,7.6623725174449815,3.7372517444981215,15.915190552871712,0.13419216317767044,28.878153515834676,2.006172839506173,
208,33.57487922705314,3.3548040794417604,5.018786902844874,7.64224369296833,3.730542136339238,15.901771336553946,0.13419216317767044,28.663446054750402,1.9793344068706387,
209,33.73590982286635,3.3011272141706924,4.998658078368224,7.628824476650563,3.126677402039721,16.800858829844337,0.13419216317767044,28.29441760601181,1.9793344068706387,
210,34.10493827160494,3.227321524422974,4.99194847020934,7.581857219538379,3.1065485775630703,16.720343531937736,0.13419216317767044,28.153515834675254,1.9793344068706387,
211,34.447128287708,3.227321524422974,4.9718196457326895,7.575147611379496,3.1065485775630703,16.659957058507782,0.13419216317767044,27.89855072463768,1.9793344068706387,
212,34.675254965110035,3.207192699946323,4.924852388620504,7.548309178743962,3.1065485775630703,16.59286097691895,0.13419216317767044,27.831454643048847,1.9793344068706387,
213,34.95034889962426,3.207192699946323,4.871175523349437,7.467793880837359,3.1065485775630703,16.5727321524423,0.13419216317767044,27.737520128824478,1.9524959742351047,
214,35.15163714439077,3.207192699946323,5.24020397208803,7.454374664519592,3.0730005367686526,16.53918411164788,0.13419216317767044,27.24771873322598,1.9524959742351047,
215,35.607890499194845,3.193773483628556,5.226784755770263,7.454374664519592,3.026033279656468,16.472088030059044,0.13419216317767044,26.932367149758456,1.9524959742351047,
216,35.889694041867955,3.166935050993022,5.226784755770263,7.454374664519592,3.026033279656468,16.33118625872249,0.13419216317767044,26.82501341921632,1.9457863660762211,
217,35.74208266237252,3.0059044551798175,5.213365539452496,8.293075684380032,3.0193236714975846,16.243961352657006,0.13419216317767044,26.402308105206657,1.9457863660762211,
218,35.7085346215781,2.999194847020934,5.186527106816962,8.09849704777241,3.616478797638218,16.150026838432634,0.13419216317767044,26.268115942028984,1.8384326355340848,
219,34.936929683306495,2.985775630703167,5.159688674181428,8.017981749865807,3.6097691894793345,15.418679549114332,0.13419216317767044,27.89855072463768,1.8384326355340848,
220,35.258990874932906,2.9253891572732154,5.152979066022544,8.004562533548041,3.5628019323671496,15.22410091250671,0.13419216317767044,27.596618357487923,2.1403650026838434,
221,35.547504025764894,2.9253891572732154,5.233494363929147,7.997852925389157,3.488996242619431,15.150295222758992,0.13419216317767044,27.38191089640365,2.1403650026838434,
222,35.87627482555019,2.9253891572732154,5.213365539452496,7.944176060118089,3.455448201825013,15.123456790123457,0.13419216317767044,27.194041867954912,2.13365539452496,
223,36.198336017176594,2.9119699409554483,5.139559849704777,7.937466451959206,3.3950617283950617,15.116747181964573,0.13419216317767044,27.033011272141707,2.13365539452496,
224,36.460010735373054,2.9119699409554483,5.092592592592593,7.890499194847021,3.3682232957595275,15.076489533011273,0.13419216317767044,26.932367149758456,2.13365539452496,
225,36.47342995169082,2.9119699409554483,5.092592592592593,7.689210950080516,3.4822866344605474,15.371712292002147,0.13419216317767044,26.717659688674182,2.1269457863660763,
226,36.808910359635,2.898550724637681,5.287171229200215,7.669082125603865,3.69699409554482,14.989264626945786,0.13419216317767044,26.38888888888889,2.1269457863660763,
227,36.983360171765966,2.8918411164787976,5.24020397208803,7.64224369296833,3.69699409554482,14.949006977992486,0.13419216317767044,26.341921631776703,2.120236178207193,
228,37.144390767579175,2.8784219001610305,5.24020397208803,7.608695652173913,3.69699409554482,14.935587761674718,0.08722490606548577,26.288244766505635,2.120236178207193,
229,37.4597423510467,2.85829307568438,5.233494363929147,7.555018786902845,3.656736446591519,14.895330112721417,0.08722490606548577,26.133923778851315,2.120236178207193,
230,37.7012882447665,2.8515834675254963,5.226784755770263,7.548309178743962,3.656736446591519,14.781266774020397,0.08722490606548577,26.02657004830918,2.120236178207193,
231,37.936124530327426,2.8247450348899625,5.22007514761138,7.514761137949543,3.656736446591519,14.707461084272678,0.08722490606548577,25.93263553408481,2.120236178207193,
232,38.33199141170156,2.8247450348899625,5.213365539452496,7.454374664519592,3.643317230273752,14.606816961889425,0.08722490606548577,25.717928073000536,2.120236178207193,
233,38.54669887278583,2.7777777777777777,5.213365539452496,7.447665056360709,3.643317230273752,14.506172839506172,0.08722490606548577,25.670960815888353,2.1068169618894257,
234,38.747987117552334,2.7777777777777777,5.213365539452496,7.39398819108964,3.629898013955985,14.439076757917338,0.08722490606548577,25.617283950617285,2.0933977455716586,
235,38.99624261943102,2.7777777777777777,5.179817498658078,7.367149758454106,3.629898013955985,14.398819108964037,0.08722490606548577,25.47638217928073,2.086688137412775,
236,39.14385399892646,2.7643585614600106,5.166398282340311,7.226247987117552,3.743961352657005,14.358561460010735,0.08722490606548577,25.42270531400966,2.086688137412775,
237,39.371980676328505,2.7509393451422435,5.152979066022544,7.185990338164252,3.743961352657005,14.2914653784219,0.08722490606548577,25.348899624261943,2.0665593129361244,
238,39.55314009661836,2.7509393451422435,5.12614063338701,7.132313472893183,3.730542136339238,14.257917337627482,0.08722490606548577,25.295222758990874,2.0665593129361244,
239,39.378690284487384,2.7509393451422435,4.938271604938271,6.293612453032743,3.656736446591519,15.653515834675256,0.08722490606548577,25.194578636607623,2.046430488459474,
240,39.42565754159957,2.7509393451422435,4.85775630703167,6.293612453032743,3.784219001610306,15.640096618357488,0.08722490606548577,25.11406333870102,2.046430488459474,
