,45,50,55,52,51,53,54,56,58,59,60,57,61
0,96.8666129898014,3.1333870101986045,,,,,,,,,,,
1,96.75254965110038,3.2474503488996245,,,,,,,,,,,
2,92.76704240472357,7.232957595276436,,,,,,,,,,,
3,69.10896403650027,30.743424584004295,0.14761137949543746,,,,,,,,,,
4,67.4718196457327,31.642512077294686,0.8588298443370908,0.026838432635534086,,,,,,,,,
5,67.512077294686,31.57541599570585,0.8856682769726248,0.026838432635534086,,,,,,,,,
6,64.41894793344069,10.426731078904991,0.026838432635534086,0.026838432635534086,15.331454643048845,9.769189479334408,,,,,,,
7,62.90257648953301,11.41304347826087,0.026838432635534086,0.026838432635534086,13.419216317767042,9.728931830381105,2.3752012882447664,0.10735373054213634,,,,,
8,61.68142780461621,12.667740203972087,2.1269457863660763,0.026838432635534086,11.285560923242082,9.728931830381105,2.3752012882447664,0.10735373054213634,,,,,
9,61.41304347826087,12.882447665056361,2.1269457863660763,2.100107353730542,11.312399355877616,7.6623725174449815,2.3752012882447664,0.10735373054213634,0.020128824476650563,,,,
10,60.48040794417606,12.889157273215245,2.0799785292538915,4.522275899087493,9.75577026301664,7.6623725174449815,2.3752012882447664,0.10735373054213634,0.1274825550187869,,,,
11,60.20531400966183,13.22463768115942,2.046430488459474,3.9184111647879765,9.749060654857756,8.205850778314547,2.3752012882447664,0.10735373054213634,0.1274825550187869,0.040257648953301126,,,
12,53.495705850778315,19.994632313472895,2.046430488459474,3.294417606011809,8.501073537305421,10.084541062801932,2.3752012882447664,0.10735373054213634,0.06038647342995169,0.040257648953301126,,,
13,42.58588298443371,29.260601180891037,2.0665593129361244,4.274020397208803,9.91009125067096,9.252549651100376,2.442297369833602,0.10735373054213634,0.06038647342995169,0.040257648953301126,,,
14,42.52549651100376,29.106280193236714,2.0933977455716586,4.247181964573269,10.178475577026301,9.225711218464841,2.4154589371980677,0.10735373054213634,0.06038647342995169,0.040257648953301126,,,
15,42.270531400966185,28.904991948470208,2.0933977455716586,4.233762748255502,10.648148148148149,9.225711218464841,2.4154589371980677,0.10735373054213634,0.06038647342995169,0.040257648953301126,,,
16,41.968599033816425,28.187063875469672,2.0933977455716586,5.253623188405797,10.648148148148149,9.145195920558239,2.4154589371980677,0.10735373054213634,0.14090177133655393,0.040257648953301126,,,
17,38.62721417069243,25.684380032206118,2.0128824476650564,5.246913580246914,16.404991948470208,9.219001610305957,2.4154589371980677,0.10735373054213634,0.14090177133655393,0.040257648953301126,0.10064412238325282,,
18,38.747987117552334,25.335480407944175,2.033011272141707,5.246913580246914,16.53918411164788,9.25925925925926,2.4154589371980677,0.14090177133655393,0.14090177133655393,0.040257648953301126,0.10064412238325282,,
19,37.78851315083199,24.731615673644658,0.2683843263553409,4.4753086419753085,24.84567901234568,4.87788513150832,2.898550724637681,0.026838432635534086,0.08722490606548577,,,,
20,37.76167471819646,23.557434245840042,0.28180354267310787,5.797101449275362,24.758454106280194,4.851046698872786,2.844873859366613,0.06038647342995169,0.08722490606548577,,,,
21,37.63419216317767,23.564143853998928,0.5501878690284487,5.615942028985507,21.692163177670423,5.360976918947934,5.401234567901234,0.0939345142243693,0.08722490606548577,,,,
22,35.98362855609233,26.42914653784219,0.5568974771873323,5.615942028985507,21.215780998389693,5.018786902844874,5.025496511003757,0.06709608158883522,0.08722490606548577,,,,
23,20.947396672034355,43.592324208266234,0.5099302200751477,3.844605475040258,20.42404723564144,4.441760601180891,6.119162640901771,0.03354804079441761,0.08722490606548577,,,,
24,21.095008051529792,43.565485775630705,0.5099302200751477,3.844605475040258,20.343531937734838,4.441760601180891,6.078904991948471,0.03354804079441761,0.08722490606548577,,,,
25,20.538110574342458,41.7337627482555,0.5099302200751477,3.8177670424047236,19.16935050993022,7.5348899624261945,6.0654857756307035,0.5434782608695652,0.08722490606548577,,,,
26,19.659151905528716,34.5679012345679,0.644122383252818,3.8177670424047236,27.059849704777243,7.809983896940419,5.756843800322061,0.5971551261406334,0.08722490606548577,,,,
27,19.685990338164252,34.594739667203434,0.6575415995705851,3.7909286097691894,27.033011272141707,7.749597423510467,5.756843800322061,0.5971551261406334,0.10735373054213634,0.026838432635534086,,,
28,19.726247987117553,34.48067632850242,0.6575415995705851,5.340848094471283,25.53676865271068,7.722758990874933,5.756843800322061,0.5971551261406334,0.15432098765432098,0.026838432635534086,,,
29,19.766505636070853,34.33977455716586,0.6575415995705851,5.3341384863123995,25.49651100375738,7.7361782071927,5.891035963499732,0.5770263016639828,0.15432098765432098,0.04696725711218465,,,
30,19.81347289318304,34.21900161030596,2.589908749329039,5.3341384863123995,24.362587224906065,7.803274288781535,5.146269457863661,0.47638217928073,0.15432098765432098,0.04696725711218465,,0.05367686527106817,
31,19.786634460547504,31.91760601180891,2.589908749329039,5.3341384863123995,23.832528180354267,9.789318303811058,6.005099302200751,0.48980139559849706,0.15432098765432098,0.04696725711218465,,0.05367686527106817,
32,10.567632850241546,48.980139559849704,2.589908749329039,4.87788513150832,16.955179817498657,9.648416532474503,5.689747718733226,0.43612453032742887,0.15432098765432098,0.04696725711218465,,0.05367686527106817,
33,10.587761674718196,44.545088566827694,3.3145464304884595,4.87788513150832,16.639828234031132,10.59447128287708,8.433977455716587,0.6910896403650026,0.2147074610842727,0.04696725711218465,,0.05367686527106817,
34,10.352925389157273,40.9621578099839,5.314009661835748,4.851046698872786,16.841116478797638,12.513419216317766,8.132045088566828,0.7179280730005367,0.2147074610842727,0.04696725711218465,,0.05367686527106817,
35,10.319377348362856,40.98899624261943,5.340848094471283,4.851046698872786,16.841116478797638,12.5,8.125335480407944,0.7179280730005367,0.2147074610842727,0.04696725711218465,,0.05367686527106817,
36,9.594739667203436,40.58641975308642,5.340848094471283,4.851046698872786,18.10252281266774,12.5,7.9039184111647875,0.7179280730005367,0.30193236714975846,0.04696725711218465,,0.05367686527106817,
37,9.118357487922705,39.65378421900161,5.475040257648954,7.179280730005368,17.08937198067633,12.47987117552335,7.883789586688137,0.7179280730005367,0.30193236714975846,0.04696725711218465,,0.05367686527106817,
38,9.178743961352657,39.46591519055287,4.300858829844337,7.179280730005368,17.07595276435856,12.392646269457863,9.198872785829307,0.7179280730005367,0.38915727321524424,0.04696725711218465,,0.05367686527106817,
39,8.635265700483092,38.66076221148685,4.300858829844337,7.152442297369833,18.451422436929683,12.365807836822329,9.185453569511541,0.7179280730005367,0.38915727321524424,0.04696725711218465,0.013419216317767043,0.08051529790660225,
40,8.61513687600644,38.378958668813745,4.636339237788513,7.112184648416532,18.156199677938808,12.52012882447665,9.172034353193773,0.8454106280193237,0.38915727321524424,0.04696725711218465,0.013419216317767043,0.11406333870101985,
41,8.876811594202898,38.22463768115942,4.736983360171766,6.991411701556629,18.12265163714439,12.473161567364466,9.212292002147075,0.8118625872249061,0.38915727321524424,0.04696725711218465,,0.11406333870101985,
42,8.93719806763285,37.936124530327426,4.817498658078368,6.991411701556629,18.08239398819109,12.412775093934513,9.198872785829307,1.0399892646269457,0.38915727321524424,0.04696725711218465,,0.14761137949543746,
43,8.99087493290392,37.03703703703704,4.74369296833065,8.521202361782072,19.887278582930758,10.144927536231885,9.198872785829307,0.9326355340848095,0.27509393451422437,0.04696725711218465,,0.2214170692431562,
44,9.05126140633387,36.97665056360709,4.770531400966184,8.494363929146537,19.887278582930758,9.997316156736447,9.198872785829307,0.9326355340848095,0.27509393451422437,0.04696725711218465,,0.36902844873859364,
45,8.3467525496511,39.130434782608695,6.407675791733762,7.769726247987117,18.00187869028449,9.460547504025765,9.037842190016104,1.221148684916801,0.27509393451422437,0.04696725711218465,,0.30193236714975846,
46,8.393719806763285,39.009661835748794,6.877348362855609,7.595276435856146,17.726784755770264,9.460547504025765,8.789586688137414,1.5230810520665594,0.27509393451422437,0.04696725711218465,,0.30193236714975846,
47,8.333333333333334,38.989533011272144,8.917069243156199,7.595276435856146,16.27750939345142,9.460547504025765,8.501073537305421,1.3352120236178207,0.27509393451422437,0.04696725711218465,,0.2683843263553409,
48,7.427536231884058,39.87520128824477,9.863123993558776,7.588566827697263,15.552871712292003,9.420289855072463,8.333333333333334,1.3217928073000538,0.30193236714975846,0.04696725711218465,,0.2683843263553409,
49,7.454374664519592,39.821524422973695,9.822866344605474,7.4208266237251745,15.519323671497585,9.39345142243693,8.440687063875469,1.3217928073000538,0.30193236714975846,0.04696725711218465,,0.4562533548040794,
50,7.541599570585078,39.68733225979603,8.863392377885132,7.37385936661299,15.049651100375739,11.332528180354267,8.36688137412775,0.9796027911969941,0.3488996242619431,0.040257648953301126,,0.41599570585077833,
51,6.763285024154589,35.950080515297905,8.896940418679549,13.425925925925926,14.023081052066559,10.681696188942565,8.561460010735374,0.9796027911969941,0.3153515834675255,0.040257648953301126,,0.36231884057971014,
52,6.608964036500268,35.057702630166396,8.849973161567364,15.022812667740205,13.627214170692431,10.654857756307031,8.494363929146537,0.9796027911969941,0.30193236714975846,0.040257648953301126,,0.36231884057971014,
53,6.615673644659152,35.057702630166396,8.776167471819646,14.680622651637144,13.627214170692431,11.010466988727858,8.460815888352121,0.9796027911969941,0.3757380568974772,0.040257648953301126,0.03354804079441761,0.3421900161030596,
54,6.595544820182502,34.064680622651636,7.608695652173913,17.183306494900698,13.627214170692431,11.43317230273752,7.675791733762749,1.0198604401502953,0.38915727321524424,0.040257648953301126,0.03354804079441761,0.32877079978529256,
55,6.649221685453569,34.03113258185722,7.467793880837359,17.183306494900698,13.627214170692431,11.43317230273752,7.6623725174449815,1.0198604401502953,0.38915727321524424,0.17444981213097155,0.03354804079441761,0.32877079978529256,
56,6.575415995705851,32.11218464841653,7.575147611379496,12.285292538915728,23.027375201288244,8.890230810520666,7.615405260332796,1.0198604401502953,0.5300590445517982,0.17444981213097155,0.03354804079441761,0.1610305958132045,
57,6.649221685453569,31.052066559312937,8.608427267847558,12.285292538915728,22.993827160493826,8.876811594202898,7.588566827697263,1.0198604401502953,0.5300590445517982,0.17444981213097155,0.06038647342995169,0.1610305958132045,
58,6.729736983360172,28.898282340311326,7.997852925389157,11.634460547504025,22.088030059044552,8.816425120772946,11.902844873859367,0.9796027911969941,0.5568974771873323,0.17444981213097155,0.06038647342995169,0.1610305958132045,
59,6.763285024154589,28.858024691358025,8.011272141706923,11.634460547504025,22.054482018250134,8.816425120772946,11.902844873859367,1.0064412238325282,0.5568974771873323,0.17444981213097155,0.06038647342995169,0.1610305958132045,
60,6.769994632313473,28.683574879227052,7.96430488459474,11.43317230273752,20.759527643585614,8.789586688137414,13.607085346215781,1.0064412238325282,0.5904455179817498,0.17444981213097155,0.06038647342995169,0.1610305958132045,
61,6.89747718733226,28.35480407944176,8.225979602791197,11.43317230273752,20.71256038647343,8.776167471819646,13.607085346215781,1.0064412238325282,0.5904455179817498,0.17444981213097155,0.06038647342995169,0.1610305958132045,
62,7.018250134192163,28.28099838969404,8.239398819108963,11.406333870101985,20.605206655931294,8.668813741277509,13.607085346215781,1.0802469135802468,0.6977992485238862,0.17444981213097155,0.06038647342995169,0.1610305958132045,
63,7.0450885668276975,26.482823403113258,10.312667740203972,11.406333870101985,20.571658615136876,8.641975308641975,13.33870101986044,1.107085346215781,0.6977992485238862,0.17444981213097155,0.06038647342995169,0.1610305958132045,
64,7.1658615136876005,26.46940418679549,10.285829307568438,11.406333870101985,20.417337627482556,8.61513687600644,13.311862587224907,1.2077294685990339,0.7246376811594203,0.17444981213097155,0.06038647342995169,0.1610305958132045,
65,7.25979602791197,26.422436929683307,10.272410091250672,11.406333870101985,20.38378958668814,8.61513687600644,13.311862587224907,1.2077294685990339,0.7246376811594203,0.17444981213097155,0.06038647342995169,0.1610305958132045,
66,7.273215244229737,26.44927536231884,10.299248523886206,11.399624261943103,20.343531937734838,8.61513687600644,13.264895330112722,1.2077294685990339,0.7246376811594203,0.17444981213097155,0.08722490606548577,0.1610305958132045,
67,7.360440150295223,26.187600644122384,10.520665593129362,11.366076221148685,20.33011272141707,8.59500805152979,13.264895330112722,1.2077294685990339,0.7447665056360708,0.17444981213097155,0.08722490606548577,0.1610305958132045,
68,6.884057971014493,25.999731615673646,11.439881910896403,11.211755233494364,21.021202361782073,8.13875469672571,12.97638217928073,1.133923778851315,0.7045088566827697,0.17444981213097155,0.08722490606548577,0.2281266774020397,
69,6.951154052603328,25.81857219538379,11.077563070316694,13.036768652710682,20.638754696725712,7.991143317230274,11.714975845410628,1.2748255501878691,0.6977992485238862,0.4562533548040794,0.08722490606548577,0.2549651100375738,
70,6.964573268921095,24.12104133118626,12.99651100375738,13.036768652710682,20.585077831454644,7.991143317230274,11.506977992485238,1.2748255501878691,0.7246376811594203,0.4562533548040794,0.08722490606548577,0.2549651100375738,
71,7.03166935050993,23.060923242082662,12.191358024691358,13.023349436392914,20.551529790660226,7.991143317230274,13.352120236178207,1.2748255501878691,0.7246376811594203,0.4562533548040794,0.08722490606548577,0.2549651100375738,
72,7.065217391304348,22.799248523886206,12.00348899624262,13.009930220075148,20.26972624798712,9.494095544820183,12.486580783682234,1.2010198604401503,0.7246376811594203,0.4562533548040794,0.12077294685990338,0.36902844873859364,
73,7.14573268921095,22.611379495437465,11.748523886205046,13.003220611916264,20.1959205582394,9.494095544820183,12.942834138486312,1.2010198604401503,0.7112184648416533,0.4562533548040794,0.12077294685990338,0.36902844873859364,
74,7.024959742351046,21.571390230810522,11.748523886205046,13.077026301663983,21.24261943102523,9.420289855072463,12.915995705850777,1.2010198604401503,0.7112184648416533,0.4562533548040794,0.12077294685990338,0.5099302200751477,
75,7.112184648416532,21.511003757380568,11.627750939345143,13.043478260869565,21.108427267847556,10.433440687063875,12.184648416532475,1.1741814278046163,0.6977992485238862,0.4562533548040794,0.12077294685990338,0.5300590445517982,
76,7.118894256575416,20.457595276435857,12.654320987654321,13.466183574879228,20.377079978529252,10.755501878690284,12.27187332259796,1.093666129898014,0.6977992485238862,0.4562533548040794,0.12077294685990338,0.5300590445517982,
77,7.03166935050993,19.79334406870639,11.889425657541599,13.238056897477188,20.343531937734838,11.023886205045626,13.781535158346752,1.1473429951690821,0.6977992485238862,0.4025764895330113,0.12077294685990338,0.5300590445517982,
78,7.058507783145465,19.524959742351047,12.124261943102523,13.385668276972625,20.25630703166935,10.93666129898014,13.768115942028986,1.1808910359634996,0.6977992485238862,0.4025764895330113,0.12077294685990338,0.5434782608695652,
79,7.011540526033279,19.47799248523886,11.822329575952764,15.60654857756307,18.780193236714975,10.72866344605475,13.191089640365004,1.42914653784219,0.5300590445517982,0.4025764895330113,0.12077294685990338,0.8990874932903918,
80,6.951154052603328,18.86070853462158,11.75523349436393,15.72061191626409,18.706387546967257,11.439881910896403,13.177670424047236,1.415727321524423,0.5300590445517982,0.39586688137412773,0.15432098765432098,0.8923778851315083,
81,7.011540526033279,18.592324208266238,11.419753086419753,15.640096618357488,18.686258722490606,12.184648416532475,13.070316693505099,1.3888888888888888,0.5300590445517982,0.39586688137412773,0.15432098765432098,0.9259259259259259,
82,7.0383789586688135,18.552066559312937,11.426462694578637,15.613258185721953,17.55233494363929,12.177938808373591,14.351851851851851,1.3419216317767042,0.5300590445517982,0.33548040794417605,0.15432098765432098,0.9259259259259259,
83,6.8035426731078905,18.833870101986044,11.077563070316694,15.365002683843263,17.06924315619968,12.124261943102523,15.385131508319914,1.3687600644122384,0.5300590445517982,0.36231884057971014,0.15432098765432098,0.9259259259259259,
84,6.642512077294686,18.297101449275363,10.802469135802468,15.311325818572195,16.109769189479334,14.190821256038648,15.398550724637682,1.2278582930756843,0.5837359098228664,0.36231884057971014,0.12077294685990338,0.95276435856146,
85,6.689479334406871,18.230005367686527,10.990338164251208,15.344873859366613,16.069511540526033,14.002952227589908,15.398550724637682,1.2278582930756843,0.6105743424584005,0.36231884057971014,0.12077294685990338,0.95276435856146,
86,6.662640901771336,18.095813204508858,10.607890499194847,16.6532474503489,18.14278046162104,11.211755233494364,15.385131508319914,1.093666129898014,0.5770263016639828,0.36231884057971014,0.12077294685990338,1.0869565217391304,
87,6.689479334406871,18.095813204508858,10.715244229736983,16.465378421900162,18.12265163714439,11.211755233494364,15.385131508319914,1.093666129898014,0.5770263016639828,0.36231884057971014,0.12077294685990338,1.1607622114868492,
88,6.723027375201288,18.04213633923779,10.802469135802468,16.404991948470208,18.055555555555557,11.09098228663446,15.666935050993022,1.0601180891035964,0.5770263016639828,0.24825550187869028,0.12077294685990338,1.2077294685990339,
89,6.78341384863124,17.914653784219002,10.929951690821255,16.35131508319914,18.035426731078903,11.077563070316694,15.666935050993022,1.0601180891035964,0.5770263016639828,0.24825550187869028,0.12077294685990338,1.2345679012345678,
90,6.910896403650026,17.847557702630166,10.889694041867955,16.324476650563607,17.961621041331185,11.077563070316694,15.666935050993022,1.1205045625335481,0.5770263016639828,0.24825550187869028,0.12077294685990338,1.2546967257112185,
91,7.004830917874396,17.807300053676865,10.889694041867955,16.304347826086957,17.94820182501342,11.064143853998926,15.660225442834138,1.1205045625335481,0.5770263016639828,0.24825550187869028,0.12077294685990338,1.2546967257112185,
92,6.763285024154589,16.7337627482555,11.084272678475577,15.526033279656469,20.779656468062264,10.393183038110575,15.331454643048845,1.1876006441223832,0.5770263016639828,0.24825550187869028,0.12077294685990338,1.2546967257112185,
93,6.709608158883521,16.57944176060118,11.137949543746645,15.4723564143854,20.75281803542673,10.299248523886206,15.660225442834138,1.1876006441223832,0.5837359098228664,0.24825550187869028,0.12077294685990338,1.247987117552335,
94,6.696188942565755,16.27079978529254,10.178475577026301,14.935587761674718,21.24932903918411,12.5402576489533,14.74771873322598,1.1406333870101986,0.5568974771873323,0.27509393451422437,0.1610305958132045,1.247987117552335,
95,6.723027375201288,16.243961352657006,10.453569511540525,14.935587761674718,20.98094471282877,12.506709608158884,14.720880300590446,1.2144390767579174,0.5501878690284487,0.27509393451422437,0.1610305958132045,1.2345679012345678,
96,6.541867954911433,17.58588298443371,10.373054213633925,16.089640365002683,20.148953301127214,12.466451959205582,13.150831991411701,1.3888888888888888,0.5501878690284487,0.30193236714975846,0.13419216317767044,1.2681159420289856,
97,5.515297906602254,15.962157809983896,8.870101986044014,8.427267847557703,36.47342995169082,10.742082662372518,11.66129898013956,0.8655394524959742,0.36231884057971014,0.20128824476650564,0.13419216317767044,0.785024154589372,
98,5.703166935050993,15.908480944712828,8.749329039184111,8.883521202361782,36.2788513150832,10.735373054213634,11.305689747718732,0.9728931830381106,0.3421900161030596,0.20128824476650564,0.13419216317767044,0.785024154589372,
99,5.924584004294149,15.874932903918411,9.044551798174986,8.829844337090714,35.96349973161568,10.735373054213634,11.191626409017713,0.9728931830381106,0.3421900161030596,0.18115942028985507,0.13419216317767044,0.8051529790660226,
100,5.9447128287707995,15.432098765432098,9.29951690821256,8.76274825550188,35.65485775630703,10.7085346215781,11.634460547504025,0.9728931830381106,0.36902844873859364,0.18115942028985507,0.13419216317767044,0.9057971014492754,
101,5.864197530864198,15.250939345142244,10.165056360708535,8.541331186258722,34.957058507783145,10.165056360708535,12.754965110037574,0.7581857219538379,0.3421900161030596,0.18115942028985507,0.13419216317767044,0.8856682769726248,
102,5.844068706387547,14.935587761674718,11.963231347289318,9.621578099838969,32.66237251744498,9.5276435856146,13.103864734299517,0.7514761137949544,0.36902844873859364,0.2147074610842727,0.13419216317767044,0.8722490606548577,
103,5.911164787976382,14.855072463768115,12.04374664519592,9.621578099838969,32.59527643585615,9.5276435856146,13.063607085346217,0.7514761137949544,0.36902844873859364,0.2549651100375738,0.13419216317767044,0.8722490606548577,
104,5.924584004294149,14.49946323134729,12.453032742887816,9.621578099838969,31.756575415995705,9.494095544820183,13.83521202361782,0.7514761137949544,0.4025764895330113,0.2549651100375738,0.13419216317767044,0.8722490606548577,
105,6.038647342995169,14.486044015029522,12.560386473429952,9.581320450885668,31.52173913043478,9.494095544820183,13.83521202361782,0.7783145464304885,0.4025764895330113,0.2549651100375738,0.13419216317767044,0.9125067096081588,
106,6.0654857756307035,14.325013419216317,12.110842726784755,9.567901234567902,31.159420289855074,9.494095544820183,14.794685990338165,0.7716049382716049,0.4025764895330113,0.2549651100375738,0.13419216317767044,0.9192163177670424,
107,6.085614600107354,14.31159420289855,11.533816425120772,9.54777241009125,28.26086956521739,9.373322597960279,18.54535695115405,0.7716049382716049,0.4025764895330113,0.2549651100375738,0.13419216317767044,0.7783145464304885,
108,6.0587761674718195,14.237788513150832,11.265432098765432,9.936929683306495,28.153515834675254,9.655126140633387,18.243424584004295,0.8856682769726248,0.4025764895330113,0.2549651100375738,0.1274825550187869,0.7783145464304885,
109,6.112453032742888,14.224369296833064,11.352657004830919,9.936929683306495,27.992485238862052,9.601449275362318,18.230005367686527,0.9930220075147611,0.4092860976918948,0.2549651100375738,0.1274825550187869,0.7648953301127214,
110,5.884326355340848,13.560118089103597,11.332528180354267,10.929951690821255,27.925389157273216,9.594739667203436,18.223295759527645,0.9930220075147611,0.4092860976918948,0.2549651100375738,0.1274825550187869,0.7648953301127214,
111,6.005099302200751,13.43263553408481,12.090713902308105,10.923242082662373,27.234299516908212,9.567901234567902,18.209876543209877,0.9796027911969941,0.4092860976918948,0.2549651100375738,0.1274825550187869,0.7648953301127214,
112,6.072195383789587,13.425925925925926,12.057165861513688,10.916532474503489,27.160493827160494,9.621578099838969,18.209876543209877,0.9796027911969941,0.4092860976918948,0.2549651100375738,0.1274825550187869,0.7648953301127214,
113,6.105743424584004,13.399087493290391,12.06387546967257,10.856146001073537,26.778046162104133,9.621578099838969,18.19645732689211,1.4224369296833066,0.4092860976918948,0.2549651100375738,0.1274825550187869,0.7648953301127214,
114,6.213097155126141,13.291733762748256,12.473161567364466,10.856146001073537,26.301663982823403,9.581320450885668,18.19645732689211,1.5297906602254427,0.4092860976918948,0.2549651100375738,0.1274825550187869,0.7648953301127214,
115,6.266774020397209,13.271604938271604,12.338969404186795,10.856146001073537,26.288244766505635,9.581320450885668,18.310520665593128,1.5297906602254427,0.4092860976918948,0.2549651100375738,0.1274825550187869,0.7648953301127214,
116,6.380837359098229,13.271604938271604,12.325550187869029,10.84272678475577,26.261406333870102,9.534353193773484,18.276972624798713,1.5297906602254427,0.4092860976918948,0.27509393451422437,0.1274825550187869,0.7648953301127214,
117,6.468062265163715,13.271604938271604,12.359098228663447,10.534084809447128,26.167471819645733,9.816156736446592,18.276972624798713,1.5297906602254427,0.4092860976918948,0.27509393451422437,0.1274825550187869,0.7648953301127214,
118,6.427804616210413,13.33870101986044,12.157809983896941,10.534084809447128,24.90606548577563,11.493558776167472,18.02871712292002,1.5029522275899088,0.4092860976918948,0.27509393451422437,0.1610305958132045,0.7648953301127214,
119,6.568706387546968,13.33870101986044,12.117552334943639,10.654857756307031,24.838969404186795,11.3593666129898,18.035426731078903,1.5029522275899088,0.4092860976918948,0.27509393451422437,0.1610305958132045,0.7380568974771873,
120,6.769994632313473,13.251476113794954,12.130971551261407,10.61460010735373,24.771873322597962,11.352657004830919,18.02200751476114,1.5029522275899088,0.4092860976918948,0.27509393451422437,0.1610305958132045,0.7380568974771873,
121,6.790123456790123,13.251476113794954,12.164519592055823,10.61460010735373,24.771873322597962,11.600912506709609,17.72007514761138,1.5029522275899088,0.4092860976918948,0.27509393451422437,0.1610305958132045,0.7380568974771873,
122,6.810252281266774,13.231347289318304,12.305421363392378,10.61460010735373,24.4699409554482,11.580783682232958,17.66639828234031,1.6639828234031133,0.4092860976918948,0.2952227589908749,0.1610305958132045,0.7917337627482555,
123,6.837090713902308,13.291733762748256,12.426194310252281,10.61460010735373,24.308910359634996,11.54723564143854,17.652979066022546,1.6639828234031133,0.4092860976918948,0.2952227589908749,0.1610305958132045,0.7917337627482555,
124,6.655931293612453,12.822061191626409,11.540526033279656,10.540794417606012,26.120504562533547,12.674449812130971,16.418411164787976,1.5432098765432098,0.4092860976918948,0.2952227589908749,0.1610305958132045,0.8185721953837896,
125,6.66935050993022,12.788513150831992,11.533816425120772,10.540794417606012,23.698336017176597,12.5402576489533,19.135802469135804,1.4224369296833066,0.4092860976918948,0.2952227589908749,0.1610305958132045,0.8051529790660226,
126,6.830381105743425,12.781803542673108,11.829039184111648,10.554213633923778,23.47691894793344,12.345679012345679,19.07541599570585,1.4224369296833066,0.4092860976918948,0.27509393451422437,0.1610305958132045,0.8387010198604401,
127,6.944444444444445,12.734836285560924,11.855877616747183,10.493827160493828,23.443370907139023,12.345679012345679,19.07541599570585,1.4224369296833066,0.4092860976918948,0.27509393451422437,0.1610305958132045,0.8387010198604401,
128,6.944444444444445,12.734836285560924,11.949812130971551,10.453569511540525,23.05421363392378,12.365807836822329,19.28341384863124,1.5297906602254427,0.4092860976918948,0.27509393451422437,0.1610305958132045,0.8387010198604401,
129,7.03166935050993,12.721417069243156,12.097423510466989,10.453569511540525,22.20209339774557,12.359098228663447,19.75979602791197,1.6774020397208802,0.4227053140096618,0.27509393451422437,0.1610305958132045,0.8387010198604401,
130,7.018250134192163,12.285292538915728,12.164519592055823,11.956521739130435,21.833064949006978,12.332259796027913,19.02173913043478,1.4962426194310252,0.4495437466451959,0.41599570585077833,0.1610305958132045,0.8655394524959742,
131,7.085346215780999,12.198067632850242,12.164519592055823,11.956521739130435,21.806226516371442,12.332259796027913,19.0955448201825,1.4694041867954912,0.4495437466451959,0.41599570585077833,0.1610305958132045,0.8655394524959742,
132,6.488191089640365,11.83574879227053,12.31213097155126,11.158078368223295,24.08749329039184,11.956521739130435,18.90096618357488,1.4694041867954912,0.4092860976918948,0.4025764895330113,0.1610305958132045,0.8185721953837896,
133,6.568706387546968,11.782071926999464,12.318840579710145,11.097691894793345,24.06736446591519,11.876006441223833,18.90096618357488,1.4694041867954912,0.47638217928073,0.4025764895330113,0.1610305958132045,0.8789586688137413,
134,6.622383252818035,11.782071926999464,12.298711755233494,11.077563070316694,24.04723564143854,11.855877616747183,18.92109500805153,1.4694041867954912,0.49651100375738055,0.4025764895330113,0.1610305958132045,0.8655394524959742,
135,6.367418142780462,11.231884057971014,11.969940955448202,13.419216317767042,24.644390767579175,11.79549114331723,17.310789049919485,1.4694041867954912,0.4227053140096618,0.4025764895330113,0.12077294685990338,0.8454106280193237,
136,6.461352657004831,11.218464841653248,11.77536231884058,13.399087493290391,23.51046698872786,13.251476113794954,17.10950080515298,1.482823403113258,0.4227053140096618,0.4025764895330113,0.12077294685990338,0.8454106280193237,
137,6.595544820182502,11.198336017176597,11.714975845410628,13.365539452495975,23.49704777241009,13.22463768115942,17.10950080515298,1.5029522275899088,0.4227053140096618,0.4025764895330113,0.12077294685990338,0.8454106280193237,
138,6.588835212023618,11.158078368223295,11.332528180354267,13.365539452495975,23.463499731615673,13.841921631776705,17.05582393988191,1.5029522275899088,0.32877079978529256,0.4025764895330113,0.12077294685990338,0.8387010198604401,
139,6.649221685453569,11.030595813204508,11.460010735373054,13.331991411701557,23.463499731615673,13.841921631776705,17.028985507246375,1.5029522275899088,0.32877079978529256,0.4025764895330113,0.12077294685990338,0.8387010198604401,
140,6.6827697262479875,11.030595813204508,11.426462694578637,13.331991411701557,23.403113258185723,13.841921631776705,17.028985507246375,1.5029522275899088,0.38915727321524424,0.4025764895330113,0.12077294685990338,0.8387010198604401,
141,6.810252281266774,10.923242082662373,11.426462694578637,12.95625335480408,23.329307568438004,13.828502415458937,17.465110037573805,1.5029522275899088,0.38915727321524424,0.4025764895330113,0.12077294685990338,0.8454106280193237,
142,6.89747718733226,10.923242082662373,11.33923778851315,12.614063338701019,23.047504025764894,14.197530864197532,17.465110037573805,1.6774020397208802,0.46967257112184646,0.4025764895330113,0.12077294685990338,0.8454106280193237,
143,6.951154052603328,10.916532474503489,11.647879763821793,12.600644122383253,22.75228126677402,14.17740203972088,17.45169082125604,1.6371443907675791,0.46967257112184646,0.4025764895330113,0.12077294685990338,0.8722490606548577,
144,7.0383789586688135,10.889694041867955,11.634460547504025,12.600644122383253,22.5979602791197,14.103596349973161,17.418142780461622,1.7914653784219001,0.5032206119162641,0.4025764895330113,0.12077294685990338,0.8990874932903918,
145,7.065217391304348,10.554213633923778,11.20504562533548,12.580515297906603,22.014224369296834,14.090177133655395,18.800322061191626,1.7646269457863661,0.5032206119162641,0.4025764895330113,0.12077294685990338,0.8990874932903918,
146,7.139023081052066,10.520665593129362,11.191626409017713,12.580515297906603,22.014224369296834,13.989533011272142,18.746645195920557,1.8786902844873858,0.5434782608695652,0.3757380568974772,0.12077294685990338,0.8990874932903918,
147,7.058507783145465,10.520665593129362,11.064143853998926,13.39237788513151,21.752549651100377,13.808373590982287,18.69296833064949,1.7713365539452497,0.5434782608695652,0.3757380568974772,0.12077294685990338,0.8990874932903918,
148,7.139023081052066,10.520665593129362,11.05072463768116,13.378958668813741,21.71900161030596,13.774825550187868,18.592324208266238,1.7713365539452497,0.6508319914117016,0.36902844873859364,0.13419216317767044,0.8990874932903918,
149,7.14573268921095,10.21202361782072,11.506977992485238,13.378958668813741,21.672034353193773,13.687600644122384,18.54535695115405,1.7713365539452497,0.630703166935051,0.41599570585077833,0.13419216317767044,0.8990874932903918,
150,7.212828770799785,10.138217928073,11.600912506709609,13.365539452495975,21.64519592055824,13.654052603327965,18.50509930220075,1.7981749865807837,0.630703166935051,0.41599570585077833,0.1274825550187869,0.9057971014492754,
151,7.018250134192163,10.520665593129362,11.66129898013956,13.345410628019323,21.43719806763285,13.607085346215781,18.471551261406333,1.7981749865807837,0.6508319914117016,0.41599570585077833,0.1274825550187869,0.9460547504025765,
152,7.1658615136876005,10.413311862587225,11.668008588298443,13.271604938271604,21.423778851315085,13.486312399355878,18.4849704777241,1.8585614600107354,0.7380568974771873,0.41599570585077833,0.1274825550187869,0.9460547504025765,
153,7.347020933977456,9.977187332259795,11.842458400429415,12.902576489533011,22.04777241009125,13.459473966720344,18.391035963499732,1.8250134192163177,0.7380568974771873,0.41599570585077833,0.1274825550187869,0.9259259259259259,
154,7.521470746108427,9.977187332259795,11.654589371980677,13.734567901234568,22.007514761137948,13.39237788513151,17.693236714975846,1.778046162104133,0.7380568974771873,0.41599570585077833,0.1274825550187869,0.9594739667203436,
155,7.568438003220612,9.883252818035427,11.728395061728396,13.734567901234568,21.980676328502415,13.39237788513151,17.693236714975846,1.778046162104133,0.7380568974771873,0.41599570585077833,0.1274825550187869,0.9594739667203436,
156,7.5281803542673105,9.849704777241008,11.688137412775093,13.734567901234568,20.42404723564144,15.123456790123457,17.538915727321523,1.778046162104133,0.7380568974771873,0.48980139559849706,0.14761137949543746,0.9594739667203436,
157,7.555018786902845,9.842995169082126,11.594202898550725,12.929414922168545,22.20209339774557,14.928878153515834,16.854535695115406,1.6774020397208802,0.6575415995705851,0.48980139559849706,0.14761137949543746,1.1205045625335481,
158,7.581857219538379,9.842995169082126,11.594202898550725,12.929414922168545,22.20209339774557,14.895330112721417,16.82769726247987,1.6774020397208802,0.6910896403650026,0.48980139559849706,0.14761137949543746,1.1205045625335481,
159,7.628824476650563,9.829575952764358,11.54723564143854,13.137412775093935,22.16183574879227,14.855072463768115,16.626409017713364,1.6774020397208802,0.6910896403650026,0.48980139559849706,0.14761137949543746,1.2077294685990339,
160,7.669082125603865,9.829575952764358,11.54723564143854,12.909286097691895,22.16183574879227,14.814814814814815,16.854535695115406,1.6774020397208802,0.6910896403650026,0.48980139559849706,0.14761137949543746,1.2077294685990339,
161,7.695920558239399,9.829575952764358,11.634460547504025,12.815351583467525,22.041062801932366,13.915727321524423,17.860976918947934,1.6908212560386473,0.6709608158883521,0.48980139559849706,0.14761137949543746,1.2077294685990339,
162,7.648953301127214,9.71551261406334,11.896135265700483,12.526838432635534,21.752549651100377,14.123725174449811,18.02200751476114,1.778046162104133,0.6642512077294686,0.48980139559849706,0.14761137949543746,1.2345679012345678,
163,7.75630703166935,9.66183574879227,11.782071926999464,12.828770799785293,21.557971014492754,14.083467525496511,17.98845947396672,1.7713365539452497,0.6642512077294686,0.5233494363929146,0.14761137949543746,1.2345679012345678,
164,7.7831454643048845,9.64170692431562,11.81561996779388,12.781803542673108,21.511003757380568,14.070048309178745,17.921363392377884,1.7981749865807837,0.7716049382716049,0.5233494363929146,0.11406333870101985,1.2681159420289856,
165,7.427536231884058,10.23215244229737,12.245034889962426,12.68786902844874,21.470746108427267,13.573537305421363,17.867686527106816,1.7847557702630166,0.7716049382716049,0.5233494363929146,0.11406333870101985,1.3016639828234031,
166,7.447665056360709,10.178475577026301,12.29200214707461,12.68786902844874,21.464036500268385,13.539989264626946,17.847557702630166,1.8183038110574343,0.7716049382716049,0.5233494363929146,0.11406333870101985,1.3150831991411702,
167,7.568438003220612,10.178475577026301,12.379227053140097,12.654320987654321,21.336553945249598,13.526570048309178,17.814009661835748,1.8183038110574343,0.7716049382716049,0.5233494363929146,0.11406333870101985,1.3150831991411702,
168,6.937734836285561,11.77536231884058,12.379227053140097,14.123725174449811,19.91411701556629,13.197799248523886,17.270531400966185,1.8250134192163177,0.798443370907139,0.43612453032742887,0.11406333870101985,1.2278582930756843,
169,6.977992485238862,11.761943102522812,12.164519592055823,14.016371443907676,19.860440150295222,13.197799248523886,17.257112184648417,2.1068169618894257,0.8319914117015567,0.46967257112184646,0.11406333870101985,1.2278582930756843,0.013419216317767043
170,7.058507783145465,11.761943102522812,12.171229200214707,13.996242619431026,19.826892109500804,13.197799248523886,17.223564143854,2.1068169618894257,0.8319914117015567,0.46967257112184646,0.11406333870101985,1.2278582930756843,0.013419216317767043
171,7.206119162640902,11.674718196457327,12.285292538915728,13.875469672571121,19.773215244229736,13.050187869028449,17.223564143854,2.1068169618894257,0.9796027911969941,0.46967257112184646,0.11406333870101985,1.2278582930756843,0.013419216317767043
172,7.1725711218464845,11.674718196457327,11.735104669887278,13.808373590982287,19.55179817498658,14.31159420289855,16.820987654320987,2.13365539452496,0.9796027911969941,0.46967257112184646,0.11406333870101985,1.2144390767579174,0.013419216317767043
173,7.226247987117552,11.674718196457327,11.77536231884058,14.331723027375201,19.504830917874397,13.741277509393452,16.800858829844337,2.1068169618894257,0.9796027911969941,0.5166398282340311,0.11406333870101985,1.2144390767579174,0.013419216317767043
174,7.4006977992485234,11.674718196457327,11.654589371980677,14.264626945786366,19.464573268921097,13.801663982823403,16.71363392377885,2.0933977455716586,1.0131508319914118,0.5166398282340311,0.11406333870101985,1.2748255501878691,0.013419216317767043
175,7.447665056360709,11.668008588298443,11.647879763821793,14.143853998926463,19.444444444444443,13.734567901234568,16.847826086956523,2.1068169618894257,1.0399892646269457,0.5166398282340311,0.11406333870101985,1.2748255501878691,0.013419216317767043
176,7.514761137949543,10.601180891035963,11.647879763821793,14.130434782608695,19.444444444444443,14.74771873322598,16.814278046162105,2.1068169618894257,1.0399892646269457,0.5501878690284487,0.11406333870101985,1.2748255501878691,0.013419216317767043
177,7.5348899624261945,10.547504025764896,11.486849168008588,13.83521202361782,20.135534084809446,14.694041867954912,16.63311862587225,2.1403650026838434,1.0399892646269457,0.5501878690284487,0.11406333870101985,1.2748255501878691,0.013419216317767043
178,7.716049382716049,10.540794417606012,11.681427804616211,13.7211486849168,19.85373054213634,14.600107353730541,16.74718196457327,2.147074610842727,1.0399892646269457,0.5501878690284487,0.11406333870101985,1.2748255501878691,0.013419216317767043
179,7.7831454643048845,10.540794417606012,11.748523886205046,13.580246913580247,19.82018250134192,14.479334406870638,16.67337627482555,2.2342995169082127,1.1876006441223832,0.5501878690284487,0.11406333870101985,1.2748255501878691,0.013419216317767043
180,7.85024154589372,10.520665593129362,11.768652710681696,13.580246913580247,19.79334406870639,14.445786366076222,16.666666666666668,2.2342995169082127,1.1876006441223832,0.5501878690284487,0.11406333870101985,1.2748255501878691,0.013419216317767043
181,7.9106280193236715,10.520665593129362,11.896135265700483,13.573537305421363,19.155931293612454,14.40552871712292,17.19001610305958,2.2074610842726785,1.1876006441223832,0.5501878690284487,0.11406333870101985,1.2748255501878691,0.013419216317767043
182,7.944176060118089,10.48040794417606,11.889425657541599,13.466183574879228,19.155931293612454,14.38539989264627,17.16988727858293,2.3550724637681157,1.1876006441223832,0.5501878690284487,0.11406333870101985,1.288244766505636,0.013419216317767043
