,45,50,55,52,53,54,57,51,56,58,59,60,61,46,47,63
0,79.09286097691894,20.42404723564144,0.4830917874396135,,,,,,,,,,,,,
1,78.2944176060118,20.323403113258184,1.3486312399355878,0.03354804079441761,,,,,,,,,,,,
2,76.96591519055288,19.87385936661299,1.415727321524423,0.03354804079441761,1.710950080515298,,,,,,,,,,,
3,75.07380568974772,21.76596886741814,1.415727321524423,0.03354804079441761,1.710950080515298,,,,,,,,,,,
4,74.86580783682233,11.58749329039184,0.24825550187869028,12.647611379495437,0.6508319914117016,,,,,,,,,,,
5,68.94122383252818,17.505367686527105,0.2616747181964573,12.640901771336553,0.6508319914117016,,,,,,,,,,,
6,62.82877079978529,23.557434245840042,0.2885131508319914,12.560386473429952,0.6508319914117016,0.026838432635534086,0.08722490606548577,,,,,,,,,
7,62.546967257112186,22.75228126677402,0.2885131508319914,12.560386473429952,0.6508319914117016,1.093666129898014,0.08722490606548577,0.020128824476650563,,,,,,,,
8,60.93666129898014,22.490606548577563,0.322061191626409,11.735104669887278,0.36902844873859364,1.7981749865807837,0.08722490606548577,2.2611379495437465,,,,,,,,
9,60.560923242082666,22.128287707997853,0.33548040794417605,12.25174449812131,0.4025764895330113,1.8384326355340848,0.10735373054213634,2.3752012882447664,,,,,,,,
10,60.50053676865271,21.67874396135266,0.3488996242619431,12.057165861513688,2.26784755770263,1.2681159420289856,0.07380568974771873,1.8048845947396672,,,,,,,,
11,60.46698872785829,21.692163177670423,0.3488996242619431,11.553945249597424,2.26784755770263,1.2546967257112185,0.5032206119162641,1.8048845947396672,0.10735373054213634,,,,,,,
12,60.11808910359635,22.054482018250134,0.3488996242619431,11.540526033279656,2.26784755770263,1.2546967257112185,0.5166398282340311,1.7914653784219001,0.10735373054213634,,,,,,,
13,59.54777241009125,22.584541062801932,0.36902844873859364,11.540526033279656,2.24771873322598,1.2546967257112185,0.5434782608695652,1.7847557702630166,0.10735373054213634,0.020128824476650563,,,,,,
14,59.42028985507246,22.571121846484164,0.4830917874396135,11.52710681696189,2.24771873322598,1.2546967257112185,0.5837359098228664,1.7310789049919484,0.1610305958132045,0.020128824476650563,,,,,,
15,59.15190552871712,22.819377348362856,0.46967257112184646,11.486849168008588,2.2342995169082127,1.2815351583467525,0.644122383252818,1.7310789049919484,0.1610305958132045,0.020128824476650563,,,,,,
16,58.78958668813741,23.067632850241544,0.5367686527106817,11.486849168008588,2.2342995169082127,1.2815351583467525,0.644122383252818,1.778046162104133,0.1610305958132045,0.020128824476650563,,,,,,
17,57.17257112184648,23.503757380568974,0.5501878690284487,11.480139559849706,2.227589908749329,1.2546967257112185,0.644122383252818,2.9388083735909825,0.17444981213097155,0.020128824476650563,0.03354804079441761,,,,,
18,57.085346215781,23.59098228663446,0.5636070853462157,11.426462694578637,2.227589908749329,1.2546967257112185,0.6843800322061192,2.9253891572732154,0.1878690284487386,0.020128824476650563,0.03354804079441761,,,,,
19,55.44820182501342,24.322329575952764,1.3419216317767042,11.171497584541063,2.3550724637681157,1.2546967257112185,0.6843800322061192,3.193773483628556,0.17444981213097155,0.020128824476650563,0.03354804079441761,,,,,
20,49.86580783682233,28.30112721417069,1.3754696725711217,10.755501878690284,2.3550724637681157,1.221148684916801,0.6843800322061192,5.038915727321524,0.2952227589908749,0.020128824476650563,0.08722490606548577,,,,,
21,49.8792270531401,28.23403113258186,1.442565754159957,10.742082662372518,2.3550724637681157,1.221148684916801,0.6843800322061192,5.038915727321524,0.2952227589908749,0.020128824476650563,0.08722490606548577,,,,,
22,48.7788513150832,27.140365002683843,1.4224369296833066,10.648148148148149,2.3550724637681157,1.221148684916801,0.8051529790660226,7.226247987117552,0.2952227589908749,0.020128824476650563,0.08722490606548577,,,,,
23,48.56414385399893,27.059849704777243,1.4895330112721417,10.802469135802468,2.3215244229736984,1.221148684916801,0.8521202361782072,7.253086419753086,0.2952227589908749,0.05367686527106817,0.08722490606548577,,,,,
24,48.32259796027912,26.778046162104133,1.5230810520665594,10.715244229736983,2.1135265700483092,1.9524959742351047,0.9192163177670424,7.239667203435319,0.2952227589908749,0.05367686527106817,0.08722490606548577,,,,,
25,47.54428341384863,26.778046162104133,1.4962426194310252,12.084004294149223,2.147074610842727,1.9793344068706387,0.9192163177670424,6.615673644659152,0.2952227589908749,0.05367686527106817,0.08722490606548577,,,,,
26,47.43022007514761,26.78475577026302,1.596886741814278,12.077294685990339,2.147074610842727,1.9793344068706387,0.9259259259259259,6.575415995705851,0.32877079978529256,0.05367686527106817,0.10064412238325282,,,,,
27,47.36312399355877,26.684111647879764,1.6304347826086956,12.157809983896941,2.147074610842727,2.006172839506173,0.9728931830381106,6.5552871712292005,0.32877079978529256,0.05367686527106817,0.10064412238325282,,,,,
28,47.32286634460547,26.724369296833064,1.6505636070853462,12.124261943102523,2.147074610842727,2.006172839506173,0.9863123993558777,6.5552871712292005,0.32877079978529256,0.05367686527106817,0.10064412238325282,,,,,
29,46.18894256575416,27.583199141170155,1.6304347826086956,12.399355877616747,2.147074610842727,2.006172839506173,0.9863123993558777,6.575415995705851,0.32877079978529256,0.05367686527106817,0.10064412238325282,,,,,
30,46.03462157809984,27.657004830917874,1.6841116478797638,12.426194310252281,2.147074610842727,2.006172839506173,0.9863123993558777,6.561996779388084,0.3421900161030596,0.05367686527106817,0.10064412238325282,,,,,
31,42.72007514761138,31.0252281266774,1.724369296833065,12.399355877616747,2.147074610842727,1.9793344068706387,0.9997316156736447,6.508319914117015,0.3421900161030596,0.05367686527106817,0.10064412238325282,,,,,
32,42.659688674181425,30.971551261406333,1.7579173376274826,12.25174449812131,2.1806226516371443,2.0128824476650564,1.1473429951690821,6.521739130434782,0.3421900161030596,0.05367686527106817,0.10064412238325282,,,,,
33,41.156736446591516,30.005367686527105,2.2342995169082127,12.25174449812131,2.1806226516371443,2.0128824476650564,1.1473429951690821,8.514492753623188,0.3421900161030596,0.05367686527106817,0.10064412238325282,,,,,
34,41.06280193236715,29.978529253891573,2.328234031132582,12.245034889962426,2.1739130434782608,1.9994632313472893,1.1473429951690821,8.514492753623188,0.3421900161030596,0.0939345142243693,0.10064412238325282,0.013419216317767043,,,,
35,40.935319377348364,30.04562533548041,2.368491680085883,11.949812130971551,2.0531400966183573,2.006172839506173,1.1674718196457328,8.514492753623188,0.6239935587761675,0.2214170692431562,0.10064412238325282,0.013419216317767043,,,,
36,39.59339774557166,31.313741277509394,2.4020397208803006,11.949812130971551,2.0531400966183573,2.006172839506173,1.1674718196457328,8.53462157809984,0.6239935587761675,0.2214170692431562,0.10064412238325282,0.03354804079441761,,,,
37,39.23778851315083,31.447933440687063,2.368491680085883,12.02361782071927,2.033011272141707,2.006172839506173,1.1876006441223832,8.662104133118627,0.6239935587761675,0.24154589371980675,0.10064412238325282,0.06709608158883522,,,,
38,38.097155126140635,32.54159957058508,2.4355877616747184,11.990069779924852,1.9659151905528718,1.9927536231884058,1.3016639828234031,8.641975308641975,0.6239935587761675,0.2281266774020397,0.10064412238325282,0.08051529790660225,,,,
39,37.533548040794415,29.64975845410628,2.3215244229736984,14.264626945786366,1.9659151905528718,1.9927536231884058,1.3955984970477724,9.842995169082126,0.6239935587761675,0.2281266774020397,0.10064412238325282,0.08051529790660225,,,,
40,37.02361782071927,30.09259259259259,2.3886205045625335,14.251207729468598,1.9457863660762211,2.073268921095008,1.3821792807300053,9.789318303811058,0.6239935587761675,0.24825550187869028,0.10064412238325282,0.08051529790660225,,,,
41,35.82259796027912,31.07890499194847,2.395330112721417,14.056629092860977,1.9457863660762211,2.0665593129361244,1.3821792807300053,10.198604401502953,0.6239935587761675,0.24825550187869028,0.10064412238325282,0.08051529790660225,,,,
42,35.621309715512616,31.00509930220075,2.4355877616747184,13.774825550187868,2.462426194310252,2.0665593129361244,1.3888888888888888,10.225442834138486,0.5770263016639828,0.24825550187869028,0.10064412238325282,0.0939345142243693,,,,
43,32.23966720343532,34.10493827160494,2.462426194310252,13.761406333870102,2.703972088030059,2.0933977455716586,1.3754696725711217,10.238862050456254,0.5770263016639828,0.24825550187869028,0.10064412238325282,0.0939345142243693,,,,
44,32.19269994632314,33.883521202361784,2.5026838432635534,14.002952227589908,2.677133655394525,2.0933977455716586,1.3955984970477724,10.198604401502953,0.6038647342995169,0.2549651100375738,0.10064412238325282,0.0939345142243693,,,,
45,31.99141170155663,33.62855609232421,2.5161030595813205,15.083199141170155,2.5563607085346214,2.0933977455716586,1.4694041867954912,9.581320450885668,0.6038647342995169,0.28180354267310787,0.10064412238325282,0.0939345142243693,,,,
46,31.890767579173378,32.85024154589372,2.6167471819645733,14.861782071927,2.5563607085346214,2.1269457863660763,1.5096618357487923,10.507246376811594,0.6038647342995169,0.28180354267310787,0.10064412238325282,0.0939345142243693,,,,
47,31.696188942565755,32.23295759527644,2.6301663982823404,14.861782071927,3.3548040794417604,2.1269457863660763,1.5096618357487923,10.507246376811594,0.6038647342995169,0.28180354267310787,0.10064412238325282,0.0939345142243693,,,,
48,31.105743424584006,31.21309715512614,2.6502952227589907,14.814814814814815,3.3480944712828773,2.3081052066559313,1.4962426194310252,11.943102522812667,0.644122383252818,0.28180354267310787,0.10064412238325282,0.0939345142243693,,,,
49,30.864197530864196,30.07246376811594,2.6167471819645733,14.351851851851851,3.2675791733762747,4.575952764358561,1.402308105206656,11.58749329039184,0.7045088566827697,0.36231884057971014,0.10064412238325282,0.0939345142243693,,,,
50,26.496242619431026,36.43317230273752,2.61003757380569,13.647342995169081,3.1736446591519054,4.4753086419753085,1.4492753623188406,10.473698336017177,0.6977992485238862,0.3488996242619431,0.10064412238325282,0.0939345142243693,,,,
51,26.44927536231884,36.42646269457864,2.6435856146001075,13.687600644122384,3.1736446591519054,4.4753086419753085,1.4492753623188406,10.453569511540525,0.6977992485238862,0.3488996242619431,0.10064412238325282,0.0939345142243693,,,,
52,26.40901771336554,36.24530327428878,2.831454643048846,13.66076221148685,3.140096618357488,4.49543746645196,1.4761137949543746,10.44015029522276,0.6977992485238862,0.39586688137412773,0.11406333870101985,0.0939345142243693,,,,
53,26.301663982823403,36.151368760064415,2.985775630703167,13.66076221148685,3.240740740740741,4.51556629092861,1.4761137949543746,10.34621578099839,0.7179280730005367,0.39586688137412773,0.11406333870101985,0.0939345142243693,,,,
54,26.247987117552334,35.98362855609233,2.9388083735909825,13.647342995169081,3.488996242619431,4.51556629092861,1.5499194847020934,10.178475577026301,0.8454106280193237,0.39586688137412773,0.11406333870101985,0.0939345142243693,,,,
55,26.20101986044015,35.929951690821255,2.9924852388620504,13.687600644122384,3.488996242619431,4.51556629092861,1.583467525496511,10.151637144390767,0.8454106280193237,0.39586688137412773,0.11406333870101985,0.0939345142243693,,,,
56,26.02657004830918,35.869565217391305,3.2474503488996245,13.647342995169081,3.475577026301664,4.508856682769726,1.6505636070853462,10.077831454643048,0.8588298443370908,0.39586688137412773,0.14761137949543746,0.0939345142243693,,,,
57,25.462962962962962,36.26543209876543,3.556092324208266,13.620504562533547,3.4420289855072466,4.609500805152979,1.6774020397208802,9.86983360171766,0.8588298443370908,0.39586688137412773,0.14761137949543746,0.0939345142243693,,,,
58,25.261674718196456,34.72222222222222,5.991680085882985,13.157541599570585,3.3682232957595275,4.602791196994096,1.5432098765432098,9.75577026301664,0.9930220075147611,0.36231884057971014,0.14761137949543746,0.0939345142243693,,,,
59,25.234836285560924,34.715512614063336,5.978260869565218,13.177670424047236,3.3682232957595275,4.616210413311863,1.5432098765432098,9.769189479334408,0.9930220075147611,0.36231884057971014,0.14761137949543746,0.0939345142243693,,,,
60,25.181159420289855,34.574610842726784,5.857487922705314,13.177670424047236,3.851315083199141,4.616210413311863,1.5096618357487923,9.634997316156737,0.9728931830381106,0.36231884057971014,0.14761137949543746,0.0939345142243693,0.020128824476650563,,,
61,25.05367686527107,34.56119162640902,5.931293612453032,13.130703166935051,3.8848631239935587,4.616210413311863,1.5499194847020934,9.675254965110037,0.9728931830381106,0.36231884057971014,0.14761137949543746,0.0939345142243693,0.020128824476650563,,,
62,25.05367686527107,34.27938808373591,5.911164787976382,13.043478260869565,3.938539989264627,4.938271604938271,1.5767579173376274,9.668545356951155,0.95276435856146,0.36231884057971014,0.1610305958132045,0.0939345142243693,0.020128824476650563,,,
63,25.046967257112186,34.01771336553945,6.132581857219538,12.895866881374127,3.92512077294686,4.938271604938271,1.6170155662909287,9.668545356951155,1.1205045625335481,0.36231884057971014,0.1610305958132045,0.0939345142243693,0.020128824476650563,,,
64,25.046967257112186,33.9170692431562,6.206387546967257,12.889157273215245,3.92512077294686,4.918142780461621,1.6237251744498122,9.71551261406334,1.1205045625335481,0.36231884057971014,0.1610305958132045,0.0939345142243693,0.020128824476650563,,,
65,24.932903918411164,34.03113258185722,6.159420289855072,12.835480407944177,3.9519592055823938,4.918142780461621,1.6237251744498122,9.561191626409018,1.3016639828234031,0.4092860976918948,0.1610305958132045,0.0939345142243693,0.020128824476650563,,,
66,24.859098228663445,32.76301663982824,6.018518518518518,14.284755770263017,3.9989264626945786,4.958400429414922,1.6237251744498122,9.520933977455716,1.3016639828234031,0.4092860976918948,0.1610305958132045,0.08051529790660225,0.020128824476650563,,,
67,24.84567901234568,32.058507783145465,5.891035963499732,15.056360708534621,4.045893719806763,5.018786902844874,1.6438539989264627,9.46725711218465,1.3016639828234031,0.4092860976918948,0.1610305958132045,0.08051529790660225,0.020128824476650563,,,
68,24.838969404186795,31.99812130971551,5.924584004294149,15.01610305958132,4.045893719806763,5.045625335480408,1.6438539989264627,9.500805152979066,1.2748255501878691,0.4495437466451959,0.1610305958132045,0.08051529790660225,0.020128824476650563,,,
69,24.22168545356951,30.589103596349972,6.072195383789587,15.042941492216855,3.9989264626945786,5.045625335480408,1.6438539989264627,11.419753086419753,1.2546967257112185,0.4495437466451959,0.1610305958132045,0.08051529790660225,0.020128824476650563,,,
70,22.61808910359635,32.118894256575416,6.1929683306494905,14.855072463768115,3.9989264626945786,5.059044551798175,1.8317230273752012,11.33923778851315,1.2681159420289856,0.4495437466451959,0.16774020397208803,0.08051529790660225,0.020128824476650563,,,
71,22.383252818035427,32.17928073000537,6.394256575415996,14.828234031132581,3.9989264626945786,5.059044551798175,1.8853998926462694,11.285560923242082,1.2681159420289856,0.4495437466451959,0.16774020397208803,0.08051529790660225,0.020128824476650563,,,
72,22.29602791196994,31.508319914117017,6.454643048845948,15.734031132581856,4.045893719806763,5.052334943639291,1.7646269457863661,11.158078368223295,1.2681159420289856,0.4495437466451959,0.16774020397208803,0.08051529790660225,0.020128824476650563,,,
73,22.000805152979066,31.944444444444443,6.528448738593666,15.640096618357488,4.045893719806763,5.0993022007514766,1.8250134192163177,10.896403650026839,1.3016639828234031,0.4495437466451959,0.16774020397208803,0.08051529790660225,0.020128824476650563,,,
74,22.000805152979066,31.80354267310789,6.541867954911433,15.579710144927537,4.092860976918948,5.065754159957058,1.8853998926462694,10.889694041867955,1.3888888888888888,0.4227053140096618,0.2281266774020397,0.08051529790660225,0.020128824476650563,,,
75,22.000805152979066,31.769994632313473,6.5552871712292005,15.566290928609769,4.1129898013955986,5.065754159957058,1.865271068169619,10.869565217391305,1.4559849704777241,0.4092860976918948,0.2281266774020397,0.08051529790660225,0.020128824476650563,,,
76,21.91358024691358,31.61567364465915,6.6827697262479875,15.26435856146001,5.159688674181428,4.542404723564144,1.8183038110574343,10.809178743961352,1.4559849704777241,0.4227053140096618,0.2147074610842727,0.08051529790660225,0.020128824476650563,,,
77,21.880032206119164,31.333870101986044,6.984702093397746,15.271068169618895,5.226784755770263,4.508856682769726,1.8115942028985508,10.789049919484702,1.4559849704777241,0.4227053140096618,0.2147074610842727,0.08051529790660225,0.020128824476650563,,,
78,21.85319377348363,31.233225979602793,6.984702093397746,15.217391304347826,5.22007514761138,4.616210413311863,1.865271068169619,10.815888352120236,1.4559849704777241,0.4227053140096618,0.2147074610842727,0.08051529790660225,0.020128824476650563,,,
79,21.786097691894792,31.353998926462694,7.105475040257649,15.083199141170155,5.0993022007514766,4.74369296833065,1.8585614600107354,10.621309715512615,1.4559849704777241,0.5770263016639828,0.2147074610842727,0.08051529790660225,0.020128824476650563,,,
80,20.73268921095008,32.47450348899624,7.1725711218464845,15.083199141170155,5.0858829844337095,4.884594739667204,1.8585614600107354,10.339506172839506,1.4761137949543746,0.5770263016639828,0.2147074610842727,0.08051529790660225,0.020128824476650563,,,
81,20.71256038647343,31.756575415995705,7.353730542136339,13.687600644122384,4.985238862050457,4.87788513150832,1.7579173376274826,12.5,1.4895330112721417,0.5636070853462157,0.2147074610842727,0.08051529790660225,0.020128824476650563,,,
82,20.645464304884594,30.461621041331185,7.25979602791197,13.6406333870102,4.99194847020934,4.616210413311863,1.7981749865807837,14.13714439076758,1.556629092860977,0.5837359098228664,0.20799785292538917,0.08051529790660225,0.020128824476650563,,,
83,20.471014492753625,30.64278046162104,7.300053676865271,13.43263553408481,4.871175523349437,4.609500805152979,2.1068169618894257,14.090177133655395,1.596886741814278,0.5703166935050993,0.20799785292538917,0.08051529790660225,0.020128824476650563,,,
84,20.471014492753625,30.475040257648953,7.306763285024155,13.39237788513151,4.938271604938271,4.636339237788513,2.0665593129361244,14.002952227589908,1.8250134192163177,0.5703166935050993,0.2147074610842727,0.08051529790660225,0.020128824476650563,,,
85,20.46430488459474,29.911433172302736,7.212828770799785,12.359098228663447,4.938271604938271,4.696725711218465,1.9860440150295222,15.72061191626409,1.8250134192163177,0.5703166935050993,0.2147074610842727,0.08051529790660225,0.020128824476650563,,,
86,20.249597423510465,30.02549651100376,7.219538378958669,12.338969404186795,4.87788513150832,4.7168545356951155,1.9793344068706387,15.827965646806227,1.8250134192163177,0.6105743424584005,0.2281266774020397,0.08051529790660225,0.020128824476650563,,,
87,20.135534084809446,29.824208266237253,7.286634460547504,12.392646269457863,4.871175523349437,4.7168545356951155,1.9994632313472893,15.888352120236178,1.9457863660762211,0.6105743424584005,0.2281266774020397,0.08051529790660225,0.020128824476650563,,,
88,19.82018250134192,30.152979066022546,7.286634460547504,12.392646269457863,4.871175523349437,4.7168545356951155,1.9994632313472893,15.874932903918411,1.9457863660762211,0.6105743424584005,0.2281266774020397,0.08051529790660225,0.020128824476650563,,,
89,19.81347289318304,30.09259259259259,7.4006977992485234,12.392646269457863,4.797369833601718,4.757112184648417,1.9994632313472893,15.83467525496511,1.9659151905528718,0.6172839506172839,0.2281266774020397,0.08051529790660225,0.020128824476650563,,,
90,19.77992485238862,30.112721417069242,7.454374664519592,12.365807836822329,4.797369833601718,4.7168545356951155,2.0263016639828235,15.794417606011809,1.9659151905528718,0.6172839506172839,0.2683843263553409,0.08051529790660225,0.020128824476650563,,,
91,19.699409554482017,30.18652710681696,7.501341921631776,12.365807836822329,4.797369833601718,4.7168545356951155,2.0263016639828235,15.72061191626409,1.9994632313472893,0.6172839506172839,0.2683843263553409,0.08051529790660225,0.020128824476650563,,,
92,19.639023081052066,30.18652710681696,7.555018786902845,12.318840579710145,4.797369833601718,4.750402576489533,2.073268921095008,15.693773483628556,1.9994632313472893,0.6172839506172839,0.2683843263553409,0.08051529790660225,0.020128824476650563,,,
93,19.6256038647343,30.09259259259259,7.669082125603865,12.278582930756844,4.824208266237251,4.7638217928073,2.059849704777241,15.666935050993022,1.9994632313472893,0.6374127750939346,0.28180354267310787,0.08051529790660225,0.020128824476650563,,,
94,19.41760601180891,30.22007514761138,7.796564680622652,12.278582930756844,4.824208266237251,4.7638217928073,2.059849704777241,15.5126140633387,2.1068169618894257,0.6374127750939346,0.28180354267310787,0.08051529790660225,0.020128824476650563,,,
95,19.404186795491142,30.233494363929147,7.823403113258186,12.278582930756844,4.810789049919484,4.7638217928073,2.033011272141707,15.485775630703166,2.13365539452496,0.6374127750939346,0.28180354267310787,0.0939345142243693,0.020128824476650563,,,
96,19.33709071390231,30.273752012882447,7.823403113258186,12.27187332259796,4.810789049919484,4.830917874396135,2.033011272141707,15.458937198067632,2.1269457863660763,0.6374127750939346,0.28180354267310787,0.0939345142243693,0.020128824476650563,,,
97,18.169618894256576,32.15244229736983,7.843531937734836,11.876006441223833,4.1532474503489,4.736983360171766,2.0397208803005906,15.915190552871712,2.1068169618894257,0.6105743424584005,0.28180354267310787,0.0939345142243693,0.020128824476650563,,,
98,18.16290928609769,32.1658615136876,8.232689210950081,11.58749329039184,4.1532474503489,4.582662372517445,2.0397208803005906,15.915190552871712,2.1806226516371443,0.6105743424584005,0.2549651100375738,0.0939345142243693,0.020128824476650563,,,
99,17.351046698872786,32.75630703166935,8.28636607622115,11.493558776167472,4.0995705850778315,4.555823939881911,2.147074610842727,16.163446054750402,2.187332259796028,0.5904455179817498,0.2549651100375738,0.0939345142243693,0.020128824476650563,,,
100,17.330917874396135,32.6959205582394,8.36688137412775,11.493558776167472,4.092860976918948,4.542404723564144,2.147074610842727,15.921900161030596,2.462426194310252,0.5770263016639828,0.2549651100375738,0.0939345142243693,0.020128824476650563,,,
101,17.324208266237253,32.648953301127214,8.393719806763285,11.399624261943103,4.092860976918948,4.53569511540526,2.2208803005904456,15.874932903918411,2.563070316693505,0.5770263016639828,0.2549651100375738,0.0939345142243693,0.020128824476650563,,,
102,17.297369833601717,32.669082125603865,8.387010198604402,11.392914653784219,4.092860976918948,4.53569511540526,2.2208803005904456,15.827965646806227,2.623456790123457,0.5770263016639828,0.2549651100375738,0.10064412238325282,0.020128824476650563,,,
103,17.277241009125067,31.924315619967793,8.454106280193237,12.090713902308105,4.092860976918948,4.53569511540526,2.2208803005904456,15.794417606011809,2.657004830917874,0.5770263016639828,0.2549651100375738,0.10064412238325282,0.020128824476650563,,,
104,17.196725711218466,31.61567364465915,8.420558239398819,12.090713902308105,4.092860976918948,4.508856682769726,2.2208803005904456,16.17686527106817,2.7241009125067097,0.5770263016639828,0.2549651100375738,0.10064412238325282,0.020128824476650563,,,
105,17.20343531937735,31.46135265700483,8.3467525496511,12.198067632850242,4.045893719806763,4.582662372517445,2.24771873322598,16.129898013955984,2.757648953301127,0.6038647342995169,0.2885131508319914,0.11406333870101985,0.020128824476650563,,,
106,17.12962962962963,31.333870101986044,8.541331186258722,12.191358024691358,4.045893719806763,4.582662372517445,2.26784755770263,16.09634997316157,2.757648953301127,0.6038647342995169,0.2885131508319914,0.14090177133655393,0.020128824476650563,,,
107,17.102791196994094,30.897745571658614,8.541331186258722,12.177938808373591,4.045893719806763,4.643048845947397,2.24771873322598,16.532474503488995,2.757648953301127,0.6038647342995169,0.2885131508319914,0.14090177133655393,0.020128824476650563,,,
108,14.345142243692969,37.94283413848631,8.192431561996779,11.896135265700483,4.045893719806763,4.53569511540526,2.26784755770263,13.083735909822867,2.657004830917874,0.5837359098228664,0.2885131508319914,0.14090177133655393,0.020128824476650563,,,
109,13.734567901234568,38.37224906065486,8.239398819108963,11.876006441223833,3.9318303811057436,4.64975845410628,2.24771873322598,13.150831991411701,2.690552871712292,0.6575415995705851,0.2885131508319914,0.14090177133655393,0.020128824476650563,,,
110,13.553408480944713,36.983360171765966,7.836822329575953,11.714975845410628,4.898013955984971,4.62962962962963,2.2342995169082127,14.42565754159957,2.5496511003757383,0.6910896403650026,0.322061191626409,0.14090177133655393,0.020128824476650563,,,
111,13.41250670960816,36.33252818035427,7.87037037037037,11.614331723027375,4.911433172302737,4.8443370907139025,2.1403650026838434,15.08990874932904,2.576489533011272,0.6910896403650026,0.322061191626409,0.17444981213097155,0.020128824476650563,,,
112,8.561460010735374,59.084809447128286,3.140096618357488,6.810252281266774,2.368491680085883,3.7238325281803544,1.4761137949543746,12.164519592055823,1.8585614600107354,0.47638217928073,0.2549651100375738,0.06038647342995169,0.020128824476650563,,,
113,8.55475040257649,58.44739667203435,3.7775093934514223,6.857219538378959,2.3752012882447664,3.717122920021471,1.4761137949543746,12.117552334943639,1.892109500805153,0.47638217928073,0.2281266774020397,0.06038647342995169,0.020128824476650563,,,
114,8.568169618894256,57.991143317230275,4.2203435319377345,6.830381105743425,2.3752012882447664,3.743961352657005,1.5029522275899088,12.117552334943639,1.865271068169619,0.47638217928073,0.2281266774020397,0.06038647342995169,0.020128824476650563,,,
115,8.407139023081053,54.5625335480408,6.5485775630703165,6.810252281266774,4.468599033816425,3.6500268384326353,1.5096618357487923,11.54723564143854,1.710950080515298,0.47638217928073,0.2281266774020397,0.06038647342995169,0.020128824476650563,,,
116,8.3064949006978,54.46188942565754,6.689479334406871,6.716317767042405,4.643048845947397,3.6500268384326353,1.5163714439076759,11.500268384326356,1.7310789049919484,0.47638217928073,0.2281266774020397,0.06038647342995169,0.020128824476650563,,,
117,8.3064949006978,52.99919484702093,6.038647342995169,6.716317767042405,6.9310252281266775,3.643317230273752,1.5163714439076759,11.238593666129898,1.751207729468599,0.5367686527106817,0.24154589371980675,0.06038647342995169,0.020128824476650563,,,
118,8.32662372517445,52.764358561460014,6.172839506172839,6.749865807836822,7.0450885668276975,3.643317230273752,1.5163714439076759,11.20504562533548,1.7176596886741815,0.5367686527106817,0.24154589371980675,0.06038647342995169,0.020128824476650563,,,
119,8.313204508856682,52.36849168008588,6.253354804079442,6.736446591519055,7.071926999463232,3.9318303811057436,1.5432098765432098,11.20504562533548,1.7176596886741815,0.5367686527106817,0.24154589371980675,0.06038647342995169,0.020128824476650563,,,
120,8.32662372517445,52.234299516908216,6.347289318303811,6.756575415995706,7.071926999463232,3.9318303811057436,1.5432098765432098,11.171497584541063,1.751207729468599,0.5434782608695652,0.24154589371980675,0.06038647342995169,0.020128824476650563,,,
121,8.333333333333334,52.11352657004831,6.468062265163715,6.756575415995706,7.071926999463232,3.9452495974235107,1.5432098765432098,11.124530327428879,1.7646269457863661,0.5434782608695652,0.2549651100375738,0.06038647342995169,0.020128824476650563,,,
122,8.3467525496511,51.99946323134729,6.541867954911433,6.6760601180891035,7.071926999463232,3.9720880300590444,1.6103059581320451,11.137949543746645,1.7646269457863661,0.5434782608695652,0.2549651100375738,0.06038647342995169,0.020128824476650563,,,
123,8.32662372517445,51.81830381105743,6.716317767042405,6.6760601180891035,7.078636607622115,3.9720880300590444,1.6103059581320451,11.057434245840042,1.865271068169619,0.5434782608695652,0.2549651100375738,0.06038647342995169,0.020128824476650563,,,
124,8.340042941492216,51.72436929683307,6.796833064949007,6.662640901771336,7.078636607622115,3.9720880300590444,1.6237251744498122,11.057434245840042,1.865271068169619,0.5434782608695652,0.2549651100375738,0.06038647342995169,0.020128824476650563,,,
125,8.353462157809984,51.610305958132045,6.843800322061192,6.642512077294686,7.078636607622115,3.9720880300590444,1.6505636070853462,11.064143853998926,1.90552871712292,0.5434782608695652,0.2549651100375738,0.06038647342995169,0.020128824476650563,,,
126,8.340042941492216,51.39559849704777,6.957863660762212,6.749865807836822,7.179280730005368,3.8580246913580245,1.710950080515298,11.003757380568974,1.90552871712292,0.5300590445517982,0.2885131508319914,0.06038647342995169,0.020128824476650563,,,
127,8.3467525496511,49.953032742887814,8.373590982286634,6.743156199677939,6.736446591519055,3.717122920021471,1.6103059581320451,11.98336017176597,1.8115942028985508,0.35560923242082665,0.2885131508319914,0.06038647342995169,0.020128824476650563,,,
128,8.36688137412775,47.92002147074611,10.38647342995169,6.743156199677939,6.736446591519055,3.717122920021471,1.6103059581320451,11.98336017176597,1.8115942028985508,0.35560923242082665,0.2885131508319914,0.06038647342995169,0.020128824476650563,,,
129,8.373590982286634,47.83279656468062,10.466988727858293,6.716317767042405,6.716317767042405,3.717122920021471,1.6371443907675791,11.98336017176597,1.8115942028985508,0.3757380568974772,0.2885131508319914,0.06038647342995169,0.020128824476650563,,,
130,8.373590982286634,47.83279656468062,10.50053676865271,6.608964036500268,6.689479334406871,3.717122920021471,1.7444981213097155,11.976650563607086,1.8115942028985508,0.3757380568974772,0.2885131508319914,0.06038647342995169,0.020128824476650563,,,
131,8.360171765968868,47.78582930756844,10.279119699409554,6.595544820182502,6.689479334406871,3.683574879227053,1.7579173376274826,11.990069779924852,1.9457863660762211,0.5032206119162641,0.2885131508319914,0.10064412238325282,0.020128824476650563,,,
132,8.333333333333334,47.698604401502955,10.21202361782072,6.588835212023618,6.696188942565755,3.750670960815888,1.8518518518518519,11.963231347289318,1.9659151905528718,0.5300590445517982,0.2885131508319914,0.10064412238325282,0.020128824476650563,,,
133,8.246108427267847,47.517444981213096,10.420021470746109,6.561996779388084,6.6827697262479875,3.750670960815888,1.8518518518518519,11.990069779924852,1.9659151905528718,0.5703166935050993,0.28180354267310787,0.14090177133655393,0.020128824476650563,,,
134,8.179012345679013,47.24235104669887,10.63472893183038,6.561996779388084,6.649221685453569,3.7775093934514223,1.8518518518518519,11.976650563607086,2.1135265700483092,0.5703166935050993,0.28180354267310787,0.14090177133655393,0.020128824476650563,,,
135,8.158883521202362,47.20880300590446,10.628019323671497,6.588835212023618,6.629092860976919,3.784219001610306,1.8518518518518519,11.976650563607086,2.1135265700483092,0.5837359098228664,0.2885131508319914,0.16774020397208803,0.020128824476650563,,,
136,8.125335480407944,45.6454643048846,11.963231347289318,6.615673644659152,6.602254428341385,3.7775093934514223,1.8518518518518519,12.04374664519592,2.1135265700483092,0.6105743424584005,0.3153515834675255,0.3153515834675255,0.020128824476650563,,,
137,8.125335480407944,45.53811057434246,12.04374664519592,6.608964036500268,6.541867954911433,3.81105743424584,1.8518518518518519,12.016908212560386,2.15378421900161,0.6575415995705851,0.3153515834675255,0.3153515834675255,0.020128824476650563,,,
138,8.145464304884594,45.38378958668814,12.06387546967257,6.588835212023618,6.541867954911433,3.8378958668813743,1.8853998926462694,11.996779388083736,2.2208803005904456,0.6843800322061192,0.3153515834675255,0.3153515834675255,0.020128824476650563,,,
139,8.13875469672571,44.99463231347289,11.922973698336017,6.588835212023618,6.884057971014493,3.8378958668813743,1.9122383252818036,11.996779388083736,2.2208803005904456,0.8252818035426731,0.3153515834675255,0.3421900161030596,0.020128824476650563,,,
140,8.132045088566828,44.65915190552872,12.211486849168008,6.588835212023618,6.884057971014493,3.8714439076757916,1.9189479334406871,11.963231347289318,2.26784755770263,0.8252818035426731,0.3153515834675255,0.3421900161030596,0.020128824476650563,,,
141,8.071658615136876,44.46457326892109,12.23161567364466,6.729736983360172,6.884057971014493,3.844605475040258,1.9189479334406871,11.90955448201825,2.3349436392914655,0.8521202361782072,0.3824476650563607,0.35560923242082665,0.020128824476650563,,,
142,8.071658615136876,44.216317767042405,11.90955448201825,6.642512077294686,6.454643048845948,4.012345679012346,1.9524959742351047,13.117283950617283,2.0933977455716586,0.7917337627482555,0.3824476650563607,0.35560923242082665,,,,
143,8.004562533548041,43.75335480407944,12.399355877616747,6.984702093397746,6.226516371443908,3.992216854535695,1.9256575415995705,13.063607085346217,2.1135265700483092,0.7716049382716049,0.4092860976918948,0.35560923242082665,,,,
144,7.997852925389157,43.53864734299517,12.607353730542137,6.984702093397746,6.226516371443908,3.9452495974235107,1.9256575415995705,13.030059044551798,2.1269457863660763,0.8722490606548577,0.3757380568974772,0.36902844873859364,,,,
145,7.991143317230274,43.29039184111648,12.929414922168545,7.018250134192163,6.125872249060655,3.9452495974235107,1.9256575415995705,12.969672571121846,2.0933977455716586,0.966183574879227,0.3757380568974772,0.36902844873859364,,,,
146,7.991143317230274,43.23000536768653,12.929414922168545,7.018250134192163,6.152710681696189,3.9855072463768115,1.9256575415995705,12.962962962962964,2.0933977455716586,0.966183574879227,0.3757380568974772,0.36902844873859364,,,,
147,7.917337627482555,43.12936124530327,12.942834138486312,6.964573268921095,6.1929683306494905,4.159957058507783,1.9256575415995705,12.99651100375738,2.059849704777241,0.9393451422436929,0.3757380568974772,0.39586688137412773,,,,
148,7.944176060118089,42.50536768652711,12.869028448738593,6.877348362855609,6.166129898013956,4.17337627482555,2.100107353730542,13.6808910359635,1.9592055823939882,0.9393451422436929,0.3757380568974772,0.4092860976918948,,,,
149,7.944176060118089,42.45169082125604,12.889157273215245,6.890767579173376,6.078904991948471,4.139828234031133,2.2410091250670963,13.654052603327965,1.9927536231884058,0.9326355340848095,0.3757380568974772,0.4092860976918948,,,,
150,7.883789586688137,41.99543746645196,12.775093934514224,6.850509930220075,4.9718196457326895,4.072732152442297,2.1269457863660763,15.640096618357488,2.1068169618894257,0.7917337627482555,0.3757380568974772,0.4092860976918948,,,,
151,7.380568974771873,41.12989801395599,12.842190016103059,8.07836822329576,4.985238862050457,4.066022544283414,2.1403650026838434,15.485775630703166,2.2745571658615136,0.798443370907139,0.3757380568974772,0.4428341384863124,,,,
152,7.387278582930757,40.90177133655394,13.050187869028449,8.064949006977992,5.065754159957058,4.012345679012346,2.1604938271604937,15.418679549114332,2.301395598497048,0.8185721953837896,0.3757380568974772,0.4428341384863124,,,,
153,7.407407407407407,40.87493290391841,13.063607085346217,8.064949006977992,5.032206119162641,4.26731078904992,2.120236178207193,15.150295222758992,2.4020397208803006,0.8185721953837896,0.38915727321524424,0.4092860976918948,,,,
154,7.286634460547504,39.91545893719807,12.869028448738593,8.064949006977992,5.059044551798175,5.60252281266774,2.059849704777241,15.116747181964573,2.408749329039184,0.8185721953837896,0.38915727321524424,0.4092860976918948,,,,
155,7.286634460547504,39.821524422973695,12.93612453032743,8.044820182501342,5.072463768115942,5.649490069779925,2.059849704777241,15.103327965646805,2.4490069779924855,0.8185721953837896,0.38915727321524424,0.36902844873859364,,,,
156,6.286902844873859,37.92270531400966,12.848899624261943,8.011272141706923,5.045625335480408,5.595813204508857,2.059849704777241,18.19645732689211,2.475845410628019,0.785024154589372,0.4025764895330113,0.36902844873859364,,,,
157,6.018518518518518,34.66183574879227,12.090713902308105,6.635802469135802,5.4549114331723025,5.488459473966721,1.9927536231884058,24.10762211486849,2.1940418679549114,0.5904455179817498,0.38915727321524424,0.3757380568974772,,,,
158,5.998389694041868,34.333064949006975,12.238325281803542,6.689479334406871,5.515297906602254,5.595813204508857,1.9793344068706387,24.094202898550726,2.200751476113795,0.5904455179817498,0.38915727321524424,0.3757380568974772,,,,
159,5.958132045088567,34.225711218464845,12.258454106280194,6.723027375201288,5.535426731078905,5.609232420826624,2.0263016639828235,24.06736446591519,2.2410091250670963,0.5904455179817498,0.38915727321524424,0.3757380568974772,,,,
160,5.971551261406334,34.10493827160494,12.406065485775631,6.723027375201288,5.535426731078905,5.5756843800322065,2.167203435319377,23.825818572195384,2.2745571658615136,0.6575415995705851,0.36231884057971014,0.3824476650563607,0.013419216317767043,,,
161,5.877616747181965,34.15190552871712,12.191358024691358,6.723027375201288,5.9447128287707995,5.5756843800322065,2.167203435319377,23.74530327428878,2.2611379495437465,0.6374127750939346,0.36231884057971014,0.3488996242619431,0.013419216317767043,,,
162,5.5689747718733225,34.64170692431562,12.218196457326892,6.776704240472356,6.582125603864735,5.414653784219001,2.167203435319377,22.973698336017176,2.314814814814815,0.644122383252818,0.36231884057971014,0.322061191626409,0.013419216317767043,,,
163,5.535426731078905,34.54106280193237,12.285292538915728,6.823671497584541,6.515029522275899,5.414653784219001,2.167203435319377,22.913311862587225,2.3483628556092326,0.7112184648416533,0.39586688137412773,0.33548040794417605,0.013419216317767043,,,
164,5.300590445517981,34.03113258185722,12.305421363392378,6.823671497584541,6.615673644659152,5.481749865807837,2.167203435319377,23.503757380568974,2.3483628556092326,0.6776704240472357,0.39586688137412773,0.33548040794417605,0.013419216317767043,,,
165,5.300590445517981,33.051529790660226,13.593666129898015,6.763285024154589,6.602254428341385,5.273752012882448,2.200751476113795,23.470209339774556,2.38191089640365,0.6172839506172839,0.39586688137412773,0.33548040794417605,0.013419216317767043,,,
166,5.347557702630167,32.75630703166935,13.848631239935587,6.763285024154589,6.642512077294686,5.320719269994632,2.167203435319377,23.423242082662373,2.38191089640365,0.5636070853462157,0.4294149221685454,0.3421900161030596,0.013419216317767043,,,
167,5.293880837359098,32.48792270531401,13.553408480944713,6.790123456790123,7.340311325818572,5.320719269994632,2.0799785292538915,23.382984433709073,2.4221685453569513,0.5501878690284487,0.39586688137412773,0.36902844873859364,0.013419216317767043,,,
168,5.314009661835748,32.47450348899624,13.493022007514762,6.843800322061192,7.333601717659689,5.3341384863123995,2.0799785292538915,23.376274825550187,2.408749329039184,0.5501878690284487,0.4092860976918948,0.36902844873859364,0.013419216317767043,,,
169,5.340848094471283,32.1658615136876,13.70101986044015,6.843800322061192,7.306763285024155,5.3341384863123995,2.0799785292538915,23.329307568438004,2.5295222758990876,0.5501878690284487,0.43612453032742887,0.36902844873859364,0.013419216317767043,,,
170,5.360976918947934,32.1658615136876,13.781535158346752,6.843800322061192,7.300053676865271,5.314009661835748,2.0799785292538915,23.22866344605475,2.5295222758990876,0.5568974771873323,0.4562533548040794,0.36902844873859364,0.013419216317767043,,,
