,45,50,53,51,52,54,55,56,57
0,98.64465915190553,1.3553408480944713,,,,,,,
1,96.06146001073537,3.938539989264627,,,,,,,
2,90.01610305958133,9.98389694041868,,,,,,,
3,89.72088030059045,10.279119699409554,,,,,,,
4,81.29361245303274,18.14278046162104,0.5636070853462157,,,,,,
5,78.89157273215244,18.5654857756307,0.5636070853462157,1.9793344068706387,,,,,
6,78.9922168545357,18.46484165324745,0.5636070853462157,1.9793344068706387,,,,,
7,59.25925925925926,29.958400429414922,0.5636070853462157,1.9457863660762211,8.272946859903382,,,,
8,51.72436929683307,37.493290391841114,0.5636070853462157,1.9457863660762211,8.272946859903382,,,,
9,51.11379495437466,35.72866344605475,2.831454643048846,1.9457863660762211,8.272946859903382,0.10735373054213634,,,
10,49.43639291465379,37.432903918411164,2.831454643048846,1.9457863660762211,8.246108427267847,0.10735373054213634,,,
11,45.98094471282877,34.614868491680085,2.8247450348899625,8.225979602791197,8.246108427267847,0.10735373054213634,,,
12,46.02120236178207,33.13204508856683,2.8247450348899625,8.225979602791197,7.434245840042942,0.10735373054213634,2.254428341384863,,
13,34.93022007514761,44.22302737520129,2.8247450348899625,8.225979602791197,7.4006977992485234,0.10735373054213634,2.2879763821792807,,
14,34.5679012345679,44.6256038647343,2.7844873859366612,8.225979602791197,7.4006977992485234,0.10735373054213634,2.2879763821792807,,
15,30.50187869028449,46.423778851315085,3.227321524422974,8.225979602791197,9.084809447128288,0.10735373054213634,2.428878153515835,,
16,30.079173376274827,42.51207729468599,2.690552871712292,10.124798711755233,13.036768652710682,1.1540526033279657,0.4025764895330113,,
17,23.66478797638218,35.258990874932906,2.690552871712292,20.9272678475577,16.035963499731615,1.0466988727858293,0.3757380568974772,,
18,21.70558239398819,34.21900161030596,4.233762748255502,25.11406333870102,13.305152979066023,1.0466988727858293,0.3757380568974772,,
19,21.07487922705314,32.75630703166935,4.233762748255502,26.78475577026302,13.211218464841654,1.0466988727858293,0.8923778851315083,,
20,21.195652173913043,32.71604938271605,4.206924315619967,26.78475577026302,13.157541599570585,1.0466988727858293,0.8923778851315083,,
21,19.07541599570585,36.70155662909286,4.206924315619967,26.37546967257112,11.614331723027375,0.9594739667203436,1.06682769726248,,
22,18.874127750939344,33.44739667203435,8.179012345679013,25.55018786902845,11.614331723027375,1.2681159420289856,1.06682769726248,,
23,18.9345142243693,33.40713902308105,8.179012345679013,25.5300590445518,11.614331723027375,1.2681159420289856,1.06682769726248,,
24,18.719806763285025,32.830112721417066,8.179012345679013,26.321792807300053,11.614331723027375,1.2681159420289856,1.06682769726248,,
25,19.32367149758454,31.850509930220074,6.816961889425658,26.308373590982285,13.365539452495975,1.2681159420289856,1.06682769726248,,
26,19.49812130971551,28.904991948470208,5.756843800322061,25.77831454643049,17.726784755770264,1.2681159420289856,1.06682769726248,,
27,12.191358024691358,38.34541062801932,5.756843800322061,24.342458400429415,17.028985507246375,1.2681159420289856,1.06682769726248,,
28,12.412775093934513,38.27160493827161,5.743424584004294,24.208266237251745,17.028985507246375,1.2681159420289856,1.06682769726248,,
29,9.802737520128824,36.090982286634464,3.656736446591519,32.76301663982824,15.351583467525497,1.2681159420289856,1.06682769726248,,
30,9.930220075147611,36.05743424584004,3.656736446591519,32.669082125603865,15.351583467525497,1.2681159420289856,1.06682769726248,,
31,9.03113258185722,34.19887278582931,5.897745571658615,32.64224369296833,15.291196994095545,1.8719806763285025,1.06682769726248,,
32,9.044551798174986,34.13177670424047,8.581588835212024,30.02549651100376,15.277777777777779,1.8719806763285025,1.06682769726248,,
33,9.118357487922705,34.11835748792271,9.078099838969404,29.998658078368223,14.821524422973699,1.8115942028985508,1.0534084809447128,,
34,9.178743961352657,34.064680622651636,9.078099838969404,29.998658078368223,14.814814814814815,1.8115942028985508,1.0534084809447128,,
35,9.118357487922705,31.89747718733226,8.923778851315083,31.280193236714975,16.478797638217927,1.247987117552335,1.0534084809447128,,
36,8.648684916800859,29.51556629092861,7.575147611379496,30.803811057434245,20.477724100912507,1.247987117552335,1.7310789049919484,,
37,8.870101986044014,29.428341384863124,7.575147611379496,30.756843800322063,20.081857219538378,1.247987117552335,1.7310789049919484,0.30864197530864196,
38,9.265968867418144,29.09957058507783,8.158883521202362,30.119431025228128,20.081857219538378,1.2345679012345678,1.7310789049919484,0.30864197530864196,
39,9.400161030595813,28.348094471282877,8.507783145464305,30.96484165324745,19.847020933977454,1.2345679012345678,1.3888888888888888,0.30864197530864196,
40,9.621578099838969,28.113258185721953,7.75630703166935,32.54159957058508,19.03515834675255,1.2345679012345678,1.3888888888888888,0.30864197530864196,
41,9.742351046698873,28.019323671497585,7.729468599033816,32.54159957058508,19.03515834675255,1.2345679012345678,1.3888888888888888,0.30864197530864196,
42,9.722222222222221,27.697262479871174,7.702630166398282,31.816961889425656,19.766505636070853,1.2345679012345678,1.751207729468599,0.30864197530864196,
43,9.796027911969942,27.677133655394524,7.702630166398282,31.816961889425656,19.592055823939884,1.2345679012345678,1.751207729468599,0.30864197530864196,0.12077294685990338
44,9.923510466988727,27.643585614600106,7.635534084809447,31.528448738593667,19.51825013419216,1.2345679012345678,2.0933977455716586,0.30193236714975846,0.12077294685990338
45,9.554482018250134,27.314814814814813,6.300322061191626,39.78797638217928,13.513150831991412,1.2144390767579174,2.0933977455716586,0.2214170692431562,
46,6.4412238325281805,41.02925389157273,7.326892109500805,26.34863123993559,15.666935050993022,1.1943102522812667,1.9390767579173376,0.05367686527106817,
47,6.521739130434782,40.995705850778315,7.326892109500805,26.34863123993559,15.619967793880837,1.1943102522812667,1.9390767579173376,0.05367686527106817,
48,6.528448738593666,38.35212023617821,7.326892109500805,25.986312399355878,15.619967793880837,3.126677402039721,3.0059044551798175,0.05367686527106817,
49,6.66935050993022,29.528985507246375,7.326892109500805,35.265700483091784,15.029522275899087,3.126677402039721,2.999194847020934,0.05367686527106817,
50,6.796833064949007,29.066022544283413,7.300053676865271,34.66854535695116,15.579710144927537,3.535963499731616,2.999194847020934,0.05367686527106817,
51,5.971551261406334,24.376006441223833,6.635802469135802,41.928341384863124,15.485775630703166,2.5496511003757383,2.999194847020934,0.05367686527106817,
52,6.078904991948471,24.16129898013956,6.635802469135802,40.66022544283414,15.465646806226516,2.5496511003757383,4.394793344068707,0.05367686527106817,
53,6.400966183574879,22.946859903381643,8.856682769726248,38.157541599570585,15.291196994095545,3.92512077294686,4.367954911433173,0.05367686527106817,
54,6.105743424584004,21.470746108427267,8.709071390230811,40.82796564680623,14.53972088030059,3.92512077294686,4.367954911433173,0.05367686527106817,
55,4.918142780461621,17.21014492753623,8.59500805152979,44.06870638754697,14.130434782608695,6.172839506172839,4.851046698872786,0.05367686527106817,
56,5.01207729468599,15.707192699946322,8.59500805152979,43.974771873322595,14.096886741814279,6.172839506172839,6.387546967257112,0.05367686527106817,
57,5.24020397208803,15.660225442834138,8.55475040257649,43.90096618357488,14.096886741814279,6.132581857219538,6.360708534621578,0.05367686527106817,
58,4.703435319377348,15.190552871712292,9.31964573268921,36.211755233494365,22.376543209876544,6.072195383789587,6.072195383789587,0.05367686527106817,
59,4.74369296833065,15.190552871712292,9.31964573268921,36.211755233494365,22.33628556092324,6.072195383789587,6.072195383789587,0.05367686527106817,
60,4.736983360171766,15.157004830917874,9.31964573268921,38.58024691358025,20.33011272141707,6.072195383789587,5.750134192163178,0.05367686527106817,
61,4.85775630703167,15.150295222758992,9.31964573268921,38.55340848094471,20.29656468062265,6.045356951154052,5.723295759527644,0.05367686527106817,
62,4.663177670424047,13.030059044551798,13.94927536231884,36.520397208803004,19.216317767042405,6.991411701556629,5.5756843800322065,0.05367686527106817,
63,4.7638217928073,12.989801395598498,13.94927536231884,36.460010735373054,19.216317767042405,6.991411701556629,5.5756843800322065,0.05367686527106817,
64,4.824208266237251,12.070585077831455,13.727858293075684,39.21765968867418,18.874127750939344,6.991411701556629,4.240472356414386,0.05367686527106817,
65,4.9651100375738055,11.258722490606548,11.721685453569512,41.02925389157273,18.719806763285025,8.011272141706923,4.240472356414386,0.05367686527106817,
66,5.186527106816962,11.171497584541063,11.782071926999464,40.92190016103059,18.65271068169619,8.011272141706923,4.2203435319377345,0.05367686527106817,
67,4.8376274825550185,9.178743961352657,11.768652710681696,41.44524959742351,18.63929146537842,9.447128287707997,4.62962962962963,0.05367686527106817,
68,4.233762748255502,8.709071390230811,11.634460547504025,41.40499194847021,21.041331186258724,8.61513687600644,4.30756843800322,0.05367686527106817,
69,5.0791733762748255,8.662104133118627,11.29898013955985,40.975577026301664,21.021202361782073,8.601717659688674,4.30756843800322,0.05367686527106817,
70,5.12614063338701,8.648684916800859,11.104401502952227,40.687063875469676,20.90713902308105,8.091787439613526,4.300858829844337,1.133923778851315,
71,3.851315083199141,7.702630166398282,8.709071390230811,47.89989264626946,17.371175523349436,8.57487922705314,5.367686527106817,0.5233494363929146,
72,3.9586688137412773,7.702630166398282,8.709071390230811,44.36392914653784,20.82662372517445,8.548040794417606,5.367686527106817,0.5233494363929146,
73,4.17337627482555,7.675791733762749,8.709071390230811,41.968599033816425,20.819914117015568,10.809178743961352,5.320719269994632,0.5233494363929146,
74,4.676596886741814,7.232957595276436,11.366076221148685,39.47933440687064,20.8064949006978,10.59447128287708,5.320719269994632,0.5233494363929146,
75,4.730273752012883,7.226247987117552,11.366076221148685,41.94176060118089,20.67230273752013,8.219269994632313,5.320719269994632,0.5233494363929146,
76,5.374396135265701,7.219538378958669,11.023886205045626,41.196994095544824,20.497852925389157,7.991143317230274,5.320719269994632,1.3754696725711217,
77,5.347557702630167,7.1658615136876005,10.990338164251208,41.196994095544824,20.497852925389157,8.105206655931294,5.320719269994632,1.3754696725711217,
78,5.508588298443371,6.763285024154589,16.914922168545356,37.97638217928073,19.692699946323135,6.447933440687064,5.320719269994632,1.3754696725711217,
79,5.5756843800322065,6.414385399892646,18.45813204508857,36.45330112721417,19.484702093397747,6.944444444444445,5.320719269994632,1.3486312399355878,
80,5.092592592592593,5.991680085882985,17.599302200751477,37.68786902844874,17.09608158883521,6.944444444444445,8.239398819108963,1.3486312399355878,
81,5.246913580246914,5.991680085882985,19.49812130971551,36.198336017176594,17.022275899087493,7.232957595276436,7.937466451959206,0.8722490606548577,
82,5.522007514761138,5.931293612453032,19.464573268921097,36.10440150295223,16.961889425657542,7.206119162640902,7.937466451959206,0.8722490606548577,
83,5.488459473966721,5.864197530864198,18.874127750939344,35.628019323671495,19.920826623725173,6.9243156199677935,6.749865807836822,0.5501878690284487,
84,5.501878690284487,5.864197530864198,19.008319914117017,34.25925925925926,19.826892109500804,8.239398819108963,6.749865807836822,0.5501878690284487,
85,5.615942028985507,5.837359098228664,19.00161030595813,34.17874396135266,19.826892109500804,8.239398819108963,6.749865807836822,0.5501878690284487,
86,5.8239398819108965,5.8172302737520125,18.61916264090177,33.95061728395062,20.249597423510465,8.239398819108963,6.749865807836822,0.5501878690284487,
87,5.971551261406334,5.810520665593129,18.263553408480945,36.66129898013956,17.907944176060116,8.21256038647343,6.622383252818035,0.5501878690284487,
88,5.703166935050993,5.783682232957595,18.21658615136876,35.487117552334944,19.53166935050993,8.105206655931294,6.622383252818035,0.5501878690284487,
89,5.938003220611916,5.676328502415459,17.45169082125604,35.21202361782072,20.77294685990338,7.809983896940419,6.588835212023618,0.5501878690284487,
90,6.078904991948471,5.555555555555555,17.438271604938272,34.54106280193237,20.471014492753625,8.776167471819646,6.588835212023618,0.5501878690284487,
91,6.246645195920558,5.555555555555555,17.411433172302736,34.52093397745572,20.46430488459474,8.662104133118627,6.588835212023618,0.5501878690284487,
92,6.226516371443908,5.159688674181428,16.700214707461082,33.272946859903385,22.69189479334407,8.641975308641975,6.810252281266774,0.49651100375738055,
93,6.501610305958132,5.159688674181428,15.76086956521739,32.890499194847024,23.738593666129898,8.641975308641975,6.810252281266774,0.49651100375738055,
94,6.66935050993022,5.12614063338701,15.727321524422974,32.890499194847024,23.67149758454106,8.608427267847558,6.810252281266774,0.49651100375738055,
95,6.8035426731078905,5.10601180891036,15.727321524422974,32.830112721417066,23.637949543746647,8.588298443370908,6.810252281266774,0.49651100375738055,
96,7.03166935050993,5.032206119162641,15.70048309178744,32.76301663982824,23.61111111111111,8.588298443370908,6.776704240472356,0.49651100375738055,
97,7.078636607622115,5.032206119162641,15.351583467525497,32.729468599033815,23.60440150295223,8.930488459473967,6.776704240472356,0.49651100375738055,
98,6.91760601180891,5.032206119162641,15.331454643048845,32.68250134192163,23.832528180354267,8.930488459473967,6.776704240472356,0.49651100375738055,
99,6.977992485238862,5.032206119162641,15.318035426731079,32.68250134192163,23.805689747718734,8.930488459473967,6.756575415995706,0.49651100375738055,
100,7.018250134192163,5.032206119162641,15.318035426731079,32.669082125603865,23.805689747718734,8.930488459473967,6.729736983360172,0.49651100375738055,
101,7.226247987117552,5.018786902844874,14.51959205582394,31.602254428341386,23.315888352120236,11.258722490606548,6.4412238325281805,0.6172839506172839,
102,7.37385936661299,4.985238862050457,14.479334406870638,31.5955448201825,23.289049919484704,11.218464841653248,6.4412238325281805,0.6172839506172839,
103,6.977992485238862,4.797369833601718,14.13714439076758,25.36231884057971,31.850509930220074,9.91009125067096,6.347289318303811,0.6172839506172839,
104,6.91760601180891,4.1129898013955986,12.929414922168545,25.328770799785293,34.272678475577024,9.608158883521202,6.213097155126141,0.6172839506172839,
105,6.749865807836822,4.079441760601181,12.52012882447665,27.502683843263554,33.06494900697799,9.594739667203436,5.870907139023081,0.6172839506172839,
106,6.729736983360172,4.079441760601181,12.72812667740204,27.455716586151368,32.95759527643585,9.574610842726784,5.857487922705314,0.6172839506172839,
107,6.904186795491143,4.079441760601181,12.681159420289855,27.079978529253893,32.8569511540526,9.534353193773484,6.246645195920558,0.6172839506172839,
108,7.159151905528717,4.072732152442297,12.419484702093397,26.92565754159957,32.830112721417066,9.39345142243693,6.582125603864735,0.6172839506172839,
109,7.2933440687063875,4.072732152442297,12.392646269457863,26.88539989264627,32.80327428878154,9.39345142243693,6.541867954911433,0.6172839506172839,
110,6.662640901771336,3.9586688137412773,11.90955448201825,34.09822866344606,29.49543746645196,9.178743961352657,4.079441760601181,0.6172839506172839,
111,6.608964036500268,3.8378958668813743,11.83574879227053,36.62775093934514,27.455716586151368,8.93719806763285,4.079441760601181,0.6172839506172839,
112,6.172839506172839,3.8378958668813743,10.789049919484702,40.82796564680623,25.228126677402038,9.205582393988191,3.556092324208266,0.3824476650563607,
113,6.367418142780462,3.8378958668813743,10.755501878690284,39.76784755770263,26.20101986044015,9.138486312399356,3.549382716049383,0.3824476650563607,
114,6.353998926462695,3.8378958668813743,10.755501878690284,41.5727321524423,24.40955448201825,9.138486312399356,3.549382716049383,0.3824476650563607,
115,6.541867954911433,3.8378958668813743,10.742082662372518,41.47208803005905,24.335748792270532,9.138486312399356,3.549382716049383,0.3824476650563607,
116,6.561996779388084,3.8043478260869565,10.352925389157273,40.774288781535155,24.315619967793882,10.527375201288244,3.280998389694042,0.3824476650563607,
117,6.743156199677939,3.8043478260869565,10.23215244229737,40.72061191626409,24.174718196457327,10.527375201288244,3.280998389694042,0.3824476650563607,0.13419216317767044
118,6.877348362855609,3.7909286097691894,10.218733225979603,40.61325818572195,24.174718196457327,10.527375201288244,3.280998389694042,0.3824476650563607,0.13419216317767044
119,6.964573268921095,3.7775093934514223,10.19189479334407,40.59983896940419,24.14117015566291,10.527375201288244,3.280998389694042,0.3824476650563607,0.13419216317767044
120,6.904186795491143,3.7775093934514223,9.614868491680086,40.54616210413312,25.107353730542137,10.258990874932904,3.2742887815351582,0.3824476650563607,0.13419216317767044
121,6.957863660762212,3.7775093934514223,9.614868491680086,40.163714439076756,24.892646269457863,10.238862050456254,3.8378958668813743,0.3824476650563607,0.13419216317767044
122,6.8035426731078905,3.569511540526033,8.896940418679549,40.13016639828234,25.91250670960816,10.238862050456254,3.8378958668813743,0.47638217928073,0.13419216317767044
123,6.629092860976919,3.569511540526033,8.890230810520666,37.533548040794415,28.844605475040257,10.238862050456254,3.683574879227053,0.47638217928073,0.13419216317767044
124,6.977992485238862,3.556092324208266,9.782608695652174,36.520397208803004,28.75738056897477,10.124798711755233,3.683574879227053,0.46296296296296297,0.13419216317767044
125,7.159151905528717,3.556092324208266,9.75577026301664,35.279119699409556,28.415190552871714,11.553945249597424,3.683574879227053,0.46296296296296297,0.13419216317767044
126,7.139023081052066,3.556092324208266,10.547504025764896,33.7157809983897,29.25389157273215,11.506977992485238,3.683574879227053,0.46296296296296297,0.13419216317767044
127,7.239667203435319,3.556092324208266,10.547504025764896,33.64868491680086,29.220343531937736,11.506977992485238,3.683574879227053,0.46296296296296297,0.13419216317767044
128,7.206119162640902,3.556092324208266,10.34621578099839,33.21256038647343,29.220343531937736,12.050456253354804,3.683574879227053,0.5904455179817498,0.13419216317767044
129,7.353730542136339,3.5426731078904994,10.279119699409554,33.16559312936125,29.21363392377885,12.037037037037036,3.683574879227053,0.5904455179817498,0.13419216317767044
130,7.514761137949543,3.5426731078904994,10.272410091250672,33.011272141706925,29.21363392377885,12.037037037037036,3.683574879227053,0.5904455179817498,0.13419216317767044
131,7.1658615136876005,3.5426731078904994,10.245571658615138,36.43317230273752,26.207729468599034,12.00348899624262,3.683574879227053,0.5837359098228664,0.13419216317767044
132,7.159151905528717,3.5426731078904994,10.23215244229737,35.789049919484704,26.88539989264627,12.00348899624262,3.683574879227053,0.5703166935050993,0.13419216317767044
133,7.5281803542673105,3.5292538915727323,9.970477724100913,35.78234031132582,26.8317230273752,11.969940955448202,3.683574879227053,0.5703166935050993,0.13419216317767044
134,7.353730542136339,3.5292538915727323,9.534353193773484,37.473161567364464,26.308373590982285,11.540526033279656,3.683574879227053,0.4428341384863124,0.13419216317767044
135,7.50805152979066,3.5292538915727323,9.46725711218465,37.42619431025228,26.281535158346752,11.52710681696189,3.683574879227053,0.4428341384863124,0.13419216317767044
136,7.729468599033816,3.4621578099838968,9.46725711218465,35.929951690821255,27.911969940955448,11.245303274288782,3.683574879227053,0.43612453032742887,0.13419216317767044
137,7.648953301127214,3.421900161030596,9.46725711218465,35.79575952764358,28.77079978529254,10.7085346215781,3.6768652710681695,0.3757380568974772,0.13419216317767044
138,7.729468599033816,3.421900161030596,9.46725711218465,35.72866344605475,28.75738056897477,10.7085346215781,3.6768652710681695,0.3757380568974772,0.13419216317767044
139,7.675791733762749,3.3950617283950617,8.836553945249598,35.67498658078368,29.97181964573269,10.352925389157273,3.5829307568438002,0.3757380568974772,0.13419216317767044
140,7.830112721417069,3.3950617283950617,8.836553945249598,35.59447128287708,29.898013955984972,10.352925389157273,3.5829307568438002,0.3757380568974772,0.13419216317767044
141,7.87037037037037,3.3950617283950617,8.829844337090714,35.560923242082666,29.898013955984972,10.352925389157273,3.5829307568438002,0.3757380568974772,0.13419216317767044
142,8.32662372517445,3.3816425120772946,8.816425120772946,35.560923242082666,29.61621041331186,10.312667740203972,3.475577026301664,0.3757380568974772,0.13419216317767044
143,8.729200214707461,3.3816425120772946,8.742619431025227,35.487117552334944,29.542404723564143,10.131508319914117,3.475577026301664,0.3757380568974772,0.13419216317767044
144,8.856682769726248,3.3816425120772946,8.742619431025227,35.487117552334944,29.414922168545356,10.131508319914117,3.475577026301664,0.3757380568974772,0.13419216317767044
145,8.977455716586151,3.374932903918411,8.695652173913043,33.843263553408484,29.334406870638755,10.131508319914117,3.475577026301664,2.033011272141707,0.13419216317767044
146,9.541062801932368,3.3480944712828773,8.675523349436393,33.59500805152979,29.146537842190018,10.104669887278583,3.435319377348363,2.01959205582394,0.13419216317767044
147,8.742619431025227,8.246108427267847,7.1725711218464845,31.810252281266774,28.529253891572733,9.916800858829845,3.4286097691894795,2.01959205582394,0.13419216317767044
148,8.870101986044014,8.246108427267847,7.14573268921095,31.729736983360173,28.509125067096083,9.916800858829845,3.4286097691894795,2.01959205582394,0.13419216317767044
149,7.937466451959206,7.39398819108964,5.917874396135265,30.48845947396672,33.943907675791735,9.480676328502415,2.771068169618894,1.932367149758454,0.13419216317767044
150,8.145464304884594,7.39398819108964,5.911164787976382,30.394524959742352,33.843263553408484,9.473966720343531,2.771068169618894,1.932367149758454,0.13419216317767044
151,8.225979602791197,7.39398819108964,5.911164787976382,30.367686527106816,33.843263553408484,9.453837895866881,2.737520128824477,1.932367149758454,0.13419216317767044
152,8.172302737520129,7.347020933977456,5.911164787976382,29.622920021470748,34.42699946323135,9.514224369296834,2.9388083735909825,1.932367149758454,0.13419216317767044
153,8.225979602791197,7.333601717659689,5.911164787976382,29.582662372517444,34.42699946323135,9.514224369296834,2.9388083735909825,1.932367149758454,0.13419216317767044
154,8.266237251744498,7.333601717659689,5.911164787976382,29.582662372517444,34.41358024691358,9.4873859366613,2.9388083735909825,1.932367149758454,0.13419216317767044
155,8.266237251744498,7.333601717659689,7.139023081052066,28.113258185721953,34.40016103059581,9.4873859366613,2.9388083735909825,2.187332259796028,0.13419216317767044
156,8.272946859903382,7.27992485238862,7.112184648416532,29.461889425657542,33.47423510466989,9.353193773483628,2.7241009125067097,2.187332259796028,0.13419216317767044
157,8.440687063875469,6.944444444444445,7.112184648416532,29.441760601180892,33.45410628019324,9.339774557165862,2.9723564143853998,2.1604938271604937,0.13419216317767044
158,7.092055823939882,6.608964036500268,5.320719269994632,40.365002683843265,31.447933440687063,4.64975845410628,2.073268921095008,2.1604938271604937,0.28180354267310787
159,6.3070316693505095,6.481481481481482,5.320719269994632,43.364197530864196,29.086151368760063,4.455179817498658,2.5429414922168547,2.1604938271604937,0.28180354267310787
160,6.488191089640365,6.481481481481482,5.320719269994632,43.27026301663983,29.012345679012345,4.455179817498658,2.5429414922168547,2.147074610842727,0.28180354267310787
161,6.723027375201288,6.454643048845948,5.320719269994632,43.19645732689211,28.945249597423512,4.455179817498658,2.475845410628019,2.147074610842727,0.28180354267310787
162,6.743156199677939,6.454643048845948,5.320719269994632,43.17632850241546,28.945249597423512,4.455179817498658,2.475845410628019,2.147074610842727,0.28180354267310787
163,6.91760601180891,6.454643048845948,5.320719269994632,42.88781535158347,28.904991948470208,4.455179817498658,2.475845410628019,2.301395598497048,0.28180354267310787
164,6.971282877079979,6.454643048845948,5.320719269994632,42.881105743424584,28.858024691358025,4.455179817498658,2.475845410628019,2.301395598497048,0.28180354267310787
165,7.118894256575416,4.9651100375738055,5.320719269994632,42.84755770263017,28.690284487385938,6.233225979602791,2.2410091250670963,2.301395598497048,0.28180354267310787
166,7.232957595276436,4.9651100375738055,5.24020397208803,42.82071926999463,28.690284487385938,6.226516371443908,2.2410091250670963,2.301395598497048,0.28180354267310787
167,7.300053676865271,4.9651100375738055,5.24020397208803,42.80730005367686,28.63660762211487,6.226516371443908,2.2410091250670963,2.301395598497048,0.28180354267310787
168,7.4208266237251745,4.938271604938271,5.24020397208803,42.74020397208803,28.247450348899623,6.199677938808374,2.2410091250670963,2.301395598497048,0.6709608158883521
169,7.494632313472893,4.938271604938271,5.2066559312936125,40.935319377348364,30.09259259259259,6.199677938808374,2.167203435319377,2.2946859903381642,0.6709608158883521
170,7.37385936661299,4.924852388620504,6.5552871712292005,40.143585614600106,29.180085882984432,6.199677938808374,2.475845410628019,2.475845410628019,0.6709608158883521
171,7.461084272678476,4.924852388620504,6.5485775630703165,39.92887815351583,29.166666666666668,6.199677938808374,2.475845410628019,2.623456790123457,0.6709608158883521
172,7.494632313472893,4.898013955984971,6.5485775630703165,39.92887815351583,29.166666666666668,6.199677938808374,2.475845410628019,2.6167471819645733,0.6709608158883521
173,7.548309178743962,4.898013955984971,6.5485775630703165,39.88862050456253,29.1532474503489,6.199677938808374,2.475845410628019,2.6167471819645733,0.6709608158883521
174,8.017981749865807,4.898013955984971,6.5485775630703165,39.821524422973695,28.77079978529254,6.199677938808374,2.4557165861513686,2.6167471819645733,0.6709608158883521
175,8.13875469672571,4.884594739667204,6.5485775630703165,39.76784755770263,28.71712292002147,6.199677938808374,2.4557165861513686,2.6167471819645733,0.6709608158883521
176,8.085077831454644,4.871175523349437,6.5485775630703165,38.79495437466452,28.609769189479334,6.1862587224906065,3.730542136339238,2.5026838432635534,0.6709608158883521
177,8.07836822329576,4.871175523349437,6.515029522275899,37.97638217928073,28.60305958132045,6.159420289855072,4.394793344068707,2.7308105206655933,0.6709608158883521
178,8.514492753623188,4.871175523349437,6.508319914117015,37.6207729468599,28.59634997316157,6.105743424584004,4.388083735909823,2.7241009125067097,0.6709608158883521
179,8.621846484165324,4.871175523349437,6.508319914117015,37.60735373054214,28.502415458937197,6.105743424584004,4.388083735909823,2.7241009125067097,0.6709608158883521
180,8.742619431025227,4.8443370907139025,6.508319914117015,37.533548040794415,28.482286634460547,6.105743424584004,4.388083735909823,2.7241009125067097,0.6709608158883521
181,8.930488459473967,4.8443370907139025,6.508319914117015,37.42619431025228,28.442028985507246,6.105743424584004,4.3478260869565215,2.7241009125067097,0.6709608158883521
182,8.923778851315083,4.8443370907139025,6.152710681696189,36.211755233494365,30.112721417069242,6.092324208266238,4.26731078904992,2.7241009125067097,0.6709608158883521
183,9.245840042941492,4.8443370907139025,6.119162640901771,36.02388620504563,30.08588298443371,6.052066559312936,4.240472356414386,2.717391304347826,0.6709608158883521
184,9.601449275362318,4.8443370907139025,6.119162640901771,35.929951690821255,29.911433172302736,5.971551261406334,4.233762748255502,2.717391304347826,0.6709608158883521
185,9.789318303811058,4.8443370907139025,6.119162640901771,35.75550187869028,29.898013955984972,5.971551261406334,4.233762748255502,2.717391304347826,0.6709608158883521
186,10.091250670960816,4.690016103059581,6.119162640901771,35.63472893183038,29.871175523349436,5.971551261406334,4.233762748255502,2.717391304347826,0.6709608158883521
187,10.19189479334407,4.690016103059581,6.085614600107354,35.587761674718195,29.871175523349436,5.964841653247451,4.233762748255502,2.703972088030059,0.6709608158883521
188,10.138217928073,3.7909286097691894,6.085614600107354,35.587761674718195,29.871175523349436,5.964841653247451,5.186527106816962,2.703972088030059,0.6709608158883521
189,10.225442834138486,3.7909286097691894,6.072195383789587,35.560923242082666,29.851046698872786,5.9514224369296835,5.173107890499195,2.703972088030059,0.6709608158883521
190,10.433440687063875,3.7909286097691894,6.622383252818035,35.11808910359635,29.66988727858293,6.011808910359635,5.01207729468599,2.6704240472356413,0.6709608158883521
191,10.527375201288244,3.7909286097691894,6.622383252818035,35.0979602791197,29.61621041331186,6.011808910359635,4.99194847020934,2.6704240472356413,0.6709608158883521
192,10.513955984970478,3.7775093934514223,6.776704240472356,34.084809447128286,30.703166935050994,5.971551261406334,4.851046698872786,2.6502952227589907,0.6709608158883521
193,10.72866344605475,3.7775093934514223,6.769994632313473,33.97745571658615,30.636070853462158,5.964841653247451,4.830917874396135,2.6435856146001075,0.6709608158883521
194,10.829307568438002,3.7775093934514223,6.736446591519055,33.964036500268385,30.609232420826622,5.964841653247451,4.804079441760601,2.6435856146001075,0.6709608158883521
195,10.963499731615673,3.7640901771336552,6.736446591519055,33.943907675791735,30.52200751476114,5.958132045088567,4.797369833601718,2.6435856146001075,0.6709608158883521
196,10.86285560923242,2.6972624798711755,6.582125603864735,33.93048845947396,30.10601180891036,8.125335480407944,4.38137412775094,2.6435856146001075,0.6709608158883521
197,10.889694041867955,2.6972624798711755,6.561996779388084,33.46081588835212,30.10601180891036,8.125335480407944,4.38137412775094,3.1065485775630703,0.6709608158883521
198,10.997047772410092,2.6972624798711755,6.561996779388084,33.44739667203435,30.04562533548041,8.125335480407944,4.38137412775094,3.0730005367686526,0.6709608158883521
199,10.983628556092324,2.6972624798711755,5.763553408480945,33.42055823939882,30.938003220611915,8.125335480407944,4.3545356951154055,3.046162104133119,0.6709608158883521
200,11.023886205045626,2.6972624798711755,5.756843800322061,33.42055823939882,30.9044551798175,8.125335480407944,4.3545356951154055,3.046162104133119,0.6709608158883521
201,11.372785829307569,2.6972624798711755,5.756843800322061,33.3467525496511,30.66290928609769,8.11862587224906,4.3545356951154055,3.026033279656468,0.6642512077294686
202,11.480139559849706,2.6972624798711755,5.756843800322061,33.319914117015564,30.589103596349972,8.11862587224906,4.3545356951154055,3.0193236714975846,0.6642512077294686
203,11.500268384326356,2.6972624798711755,5.756843800322061,33.3064949006978,30.441492216854535,8.11862587224906,4.3545356951154055,3.0193236714975846,0.8051529790660226
204,11.366076221148685,2.6704240472356413,5.387815351583468,33.11862587224906,31.17283950617284,8.105206655931294,4.3545356951154055,3.0193236714975846,0.8051529790660226
205,11.714975845410628,2.6637144390767578,5.387815351583468,32.96430488459474,31.072195383789587,8.017981749865807,4.3545356951154055,3.0193236714975846,0.8051529790660226
206,11.782071926999464,2.5563607085346214,5.387815351583468,32.950885668276975,31.04535695115405,7.601986044015029,4.87788513150832,2.9924852388620504,0.8051529790660226
207,11.81561996779388,2.536231884057971,5.387815351583468,32.94417606011809,31.04535695115405,7.595276435856146,4.87788513150832,2.9924852388620504,0.8051529790660226
208,11.996779388083736,2.536231884057971,5.387815351583468,32.94417606011809,30.891035963499732,7.568438003220612,4.87788513150832,2.9924852388620504,0.8051529790660226
209,12.070585077831455,2.536231884057971,5.387815351583468,32.91733762748255,30.857487922705314,7.555018786902845,4.87788513150832,2.9924852388620504,0.8051529790660226
210,12.06387546967257,2.536231884057971,5.387815351583468,32.91733762748255,30.50187869028449,7.917337627482555,4.87788513150832,2.9924852388620504,0.8051529790660226
211,12.097423510466989,2.522812667740204,5.387815351583468,32.57514761137949,30.50187869028449,7.897208803005904,4.87788513150832,3.33467525496511,0.8051529790660226
212,12.184648416532475,2.522812667740204,5.387815351583468,32.53488996242619,30.454911433172303,7.897208803005904,4.87788513150832,3.33467525496511,0.8051529790660226
213,12.298711755233494,2.522812667740204,5.387815351583468,32.46779388083736,30.407944176060116,7.897208803005904,4.87788513150832,3.33467525496511,0.8051529790660226
214,12.419484702093397,2.522812667740204,5.387815351583468,32.39398819108964,30.360976918947934,7.897208803005904,4.87788513150832,3.33467525496511,0.8051529790660226
215,12.513419216317766,2.522812667740204,5.387815351583468,32.33360171765969,30.35426731078905,7.87037037037037,4.87788513150832,3.33467525496511,0.8051529790660226
216,12.573805689747719,2.522812667740204,5.367686527106817,32.29334406870639,30.35426731078905,7.87037037037037,4.87788513150832,3.33467525496511,0.8051529790660226
217,13.056897477187333,2.522812667740204,5.340848094471283,32.1256038647343,30.07246376811594,7.87037037037037,4.871175523349437,3.33467525496511,0.8051529790660226
218,13.177670424047236,2.522812667740204,5.340848094471283,32.085346215781,30.038915727321523,7.863660762211487,4.830917874396135,3.33467525496511,0.8051529790660226
219,13.251476113794954,2.4221685453569513,6.380837359098229,31.870638754696724,29.26731078904992,7.863660762211487,4.804079441760601,3.33467525496511,0.8051529790660226
220,13.278314546430488,2.4221685453569513,6.380837359098229,31.863929146537842,29.25389157273215,7.856951154052603,4.804079441760601,3.33467525496511,0.8051529790660226
221,13.56682769726248,2.4221685453569513,6.219806763285024,31.830381105743424,29.180085882984432,7.856951154052603,4.783950617283951,3.33467525496511,0.8051529790660226
222,13.539989264626946,2.4221685453569513,6.219806763285024,31.42109500805153,29.180085882984432,7.856951154052603,5.226784755770263,3.3279656468062266,0.8051529790660226
223,13.627214170692431,2.3215244229736984,6.199677938808374,31.32716049382716,28.99892646269458,7.353730542136339,5.448201825013419,3.9184111647879765,0.8051529790660226
224,13.6406333870102,2.3215244229736984,6.515029522275899,31.105743424584006,28.978797638217927,7.266505636070853,5.448201825013419,3.9184111647879765,0.8051529790660226
225,13.962694578636608,2.3215244229736984,6.515029522275899,31.05877616747182,28.764090177133657,7.266505636070853,5.421363392377885,3.8848631239935587,0.8051529790660226
226,14.009661835748792,2.3215244229736984,6.515029522275899,31.05877616747182,28.764090177133657,7.266505636070853,5.407944176060118,3.851315083199141,0.8051529790660226
227,14.17740203972088,2.3215244229736984,6.488191089640365,31.0252281266774,28.723832528180353,7.199409554482019,5.407944176060118,3.851315083199141,0.8051529790660226
228,14.251207729468598,2.3215244229736984,6.488191089640365,30.95813204508857,28.71712292002147,7.199409554482019,5.407944176060118,3.851315083199141,0.8051529790660226
229,14.338432635534085,2.3215244229736984,6.468062265163715,30.951422436929683,28.690284487385938,7.199409554482019,5.381105743424584,3.851315083199141,0.798443370907139
230,14.318303811057435,2.3215244229736984,6.407675791733762,30.683038110574344,28.663446054750402,7.1658615136876005,5.790391841116479,3.851315083199141,0.798443370907139
231,12.72812667740204,2.3215244229736984,4.931561996779388,35.581052066559316,27.563070316693505,6.743156199677939,5.790391841116479,3.5426731078904994,0.798443370907139
232,12.855609232420827,2.3215244229736984,4.931561996779388,35.49382716049383,27.536231884057973,6.743156199677939,5.776972624798712,3.5426731078904994,0.798443370907139
233,12.909286097691895,2.3215244229736984,4.918142780461621,35.46698872785829,27.536231884057973,6.743156199677939,5.776972624798712,3.5292538915727323,0.798443370907139
234,12.922705314009661,2.3215244229736984,4.918142780461621,35.46027911969941,27.536231884057973,6.743156199677939,5.770263016639828,3.5292538915727323,0.798443370907139
235,13.036768652710682,2.3215244229736984,4.918142780461621,35.40660225442834,27.489264626945786,6.736446591519055,5.763553408480945,3.5292538915727323,0.798443370907139
236,13.419216317767042,2.3215244229736984,4.87788513150832,35.17176596886742,27.4020397208803,6.736446591519055,5.743424584004294,3.5292538915727323,0.798443370907139
237,13.43263553408481,2.3215244229736984,4.87788513150832,35.17176596886742,27.388620504562535,6.736446591519055,5.743424584004294,3.5292538915727323,0.798443370907139
238,13.580246913580247,2.3215244229736984,4.87788513150832,35.08454106280193,27.36849168008588,6.696188942565755,5.743424584004294,3.5292538915727323,0.798443370907139
239,13.633923778851315,2.3215244229736984,4.87788513150832,35.08454106280193,27.34165324745035,6.66935050993022,5.743424584004294,3.5292538915727323,0.798443370907139
240,13.821792807300053,2.2074610842726785,4.87788513150832,35.08454106280193,27.30139559849705,6.66935050993022,5.730005367686527,3.5091250670960816,0.798443370907139
241,13.895598497047773,2.2074610842726785,4.87788513150832,35.03086419753087,27.294685990338163,6.66935050993022,5.730005367686527,3.4957058507783145,0.798443370907139
242,13.976113794954374,2.0665593129361244,4.87788513150832,34.93022007514761,28.415190552871714,6.481481481481482,5.173107890499195,3.280998389694042,0.798443370907139
243,14.049919484702093,2.0665593129361244,4.87788513150832,34.896672034353195,28.401771336553946,6.481481481481482,5.166398282340311,3.260869565217391,0.798443370907139
244,14.036500268384327,2.0665593129361244,4.575952764358561,34.66854535695116,28.37493290391841,7.051798174986581,5.166398282340311,3.260869565217391,0.798443370907139
245,14.31159420289855,2.0665593129361244,4.555823939881911,34.49409554482018,27.750939345142243,7.608695652173913,5.152979066022544,3.260869565217391,0.798443370907139
246,14.452495974235104,2.0665593129361244,4.542404723564144,34.4873859366613,27.63016639828234,7.608695652173913,5.152979066022544,3.260869565217391,0.798443370907139
247,14.626945786366075,2.059849704777241,4.542404723564144,34.43370907139023,27.596618357487923,7.575147611379496,5.10601180891036,3.260869565217391,0.798443370907139
248,14.754428341384862,2.059849704777241,4.542404723564144,34.366612989801396,27.563070316693505,7.575147611379496,5.0791733762748255,3.260869565217391,0.798443370907139
249,14.834943639291465,2.059849704777241,4.542404723564144,34.312936124530324,27.563070316693505,7.575147611379496,5.052334943639291,3.260869565217391,0.798443370907139
250,14.667203435319378,2.059849704777241,4.542404723564144,33.40713902308105,27.563070316693505,8.917069243156199,5.052334943639291,2.9924852388620504,0.798443370907139
251,14.714170692431562,2.059849704777241,4.542404723564144,33.373590982286636,27.556360708534623,8.917069243156199,5.052334943639291,2.985775630703167,0.798443370907139
252,14.848362855609233,2.059849704777241,4.542404723564144,33.32662372517445,27.482555018786904,8.917069243156199,5.045625335480408,2.985775630703167,0.7917337627482555
253,14.31159420289855,2.059849704777241,4.3478260869565215,36.3996242619431,26.455984970477726,8.252818035426731,4.777241009125067,2.6033279656468062,0.7917337627482555
254,14.257917337627482,2.059849704777241,4.3478260869565215,35.037573805689746,27.945517981749866,8.239398819108963,4.7168545356951155,2.6033279656468062,0.7917337627482555
