,45,50,52,55,53,51,58,56,54,59,60,62,57,61,63,64,65
0,98.64465915190553,1.3553408480944713,,,,,,,,,,,,,,,
1,95.79978529253891,4.106280193236715,0.08051529790660225,0.013419216317767043,,,,,,,,,,,,,
2,89.05662909286097,10.809178743961352,0.08051529790660225,0.026838432635534086,0.026838432635534086,,,,,,,,,,,,
3,87.12426194310252,12.70799785292539,0.08051529790660225,0.06038647342995169,0.026838432635534086,,,,,,,,,,,,
4,82.72275899087494,17.002147074610843,0.08051529790660225,0.10735373054213634,0.05367686527106817,0.03354804079441761,,,,,,,,,,,
5,29.60950080515298,69.84702093397746,0.08051529790660225,0.43612453032742887,0.026838432635534086,,,,,,,,,,,,
6,29.461889425657542,57.8166935050993,0.08051529790660225,3.2742887815351582,9.31964573268921,,0.04696725711218465,,,,,,,,,,
7,26.7914653784219,56.36741814278046,0.08051529790660225,3.556092324208266,9.292807300053678,3.8311862587224907,0.06709608158883522,0.013419216317767043,,,,,,,,,
8,21.651905528717123,63.31186258722491,0.10735373054213634,3.6768652710681695,9.306226516371444,1.7042404723564144,0.10064412238325282,0.040257648953301126,0.07380568974771873,0.020128824476650563,0.0067096081588835215,,,,,,
9,17.411433172302736,53.81105743424584,0.08051529790660225,3.81105743424584,8.57487922705314,14.143853998926463,0.4495437466451959,0.10064412238325282,1.596886741814278,,0.013419216317767043,0.0067096081588835215,,,,,
10,9.628287707997853,60.225442834138484,0.020128824476650563,4.066022544283414,8.541331186258722,14.06333870101986,0.49651100375738055,0.16774020397208803,2.737520128824477,,0.04696725711218465,0.0067096081588835215,,,,,
11,7.4141170155662905,57.776435856146,0.020128824476650563,4.3545356951154055,6.662640901771336,17.498658078368223,0.6374127750939346,0.322061191626409,4.938271604938271,0.013419216317767043,0.06709608158883522,0.0067096081588835215,0.2885131508319914,,,,
12,6.206387546967257,49.81213097155126,0.020128824476650563,4.3478260869565215,5.736714975845411,30.04562533548041,0.630703166935051,0.2885131508319914,2.522812667740204,,0.0939345142243693,0.0067096081588835215,0.2885131508319914,,,,
13,4.736983360171766,19.592055823939884,15.297906602254429,0.9192163177670424,1.6237251744498122,56.21980676328502,0.12077294685990338,0.7716049382716049,0.07380568974771873,,,,0.644122383252818,,,,
14,4.730273752012883,19.048577563070317,15.170424047235642,1.4694041867954912,1.6237251744498122,56.01180891035963,0.12077294685990338,0.9460547504025765,0.07380568974771873,,,,0.8051529790660226,,,,
15,4.62962962962963,19.008319914117017,14.97584541062802,1.6103059581320451,3.7775093934514223,53.75067096081589,0.1274825550187869,1.0265700483091786,0.08722490606548577,,,,1.0064412238325282,,,,
16,4.126409017713366,16.867954911433173,16.243961352657006,1.6975308641975309,4.851046698872786,49.5504562533548,0.10064412238325282,3.4151905528717124,2.13365539452496,,,,1.0131508319914118,,,,
17,4.119699409554482,16.794149221685455,16.056092324208265,1.737788513150832,2.509393451422437,53.64331723027375,0.0939345142243693,3.3480944712828773,0.5367686527106817,,,,1.1607622114868492,,,,
18,3.8580246913580245,16.686795491143318,26.261406333870102,2.0665593129361244,4.549114331723027,41.257380568974774,0.0939345142243693,3.4621578099838968,0.5367686527106817,0.026838432635534086,,,1.1741814278046163,0.026838432635534086,,,
19,3.7372517444981215,15.28448738593666,25.751476113794954,2.4490069779924855,4.28743961352657,40.94873859366613,0.10064412238325282,3.7775093934514223,2.2342995169082127,0.06709608158883522,,,1.3352120236178207,0.026838432635534086,,,
20,3.5829307568438002,15.24422973698336,18.209876543209877,2.4691358024691357,4.274020397208803,48.27563070316693,0.12077294685990338,3.9855072463768115,2.6502952227589907,0.06709608158883522,0.013419216317767043,,1.0735373054213635,0.03354804079441761,,,
21,3.3279656468062266,13.754696725711218,19.826892109500804,2.522812667740204,4.26731078904992,45.22275899087493,0.14761137949543746,7.239667203435319,2.3752012882447664,0.07380568974771873,0.0067096081588835215,,1.1741814278046163,0.06038647342995169,,,
22,3.294417606011809,13.20450885668277,23.463499731615673,2.5831991411701556,6.199677938808374,41.06280193236715,0.24825550187869028,6.327160493827161,2.3349436392914655,0.07380568974771873,,,1.133923778851315,0.07380568974771873,,,
23,3.294417606011809,13.050187869028449,23.403113258185723,7.494632313472893,6.199677938808374,36.46672034353194,0.24825550187869028,6.360708534621578,2.0531400966183573,0.07380568974771873,0.06038647342995169,,1.221148684916801,0.07380568974771873,,,
24,2.3752012882447664,15.687063875469672,21.504294149221685,7.501341921631776,6.0654857756307035,36.41304347826087,0.27509393451422437,6.407675791733762,2.01959205582394,0.07380568974771873,0.07380568974771873,0.0067096081588835215,1.5297906602254427,0.06709608158883522,,,
25,2.3550724637681157,13.868760064412239,17.505367686527105,7.159151905528717,4.87788513150832,44.115673644659154,0.24825550187869028,4.072732152442297,4.213633923778851,0.06709608158883522,0.07380568974771873,0.0067096081588835215,1.4090177133655395,0.026838432635534086,,,
26,2.120236178207193,13.848631239935587,16.97530864197531,7.14573268921095,4.87788513150832,44.73966720343532,0.24825550187869028,4.247181964573269,4.159957058507783,0.06709608158883522,0.10064412238325282,0.0067096081588835215,1.4090177133655395,0.05367686527106817,,,
27,2.120236178207193,13.781535158346752,16.867954911433173,7.185990338164252,4.851046698872786,44.545088566827694,0.27509393451422437,4.408212560386473,4.146537842190016,0.06709608158883522,0.1274825550187869,0.0067096081588835215,1.5499194847020934,0.06709608158883522,,,
28,2.120236178207193,12.86231884057971,18.14278046162104,5.770263016639828,4.85775630703167,44.12238325281803,0.27509393451422437,4.730273752012883,5.0858829844337095,0.12077294685990338,0.11406333870101985,0.0067096081588835215,1.724369296833065,0.06709608158883522,,,
29,2.0531400966183573,12.902576489533011,17.98174986580784,5.803811057434245,4.810789049919484,43.70638754696726,0.30193236714975846,5.0993022007514766,5.0993022007514766,0.1610305958132045,0.11406333870101985,0.0067096081588835215,1.90552871712292,0.05367686527106817,,,
30,2.0531400966183573,12.902576489533011,17.538915727321523,4.616210413311863,6.796833064949007,43.243424584004295,0.30193236714975846,5.226784755770263,5.0993022007514766,0.18115942028985507,0.0939345142243693,0.0067096081588835215,1.8853998926462694,0.05367686527106817,,,
31,2.046430488459474,12.882447665056361,17.51207729468599,4.871175523349437,6.796833064949007,42.7938808373591,0.3488996242619431,5.347557702630167,5.045625335480408,0.20128824476650564,0.19457863660762212,0.0067096081588835215,1.8988191089640365,0.05367686527106817,,,
32,2.033011272141707,12.667740203972087,23.765432098765434,4.958400429414922,6.629092860976919,37.42619431025228,0.32877079978529256,5.152979066022544,4.87788513150832,0.36902844873859364,0.18115942028985507,0.0067096081588835215,1.5499194847020934,0.05367686527106817,,,
33,2.033011272141707,7.541599570585078,33.071658615136876,3.475577026301664,6.179549114331723,38.439345142243695,0.5233494363929146,5.226784755770263,1.5230810520665594,0.19457863660762212,0.12077294685990338,0.0067096081588835215,1.596886741814278,0.06709608158883522,,,
34,1.932367149758454,7.474503488996243,32.27992485238862,3.44873859366613,9.017713365539452,35.88298443370907,0.6508319914117016,5.152979066022544,1.3687600644122384,0.19457863660762212,0.14761137949543746,0.0067096081588835215,2.3752012882447664,0.06709608158883522,,,
35,1.932367149758454,7.447665056360709,32.1256038647343,3.388352120236178,11.084272678475577,34.675254965110035,0.630703166935051,4.53569511540526,1.3620504562533549,0.19457863660762212,0.2214170692431562,0.0067096081588835215,2.3349436392914655,0.06038647342995169,,,
36,1.932367149758454,4.817498658078368,37.01690821256039,3.2541599570585076,11.030595813204508,33.46081588835212,0.6172839506172839,4.280730005367687,1.3620504562533549,0.20128824476650564,0.2214170692431562,0.0067096081588835215,1.737788513150832,0.06038647342995169,,,
37,1.9189479334406871,4.804079441760601,35.67498658078368,3.294417606011809,10.950080515297907,31.608964036500268,0.7313472893183038,7.219538378958669,1.3754696725711217,0.24154589371980675,0.2214170692431562,0.0067096081588835215,1.892109500805153,0.06038647342995169,,,
38,1.9189479334406871,4.797369833601718,35.47369833601718,3.307836822329576,10.923242082662373,31.468062265163713,0.7581857219538379,7.380568974771873,1.3419216317767042,0.27509393451422437,0.24154589371980675,0.0067096081588835215,2.033011272141707,0.07380568974771873,,,
39,1.9189479334406871,4.703435319377348,33.58829844337091,3.2541599570585076,10.768921095008052,32.608695652173914,0.966183574879227,7.957595276435856,1.3419216317767042,0.2952227589908749,0.2214170692431562,0.0067096081588835215,2.2946859903381642,0.07380568974771873,,,
40,1.0735373054213635,4.3545356951154055,50.32206119162641,2.0933977455716586,9.198872785829307,24.12775093934514,0.9125067096081588,4.066022544283414,1.2815351583467525,0.2616747181964573,0.10064412238325282,0.020128824476650563,2.1068169618894257,0.08051529790660225,,,
41,1.0601180891035964,4.327697262479871,46.10842726784756,2.1135265700483092,9.084809447128288,22.940150295222757,0.6642512077294686,4.052603327965647,6.78341384863124,0.2616747181964573,0.10064412238325282,0.020128824476650563,2.4020397208803006,0.08051529790660225,,,
42,1.0466988727858293,4.320987654320987,45.69914117015566,2.1135265700483092,9.078099838969404,22.926731078904993,0.7380568974771873,4.066022544283414,6.756575415995706,0.2885131508319914,0.10064412238325282,0.020128824476650563,2.7643585614600106,0.08051529790660225,,,
43,1.0466988727858293,4.05931293612453,45.90713902308105,2.2879763821792807,8.561460010735374,22.69860440150295,0.8521202361782072,4.53569511540526,6.850509930220075,0.2952227589908749,0.0939345142243693,0.020128824476650563,2.6972624798711755,0.0939345142243693,,,
44,1.0399892646269457,3.6768652710681695,45.63204508856683,2.3483628556092326,8.561460010735374,24.46323134728932,0.6843800322061192,4.817498658078368,5.709876543209877,0.28180354267310787,0.07380568974771873,0.020128824476650563,2.5966183574879227,0.0939345142243693,,,
45,1.0399892646269457,3.616478797638218,41.44524959742351,2.281266774020397,5.938003220611916,32.95759527643585,0.5703166935050993,4.126409017713366,5.112721417069243,0.2147074610842727,0.14761137949543746,0.013419216317767043,2.4825550187869028,0.05367686527106817,,,
46,1.0265700483091786,3.616478797638218,41.1634460547504,2.24771873322598,5.931293612453032,32.55501878690284,0.6239935587761675,4.683306494900698,4.87788513150832,0.28180354267310787,0.14761137949543746,0.013419216317767043,2.7777777777777777,0.05367686527106817,,,
47,1.0265700483091786,3.5963499731615673,39.720880300590444,2.227589908749329,5.897745571658615,31.13929146537842,0.6508319914117016,4.750402576489533,7.37385936661299,0.36902844873859364,0.14761137949543746,,3.046162104133119,0.05367686527106817,,,
48,1.0131508319914118,3.5292538915727323,39.660493827160494,2.301395598497048,5.911164787976382,30.951422436929683,0.6508319914117016,4.864465915190553,7.4141170155662905,0.4092860976918948,0.14761137949543746,,3.0931293612453032,0.05367686527106817,,,
49,0.9192163177670424,3.515834675254965,39.45920558239399,2.4892646269457863,5.904455179817498,30.83064949006978,0.785024154589372,4.898013955984971,7.2933440687063875,0.4294149221685454,0.14761137949543746,,3.2742887815351582,0.05367686527106817,,,
50,0.9192163177670424,3.515834675254965,39.378690284487384,2.4825550187869028,5.904455179817498,30.535426731078903,0.8051529790660226,5.166398282340311,7.340311325818572,0.43612453032742887,0.14761137949543746,,3.3145464304884595,0.05367686527106817,,,
51,0.9192163177670424,3.435319377348363,38.09044551798175,2.5026838432635534,5.615942028985507,31.91760601180891,0.8185721953837896,5.280461621041331,7.286634460547504,0.49651100375738055,0.14761137949543746,,3.435319377348363,0.05367686527106817,,,
52,0.630703166935051,2.509393451422437,32.427536231884055,2.428878153515835,5.535426731078905,38.47289318303811,0.8185721953837896,5.528717122920021,7.199409554482019,0.5434782608695652,0.14761137949543746,,3.7037037037037037,0.05367686527106817,,,
53,0.630703166935051,2.509393451422437,32.2463768115942,2.475845410628019,5.475040257648954,38.12399355877617,0.8789586688137413,5.810520665593129,7.185990338164252,0.5434782608695652,0.15432098765432098,,3.8848631239935587,0.08051529790660225,,,
54,0.630703166935051,2.4892646269457863,32.00483091787439,2.4154589371980677,8.641975308641975,35.178475577026305,0.9057971014492754,5.709876543209877,7.199409554482019,0.5367686527106817,0.16774020397208803,,4.045893719806763,0.07380568974771873,,,
55,0.08722490606548577,24.537037037037038,22.52415458937198,3.6366076221148687,8.299785292538916,27.449006977992486,0.5703166935050993,4.851046698872786,5.032206119162641,0.38915727321524424,0.15432098765432098,,2.408749329039184,0.06038647342995169,,,
56,0.08722490606548577,21.987385936661298,22.27589908749329,3.69699409554482,10.72866344605475,27.28797638217928,0.630703166935051,5.0791733762748255,5.032206119162641,0.39586688137412773,0.15432098765432098,,2.5831991411701556,0.06038647342995169,,,
57,0.08722490606548577,21.93370907139023,22.262479871175522,3.7640901771336552,10.63472893183038,27.200751476113794,0.7581857219538379,5.119431025228127,5.005367686527107,0.4092860976918948,0.1878690284487386,,2.576489533011272,0.06038647342995169,,,
58,0.08722490606548577,14.80810520665593,26.006441223832528,3.6768652710681695,8.165593129361245,32.48792270531401,0.8521202361782072,5.112721417069243,5.032206119162641,0.4092860976918948,0.23483628556092323,,3.066290928609769,0.06038647342995169,,,
59,0.08722490606548577,13.123993558776167,25.13419216317767,5.803811057434245,7.897208803005904,35.10466988727858,0.9460547504025765,5.072463768115942,3.2004830917874396,0.32877079978529256,0.2281266774020397,,3.0193236714975846,0.05367686527106817,,,
60,0.08722490606548577,13.063607085346217,24.953032742887814,5.857487922705314,7.897208803005904,34.92351046698873,0.95276435856146,5.267042404723564,3.1870638754696725,0.3421900161030596,0.2281266774020397,,3.1870638754696725,0.05367686527106817,,,
61,,11.782071926999464,35.218733225979605,5.71658615136876,5.314009661835748,30.756843800322063,0.9796027911969941,4.274020397208803,2.3886205045625335,0.36902844873859364,0.2683843263553409,,2.8784219001610305,0.05367686527106817,,,
62,,10.44015029522276,29.602791196994094,5.857487922705314,5.293880837359098,36.85587761674718,1.0735373054213635,4.616210413311863,2.3886205045625335,0.36902844873859364,0.28180354267310787,,3.166935050993022,0.05367686527106817,,,
63,,10.379763821792807,28.63660762211487,5.481749865807837,7.4208266237251745,36.14465915190553,1.093666129898014,4.998658078368224,1.932367149758454,0.3153515834675255,0.2616747181964573,,3.280998389694042,0.05367686527106817,,,
64,,10.352925389157273,28.556092324208265,6.018518518518518,7.179280730005368,35.32608695652174,1.0869565217391304,5.3274288781535155,2.1739130434782608,0.3153515834675255,0.2616747181964573,,3.3682232957595275,0.03354804079441761,,,
65,,10.285829307568438,30.62265163714439,5.9514224369296835,7.1725711218464845,33.02469135802469,1.0869565217391304,5.515297906602254,2.214170692431562,0.32877079978529256,0.2616747181964573,,3.502415458937198,0.03354804079441761,,,
66,,10.218733225979603,25.91250670960816,6.011808910359635,8.293075684380032,37.78180354267311,1.0265700483091786,4.998658078368224,1.9659151905528718,0.32877079978529256,0.27509393451422437,,3.1535158346752548,0.03354804079441761,,,
67,,10.218733225979603,25.6105743424584,5.978260869565218,8.279656468062266,36.60762211486849,1.0131508319914118,6.454643048845948,1.9457863660762211,0.30864197530864196,0.30193236714975846,,3.2474503488996245,0.03354804079441761,,,
68,,6.615673644659152,28.824476650563607,5.877616747181965,10.305958132045088,34.90338164251208,1.0332796564680622,6.6827697262479875,1.7847557702630166,0.2952227589908749,0.30864197530864196,0.013419216317767043,3.321256038647343,0.03354804079441761,,,
69,,6.588835212023618,28.589640365002683,5.870907139023081,9.896672034353195,35.21202361782072,1.0534084809447128,6.977992485238862,1.7847557702630166,0.2952227589908749,0.33548040794417605,0.013419216317767043,3.361513687600644,0.020128824476650563,,,
70,,6.568706387546968,31.87734836285561,6.696188942565755,8.467525496511003,33.68894256575416,0.8655394524959742,6.535158346752549,1.7646269457863661,0.2885131508319914,0.33548040794417605,0.04696725711218465,2.8515834675254963,0.013419216317767043,,,
71,,6.447933440687064,31.333870101986044,6.662640901771336,8.360171765968868,33.5077831454643,0.966183574879227,7.132313472893183,1.751207729468599,0.322061191626409,0.32877079978529256,0.06038647342995169,3.099838969404187,0.026838432635534086,,,
72,,6.300322061191626,31.21309715512614,6.743156199677939,8.400429414922169,33.373590982286636,1.0131508319914118,7.286634460547504,1.751207729468599,0.322061191626409,0.36902844873859364,0.06038647342995169,3.126677402039721,0.040257648953301126,,,
73,,6.239935587761675,30.629361245303276,6.904186795491143,8.319914117015566,32.991143317230275,1.221148684916801,7.695920558239399,1.7914653784219001,0.322061191626409,0.3824476650563607,0.06038647342995169,3.4017713365539453,0.040257648953301126,,,
74,,6.213097155126141,30.46833064949007,6.957863660762212,8.299785292538916,32.890499194847024,1.2144390767579174,7.763016639828234,1.8183038110574343,0.322061191626409,0.3824476650563607,0.07380568974771873,3.556092324208266,0.040257648953301126,,,
75,,5.991680085882985,29.904723564143854,6.850509930220075,8.246108427267847,32.74288781535159,1.1540526033279657,7.836822329575953,2.623456790123457,0.322061191626409,0.36902844873859364,0.07380568974771873,3.844605475040258,0.040257648953301126,,,
76,,5.897745571658615,29.441760601180892,6.776704240472356,8.259527643585615,32.45437466451959,1.1808910359634996,8.68894256575416,2.6167471819645733,0.322061191626409,0.4092860976918948,0.07380568974771873,3.8378958668813743,0.040257648953301126,,,
77,,5.891035963499732,29.367954911433173,6.736446591519055,8.313204508856682,32.380568974771876,1.1943102522812667,8.729200214707461,2.623456790123457,0.322061191626409,0.46296296296296297,0.08722490606548577,3.851315083199141,0.040257648953301126,,,
78,,5.891035963499732,29.280730005367687,6.884057971014493,8.319914117015566,32.2866344605475,1.2278582930756843,8.588298443370908,2.657004830917874,0.322061191626409,0.46296296296296297,0.08722490606548577,3.9318303811057436,0.06038647342995169,,,
79,,5.891035963499732,28.992216854535695,7.018250134192163,8.333333333333334,31.863929146537842,1.2144390767579174,8.917069243156199,2.677133655394525,0.322061191626409,0.46296296296296297,0.08722490606548577,4.159957058507783,0.06038647342995169,,,
80,,5.857487922705314,28.77079978529254,7.051798174986581,8.199141170155663,31.28690284487386,1.2278582930756843,9.581320450885668,2.7643585614600106,0.3488996242619431,0.4025764895330113,0.08722490606548577,4.361245303274289,0.06038647342995169,,,
81,,5.8239398819108965,28.69699409554482,7.7361782071927,8.105206655931294,30.730005367686527,1.3687600644122384,9.460547504025765,2.717391304347826,0.3421900161030596,0.41599570585077833,0.10064412238325282,4.428341384863124,0.07380568974771873,,,
82,,5.770263016639828,28.079710144927535,10.171765968867419,8.064949006977992,28.878153515834676,1.3352120236178207,9.25925925925926,2.636876006441224,0.36231884057971014,0.4294149221685454,0.10064412238325282,4.8376274825550185,0.07380568974771873,,,
83,,5.656199677938808,27.91867954911433,10.44015029522276,8.044820182501342,28.650026838432634,1.3486312399355878,9.400161030595813,2.657004830917874,0.36231884057971014,0.4227053140096618,0.1274825550187869,4.898013955984971,0.07380568974771873,,,
84,,5.535426731078905,27.657004830917874,10.547504025764896,8.038110574342458,28.475577026301664,1.3486312399355878,9.634997316156737,2.6167471819645733,0.35560923242082665,0.46296296296296297,0.10064412238325282,5.152979066022544,0.07380568974771873,,,
85,,5.528717122920021,27.415458937198068,10.628019323671497,8.024691358024691,28.173644659151904,1.3955984970477724,9.816156736446592,2.6637144390767578,0.3824476650563607,0.4562533548040794,0.10064412238325282,5.340848094471283,0.07380568974771873,,,
86,,5.515297906602254,27.361782071927,10.61460010735373,8.024691358024691,28.093129361245303,1.3955984970477724,9.916800858829845,2.6972624798711755,0.38915727321524424,0.4428341384863124,0.10064412238325282,5.374396135265701,0.07380568974771873,,,
87,,5.495169082125604,27.167203435319376,10.547504025764896,8.004562533548041,27.697262479871174,1.4224369296833066,10.25228126677402,2.7241009125067097,0.38915727321524424,0.4562533548040794,0.11406333870101985,5.642780461621041,0.08722490606548577,,,
88,,5.428073000536768,26.717659688674182,10.648148148148149,8.031400966183575,27.583199141170155,1.4626945786366077,10.373054213633925,2.7777777777777777,0.39586688137412773,0.5166398282340311,0.11406333870101985,5.857487922705314,0.0939345142243693,,,
89,,5.407944176060118,26.663982823403114,10.721953837895867,8.085077831454644,27.428878153515836,1.482823403113258,10.46027911969941,2.6838432635534084,0.47638217928073,0.5367686527106817,0.11406333870101985,5.8239398819108965,0.11406333870101985,,,
90,,5.35426731078905,27.012882447665056,10.668276972624799,8.071658615136876,27.361782071927,1.556629092860977,10.218733225979603,2.7442297369833604,0.49651100375738055,0.5568974771873323,0.10064412238325282,5.743424584004294,0.11406333870101985,,,
91,,5.340848094471283,26.80488459473967,10.72866344605475,10.379763821792807,25.449543746645197,1.5230810520665594,9.86983360171766,2.7777777777777777,0.6038647342995169,0.5568974771873323,0.10064412238325282,5.750134192163178,0.11406333870101985,,,
92,,5.3274288781535155,26.549919484702095,8.722490606548577,10.185185185185185,28.361513687600645,1.5230810520665594,9.4873859366613,2.757648953301127,0.6239935587761675,0.33548040794417605,0.10064412238325282,5.938003220611916,0.08722490606548577,,,
93,,5.300590445517981,25.771604938271604,7.5348899624261945,6.769994632313473,37.27187332259796,1.3888888888888888,7.568438003220612,1.6706924315619969,0.4562533548040794,0.2952227589908749,0.10064412238325282,5.83064949006978,0.040257648953301126,,,
94,,5.300590445517981,25.664251207729468,7.514761137949543,6.763285024154589,36.93639291465379,1.415727321524423,7.863660762211487,1.710950080515298,0.4562533548040794,0.33548040794417605,0.10064412238325282,5.897745571658615,0.040257648953301126,,,
95,,5.300590445517981,25.59044551798175,7.555018786902845,6.763285024154589,36.802200751476114,1.415727321524423,7.98443370907139,1.710950080515298,0.47638217928073,0.33548040794417605,0.10064412238325282,5.924584004294149,0.040257648953301126,,,
96,,5.112721417069243,27.120236178207193,7.219538378958669,6.260064412238325,35.86285560923242,1.442565754159957,8.521202361782072,1.778046162104133,0.3824476650563607,0.2952227589908749,0.10064412238325282,5.864197530864198,0.040257648953301126,,,
97,,5.0993022007514766,27.073268921095007,7.37385936661299,6.239935587761675,35.51395598497048,1.4358561460010735,8.662104133118627,1.8451422436929683,0.3824476650563607,0.2683843263553409,0.10064412238325282,5.964841653247451,0.040257648953301126,,,
98,,5.072463768115942,26.7512077294686,7.39398819108964,6.172839506172839,35.138217928073,1.5297906602254427,9.158615136876007,1.90552871712292,0.3824476650563607,0.2683843263553409,0.10064412238325282,6.085614600107354,0.040257648953301126,,,
99,,5.065754159957058,26.100375738056897,7.39398819108964,6.119162640901771,35.628019323671495,1.583467525496511,9.185453569511541,1.9122383252818036,0.38915727321524424,0.2683843263553409,0.10064412238325282,6.199677938808374,0.05367686527106817,,,
100,,4.958400429414922,25.469672571121848,7.555018786902845,6.709608158883521,35.39318303811057,1.596886741814278,9.581320450885668,1.9390767579173376,0.38915727321524424,0.2683843263553409,0.12077294685990338,5.964841653247451,0.05367686527106817,,,
101,,4.931561996779388,25.288513150831992,7.555018786902845,6.729736983360172,35.258990874932906,1.6237251744498122,9.708803005904455,1.932367149758454,0.3824476650563607,0.30193236714975846,0.12077294685990338,6.099033816425121,0.06709608158883522,,,
102,,4.931561996779388,25.241545893719806,7.555018786902845,6.729736983360172,35.14492753623188,1.6170155662909287,9.749060654857756,1.9793344068706387,0.3824476650563607,0.30193236714975846,0.14761137949543746,6.152710681696189,0.06709608158883522,,,
103,,4.864465915190553,25.194578636607623,7.675791733762749,6.776704240472356,34.614868491680085,1.6304347826086956,10.185185185185185,1.9524959742351047,0.3824476650563607,0.2952227589908749,0.14761137949543746,6.213097155126141,0.06709608158883522,,,
104,,4.8376274825550185,25.046967257112186,7.548309178743962,6.769994632313473,34.92351046698873,1.6438539989264627,10.084541062801932,1.9659151905528718,0.3824476650563607,0.322061191626409,0.14761137949543746,6.260064412238325,0.06709608158883522,,,
105,,4.797369833601718,25.006709608158882,7.6623725174449815,6.776704240472356,34.574610842726784,1.6706924315619969,10.205314009661835,1.932367149758454,0.5233494363929146,0.322061191626409,0.14761137949543746,6.3137412775093935,0.06709608158883522,,,
106,,4.139828234031133,19.390767579173378,7.219538378958669,6.622383252818035,42.55904455179817,1.724369296833065,9.286097691894794,3.388352120236178,0.48980139559849706,0.2952227589908749,0.14761137949543746,4.676596886741814,0.06038647342995169,,,
107,,4.1129898013955986,19.276704240472355,7.300053676865271,6.615673644659152,42.290660225442835,1.7847557702630166,9.440418679549115,3.374932903918411,0.5568974771873323,0.3153515834675255,0.14761137949543746,4.7101449275362315,0.07380568974771873,,,
108,,4.1129898013955986,19.189479334406872,7.9039184111647875,6.595544820182502,41.78073000536769,1.8250134192163177,9.41358024691358,3.3548040794417604,0.5568974771873323,0.3153515834675255,0.14090177133655393,4.7101449275362315,0.10064412238325282,,,
109,,4.1129898013955986,18.988191089640367,7.930756843800322,8.863392377885132,39.92887815351583,1.8585614600107354,8.84326355340848,3.435319377348363,0.5568974771873323,0.3757380568974772,0.14090177133655393,4.864465915190553,0.10064412238325282,,,
110,,4.072732152442297,18.927804616210413,8.024691358024691,8.816425120772946,39.68733225979603,1.932367149758454,9.05126140633387,3.408480944712829,0.5703166935050993,0.39586688137412773,0.14090177133655393,4.871175523349437,0.10064412238325282,,,
111,,4.072732152442297,18.773483628556093,8.480944712828771,8.675523349436393,39.24449812130972,2.100107353730542,9.111647879763822,3.4286097691894795,0.5636070853462157,0.39586688137412773,0.14090177133655393,4.911433172302737,0.10064412238325282,,,
112,,4.045893719806763,20.477724100912507,8.279656468062266,8.111916264090176,37.5805152979066,1.932367149758454,8.776167471819646,5.226784755770263,0.5703166935050993,0.39586688137412773,0.1610305958132045,4.341116478797638,0.10064412238325282,,,
113,,4.045893719806763,20.437466451959207,8.293075684380032,8.111916264090176,37.486580783682236,1.9457863660762211,8.776167471819646,5.24020397208803,0.6105743424584005,0.41599570585077833,0.1610305958132045,4.374664519592056,0.10064412238325282,,,
114,,4.005636070853462,20.169082125603865,8.373590982286634,8.225979602791197,37.33225979602791,1.9860440150295222,8.742619431025227,5.307300053676865,0.6105743424584005,0.41599570585077833,0.1610305958132045,4.562533548040794,0.08722490606548577,0.0067096081588835215,0.013419216317767043,
115,,4.005636070853462,19.558507783145465,8.393719806763285,8.125335480407944,37.25174449812131,2.086688137412775,8.76274825550188,6.045356951154052,0.644122383252818,0.41599570585077833,0.14090177133655393,4.461889425657541,0.08722490606548577,0.0067096081588835215,0.013419216317767043,
116,,3.965378421900161,19.129092860976918,7.944176060118089,7.856951154052603,39.50617283950617,1.9793344068706387,8.232689210950081,5.958132045088567,0.6105743424584005,0.27509393451422437,0.14090177133655393,4.294149221685454,0.08722490606548577,0.0067096081588835215,0.013419216317767043,
117,,3.9318303811057436,18.99490069779925,7.434245840042942,7.521470746108427,41.80756843800322,1.9994632313472893,7.286634460547504,5.83064949006978,0.47638217928073,0.19457863660762212,0.1274825550187869,4.28743961352657,0.08722490606548577,0.0067096081588835215,0.013419216317767043,
118,,3.911701556629093,18.90096618357488,7.427536231884058,7.494632313472893,41.45195920558239,2.1604938271604937,7.575147611379496,5.776972624798712,0.46967257112184646,0.18115942028985507,0.1274825550187869,4.40150295222759,0.10064412238325282,0.0067096081588835215,0.013419216317767043,
119,,3.878153515834675,18.853998926462694,7.575147611379496,7.481213097155126,41.317767042404725,2.1135265700483092,7.608695652173913,5.770263016639828,0.48980139559849706,0.19457863660762212,0.1274825550187869,4.468599033816425,0.10064412238325282,0.0067096081588835215,0.013419216317767043,
120,,3.878153515834675,18.78690284487386,7.689210950080516,7.447665056360709,41.0024154589372,2.167203435319377,7.816693505099302,5.723295759527644,0.5233494363929146,0.1878690284487386,0.1274825550187869,4.528985507246377,0.10064412238325282,0.0067096081588835215,0.013419216317767043,
121,,3.851315083199141,18.63929146537842,7.702630166398282,7.347020933977456,40.79441760601181,2.2611379495437465,8.179012345679013,5.649490069779925,0.5300590445517982,0.1878690284487386,0.10735373054213634,4.643048845947397,0.08722490606548577,0.0067096081588835215,0.013419216317767043,
122,,3.784219001610306,19.02173913043478,9.131776704240472,7.588566827697263,39.28475577026302,2.3483628556092326,8.205850778314547,5.10601180891036,0.5367686527106817,0.17444981213097155,0.10735373054213634,4.5893719806763285,0.10064412238325282,0.0067096081588835215,0.013419216317767043,
123,,3.717122920021471,18.867418142780462,8.84326355340848,9.728931830381105,37.13768115942029,2.395330112721417,8.427267847557703,5.0993022007514766,0.6642512077294686,0.20128824476650564,0.11406333870101985,4.690016103059581,0.10064412238325282,,0.013419216317767043,
124,,3.717122920021471,18.766774020397207,8.856682769726248,9.681964573268921,36.621041331186255,2.536231884057971,8.964036500268385,5.025496511003757,0.6642512077294686,0.20799785292538917,0.11406333870101985,4.730273752012883,0.10064412238325282,,0.013419216317767043,
125,,3.569511540526033,19.269994632313473,8.870101986044014,9.554482018250134,35.57434245840043,2.5966183574879227,9.091519055287172,5.837359098228664,0.6038647342995169,0.20799785292538917,0.11406333870101985,4.602791196994096,0.0939345142243693,,0.013419216317767043,
126,,3.535963499731616,19.196188942565755,9.078099838969404,9.480676328502415,35.35963499731616,2.6972624798711755,9.205582393988191,5.837359098228664,0.6038647342995169,0.20799785292538917,0.11406333870101985,4.575952764358561,0.0939345142243693,,0.013419216317767043,
127,,3.5292538915727323,19.02173913043478,9.017713365539452,9.453837895866881,35.0979602791197,2.6972624798711755,9.433709071390231,5.924584004294149,0.5971551261406334,0.20799785292538917,0.11406333870101985,4.797369833601718,0.0939345142243693,,0.013419216317767043,
128,,3.5292538915727323,18.907675791733762,8.970746108427267,9.433709071390231,34.94363929146538,2.717391304347826,9.561191626409018,5.924584004294149,0.644122383252818,0.2214170692431562,0.11406333870101985,4.911433172302737,0.10735373054213634,,0.013419216317767043,
129,,3.5292538915727323,18.753354804079443,9.366612989801396,9.29951690821256,34.6081588835212,2.7777777777777777,9.675254965110037,5.931293612453032,0.6172839506172839,0.23483628556092323,0.1274825550187869,4.958400429414922,0.10735373054213634,,0.013419216317767043,
130,,3.5292538915727323,18.397745571658614,9.158615136876007,8.57487922705314,34.09822866344606,2.6704240472356413,9.118357487922705,8.158883521202362,0.46296296296296297,0.2214170692431562,0.1274825550187869,5.360976918947934,0.10735373054213634,,0.013419216317767043,
131,,3.5292538915727323,18.17632850241546,9.232420826623725,8.501073537305421,33.943907675791735,2.7643585614600106,9.326355340848094,8.192431561996779,0.48980139559849706,0.24825550187869028,0.13419216317767044,5.367686527106817,0.08051529790660225,,0.013419216317767043,
132,,3.488996242619431,17.09608158883521,8.3467525496511,8.313204508856682,39.36527106816962,2.623456790123457,8.675523349436393,6.280193236714976,0.5032206119162641,0.27509393451422437,0.13419216317767044,4.830917874396135,0.05367686527106817,,0.013419216317767043,
133,,3.488996242619431,17.09608158883521,8.340042941492216,8.239398819108963,39.210950080515296,2.690552871712292,8.923778851315083,6.159420289855072,0.5300590445517982,0.30193236714975846,0.13419216317767044,4.817498658078368,0.05367686527106817,,0.013419216317767043,
134,,3.475577026301664,17.082662372517444,8.36688137412775,8.252818035426731,39.049919484702095,2.690552871712292,9.037842190016104,6.146001073537305,0.5300590445517982,0.2885131508319914,0.13419216317767044,4.87788513150832,0.05367686527106817,,0.013419216317767043,
135,,3.475577026301664,16.99543746645196,8.387010198604402,8.199141170155663,38.95598497047772,2.771068169618894,9.078099838969404,6.132581857219538,0.5233494363929146,0.30864197530864196,0.13419216317767044,4.9718196457326895,0.05367686527106817,,0.013419216317767043,
136,,3.374932903918411,18.055555555555557,8.225979602791197,8.192431561996779,38.479602791196996,2.6502952227589907,9.111647879763822,6.139291465378422,0.5233494363929146,0.30864197530864196,0.13419216317767044,4.736983360171766,0.05367686527106817,,0.013419216317767043,
137,,3.374932903918411,19.310252281266774,8.071658615136876,10.124798711755233,36.594202898550726,2.737520128824477,8.266237251744498,5.770263016639828,0.5166398282340311,0.30864197530864196,0.13419216317767044,4.7638217928073,0.013419216317767043,,0.013419216317767043,
138,,3.374932903918411,19.068706387546968,8.387010198604402,10.057702630166398,36.2788513150832,2.737520128824477,8.373590982286634,5.790391841116479,0.5300590445517982,0.3153515834675255,0.14090177133655393,4.911433172302737,0.013419216317767043,0.0067096081588835215,0.013419216317767043,
139,,3.3682232957595275,18.907675791733762,8.293075684380032,10.0979602791197,36.10440150295223,2.7106816961889426,8.789586688137414,5.810520665593129,0.5300590445517982,0.33548040794417605,0.14090177133655393,4.85775630703167,0.03354804079441761,0.0067096081588835215,0.013419216317767043,
140,,3.361513687600644,18.833870101986044,8.333333333333334,10.037573805689748,35.83601717659689,2.804616210413312,8.876811594202898,5.917874396135265,0.5300590445517982,0.38915727321524424,0.14090177133655393,4.871175523349437,0.04696725711218465,0.0067096081588835215,0.013419216317767043,
141,,3.361513687600644,18.760064412238325,8.507783145464305,9.997316156736447,35.46698872785829,2.8381642512077296,8.984165324745035,5.958132045088567,0.5703166935050993,0.38915727321524424,0.14090177133655393,4.958400429414922,0.04696725711218465,0.0067096081588835215,0.013419216317767043,
142,,3.361513687600644,22.852925389157274,6.582125603864735,9.88996242619431,33.722490606548575,2.844873859366613,9.044551798174986,5.810520665593129,0.5233494363929146,0.1610305958132045,0.14090177133655393,4.998658078368224,0.04696725711218465,0.0067096081588835215,0.013419216317767043,
143,,3.260869565217391,22.779119699409556,6.769994632313473,9.91009125067096,33.58829844337091,2.8784219001610305,9.098228663446054,5.8172302737520125,0.5233494363929146,0.1610305958132045,0.14090177133655393,5.005367686527107,0.04696725711218465,0.0067096081588835215,0.013419216317767043,
144,,3.260869565217391,22.611379495437465,6.769994632313473,9.863123993558776,33.313204508856685,3.0595813204508855,9.520933977455716,5.71658615136876,0.5099302200751477,0.1610305958132045,0.1274825550187869,5.018786902844874,0.04696725711218465,0.0067096081588835215,0.013419216317767043,
145,,3.2541599570585076,22.510735373054214,6.816961889425658,9.903381642512077,33.15888352120236,3.046162104133119,9.601449275362318,5.730005367686527,0.5099302200751477,0.1878690284487386,0.1274825550187869,5.0858829844337095,0.04696725711218465,0.0067096081588835215,0.013419216317767043,
146,,3.227321524422974,22.450348899624263,7.078636607622115,9.896672034353195,32.74288781535159,3.0864197530864197,9.722222222222221,5.776972624798712,0.5233494363929146,0.1878690284487386,0.1274825550187869,5.112721417069243,0.04696725711218465,0.0067096081588835215,0.013419216317767043,
147,,3.227321524422974,22.376543209876544,7.206119162640902,9.903381642512077,32.6154052603328,3.1333870101986045,9.708803005904455,5.837359098228664,0.5166398282340311,0.1878690284487386,0.1274825550187869,5.092592592592593,0.04696725711218465,0.0067096081588835215,0.013419216317767043,
148,,3.227321524422974,22.18196457326892,7.300053676865271,9.822866344605474,32.27992485238862,3.2340311325818574,9.809447128287708,5.938003220611916,0.5367686527106817,0.1878690284487386,0.1274825550187869,5.287171229200215,0.04696725711218465,0.0067096081588835215,0.013419216317767043,
149,,3.193773483628556,22.148416532474503,7.320182501341922,9.849704777241008,32.22624798711755,3.2206119162640903,9.802737520128824,6.038647342995169,0.5367686527106817,0.19457863660762212,0.1274825550187869,5.280461621041331,0.04696725711218465,,0.013419216317767043,
150,,3.126677402039721,21.886741814278047,7.467793880837359,9.883252818035427,32.09205582393988,3.2206119162640903,9.782608695652174,6.353998926462695,0.5233494363929146,0.19457863660762212,0.1274825550187869,5.280461621041331,0.04696725711218465,,0.013419216317767043,
151,,3.099838969404187,23.617820719269993,7.199409554482019,9.205582393988191,31.21309715512614,3.066290928609769,9.561191626409018,6.9310252281266775,0.5233494363929146,0.20128824476650564,0.1274825550187869,5.193236714975845,0.04696725711218465,,0.013419216317767043,
152,,3.079710144927536,23.51046698872786,7.078636607622115,9.205582393988191,30.877616747181964,2.9723564143853998,9.769189479334408,7.139023081052066,0.7112184648416533,0.16774020397208803,0.1274825550187869,5.300590445517981,0.04696725711218465,,0.013419216317767043,
153,,3.066290928609769,23.443370907139023,7.065217391304348,9.178743961352657,30.776972624798713,3.079710144927536,9.842995169082126,7.1658615136876005,0.7112184648416533,0.16774020397208803,0.1274825550187869,5.314009661835748,0.04696725711218465,,0.013419216317767043,
154,,3.052871712292002,23.262211486849168,7.300053676865271,9.084809447128288,30.52200751476114,3.1468062265163717,9.930220075147611,7.192699946323135,0.6910896403650026,0.16774020397208803,0.1274825550187869,5.4616210413311865,0.04696725711218465,,0.013419216317767043,
155,,3.052871712292002,23.2487922705314,7.427536231884058,9.07139023081052,30.387815351583466,3.126677402039721,10.071121846484166,7.112184648416532,0.7112184648416533,0.16774020397208803,0.1274825550187869,5.434782608695652,0.04696725711218465,,0.013419216317767043,
156,,3.052871712292002,23.121309715512613,7.501341921631776,9.078099838969404,30.246913580246915,3.207192699946323,10.205314009661835,7.085346215780999,0.7179280730005367,0.18115942028985507,0.10064412238325282,5.421363392377885,0.04696725711218465,0.020128824476650563,0.013419216317767043,
157,,3.0394524959742353,22.98040794417606,7.64224369296833,9.084809447128288,30.213365539452496,3.240740740740741,10.151637144390767,7.1725711218464845,0.6977992485238862,0.20799785292538917,0.10064412238325282,5.387815351583468,0.04696725711218465,0.020128824476650563,0.013419216317767043,
