,45,50,55,53,54,58,52,51,57,56
0,99.86580783682233,0.13419216317767044,,,,,,,,
1,99.59071390230811,0.4092860976918948,,,,,,,,
2,99.46994095544821,0.5300590445517982,,,,,,,,
3,98.83252818035427,1.1674718196457328,,,,,,,,
4,81.52844873859367,18.471551261406333,,,,,,,,
5,80.65619967793882,19.343800322061192,,,,,,,,
6,80.8239398819109,19.176060118089104,,,,,,,,
7,80.11272141706924,19.887278582930758,,,,,,,,
8,76.0198604401503,23.980139559849704,,,,,,,,
9,75.86553945249598,24.134460547504027,,,,,,,,
10,75.34219001610306,22.490606548577563,2.167203435319377,,,,,,,
11,73.50375738056897,24.342458400429415,2.15378421900161,,,,,,,
12,72.97369833601718,20.115405260332796,1.1540526033279657,5.300590445517981,0.4562533548040794,,,,,
13,72.77241009125068,20.182501341921633,1.1540526033279657,5.300590445517981,0.5904455179817498,,,,,
14,71.63177670424047,21.390230810520666,1.2345679012345678,5.152979066022544,0.5904455179817498,,,,,
15,71.51771336553945,21.390230810520666,1.7042404723564144,4.696725711218465,0.5904455179817498,0.10064412238325282,,,,
16,71.51100375738056,21.115136876006442,1.7042404723564144,4.696725711218465,0.8722490606548577,0.10064412238325282,,,,
17,65.37171229200214,27.254428341384862,1.7042404723564144,4.696725711218465,0.8722490606548577,0.10064412238325282,,,,
18,64.93558776167473,27.435587761674718,1.7042404723564144,4.683306494900698,1.0064412238325282,0.10064412238325282,0.13419216317767044,,,
19,65.15700483091787,27.274557165861513,1.7042404723564144,4.622920021470746,1.0064412238325282,0.10064412238325282,0.13419216317767044,,,
20,58.93719806763285,33.45410628019324,1.7042404723564144,4.622920021470746,0.9930220075147611,0.10064412238325282,0.1878690284487386,,,
21,59.064680622651636,33.21926999463231,1.8115942028985508,4.622920021470746,0.9930220075147611,0.10064412238325282,0.1878690284487386,,,
22,59.07139023081052,32.94417606011809,1.8115942028985508,4.622920021470746,1.1272141706924315,0.10064412238325282,0.1878690284487386,0.13419216317767044,,
23,59.23913043478261,32.88378958668814,1.8115942028985508,4.622920021470746,1.0198604401502953,0.10064412238325282,0.1878690284487386,0.13419216317767044,,
24,59.35319377348363,32.789855072463766,1.7981749865807837,4.616210413311863,1.0198604401502953,0.10064412238325282,0.1878690284487386,0.13419216317767044,,
25,59.312936124530324,32.729468599033815,1.8988191089640365,4.616210413311863,1.0198604401502953,0.10064412238325282,0.1878690284487386,0.13419216317767044,,
26,58.89694041867955,32.35373054213634,1.8988191089640365,4.616210413311863,1.0198604401502953,0.10064412238325282,0.17444981213097155,0.9393451422436929,,
27,58.9975845410628,32.25308641975309,1.8988191089640365,4.616210413311863,1.0198604401502953,0.10064412238325282,0.17444981213097155,0.9393451422436929,,
28,59.245840042941495,31.03864734299517,1.8853998926462694,5.595813204508857,1.0198604401502953,0.10064412238325282,0.17444981213097155,0.9393451422436929,,
29,59.44041867954911,30.88432635534085,1.8853998926462694,5.595813204508857,1.0198604401502953,0.10064412238325282,0.17444981213097155,0.8990874932903918,,
30,58.843263553408484,28.703703703703702,1.8853998926462694,6.501610305958132,1.0198604401502953,0.10064412238325282,0.17444981213097155,2.771068169618894,,
31,47.94015029522276,37.72812667740204,1.8853998926462694,6.501610305958132,1.0198604401502953,0.10064412238325282,0.17444981213097155,4.64975845410628,,
32,48.16156736446592,37.52012882447665,1.8853998926462694,6.353998926462695,1.0198604401502953,0.14761137949543746,0.17444981213097155,4.5960815888352125,0.14090177133655393,
33,48.2487922705314,37.33225979602791,1.9927536231884058,6.4345142243692965,1.0198604401502953,0.14761137949543746,0.17444981213097155,4.508856682769726,0.14090177133655393,
34,48.37627482555019,37.23161567364466,1.9927536231884058,6.414385399892646,1.0198604401502953,0.14761137949543746,0.17444981213097155,4.502147074610843,0.14090177133655393,
35,48.38298443370907,37.184648416532475,1.9927536231884058,6.508319914117015,0.966183574879227,0.14761137949543746,0.17444981213097155,4.502147074610843,0.14090177133655393,
36,47.85292538915727,36.218464841653244,1.9927536231884058,6.233225979602791,0.9594739667203436,0.14761137949543746,0.17444981213097155,6.280193236714976,0.14090177133655393,
37,47.99382716049383,36.111111111111114,1.9927536231884058,6.219806763285024,0.9594739667203436,0.14761137949543746,0.17444981213097155,6.260064412238325,0.14090177133655393,
38,48.2085346215781,35.89640365002684,1.9927536231884058,6.219806763285024,0.9594739667203436,0.14761137949543746,0.17444981213097155,6.260064412238325,0.14090177133655393,
39,48.23537305421363,35.91653247450349,1.9927536231884058,6.1862587224906065,0.9594739667203436,0.14761137949543746,0.17444981213097155,6.246645195920558,0.14090177133655393,
40,48.450080515297905,35.39318303811057,2.227589908749329,6.266774020397209,0.9125067096081588,0.14761137949543746,0.2214170692431562,6.246645195920558,0.13419216317767044,
41,48.671497584541065,35.158346752549654,2.328234031132582,6.219806763285024,0.9125067096081588,0.14761137949543746,0.2214170692431562,6.206387546967257,0.13419216317767044,
42,48.83252818035427,34.997316156736446,2.328234031132582,6.219806763285024,0.9125067096081588,0.14761137949543746,0.2214170692431562,6.206387546967257,0.13419216317767044,
43,47.89989264626946,37.3389694041868,2.4557165861513686,6.199677938808374,0.9125067096081588,0.14761137949543746,0.2214170692431562,4.690016103059581,0.13419216317767044,
44,48.13472893183038,37.124261943102525,2.4557165861513686,6.179549114331723,0.9125067096081588,0.14761137949543746,0.2214170692431562,4.690016103059581,0.13419216317767044,
45,46.745840042941495,38.55340848094471,2.4557165861513686,6.139291465378422,0.9125067096081588,0.14761137949543746,0.2214170692431562,4.690016103059581,0.13419216317767044,
46,46.9873859366613,38.36553945249597,2.4557165861513686,6.125872249060655,0.8722490606548577,0.14761137949543746,0.2214170692431562,4.690016103059581,0.13419216317767044,
47,47.08803005904455,38.1508319914117,2.4557165861513686,6.166129898013956,0.8722490606548577,0.14761137949543746,0.2214170692431562,4.7638217928073,0.13419216317767044,
48,47.26918947933441,36.66800858829844,2.7106816961889426,7.232957595276436,0.8655394524959742,0.14761137949543746,0.20799785292538917,4.7638217928073,0.13419216317767044,
49,47.497316156736446,36.480139559849704,2.6838432635534084,7.232957595276436,0.8655394524959742,0.14761137949543746,0.19457863660762212,4.7638217928073,0.13419216317767044,
50,47.54428341384863,36.292270531400966,2.871712292002147,7.226247987117552,0.8521202361782072,0.14761137949543746,0.19457863660762212,4.736983360171766,0.13419216317767044,
51,47.66505636070853,36.14465915190553,2.85829307568438,7.159151905528717,0.9594739667203436,0.14761137949543746,0.19457863660762212,4.736983360171766,0.13419216317767044,
52,34.23913043478261,51.301663982823406,2.3886205045625335,7.159151905528717,0.9326355340848095,0.14761137949543746,0.14761137949543746,3.549382716049383,0.13419216317767044,
53,33.44068706387547,51.92565754159957,2.5429414922168547,7.105475040257649,0.9326355340848095,0.14761137949543746,0.14761137949543746,3.6231884057971016,0.13419216317767044,
54,33.62855609232421,51.68411164787977,2.5429414922168547,7.159151905528717,0.9326355340848095,0.14761137949543746,0.14761137949543746,3.6231884057971016,0.13419216317767044,
55,33.964036500268385,51.25469672571122,2.6704240472356413,7.27992485238862,0.8655394524959742,0.14761137949543746,0.14761137949543746,3.535963499731616,0.13419216317767044,
56,33.80971551261406,51.308373590982285,2.6704240472356413,7.380568974771873,0.8655394524959742,0.14761137949543746,0.14761137949543746,3.535963499731616,0.13419216317767044,
57,34.38003220611916,50.85212023617821,2.85829307568438,7.2933440687063875,0.7917337627482555,0.14761137949543746,0.14761137949543746,3.3950617283950617,0.13419216317767044,
58,34.896672034353195,50.50322061191626,2.7643585614600106,7.219538378958669,0.7917337627482555,0.14761137949543746,0.14761137949543746,3.3950617283950617,0.13419216317767044,
59,21.195652173913043,68.14949006977993,1.8317230273752012,5.005367686527107,0.2281266774020397,0.14761137949543746,0.026838432635534086,3.280998389694042,0.13419216317767044,
60,19.32367149758454,67.33091787439614,1.8317230273752012,4.7101449275362315,0.1878690284487386,0.06038647342995169,0.026838432635534086,6.394256575415996,0.13419216317767044,
61,19.6256038647343,67.10279119699409,1.8048845947396672,4.7101449275362315,0.1878690284487386,0.06038647342995169,0.026838432635534086,6.347289318303811,0.13419216317767044,
62,20.471014492753625,64.71417069243157,3.3548040794417604,4.703435319377348,0.1878690284487386,0.06038647342995169,0.026838432635534086,6.347289318303811,0.13419216317767044,
63,20.229468599033815,52.21417069243156,2.8515834675254963,4.166666666666667,0.1878690284487386,0.06038647342995169,0.026838432635534086,20.128824476650564,0.13419216317767044,
64,20.974235104669887,51.60359634997316,2.9119699409554483,4.119699409554482,0.1878690284487386,0.06038647342995169,0.026838432635534086,19.981213097155127,0.13419216317767044,
65,21.041331186258724,51.207729468599034,3.2675791733762747,4.119699409554482,0.1878690284487386,0.06038647342995169,0.026838432635534086,19.95437466451959,0.13419216317767044,
66,21.235909822866343,51.05340848094471,3.2675791733762747,4.119699409554482,0.1878690284487386,0.06038647342995169,0.026838432635534086,19.91411701556629,0.13419216317767044,
67,21.611647879763822,50.85212023617821,3.3145464304884595,4.092860976918948,0.1878690284487386,0.06038647342995169,0.026838432635534086,19.719538378958667,0.13419216317767044,
68,22.007514761137948,50.59044551798175,3.3145464304884595,4.092860976918948,0.1878690284487386,0.06038647342995169,0.026838432635534086,19.585346215780998,0.13419216317767044,
69,22.591250670960815,50.17444981213097,3.294417606011809,4.092860976918948,0.1878690284487386,0.06038647342995169,0.026838432635534086,19.43773483628556,0.13419216317767044,
70,22.5577026301664,48.22195383789587,3.408480944712829,5.676328502415459,0.41599570585077833,0.17444981213097155,0.026838432635534086,19.384057971014492,0.13419216317767044,
71,22.81266774020397,47.89318303811057,3.556092324208266,5.676328502415459,0.5501878690284487,0.17444981213097155,0.026838432635534086,19.176060118089104,0.13419216317767044,
72,23.1280193236715,47.658346752549654,3.556092324208266,5.676328502415459,0.5501878690284487,0.17444981213097155,0.026838432635534086,19.0955448201825,0.13419216317767044,
73,23.503757380568974,47.27589908749329,3.556092324208266,5.676328502415459,0.5367686527106817,0.17444981213097155,0.026838432635534086,18.968062265163713,0.13419216317767044,0.14761137949543746
74,23.396403650026837,46.504294149221685,4.253891572732153,5.287171229200215,0.5367686527106817,0.1610305958132045,1.0869565217391304,18.625872249060656,,0.14761137949543746
75,23.503757380568974,46.39694041867955,4.253891572732153,5.287171229200215,0.5367686527106817,0.1610305958132045,1.0869565217391304,18.625872249060656,,0.14761137949543746
76,23.980139559849704,46.06816961889426,4.871175523349437,5.12614063338701,0.4025764895330113,0.1610305958132045,1.0869565217391304,18.156199677938808,,0.14761137949543746
77,24.208266237251745,45.98765432098765,4.7638217928073,5.065754159957058,0.4025764895330113,0.1610305958132045,1.0869565217391304,18.06226516371444,,0.2616747181964573
78,24.879227053140095,45.56494900697799,4.87788513150832,5.065754159957058,0.39586688137412773,0.1610305958132045,1.0869565217391304,17.70665593129361,,0.2616747181964573
79,25.10064412238325,45.24288781535159,4.99194847020934,5.065754159957058,0.39586688137412773,0.14761137949543746,1.0869565217391304,17.70665593129361,,0.2616747181964573
80,25.315351583467525,45.03488996242619,4.944981213097155,5.146269457863661,0.39586688137412773,0.14761137949543746,1.0869565217391304,17.53220611916264,,0.39586688137412773
81,24.86580783682233,42.41814278046162,4.830917874396135,8.393719806763285,0.39586688137412773,0.14761137949543746,1.0869565217391304,17.465110037573805,,0.39586688137412773
82,25.221417069243156,42.210144927536234,4.918142780461621,8.266237251744498,0.39586688137412773,0.14761137949543746,1.0399892646269457,17.404723564143854,,0.39586688137412773
83,25.348899624261943,42.14975845410628,4.918142780461621,8.259527643585615,0.38915727321524424,0.14761137949543746,1.0399892646269457,17.351046698872786,,0.39586688137412773
84,25.55689747718733,41.99543746645196,4.918142780461621,8.07836822329576,0.38915727321524424,0.14761137949543746,1.0399892646269457,17.351046698872786,0.1274825550187869,0.39586688137412773
85,26.04669887278583,41.6935050993022,4.824208266237251,8.064949006977992,0.38915727321524424,0.14761137949543746,1.0399892646269457,17.270531400966185,0.1274825550187869,0.39586688137412773
86,26.053408480944714,41.75389157273215,4.824208266237251,8.05823939881911,0.38915727321524424,0.14761137949543746,1.0399892646269457,17.21014492753623,0.1274825550187869,0.39586688137412773
87,26.422436929683307,41.458668813741276,4.944981213097155,8.05823939881911,0.38915727321524424,0.14761137949543746,1.0399892646269457,17.06924315619968,0.1274825550187869,0.3421900161030596
88,26.89210950080515,41.29092860976919,4.884594739667204,8.11862587224906,0.38915727321524424,0.14761137949543746,1.0198604401502953,16.80756843800322,0.1274825550187869,0.322061191626409
89,27.47584541062802,40.693773483628554,5.12614063338701,8.105206655931294,0.38915727321524424,0.14761137949543746,1.0198604401502953,16.59286097691895,0.1274825550187869,0.322061191626409
90,27.78448738593666,40.49919484702093,5.12614063338701,8.07836822329576,0.38915727321524424,0.14761137949543746,1.0198604401502953,16.505636070853463,0.1274825550187869,0.322061191626409
91,28.20048309178744,40.163714439076756,4.951690821256038,8.172302737520129,0.38915727321524424,0.14761137949543746,1.0198604401502953,16.505636070853463,0.1274825550187869,0.322061191626409
92,28.35480407944176,40.00939345142244,4.87788513150832,8.152173913043478,0.38915727321524424,0.14761137949543746,1.0198604401502953,16.59957058507783,0.1274825550187869,0.322061191626409
93,28.63660762211487,39.741009125067094,4.851046698872786,9.386741814278047,0.38915727321524424,0.14761137949543746,1.0198604401502953,15.237520128824476,0.1274825550187869,0.46296296296296297
94,28.670155662909288,39.72758990874933,4.851046698872786,9.353193773483628,0.38915727321524424,0.14761137949543746,1.0198604401502953,15.123456790123457,0.2549651100375738,0.46296296296296297
95,28.569511540526033,39.09688674181428,4.723564143853999,9.588030059044552,0.38915727321524424,0.14761137949543746,1.710950080515298,14.982555018786902,0.2549651100375738,0.5367686527106817
96,28.784219001610307,38.91572732152442,4.7101449275362315,9.588030059044552,0.38915727321524424,0.14761137949543746,1.710950080515298,14.962426194310252,0.2549651100375738,0.5367686527106817
97,29.220343531937736,38.64734299516908,4.643048845947397,9.514224369296834,0.7783145464304885,0.14761137949543746,1.6237251744498122,14.667203435319378,0.2549651100375738,0.5032206119162641
98,29.159957058507782,38.56682769726248,4.643048845947397,8.99087493290392,1.0534084809447128,0.14761137949543746,1.583467525496511,14.667203435319378,0.6843800322061192,0.5032206119162641
99,29.488727858293075,38.405797101449274,4.549114331723027,8.964036500268385,1.0534084809447128,0.14761137949543746,1.583467525496511,14.620236178207193,0.6843800322061192,0.5032206119162641
100,29.656468062265162,38.17096081588835,4.663177670424047,8.876811594202898,1.133923778851315,0.14761137949543746,1.583467525496511,14.579978529253891,0.6843800322061192,0.5032206119162641
101,29.61621041331186,38.056897477187334,4.669887278582931,9.057971014492754,1.1943102522812667,0.14761137949543746,1.556629092860977,14.566559312936125,0.630703166935051,0.5032206119162641
102,29.87788513150832,37.72141706924316,4.804079441760601,9.03113258185722,1.2815351583467525,0.14761137949543746,1.4895330112721417,14.512882447665056,0.630703166935051,0.5032206119162641
103,29.414922168545356,37.33225979602791,4.804079441760601,9.004294149221685,1.2815351583467525,0.14761137949543746,2.3752012882447664,14.506172839506172,0.630703166935051,0.5032206119162641
104,28.73054213633924,35.94337090713902,4.804079441760601,8.903650026838433,1.4492753623188406,0.14761137949543746,2.3752012882447664,16.512345679012345,0.630703166935051,0.5032206119162641
105,29.200214707461082,35.507246376811594,4.8443370907139025,8.950617283950617,1.3888888888888888,0.14761137949543746,2.3752012882447664,16.451959205582394,0.630703166935051,0.5032206119162641
106,29.24718196457327,35.43344068706388,4.8443370907139025,8.890230810520666,1.3888888888888888,0.14761137949543746,2.3752012882447664,16.451959205582394,0.7179280730005367,0.5032206119162641
107,29.1129898013956,34.88996242619431,4.8443370907139025,7.98443370907139,3.0327428878153517,0.14761137949543746,2.341653247450349,16.42512077294686,0.7179280730005367,0.5032206119162641
108,29.25389157273215,34.856414385399894,4.777241009125067,7.957595276435856,3.0327428878153517,0.14761137949543746,2.341653247450349,16.243961352657006,0.7179280730005367,0.6709608158883521
109,29.61621041331186,34.594739667203434,4.777241009125067,8.004562533548041,2.9723564143853998,0.14761137949543746,2.341653247450349,16.15673644659152,0.7179280730005367,0.6709608158883521
110,30.273752012882447,34.084809447128286,4.723564143853999,7.950885668276973,2.9253891572732154,0.14761137949543746,2.341653247450349,15.727321524422974,0.7179280730005367,1.107085346215781
111,29.26731078904992,33.70907139023081,4.64975845410628,7.9039184111647875,2.9388083735909825,0.14761137949543746,10.077831454643048,10.46027911969941,0.7179280730005367,0.1274825550187869
112,29.341116478797638,33.51449275362319,4.904723564143854,7.9039184111647875,2.9253891572732154,0.14761137949543746,9.977187332259795,10.44015029522276,0.7179280730005367,0.1274825550187869
113,29.381374127750938,33.32662372517445,4.904723564143854,7.763016639828234,2.898550724637681,0.1274825550187869,10.19189479334407,10.44015029522276,0.8387010198604401,0.1274825550187869
114,29.47530864197531,33.24610842726785,4.904723564143854,7.763016639828234,2.898550724637681,0.1274825550187869,10.19189479334407,10.426731078904991,0.8387010198604401,0.1274825550187869
115,29.57595276435856,32.870370370370374,5.045625335480408,7.856951154052603,3.026033279656468,0.1274825550187869,10.19189479334407,10.339506172839506,0.8387010198604401,0.1274825550187869
116,29.87788513150832,32.68250134192163,5.045625335480408,7.9106280193236715,3.026033279656468,0.1274825550187869,10.124798711755233,10.238862050456254,0.8387010198604401,0.1274825550187869
117,30.16639828234031,32.52818035426731,5.005367686527107,7.897208803005904,2.9924852388620504,0.1274825550187869,10.091250670960816,10.225442834138486,0.8387010198604401,0.1274825550187869
118,30.287171229200215,32.367149758454104,5.146269457863661,7.85024154589372,2.9924852388620504,0.1274825550187869,10.091250670960816,10.171765968867419,0.8387010198604401,0.1274825550187869
119,25.764895330112722,27.710681696188942,4.40150295222759,5.689747718733226,2.5563607085346214,0.1274825550187869,10.077831454643048,22.705314009661837,0.8387010198604401,0.1274825550187869
120,26.29495437466452,27.147074610842726,4.924852388620504,5.683038110574342,2.5563607085346214,0.1274825550187869,9.950348899624261,22.34970477724101,0.8387010198604401,0.1274825550187869
121,26.50966183574879,27.086688137412775,5.018786902844874,5.629361245303274,2.5026838432635534,0.1274825550187869,9.930220075147611,22.228931830381107,0.8387010198604401,0.1274825550187869
122,26.764626945786365,27.046430488459475,5.018786902844874,5.615942028985507,2.4825550187869028,0.1274825550187869,9.883252818035427,22.094739667203434,0.8387010198604401,0.1274825550187869
123,26.80488459473967,27.234299516908212,5.018786902844874,5.615942028985507,2.4825550187869028,0.1274825550187869,9.742351046698873,22.020933977455716,0.8252818035426731,0.1274825550187869
124,26.82501341921632,27.18733225979603,5.018786902844874,5.662909286097692,2.4825550187869028,0.1274825550187869,9.742351046698873,22.000805152979066,0.8252818035426731,0.1274825550187869
125,26.764626945786365,26.818303811057433,5.018786902844874,5.495169082125604,2.5831991411701556,0.1274825550187869,9.742351046698873,22.497316156736446,0.8252818035426731,0.1274825550187869
126,26.878690284487387,26.623725174449813,5.159688674181428,5.495169082125604,2.5831991411701556,0.1274825550187869,9.742351046698873,22.436929683306495,0.8252818035426731,0.1274825550187869
127,27.4422973698336,26.31508319914117,5.065754159957058,5.367686527106817,2.7643585614600106,0.1274825550187869,9.728931830381105,22.23564143853999,0.8252818035426731,0.1274825550187869
128,27.67042404723564,25.026838432635532,5.005367686527107,6.904186795491143,2.7106816961889426,0.1274825550187869,9.796027911969942,21.806226516371442,0.8252818035426731,0.1274825550187869
129,27.72410091250671,24.63768115942029,5.253623188405797,7.206119162640902,2.636876006441224,0.1274825550187869,9.769189479334408,21.692163177670423,0.8252818035426731,0.1274825550187869
130,27.938808373590984,24.610842726784757,5.193236714975845,7.206119162640902,2.636876006441224,0.1274825550187869,9.71551261406334,21.618357487922705,0.8252818035426731,0.1274825550187869
131,27.70397208803006,24.3894256575416,5.193236714975845,7.206119162640902,2.636876006441224,0.1274825550187869,9.648416532474503,22.14170692431562,0.8252818035426731,0.1274825550187869
132,27.89855072463768,24.329039184111647,5.12614063338701,7.199409554482019,2.636876006441224,0.2683843263553409,9.494095544820183,22.108158883521202,0.8118625872249061,0.1274825550187869
133,28.14009661835749,24.168008588298445,5.112721417069243,7.058507783145465,2.965646806226516,0.2683843263553409,9.29951690821256,22.04777241009125,0.8118625872249061,0.1274825550187869
134,28.482286634460547,24.060654857756308,5.112721417069243,7.058507783145465,2.9052603327965647,0.2683843263553409,9.29951690821256,21.87332259796028,0.8118625872249061,0.1274825550187869
135,28.153515834675254,23.376274825550187,5.10601180891036,6.998121309715513,2.844873859366613,0.2683843263553409,9.245840042941492,23.067632850241544,0.8118625872249061,0.1274825550187869
136,28.06629092860977,23.309178743961354,5.0791733762748255,6.998121309715513,2.965646806226516,0.2683843263553409,9.245840042941492,23.1280193236715,0.8118625872249061,0.1274825550187869
137,28.287707997852927,23.282340311325818,5.0791733762748255,6.998121309715513,2.9388083735909825,0.2683843263553409,9.245840042941492,22.96027911969941,0.8118625872249061,0.1274825550187869
138,27.70397208803006,22.81266774020397,4.938271604938271,7.568438003220612,2.7844873859366612,0.14090177133655393,13.573537305421363,20.128824476650564,0.2214170692431562,0.1274825550187869
139,28.173644659151904,22.71202361782072,4.904723564143854,7.440955448201825,2.6704240472356413,0.14090177133655393,13.513150831991412,20.095276435856146,0.2214170692431562,0.1274825550187869
140,28.401771336553946,22.611379495437465,4.804079441760601,7.548309178743962,2.6301663982823404,0.14090177133655393,13.439345142243694,20.075147611379496,0.2214170692431562,0.1274825550187869
141,29.052603327965645,22.33628556092324,4.7101449275362315,7.48792270531401,2.6167471819645733,0.11406333870101985,13.331991411701557,19.91411701556629,0.2214170692431562,0.2147074610842727
142,29.17337627482555,21.846484165324746,4.441760601180891,7.48792270531401,3.556092324208266,0.11406333870101985,13.097155126140633,19.847020933977454,0.2214170692431562,0.2147074610842727
143,29.58937198067633,21.71900161030596,4.696725711218465,7.48792270531401,3.535963499731616,0.11406333870101985,13.097155126140633,19.32367149758454,0.2214170692431562,0.2147074610842727
144,29.58937198067633,21.631776704240472,5.24020397208803,7.729468599033816,3.5292538915727323,0.11406333870101985,12.848899624261943,18.887546967257112,0.2214170692431562,0.20799785292538917
145,29.790660225442835,21.557971014492754,5.22007514761138,7.64224369296833,3.6366076221148687,0.11406333870101985,12.842190016103059,18.766774020397207,0.2214170692431562,0.20799785292538917
146,29.394793344068706,21.276167471819647,5.193236714975845,7.387278582930757,3.6366076221148687,0.11406333870101985,14.231078904991948,18.411164787976382,0.14761137949543746,0.20799785292538917
147,29.55582393988191,21.061460010735374,5.394524959742351,7.286634460547504,3.750670960815888,0.11406333870101985,14.197530864197532,18.283682232957595,0.14761137949543746,0.20799785292538917
148,28.73725174449812,19.290123456790123,4.562533548040794,7.185990338164252,2.6301663982823404,0.11406333870101985,13.969404186795492,23.15485775630703,0.14761137949543746,0.20799785292538917
149,29.106280193236714,19.276704240472355,4.562533548040794,7.098765432098766,2.7308105206655933,0.11406333870101985,13.94927536231884,22.805958132045088,0.14761137949543746,0.20799785292538917
150,29.294149221685455,19.26328502415459,4.555823939881911,7.098765432098766,2.7308105206655933,0.11406333870101985,13.942565754159958,22.644927536231883,0.14761137949543746,0.20799785292538917
151,29.388083735909824,18.9747718733226,4.508856682769726,8.011272141706923,2.7308105206655933,0.11406333870101985,13.915727321524423,22.000805152979066,0.14761137949543746,0.20799785292538917
152,29.461889425657542,18.82716049382716,4.508856682769726,7.977724100912507,2.7241009125067097,0.11406333870101985,13.915727321524423,22.114868491680085,0.14761137949543746,0.20799785292538917
153,29.66988727858293,18.800322061191626,4.508856682769726,7.971014492753623,2.7241009125067097,0.11406333870101985,13.902308105206655,21.953837895866883,0.14761137949543746,0.20799785292538917
154,29.750402576489535,18.59903381642512,4.64975845410628,7.971014492753623,2.6167471819645733,0.11406333870101985,14.023081052066559,21.920289855072465,0.14761137949543746,0.20799785292538917
155,30.24020397208803,18.55877616747182,4.64975845410628,7.50805152979066,2.6033279656468062,0.2147074610842727,14.110305958132045,21.76596886741814,0.14761137949543746,0.20128824476650564
156,30.56897477187332,18.531937734836287,4.636339237788513,7.447665056360709,2.6033279656468062,0.2147074610842727,13.955984970477724,21.537842190016104,0.30193236714975846,0.20128824476650564
157,30.837359098228664,18.531937734836287,4.602791196994096,7.333601717659689,2.576489533011272,0.2147074610842727,13.90901771336554,21.370101986044016,0.30193236714975846,0.322061191626409
158,31.031937734836287,18.46484165324745,4.435050993022007,7.333601717659689,2.7106816961889426,0.2147074610842727,13.828502415458937,21.35668276972625,0.30193236714975846,0.322061191626409
159,31.4345142243693,18.183038110574344,4.51556629092861,7.2933440687063875,2.7106816961889426,0.2147074610842727,13.667471819645733,21.35668276972625,0.30193236714975846,0.322061191626409
160,29.95169082125604,17.68652710681696,4.49543746645196,7.092055823939882,2.757648953301127,0.2147074610842727,13.66076221148685,23.61111111111111,0.2952227589908749,0.23483628556092323
161,29.97181964573269,17.58588298443371,4.455179817498658,7.192699946323135,2.898550724637681,0.2147074610842727,13.647342995169081,23.503757380568974,0.2952227589908749,0.23483628556092323
162,30.340848094471284,17.505367686527105,4.5893719806763285,7.078636607622115,2.8515834675254963,0.2147074610842727,13.553408480944713,23.336017176596886,0.2952227589908749,0.23483628556092323
163,30.401234567901234,17.498658078368223,4.5893719806763285,7.078636607622115,2.8247450348899625,0.2147074610842727,13.553408480944713,23.26892109500805,0.28180354267310787,0.2885131508319914
164,30.810520665593128,17.398013955984972,4.575952764358561,6.89747718733226,2.8247450348899625,0.2147074610842727,13.506441223832528,23.262211486849168,0.23483628556092323,0.27509393451422437
165,30.891035963499732,17.24369296833065,4.575952764358561,7.239667203435319,2.8247450348899625,0.2147074610842727,13.47289318303811,23.027375201288244,0.23483628556092323,0.27509393451422437
166,30.9849704777241,17.24369296833065,4.575952764358561,7.199409554482019,2.8247450348899625,0.2147074610842727,13.539989264626946,22.906602254428343,0.23483628556092323,0.27509393451422437
167,31.293612453032743,17.23027375201288,4.53569511540526,7.118894256575416,2.818035426731079,0.2147074610842727,13.425925925925926,22.852925389157274,0.23483628556092323,0.27509393451422437
168,31.676060118089104,17.062533548040793,4.528985507246377,7.058507783145465,2.7844873859366612,0.2147074610842727,13.352120236178207,22.69189479334407,0.35560923242082665,0.27509393451422437
169,32.03166935050993,17.022275899087493,4.468599033816425,7.011540526033279,2.771068169618894,0.2147074610842727,13.197799248523886,22.65163714439077,0.35560923242082665,0.27509393451422437
170,32.05179817498658,17.002147074610843,4.468599033816425,7.004830917874396,2.771068169618894,0.2147074610842727,13.16425120772947,22.571121846484164,0.35560923242082665,0.39586688137412773
171,32.31347289318304,17.07595276435856,4.461889425657541,6.971282877079979,2.771068169618894,0.2147074610842727,13.09044551798175,22.34970477724101,0.35560923242082665,0.39586688137412773
172,32.789855072463766,16.99543746645196,4.441760601180891,6.904186795491143,2.757648953301127,0.2147074610842727,13.009930220075148,22.134997316156735,0.35560923242082665,0.39586688137412773
173,32.98443370907139,16.861245303274288,4.5893719806763285,6.904186795491143,2.737520128824477,0.2147074610842727,12.99651100375738,21.960547504025765,0.35560923242082665,0.39586688137412773
174,33.380300590445515,16.800858829844337,4.51556629092861,6.904186795491143,2.7241009125067097,0.2147074610842727,12.949543746645196,21.75925925925926,0.35560923242082665,0.39586688137412773
175,33.3467525496511,16.740472356414386,4.455179817498658,6.9243156199677935,2.871712292002147,0.2147074610842727,12.942834138486312,21.651905528717123,0.33548040794417605,0.5166398282340311
176,33.41384863123994,16.639828234031132,4.374664519592056,6.9243156199677935,2.945517981749866,0.2147074610842727,12.942834138486312,21.692163177670423,0.33548040794417605,0.5166398282340311
177,33.50107353730542,16.566022544283413,4.361245303274289,6.991411701556629,3.0327428878153517,0.2147074610842727,12.848899624261943,21.631776704240472,0.33548040794417605,0.5166398282340311
178,33.923778851315085,16.552603327965645,4.361245303274289,6.971282877079979,3.026033279656468,0.2147074610842727,12.76838432635534,21.349973161567366,0.3153515834675255,0.5166398282340311
179,34.044551798174986,16.458668813741276,4.233762748255502,6.971282877079979,4.2270531400966185,0.2147074610842727,12.741545893719806,20.283145464304884,0.3153515834675255,0.5099302200751477
180,34.225711218464845,16.371443907675793,4.233762748255502,6.971282877079979,4.2203435319377345,0.2147074610842727,12.667740203972087,20.26972624798712,0.3153515834675255,0.5099302200751477
181,34.54777241009125,16.06280193236715,4.233762748255502,6.971282877079979,4.2203435319377345,0.2147074610842727,12.667740203972087,20.26972624798712,0.30193236714975846,0.5099302200751477
182,34.88996242619431,16.06280193236715,4.193505099302201,6.971282877079979,4.206924315619967,0.2147074610842727,12.513419216317766,20.135534084809446,0.30193236714975846,0.5099302200751477
183,35.39318303811057,15.848094471282877,4.193505099302201,6.944444444444445,4.193505099302201,0.2147074610842727,12.379227053140097,19.90740740740741,0.30193236714975846,0.6239935587761675
184,35.42002147074611,15.780998389694043,4.300858829844337,6.944444444444445,4.193505099302201,0.2147074610842727,12.31213097155126,19.75979602791197,0.4495437466451959,0.6239935587761675
185,35.19189479334407,14.922168545356952,4.341116478797638,8.427267847557703,4.079441760601181,0.2147074610842727,12.090713902308105,19.659151905528716,0.4495437466451959,0.6239935587761675
186,35.29253891572732,14.9020397208803,4.327697262479871,8.427267847557703,4.079441760601181,0.2147074610842727,12.084004294149223,19.598765432098766,0.4495437466451959,0.6239935587761675
187,35.52066559312936,14.942297369833602,4.327697262479871,8.340042941492216,3.9720880300590444,0.2147074610842727,12.13768115942029,19.350509930220074,0.5703166935050993,0.6239935587761675
188,35.909822866344605,14.942297369833602,4.327697262479871,8.225979602791197,3.9720880300590444,0.3488996242619431,11.929683306494901,19.14922168545357,0.5703166935050993,0.6239935587761675
189,35.68169618894257,15.807836822329575,4.294149221685454,8.09849704777241,3.9318303811057436,0.3488996242619431,11.922973698336017,18.719806763285025,0.5703166935050993,0.6239935587761675
190,36.02388620504563,15.747450348899624,4.26731078904992,8.07836822329576,3.911701556629093,0.3488996242619431,11.748523886205046,18.679549114331724,0.5703166935050993,0.6239935587761675
191,35.99704777241009,15.666935050993022,4.38137412775094,8.259527643585615,3.911701556629093,0.3488996242619431,11.647879763821793,18.592324208266238,0.5703166935050993,0.6239935587761675
192,36.18491680085883,15.546162104133119,4.49543746645196,8.158883521202362,3.898282340311326,0.3488996242619431,11.621041331186259,18.47826086956522,0.5434782608695652,0.7246376811594203
193,36.600912506709605,15.432098765432098,4.461889425657541,8.085077831454644,4.012345679012346,0.32877079978529256,11.54723564143854,18.263553408480945,0.5434782608695652,0.7246376811594203
194,36.922973698336016,15.425389157273216,4.461889425657541,7.98443370907139,4.012345679012346,0.32877079978529256,11.486849168008588,18.14278046162104,0.5099302200751477,0.7246376811594203
195,37.13768115942029,15.405260332796564,4.414922168545357,7.937466451959206,4.012345679012346,0.32877079978529256,11.466720343531938,18.06897477187332,0.5032206119162641,0.7246376811594203
196,37.37251744498121,15.365002683843263,4.522275899087493,7.856951154052603,3.9855072463768115,0.32877079978529256,11.292270531400966,18.06897477187332,0.5032206119162641,0.7045088566827697
197,37.714707461084274,15.210681696188942,4.522275899087493,7.769726247987117,3.965378421900161,0.32877079978529256,11.466720343531938,17.814009661835748,0.5032206119162641,0.7045088566827697
198,37.84219001610306,15.203972088030058,4.488727858293076,7.763016639828234,3.965378421900161,0.32877079978529256,11.419753086419753,17.780461621041333,0.5032206119162641,0.7045088566827697
199,38.238056897477186,15.116747181964573,4.488727858293076,7.722758990874933,3.965378421900161,0.322061191626409,11.191626409017713,17.773752012882447,0.5032206119162641,0.6776704240472357
200,38.66747181964573,14.794685990338165,4.38137412775094,7.796564680622652,3.9586688137412773,0.322061191626409,11.131239935587761,17.767042404723565,0.5032206119162641,0.6776704240472357
201,38.91572732152442,14.774557165861514,4.361245303274289,7.769726247987117,3.9586688137412773,0.322061191626409,11.124530327428879,17.599302200751477,0.5032206119162641,0.6709608158883521
202,39.22436929683307,14.600107353730541,4.361245303274289,7.769726247987117,3.9519592055823938,0.322061191626409,11.11111111111111,17.485238862050455,0.5032206119162641,0.6709608158883521
203,39.46591519055287,14.533011272141707,4.361245303274289,7.769726247987117,3.9519592055823938,0.30864197530864196,11.104401502952227,17.330917874396135,0.5032206119162641,0.6709608158883521
204,39.774557165861516,14.53972088030059,4.2270531400966185,7.742887815351583,3.9519592055823938,0.30864197530864196,10.976918947933441,17.3040794417606,0.5032206119162641,0.6709608158883521
205,40.09661835748792,14.432367149758454,4.2203435319377345,7.716049382716049,3.8848631239935587,0.30864197530864196,10.815888352120236,17.20343531937735,0.6508319914117016,0.6709608158883521
206,40.27106816961889,14.257917337627482,4.2203435319377345,7.702630166398282,4.119699409554482,0.30864197530864196,10.768921095008052,17.028985507246375,0.6508319914117016,0.6709608158883521
207,40.53274288781535,14.190821256038648,4.213633923778851,7.635534084809447,4.119699409554482,0.30864197530864196,10.681696188942565,16.874664519592056,0.6508319914117016,0.7917337627482555
208,40.747450348899626,14.184111647879764,4.133118625872249,7.635534084809447,4.1129898013955986,0.30864197530864196,10.641438539989265,16.794149221685455,0.6508319914117016,0.7917337627482555
209,40.92190016103059,14.090177133655395,4.133118625872249,7.635534084809447,4.1129898013955986,0.30864197530864196,10.63472893183038,16.720343531937736,0.6508319914117016,0.7917337627482555
210,39.01637144390767,12.983091787439614,3.9049919484702094,10.373054213633925,4.569243156199678,0.30864197530864196,10.225442834138486,17.351046698872786,0.6508319914117016,0.6172839506172839
211,39.12372517444981,12.902576489533011,3.8580246913580245,10.50053676865271,4.555823939881911,0.30864197530864196,10.158346752549651,17.337627482555018,0.6508319914117016,0.6038647342995169
212,39.412238325281805,12.721417069243156,3.8580246913580245,10.560923242082662,4.542404723564144,0.30864197530864196,10.0979602791197,17.24369296833065,0.6508319914117016,0.6038647342995169
213,39.66720343531938,12.667740203972087,3.9184111647879765,10.466988727858293,4.64975845410628,0.2952227589908749,10.02415458937198,17.05582393988191,0.6508319914117016,0.6038647342995169
214,39.84836285560923,12.52012882447665,4.05931293612453,10.453569511540525,4.64975845410628,0.2952227589908749,9.876543209876543,16.881374127750938,0.8118625872249061,0.6038647342995169
215,40.23081052066559,12.318840579710145,4.17337627482555,10.245571658615138,4.64975845410628,0.2952227589908749,9.86983360171766,16.800858829844337,0.8118625872249061,0.6038647342995169
216,40.61325818572195,12.298711755233494,4.066022544283414,10.225442834138486,4.609500805152979,0.2952227589908749,9.816156736446592,16.659957058507782,0.8118625872249061,0.6038647342995169
217,40.81454643048846,12.238325281803542,4.166666666666667,10.171765968867419,4.5960815888352125,0.2952227589908749,9.936929683306495,16.391572732152444,0.785024154589372,0.6038647342995169
218,41.22383252818035,12.110842726784755,4.1532474503489,10.010735373054214,4.502147074610843,0.2952227589908749,9.923510466988727,16.391572732152444,0.785024154589372,0.6038647342995169
219,41.606280193236714,12.077294685990339,4.106280193236715,9.863123993558776,4.4820182501341925,0.2952227589908749,9.916800858829845,16.284219001610307,0.785024154589372,0.5837359098228664
220,41.988727858293075,12.04374664519592,4.086151368760064,9.75577026301664,4.40150295222759,0.2952227589908749,9.916800858829845,16.14331723027375,0.785024154589372,0.5837359098228664
221,42.14975845410628,11.996779388083736,4.066022544283414,9.66183574879227,4.528985507246377,0.2952227589908749,9.876543209876543,16.056092324208265,0.785024154589372,0.5837359098228664
222,42.3040794417606,11.98336017176597,4.066022544283414,9.66183574879227,4.609500805152979,0.20799785292538917,9.789318303811058,16.022544283413847,0.785024154589372,0.5703166935050993
223,42.40472356414385,11.949812130971551,4.066022544283414,9.655126140633387,4.609500805152979,0.20799785292538917,9.789318303811058,15.962157809983896,0.785024154589372,0.5703166935050993
224,42.60601180891036,11.949812130971551,4.025764895330113,9.655126140633387,4.609500805152979,0.20799785292538917,9.77589908749329,15.814546430488459,0.785024154589372,0.5703166935050993
225,42.7536231884058,11.916264090177133,4.025764895330113,9.588030059044552,4.609500805152979,0.20799785292538917,9.762479871175524,15.780998389694043,0.785024154589372,0.5703166935050993
226,42.84084809447128,11.889425657541599,4.019055287171229,9.460547504025765,4.696725711218465,0.3153515834675255,9.75577026301664,15.666935050993022,0.785024154589372,0.5703166935050993
227,43.08239398819109,11.849168008588299,3.9989264626945786,9.178743961352657,4.690016103059581,0.3153515834675255,9.75577026301664,15.579710144927537,0.9057971014492754,0.644122383252818
