,45,50,53,54,51,52,55,56,57
0,94.14251207729468,5.857487922705314,,,,,,,
1,93.06226516371444,6.937734836285561,,,,,,,
2,75.9393451422437,22.04777241009125,2.0128824476650564,,,,,,
3,76.18760064412238,21.55126140633387,2.006172839506173,0.2549651100375738,,,,,
4,75.02683843263553,22.71202361782072,2.006172839506173,0.2549651100375738,,,,,
5,74.93290391841117,22.805958132045088,2.006172839506173,0.2549651100375738,,,,,
6,71.94041867954911,19.860440150295222,1.4962426194310252,0.2549651100375738,6.447933440687064,,,,
7,70.84004294149221,19.940955448201827,1.482823403113258,2.2745571658615136,5.4616210413311865,,,,
8,68.14949006977993,22.65163714439077,1.482823403113258,2.2745571658615136,5.441492216854535,,,,
9,67.32420826623725,23.47691894793344,1.482823403113258,2.2745571658615136,5.441492216854535,,,,
10,63.74127750939345,23.637949543746647,8.017981749865807,2.38191089640365,2.2208803005904456,,,,
11,61.822329575952764,25.5703166935051,8.004562533548041,2.38191089640365,2.2208803005904456,,,,
12,51.85856146001073,36.05072463768116,7.48792270531401,2.38191089640365,2.2208803005904456,,,,
13,51.992753623188406,35.93666129898014,7.481213097155126,2.368491680085883,2.2208803005904456,,,,
14,52.07326892109501,35.869565217391305,7.481213097155126,2.3550724637681157,2.2208803005904456,,,,
15,49.624261943102525,38.31857219538379,7.481213097155126,2.3550724637681157,2.2208803005904456,,,,
16,45.44417606011809,41.666666666666664,7.353730542136339,2.3550724637681157,3.180354267310789,,,,
17,45.52469135802469,41.58615136876006,7.353730542136339,2.3550724637681157,3.180354267310789,,,,
18,45.40391841116479,40.351583467525494,7.353730542136339,2.3550724637681157,3.388352120236178,1.1473429951690821,,,
19,44.41089640365003,41.36473429951691,7.353730542136339,2.3550724637681157,3.3682232957595275,1.1473429951690821,,,
20,43.947933440687066,39.95571658615137,7.353730542136339,2.3550724637681157,5.24020397208803,1.1473429951690821,,,
21,40.693773483628554,43.243424584004295,7.353730542136339,2.3349436392914655,5.226784755770263,1.1473429951690821,,,
22,38.439345142243695,41.727053140096615,5.790391841116479,1.1473429951690821,11.748523886205046,1.1473429951690821,,,
23,35.258990874932906,45.06172839506173,5.770263016639828,1.1473429951690821,11.647879763821793,1.1137949543746646,,,
24,34.58803005904455,44.0955448201825,5.434782608695652,1.1473429951690821,13.285024154589372,1.1137949543746646,0.33548040794417605,,
25,34.92351046698873,43.887546967257116,5.407944176060118,1.1473429951690821,13.18438003220612,1.1137949543746646,0.33548040794417605,,
26,35.07783145464305,43.79361245303274,5.407944176060118,1.1473429951690821,13.123993558776167,1.1137949543746646,0.33548040794417605,,
27,34.306226516371446,41.45195920558239,5.407944176060118,1.133923778851315,16.25067096081589,1.1137949543746646,0.33548040794417605,,
28,32.380568974771876,42.23698336017176,8.655394524959743,1.1272141706924315,14.190821256038648,1.0735373054213635,0.33548040794417605,,
29,28.005904455179817,43.974771873322595,7.917337627482555,1.1272141706924315,12.593934514224369,6.045356951154052,0.33548040794417605,,
30,22.75228126677402,48.772141706924316,7.682501341921632,1.1272141706924315,12.06387546967257,5.870907139023081,1.7310789049919484,,
31,23.020665593129362,44.68599033816425,5.723295759527644,1.1272141706924315,17.8743961352657,5.850778314546431,1.7176596886741815,,
32,23.450080515297905,44.37734836285561,5.689747718733226,1.1272141706924315,17.834138486312398,5.803811057434245,1.7176596886741815,,
33,23.289049919484704,42.693236714975846,3.3011272141706924,1.1272141706924315,15.68035426731079,12.526838432635534,1.3821792807300053,,
34,23.483628556092324,42.612721417069245,3.2877079978529253,1.1272141706924315,15.626677402039721,12.47987117552335,1.3821792807300053,,
35,22.69860440150295,38.60708534621578,3.280998389694042,2.408749329039184,16.740472356414386,14.9020397208803,1.3620504562533549,,
36,22.638217928073,35.29253891572732,3.280998389694042,3.750670960815888,17.102791196994094,16.5727321524423,1.3620504562533549,,
37,22.799248523886206,33.7157809983897,3.9519592055823938,3.750670960815888,16.465378421900162,17.954911433172303,1.3620504562533549,,
38,23.087761674718198,33.19243156199678,3.9519592055823938,3.750670960815888,16.411701556629094,17.901234567901234,1.7042404723564144,,
39,23.22866344605475,33.10520665593129,3.92512077294686,3.750670960815888,16.398282340311326,17.887815351583466,1.7042404723564144,,
40,23.32259796027912,33.05823939881911,3.7037037037037037,3.750670960815888,15.438808373590982,17.840848094471284,2.885131508319914,,
41,22.564412238325282,30.56226516371444,6.353998926462695,3.750670960815888,15.787707997852925,18.431293612453032,2.5496511003757383,,
42,21.041331186258724,37.19135802469136,4.5960815888352125,1.6975308641975309,15.68035426731079,17.250402576489535,2.5429414922168547,,
43,19.384057971014492,45.12211486849168,4.555823939881911,0.8118625872249061,14.673913043478262,12.224906065485776,3.227321524422974,,
44,17.223564143854,46.98067632850242,5.407944176060118,0.8118625872249061,14.626945786366075,10.681696188942565,4.26731078904992,,
45,17.444981213097154,46.27616747181965,5.367686527106817,0.8118625872249061,15.150295222758992,10.681696188942565,4.26731078904992,,
46,17.726784755770264,46.10842726784756,5.367686527106817,0.8118625872249061,15.069779924852389,10.648148148148149,4.26731078904992,,
47,17.881105743424584,43.974771873322595,6.910896403650026,0.8118625872249061,15.593129361245303,10.279119699409554,4.549114331723027,,
48,17.458400429414922,43.49168008588298,6.709608158883521,0.8118625872249061,15.53274288781535,11.446591519055287,4.549114331723027,,
49,15.170424047235642,48.20182501341922,5.676328502415459,0.8118625872249061,15.485775630703166,10.104669887278583,4.549114331723027,,
50,15.398550724637682,43.53864734299517,5.629361245303274,2.24771873322598,15.257648953301127,13.097155126140633,4.830917874396135,,
51,15.727321524422974,43.41116478797638,5.629361245303274,2.214170692431562,15.257648953301127,13.097155126140633,4.663177670424047,,
52,16.15673644659152,43.25013419216318,5.622651637144391,2.1739130434782608,15.197262479871176,13.036768652710682,4.562533548040794,,
53,16.324476650563607,43.13607085346216,5.595813204508857,2.1739130434782608,15.183843263553408,13.023349436392914,4.562533548040794,,
54,16.384863123993558,43.10923242082662,5.629361245303274,2.1739130434782608,15.136876006441224,13.003220611916264,4.562533548040794,,
55,16.626409017713364,42.99516908212561,5.609232420826624,2.1739130434782608,15.069779924852389,12.962962962962964,4.562533548040794,,
56,15.98899624261943,43.82045088566828,5.58239398819109,2.167203435319377,14.861782071927,12.922705314009661,4.656468062265164,,
57,16.11647879763822,43.76006441223833,5.58239398819109,2.1403650026838434,14.848362855609233,12.922705314009661,4.62962962962963,,
58,16.23054213633924,43.73993558776167,5.58239398819109,2.1403650026838434,14.848362855609233,12.828770799785293,4.62962962962963,,
59,16.586151368760063,43.43129361245303,5.5756843800322065,2.1403650026838434,14.814814814814815,12.828770799785293,4.622920021470746,,
60,16.304347826086957,42.52549651100376,9.151905528717123,1.9390767579173376,12.734836285560924,12.76838432635534,4.575952764358561,,
61,16.532474503488995,42.3845947396672,9.125067096081589,1.9256575415995705,12.714707461084272,12.741545893719806,4.575952764358561,,
62,16.666666666666668,42.371175523349436,9.084809447128288,1.9256575415995705,12.661030595813205,12.714707461084272,4.575952764358561,,
63,15.277777777777779,36.83574879227053,7.219538378958669,1.7847557702630166,12.177938808373591,23.765432098765434,2.9388083735909825,,
64,15.526033279656469,36.05072463768116,7.179280730005368,2.428878153515835,12.157809983896941,23.74530327428878,2.9119699409554483,,
65,15.942028985507246,35.98362855609233,7.179280730005368,2.428878153515835,11.963231347289318,23.63123993558776,2.871712292002147,,
66,15.861513687600644,34.27938808373591,6.769994632313473,2.428878153515835,13.378958668813741,24.93961352657005,2.341653247450349,,
67,16.056092324208265,34.23242082662372,6.769994632313473,2.4020397208803006,13.331991411701557,24.86580783682233,2.341653247450349,,
68,16.33118625872249,34.13177670424047,6.763285024154589,2.4020397208803006,13.331991411701557,24.698067632850243,2.341653247450349,,
69,16.686795491143318,33.9573268921095,6.6827697262479875,2.4020397208803006,13.251476113794954,24.67793880837359,2.341653247450349,,
70,16.002415458937197,31.756575415995705,6.6827697262479875,2.368491680085883,14.855072463768115,25.99302200751476,2.341653247450349,,
71,16.163446054750402,31.682769726247987,6.6827697262479875,2.368491680085883,14.855072463768115,25.771604938271604,2.475845410628019,,
72,15.955448201825014,32.1256038647343,6.6827697262479875,2.368491680085883,14.687332259796028,25.704508856682768,2.475845410628019,,
73,16.25738056897477,31.97128287707998,6.622383252818035,2.3617820719269993,14.673913043478262,25.670960815888353,2.442297369833602,,
74,16.344605475040257,31.93773483628556,6.622383252818035,2.3617820719269993,14.673913043478262,25.617283950617285,2.442297369833602,,
75,16.431830381105744,31.790123456790123,6.622383252818035,2.3617820719269993,14.63365539452496,25.603864734299517,2.5563607085346214,,
76,16.586151368760063,31.736446591519055,6.622383252818035,2.3617820719269993,14.593397745571659,25.543478260869566,2.5563607085346214,,
77,16.867954911433173,31.54186795491143,6.622383252818035,2.3617820719269993,14.553140096618357,25.51663982823403,2.536231884057971,,
78,16.935050993022006,31.468062265163713,7.024959742351046,2.49597423510467,14.06333870101986,25.47638217928073,2.536231884057971,,
79,17.176596886741816,31.394256575415994,7.024959742351046,2.49597423510467,14.04320987654321,25.328770799785293,2.536231884057971,,
80,16.7337627482555,30.857487922705314,7.763016639828234,2.49597423510467,17.485238862050455,22.228931830381107,2.4355877616747184,,
81,17.062533548040793,30.01207729468599,7.763016639828234,3.4151905528717124,17.411433172302736,21.900161030595815,2.4355877616747184,,
82,17.330917874396135,29.911433172302736,8.474235104669887,3.4151905528717124,16.948470209339774,21.812936124530328,2.1068169618894257,,
83,16.955179817498657,29.09286097691895,9.849704777241008,3.361513687600644,16.854535695115406,21.77938808373591,2.1068169618894257,,
84,17.2638217928073,28.878153515834676,9.822866344605474,3.3548040794417604,16.82769726247987,21.74584004294149,2.1068169618894257,,
85,17.384594739667204,28.844605475040257,9.822866344605474,3.3480944712828773,16.78743961352657,21.70558239398819,2.1068169618894257,,
86,17.20343531937735,31.57541599570585,9.809447128287708,3.3480944712828773,14.371980676328503,21.692163177670423,1.9994632313472893,,
87,17.344337090713903,30.92458400429415,9.769189479334408,4.314278046162104,14.096886741814279,21.55126140633387,1.9994632313472893,,
88,17.183306494900698,30.441492216854535,9.708803005904455,4.300858829844337,14.814814814814815,21.55126140633387,1.9994632313472893,,
89,17.51207729468599,30.327428878153516,9.708803005904455,4.300858829844337,14.626945786366075,21.524422973698336,1.9994632313472893,,
90,17.659688674181428,30.005367686527105,9.178743961352657,4.300858829844337,15.418679549114332,21.443907675791735,1.9927536231884058,,
91,17.901234567901234,29.944981213097154,9.138486312399356,4.193505099302201,15.385131508319914,21.443907675791735,1.9927536231884058,,
92,17.55233494363929,30.495169082125603,9.111647879763822,4.193505099302201,15.26435856146001,21.390230810520666,1.9927536231884058,,
93,17.867686527106816,30.253623188405797,9.091519055287172,4.186795491143317,15.217391304347826,21.390230810520666,1.9927536231884058,,
94,16.80756843800322,29.24718196457327,10.077831454643048,4.1532474503489,14.103596349973161,24.033816425120772,1.5767579173376274,,
95,17.12962962962963,29.13311862587225,10.050993022007514,4.05931293612453,14.016371443907676,24.033816425120772,1.5767579173376274,,
96,17.364465915190554,28.99892646269458,10.00402576489533,4.05931293612453,14.002952227589908,24.013687600644122,1.556629092860977,,
97,17.70665593129361,28.918411164787976,9.88996242619431,4.05931293612453,13.955984970477724,23.91304347826087,1.556629092860977,,
98,17.867686527106816,28.77750939345142,10.976918947933441,4.032474503488996,12.902576489533011,23.886205045625335,1.556629092860977,,
99,18.129361245303276,28.690284487385938,10.923242082662373,4.032474503488996,12.848899624261943,23.8191089640365,1.556629092860977,,
100,18.19645732689211,28.690284487385938,11.023886205045626,4.274020397208803,12.493290391841116,23.765432098765434,1.556629092860977,,
101,18.4447128287708,28.6231884057971,11.010466988727858,4.274020397208803,12.446323134728932,23.64465915190553,1.556629092860977,,
102,18.739935587761675,28.462157809983896,11.010466988727858,4.247181964573269,12.412775093934513,23.57085346215781,1.556629092860977,,
103,19.048577563070317,28.30112721417069,10.983628556092324,4.247181964573269,12.379227053140097,23.51046698872786,1.5297906602254427,,
104,19.196188942565755,28.24074074074074,10.983628556092324,4.247181964573269,12.379227053140097,23.423242082662373,1.5297906602254427,,
105,19.49141170155663,28.16022544283414,10.88298443370907,4.247181964573269,12.352388620504563,23.356146001073537,1.5096618357487923,,
106,19.867149758454108,28.10654857756307,10.72866344605475,4.247181964573269,12.23161567364466,23.309178743961354,1.5096618357487923,,
107,20.1959205582394,28.012614063338702,10.695115405260333,4.247181964573269,12.204777241009126,23.18840579710145,1.4559849704777241,,
108,20.39049919484702,27.871712292002147,10.695115405260333,4.193505099302201,12.204777241009126,23.18840579710145,1.4559849704777241,,
109,20.558239398819108,27.78448738593666,10.695115405260333,4.193505099302201,12.184648416532475,23.1280193236715,1.4559849704777241,,
110,19.068706387546968,26.06682769726248,13.036768652710682,3.556092324208266,18.780193236714975,18.04884594739667,1.442565754159957,,
111,18.61916264090177,24.9194847020934,13.036768652710682,3.556092324208266,18.666129898013956,19.887278582930758,1.3150831991411702,,
112,18.679549114331724,24.9194847020934,12.99651100375738,3.556092324208266,18.659420289855074,19.87385936661299,1.3150831991411702,,
113,19.142512077294686,24.859098228663445,12.895866881374127,3.549382716049383,18.592324208266238,19.64573268921095,1.3150831991411702,,
114,19.33709071390231,24.792002147074612,12.895866881374127,3.5292538915727323,18.51851851851852,19.612184648416534,1.3150831991411702,,
115,19.712828770799785,24.67793880837359,12.895866881374127,3.5292538915727323,18.370907139023082,19.51154052603328,1.3016639828234031,,
116,19.867149758454108,24.63768115942029,12.842190016103059,3.5292538915727323,18.35077831454643,19.47128287707998,1.3016639828234031,,
117,19.082125603864736,22.564412238325282,12.822061191626409,3.5292538915727323,18.276972624798713,22.10144927536232,1.6237251744498122,,
118,19.310252281266774,22.376543209876544,12.338969404186795,3.5292538915727323,18.276972624798713,22.544283413848632,1.6237251744498122,,
119,19.424315619967793,22.376543209876544,12.338969404186795,3.5292538915727323,18.23671497584541,22.470477724100913,1.6237251744498122,,
120,19.847020933977454,22.148416532474503,12.084004294149223,3.3011272141706924,18.00187869028449,23.007246376811594,1.6103059581320451,,
121,19.994632313472895,21.812936124530328,12.52012882447665,3.2139023081052067,17.934782608695652,22.913311862587225,1.6103059581320451,,
122,20.417337627482556,21.571390230810522,12.493290391841116,3.0864197530864197,17.907944176060116,22.913311862587225,1.6103059581320451,,
123,20.7662372517445,21.464036500268385,12.47987117552335,3.0864197530864197,17.860976918947934,22.73215244229737,1.6103059581320451,,
124,19.135802469135804,18.14278046162104,9.634997316156737,2.200751476113795,29.49543746645196,20.142243692968332,1.247987117552335,,
125,19.30354267310789,18.14278046162104,9.634997316156737,2.200751476113795,29.374664519592056,20.095276435856146,1.247987117552335,,
126,19.390767579173378,18.109232420826622,9.608158883521202,2.200751476113795,30.495169082125603,18.947933440687063,1.247987117552335,,
127,19.578636607622116,18.109232420826622,9.594739667203436,2.1739130434782608,30.367686527106816,18.927804616210413,1.247987117552335,,
128,19.672571121846484,17.58588298443371,9.594739667203436,2.589908749329039,30.300590445517983,18.887546967257112,1.3687600644122384,,
129,19.82018250134192,17.55233494363929,9.594739667203436,2.589908749329039,30.22007514761138,18.853998926462694,1.3687600644122384,,
130,20.142243692968332,17.518786902844873,9.5276435856146,2.576489533011272,30.099302200751477,18.766774020397207,1.3687600644122384,,
131,20.209339774557165,17.518786902844873,9.5276435856146,2.9052603327965647,29.74369296833065,18.726516371443907,1.3687600644122384,,
132,20.38378958668814,17.465110037573805,9.460547504025765,2.9052603327965647,29.716854535695116,18.699677938808374,1.3687600644122384,,
133,20.41062801932367,16.847826086956523,9.433709071390231,2.9052603327965647,30.401234567901234,18.632581857219538,1.3687600644122384,,
134,20.665593129361245,16.847826086956523,9.433709071390231,2.898550724637681,30.280461621041333,18.50509930220075,1.3687600644122384,,
135,20.75281803542673,16.841116478797638,9.386741814278047,2.898550724637681,30.280461621041333,18.4849704777241,1.3553408480944713,,
136,20.913848631239937,16.82769726247987,8.36688137412775,2.898550724637681,31.219806763285025,18.417874396135264,1.3553408480944713,,
137,21.068169618894256,16.82769726247987,8.36688137412775,2.918679549114332,31.085614600107355,18.377616747181964,1.3553408480944713,,
138,21.175523349436393,16.894793344068706,8.353462157809984,2.9119699409554483,30.971551261406333,18.337359098228664,1.3553408480944713,,
139,21.34326355340848,16.861245303274288,9.23913043478261,2.871712292002147,30.515297906602253,17.814009661835748,1.3553408480944713,,
140,21.658615136876005,16.774020397208805,9.205582393988191,2.871712292002147,30.280461621041333,17.70665593129361,1.5029522275899088,,
141,21.93370907139023,16.75389157273215,10.406602254428341,2.690552871712292,29.180085882984432,17.538915727321523,1.4962426194310252,,
142,20.873590982286636,13.868760064412239,11.05072463768116,1.5029522275899088,28.904991948470208,22.302737520128826,1.4962426194310252,,
143,21.141975308641975,13.808373590982287,11.037305421363392,1.5029522275899088,28.878153515834676,22.134997316156735,1.4962426194310252,,
144,20.73268921095008,13.553408480944713,10.916532474503489,1.5029522275899088,31.21309715512614,20.705850778314545,1.3754696725711217,,
145,20.860171765968868,13.533279656468062,10.916532474503489,1.5029522275899088,31.159420289855074,20.652173913043477,1.3754696725711217,,
146,20.202630166398283,13.513150831991412,10.903113258185721,1.5029522275899088,33.61513687600644,18.887546967257112,1.3754696725711217,,
147,20.33011272141707,13.47289318303811,10.869565217391305,1.5029522275899088,32.79656468062265,18.82716049382716,2.200751476113795,,
148,20.44417606011809,13.446054750402576,10.869565217391305,1.5029522275899088,32.7361782071927,18.800322061191626,2.200751476113795,,
149,20.42404723564144,13.727858293075684,10.849436392914654,1.5029522275899088,32.64224369296833,18.65271068169619,2.200751476113795,,
150,20.645464304884594,13.707729468599034,10.82259796027912,1.5029522275899088,32.56172839506173,18.55877616747182,2.200751476113795,,
151,20.82662372517445,13.667471819645733,10.789049919484702,1.5029522275899088,32.52147074610843,18.491680085882983,2.200751476113795,,
152,16.384863123993558,32.80327428878154,6.622383252818035,1.1406333870101986,26.04669887278583,15.069779924852389,1.932367149758454,,
153,16.472088030059044,32.749597423510465,6.608964036500268,1.1406333870101986,26.02657004830918,15.069779924852389,1.932367149758454,,
154,16.297638217928075,32.6556629092861,7.407407407407407,1.1272141706924315,25.046967257112186,14.526301663982823,2.9388083735909825,,
155,16.451959205582394,32.608695652173914,7.340311325818572,1.1272141706924315,25.046967257112186,14.486044015029522,2.9388083735909825,,
156,16.71363392377885,32.54830917874396,7.300053676865271,1.1272141706924315,24.912775093934513,14.459205582393988,2.9388083735909825,,
157,16.914922168545356,32.44095544820183,7.300053676865271,1.1272141706924315,24.872517444981213,14.459205582393988,2.885131508319914,,
158,17.01556629092861,32.360440150295226,7.0383789586688135,2.0263016639828235,24.268652710681696,14.40552871712292,2.885131508319914,,
159,17.28395061728395,32.21953837895867,7.0383789586688135,2.0263016639828235,24.194847020933977,14.371980676328503,2.8650026838432634,,
160,17.51207729468599,32.045088566827694,6.649221685453569,2.0263016639828235,24.02710681696189,14.875201288244767,2.8650026838432634,,
161,17.364465915190554,31.709608158883523,6.635802469135802,1.8384326355340848,24.671229200214707,14.36527106816962,3.4151905528717124,,
162,17.424852388620504,31.682769726247987,6.635802469135802,1.8384326355340848,24.651100375738057,14.351851851851851,3.4151905528717124,,
163,17.54562533548041,31.655931293612454,6.561996779388084,1.8384326355340848,24.50348899624262,14.318303811057435,3.4151905528717124,0.1610305958132045,
164,17.62614063338701,31.588835212023618,6.5485775630703165,1.8250134192163177,24.08078368223296,14.754428341384862,3.4151905528717124,0.1610305958132045,
165,17.834138486312398,31.5552871712292,6.481481481481482,1.8250134192163177,24.00697799248524,14.74771873322598,3.388352120236178,0.1610305958132045,
166,17.94820182501342,31.4747718733226,6.481481481481482,1.8250134192163177,23.97342995169082,14.74771873322598,3.388352120236178,0.1610305958132045,
167,17.85426731078905,31.333870101986044,7.380568974771873,1.8250134192163177,23.93317230273752,14.123725174449811,3.388352120236178,0.1610305958132045,
168,18.243424584004295,31.166129898013956,7.367149758454106,1.8250134192163177,23.731884057971016,14.110305958132045,3.3413848631239937,0.2147074610842727,
169,18.59903381642512,31.03864734299517,7.353730542136339,2.3483628556092326,23.315888352120236,14.002952227589908,3.126677402039721,0.2147074610842727,
170,18.887546967257112,30.96484165324745,7.185990338164252,2.3483628556092326,23.315888352120236,13.955984970477724,3.126677402039721,0.2147074610842727,
171,19.108964036500268,30.823939881910896,7.185990338164252,2.3483628556092326,23.30246913580247,13.88888888888889,3.126677402039721,0.2147074610842727,
172,19.363929146537842,30.555555555555557,7.179280730005368,2.3483628556092326,23.255501878690286,13.855340848094471,3.227321524422974,0.2147074610842727,
173,19.632313472893184,30.12614063338701,7.179280730005368,2.3483628556092326,23.09447128287708,13.855340848094471,3.549382716049383,0.2147074610842727,
174,19.189479334406872,30.03220611916264,7.011540526033279,1.8250134192163177,25.946054750402578,13.6808910359635,1.9592055823939882,0.35560923242082665,
175,19.404186795491142,29.958400429414922,7.004830917874396,1.8250134192163177,25.85212023617821,13.647342995169081,1.9524959742351047,0.35560923242082665,
176,19.639023081052066,29.830917874396135,7.004830917874396,1.8250134192163177,25.731347289318304,13.553408480944713,2.059849704777241,0.35560923242082665,
177,19.73966720343532,29.66988727858293,7.004830917874396,1.9659151905528718,25.704508856682768,13.553408480944713,2.006172839506173,0.35560923242082665,
178,20.021470746108427,29.528985507246375,7.004830917874396,1.9390767579173376,25.684380032206118,13.466183574879228,1.9994632313472893,0.35560923242082665,
179,20.316693505099302,29.455179817498657,6.991411701556629,1.9189479334406871,25.583735909822867,13.378958668813741,1.9994632313472893,0.35560923242082665,
180,20.578368223295758,26.321792807300053,10.151637144390767,1.9189479334406871,25.34219001610306,13.331991411701557,1.9994632313472893,0.35560923242082665,
181,20.75281803542673,26.29495437466452,10.077831454643048,1.90552871712292,25.301932367149757,13.311862587224907,1.9994632313472893,0.35560923242082665,
182,20.974235104669887,26.127214170692433,9.957058507783145,3.227321524422974,23.1682769726248,13.278314546430488,2.1604938271604937,1.107085346215781,
183,21.068169618894256,26.080246913580247,9.957058507783145,3.227321524422974,23.141438539989263,13.258185721953838,2.1604938271604937,1.107085346215781,
184,21.296296296296298,26.080246913580247,9.876543209876543,3.227321524422974,23.013955984970476,13.238056897477188,2.1604938271604937,1.107085346215781,
185,21.531132581857218,25.986312399355878,9.836285560923242,3.2139023081052067,22.926731078904993,13.238056897477188,2.1604938271604937,1.107085346215781,
186,21.578099838969404,25.939345142243692,9.836285560923242,3.2139023081052067,22.926731078904993,13.238056897477188,2.1604938271604937,1.107085346215781,
187,21.83977455716586,25.355609232420825,9.809447128287708,3.9049919484702094,22.591250670960815,13.238056897477188,2.15378421900161,1.107085346215781,
188,22.074610842726784,25.32206119162641,9.809447128287708,3.8177670424047236,22.48389694041868,13.238056897477188,2.147074610842727,1.107085346215781,
189,22.228931830381107,25.234836285560924,9.789318303811058,3.8177670424047236,22.463768115942027,13.211218464841654,2.147074610842727,1.107085346215781,
190,22.148416532474503,24.832259796027913,9.762479871175524,3.8177670424047236,22.41009125067096,13.774825550187868,2.147074610842727,1.107085346215781,
191,22.57783145464305,24.67793880837359,9.762479871175524,3.81105743424584,22.20209339774557,13.714439076757918,2.147074610842727,1.107085346215781,
192,22.987117552334944,24.590713902308106,9.749060654857756,3.81105743424584,22.128287707997853,13.560118089103597,2.0933977455716586,1.0802469135802468,
193,22.893183038110575,24.52361782071927,9.722222222222221,4.394793344068707,22.054482018250134,13.251476113794954,2.0799785292538915,1.0802469135802468,
194,23.17498658078368,24.329039184111647,10.567632850241546,4.367954911433173,21.980676328502415,12.426194310252281,2.073268921095008,1.0802469135802468,
195,23.738593666129898,24.235104669887278,10.527375201288244,4.367954911433173,21.93370907139023,12.050456253354804,2.0665593129361244,1.0802469135802468,
196,24.08749329039184,24.10762211486849,10.493827160493828,4.361245303274289,21.83977455716586,11.996779388083736,2.033011272141707,1.0802469135802468,
197,23.731884057971016,23.926462694578635,10.299248523886206,4.1532474503489,22.98040794417606,11.81561996779388,2.033011272141707,1.0601180891035964,
198,24.08078368223296,23.832528180354267,10.25228126677402,4.1532474503489,22.82608695652174,11.761943102522812,2.033011272141707,1.0601180891035964,
199,24.174718196457327,23.825818572195384,10.21202361782072,4.1532474503489,22.799248523886206,11.741814278046162,2.033011272141707,1.0601180891035964,
200,24.490069779924852,23.772141706924316,10.037573805689748,4.119699409554482,22.785829307568438,11.714975845410628,2.033011272141707,1.0466988727858293,
201,24.590713902308106,23.738593666129898,10.037573805689748,4.119699409554482,22.745571658615138,11.688137412775093,2.033011272141707,1.0466988727858293,
202,24.832259796027913,23.718464841653248,9.977187332259795,4.119699409554482,22.69860440150295,11.574074074074074,2.033011272141707,1.0466988727858293,
203,25.38244766505636,23.63123993558776,9.943639291465379,4.092860976918948,22.5577026301664,11.312399355877616,2.033011272141707,1.0466988727858293,
204,25.509930220075148,23.597691894793343,9.930220075147611,4.079441760601181,22.530864197530864,11.29898013955985,2.006172839506173,1.0466988727858293,
205,25.623993558776167,23.55072463768116,9.930220075147611,4.079441760601181,22.50402576489533,11.258722490606548,2.006172839506173,1.0466988727858293,
206,25.925925925925927,23.336017176596886,10.077831454643048,4.079441760601181,22.477187332259795,11.097691894793345,1.9592055823939882,1.0466988727858293,
207,26.01315083199141,23.32259796027912,10.064412238325282,4.079441760601181,22.416800858829845,11.097691894793345,1.9592055823939882,1.0466988727858293,
208,26.32850241545894,23.255501878690286,10.064412238325282,4.019055287171229,22.29602791196994,11.057434245840042,1.932367149758454,1.0466988727858293,
209,26.019860440150296,22.322866344605476,9.675254965110037,3.878153515834675,23.07434245840043,11.003757380568974,2.9790660225442833,1.0466988727858293,
210,26.476113794954376,22.114868491680085,9.628287707997853,3.8580246913580245,22.906602254428343,10.997047772410092,2.9723564143853998,1.0466988727858293,
211,26.818303811057433,21.947128287707997,9.628287707997853,3.8580246913580245,22.859634997316157,10.88298443370907,2.9589371980676327,1.0466988727858293,
212,27.086688137412775,21.900161030595815,9.621578099838969,3.8580246913580245,22.765700483091788,10.802469135802468,2.918679549114332,1.0466988727858293,
213,27.167203435319376,21.846484165324746,9.621578099838969,3.8580246913580245,22.73886205045625,10.802469135802468,2.918679549114332,1.0466988727858293,
214,27.254428341384862,21.812936124530328,9.574610842726784,3.8580246913580245,22.73886205045625,10.795759527643586,2.918679549114332,1.0466988727858293,
215,27.690552871712292,21.69887278582931,9.541062801932368,3.7775093934514223,22.644927536231883,10.681696188942565,2.918679549114332,1.0466988727858293,
216,27.811325818572197,21.672034353193773,9.541062801932368,3.7775093934514223,22.57783145464305,10.668276972624799,2.9052603327965647,1.0466988727858293,
217,27.865002683843265,21.531132581857218,7.890499194847021,3.750670960815888,24.496779388083738,10.554213633923778,2.8650026838432634,1.0466988727858293,
218,27.965646806226516,21.504294149221685,7.856951154052603,3.730542136339238,24.48336017176597,10.547504025764896,2.8650026838432634,1.0466988727858293,
219,28.27428878153516,21.4573268921095,7.856951154052603,3.7037037037037037,24.335748792270532,10.513955984970478,2.8113258185721954,1.0466988727858293,
220,28.556092324208265,21.370101986044016,7.856951154052603,3.7037037037037037,24.174718196457327,10.48040794417606,2.8113258185721954,1.0466988727858293,
221,28.73725174449812,21.336553945249598,7.816693505099302,3.69699409554482,24.074074074074073,10.399892646269459,2.8918411164787976,1.0466988727858293,
222,28.784219001610307,21.32313472893183,7.816693505099302,3.69699409554482,24.074074074074073,10.36634460547504,2.8918411164787976,1.0466988727858293,
223,29.13311862587225,21.215780998389693,7.75630703166935,3.6768652710681695,23.946591519055286,10.332796564680622,2.8918411164787976,1.0466988727858293,
224,29.374664519592056,21.18894256575416,7.716049382716049,3.6768652710681695,23.8191089640365,10.285829307568438,2.8918411164787976,1.0466988727858293,
225,29.455179817498657,21.021202361782073,7.25979602791197,3.670155662909286,23.416532474503487,11.245303274288782,2.8918411164787976,1.0399892646269457,
226,29.74369296833065,20.94068706387547,7.192699946323135,3.629898013955985,23.356146001073537,11.245303274288782,2.8515834675254963,1.0399892646269457,
227,29.64975845410628,18.57890499194847,6.951154052603328,3.5225442834138487,23.2085346215781,14.392109500805153,2.657004830917874,1.0399892646269457,
228,29.857756307031668,18.5252281266774,6.937734836285561,3.5225442834138487,23.141438539989263,14.331723027375201,2.6435856146001075,1.0399892646269457,
229,30.112721417069242,18.411164787976382,6.9310252281266775,3.488996242619431,23.09447128287708,14.284755770263017,2.636876006441224,1.0399892646269457,
230,30.300590445517983,18.397745571658614,6.9310252281266775,3.488996242619431,22.953569511540525,14.284755770263017,2.6033279656468062,1.0399892646269457,
231,30.24020397208803,18.317230273752013,6.910896403650026,3.9318303811057436,22.69860440150295,14.257917337627482,2.6033279656468062,1.0399892646269457,
232,30.327428878153516,18.310520665593128,6.890767579173376,3.9184111647879765,22.65163714439077,14.257917337627482,2.6033279656468062,1.0399892646269457,
233,30.52200751476114,18.283682232957595,6.890767579173376,3.9184111647879765,22.544283413848632,14.210950080515298,2.589908749329039,1.0399892646269457,
234,30.649490069779926,18.23671497584541,6.877348362855609,3.8915727321524423,22.517444981213096,14.210950080515298,2.576489533011272,1.0399892646269457,
235,30.73671497584541,18.183038110574344,6.870638754696726,3.8915727321524423,22.517444981213096,14.184111647879764,2.576489533011272,1.0399892646269457,
236,30.99838969404187,18.149490069779926,6.857219538378959,3.8915727321524423,22.436929683306495,14.096886741814279,2.5295222758990876,1.0399892646269457,
237,31.508319914117017,18.02200751476114,6.857219538378959,3.730542136339238,22.269189479334408,14.070048309178745,2.5026838432635534,1.0399892646269457,
238,31.528448738593667,17.60601180891036,6.857219538378959,4.622920021470746,22.23564143853999,13.620504562533547,2.4892646269457863,1.0399892646269457,
239,31.662640901771336,17.57246376811594,6.837090713902308,4.5960815888352125,22.20209339774557,13.600375738056897,2.4892646269457863,1.0399892646269457,
240,31.850509930220074,17.49194847020934,6.763285024154589,4.5960815888352125,22.054482018250134,13.56682769726248,2.636876006441224,1.0399892646269457,
241,32.19269994632314,17.12962962962963,6.092324208266238,4.5960815888352125,23.05421363392378,13.331991411701557,2.563070316693505,1.0399892646269457,
242,32.427536231884055,17.11621041331186,6.072195383789587,4.53569511540526,23.047504025764894,13.197799248523886,2.563070316693505,1.0399892646269457,
243,32.118894256575416,17.11621041331186,7.179280730005368,4.38137412775094,22.396672034353195,13.117283950617283,2.6502952227589907,1.0399892646269457,
244,32.340311325818575,17.10950080515298,7.179280730005368,4.3545356951154055,22.208803005904453,13.117283950617283,2.6502952227589907,1.0399892646269457,
245,32.420826623725176,17.10950080515298,7.1725711218464845,4.3545356951154055,22.168545356951153,13.097155126140633,2.636876006441224,1.0399892646269457,
246,32.56172839506173,17.10950080515298,7.1725711218464845,4.3545356951154055,22.094739667203434,13.043478260869565,2.623456790123457,1.0399892646269457,
247,32.76301663982824,17.09608158883521,7.0383789586688135,4.3545356951154055,21.926999463231347,13.023349436392914,2.623456790123457,1.1741814278046163,
248,32.890499194847024,17.07595276435856,7.0383789586688135,4.3545356951154055,21.89345142243693,12.949543746645196,2.623456790123457,1.1741814278046163,
249,33.21256038647343,16.97530864197531,7.0383789586688135,4.320987654320987,21.85990338164251,12.795222758990874,2.623456790123457,1.1741814278046163,
250,33.47423510466989,16.948470209339774,7.03166935050993,4.320987654320987,21.430488459473967,12.72812667740204,2.623456790123457,1.442565754159957,
251,33.95061728395062,16.901502952227588,7.024959742351046,4.2270531400966185,21.4170692431562,12.694578636607622,2.341653247450349,1.442565754159957,
252,34.07139023081052,16.874664519592056,7.018250134192163,4.2270531400966185,21.4170692431562,12.607353730542137,2.341653247450349,1.442565754159957,
253,34.15190552871712,16.847826086956523,7.004830917874396,4.2270531400966185,21.3768115942029,12.607353730542137,2.341653247450349,1.442565754159957,
254,34.346484165324746,16.834406870638755,6.9243156199677935,4.213633923778851,21.296296296296298,12.600644122383253,2.341653247450349,1.442565754159957,
255,34.45383789586688,16.820987654320987,6.9243156199677935,4.213633923778851,21.24932903918411,12.567096081588835,2.328234031132582,1.442565754159957,
256,34.574610842726784,16.740472356414386,6.9243156199677935,4.3545356951154055,21.20907139023081,12.533548040794418,2.2208803005904456,1.442565754159957,
257,34.74906065485776,16.70692431561997,6.910896403650026,4.3545356951154055,21.155394524959743,12.4597423510467,2.2208803005904456,1.442565754159957,
258,35.15163714439077,16.61969940955448,6.890767579173376,4.3478260869565215,20.94068706387547,12.406065485775631,2.2074610842726785,1.4358561460010735,
259,35.218733225979605,16.61969940955448,6.877348362855609,4.669887278582931,20.78636607622115,12.406065485775631,2.2074610842726785,1.2144390767579174,
260,35.27241009125067,16.606280193236714,6.863929146537842,4.669887278582931,20.759527643585614,12.406065485775631,2.2074610842726785,1.2144390767579174,
261,35.39989264626946,16.552603327965645,6.863929146537842,4.643048845947397,20.739398819108963,12.379227053140097,2.2074610842726785,1.2144390767579174,
262,35.560923242082666,16.51905528717123,6.843800322061192,4.643048845947397,20.71256038647343,12.298711755233494,2.2074610842726785,1.2144390767579174,
263,35.63472893183038,16.505636070853463,6.796833064949007,4.643048845947397,20.705850778314545,12.298711755233494,2.200751476113795,1.2144390767579174,
264,35.77563070316693,16.411701556629094,6.796833064949007,4.643048845947397,20.685721953837895,12.285292538915728,2.200751476113795,1.2010198604401503,
265,35.89640365002684,16.398282340311326,6.796833064949007,4.616210413311863,20.645464304884594,12.27187332259796,2.1739130434782608,1.2010198604401503,
266,36.05072463768116,16.371443907675793,6.743156199677939,4.616210413311863,20.645464304884594,12.198067632850242,2.1739130434782608,1.2010198604401503,
267,36.540526033279654,16.358024691358025,6.541867954911433,4.609500805152979,20.41062801932367,12.198067632850242,2.1403650026838434,1.2010198604401503,
268,36.91626409017714,16.317767042404725,6.488191089640365,4.562533548040794,20.37037037037037,11.889425657541599,2.120236178207193,1.2010198604401503,0.13419216317767044
269,36.882716049382715,16.243961352657006,6.387546967257112,4.951690821256038,20.316693505099302,11.761943102522812,2.120236178207193,1.2010198604401503,0.13419216317767044
270,36.95652173913044,16.19699409554482,6.387546967257112,4.938271604938271,20.316693505099302,11.748523886205046,2.120236178207193,1.2010198604401503,0.13419216317767044
271,37.204777241009126,16.163446054750402,6.353998926462695,4.830917874396135,20.26972624798712,11.721685453569512,2.120236178207193,1.2010198604401503,0.13419216317767044
272,37.513419216317764,16.06280193236715,6.340579710144928,4.830917874396135,20.108695652173914,11.688137412775093,2.120236178207193,1.2010198604401503,0.13419216317767044
273,37.6207729468599,15.995705850778315,6.300322061191626,4.830917874396135,20.108695652173914,11.688137412775093,2.120236178207193,1.2010198604401503,0.13419216317767044
274,37.6610305958132,15.955448201825014,6.300322061191626,4.830917874396135,20.108695652173914,11.688137412775093,2.120236178207193,1.2010198604401503,0.13419216317767044
275,37.90257648953301,15.915190552871712,6.300322061191626,4.797369833601718,19.64573268921095,12.144390767579173,2.120236178207193,1.0399892646269457,0.13419216317767044
276,37.98309178743961,15.915190552871712,6.300322061191626,4.750402576489533,19.639023081052066,12.117552334943639,2.120236178207193,1.0399892646269457,0.13419216317767044
277,38.036768652710684,15.915190552871712,6.300322061191626,4.750402576489533,19.585346215780998,12.117552334943639,2.120236178207193,1.0399892646269457,0.13419216317767044
278,38.1508319914117,15.861513687600644,6.286902844873859,4.750402576489533,19.558507783145465,12.110842726784755,2.1068169618894257,1.0399892646269457,0.13419216317767044
279,38.36553945249597,15.734031132581856,6.280193236714976,4.750402576489533,19.538378958668815,12.084004294149223,2.073268921095008,1.0399892646269457,0.13419216317767044
280,38.62050456253355,15.693773483628556,6.213097155126141,4.750402576489533,19.504830917874397,11.969940955448202,2.073268921095008,1.0399892646269457,0.13419216317767044
281,38.36553945249597,14.78797638217928,6.1929683306494905,4.750402576489533,19.49812130971551,11.969940955448202,3.260869565217391,1.0399892646269457,0.13419216317767044
282,38.75469672571122,14.74771873322598,6.179549114331723,4.696725711218465,19.290123456790123,11.969940955448202,3.240740740740741,0.9863123993558777,0.13419216317767044
283,39.029790660225444,14.727589908749328,6.018518518518518,4.696725711218465,19.236446591519055,11.929683306494901,3.240740740740741,0.9863123993558777,0.13419216317767044
