,45,50,51,53,54,57,52,55,56
0,88.38566827697262,11.614331723027375,,,,,,,
1,82.54830917874396,17.45169082125604,,,,,,,
2,80.52871712292003,10.36634460547504,9.104938271604938,,,,,,
3,71.05475040257649,19.85373054213634,9.091519055287172,,,,,,
4,68.86741814278047,22.067901234567902,9.064680622651638,,,,,,
5,67.97504025764896,20.52469135802469,7.286634460547504,2.898550724637681,1.3150831991411702,,,,
6,68.08239398819109,20.497852925389157,7.219538378958669,2.8784219001610305,1.221148684916801,0.10064412238325282,,,
7,65.32474503488996,22.510735373054214,6.166129898013956,2.6033279656468062,1.221148684916801,0.10064412238325282,2.073268921095008,,
8,65.04965110037574,21.611647879763822,4.240472356414386,2.6033279656468062,1.1272141706924315,0.10064412238325282,5.132850241545894,0.13419216317767044,
9,59.35990338164251,27.34165324745035,4.240472356414386,2.6033279656468062,1.1272141706924315,0.10064412238325282,5.092592592592593,0.13419216317767044,
10,57.367149758454104,25.026838432635532,8.568169618894256,2.6033279656468062,1.1272141706924315,0.10064412238325282,5.072463768115942,0.13419216317767044,
11,53.89157273215244,28.898282340311326,8.28636607622115,2.6033279656468062,1.1272141706924315,0.10064412238325282,4.696725711218465,0.39586688137412773,
12,53.79092860976919,29.07944176060118,8.28636607622115,2.6033279656468062,1.0601180891035964,0.10064412238325282,4.683306494900698,0.39586688137412773,
13,53.5829307568438,28.77079978529254,8.246108427267847,2.6033279656468062,1.0064412238325282,0.06709608158883522,4.683306494900698,1.0399892646269457,
14,53.60976918947934,28.743961352657006,8.246108427267847,2.6033279656468062,1.0064412238325282,0.06709608158883522,4.683306494900698,1.0399892646269457,
15,53.52925389157273,28.891572732152444,8.185721953837897,2.6033279656468062,1.0064412238325282,0.06709608158883522,4.676596886741814,1.0399892646269457,
16,51.08695652173913,27.636876006441224,8.125335480407944,2.6033279656468062,1.0064412238325282,0.06709608158883522,8.433977455716587,1.0399892646269457,
17,49.033816425120776,27.073268921095007,8.004562533548041,2.6033279656468062,1.0064412238325282,0.06709608158883522,11.305689747718732,0.9057971014492754,
18,44.03515834675255,32.347020933977454,7.944176060118089,2.7509393451422435,1.0064412238325282,0.06709608158883522,10.943370907139023,0.9057971014492754,
19,44.37734836285561,32.078636607622116,7.917337627482555,2.737520128824477,1.0064412238325282,0.06709608158883522,10.909822866344605,0.9057971014492754,
20,43.612453032742884,32.68250134192163,7.9039184111647875,2.737520128824477,1.261406333870102,0.06709608158883522,10.829307568438002,0.9057971014492754,
21,42.92807300053677,31.99812130971551,15.22410091250671,0.2147074610842727,0.2549651100375738,,8.487654320987655,0.8521202361782072,0.040257648953301126
22,43.15619967793881,31.729736983360173,15.210681696188942,0.2147074610842727,0.2549651100375738,,8.487654320987655,0.9057971014492754,0.040257648953301126
23,41.6129898013956,33.313204508856685,15.083199141170155,0.2147074610842727,0.2549651100375738,,8.433977455716587,0.9057971014492754,0.18115942028985507
24,40.87493290391841,34.01100375738057,15.183843263553408,0.2147074610842727,0.2549651100375738,,8.393719806763285,0.8923778851315083,0.17444981213097155
25,40.385131508319915,33.803005904455176,13.593666129898015,0.18115942028985507,0.2549651100375738,,10.809178743961352,0.798443370907139,0.17444981213097155
26,40.465646806226516,33.61513687600644,13.580246913580247,0.1610305958132045,0.2549651100375738,,10.768921095008052,0.9796027911969941,0.17444981213097155
27,40.61996779388084,33.09849704777241,13.318572195383789,0.1610305958132045,0.5233494363929146,,10.768921095008052,1.133923778851315,0.3757380568974772
28,40.693773483628554,33.11862587224906,13.318572195383789,0.1610305958132045,0.5233494363929146,,10.755501878690284,1.0534084809447128,0.3757380568974772
29,31.561996779388085,43.05555555555556,12.580515297906603,0.0067096081588835215,0.5233494363929146,,10.755501878690284,1.1406333870101986,0.3757380568974772
30,31.4747718733226,42.310789049919485,13.466183574879228,0.0067096081588835215,0.49651100375738055,,10.72866344605475,1.1406333870101986,0.3757380568974772
31,30.461621041331185,36.95652173913044,13.419216317767042,3.6500268384326353,0.2683843263553409,,13.593666129898015,1.2815351583467525,0.36902844873859364
32,30.18652710681696,33.97745571658615,15.854804079441761,3.6500268384326353,0.2683843263553409,,13.278314546430488,2.4221685453569513,0.36231884057971014
33,30.48174986580784,33.00456253354804,15.45222758990875,3.6097691894793345,1.0869565217391304,,13.271604938271604,2.4221685453569513,0.6709608158883521
34,30.280461621041333,33.07836822329576,15.371712292002147,3.717122920021471,1.2278582930756843,,13.231347289318304,2.4221685453569513,0.6709608158883521
35,30.756843800322063,33.03811057434246,15.271068169618895,3.656736446591519,1.2278582930756843,,12.835480407944177,2.5496511003757383,0.6642512077294686
36,30.790391841116477,32.87707997852925,14.99597423510467,3.656736446591519,1.2278582930756843,,12.828770799785293,2.6838432635534084,0.9393451422436929
37,30.71658615136876,33.01798174986581,14.76784755770263,3.5829307568438002,1.2278582930756843,,12.882447665056361,2.6838432635534084,1.1205045625335481
38,29.421631776704242,34.4873859366613,14.741009125067096,3.556092324208266,1.221148684916801,,12.781803542673108,2.6704240472356413,1.1205045625335481
39,28.804347826086957,35.21202361782072,14.358561460010735,3.5292538915727323,1.221148684916801,,12.714707461084272,2.7777777777777777,1.3821792807300053
40,26.476113794954376,36.44659151905529,14.070048309178745,3.7037037037037037,2.2208803005904456,,12.640901771336553,3.0595813204508855,1.3821792807300053
41,23.483628556092324,29.871175523349436,15.143585614600108,1.9524959742351047,2.24771873322598,,22.987117552334944,2.932098765432099,1.3821792807300053
42,23.57085346215781,29.676596886741816,15.28448738593666,1.9390767579173376,2.24771873322598,,22.893183038110575,2.8918411164787976,1.4962426194310252
43,24.516908212560388,29.280730005367687,14.439076757917338,1.8853998926462694,2.24771873322598,,22.644927536231883,3.670155662909286,1.3150831991411702
44,24.27536231884058,28.267579173376276,14.076757917337627,5.535426731078905,2.3483628556092326,,20.26972624798712,3.6634460547504024,1.5633387010198605
45,24.751744498121308,28.166935050993022,13.955984970477724,5.522007514761138,2.2879763821792807,,19.900697799248523,3.643317230273752,1.7713365539452497
46,22.5979602791197,30.226784755770264,13.935856146001074,4.911433172302737,2.2879763821792807,,20.40391841116479,3.864734299516908,1.7713365539452497
47,21.041331186258724,28.938539989264626,17.277241009125067,4.851046698872786,2.4825550187869028,,19.578636607622116,3.8580246913580245,1.9726247987117553
48,21.336553945249598,28.824476650563607,17.45169082125604,4.8443370907139025,2.3081052066559313,,19.47799248523886,3.797638217928073,1.9592055823939882
49,21.014492753623188,27.01959205582394,19.410896403650028,4.810789049919484,2.4020397208803006,,19.330381105743424,3.9720880300590444,2.0397208803005906
50,20.457595276435857,25.6105743424584,19.93424584004294,4.502147074610843,2.522812667740204,,20.759527643585614,4.193505099302201,2.01959205582394
51,19.57192699946323,23.295759527643586,22.571121846484164,4.502147074610843,3.1065485775630703,,20.638754696725712,4.3478260869565215,1.9659151905528718
52,20.162372517444982,23.07434245840043,22.470477724100913,4.609500805152979,2.7442297369833604,,20.564949006977994,4.428341384863124,1.9457863660762211
53,20.081857219538378,23.013955984970476,22.262479871175522,4.2203435319377345,2.717391304347826,,21.175523349436393,4.488727858293076,2.0397208803005906
54,20.38378958668814,22.913311862587225,22.19538378958669,4.186795491143317,2.6972624798711755,,21.095008051529792,4.488727858293076,2.0397208803005906
55,20.685721953837895,22.725442834138487,22.148416532474503,4.186795491143317,2.6972624798711755,,20.356951154052602,5.166398282340311,2.033011272141707
56,20.739398819108963,22.19538378958669,20.457595276435857,4.8443370907139025,2.6838432635534084,,22.007514761137948,5.199946323134729,1.8719806763285025
57,20.142243692968332,22.61808910359635,20.38378958668814,4.8443370907139025,2.952227589908749,,21.987385936661298,5.199946323134729,1.8719806763285025
58,17.37788513150832,22.302737520128826,25.503220611916262,4.924852388620504,2.690552871712292,,20.75281803542673,4.884594739667204,1.5633387010198605
59,17.538915727321523,21.900161030595815,25.49651100375738,4.931561996779388,2.690552871712292,0.15432098765432098,20.437466451959207,5.287171229200215,1.5633387010198605
60,18.08239398819109,21.72571121846484,25.36231884057971,4.924852388620504,2.690552871712292,0.15432098765432098,20.336822329575952,5.159688674181428,1.5633387010198605
61,17.941492216854535,21.926999463231347,24.704777241009126,5.857487922705314,2.408749329039184,0.30193236714975846,20.142243692968332,5.159688674181428,1.556629092860977
62,16.29092860976919,15.411969940955448,33.80971551261406,5.441492216854535,1.9860440150295222,0.30193236714975846,22.054482018250134,3.1468062265163717,1.556629092860977
63,16.418411164787976,15.237520128824476,32.64224369296833,5.414653784219001,1.9524959742351047,0.2885131508319914,23.577563070316693,2.965646806226516,1.5029522275899088
64,16.55931293612453,15.210681696188942,32.53488996242619,5.414653784219001,1.9524959742351047,0.2885131508319914,23.275630703166936,3.2877079978529253,1.4761137949543746
65,16.6532474503489,15.150295222758992,32.23295759527644,5.287171229200215,2.0933977455716586,0.2885131508319914,23.262211486849168,3.556092324208266,1.4761137949543746
66,14.868491680085883,22.69189479334407,29.69001610305958,5.273752012882448,1.7914653784219001,0.35560923242082665,21.980676328502415,2.0531400966183573,1.2949543746645196
67,14.325013419216317,22.6784755770263,29.51556629092861,8.494363929146537,1.751207729468599,0.35560923242082665,19.370638754696724,2.3081052066559313,1.2010198604401503
68,12.775093934514224,24.490069779924852,29.032474503488995,8.433977455716587,1.751207729468599,0.35560923242082665,19.545088566827697,2.4154589371980677,1.2010198604401503
69,12.00348899624262,30.723295759527645,27.254428341384862,6.481481481481482,0.6575415995705851,0.35560923242082665,19.00161030595813,2.5563607085346214,0.966183574879227
70,11.990069779924852,28.81105743424584,27.234299516908212,6.723027375201288,0.6575415995705851,0.35560923242082665,18.907675791733762,4.3545356951154055,0.966183574879227
71,12.332259796027913,28.743961352657006,26.94578636607622,6.716317767042405,0.6575415995705851,0.35560923242082665,18.65271068169619,4.62962962962963,0.966183574879227
72,12.47987117552335,28.529253891572733,26.7914653784219,6.575415995705851,1.0265700483091786,0.35560923242082665,18.531937734836287,4.74369296833065,0.966183574879227
73,12.721417069243156,28.488996242619432,26.630434782608695,6.5552871712292005,1.0265700483091786,0.35560923242082665,18.357487922705314,4.74369296833065,1.1205045625335481
74,13.16425120772947,28.133387010198604,26.341921631776703,6.340579710144928,0.8923778851315083,0.35560923242082665,19.444444444444443,4.206924315619967,1.1205045625335481
75,13.405797101449275,28.052871712292003,26.29495437466452,6.340579710144928,0.8923778851315083,0.35560923242082665,19.330381105743424,4.206924315619967,1.1205045625335481
76,12.620772946859903,23.993558776167472,32.648953301127214,6.340579710144928,0.9259259259259259,0.47638217928073,17.995169082125603,3.9184111647879765,1.0802469135802468
77,12.76838432635534,24.10091250670961,32.50805152979066,6.327160493827161,0.9259259259259259,0.47638217928073,17.907944176060116,3.9184111647879765,1.06682769726248
78,12.76838432635534,23.95330112721417,32.44095544820183,6.327160493827161,0.9259259259259259,0.47638217928073,17.726784755770264,4.314278046162104,1.06682769726248
79,12.949543746645196,23.919753086419753,32.44095544820183,6.239935587761675,0.9259259259259259,0.47638217928073,17.673107890499196,4.30756843800322,1.06682769726248
80,11.285560923242082,18.04213633923779,41.25067096081589,6.052066559312936,1.5901771336553945,0.47638217928073,16.465378421900162,3.7775093934514223,1.0601180891035964
81,11.466720343531938,17.599302200751477,41.217122920021474,6.018518518518518,1.5901771336553945,0.47638217928073,16.451959205582394,4.119699409554482,1.0601180891035964
82,11.600912506709609,17.485238862050455,41.0426731078905,6.300322061191626,1.5901771336553945,0.47638217928073,16.183574879227052,4.119699409554482,1.2010198604401503
83,12.191358024691358,17.458400429414922,40.29119699409554,6.233225979602791,2.952227589908749,0.4294149221685454,15.378421900161031,4.133118625872249,0.9326355340848095
84,12.345679012345679,17.45169082125604,40.22410091250671,6.166129898013956,2.952227589908749,0.4294149221685454,15.365002683843263,4.133118625872249,0.9326355340848095
85,12.546967257112184,17.20343531937735,39.92887815351583,6.964573268921095,2.7241009125067097,0.5166398282340311,14.915458937198068,4.26731078904992,0.9326355340848095
86,11.855877616747183,15.780998389694043,39.85507246376812,7.387278582930757,1.9189479334406871,0.5971551261406334,17.612721417069242,4.213633923778851,0.7783145464304885
87,12.546967257112184,15.60654857756307,39.45920558239399,8.024691358024691,1.9189479334406871,0.5501878690284487,17.122920021470748,4.05931293612453,0.7112184648416533
88,12.681159420289855,15.573000536768653,39.38539989264627,8.004562533548041,1.9189479334406871,0.5501878690284487,17.11621041331186,4.05931293612453,0.7112184648416533
89,12.915995705850777,15.411969940955448,38.808373590982285,7.977724100912507,2.408749329039184,0.7045088566827697,17.008856682769725,4.052603327965647,0.7112184648416533
90,12.285292538915728,12.305421363392378,38.30515297906602,7.883789586688137,2.408749329039184,0.5971551261406334,22.0276435856146,3.475577026301664,0.7112184648416533
91,12.365807836822329,12.258454106280194,38.13070316693505,7.883789586688137,2.657004830917874,0.5971551261406334,21.973966720343533,3.421900161030596,0.7112184648416533
92,12.674449812130971,12.084004294149223,37.82877079978529,7.85024154589372,2.657004830917874,0.5971551261406334,21.906870638754697,3.6902844873859366,0.7112184648416533
93,13.003220611916264,11.969940955448202,37.533548040794415,7.809983896940419,2.657004830917874,0.5971551261406334,21.953837895866883,3.7640901771336552,0.7112184648416533
94,13.365539452495975,11.949812130971551,37.144390767579175,7.809983896940419,2.657004830917874,0.5971551261406334,21.75925925925926,3.7573805689747717,0.9594739667203436
95,13.150831991411701,11.60762211486849,36.574074074074076,7.98443370907139,2.657004830917874,0.5971551261406334,22.65163714439077,3.717122920021471,1.0601180891035964
96,11.60762211486849,8.675523349436393,44.558507783145465,6.4345142243692965,3.5426731078904994,0.5971551261406334,20.377079978529252,3.079710144927536,1.1272141706924315
97,11.862587224906065,8.675523349436393,44.176060118089104,6.4345142243692965,3.5426731078904994,0.5971551261406334,20.377079978529252,3.2139023081052067,1.1205045625335481
98,12.265163714439076,8.59500805152979,43.88083735909823,6.280193236714976,3.475577026301664,0.8252818035426731,19.578636607622116,3.2004830917874396,1.8988191089640365
99,12.600644122383253,8.59500805152979,43.65271068169619,6.152710681696189,3.69699409554482,0.8588298443370908,19.189479334406872,3.2004830917874396,2.0531400966183573
100,12.70799785292539,8.494363929146537,40.27106816961889,8.970746108427267,3.824476650563607,0.8588298443370908,19.47128287707998,3.2004830917874396,2.200751476113795
101,11.439881910896403,18.17632850241546,37.82206119162641,8.870101986044014,3.1736446591519054,0.8118625872249061,15.794417606011809,1.8853998926462694,2.0263016639828235
102,11.493558776167472,17.98845947396672,37.72812667740204,7.950885668276973,2.49597423510467,0.7112184648416533,17.659688674181428,1.9726247987117553,1.9994632313472893
103,11.949812130971551,17.599302200751477,37.5,7.823403113258186,2.49597423510467,0.7112184648416533,17.57246376811594,2.3483628556092326,1.9994632313472893
104,12.265163714439076,17.465110037573805,37.224906065485776,7.763016639828234,2.4691358024691357,0.7045088566827697,17.51207729468599,2.5966183574879227,1.9994632313472893
105,12.647611379495437,17.411433172302736,37.124261943102525,7.702630166398282,2.4691358024691357,0.7045088566827697,17.391304347826086,2.5496511003757383,1.9994632313472893
106,12.895866881374127,17.122920021470748,36.37278582930757,8.071658615136876,3.0730005367686526,0.7045088566827697,17.24369296833065,2.5026838432635534,2.0128824476650564
107,13.077026301663983,17.11621041331186,35.81588835212023,8.051529790660226,3.0730005367686526,0.6977992485238862,17.196725711218466,2.871712292002147,2.100107353730542
108,13.170960815888352,16.968599033816425,36.47342995169082,8.024691358024691,3.2139023081052067,0.6843800322061192,16.59286097691895,2.771068169618894,2.100107353730542
109,12.614063338701019,16.364734299516908,37.15780998389694,7.930756843800322,2.8650026838432634,0.6843800322061192,17.612721417069242,2.690552871712292,2.0799785292538915
110,12.93612453032743,16.358024691358025,37.11084272678475,7.9039184111647875,2.8650026838432634,0.6843800322061192,17.371175523349436,2.690552871712292,2.0799785292538915
111,13.358829844337091,16.25738056897477,36.211755233494365,7.702630166398282,2.8650026838432634,0.6575415995705851,17.639559849704778,3.140096618357488,2.167203435319377
112,13.654052603327965,16.170155662909288,34.96376811594203,7.6556629092860975,3.079710144927536,0.6575415995705851,17.599302200751477,3.9586688137412773,2.2611379495437465
113,14.083467525496511,16.14331723027375,34.50080515297907,7.588566827697263,3.079710144927536,0.6575415995705851,17.579173376274827,3.9519592055823938,2.4154589371980677
114,12.211486849168008,15.183843263553408,44.29012345679013,6.736446591519055,2.24771873322598,0.5367686527106817,12.224906065485776,3.9452495974235107,2.623456790123457
115,12.332259796027913,14.955716586151368,44.00161030595813,6.910896403650026,2.24771873322598,0.5367686527106817,12.647611379495437,3.898282340311326,2.4691358024691357
116,12.634192163177671,14.821524422973699,42.09608158883521,7.105475040257649,4.032474503488996,0.785024154589372,11.922973698336017,3.898282340311326,2.703972088030059
117,12.808641975308642,14.781266774020397,41.908212560386474,7.105475040257649,3.978797638217928,0.785024154589372,11.922973698336017,3.8714439076757916,2.8381642512077296
118,13.097155126140633,14.761137949543746,41.78743961352657,7.105475040257649,3.978797638217928,0.785024154589372,11.788781535158346,3.8580246913580245,2.8381642512077296
119,13.097155126140633,14.573268921095009,41.50563607085346,7.071926999463232,4.367954911433173,0.785024154589372,11.701556629092861,3.7640901771336552,3.1333870101986045
120,13.211218464841654,14.573268921095009,41.43183038110574,7.0383789586688135,4.367954911433173,0.785024154589372,11.694847020933977,3.7640901771336552,3.1333870101986045
121,13.466183574879228,14.418947933440688,41.35131508319914,7.0383789586688135,4.334406870638754,0.785024154589372,11.600912506709609,3.8714439076757916,3.1333870101986045
122,13.687600644122384,14.398819108964037,41.217122920021474,7.0383789586688135,4.334406870638754,0.785024154589372,11.600912506709609,3.8580246913580245,3.079710144927536
123,13.808373590982287,14.392109500805153,41.176865271068166,7.024959742351046,4.334406870638754,0.785024154589372,11.540526033279656,3.8580246913580245,3.079710144927536
124,13.989533011272142,14.31159420289855,41.116478797638216,6.998121309715513,4.334406870638754,0.785024154589372,11.540526033279656,3.8580246913580245,3.066290928609769
125,14.325013419216317,14.31159420289855,40.92860976918948,6.944444444444445,4.53569511540526,0.6642512077294686,11.366076221148685,3.8580246913580245,3.066290928609769
126,14.546430488459475,14.304884594739667,40.80112721417069,6.910896403650026,4.53569511540526,0.6642512077294686,11.312399355877616,3.8580246913580245,3.066290928609769
127,14.734299516908212,14.210950080515298,40.01610305958132,7.85024154589372,4.139828234031133,0.6642512077294686,11.292270531400966,3.851315083199141,3.240740740740741
128,14.593397745571659,14.15727321524423,39.83494363929147,9.017713365539452,4.334406870638754,0.3153515834675255,10.513955984970478,3.911701556629093,3.321256038647343
129,14.754428341384862,14.15727321524423,39.720880300590444,8.997584541062801,4.314278046162104,0.3153515834675255,10.513955984970478,3.9049919484702094,3.321256038647343
130,14.97584541062802,13.513150831991412,39.64036500268384,8.957326892109501,4.314278046162104,0.30193236714975846,10.379763821792807,4.609500805152979,3.307836822329576
131,15.24422973698336,13.137412775093935,39.56655931293612,8.930488459473967,4.30756843800322,0.30193236714975846,10.36634460547504,4.8376274825550185,3.307836822329576
132,15.619967793880837,13.077026301663983,39.16398282340311,8.930488459473967,4.30756843800322,0.30193236714975846,10.352925389157273,4.951690821256038,3.294417606011809
133,15.908480944712828,12.929414922168545,39.03650026838432,9.23913043478261,4.30756843800322,0.30193236714975846,10.044283413848632,4.951690821256038,3.280998389694042
134,15.626677402039721,12.909286097691895,35.869565217391305,9.212292002147075,4.30756843800322,0.30193236714975846,13.801663982823403,4.918142780461621,3.052871712292002
135,15.45222758990875,12.895866881374127,36.111111111111114,8.601717659688674,5.059044551798175,0.30193236714975846,13.607085346215781,4.918142780461621,3.052871712292002
136,15.45222758990875,12.822061191626409,35.829307568438004,8.588298443370908,5.387815351583468,0.3488996242619431,13.479602791196994,5.038915727321524,3.052871712292002
137,14.949006977992486,12.667740203972087,37.30542136339238,8.467525496511003,5.441492216854535,0.3488996242619431,13.425925925925926,4.4820182501341925,2.9119699409554483
138,13.298443370907139,12.399355877616747,43.43800322061192,7.2933440687063875,5.293880837359098,0.3488996242619431,10.701825013419215,4.455179817498658,2.771068169618894
139,13.70101986044015,12.372517444981213,42.860976918947934,7.266505636070853,5.515297906602254,0.27509393451422437,10.527375201288244,4.441760601180891,3.0394524959742353
140,13.627214170692431,12.359098228663447,41.217122920021474,7.253086419753086,5.515297906602254,0.27509393451422437,10.473698336017177,6.239935587761675,3.0394524959742353
141,13.895598497047773,12.245034889962426,41.14331723027375,7.286634460547504,5.501878690284487,0.27509393451422437,10.312667740203972,6.300322061191626,3.0394524959742353
142,13.989533011272142,12.191358024691358,41.116478797638216,7.286634460547504,5.501878690284487,0.36231884057971014,10.23215244229737,6.280193236714976,3.0394524959742353
143,14.244498121309716,12.010198604401502,40.5126140633387,7.246376811594203,5.924584004294149,0.36231884057971014,10.23215244229737,6.374127750939345,3.0931293612453032
144,14.304884594739667,11.896135265700483,40.23752012882448,9.037842190016104,5.293880837359098,0.3153515834675255,9.71551261406334,6.105743424584004,3.0931293612453032
145,14.673913043478262,11.668008588298443,40.17713365539453,8.917069243156199,5.5756843800322065,0.3153515834675255,9.66183574879227,5.9447128287707995,3.066290928609769
146,14.741009125067096,11.560654857756306,39.88191089640365,8.917069243156199,5.5689747718733225,0.3153515834675255,9.66183574879227,6.3137412775093935,3.0394524959742353
147,14.794685990338165,11.560654857756306,39.371980676328505,8.903650026838433,5.528717122920021,0.3153515834675255,9.64170692431562,6.595544820182502,3.2877079978529253
148,14.667203435319378,11.104401502952227,39.27804616210413,8.863392377885132,6.367418142780462,0.3153515834675255,9.621578099838969,6.494900697799249,3.2877079978529253
149,14.667203435319378,11.010466988727858,38.94256575415996,8.923778851315083,6.300322061191626,0.3153515834675255,10.205314009661835,6.374127750939345,3.260869565217391
150,15.022812667740205,10.876274825550189,38.57353730542136,8.628556092324208,6.568706387546968,0.3153515834675255,10.198604401502953,6.454643048845948,3.361513687600644
151,15.096618357487923,10.836017176596886,38.33199141170156,8.695652173913043,6.575415995705851,0.3153515834675255,10.198604401502953,6.66935050993022,3.280998389694042
152,15.042941492216855,10.68840579710145,37.795222758990874,8.695652173913043,7.14573268921095,0.3153515834675255,10.238862050456254,6.884057971014493,3.193773483628556
153,15.425389157273216,10.681696188942565,37.5805152979066,8.628556092324208,7.14573268921095,0.3153515834675255,10.198604401502953,6.830381105743425,3.193773483628556
154,15.70048309178744,10.61460010735373,37.31884057971015,8.548040794417606,7.132313472893183,0.3153515834675255,10.19189479334407,7.0383789586688135,3.140096618357488
155,14.969135802469136,10.23215244229737,34.39345142243693,8.360171765968868,6.011808910359635,0.3153515834675255,13.077026301663983,6.830381105743425,5.810520665593129
156,15.203972088030058,10.225442834138486,34.366612989801396,8.32662372517445,6.011808910359635,0.3153515834675255,13.023349436392914,6.716317767042405,5.810520665593129
157,15.432098765432098,10.185185185185185,34.15190552871712,8.32662372517445,6.011808910359635,0.3153515834675255,13.023349436392914,6.568706387546968,5.984970477724101
158,14.875201288244767,9.809447128287708,33.17230273752013,8.152173913043478,6.515029522275899,0.3153515834675255,13.479602791196994,7.601986044015029,6.078904991948471
159,15.029522275899087,9.520933977455716,32.06521739130435,9.333064949006978,6.454643048845948,0.3153515834675255,13.45276435856146,7.763016639828234,6.0654857756307035
160,15.136876006441224,9.292807300053678,31.32716049382716,9.306226516371444,6.837090713902308,0.3153515834675255,14.231078904991948,7.37385936661299,6.179549114331723
161,15.53274288781535,9.185453569511541,31.199677938808374,9.23913043478261,6.837090713902308,0.3153515834675255,14.15727321524423,7.4006977992485234,6.132581857219538
162,15.861513687600644,9.091519055287172,31.146001073537306,9.044551798174986,7.105475040257649,0.3153515834675255,14.096886741814279,7.37385936661299,5.964841653247451
163,15.526033279656469,9.004294149221685,32.54830917874396,8.863392377885132,6.904186795491143,0.3153515834675255,13.479602791196994,7.37385936661299,5.984970477724101
164,15.787707997852925,9.004294149221685,32.15244229736983,8.776167471819646,7.058507783145465,0.3153515834675255,13.425925925925926,7.514761137949543,5.964841653247451
165,15.92860976918948,8.380300590445518,32.038378958668815,8.84326355340848,7.253086419753086,0.3153515834675255,13.291733762748256,8.031400966183575,5.917874396135265
166,16.035963499731615,8.3467525496511,32.01154052603328,8.84326355340848,7.253086419753086,0.3153515834675255,13.24476650563607,8.031400966183575,5.917874396135265
167,16.445249597423512,8.21256038647343,31.83709071390231,8.172302737520129,7.239667203435319,0.3153515834675255,13.18438003220612,7.823403113258186,6.769994632313473
168,16.834406870638755,8.158883521202362,31.776704240472355,8.158883521202362,7.1658615136876005,0.3153515834675255,13.211218464841654,7.75630703166935,6.622383252818035
169,16.921631776704242,8.132045088566828,32.17257112184648,8.3064949006978,7.930756843800322,0.3153515834675255,12.359098228663447,7.729468599033816,6.132581857219538
170,17.03569511540526,8.132045088566828,32.085346215781,8.279656468062266,7.930756843800322,0.3153515834675255,12.359098228663447,7.729468599033816,6.132581857219538
171,17.559044551798173,8.11862587224906,31.964573268921097,8.205850778314547,7.716049382716049,0.3153515834675255,12.278582930756844,7.709339774557166,6.132581857219538
172,17.639559849704778,8.11862587224906,31.91760601180891,8.205850778314547,7.716049382716049,0.3153515834675255,12.278582930756844,7.675791733762749,6.132581857219538
173,18.276972624798713,7.930756843800322,31.548577563070317,8.507783145464305,7.709339774557166,0.3153515834675255,11.969940955448202,7.568438003220612,6.172839506172839
174,18.38432635534085,7.9039184111647875,30.931293612453032,8.507783145464305,8.816425120772946,0.3153515834675255,11.500268384326356,7.521470746108427,6.119162640901771
175,18.666129898013956,7.709339774557166,30.723295759527645,8.655394524959743,8.742619431025227,0.2952227589908749,11.426462694578637,7.716049382716049,6.0654857756307035
176,19.129092860976918,7.695920558239399,30.367686527106816,8.628556092324208,8.735909822866345,0.2952227589908749,11.366076221148685,7.803274288781535,5.978260869565218
177,19.256575415995705,7.64224369296833,29.978529253891573,8.57487922705314,8.735909822866345,0.2952227589908749,11.191626409017713,8.3467525496511,5.978260869565218
178,19.57192699946323,7.601986044015029,29.810789049919485,8.527911969940956,8.809715512614064,0.2952227589908749,11.18491680085883,8.266237251744498,5.931293612453032
179,19.6256038647343,7.601986044015029,29.78395061728395,8.527911969940956,8.809715512614064,0.2952227589908749,11.18491680085883,8.252818035426731,5.917874396135265
180,20.081857219538378,7.601986044015029,29.139828234031132,9.024422973698336,8.480944712828771,0.2952227589908749,11.225174449812132,8.266237251744498,5.884326355340848
181,20.30998389694042,7.581857219538379,28.92512077294686,9.024422973698336,8.68894256575416,0.2952227589908749,11.211755233494364,8.185721953837897,5.776972624798712
182,20.652173913043477,7.494632313472893,28.509125067096083,9.01100375738057,8.68894256575416,0.2952227589908749,11.171497584541063,8.145464304884594,6.031937734836285
183,20.9272678475577,7.494632313472893,28.27428878153516,8.977455716586151,8.675523349436393,0.2952227589908749,11.05072463768116,8.272946859903382,6.031937734836285
184,20.954106280193237,7.440955448201825,28.213902308105208,8.977455716586151,8.038110574342458,0.2952227589908749,11.855877616747183,8.192431561996779,6.031937734836285
185,21.162104133118625,7.367149758454106,28.073000536768653,8.964036500268385,8.031400966183575,0.2952227589908749,11.808910359634996,8.28636607622115,6.011808910359635
186,21.027911969940956,7.179280730005368,27.502683843263554,8.957326892109501,8.024691358024691,0.28180354267310787,12.412775093934513,8.61513687600644,5.998389694041868
187,20.9272678475577,7.1725711218464845,26.7914653784219,9.688674181427805,7.997852925389157,0.28180354267310787,12.412775093934513,8.903650026838433,5.8239398819108965
188,21.524422973698336,7.139023081052066,26.78475577026302,9.66183574879227,7.836822329575953,0.28180354267310787,12.23161567364466,8.715780998389693,5.8239398819108965
189,21.68545356951154,6.977992485238862,26.69753086419753,9.648416532474503,7.836822329575953,0.28180354267310787,12.211486849168008,8.836553945249598,5.8239398819108965
190,21.43719806763285,6.535158346752549,26.38888888888889,10.715244229736983,7.548309178743962,0.28180354267310787,12.204777241009126,9.064680622651638,5.8239398819108965
191,21.638486312399355,6.494900697799249,26.140633387010197,10.681696188942565,7.548309178743962,0.28180354267310787,12.245034889962426,9.178743961352657,5.790391841116479
192,21.692163177670423,5.984970477724101,25.97289318303811,10.628019323671497,8.849973161567364,0.28180354267310787,12.245034889962426,8.675523349436393,5.669618894256575
193,21.370101986044016,5.870907139023081,26.308373590982285,10.628019323671497,8.232689210950081,0.28180354267310787,12.124261943102523,9.46725711218465,5.71658615136876
194,21.410359634997317,5.870907139023081,26.308373590982285,10.628019323671497,8.205850778314547,0.28180354267310787,12.110842726784755,9.46725711218465,5.71658615136876
195,21.484165324745035,5.844068706387547,26.01315083199141,11.158078368223295,8.13875469672571,0.28180354267310787,12.06387546967257,9.326355340848094,5.689747718733226
196,21.55126140633387,5.844068706387547,25.95276435856146,11.124530327428879,8.246108427267847,0.28180354267310787,11.728395061728396,9.245840042941492,6.025228126677402
197,21.91358024691358,5.844068706387547,25.543478260869566,11.064143853998926,8.413848631239935,0.28180354267310787,11.446591519055287,9.634997316156737,5.857487922705314
198,22.12157809983897,5.803811057434245,25.509930220075148,11.11111111111111,8.373590982286634,0.28180354267310787,11.439881910896403,9.614868491680086,5.743424584004294
199,22.17525496511004,5.803811057434245,25.295222758990874,11.037305421363392,8.420558239398819,0.28180354267310787,11.439881910896403,9.594739667203436,5.9514224369296835
200,22.396672034353195,5.803811057434245,25.05367686527107,10.970209339774557,8.387010198604402,0.28180354267310787,11.419753086419753,9.782608695652174,5.904455179817498
201,22.899892646269457,5.629361245303274,24.838969404186795,10.95679012345679,8.36688137412775,0.28180354267310787,11.41304347826087,9.708803005904455,5.904455179817498
202,23.047504025764894,5.595813204508857,24.832259796027913,10.909822866344605,8.36688137412775,0.28180354267310787,11.366076221148685,9.695383789586689,5.904455179817498
203,23.087761674718198,5.589103596349974,24.758454106280194,10.815888352120236,8.3467525496511,0.28180354267310787,11.540526033279656,9.675254965110037,5.904455179817498
204,23.17498658078368,5.589103596349974,24.476650563607084,10.815888352120236,8.319914117015566,0.28180354267310787,11.540526033279656,9.943639291465379,5.857487922705314
205,23.349436392914654,5.58239398819109,24.422973698336016,10.809178743961352,8.259527643585615,0.28180354267310787,11.533816425120772,9.943639291465379,5.8172302737520125
206,23.49033816425121,5.548845947396672,24.382716049382715,10.762211486849168,8.145464304884594,0.28180354267310787,11.533816425120772,9.923510466988727,5.931293612453032
207,23.718464841653248,5.548845947396672,24.134460547504027,10.661567364465915,8.105206655931294,0.28180354267310787,11.52710681696189,10.091250670960816,5.931293612453032
208,23.63123993558776,5.528717122920021,24.490069779924852,10.473698336017177,8.225979602791197,0.28180354267310787,11.366076221148685,10.084541062801932,5.917874396135265
209,23.57085346215781,5.3341384863123995,24.295491143317232,10.326086956521738,7.615405260332796,0.28180354267310787,12.493290391841116,10.258990874932904,5.8239398819108965
210,24.134460547504027,5.307300053676865,24.033816425120772,10.326086956521738,7.494632313472893,0.4294149221685454,12.278582930756844,10.185185185185185,5.810520665593129
211,24.188137412775095,5.260332796564681,23.93317230273752,10.554213633923778,7.447665056360709,0.4294149221685454,12.258454106280194,10.131508319914117,5.797101449275362
212,24.476650563607084,5.22007514761138,23.859366612989803,10.527375201288244,7.4141170155662905,0.4294149221685454,12.211486849168008,10.104669887278583,5.756843800322061
213,24.630971551261407,5.22007514761138,23.812399355877616,10.48040794417606,7.39398819108964,0.39586688137412773,12.124261943102523,10.205314009661835,5.736714975845411
214,25.308641975308642,5.22007514761138,23.64465915190553,10.319377348362856,7.367149758454106,0.38915727321524424,11.90955448201825,10.198604401502953,5.642780461621041
215,25.44283413848631,5.193236714975845,23.60440150295223,10.185185185185185,7.347020933977456,0.38915727321524424,12.090713902308105,10.124798711755233,5.622651637144391
216,25.603864734299517,5.146269457863661,23.57085346215781,10.48040794417606,7.25979602791197,0.38915727321524424,12.077294685990339,9.930220075147611,5.542136339237788
217,25.791733762748255,5.146269457863661,23.45679012345679,10.48040794417606,7.25979602791197,0.38915727321524424,12.06387546967257,9.903381642512077,5.508588298443371
218,26.174181427804616,5.146269457863661,23.382984433709073,10.02415458937198,7.226247987117552,0.38915727321524424,12.392646269457863,9.75577026301664,5.508588298443371
219,26.308373590982285,5.146269457863661,23.11460010735373,9.96376811594203,7.226247987117552,0.38915727321524424,12.473161567364466,9.91009125067096,5.46833064949007
220,26.690821256038646,5.059044551798175,22.832796564680624,9.96376811594203,7.1725711218464845,0.38915727321524424,12.359098228663447,10.084541062801932,5.448201825013419
221,26.979334406870638,5.059044551798175,22.644927536231883,9.957058507783145,7.1725711218464845,0.38915727321524424,12.278582930756844,10.077831454643048,5.441492216854535
222,26.84514224369297,5.059044551798175,22.497316156736446,9.809447128287708,7.132313472893183,0.38915727321524424,12.5402576489533,10.319377348362856,5.407944176060118
223,27.113526570048307,5.045625335480408,22.15512614063339,9.930220075147611,7.112184648416532,0.38915727321524424,12.4597423510467,10.393183038110575,5.401234567901234
224,27.294685990338163,5.032206119162641,22.088030059044552,9.930220075147611,7.078636607622115,0.38915727321524424,12.453032742887816,10.38647342995169,5.347557702630167
225,27.697262479871174,5.032206119162641,21.752549651100377,9.842995169082126,7.219538378958669,0.38915727321524424,12.412775093934513,10.312667740203972,5.340848094471283
226,27.911969940955448,5.032206119162641,21.712292002147073,9.809447128287708,7.219538378958669,0.38915727321524424,12.318840579710145,10.265700483091788,5.340848094471283
227,28.12667740203972,5.032206119162641,21.591519055287172,9.802737520128824,7.206119162640902,0.38915727321524424,12.285292538915728,10.238862050456254,5.3274288781535155
228,28.341384863123995,5.005367686527107,21.38352120236178,9.708803005904455,7.340311325818572,0.38915727321524424,12.338969404186795,10.205314009661835,5.287171229200215
229,28.44873859366613,5.005367686527107,21.32313472893183,9.708803005904455,7.340311325818572,0.38915727321524424,12.325550187869029,10.171765968867419,5.287171229200215
230,27.643585614600106,5.005367686527107,23.05421363392378,9.66183574879227,7.078636607622115,0.38915727321524424,12.090713902308105,10.138217928073,4.938271604938271
231,27.80461621041331,4.998658078368224,22.987117552334944,9.749060654857756,7.078636607622115,0.38915727321524424,12.090713902308105,9.96376811594203,4.938271604938271
232,28.287707997852927,4.911433172302737,22.50402576489533,9.675254965110037,7.159151905528717,0.38915727321524424,12.090713902308105,10.091250670960816,4.891304347826087
233,28.44873859366613,4.85775630703167,22.48389694041868,9.675254965110037,7.14573268921095,0.38915727321524424,12.016908212560386,10.091250670960816,4.891304347826087
234,28.61647879763822,4.85775630703167,22.470477724100913,9.614868491680086,7.105475040257649,0.38915727321524424,12.00348899624262,10.071121846484166,4.871175523349437
235,28.837895866881375,4.830917874396135,22.33628556092324,9.561191626409018,7.058507783145465,0.38915727321524424,12.050456253354804,10.064412238325282,4.871175523349437
236,28.898282340311326,4.830917874396135,22.23564143853999,9.245840042941492,7.03166935050993,0.3757380568974772,12.620772946859903,9.903381642512077,4.85775630703167
237,29.09957058507783,4.830917874396135,22.10144927536232,9.608158883521202,6.863929146537842,0.35560923242082665,12.567096081588835,9.71551261406334,4.85775630703167
238,29.421631776704242,4.783950617283951,21.772678475577028,9.75577026301664,7.011540526033279,0.35560923242082665,12.352388620504563,9.688674181427805,4.85775630703167
239,29.139828234031132,4.770531400966184,22.054482018250134,9.614868491680086,7.199409554482019,0.3488996242619431,12.332259796027913,9.681964573268921,4.85775630703167
240,29.54911433172303,4.7638217928073,22.20209339774557,9.5276435856146,6.9310252281266775,0.3488996242619431,12.29200214707461,9.554482018250134,4.830917874396135
241,29.683306494900698,4.730273752012883,22.20209339774557,9.480676328502415,6.884057971014493,0.3488996242619431,12.27187332259796,9.500805152979066,4.898013955984971
242,29.636339237788512,4.690016103059581,22.148416532474503,9.520933977455716,6.884057971014493,0.3488996242619431,12.379227053140097,9.500805152979066,4.891304347826087
243,29.830917874396135,4.683306494900698,22.08132045088567,9.520933977455716,6.884057971014493,0.3488996242619431,12.298711755233494,9.473966720343531,4.87788513150832
