,45,50,51,52,54,55,53,56,57,58,59,60
0,98.55743424584004,1.442565754159957,,,,,,,,,,
1,98.32259796027913,1.6774020397208802,,,,,,,,,,
2,97.94685990338164,2.0531400966183573,,,,,,,,,,
3,95.61191626409018,4.388083735909823,,,,,,,,,,
4,95.29656468062265,4.703435319377348,,,,,,,,,,
5,94.47128287707997,4.106280193236715,1.4224369296833066,,,,,,,,,
6,91.44524959742351,7.132313472893183,1.4224369296833066,,,,,,,,,
7,91.22383252818035,7.313472893183038,1.4224369296833066,0.040257648953301126,,,,,,,,
8,87.45303274288781,11.07085346215781,1.4090177133655395,0.040257648953301126,0.026838432635534086,,,,,,,
9,86.66129898013956,11.862587224906065,1.4090177133655395,0.040257648953301126,0.026838432635534086,,,,,,,
10,86.60762211486849,11.916264090177133,1.4090177133655395,0.040257648953301126,0.026838432635534086,,,,,,,
11,86.56736446591519,11.90955448201825,1.4559849704777241,0.040257648953301126,0.026838432635534086,,,,,,,
12,83.33333333333333,15.143585614600108,1.4559849704777241,0.040257648953301126,0.026838432635534086,,,,,,,
13,83.12533548040794,15.351583467525497,1.4559849704777241,0.040257648953301126,0.026838432635534086,,,,,,,
14,74.78529253891573,24.704777241009126,0.46967257112184646,0.040257648953301126,,,,,,,,
15,74.76516371443908,24.651100375738057,0.46967257112184646,0.040257648953301126,,0.07380568974771873,,,,,,
16,74.43639291465378,24.97987117552335,0.46967257112184646,0.040257648953301126,,0.07380568974771873,,,,,,
17,74.37600644122384,25.0402576489533,0.46967257112184646,0.040257648953301126,,0.07380568974771873,,,,,,
18,73.91304347826087,24.57729468599034,0.46967257112184646,0.8588298443370908,0.10735373054213634,0.07380568974771873,,,,,,
19,73.87949543746645,24.46323134728932,0.46967257112184646,0.8588298443370908,0.2549651100375738,0.07380568974771873,,,,,,
20,73.85265700483092,22.63150831991412,0.46967257112184646,0.8588298443370908,0.2549651100375738,1.932367149758454,,,,,,
21,73.57085346215781,22.805958132045088,0.46967257112184646,0.966183574879227,0.2549651100375738,1.932367149758454,,,,,,
22,73.40982286634461,22.966988727858293,0.46967257112184646,0.966183574879227,0.2549651100375738,1.932367149758454,,,,,,
23,71.41035963499732,21.866612989801396,3.569511540526033,0.966183574879227,0.2549651100375738,1.932367149758454,,,,,,
24,67.94149221685454,25.335480407944175,3.569511540526033,0.966183574879227,0.2549651100375738,1.932367149758454,,,,,,
25,67.57246376811594,24.97987117552335,3.260869565217391,1.932367149758454,0.33548040794417605,1.9189479334406871,,,,,,
26,56.83038110574343,35.97691894793344,3.260869565217391,1.932367149758454,0.08051529790660225,1.9189479334406871,,,,,,
27,56.84380032206119,35.94337090713902,3.240740740740741,1.932367149758454,0.08051529790660225,1.9592055823939882,,,,,,
28,56.36070853462158,35.970209339774556,3.69699409554482,1.932367149758454,0.08051529790660225,1.9592055823939882,,,,,,
29,56.24664519592056,35.909822866344605,3.69699409554482,1.932367149758454,0.2147074610842727,1.9994632313472893,,,,,,
30,56.065485775630705,36.09769189479334,3.6902844873859366,1.932367149758454,0.2147074610842727,1.9994632313472893,,,,,,
31,53.10654857756307,39.10359634997316,3.643317230273752,1.932367149758454,0.2147074610842727,1.9994632313472893,,,,,,
32,53.14680622651637,39.06333870101986,3.5829307568438002,1.932367149758454,0.2147074610842727,1.9726247987117553,0.08722490606548577,,,,,
33,53.173644659151904,39.06333870101986,3.5762211486849167,1.9256575415995705,0.2147074610842727,1.9592055823939882,0.08722490606548577,,,,,
34,52.851583467525494,39.38539989264627,3.5762211486849167,1.9256575415995705,0.2147074610842727,1.9592055823939882,0.08722490606548577,,,,,
35,52.83816425120773,39.09688674181428,3.240740740740741,2.844873859366613,0.13419216317767044,1.8250134192163177,0.020128824476650563,,,,,
36,51.1808910359635,36.3996242619431,7.843531937734836,2.522812667740204,0.13419216317767044,1.8988191089640365,0.020128824476650563,,,,,
37,50.34219001610306,31.548577563070317,7.796564680622652,8.232689210950081,0.13419216317767044,1.9256575415995705,0.020128824476650563,,,,,
38,50.4092860976919,31.46135265700483,7.796564680622652,8.219269994632313,0.13419216317767044,1.9592055823939882,0.020128824476650563,,,,,
39,50.348899624261946,31.52173913043478,7.796564680622652,8.219269994632313,0.13419216317767044,1.9592055823939882,0.020128824476650563,,,,,
40,48.40311325818572,32.689210950080515,7.7831454643048845,8.219269994632313,0.13419216317767044,2.1068169618894257,0.6642512077294686,,,,,
41,48.36285560923242,32.71604938271605,7.7831454643048845,8.219269994632313,0.14761137949543746,2.1068169618894257,0.6642512077294686,,,,,
42,44.947665056360705,28.663446054750402,16.800858829844337,7.159151905528717,0.14761137949543746,1.7444981213097155,0.5367686527106817,,,,,
43,44.598765432098766,28.911701556629094,16.760601180891037,7.300053676865271,0.14761137949543746,1.7444981213097155,0.5367686527106817,,,,,
44,41.53918411164788,31.662640901771336,16.740472356414386,7.48792270531401,0.14761137949543746,1.7713365539452497,0.6508319914117016,,,,,
45,40.351583467525494,32.085346215781,16.532474503488995,8.179012345679013,0.2549651100375738,1.9457863660762211,0.6508319914117016,,,,,
46,40.21068169618894,32.045088566827694,16.445249597423512,8.179012345679013,0.36902844873859364,2.120236178207193,0.630703166935051,,,,,
47,40.06977992485239,32.25979602791197,16.33118625872249,8.179012345679013,0.36902844873859364,2.1604938271604937,0.630703166935051,,,,,
48,37.553676865271065,34.72222222222222,16.317767042404725,8.111916264090176,0.4830917874396135,2.1604938271604937,0.6239935587761675,0.026838432635534086,,,,
49,37.493290391841114,34.796027911969944,16.317767042404725,8.085077831454644,0.5166398282340311,2.1135265700483092,0.6239935587761675,0.026838432635534086,0.026838432635534086,,,
50,37.34567901234568,33.756038647343,16.223832528180353,9.205582393988191,0.5166398282340311,2.254428341384863,0.6239935587761675,0.04696725711218465,0.026838432635534086,,,
51,37.513419216317764,33.43397745571659,16.11647879763822,9.198872785829307,0.7581857219538379,2.254428341384863,0.6910896403650026,0.0067096081588835215,0.026838432635534086,,,
52,36.40633387010199,34.628287707997856,16.049382716049383,9.138486312399356,0.6172839506172839,2.3550724637681157,0.7716049382716049,0.0067096081588835215,0.026838432635534086,,,
53,36.44659151905529,34.6081588835212,16.029253891572733,9.138486312399356,0.6172839506172839,2.3550724637681157,0.7716049382716049,0.0067096081588835215,0.026838432635534086,,,
54,35.768921095008054,33.782877079978526,18.156199677938808,8.695652173913043,0.4562533548040794,2.4221685453569513,0.6843800322061192,0.0067096081588835215,0.026838432635534086,,,
55,35.74208266237252,33.63526570048309,17.753623188405797,9.473966720343531,0.4562533548040794,2.2208803005904456,0.6843800322061192,0.0067096081588835215,0.026838432635534086,,,
56,35.339506172839506,31.944444444444443,17.746913580246915,9.473966720343531,2.7979066022544283,1.583467525496511,1.107085346215781,0.0067096081588835215,,,,
57,26.798174986580783,40.84809447128288,17.391304347826086,9.426999463231347,2.844873859366613,1.583467525496511,1.1003757380568975,0.0067096081588835215,,,,
58,26.234567901234566,37.80864197530864,21.497584541062803,9.084809447128288,2.7777777777777777,1.4895330112721417,1.1003757380568975,0.0067096081588835215,,,,
59,26.261406333870102,35.057702630166396,21.497584541062803,9.084809447128288,2.7844873859366612,1.4895330112721417,3.8177670424047236,0.0067096081588835215,,,,
60,24.10762211486849,45.01476113794954,17.45169082125604,8.172302737520129,2.677133655394525,1.4895330112721417,1.0534084809447128,0.0067096081588835215,0.026838432635534086,,,
61,24.16129898013956,44.826892109500804,17.45169082125604,8.172302737520129,2.8381642512077296,1.4626945786366077,1.0534084809447128,0.0067096081588835215,0.026838432635534086,,,
62,23.758722490606548,45.309983896940416,17.404723564143854,8.13875469672571,2.8381642512077296,1.4626945786366077,1.0534084809447128,0.0067096081588835215,0.026838432635534086,,,
63,23.18840579710145,44.29012345679013,19.47799248523886,8.13875469672571,2.677133655394525,1.415727321524423,0.7783145464304885,0.0067096081588835215,0.026838432635534086,,,
64,23.262211486849168,44.24315619967794,19.39747718733226,8.13875469672571,2.677133655394525,1.4694041867954912,0.7783145464304885,0.0067096081588835215,0.026838432635534086,,,
65,23.295759527643586,43.42458400429415,19.249865807836823,8.13875469672571,2.677133655394525,1.4694041867954912,1.6639828234031133,0.05367686527106817,0.026838432635534086,,,
66,23.262211486849168,43.45142243692968,19.229736983360173,7.306763285024155,3.435319377348363,1.4761137949543746,1.6639828234031133,0.05367686527106817,0.12077294685990338,,,
67,23.047504025764894,43.4447128287708,19.07541599570585,7.5348899624261945,3.4286097691894795,1.6035963499731616,1.6908212560386473,0.05367686527106817,0.12077294685990338,,,
68,23.1682769726248,43.303811057434245,19.0552871712292,7.4006977992485234,3.421900161030596,1.7042404723564144,1.6639828234031133,0.05367686527106817,0.2281266774020397,,,
69,23.30246913580247,43.25013419216318,18.9747718733226,7.4006977992485234,3.388352120236178,1.6572732152442298,1.6774020397208802,0.12077294685990338,0.2281266774020397,,,
70,23.389694041867955,42.901234567901234,19.216317767042405,7.4006977992485234,3.388352120236178,1.6908212560386473,1.6639828234031133,0.12077294685990338,0.2281266774020397,,,
71,23.450080515297905,42.85426731078905,19.202898550724637,7.4006977992485234,3.388352120236178,1.6908212560386473,1.6639828234031133,0.12077294685990338,0.2281266774020397,,,
72,23.45679012345679,42.68652710681696,15.573000536768653,11.285560923242082,3.3682232957595275,1.6170155662909287,1.6639828234031133,0.12077294685990338,0.2281266774020397,,,
73,23.483628556092324,42.632850241545896,15.573000536768653,11.285560923242082,3.3682232957595275,1.6438539989264627,1.6639828234031133,0.12077294685990338,0.2281266774020397,,,
74,23.423242082662373,42.42485238862051,13.043478260869565,14.023081052066559,3.4957058507783145,1.6438539989264627,1.6639828234031133,0.05367686527106817,0.2281266774020397,,,
75,23.63123993558776,42.310789049919485,13.030059044551798,13.81508319914117,3.4957058507783145,1.6438539989264627,1.6572732152442298,0.05367686527106817,0.36231884057971014,,,
76,23.731884057971016,42.270531400966185,12.99651100375738,13.79495437466452,3.4957058507783145,1.6371443907675791,1.6572732152442298,0.05367686527106817,0.36231884057971014,,,
77,23.79898013955985,41.79414922168545,12.983091787439614,13.79495437466452,3.629898013955985,1.9592055823939882,1.6237251744498122,0.05367686527106817,0.36231884057971014,,,
78,23.30246913580247,42.35775630703167,12.882447665056361,13.781535158346752,3.6768652710681695,1.9592055823939882,1.6237251744498122,0.05367686527106817,0.36231884057971014,,,
79,23.336017176596886,42.330917874396135,12.882447665056361,13.741277509393452,3.6768652710681695,1.9592055823939882,1.6237251744498122,0.05367686527106817,0.39586688137412773,,,
80,23.235373054213635,42.16317767042405,12.828770799785293,13.741277509393452,3.6768652710681695,2.281266774020397,1.6237251744498122,0.05367686527106817,0.39586688137412773,,,
81,21.906870638754697,44.14922168545357,12.473161567364466,13.305152979066023,3.6768652710681695,2.314814814814815,1.6237251744498122,0.12077294685990338,0.4294149221685454,,,
82,22.014224369296834,43.75335480407944,12.406065485775631,13.278314546430488,3.6768652710681695,2.7241009125067097,1.596886741814278,0.12077294685990338,0.4294149221685454,,,
83,19.196188942565755,36.44659151905529,28.556092324208265,7.930756843800322,3.6500268384326353,2.147074610842727,1.596886741814278,0.04696725711218465,0.4294149221685454,,,
84,19.061996779388085,36.553945249597426,28.529253891572733,7.924047235641439,3.6500268384326353,2.2074610842726785,1.596886741814278,0.04696725711218465,0.4294149221685454,,,
85,19.102254428341386,36.30568974771873,28.415190552871714,7.924047235641439,3.6500268384326353,2.4892646269457863,1.6371443907675791,0.04696725711218465,0.4294149221685454,,,
86,17.773752012882447,41.84782608695652,27.200751476113794,5.132850241545894,3.556092324208266,2.6033279656468062,1.570048309178744,0.04696725711218465,0.2683843263553409,,,
87,17.98174986580784,41.67337627482555,27.073268921095007,5.132850241545894,3.556092324208266,2.6972624798711755,1.570048309178744,0.04696725711218465,0.2683843263553409,,,
88,16.646537842190018,41.04938271604938,28.99892646269458,5.0858829844337095,3.556092324208266,2.7777777777777777,1.570048309178744,0.04696725711218465,0.2683843263553409,,,
89,16.774020397208805,40.81454643048846,28.878153515834676,5.0791733762748255,3.5225442834138487,3.0193236714975846,1.570048309178744,0.07380568974771873,0.2683843263553409,,,
90,16.780730005367687,40.72061191626409,28.73054213633924,5.052334943639291,3.5225442834138487,3.2877079978529253,1.570048309178744,0.07380568974771873,0.2616747181964573,,,
91,16.82769726247987,40.41867954911433,28.663446054750402,5.052334943639291,3.515834675254965,3.629898013955985,1.556629092860977,0.07380568974771873,0.2616747181964573,,,
92,17.04911433172303,40.07648953301127,28.522544283413847,5.032206119162641,3.515834675254965,3.911701556629093,1.5297906602254427,0.10064412238325282,0.2616747181964573,,,
93,17.136339237788512,39.97584541062802,28.502415458937197,5.025496511003757,3.515834675254965,3.9519592055823938,1.5297906602254427,0.10064412238325282,0.2616747181964573,,,
94,17.183306494900698,39.76784755770263,28.455448201825014,5.025496511003757,3.515834675254965,4.159957058507783,1.5297906602254427,0.10064412238325282,0.2616747181964573,,,
95,17.418142780461622,39.59339774557166,28.28099838969404,5.025496511003757,3.515834675254965,4.274020397208803,1.5297906602254427,0.10064412238325282,0.2616747181964573,,,
96,17.28395061728395,39.170692431561996,28.817767042404725,5.025496511003757,3.515834675254965,4.260601180891036,1.5297906602254427,0.10064412238325282,0.2952227589908749,,,
97,17.330917874396135,39.130434782608695,28.817767042404725,5.025496511003757,3.515834675254965,4.253891572732153,1.5297906602254427,0.10064412238325282,0.2952227589908749,,,
98,17.364465915190554,39.029790660225444,28.858024691358025,4.99194847020934,3.515834675254965,4.28743961352657,1.5297906602254427,0.10064412238325282,0.322061191626409,,,
99,17.538915727321523,38.58024691358025,28.67686527106817,4.985238862050457,3.569511540526033,4.676596886741814,1.5633387010198605,0.10064412238325282,0.30864197530864196,,,
100,17.612721417069242,37.68115942028985,28.69699409554482,4.931561996779388,3.569511540526033,5.407944176060118,1.6908212560386473,0.10064412238325282,0.30864197530864196,,,
101,17.733494363929147,37.58722490606549,28.670155662909288,4.931561996779388,3.569511540526033,5.407944176060118,1.6908212560386473,0.10064412238325282,0.30864197530864196,,,
102,17.814009661835748,37.35238862050456,28.670155662909288,4.931561996779388,3.7372517444981215,5.394524959742351,1.6908212560386473,0.10064412238325282,0.30864197530864196,,,
103,17.74020397208803,37.084004294149224,28.79092860976919,4.931561996779388,3.7372517444981215,5.495169082125604,1.8115942028985508,0.10064412238325282,0.30864197530864196,,,
104,17.23027375201288,34.23913043478261,28.79092860976919,7.742887815351583,4.26731078904992,5.522007514761138,1.7981749865807837,0.10064412238325282,0.30864197530864196,,,
105,17.23027375201288,34.15861513687601,28.509125067096083,7.809983896940419,4.26731078904992,5.8172302737520125,1.7981749865807837,0.10064412238325282,0.30864197530864196,,,
106,17.24369296833065,34.18545356951154,28.44873859366613,7.742887815351583,4.2270531400966185,5.8239398819108965,1.8518518518518519,0.10064412238325282,0.3757380568974772,,,
107,17.136339237788512,32.41411701556629,27.74422973698336,8.031400966183575,4.146537842190016,6.528448738593666,3.535963499731616,0.08722490606548577,0.3757380568974772,,,
108,17.384594739667204,31.964573268921097,27.455716586151368,7.991143317230274,4.106280193236715,6.890767579173376,3.535963499731616,0.08722490606548577,0.5837359098228664,,,
109,17.62614063338701,31.82367149758454,27.294685990338163,7.991143317230274,4.106280193236715,6.951154052603328,3.535963499731616,0.08722490606548577,0.5837359098228664,,,
110,17.64626945786366,31.743156199677937,27.30139559849705,7.991143317230274,4.079441760601181,6.951154052603328,3.616478797638218,0.08722490606548577,0.5837359098228664,,,
111,17.780461621041333,31.655931293612454,27.24771873322598,7.96430488459474,4.079441760601181,6.870638754696726,3.6902844873859366,0.1274825550187869,0.5837359098228664,,,
112,17.901234567901234,31.45464304884595,26.939076757917338,7.930756843800322,4.549114331723027,6.823671497584541,3.6902844873859366,0.1274825550187869,0.5837359098228664,,,
113,17.317498658078367,30.609232420826622,27.985775630703166,7.568438003220612,4.53569511540526,6.870638754696726,4.374664519592056,0.1274825550187869,0.5837359098228664,0.026838432635534086,,
114,17.28395061728395,30.629361245303276,27.985775630703166,7.568438003220612,4.549114331723027,6.870638754696726,4.374664519592056,0.1274825550187869,0.5837359098228664,0.026838432635534086,,
115,17.324208266237253,30.629361245303276,27.89855072463768,7.568438003220612,4.528985507246377,6.937734836285561,4.374664519592056,0.1274825550187869,0.5837359098228664,0.026838432635534086,,
116,17.364465915190554,30.649490069779926,27.811325818572197,7.50805152979066,4.49543746645196,7.071926999463232,4.367954911433173,0.1274825550187869,0.5770263016639828,0.026838432635534086,,
117,16.834406870638755,29.03918411164788,27.623456790123456,11.064143853998926,4.260601180891036,6.823671497584541,3.589640365002684,0.1610305958132045,0.5770263016639828,0.026838432635534086,,
118,16.941760601180892,28.965378421900162,27.596618357487923,11.037305421363392,4.817498658078368,6.816961889425658,3.0595813204508855,0.1610305958132045,0.6038647342995169,,,
119,17.002147074610843,28.79092860976919,27.49597423510467,11.037305421363392,4.898013955984971,6.904186795491143,3.0193236714975846,0.1610305958132045,0.6038647342995169,0.08722490606548577,,
120,17.028985507246375,28.63660762211487,27.126945786366075,10.990338164251208,4.898013955984971,7.219538378958669,2.999194847020934,0.4092860976918948,0.6038647342995169,0.08722490606548577,,
121,16.49892646269458,27.985775630703166,26.92565754159957,12.674449812130971,4.898013955984971,6.944444444444445,2.9723564143853998,0.4092860976918948,0.6038647342995169,0.08722490606548577,,
122,16.458668813741276,28.046162104133117,26.764626945786365,12.661030595813205,4.898013955984971,7.098765432098766,2.9723564143853998,0.4092860976918948,0.6038647342995169,0.08722490606548577,,
123,16.55931293612453,27.677133655394524,26.690821256038646,12.640901771336553,4.898013955984971,7.461084272678476,2.898550724637681,0.46296296296296297,0.6239935587761675,0.08722490606548577,,
124,16.63311862587225,27.623456790123456,26.610305958132045,12.607353730542137,4.864465915190553,7.541599570585078,2.898550724637681,0.46296296296296297,0.6374127750939346,0.08722490606548577,0.03354804079441761,
125,16.720343531937736,27.596618357487923,26.50295222758991,12.600644122383253,4.944981213097155,7.514761137949543,2.898550724637681,0.46296296296296297,0.6374127750939346,0.08722490606548577,0.03354804079441761,
126,16.740472356414386,27.34165324745035,26.382179280730007,12.600644122383253,5.072463768115942,7.669082125603865,3.066290928609769,0.36902844873859364,0.6374127750939346,0.08722490606548577,0.03354804079441761,
127,16.75389157273215,26.89210950080515,26.31508319914117,12.600644122383253,4.87788513150832,7.6556629092860975,3.7775093934514223,0.36902844873859364,0.6374127750939346,0.08722490606548577,0.03354804079441761,
128,16.76731078904992,26.85185185185185,26.29495437466452,12.600644122383253,4.87788513150832,7.702630166398282,3.7775093934514223,0.36902844873859364,0.6374127750939346,0.08722490606548577,0.03354804079441761,
129,16.834406870638755,26.744498121309714,26.174181427804616,12.593934514224369,4.911433172302737,7.836822329575953,3.7775093934514223,0.36902844873859364,0.6374127750939346,0.08722490606548577,0.03354804079441761,
130,16.921631776704242,26.717659688674182,26.093666129898015,12.298711755233494,5.2066559312936125,7.836822329575953,3.69699409554482,0.3421900161030596,0.6709608158883521,0.18115942028985507,0.03354804079441761,
131,16.968599033816425,26.717659688674182,25.97289318303811,12.298711755233494,5.280461621041331,7.863660762211487,3.670155662909286,0.3421900161030596,0.6709608158883521,0.18115942028985507,0.03354804079441761,
132,17.01556629092861,26.549919484702095,25.89908749329039,12.27187332259796,5.280461621041331,8.085077831454644,3.7104133118625873,0.3153515834675255,0.6709608158883521,0.16774020397208803,0.03354804079441761,
133,16.914922168545356,26.281535158346752,25.97289318303811,12.238325281803542,5.4549114331723025,8.239398819108963,3.7104133118625873,0.3153515834675255,0.6709608158883521,0.16774020397208803,0.03354804079441761,
134,17.143048845947398,26.214439076757916,25.91921631776704,12.104133118625873,5.448201825013419,8.145464304884594,3.7104133118625873,0.3153515834675255,0.798443370907139,0.16774020397208803,0.03354804079441761,
135,17.317498658078367,26.160762211486848,25.865539452495973,11.882716049382717,5.421363392377885,8.145464304884594,3.7104133118625873,0.3153515834675255,0.9796027911969941,0.16774020397208803,0.03354804079441761,
136,17.398013955984972,26.147342995169083,25.77831454643049,11.882716049382717,5.421363392377885,8.145464304884594,3.730542136339238,0.3153515834675255,0.9796027911969941,0.16774020397208803,0.03354804079441761,
137,17.47181964573269,26.08695652173913,25.731347289318304,11.882716049382717,5.421363392377885,8.179012345679013,3.730542136339238,0.3153515834675255,0.9796027911969941,0.16774020397208803,0.03354804079441761,
138,17.505367686527105,26.08695652173913,25.644122383252817,11.849168008588299,5.421363392377885,8.360171765968868,3.616478797638218,0.3153515834675255,0.9997316156736447,0.16774020397208803,0.03354804079441761,
139,16.928341384863124,25.831991411701555,26.32850241545894,11.849168008588299,5.414653784219001,8.501073537305421,3.616478797638218,0.3421900161030596,0.9863123993558777,0.16774020397208803,0.03354804079441761,
140,17.042404723564143,25.825281803542673,26.288244766505635,11.822329575952764,5.401234567901234,8.487654320987655,3.616478797638218,0.3421900161030596,0.9728931830381106,0.16774020397208803,0.03354804079441761,
141,17.2638217928073,25.577026301663984,25.99302200751476,11.782071926999464,5.401234567901234,8.715780998389693,3.616478797638218,0.47638217928073,0.9728931830381106,0.16774020397208803,0.03354804079441761,
142,17.364465915190554,25.503220611916262,25.89237788513151,11.674718196457327,5.428073000536768,8.756038647342995,3.5829307568438002,0.6508319914117016,0.9460547504025765,0.16774020397208803,0.03354804079441761,
143,17.351046698872786,25.469672571121848,25.140901771336555,11.231884057971014,5.307300053676865,8.756038647342995,5.025496511003757,0.6508319914117016,0.8655394524959742,0.16774020397208803,0.03354804079441761,
144,17.404723564143854,25.409286097691894,24.84567901234568,11.332528180354267,5.253623188405797,8.796296296296296,5.24020397208803,0.6508319914117016,0.8655394524959742,0.16774020397208803,0.03354804079441761,
145,17.438271604938272,25.409286097691894,24.812130971551262,11.332528180354267,5.22007514761138,8.796296296296296,5.24020397208803,0.6508319914117016,0.8655394524959742,0.16774020397208803,0.06709608158883522,
146,17.56575415995706,25.389157273215243,24.48336017176597,11.312399355877616,5.22007514761138,9.037842190016104,5.24020397208803,0.6508319914117016,0.8655394524959742,0.16774020397208803,0.06709608158883522,
147,17.773752012882447,25.315351583467525,24.22168545356951,11.285560923242082,5.273752012882448,9.138486312399356,5.24020397208803,0.6508319914117016,0.8655394524959742,0.16774020397208803,0.06709608158883522,
148,17.840848094471284,25.248255501878692,24.08749329039184,11.258722490606548,5.394524959742351,9.178743961352657,5.24020397208803,0.6508319914117016,0.8655394524959742,0.16774020397208803,0.06709608158883522,
149,17.860976918947934,25.207997852925388,24.08078368223296,11.151368760064413,5.381105743424584,9.178743961352657,5.24020397208803,0.6508319914117016,1.0131508319914118,0.16774020397208803,0.06709608158883522,
150,18.04213633923779,24.56387546967257,23.765432098765434,11.044015029522276,5.629361245303274,9.73564143853999,5.213365539452496,0.6508319914117016,1.1205045625335481,0.16774020397208803,0.06709608158883522,
151,17.807300053676865,24.268652710681696,24.168008588298445,10.903113258185721,5.709876543209877,10.064412238325282,5.112721417069243,0.6374127750939346,1.093666129898014,0.16774020397208803,0.06709608158883522,
152,17.814009661835748,24.322329575952764,24.10762211486849,10.802469135802468,5.662909286097692,10.064412238325282,5.112721417069243,0.8118625872249061,1.06682769726248,0.16774020397208803,0.06709608158883522,
153,17.834138486312398,24.288781535158346,24.053945249597422,10.802469135802468,5.662909286097692,10.017444981213098,5.112721417069243,0.9259259259259259,1.06682769726248,0.16774020397208803,0.06709608158883522,
154,17.867686527106816,24.22168545356951,23.93317230273752,10.802469135802468,5.6964573268921095,10.138217928073,5.112721417069243,0.9259259259259259,1.06682769726248,0.16774020397208803,0.06709608158883522,
155,17.753623188405797,23.832528180354267,23.758722490606548,11.211755233494364,5.736714975845411,10.124798711755233,5.112721417069243,1.2010198604401503,1.0466988727858293,0.15432098765432098,0.06709608158883522,
156,17.894524959742352,23.785560923242084,23.678207192699947,11.124530327428879,5.763553408480945,10.0979602791197,5.112721417069243,1.1674718196457328,1.1540526033279657,0.15432098765432098,0.06709608158883522,
157,17.96833064949007,23.72517444981213,23.61111111111111,11.057434245840042,5.763553408480945,10.124798711755233,5.112721417069243,1.2815351583467525,1.133923778851315,0.15432098765432098,0.06709608158883522,
158,18.12265163714439,23.503757380568974,23.564143853998928,11.057434245840042,5.750134192163178,10.285829307568438,5.0791733762748255,1.2815351583467525,1.133923778851315,0.15432098765432098,0.06709608158883522,
159,18.04213633923779,22.879763821792807,23.389694041867955,11.017176596886742,6.9310252281266775,9.749060654857756,5.139559849704777,1.4559849704777241,1.1741814278046163,0.15432098765432098,0.06709608158883522,
160,18.00187869028449,22.84621578099839,23.141438539989263,11.372785829307569,6.910896403650026,9.782608695652174,5.092592592592593,1.4559849704777241,1.1741814278046163,0.15432098765432098,0.06709608158883522,
161,18.055555555555557,22.665056360708533,22.805958132045088,11.372785829307569,7.118894256575416,10.02415458937198,5.059044551798175,1.5029522275899088,1.1741814278046163,0.15432098765432098,0.06709608158883522,
162,18.129361245303276,22.25577026301664,22.75228126677402,11.366076221148685,7.897208803005904,9.648416532474503,5.052334943639291,1.5029522275899088,1.1741814278046163,0.15432098765432098,0.06709608158883522,
163,18.109232420826622,20.90713902308105,22.745571658615138,12.97638217928073,7.897208803005904,9.346484165324744,5.052334943639291,1.5029522275899088,1.2412775093934514,0.15432098765432098,0.06709608158883522,
164,18.243424584004295,20.73268921095008,22.611379495437465,12.969672571121846,7.877079978529254,9.594739667203436,5.052334943639291,1.4559849704777241,1.2412775093934514,0.15432098765432098,0.06709608158883522,
165,18.38432635534085,20.719269994632313,22.376543209876544,12.922705314009661,7.877079978529254,9.702093397745571,4.998658078368224,1.556629092860977,1.2412775093934514,0.15432098765432098,0.06709608158883522,
166,18.51851851851852,20.71256038647343,22.309447128287708,12.922705314009661,7.897208803005904,9.668545356951155,4.9718196457326895,1.5365002683843263,1.2412775093934514,0.15432098765432098,0.06709608158883522,
167,18.592324208266238,20.229468599033815,22.289318303811058,12.546967257112184,7.843531937734836,9.668545356951155,5.723295759527644,1.5230810520665594,1.3620504562533549,0.15432098765432098,0.06709608158883522,
168,18.612453032742888,20.155662909286097,22.27589908749329,12.546967257112184,7.836822329575953,9.742351046698873,5.5689747718733225,1.6774020397208802,1.3620504562533549,0.15432098765432098,0.06709608158883522,
169,18.572195383789587,20.128824476650564,22.24235104669887,12.661030595813205,7.823403113258186,9.77589908749329,5.548845947396672,1.6774020397208802,1.3486312399355878,0.15432098765432098,0.06709608158883522,
170,18.59903381642512,19.98792270531401,22.188674181427803,12.661030595813205,8.024691358024691,9.742351046698873,5.548845947396672,1.6774020397208802,1.3486312399355878,0.15432098765432098,0.06709608158883522,
171,18.733225979602793,19.961084272678477,22.094739667203434,12.647611379495437,7.997852925389157,9.675254965110037,5.535426731078905,1.7847557702630166,1.3486312399355878,0.15432098765432098,0.06709608158883522,
172,18.719806763285025,19.826892109500804,22.208803005904453,12.627482555018787,7.944176060118089,9.66183574879227,5.522007514761138,1.8115942028985508,1.3486312399355878,0.15432098765432098,0.06709608158883522,0.10735373054213634
173,18.666129898013956,18.471551261406333,24.402844873859365,12.546967257112184,7.823403113258186,9.4873859366613,5.072463768115942,1.8115942028985508,1.3888888888888888,0.15432098765432098,0.06709608158883522,0.10735373054213634
174,18.632581857219538,18.50509930220075,24.402844873859365,12.412775093934513,7.823403113258186,9.4873859366613,5.072463768115942,1.8115942028985508,1.5230810520665594,0.15432098765432098,0.06709608158883522,0.10735373054213634
175,18.646001073537306,18.50509930220075,24.36929683306495,12.305421363392378,7.843531937734836,9.4873859366613,5.072463768115942,1.8115942028985508,1.6304347826086956,0.15432098765432098,0.06709608158883522,0.10735373054213634
176,18.364197530864196,18.4849704777241,24.778582930756844,12.305421363392378,7.843531937734836,9.386741814278047,4.918142780461621,1.8115942028985508,1.6304347826086956,0.30193236714975846,0.06709608158883522,0.10735373054213634
177,18.303811057434245,18.256843800322063,24.711486849168008,12.25174449812131,7.971014492753623,9.41358024691358,5.10601180891036,1.8115942028985508,1.6304347826086956,0.30193236714975846,0.13419216317767044,0.10735373054213634
178,18.21658615136876,18.256843800322063,24.651100375738057,12.157809983896941,7.501341921631776,9.252549651100376,5.991680085882985,1.7981749865807837,1.6304347826086956,0.30193236714975846,0.13419216317767044,0.10735373054213634
179,18.263553408480945,18.189747718733226,24.3894256575416,12.157809983896941,7.575147611379496,9.366612989801396,6.085614600107354,1.7981749865807837,1.6304347826086956,0.30193236714975846,0.13419216317767044,0.10735373054213634
180,18.317230273752013,18.230005367686527,24.342458400429415,12.157809983896941,7.588566827697263,9.346484165324744,6.085614600107354,1.7646269457863661,1.6237251744498122,0.30193236714975846,0.13419216317767044,0.10735373054213634
181,18.370907139023082,18.209876543209877,24.241814278046164,12.157809983896941,7.588566827697263,9.426999463231347,6.072195383789587,1.7646269457863661,1.6237251744498122,0.30193236714975846,0.13419216317767044,0.10735373054213634
182,18.51851851851852,18.17632850241546,24.134460547504027,12.124261943102523,7.669082125603865,9.433709071390231,6.011808910359635,1.7646269457863661,1.6237251744498122,0.30193236714975846,0.13419216317767044,0.10735373054213634
183,17.834138486312398,16.901502952227588,29.367954911433173,11.614331723027375,6.642512077294686,8.541331186258722,5.434782608695652,1.583467525496511,1.5365002683843263,0.30193236714975846,0.13419216317767044,0.10735373054213634
184,17.914653784219002,16.901502952227588,29.274020397208805,11.600912506709609,6.629092860976919,8.581588835212024,5.434782608695652,1.583467525496511,1.5365002683843263,0.30193236714975846,0.13419216317767044,0.10735373054213634
185,17.954911433172303,16.901502952227588,29.20692431561997,11.58749329039184,6.629092860976919,8.527911969940956,5.528717122920021,1.583467525496511,1.5365002683843263,0.30193236714975846,0.13419216317767044,0.10735373054213634
186,18.00187869028449,16.800858829844337,29.20692431561997,11.366076221148685,6.629092860976919,8.82313472893183,5.522007514761138,1.583467525496511,1.5230810520665594,0.30193236714975846,0.13419216317767044,0.10735373054213634
187,18.12265163714439,16.760601180891037,29.1935050993022,11.285560923242082,6.602254428341385,8.876811594202898,5.441492216854535,1.570048309178744,1.5230810520665594,0.3824476650563607,0.13419216317767044,0.10735373054213634
188,18.256843800322063,16.71363392377885,29.09286097691895,11.285560923242082,6.66935050993022,8.776167471819646,5.488459473966721,1.570048309178744,1.5230810520665594,0.3824476650563607,0.13419216317767044,0.10735373054213634
189,18.256843800322063,16.680085882984432,29.159957058507782,11.238593666129898,6.6827697262479875,8.776167471819646,5.488459473966721,1.570048309178744,1.5230810520665594,0.3824476650563607,0.13419216317767044,0.10735373054213634
190,18.263553408480945,16.63311862587225,28.871443907675793,11.131239935587761,6.6827697262479875,8.715780998389693,5.4549114331723025,1.9860440150295222,1.6035963499731616,0.41599570585077833,0.13419216317767044,0.10735373054213634
191,18.310520665593128,16.59957058507783,28.871443907675793,11.131239935587761,6.6827697262479875,8.709071390230811,5.4549114331723025,1.9860440150295222,1.596886741814278,0.41599570585077833,0.13419216317767044,0.10735373054213634
192,18.33064949006978,16.59957058507783,28.837895866881375,11.023886205045626,6.6827697262479875,8.709071390230811,5.320719269994632,2.0933977455716586,1.596886741814278,0.5636070853462157,0.13419216317767044,0.10735373054213634
193,18.283682232957595,16.532474503488995,28.629898013955984,11.29898013955985,6.5485775630703165,8.709071390230811,5.407944176060118,2.187332259796028,1.596886741814278,0.5636070853462157,0.13419216317767044,0.10735373054213634
194,18.377616747181964,16.532474503488995,28.515834675254965,11.292270531400966,6.535158346752549,8.749329039184111,5.407944176060118,2.187332259796028,1.596886741814278,0.5636070853462157,0.13419216317767044,0.10735373054213634
195,18.364197530864196,15.666935050993022,28.421900161030596,11.292270531400966,6.481481481481482,9.77589908749329,5.407944176060118,2.187332259796028,1.596886741814278,0.5636070853462157,0.13419216317767044,0.10735373054213634
196,18.417874396135264,15.646806226516372,28.247450348899623,11.272141706924316,6.6760601180891035,9.923510466988727,5.314009661835748,2.1403650026838434,1.5901771336553945,0.5300590445517982,0.13419216317767044,0.10735373054213634
197,18.4849704777241,15.60654857756307,28.18035426731079,11.272141706924316,6.6760601180891035,9.96376811594203,5.314009661835748,2.1403650026838434,1.5901771336553945,0.5300590445517982,0.13419216317767044,0.10735373054213634
198,18.552066559312937,15.593129361245303,27.965646806226516,11.245303274288782,6.662640901771336,10.21202361782072,5.293880837359098,2.1403650026838434,1.5633387010198605,0.5300590445517982,0.13419216317767044,0.10735373054213634
199,18.53864734299517,15.499194847020934,27.74422973698336,11.211755233494364,6.642512077294686,10.487117552334944,5.280461621041331,2.2611379495437465,1.5633387010198605,0.5300590445517982,0.13419216317767044,0.10735373054213634
200,18.552066559312937,15.499194847020934,27.74422973698336,11.211755233494364,6.629092860976919,10.487117552334944,5.280461621041331,2.2611379495437465,1.5633387010198605,0.5300590445517982,0.13419216317767044,0.10735373054213634
201,18.659420289855074,15.4723564143854,27.68384326355341,11.198336017176597,6.501610305958132,10.487117552334944,5.367686527106817,2.2611379495437465,1.5633387010198605,0.5770263016639828,0.13419216317767044,0.0939345142243693
202,18.760064412238325,15.344873859366613,27.636876006441224,11.064143853998926,6.568706387546968,10.63472893183038,5.367686527106817,2.2611379495437465,1.556629092860977,0.5770263016639828,0.13419216317767044,0.0939345142243693
203,18.793612453032743,15.331454643048845,27.636876006441224,11.064143853998926,6.568706387546968,10.61460010735373,5.367686527106817,2.2611379495437465,1.556629092860977,0.5770263016639828,0.13419216317767044,0.0939345142243693
204,18.820450885668276,15.297906602254429,27.415458937198068,11.057434245840042,6.568706387546968,10.748792270531402,5.287171229200215,2.3617820719269993,1.556629092860977,0.6575415995705851,0.13419216317767044,0.0939345142243693
205,18.874127750939344,15.297906602254429,27.375201288244767,10.983628556092324,6.568706387546968,10.748792270531402,5.287171229200215,2.3617820719269993,1.6170155662909287,0.6575415995705851,0.13419216317767044,0.0939345142243693
206,18.874127750939344,14.955716586151368,28.307836822329577,10.742082662372518,6.568706387546968,10.399892646269459,5.287171229200215,2.3617820719269993,1.6170155662909287,0.6575415995705851,0.13419216317767044,0.0939345142243693
207,18.95464304884595,14.915458937198068,27.79790660225443,10.648148148148149,6.568706387546968,10.909822866344605,5.287171229200215,2.4154589371980677,1.6170155662909287,0.6575415995705851,0.13419216317767044,0.0939345142243693
208,19.068706387546968,14.841653247450349,27.78448738593666,10.648148148148149,6.5552871712292005,10.896403650026839,5.287171229200215,2.4154589371980677,1.6170155662909287,0.6575415995705851,0.13419216317767044,0.0939345142243693
209,19.068706387546968,14.754428341384862,27.75764895330113,10.648148148148149,6.5552871712292005,11.003757380568974,5.320719269994632,2.4154589371980677,1.6170155662909287,0.630703166935051,0.13419216317767044,0.0939345142243693
210,19.142512077294686,14.707461084272678,27.690552871712292,11.144659151905529,6.3137412775093935,10.802469135802468,5.314009661835748,2.4020397208803006,1.7579173376274826,0.49651100375738055,0.13419216317767044,0.0939345142243693
211,19.236446591519055,14.65378421900161,27.61003757380569,11.218464841653248,6.300322061191626,10.789049919484702,5.307300053676865,2.4020397208803006,1.7579173376274826,0.49651100375738055,0.13419216317767044,0.0939345142243693
212,19.26328502415459,14.626945786366075,27.61003757380569,11.20504562533548,6.380837359098229,10.789049919484702,5.307300053676865,2.4020397208803006,1.6908212560386473,0.49651100375738055,0.13419216317767044,0.0939345142243693
213,19.229736983360173,14.533011272141707,27.58990874932904,11.20504562533548,6.528448738593666,10.789049919484702,5.307300053676865,2.4020397208803006,1.6908212560386473,0.49651100375738055,0.13419216317767044,0.0939345142243693
214,19.51825013419216,14.51959205582394,27.334943639291467,11.16478797638218,6.508319914117015,10.836017176596886,5.360976918947934,2.3550724637681157,1.6774020397208802,0.49651100375738055,0.13419216317767044,0.0939345142243693
215,19.249865807836823,13.989533011272142,27.13365539452496,12.157809983896941,6.414385399892646,10.748792270531402,5.287171229200215,2.576489533011272,1.7176596886741815,0.49651100375738055,0.13419216317767044,0.0939345142243693
216,19.37734836285561,13.88888888888889,27.120236178207193,12.144390767579173,6.400966183574879,10.762211486849168,5.287171229200215,2.576489533011272,1.7176596886741815,0.49651100375738055,0.13419216317767044,0.0939345142243693
217,19.504830917874397,13.862050456253355,27.059849704777243,12.144390767579173,6.400966183574879,10.762211486849168,5.260332796564681,2.576489533011272,1.7042404723564144,0.49651100375738055,0.13419216317767044,0.0939345142243693
218,19.43102522812668,13.271604938271604,27.01959205582394,12.144390767579173,6.400966183574879,11.379495437466453,5.22007514761138,2.6435856146001075,1.7646269457863661,0.49651100375738055,0.13419216317767044,0.0939345142243693
