,45,50,51,54,53,52,56,55,57
0,98.06763285024155,1.932367149758454,,,,,,,
1,98.08105206655931,1.9189479334406871,,,,,,,
2,97.88647342995169,2.1135265700483092,,,,,,,
3,83.11862587224905,16.881374127750938,,,,,,,
4,69.10225442834138,30.897745571658614,,,,,,,
5,65.10332796564681,32.890499194847024,0.644122383252818,1.3620504562533549,,,,,
6,64.32501341921632,32.729468599033815,0.644122383252818,1.3620504562533549,0.9393451422436929,,,,
7,64.33843263553409,32.71604938271605,0.644122383252818,1.3620504562533549,0.9393451422436929,,,,
8,63.0300590445518,34.05797101449275,0.644122383252818,1.328502415458937,0.9393451422436929,,,,
9,63.0300590445518,34.05797101449275,0.644122383252818,1.328502415458937,0.9393451422436929,,,,
10,63.04347826086956,34.044551798174986,0.644122383252818,1.328502415458937,0.9393451422436929,,,,
11,63.27831454643049,33.8365539452496,0.644122383252818,1.3016639828234031,0.9393451422436929,,,,
12,59.876543209876544,37.23832528180354,0.644122383252818,1.3016639828234031,0.9393451422436929,,,,
13,60.02415458937198,37.0907139023081,0.644122383252818,1.3016639828234031,0.9393451422436929,,,,
14,55.52871712292002,29.676596886741816,0.644122383252818,1.3016639828234031,0.8387010198604401,12.010198604401502,,,
15,55.70987654320987,29.582662372517444,0.644122383252818,1.3016639828234031,0.8387010198604401,11.922973698336017,,,
16,55.14626945786366,27.81803542673108,0.644122383252818,1.3016639828234031,0.8387010198604401,14.251207729468598,,,
17,47.46376811594203,35.34621578099839,1.261406333870102,0.9057971014492754,0.8387010198604401,14.184111647879764,,,
18,47.62479871175523,35.27241009125067,1.261406333870102,0.9057971014492754,0.8387010198604401,14.096886741814279,,,
19,46.846484165324746,33.111916264090176,14.868491680085883,0.9057971014492754,0.8387010198604401,3.4286097691894795,,,
20,46.92699946323135,33.111916264090176,14.660493827160494,0.9057971014492754,0.8387010198604401,3.4286097691894795,0.1274825550187869,,
21,44.20960815888352,32.85024154589372,18.055555555555557,1.247987117552335,0.8387010198604401,2.6704240472356413,0.1274825550187869,,
22,44.29012345679013,32.85024154589372,17.975040257648953,1.247987117552335,0.8387010198604401,2.6704240472356413,0.1274825550187869,,
23,43.84728931830381,32.23295759527644,15.485775630703166,1.2412775093934514,4.723564143853999,1.932367149758454,0.5367686527106817,,
24,41.257380568974774,34.876543209876544,15.432098765432098,1.2412775093934514,4.723564143853999,1.932367149758454,0.5367686527106817,,
25,33.313204508856685,45.59849704777241,12.654320987654321,1.2412775093934514,4.723564143853999,1.932367149758454,0.5367686527106817,,
26,33.3870101986044,45.32340311325819,12.855609232420827,1.2412775093934514,4.723564143853999,1.932367149758454,0.5367686527106817,,
27,33.45410628019324,45.309983896940416,12.801932367149758,1.2412775093934514,4.723564143853999,1.932367149758454,0.5367686527106817,,
28,33.45410628019324,44.68599033816425,12.801932367149758,1.2412775093934514,4.723564143853999,1.932367149758454,0.5367686527106817,0.6239935587761675,
29,32.8166935050993,38.43263553408481,19.80005367686527,1.2412775093934514,4.723564143853999,1.932367149758454,0.5367686527106817,0.5166398282340311,
30,32.79656468062265,37.5805152979066,19.80005367686527,2.1135265700483092,4.723564143853999,1.932367149758454,0.5367686527106817,0.5166398282340311,
31,32.51476113794954,36.08427267847558,19.766505636070853,2.073268921095008,4.723564143853999,1.932367149758454,0.5300590445517982,2.3752012882447664,
32,32.588566827697264,35.11808910359635,19.685990338164252,2.073268921095008,5.6964573268921095,1.932367149758454,0.5300590445517982,2.3752012882447664,
33,24.268652710681696,43.78690284487386,19.33709071390231,2.073268921095008,5.6964573268921095,1.932367149758454,0.5300590445517982,2.3752012882447664,
34,24.315619967793882,42.80059044551798,19.33709071390231,2.073268921095008,6.635802469135802,1.932367149758454,0.5300590445517982,2.3752012882447664,
35,23.812399355877616,38.93585614600107,19.202898550724637,1.9659151905528718,11.245303274288782,1.932367149758454,0.5300590445517982,2.3752012882447664,
36,23.15485775630703,37.546967257112186,17.062533548040793,1.9659151905528718,12.640901771336553,4.757112184648417,0.5300590445517982,2.341653247450349,
37,23.57085346215781,37.42619431025228,17.002147074610843,1.9659151905528718,12.573805689747719,4.736983360171766,0.5300590445517982,2.1940418679549114,
38,23.691626409017715,37.33225979602791,17.002147074610843,1.9659151905528718,12.573805689747719,4.7101449275362315,0.5300590445517982,2.1940418679549114,
39,23.752012882447666,37.33225979602791,16.97530864197531,1.9659151905528718,12.5402576489533,4.7101449275362315,0.5300590445517982,2.1940418679549114,
40,22.63150831991412,34.68867418142781,21.64519592055824,1.9659151905528718,11.708266237251744,4.656468062265164,0.5300590445517982,2.1739130434782608,
41,20.813204508856682,33.41384863123994,25.308641975308642,1.9659151905528718,11.191626409017713,4.622920021470746,0.5099302200751477,2.1739130434782608,
42,17.37788513150832,29.441760601180892,34.21229200214707,3.33467525496511,11.191626409017713,1.4559849704777241,0.9997316156736447,1.9860440150295222,
43,17.693236714975846,29.441760601180892,33.9170692431562,3.33467525496511,11.191626409017713,1.4559849704777241,0.9796027911969941,1.9860440150295222,
44,15.378421900161031,26.35534084809447,42.223564143854,3.260869565217391,8.756038647342995,1.4559849704777241,0.5971551261406334,1.9726247987117553,
45,15.143585614600108,24.664519592055825,41.45195920558239,3.2139023081052067,11.500268384326356,1.4559849704777241,0.5971551261406334,1.9726247987117553,
46,15.45222758990875,24.61755233494364,41.19028448738594,3.2139023081052067,11.500268384326356,1.4559849704777241,0.5971551261406334,1.9726247987117553,
47,15.539452495974235,24.54374664519592,41.176865271068166,3.2139023081052067,11.500268384326356,1.4559849704777241,0.5971551261406334,1.9726247987117553,
48,15.069779924852389,22.50402576489533,39.66720343531938,3.361513687600644,10.72866344605475,6.246645195920558,0.5971551261406334,1.8250134192163177,
49,15.277777777777779,22.457058507783145,39.55314009661836,3.361513687600644,10.715244229736983,6.213097155126141,0.5971551261406334,1.8250134192163177,
50,15.24422973698336,22.17525496511004,38.55340848094471,3.361513687600644,11.714975845410628,6.213097155126141,0.5971551261406334,2.1403650026838434,
51,15.411969940955448,22.168545356951153,38.439345142243695,3.361513687600644,11.668008588298443,6.213097155126141,0.5971551261406334,2.1403650026838434,
52,15.982286634460548,21.296296296296298,38.67418142780462,3.260869565217391,10.48040794417606,6.810252281266774,1.3754696725711217,2.120236178207193,
53,16.431830381105744,20.860171765968868,38.67418142780462,3.260869565217391,10.48040794417606,6.796833064949007,1.3754696725711217,2.120236178207193,
54,16.935050993022006,20.605206655931294,38.479602791196996,3.260869565217391,10.433440687063875,6.790123456790123,1.3754696725711217,2.120236178207193,
55,17.08937198067633,20.37037037037037,37.02361782071927,3.260869565217391,12.00348899624262,6.790123456790123,1.3419216317767042,2.120236178207193,
56,17.277241009125067,20.283145464304884,36.922973698336016,3.260869565217391,12.00348899624262,6.790123456790123,1.3419216317767042,2.120236178207193,
57,16.988727858293075,20.075147611379496,35.73537305421363,3.260869565217391,11.83574879227053,8.641975308641975,1.3419216317767042,2.120236178207193,
58,17.324208266237253,20.014761137949545,33.97745571658615,3.260869565217391,13.66076221148685,8.514492753623188,1.1272141706924315,2.120236178207193,
59,17.56575415995706,19.685990338164252,33.84997316156736,3.260869565217391,12.855609232420827,9.601449275362318,1.1272141706924315,2.0531400966183573,
60,17.579173376274827,19.75979602791197,33.621846484165324,3.260869565217391,12.855609232420827,9.601449275362318,1.2681159420289856,2.0531400966183573,
61,17.51207729468599,19.639023081052066,33.17901234567901,3.260869565217391,13.741277509393452,9.574610842726784,1.2681159420289856,1.8250134192163177,
62,17.57246376811594,19.605475040257648,34.312936124530324,3.2541599570585076,12.714707461084272,9.554482018250134,1.1607622114868492,1.8250134192163177,
63,16.57944176060118,17.934782608695652,39.60681696188943,3.2541599570585076,10.050993022007514,8.876811594202898,1.1607622114868492,2.536231884057971,
64,16.53918411164788,17.371175523349436,36.01717659688674,6.884057971014493,10.050993022007514,8.876811594202898,1.1607622114868492,3.099838969404187,
65,16.606280193236714,17.357756307031668,35.99704777241009,6.884057971014493,10.017444981213098,8.876811594202898,1.1607622114868492,3.099838969404187,
66,16.23725174449812,15.821256038647343,39.512882447665056,6.320450885668277,9.091519055287172,8.809715512614064,1.1607622114868492,3.046162104133119,
67,16.404991948470208,15.821256038647343,39.40552871712292,6.293612453032743,9.091519055287172,8.809715512614064,1.1607622114868492,3.012614063338701,
68,16.5727321524423,15.794417606011809,39.27804616210413,6.400966183574879,9.091519055287172,8.702361782071927,1.1607622114868492,2.999194847020934,
69,16.586151368760063,15.794417606011809,38.238056897477186,5.71658615136876,9.091519055287172,10.185185185185185,1.3888888888888888,2.999194847020934,
70,14.935587761674718,14.123725174449811,41.97530864197531,5.112721417069243,9.668545356951155,10.292538915727322,1.3888888888888888,2.5026838432635534,
71,14.922168545356952,14.123725174449811,41.176865271068166,5.10601180891036,9.668545356951155,10.292538915727322,1.3888888888888888,3.321256038647343,
72,15.029522275899087,13.43263553408481,43.68625872249061,5.10601180891036,9.373322597960279,8.702361782071927,1.3888888888888888,3.280998389694042,
73,15.45222758990875,13.405797101449275,43.10252281266774,4.958400429414922,9.339774557165862,8.581588835212024,1.3888888888888888,3.770799785292539,
74,15.593129361245303,13.405797101449275,43.001878690284485,4.958400429414922,9.339774557165862,8.57487922705314,1.3553408480944713,3.770799785292539,
75,15.727321524422974,13.331991411701557,42.96833064949007,4.958400429414922,9.312936124530328,8.57487922705314,1.3553408480944713,3.770799785292539,
76,15.405260332796564,13.097155126140633,42.659688674181425,4.904723564143854,9.312936124530328,10.393183038110575,1.3553408480944713,2.871712292002147,
77,15.485775630703166,12.788513150831992,38.74127750939345,4.904723564143854,9.23913043478261,13.855340848094471,1.3553408480944713,3.629898013955985,
78,15.505904455179817,12.681159420289855,38.71443907675792,5.052334943639291,9.205582393988191,13.855340848094471,1.3553408480944713,3.629898013955985,
79,15.170424047235642,12.681159420289855,37.855609232420825,5.052334943639291,11.513687600644122,12.828770799785293,1.2681159420289856,3.629898013955985,
80,15.217391304347826,12.667740203972087,37.82206119162641,5.052334943639291,11.513687600644122,12.828770799785293,1.2681159420289856,3.629898013955985,
81,15.250939345142244,12.667740203972087,37.82206119162641,5.052334943639291,11.480139559849706,12.828770799785293,1.2681159420289856,3.629898013955985,
82,15.593129361245303,12.640901771336553,37.80864197530864,5.052334943639291,11.480139559849706,12.526838432635534,1.2681159420289856,3.629898013955985,
83,15.539452495974235,11.922973698336017,41.21041331186259,5.052334943639291,11.480139559849706,10.50053676865271,1.261406333870102,3.0327428878153517,
84,15.687063875469672,11.77536231884058,41.21041331186259,5.052334943639291,11.480139559849706,10.50053676865271,1.261406333870102,3.0327428878153517,
85,12.224906065485776,33.25281803542673,30.88432635534085,10.158346752549651,2.4892646269457863,6.830381105743425,0.9728931830381106,3.1870638754696725,
86,12.305421363392378,33.23268921095008,30.88432635534085,10.0979602791197,2.4892646269457863,6.830381105743425,0.9728931830381106,3.1870638754696725,
87,12.258454106280194,33.16559312936125,27.771068169618893,10.0979602791197,2.4892646269457863,10.057702630166398,0.9728931830381106,3.1870638754696725,
88,12.453032742887816,33.13875469672571,27.603327965646805,10.0979602791197,2.4892646269457863,10.057702630166398,0.9728931830381106,3.1870638754696725,
89,12.614063338701019,32.910628019323674,27.079978529253893,10.0979602791197,2.4892646269457863,10.057702630166398,1.6639828234031133,3.0864197530864197,
90,12.593934514224369,32.709339774557165,26.986044015029524,10.279119699409554,2.4892646269457863,10.057702630166398,1.7981749865807837,3.0864197530864197,
91,12.855609232420827,32.54830917874396,26.89210950080515,10.279119699409554,2.4892646269457863,10.050993022007514,1.7981749865807837,3.0864197530864197,
92,13.070316693505099,32.2061191626409,24.416264090177133,9.863123993558776,2.4892646269457863,13.405797101449275,1.5901771336553945,2.9589371980676327,
93,13.22463768115942,32.13231347289318,24.416264090177133,9.648416532474503,2.4892646269457863,13.405797101449275,1.5901771336553945,3.0931293612453032,
94,13.47289318303811,31.4747718733226,24.382716049382715,9.4873859366613,2.4892646269457863,13.405797101449275,1.5901771336553945,3.69699409554482,
95,13.58695652173913,31.15271068169619,24.335748792270532,9.460547504025765,2.4892646269457863,13.405797101449275,1.5901771336553945,3.978797638217928,
96,13.821792807300053,30.9849704777241,24.268652710681696,9.460547504025765,2.4892646269457863,13.405797101449275,1.5901771336553945,3.978797638217928,
97,14.04320987654321,30.938003220611915,24.10762211486849,9.453837895866881,2.4892646269457863,13.405797101449275,1.5901771336553945,3.9720880300590444,
98,14.244498121309716,30.119431025228128,23.906333870101985,10.11808910359635,2.4892646269457863,13.405797101449275,1.7646269457863661,3.9519592055823938,
99,14.371980676328503,30.04562533548041,23.906333870101985,10.064412238325282,2.4892646269457863,13.405797101449275,1.7646269457863661,3.9519592055823938,
100,14.546430488459475,30.038915727321523,23.805689747718734,10.037573805689748,2.4892646269457863,13.39237788513151,1.737788513150832,3.9519592055823938,
101,14.680622651637144,29.958400429414922,23.765432098765434,10.02415458937198,2.4892646269457863,13.39237788513151,1.737788513150832,3.9519592055823938,
102,14.774557165861514,29.891304347826086,23.765432098765434,9.997316156736447,2.4892646269457863,13.39237788513151,1.737788513150832,3.9519592055823938,
103,14.412238325281804,30.434782608695652,23.58427267847558,9.997316156736447,2.4892646269457863,13.39237788513151,1.737788513150832,3.9519592055823938,
104,14.392109500805153,30.334138486312398,22.309447128287708,6.709608158883521,3.864734299516908,16.814278046162105,1.710950080515298,3.864734299516908,
105,14.49946323134729,30.246913580246915,22.289318303811058,6.709608158883521,3.864734299516908,16.814278046162105,1.710950080515298,3.864734299516908,
106,14.714170692431562,30.226784755770264,22.108158883521202,6.709608158883521,3.851315083199141,16.814278046162105,1.710950080515298,3.864734299516908,
107,14.794685990338165,30.213365539452496,22.094739667203434,6.709608158883521,3.844605475040258,16.626409017713364,1.710950080515298,4.005636070853462,
108,14.99597423510467,30.213365539452496,22.04777241009125,6.662640901771336,3.844605475040258,16.626409017713364,1.710950080515298,3.898282340311326,
109,15.150295222758992,30.09259259259259,22.04777241009125,6.662640901771336,3.844605475040258,16.59957058507783,1.710950080515298,3.8915727321524423,
110,15.324745034889963,29.97181964573269,22.04777241009125,6.662640901771336,3.844605475040258,16.5727321524423,1.710950080515298,3.864734299516908,
111,15.526033279656469,29.97181964573269,21.953837895866883,6.629092860976919,3.844605475040258,16.49892646269458,1.710950080515298,3.864734299516908,
112,15.526033279656469,29.97181964573269,21.953837895866883,6.629092860976919,3.844605475040258,16.49892646269458,1.710950080515298,3.864734299516908,
113,15.552871712292003,29.97181964573269,21.953837895866883,6.629092860976919,3.8177670424047236,16.49892646269458,1.710950080515298,3.864734299516908,
114,15.92860976918948,29.898013955984972,21.786097691894792,6.602254428341385,3.7238325281803544,16.485507246376812,1.710950080515298,3.864734299516908,
115,16.19699409554482,29.320987654320987,21.631776704240472,6.602254428341385,3.7238325281803544,16.485507246376812,1.7042404723564144,4.334406870638754,
116,16.33118625872249,29.320987654320987,20.813204508856682,6.4412238325281805,3.6768652710681695,17.24369296833065,1.7042404723564144,4.468599033816425,
117,16.411701556629094,29.300858829844337,20.79307568438003,6.421095008051529,3.6768652710681695,17.236983360171767,1.6908212560386473,4.468599033816425,
118,16.31105743424584,28.415190552871714,21.390230810520666,4.790660225442834,3.656736446591519,19.35721953837896,1.6103059581320451,4.468599033816425,
119,16.109769189479334,28.381642512077295,19.80005367686527,4.790660225442834,6.1929683306494905,18.793612453032743,1.6103059581320451,4.320987654320987,
120,16.284219001610307,28.30112721417069,19.766505636070853,4.750402576489533,6.1929683306494905,18.773483628556093,1.6103059581320451,4.320987654320987,
121,16.411701556629094,28.22061191626409,19.719538378958667,4.750402576489533,6.1929683306494905,18.773483628556093,1.6103059581320451,4.320987654320987,
122,16.57944176060118,28.213902308105208,19.585346215780998,4.750402576489533,6.179549114331723,18.760064412238325,1.6103059581320451,4.320987654320987,
123,16.881374127750938,27.911969940955448,19.47128287707998,5.3274288781535155,6.179549114331723,18.397745571658614,1.6103059581320451,4.2203435319377345,
124,16.982018250134193,27.79790660225443,19.43102522812668,5.314009661835748,6.407675791733762,18.250134192163177,1.596886741814278,4.2203435319377345,
125,17.45169082125604,27.717391304347824,19.296833064949006,5.152979066022544,6.400966183574879,18.223295759527645,1.596886741814278,4.159957058507783,
126,17.49194847020934,27.717391304347824,19.296833064949006,5.152979066022544,6.400966183574879,18.183038110574344,1.596886741814278,4.159957058507783,
127,17.538915727321523,27.68384326355341,19.296833064949006,5.139559849704777,6.400966183574879,18.183038110574344,1.596886741814278,4.159957058507783,
128,17.518786902844873,27.576489533011273,19.296833064949006,5.4549114331723025,6.213097155126141,18.183038110574344,1.596886741814278,4.159957058507783,
129,17.612721417069242,27.522812667740205,19.256575415995705,5.4549114331723025,6.213097155126141,18.183038110574344,1.596886741814278,4.159957058507783,
130,17.887815351583466,27.428878153515836,19.216317767042405,5.4549114331723025,6.206387546967257,18.136070853462158,1.5297906602254427,4.139828234031133,
131,17.914653784219002,26.92565754159957,19.162640901771336,7.689210950080516,6.031937734836285,16.80756843800322,1.5297906602254427,3.938539989264627,
132,18.04884594739667,26.92565754159957,19.142512077294686,7.689210950080516,6.031937734836285,16.80756843800322,1.5297906602254427,3.824476650563607,
133,18.115942028985508,26.898819108964037,19.142512077294686,7.689210950080516,6.031937734836285,16.76731078904992,1.5297906602254427,3.824476650563607,
134,18.156199677938808,26.898819108964037,19.102254428341386,7.689210950080516,6.031937734836285,16.76731078904992,1.5297906602254427,3.824476650563607,
135,18.679549114331724,26.88539989264627,18.63929146537842,7.689210950080516,5.998389694041868,16.75389157273215,1.5297906602254427,3.824476650563607,
136,18.531937734836287,27.093397745571657,18.63929146537842,7.689210950080516,5.991680085882985,16.700214707461082,1.5297906602254427,3.824476650563607,
137,18.4044551798175,26.96591519055287,18.54535695115405,7.689210950080516,7.50805152979066,15.418679549114332,1.5297906602254427,3.938539989264627,
138,18.552066559312937,26.94578636607622,18.511808910359633,7.689210950080516,7.830112721417069,15.002683843263553,1.5297906602254427,3.938539989264627,
139,18.760064412238325,26.898819108964037,18.438003220611915,7.689210950080516,7.823403113258186,14.922168545356952,1.5297906602254427,3.938539989264627,
140,18.853998926462694,26.8719806763285,18.4044551798175,7.689210950080516,7.823403113258186,14.888620504562533,1.5297906602254427,3.938539989264627,
141,19.142512077294686,26.8719806763285,18.4044551798175,7.575147611379496,7.823403113258186,14.801395598497047,1.5297906602254427,3.851315083199141,
142,19.484702093397747,26.85185185185185,18.370907139023082,7.575147611379496,7.702630166398282,14.741009125067096,1.5297906602254427,3.743961352657005,
143,19.706119162640903,26.73107890499195,18.317230273752013,7.561728395061729,7.702630166398282,14.707461084272678,1.5297906602254427,3.743961352657005,
144,19.83360171765969,26.684111647879764,18.283682232957595,7.561728395061729,7.702630166398282,14.707461084272678,1.482823403113258,3.743961352657005,
145,19.920826623725173,26.704240472356414,18.270263016639827,7.561728395061729,7.682501341921632,14.63365539452496,1.482823403113258,3.743961352657005,
146,20.041599570585078,26.643853998926463,18.270263016639827,7.548309178743962,7.669082125603865,14.600107353730541,1.482823403113258,3.743961352657005,
147,20.397208803005906,26.402308105206657,18.243424584004295,7.514761137949543,7.64224369296833,14.593397745571659,1.482823403113258,3.7238325281803544,
148,20.517981749865807,26.402308105206657,18.16290928609769,7.48792270531401,7.64224369296833,14.586688137412775,1.4761137949543746,3.7238325281803544,
149,20.739398819108963,26.08695652173913,18.397745571658614,7.4006977992485234,7.635534084809447,14.573268921095009,1.442565754159957,3.7238325281803544,
150,20.90713902308105,26.073537305421365,18.38432635534085,7.50805152979066,7.440955448201825,14.51959205582394,1.442565754159957,3.7238325281803544,
151,21.108427267847556,26.073537305421365,18.276972624798713,7.494632313472893,7.37385936661299,14.506172839506172,1.442565754159957,3.7238325281803544,
152,21.235909822866343,26.073537305421365,18.256843800322063,7.494632313472893,7.37385936661299,14.398819108964037,1.442565754159957,3.7238325281803544,
153,21.557971014492754,25.95276435856146,18.16290928609769,7.494632313472893,7.333601717659689,14.398819108964037,1.3754696725711217,3.7238325281803544,
154,21.947128287707997,25.885668276972623,17.98845947396672,7.494632313472893,7.313472893183038,14.331723027375201,1.3150831991411702,3.7238325281803544,
155,22.20209339774557,25.845410628019323,17.901234567901234,7.467793880837359,7.27992485238862,14.331723027375201,1.3150831991411702,3.656736446591519,
156,22.490606548577563,25.72463768115942,17.901234567901234,7.4006977992485234,7.27992485238862,14.237788513150832,1.3150831991411702,3.6500268384326353,
157,22.69189479334407,25.53676865271068,17.887815351583466,7.4006977992485234,7.27992485238862,14.237788513150832,1.3150831991411702,3.6500268384326353,
158,22.73886205045625,25.503220611916262,17.887815351583466,7.387278582930757,7.27992485238862,14.237788513150832,1.3150831991411702,3.6500268384326353,
159,22.940150295222757,25.37573805689748,17.814009661835748,7.387278582930757,7.27992485238862,14.237788513150832,1.3150831991411702,3.6500268384326353,
160,23.07434245840043,25.34219001610306,17.787171229200215,7.387278582930757,7.27992485238862,14.237788513150832,1.3150831991411702,3.5762211486849167,
161,23.03408480944713,25.140901771336555,21.571390230810522,6.119162640901771,7.266505636070853,11.976650563607086,1.3150831991411702,3.5762211486849167,
162,23.121309715512613,24.63768115942029,21.571390230810522,6.608964036500268,7.239667203435319,11.929683306494901,1.3150831991411702,3.5762211486849167,
163,23.081052066559312,24.60413311862587,21.544551798174986,6.608964036500268,7.192699946323135,12.077294685990339,1.3150831991411702,3.5762211486849167,
164,23.416532474503487,24.44310252281267,21.316425120772948,6.602254428341385,6.488191089640365,12.721417069243156,1.4358561460010735,3.5762211486849167,
165,23.68491680085883,24.376006441223833,21.26274825550188,6.602254428341385,6.474771873322598,12.647611379495437,1.4358561460010735,3.515834675254965,
166,23.758722490606548,24.329039184111647,21.26274825550188,6.602254428341385,6.447933440687064,12.647611379495437,1.4358561460010735,3.515834675254965,
167,23.906333870101985,24.228395061728396,21.26274825550188,6.5552871712292005,6.447933440687064,12.647611379495437,1.4358561460010735,3.515834675254965,
168,24.000268384326354,24.134460547504027,21.26274825550188,6.5552871712292005,6.447933440687064,12.647611379495437,1.4358561460010735,3.515834675254965,
169,24.074074074074073,24.06736446591519,21.26274825550188,6.5485775630703165,6.447933440687064,12.647611379495437,1.4358561460010735,3.515834675254965,
170,24.214975845410628,23.96672034353194,21.24932903918411,6.5485775630703165,6.447933440687064,12.634192163177671,1.4224369296833066,3.515834675254965,
171,24.295491143317232,23.792270531400966,20.303274288781534,6.501610305958132,6.447933440687064,13.66076221148685,1.5365002683843263,3.4621578099838968,
172,24.570585077831456,23.637949543746647,20.249597423510465,6.501610305958132,6.427804616210413,13.613794954374665,1.5365002683843263,3.4621578099838968,
173,24.684648416532475,23.637949543746647,20.155662909286097,6.501610305958132,6.427804616210413,13.593666129898015,1.5365002683843263,3.4621578099838968,
174,24.355877616747183,24.261943102522814,19.96779388083736,6.501610305958132,6.427804616210413,13.486312399355878,1.5365002683843263,3.4621578099838968,
175,24.060654857756308,24.074074074074073,19.00161030595813,6.501610305958132,7.877079978529254,13.486312399355878,1.5365002683843263,3.4621578099838968,
176,24.54374664519592,24.074074074074073,18.867418142780462,6.468062265163715,7.87037037037037,13.177670424047236,1.5365002683843263,3.4621578099838968,
177,24.798711755233494,23.89291465378422,18.867418142780462,6.394256575415996,7.87037037037037,13.177670424047236,1.5365002683843263,3.4621578099838968,
178,24.89935587761675,23.879495437466453,18.867418142780462,6.394256575415996,7.87037037037037,13.09044551798175,1.5365002683843263,3.4621578099838968,
179,24.20155662909286,24.282071926999464,18.303811057434245,6.374127750939345,7.856951154052603,13.989533011272142,1.5365002683843263,3.455448201825013,
180,24.302200751476114,23.637949543746647,18.303811057434245,6.286902844873859,7.843531937734836,13.70101986044015,1.5365002683843263,4.388083735909823,
181,21.73913043478261,21.021202361782073,17.2638217928073,5.622651637144391,6.085614600107354,23.013955984970476,1.42914653784219,3.824476650563607,
182,22.067901234567902,20.92055823939882,17.20343531937735,5.548845947396672,6.085614600107354,22.920021470746107,1.42914653784219,3.824476650563607,
183,22.114868491680085,20.92055823939882,17.183306494900698,5.548845947396672,6.085614600107354,22.893183038110575,1.42914653784219,3.824476650563607,
184,19.330381105743424,19.41760601180891,26.27482555018787,4.280730005367687,5.8239398819108965,20.578368223295758,1.42914653784219,2.8650026838432634,
185,19.390767579173378,19.32367149758454,26.019860440150296,3.9586688137412773,5.797101449275362,21.26274825550188,1.3821792807300053,2.8650026838432634,
186,19.296833064949006,19.256575415995705,25.99302200751476,3.9586688137412773,4.958400429414922,22.29602791196994,1.3821792807300053,2.85829307568438,
187,19.49141170155663,19.216317767042405,25.99302200751476,3.938539989264627,4.958400429414922,22.16183574879227,1.3821792807300053,2.85829307568438,
188,19.632313472893184,19.189479334406872,25.99302200751476,3.938539989264627,4.958400429414922,22.12157809983897,1.3821792807300053,2.7844873859366612,
189,19.75979602791197,19.162640901771336,25.771604938271604,3.938539989264627,4.958400429414922,22.282608695652176,1.3687600644122384,2.757648953301127,
190,20.034889962426195,19.155931293612454,25.603864734299517,3.938539989264627,4.898013955984971,22.134997316156735,1.3687600644122384,2.7509393451422435,0.11406333870101985
191,19.605475040257648,18.96135265700483,25.181159420289855,3.898282340311326,4.830917874396135,23.067632850241544,1.2949543746645196,3.046162104133119,0.11406333870101985
192,19.276704240472355,18.9345142243693,26.96591519055287,3.7640901771336552,3.9519592055823938,22.65163714439077,1.2949543746645196,3.046162104133119,0.11406333870101985
193,19.410896403650028,18.894256575415994,26.918947933440688,3.7640901771336552,3.938539989264627,22.61808910359635,1.2949543746645196,3.046162104133119,0.11406333870101985
194,19.49812130971551,18.894256575415994,26.8317230273752,3.7640901771336552,3.938539989264627,22.61808910359635,1.2949543746645196,3.046162104133119,0.11406333870101985
195,19.632313472893184,18.800322061191626,26.8317230273752,3.7640901771336552,3.938539989264627,22.61808910359635,1.2748255501878691,3.026033279656468,0.11406333870101985
196,19.887278582930758,18.699677938808374,26.744498121309714,3.7640901771336552,3.938539989264627,22.550993022007514,1.2748255501878691,3.026033279656468,0.11406333870101985
197,19.96779388083736,18.659420289855074,26.717659688674182,3.7640901771336552,3.92512077294686,22.550993022007514,1.2748255501878691,3.026033279656468,0.11406333870101985
198,20.162372517444982,18.65271068169619,26.704240472356414,3.7640901771336552,3.92512077294686,22.376543209876544,1.2748255501878691,3.026033279656468,0.11406333870101985
199,20.46430488459474,18.5654857756307,26.590177133655395,3.7573805689747717,3.92512077294686,22.34970477724101,1.2748255501878691,3.026033279656468,0.04696725711218465
200,20.860171765968868,18.431293612453032,26.56333870101986,3.7573805689747717,3.8311862587224907,22.228931830381107,1.2748255501878691,3.0059044551798175,0.04696725711218465
201,20.873590982286636,18.417874396135264,26.56333870101986,3.7573805689747717,3.8311862587224907,22.228931830381107,1.2748255501878691,3.0059044551798175,0.04696725711218465
202,21.18894256575416,18.297101449275363,26.96591519055287,3.7573805689747717,3.824476650563607,21.672034353193773,1.2546967257112185,2.9924852388620504,0.04696725711218465
203,21.30300590445518,18.283682232957595,26.704240472356414,3.7573805689747717,3.797638217928073,21.672034353193773,1.442565754159957,2.9924852388620504,0.04696725711218465
204,21.390230810520666,18.23671497584541,26.241277509393452,3.7573805689747717,4.616210413311863,21.30300590445518,1.415727321524423,2.9924852388620504,0.04696725711218465
205,21.544551798174986,18.23671497584541,26.160762211486848,3.864734299516908,4.508856682769726,21.22920021470746,1.415727321524423,2.9924852388620504,0.04696725711218465
206,21.973966720343533,18.156199677938808,25.81857219538379,3.8580246913580245,4.508856682769726,21.22920021470746,1.415727321524423,2.9924852388620504,0.04696725711218465
207,22.322866344605476,17.941492216854535,25.711218464841654,3.8311862587224907,4.508856682769726,21.22920021470746,1.415727321524423,2.9924852388620504,0.04696725711218465
208,22.450348899624263,17.941492216854535,25.6105743424584,3.8177670424047236,4.508856682769726,21.215780998389693,1.415727321524423,2.9924852388620504,0.04696725711218465
209,22.537573805689746,17.941492216854535,25.543478260869566,3.8043478260869565,4.508856682769726,21.20907139023081,1.415727321524423,2.9924852388620504,0.04696725711218465
210,22.799248523886206,17.92807300053677,25.429414922168544,3.8043478260869565,4.502147074610843,21.081588835212024,1.415727321524423,2.9924852388620504,0.04696725711218465
211,22.913311862587225,17.887815351583466,25.41599570585078,3.743961352657005,4.502147074610843,21.081588835212024,1.415727321524423,2.9924852388620504,0.04696725711218465
212,23.081052066559312,17.847557702630166,25.409286097691894,3.743961352657005,4.461889425657541,21.00107353730542,1.415727321524423,2.9924852388620504,0.04696725711218465
213,23.11460010735373,17.834138486312398,25.409286097691894,3.743961352657005,4.461889425657541,20.98094471282877,1.415727321524423,2.9924852388620504,0.04696725711218465
214,23.18840579710145,17.820719269994633,25.409286097691894,3.743961352657005,4.461889425657541,20.92055823939882,1.415727321524423,2.9924852388620504,0.04696725711218465
215,23.65136876006441,17.793880837359097,25.167740203972087,3.743961352657005,4.461889425657541,20.82662372517445,1.415727321524423,2.8918411164787976,0.04696725711218465
216,23.731884057971016,17.793880837359097,25.140901771336555,3.743961352657005,4.461889425657541,20.77294685990338,1.415727321524423,2.8918411164787976,0.04696725711218465
217,23.852657004830917,17.773752012882447,25.0402576489533,3.743961352657005,4.461889425657541,20.77294685990338,1.415727321524423,2.8918411164787976,0.04696725711218465
218,24.4699409554482,17.49194847020934,25.0402576489533,3.743961352657005,4.461889425657541,20.44417606011809,1.4090177133655395,2.8918411164787976,0.04696725711218465
219,24.550456253354803,17.411433172302736,25.0402576489533,3.743961352657005,4.461889425657541,20.44417606011809,1.4090177133655395,2.8918411164787976,0.04696725711218465
220,24.704777241009126,17.398013955984972,24.912775093934513,3.743961352657005,4.461889425657541,20.43075684380032,1.4090177133655395,2.8918411164787976,0.04696725711218465
221,24.97987117552335,17.20343531937735,24.912775093934513,3.743961352657005,4.461889425657541,20.40391841116479,1.4090177133655395,2.8381642512077296,0.04696725711218465
222,25.07380568974772,17.20343531937735,24.852388620504563,3.864734299516908,4.461889425657541,20.26972624798712,1.3888888888888888,2.8381642512077296,0.04696725711218465
223,25.107353730542137,17.20343531937735,24.852388620504563,3.864734299516908,4.455179817498658,20.242887815351583,1.3888888888888888,2.8381642512077296,0.04696725711218465
224,25.36231884057971,17.20343531937735,24.745034889962426,3.864734299516908,4.394793344068707,20.182501341921633,1.3888888888888888,2.8113258185721954,0.04696725711218465
225,25.469672571121848,17.183306494900698,24.718196457326894,3.864734299516908,4.394793344068707,20.12211486849168,1.3888888888888888,2.8113258185721954,0.04696725711218465
226,25.63070316693505,17.176596886741816,24.691358024691358,3.864734299516908,4.394793344068707,20.02818035426731,1.3888888888888888,2.7777777777777777,0.04696725711218465
227,24.46323134728932,16.324476650563607,24.56387546967257,3.6231884057971016,4.361245303274289,21.980676328502415,1.3687600644122384,3.2675791733762747,0.04696725711218465
228,24.000268384326354,16.15673644659152,25.268384326355342,3.6231884057971016,4.361245303274289,21.906870638754697,1.3687600644122384,3.2675791733762747,0.04696725711218465
229,24.094202898550726,16.15673644659152,25.11406333870102,3.7372517444981215,4.334406870638754,21.880032206119164,1.3687600644122384,3.2675791733762747,0.04696725711218465
230,24.013687600644122,16.15673644659152,25.0805152979066,3.7372517444981215,4.233762748255502,22.12157809983897,1.3419216317767042,3.2675791733762747,0.04696725711218465
231,24.349168008588297,15.908480944712828,25.0805152979066,3.6500268384326353,4.233762748255502,22.12157809983897,1.3419216317767042,3.2675791733762747,0.04696725711218465
232,24.57729468599034,15.787707997852925,24.973161567364468,3.6500268384326353,4.233762748255502,22.12157809983897,1.3419216317767042,3.2675791733762747,0.04696725711218465
233,24.590713902308106,15.787707997852925,24.9597423510467,3.6500268384326353,4.233762748255502,22.12157809983897,1.3419216317767042,3.2675791733762747,0.04696725711218465
234,24.630971551261407,15.767579173376275,24.61755233494364,3.6366076221148687,4.233762748255502,22.014224369296834,1.3419216317767042,3.7104133118625873,0.04696725711218465
235,24.718196457326894,15.76086956521739,24.61755233494364,3.6097691894793345,4.233762748255502,21.960547504025765,1.3419216317767042,3.7104133118625873,0.04696725711218465
236,24.771873322597962,15.747450348899624,24.61755233494364,3.6097691894793345,4.233762748255502,21.947128287707997,1.3419216317767042,3.683574879227053,0.04696725711218465
237,24.986580783682232,15.747450348899624,24.416264090177133,3.6097691894793345,4.233762748255502,21.93370907139023,1.3419216317767042,3.683574879227053,0.04696725711218465
238,25.033548040794418,15.747450348899624,24.382716049382715,3.6097691894793345,4.233762748255502,21.920289855072465,1.3419216317767042,3.683574879227053,0.04696725711218465
239,25.315351583467525,15.747450348899624,24.295491143317232,3.5762211486849167,4.106280193236715,21.886741814278047,1.3419216317767042,3.683574879227053,0.04696725711218465
240,25.597155126140635,15.747450348899624,23.96672034353194,3.5762211486849167,4.032474503488996,21.772678475577028,1.6035963499731616,3.656736446591519,0.04696725711218465
241,25.758185721953836,15.593129361245303,23.96672034353194,3.5762211486849167,4.032474503488996,21.76596886741814,1.6035963499731616,3.656736446591519,0.04696725711218465
242,25.771604938271604,15.53274288781535,23.96672034353194,3.4420289855072466,3.9519592055823938,22.041062801932366,1.6035963499731616,3.643317230273752,0.04696725711218465
243,25.805152979066023,15.526033279656469,23.960010735373054,3.4420289855072466,3.9519592055823938,22.041062801932366,1.6035963499731616,3.6231884057971016,0.04696725711218465
244,26.03327965646806,15.351583467525497,23.960010735373054,3.4420289855072466,3.9519592055823938,21.987385936661298,1.6035963499731616,3.6231884057971016,0.04696725711218465
245,26.147342995169083,15.331454643048845,23.960010735373054,3.3816425120772946,3.938539989264627,21.967257112184647,1.6035963499731616,3.6231884057971016,0.04696725711218465
246,26.1808910359635,15.331454643048845,23.926462694578635,3.3816425120772946,3.938539989264627,21.967257112184647,1.6035963499731616,3.6231884057971016,0.04696725711218465
247,26.610305958132045,15.230810520665592,23.68491680085883,3.3816425120772946,3.938539989264627,21.880032206119164,1.6035963499731616,3.6231884057971016,0.04696725711218465
248,26.67740203972088,15.230810520665592,23.678207192699947,3.374932903918411,3.938539989264627,21.826355340848096,1.6035963499731616,3.6231884057971016,0.04696725711218465
249,26.90552871712292,15.170424047235642,23.597691894793343,3.374932903918411,3.851315083199141,21.826355340848096,1.6035963499731616,3.6231884057971016,0.04696725711218465
250,26.986044015029524,15.257648953301127,23.57085346215781,3.3682232957595275,3.844605475040258,21.74584004294149,1.6035963499731616,3.5762211486849167,0.04696725711218465
251,26.67740203972088,15.042941492216855,22.913311862587225,3.361513687600644,3.844605475040258,22.953569511540525,1.583467525496511,3.5762211486849167,0.04696725711218465
252,26.704240472356414,15.042941492216855,22.913311862587225,3.361513687600644,3.844605475040258,22.926731078904993,1.583467525496511,3.5762211486849167,0.04696725711218465
253,26.939076757917338,15.042941492216855,22.779119699409556,3.361513687600644,3.844605475040258,22.886473429951693,1.5633387010198605,3.535963499731616,0.04696725711218465
254,26.96591519055287,14.392109500805153,22.725442834138487,3.3548040794417604,3.844605475040258,22.852925389157274,1.556629092860977,4.260601180891036,0.04696725711218465
255,27.073268921095007,14.38539989264627,22.65834675254965,3.3413848631239937,3.844605475040258,22.84621578099839,1.556629092860977,4.247181964573269,0.04696725711218465
256,27.147074610842726,14.378690284487385,22.463768115942027,3.3413848631239937,3.844605475040258,22.839506172839506,1.6908212560386473,4.247181964573269,0.04696725711218465
257,27.160493827160494,14.378690284487385,22.450348899624263,3.3413848631239937,3.844605475040258,22.839506172839506,1.6908212560386473,4.247181964573269,0.04696725711218465
258,27.086688137412775,14.338432635534085,22.007514761137948,3.2206119162640903,4.522275899087493,22.839506172839506,1.6908212560386473,4.247181964573269,0.04696725711218465
259,26.69753086419753,14.338432635534085,20.182501341921633,3.207192699946323,4.374664519592056,25.214707461084274,1.6908212560386473,4.247181964573269,0.04696725711218465
260,26.744498121309714,14.304884594739667,20.169082125603865,3.207192699946323,4.374664519592056,25.214707461084274,1.6908212560386473,4.247181964573269,0.04696725711218465
