,45,50,52,55,51,53,54,60,56,58,59,61,57,62,64,65,63
0,96.91358024691358,3.0864197530864197,,,,,,,,,,,,,,,
1,91.0024154589372,8.957326892109501,0.026838432635534086,0.013419216317767043,,,,,,,,,,,,,
2,88.3990874932904,7.326892109500805,0.026838432635534086,0.06038647342995169,4.186795491143317,,,,,,,,,,,,
3,88.29844337090714,7.387278582930757,0.026838432635534086,0.10064412238325282,4.186795491143317,,,,,,,,,,,,
4,88.09044551798175,7.595276435856146,0.026838432635534086,0.24825550187869028,4.03918411164788,,,,,,,,,,,,
5,85.3797638217928,10.279119699409554,0.026838432635534086,0.27509393451422437,4.03918411164788,,,,,,,,,,,,
6,85.10466988727859,10.534084809447128,0.026838432635534086,0.27509393451422437,4.05931293612453,,,,,,,,,,,,
7,82.99114331723027,12.47987117552335,0.026838432635534086,0.27509393451422437,4.05931293612453,0.16774020397208803,,,,,,,,,,,
8,82.89720880300591,12.567096081588835,0.026838432635534086,0.3421900161030596,3.9989264626945786,0.16774020397208803,,,,,,,,,,,
9,80.38781535158347,15.076489533011273,0.04696725711218465,0.3421900161030596,3.978797638217928,0.16774020397208803,,,,,,,,,,,
10,73.34943639291465,21.74584004294149,0.04696725711218465,0.3824476650563607,3.978797638217928,0.49651100375738055,,,,,,,,,,,
11,73.2890499194847,21.806226516371442,0.04696725711218465,0.4092860976918948,3.9519592055823938,0.49651100375738055,,,,,,,,,,,
12,72.33628556092324,22.725442834138487,0.04696725711218465,0.4294149221685454,3.965378421900161,0.49651100375738055,,,,,,,,,,,
13,66.05609232420827,28.958668813741276,0.026838432635534086,0.41599570585077833,3.7573805689747717,0.49651100375738055,0.2885131508319914,,,,,,,,,,
14,62.104133118625874,29.1532474503489,0.03354804079441761,0.3153515834675255,7.608695652173913,0.49651100375738055,0.2885131508319914,,,,,,,,,,
15,61.95652173913044,29.300858829844337,0.03354804079441761,0.3421900161030596,7.581857219538379,0.49651100375738055,0.2885131508319914,,,,,,,,,,
16,46.05475040257649,49.53703703703704,0.03354804079441761,0.1610305958132045,4.045893719806763,0.16774020397208803,,,,,,,,,,,
17,45.8467525496511,49.52361782071927,0.1274825550187869,0.2885131508319914,4.045893719806763,0.16774020397208803,,,,,,,,,,,
18,45.78636607622115,49.40955448201825,0.1274825550187869,0.32877079978529256,4.045893719806763,0.16774020397208803,0.13419216317767044,,,,,,,,,,
19,45.67901234567901,49.41626409017714,0.1274825550187869,0.4227053140096618,4.045893719806763,0.17444981213097155,0.13419216317767044,,,,,,,,,,
20,44.316961889425656,50.42270531400966,0.36231884057971014,0.5367686527106817,4.052603327965647,0.17444981213097155,0.13419216317767044,,,,,,,,,,
21,33.299785292538914,52.67713365539453,0.32877079978529256,0.38915727321524424,12.99651100375738,0.17444981213097155,0.13419216317767044,,,,,,,,,,
22,33.12533548040794,51.187600644122384,0.32877079978529256,2.4020397208803006,12.620772946859903,0.17444981213097155,0.13419216317767044,0.026838432635534086,,,,,,,,,
23,23.242082662372518,66.82769726247987,0.32877079978529256,2.3886205045625335,6.870638754696726,0.17444981213097155,0.13419216317767044,0.026838432635534086,0.0067096081588835215,,,,,,,,
24,22.987117552334944,56.93102522812668,0.32877079978529256,2.395330112721417,9.125067096081589,8.031400966183575,0.13419216317767044,0.026838432635534086,0.040257648953301126,,,,,,,,
25,21.430488459473967,51.25469672571122,5.522007514761138,2.3483628556092326,10.849436392914654,7.555018786902845,0.4428341384863124,0.026838432635534086,0.06038647342995169,0.47638217928073,0.013419216317767043,0.020128824476650563,,,,,
26,17.94820182501342,45.03488996242619,5.522007514761138,2.5161030595813205,23.329307568438004,4.622920021470746,0.4428341384863124,0.026838432635534086,0.06038647342995169,0.47638217928073,,0.020128824476650563,,,,,
27,13.305152979066023,35.48040794417606,5.314009661835748,2.952227589908749,37.56038647342995,4.622920021470746,0.13419216317767044,0.06709608158883522,0.06709608158883522,0.47638217928073,,0.020128824476650563,,,,,
28,13.305152979066023,35.48040794417606,5.233494363929147,2.9924852388620504,37.52012882447665,4.622920021470746,0.13419216317767044,0.06709608158883522,0.06709608158883522,0.47638217928073,,0.020128824476650563,0.08051529790660225,,,,
29,12.781803542673108,35.16505636070853,6.0587761674718195,3.0059044551798175,37.52012882447665,4.582662372517445,0.13419216317767044,0.06709608158883522,0.06709608158883522,0.47638217928073,0.040257648953301126,0.020128824476650563,0.08051529790660225,,,,
30,12.781803542673108,33.48094471282877,5.971551261406334,3.0193236714975846,31.85721953837896,10.091250670960816,1.8451422436929683,0.06709608158883522,0.2616747181964573,0.47638217928073,0.040257648953301126,0.020128824476650563,0.08722490606548577,,,,
31,12.486580783682234,32.085346215781,5.488459473966721,3.1535158346752548,33.17901234567901,10.091250670960816,2.120236178207193,0.06709608158883522,0.6374127750939346,0.5233494363929146,0.040257648953301126,0.020128824476650563,0.10735373054213634,,,,
32,8.527911969940956,30.35426731078905,4.4820182501341925,1.3419216317767042,41.79414922168545,10.010735373054214,2.1135265700483092,,0.6642512077294686,0.5233494363929146,0.06038647342995169,0.020128824476650563,0.10735373054213634,,,,
33,8.527911969940956,30.334138486312398,7.071926999463232,1.3888888888888888,39.03650026838432,9.997316156736447,2.1135265700483092,,0.7783145464304885,0.5367686527106817,0.06038647342995169,0.020128824476650563,0.13419216317767044,,,,
34,8.514492753623188,28.509125067096083,8.964036500268385,1.5029522275899088,38.868760064412236,9.997316156736447,2.1135265700483092,,0.7783145464304885,0.5367686527106817,0.06038647342995169,0.020128824476650563,0.13419216317767044,,,,
35,8.514492753623188,28.482286634460547,8.964036500268385,1.5297906602254427,38.868760064412236,9.997316156736447,2.1135265700483092,,0.7783145464304885,0.5367686527106817,0.06038647342995169,0.020128824476650563,0.13419216317767044,,,,
36,8.514492753623188,28.455448201825014,8.964036500268385,1.556629092860977,38.64734299516908,9.997316156736447,2.3349436392914655,,0.7783145464304885,0.5367686527106817,0.06038647342995169,0.020128824476650563,0.13419216317767044,,,,
37,5.730005367686527,73.71175523349436,6.219806763285024,3.8580246913580245,7.883789586688137,0.026838432635534086,1.9524959742351047,,0.4428341384863124,0.04696725711218465,0.020128824476650563,,0.10735373054213634,,,,
38,5.730005367686527,73.67820719269994,6.219806763285024,3.743961352657005,7.883789586688137,0.026838432635534086,1.9524959742351047,,0.5904455179817498,0.04696725711218465,0.020128824476650563,,0.10735373054213634,,,,
39,4.998658078368224,73.8593666129898,6.219806763285024,4.320987654320987,7.856951154052603,0.026838432635534086,1.9524959742351047,,0.5904455179817498,0.04696725711218465,0.020128824476650563,,0.10735373054213634,,,,
40,3.851315083199141,64.2109500805153,3.4017713365539453,3.6097691894793345,24.50348899624262,0.026838432635534086,0.14090177133655393,,0.2549651100375738,,,,,,,,
41,3.851315083199141,64.18411164787976,3.4017713365539453,3.6366076221148687,24.490069779924852,0.026838432635534086,0.14090177133655393,,0.2683843263553409,,,,,,,,
42,3.851315083199141,64.10359634997316,3.4017713365539453,3.7037037037037037,24.436392914653783,0.040257648953301126,0.14090177133655393,,0.322061191626409,,,,,,,,
43,3.851315083199141,64.03650026838433,3.388352120236178,3.7037037037037037,24.329039184111647,0.040257648953301126,0.13419216317767044,,0.4294149221685454,0.020128824476650563,,0.06709608158883522,,,,,
44,3.207192699946323,62.07058507783145,10.775630703166936,3.69699409554482,19.578636607622116,0.020128824476650563,0.13419216317767044,,0.4294149221685454,0.020128824476650563,,0.06709608158883522,,,,,
45,3.207192699946323,62.003488996242616,10.775630703166936,3.7640901771336552,19.578636607622116,0.020128824476650563,0.13419216317767044,,0.4294149221685454,0.020128824476650563,,0.06709608158883522,,,,,
46,2.3349436392914655,59.286097691894796,16.59286097691895,4.025764895330113,16.53918411164788,0.020128824476650563,0.13419216317767044,,0.9796027911969941,0.020128824476650563,,0.06709608158883522,,,,,
47,2.3349436392914655,57.26650563607085,16.59286097691895,6.045356951154052,16.53918411164788,0.020128824476650563,0.13419216317767044,,0.9796027911969941,0.020128824476650563,,0.06709608158883522,,,,,
48,2.3349436392914655,57.25308641975309,16.59286097691895,6.052066559312936,16.53918411164788,0.020128824476650563,0.14090177133655393,,0.9796027911969941,0.020128824476650563,,0.06709608158883522,,,,,
49,2.314814814814815,55.28717122920021,16.59286097691895,8.038110574342458,16.09634997316157,0.020128824476650563,0.14090177133655393,,1.4224369296833066,0.020128824476650563,,0.06709608158883522,,,,,
50,2.3081052066559313,54.65646806226516,16.59286097691895,8.621846484165324,16.09634997316157,0.020128824476650563,0.14090177133655393,,1.4224369296833066,0.020128824476650563,,0.12077294685990338,,,,,
51,2.3081052066559313,54.388083735909824,16.418411164787976,8.970746108427267,14.741009125067096,0.020128824476650563,1.482823403113258,,1.4090177133655395,0.020128824476650563,,0.15432098765432098,0.08722490606548577,,,,
52,2.3081052066559313,51.321792807300056,16.411701556629094,8.849973161567364,14.720880300590446,3.207192699946323,1.482823403113258,,1.4358561460010735,0.020128824476650563,,0.15432098765432098,0.08722490606548577,,,,
53,2.3081052066559313,50.939345142243695,16.19699409554482,9.064680622651638,12.198067632850242,3.126677402039721,4.38137412775094,,1.4492753623188406,0.08722490606548577,,0.15432098765432098,0.0939345142243693,,,,
54,2.3081052066559313,50.87224906065486,16.19699409554482,9.104938271604938,12.184648416532475,3.126677402039721,4.435050993022007,,1.4358561460010735,0.08722490606548577,,0.15432098765432098,0.0939345142243693,,,,
55,2.3081052066559313,50.59044551798175,16.19699409554482,9.346484165324744,12.184648416532475,3.126677402039721,4.435050993022007,,1.4358561460010735,0.08722490606548577,,0.19457863660762212,0.0939345142243693,,,,
56,2.3081052066559313,50.55018786902845,16.17686527106817,9.386741814278047,12.184648416532475,3.126677402039721,4.435050993022007,,1.4358561460010735,0.08722490606548577,,0.19457863660762212,0.11406333870101985,,,,
57,2.3081052066559313,48.79898013955985,16.17686527106817,11.05072463768116,12.164519592055823,3.126677402039721,4.435050993022007,,1.5499194847020934,0.08722490606548577,,0.1878690284487386,0.11406333870101985,,,,
58,2.3081052066559313,48.772141706924316,16.15673644659152,11.07085346215781,12.13768115942029,3.126677402039721,4.435050993022007,,1.5767579173376274,0.11406333870101985,,0.1878690284487386,0.11406333870101985,,,,
59,2.3081052066559313,46.55126140633387,16.15673644659152,13.291733762748256,12.13768115942029,3.126677402039721,4.435050993022007,,1.5767579173376274,0.11406333870101985,,0.1878690284487386,0.11406333870101985,,,,
60,2.3081052066559313,46.2157809983897,16.14331723027375,13.56682769726248,12.13768115942029,3.126677402039721,4.435050993022007,,1.6103059581320451,0.1274825550187869,,0.1878690284487386,0.14090177133655393,,,,
61,2.3081052066559313,46.04804079441761,16.27750939345142,13.600375738056897,12.104133118625873,3.126677402039721,4.435050993022007,,1.6103059581320451,0.1274825550187869,,0.20128824476650564,0.1610305958132045,,,,
62,2.2745571658615136,46.081588835212024,16.264090177133657,13.600375738056897,12.090713902308105,3.126677402039721,4.408212560386473,0.026838432635534086,1.6103059581320451,0.1274825550187869,0.026838432635534086,0.20128824476650564,0.1610305958132045,,,,
63,2.2745571658615136,46.061460010735374,16.243961352657006,13.506441223832528,12.070585077831455,3.240740740740741,4.394793344068707,0.026838432635534086,1.6170155662909287,0.15432098765432098,0.026838432635534086,0.20128824476650564,0.18115942028985507,,,,
64,2.2745571658615136,43.82045088566828,14.888620504562533,14.989264626945786,12.037037037037036,3.2675791733762747,6.508319914117015,0.026838432635534086,1.596886741814278,0.1274825550187869,0.026838432635534086,0.1878690284487386,0.24825550187869028,,,,
65,2.2745571658615136,39.29817498658078,10.829307568438002,13.513150831991412,22.644927536231883,3.026033279656468,6.327160493827161,0.026838432635534086,1.3486312399355878,0.1274825550187869,0.12077294685990338,0.1878690284487386,0.27509393451422437,,,,
66,2.2745571658615136,39.09688674181428,10.782340311325818,13.627214170692431,22.61808910359635,2.9924852388620504,6.3137412775093935,0.040257648953301126,1.4090177133655395,0.1610305958132045,0.12077294685990338,0.24154589371980675,0.322061191626409,,,,
67,2.2745571658615136,39.08346752549651,9.762479871175524,13.627214170692431,22.530864197530864,4.106280193236715,6.273483628556092,0.0939345142243693,1.442565754159957,0.1610305958132045,0.12077294685990338,0.24154589371980675,0.28180354267310787,,,,
68,2.2745571658615136,38.788244766505635,9.749060654857756,13.922436929683306,22.463768115942027,4.106280193236715,6.273483628556092,0.0939345142243693,1.5096618357487923,0.1610305958132045,0.12077294685990338,0.24154589371980675,0.2952227589908749,,,,
69,2.2745571658615136,38.788244766505635,9.708803005904455,14.774557165861514,22.054482018250134,4.072732152442297,5.83064949006978,0.0939345142243693,1.5096618357487923,0.19457863660762212,0.12077294685990338,0.24154589371980675,0.33548040794417605,,,,
70,2.2342995169082127,38.43263553408481,6.078904991948471,14.741009125067096,26.194310252281266,4.072732152442297,5.837359098228664,0.10735373054213634,1.4761137949543746,0.19457863660762212,0.12077294685990338,0.27509393451422437,0.23483628556092323,,,,
71,2.2342995169082127,38.31186258722491,6.078904991948471,14.861782071927,26.08695652173913,4.072732152442297,5.803811057434245,0.14090177133655393,1.583467525496511,0.19457863660762212,0.12077294685990338,0.27509393451422437,0.23483628556092323,,,,
72,2.0665593129361244,29.240472356414386,17.01556629092861,13.56682769726248,26.006441223832528,4.85775630703167,4.7101449275362315,0.12077294685990338,1.596886741814278,0.1610305958132045,0.12077294685990338,0.27509393451422437,0.2616747181964573,,,,
73,2.0665593129361244,29.13311862587225,17.002147074610843,13.707729468599034,25.95276435856146,4.85775630703167,4.7101449275362315,0.12077294685990338,1.6170155662909287,0.1610305958132045,0.12077294685990338,0.27509393451422437,0.27509393451422437,,,,
74,2.0665593129361244,29.09286097691895,17.002147074610843,13.560118089103597,25.95276435856146,4.8443370907139025,4.7101449275362315,0.14761137949543746,1.6505636070853462,0.2683843263553409,0.15432098765432098,0.27509393451422437,0.27509393451422437,,,,
75,2.0531400966183573,26.147342995169083,26.268115942028984,12.332259796027913,23.1280193236715,2.5429414922168547,4.958400429414922,0.14761137949543746,1.6371443907675791,0.06709608158883522,0.15432098765432098,0.30193236714975846,0.2616747181964573,,,,
76,2.0397208803005906,24.751744498121308,38.93585614600107,9.849704777241008,18.04884594739667,2.5429414922168547,2.187332259796028,0.06038647342995169,0.5636070853462157,0.06709608158883522,0.03354804079441761,0.24154589371980675,0.6776704240472357,,,,
77,2.0397208803005906,24.751744498121308,38.85534084809447,9.809447128287708,15.955448201825014,4.736983360171766,2.187332259796028,0.06038647342995169,0.5568974771873323,0.06709608158883522,0.03354804079441761,0.24154589371980675,0.7045088566827697,,,,
78,2.0397208803005906,24.718196457326894,44.357219538378956,9.078099838969404,13.063607085346217,2.818035426731079,2.1269457863660763,0.04696725711218465,0.5837359098228664,0.03354804079441761,0.03354804079441761,0.24154589371980675,0.8588298443370908,,,,
79,2.0397208803005906,24.711486849168008,44.31025228126678,9.078099838969404,13.036768652710682,2.7844873859366612,2.1269457863660763,0.04696725711218465,0.6239935587761675,0.06709608158883522,0.03354804079441761,0.24154589371980675,0.8990874932903918,,,,
80,2.0263016639828235,24.724906065485776,44.357219538378956,9.078099838969404,12.99651100375738,2.7844873859366612,2.086688137412775,0.04696725711218465,0.6642512077294686,0.06709608158883522,0.03354804079441761,0.24154589371980675,0.8923778851315083,,,,
81,2.0263016639828235,24.48336017176597,44.33038110574343,9.306226516371444,12.969672571121846,2.7844873859366612,2.086688137412775,0.04696725711218465,0.6910896403650026,0.06709608158883522,0.03354804079441761,0.2549651100375738,0.9192163177670424,,,,
82,2.0263016639828235,24.4699409554482,44.26328502415459,9.265968867418144,12.969672571121846,2.7844873859366612,2.086688137412775,0.07380568974771873,0.6910896403650026,0.06709608158883522,0.03354804079441761,0.28180354267310787,0.9863123993558777,,,,
83,2.0263016639828235,24.46323134728932,44.12909286097692,9.25925925925926,12.969672571121846,2.7777777777777777,2.086688137412775,0.07380568974771873,0.7447665056360708,0.06709608158883522,0.03354804079441761,0.28180354267310787,1.0869565217391304,,,,
84,2.0263016639828235,23.463499731615673,44.08212560386473,9.339774557165862,12.674449812130971,4.1129898013955986,2.0128824476650564,0.07380568974771873,0.7514761137949544,0.06709608158883522,0.03354804079441761,0.28180354267310787,1.0802469135802468,,,,
85,2.0263016639828235,23.403113258185723,44.08212560386473,9.366612989801396,12.674449812130971,4.1129898013955986,2.0263016639828235,0.07380568974771873,0.7514761137949544,0.06709608158883522,0.03354804079441761,0.3153515834675255,1.06682769726248,,,,
86,2.0263016639828235,23.369565217391305,43.947933440687066,9.400161030595813,12.674449812130971,4.1129898013955986,2.0263016639828235,0.07380568974771873,0.7514761137949544,0.06709608158883522,0.03354804079441761,0.3153515834675255,1.2010198604401503,,,,
87,2.0263016639828235,23.356146001073537,43.86741814278046,9.400161030595813,12.674449812130971,4.1129898013955986,2.0263016639828235,0.07380568974771873,0.8185721953837896,0.06709608158883522,0.03354804079441761,0.32877079978529256,1.2010198604401503,0.013419216317767043,,,
88,2.0263016639828235,23.235373054213635,43.74664519592056,9.54777241009125,12.634192163177671,4.086151368760064,2.0128824476650564,0.07380568974771873,0.8454106280193237,0.06709608158883522,0.06038647342995169,0.32877079978529256,1.3150831991411702,0.020128824476650563,,,
89,1.9927536231884058,22.86634460547504,43.70638754696726,10.010735373054214,12.493290391841116,4.086151368760064,2.0128824476650564,0.07380568974771873,0.9259259259259259,0.06709608158883522,0.06038647342995169,0.32877079978529256,1.3553408480944713,0.020128824476650563,,,
90,1.9927536231884058,22.84621578099839,43.55877616747182,10.030864197530864,12.47987117552335,4.079441760601181,2.0128824476650564,0.07380568974771873,0.9728931830381106,0.08051529790660225,0.03354804079441761,0.32877079978529256,1.4895330112721417,0.020128824476650563,,,
91,1.9927536231884058,22.765700483091788,43.384326355340846,10.050993022007514,12.47987117552335,4.079441760601181,2.0128824476650564,0.07380568974771873,1.1137949543746646,0.08722490606548577,0.03354804079441761,0.322061191626409,1.583467525496511,0.020128824476650563,,,
92,1.4962426194310252,22.403381642512077,41.79414922168545,9.997316156736447,13.197799248523886,4.012345679012346,3.730542136339238,0.07380568974771873,1.261406333870102,0.08722490606548577,0.03354804079441761,0.322061191626409,1.570048309178744,0.020128824476650563,,,
93,1.4962426194310252,22.342995169082126,41.76060118089104,9.977187332259795,13.191089640365004,3.9318303811057436,4.03918411164788,0.07380568974771873,1.1137949543746646,0.08722490606548577,0.03354804079441761,0.30864197530864196,1.6237251744498122,0.020128824476650563,,,
94,1.4962426194310252,22.25577026301664,41.4922168545357,9.930220075147611,13.191089640365004,3.92512077294686,4.045893719806763,0.07380568974771873,1.1137949543746646,0.0939345142243693,0.03354804079441761,0.30864197530864196,2.01959205582394,0.020128824476650563,,,
95,1.4962426194310252,22.228931830381107,41.136607622114866,9.916800858829845,13.191089640365004,3.92512077294686,4.045893719806763,0.07380568974771873,1.3016639828234031,0.0939345142243693,0.07380568974771873,0.30864197530864196,2.187332259796028,0.020128824476650563,,,
96,1.4962426194310252,22.20209339774557,41.015834675254965,9.943639291465379,13.144122383252817,3.92512077294686,4.066022544283414,0.07380568974771873,1.4492753623188406,0.0939345142243693,0.07380568974771873,0.30864197530864196,2.187332259796028,0.020128824476650563,,,
97,1.4962426194310252,22.067901234567902,40.53945249597424,10.446859903381643,13.144122383252817,3.92512077294686,4.072732152442297,0.07380568974771873,1.5432098765432098,0.0939345142243693,0.07380568974771873,0.30864197530864196,2.1940418679549114,0.020128824476650563,,,
98,1.4962426194310252,22.041062801932366,40.31803542673108,10.38647342995169,13.144122383252817,3.92512077294686,4.0995705850778315,0.07380568974771873,1.5432098765432098,0.0939345142243693,0.07380568974771873,0.36902844873859364,2.4154589371980677,0.020128824476650563,,,
99,1.4962426194310252,21.732420826623724,39.55314009661836,11.486849168008588,13.144122383252817,3.938539989264627,4.0995705850778315,0.07380568974771873,1.5297906602254427,0.0939345142243693,0.07380568974771873,0.3824476650563607,2.3752012882447664,0.020128824476650563,,,
100,1.4962426194310252,21.712292002147073,39.55314009661836,11.493558776167472,13.130703166935051,3.938539989264627,4.0995705850778315,0.07380568974771873,1.5432098765432098,0.0939345142243693,0.07380568974771873,0.39586688137412773,2.3752012882447664,0.020128824476650563,,,
101,1.4962426194310252,21.712292002147073,39.47933440687064,11.540526033279656,13.123993558776167,3.938539989264627,4.0995705850778315,0.07380568974771873,1.5499194847020934,0.0939345142243693,0.07380568974771873,0.4092860976918948,2.3886205045625335,0.020128824476650563,,,
102,1.4962426194310252,21.38352120236178,37.506709608158886,11.540526033279656,12.855609232420827,3.938539989264627,4.079441760601181,0.07380568974771873,4.455179817498658,0.0939345142243693,0.0939345142243693,0.4092860976918948,2.059849704777241,0.013419216317767043,,,
103,1.4962426194310252,21.195652173913043,37.5,11.392914653784219,12.815351583467525,3.938539989264627,4.374664519592056,0.07380568974771873,4.49543746645196,0.0939345142243693,0.13419216317767044,0.4092860976918948,2.0665593129361244,0.013419216317767043,,,
104,1.4962426194310252,21.101717659688674,37.453032742887814,11.460010735373054,12.781803542673108,4.066022544283414,4.3545356951154055,0.07380568974771873,4.468599033816425,0.0939345142243693,0.15432098765432098,0.4428341384863124,2.0397208803005906,0.013419216317767043,,,
105,1.4962426194310252,19.64573268921095,41.25067096081589,10.36634460547504,12.781803542673108,4.066022544283414,4.3478260869565215,0.07380568974771873,3.784219001610306,0.08722490606548577,0.11406333870101985,0.2616747181964573,1.710950080515298,0.013419216317767043,,,
106,1.4962426194310252,19.64573268921095,41.2037037037037,10.36634460547504,12.781803542673108,4.066022544283414,4.3478260869565215,0.07380568974771873,3.784219001610306,0.08722490606548577,0.11406333870101985,0.2616747181964573,1.7579173376274826,0.013419216317767043,,,
107,1.4224369296833066,9.05126140633387,30.213365539452496,3.8848631239935587,43.78019323671498,3.7104133118625873,3.066290928609769,0.04696725711218465,3.5963499731615673,0.07380568974771873,0.07380568974771873,0.026838432635534086,1.0534084809447128,,,,
108,1.4224369296833066,9.05126140633387,29.824208266237253,3.8848631239935587,43.49838969404187,4.260601180891036,3.0595813204508855,0.05367686527106817,3.603059581320451,0.07380568974771873,0.07380568974771873,0.026838432635534086,1.1674718196457328,,,,
109,1.4224369296833066,8.957326892109501,29.797369833601717,3.978797638217928,43.484970477724104,4.260601180891036,3.0595813204508855,0.05367686527106817,3.616478797638218,0.07380568974771873,0.07380568974771873,0.026838432635534086,1.1943102522812667,,,,
110,1.4224369296833066,8.957326892109501,29.750402576489535,4.019055287171229,43.4447128287708,4.260601180891036,3.0595813204508855,0.05367686527106817,3.616478797638218,0.07380568974771873,0.07380568974771873,0.026838432635534086,1.2412775093934514,,,,
111,1.4224369296833066,8.950617283950617,28.37493290391841,4.03918411164788,41.10305958132045,4.260601180891036,6.776704240472356,0.05367686527106817,3.6231884057971016,0.07380568974771873,0.07380568974771873,0.026838432635534086,1.221148684916801,,,,
112,1.4224369296833066,8.930488459473967,27.91867954911433,4.092860976918948,38.34541062801932,7.467793880837359,6.776704240472356,0.05367686527106817,3.535963499731616,0.07380568974771873,0.07380568974771873,0.026838432635534086,1.2815351583467525,,,,
113,1.4224369296833066,8.930488459473967,27.710681696188942,4.119699409554482,38.31857219538379,7.467793880837359,6.776704240472356,0.05367686527106817,3.535963499731616,0.07380568974771873,0.07380568974771873,0.026838432635534086,1.4895330112721417,,,,
114,1.4224369296833066,8.621846484165324,19.75979602791197,9.588030059044552,41.56602254428341,7.253086419753086,6.776704240472356,0.05367686527106817,3.549382716049383,0.12077294685990338,0.07380568974771873,0.026838432635534086,1.1876006441223832,,,,
115,1.4224369296833066,8.59500805152979,19.75979602791197,9.903381642512077,41.277509393451425,7.253086419753086,6.689479334406871,0.05367686527106817,3.549382716049383,0.12077294685990338,0.1610305958132045,0.026838432635534086,1.1876006441223832,,,,
116,1.4224369296833066,8.59500805152979,19.49141170155663,9.883252818035427,41.217122920021474,7.253086419753086,6.6760601180891035,0.07380568974771873,3.824476650563607,0.12077294685990338,0.17444981213097155,0.026838432635534086,1.2412775093934514,,,,
117,1.4224369296833066,8.588298443370908,19.49141170155663,9.96376811594203,41.096349973161566,7.253086419753086,6.6760601180891035,0.07380568974771873,3.864734299516908,0.12077294685990338,0.19457863660762212,0.026838432635534086,1.2278582930756843,,,,
118,1.4224369296833066,8.588298443370908,19.47128287707998,9.990606548577563,41.015834675254965,7.253086419753086,6.6760601180891035,0.07380568974771873,3.8848631239935587,0.12077294685990338,0.16774020397208803,0.08722490606548577,1.247987117552335,,,,
119,1.4224369296833066,8.433977455716587,19.424315619967793,9.883252818035427,41.02254428341385,7.253086419753086,7.058507783145465,0.07380568974771873,3.784219001610306,0.12077294685990338,0.20799785292538917,0.05367686527106817,1.261406333870102,,,,
120,0.4025764895330113,6.78341384863124,18.94122383252818,9.863123993558776,45.75952764358561,5.8239398819108965,6.9243156199677935,0.07380568974771873,3.670155662909286,0.12077294685990338,0.2281266774020397,0.05367686527106817,1.3553408480944713,,,,
121,0.4025764895330113,6.608964036500268,18.47826086956522,9.936929683306495,43.71980676328502,5.669618894256575,9.742351046698873,0.04696725711218465,3.6902844873859366,0.12077294685990338,0.19457863660762212,0.05367686527106817,1.3352120236178207,,,,
122,0.4025764895330113,6.608964036500268,18.47826086956522,9.936929683306495,43.69296833064949,5.642780461621041,9.722222222222221,0.040257648953301126,3.683574879227053,0.15432098765432098,0.2147074610842727,0.08722490606548577,1.3352120236178207,,,,
123,0.4025764895330113,6.602254428341385,18.47826086956522,9.916800858829845,43.69296833064949,5.615942028985507,9.722222222222221,0.040257648953301126,3.683574879227053,0.2147074610842727,0.2147074610842727,0.08722490606548577,1.328502415458937,,,,
124,0.4025764895330113,6.602254428341385,18.451422436929683,9.66183574879227,43.57890499194847,5.615942028985507,9.708803005904455,0.040257648953301126,3.730542136339238,0.5367686527106817,0.2281266774020397,0.08722490606548577,1.3553408480944713,,,,
125,0.36231884057971014,4.7101449275362315,18.344068706387546,9.205582393988191,41.257380568974774,10.567632850241546,9.668545356951155,0.026838432635534086,3.69699409554482,0.46967257112184646,0.24154589371980675,0.08722490606548577,1.3620504562533549,,,,
126,0.36231884057971014,4.7101449275362315,18.344068706387546,9.205582393988191,41.257380568974774,10.57434245840043,9.64170692431562,0.026838432635534086,3.6902844873859366,0.46967257112184646,0.2683843263553409,0.08722490606548577,1.3620504562533549,,,,
127,0.36231884057971014,4.703435319377348,18.303811057434245,9.225711218464841,41.243961352657,10.57434245840043,9.608158883521202,0.026838432635534086,3.6902844873859366,0.46967257112184646,0.30193236714975846,0.08722490606548577,1.402308105206656,,,,
128,0.36231884057971014,4.703435319377348,18.250134192163177,9.23913043478261,41.06280193236715,10.57434245840043,9.581320450885668,0.026838432635534086,3.8580246913580245,0.46967257112184646,0.32877079978529256,0.08722490606548577,1.4559849704777241,,,,
129,0.36231884057971014,4.703435319377348,18.149490069779926,9.151905528717123,40.88835212023618,10.534084809447128,9.749060654857756,0.026838432635534086,4.032474503488996,0.5099302200751477,0.36231884057971014,0.08722490606548577,1.442565754159957,,,,
130,0.36231884057971014,4.703435319377348,18.149490069779926,9.520933977455716,40.51932367149758,10.487117552334944,9.749060654857756,0.026838432635534086,4.032474503488996,0.5233494363929146,0.39586688137412773,0.08722490606548577,1.442565754159957,,,,
131,0.36231884057971014,4.703435319377348,18.08239398819109,8.480944712828771,39.60010735373054,10.446859903381643,10.681696188942565,0.0067096081588835215,5.10601180891036,0.5367686527106817,0.4294149221685454,0.0939345142243693,1.4694041867954912,,,,
132,0.36231884057971014,4.703435319377348,17.98845947396672,8.427267847557703,39.55314009661836,10.446859903381643,10.681696188942565,0.08722490606548577,5.12614063338701,0.5367686527106817,0.4294149221685454,0.0939345142243693,1.5633387010198605,,,,
133,0.36231884057971014,4.690016103059581,17.92807300053677,8.407139023081053,39.52630166398282,10.446859903381643,10.681696188942565,0.08722490606548577,5.152979066022544,0.5367686527106817,0.4294149221685454,0.1274825550187869,1.6237251744498122,,,,
134,0.36231884057971014,4.690016103059581,17.881105743424584,8.400429414922169,39.47933440687064,10.446859903381643,10.654857756307031,0.1274825550187869,5.166398282340311,0.5367686527106817,0.4562533548040794,0.1274825550187869,1.6706924315619969,,,,
135,0.36231884057971014,4.690016103059581,17.68652710681696,8.433977455716587,39.439076757917334,10.426731078904991,10.621309715512615,0.1274825550187869,5.260332796564681,0.5568974771873323,0.46967257112184646,0.14090177133655393,1.7847557702630166,,,,
136,0.36231884057971014,4.690016103059581,17.652979066022546,8.501073537305421,38.788244766505635,11.16478797638218,10.621309715512615,0.1274825550187869,5.072463768115942,0.5568974771873323,0.5367686527106817,0.14090177133655393,1.7847557702630166,,,,
137,0.36231884057971014,4.690016103059581,17.619431025228128,8.474235104669887,38.75469672571122,11.144659151905529,10.547504025764896,0.1274825550187869,5.10601180891036,0.5770263016639828,0.6105743424584005,0.16774020397208803,1.8183038110574343,,,,
138,0.36231884057971014,4.690016103059581,17.54562533548041,8.487654320987655,38.7211486849168,11.137949543746645,10.513955984970478,0.1274825550187869,5.146269457863661,0.5770263016639828,0.6239935587761675,0.16774020397208803,1.865271068169619,0.03354804079441761,,,
139,0.36231884057971014,4.676596886741814,17.431561996779386,8.494363929146537,38.7211486849168,11.137949543746645,10.466988727858293,0.1274825550187869,5.146269457863661,0.6374127750939346,0.6105743424584005,0.16774020397208803,1.9860440150295222,0.03354804079441761,,,
140,0.36231884057971014,4.676596886741814,17.398013955984972,8.494363929146537,38.69431025228127,11.077563070316694,10.44015029522276,0.15432098765432098,5.146269457863661,0.6977992485238862,0.6374127750939346,0.16774020397208803,2.01959205582394,0.03354804079441761,,,
141,0.36231884057971014,4.676596886741814,28.059581320450885,8.246108427267847,33.41384863123994,10.319377348362856,6.213097155126141,0.14761137949543746,5.146269457863661,0.6038647342995169,0.4428341384863124,0.16774020397208803,2.167203435319377,0.03354804079441761,,,
142,0.36231884057971014,4.676596886741814,27.77777777777778,8.219269994632313,33.36688137412775,10.305958132045088,6.179549114331723,0.17444981213097155,5.421363392377885,0.6575415995705851,0.47638217928073,0.16774020397208803,2.1806226516371443,0.03354804079441761,,,
143,0.36231884057971014,4.676596886741814,27.583199141170155,8.246108427267847,33.2259796027912,10.272410091250672,6.166129898013956,0.14761137949543746,5.71658615136876,0.6910896403650026,0.48980139559849706,0.16774020397208803,2.2208803005904456,0.03354804079441761,,,
144,0.36231884057971014,4.461889425657541,27.985775630703166,9.172034353193773,32.48792270531401,10.23215244229737,5.857487922705314,0.14761137949543746,5.636070853462158,0.6910896403650026,0.46967257112184646,0.16774020397208803,2.2946859903381642,0.03354804079441761,,,
145,0.36231884057971014,4.461889425657541,29.99194847020934,9.098228663446054,31.387546967257112,10.23215244229737,4.5960815888352125,0.14761137949543746,6.125872249060655,0.6910896403650026,0.4495437466451959,0.16774020397208803,2.254428341384863,0.03354804079441761,,,
146,0.36231884057971014,4.461889425657541,29.99194847020934,9.27938808373591,30.95813204508857,10.131508319914117,4.5960815888352125,0.14761137949543746,6.300322061191626,0.7045088566827697,0.4495437466451959,0.18115942028985507,2.4020397208803006,0.03354804079441761,,,
147,0.36231884057971014,4.461889425657541,29.965110037573805,9.312936124530328,30.92458400429415,10.11808910359635,4.5960815888352125,0.14761137949543746,6.286902844873859,0.7045088566827697,0.46296296296296297,0.19457863660762212,2.428878153515835,0.03354804079441761,,,
148,0.36231884057971014,4.461889425657541,29.95169082125604,9.681964573268921,30.434782608695652,9.990606548577563,4.5960815888352125,0.14761137949543746,6.400966183574879,0.8185721953837896,0.46296296296296297,0.20799785292538917,2.4490069779924855,0.03354804079441761,,,
149,0.36231884057971014,4.461889425657541,29.95169082125604,9.681964573268921,30.434782608695652,9.990606548577563,4.549114331723027,0.14761137949543746,6.400966183574879,0.8185721953837896,0.5099302200751477,0.20799785292538917,2.4490069779924855,0.03354804079441761,,,
150,0.36231884057971014,4.146537842190016,29.817498658078367,9.930220075147611,30.293880837359097,9.943639291465379,4.582662372517445,0.1610305958132045,6.414385399892646,0.8655394524959742,0.5099302200751477,0.20799785292538917,2.7308105206655933,0.03354804079441761,,,
151,0.36231884057971014,3.4822866344605474,28.6231884057971,9.567901234567902,30.280461621041333,11.621041331186259,4.555823939881911,0.1610305958132045,6.4345142243692965,0.8923778851315083,0.5099302200751477,0.1878690284487386,3.2877079978529253,0.03354804079441761,,,
152,0.36231884057971014,3.44873859366613,28.6231884057971,9.594739667203436,30.273752012882447,11.600912506709609,4.575952764358561,0.16774020397208803,6.474771873322598,0.8856682769726248,0.5099302200751477,0.1878690284487386,3.260869565217391,0.03354804079441761,,,
153,0.36231884057971014,3.44873859366613,28.482286634460547,9.594739667203436,30.12614063338701,11.614331723027375,4.575952764358561,0.16774020397208803,6.588835212023618,0.9057971014492754,0.5099302200751477,0.1878690284487386,3.4017713365539453,0.03354804079441761,,,
154,0.36231884057971014,3.44873859366613,27.28797638217928,9.796027911969942,30.03220611916264,12.949543746645196,4.38137412775094,0.16774020397208803,6.629092860976919,0.966183574879227,0.5099302200751477,0.2147074610842727,3.2206119162640903,0.03354804079441761,,,
155,0.36231884057971014,3.435319377348363,27.254428341384862,9.809447128287708,30.018786902844873,12.29200214707461,4.3478260869565215,0.16774020397208803,6.709608158883521,1.6237251744498122,0.5099302200751477,0.2147074610842727,3.2206119162640903,0.03354804079441761,,,
156,0.36231884057971014,3.435319377348363,27.254428341384862,9.842995169082126,29.97181964573269,12.278582930756844,4.3478260869565215,0.16774020397208803,6.723027375201288,1.6237251744498122,0.5233494363929146,0.2147074610842727,3.2206119162640903,0.03354804079441761,,,
157,0.36231884057971014,3.435319377348363,27.234299516908212,9.842995169082126,29.810789049919485,12.278582930756844,4.3478260869565215,0.16774020397208803,6.857219538378959,1.6237251744498122,0.5434782608695652,0.2147074610842727,3.2474503488996245,0.03354804079441761,,,
158,0.36231884057971014,3.435319377348363,27.167203435319376,9.822866344605474,29.750402576489535,12.278582930756844,4.334406870638754,0.16774020397208803,6.91760601180891,1.6237251744498122,0.5904455179817498,0.2147074610842727,3.3011272141706924,0.03354804079441761,,,
159,0.36231884057971014,3.4286097691894795,27.120236178207193,10.198604401502953,29.388083735909824,12.265163714439076,4.327697262479871,0.17444981213097155,6.91760601180891,1.596886741814278,0.5904455179817498,0.2281266774020397,3.3682232957595275,0.03354804079441761,,,
160,0.36231884057971014,3.4286097691894795,26.878690284487387,10.493827160493828,29.367954911433173,12.245034889962426,4.327697262479871,0.17444981213097155,6.837090713902308,1.6103059581320451,0.5904455179817498,0.2549651100375738,3.3950617283950617,0.03354804079441761,,,
161,0.36231884057971014,3.4286097691894795,26.8719806763285,10.493827160493828,29.367954911433173,12.245034889962426,4.327697262479871,0.17444981213097155,6.837090713902308,1.6103059581320451,0.6038647342995169,0.2549651100375738,3.388352120236178,0.03354804079441761,,,
162,0.36231884057971014,3.4286097691894795,26.838432635534083,10.466988727858293,29.320987654320987,12.245034889962426,4.3545356951154055,0.17444981213097155,6.884057971014493,1.6103059581320451,0.6038647342995169,0.2549651100375738,3.421900161030596,0.03354804079441761,,,
163,0.36231884057971014,3.4286097691894795,26.570048309178745,10.856146001073537,29.1532474503489,12.245034889962426,4.3545356951154055,0.17444981213097155,6.971282877079979,1.6103059581320451,0.6038647342995169,0.2549651100375738,3.3816425120772946,0.03354804079441761,,,
164,0.36231884057971014,3.4286097691894795,26.442565754159958,10.856146001073537,29.146537842190018,12.245034889962426,4.3545356951154055,0.17444981213097155,6.971282877079979,1.6103059581320451,0.6038647342995169,0.2616747181964573,3.5091250670960816,0.03354804079441761,,,
165,0.36231884057971014,3.4286097691894795,26.442565754159958,10.869565217391305,29.11969940955448,12.124261943102523,4.3545356951154055,0.17444981213097155,6.977992485238862,1.6103059581320451,0.7246376811594203,0.2683843263553409,3.5091250670960816,0.03354804079441761,,,
166,0.36231884057971014,3.4286097691894795,26.362050456253353,10.869565217391305,29.03918411164788,12.117552334943639,4.374664519592056,0.17444981213097155,7.071926999463232,1.6103059581320451,0.7246376811594203,0.2683843263553409,3.549382716049383,0.04696725711218465,,,
167,0.36231884057971014,3.4286097691894795,26.362050456253353,10.88298443370907,29.012345679012345,12.117552334943639,4.374664519592056,0.17444981213097155,7.085346215780999,1.583467525496511,0.7246376811594203,0.2952227589908749,3.549382716049383,0.04696725711218465,,,
168,0.36231884057971014,3.4286097691894795,26.362050456253353,10.88298443370907,29.012345679012345,12.090713902308105,4.374664519592056,0.17444981213097155,7.085346215780999,1.583467525496511,0.7514761137949544,0.2952227589908749,3.549382716049383,0.04696725711218465,,,
169,0.36231884057971014,3.4286097691894795,28.63660762211487,10.88298443370907,27.905260332796566,11.05072463768116,4.374664519592056,0.17444981213097155,7.058507783145465,1.5096618357487923,0.7514761137949544,0.2952227589908749,3.5225442834138487,0.04696725711218465,,,
170,0.36231884057971014,3.2877079978529253,28.488996242619432,11.084272678475577,27.831454643048847,11.05072463768116,4.367954911433173,0.17444981213097155,7.0450885668276975,1.570048309178744,0.7783145464304885,0.30864197530864196,3.603059581320451,0.04696725711218465,,,
