,45,50,52,55,51,53,56,54,57
0,99.81884057971014,0.18115942028985507,,,,,,,
1,97.91331186258722,2.086688137412775,,,,,,,
2,93.67283950617283,6.327160493827161,,,,,,,
3,85.54079441760601,14.459205582393988,,,,,,,
4,82.085346215781,17.914653784219002,,,,,,,
5,74.95303274288781,24.61755233494364,0.4294149221685454,,,,,,
6,74.49006977992485,25.0805152979066,0.4294149221685454,,,,,,
7,72.22222222222223,27.20746108427268,0.4294149221685454,0.14090177133655393,,,,,
8,64.47262479871175,34.957058507783145,0.4294149221685454,0.14090177133655393,,,,,
9,64.68062265163715,34.74906065485776,0.4294149221685454,0.14090177133655393,,,,,
10,58.293075684380035,40.25093934514224,0.4294149221685454,1.0265700483091786,,,,,
11,58.601717659688674,39.942297369833604,0.4294149221685454,1.0265700483091786,,,,,
12,58.823134728931834,38.425925925925924,2.1739130434782608,0.5770263016639828,,,,,
13,58.299785292538914,38.94927536231884,2.1739130434782608,0.5770263016639828,,,,,
14,57.27992485238862,39.92216854535695,2.2208803005904456,0.5770263016639828,,,,,
15,51.63714439076758,38.14412238325282,2.2208803005904456,0.5770263016639828,7.4208266237251745,,,,
16,50.4495437466452,39.34514224369297,2.2208803005904456,0.5770263016639828,7.407407407407407,,,,
17,45.17579173376275,46.55797101449275,0.39586688137412773,0.46296296296296297,7.407407407407407,,,,
18,45.04830917874396,46.00107353730542,0.39586688137412773,0.46296296296296297,8.091787439613526,,,,
19,44.00161030595813,40.90848094471283,0.39586688137412773,0.46296296296296297,11.460010735373054,2.771068169618894,,,
20,44.08212560386473,40.92190016103059,0.39586688137412773,0.46296296296296297,11.366076221148685,2.771068169618894,,,
21,40.5126140633387,45.1556629092861,0.39586688137412773,0.46296296296296297,11.3593666129898,2.1135265700483092,,,
22,40.55958132045089,45.108695652173914,0.39586688137412773,0.46296296296296297,11.3593666129898,2.1135265700483092,,,
23,35.90311325818572,48.04079441760601,0.35560923242082665,0.46296296296296297,13.177670424047236,2.059849704777241,,,
24,36.22517444981213,46.786097691894796,0.35560923242082665,0.6508319914117016,12.922705314009661,2.8113258185721954,0.24825550187869028,,
25,34.76247987117552,50.959473966720346,0.35560923242082665,0.6508319914117016,10.23215244229737,2.791196994095545,0.24825550187869028,,
26,35.158346752549654,50.74476650563607,0.35560923242082665,0.6508319914117016,10.050993022007514,2.791196994095545,0.24825550187869028,,
27,35.28582930756844,50.67096081588835,0.35560923242082665,0.6508319914117016,10.050993022007514,2.7777777777777777,0.20799785292538917,,
28,33.3064949006978,46.61164787976382,0.20799785292538917,1.737788513150832,15.982286634460548,1.8115942028985508,0.20799785292538917,0.13419216317767044,
29,33.61513687600644,46.39694041867955,0.20799785292538917,1.737788513150832,15.935319377348362,1.7646269457863661,0.20799785292538917,0.13419216317767044,
30,33.66881374127751,46.343263553408484,0.20799785292538917,1.737788513150832,15.935319377348362,1.7646269457863661,0.20799785292538917,0.13419216317767044,
31,31.206387546967257,47.52415458937198,0.06709608158883522,1.737788513150832,17.418142780461622,1.7646269457863661,0.14761137949543746,0.13419216317767044,
32,30.877616747181964,42.60601180891036,3.5091250670960816,1.6237251744498122,19.33709071390231,1.7646269457863661,0.14761137949543746,0.13419216317767044,
33,28.81105743424584,44.71282877079979,3.5091250670960816,1.6237251744498122,19.296833064949006,1.7646269457863661,0.14761137949543746,0.13419216317767044,
34,25.026838432635532,48.80568974771873,3.5091250670960816,1.5230810520665594,19.088835212023618,1.7646269457863661,0.14761137949543746,0.13419216317767044,
35,24.93961352657005,49.2686527106817,3.5091250670960816,1.5230810520665594,18.739935587761675,1.7646269457863661,0.12077294685990338,0.13419216317767044,
36,25.0805152979066,49.15458937198068,3.5091250670960816,1.5230810520665594,18.156199677938808,1.7646269457863661,0.12077294685990338,0.6910896403650026,
37,25.013419216317768,47.54428341384863,3.4822866344605474,1.5230810520665594,18.10252281266774,1.7646269457863661,0.12077294685990338,2.4490069779924855,
38,25.15432098765432,47.26918947933441,3.4822866344605474,1.6706924315619969,18.089103596349972,1.7646269457863661,0.12077294685990338,2.4490069779924855,
39,25.523349436392916,47.0679012345679,3.4688674181427803,1.6706924315619969,18.06897477187332,1.6304347826086956,0.12077294685990338,2.4490069779924855,
40,24.9194847020934,46.0077831454643,5.186527106816962,1.6706924315619969,18.015297906602253,1.6304347826086956,0.12077294685990338,2.4490069779924855,
41,24.684648416532475,44.947665056360705,7.575147611379496,2.6704240472356413,15.921900161030596,1.6304347826086956,0.12077294685990338,2.4490069779924855,
42,23.443370907139023,40.693773483628554,7.575147611379496,2.6167471819645733,21.517713365539453,1.6103059581320451,0.12077294685990338,2.4221685453569513,
43,23.731884057971016,40.445517981749866,7.37385936661299,2.7643585614600106,21.517713365539453,1.570048309178744,0.12077294685990338,2.475845410628019,
44,23.926462694578635,39.982555018786904,7.924047235641439,2.7643585614600106,21.235909822866343,1.570048309178744,0.12077294685990338,2.475845410628019,
45,23.678207192699947,38.747987117552334,5.776972624798712,2.8650026838432634,25.37573805689748,1.570048309178744,0.12077294685990338,1.865271068169619,
46,22.73886205045625,36.8894256575416,5.776972624798712,2.475845410628019,28.837895866881375,1.2949543746645196,0.12077294685990338,1.865271068169619,
47,22.73886205045625,36.882716049382715,5.776972624798712,2.5966183574879227,28.723832528180353,1.2949543746645196,0.12077294685990338,1.865271068169619,
48,22.383252818035427,36.272141706924316,5.743424584004294,2.5966183574879227,29.723564143854,1.2949543746645196,0.12077294685990338,1.865271068169619,
49,22.63150831991412,36.211755233494365,5.662909286097692,2.5966183574879227,29.61621041331186,1.2949543746645196,0.12077294685990338,1.865271068169619,
50,21.068169618894256,31.884057971014492,5.662909286097692,2.5966183574879227,35.29253891572732,1.2949543746645196,0.12077294685990338,2.0799785292538915,
51,20.12211486849168,29.683306494900698,5.662909286097692,2.5966183574879227,38.466183574879224,1.2748255501878691,0.11406333870101985,2.0799785292538915,
52,19.847020933977454,29.998658078368223,5.662909286097692,2.5966183574879227,38.425925925925924,1.2748255501878691,0.11406333870101985,2.0799785292538915,
53,20.021470746108427,29.1935050993022,7.856951154052603,2.4892646269457863,36.9699409554482,1.2748255501878691,0.11406333870101985,2.0799785292538915,
54,17.07595276435856,36.64787976382179,7.809983896940419,2.475845410628019,32.52147074610843,1.2748255501878691,0.11406333870101985,2.0799785292538915,
55,17.163177670424048,36.62775093934514,7.796564680622652,2.4691358024691357,32.47450348899624,1.2748255501878691,0.11406333870101985,2.0799785292538915,
56,15.526033279656469,38.63392377885131,7.796564680622652,2.368491680085883,32.2061191626409,1.2748255501878691,0.11406333870101985,2.0799785292538915,
57,14.11701556629093,41.76060118089104,7.286634460547504,2.187332259796028,31.34728931830381,1.2748255501878691,0.11406333870101985,1.9122383252818036,
58,14.318303811057435,41.700214707461086,7.185990338164252,2.187332259796028,31.30703166935051,1.2748255501878691,0.11406333870101985,1.9122383252818036,
59,13.92914653784219,42.223564143854,7.152442297369833,2.15378421900161,31.0252281266774,1.5096618357487923,0.11406333870101985,1.892109500805153,
60,14.06333870101986,42.1430488459474,7.152442297369833,2.1269457863660763,30.99838969404187,1.5096618357487923,0.11406333870101985,1.892109500805153,
61,14.231078904991948,42.008856682769725,7.14573268921095,2.1269457863660763,30.99838969404187,1.5096618357487923,0.11406333870101985,1.865271068169619,
62,14.479334406870638,41.80756843800322,7.14573268921095,2.1269457863660763,30.951422436929683,1.5096618357487923,0.11406333870101985,1.865271068169619,
63,14.083467525496511,38.70101986044015,5.166398282340311,2.0531400966183573,34.82957595276436,1.5096618357487923,0.0939345142243693,3.5628019323671496,
64,14.358561460010735,38.52657004830918,5.166398282340311,1.9592055823939882,34.75577026301664,1.5096618357487923,0.020128824476650563,3.7037037037037037,
65,14.922168545356952,38.04347826086956,5.152979066022544,1.9592055823939882,34.68867418142781,1.5096618357487923,0.020128824476650563,3.7037037037037037,
66,14.506172839506172,32.420826623725176,8.849973161567364,1.8853998926462694,36.862587224906065,1.751207729468599,0.020128824476650563,3.7037037037037037,
67,12.949543746645196,28.992216854535695,8.849973161567364,1.2949543746645196,42.46511003757381,1.724369296833065,0.020128824476650563,3.7037037037037037,
68,12.795222758990874,28.61647879763822,9.762479871175524,1.2949543746645196,42.08266237251745,1.724369296833065,0.020128824476650563,3.7037037037037037,
69,12.93612453032743,28.482286634460547,9.749060654857756,1.288244766505636,41.98201825013419,1.724369296833065,0.13419216317767044,3.7037037037037037,
70,13.056897477187333,27.697262479871174,9.722222222222221,1.2748255501878691,41.47208803005905,2.9388083735909825,0.13419216317767044,3.7037037037037037,
71,12.983091787439614,27.046430488459475,8.004562533548041,1.2748255501878691,42.961621041331185,3.33467525496511,0.8252818035426731,3.569511540526033,
72,13.264895330112722,26.94578636607622,7.977724100912507,1.8384326355340848,42.169887278582934,3.321256038647343,0.8252818035426731,3.656736446591519,
73,12.875738056897477,26.73107890499195,7.971014492753623,1.6572732152442298,43.72651637144391,2.341653247450349,0.8252818035426731,3.8714439076757916,
74,11.748523886205046,24.12775093934514,7.971014492753623,1.1674718196457328,50.10064412238325,2.254428341384863,0.8252818035426731,1.8048845947396672,
75,12.070585077831455,23.91304347826087,7.863660762211487,1.3419216317767042,49.92619431025228,2.254428341384863,0.8252818035426731,1.8048845947396672,
76,10.57434245840043,21.38352120236178,6.293612453032743,1.3419216317767042,55.522007514761135,2.254428341384863,0.8252818035426731,1.8048845947396672,
77,10.379763821792807,20.987654320987655,6.293612453032743,1.3419216317767042,56.05877616747182,2.2410091250670963,0.8923778851315083,1.8048845947396672,
78,10.661567364465915,20.94068706387547,6.239935587761675,1.3419216317767042,55.52871712292002,2.2342995169082127,1.247987117552335,1.8048845947396672,
79,11.030595813204508,20.860171765968868,6.219806763285024,1.3419216317767042,55.28046162104133,2.214170692431562,1.247987117552335,1.8048845947396672,
80,11.292270531400966,20.8467525496511,6.219806763285024,1.3419216317767042,54.86446591519055,2.214170692431562,1.415727321524423,1.8048845947396672,
81,11.60762211486849,20.79307568438003,6.219806763285024,1.3419216317767042,54.6027911969941,2.214170692431562,1.415727321524423,1.8048845947396672,
82,11.916264090177133,20.699141170155663,6.206387546967257,1.3016639828234031,54.468599033816425,2.214170692431562,1.415727321524423,1.778046162104133,
83,12.104133118625873,20.685721953837895,6.179549114331723,1.3016639828234031,54.32098765432099,2.214170692431562,1.415727321524423,1.778046162104133,
84,12.23161567364466,20.685721953837895,6.179549114331723,1.288244766505636,54.24047235641439,2.187332259796028,1.4090177133655395,1.778046162104133,
85,12.453032742887816,20.618625872249062,6.4345142243692965,1.865271068169619,53.254159957058505,2.187332259796028,1.4090177133655395,1.778046162104133,
86,12.332259796027913,20.316693505099302,8.61513687600644,1.583467525496511,51.81159420289855,2.187332259796028,1.4090177133655395,1.7444981213097155,
87,12.406065485775631,20.142243692968332,8.61513687600644,1.583467525496511,51.81159420289855,2.187332259796028,1.6505636070853462,1.6035963499731616,
88,12.567096081588835,20.128824476650564,8.548040794417606,1.583467525496511,51.7512077294686,2.187332259796028,1.5901771336553945,1.6035963499731616,0.040257648953301126
89,13.097155126140633,20.021470746108427,8.541331186258722,1.583467525496511,51.36205045625336,2.187332259796028,1.5633387010198605,1.6035963499731616,0.040257648953301126
90,13.553408480944713,19.900697799248523,8.487654320987655,1.5633387010198605,51.1003757380569,2.187332259796028,1.5633387010198605,1.6035963499731616,0.040257648953301126
91,13.774825550187868,19.867149758454108,8.454106280193237,2.4154589371980677,50.11406333870102,2.187332259796028,1.5432098765432098,1.6035963499731616,0.040257648953301126
92,13.922436929683306,19.85373054213634,8.393719806763285,2.4154589371980677,50.0402576489533,2.187332259796028,1.5432098765432098,1.6035963499731616,0.040257648953301126
93,13.902308105206655,19.189479334406872,10.25228126677402,2.1806226516371443,49.543746645195924,1.7646269457863661,1.5230810520665594,1.6035963499731616,0.040257648953301126
94,13.982823403113258,18.552066559312937,10.849436392914654,2.1806226516371443,49.503488996242616,1.7646269457863661,1.5230810520665594,1.6035963499731616,0.040257648953301126
95,13.727858293075684,18.203166935050994,10.68840579710145,2.1269457863660763,47.79253891572732,2.2745571658615136,1.6103059581320451,3.535963499731616,0.040257648953301126
96,14.103596349973161,18.169618894256576,10.654857756307031,2.1269457863660763,47.497316156736446,2.2745571658615136,1.6103059581320451,3.5225442834138487,0.040257648953301126
97,14.31159420289855,18.169618894256576,10.654857756307031,2.059849704777241,47.356414385399894,2.2745571658615136,1.6103059581320451,3.5225442834138487,0.040257648953301126
98,13.83521202361782,17.398013955984972,16.928341384863124,2.059849704777241,42.33762748255502,2.2745571658615136,1.6035963499731616,3.5225442834138487,0.040257648953301126
99,14.123725174449811,17.317498658078367,16.894793344068706,2.059849704777241,42.190016103059584,2.2745571658615136,1.6035963499731616,3.4957058507783145,0.040257648953301126
100,14.083467525496511,17.297369833601717,17.827428878153516,1.7444981213097155,41.639828234031135,2.2745571658615136,1.596886741814278,3.4957058507783145,0.040257648953301126
101,12.144390767579173,14.734299516908212,17.23027375201288,1.7444981213097155,42.7938808373591,5.320719269994632,1.596886741814278,4.394793344068707,0.040257648953301126
102,12.332259796027913,14.680622651637144,17.156468062265162,1.7444981213097155,42.76704240472356,5.320719269994632,1.596886741814278,4.361245303274289,0.040257648953301126
103,12.486580783682234,14.65378421900161,17.102791196994094,1.7444981213097155,42.693236714975846,5.186527106816962,1.596886741814278,4.49543746645196,0.040257648953301126
104,12.701288244766506,14.647074610842727,17.05582393988191,1.7444981213097155,42.659688674181425,5.173107890499195,1.482823403113258,4.49543746645196,0.040257648953301126
105,12.016908212560386,14.049919484702093,15.915190552871712,1.7310789049919484,45.73268921095008,5.132850241545894,0.9259259259259259,4.455179817498658,0.040257648953301126
106,12.157809983896941,14.036500268384327,15.74074074074074,1.7310789049919484,45.63875469672571,5.132850241545894,0.9259259259259259,4.455179817498658,0.18115942028985507
107,10.587761674718196,17.780461621041333,15.653515834675256,1.7310789049919484,45.52469135802469,3.1736446591519054,0.9259259259259259,4.441760601180891,0.18115942028985507
108,10.560923242082662,17.49194847020934,13.620504562533547,1.1674718196457328,48.32259796027912,3.1602254428341383,1.0735373054213635,4.42163177670424,0.18115942028985507
109,10.258990874932904,17.49194847020934,15.257648953301127,1.1674718196457328,47.27589908749329,3.026033279656468,0.95276435856146,4.388083735909823,0.18115942028985507
110,8.84326355340848,16.71363392377885,21.85319377348363,1.0466988727858293,45.819914117015564,2.8381642512077296,0.9393451422436929,1.8048845947396672,0.14090177133655393
111,9.420289855072463,16.55931293612453,21.672034353193773,1.0466988727858293,45.591787439613526,2.8247450348899625,0.9393451422436929,1.8048845947396672,0.14090177133655393
112,9.514224369296834,16.55931293612453,21.672034353193773,1.0466988727858293,45.49785292538916,2.8247450348899625,0.9393451422436929,1.8048845947396672,0.14090177133655393
113,9.447128287707997,22.987117552334944,15.378421900161031,1.0131508319914118,45.46430488459474,2.8247450348899625,0.9393451422436929,1.8048845947396672,0.14090177133655393
114,9.73564143853999,22.966988727858293,15.304616210413311,1.0064412238325282,45.229468599033815,2.8247450348899625,0.9259259259259259,1.865271068169619,0.14090177133655393
115,9.856414385399892,22.899892646269457,15.304616210413311,1.0064412238325282,45.17579173376275,2.8247450348899625,0.9259259259259259,1.865271068169619,0.14090177133655393
116,9.648416532474503,22.79253891572732,15.693773483628556,1.3754696725711217,44.50483091787439,2.7777777777777777,0.9259259259259259,2.1403650026838434,0.14090177133655393
117,10.245571658615138,22.67176596886742,15.693773483628556,1.3754696725711217,44.04186795491143,2.7643585614600106,0.9259259259259259,2.1403650026838434,0.14090177133655393
118,10.393183038110575,22.564412238325282,15.693773483628556,1.3754696725711217,43.853998926462694,2.7643585614600106,1.0735373054213635,2.1403650026838434,0.14090177133655393
119,10.48040794417606,22.537573805689746,15.693773483628556,1.3754696725711217,43.82716049382716,2.7643585614600106,1.06682769726248,2.1135265700483092,0.14090177133655393
120,10.923242082662373,22.497316156736446,15.626677402039721,1.3754696725711217,43.53193773483628,2.7643585614600106,1.0265700483091786,2.1135265700483092,0.14090177133655393
121,11.11111111111111,22.490606548577563,15.60654857756307,1.3754696725711217,43.43129361245303,2.737520128824477,1.0265700483091786,2.0799785292538915,0.14090177133655393
122,11.231884057971014,22.450348899624263,15.60654857756307,1.3754696725711217,43.364197530864196,2.7241009125067097,1.0265700483091786,2.0799785292538915,0.14090177133655393
123,11.386205045625335,22.24235104669887,15.58641975308642,1.6572732152442298,43.183038110574344,2.7106816961889426,1.0265700483091786,2.0665593129361244,0.14090177133655393
124,11.560654857756306,22.21551261406334,15.566290928609769,1.6572732152442298,43.07568438003221,2.7106816961889426,1.0265700483091786,2.046430488459474,0.14090177133655393
125,11.855877616747183,22.134997316156735,15.53274288781535,1.6572732152442298,42.89452495974235,2.7106816961889426,1.0265700483091786,2.046430488459474,0.14090177133655393
126,12.077294685990339,22.108158883521202,15.418679549114332,1.6572732152442298,42.860976918947934,2.690552871712292,0.9997316156736447,2.046430488459474,0.14090177133655393
127,12.338969404186795,22.074610842726784,15.35829307568438,1.6371443907675791,42.72007514761138,2.690552871712292,0.9997316156736447,2.0397208803005906,0.14090177133655393
128,12.513419216317766,22.054482018250134,15.35829307568438,1.6371443907675791,42.599302200751474,2.690552871712292,0.9796027911969941,2.0263016639828235,0.14090177133655393
129,12.204777241009126,15.707192699946322,12.68786902844874,1.6103059581320451,52.603327965646805,2.5831991411701556,0.9796027911969941,1.482823403113258,0.14090177133655393
130,11.594202898550725,15.593129361245303,12.667740203972087,1.5767579173376274,44.39076757917338,11.574074074074074,0.9796027911969941,1.482823403113258,0.14090177133655393
131,11.929683306494901,15.344873859366613,12.647611379495437,1.5767579173376274,44.32367149758454,11.574074074074074,0.9796027911969941,1.482823403113258,0.14090177133655393
132,11.90955448201825,15.318035426731079,12.634192163177671,1.570048309178744,43.68625872249061,11.513687600644122,0.9796027911969941,2.24771873322598,0.14090177133655393
133,12.177938808373591,15.271068169618895,12.567096081588835,1.570048309178744,43.53193773483628,11.513687600644122,0.9796027911969941,2.24771873322598,0.14090177133655393
134,12.345679012345679,15.271068169618895,12.546967257112184,1.570048309178744,43.384326355340846,11.513687600644122,0.9796027911969941,2.24771873322598,0.14090177133655393
135,11.574074074074074,13.667471819645733,11.07085346215781,1.2144390767579174,48.7385936661299,10.889694041867955,0.6977992485238862,2.006172839506173,0.14090177133655393
136,11.98336017176597,13.580246913580247,11.064143853998926,1.2144390767579174,48.671497584541065,10.641438539989265,0.6977992485238862,2.006172839506173,0.14090177133655393
137,12.446323134728932,13.546698872785829,11.05072463768116,1.2144390767579174,48.19511540526033,10.61460010735373,0.785024154589372,2.006172839506173,0.14090177133655393
138,12.661030595813205,13.533279656468062,11.05072463768116,1.2144390767579174,47.90660225442834,10.61460010735373,0.8722490606548577,2.006172839506173,0.14090177133655393
139,11.265432098765432,9.31964573268921,9.916800858829845,1.5096618357487923,57.8569511540526,6.877348362855609,1.1272141706924315,1.9860440150295222,0.14090177133655393
140,11.627750939345143,9.212292002147075,9.91009125067096,1.5096618357487923,57.608695652173914,6.877348362855609,1.1272141706924315,1.9860440150295222,0.14090177133655393
141,11.439881910896403,8.695652173913043,11.030595813204508,1.4962426194310252,56.96457326892109,6.756575415995706,1.1272141706924315,2.3483628556092326,0.14090177133655393
142,11.533816425120772,8.682232957595277,11.017176596886742,1.4962426194310252,56.85050993022008,6.756575415995706,1.1741814278046163,2.3483628556092326,0.14090177133655393
143,11.735104669887278,8.675523349436393,11.017176596886742,1.4962426194310252,56.66935050993022,6.756575415995706,1.1741814278046163,2.3349436392914655,0.14090177133655393
144,11.976650563607086,8.61513687600644,11.017176596886742,1.4962426194310252,56.48819108964037,6.756575415995706,1.1741814278046163,2.3349436392914655,0.14090177133655393
145,12.00348899624262,8.608427267847558,10.856146001073537,1.8384326355340848,56.03193773483628,6.736446591519055,1.4492753623188406,2.3349436392914655,0.14090177133655393
146,12.31213097155126,8.601717659688674,10.768921095008052,1.8384326355340848,55.91787439613527,6.66935050993022,1.4492753623188406,2.301395598497048,0.14090177133655393
147,12.593934514224369,8.57487922705314,10.748792270531402,1.8384326355340848,55.73671497584541,6.615673644659152,1.4492753623188406,2.301395598497048,0.14090177133655393
148,12.74825550187869,8.57487922705314,10.715244229736983,1.8384326355340848,55.61594202898551,6.615673644659152,1.4492753623188406,2.301395598497048,0.14090177133655393
149,12.546967257112184,6.387546967257112,10.59447128287708,1.8384326355340848,58.23268921095008,6.508319914117015,1.4492753623188406,2.301395598497048,0.14090177133655393
150,12.989801395598498,6.387546967257112,10.48040794417606,1.8250134192163177,57.96430488459474,6.508319914117015,1.4492753623188406,2.254428341384863,0.14090177133655393
151,13.123993558776167,6.374127750939345,10.48040794417606,1.9994632313472893,57.84353193773484,6.333870101986044,1.4492753623188406,2.254428341384863,0.14090177133655393
152,13.271604938271604,6.374127750939345,10.48040794417606,1.9994632313472893,57.6959205582394,6.333870101986044,1.4492753623188406,2.254428341384863,0.14090177133655393
153,13.47289318303811,6.0654857756307035,10.433440687063875,2.341653247450349,56.78341384863124,6.3070316693505095,1.4358561460010735,3.0193236714975846,0.14090177133655393
154,13.674181427804616,6.0654857756307035,10.359634997316157,2.475845410628019,56.30703166935051,6.159420289855072,1.7981749865807837,3.0193236714975846,0.14090177133655393
155,13.667471819645733,6.018518518518518,10.789049919484702,2.5429414922168547,55.91116478797638,6.159420289855072,1.7981749865807837,2.9723564143853998,0.14090177133655393
156,13.848631239935587,5.984970477724101,10.57434245840043,2.5429414922168547,55.401234567901234,6.736446591519055,1.7981749865807837,2.9723564143853998,0.14090177133655393
157,14.204240472356414,5.984970477724101,10.534084809447128,2.5429414922168547,55.072463768115945,6.575415995705851,2.006172839506173,2.9388083735909825,0.14090177133655393
158,14.412238325281804,5.938003220611916,10.534084809447128,2.6502952227589907,54.7638217928073,6.360708534621578,1.9994632313472893,3.2004830917874396,0.14090177133655393
159,12.493290391841116,5.810520665593129,10.091250670960816,2.3349436392914655,60.15163714439077,4.944981213097155,1.9256575415995705,2.1068169618894257,0.14090177133655393
160,12.714707461084272,5.810520665593129,10.064412238325282,2.3349436392914655,59.99060654857756,4.911433172302737,1.9256575415995705,2.1068169618894257,0.14090177133655393
161,12.895866881374127,5.776972624798712,10.332796564680622,2.3349436392914655,59.6081588835212,4.911433172302737,1.892109500805153,2.1068169618894257,0.14090177133655393
162,13.103864734299517,5.770263016639828,10.326086956521738,2.3349436392914655,59.41358024691358,4.911433172302737,1.892109500805153,2.1068169618894257,0.14090177133655393
163,13.170960815888352,5.723295759527644,10.285829307568438,2.3349436392914655,58.55475040257649,4.911433172302737,1.8853998926462694,2.9924852388620504,0.14090177133655393
164,13.385668276972625,5.723295759527644,10.258990874932904,2.3349436392914655,58.40713902308105,4.891304347826087,1.8853998926462694,2.9723564143853998,0.14090177133655393
165,13.47289318303811,5.723295759527644,10.245571658615138,2.328234031132582,58.36688137412775,4.891304347826087,1.8853998926462694,2.945517981749866,0.14090177133655393
166,13.506441223832528,5.662909286097692,10.23215244229737,2.5429414922168547,58.19914117015566,4.891304347826087,1.8786902844873858,2.945517981749866,0.14090177133655393
167,13.58695652173913,5.642780461621041,10.23215244229737,2.5429414922168547,57.06521739130435,5.8239398819108965,2.01959205582394,2.945517981749866,0.14090177133655393
168,13.821792807300053,5.5756843800322065,10.23215244229737,2.5429414922168547,56.34728931830381,5.797101449275362,2.623456790123457,2.918679549114332,0.14090177133655393
169,14.002952227589908,5.475040257648954,12.828770799785293,2.5429414922168547,53.38835212023618,5.763553408480945,3.321256038647343,2.428878153515835,0.24825550187869028
170,13.996242619431026,4.985238862050457,12.493290391841116,2.844873859366613,52.99248523886205,6.347289318303811,3.3145464304884595,2.7777777777777777,0.24825550187869028
171,14.251207729468598,4.985238862050457,12.4597423510467,2.844873859366613,52.703972088030056,6.327160493827161,3.4017713365539453,2.7777777777777777,0.24825550187869028
172,14.2914653784219,4.938271604938271,12.439613526570048,2.771068169618894,52.442297369833604,6.830381105743425,3.260869565217391,2.7777777777777777,0.24825550187869028
173,14.53972088030059,4.938271604938271,12.385936661298981,2.737520128824477,52.220880300590444,6.816961889425658,3.374932903918411,2.737520128824477,0.24825550187869028
174,15.009393451422437,4.891304347826087,12.372517444981213,2.818035426731079,51.82501341921632,6.816961889425658,3.3413848631239937,2.677133655394525,0.24825550187869028
175,15.163714439076758,4.884594739667204,12.338969404186795,3.6231884057971016,50.93263553408481,6.816961889425658,3.3145464304884595,2.677133655394525,0.24825550187869028
176,15.378421900161031,4.884594739667204,12.338969404186795,3.6231884057971016,50.75147611379496,6.816961889425658,3.3145464304884595,2.677133655394525,0.2147074610842727
177,15.398550724637682,4.87788513150832,12.338969404186795,3.6231884057971016,50.10064412238325,7.454374664519592,3.3145464304884595,2.677133655394525,0.2147074610842727
178,15.573000536768653,4.87788513150832,12.198067632850242,3.5963499731615673,50.06038647342995,7.347020933977456,3.455448201825013,2.677133655394525,0.2147074610842727
179,15.96886741814278,4.87788513150832,12.198067632850242,3.5963499731615673,49.3491680085883,7.333601717659689,3.784219001610306,2.677133655394525,0.2147074610842727
180,15.666935050993022,4.804079441760601,13.137412775093935,4.736983360171766,47.96698872785829,7.253086419753086,3.69699409554482,2.563070316693505,0.17444981213097155
181,15.827965646806227,4.804079441760601,13.137412775093935,4.736983360171766,47.86634460547504,7.219538378958669,3.670155662909286,2.563070316693505,0.17444981213097155
182,16.23725174449812,4.797369833601718,13.123993558776167,4.736983360171766,47.49060654857756,7.206119162640902,3.670155662909286,2.563070316693505,0.17444981213097155
183,15.4723564143854,4.119699409554482,12.47987117552335,4.455179817498658,49.993290391841114,7.206119162640902,3.670155662909286,2.5496511003757383,0.05367686527106817
184,15.687063875469672,4.119699409554482,12.318840579710145,5.072463768115942,49.35587761674718,7.206119162640902,3.670155662909286,2.5161030595813205,0.05367686527106817
185,15.921900161030596,4.119699409554482,12.318840579710145,5.072463768115942,49.13446054750403,7.206119162640902,3.670155662909286,2.5026838432635534,0.05367686527106817
186,16.25738056897477,4.119699409554482,12.305421363392378,5.045625335480408,48.752012882447666,6.9243156199677935,3.361513687600644,3.180354267310789,0.05367686527106817
187,16.63311862587225,4.119699409554482,12.25174449812131,5.032206119162641,48.510466988727856,6.890767579173376,3.3279656468062266,3.180354267310789,0.05367686527106817
188,15.03623188405797,10.527375201288244,11.003757380568974,4.9718196457326895,45.9272678475577,6.146001073537305,3.1535158346752548,3.180354267310789,0.05367686527106817
189,15.170424047235642,10.520665593129362,10.976918947933441,4.9718196457326895,45.840042941492214,6.132581857219538,3.1535158346752548,3.180354267310789,0.05367686527106817
190,15.559581320450885,10.493827160493828,10.943370907139023,4.958400429414922,45.46430488459474,6.112453032742888,3.280998389694042,3.1333870101986045,0.05367686527106817
191,15.747450348899624,10.44015029522276,10.943370907139023,4.958400429414922,45.37707997852925,6.0654857756307035,3.280998389694042,3.1333870101986045,0.05367686527106817
192,16.358024691358025,10.433440687063875,10.916532474503489,4.944981213097155,45.05501878690284,6.005099302200751,3.099838969404187,3.1333870101986045,0.05367686527106817
193,16.666666666666668,10.426731078904991,10.836017176596886,4.931561996779388,44.89398819108964,5.958132045088567,3.099838969404187,3.1333870101986045,0.05367686527106817
194,16.955179817498657,10.426731078904991,10.82259796027912,4.810789049919484,44.50483091787439,5.958132045088567,3.33467525496511,3.1333870101986045,0.05367686527106817
195,16.908212560386474,10.413311862587225,10.72866344605475,5.508588298443371,44.07541599570585,5.9447128287707995,3.2340311325818574,3.1333870101986045,0.05367686527106817
196,16.941760601180892,10.413311862587225,10.72866344605475,5.508588298443371,44.04186795491143,5.9447128287707995,3.2340311325818574,3.1333870101986045,0.05367686527106817
197,17.45169082125604,10.245571658615138,10.628019323671497,5.508588298443371,43.853998926462694,5.931293612453032,3.207192699946323,3.1199677938808374,0.05367686527106817
198,17.53220611916264,10.245571658615138,10.50053676865271,5.495169082125604,43.71980676328502,5.931293612453032,3.421900161030596,3.1199677938808374,0.03354804079441761
199,17.559044551798173,10.21202361782072,10.413311862587225,5.441492216854535,43.384326355340846,5.931293612453032,3.6902844873859366,3.33467525496511,0.03354804079441761
200,17.364465915190554,10.19189479334407,10.399892646269459,5.555555555555555,43.05555555555556,6.561996779388084,3.502415458937198,3.33467525496511,0.03354804079441761
201,17.51207729468599,10.178475577026301,10.399892646269459,5.555555555555555,42.94820182501342,6.5485775630703165,3.502415458937198,3.321256038647343,0.03354804079441761
202,17.70665593129361,10.017444981213098,10.352925389157273,5.508588298443371,42.901234567901234,6.508319914117015,3.4957058507783145,3.475577026301664,0.03354804079441761
203,17.793880837359097,10.017444981213098,10.352925389157273,5.508588298443371,42.81400966183575,6.508319914117015,3.4957058507783145,3.475577026301664,0.03354804079441761
204,17.92807300053677,9.950348899624261,10.34621578099839,5.495169082125604,42.77375201288245,6.508319914117015,3.4957058507783145,3.4688674181427803,0.03354804079441761
205,18.08239398819109,9.856414385399892,10.326086956521738,5.495169082125604,42.73349436392915,6.508319914117015,3.4957058507783145,3.4688674181427803,0.03354804079441761
206,18.136070853462158,9.520933977455716,10.326086956521738,5.9447128287707995,42.66639828234031,6.474771873322598,3.4957058507783145,3.4017713365539453,0.03354804079441761
207,18.33064949006978,9.4873859366613,10.010735373054214,5.917874396135265,42.599302200751474,6.447933440687064,3.4957058507783145,3.4017713365539453,0.30864197530864196
208,18.49838969404187,9.46725711218465,9.957058507783145,5.917874396135265,42.51878690284487,6.4345142243692965,3.4957058507783145,3.4017713365539453,0.30864197530864196
209,18.9345142243693,9.46725711218465,9.957058507783145,5.8172302737520125,42.28395061728395,6.380837359098229,3.44873859366613,3.4017713365539453,0.30864197530864196
210,19.216317767042405,9.46725711218465,9.957058507783145,5.770263016639828,42.069243156199676,6.380837359098229,3.435319377348363,3.3950617283950617,0.30864197530864196
211,19.310252281266774,9.46725711218465,9.936929683306495,5.911164787976382,41.86795491143317,6.380837359098229,3.4286097691894795,3.3950617283950617,0.30193236714975846
212,18.364197530864196,9.46725711218465,8.420558239398819,4.488727858293076,47.517444981213096,5.649490069779925,2.885131508319914,3.1468062265163717,0.06038647342995169
213,18.38432635534085,9.46725711218465,8.420558239398819,4.488727858293076,47.497316156736446,5.649490069779925,2.885131508319914,3.1468062265163717,0.06038647342995169
214,18.5654857756307,9.426999463231347,8.400429414922169,4.448470209339774,47.45034889962426,5.649490069779925,2.8515834675254963,3.1468062265163717,0.06038647342995169
215,18.739935587761675,9.111647879763822,8.380300590445518,4.448470209339774,47.22222222222222,5.763553408480945,2.791196994095545,3.488996242619431,0.05367686527106817
216,18.69296833064949,9.111647879763822,8.199141170155663,4.448470209339774,46.85990338164251,6.414385399892646,2.771068169618894,3.44873859366613,0.05367686527106817
217,19.343800322061192,9.111647879763822,8.152173913043478,4.448470209339774,46.363392377885134,6.3070316693505095,2.771068169618894,3.44873859366613,0.05367686527106817
218,19.57192699946323,9.111647879763822,8.152173913043478,4.448470209339774,46.07487922705314,6.280193236714976,2.85829307568438,3.44873859366613,0.05367686527106817
219,19.685990338164252,9.111647879763822,8.152173913043478,4.448470209339774,45.96081588835212,6.280193236714976,2.85829307568438,3.44873859366613,0.05367686527106817
220,19.940955448201827,9.03113258185722,8.682232957595277,4.314278046162104,45.63204508856683,6.280193236714976,2.8515834675254963,3.2139023081052067,0.05367686527106817
221,20.33011272141707,9.03113258185722,8.635265700483092,4.314278046162104,45.3569511540526,6.273483628556092,2.8515834675254963,3.1535158346752548,0.05367686527106817
222,20.40391841116479,9.03113258185722,8.635265700483092,4.314278046162104,45.29656468062265,6.273483628556092,2.8381642512077296,3.1535158346752548,0.05367686527106817
223,20.457595276435857,9.03113258185722,8.621846484165324,4.314278046162104,45.1556629092861,6.273483628556092,2.9388083735909825,3.1535158346752548,0.05367686527106817
224,20.45088566827697,9.03113258185722,8.621846484165324,4.367954911433173,44.927536231884055,6.427804616210413,3.0730005367686526,3.046162104133119,0.05367686527106817
225,20.564949006977994,9.03113258185722,8.601717659688674,4.367954911433173,44.83360171765969,6.400966183574879,3.0730005367686526,3.0730005367686526,0.05367686527106817
226,20.8870101986044,8.923778851315083,8.581588835212024,4.341116478797638,44.77992485238862,6.374127750939345,3.0730005367686526,2.985775630703167,0.05367686527106817
227,20.987654320987655,8.910359634997317,8.581588835212024,4.341116478797638,44.7061191626409,6.360708534621578,3.0730005367686526,2.985775630703167,0.05367686527106817
228,21.430488459473967,8.870101986044014,8.581588835212024,4.280730005367687,44.41760601180891,6.3137412775093935,3.1468062265163717,2.9052603327965647,0.05367686527106817
229,21.470746108427267,8.870101986044014,8.568169618894256,4.26731078904992,44.41760601180891,6.3137412775093935,3.1468062265163717,2.8918411164787976,0.05367686527106817
230,21.69887278582931,8.849973161567364,9.104938271604938,4.394793344068707,43.74664519592056,6.702898550724638,3.0193236714975846,2.428878153515835,0.05367686527106817
231,21.967257112184647,8.816425120772946,9.104938271604938,4.38137412775094,43.572195383789584,6.689479334406871,2.985775630703167,2.428878153515835,0.05367686527106817
232,22.134997316156735,8.80300590445518,9.104938271604938,4.320987654320987,43.344068706387546,6.823671497584541,2.985775630703167,2.428878153515835,0.05367686527106817
233,22.168545356951153,8.776167471819646,9.125067096081589,4.5960815888352125,43.062265163714436,6.823671497584541,2.985775630703167,2.408749329039184,0.05367686527106817
234,20.92055823939882,8.662104133118627,8.185721953837897,5.146269457863661,44.41089640365003,7.6623725174449815,2.61003757380569,2.3483628556092326,0.05367686527106817
235,21.081588835212024,8.608427267847558,8.158883521202362,5.146269457863661,44.236446591519055,7.64224369296833,2.61003757380569,2.462426194310252,0.05367686527106817
236,21.235909822866343,8.588298443370908,8.085077831454644,5.146269457863661,44.176060118089104,7.64224369296833,2.61003757380569,2.462426194310252,0.05367686527106817
237,20.819914117015568,8.548040794417606,9.802737520128824,5.139559849704777,43.16961889425657,7.64224369296833,2.5966183574879227,2.227589908749329,0.05367686527106817
238,20.779656468062264,8.427267847557703,9.628287707997853,5.10601180891036,43.43800322061192,7.62211486849168,2.7241009125067097,2.2208803005904456,0.05367686527106817
239,20.90042941492217,8.413848631239935,9.601449275362318,5.10601180891036,43.27697262479871,7.601986044015029,2.8247450348899625,2.2208803005904456,0.05367686527106817
240,21.021202361782073,8.413848631239935,9.601449275362318,5.10601180891036,43.16961889425657,7.588566827697263,2.8247450348899625,2.2208803005904456,0.05367686527106817
241,21.215780998389693,8.413848631239935,9.567901234567902,5.10601180891036,43.01529790660226,7.581857219538379,2.8247450348899625,2.2208803005904456,0.05367686527106817
242,21.202361782071925,8.413848631239935,9.41358024691358,5.10601180891036,42.55904455179817,7.581857219538379,2.9790660225442833,2.690552871712292,0.05367686527106817
243,21.524422973698336,8.413848631239935,9.312936124530328,5.0791733762748255,42.40472356414385,7.581857219538379,2.9723564143853998,2.657004830917874,0.05367686527106817
244,21.73913043478261,8.360171765968868,9.312936124530328,5.0791733762748255,42.190016103059584,7.494632313472893,3.113258185721954,2.657004830917874,0.05367686527106817
245,21.833064949006978,8.360171765968868,9.312936124530328,5.2066559312936125,42.028985507246375,7.48792270531401,3.0595813204508855,2.657004830917874,0.05367686527106817
246,21.900161030595815,8.272946859903382,9.312936124530328,5.300590445517981,41.95517981749866,7.48792270531401,3.0595813204508855,2.657004830917874,0.05367686527106817
247,22.10144927536232,8.179012345679013,9.232420826623725,5.300590445517981,41.86795491143317,7.461084272678476,3.046162104133119,2.757648953301127,0.05367686527106817
248,21.034621578099838,7.9039184111647875,8.756038647342995,5.4549114331723025,44.524959742351044,7.212828770799785,2.536231884057971,2.522812667740204,0.05367686527106817
249,21.095008051529792,7.9039184111647875,8.749329039184111,5.4549114331723025,44.477992485238865,7.212828770799785,2.5295222758990876,2.522812667740204,0.05367686527106817
250,21.28287707997853,7.843531937734836,8.749329039184111,5.434782608695652,44.37063875469673,7.212828770799785,2.5295222758990876,2.522812667740204,0.05367686527106817
251,21.571390230810522,7.843531937734836,8.709071390230811,5.387815351583468,44.176060118089104,7.212828770799785,2.5295222758990876,2.5161030595813205,0.05367686527106817
