,45,50,51,53,54,57,52,55,59,56,58
0,88.41250670960815,11.58749329039184,,,,,,,,,
1,82.57514761137949,17.424852388620504,,,,,,,,,
2,80.42136339237788,10.473698336017177,9.104938271604938,,,,,,,,
3,70.93397745571659,19.97450348899624,9.091519055287172,,,,,,,,
4,68.74664519592056,22.188674181427803,9.064680622651638,,,,,,,,
5,67.88110574342458,20.645464304884594,7.25979602791197,2.898550724637681,1.3150831991411702,,,,,,
6,67.73349436392914,20.873590982286636,7.192699946323135,2.8784219001610305,1.221148684916801,0.10064412238325282,,,,,
7,64.92887815351584,22.933440687063875,6.139291465378422,2.6033279656468062,1.221148684916801,0.10064412238325282,2.073268921095008,,,,
8,64.63365539452496,22.054482018250134,4.213633923778851,2.6033279656468062,1.1272141706924315,0.10064412238325282,5.132850241545894,0.13419216317767044,,,
9,58.82984433709071,27.77777777777778,4.213633923778851,2.6033279656468062,1.1272141706924315,0.10064412238325282,5.152979066022544,0.19457863660762212,,,
10,56.84380032206119,25.462962962962962,8.53462157809984,2.6033279656468062,1.1272141706924315,0.10064412238325282,5.132850241545894,0.19457863660762212,,,
11,53.30112721417069,29.334406870638755,8.252818035426731,2.6033279656468062,1.1272141706924315,0.10064412238325282,4.757112184648417,0.5233494363929146,,,
12,53.20048309178744,29.51556629092861,8.252818035426731,2.6033279656468062,1.0601180891035964,0.10064412238325282,4.74369296833065,0.5233494363929146,,,
13,52.945517981749866,29.20692431561997,8.21256038647343,2.6033279656468062,1.0064412238325282,0.06709608158883522,4.730273752012883,1.1674718196457328,0.06038647342995169,,
14,53.00590445517982,29.146537842190018,8.21256038647343,2.6033279656468062,1.0064412238325282,0.06709608158883522,4.730273752012883,1.1674718196457328,0.06038647342995169,,
15,52.871712292002144,29.26731078904992,8.152173913043478,2.6033279656468062,1.0064412238325282,0.06709608158883522,4.804079441760601,1.1674718196457328,0.06038647342995169,,
16,49.89264626945786,28.29441760601181,8.353462157809984,2.5966183574879227,1.0064412238325282,0.06709608158883522,8.561460010735374,1.1674718196457328,0.06038647342995169,,
17,47.83279656468062,27.737520128824478,8.232689210950081,2.5966183574879227,1.0064412238325282,0.06709608158883522,11.446591519055287,1.0198604401502953,0.06038647342995169,,
18,42.77375201288245,32.9374664519592,8.172302737520129,2.7442297369833604,1.0064412238325282,0.14090177133655393,11.084272678475577,1.0198604401502953,0.06038647342995169,0.06038647342995169,
19,43.11594202898551,32.669082125603865,8.145464304884594,2.7308105206655933,1.0064412238325282,0.14090177133655393,11.05072463768116,1.0198604401502953,0.06038647342995169,0.06038647342995169,
20,42.24369296833065,33.272946859903385,8.132045088566828,2.7308105206655933,1.261406333870102,0.14090177133655393,10.970209339774557,1.0198604401502953,0.06038647342995169,0.16774020397208803,
21,41.6532474503489,32.628824476650564,15.479066022544284,0.2147074610842727,0.2549651100375738,0.07380568974771873,8.628556092324208,0.9192163177670424,,0.14761137949543746,
22,41.418411164787976,32.588566827697264,15.465646806226516,0.2147074610842727,0.48980139559849706,0.07380568974771873,8.628556092324208,0.9728931830381106,,0.14761137949543746,
23,39.84836285560923,34.19887278582931,15.33816425120773,0.2147074610842727,0.48980139559849706,0.07380568974771873,8.57487922705314,0.9728931830381106,,0.2885131508319914,
24,38.61379495437466,35.04428341384863,15.505904455179817,0.2147074610842727,0.48980139559849706,0.07380568974771873,8.53462157809984,1.2412775093934514,,0.28180354267310787,
25,38.12399355877617,34.836285560923244,13.915727321524423,0.18115942028985507,0.48980139559849706,0.07380568974771873,10.950080515297907,1.1473429951690821,,0.28180354267310787,
26,37.9092860976919,34.648416532474506,13.902308105206655,0.4562533548040794,0.48980139559849706,0.07380568974771873,10.909822866344605,1.328502415458937,,0.28180354267310787,
27,38.077026301663984,34.13177670424047,13.6406333870102,0.4562533548040794,0.644122383252818,0.07380568974771873,10.909822866344605,1.583467525496511,,0.4830917874396135,
28,38.13070316693505,34.17203435319377,13.6406333870102,0.4562533548040794,0.644122383252818,0.07380568974771873,10.896403650026839,1.5029522275899088,,0.4830917874396135,
29,29.1935050993022,43.927804616210416,12.902576489533011,0.30193236714975846,0.644122383252818,0.07380568974771873,10.815888352120236,1.6572732152442298,,0.4830917874396135,
30,28.85131508319914,43.183038110574344,13.788244766505636,0.30193236714975846,0.6172839506172839,0.07380568974771873,10.789049919484702,1.9122383252818036,,0.4830917874396135,
31,27.84487385936661,38.05018786902845,13.539989264626946,3.9452495974235107,0.38915727321524424,0.07380568974771873,13.654052603327965,2.0263016639828235,,0.47638217928073,
32,27.4020397208803,35.0979602791197,15.975577026301664,3.9452495974235107,0.38915727321524424,0.07380568974771873,13.33870101986044,3.1602254428341383,,0.6172839506172839,
33,27.28797638217928,34.12506709608159,15.573000536768653,3.7573805689747717,1.2077294685990339,0.07380568974771873,13.331991411701557,3.6768652710681695,,0.9259259259259259,0.040257648953301126
34,27.079978529253893,34.19887278582931,15.49248523886205,3.864734299516908,1.3486312399355878,0.07380568974771873,13.285024154589372,3.7037037037037037,,0.9125067096081588,0.040257648953301126
35,27.26113794954375,34.0378421900161,15.5126140633387,3.8043478260869565,1.442565754159957,0.026838432635534086,12.889157273215245,3.7640901771336552,,1.221148684916801,0.040257648953301126
36,27.30810520665593,33.8768115942029,15.237520128824476,3.8043478260869565,1.442565754159957,0.026838432635534086,12.882447665056361,3.8848631239935587,,1.4962426194310252,0.040257648953301126
37,27.167203435319376,34.01771336553945,15.002683843263553,3.730542136339238,1.42914653784219,0.026838432635534086,12.93612453032743,3.8848631239935587,,1.8048845947396672,
38,25.946054750402578,35.31266774020397,14.97584541062802,3.7037037037037037,1.4224369296833066,0.1274825550187869,12.835480407944177,3.8714439076757916,,1.8048845947396672,
39,25.241545893719806,36.030595813204506,14.593397745571659,3.6768652710681695,1.5365002683843263,0.1274825550187869,12.76838432635534,3.978797638217928,,2.046430488459474,
40,23.047504025764894,37.184648416532475,14.2914653784219,3.9184111647879765,2.5295222758990876,0.1274825550187869,12.694578636607622,4.159957058507783,,2.046430488459474,
41,20.497852925389157,30.52200751476114,15.365002683843263,2.167203435319377,2.4154589371980677,0.1274825550187869,23.020665593129362,4.086151368760064,,1.7981749865807837,
42,20.46430488459474,30.327428878153516,15.505904455179817,2.15378421900161,2.4154589371980677,0.1274825550187869,22.926731078904993,4.05931293612453,,2.01959205582394,
43,21.034621578099838,29.931561996779386,14.660493827160494,2.100107353730542,2.7106816961889426,0.23483628556092323,22.6784755770263,4.8376274825550185,,1.8115942028985508,
44,20.799785292538918,28.918411164787976,14.298174986580785,5.750134192163178,2.771068169618894,0.2683843263553409,20.303274288781534,4.830917874396135,,2.059849704777241,
45,20.679012345679013,28.817767042404725,14.17740203972088,5.790391841116479,2.7106816961889426,0.2683843263553409,20.40391841116479,4.797369833601718,,2.3550724637681157,
46,18.592324208266238,30.575684380032207,14.40552871712292,5.179817498658078,2.7106816961889426,0.2683843263553409,20.893719806763286,5.018786902844874,,2.3550724637681157,
47,17.478529253891573,29.22705314009662,17.746913580246915,5.065754159957058,2.7979066022544283,0.2683843263553409,19.94766505636071,4.911433172302737,,2.5563607085346214,
48,17.67981749865808,29.1129898013956,17.907944176060116,5.045625335480408,2.623456790123457,0.2683843263553409,19.847020933977454,4.9718196457326895,,2.5429414922168547,
49,17.330917874396135,27.30810520665593,19.867149758454108,4.99194847020934,2.6972624798711755,0.2683843263553409,19.766505636070853,5.146269457863661,,2.623456790123457,
50,16.680085882984432,25.831991411701555,20.41062801932367,4.683306494900698,2.818035426731079,0.2683843263553409,21.316425120772948,5.3274288781535155,0.06038647342995169,2.6033279656468062,
51,15.794417606011809,23.544015029522274,23.047504025764894,4.669887278582931,3.4017713365539453,0.23483628556092323,21.195652173913043,5.394524959742351,0.06038647342995169,2.657004830917874,
52,15.94873859366613,23.32259796027912,22.933440687063875,4.777241009125067,3.0394524959742353,0.23483628556092323,21.121846484165324,5.924584004294149,0.06038647342995169,2.636876006441224,
53,15.98899624261943,23.262211486849168,22.725442834138487,4.388083735909823,2.8918411164787976,0.23483628556092323,21.732420826623724,5.984970477724101,0.06038647342995169,2.7308105206655933,
54,16.23725174449812,23.161567364465917,22.65834675254965,4.3545356951154055,2.871712292002147,0.23483628556092323,21.786097691894792,5.904455179817498,0.06038647342995169,2.7308105206655933,
55,16.61969940955448,22.96027911969941,22.611379495437465,4.334406870638754,2.871712292002147,0.20128824476650564,21.034621578099838,6.582125603864735,0.06038647342995169,2.7241009125067097,
56,16.78743961352657,22.510735373054214,20.90713902308105,4.99194847020934,2.8515834675254963,0.20128824476650564,22.685185185185187,6.608964036500268,0.06038647342995169,2.395330112721417,
57,16.418411164787976,22.839506172839506,20.833333333333332,4.985238862050457,3.1199677938808374,0.20128824476650564,22.537573805689746,6.608964036500268,0.06038647342995169,2.395330112721417,
58,14.358561460010735,22.50402576489533,25.95276435856146,5.065754159957058,2.85829307568438,0.20128824476650564,21.121846484165324,5.844068706387547,,2.0933977455716586,
59,14.472624798711756,22.10144927536232,25.946054750402578,5.072463768115942,2.8515834675254963,0.35560923242082665,20.8064949006978,6.239935587761675,,2.15378421900161,
60,14.74771873322598,21.880032206119164,25.811862587224905,5.065754159957058,2.8515834675254963,0.35560923242082665,20.699141170155663,6.099033816425121,,2.4892646269457863,
61,14.647074610842727,22.08132045088567,25.140901771336555,5.991680085882985,2.5697799248523885,0.5032206119162641,20.50456253354804,6.078904991948471,,2.4825550187869028,
62,13.036768652710682,15.599838969404187,34.245840042941495,5.535426731078905,2.3483628556092326,0.5434782608695652,22.41009125067096,3.9049919484702094,,2.3752012882447664,
63,13.003220611916264,15.365002683843263,33.16559312936125,5.508588298443371,2.3550724637681157,0.5300590445517982,23.939881910896403,3.7238325281803544,,2.408749329039184,
64,13.144122383252817,15.331454643048845,33.05823939881911,5.508588298443371,2.4020397208803006,0.5300590445517982,23.62453032742888,4.045893719806763,,2.3550724637681157,
65,13.264895330112722,15.271068169618895,32.74288781535159,5.381105743424584,2.5429414922168547,0.5300590445517982,23.61111111111111,4.314278046162104,,2.341653247450349,
66,11.647879763821793,22.859634997316157,29.918142780461622,5.360976918947934,2.2410091250670963,0.5904455179817498,22.34970477724101,2.871712292002147,,2.1604938271604937,
67,11.372785829307569,22.839506172839506,29.70343531937735,8.581588835212024,2.200751476113795,0.5904455179817498,19.766505636070853,3.126677402039721,,1.8183038110574343,
68,10.218733225979603,24.52361782071927,28.985507246376812,8.521202361782072,2.200751476113795,0.630703166935051,19.87385936661299,3.2340311325818574,,1.8115942028985508,
69,9.789318303811058,30.756843800322063,27.26113794954375,6.568706387546968,1.1137949543746646,0.6105743424584005,19.330381105743424,2.932098765432099,,1.6371443907675791,
70,9.923510466988727,28.837895866881375,27.167203435319376,6.810252281266774,1.1137949543746646,0.6105743424584005,19.16935050993022,4.730273752012883,,1.6371443907675791,
71,10.050993022007514,28.77079978529254,26.878690284487387,6.8035426731078905,1.1137949543746646,0.7179280730005367,18.914385399892645,5.005367686527107,,1.7444981213097155,
72,10.25228126677402,28.556092324208265,26.704240472356414,6.642512077294686,1.482823403113258,0.7045088566827697,18.793612453032743,5.119431025228127,,1.7444981213097155,
73,10.332796564680622,28.56280193236715,26.54320987654321,6.622383252818035,1.482823403113258,0.8185721953837896,18.61916264090177,5.119431025228127,,1.8988191089640365,
74,10.473698336017177,28.207192699946322,26.25469672571122,6.407675791733762,1.3486312399355878,0.7917337627482555,19.706119162640903,4.7168545356951155,,2.0933977455716586,
75,10.513955984970478,28.12667740203972,26.207729468599034,6.595544820182502,1.3217928073000538,0.8454106280193237,19.578636607622116,4.7168545356951155,,2.0933977455716586,
76,9.762479871175524,24.06736446591519,32.55501878690284,6.595544820182502,1.3419216317767042,0.8923778851315083,18.183038110574344,4.549114331723027,,2.0531400966183573,
77,9.836285560923242,24.16129898013956,32.400697799248526,6.588835212023618,1.4358561460010735,0.8923778851315083,18.095813204508858,4.549114331723027,,2.0397208803005906,
78,9.923510466988727,24.013687600644122,32.326892109500804,6.588835212023618,1.4358561460010735,0.8588298443370908,17.914653784219002,4.938271604938271,,1.9994632313472893,
79,10.037573805689748,23.980139559849704,32.326892109500804,6.501610305958132,1.4358561460010735,0.8588298443370908,17.8743961352657,4.931561996779388,,2.0531400966183573,
80,8.923778851315083,18.12265163714439,41.14331723027375,6.320450885668277,1.9457863660762211,0.8588298443370908,16.63311862587225,4.193505099302201,,1.8585614600107354,
81,9.138486312399356,17.673107890499196,41.08964036500269,6.286902844873859,1.9457863660762211,0.8588298443370908,16.61969940955448,4.53569511540526,,1.8518518518518519,
82,9.286097691894794,17.559044551798173,40.90177133655394,6.568706387546968,1.9457863660762211,0.8588298443370908,16.35131508319914,4.53569511540526,,1.9927536231884058,
83,9.326355340848094,17.53220611916264,40.15029522275899,6.501610305958132,3.307836822329576,0.7179280730005367,15.546162104133119,4.7101449275362315,,2.2074610842726785,
84,9.460547504025765,17.52549651100376,40.05636070853462,6.4345142243692965,3.3011272141706924,0.7179280730005367,15.53274288781535,4.7101449275362315,,2.2611379495437465,
85,9.588030059044552,17.277241009125067,39.761137949543745,7.232957595276436,3.166935050993022,0.8051529790660226,15.083199141170155,4.824208266237251,,2.2611379495437465,
86,8.997584541062801,15.861513687600644,39.69404186795491,7.6556629092860975,2.3215244229736984,0.8856682769726248,17.746913580246915,4.777241009125067,,2.059849704777241,
87,9.084809447128288,15.687063875469672,39.29817498658078,8.293075684380032,2.4020397208803006,0.8387010198604401,17.2638217928073,5.092592592592593,,2.0397208803005906,
88,9.245840042941492,15.653515834675256,39.22436929683307,8.272946859903382,2.4020397208803006,0.8387010198604401,17.257112184648417,5.065754159957058,,2.0397208803005906,
89,9.520933977455716,15.49248523886205,38.64734299516908,8.246108427267847,2.8784219001610305,0.9930220075147611,17.14975845410628,5.059044551798175,,2.0128824476650564,
90,8.957326892109501,12.385936661298981,38.14412238325282,8.152173913043478,2.8784219001610305,0.8856682769726248,22.10144927536232,4.4820182501341925,,2.0128824476650564,
91,8.984165324745035,12.31213097155126,37.92941492216855,8.239398819108963,3.126677402039721,0.9393451422436929,22.04777241009125,4.428341384863124,,1.9927536231884058,
92,9.198872785829307,12.13768115942029,37.62748255501879,8.205850778314547,3.126677402039721,1.0064412238325282,21.980676328502415,4.690016103059581,0.040257648953301126,1.9860440150295222,
93,9.541062801932368,12.030327428878154,37.31213097155126,8.165593129361245,3.126677402039721,1.0064412238325282,22.0276435856146,4.7638217928073,0.040257648953301126,1.9860440150295222,
94,9.829575952764358,12.010198604401502,36.922973698336016,8.165593129361245,3.126677402039721,1.0064412238325282,21.81964573268921,4.757112184648417,0.040257648953301126,2.3215244229736984,
95,9.930220075147611,11.60762211486849,36.35265700483092,8.340042941492216,3.126677402039721,1.0064412238325282,22.71202361782072,4.4753086419753085,0.040257648953301126,2.408749329039184,
96,8.749329039184111,8.695652173913043,44.35050993022008,6.769994632313473,4.012345679012346,0.785024154589372,20.44417606011809,3.81105743424584,0.040257648953301126,2.341653247450349,
97,9.01100375738057,8.695652173913043,43.96135265700483,6.769994632313473,4.012345679012346,0.785024154589372,20.44417606011809,3.9452495974235107,0.040257648953301126,2.3349436392914655,
98,9.265968867418144,8.61513687600644,43.65271068169619,6.615673644659152,4.253891572732153,1.0131508319914118,19.64573268921095,3.898282340311326,0.040257648953301126,2.999194847020934,
99,9.473966720343531,8.61513687600644,43.39103596349973,6.488191089640365,4.542404723564144,1.0466988727858293,19.256575415995705,3.8580246913580245,0.040257648953301126,3.2139023081052067,0.07380568974771873
100,9.453837895866881,8.521202361782072,40.01610305958132,9.306226516371444,4.64975845410628,1.0466988727858293,19.538378958668815,3.8580246913580245,0.040257648953301126,3.4957058507783145,0.07380568974771873
101,8.433977455716587,18.189747718733226,37.5805152979066,9.205582393988191,4.0995705850778315,0.9997316156736447,15.874932903918411,2.4892646269457863,,3.052871712292002,0.07380568974771873
102,8.541331186258722,18.00187869028449,37.486580783682236,8.28636607622115,3.421900161030596,0.8454106280193237,17.74020397208803,2.576489533011272,,3.026033279656468,0.07380568974771873
103,8.84326355340848,17.599302200751477,37.25845410628019,8.158883521202362,3.421900161030596,0.8454106280193237,17.652979066022546,3.0193236714975846,,3.026033279656468,0.17444981213097155
104,9.091519055287172,17.465110037573805,36.983360171765966,8.09849704777241,3.3950617283950617,0.8387010198604401,17.59259259259259,3.2675791733762747,,3.0931293612453032,0.17444981213097155
105,9.400161030595813,17.411433172302736,36.882716049382715,8.031400966183575,3.455448201825013,0.8387010198604401,17.458400429414922,3.2206119162640903,,3.0864197530864197,0.2147074610842727
106,9.420289855072463,17.122920021470748,36.13794954374664,8.400429414922169,4.05931293612453,0.8387010198604401,17.310789049919485,3.1736446591519054,,3.321256038647343,0.2147074610842727
107,9.64170692431562,17.11621041331186,35.581052066559316,8.36688137412775,4.05931293612453,0.8319914117015567,17.250402576489535,3.5426731078904994,,3.3950617283950617,0.2147074610842727
108,9.883252818035427,16.968599033816425,36.24530327428878,8.427267847557703,4.193505099302201,0.8185721953837896,16.646537842190018,3.374932903918411,,3.227321524422974,0.2147074610842727
109,9.359903381642512,16.364734299516908,36.9296833064949,8.333333333333334,3.844605475040258,0.8185721953837896,17.67981749865808,3.294417606011809,,3.1602254428341383,0.2147074610842727
110,9.634997316156737,16.358024691358025,36.882716049382715,8.3064949006978,3.8311862587224907,0.8185721953837896,17.438271604938272,3.374932903918411,,3.140096618357488,0.2147074610842727
111,9.916800858829845,16.25738056897477,35.98362855609233,8.05823939881911,3.8311862587224907,0.7917337627482555,17.70665593129361,3.878153515834675,,3.361513687600644,0.2147074610842727
112,10.265700483091788,16.170155662909288,34.735641438539986,8.011272141706923,4.045893719806763,0.7917337627482555,17.639559849704778,4.696725711218465,,3.4286097691894795,0.2147074610842727
113,10.587761674718196,16.14331723027375,34.272678475577024,7.944176060118089,4.045893719806763,0.7917337627482555,17.619431025228128,4.690016103059581,,3.6902844873859366,0.2147074610842727
114,9.380032206119163,15.183843263553408,44.07541599570585,7.098765432098766,2.885131508319914,0.6709608158883521,12.29200214707461,4.569243156199678,,3.629898013955985,0.2147074610842727
115,9.561191626409018,14.955716586151368,43.78019323671498,7.199409554482019,2.885131508319914,0.6709608158883521,12.714707461084272,4.522275899087493,,3.4957058507783145,0.2147074610842727
116,9.88996242619431,14.821524422973699,41.86124530327429,7.39398819108964,4.669887278582931,0.9192163177670424,11.990069779924852,4.522275899087493,,3.717122920021471,0.2147074610842727
117,10.071121846484166,14.781266774020397,41.67337627482555,7.39398819108964,4.616210413311863,0.9192163177670424,11.990069779924852,4.49543746645196,,3.844605475040258,0.2147074610842727
118,10.238862050456254,14.734299516908212,41.54589371980676,7.39398819108964,4.616210413311863,0.9192163177670424,11.855877616747183,4.4820182501341925,,3.9989264626945786,0.2147074610842727
119,10.258990874932904,14.55984970477724,41.26409017713365,7.360440150295223,4.985238862050457,0.9192163177670424,11.768652710681696,4.374664519592056,,4.294149221685454,0.2147074610842727
120,10.44015029522276,14.55984970477724,41.17015566290929,7.306763285024155,4.958400429414922,0.9192163177670424,11.761943102522812,4.374664519592056,,4.294149221685454,0.2147074610842727
121,10.715244229736983,14.38539989264627,41.08964036500269,7.306763285024155,4.924852388620504,0.9192163177670424,11.668008588298443,4.4820182501341925,,4.294149221685454,0.2147074610842727
122,10.93666129898014,14.36527106816962,40.955448201825014,7.306763285024155,4.924852388620504,0.9192163177670424,11.668008588298443,4.468599033816425,,4.240472356414386,0.2147074610842727
123,10.976918947933441,14.358561460010735,40.915190552871714,7.2933440687063875,4.924852388620504,0.9192163177670424,11.60762211486849,4.468599033816425,,4.320987654320987,0.2147074610842727
124,11.158078368223295,14.278046162104133,40.85480407944176,7.266505636070853,4.924852388620504,0.9192163177670424,11.60762211486849,4.468599033816425,,4.30756843800322,0.2147074610842727
125,11.486849168008588,14.278046162104133,40.666935050993025,7.226247987117552,5.12614063338701,0.798443370907139,11.43317230273752,4.461889425657541,,4.30756843800322,0.2147074610842727
126,11.54723564143854,14.27133655394525,40.53945249597424,7.192699946323135,5.12614063338701,0.8454106280193237,11.379495437466453,4.461889425657541,,4.42163177670424,0.2147074610842727
127,11.668008588298443,14.17740203972088,39.754428341384866,8.132045088566828,4.730273752012883,0.8454106280193237,11.332528180354267,4.5893719806763285,,4.5960815888352125,0.17444981213097155
128,11.466720343531938,14.13714439076758,39.57326892109501,9.29951690821256,4.924852388620504,0.49651100375738055,10.554213633923778,4.696725711218465,,4.676596886741814,0.17444981213097155
129,11.641170155662909,14.13714439076758,39.44578636607622,9.27938808373591,4.904723564143854,0.49651100375738055,10.554213633923778,4.690016103059581,,4.676596886741814,0.17444981213097155
130,11.79549114331723,13.493022007514762,39.36527106816962,9.23913043478261,4.904723564143854,0.5501878690284487,10.420021470746109,5.394524959742351,,4.663177670424047,0.17444981213097155
131,12.010198604401502,13.137412775093935,39.2914653784219,9.205582393988191,4.898013955984971,0.5501878690284487,10.399892646269459,5.683038110574342,,4.64975845410628,0.17444981213097155
132,12.332259796027913,13.077026301663983,38.888888888888886,9.205582393988191,4.891304347826087,0.5501878690284487,10.38647342995169,5.857487922705314,,4.636339237788513,0.17444981213097155
133,12.513419216317766,12.929414922168545,38.77482555018787,9.514224369296834,4.891304347826087,0.5501878690284487,10.077831454643048,5.978260869565218,,4.5960815888352125,0.17444981213097155
134,12.419484702093397,12.909286097691895,35.63472893183038,9.46725711218465,4.891304347826087,0.5501878690284487,13.83521202361782,5.9447128287707995,,4.17337627482555,0.17444981213097155
135,12.406065485775631,12.882447665056361,35.869565217391305,8.856682769726248,5.501878690284487,0.5501878690284487,13.627214170692431,5.9447128287707995,,4.186795491143317,0.17444981213097155
136,12.553676865271068,12.808641975308642,35.587761674718195,8.84326355340848,5.83064949006978,0.5233494363929146,13.506441223832528,6.005099302200751,,4.166666666666667,0.17444981213097155
137,12.057165861513688,12.654320987654321,37.0907139023081,8.722490606548577,5.884326355340848,0.5233494363929146,13.45276435856146,5.434782608695652,,4.005636070853462,0.17444981213097155
138,10.768921095008052,12.385936661298981,43.21658615136876,7.367149758454106,5.501878690284487,0.5233494363929146,10.72866344605475,5.501878690284487,,3.8311862587224907,0.17444981213097155
139,10.88298443370907,12.359098228663447,42.639559849704774,7.340311325818572,5.723295759527644,0.4495437466451959,10.554213633923778,5.750134192163178,,4.126409017713366,0.17444981213097155
140,10.876274825550189,12.345679012345679,41.00912506709608,7.326892109500805,5.723295759527644,0.4495437466451959,10.50053676865271,7.467793880837359,,4.126409017713366,0.17444981213097155
141,11.037305421363392,12.23161567364466,40.915190552871714,7.360440150295223,5.709876543209877,0.5971551261406334,10.319377348362856,7.5281803542673105,,4.126409017713366,0.17444981213097155
142,11.131239935587761,12.177938808373591,40.88835212023618,7.360440150295223,5.709876543209877,0.6843800322061192,10.238862050456254,7.50805152979066,,4.126409017713366,0.17444981213097155
143,11.399624261943103,11.996779388083736,40.29790660225443,7.320182501341922,6.132581857219538,0.6843800322061192,10.238862050456254,7.575147611379496,,4.180085882984434,0.17444981213097155
144,11.460010735373054,11.882716049382717,40.022812667740205,9.111647879763822,5.501878690284487,0.5837359098228664,9.722222222222221,7.360440150295223,,4.180085882984434,0.17444981213097155
145,11.674718196457327,11.654589371980677,39.962426194310254,8.984165324745035,5.837359098228664,0.5837359098228664,9.655126140633387,7.199409554482019,,4.274020397208803,0.17444981213097155
146,11.77536231884058,11.54723564143854,39.66720343531938,8.984165324745035,5.803811057434245,0.5770263016639828,9.655126140633387,7.568438003220612,,4.247181964573269,0.17444981213097155
147,11.842458400429415,11.54723564143854,39.14385399892646,8.970746108427267,5.763553408480945,0.5770263016639828,9.634997316156737,7.85024154589372,,4.49543746645196,0.17444981213097155
148,11.701556629092861,11.09098228663446,39.049919484702095,8.930488459473967,6.602254428341385,0.5770263016639828,9.614868491680086,7.836822329575953,,4.49543746645196,0.10064412238325282
149,11.540526033279656,10.997047772410092,38.71443907675792,9.084809447128288,6.535158346752549,0.5770263016639828,10.198604401502953,7.716049382716049,,4.53569511540526,0.10064412238325282
150,11.574074074074074,10.86285560923242,38.35882984433709,8.789586688137414,6.8035426731078905,0.7917337627482555,10.292538915727322,7.7898550724637685,,4.636339237788513,0.10064412238325282
151,11.802200751476114,10.82259796027912,38.09044551798175,8.856682769726248,6.810252281266774,0.7917337627482555,10.292538915727322,7.930756843800322,,4.502147074610843,0.10064412238325282
152,11.81561996779388,10.668276972624799,37.526838432635536,8.856682769726248,7.367149758454106,0.7917337627482555,10.319377348362856,8.145464304884594,,4.408212560386473,0.10064412238325282
153,12.211486849168008,10.648148148148149,37.31213097155126,8.789586688137414,7.367149758454106,0.7917337627482555,10.279119699409554,8.091787439613526,,4.408212560386473,0.10064412238325282
154,12.385936661298981,10.59447128287708,37.05716586151369,8.709071390230811,7.353730542136339,0.7917337627482555,10.272410091250672,8.380300590445518,,4.3545356951154055,0.10064412238325282
155,11.802200751476114,10.21202361782072,34.11835748792271,8.521202361782072,6.246645195920558,0.7917337627482555,13.157541599570585,8.051529790660226,,6.998121309715513,0.10064412238325282
156,12.050456253354804,10.205314009661835,34.09151905528717,8.487654320987655,6.246645195920558,0.7917337627482555,13.103864734299517,7.937466451959206,,6.984702093397746,0.10064412238325282
157,12.298711755233494,10.165056360708535,33.85668276972625,8.487654320987655,6.246645195920558,0.7917337627482555,13.103864734299517,7.7898550724637685,,7.159151905528717,0.10064412238325282
158,11.768652710681696,9.769189479334408,32.90391841116479,8.293075684380032,6.749865807836822,0.7917337627482555,13.560118089103597,8.82313472893183,,7.239667203435319,0.10064412238325282
159,11.714975845410628,9.480676328502415,31.82367149758454,9.46725711218465,6.9243156199677935,0.7917337627482555,13.533279656468062,8.93719806763285,,7.226247987117552,0.10064412238325282
160,11.708266237251744,9.252549651100376,31.09903381642512,9.574610842726784,7.306763285024155,0.7917337627482555,14.298174986580785,8.527911969940956,,7.340311325818572,0.10064412238325282
161,12.124261943102523,9.145195920558239,30.971551261406333,9.50751476113795,7.306763285024155,0.7917337627482555,14.224369296833064,8.55475040257649,,7.273215244229737,0.10064412238325282
162,12.352388620504563,9.044551798174986,30.931293612453032,9.312936124530328,7.548309178743962,0.9125067096081588,14.163982823403114,8.527911969940956,,7.105475040257649,0.10064412238325282
163,12.050456253354804,8.957326892109501,32.306763285024154,9.131776704240472,7.347020933977456,0.9125067096081588,13.546698872785829,8.521202361782072,,7.125603864734299,0.10064412238325282
164,12.104133118625873,8.957326892109501,31.910896403650028,9.044551798174986,7.501341921631776,0.9125067096081588,13.493022007514762,8.870101986044014,,7.105475040257649,0.10064412238325282
165,12.258454106280194,8.333333333333334,31.796833064949006,9.091519055287172,7.742887815351583,0.9125067096081588,13.358829844337091,9.386741814278047,,7.018250134192163,0.10064412238325282
166,12.379227053140097,8.299785292538916,31.769994632313473,9.091519055287172,7.742887815351583,0.9125067096081588,13.311862587224907,9.373322597960279,,7.018250134192163,0.10064412238325282
167,12.640901771336553,8.165593129361245,31.5955448201825,8.427267847557703,7.729468599033816,0.9125067096081588,13.251476113794954,9.272678475577026,,7.9039184111647875,0.10064412238325282
168,12.842190016103059,8.111916264090176,31.53515834675255,8.407139023081053,7.709339774557166,0.9125067096081588,13.291733762748256,9.16532474503489,,7.924047235641439,0.10064412238325282
169,12.822061191626409,8.085077831454644,31.944444444444443,8.55475040257649,8.474235104669887,1.0131508319914118,12.432903918411165,9.138486312399356,,7.434245840042942,0.10064412238325282
170,12.93612453032743,8.085077831454644,31.85721953837896,8.527911969940956,8.474235104669887,1.0131508319914118,12.432903918411165,9.138486312399356,,7.434245840042942,0.10064412238325282
171,13.385668276972625,8.071658615136876,31.736446591519055,8.454106280193237,8.259527643585615,0.9863123993558777,12.352388620504563,9.178743961352657,,7.474503488996243,0.10064412238325282
172,13.479602791196994,8.071658615136876,31.689479334406872,8.454106280193237,8.246108427267847,0.9863123993558777,12.352388620504563,9.145195920558239,,7.474503488996243,0.10064412238325282
173,13.6406333870102,7.883789586688137,31.320450885668276,8.756038647342995,8.239398819108963,0.9863123993558777,12.04374664519592,9.245840042941492,,7.7831454643048845,0.10064412238325282
174,13.774825550187868,7.863660762211487,30.703166935050994,8.756038647342995,9.346484165324744,0.9863123993558777,11.574074074074074,9.172034353193773,,7.722758990874933,0.10064412238325282
175,13.848631239935587,7.669082125603865,30.495169082125603,8.903650026838433,9.39345142243693,0.966183574879227,11.500268384326356,9.460547504025765,,7.6623725174449815,0.10064412238325282
176,14.224369296833064,7.6556629092860975,30.139559849704778,8.876811594202898,9.4873859366613,0.95276435856146,11.439881910896403,9.54777241009125,,7.575147611379496,0.10064412238325282
177,14.351851851851851,7.601986044015029,29.750402576489535,8.82313472893183,9.4873859366613,0.95276435856146,11.265432098765432,10.091250670960816,,7.575147611379496,0.10064412238325282
178,14.63365539452496,7.561728395061729,29.56924315619968,8.776167471819646,9.561191626409018,0.95276435856146,11.258722490606548,10.057702630166398,,7.5281803542673105,0.10064412238325282
179,14.687332259796028,7.561728395061729,29.542404723564143,8.776167471819646,9.561191626409018,0.95276435856146,11.258722490606548,10.044283413848632,,7.514761137949543,0.10064412238325282
180,14.848362855609233,7.561728395061729,28.92512077294686,9.272678475577026,9.232420826623725,0.95276435856146,11.285560923242082,10.305958132045088,,7.514761137949543,0.10064412238325282
181,15.076489533011273,7.541599570585078,28.710413311862588,9.272678475577026,9.440418679549115,0.95276435856146,11.272141706924316,10.225442834138486,,7.407407407407407,0.10064412238325282
182,15.170424047235642,7.454374664519592,28.26086956521739,9.25925925925926,9.594739667203436,0.95276435856146,11.225174449812132,10.185185185185185,,7.796564680622652,0.10064412238325282
183,15.250939345142244,7.454374664519592,28.026033279656467,9.339774557165862,9.762479871175524,0.95276435856146,11.104401502952227,10.312667740203972,,7.695920558239399,0.10064412238325282
184,15.28448738593666,7.407407407407407,27.965646806226516,9.339774557165862,9.111647879763822,0.95276435856146,11.90955448201825,10.23215244229737,,7.695920558239399,0.10064412238325282
185,15.45222758990875,7.333601717659689,27.82474503488996,9.366612989801396,9.104938271604938,0.95276435856146,11.862587224906065,10.326086956521738,,7.675791733762749,0.10064412238325282
186,15.593129361245303,7.14573268921095,27.234299516908212,9.359903381642512,8.876811594202898,1.0466988727858293,12.345679012345679,10.641438539989265,,7.6556629092860975,0.10064412238325282
187,15.640096618357488,7.139023081052066,26.54320987654321,10.091250670960816,8.849973161567364,0.8990874932903918,12.345679012345679,10.916532474503489,,7.474503488996243,0.10064412238325282
188,15.83467525496511,7.105475040257649,26.536500268384327,10.064412238325282,8.68894256575416,0.8990874932903918,12.164519592055823,10.889694041867955,,7.716049382716049,0.10064412238325282
189,16.0426731078905,6.944444444444445,26.44927536231884,10.050993022007514,8.68894256575416,0.8990874932903918,12.144390767579173,11.010466988727858,,7.669082125603865,0.10064412238325282
190,16.009125067096083,6.501610305958132,26.154052603327965,11.124530327428879,8.387010198604402,0.8387010198604401,12.13768115942029,11.084272678475577,,7.6623725174449815,0.10064412238325282
191,16.129898013955984,6.461352657004831,25.905797101449274,11.077563070316694,8.387010198604402,0.8387010198604401,12.27187332259796,11.198336017176597,,7.628824476650563,0.10064412238325282
192,15.98899624261943,5.9514224369296835,25.738056897477186,11.023886205045626,9.681964573268921,0.9057971014492754,12.27187332259796,10.829307568438002,,7.50805152979066,0.10064412238325282
193,15.794417606011809,5.837359098228664,26.04669887278583,10.950080515297907,9.16532474503489,0.8923778851315083,12.164519592055823,11.41304347826087,,7.635534084809447,0.10064412238325282
194,15.83467525496511,5.837359098228664,26.04669887278583,10.950080515297907,9.138486312399356,0.8923778851315083,12.151100375738057,11.41304347826087,,7.635534084809447,0.10064412238325282
195,15.94873859366613,5.810520665593129,25.744766505636072,11.480139559849706,9.07139023081052,0.8856682769726248,12.104133118625873,11.272141706924316,,7.581857219538379,0.10064412238325282
196,16.002415458937197,5.810520665593129,25.691089640365004,11.446591519055287,9.178743961352657,0.8454106280193237,11.768652710681696,11.245303274288782,,7.9106280193236715,0.10064412238325282
197,16.13660762211487,5.810520665593129,25.315351583467525,11.43317230273752,9.41358024691358,0.95276435856146,11.486849168008588,11.634460547504025,,7.716049382716049,0.10064412238325282
198,16.284219001610307,5.770263016639828,25.281803542673106,11.480139559849706,9.373322597960279,0.95276435856146,11.480139559849706,11.674718196457327,,7.601986044015029,0.10064412238325282
199,16.364734299516908,5.770263016639828,25.067096081588836,11.406333870101985,9.420289855072463,0.95276435856146,11.460010735373054,11.654589371980677,,7.803274288781535,0.10064412238325282
200,16.532474503488995,5.770263016639828,24.825550187869027,11.33923778851315,9.386741814278047,0.95276435856146,11.439881910896403,11.842458400429415,,7.809983896940419,0.10064412238325282
201,16.566022544283413,5.595813204508857,24.610842726784757,11.312399355877616,9.232420826623725,1.288244766505636,11.43317230273752,12.06387546967257,,7.796564680622652,0.10064412238325282
202,16.61969940955448,5.5689747718733225,24.60413311862587,11.265432098765432,9.326355340848094,1.3150831991411702,11.386205045625335,12.016908212560386,,7.796564680622652,0.10064412238325282
203,16.666666666666668,5.562265163714439,24.530327428878152,11.171497584541063,9.29951690821256,1.3150831991411702,11.560654857756306,11.996779388083736,,7.796564680622652,0.10064412238325282
204,16.78743961352657,5.562265163714439,24.261943102522814,11.171497584541063,9.245840042941492,1.3150831991411702,11.560654857756306,12.245034889962426,,7.749597423510467,0.10064412238325282
205,16.961889425657542,5.555555555555555,24.208266237251745,11.16478797638218,9.185453569511541,1.3150831991411702,11.553945249597424,12.245034889962426,,7.709339774557166,0.10064412238325282
206,17.01556629092861,5.522007514761138,24.168008588298445,11.117820719269995,9.07139023081052,1.3150831991411702,11.553945249597424,12.31213097155126,,7.823403113258186,0.10064412238325282
207,17.176596886741816,5.522007514761138,23.919753086419753,11.017176596886742,9.03113258185722,1.3150831991411702,11.54723564143854,12.473161567364466,,7.9106280193236715,0.08722490606548577
208,17.156468062265162,5.501878690284487,24.27536231884058,10.903113258185721,9.151905528717123,1.2077294685990339,11.3593666129898,12.466451959205582,,7.890499194847021,0.08722490606548577
209,16.99543746645196,5.307300053676865,24.08078368223296,10.755501878690284,8.541331186258722,1.2077294685990339,12.486580783682234,12.661030595813205,,7.877079978529254,0.08722490606548577
210,17.371175523349436,5.280461621041331,23.8191089640365,10.755501878690284,8.420558239398819,1.3352120236178207,12.27187332259796,12.855609232420827,,7.803274288781535,0.08722490606548577
211,17.404723564143854,5.233494363929147,23.738593666129898,10.983628556092324,8.373590982286634,1.3352120236178207,12.25174449812131,12.801932367149758,,7.7898550724637685,0.08722490606548577
212,17.54562533548041,5.193236714975845,23.66478797638218,10.95679012345679,8.440687063875469,1.3352120236178207,12.224906065485776,12.795222758990874,,7.75630703166935,0.08722490606548577
213,17.713365539452496,5.193236714975845,23.617820719269993,10.909822866344605,8.420558239398819,1.3016639828234031,12.13768115942029,12.882447665056361,,7.7361782071927,0.08722490606548577
214,17.934782608695652,5.193236714975845,23.450080515297905,10.681696188942565,8.521202361782072,1.2949543746645196,12.070585077831455,12.875738056897477,,7.890499194847021,0.08722490606548577
215,18.203166935050994,5.166398282340311,23.409822866344605,10.547504025764896,8.494363929146537,1.1943102522812667,12.224906065485776,12.801932367149758,,7.87037037037037,0.08722490606548577
216,18.35077831454643,5.119431025228127,23.376274825550187,10.84272678475577,8.380300590445518,1.1943102522812667,12.198067632850242,12.600644122383253,,7.85024154589372,0.08722490606548577
217,18.57890499194847,5.119431025228127,23.262211486849168,10.84272678475577,8.380300590445518,1.1943102522812667,12.184648416532475,12.614063338701019,,7.7361782071927,0.08722490606548577
218,18.65271068169619,5.119431025228127,23.17498658078368,10.507246376811594,8.340042941492216,1.1808910359634996,12.567096081588835,12.567096081588835,,7.803274288781535,0.08722490606548577
219,18.84728931830381,5.119431025228127,22.906602254428343,10.433440687063875,8.3064949006978,1.1808910359634996,12.647611379495437,12.714707461084272,,7.75630703166935,0.08722490606548577
220,18.80703166935051,5.045625335480408,22.624798711755233,10.420021470746109,8.252818035426731,1.1808910359634996,12.52012882447665,13.331991411701557,,7.729468599033816,0.08722490606548577
