,45,50,55,51,54,56,52,53,57,59
0,99.11433172302738,0.8856682769726248,,,,,,,,
1,92.08266237251745,7.917337627482555,,,,,,,,
2,92.08937198067633,7.9106280193236715,,,,,,,,
3,74.58400429414922,25.41599570585078,,,,,,,,
4,57.024959742351044,42.975040257648956,,,,,,,,
5,57.10547504025765,42.76033279656468,0.13419216317767044,,,,,,,
6,53.207192699946326,45.54482018250134,0.20128824476650564,1.0466988727858293,,,,,,
7,44.63231347289318,41.096349973161566,0.20128824476650564,14.070048309178745,,,,,,
8,44.49141170155663,37.90257648953301,1.261406333870102,16.344605475040257,,,,,,
9,44.22302737520129,37.795222758990874,1.261406333870102,16.720343531937736,,,,,,
10,41.6129898013956,36.50697799248524,1.2278582930756843,20.30998389694042,0.3421900161030596,,,,,
11,41.317767042404725,36.71497584541063,1.2278582930756843,20.1959205582394,0.46296296296296297,0.08051529790660225,,,,
12,41.2842190016103,36.2385936661299,1.2278582930756843,17.74020397208803,0.46296296296296297,0.020128824476650563,1.415727321524423,1.6103059581320451,,
13,41.38486312399356,36.06414385399893,1.3888888888888888,17.652979066022546,0.46296296296296297,0.020128824476650563,1.415727321524423,1.6103059581320451,,
14,40.86151368760064,35.507246376811594,1.3754696725711217,17.59259259259259,0.46296296296296297,0.020128824476650563,1.415727321524423,2.7643585614600106,,
15,40.163714439076756,35.96349973161568,1.3754696725711217,17.57246376811594,0.7246376811594203,0.020128824476650563,1.415727321524423,2.7643585614600106,,
16,37.39264626945786,34.735641438539986,1.3754696725711217,21.571390230810522,0.7246376811594203,0.020128824476650563,1.415727321524423,2.7643585614600106,,
17,36.58749329039184,32.64224369296833,1.3754696725711217,25.301932367149757,0.5501878690284487,0.020128824476650563,0.7380568974771873,2.7844873859366612,,
18,36.50697799248524,29.7638217928073,1.288244766505636,25.241545893719806,0.5501878690284487,0.020128824476650563,0.7380568974771873,5.891035963499732,,
19,35.53408480944713,30.73671497584541,1.288244766505636,25.241545893719806,0.5501878690284487,0.020128824476650563,0.7380568974771873,5.891035963499732,,
20,35.73537305421363,30.54884594739667,1.3620504562533549,25.161030595813205,0.5501878690284487,0.020128824476650563,0.7313472893183038,5.891035963499732,,
21,35.89640365002684,31.085614600107355,1.3620504562533549,24.9194847020934,0.36231884057971014,0.020128824476650563,0.7179280730005367,5.636070853462158,,
22,32.91733762748255,33.4272678475577,1.42914653784219,25.503220611916262,0.35560923242082665,0.020128824476650563,0.7179280730005367,5.629361245303274,,
23,32.55501878690284,32.80327428878154,1.42914653784219,26.737788513150832,0.35560923242082665,0.1274825550187869,0.7179280730005367,5.273752012882448,,
24,31.246645195920557,35.809178743961354,0.9259259259259259,25.583735909822867,0.35560923242082665,0.1274825550187869,0.7179280730005367,5.233494363929147,,
25,31.266774020397207,35.68840579710145,0.9259259259259259,25.469672571121848,0.35560923242082665,0.1274825550187869,0.7179280730005367,5.448201825013419,,
26,26.42914653784219,31.179549114331724,1.7981749865807837,34.37332259796028,0.35560923242082665,0.1274825550187869,0.7179280730005367,5.018786902844874,,
27,25.0805152979066,32.789855072463766,2.01959205582394,33.60842726784756,0.35560923242082665,0.4092860976918948,0.7179280730005367,5.018786902844874,,
28,25.201288244766506,32.68250134192163,2.01959205582394,33.59500805152979,0.35560923242082665,0.4092860976918948,0.7179280730005367,5.018786902844874,,
29,25.241545893719806,32.64224369296833,2.01959205582394,33.59500805152979,0.35560923242082665,0.4092860976918948,0.7179280730005367,5.018786902844874,,
30,24.993290391841118,32.930756843800324,2.01959205582394,33.17230273752013,0.7917337627482555,0.4092860976918948,0.7179280730005367,4.9651100375738055,,
31,21.611647879763822,36.231884057971016,2.086688137412775,33.56816961889426,0.4092860976918948,0.4092860976918948,0.7179280730005367,4.9651100375738055,,
32,19.51825013419216,44.176060118089104,2.254428341384863,29.770531400966185,0.4092860976918948,0.28180354267310787,0.7179280730005367,2.871712292002147,,
33,19.605475040257648,43.994900697799245,2.3349436392914655,29.676596886741816,0.5166398282340311,0.28180354267310787,0.7179280730005367,2.871712292002147,,
34,19.384057971014492,40.385131508319915,2.3349436392914655,29.11969940955448,0.5166398282340311,0.28180354267310787,6.421095008051529,1.556629092860977,,
35,17.411433172302736,39.741009125067094,2.01959205582394,32.1658615136876,0.4025764895330113,0.28180354267310787,6.421095008051529,1.556629092860977,,
36,17.52549651100376,39.67391304347826,2.227589908749329,31.95115405260333,0.4025764895330113,0.28180354267310787,6.407675791733762,1.5297906602254427,,
37,17.55233494363929,39.59339774557166,2.227589908749329,30.434782608695652,0.4025764895330113,0.28180354267310787,6.407675791733762,3.099838969404187,,
38,17.659688674181428,36.94981213097155,2.918679549114332,32.27992485238862,0.4025764895330113,0.28180354267310787,6.407675791733762,3.099838969404187,,
39,17.85426731078905,36.822329575952764,3.099838969404187,32.1658615136876,0.4025764895330113,0.28180354267310787,6.407675791733762,2.965646806226516,,
40,17.773752012882447,35.33279656468062,3.4017713365539453,31.15271068169619,0.4025764895330113,0.28180354267310787,6.407675791733762,5.246913580246914,,
41,17.70665593129361,35.47369833601718,3.4017713365539453,31.092324208266238,0.4025764895330113,0.28180354267310787,6.407675791733762,5.233494363929147,,
42,17.787171229200215,35.43344068706388,3.4017713365539453,31.072195383789587,0.4025764895330113,0.28180354267310787,6.407675791733762,5.213365539452496,,
43,17.96833064949007,35.04428341384863,3.361513687600644,30.891035963499732,0.7112184648416533,0.28180354267310787,6.293612453032743,5.448201825013419,,
44,17.465110037573805,34.90338164251208,3.475577026301664,31.42109500805153,0.7112184648416533,0.28180354267310787,6.293612453032743,5.448201825013419,,
45,17.70665593129361,34.796027911969944,3.475577026301664,31.340579710144926,0.7112184648416533,0.28180354267310787,6.239935587761675,5.448201825013419,,
46,17.136339237788512,30.817230273752013,2.6033279656468062,37.0907139023081,0.7112184648416533,0.28180354267310787,5.931293612453032,5.428073000536768,,
47,17.156468062265162,30.756843800322063,2.9119699409554483,36.822329575952764,0.7112184648416533,0.28180354267310787,5.931293612453032,5.428073000536768,,
48,13.788244766505636,35.17176596886742,2.2342995169082127,37.47987117552335,0.7112184648416533,0.28180354267310787,5.065754159957058,5.267042404723564,,
49,14.002952227589908,34.80273752012882,2.475845410628019,37.42619431025228,0.7112184648416533,0.28180354267310787,5.065754159957058,5.233494363929147,,
50,9.339774557165862,46.2157809983897,2.2745571658615136,32.15915190552872,0.48980139559849706,0.28180354267310787,5.065754159957058,4.17337627482555,,
51,8.93719806763285,43.45142243692968,2.0263016639828235,32.57514761137949,1.7646269457863661,0.28180354267310787,6.964573268921095,3.9989264626945786,,
52,8.943907675791733,41.12989801395599,2.0665593129361244,40.042941492216855,0.43612453032742887,0.28180354267310787,4.180085882984434,2.918679549114332,,
53,5.984970477724101,35.20531400966183,1.7646269457863661,47.57783145464305,0.7783145464304885,1.583467525496511,4.435050993022007,2.6704240472356413,,
54,4.186795491143317,24.4699409554482,1.5297906602254427,60.279119699409556,0.7783145464304885,1.583467525496511,4.87788513150832,2.2946859903381642,,
55,4.106280193236715,22.24235104669887,3.1333870101986045,60.11808910359635,0.7783145464304885,1.583467525496511,4.461889425657541,3.5762211486849167,,
56,4.206924315619967,22.16183574879227,3.126677402039721,58.89694041867955,0.7783145464304885,1.6908212560386473,4.461889425657541,4.676596886741814,,
57,4.394793344068707,22.10144927536232,3.1199677938808374,56.447933440687066,1.90552871712292,1.6908212560386473,5.669618894256575,4.669887278582931,,
58,4.549114331723027,21.20907139023081,3.1199677938808374,56.34728931830381,1.90552871712292,1.6908212560386473,5.58239398819109,5.508588298443371,0.08722490606548577,
59,3.9452495974235107,21.155394524959743,3.2004830917874396,50.50322061191626,1.90552871712292,1.6908212560386473,12.02361782071927,5.488459473966721,0.08722490606548577,
60,3.9586688137412773,20.363660762211488,3.2004830917874396,42.94820182501342,1.5901771336553945,1.7847557702630166,20.263016639828233,5.803811057434245,0.08722490606548577,
61,3.683574879227053,18.21658615136876,1.5163714439076759,38.39237788513151,1.1540526033279657,1.6908212560386473,31.622383252818036,3.6366076221148687,0.08722490606548577,
62,3.7909286097691894,18.169618894256576,1.5163714439076759,38.34541062801932,1.1540526033279657,1.6908212560386473,31.608964036500268,3.6366076221148687,0.08722490606548577,
63,3.7909286097691894,14.754428341384862,3.569511540526033,37.546967257112186,1.4694041867954912,1.6908212560386473,31.602254428341386,5.488459473966721,0.08722490606548577,
64,3.9586688137412773,14.06333870101986,3.7238325281803544,36.292270531400966,1.5297906602254427,1.865271068169619,33.071658615136876,5.407944176060118,0.08722490606548577,
65,3.864734299516908,13.955984970477724,3.683574879227053,33.44068706387547,1.5297906602254427,1.865271068169619,36.41304347826087,5.159688674181428,0.08722490606548577,
66,4.0995705850778315,13.788244766505636,3.8311862587224907,33.17901234567901,1.5297906602254427,1.9860440150295222,36.25872249060655,5.159688674181428,0.16774020397208803,
67,4.247181964573269,13.546698872785829,3.9855072463768115,35.54079441760601,1.5297906602254427,1.865271068169619,33.97074610842727,5.146269457863661,0.16774020397208803,
68,3.6634460547504024,11.500268384326356,5.01207729468599,44.236446591519055,2.8113258185721954,1.5096618357487923,26.939076757917338,4.159957058507783,0.16774020397208803,
69,3.670155662909286,11.419753086419753,5.3274288781535155,42.49865807836822,2.8113258185721954,3.140096618357488,26.80488459473967,4.159957058507783,0.16774020397208803,
70,3.844605475040258,11.419753086419753,5.3274288781535155,42.41814278046162,2.8113258185721954,3.113258185721954,26.737788513150832,4.159957058507783,0.16774020397208803,
71,3.9519592055823938,11.419753086419753,5.173107890499195,42.32420826623725,2.49597423510467,3.2675791733762747,25.83870101986044,5.360976918947934,0.16774020397208803,
72,4.086151368760064,11.419753086419753,5.173107890499195,42.29736983360172,2.49597423510467,3.33467525496511,25.771604938271604,5.253623188405797,0.16774020397208803,
73,4.17337627482555,11.231884057971014,4.985238862050457,42.1027911969941,2.49597423510467,3.5091250670960816,25.234836285560924,6.099033816425121,0.16774020397208803,
74,4.408212560386473,11.231884057971014,4.944981213097155,41.968599033816425,2.49597423510467,3.5091250670960816,25.174449812130973,6.099033816425121,0.16774020397208803,
75,4.582662372517445,11.198336017176597,4.944981213097155,41.92163177670424,2.49597423510467,3.4621578099838968,25.140901771336555,6.085614600107354,0.16774020397208803,
76,4.636339237788513,11.171497584541063,4.944981213097155,41.40499194847021,2.49597423510467,4.019055287171229,25.07380568974772,6.085614600107354,0.16774020397208803,
77,4.502147074610843,11.158078368223295,4.851046698872786,41.4922168545357,2.462426194310252,3.421900161030596,26.100375738056897,5.844068706387547,0.16774020397208803,
78,4.62962962962963,11.137949543746645,4.851046698872786,41.30434782608695,2.462426194310252,3.629898013955985,26.006441223832528,5.810520665593129,0.16774020397208803,
79,4.797369833601718,11.077563070316694,4.985238862050457,41.176865271068166,2.442297369833602,3.616478797638218,25.946054750402578,5.790391841116479,0.16774020397208803,
80,4.64975845410628,10.86285560923242,4.978529253891573,43.525228126677405,2.2946859903381642,3.69699409554482,24.033816425120772,5.790391841116479,0.16774020397208803,
81,4.750402576489533,10.420021470746109,4.394793344068707,45.56494900697799,2.2946859903381642,3.9586688137412773,23.946591519055286,4.502147074610843,0.16774020397208803,
82,5.0993022007514766,10.406602254428341,4.367954911433173,45.229468599033815,2.2946859903381642,4.05931293612453,23.63123993558776,4.502147074610843,0.4092860976918948,
83,5.173107890499195,10.091250670960816,4.777241009125067,44.95437466451959,2.26784755770263,4.341116478797638,23.49033816425121,4.49543746645196,0.4092860976918948,
84,5.3341384863123995,10.077831454643048,4.884594739667204,44.7061191626409,2.26784755770263,4.341116478797638,23.483628556092324,4.49543746645196,0.4092860976918948,
85,5.173107890499195,8.494363929146537,4.562533548040794,44.16264090177134,1.932367149758454,4.159957058507783,27.120236178207193,3.81105743424584,0.5837359098228664,
86,5.0858829844337095,8.353462157809984,4.730273752012883,44.538378958668815,1.932367149758454,3.8915727321524423,27.079978529253893,3.8043478260869565,0.5837359098228664,
87,5.226784755770263,8.313204508856682,4.730273752012883,44.37063875469673,1.8853998926462694,3.9855072463768115,25.77831454643049,5.12614063338701,0.5837359098228664,
88,5.340848094471283,8.299785292538916,4.730273752012883,44.33038110574343,1.8853998926462694,3.9586688137412773,25.744766505636072,5.12614063338701,0.5837359098228664,
89,4.455179817498658,7.695920558239399,3.864734299516908,47.60466988727858,0.9930220075147611,3.421900161030596,27.710681696188942,3.670155662909286,0.5837359098228664,
90,4.468599033816425,7.682501341921632,3.8580246913580245,46.53113258185722,0.6843800322061192,3.6902844873859366,27.63016639828234,4.64975845410628,0.8051529790660226,
91,4.64975845410628,7.682501341921632,3.844605475040258,46.47074610842727,0.6843800322061192,3.683574879227053,27.583199141170155,4.622920021470746,0.7783145464304885,
92,4.066022544283414,6.910896403650026,4.05931293612453,48.772141706924316,0.5568974771873323,3.5963499731615673,26.724369296833064,4.575952764358561,0.7380568974771873,
93,4.005636070853462,6.910896403650026,4.045893719806763,47.517444981213096,0.5568974771873323,5.374396135265701,26.140633387010197,4.569243156199678,0.8789586688137413,
94,4.092860976918948,6.910896403650026,4.045893719806763,47.46376811594203,0.5568974771873323,5.374396135265701,26.113794954374665,4.562533548040794,0.8789586688137413,
95,4.200214707461084,6.910896403650026,4.045893719806763,47.416800858829845,0.5568974771873323,5.374396135265701,26.06682769726248,4.549114331723027,0.8789586688137413,
96,4.367954911433173,6.642512077294686,4.314278046162104,47.36312399355877,0.5568974771873323,5.374396135265701,25.95276435856146,4.549114331723027,0.8789586688137413,
97,4.5960815888352125,6.629092860976919,4.448470209339774,47.128287707997856,0.5568974771873323,5.374396135265701,25.791733762748255,4.502147074610843,0.9728931830381106,
98,4.891304347826087,6.515029522275899,4.394793344068707,47.08803005904455,0.5568974771873323,5.35426731078905,25.72463768115942,4.502147074610843,0.9728931830381106,
99,5.018786902844874,6.515029522275899,4.38137412775094,46.752549651100374,0.5568974771873323,5.83064949006978,25.49651100375738,4.4753086419753085,0.9728931830381106,
100,5.213365539452496,6.515029522275899,4.38137412775094,46.67203435319377,0.5568974771873323,5.803811057434245,25.42270531400966,4.461889425657541,0.9728931830381106,
101,5.3274288781535155,6.515029522275899,4.38137412775094,46.3768115942029,0.8387010198604401,6.038647342995169,25.15432098765432,4.394793344068707,0.9728931830381106,
102,5.528717122920021,6.488191089640365,4.38137412775094,46.303005904455176,0.8387010198604401,6.011808910359635,25.0805152979066,4.394793344068707,0.9728931830381106,
103,5.884326355340848,6.380837359098229,4.367954911433173,44.94095544820183,0.9863123993558777,6.179549114331723,25.0,5.287171229200215,0.9728931830381106,
104,6.005099302200751,6.380837359098229,4.341116478797638,43.73993558776167,0.9594739667203436,7.340311325818572,24.973161567364468,5.287171229200215,0.9728931830381106,
105,6.072195383789587,6.380837359098229,4.656468062265164,43.35748792270532,0.9594739667203436,7.514761137949543,24.825550187869027,5.287171229200215,0.9460547504025765,
106,6.146001073537305,5.9514224369296835,4.690016103059581,42.72678475577026,0.9594739667203436,7.447665056360709,24.671229200214707,6.461352657004831,0.9460547504025765,
107,6.468062265163715,5.924584004294149,4.602791196994096,42.572463768115945,0.9594739667203436,7.447665056360709,24.55716586151369,6.461352657004831,0.9460547504025765,0.06038647342995169
108,6.588835212023618,5.924584004294149,4.602791196994096,42.190016103059584,1.2748255501878691,7.722758990874933,24.228395061728396,6.461352657004831,0.9460547504025765,0.06038647342995169
109,6.66935050993022,5.844068706387547,4.830917874396135,42.0625335480408,1.2748255501878691,7.722758990874933,24.14787976382179,6.4412238325281805,0.9460547504025765,0.06038647342995169
110,6.830381105743425,5.844068706387547,4.817498658078368,41.98201825013419,1.2748255501878691,7.722758990874933,24.114331723027377,6.421095008051529,0.9326355340848095,0.06038647342995169
111,7.011540526033279,5.837359098228664,4.817498658078368,41.968599033816425,1.2748255501878691,7.1725711218464845,24.50348899624262,6.421095008051529,0.9326355340848095,0.06038647342995169
112,7.0383789586688135,5.837359098228664,4.851046698872786,41.8142780461621,1.0735373054213635,7.1725711218464845,24.798711755233494,6.421095008051529,0.9326355340848095,0.06038647342995169
113,7.27992485238862,5.837359098228664,5.018786902844874,41.76731078904992,1.0735373054213635,7.159151905528717,24.54374664519592,6.400966183574879,0.8588298443370908,0.06038647342995169
114,7.461084272678476,5.837359098228664,5.018786902844874,41.6129898013956,1.0601180891035964,7.206119162640902,24.496779388083738,6.387546967257112,0.8588298443370908,0.06038647342995169
115,7.548309178743962,5.810520665593129,5.018786902844874,41.19028448738594,1.0601180891035964,7.581857219538379,24.48336017176597,6.387546967257112,0.8588298443370908,0.06038647342995169
116,7.803274288781535,5.810520665593129,5.179817498658078,41.02925389157273,1.0601180891035964,7.823403113258186,24.00697799248524,6.367418142780462,0.8588298443370908,0.06038647342995169
117,7.843531937734836,5.71658615136876,5.052334943639291,40.53274288781535,1.0601180891035964,7.729468599033816,23.617820719269993,7.286634460547504,1.1003757380568975,0.06038647342995169
118,7.950885668276973,5.703166935050993,5.0858829844337095,40.4723564143854,1.0601180891035964,7.809983896940419,23.201825013419217,7.286634460547504,1.3687600644122384,0.06038647342995169
119,7.96430488459474,5.676328502415459,5.0858829844337095,40.31803542673108,1.0601180891035964,7.977724100912507,23.201825013419217,7.286634460547504,1.3687600644122384,0.06038647342995169
120,7.689210950080516,5.676328502415459,4.918142780461621,45.78636607622115,0.966183574879227,7.843531937734836,19.773215244229736,5.917874396135265,1.3687600644122384,0.06038647342995169
121,7.856951154052603,5.669618894256575,4.911433172302737,45.511272141706925,0.966183574879227,8.192431561996779,19.659151905528716,5.8172302737520125,1.3553408480944713,0.06038647342995169
122,7.521470746108427,5.669618894256575,4.911433172302737,47.63150831991412,0.966183574879227,6.629092860976919,19.632313472893184,5.622651637144391,1.3553408480944713,0.06038647342995169
123,7.521470746108427,5.669618894256575,4.911433172302737,47.46376811594203,0.966183574879227,6.830381105743425,19.612184648416534,5.609232420826624,1.3553408480944713,0.06038647342995169
124,7.763016639828234,5.669618894256575,4.898013955984971,47.22222222222222,0.966183574879227,6.884057971014493,19.57192699946323,5.609232420826624,1.3553408480944713,0.06038647342995169
125,7.944176060118089,5.669618894256575,5.025496511003757,45.65217391304348,0.966183574879227,6.810252281266774,20.913848631239937,5.60252281266774,1.3553408480944713,0.06038647342995169
126,8.205850778314547,5.347557702630167,4.884594739667204,45.29656468062265,0.966183574879227,6.957863660762212,20.7662372517445,6.1929683306494905,1.3217928073000538,0.06038647342995169
127,8.393719806763285,5.347557702630167,4.884594739667204,45.17579173376275,0.966183574879227,6.957863660762212,20.699141170155663,6.1929683306494905,1.3217928073000538,0.06038647342995169
128,8.454106280193237,5.287171229200215,5.018786902844874,44.77992485238862,1.1876006441223832,7.078636607622115,20.618625872249062,6.1929683306494905,1.3217928073000538,0.06038647342995169
129,6.119162640901771,17.08937198067633,2.5496511003757383,44.07541599570585,0.8387010198604401,6.219806763285024,17.894524959742352,3.9855072463768115,1.221148684916801,0.0067096081588835215
130,6.199677938808374,16.948470209339774,2.677133655394525,44.015029522275896,0.8387010198604401,6.219806763285024,17.887815351583466,3.9855072463768115,1.221148684916801,0.0067096081588835215
131,6.219806763285024,16.948470209339774,2.6704240472356413,44.00161030595813,0.8387010198604401,6.219806763285024,17.887815351583466,3.9855072463768115,1.221148684916801,0.0067096081588835215
132,6.360708534621578,16.586151368760063,3.1736446591519054,43.70638754696726,0.8387010198604401,5.884326355340848,18.55877616747182,3.9855072463768115,0.8990874932903918,0.0067096081588835215
133,6.286902844873859,15.28448738593666,3.166935050993022,43.57890499194847,1.9256575415995705,5.213365539452496,18.49838969404187,5.152979066022544,0.8856682769726248,0.0067096081588835215
134,6.273483628556092,15.190552871712292,3.1468062265163717,43.37090713902308,2.4154589371980677,5.314009661835748,18.243424584004295,5.152979066022544,0.8856682769726248,0.0067096081588835215
135,6.414385399892646,15.13016639828234,3.2474503488996245,43.243424584004295,2.4154589371980677,5.260332796564681,18.243424584004295,5.152979066022544,0.8856682769726248,0.0067096081588835215
136,6.535158346752549,15.13016639828234,3.2474503488996245,42.901234567901234,2.4154589371980677,5.515297906602254,18.243424584004295,5.152979066022544,0.8521202361782072,0.0067096081588835215
137,6.629092860976919,15.08990874932904,3.2474503488996245,42.37788513150832,2.3886205045625335,5.307300053676865,18.243424584004295,5.857487922705314,0.8521202361782072,0.0067096081588835215
138,6.776704240472356,14.459205582393988,3.864734299516908,42.28395061728395,2.38191089640365,5.307300053676865,18.209876543209877,5.857487922705314,0.8521202361782072,0.0067096081588835215
139,6.66935050993022,13.157541599570585,3.8378958668813743,42.88781535158347,2.3617820719269993,5.273752012882448,19.632313472893184,5.320719269994632,0.8521202361782072,0.0067096081588835215
140,7.03166935050993,13.157541599570585,3.8378958668813743,42.351046698872786,2.657004830917874,5.273752012882448,19.565217391304348,5.267042404723564,0.8521202361782072,0.0067096081588835215
141,7.018250134192163,13.144122383252817,3.824476650563607,41.277509393451425,3.8043478260869565,5.273752012882448,19.53166935050993,5.267042404723564,0.8521202361782072,0.0067096081588835215
142,7.212828770799785,13.130703166935051,3.7573805689747717,41.21041331186259,3.8043478260869565,5.381105743424584,19.39747718733226,5.246913580246914,0.8521202361782072,0.0067096081588835215
143,7.313472893183038,13.117283950617283,4.005636070853462,41.1231884057971,3.8043478260869565,5.381105743424584,19.14922168545357,5.246913580246914,0.8521202361782072,0.0067096081588835215
144,7.434245840042942,13.110574342458401,4.005636070853462,39.95571658615137,3.8043478260869565,5.293880837359098,19.068706387546968,6.468062265163715,0.8521202361782072,0.0067096081588835215
145,7.628824476650563,13.097155126140633,4.005636070853462,39.88191089640365,3.7775093934514223,5.253623188405797,19.028448738593667,6.468062265163715,0.8521202361782072,0.0067096081588835215
146,7.830112721417069,13.023349436392914,4.005636070853462,39.781266774020395,3.7775093934514223,5.233494363929147,19.028448738593667,6.468062265163715,0.8454106280193237,0.0067096081588835215
147,8.044820182501342,12.848899624261943,4.005636070853462,39.70746108427268,3.6231884057971016,5.233494363929147,18.98148148148148,6.394256575415996,1.1540526033279657,0.0067096081588835215
148,8.440687063875469,12.808641975308642,4.005636070853462,39.53301127214171,3.5829307568438002,5.233494363929147,18.840579710144926,6.394256575415996,1.1540526033279657,0.0067096081588835215
149,8.608427267847558,12.808641975308642,3.978797638217928,39.512882447665056,3.556092324208266,5.233494363929147,18.746645195920557,6.394256575415996,1.1540526033279657,0.0067096081588835215
150,8.776167471819646,12.808641975308642,3.978797638217928,39.432367149758456,3.5426731078904994,5.193236714975845,18.71309715512614,6.394256575415996,1.1540526033279657,0.0067096081588835215
151,9.05126140633387,12.795222758990874,3.9720880300590444,39.27133655394525,3.5426731078904994,5.166398282340311,18.65271068169619,6.387546967257112,1.1540526033279657,0.0067096081588835215
152,9.145195920558239,12.661030595813205,3.9452495974235107,38.34541062801932,3.911701556629093,5.387815351583468,19.162640901771336,6.374127750939345,1.0601180891035964,0.0067096081588835215
153,9.346484165324744,12.661030595813205,3.9452495974235107,38.26489533011272,4.193505099302201,5.367686527106817,19.108964036500268,6.078904991948471,1.0265700483091786,0.0067096081588835215
154,9.41358024691358,12.661030595813205,3.9452495974235107,38.258185721953836,4.166666666666667,5.367686527106817,19.108964036500268,6.045356951154052,1.0265700483091786,0.0067096081588835215
155,9.634997316156737,12.587224906065487,3.9452495974235107,38.20450885668277,4.166666666666667,5.3274288781535155,19.061996779388085,6.038647342995169,1.0265700483091786,0.0067096081588835215
156,9.742351046698873,12.560386473429952,3.938539989264627,38.056897477187334,4.38137412775094,5.273752012882448,19.061996779388085,5.9514224369296835,1.0265700483091786,0.0067096081588835215
157,9.125067096081589,12.560386473429952,3.784219001610306,32.648953301127214,4.367954911433173,4.891304347826087,26.496242619431026,5.193236714975845,0.9259259259259259,0.0067096081588835215
158,9.212292002147075,12.560386473429952,3.784219001610306,32.60198604401503,4.367954911433173,4.891304347826087,26.455984970477726,5.193236714975845,0.9259259259259259,0.0067096081588835215
159,9.655126140633387,12.27187332259796,3.7372517444981215,32.51476113794954,4.367954911433173,5.005367686527107,26.321792807300053,5.193236714975845,0.9259259259259259,0.0067096081588835215
160,9.849704777241008,12.204777241009126,3.92512077294686,32.25979602791197,4.367954911433173,4.9718196457326895,26.29495437466452,5.193236714975845,0.9259259259259259,0.0067096081588835215
161,9.88996242619431,12.204777241009126,3.92512077294686,32.2061191626409,4.327697262479871,4.9651100375738055,26.20101986044015,5.347557702630167,0.9259259259259259,0.0067096081588835215
162,9.930220075147611,12.191358024691358,3.92512077294686,31.93773483628556,4.327697262479871,5.4549114331723025,25.95276435856146,5.347557702630167,0.9259259259259259,0.0067096081588835215
163,10.00402576489533,12.177938808373591,3.92512077294686,31.91760601180891,4.327697262479871,5.441492216854535,25.925925925925927,5.347557702630167,0.9259259259259259,0.0067096081588835215
164,9.970477724100913,12.164519592055823,3.92512077294686,31.78341384863124,4.327697262479871,5.387815351583468,25.717928073000536,5.790391841116479,0.9259259259259259,0.0067096081588835215
165,9.990606548577563,12.164519592055823,4.012345679012346,31.45464304884595,4.327697262479871,5.629361245303274,25.697799248523886,5.790391841116479,0.9259259259259259,0.0067096081588835215
166,9.96376811594203,11.876006441223833,3.8848631239935587,31.17283950617284,4.294149221685454,5.622651637144391,26.422436929683307,5.763553408480945,0.9930220075147611,0.0067096081588835215
167,10.11808910359635,11.768652710681696,4.106280193236715,31.11916264090177,4.193505099302201,5.622651637144391,26.308373590982285,5.763553408480945,0.9930220075147611,0.0067096081588835215
168,10.393183038110575,11.768652710681696,4.079441760601181,30.938003220611915,4.193505099302201,5.776972624798712,26.133923778851315,5.750134192163178,0.9594739667203436,0.0067096081588835215
169,10.560923242082662,11.60762211486849,3.8915727321524423,30.770263016639827,4.817498658078368,5.763553408480945,25.87224906065486,5.750134192163178,0.9594739667203436,0.0067096081588835215
170,10.373054213633925,11.60762211486849,5.273752012882448,29.918142780461622,5.280461621041331,5.60252281266774,25.181159420289855,5.750134192163178,1.0064412238325282,0.0067096081588835215
171,9.88996242619431,11.037305421363392,5.018786902844874,28.133387010198604,4.616210413311863,5.253623188405797,29.320987654320987,5.71658615136876,1.0064412238325282,0.0067096081588835215
172,9.916800858829845,10.829307568438002,5.24020397208803,28.133387010198604,4.602791196994096,5.253623188405797,29.294149221685455,5.71658615136876,1.0064412238325282,0.0067096081588835215
173,9.96376811594203,10.7085346215781,5.186527106816962,27.932098765432098,4.770531400966184,5.01207729468599,29.844337090713903,5.709876543209877,0.8655394524959742,0.0067096081588835215
174,10.077831454643048,10.7085346215781,5.166398282340311,27.851583467525497,4.770531400966184,5.01207729468599,29.830917874396135,5.709876543209877,0.8655394524959742,0.0067096081588835215
175,10.165056360708535,10.581052066559312,5.488459473966721,27.569779924852387,4.730273752012883,5.0993022007514766,29.797369833601717,5.6964573268921095,0.8655394524959742,0.0067096081588835215
176,10.265700483091788,10.57434245840043,5.407944176060118,27.569779924852387,4.824208266237251,5.0791733762748255,29.71014492753623,5.6964573268921095,0.8655394524959742,0.0067096081588835215
177,10.23215244229737,10.540794417606012,5.360976918947934,26.8317230273752,5.904455179817498,4.904723564143854,29.66988727858293,5.683038110574342,0.8655394524959742,0.0067096081588835215
178,10.413311862587225,10.507246376811594,5.3341384863123995,26.77133655394525,5.904455179817498,4.904723564143854,29.60950080515298,5.683038110574342,0.8655394524959742,0.0067096081588835215
179,10.534084809447128,10.473698336017177,5.179817498658078,27.435587761674718,5.857487922705314,4.911433172302737,28.824476650563607,5.958132045088567,0.8185721953837896,0.0067096081588835215
180,10.621309715512615,10.46027911969941,5.152979066022544,27.408749329039185,5.850778314546431,4.911433172302737,28.81105743424584,5.958132045088567,0.8185721953837896,0.0067096081588835215
181,9.668545356951155,10.420021470746109,4.824208266237251,36.48684916800859,5.850778314546431,4.663177670424047,21.658615136876005,5.636070853462158,0.785024154589372,0.0067096081588835215
182,9.561191626409018,10.399892646269459,6.206387546967257,35.39989264626946,5.850778314546431,4.817498658078368,21.370101986044016,5.60252281266774,0.785024154589372,0.0067096081588835215
183,9.722222222222221,10.373054213633925,6.286902844873859,35.33279656468062,5.850778314546431,4.757112184648417,21.32313472893183,5.562265163714439,0.785024154589372,0.0067096081588835215
184,9.728931830381105,10.373054213633925,6.286902844873859,34.634997316156735,5.850778314546431,4.757112184648417,20.90042941492217,6.6760601180891035,0.785024154589372,0.0067096081588835215
185,9.916800858829845,10.373054213633925,6.246645195920558,34.52093397745572,5.850778314546431,4.757112184648417,20.90042941492217,6.642512077294686,0.785024154589372,0.0067096081588835215
186,10.00402576489533,10.373054213633925,6.239935587761675,34.46725711218465,5.83064949006978,4.757112184648417,20.90042941492217,6.635802469135802,0.785024154589372,0.0067096081588835215
187,9.816156736446592,8.064949006977992,5.998389694041868,34.19216317767042,5.8172302737520125,4.85775630703167,23.825818572195384,6.635802469135802,0.785024154589372,0.0067096081588835215
188,9.936929683306495,7.877079978529254,6.66935050993022,34.064680622651636,5.756843800322061,4.797369833601718,23.62453032742888,6.481481481481482,0.785024154589372,0.0067096081588835215
189,9.769189479334408,7.877079978529254,6.622383252818035,33.04482018250134,5.233494363929147,4.361245303274289,24.738325281803544,7.581857219538379,0.7648953301127214,0.0067096081588835215
190,9.802737520128824,7.877079978529254,6.608964036500268,33.00456253354804,5.233494363929147,4.669887278582931,24.44981213097155,7.581857219538379,0.7648953301127214,0.0067096081588835215
191,9.91009125067096,7.85024154589372,6.608964036500268,32.95759527643585,5.233494363929147,4.669887278582931,24.44981213097155,7.548309178743962,0.7648953301127214,0.0067096081588835215
192,10.178475577026301,7.85024154589372,6.575415995705851,32.86366076221149,5.2066559312936125,4.985238862050457,24.308910359634996,7.192699946323135,0.8319914117015567,0.0067096081588835215
193,10.487117552334944,7.836822329575953,6.575415995705851,32.84353193773484,5.2066559312936125,4.931561996779388,24.18142780461621,7.098765432098766,0.8319914117015567,0.0067096081588835215
194,8.447396672034353,20.35024154589372,6.085614600107354,30.703166935050994,4.1129898013955986,3.784219001610306,19.961084272678477,5.897745571658615,0.6508319914117016,0.0067096081588835215
195,8.447396672034353,20.30998389694042,5.998389694041868,28.972088030059044,4.1129898013955986,3.784219001610306,19.961084272678477,7.75630703166935,0.6508319914117016,0.0067096081588835215
196,8.514492753623188,20.30998389694042,5.964841653247451,28.5829307568438,4.1129898013955986,4.139828234031133,19.961084272678477,7.75630703166935,0.6508319914117016,0.0067096081588835215
197,8.675523349436393,18.00187869028449,8.165593129361245,28.5829307568438,4.1129898013955986,4.186795491143317,19.860440150295222,7.75630703166935,0.6508319914117016,0.0067096081588835215
198,9.044551798174986,17.934782608695652,8.165593129361245,28.556092324208265,4.086151368760064,4.186795491143317,19.612184648416534,7.75630703166935,0.6508319914117016,0.0067096081588835215
199,9.151905528717123,17.881105743424584,8.165593129361245,28.187063875469672,4.086151368760064,4.502147074610843,19.612184648416534,7.75630703166935,0.6508319914117016,0.0067096081588835215
200,9.594739667203436,17.74020397208803,8.259527643585615,28.173644659151904,4.086151368760064,4.502147074610843,19.47128287707998,7.514761137949543,0.6508319914117016,0.0067096081588835215
201,9.977187332259795,17.60601180891036,8.252818035426731,27.992485238862052,4.05931293612453,4.542404723564144,19.444444444444443,7.467793880837359,0.6508319914117016,0.0067096081588835215
202,10.185185185185185,17.559044551798173,8.232689210950081,27.91867954911433,4.05931293612453,4.542404723564144,19.404186795491142,7.440955448201825,0.6508319914117016,0.0067096081588835215
203,10.151637144390767,17.518786902844873,8.132045088566828,26.073537305421365,4.05931293612453,4.414922168545357,19.32367149758454,9.668545356951155,0.6508319914117016,0.0067096081588835215
204,10.292538915727322,17.458400429414922,8.105206655931294,26.073537305421365,4.05931293612453,4.414922168545357,19.30354267310789,9.634997316156737,0.6508319914117016,0.0067096081588835215
205,10.326086956521738,17.438271604938272,8.09849704777241,26.060118089103597,4.126409017713366,4.394793344068707,19.28341384863124,9.614868491680086,0.6508319914117016,0.0067096081588835215
206,10.527375201288244,17.438271604938272,8.085077831454644,26.039989264626946,4.052603327965647,4.394793344068707,18.98148148148148,9.822866344605474,0.6508319914117016,0.0067096081588835215
207,10.648148148148149,17.438271604938272,8.085077831454644,25.637412775093935,4.052603327965647,4.736983360171766,18.947933440687063,9.796027911969942,0.6508319914117016,0.0067096081588835215
208,10.547504025764896,17.3040794417606,8.266237251744498,24.84567901234568,4.052603327965647,4.7101449275362315,19.840311325818572,9.77589908749329,0.6508319914117016,0.0067096081588835215
209,10.225442834138486,16.935050993022006,8.085077831454644,24.436392914653783,4.052603327965647,4.663177670424047,21.121846484165324,9.822866344605474,0.6508319914117016,0.0067096081588835215
210,10.064412238325282,16.935050993022006,8.085077831454644,24.228395061728396,4.052603327965647,4.3478260869565215,22.497316156736446,9.131776704240472,0.6508319914117016,0.0067096081588835215
211,10.19189479334407,16.935050993022006,8.259527643585615,24.168008588298445,4.019055287171229,4.334406870638754,22.302737520128826,9.131776704240472,0.6508319914117016,0.0067096081588835215
212,10.332796564680622,16.908212560386474,8.259527643585615,24.16129898013956,4.019055287171229,4.40150295222759,22.128287707997853,9.131776704240472,0.6508319914117016,0.0067096081588835215
213,10.513955984970478,16.874664519592056,8.407139023081053,24.04723564143854,3.938539989264627,4.38137412775094,22.04777241009125,9.131776704240472,0.6508319914117016,0.0067096081588835215
214,10.59447128287708,16.874664519592056,8.400429414922169,24.04723564143854,3.938539989264627,4.367954911433173,22.000805152979066,9.118357487922705,0.6508319914117016,0.0067096081588835215
215,10.896403650026839,16.874664519592056,8.400429414922169,23.993558776167472,3.938539989264627,4.314278046162104,21.81964573268921,9.104938271604938,0.6508319914117016,0.0067096081588835215
216,10.836017176596886,16.75389157273215,8.36688137412775,23.980139559849704,3.938539989264627,4.314278046162104,21.70558239398819,9.447128287707997,0.6508319914117016,0.0067096081588835215
217,11.037305421363392,16.438539989264626,8.541331186258722,23.96672034353194,3.938539989264627,4.300858829844337,21.70558239398819,9.41358024691358,0.6508319914117016,0.0067096081588835215
218,11.18491680085883,16.398282340311326,8.53462157809984,23.832528180354267,3.8714439076757916,4.42163177670424,21.68545356951154,9.41358024691358,0.6508319914117016,0.0067096081588835215
219,11.258722490606548,16.378153515834676,8.480944712828771,23.832528180354267,3.8714439076757916,4.562533548040794,21.557971014492754,9.400161030595813,0.6508319914117016,0.0067096081588835215
220,11.292270531400966,16.378153515834676,8.467525496511003,23.8191089640365,3.8714439076757916,4.562533548040794,21.557971014492754,9.39345142243693,0.6508319914117016,0.0067096081588835215
221,11.379495437466453,15.35829307568438,9.473966720343531,23.772141706924316,3.851315083199141,4.562533548040794,21.524422973698336,9.346484165324744,0.7246376811594203,0.0067096081588835215
222,11.486849168008588,15.28448738593666,9.5276435856146,23.74530327428878,3.851315083199141,4.549114331723027,21.504294149221685,9.31964573268921,0.7246376811594203,0.0067096081588835215
223,11.580783682232958,15.170424047235642,9.621578099838969,23.557434245840042,3.683574879227053,4.703435319377348,21.370101986044016,9.581320450885668,0.7246376811594203,0.0067096081588835215
224,11.674718196457327,15.136876006441224,9.614868491680086,23.463499731615673,3.6768652710681695,4.783950617283951,21.336553945249598,9.581320450885668,0.7246376811594203,0.0067096081588835215
225,11.77536231884058,15.11003757380569,9.648416532474503,23.416532474503487,3.670155662909286,4.783950617283951,21.289586688137412,9.574610842726784,0.7246376811594203,0.0067096081588835215
226,11.862587224906065,15.042941492216855,9.648416532474503,23.416532474503487,3.656736446591519,4.783950617283951,21.289586688137412,9.574610842726784,0.7179280730005367,0.0067096081588835215
227,12.037037037037036,14.99597423510467,9.73564143853999,23.362855609232422,3.629898013955985,4.770531400966184,21.22920021470746,9.514224369296834,0.7179280730005367,0.0067096081588835215
228,12.097423510466989,14.962426194310252,9.41358024691358,23.362855609232422,3.629898013955985,4.770531400966184,21.537842190016104,9.500805152979066,0.7179280730005367,0.0067096081588835215
229,12.298711755233494,14.620236178207193,9.64170692431562,23.275630703166936,3.750670960815888,4.757112184648417,21.121846484165324,9.480676328502415,1.0466988727858293,0.0067096081588835215
230,12.399355877616747,14.61352657004831,9.64170692431562,23.242082662372518,3.750670960815888,4.757112184648417,21.061460010735374,9.480676328502415,1.0466988727858293,0.0067096081588835215
