,45,50,51,53,52,54,55,57,56,58,59
0,99.77858293075684,0.2214170692431562,,,,,,,,,
1,57.9777241009125,38.89559849704777,3.126677402039721,,,,,,,,
2,57.9374664519592,38.93585614600107,3.126677402039721,,,,,,,,
3,51.13392377885131,45.75281803542673,3.113258185721954,,,,,,,,
4,50.93263553408481,43.12265163714439,3.113258185721954,2.831454643048846,,,,,,,
5,48.09447128287708,45.14224369296833,3.2340311325818574,2.831454643048846,0.644122383252818,0.05367686527106817,,,,,
6,47.67176596886742,45.56494900697799,3.2340311325818574,2.831454643048846,0.644122383252818,0.05367686527106817,,,,,
7,40.68035426731079,51.96591519055287,3.207192699946323,2.831454643048846,0.644122383252818,0.6709608158883521,,,,,
8,40.89506172839506,51.40230810520666,3.207192699946323,2.831454643048846,0.644122383252818,0.6709608158883521,0.3488996242619431,,,,
9,36.65458937198068,56.91760601180891,3.207192699946323,2.8113258185721954,0.020128824476650563,0.040257648953301126,0.3488996242619431,,,,
10,33.13875469672571,60.43344068706388,3.207192699946323,2.8113258185721954,0.020128824476650563,0.040257648953301126,0.3488996242619431,,,,
11,26.194310252281266,65.70719269994632,3.207192699946323,2.4691358024691357,0.020128824476650563,0.040257648953301126,1.7981749865807837,0.5636070853462157,,,
12,26.402308105206657,65.29790660225443,3.207192699946323,2.4691358024691357,0.020128824476650563,0.040257648953301126,2.0263016639828235,0.5367686527106817,,,
13,26.167471819645733,64.60681696188942,3.421900161030596,2.4691358024691357,0.7716049382716049,0.040257648953301126,1.9860440150295222,0.5367686527106817,,,
14,25.93263553408481,62.41277509393451,3.844605475040258,2.4691358024691357,0.7716049382716049,0.15432098765432098,3.878153515834675,0.5367686527106817,,,
15,26.29495437466452,62.09742351046699,3.844605475040258,2.61003757380569,0.7716049382716049,0.15432098765432098,3.784219001610306,0.4428341384863124,,,
16,26.84514224369297,60.80246913580247,3.844605475040258,2.4691358024691357,0.7716049382716049,0.15432098765432098,4.669887278582931,0.4428341384863124,,,
17,26.979334406870638,60.560923242082666,3.844605475040258,2.4557165861513686,0.7716049382716049,0.15432098765432098,4.790660225442834,0.4428341384863124,,,
18,25.93263553408481,56.62909286097692,8.82313472893183,2.4557165861513686,0.7716049382716049,0.15432098765432098,4.790660225442834,0.4428341384863124,,,
19,26.140633387010197,53.757380568974774,8.507783145464305,2.4557165861513686,0.7716049382716049,0.15432098765432098,7.769726247987117,0.4428341384863124,,,
20,24.12104133118626,45.33682232957595,19.53166935050993,2.3617820719269993,0.47638217928073,0.15432098765432098,7.575147611379496,0.4428341384863124,,,
21,24.315619967793882,45.128824476650564,19.088835212023618,2.3617820719269993,0.47638217928073,0.15432098765432098,7.575147611379496,0.4428341384863124,0.4562533548040794,,
22,23.503757380568974,38.12399355877617,19.03515834675255,2.3617820719269993,9.816156736446592,0.14761137949543746,6.112453032742888,0.4428341384863124,0.4562533548040794,,
23,23.63123993558776,38.17096081588835,18.914385399892645,2.3617820719269993,9.64170692431562,0.14761137949543746,6.112453032742888,0.4428341384863124,0.5770263016639828,,
24,23.07434245840043,36.12453032742888,22.403381642512077,2.301395598497048,9.16532474503489,0.14761137949543746,6.052066559312936,0.4428341384863124,0.23483628556092323,0.05367686527106817,
25,23.55072463768116,35.85614600107354,22.128287707997853,2.301395598497048,9.004294149221685,0.14761137949543746,6.052066559312936,0.6709608158883521,0.23483628556092323,0.05367686527106817,
26,13.962694578636608,51.80488459473967,18.270263016639827,1.1674718196457328,9.004294149221685,0.03354804079441761,5.072463768115942,0.5636070853462157,0.12077294685990338,,
27,13.962694578636608,49.49677938808374,21.69887278582931,1.1674718196457328,8.890230810520666,0.03354804079441761,4.186795491143317,0.5636070853462157,,,
28,14.278046162104133,49.35587761674718,21.524422973698336,1.1674718196457328,8.890230810520666,0.03354804079441761,4.186795491143317,0.5636070853462157,,,
29,14.398819108964037,49.27536231884058,21.484165324745035,1.1674718196457328,8.299785292538916,0.03354804079441761,4.186795491143317,1.1540526033279657,,,
30,13.110574342458401,47.27589908749329,23.812399355877616,1.1674718196457328,8.299785292538916,0.17444981213097155,5.005367686527107,1.1540526033279657,,,
31,13.372249060654857,47.12157809983897,23.785560923242084,1.1674718196457328,8.272946859903382,0.17444981213097155,4.951690821256038,1.1540526033279657,,,
32,13.694310252281268,46.79951690821256,23.678207192699947,1.1674718196457328,8.246108427267847,0.17444981213097155,4.951690821256038,1.288244766505636,,,
33,13.855340848094471,43.82716049382716,23.66478797638218,1.1674718196457328,8.246108427267847,2.999194847020934,4.951690821256038,1.288244766505636,,,
34,9.71551261406334,32.27321524422974,40.01610305958132,1.1205045625335481,8.454106280193237,2.8918411164787976,4.106280193236715,1.2278582930756843,0.10735373054213634,,0.08722490606548577
35,9.896672034353195,32.139023081052066,39.78797638217928,1.1205045625335481,8.427267847557703,2.8918411164787976,4.106280193236715,1.2278582930756843,0.3153515834675255,,0.08722490606548577
36,10.111379495437467,30.750134192163177,36.33252818035427,5.877616747181965,8.393719806763285,2.8918411164787976,4.086151368760064,1.1540526033279657,0.3153515834675255,,0.08722490606548577
37,10.59447128287708,30.52200751476114,36.02388620504563,5.8239398819108965,8.299785292538916,3.012614063338701,4.045893719806763,1.1540526033279657,0.43612453032742887,,0.08722490606548577
38,11.064143853998926,30.50858829844337,35.768921095008054,5.810520665593129,8.246108427267847,2.8918411164787976,4.032474503488996,1.1540526033279657,0.43612453032742887,,0.08722490606548577
39,11.43317230273752,30.19994632313473,35.74208266237252,5.810520665593129,8.239398819108963,2.8918411164787976,4.032474503488996,1.1272141706924315,0.43612453032742887,,0.08722490606548577
40,11.641170155662909,25.509930220075148,35.38647342995169,11.506977992485238,8.239398819108963,1.0601180891035964,5.092592592592593,1.1272141706924315,0.43612453032742887,,
41,10.379763821792807,24.288781535158346,45.65888352120236,11.33923778851315,3.1870638754696725,1.0265700483091786,3.240740740740741,0.4428341384863124,0.43612453032742887,,
42,10.628019323671497,23.832528180354267,45.46430488459474,11.258722490606548,3.1736446591519054,1.0265700483091786,3.7372517444981215,0.4428341384863124,0.43612453032742887,,
43,10.487117552334944,23.832528180354267,44.99463231347289,11.05072463768116,3.1736446591519054,1.0265700483091786,4.703435319377348,0.2952227589908749,0.43612453032742887,,
44,10.50053676865271,20.833333333333332,44.77992485238862,10.889694041867955,6.4412238325281805,1.0265700483091786,4.824208266237251,0.2952227589908749,0.4092860976918948,,
45,10.695115405260333,20.652173913043477,41.666666666666664,10.46027911969941,8.984165324745035,1.0265700483091786,4.958400429414922,0.43612453032742887,1.1205045625335481,,
46,11.305689747718732,19.79334406870639,41.30434782608695,10.413311862587225,8.80300590445518,1.0265700483091786,5.676328502415459,0.43612453032742887,1.2412775093934514,,
47,11.533816425120772,19.79334406870639,41.2037037037037,10.352925389157273,8.789586688137414,1.0265700483091786,5.622651637144391,0.43612453032742887,1.2412775093934514,,
48,11.714975845410628,19.639023081052066,40.995705850778315,10.352925389157273,8.709071390230811,1.0265700483091786,5.884326355340848,0.43612453032742887,1.2412775093934514,,
49,11.131239935587761,19.11567364465915,39.02308105206656,7.192699946323135,14.325013419216317,1.1808910359634996,5.884326355340848,0.43612453032742887,1.710950080515298,,
50,10.86285560923242,17.914653784219002,36.90955448201825,7.139023081052066,18.02200751476114,1.1741814278046163,5.83064949006978,0.43612453032742887,1.710950080515298,,
51,11.084272678475577,17.62614063338701,36.06414385399893,7.03166935050993,17.881105743424584,2.5831991411701556,5.649490069779925,0.3757380568974772,1.7042404723564144,,
52,11.158078368223295,17.62614063338701,36.43317230273752,7.024959742351046,17.76033279656468,2.5831991411701556,5.649490069779925,0.3757380568974772,1.3888888888888888,,
53,10.876274825550189,14.949006977992486,33.400429414922165,14.009661835748792,17.008856682769725,2.677133655394525,5.314009661835748,0.3757380568974772,1.3888888888888888,,
54,11.11111111111111,14.908749329039184,33.293075684380035,11.822329575952764,19.746376811594203,2.0397208803005906,5.314009661835748,0.3757380568974772,1.3888888888888888,,
55,11.366076221148685,14.821524422973699,33.19243156199678,11.822329575952764,19.699409554482017,2.0263016639828235,5.307300053676865,0.3757380568974772,1.3888888888888888,,
56,11.714975845410628,14.821524422973699,33.031400966183575,11.822329575952764,19.343800322061192,2.0263016639828235,5.475040257648954,0.3757380568974772,1.3888888888888888,,
57,11.768652710681696,14.17740203972088,32.971014492753625,11.426462694578637,19.182769726247987,3.374932903918411,4.770531400966184,0.8722490606548577,1.4559849704777241,,
58,12.25174449812131,14.17740203972088,32.90391841116479,11.426462694578637,18.92109500805153,3.3413848631239937,4.757112184648417,0.8722490606548577,1.3486312399355878,,
59,11.896135265700483,13.969404186795492,29.20692431561997,11.33923778851315,23.577563070316693,3.488996242619431,4.663177670424047,0.8722490606548577,0.9863123993558777,,
60,12.211486849168008,13.902308105206655,28.878153515834676,11.231884057971014,23.382984433709073,3.488996242619431,4.938271604938271,0.9930220075147611,0.9728931830381106,,
61,12.5,13.882179280730005,34.76918947933441,11.117820719269995,16.6935050993022,3.488996242619431,4.938271604938271,0.9930220075147611,1.6170155662909287,,
62,11.419753086419753,12.164519592055823,31.40096618357488,8.038110574342458,27.932098765432098,2.536231884057971,4.28743961352657,0.9997316156736447,1.221148684916801,,
63,11.54723564143854,12.164519592055823,31.34728931830381,8.017981749865807,27.911969940955448,2.536231884057971,4.253891572732153,0.9997316156736447,1.221148684916801,,
64,11.869296833064949,11.943102522812667,31.125872249060656,7.957595276435856,27.70397208803006,2.4490069779924855,4.7638217928073,0.8856682769726248,1.3016639828234031,,
65,12.097423510466989,11.922973698336017,31.03864734299517,7.957595276435856,27.603327965646805,2.4490069779924855,4.74369296833065,0.8856682769726248,1.3016639828234031,,
66,11.802200751476114,11.990069779924852,31.5150295222759,7.601986044015029,26.710950080515296,2.4490069779924855,4.998658078368224,0.8856682769726248,2.046430488459474,,
67,12.184648416532475,11.990069779924852,31.488191089640367,7.514761137949543,26.442565754159958,2.4490069779924855,4.998658078368224,0.8856682769726248,2.046430488459474,,
68,12.842190016103059,11.963231347289318,31.313741277509394,7.514761137949543,26.073537305421365,2.4490069779924855,4.958400429414922,0.8856682769726248,1.9994632313472893,,
69,11.29898013955985,7.62211486849168,30.22007514761138,6.890767579173376,34.88996242619431,2.3617820719269993,4.455179817498658,0.2616747181964573,1.9994632313472893,,
70,11.540526033279656,7.615405260332796,26.643853998926463,10.285829307568438,33.9170692431562,2.3349436392914655,5.159688674181428,0.5032206119162641,1.9994632313472893,,
71,11.406333870101985,7.098765432098766,26.583467525496513,11.258722490606548,33.756038647343,2.2946859903381642,5.0993022007514766,0.5032206119162641,1.9994632313472893,,
72,11.822329575952764,7.098765432098766,26.39559849704777,11.198336017176597,33.58829844337091,2.2946859903381642,5.0993022007514766,0.5032206119162641,1.9994632313472893,,
73,12.00348899624262,7.098765432098766,26.174181427804616,11.137949543746645,33.57487922705314,2.2946859903381642,5.0993022007514766,0.5032206119162641,2.1135265700483092,,
74,12.184648416532475,7.098765432098766,26.03327965646806,11.11111111111111,33.561460010735374,2.2946859903381642,5.0993022007514766,0.5032206119162641,2.1135265700483092,,
75,12.318840579710145,7.098765432098766,25.791733762748255,11.097691894793345,33.561460010735374,2.2946859903381642,5.22007514761138,0.5032206119162641,2.1135265700483092,,
76,12.620772946859903,7.092055823939882,24.86580783682233,11.392914653784219,32.64224369296833,3.7037037037037037,5.10601180891036,0.3824476650563607,2.1940418679549114,,
77,12.278582930756844,6.729736983360172,20.913848631239937,8.051529790660226,40.94873859366613,3.616478797638218,4.770531400966184,0.3824476650563607,2.3081052066559313,,
78,12.47987117552335,6.6760601180891035,20.90713902308105,8.051529790660226,40.87493290391841,3.616478797638218,4.770531400966184,0.36902844873859364,2.254428341384863,,
79,12.734836285560924,6.649221685453569,20.819914117015568,8.031400966183575,40.61325818572195,3.616478797638218,4.770531400966184,0.36902844873859364,2.395330112721417,,
80,12.855609232420827,6.629092860976919,20.819914117015568,7.9106280193236715,40.4320987654321,3.7238325281803544,4.9718196457326895,0.36902844873859364,2.2879763821792807,,
81,13.191089640365004,6.602254428341385,20.71256038647343,7.9106280193236715,40.11674718196457,3.7238325281803544,4.9718196457326895,0.4830917874396135,2.2879763821792807,,
82,13.613794954374665,6.602254428341385,20.632045088566827,8.527911969940956,39.070048309178745,3.7238325281803544,4.9718196457326895,0.5703166935050993,2.2879763821792807,,
83,13.298443370907139,6.052066559312936,24.550456253354803,8.527911969940956,36.12453032742888,3.7238325281803544,5.052334943639291,0.43612453032742887,2.2342995169082127,,
84,13.922436929683306,6.052066559312936,24.329039184111647,8.527911969940956,35.628019323671495,3.7238325281803544,5.052334943639291,0.4294149221685454,2.3349436392914655,,
85,14.318303811057435,6.031937734836285,24.06736446591519,8.521202361782072,35.245571658615134,3.656736446591519,5.052334943639291,0.6508319914117016,2.4557165861513686,,
86,14.432367149758454,6.031937734836285,23.64465915190553,8.514492753623188,35.12479871175523,3.656736446591519,5.139559849704777,0.6374127750939346,2.818035426731079,,
87,14.579978529253891,5.998389694041868,23.369565217391305,9.400161030595813,34.14519592055824,3.656736446591519,5.199946323134729,0.7313472893183038,2.918679549114332,,
88,14.734299516908212,5.870907139023081,22.463768115942027,9.346484165324744,34.07809983896941,3.656736446591519,5.347557702630167,0.7313472893183038,3.770799785292539,,
89,14.875201288244767,5.870907139023081,22.463768115942027,9.406870638754697,34.05126140633387,3.549382716049383,5.300590445517981,0.7313472893183038,3.750670960815888,,
90,15.26435856146001,5.776972624798712,22.396672034353195,9.31964573268921,33.89023081052066,3.549382716049383,5.226784755770263,0.8252818035426731,3.750670960815888,,
91,13.788244766505636,5.5756843800322065,31.0252281266774,8.514492753623188,28.341384863123995,3.589640365002684,4.7101449275362315,0.6843800322061192,3.770799785292539,,
92,13.92914653784219,5.340848094471283,30.615942028985508,8.514492753623188,28.898282340311326,3.4420289855072466,4.663177670424047,0.8252818035426731,3.770799785292539,,
93,14.17740203972088,5.267042404723564,30.46833064949007,8.501073537305421,28.898282340311326,3.4286097691894795,4.663177670424047,0.8252818035426731,3.770799785292539,,
94,14.2914653784219,5.226784755770263,30.314009661835748,8.501073537305421,28.871443907675793,3.4286097691894795,4.663177670424047,0.8252818035426731,3.878153515834675,,
95,14.680622651637144,5.179817498658078,30.246913580246915,8.474235104669887,28.743961352657006,3.4286097691894795,4.542404723564144,0.8252818035426731,3.878153515834675,,
96,15.103327965646805,5.132850241545894,29.904723564143854,8.467525496511003,28.743961352657006,3.4286097691894795,4.542404723564144,0.8252818035426731,3.851315083199141,,
97,14.65378421900161,5.132850241545894,35.607890499194845,8.32662372517445,24.255233494363928,3.388352120236178,4.341116478797638,0.7045088566827697,3.589640365002684,,
98,15.002683843263553,5.092592592592593,35.41331186258722,8.266237251744498,24.114331723027377,3.643317230273752,4.327697262479871,0.7045088566827697,3.435319377348363,,
99,15.157004830917874,4.978529253891573,35.19189479334407,8.011272141706923,24.00697799248524,3.6366076221148687,4.770531400966184,0.7045088566827697,3.307836822329576,0.23483628556092323,
100,15.398550724637682,4.951690821256038,34.99060654857756,7.950885668276973,23.785560923242084,3.8580246913580245,4.703435319377348,0.7045088566827697,3.421900161030596,0.23483628556092323,
101,15.552871712292003,4.951690821256038,34.56119162640902,7.950885668276973,23.758722490606548,3.797638217928073,4.703435319377348,0.7045088566827697,3.784219001610306,0.23483628556092323,
102,15.888352120236178,4.951690821256038,33.63526570048309,7.950885668276973,23.752012882447666,3.7909286097691894,4.85775630703167,0.7045088566827697,4.233762748255502,0.23483628556092323,
103,16.203703703703702,4.951690821256038,33.42055823939882,7.950885668276973,23.59098228663446,3.7775093934514223,4.810789049919484,0.7045088566827697,4.3545356951154055,0.23483628556092323,
104,16.53918411164788,4.931561996779388,33.25952764358561,7.897208803005904,23.34272678475577,3.7775093934514223,4.810789049919484,0.7045088566827697,4.502147074610843,0.23483628556092323,
105,16.069511540526033,4.622920021470746,32.400697799248526,7.897208803005904,25.509930220075148,4.066022544283414,4.7101449275362315,0.5904455179817498,3.898282340311326,0.23483628556092323,
106,16.398282340311326,4.361245303274289,32.085346215781,7.796564680622652,25.281803542673106,4.884594739667204,4.49543746645196,0.5904455179817498,3.8714439076757916,0.23483628556092323,
107,16.606280193236714,4.30756843800322,32.05179817498658,7.7831454643048845,25.281803542673106,4.804079441760601,4.49543746645196,0.5770263016639828,3.8580246913580245,0.23483628556092323,
108,16.67337627482555,4.30756843800322,32.01154052603328,7.7831454643048845,25.268384326355342,4.804079441760601,4.4820182501341925,0.5770263016639828,3.8580246913580245,0.23483628556092323,
109,16.988727858293075,4.300858829844337,31.78341384863124,7.648953301127214,25.147611379495437,4.804079441760601,4.562533548040794,0.5770263016639828,3.9519592055823938,0.23483628556092323,
110,17.20343531937735,4.300858829844337,31.602254428341386,7.648953301127214,24.94632313472893,4.804079441760601,4.62962962962963,0.5770263016639828,4.052603327965647,0.23483628556092323,
111,17.505367686527105,4.260601180891036,31.374127750939344,7.447665056360709,24.879227053140095,4.804079441760601,4.5893719806763285,0.5770263016639828,4.186795491143317,0.3757380568974772,
112,17.444981213097154,4.2270531400966185,30.03220611916264,7.2933440687063875,26.455984970477726,4.804079441760601,4.696725711218465,0.6910896403650026,3.978797638217928,0.3757380568974772,
113,17.364465915190554,4.17337627482555,24.88593666129898,12.969672571121846,26.435856146001072,4.7101449275362315,4.656468062265164,0.6910896403650026,3.7372517444981215,0.3757380568974772,
114,16.75389157273215,3.307836822329576,24.778582930756844,15.479066022544284,25.207997852925388,4.703435319377348,5.059044551798175,0.6709608158883521,3.6634460547504024,0.3757380568974772,
115,16.97530864197531,3.294417606011809,24.664519592055825,15.411969940955448,25.067096081588836,4.703435319377348,5.059044551798175,0.6575415995705851,3.7909286097691894,0.3757380568974772,
116,16.854535695115406,3.2877079978529253,24.188137412775095,15.465646806226516,24.516908212560388,4.703435319377348,4.9651100375738055,0.798443370907139,4.8443370907139025,0.3757380568974772,
117,16.6935050993022,3.2877079978529253,24.094202898550726,16.243961352657006,24.053945249597422,4.703435319377348,4.8443370907139025,0.7783145464304885,4.8443370907139025,0.4562533548040794,
118,16.80756843800322,3.2877079978529253,24.188137412775095,16.183574879227052,23.879495437466453,4.64975845410628,4.8443370907139025,0.7783145464304885,4.924852388620504,0.4562533548040794,
119,16.955179817498657,3.2877079978529253,24.10762211486849,16.170155662909288,23.825818572195384,4.64975845410628,4.8443370907139025,0.7783145464304885,4.924852388620504,0.4562533548040794,
120,17.143048845947398,3.2877079978529253,23.946591519055286,16.15673644659152,23.805689747718734,4.74369296833065,4.757112184648417,0.7783145464304885,4.924852388620504,0.4562533548040794,
121,17.72007514761138,3.2877079978529253,22.973698336017176,16.09634997316157,23.62453032742888,4.663177670424047,5.562265163714439,0.7783145464304885,4.8376274825550185,0.4562533548040794,
122,17.954911433172303,3.2004830917874396,22.859634997316157,16.022544283413847,23.450080515297905,4.663177670424047,5.562265163714439,1.0198604401502953,4.8376274825550185,0.4294149221685454,
123,18.283682232957595,3.1602254428341383,22.208803005904453,17.559044551798173,23.362855609232422,3.5628019323671496,5.535426731078905,1.1272141706924315,4.770531400966184,0.4294149221685454,
124,18.431293612453032,3.1602254428341383,22.19538378958669,17.51207729468599,23.275630703166936,3.5628019323671496,5.535426731078905,1.1272141706924315,4.770531400966184,0.4294149221685454,
125,18.813741277509394,3.140096618357488,22.168545356951153,17.297369833601717,23.060923242082662,3.5628019323671496,5.508588298443371,1.247987117552335,4.770531400966184,0.4294149221685454,
126,18.69296833064949,3.140096618357488,21.973966720343533,17.223564143854,23.020665593129362,4.032474503488996,5.481749865807837,1.2412775093934514,4.770531400966184,0.4227053140096618,
127,18.055555555555557,3.9452495974235107,21.91358024691358,17.216854535695116,22.799248523886206,4.005636070853462,5.414653784219001,1.2278582930756843,4.998658078368224,0.4227053140096618,
128,18.451422436929683,3.9452495974235107,21.69887278582931,17.143048845947398,22.69189479334407,4.005636070853462,5.414653784219001,1.2278582930756843,4.998658078368224,0.4227053140096618,
129,18.82716049382716,3.898282340311326,21.69887278582931,16.894793344068706,22.69189479334407,4.005636070853462,5.381105743424584,1.1808910359634996,4.998658078368224,0.4227053140096618,
130,18.129361245303276,3.743961352657005,23.758722490606548,16.780730005367687,22.034353193773484,3.864734299516908,5.22007514761138,1.1808910359634996,4.864465915190553,0.4227053140096618,
131,16.472088030059044,3.6768652710681695,33.04482018250134,16.029253891572733,16.774020397208805,3.643317230273752,5.193236714975845,1.0601180891035964,3.683574879227053,0.4227053140096618,
132,16.867954911433173,3.656736446591519,31.95786366076221,16.982018250134193,16.646537842190018,3.643317230273752,5.0791733762748255,1.0601180891035964,3.683574879227053,0.4227053140096618,
133,16.740472356414386,3.5628019323671496,32.09205582393988,16.941760601180892,16.525764895330113,3.69699409554482,5.072463768115942,1.0601180891035964,3.8848631239935587,0.4227053140096618,
134,17.10950080515298,3.5628019323671496,31.743156199677937,16.774020397208805,16.458668813741276,3.69699409554482,4.99194847020934,1.0399892646269457,4.200214707461084,0.4227053140096618,
135,17.351046698872786,3.5628019323671496,31.588835212023618,16.774020397208805,16.418411164787976,3.6634460547504024,4.99194847020934,1.0399892646269457,4.186795491143317,0.4227053140096618,
136,16.391572732152444,2.8247450348899625,41.324476650563604,12.52012882447665,14.392109500805153,3.5829307568438002,4.019055287171229,0.7380568974771873,4.206924315619967,,
137,16.941760601180892,2.8247450348899625,41.015834675254965,12.426194310252281,14.304884594739667,3.7372517444981215,3.92512077294686,0.7380568974771873,4.086151368760064,,
138,17.143048845947398,2.8247450348899625,40.90177133655394,12.31213097155126,14.40552871712292,3.6768652710681695,3.911701556629093,0.7380568974771873,4.086151368760064,,
139,17.505367686527105,2.804616210413312,40.62667740203972,12.31213097155126,14.27133655394525,3.616478797638218,4.106280193236715,0.7380568974771873,4.019055287171229,,
140,17.57246376811594,2.7442297369833604,40.042941492216855,12.305421363392378,13.922436929683306,4.461889425657541,4.045893719806763,0.7380568974771873,4.166666666666667,,
141,17.98174986580784,2.7442297369833604,39.774557165861516,12.305421363392378,13.781535158346752,4.461889425657541,4.045893719806763,0.7380568974771873,4.166666666666667,,
142,18.10252281266774,2.7442297369833604,39.66720343531938,12.305421363392378,13.741277509393452,4.461889425657541,4.045893719806763,0.7380568974771873,4.193505099302201,,
143,18.089103596349972,2.7442297369833604,39.82823403113258,12.25174449812131,13.654052603327965,4.3478260869565215,4.159957058507783,0.7380568974771873,4.186795491143317,,
144,17.8743961352657,2.368491680085883,37.848899624261946,12.084004294149223,16.82769726247987,4.066022544283414,4.146537842190016,0.5971551261406334,4.186795491143317,,
145,18.21658615136876,2.368491680085883,37.69457863660762,11.869296833064949,16.928341384863124,4.066022544283414,4.072732152442297,0.5971551261406334,4.186795491143317,,
146,18.357487922705314,2.368491680085883,37.37251744498121,11.869296833064949,16.800858829844337,4.052603327965647,4.072732152442297,0.7179280730005367,4.388083735909823,,
147,18.646001073537306,2.368491680085883,37.2987117552335,11.842458400429415,16.63311862587225,3.9720880300590444,4.066022544283414,0.6843800322061192,4.488727858293076,,
148,18.867418142780462,2.2946859903381642,37.19135802469136,11.842458400429415,16.61969940955448,3.9720880300590444,4.03918411164788,0.6843800322061192,4.488727858293076,,
149,19.02173913043478,2.2410091250670963,36.9296833064949,11.788781535158346,16.6129898013956,3.9720880300590444,4.03918411164788,0.6843800322061192,4.7101449275362315,,
150,19.176060118089104,2.2410091250670963,36.81561996779388,11.768652710681696,16.6129898013956,3.9519592055823938,4.03918411164788,0.6843800322061192,4.7101449275362315,,
151,19.47128287707998,2.2410091250670963,36.72839506172839,11.694847020933977,16.6129898013956,3.9519592055823938,3.92512077294686,0.6843800322061192,4.690016103059581,,
152,19.719538378958667,2.0263016639828235,36.47342995169082,11.694847020933977,16.545893719806763,4.53569511540526,3.629898013955985,0.6843800322061192,4.690016103059581,,
153,20.28985507246377,2.0263016639828235,36.151368760064415,11.627750939345143,16.384863123993558,4.528985507246377,3.616478797638218,0.6843800322061192,4.690016103059581,,
154,20.52469135802469,2.0263016639828235,35.849436392914654,11.627750939345143,16.243961352657006,4.528985507246377,3.569511540526033,0.6843800322061192,4.944981213097155,,
155,20.819914117015568,2.0263016639828235,34.46725711218465,11.500268384326356,16.23054213633924,5.877616747181965,3.569511540526033,0.6977992485238862,4.810789049919484,,
156,20.819914117015568,2.0128824476650564,33.56816961889426,11.500268384326356,15.70048309178744,5.877616747181965,4.320987654320987,0.6977992485238862,5.501878690284487,,
157,21.182232957595275,1.9994632313472893,33.43397745571659,11.218464841653248,15.646806226516372,5.9514224369296835,4.320987654320987,0.6910896403650026,5.555555555555555,,
158,20.29656468062265,1.8518518518518519,32.50805152979066,10.379763821792807,18.65271068169619,5.810520665593129,4.206924315619967,0.6910896403650026,5.60252281266774,,
159,20.263016639828233,1.8451422436929683,32.23966720343532,10.299248523886206,18.451422436929683,5.810520665593129,4.206924315619967,0.6910896403650026,6.1929683306494905,,
160,20.69243156199678,1.8451422436929683,31.97128287707998,10.017444981213098,18.42458400429415,5.931293612453032,4.106280193236715,0.6843800322061192,6.327160493827161,,
161,20.98094471282877,1.8451422436929683,31.884057971014492,10.017444981213098,18.377616747181964,5.931293612453032,3.9519592055823938,0.6843800322061192,6.327160493827161,,
162,20.303274288781534,1.8317230273752012,36.05743424584004,9.695383789586689,15.995705850778315,5.931293612453032,3.435319377348363,0.5636070853462157,6.1862587224906065,,
163,20.638754696725712,1.8317230273752012,34.54106280193237,10.406602254428341,15.814546430488459,5.448201825013419,3.421900161030596,0.5636070853462157,7.333601717659689,,
164,20.8870101986044,1.8183038110574343,34.39345142243693,10.34621578099839,15.787707997852925,5.448201825013419,3.421900161030596,0.5636070853462157,7.333601717659689,,
165,21.141975308641975,1.7914653784219001,34.18545356951154,10.57434245840043,15.754159957058508,5.448201825013419,3.2474503488996245,0.5636070853462157,7.2933440687063875,,
166,21.517713365539453,1.7914653784219001,33.99087493290392,10.507246376811594,15.673644659151906,5.428073000536768,3.2474503488996245,0.5636070853462157,7.27992485238862,,
167,21.900161030595815,1.7914653784219001,33.8365539452496,10.413311862587225,15.713902308105206,5.401234567901234,3.140096618357488,0.5636070853462157,7.239667203435319,,
168,22.18196457326892,1.7914653784219001,33.61513687600644,10.399892646269459,15.693773483628556,5.401234567901234,3.140096618357488,0.5636070853462157,7.212828770799785,,
169,22.041062801932366,1.7914653784219001,33.601717659688674,10.399892646269459,15.640096618357488,5.495169082125604,3.2742887815351582,0.5636070853462157,7.192699946323135,,
170,22.604669887278583,1.7914653784219001,33.36688137412775,10.36634460547504,15.411969940955448,5.414653784219001,3.2474503488996245,0.5636070853462157,7.232957595276436,,
171,22.208803005904453,1.778046162104133,32.407407407407405,10.305958132045088,17.330917874396135,5.032206119162641,3.180354267310789,0.5636070853462157,7.192699946323135,,
172,22.63150831991412,1.778046162104133,32.1256038647343,10.245571658615138,17.16988727858293,5.025496511003757,3.180354267310789,0.5636070853462157,7.27992485238862,,
173,22.04777241009125,1.7646269457863661,31.4345142243693,7.179280730005368,20.759527643585614,5.018786902844874,3.2541599570585076,0.5636070853462157,7.977724100912507,,
174,22.416800858829845,1.7646269457863661,31.313741277509394,7.179280730005368,20.41062801932367,5.018786902844874,3.240740740740741,0.5636070853462157,8.091787439613526,,
175,22.67176596886742,1.751207729468599,31.246645195920557,7.118894256575416,20.37037037037037,4.998658078368224,3.240740740740741,0.5636070853462157,8.038110574342458,,
176,22.819377348362856,1.751207729468599,31.159420289855074,7.024959742351046,19.659151905528716,4.998658078368224,4.1129898013955986,0.5636070853462157,7.9106280193236715,,
177,23.00053676865271,1.751207729468599,30.95813204508857,6.984702093397746,19.6256038647343,4.985238862050457,4.1129898013955986,0.5636070853462157,8.017981749865807,,
178,23.221953837895867,1.751207729468599,30.770263016639827,6.937734836285561,19.216317767042405,4.951690821256038,4.696725711218465,0.5636070853462157,7.890499194847021,,
179,23.778851315083198,1.751207729468599,30.407944176060116,7.353730542136339,18.99490069779925,5.059044551798175,4.622920021470746,0.5568974771873323,7.474503488996243,,
180,23.79898013955985,1.737788513150832,30.253623188405797,7.615405260332796,18.59903381642512,5.837359098228664,4.609500805152979,0.4428341384863124,7.105475040257649,,
181,23.960010735373054,1.737788513150832,30.14626945786366,7.595276435856146,18.592324208266238,5.837359098228664,4.602791196994096,0.4428341384863124,7.085346215780999,,
182,24.416264090177133,1.737788513150832,29.864465915190554,7.494632313472893,18.49838969404187,5.750134192163178,4.7168545356951155,0.4428341384863124,7.078636607622115,,
183,24.50348899624262,1.737788513150832,29.770531400966185,7.494632313472893,18.417874396135264,5.911164787976382,4.656468062265164,0.4428341384863124,7.065217391304348,,
184,24.973161567364468,1.737788513150832,29.66988727858293,7.709339774557166,18.08239398819109,5.844068706387547,4.663177670424047,0.4428341384863124,6.877348362855609,,
185,24.9597423510467,1.737788513150832,29.56924315619968,7.669082125603865,17.914653784219002,5.837359098228664,4.817498658078368,0.49651100375738055,6.998121309715513,,
186,25.36231884057971,1.724369296833065,29.274020397208805,7.575147611379496,17.639559849704778,5.8172302737520125,5.179817498658078,0.46967257112184646,6.957863660762212,,
187,25.53676865271068,1.724369296833065,29.012345679012345,7.575147611379496,17.639559849704778,5.723295759527644,5.367686527106817,0.46967257112184646,6.951154052603328,,
188,24.20155662909286,1.724369296833065,28.187063875469672,7.595276435856146,21.531132581857218,4.8443370907139025,5.0858829844337095,0.4025764895330113,6.427804616210413,,
189,24.040526033279658,1.724369296833065,26.690821256038646,7.595276435856146,23.866076221148685,4.8443370907139025,5.0858829844337095,0.4025764895330113,5.750134192163178,,
190,24.282071926999464,1.724369296833065,26.556629092860977,7.595276435856146,23.731884057971016,4.8443370907139025,5.0858829844337095,0.4025764895330113,5.776972624798712,,
191,24.44310252281267,1.724369296833065,26.52308105206656,7.595276435856146,23.731884057971016,4.8443370907139025,5.025496511003757,0.4025764895330113,5.709876543209877,,
192,24.61755233494364,1.724369296833065,26.442565754159958,7.548309178743962,23.691626409017715,4.8443370907139025,5.025496511003757,0.4025764895330113,5.703166935050993,,
193,24.986580783682232,1.710950080515298,26.32850241545894,7.5348899624261945,23.429951690821255,4.8443370907139025,4.958400429414922,0.4025764895330113,5.803811057434245,,
194,25.15432098765432,1.710950080515298,26.073537305421365,7.434245840042942,23.396403650026837,4.824208266237251,4.951690821256038,0.6575415995705851,5.797101449275362,,
195,25.563607085346217,1.7042404723564144,25.959473966720342,7.4006977992485234,23.03408480944713,5.025496511003757,5.005367686527107,0.6575415995705851,5.649490069779925,,
196,25.91250670960816,1.7042404723564144,25.248255501878692,7.333601717659689,22.86634460547504,5.025496511003757,5.005367686527107,0.6239935587761675,6.280193236714976,,
197,26.120504562533547,1.7042404723564144,25.181159420289855,7.353730542136339,22.82608695652174,4.911433172302737,4.998658078368224,0.6239935587761675,6.280193236714976,,
198,26.36876006441224,1.7042404723564144,24.295491143317232,7.266505636070853,22.725442834138487,4.830917874396135,6.005099302200751,0.6239935587761675,6.179549114331723,,
199,26.46940418679549,1.7042404723564144,24.04723564143854,7.266505636070853,22.725442834138487,4.851046698872786,6.166129898013956,0.6239935587761675,6.146001073537305,,
200,26.737788513150832,1.7042404723564144,23.98684916800859,7.266505636070853,22.517444981213096,4.851046698872786,6.166129898013956,0.6239935587761675,6.146001073537305,,
201,26.764626945786365,1.7042404723564144,23.960010735373054,7.266505636070853,22.517444981213096,4.851046698872786,6.166129898013956,0.6239935587761675,6.146001073537305,,
202,26.46940418679549,1.7042404723564144,23.577563070316693,6.622383252818035,24.14117015566291,4.7101449275362315,5.904455179817498,0.5837359098228664,6.286902844873859,,
203,26.8719806763285,1.7042404723564144,23.429951690821255,6.615673644659152,24.00697799248524,4.7101449275362315,5.83064949006978,0.5837359098228664,6.246645195920558,,
204,27.066559312936125,1.7042404723564144,23.201825013419217,6.615673644659152,23.899624261943103,4.7101449275362315,5.83064949006978,0.5837359098228664,6.387546967257112,,
205,27.046430488459475,1.7042404723564144,23.262211486849168,6.615673644659152,23.899624261943103,4.7101449275362315,5.810520665593129,0.5837359098228664,6.367418142780462,,
206,27.126945786366075,1.7042404723564144,23.15485775630703,6.535158346752549,23.872785829307567,4.703435319377348,5.9514224369296835,0.5837359098228664,6.367418142780462,,
207,27.4020397208803,1.7042404723564144,23.060923242082662,6.528448738593666,23.70504562533548,4.7168545356951155,5.9447128287707995,0.5703166935050993,6.367418142780462,,
208,27.42216854535695,1.7042404723564144,23.047504025764894,6.528448738593666,23.70504562533548,4.7168545356951155,5.9447128287707995,0.5703166935050993,6.360708534621578,,
209,27.428878153515836,1.7042404723564144,23.047504025764894,6.461352657004831,23.64465915190553,4.7168545356951155,6.085614600107354,0.5703166935050993,6.340579710144928,,
210,27.831454643048847,1.6706924315619969,22.913311862587225,6.360708534621578,23.45679012345679,4.851046698872786,6.172839506172839,0.5703166935050993,6.172839506172839,,
211,28.361513687600645,1.6706924315619969,22.644927536231883,6.3070316693505095,23.389694041867955,4.810789049919484,6.072195383789587,0.5703166935050993,6.172839506172839,,
212,28.75738056897477,1.6706924315619969,22.383252818035427,6.3070316693505095,23.309178743961354,4.810789049919484,6.0654857756307035,0.5568974771873323,6.139291465378422,,
213,28.965378421900162,1.6706924315619969,22.363123993558776,6.3070316693505095,23.181696188942567,4.810789049919484,6.0654857756307035,0.5568974771873323,6.078904991948471,,
214,29.428341384863124,1.6706924315619969,22.14170692431562,6.179549114331723,23.060923242082662,4.757112184648417,6.0654857756307035,0.5233494363929146,6.172839506172839,,
215,29.71014492753623,1.6706924315619969,21.994095544820183,6.166129898013956,23.18840579710145,4.64975845410628,5.924584004294149,0.5233494363929146,6.172839506172839,,
216,29.8040794417606,1.6706924315619969,21.83977455716586,6.119162640901771,22.993827160493826,4.64975845410628,6.233225979602791,0.5233494363929146,6.166129898013956,,
217,30.099302200751477,1.6706924315619969,21.76596886741814,6.105743424584004,22.993827160493826,4.62962962962963,6.099033816425121,0.5233494363929146,6.112453032742888,,
218,30.340848094471284,1.6505636070853462,21.67874396135266,6.092324208266238,22.69189479334407,4.542404723564144,6.380837359098229,0.5233494363929146,6.099033816425121,,
219,30.441492216854535,1.6505636070853462,21.4170692431562,6.414385399892646,22.5979602791197,4.542404723564144,6.3137412775093935,0.5233494363929146,6.099033816425121,,
220,30.83064949006978,1.6505636070853462,21.276167471819647,6.293612453032743,22.530864197530864,4.361245303274289,6.474771873322598,0.5233494363929146,6.0587761674718195,,
221,30.837359098228664,1.6505636070853462,21.155394524959743,6.293612453032743,22.50402576489533,4.361245303274289,6.615673644659152,0.5233494363929146,6.0587761674718195,,
222,30.9849704777241,1.6505636070853462,21.101717659688674,6.293612453032743,22.463768115942027,4.30756843800322,6.689479334406871,0.5233494363929146,5.984970477724101,,
223,31.49490069779925,1.6505636070853462,20.974235104669887,6.213097155126141,22.27589908749329,4.38137412775094,6.561996779388084,0.5166398282340311,5.931293612453032,,
224,31.82367149758454,1.6505636070853462,20.725979602791195,6.213097155126141,22.23564143853999,4.341116478797638,6.561996779388084,0.5166398282340311,5.931293612453032,,
225,32.15915190552872,1.6505636070853462,20.625335480407944,6.213097155126141,21.947128287707997,4.341116478797638,6.561996779388084,0.5166398282340311,5.984970477724101,,
226,32.326892109500804,1.6371443907675791,20.625335480407944,6.139291465378422,21.81964573268921,4.253891572732153,6.696188942565755,0.5166398282340311,5.984970477724101,,
227,32.44095544820183,1.6371443907675791,20.46430488459474,5.978260869565218,21.732420826623724,4.3478260869565215,6.655931293612453,0.49651100375738055,6.246645195920558,,
228,32.60198604401503,1.6371443907675791,20.41062801932367,5.958132045088567,21.692163177670423,4.320987654320987,6.655931293612453,0.49651100375738055,6.226516371443908,,
229,32.7361782071927,1.6371443907675791,20.229468599033815,5.891035963499732,21.658615136876005,4.394793344068707,6.743156199677939,0.49651100375738055,6.213097155126141,,
230,32.87707997852925,1.6371443907675791,20.21604938271605,5.891035963499732,21.591519055287172,4.361245303274289,6.743156199677939,0.49651100375738055,6.1862587224906065,,
231,32.6154052603328,1.247987117552335,19.826892109500804,6.146001073537305,22.463768115942027,4.367954911433173,6.716317767042405,0.49651100375738055,6.119162640901771,,
232,30.434782608695652,1.2278582930756843,25.241545893719806,5.615942028985507,20.28985507246377,5.4549114331723025,6.166129898013956,0.30193236714975846,5.267042404723564,,
