,45,50,55,51,52,56,54,53,60,57,58,59,46,63,61,47,62
0,99.58400429414922,0.41599570585077833,,,,,,,,,,,,,,,
1,99.41626409017714,0.5837359098228664,,,,,,,,,,,,,,,
2,98.98684916800859,1.0131508319914118,,,,,,,,,,,,,,,
3,84.39345142243693,15.398550724637682,0.20799785292538917,,,,,,,,,,,,,,
4,83.1052066559313,16.680085882984432,0.20799785292538917,0.0067096081588835215,,,,,,,,,,,,,
5,79.52227589908749,20.182501341921633,0.2616747181964573,0.03354804079441761,,,,,,,,,,,,,
6,77.50939345142244,18.867418142780462,0.23483628556092323,3.361513687600644,0.026838432635534086,,,,,,,,,,,,
7,77.37520128824477,18.793612453032743,0.41599570585077833,3.3480944712828773,0.03354804079441761,0.03354804079441761,,,,,,,,,,,
8,74.77187332259795,21.329844337090712,0.4428341384863124,3.294417606011809,0.03354804079441761,0.11406333870101985,0.013419216317767043,,,,,,,,,,
9,73.99355877616748,22.014224369296834,0.5166398282340311,3.3145464304884595,0.03354804079441761,0.11406333870101985,0.013419216317767043,,,,,,,,,,
10,73.79898013955984,22.08132045088567,0.5568974771873323,3.4017713365539453,0.03354804079441761,0.11406333870101985,0.013419216317767043,,,,,,,,,,
11,73.42324208266237,22.33628556092324,0.6776704240472357,3.4017713365539453,0.03354804079441761,0.11406333870101985,0.013419216317767043,,,,,,,,,,
12,71.544551798175,22.470477724100913,0.7045088566827697,5.10601180891036,0.04696725711218465,0.11406333870101985,0.013419216317767043,,,,,,,,,,
13,40.29790660225443,57.30005367686527,0.38915727321524424,1.932367149758454,0.08051529790660225,,,,,,,,,,,,
14,40.09661835748792,57.26650563607085,0.6239935587761675,1.932367149758454,0.08051529790660225,,,,,,,,,,,,
15,39.63365539452496,55.70987654320987,0.8923778851315083,1.932367149758454,0.32877079978529256,,,1.5029522275899088,,,,,,,,,
16,39.52630166398282,54.24718196457327,2.408749329039184,1.932367149758454,0.36231884057971014,,,1.5029522275899088,0.020128824476650563,,,,,,,,
17,38.39237788513151,53.30783682232958,2.4490069779924855,2.6972624798711755,0.36231884057971014,,,2.771068169618894,0.020128824476650563,,,,,,,,
18,38.25147611379496,53.05958132045089,2.844873859366613,2.4557165861513686,0.36231884057971014,,,3.0059044551798175,0.020128824476650563,,,,,,,,
19,38.00322061191626,53.11325818572195,3.026033279656468,2.4557165861513686,0.36231884057971014,,,3.0059044551798175,0.03354804079441761,,,,,,,,
20,36.312399355877616,54.508856682769725,3.3011272141706924,2.4557165861513686,0.35560923242082665,,0.03354804079441761,2.999194847020934,0.03354804079441761,,,,,,,,
21,35.70182501341922,45.36366076221149,2.965646806226516,2.4825550187869028,0.3421900161030596,,10.084541062801932,3.012614063338701,0.04696725711218465,,,,,,,,
22,33.863392377885134,45.7662372517445,2.965646806226516,2.475845410628019,0.3421900161030596,,7.763016639828234,6.776704240472356,0.04696725711218465,,,,,,,,
23,32.94417606011809,43.625872249060656,6.038647342995169,2.4557165861513686,0.322061191626409,,7.722758990874933,6.736446591519055,0.08051529790660225,0.03354804079441761,0.013419216317767043,0.026838432635534086,,,,,
24,32.6959205582394,43.43800322061192,6.421095008051529,2.38191089640365,0.322061191626409,,7.669082125603865,6.816961889425658,0.18115942028985507,0.03354804079441761,0.013419216317767043,0.026838432635534086,,,,,
25,32.669082125603865,43.00858829844337,6.870638754696726,2.38191089640365,0.322061191626409,0.020128824476650563,7.669082125603865,6.8035426731078905,0.18115942028985507,0.03354804079441761,0.013419216317767043,0.026838432635534086,,,,,
26,30.609232420826622,39.68733225979603,6.944444444444445,7.689210950080516,0.2885131508319914,0.020128824476650563,7.367149758454106,6.763285024154589,0.20799785292538917,0.06038647342995169,0.33548040794417605,0.026838432635534086,,,,,
27,30.495169082125603,39.64707461084273,6.863929146537842,7.7361782071927,0.2885131508319914,0.020128824476650563,7.380568974771873,6.716317767042405,0.35560923242082665,0.08722490606548577,0.35560923242082665,0.05367686527106817,,,,,
28,30.461621041331185,39.60010735373054,6.951154052603328,7.608695652173913,0.2885131508319914,0.15432098765432098,7.380568974771873,6.6827697262479875,0.35560923242082665,0.08722490606548577,0.38915727321524424,0.040257648953301126,,,,,
29,28.938539989264626,37.97638217928073,5.5689747718733225,9.655126140633387,0.5166398282340311,0.15432098765432098,9.71551261406334,6.662640901771336,0.27509393451422437,0.08722490606548577,0.4092860976918948,0.040257648953301126,,,,,
30,28.898282340311326,37.64761137949544,5.991680085882985,9.614868491680086,0.5166398282340311,0.1610305958132045,9.695383789586689,6.629092860976919,0.27509393451422437,0.08722490606548577,0.41599570585077833,0.06709608158883522,,,,,
31,26.54320987654321,36.15807836822329,5.5756843800322065,13.627214170692431,4.092860976918948,0.1610305958132045,6.521739130434782,6.561996779388084,0.2147074610842727,0.08722490606548577,0.4294149221685454,0.026838432635534086,,,,,
32,26.48953301127214,35.86285560923242,5.857487922705314,13.654052603327965,4.0995705850778315,0.1610305958132045,6.407675791733762,6.595544820182502,0.32877079978529256,0.08722490606548577,0.4294149221685454,0.026838432635534086,,,,,
33,26.34863123993559,35.98362855609233,5.803811057434245,13.580246913580247,4.086151368760064,0.23483628556092323,6.4345142243692965,6.608964036500268,0.36231884057971014,0.10064412238325282,0.4294149221685454,0.026838432635534086,,,,,
34,26.35534084809447,35.829307568438004,5.897745571658615,13.539989264626946,4.106280193236715,0.28180354267310787,6.4345142243692965,6.602254428341385,0.36902844873859364,0.10064412238325282,0.4294149221685454,0.05367686527106817,,,,,
35,26.29495437466452,35.39318303811057,6.394256575415996,13.479602791196994,4.106280193236715,0.3421900161030596,6.327160493827161,6.602254428341385,0.4294149221685454,0.10064412238325282,0.4294149221685454,0.10064412238325282,,,,,
36,25.43612453032743,36.16478797638218,6.468062265163715,13.425925925925926,4.079441760601181,0.3488996242619431,6.353998926462695,6.541867954911433,0.4428341384863124,0.15432098765432098,0.4830917874396135,0.10064412238325282,,,,,
37,25.40257648953301,33.675523349436396,8.977455716586151,13.39237788513151,4.079441760601181,0.3757380568974772,6.280193236714976,6.515029522275899,0.43612453032742887,0.1878690284487386,0.5099302200751477,0.16774020397208803,,,,,
38,25.087224906065487,33.82984433709071,8.957326892109501,13.399087493290391,4.2203435319377345,0.3757380568974772,6.280193236714976,6.515029522275899,0.43612453032742887,0.1878690284487386,0.5434782608695652,0.16774020397208803,,,,,
39,24.86580783682233,32.96430488459474,9.118357487922705,12.124261943102523,4.602791196994096,0.2952227589908749,8.158883521202362,6.515029522275899,0.4294149221685454,0.1878690284487386,0.5434782608695652,0.19457863660762212,,,,,
40,24.40955448201825,33.272946859903385,9.245840042941492,12.124261943102523,4.582662372517445,0.3153515834675255,8.13875469672571,6.508319914117015,0.4294149221685454,0.20799785292538917,0.5434782608695652,0.2214170692431562,,,,,
41,24.416264090177133,33.07836822329576,9.23913043478261,12.151100375738057,4.51556629092861,0.3153515834675255,8.293075684380032,6.521739130434782,0.4830917874396135,0.2214170692431562,0.5434782608695652,0.2214170692431562,,,,,
42,22.893183038110575,34.39345142243693,9.306226516371444,12.265163714439076,4.49543746645196,0.3153515834675255,8.246108427267847,6.521739130434782,0.5166398282340311,0.24154589371980675,0.5434782608695652,0.2616747181964573,,,,,
43,19.64573268921095,25.939345142243692,5.213365539452496,28.475577026301664,4.361245303274289,0.36231884057971014,7.991143317230274,6.508319914117015,0.4495437466451959,0.24154589371980675,0.5434782608695652,0.2683843263553409,,,,,
44,18.4849704777241,27.100107353730543,5.213365539452496,28.435319377348364,4.361245303274289,0.4092860976918948,7.991143317230274,6.501610305958132,0.4495437466451959,0.24154589371980675,0.5434782608695652,0.2683843263553409,,,,,
45,17.74020397208803,26.54320987654321,5.246913580246914,30.04562533548041,4.361245303274289,0.5300590445517982,7.944176060118089,6.045356951154052,0.48980139559849706,0.24154589371980675,0.5434782608695652,0.2683843263553409,,,,,
46,17.733494363929147,26.50966183574879,5.260332796564681,29.985238862050455,4.361245303274289,0.5568974771873323,7.930756843800322,6.099033816425121,0.48980139559849706,0.24154589371980675,0.5501878690284487,0.2683843263553409,0.013419216317767043,,,,
47,17.64626945786366,26.476113794954376,5.3274288781535155,29.931561996779386,4.361245303274289,0.6239935587761675,7.830112721417069,6.139291465378422,0.5166398282340311,0.24154589371980675,0.6776704240472357,0.2147074610842727,0.013419216317767043,,,,
48,17.659688674181428,26.27482555018787,5.320719269994632,27.415458937198068,4.361245303274289,0.6508319914117016,7.830112721417069,8.796296296296296,0.5166398282340311,0.24154589371980675,0.7045088566827697,0.2147074610842727,0.013419216317767043,,,,
49,17.478529253891573,25.42270531400966,8.776167471819646,24.10762211486849,6.266774020397209,0.5837359098228664,7.796564680622652,7.9106280193236715,0.48980139559849706,0.2147074610842727,0.6843800322061192,0.2549651100375738,0.013419216317767043,,,,
50,17.465110037573805,25.167740203972087,8.99087493290392,24.06736446591519,6.266774020397209,0.6038647342995169,7.709339774557166,7.9106280193236715,0.5166398282340311,0.24154589371980675,0.7447665056360708,0.30193236714975846,0.013419216317767043,,,,
51,15.962157809983896,25.228126677402038,8.742619431025227,23.409822866344605,9.675254965110037,0.5971551261406334,6.937734836285561,7.601986044015029,0.5501878690284487,0.24154589371980675,0.7447665056360708,0.2952227589908749,0.013419216317767043,,,,
52,15.98899624261943,25.013419216317768,8.883521202361782,23.32259796027912,9.561191626409018,0.6843800322061192,6.951154052603328,7.601986044015029,0.5971551261406334,0.3153515834675255,0.7716049382716049,0.2952227589908749,0.013419216317767043,,,,
53,15.975577026301664,24.92619431025228,7.816693505099302,23.262211486849168,10.84272678475577,0.7380568974771873,6.964573268921095,7.521470746108427,0.5568974771873323,0.3153515834675255,0.8051529790660226,0.2616747181964573,0.013419216317767043,,,,
54,15.626677402039721,25.228126677402038,7.803274288781535,23.00053676865271,11.07085346215781,0.7581857219538379,6.944444444444445,7.521470746108427,0.5568974771873323,0.36231884057971014,0.8051529790660226,0.30864197530864196,0.013419216317767043,,,,
55,15.60654857756307,25.275093934514224,7.729468599033816,22.940150295222757,11.07085346215781,0.7917337627482555,6.944444444444445,7.521470746108427,0.6038647342995169,0.38915727321524424,0.8051529790660226,0.30864197530864196,0.013419216317767043,,,,
56,15.566290928609769,25.234836285560924,7.816693505099302,22.779119699409556,11.017176596886742,0.9125067096081588,6.964573268921095,7.467793880837359,0.6038647342995169,0.4428341384863124,0.8655394524959742,0.30864197530864196,0.013419216317767043,0.0067096081588835215,,,
57,15.566290928609769,25.15432098765432,7.809983896940419,22.73886205045625,11.084272678475577,0.9393451422436929,6.957863660762212,7.467793880837359,0.6172839506172839,0.46967257112184646,0.8655394524959742,0.30864197530864196,0.013419216317767043,0.0067096081588835215,,,
58,13.654052603327965,34.41358024691358,7.85024154589372,18.88083735909823,8.984165324745035,0.6038647342995169,5.964841653247451,7.467793880837359,0.6172839506172839,0.36231884057971014,0.8923778851315083,0.2885131508319914,0.013419216317767043,0.0067096081588835215,,,
59,13.47289318303811,26.912238325281802,4.2270531400966185,39.98926462694579,7.14573268921095,0.8789586688137413,0.9057971014492754,5.542136339237788,0.18115942028985507,0.30864197530864196,0.3153515834675255,0.10735373054213634,0.013419216317767043,,,,
60,13.459473966720344,26.838432635534083,4.2270531400966185,39.91545893719807,7.118894256575416,0.9728931830381106,0.9326355340848095,5.562265163714439,0.18115942028985507,0.3421900161030596,0.32877079978529256,0.10735373054213634,0.013419216317767043,,,,
61,13.446054750402576,26.549919484702095,7.27992485238862,36.70155662909286,7.092055823939882,1.0198604401502953,0.9259259259259259,5.998389694041868,0.16774020397208803,0.36902844873859364,0.32877079978529256,0.10735373054213634,0.013419216317767043,,,,
62,13.378958668813741,26.301663982823403,7.306763285024155,36.93639291465379,7.092055823939882,1.0802469135802468,0.9259259259259259,5.984970477724101,0.18115942028985507,0.36231884057971014,0.32877079978529256,0.10735373054213634,0.013419216317767043,,,,
63,12.962962962962964,26.637144390767578,7.27992485238862,36.7686527106817,7.320182501341922,1.1272141706924315,0.9259259259259259,5.971551261406334,0.18115942028985507,0.38915727321524424,0.3153515834675255,0.10735373054213634,0.013419216317767043,,,,
64,12.822061191626409,26.704240472356414,7.286634460547504,35.51395598497048,7.313472893183038,1.133923778851315,2.6704240472356413,5.609232420826624,0.1878690284487386,0.35560923242082665,0.28180354267310787,0.10735373054213634,0.013419216317767043,,,,
65,12.70799785292539,26.84514224369297,7.253086419753086,35.46027911969941,7.313472893183038,1.1607622114868492,2.703972088030059,5.609232420826624,0.1610305958132045,0.35560923242082665,0.28180354267310787,0.10735373054213634,0.013419216317767043,,0.026838432635534086,,
66,12.701288244766506,26.764626945786365,7.313472893183038,35.42002147074611,7.2933440687063875,1.2345679012345678,2.677133655394525,5.5689747718733225,0.1610305958132045,0.36902844873859364,0.322061191626409,0.13419216317767044,0.013419216317767043,,0.026838432635534086,,
67,12.681159420289855,26.724369296833064,7.353730542136339,35.31266774020397,7.273215244229737,1.2949543746645196,2.757648953301127,5.5689747718733225,0.16774020397208803,0.36902844873859364,0.322061191626409,0.13419216317767044,0.013419216317767043,,0.026838432635534086,,
68,12.627482555018787,26.650563607085346,7.50805152979066,35.11137949543747,7.25979602791197,1.4358561460010735,2.7979066022544283,5.615942028985507,0.18115942028985507,0.36902844873859364,0.2683843263553409,0.13419216317767044,0.013419216317767043,,0.026838432635534086,,
69,12.526838432635534,26.670692431561996,7.5281803542673105,35.017444981213096,7.25979602791197,1.5163714439076759,2.8247450348899625,5.636070853462158,0.18115942028985507,0.36902844873859364,0.2683843263553409,0.13419216317767044,0.013419216317767043,,0.05367686527106817,,
70,12.533548040794418,26.596886741814277,7.615405260332796,34.836285560923244,7.226247987117552,1.6438539989264627,2.8381642512077296,5.656199677938808,0.16774020397208803,0.41599570585077833,0.2683843263553409,0.13419216317767044,0.013419216317767043,,0.05367686527106817,,
71,12.553676865271068,26.516371443907676,7.6556629092860975,34.836285560923244,7.253086419753086,1.6438539989264627,2.8381642512077296,5.649490069779925,0.16774020397208803,0.4025764895330113,0.2683843263553409,0.13419216317767044,0.013419216317767043,,0.06709608158883522,,
72,11.66129898013956,24.9597423510467,7.769726247987117,37.19135802469136,7.185990338164252,1.7042404723564144,2.7643585614600106,5.609232420826624,0.16774020397208803,0.4562533548040794,0.2683843263553409,0.13419216317767044,0.013419216317767043,,0.11406333870101985,,
73,11.688137412775093,24.3894256575416,8.480944712828771,36.90955448201825,7.1725711218464845,1.8115942028985508,2.7643585614600106,5.60252281266774,0.16774020397208803,0.46967257112184646,0.28180354267310787,0.13419216317767044,0.013419216317767043,,0.11406333870101985,,
74,11.681427804616211,24.322329575952764,8.541331186258722,36.82903918411165,7.1725711218464845,1.8585614600107354,2.818035426731079,5.562265163714439,0.16774020397208803,0.46967257112184646,0.3153515834675255,0.13419216317767044,0.013419216317767043,,0.11406333870101985,,
75,11.714975845410628,24.020397208803004,8.735909822866345,36.69484702093398,7.1658615136876005,1.8451422436929683,3.099838969404187,5.508588298443371,0.16774020397208803,0.46967257112184646,0.3153515834675255,0.13419216317767044,0.013419216317767043,,0.11406333870101985,,
76,11.701556629092861,24.020397208803004,8.749329039184111,36.69484702093398,7.1658615136876005,1.7914653784219001,3.099838969404187,5.535426731078905,0.19457863660762212,0.46967257112184646,0.3153515834675255,0.13419216317767044,0.013419216317767043,,0.11406333870101985,,
77,11.668008588298443,24.013687600644122,8.756038647342995,36.63446054750403,7.139023081052066,1.8451422436929683,3.113258185721954,5.535426731078905,0.19457863660762212,0.46967257112184646,0.36902844873859364,0.13419216317767044,0.013419216317767043,,0.11406333870101985,,
78,11.58749329039184,23.939881910896403,8.796296296296296,36.56736446591519,7.132313472893183,1.9122383252818036,3.1535158346752548,5.528717122920021,0.19457863660762212,0.5032206119162641,0.4092860976918948,0.13419216317767044,0.013419216317767043,,0.1274825550187869,,
79,11.52710681696189,23.926462694578635,8.876811594202898,36.48684916800859,7.085346215780999,1.9927536231884058,3.1468062265163717,5.501878690284487,0.19457863660762212,0.5501878690284487,0.43612453032742887,0.13419216317767044,0.013419216317767043,,0.1274825550187869,,
80,11.386205045625335,23.101180891035963,8.816425120772946,37.19135802469136,7.024959742351046,2.059849704777241,3.9586688137412773,5.018786902844874,0.20799785292538917,0.5703166935050993,0.38915727321524424,0.13419216317767044,0.013419216317767043,,0.1274825550187869,,
81,11.392914653784219,23.05421363392378,10.326086956521738,35.71524422973698,6.998121309715513,2.046430488459474,3.965378421900161,5.018786902844874,0.23483628556092323,0.5971551261406334,0.3757380568974772,0.13419216317767044,0.013419216317767043,,0.1274825550187869,,
82,11.446591519055287,22.71202361782072,10.305958132045088,35.59447128287708,6.971282877079979,2.086688137412775,4.314278046162104,5.032206119162641,0.2683843263553409,0.6038647342995169,0.38915727321524424,0.13419216317767044,0.013419216317767043,,0.1274825550187869,,
83,11.366076221148685,22.041062801932366,10.299248523886206,34.27938808373591,10.171765968867419,2.0665593129361244,4.260601180891036,4.146537842190016,0.2683843263553409,0.4830917874396135,0.3421900161030596,0.13419216317767044,0.013419216317767043,,0.1274825550187869,,
84,11.419753086419753,21.987385936661298,10.661567364465915,34.16532474503489,10.158346752549651,2.0933977455716586,3.9720880300590444,4.139828234031133,0.2683843263553409,0.4830917874396135,0.33548040794417605,0.1610305958132045,0.013419216317767043,,0.14090177133655393,,
85,11.41304347826087,20.86688137412775,10.19189479334407,33.923778851315085,10.131508319914117,2.3349436392914655,4.146537842190016,5.515297906602254,0.2683843263553409,0.5099302200751477,0.3824476650563607,0.1610305958132045,0.013419216317767043,,0.14090177133655393,,
86,10.896403650026839,19.00161030595813,9.936929683306495,35.11137949543747,10.050993022007514,2.717391304347826,3.784219001610306,6.870638754696726,0.2549651100375738,0.5636070853462157,0.4830917874396135,0.15432098765432098,0.013419216317767043,,0.1610305958132045,,
87,10.782340311325818,19.129092860976918,9.923510466988727,35.06441223832528,10.037573805689748,2.717391304347826,3.770799785292539,6.863929146537842,0.24154589371980675,0.5770263016639828,0.5636070853462157,0.15432098765432098,0.013419216317767043,,0.1610305958132045,,
88,10.68840579710145,19.02173913043478,10.010735373054214,35.11137949543747,10.037573805689748,2.7106816961889426,3.784219001610306,6.830381105743425,0.24154589371980675,0.5770263016639828,0.6575415995705851,0.15432098765432098,0.013419216317767043,,0.1610305958132045,,
89,10.674986580783683,18.719806763285025,10.178475577026301,35.06441223832528,9.98389694041868,2.6838432635534084,3.9855072463768115,6.843800322061192,0.24154589371980675,0.630703166935051,0.6508319914117016,0.16774020397208803,0.013419216317767043,,0.1610305958132045,,
90,10.507246376811594,18.659420289855074,10.077831454643048,34.876543209876544,10.393183038110575,2.7308105206655933,4.025764895330113,6.890767579173376,0.24154589371980675,0.5904455179817498,0.6508319914117016,0.16774020397208803,0.013419216317767043,,0.17444981213097155,,
91,10.50053676865271,18.35077831454643,8.863392377885132,33.031400966183575,14.009661835748792,2.5966183574879227,3.992216854535695,6.904186795491143,0.18115942028985507,0.5904455179817498,0.6508319914117016,0.16774020397208803,0.013419216317767043,,0.14761137949543746,,
92,10.46027911969941,18.35077831454643,8.930488459473967,32.971014492753625,13.955984970477724,2.5563607085346214,3.9989264626945786,6.971282877079979,0.18115942028985507,0.644122383252818,0.6508319914117016,0.16774020397208803,0.013419216317767043,,0.14761137949543746,,
93,10.379763821792807,18.4044551798175,8.917069243156199,32.769726247987116,13.667471819645733,2.918679549114332,3.9855072463768115,6.998121309715513,0.1610305958132045,0.644122383252818,0.8051529790660226,0.16774020397208803,0.013419216317767043,,0.16774020397208803,,
94,10.379763821792807,18.364197530864196,8.984165324745035,31.736446591519055,13.667471819645733,2.677133655394525,5.280461621041331,6.951154052603328,0.1610305958132045,0.644122383252818,0.8051529790660226,0.16774020397208803,0.013419216317767043,,0.16774020397208803,,
95,10.393183038110575,18.357487922705314,8.970746108427267,31.716317767042405,13.66076221148685,2.717391304347826,5.280461621041331,6.951154052603328,0.1610305958132045,0.6575415995705851,0.785024154589372,0.16774020397208803,0.013419216317767043,,0.16774020397208803,,
96,9.386741814278047,19.229736983360173,8.870101986044014,32.2463768115942,13.285024154589372,2.690552871712292,5.10601180891036,7.300053676865271,0.1610305958132045,0.6575415995705851,0.7179280730005367,0.16774020397208803,0.013419216317767043,,0.16774020397208803,,
97,9.366612989801396,19.088835212023618,8.896940418679549,32.2061191626409,13.217928073000536,2.6972624798711755,5.246913580246914,7.326892109500805,0.1610305958132045,0.7045088566827697,0.7179280730005367,0.16774020397208803,0.013419216317767043,,0.1878690284487386,,
98,9.400161030595813,19.061996779388085,8.923778851315083,31.924315619967793,13.157541599570585,2.7844873859366612,5.273752012882448,7.461084272678476,0.1610305958132045,0.785024154589372,0.7112184648416533,0.14090177133655393,0.013419216317767043,,0.20128824476650564,,
99,9.339774557165862,19.028448738593667,9.03113258185722,31.863929146537842,13.157541599570585,2.7777777777777777,5.273752012882448,7.501341921631776,0.1610305958132045,0.798443370907139,0.7112184648416533,0.14090177133655393,0.013419216317767043,,0.20128824476650564,,
100,9.359903381642512,18.9747718733226,9.104938271604938,31.82367149758454,13.144122383252817,2.7643585614600106,5.273752012882448,7.514761137949543,0.1610305958132045,0.798443370907139,0.7112184648416533,0.15432098765432098,0.013419216317767043,,0.20128824476650564,,
101,9.386741814278047,18.894256575415994,9.131776704240472,31.749865807836823,13.197799248523886,2.791196994095545,5.287171229200215,7.514761137949543,0.1610305958132045,0.8252818035426731,0.7313472893183038,0.15432098765432098,0.013419216317767043,,0.1610305958132045,,
102,9.400161030595813,18.820450885668276,9.151905528717123,31.635802469135804,13.217928073000536,2.885131508319914,5.267042404723564,7.48792270531401,0.1610305958132045,0.8521202361782072,0.7380568974771873,0.20799785292538917,0.013419216317767043,,0.1610305958132045,,
103,7.930756843800322,22.665056360708533,9.98389694041868,30.683038110574344,11.372785829307569,2.8113258185721954,5.186527106816962,7.2933440687063875,0.14090177133655393,0.7648953301127214,0.785024154589372,0.20799785292538917,0.013419216317767043,,0.1610305958132045,,
104,7.058507783145465,20.30998389694042,8.876811594202898,35.34621578099839,12.412775093934513,2.7643585614600106,4.42163177670424,6.823671497584541,0.13419216317767044,0.7447665056360708,0.7380568974771873,0.19457863660762212,0.013419216317767043,,0.1610305958132045,,
105,7.0383789586688135,20.095276435856146,8.82313472893183,35.05099302200752,12.412775093934513,3.0327428878153517,4.42163177670424,7.112184648416532,0.13419216317767044,0.7313472893183038,0.7783145464304885,0.19457863660762212,0.013419216317767043,,0.1610305958132045,,
106,7.0450885668276975,20.021470746108427,9.138486312399356,34.84970477724101,12.372517444981213,3.046162104133119,4.42163177670424,7.105475040257649,0.13419216317767044,0.7447665056360708,0.7514761137949544,0.19457863660762212,0.013419216317767043,,0.1610305958132045,,
107,6.991411701556629,19.94766505636071,9.185453569511541,35.35963499731616,12.117552334943639,3.066290928609769,4.42163177670424,6.9243156199677935,0.13419216317767044,0.7380568974771873,0.7447665056360708,0.19457863660762212,0.013419216317767043,,0.1610305958132045,,
108,6.998121309715513,19.81347289318304,8.514492753623188,34.47396672034353,12.097423510466989,3.0730005367686526,6.0587761674718195,6.904186795491143,0.13419216317767044,0.7917337627482555,0.7313472893183038,0.23483628556092323,0.013419216317767043,,0.1610305958132045,,
109,7.071926999463232,19.81347289318304,8.970746108427267,34.01100375738057,11.969940955448202,3.0730005367686526,6.005099302200751,6.890767579173376,0.13419216317767044,0.8252818035426731,0.7447665056360708,0.2952227589908749,0.013419216317767043,,0.18115942028985507,,
110,7.085346215780999,19.45115405260333,9.306226516371444,34.0378421900161,11.929683306494901,3.0595813204508855,6.011808910359635,6.877348362855609,0.14761137949543746,0.8118625872249061,0.7648953301127214,0.322061191626409,0.013419216317767043,,0.18115942028985507,,
111,6.89747718733226,19.16935050993022,9.353193773483628,33.72920021470746,11.513687600644122,3.0059044551798175,6.280193236714976,7.7831454643048845,0.14761137949543746,0.8252818035426731,0.7716049382716049,0.322061191626409,0.013419216317767043,,0.1878690284487386,,
112,6.890767579173376,17.820719269994633,10.775630703166936,33.54804079441761,11.513687600644122,3.0931293612453032,6.280193236714976,7.796564680622652,0.14761137949543746,0.8252818035426731,0.7716049382716049,0.322061191626409,0.013419216317767043,,0.20128824476650564,,
113,6.890767579173376,16.841116478797638,10.829307568438002,33.44068706387547,10.929951690821255,3.1333870101986045,6.146001073537305,9.359903381642512,0.16774020397208803,0.9997316156736447,0.7716049382716049,0.2885131508319914,,,0.20128824476650564,,
114,6.877348362855609,16.78743961352657,10.990338164251208,33.24610842726785,10.903113258185721,3.1333870101986045,6.011808910359635,9.31964573268921,0.15432098765432098,1.0601180891035964,0.8118625872249061,0.5032206119162641,,,0.20128824476650564,,
115,6.890767579173376,16.23054213633924,12.419484702093397,32.47450348899624,10.896403650026839,3.1602254428341383,5.857487922705314,9.373322597960279,0.14761137949543746,1.0332796564680622,0.8118625872249061,0.5032206119162641,,,0.20128824476650564,,
116,6.91760601180891,16.210413311862588,12.620772946859903,32.098765432098766,10.88298443370907,3.2004830917874396,5.870907139023081,9.514224369296834,0.14761137949543746,1.0198604401502953,0.8118625872249061,0.5032206119162641,,,0.20128824476650564,,
117,6.957863660762212,16.0829307568438,12.72812667740204,31.561996779388085,10.86285560923242,3.683574879227053,5.904455179817498,9.46725711218465,0.1610305958132045,1.0064412238325282,0.8319914117015567,0.5434782608695652,,,0.20128824476650564,0.0067096081588835215,
118,6.951154052603328,16.06280193236715,13.09044551798175,31.092324208266238,10.82259796027912,3.6902844873859366,5.917874396135265,9.41358024691358,0.16774020397208803,1.0735373054213635,0.9326355340848095,0.5636070853462157,,,0.2147074610842727,0.0067096081588835215,
119,6.964573268921095,16.009125067096083,13.103864734299517,31.03864734299517,10.802469135802468,3.7037037037037037,6.005099302200751,9.41358024691358,0.19457863660762212,1.0601180891035964,0.9192163177670424,0.5636070853462157,,,0.2147074610842727,0.0067096081588835215,
120,7.024959742351046,15.96886741814278,13.097155126140633,30.95813204508857,10.654857756307031,3.730542136339238,5.911164787976382,9.494095544820183,0.20799785292538917,1.3083735909822867,0.8789586688137413,0.5434782608695652,,,0.2147074610842727,0.0067096081588835215,
121,7.018250134192163,15.96886741814278,13.157541599570585,30.870907139023082,10.621309715512615,3.7640901771336552,6.380837359098229,9.004294149221685,0.20799785292538917,1.3083735909822867,0.9326355340848095,0.5434782608695652,,,0.2147074610842727,0.0067096081588835215,
122,6.951154052603328,15.96886741814278,13.191089640365004,30.85077831454643,10.607890499194847,3.7775093934514223,6.340579710144928,8.997584541062801,0.20799785292538917,1.328502415458937,0.9460547504025765,0.6105743424584005,,,0.2147074610842727,0.0067096081588835215,
123,6.622383252818035,15.841384863123993,13.191089640365004,31.53515834675255,10.433440687063875,3.938539989264627,6.347289318303811,8.776167471819646,0.20799785292538917,1.328502415458937,0.9460547504025765,0.6105743424584005,,,0.2147074610842727,0.0067096081588835215,
124,6.595544820182502,15.854804079441761,13.318572195383789,31.374127750939344,10.426731078904991,3.9519592055823938,6.374127750939345,8.78287707997853,0.20799785292538917,1.3419216317767042,0.9393451422436929,0.6105743424584005,,,0.2147074610842727,0.0067096081588835215,
125,6.602254428341385,15.854804079441761,13.305152979066023,31.320450885668276,10.373054213633925,4.012345679012346,6.400966183574879,8.709071390230811,0.19457863660762212,1.3620504562533549,1.0332796564680622,0.6105743424584005,,,0.2147074610842727,0.0067096081588835215,
126,6.615673644659152,15.841384863123993,13.305152979066023,31.21309715512614,10.36634460547504,4.05931293612453,6.421095008051529,8.695652173913043,0.20799785292538917,1.3821792807300053,1.0332796564680622,0.6105743424584005,,,0.24154589371980675,0.0067096081588835215,
127,6.461352657004831,15.995705850778315,13.808373590982287,30.844068706387546,10.326086956521738,3.9720880300590444,6.380837359098229,8.675523349436393,0.20799785292538917,1.3888888888888888,1.0601180891035964,0.6374127750939346,,,0.23483628556092323,0.0067096081588835215,
128,6.488191089640365,15.962157809983896,13.976113794954374,30.73671497584541,10.305958132045088,3.9720880300590444,6.374127750939345,8.635265700483092,0.20799785292538917,1.415727321524423,1.0466988727858293,0.6374127750939346,,,0.23483628556092323,0.0067096081588835215,
129,6.508319914117015,15.962157809983896,14.002952227589908,30.64278046162104,10.279119699409554,4.052603327965647,6.327160493827161,8.648684916800859,0.20799785292538917,1.42914653784219,1.0601180891035964,0.6374127750939346,,,0.23483628556092323,0.0067096081588835215,
130,6.447933440687064,15.975577026301664,13.868760064412239,29.066022544283413,13.003220611916264,4.126409017713366,5.689747718733226,8.447396672034353,0.19457863660762212,1.328502415458937,0.9796027911969941,0.5971551261406334,,,0.2683843263553409,0.0067096081588835215,
131,6.447933440687064,15.921900161030596,13.895598497047773,29.03918411164788,13.003220611916264,4.146537842190016,5.709876543209877,8.413848631239935,0.19457863660762212,1.328502415458937,0.9930220075147611,0.5971551261406334,,,0.30193236714975846,0.0067096081588835215,
132,6.481481481481482,15.881642512077295,13.801663982823403,28.797638217928075,12.915995705850777,4.159957058507783,5.709876543209877,8.393719806763285,0.19457863660762212,1.724369296833065,1.0332796564680622,0.5971551261406334,,,0.30193236714975846,0.0067096081588835215,
133,6.421095008051529,14.217659688674182,13.063607085346217,28.784219001610307,12.929414922168545,4.159957058507783,8.09849704777241,8.393719806763285,0.20799785292538917,1.7310789049919484,1.0265700483091786,0.630703166935051,,,0.32877079978529256,0.0067096081588835215,
134,6.367418142780462,14.009661835748792,13.009930220075148,31.76328502415459,12.875738056897477,4.206924315619967,7.62211486849168,6.407675791733762,0.20799785292538917,1.6170155662909287,0.966183574879227,0.6105743424584005,,,0.32877079978529256,0.0067096081588835215,
135,6.374127750939345,13.674181427804616,13.345410628019323,31.736446591519055,12.848899624261943,4.1532474503489,7.675791733762749,6.407675791733762,0.20799785292538917,1.6438539989264627,0.966183574879227,0.6105743424584005,,,0.3488996242619431,0.0067096081588835215,
136,6.400966183574879,13.66076221148685,13.345410628019323,31.548577563070317,12.822061191626409,4.253891572732153,7.722758990874933,6.414385399892646,0.2616747181964573,1.6774020397208802,0.9259259259259259,0.6105743424584005,,,0.3488996242619431,0.0067096081588835215,
137,6.447933440687064,13.580246913580247,13.271604938271604,31.4747718733226,12.815351583467525,4.327697262479871,7.729468599033816,6.414385399892646,0.38915727321524424,1.6774020397208802,0.9057971014492754,0.6105743424584005,,,0.3488996242619431,0.0067096081588835215,
138,6.454643048845948,13.526570048309178,13.097155126140633,31.387546967257112,12.72812667740204,4.51556629092861,7.7361782071927,6.4412238325281805,0.38915727321524424,1.7847557702630166,0.9460547504025765,0.6239935587761675,,,0.36231884057971014,0.0067096081588835215,
139,6.481481481481482,13.493022007514762,13.083735909822867,31.300322061191626,12.721417069243156,4.602791196994096,7.7361782071927,6.461352657004831,0.38915727321524424,1.7914653784219001,0.9460547504025765,0.6239935587761675,,,0.36231884057971014,0.0067096081588835215,
140,6.521739130434782,13.47289318303811,13.030059044551798,31.273483628556093,12.721417069243156,4.636339237788513,7.7361782071927,6.421095008051529,0.38915727321524424,1.7914653784219001,0.9863123993558777,0.6172839506172839,,,0.39586688137412773,0.0067096081588835215,
141,6.521739130434782,13.439345142243694,13.077026301663983,31.159420289855074,12.667740203972087,4.7168545356951155,7.695920558239399,6.447933440687064,0.4227053140096618,1.7914653784219001,1.0131508319914118,0.644122383252818,,,0.39586688137412773,0.0067096081588835215,
142,6.521739130434782,13.331991411701557,13.962694578636608,30.48174986580784,12.614063338701019,4.602791196994096,7.689210950080516,6.427804616210413,0.4227053140096618,1.8250134192163177,1.0466988727858293,0.6374127750939346,,,0.4294149221685454,0.0067096081588835215,
143,6.535158346752549,13.318572195383789,14.935587761674718,29.844337090713903,12.600644122383253,4.448470209339774,7.427536231884058,6.414385399892646,0.4830917874396135,1.8384326355340848,1.0601180891035964,0.6575415995705851,,,0.4294149221685454,0.0067096081588835215,
144,6.5485775630703165,13.043478260869565,14.17740203972088,29.622920021470748,12.27187332259796,4.388083735909823,7.4006977992485234,8.125335480407944,0.3421900161030596,1.8518518518518519,1.0735373054213635,0.6843800322061192,,,0.46296296296296297,0.0067096081588835215,
145,6.541867954911433,13.003220611916264,14.210950080515298,29.441760601180892,12.218196457326892,4.441760601180891,7.387278582930757,8.299785292538916,0.3421900161030596,1.90552871712292,1.0735373054213635,0.6843800322061192,,,0.4428341384863124,0.0067096081588835215,
146,6.541867954911433,13.01663982823403,14.096886741814279,29.388083735909824,12.204777241009126,4.468599033816425,7.27992485238862,8.313204508856682,0.36902844873859364,1.90552871712292,1.2345679012345678,0.6977992485238862,,,0.47638217928073,0.0067096081588835215,
147,6.528448738593666,12.989801395598498,14.150563607085346,29.334406870638755,12.204777241009126,4.4820182501341925,7.2933440687063875,8.272946859903382,0.36902844873859364,1.90552871712292,1.288244766505636,0.6977992485238862,,,0.47638217928073,0.0067096081588835215,
148,6.5485775630703165,12.969672571121846,14.036500268384327,29.294149221685455,12.204777241009126,4.49543746645196,7.340311325818572,8.28636607622115,0.36902844873859364,1.9994632313472893,1.2546967257112185,0.7246376811594203,,,0.46967257112184646,0.0067096081588835215,
149,6.5552871712292005,12.86231884057971,14.13714439076758,29.260601180891037,12.23161567364466,4.448470209339774,7.367149758454106,8.272946859903382,0.36902844873859364,2.0397208803005906,1.2546967257112185,0.7246376811594203,,,0.46967257112184646,0.0067096081588835215,
150,6.481481481481482,12.922705314009661,14.143853998926463,29.186795491143318,12.238325281803542,4.428341384863124,7.407407407407407,8.299785292538916,0.36902844873859364,2.0665593129361244,1.2546967257112185,0.7246376811594203,,,0.46967257112184646,0.0067096081588835215,
151,6.468062265163715,12.882447665056361,15.593129361245303,28.18035426731079,12.211486849168008,4.086151368760064,7.407407407407407,8.272946859903382,0.36902844873859364,2.0665593129361244,1.2949543746645196,0.7112184648416533,,,0.4495437466451959,0.0067096081588835215,
152,6.488191089640365,12.86231884057971,15.546162104133119,28.119967793880836,12.204777241009126,4.133118625872249,7.4208266237251745,8.279656468062266,0.4025764895330113,2.0799785292538915,1.3083735909822867,0.7112184648416533,,,0.43612453032742887,0.0067096081588835215,
153,6.347289318303811,12.828770799785293,15.485775630703166,26.89210950080515,14.009661835748792,3.938539989264627,7.4208266237251745,8.064949006977992,0.4025764895330113,2.1403650026838434,1.2748255501878691,0.7447665056360708,,,0.4428341384863124,0.0067096081588835215,
154,6.400966183574879,12.801932367149758,15.45222758990875,26.84514224369297,13.962694578636608,3.992216854535695,7.387278582930757,8.044820182501342,0.4227053140096618,2.200751476113795,1.288244766505636,0.7447665056360708,,,0.4495437466451959,0.0067096081588835215,
155,6.4412238325281805,12.788513150831992,15.438808373590982,26.704240472356414,13.92914653784219,4.119699409554482,7.347020933977456,8.07836822329576,0.4227053140096618,2.227589908749329,1.288244766505636,0.7581857219538379,,,0.4495437466451959,0.0067096081588835215,
156,6.3137412775093935,12.93612453032743,15.425389157273216,26.643853998926463,13.882179280730005,4.146537842190016,7.273215244229737,8.091787439613526,0.4294149221685454,2.2410091250670963,1.328502415458937,0.8319914117015567,,,0.4495437466451959,0.0067096081588835215,
157,6.327160493827161,12.902576489533011,15.398550724637682,26.549919484702095,13.855340848094471,4.274020397208803,7.320182501341922,8.017981749865807,0.4294149221685454,2.2611379495437465,1.3821792807300053,0.8252818035426731,,,0.4495437466451959,0.0067096081588835215,
158,6.353998926462695,12.902576489533011,15.405260332796564,26.50966183574879,13.774825550187868,4.435050993022007,7.300053676865271,7.937466451959206,0.4294149221685454,2.3215244229736984,1.3620504562533549,0.798443370907139,,,0.46296296296296297,0.0067096081588835215,
159,6.347289318303811,12.902576489533011,15.385131508319914,26.227858293075684,13.774825550187868,4.723564143853999,7.320182501341922,7.944176060118089,0.4294149221685454,2.281266774020397,1.3955984970477724,0.798443370907139,,,0.46296296296296297,0.0067096081588835215,
160,6.280193236714976,12.446323134728932,17.008856682769725,25.717928073000536,13.318572195383789,4.663177670424047,7.333601717659689,7.950885668276973,0.46296296296296297,2.1806226516371443,1.3821792807300053,0.785024154589372,,,0.46296296296296297,0.0067096081588835215,
161,6.333870101986044,12.392646269457863,17.022275899087493,25.684380032206118,13.311862587224907,4.703435319377348,7.313472893183038,7.937466451959206,0.48980139559849706,2.1739130434782608,1.3955984970477724,0.7716049382716049,,,0.46296296296296297,0.0067096081588835215,
162,6.333870101986044,12.399355877616747,16.941760601180892,25.670960815888353,13.419216317767042,4.703435319377348,7.300053676865271,7.96430488459474,0.5166398282340311,2.1135265700483092,1.4090177133655395,0.7581857219538379,,,0.46296296296296297,0.0067096081588835215,
163,6.360708534621578,12.399355877616747,16.914922168545356,25.583735909822867,13.358829844337091,4.770531400966184,7.286634460547504,7.971014492753623,0.5166398282340311,2.187332259796028,1.4358561460010735,0.7783145464304885,,,0.4294149221685454,0.0067096081588835215,
