,45,50,51,55,53,52,57,54,56,60,61,58,59,46,62
0,99.32232957595276,0.6776704240472357,,,,,,,,,,,,,
1,77.56977992485238,22.21551261406334,0.1274825550187869,0.08722490606548577,,,,,,,,,,,
2,77.34836285560924,21.73913043478261,0.15432098765432098,0.7246376811594203,0.03354804079441761,,,,,,,,,,
3,77.30139559849705,21.68545356951154,0.15432098765432098,0.785024154589372,0.06038647342995169,0.013419216317767043,,,,,,,,,
4,54.73698336017176,43.223295759527645,,1.1003757380568975,0.06038647342995169,0.8789586688137413,,,,,,,,,
5,51.82501341921632,42.52549651100376,3.556092324208266,1.1205045625335481,0.06038647342995169,0.8789586688137413,0.03354804079441761,,,,,,,,
6,51.68411164787977,42.43827160493827,3.556092324208266,1.328502415458937,0.06038647342995169,0.8789586688137413,0.03354804079441761,0.020128824476650563,,,,,,,
7,51.54320987654321,42.31749865807837,3.556092324208266,1.5901771336553945,0.06038647342995169,0.8789586688137413,0.03354804079441761,0.020128824476650563,,,,,,,
8,51.07353730542136,42.391304347826086,3.6231884057971016,1.9189479334406871,0.06038647342995169,0.8789586688137413,0.03354804079441761,0.020128824476650563,,,,,,,
9,50.013419216317764,43.16961889425657,3.6500268384326353,2.1739130434782608,0.06038647342995169,0.8789586688137413,0.03354804079441761,0.020128824476650563,,,,,,,
10,49.90606548577563,42.961621041331185,3.6500268384326353,2.4892646269457863,0.06038647342995169,0.8789586688137413,0.03354804079441761,0.020128824476650563,,,,,,,
11,49.77187332259796,42.73349436392915,3.6500268384326353,2.7106816961889426,0.06038647342995169,0.8789586688137413,0.03354804079441761,0.1610305958132045,,,,,,,
12,49.51690821256039,42.3845947396672,3.6500268384326353,2.7442297369833604,0.6374127750939346,0.8789586688137413,0.03354804079441761,0.15432098765432098,,,,,,,
13,43.243424584004295,27.851583467525497,23.289049919484704,3.992216854535695,0.6172839506172839,0.8521202361782072,,0.13419216317767044,0.020128824476650563,,,,,,
14,43.08910359634997,28.032742887815353,22.86634460547504,4.314278046162104,0.6172839506172839,0.8521202361782072,,0.13419216317767044,0.0939345142243693,,,,,,
15,42.88781535158347,28.026033279656467,18.431293612453032,4.253891572732153,0.644122383252818,0.95276435856146,,0.13419216317767044,4.669887278582931,,,,,,
16,42.599302200751474,28.093129361245303,18.411164787976382,4.213633923778851,0.644122383252818,0.8722490606548577,,0.46967257112184646,4.643048845947397,0.026838432635534086,0.026838432635534086,,,,
17,42.579173376274824,27.891841116478798,18.250134192163177,4.388083735909823,0.644122383252818,0.8387010198604401,,0.5233494363929146,4.830917874396135,0.026838432635534086,0.026838432635534086,,,,
18,42.56575415995706,27.831454643048847,17.914653784219002,4.40150295222759,0.644122383252818,0.8387010198604401,0.03354804079441761,0.5501878690284487,5.152979066022544,0.03354804079441761,0.03354804079441761,,,,
19,42.23698336017176,27.34165324745035,13.667471819645733,4.166666666666667,0.6374127750939346,8.145464304884594,0.03354804079441761,0.4495437466451959,3.260869565217391,0.03354804079441761,0.026838432635534086,,,,
20,42.129629629629626,27.012882447665056,10.144927536231885,4.602791196994096,0.6374127750939346,7.7831454643048845,0.0939345142243693,4.817498658078368,2.717391304347826,0.03354804079441761,0.026838432635534086,,,,
21,41.720343531937736,26.7914653784219,10.63472893183038,4.636339237788513,0.6374127750939346,7.7831454643048845,0.1274825550187869,4.851046698872786,2.7442297369833604,0.04696725711218465,0.026838432635534086,,,,
22,41.37144390767579,25.067096081588836,10.319377348362856,4.528985507246377,0.6374127750939346,7.830112721417069,0.16774020397208803,7.25979602791197,2.717391304347826,0.04696725711218465,0.05367686527106817,,,,
23,37.47987117552335,34.56119162640902,3.126677402039721,3.978797638217928,0.6374127750939346,16.76731078904992,0.06709608158883522,2.7509393451422435,0.4294149221685454,0.04696725711218465,,0.15432098765432098,,,
24,29.60950080515298,40.49919484702093,4.51556629092861,4.28743961352657,0.6172839506172839,16.686795491143318,0.10064412238325282,3.066290928609769,0.41599570585077833,0.04696725711218465,,0.15432098765432098,,,
25,29.381374127750938,40.35829307568438,4.51556629092861,4.562533548040794,0.49651100375738055,16.881374127750938,0.12077294685990338,3.066290928609769,0.41599570585077833,0.04696725711218465,,0.15432098765432098,,,
26,29.045893719806763,40.49919484702093,4.488727858293076,4.696725711218465,0.49651100375738055,16.794149221685455,0.2616747181964573,3.099838969404187,0.41599570585077833,0.04696725711218465,,0.15432098765432098,,,
27,28.73725174449812,40.66022544283414,4.461889425657541,4.904723564143854,0.49651100375738055,16.170155662909288,0.8588298443370908,3.099838969404187,0.4092860976918948,0.04696725711218465,,0.15432098765432098,,,
28,28.421900161030596,40.485775630703166,4.5960815888352125,5.213365539452496,0.49651100375738055,16.09634997316157,0.9259259259259259,3.1535158346752548,0.4092860976918948,0.04696725711218465,,0.15432098765432098,,,
29,28.25415995705851,40.29119699409554,4.51556629092861,5.501878690284487,0.5568974771873323,14.647074610842727,0.95276435856146,4.663177670424047,0.4092860976918948,0.05367686527106817,,0.15432098765432098,,,
30,27.771068169618893,38.65405260332797,4.025764895330113,5.441492216854535,0.5166398282340311,13.499731615673644,0.95276435856146,8.024691358024691,0.8454106280193237,0.06709608158883522,,0.19457863660762212,0.0067096081588835215,,
31,27.616747181964573,38.7211486849168,4.025764895330113,5.434782608695652,0.5166398282340311,13.378958668813741,1.0064412238325282,8.064949006977992,0.8454106280193237,0.06709608158883522,,0.3153515834675255,0.0067096081588835215,,
32,27.603327965646805,38.539989264626946,4.025764895330113,5.609232420826624,0.7246376811594203,13.130703166935051,1.06682769726248,8.004562533548041,0.8454106280193237,0.06709608158883522,,0.3153515834675255,0.06709608158883522,,
33,27.47584541062802,38.6808910359635,4.005636070853462,5.622651637144391,0.8118625872249061,12.942834138486312,0.9796027911969941,7.957595276435856,1.0198604401502953,0.12077294685990338,,0.3153515834675255,0.06709608158883522,,
34,27.489264626945786,38.57353730542136,3.978797638217928,5.703166935050993,0.8521202361782072,12.815351583467525,1.0735373054213635,7.924047235641439,1.0601180891035964,0.14090177133655393,,0.30864197530864196,0.08051529790660225,,
35,26.529790660225444,36.882716049382715,3.824476650563607,5.629361245303274,0.8387010198604401,15.613258185721953,1.2546967257112185,7.749597423510467,1.0601180891035964,0.16774020397208803,,0.30864197530864196,0.14090177133655393,,
36,24.758454106280194,38.7211486849168,3.8043478260869565,5.776972624798712,0.8387010198604401,15.391841116478798,1.2546967257112185,7.729468599033816,1.0601180891035964,0.16774020397208803,,0.35560923242082665,0.14090177133655393,,
37,22.96027911969941,39.99597423510467,3.9855072463768115,5.991680085882985,0.8387010198604401,15.291196994095545,1.2815351583467525,7.803274288781535,1.0735373054213635,0.28180354267310787,,0.35560923242082665,0.14090177133655393,,
38,22.987117552334944,39.68733225979603,4.005636070853462,6.260064412238325,0.8387010198604401,15.103327965646805,1.4224369296833066,7.7898550724637685,1.0735373054213635,0.33548040794417605,,0.35560923242082665,0.14090177133655393,,
39,22.805958132045088,38.12399355877617,3.9989264626945786,6.105743424584004,0.7313472893183038,16.921631776704242,1.4626945786366077,7.7831454643048845,1.0466988727858293,0.38915727321524424,,0.3488996242619431,0.2616747181964573,0.020128824476650563,
40,22.725442834138487,38.0703166935051,3.938539989264627,6.0654857756307035,0.7447665056360708,16.867954911433173,1.4626945786366077,7.883789586688137,1.221148684916801,0.38915727321524424,,0.3488996242619431,0.2616747181964573,0.020128824476650563,
41,20.833333333333332,37.37251744498121,6.454643048845948,6.112453032742888,0.7917337627482555,16.800858829844337,1.4358561460010735,7.85024154589372,1.3016639828234031,0.38915727321524424,,0.3488996242619431,0.2885131508319914,0.020128824476650563,
42,20.739398819108963,37.0907139023081,6.421095008051529,6.286902844873859,0.8252818035426731,16.774020397208805,1.4626945786366077,8.051529790660226,1.3016639828234031,0.38915727321524424,,0.3488996242619431,0.2885131508319914,0.020128824476650563,
43,20.75281803542673,37.02361782071927,6.320450885668277,6.320450885668277,0.8521202361782072,16.72705314009662,1.5230810520665594,7.991143317230274,1.3687600644122384,0.43612453032742887,0.013419216317767043,0.3488996242619431,0.30193236714975846,0.020128824476650563,
44,20.551529790660226,37.11084272678475,6.253354804079442,6.421095008051529,0.8521202361782072,16.6532474503489,1.6371443907675791,8.031400966183575,1.3687600644122384,0.43612453032742887,0.013419216317767043,0.3488996242619431,0.30193236714975846,0.020128824476650563,
45,19.679280730005367,34.70880300590446,7.823403113258186,6.595544820182502,0.8319914117015567,16.451959205582394,1.6841116478797638,10.111379495437467,0.9125067096081588,0.43612453032742887,0.013419216317767043,0.4294149221685454,0.30193236714975846,0.020128824476650563,
46,19.692699946323135,34.58132045088567,7.816693505099302,6.736446591519055,0.8252818035426731,16.438539989264626,1.9524959742351047,9.433709071390231,1.2546967257112185,0.43612453032742887,0.013419216317767043,0.4562533548040794,0.3421900161030596,0.020128824476650563,
47,19.122383252818036,34.286097691894796,7.823403113258186,6.696188942565755,1.932367149758454,16.371443907675793,2.01959205582394,9.158615136876007,1.221148684916801,0.43612453032742887,0.013419216317767043,0.5703166935050993,0.32877079978529256,0.020128824476650563,
48,19.16935050993022,34.15190552871712,7.809983896940419,6.769994632313473,1.9726247987117553,16.317767042404725,2.01959205582394,9.172034353193773,1.2010198604401503,0.46296296296296297,0.013419216317767043,0.5837359098228664,0.32877079978529256,0.020128824476650563,0.0067096081588835215
49,19.209608158883523,33.99087493290392,7.742887815351583,6.823671497584541,1.9994632313472893,16.15673644659152,2.147074610842727,9.232420826623725,1.261406333870102,0.46296296296296297,0.013419216317767043,0.5837359098228664,0.3488996242619431,0.020128824476650563,0.0067096081588835215
50,19.0955448201825,33.7962962962963,7.648953301127214,6.837090713902308,1.7176596886741815,16.51905528717123,2.13365539452496,9.225711218464841,1.5633387010198605,0.46296296296296297,0.013419216317767043,0.6105743424584005,0.3488996242619431,0.020128824476650563,0.0067096081588835215
51,18.94122383252818,33.68894256575416,7.675791733762749,7.024959742351046,1.7646269457863661,16.525764895330113,2.1135265700483092,9.212292002147075,1.570048309178744,0.46296296296296297,0.013419216317767043,0.630703166935051,0.3488996242619431,0.020128824476650563,0.0067096081588835215
52,18.766774020397207,33.69565217391305,7.709339774557166,7.018250134192163,1.7646269457863661,16.97530864197531,1.7444981213097155,9.23913043478261,1.6035963499731616,0.46296296296296297,0.013419216317767043,0.630703166935051,0.3488996242619431,0.020128824476650563,0.0067096081588835215
53,18.766774020397207,33.19914117015566,7.695920558239399,7.112184648416532,1.7646269457863661,17.92807300053677,1.6908212560386473,8.487654320987655,1.892109500805153,0.46296296296296297,0.013419216317767043,0.6374127750939346,0.322061191626409,0.020128824476650563,0.0067096081588835215
54,18.69296833064949,32.6556629092861,8.514492753623188,7.253086419753086,1.3687600644122384,17.619431025228128,1.6841116478797638,8.776167471819646,1.9927536231884058,0.4495437466451959,0.013419216317767043,0.6374127750939346,0.3153515834675255,0.020128824476650563,0.0067096081588835215
55,18.632581857219538,31.769994632313473,8.742619431025227,6.239935587761675,3.8580246913580245,17.559044551798173,1.7042404723564144,8.527911969940956,1.6505636070853462,0.322061191626409,0.013419216317767043,0.6374127750939346,0.3153515834675255,0.020128824476650563,0.0067096081588835215
56,18.646001073537306,31.50161030595813,8.581588835212024,6.5485775630703165,3.8580246913580245,17.45169082125604,1.8384326355340848,8.460815888352121,1.8115942028985508,0.322061191626409,0.013419216317767043,0.6239935587761675,0.3153515834675255,0.020128824476650563,0.0067096081588835215
57,18.612453032742888,31.125872249060656,8.57487922705314,6.769994632313473,3.435319377348363,17.391304347826086,1.932367149758454,9.017713365539452,1.8183038110574343,0.322061191626409,0.013419216317767043,0.6239935587761675,0.33548040794417605,0.020128824476650563,0.0067096081588835215
58,18.65271068169619,30.649490069779926,8.57487922705314,6.850509930220075,3.4420289855072466,17.330917874396135,1.9793344068706387,9.366612989801396,1.8183038110574343,0.322061191626409,0.013419216317767043,0.6374127750939346,0.33548040794417605,0.020128824476650563,0.0067096081588835215
59,17.05582393988191,32.25979602791197,10.829307568438002,6.78341384863124,3.8378958668813743,16.170155662909288,2.1806226516371443,8.145464304884594,1.556629092860977,0.322061191626409,0.013419216317767043,0.644122383252818,0.17444981213097155,0.020128824476650563,0.0067096081588835215
60,14.237788513150832,36.2385936661299,10.513955984970478,6.474771873322598,4.247181964573269,14.801395598497047,2.1739130434782608,8.380300590445518,1.7310789049919484,0.35560923242082665,0.013419216317767043,0.630703166935051,0.17444981213097155,0.020128824476650563,0.0067096081588835215
61,14.298174986580785,36.07756307031669,10.487117552334944,6.984702093397746,4.341116478797638,14.418947933440688,2.120236178207193,8.360171765968868,1.710950080515298,0.35560923242082665,0.013419216317767043,0.630703166935051,0.17444981213097155,0.020128824476650563,0.0067096081588835215
62,14.38539989264627,35.76221148684917,10.426731078904991,6.951154052603328,4.394793344068707,14.345142243692969,2.0933977455716586,8.601717659688674,1.8384326355340848,0.35560923242082665,0.013419216317767043,0.630703166935051,0.17444981213097155,0.020128824476650563,0.0067096081588835215
63,14.398819108964037,35.7085346215781,10.413311862587225,6.957863660762212,4.448470209339774,14.278046162104133,2.01959205582394,8.756038647342995,1.8115942028985508,0.3421900161030596,0.013419216317767043,0.644122383252818,0.18115942028985507,0.020128824476650563,0.0067096081588835215
64,14.392109500805153,35.07783145464305,10.399892646269459,7.5281803542673105,4.448470209339774,14.224369296833064,1.9994632313472893,8.776167471819646,1.9256575415995705,0.3421900161030596,0.013419216317767043,0.644122383252818,0.20128824476650564,0.020128824476650563,0.0067096081588835215
65,14.479334406870638,30.96484165324745,10.34621578099839,7.206119162640902,4.388083735909823,18.63929146537842,2.0531400966183573,8.735909822866345,1.932367149758454,0.3421900161030596,0.013419216317767043,0.644122383252818,0.2281266774020397,0.020128824476650563,0.0067096081588835215
66,14.55984970477724,30.589103596349972,8.152173913043478,7.380568974771873,4.388083735909823,20.88030059044552,2.0397208803005906,8.76274825550188,2.006172839506173,0.3421900161030596,0.013419216317767043,0.644122383252818,0.2147074610842727,0.020128824476650563,0.0067096081588835215
67,14.566559312936125,30.54884594739667,8.091787439613526,7.387278582930757,4.408212560386473,20.813204508856682,2.073268921095008,8.749329039184111,2.1068169618894257,0.32877079978529256,0.013419216317767043,0.6709608158883521,0.2147074610842727,0.020128824476650563,0.0067096081588835215
68,14.579978529253891,30.22007514761138,8.111916264090176,7.6556629092860975,4.461889425657541,20.578368223295758,2.214170692431562,8.709071390230811,2.1604938271604937,0.36231884057971014,0.013419216317767043,0.6977992485238862,0.20799785292538917,0.020128824476650563,0.0067096081588835215
69,14.479334406870638,29.797369833601717,7.877079978529254,8.682232957595277,4.428341384863124,20.001341921631777,2.2410091250670963,8.682232957595277,2.475845410628019,0.35560923242082665,0.013419216317767043,0.7313472893183038,0.20799785292538917,0.020128824476650563,0.0067096081588835215
70,14.197530864197532,28.690284487385938,8.044820182501342,8.266237251744498,5.9447128287707995,19.82018250134192,2.368491680085883,8.695652173913043,2.589908749329039,0.35560923242082665,0.013419216317767043,0.7514761137949544,0.23483628556092323,0.020128824476650563,0.0067096081588835215
71,14.009661835748792,28.569511540526033,8.017981749865807,8.628556092324208,5.931293612453032,19.14922168545357,2.3483628556092326,8.682232957595277,3.2742887815351582,0.3757380568974772,0.013419216317767043,0.7447665056360708,0.2281266774020397,0.020128824476650563,0.0067096081588835215
72,13.969404186795492,28.415190552871714,8.064949006977992,8.997584541062801,5.911164787976382,19.182769726247987,2.395330112721417,8.447396672034353,3.1870638754696725,0.36231884057971014,0.013419216317767043,0.7447665056360708,0.28180354267310787,0.020128824476650563,0.0067096081588835215
73,13.989533011272142,28.27428878153516,8.051529790660226,9.098228663446054,5.857487922705314,19.155931293612454,2.408749329039184,8.447396672034353,3.1870638754696725,0.3488996242619431,0.013419216317767043,0.8588298443370908,0.28180354267310787,0.020128824476650563,0.0067096081588835215
74,14.04320987654321,28.173644659151904,8.038110574342458,9.158615136876007,6.099033816425121,19.088835212023618,2.328234031132582,8.433977455716587,3.1535158346752548,0.3488996242619431,0.013419216317767043,0.8118625872249061,0.28180354267310787,0.020128824476650563,0.0067096081588835215
75,14.029790660225443,27.34165324745035,8.031400966183575,10.158346752549651,6.092324208266238,18.92109500805153,2.368491680085883,8.420558239398819,3.1535158346752548,0.3488996242619431,0.013419216317767043,0.8118625872249061,0.28180354267310787,0.020128824476650563,0.0067096081588835215
76,13.801663982823403,27.549651100375737,7.997852925389157,10.057702630166398,6.105743424584004,17.74020397208803,2.314814814814815,9.950348899624261,2.9388083735909825,0.3488996242619431,0.04696725711218465,0.8387010198604401,0.28180354267310787,0.020128824476650563,0.0067096081588835215
77,12.99651100375738,30.656199677938808,6.146001073537305,9.88996242619431,4.327697262479871,19.659151905528716,2.2946859903381642,9.71551261406334,2.7844873859366612,0.3488996242619431,0.04696725711218465,0.8252818035426731,0.28180354267310787,0.020128824476650563,0.0067096081588835215
78,12.99651100375738,30.381105743424584,6.132581857219538,10.0979602791197,4.26731078904992,19.585346215780998,2.368491680085883,9.769189479334408,2.757648953301127,0.35560923242082665,0.04696725711218465,0.8990874932903918,0.3153515834675255,0.020128824476650563,0.0067096081588835215
79,13.097155126140633,30.19994632313473,6.112453032742888,9.796027911969942,4.300858829844337,19.565217391304348,2.3215244229736984,10.11808910359635,2.7979066022544283,0.38915727321524424,0.04696725711218465,0.8923778851315083,0.3421900161030596,0.020128824476650563,
80,13.09044551798175,29.924852388620504,6.085614600107354,9.71551261406334,4.300858829844337,20.551529790660226,2.301395598497048,9.339774557165862,3.0394524959742353,0.36231884057971014,0.04696725711218465,0.9326355340848095,0.2885131508319914,0.020128824476650563,
81,13.077026301663983,29.74369296833065,6.072195383789587,9.876543209876543,4.233762748255502,20.095276435856146,2.5295222758990876,9.312936124530328,3.3816425120772946,0.38915727321524424,0.04696725711218465,0.9326355340848095,0.2885131508319914,0.020128824476650563,
82,13.023349436392914,28.213902308105208,6.011808910359635,8.568169618894256,5.783682232957595,21.833064949006978,2.536231884057971,8.890230810520666,3.515834675254965,0.3757380568974772,0.013419216317767043,0.9326355340848095,0.28180354267310787,0.020128824476650563,
83,13.003220611916264,28.20048309178744,6.011808910359635,8.588298443370908,5.736714975845411,21.772678475577028,2.589908749329039,8.863392377885132,3.5963499731615673,0.3757380568974772,0.013419216317767043,0.9326355340848095,0.2952227589908749,0.020128824476650563,
84,13.077026301663983,28.032742887815353,6.005099302200751,8.68894256575416,5.730005367686527,21.611647879763822,2.462426194310252,9.091519055287172,3.629898013955985,0.4025764895330113,0.013419216317767043,0.9192163177670424,0.32877079978529256,0.0067096081588835215,
85,13.063607085346217,27.83816425120773,6.072195383789587,8.78287707997853,5.810520665593129,21.43719806763285,2.5496511003757383,9.212292002147075,3.549382716049383,0.4025764895330113,0.013419216317767043,0.9192163177670424,0.3421900161030596,0.0067096081588835215,
86,13.157541599570585,27.63016639828234,5.964841653247451,8.93719806763285,5.8172302737520125,21.068169618894256,2.589908749329039,9.192163177670425,3.8714439076757916,0.4227053140096618,0.013419216317767043,0.9460547504025765,0.3824476650563607,0.0067096081588835215,
87,11.963231347289318,26.093666129898015,13.747987117552334,8.266237251744498,5.24020397208803,18.612453032742888,2.341653247450349,8.655394524959743,3.3682232957595275,0.4025764895330113,0.0067096081588835215,0.9192163177670424,0.3757380568974772,0.0067096081588835215,
88,12.090713902308105,26.01315083199141,13.654052603327965,8.333333333333334,5.112721417069243,18.53864734299517,2.368491680085883,8.61513687600644,3.4151905528717124,0.4294149221685454,0.0067096081588835215,0.9192163177670424,0.49651100375738055,0.0067096081588835215,
89,12.198067632850242,24.872517444981213,13.305152979066023,8.373590982286634,4.884594739667204,20.242887815351583,2.442297369833602,8.507783145464305,3.3279656468062266,0.4428341384863124,0.0067096081588835215,0.8923778851315083,0.49651100375738055,0.0067096081588835215,
90,12.144390767579173,22.79253891572732,13.238056897477188,8.57487922705314,7.065217391304348,19.98792270531401,2.4221685453569513,8.487654320987655,3.4151905528717124,0.4428341384863124,0.0067096081588835215,0.8990874932903918,0.5166398282340311,0.0067096081588835215,
91,12.23161567364466,22.77241009125067,13.09044551798175,8.400429414922169,7.185990338164252,19.880568974771872,2.408749329039184,8.494363929146537,3.515834675254965,0.4428341384863124,0.03354804079441761,1.0198604401502953,0.5166398282340311,0.0067096081588835215,
92,12.211486849168008,22.745571658615138,13.989533011272142,8.420558239398819,7.159151905528717,18.726516371443907,2.3752012882447664,8.407139023081053,3.7573805689747717,0.4428341384863124,0.03354804079441761,1.1876006441223832,0.5367686527106817,0.0067096081588835215,
93,12.278582930756844,22.537573805689746,13.88888888888889,8.61513687600644,7.185990338164252,18.666129898013956,2.3550724637681157,8.380300590445518,3.851315083199141,0.4428341384863124,0.03354804079441761,1.1876006441223832,0.5703166935050993,0.0067096081588835215,
94,12.29200214707461,22.52415458937198,13.862050456253355,8.635265700483092,7.219538378958669,18.57890499194847,2.3550724637681157,8.380300590445518,3.911701556629093,0.4495437466451959,0.0067096081588835215,1.2077294685990339,0.5703166935050993,0.0067096081588835215,
95,12.191358024691358,21.87332259796028,13.828502415458937,8.507783145464305,7.152442297369833,18.397745571658614,2.4691358024691357,9.386741814278047,3.938539989264627,0.4227053140096618,0.0067096081588835215,1.2412775093934514,0.5770263016639828,0.0067096081588835215,
96,12.204777241009126,21.564680622651636,13.747987117552334,8.621846484165324,7.1725711218464845,18.263553408480945,2.38191089640365,9.930220075147611,3.8580246913580245,0.41599570585077833,0.0067096081588835215,1.2546967257112185,0.5703166935050993,0.0067096081588835215,
97,12.097423510466989,19.753086419753085,13.7211486849168,8.252818035426731,6.857219538378959,18.19645732689211,2.408749329039184,12.5,3.878153515834675,0.5032206119162641,0.0067096081588835215,1.221148684916801,0.5971551261406334,0.0067096081588835215,
98,12.070585077831455,19.75979602791197,13.66076221148685,8.252818035426731,6.890767579173376,18.17632850241546,2.4020397208803006,12.506709608158884,3.9586688137412773,0.5032206119162641,0.0067096081588835215,1.2144390767579174,0.5904455179817498,0.0067096081588835215,
99,12.13768115942029,19.692699946323135,13.600375738056897,8.259527643585615,6.884057971014493,18.095813204508858,2.4557165861513686,12.493290391841116,4.005636070853462,0.49651100375738055,0.0067096081588835215,1.2144390767579174,0.6508319914117016,0.0067096081588835215,
100,12.198067632850242,19.612184648416534,13.539989264626946,8.480944712828771,6.957863660762212,17.901234567901234,2.4825550187869028,12.513419216317766,3.9720880300590444,0.46296296296296297,0.0067096081588835215,1.2144390767579174,0.6508319914117016,0.0067096081588835215,
101,12.218196457326892,19.538378958668815,13.627214170692431,8.487654320987655,6.957863660762212,17.834138486312398,2.4825550187869028,12.439613526570048,3.978797638217928,0.46296296296296297,0.0067096081588835215,1.2144390767579174,0.7447665056360708,0.0067096081588835215,
102,12.070585077831455,18.149490069779926,13.654052603327965,8.319914117015566,6.78341384863124,19.558507783145465,2.5429414922168547,12.224906065485776,4.119699409554482,0.49651100375738055,0.0067096081588835215,1.2278582930756843,0.8387010198604401,0.0067096081588835215,
103,12.130971551261407,18.00858829844337,13.66076221148685,8.32662372517445,6.649221685453569,19.43773483628556,2.5563607085346214,12.4597423510467,4.086151368760064,0.49651100375738055,0.0067096081588835215,1.3352120236178207,0.8387010198604401,0.0067096081588835215,
104,12.144390767579173,17.887815351583466,13.58695652173913,8.521202361782072,6.608964036500268,19.249865807836823,2.5563607085346214,12.385936661298981,4.200214707461084,0.49651100375738055,0.0067096081588835215,1.5096618357487923,0.8387010198604401,0.0067096081588835215,
105,12.157809983896941,17.860976918947934,13.607085346215781,8.521202361782072,6.629092860976919,19.122383252818036,2.5161030595813205,12.385936661298981,4.341116478797638,0.49651100375738055,0.0067096081588835215,1.5096618357487923,0.8387010198604401,0.0067096081588835215,
106,12.25174449812131,17.74020397208803,13.600375738056897,8.521202361782072,6.588835212023618,18.988191089640367,2.5295222758990876,12.5402576489533,4.394793344068707,0.49651100375738055,0.0067096081588835215,1.4962426194310252,0.8387010198604401,0.0067096081588835215,
107,12.365807836822329,17.67981749865808,13.56682769726248,8.480944712828771,6.568706387546968,18.95464304884595,2.5697799248523885,12.533548040794418,4.455179817498658,0.49651100375738055,0.0067096081588835215,1.482823403113258,0.8319914117015567,0.0067096081588835215,
108,12.352388620504563,17.773752012882447,13.573537305421363,8.494363929146537,6.541867954911433,18.67283950617284,2.757648953301127,12.372517444981213,4.522275899087493,0.5300590445517982,0.0067096081588835215,1.482823403113258,0.9125067096081588,0.0067096081588835215,
109,12.412775093934513,17.67981749865808,13.560118089103597,8.648684916800859,6.535158346752549,18.592324208266238,2.7979066022544283,12.171229200214707,4.51556629092861,0.5300590445517982,0.0067096081588835215,1.6505636070853462,0.8923778851315083,0.0067096081588835215,
110,12.506709608158884,17.64626945786366,13.519860440150294,8.668813741277509,6.508319914117015,18.370907139023082,2.7844873859366612,12.218196457326892,4.7168545356951155,0.49651100375738055,0.0067096081588835215,1.6505636070853462,0.8990874932903918,0.0067096081588835215,
111,12.412775093934513,16.988727858293075,13.305152979066023,9.473966720343531,6.508319914117015,18.23671497584541,3.046162104133119,12.124261943102523,4.851046698872786,0.49651100375738055,0.0067096081588835215,1.6170155662909287,0.9259259259259259,0.0067096081588835215,
112,12.486580783682234,16.99543746645196,13.231347289318304,9.722222222222221,6.528448738593666,18.075684380032207,2.999194847020934,11.90955448201825,4.978529253891573,0.49651100375738055,0.0067096081588835215,1.6035963499731616,0.9594739667203436,0.0067096081588835215,
113,11.386205045625335,14.38539989264627,26.127214170692433,6.535158346752549,7.501341921631776,15.660225442834138,2.6435856146001075,8.856682769726248,4.5893719806763285,0.30864197530864196,0.0067096081588835215,1.221148684916801,0.7716049382716049,0.0067096081588835215,
114,11.399624261943103,14.284755770263017,25.999731615673646,6.655931293612453,7.434245840042942,15.552871712292003,2.8650026838432634,8.856682769726248,4.609500805152979,0.30864197530864196,0.0067096081588835215,1.247987117552335,0.7716049382716049,0.0067096081588835215,
115,10.413311862587225,29.54911433172303,24.872517444981213,5.401234567901234,6.0587761674718195,10.61460010735373,1.9256575415995705,6.662640901771336,3.2675791733762747,0.05367686527106817,,0.7179280730005367,0.46296296296296297,,
116,10.38647342995169,29.482018250134193,24.745034889962426,5.273752012882448,5.998389694041868,10.57434245840043,1.9122383252818036,6.904186795491143,3.408480944712829,0.08051529790660225,0.013419216317767043,0.7581857219538379,0.46296296296296297,,
117,10.50053676865271,29.461889425657542,24.46323134728932,5.24020397208803,5.917874396135265,10.534084809447128,1.9189479334406871,6.991411701556629,3.6500268384326353,0.08051529790660225,0.013419216317767043,0.7514761137949544,0.47638217928073,,
118,10.473698336017177,29.347826086956523,24.4296833064949,5.414653784219001,5.837359098228664,10.534084809447128,1.9122383252818036,6.991411701556629,3.6634460547504024,0.08051529790660225,,0.8387010198604401,0.47638217928073,,
119,10.178475577026301,29.005636070853463,25.509930220075148,5.481749865807837,5.8172302737520125,10.420021470746109,1.9122383252818036,6.857219538378959,3.44873859366613,0.08051529790660225,,0.8118625872249061,0.47638217928073,,
120,9.742351046698873,28.784219001610307,25.275093934514224,5.421363392377885,5.844068706387547,11.3191089640365,2.0128824476650564,6.769994632313473,3.435319377348363,0.08051529790660225,,0.8387010198604401,0.47638217928073,,
121,9.842995169082126,28.784219001610307,25.147611379495437,5.394524959742351,5.776972624798712,11.332528180354267,2.0263016639828235,6.716317767042405,3.4957058507783145,0.12077294685990338,,0.8588298443370908,0.5032206119162641,,
122,9.950348899624261,28.589640365002683,24.838969404186795,5.669618894256575,5.730005367686527,11.198336017176597,2.0933977455716586,6.689479334406871,3.7372517444981215,0.12077294685990338,,0.8454106280193237,0.5367686527106817,,
123,9.39345142243693,29.294149221685455,24.436392914653783,5.636070853462158,5.683038110574342,11.104401502952227,2.1269457863660763,6.689479334406871,4.133118625872249,0.12077294685990338,,0.8454106280193237,0.5367686527106817,,
124,9.480676328502415,29.17337627482555,24.194847020933977,5.8172302737520125,5.703166935050993,11.023886205045626,2.100107353730542,6.642512077294686,4.30756843800322,0.12077294685990338,,0.9057971014492754,0.5300590445517982,,
125,9.614868491680086,28.918411164787976,24.154589371980677,5.984970477724101,5.730005367686527,11.010466988727858,2.1135265700483092,6.602254428341385,4.314278046162104,0.12077294685990338,,0.9057971014492754,0.5300590445517982,,
126,9.4873859366613,28.395061728395063,23.993558776167472,6.535158346752549,5.730005367686527,10.983628556092324,2.1604938271604937,6.716317767042405,4.441760601180891,0.12077294685990338,,0.9057971014492754,0.5300590445517982,,
127,9.561191626409018,27.469135802469136,23.61111111111111,6.501610305958132,5.71658615136876,12.359098228663447,2.2074610842726785,6.595544820182502,4.542404723564144,0.12077294685990338,,0.8655394524959742,0.4495437466451959,,
128,9.588030059044552,27.388620504562535,23.369565217391305,6.5485775630703165,5.736714975845411,12.238325281803542,2.314814814814815,6.595544820182502,4.783950617283951,0.12077294685990338,,0.8655394524959742,0.4495437466451959,,
129,9.614868491680086,27.26784755770263,23.34272678475577,6.957863660762212,5.689747718733226,12.104133118625873,2.24771873322598,6.541867954911433,4.797369833601718,0.12077294685990338,,0.8655394524959742,0.4495437466451959,,
130,9.614868491680086,27.093397745571657,23.235373054213635,6.9310252281266775,5.770263016639828,12.050456253354804,2.314814814814815,6.629092860976919,4.871175523349437,0.12077294685990338,,0.8990874932903918,0.46967257112184646,,
131,9.601449275362318,26.972624798711756,23.15485775630703,6.910896403650026,5.763553408480945,11.990069779924852,2.3617820719269993,6.756575415995706,4.9718196457326895,0.0939345142243693,,0.8990874932903918,0.5233494363929146,,
132,9.668545356951155,26.7914653784219,22.926731078904993,7.273215244229737,5.797101449275362,11.876006441223833,2.301395598497048,6.756575415995706,5.132850241545894,0.0939345142243693,,0.9125067096081588,0.46967257112184646,,
133,9.71551261406334,26.610305958132045,22.249060654857757,7.883789586688137,5.998389694041868,11.922973698336017,2.301395598497048,6.716317767042405,5.0791733762748255,0.0939345142243693,0.03354804079441761,0.9125067096081588,0.4830917874396135,,
134,9.480676328502415,26.382179280730007,22.356414385399894,8.158883521202362,6.078904991948471,11.822329575952764,2.3349436392914655,6.723027375201288,5.139559849704777,0.0939345142243693,0.03354804079441761,0.9125067096081588,0.4830917874396135,,
135,9.426999463231347,26.25469672571122,22.32957595276436,8.111916264090176,6.1929683306494905,11.674718196457327,2.227589908749329,7.1725711218464845,5.152979066022544,0.06709608158883522,0.03354804079441761,0.8856682769726248,0.46967257112184646,,
136,9.386741814278047,26.147342995169083,22.34970477724101,8.145464304884594,6.146001073537305,11.647879763821793,2.3081052066559313,7.179280730005368,5.173107890499195,0.06709608158883522,0.03354804079441761,0.9460547504025765,0.46967257112184646,,
137,9.39345142243693,26.093666129898015,22.16183574879227,8.494363929146537,6.152710681696189,11.493558776167472,2.314814814814815,7.112184648416532,5.213365539452496,0.06709608158883522,0.03354804079441761,0.9997316156736447,0.46967257112184646,,
138,9.41358024691358,25.845410628019323,22.128287707997853,8.682232957595277,6.119162640901771,11.560654857756306,2.3349436392914655,7.118894256575416,5.226784755770263,0.06709608158883522,0.03354804079441761,0.9997316156736447,0.46967257112184646,,
139,9.306226516371444,25.469672571121848,22.27589908749329,9.037842190016104,6.1929683306494905,11.366076221148685,2.368491680085883,7.098765432098766,5.280461621041331,0.08051529790660225,0.03354804079441761,0.9997316156736447,0.48980139559849706,,
140,9.326355340848094,25.241545893719806,22.061191626409016,9.098228663446054,6.166129898013956,11.285560923242082,2.341653247450349,7.521470746108427,5.360976918947934,0.08051529790660225,0.03354804079441761,0.9930220075147611,0.48980139559849706,,
141,9.339774557165862,25.026838432635532,21.994095544820183,9.185453569511541,6.387546967257112,11.305689747718732,2.3617820719269993,7.37385936661299,5.394524959742351,0.08051529790660225,0.03354804079441761,0.9930220075147611,0.5233494363929146,,
142,9.366612989801396,24.84567901234568,21.87332259796028,9.212292002147075,6.387546967257112,11.332528180354267,2.3886205045625335,7.555018786902845,5.381105743424584,0.10735373054213634,0.03354804079441761,0.9930220075147611,0.5233494363929146,,
143,9.017713365539452,25.05367686527107,21.631776704240472,9.286097691894794,6.347289318303811,11.366076221148685,2.4355877616747184,7.856951154052603,5.374396135265701,0.10735373054213634,0.03354804079441761,0.9796027911969941,0.5099302200751477,,
144,9.044551798174986,24.94632313472893,21.604938271604937,9.245840042941492,6.320450885668277,11.325818572195384,2.4892646269457863,8.011272141706923,5.381105743424584,0.10735373054213634,0.03354804079441761,0.9796027911969941,0.5099302200751477,,
145,7.709339774557166,23.336017176596886,29.314278046162105,9.057971014492754,5.072463768115942,9.514224369296834,2.301395598497048,7.206119162640902,5.213365539452496,0.14761137949543746,0.03354804079441761,0.6977992485238862,0.39586688137412773,,
146,7.628824476650563,20.29656468062265,29.106280193236714,8.789586688137414,5.092592592592593,12.895866881374127,2.2342995169082127,7.232957595276436,5.448201825013419,0.14761137949543746,0.03354804079441761,0.6977992485238862,0.39586688137412773,,
147,7.588566827697263,19.685990338164252,28.817767042404725,8.997584541062801,5.783682232957595,12.848899624261943,2.1940418679549114,6.736446591519055,5.83064949006978,0.14761137949543746,0.03354804079441761,0.6977992485238862,0.6374127750939346,,
148,7.628824476650563,19.706119162640903,28.690284487385938,8.964036500268385,5.790391841116479,12.761674718196458,2.2745571658615136,6.729736983360172,5.897745571658615,0.13419216317767044,0.04696725711218465,0.7447665056360708,0.630703166935051,,
149,7.729468599033816,19.565217391304348,28.59634997316157,8.984165324745035,5.770263016639828,12.587224906065487,2.589908749329039,6.790123456790123,5.837359098228664,0.13419216317767044,0.04696725711218465,0.7447665056360708,0.6239935587761675,,
150,7.816693505099302,19.370638754696724,28.468867418142782,9.373322597960279,5.790391841116479,12.5402576489533,2.5831991411701556,6.6760601180891035,5.837359098228664,0.13419216317767044,0.04696725711218465,0.7447665056360708,0.6172839506172839,,
151,7.9106280193236715,18.686258722490606,28.35480407944176,9.480676328502415,5.790391841116479,12.93612453032743,2.703972088030059,6.6760601180891035,5.844068706387547,0.13419216317767044,0.04696725711218465,0.8051529790660226,0.630703166935051,,
152,7.991143317230274,18.471551261406333,28.207192699946322,9.628287707997853,5.770263016639828,12.828770799785293,2.791196994095545,6.736446591519055,5.9447128287707995,0.13419216317767044,0.04696725711218465,0.8185721953837896,0.630703166935051,,
153,7.924047235641439,18.095813204508858,27.958937198067634,9.997316156736447,5.736714975845411,12.842190016103059,2.757648953301127,6.776704240472356,6.320450885668277,0.13419216317767044,0.04696725711218465,0.7917337627482555,0.6172839506172839,,
154,7.716049382716049,18.169618894256576,30.246913580246915,9.990606548577563,5.723295759527644,11.81561996779388,2.657004830917874,5.911164787976382,6.273483628556092,0.0939345142243693,0.04696725711218465,0.8051529790660226,0.5501878690284487,,
155,7.7361782071927,18.04213633923779,29.978529253891573,10.124798711755233,5.683038110574342,11.714975845410628,2.703972088030059,5.924584004294149,6.468062265163715,0.0939345142243693,0.04696725711218465,0.8923778851315083,0.5904455179817498,,
156,7.75630703166935,17.914653784219002,29.757112184648417,10.265700483091788,5.683038110574342,11.728395061728396,2.690552871712292,5.978260869565218,6.575415995705851,0.0939345142243693,0.04696725711218465,0.8923778851315083,0.6172839506172839,,
157,7.004830917874396,16.841116478797638,40.23752012882448,9.037842190016104,5.0791733762748255,9.406870638754697,1.8786902844873858,3.978797638217928,5.340848094471283,0.08051529790660225,0.04696725711218465,0.5233494363929146,0.5434782608695652,,
158,6.8035426731078905,16.170155662909288,37.64090177133655,9.447128287707997,5.152979066022544,12.795222758990874,1.8451422436929683,3.8848631239935587,5.10601180891036,0.08051529790660225,0.04696725711218465,0.49651100375738055,0.5300590445517982,,
159,6.816961889425658,16.150026838432634,37.493290391841114,9.447128287707997,5.159688674181428,12.76838432635534,1.8317230273752012,3.898282340311326,5.260332796564681,0.08051529790660225,0.07380568974771873,0.5166398282340311,0.5032206119162641,,
160,6.796833064949007,15.995705850778315,37.35238862050456,9.494095544820183,5.314009661835748,12.97638217928073,1.8585614600107354,3.9184111647879765,5.0858829844337095,0.08051529790660225,0.07380568974771873,0.5501878690284487,0.5032206119162641,,
161,6.796833064949007,16.049382716049383,37.23832528180354,9.4873859366613,5.267042404723564,12.989801395598498,1.8585614600107354,3.9586688137412773,5.119431025228127,0.08051529790660225,0.07380568974771873,0.5770263016639828,0.5032206119162641,,
