,45,50,52,53,51,55,54,56,57
0,95.59178743961353,4.408212560386473,,,,,,,
1,95.59178743961353,4.408212560386473,,,,,,,
2,94.23644659151906,5.763553408480945,,,,,,,
3,80.51529790660226,19.484702093397747,,,,,,,
4,77.7308105206656,22.269189479334408,,,,,,,
5,61.533816425120776,36.882716049382715,1.583467525496511,,,,,,
6,53.00590445517982,43.96806226516372,1.583467525496511,1.442565754159957,,,,,
7,49.7987117552335,47.175254965110035,1.583467525496511,1.442565754159957,,,,,
8,48.32259796027912,46.92699946323135,1.583467525496511,0.013419216317767043,3.1535158346752548,,,,
9,46.31642512077295,48.93317230273752,1.583467525496511,0.013419216317767043,3.1535158346752548,,,,
10,45.62533548040794,41.7337627482555,9.473966720343531,0.013419216317767043,3.1535158346752548,,,,
11,42.66639828234031,43.01529790660226,13.47289318303811,0.0067096081588835215,0.8387010198604401,,,,
12,40.31132581857219,43.46484165324745,13.41250670960816,0.0067096081588835215,2.804616210413312,,,,
13,40.143585614600106,43.484970477724104,13.345410628019323,0.0067096081588835215,2.804616210413312,0.2147074610842727,,,
14,39.841653247450346,43.39103596349973,13.539989264626946,0.0067096081588835215,2.7979066022544283,0.4227053140096618,,,
15,37.30542136339238,44.65244229736983,13.479602791196994,0.0067096081588835215,4.052603327965647,0.5032206119162641,,,
16,33.48765432098765,48.470209339774556,13.479602791196994,0.0067096081588835215,4.052603327965647,0.5032206119162641,,,
17,32.085346215781,43.545356951154055,13.45276435856146,0.0067096081588835215,10.406602254428341,0.5032206119162641,,,
18,32.19940955448202,43.47155126140633,13.419216317767042,0.0067096081588835215,10.399892646269459,0.5032206119162641,,,
19,32.18599033816425,43.484970477724104,13.419216317767042,0.0067096081588835215,10.399892646269459,0.5032206119162641,,,
20,30.9849704777241,40.123456790123456,19.028448738593667,2.0128824476650564,7.347020933977456,0.5032206119162641,,,
21,30.723295759527645,38.89559849704777,18.57890499194847,2.0128824476650564,8.635265700483092,0.48980139559849706,0.6642512077294686,,
22,30.67632850241546,36.560654857756305,19.96779388083736,2.0128824476650564,9.695383789586689,0.4227053140096618,0.6642512077294686,,
23,30.08588298443371,37.31213097155126,19.840311325818572,1.9927536231884058,9.681964573268921,0.4227053140096618,0.6642512077294686,,
24,30.14626945786366,37.144390767579175,19.840311325818572,1.0601180891035964,10.721953837895867,0.4227053140096618,0.6642512077294686,,
25,29.468599033816425,37.835480407944175,19.826892109500804,1.0601180891035964,10.721953837895867,0.4227053140096618,0.6642512077294686,,
26,29.824208266237253,37.795222758990874,19.826892109500804,0.9997316156736447,10.466988727858293,0.4227053140096618,0.6642512077294686,,
27,30.112721417069242,37.714707461084274,19.732957595276435,0.9997316156736447,10.44015029522276,0.4227053140096618,0.5770263016639828,,
28,29.844337090713903,37.546967257112186,19.43773483628556,0.9997316156736447,11.104401502952227,0.48980139559849706,0.5770263016639828,,
29,29.367954911433173,38.27160493827161,19.189479334406872,0.9997316156736447,11.104401502952227,0.48980139559849706,0.5770263016639828,,
30,24.54374664519592,42.31749865807837,19.129092860976918,1.8585614600107354,11.104401502952227,0.48980139559849706,0.5568974771873323,,
31,24.376006441223833,41.71363392377885,19.91411701556629,1.8585614600107354,11.09098228663446,0.48980139559849706,0.5568974771873323,,
32,24.27536231884058,41.84111647879764,19.887278582930758,1.8585614600107354,11.09098228663446,0.48980139559849706,0.5568974771873323,,
33,23.470209339774556,42.391304347826086,20.531400966183575,1.8585614600107354,10.587761674718196,0.48980139559849706,0.6709608158883521,,
34,23.55072463768116,39.36527106816962,20.40391841116479,1.093666129898014,14.358561460010735,0.48980139559849706,0.6709608158883521,0.06709608158883522,
35,23.58427267847558,39.331723027375205,20.40391841116479,1.093666129898014,14.358561460010735,0.48980139559849706,0.6709608158883521,0.06709608158883522,
36,23.221953837895867,39.741009125067094,20.38378958668814,1.093666129898014,14.331723027375201,0.48980139559849706,0.6709608158883521,0.06709608158883522,
37,23.26892109500805,39.05662909286098,20.38378958668814,1.0802469135802468,14.982555018786902,0.48980139559849706,0.6709608158883521,0.06709608158883522,
38,23.43666129898014,38.98282340311326,20.37037037037037,1.0802469135802468,14.9020397208803,0.48980139559849706,0.6709608158883521,0.06709608158883522,
39,22.966988727858293,37.513419216317764,20.02818035426731,1.0802469135802468,17.344337090713903,0.48980139559849706,0.5099302200751477,0.06709608158883522,
40,23.21524422973698,37.4597423510467,19.900697799248523,1.0802469135802468,17.277241009125067,0.48980139559849706,0.5099302200751477,0.06709608158883522,
41,23.295759527643586,37.25174449812131,19.847020933977454,1.1540526033279657,17.2638217928073,0.48980139559849706,0.630703166935051,0.06709608158883522,
42,22.6784755770263,34.6081588835212,19.80005367686527,1.1540526033279657,20.48443370907139,0.5971551261406334,0.6105743424584005,0.06709608158883522,
43,22.5577026301664,33.340042941492214,20.605206655931294,1.0802469135802468,21.141975308641975,0.5971551261406334,0.6105743424584005,0.06709608158883522,
44,21.76596886741814,34.17203435319377,20.316693505099302,1.0802469135802468,21.141975308641975,0.5971551261406334,0.8588298443370908,0.06709608158883522,
45,21.920289855072465,33.15888352120236,19.444444444444443,1.0802469135802468,22.879763821792807,0.5971551261406334,0.8588298443370908,0.06038647342995169,
46,21.524422973698336,32.79656468062265,16.27750939345142,1.4895330112721417,26.39559849704777,0.5971551261406334,0.8588298443370908,0.06038647342995169,
47,21.631776704240472,32.50134192163178,16.223832528180353,1.7847557702630166,26.20101986044015,0.5837359098228664,0.8588298443370908,0.2147074610842727,
48,21.504294149221685,30.595813204508858,18.98148148148148,1.7713365539452497,25.509930220075148,0.5837359098228664,0.8588298443370908,0.19457863660762212,
49,21.484165324745035,30.360976918947934,18.947933440687063,1.7713365539452497,25.087224906065487,1.2949543746645196,0.8588298443370908,0.19457863660762212,
50,21.578099838969404,30.119431025228128,18.59903381642512,1.7713365539452497,24.953032742887814,1.2949543746645196,1.4895330112721417,0.19457863660762212,
51,21.69887278582931,29.54911433172303,19.57192699946323,1.7713365539452497,23.691626409017715,1.42914653784219,2.227589908749329,0.06038647342995169,
52,20.90713902308105,27.355072463768117,18.612453032742888,3.180354267310789,26.25469672571122,1.42914653784219,2.200751476113795,0.06038647342995169,
53,20.497852925389157,26.50966183574879,20.001341921631777,3.180354267310789,26.03327965646806,1.556629092860977,2.1604938271604937,0.06038647342995169,
54,20.46430488459474,26.160762211486848,19.860440150295222,2.7106816961889426,26.84514224369297,1.737788513150832,2.1604938271604937,0.06038647342995169,
55,20.303274288781534,24.912775093934513,19.672571121846484,2.7106816961889426,26.617015566290927,2.0665593129361244,3.656736446591519,0.06038647342995169,
56,20.591787439613526,24.88593666129898,19.659151905528716,2.703972088030059,26.37546967257112,2.0665593129361244,3.656736446591519,0.06038647342995169,
57,20.611916264090176,24.792002147074612,19.64573268921095,2.690552871712292,26.261406333870102,2.281266774020397,3.656736446591519,0.06038647342995169,
58,20.625335480407944,24.778582930756844,19.51154052603328,2.8247450348899625,26.261406333870102,2.281266774020397,3.656736446591519,0.06038647342995169,
59,20.8064949006978,24.691358024691358,19.32367149758454,2.8247450348899625,26.227858293075684,2.428878153515835,3.6366076221148687,0.06038647342995169,
60,20.933977455716587,24.65780998389694,19.290123456790123,2.8247450348899625,26.08695652173913,2.509393451422437,3.6366076221148687,0.06038647342995169,
61,21.048040794417606,24.62426194310252,19.189479334406872,2.8247450348899625,26.01315083199141,2.509393451422437,3.6366076221148687,0.15432098765432098,
62,21.162104133118625,24.58400429414922,19.108964036500268,2.8247450348899625,25.95276435856146,2.576489533011272,3.6366076221148687,0.15432098765432098,
63,21.26274825550188,24.382716049382715,18.38432635534085,2.804616210413312,26.073537305421365,2.4825550187869028,4.455179817498658,0.15432098765432098,
64,21.39694041867955,24.315619967793882,18.250134192163177,2.804616210413312,26.006441223832528,2.6167471819645733,4.455179817498658,0.15432098765432098,
65,21.83977455716586,24.255233494363928,18.04884594739667,2.804616210413312,25.831991411701555,2.61003757380569,4.455179817498658,0.15432098765432098,
66,21.464036500268385,23.993558776167472,18.78690284487386,2.804616210413312,25.5703166935051,2.9253891572732154,4.300858829844337,0.15432098765432098,
67,21.638486312399355,23.879495437466453,18.753354804079443,2.804616210413312,25.543478260869566,2.9253891572732154,4.300858829844337,0.15432098765432098,
68,20.585077831454644,23.637949543746647,18.753354804079443,2.804616210413312,26.84514224369297,2.918679549114332,4.300858829844337,0.15432098765432098,
69,20.699141170155663,23.60440150295223,18.739935587761675,2.804616210413312,26.78475577026302,2.9119699409554483,4.300858829844337,0.15432098765432098,
70,20.316693505099302,23.792270531400966,18.739935587761675,2.7979066022544283,26.986044015029524,2.9119699409554483,4.300858829844337,0.15432098765432098,
71,20.41062801932367,23.758722490606548,18.733225979602793,2.7979066022544283,26.8719806763285,2.9119699409554483,4.300858829844337,0.2147074610842727,
72,19.142512077294686,23.2487922705314,17.867686527106816,2.7777777777777777,29.401502952227588,3.046162104133119,4.300858829844337,0.2147074610842727,
73,19.350509930220074,22.973698336017176,16.968599033816425,2.7777777777777777,30.683038110574344,3.046162104133119,3.9855072463768115,0.2147074610842727,
74,19.37734836285561,22.973698336017176,16.881374127750938,2.7777777777777777,30.656199677938808,3.1333870101986045,3.9855072463768115,0.2147074610842727,
75,19.598765432098766,22.933440687063875,16.881374127750938,2.7777777777777777,30.48174986580784,3.1333870101986045,3.978797638217928,0.2147074610842727,
76,19.719538378958667,22.920021470746107,16.841116478797638,2.7777777777777777,30.414653784219002,3.1333870101986045,3.978797638217928,0.2147074610842727,
77,19.719538378958667,22.571121846484164,16.451959205582394,2.7777777777777777,31.072195383789587,3.1199677938808374,3.978797638217928,0.30864197530864196,
78,19.685990338164252,22.128287707997853,16.42512077294686,2.7777777777777777,31.54186795491143,3.1870638754696725,3.9452495974235107,0.30864197530864196,
79,19.746376811594203,21.26274825550188,16.42512077294686,3.992216854535695,31.186258722490606,3.140096618357488,3.938539989264627,0.30864197530864196,
80,19.961084272678477,21.16881374127751,16.337895866881375,3.992216854535695,31.15271068169619,3.140096618357488,3.938539989264627,0.30864197530864196,
81,20.283145464304884,21.007783145464305,16.190284487385938,3.992216854535695,31.072195383789587,3.1870638754696725,3.938539989264627,0.32877079978529256,
82,19.384057971014492,22.611379495437465,16.190284487385938,3.730542136339238,30.629361245303276,3.1870638754696725,3.938539989264627,0.32877079978529256,
83,19.51825013419216,22.611379495437465,16.183574879227052,3.730542136339238,30.54213633923779,3.1870638754696725,3.898282340311326,0.32877079978529256,
84,19.605475040257648,22.477187332259795,16.076221148684915,3.730542136339238,30.615942028985508,3.280998389694042,3.8848631239935587,0.32877079978529256,
85,19.699409554482017,22.457058507783145,16.076221148684915,3.717122920021471,30.56226516371444,3.280998389694042,3.878153515834675,0.32877079978529256,
86,19.82018250134192,22.423510466988727,16.06280193236715,3.717122920021471,30.48845947396672,3.280998389694042,3.878153515834675,0.32877079978529256,
87,19.867149758454108,22.423510466988727,16.002415458937197,3.8378958668813743,30.461621041331185,3.280998389694042,3.797638217928073,0.32877079978529256,
88,20.021470746108427,22.396672034353195,15.908480944712828,3.8378958668813743,30.441492216854535,3.2675791733762747,3.797638217928073,0.32877079978529256,
89,20.115405260332796,22.34970477724101,15.888352120236178,3.8378958668813743,30.414653784219002,3.2675791733762747,3.797638217928073,0.32877079978529256,
90,19.880568974771872,22.061191626409016,16.06280193236715,3.8378958668813743,30.85077831454643,3.180354267310789,3.797638217928073,0.32877079978529256,
91,19.108964036500268,21.72571121846484,19.87385936661299,3.8378958668813743,28.166935050993022,3.1602254428341383,3.797638217928073,0.32877079978529256,
92,15.277777777777779,31.655931293612454,17.06924315619968,4.723564143853999,24.4296833064949,2.771068169618894,3.743961352657005,0.32877079978529256,
93,15.411969940955448,31.622383252818036,17.06924315619968,4.7101449275362315,24.36929683306495,2.7442297369833604,3.743961352657005,0.32877079978529256,
94,15.5126140633387,31.608964036500268,17.03569511540526,4.7101449275362315,24.315619967793882,2.7442297369833604,3.743961352657005,0.32877079978529256,
95,15.599838969404187,31.5552871712292,17.03569511540526,4.7101449275362315,24.295491143317232,2.7308105206655933,3.743961352657005,0.32877079978529256,
96,15.539452495974235,31.52173913043478,17.01556629092861,4.7101449275362315,24.436392914653783,2.7308105206655933,3.717122920021471,0.32877079978529256,
97,15.660225442834138,31.367418142780462,16.97530864197531,4.7101449275362315,24.40955448201825,2.7308105206655933,3.8177670424047236,0.32877079978529256,
98,15.76086956521739,30.83064949006978,16.97530864197531,4.7101449275362315,24.3894256575416,3.1870638754696725,3.8177670424047236,0.32877079978529256,
99,15.83467525496511,30.750134192163177,17.04911433172303,4.7101449275362315,24.342458400429415,3.166935050993022,3.8177670424047236,0.32877079978529256,
100,16.0426731078905,29.488727858293075,15.995705850778315,5.394524959742351,25.91921631776704,3.012614063338701,3.8177670424047236,0.32877079978529256,
101,16.190284487385938,28.864734299516908,15.942028985507246,5.35426731078905,25.623993558776167,2.9924852388620504,4.703435319377348,0.32877079978529256,
102,16.344605475040257,28.629898013955984,15.942028985507246,5.35426731078905,25.6105743424584,2.9723564143853998,4.703435319377348,0.32877079978529256,0.11406333870101985
103,16.42512077294686,27.274557165861513,15.942028985507246,5.864197530864198,24.731615673644658,2.9388083735909825,6.380837359098229,0.32877079978529256,0.11406333870101985
104,15.365002683843263,25.89237788513151,14.694041867954912,5.864197530864198,29.99194847020934,2.428878153515835,5.381105743424584,0.2683843263553409,0.11406333870101985
105,15.53274288781535,25.89237788513151,14.647074610842727,5.837359098228664,29.468599033816425,2.885131508319914,5.35426731078905,0.2683843263553409,0.11406333870101985
106,14.31159420289855,31.743156199677937,14.506172839506172,5.280461621041331,26.261406333870102,2.885131508319914,4.62962962962963,0.2683843263553409,0.11406333870101985
107,14.345142243692969,31.353998926462694,16.42512077294686,5.280461621041331,25.95276435856146,2.6637144390767578,3.5963499731615673,0.2683843263553409,0.11406333870101985
108,14.197530864197532,31.260064412238325,18.00858829844337,5.280461621041331,24.610842726784757,2.6637144390767578,3.5963499731615673,0.2683843263553409,0.11406333870101985
109,14.459205582393988,30.911164787976382,17.975040257648953,5.193236714975845,24.718196457326894,2.6502952227589907,3.5963499731615673,0.3824476650563607,0.11406333870101985
110,14.55984970477724,30.703166935050994,17.94820182501342,5.3274288781535155,24.718196457326894,2.6502952227589907,3.5963499731615673,0.3824476650563607,0.11406333870101985
111,14.586688137412775,30.67632850241546,17.94820182501342,5.3274288781535155,24.718196457326894,2.6502952227589907,3.5963499731615673,0.3824476650563607,0.11406333870101985
112,14.694041867954912,29.938271604938272,17.344337090713903,5.3274288781535155,26.02657004830918,2.61003757380569,3.5829307568438002,0.36231884057971014,0.11406333870101985
113,14.707461084272678,29.824208266237253,16.391572732152444,4.582662372517445,27.938808373590984,2.49597423510467,3.5829307568438002,0.36231884057971014,0.11406333870101985
114,14.935587761674718,29.159957058507782,16.284219001610307,4.005636070853462,29.106280193236714,2.4490069779924855,3.5829307568438002,0.36231884057971014,0.11406333870101985
115,15.150295222758992,28.972088030059044,16.284219001610307,4.005636070853462,29.07944176060118,2.4490069779924855,3.5829307568438002,0.36231884057971014,0.11406333870101985
116,15.049651100375739,29.361245303274288,16.25738056897477,3.978797638217928,28.891572732152444,2.4355877616747184,3.549382716049383,0.36231884057971014,0.11406333870101985
117,15.418679549114332,29.139828234031132,16.183574879227052,3.878153515834675,28.837895866881375,2.5161030595813205,3.549382716049383,0.36231884057971014,0.11406333870101985
118,15.4723564143854,29.11969940955448,16.170155662909288,3.878153515834675,28.817767042404725,2.5161030595813205,3.549382716049383,0.36231884057971014,0.11406333870101985
119,15.566290928609769,29.045893719806763,16.13660762211487,3.878153515834675,28.690284487385938,2.657004830917874,3.549382716049383,0.36231884057971014,0.11406333870101985
120,15.767579173376275,28.951959205582394,16.13660762211487,3.8043478260869565,28.670155662909288,2.657004830917874,3.535963499731616,0.36231884057971014,0.11406333870101985
121,16.015834675254965,28.858024691358025,16.109769189479334,3.797638217928073,28.549382716049383,2.657004830917874,3.535963499731616,0.36231884057971014,0.11406333870101985
122,16.11647879763822,28.77750939345142,16.09634997316157,3.797638217928073,28.549382716049383,2.6502952227589907,3.535963499731616,0.36231884057971014,0.11406333870101985
123,16.21712292002147,28.515834675254965,16.022544283413847,3.502415458937198,28.462157809983896,2.5831991411701556,4.26731078904992,0.3153515834675255,0.11406333870101985
124,16.317767042404725,28.455448201825014,16.022544283413847,3.502415458937198,27.965646806226516,2.5831991411701556,4.723564143853999,0.3153515834675255,0.11406333870101985
125,16.512345679012345,28.44873859366613,15.92860976918948,3.4957058507783145,27.911969940955448,2.5831991411701556,4.7101449275362315,0.2952227589908749,0.11406333870101985
126,16.51905528717123,27.603327965646805,15.780998389694043,3.4957058507783145,27.911969940955448,3.589640365002684,4.7101449275362315,0.2952227589908749,0.0939345142243693
127,16.6935050993022,27.576489533011273,15.747450348899624,3.4957058507783145,27.865002683843265,3.589640365002684,4.643048845947397,0.2952227589908749,0.0939345142243693
128,16.948470209339774,27.13365539452496,15.72061191626409,3.4822866344605474,27.831454643048847,4.106280193236715,4.388083735909823,0.2952227589908749,0.0939345142243693
129,17.062533548040793,26.99946323134729,15.72061191626409,3.4822866344605474,27.82474503488996,4.1532474503489,4.367954911433173,0.2952227589908749,0.0939345142243693
130,17.10950080515298,26.99946323134729,15.72061191626409,3.4822866344605474,27.81803542673108,4.1129898013955986,4.367954911433173,0.2952227589908749,0.0939345142243693
131,17.337627482555018,26.92565754159957,15.693773483628556,3.4822866344605474,27.70397208803006,4.0995705850778315,4.367954911433173,0.2952227589908749,0.0939345142243693
132,17.102791196994094,26.583467525496513,17.458400429414922,3.4822866344605474,27.194041867954912,4.05931293612453,3.730542136339238,0.2952227589908749,0.0939345142243693
133,17.08937198067633,26.42914653784219,17.28395061728395,3.81105743424584,27.086688137412775,4.180085882984434,3.730542136339238,0.2952227589908749,0.0939345142243693
134,17.07595276435856,26.100375738056897,17.24369296833065,4.488727858293076,26.516371443907676,4.455179817498658,3.730542136339238,0.2952227589908749,0.0939345142243693
135,17.236983360171767,26.073537305421365,17.16988727858293,4.468599033816425,26.50295222758991,4.441760601180891,3.730542136339238,0.2952227589908749,0.08051529790660225
136,17.357756307031668,26.04669887278583,17.122920021470748,4.468599033816425,26.46940418679549,4.428341384863124,3.730542136339238,0.2952227589908749,0.08051529790660225
137,17.465110037573805,26.019860440150296,17.324208266237253,4.253891572732153,26.402308105206657,4.428341384863124,3.730542136339238,0.2952227589908749,0.08051529790660225
138,17.122920021470748,24.510198604401502,18.35077831454643,5.60252281266774,26.080246913580247,5.213365539452496,2.7442297369833604,0.2952227589908749,0.08051529790660225
139,17.10950080515298,24.422973698336016,18.33064949006978,5.60252281266774,25.946054750402578,5.3274288781535155,2.7442297369833604,0.43612453032742887,0.08051529790660225
140,17.19001610305958,24.02710681696189,18.303811057434245,5.58239398819109,25.83870101986044,5.3274288781535155,3.1333870101986045,0.5166398282340311,0.08051529790660225
141,17.317498658078367,23.872785829307567,18.290391841116477,5.535426731078905,25.771604938271604,5.481749865807837,3.1333870101986045,0.5166398282340311,0.08051529790660225
142,17.351046698872786,23.866076221148685,18.290391841116477,5.535426731078905,25.744766505636072,5.481749865807837,3.1333870101986045,0.5166398282340311,0.08051529790660225
143,17.431561996779386,23.852657004830917,18.290391841116477,5.528717122920021,25.684380032206118,5.481749865807837,3.1333870101986045,0.5166398282340311,0.08051529790660225
144,17.59259259259259,23.792270531400966,18.230005367686527,5.515297906602254,25.657541599570585,5.481749865807837,3.1333870101986045,0.5166398282340311,0.08051529790660225
145,17.834138486312398,23.57085346215781,18.290391841116477,5.515297906602254,25.650831991411703,5.481749865807837,3.0595813204508855,0.5166398282340311,0.08051529790660225
146,17.840848094471284,23.470209339774556,18.290391841116477,5.501878690284487,25.650831991411703,5.589103596349974,3.0595813204508855,0.5166398282340311,0.08051529790660225
147,17.58588298443371,24.476650563607084,18.183038110574344,5.501878690284487,25.120772946859905,5.6964573268921095,2.8381642512077296,0.5166398282340311,0.08051529790660225
148,17.753623188405797,24.376006441223833,18.183038110574344,5.475040257648954,24.94632313472893,5.6964573268921095,2.8381642512077296,0.6508319914117016,0.08051529790660225
149,17.847557702630166,24.355877616747183,18.149490069779926,5.475040257648954,24.932903918411164,5.683038110574342,2.8247450348899625,0.6508319914117016,0.08051529790660225
150,18.10252281266774,24.349168008588297,18.04213633923779,5.46833064949007,24.838969404186795,5.676328502415459,2.7979066022544283,0.644122383252818,0.08051529790660225
151,17.01556629092861,23.919753086419753,17.176596886741816,3.864734299516908,29.139828234031132,5.414653784219001,2.757648953301127,0.630703166935051,0.08051529790660225
152,17.082662372517444,23.470209339774556,17.05582393988191,3.8311862587224907,29.770531400966185,5.414653784219001,2.6637144390767578,0.630703166935051,0.08051529790660225
153,17.11621041331186,23.443370907139023,17.05582393988191,3.8311862587224907,29.7638217928073,5.414653784219001,2.6637144390767578,0.630703166935051,0.08051529790660225
154,16.968599033816425,22.685185185185187,16.566022544283413,3.784219001610306,31.226516371443907,5.394524959742351,2.6637144390767578,0.630703166935051,0.08051529790660225
155,17.20343531937735,22.61808910359635,16.626409017713364,3.784219001610306,31.011808910359633,5.394524959742351,2.6502952227589907,0.630703166935051,0.08051529790660225
156,17.28395061728395,22.604669887278583,16.59957058507783,3.784219001610306,30.99838969404187,5.394524959742351,2.623456790123457,0.630703166935051,0.08051529790660225
157,17.458400429414922,22.584541062801932,16.378153515834676,3.784219001610306,30.9447128287708,5.381105743424584,2.757648953301127,0.630703166935051,0.08051529790660225
158,17.52549651100376,22.088030059044552,16.378153515834676,3.784219001610306,30.783682232957595,5.119431025228127,3.5292538915727323,0.7112184648416533,0.08051529790660225
159,17.69994632313473,22.000805152979066,15.962157809983896,4.388083735909823,30.636070853462158,5.119431025228127,3.408480944712829,0.7045088566827697,0.08051529790660225
160,17.820719269994633,21.93370907139023,15.921900161030596,4.388083735909823,30.62265163714439,5.119431025228127,3.408480944712829,0.7045088566827697,0.08051529790660225
161,17.894524959742352,21.91358024691358,16.11647879763822,4.542404723564144,30.394524959742352,4.944981213097155,3.408480944712829,0.7045088566827697,0.08051529790660225
162,18.230005367686527,21.906870638754697,15.975577026301664,4.508856682769726,30.246913580246915,5.045625335480408,3.3011272141706924,0.7045088566827697,0.08051529790660225
163,18.263553408480945,21.544551798174986,15.975577026301664,4.488727858293076,30.246913580246915,4.830917874396135,3.864734299516908,0.7045088566827697,0.08051529790660225
164,18.323939881910896,21.490874932903917,15.975577026301664,4.488727858293076,30.246913580246915,4.824208266237251,3.864734299516908,0.7045088566827697,0.08051529790660225
165,18.625872249060656,21.464036500268385,15.807836822329575,4.4753086419753085,30.173107890499196,4.810789049919484,3.8580246913580245,0.7045088566827697,0.08051529790660225
166,18.988191089640367,21.38352120236178,15.747450348899624,4.461889425657541,30.05233494363929,4.730273752012883,3.851315083199141,0.7045088566827697,0.08051529790660225
167,18.706387546967257,21.370101986044016,15.747450348899624,4.663177670424047,29.186795491143318,5.703166935050993,3.8378958668813743,0.7045088566827697,0.08051529790660225
168,18.80703166935051,21.34326355340848,15.707192699946322,4.64975845410628,29.166666666666668,5.703166935050993,3.8378958668813743,0.7045088566827697,0.08051529790660225
169,18.71309715512614,21.021202361782073,15.68035426731079,5.991680085882985,28.556092324208265,5.615942028985507,3.6366076221148687,0.7045088566827697,0.08051529790660225
170,18.625872249060656,20.632045088566827,15.640096618357488,5.837359098228664,29.26731078904992,5.5689747718733225,3.643317230273752,0.7045088566827697,0.08051529790660225
171,18.733225979602793,20.323403113258184,15.230810520665592,5.8239398819108965,30.06575415995706,5.555555555555555,3.4822866344605474,0.7045088566827697,0.08051529790660225
172,18.813741277509394,20.323403113258184,15.177133655394526,5.8239398819108965,30.038915727321523,5.555555555555555,3.4822866344605474,0.7045088566827697,0.08051529790660225
173,18.766774020397207,20.30998389694042,15.841384863123993,5.8239398819108965,29.562533548040793,5.428073000536768,3.4822866344605474,0.7045088566827697,0.08051529790660225
174,17.458400429414922,18.753354804079443,17.518786902844873,7.320182501341922,29.294149221685455,5.394524959742351,3.475577026301664,0.7045088566827697,0.08051529790660225
175,17.465110037573805,18.344068706387546,17.579173376274827,7.897208803005904,29.066022544283413,5.387815351583468,3.475577026301664,0.7045088566827697,0.08051529790660225
176,17.54562533548041,18.344068706387546,17.579173376274827,7.897208803005904,28.985507246376812,5.387815351583468,3.475577026301664,0.7045088566827697,0.08051529790660225
177,17.64626945786366,18.344068706387546,17.52549651100376,7.890499194847021,28.958668813741276,5.374396135265701,3.475577026301664,0.7045088566827697,0.08051529790660225
178,17.840848094471284,18.344068706387546,17.411433172302736,7.863660762211487,28.918411164787976,5.360976918947934,3.475577026301664,0.7045088566827697,0.08051529790660225
179,17.72007514761138,18.290391841116477,17.384594739667204,7.863660762211487,29.11969940955448,5.360976918947934,3.475577026301664,0.7045088566827697,0.08051529790660225
180,17.70665593129361,18.270263016639827,16.606280193236714,7.796564680622652,30.139559849704778,5.35426731078905,3.3413848631239937,0.7045088566827697,0.08051529790660225
181,17.921363392377884,18.270263016639827,16.606280193236714,7.769726247987117,29.97181964573269,5.347557702630167,3.3279656468062266,0.7045088566827697,0.08051529790660225
182,18.06226516371444,18.23671497584541,16.606280193236714,7.769726247987117,29.663177670424048,5.481749865807837,3.3279656468062266,0.7716049382716049,0.08051529790660225
183,18.06897477187332,18.14278046162104,16.800858829844337,7.729468599033816,29.22705314009662,5.770263016639828,3.408480944712829,0.7716049382716049,0.08051529790660225
184,18.16290928609769,17.485238862050455,16.71363392377885,7.695920558239399,29.21363392377885,5.736714975845411,4.139828234031133,0.7716049382716049,0.08051529790660225
185,18.310520665593128,17.47181964573269,16.680085882984432,7.669082125603865,29.186795491143318,5.736714975845411,4.092860976918948,0.7716049382716049,0.08051529790660225
186,18.323939881910896,17.357756307031668,16.659957058507782,7.6623725174449815,29.367954911433173,5.709876543209877,4.066022544283414,0.7716049382716049,0.08051529790660225
187,18.290391841116477,17.344337090713903,16.5727321524423,7.6623725174449815,29.320987654320987,5.709876543209877,4.274020397208803,0.7716049382716049,0.05367686527106817
188,18.317230273752013,17.344337090713903,16.5727321524423,7.6623725174449815,29.320987654320987,5.683038110574342,4.274020397208803,0.7716049382716049,0.05367686527106817
189,18.189747718733226,17.330917874396135,17.424852388620504,7.709339774557166,28.75738056897477,5.508588298443371,4.253891572732153,0.7716049382716049,0.05367686527106817
190,18.357487922705314,17.330917874396135,17.404723564143854,7.675791733762749,28.64331723027375,5.508588298443371,4.253891572732153,0.7716049382716049,0.05367686527106817
191,18.337359098228664,17.330917874396135,17.236983360171767,8.05823939881911,28.44873859366613,5.508588298443371,4.253891572732153,0.7716049382716049,0.05367686527106817
192,18.50509930220075,17.317498658078367,17.19001610305958,8.024691358024691,28.381642512077295,5.508588298443371,4.247181964573269,0.7716049382716049,0.05367686527106817
193,18.907675791733762,16.948470209339774,16.74718196457327,7.440955448201825,29.347826086956523,5.562265163714439,4.2203435319377345,0.7716049382716049,0.05367686527106817
194,19.122383252818036,16.948470209339774,16.720343531937736,7.380568974771873,29.22705314009662,5.555555555555555,4.2203435319377345,0.7716049382716049,0.05367686527106817
195,19.256575415995705,16.901502952227588,16.70692431561997,7.37385936661299,29.17337627482555,5.555555555555555,4.2203435319377345,0.7581857219538379,0.05367686527106817
196,19.49812130971551,16.841116478797638,16.659957058507782,7.212828770799785,29.1129898013956,5.555555555555555,4.30756843800322,0.7581857219538379,0.05367686527106817
197,19.068706387546968,16.06280193236715,16.639828234031132,7.004830917874396,31.4747718733226,4.62962962962963,4.30756843800322,0.7581857219538379,0.05367686527106817
198,19.182769726247987,16.06280193236715,16.5727321524423,7.004830917874396,31.427804616210413,4.62962962962963,4.30756843800322,0.7581857219538379,0.05367686527106817
199,19.330381105743424,16.049382716049383,16.532474503488995,7.004830917874396,31.233225979602793,4.750402576489533,4.30756843800322,0.7380568974771873,0.05367686527106817
200,19.632313472893184,16.049382716049383,16.438539989264626,7.004830917874396,31.03864734299517,4.750402576489533,4.294149221685454,0.7380568974771873,0.05367686527106817
201,19.732957595276435,16.049382716049383,16.391572732152444,7.004830917874396,30.991680085882983,4.74369296833065,4.294149221685454,0.7380568974771873,0.05367686527106817
202,18.659420289855074,15.754159957058508,15.942028985507246,6.977992485238862,32.83682232957595,4.74369296833065,4.294149221685454,0.7380568974771873,0.05367686527106817
203,18.894256575415994,15.633387010198604,15.774288781535159,6.9243156199677935,32.64224369296833,4.797369833601718,4.542404723564144,0.7380568974771873,0.05367686527106817
204,19.082125603864736,15.619967793880837,15.626677402039721,6.9243156199677935,32.6154052603328,4.797369833601718,4.542404723564144,0.7380568974771873,0.05367686527106817
205,19.202898550724637,15.619967793880837,15.619967793880837,7.0383789586688135,32.387278582930755,4.797369833601718,4.542404723564144,0.7380568974771873,0.05367686527106817
206,19.404186795491142,15.573000536768653,15.619967793880837,6.991411701556629,32.27992485238862,4.797369833601718,4.542404723564144,0.7380568974771873,0.05367686527106817
207,19.64573268921095,15.573000536768653,15.60654857756307,6.977992485238862,32.21953837895867,4.669887278582931,4.51556629092861,0.7380568974771873,0.05367686527106817
208,19.766505636070853,15.485775630703166,15.552871712292003,6.964573268921095,32.15244229736983,4.777241009125067,4.508856682769726,0.7380568974771873,0.05367686527106817
209,19.880568974771872,15.485775630703166,15.519323671497585,6.964573268921095,32.15244229736983,4.777241009125067,4.508856682769726,0.6575415995705851,0.05367686527106817
210,19.73966720343532,15.24422973698336,15.291196994095545,6.857219538378959,32.950885668276975,4.7101449275362315,4.49543746645196,0.6575415995705851,0.05367686527106817
211,19.94766505636071,15.230810520665592,15.277777777777779,6.810252281266774,32.88378958668814,4.643048845947397,4.49543746645196,0.6575415995705851,0.05367686527106817
212,20.155662909286097,15.217391304347826,15.163714439076758,6.78341384863124,32.84353193773484,4.643048845947397,4.4820182501341925,0.6575415995705851,0.05367686527106817
213,20.336822329575952,15.183843263553408,15.271068169618895,6.78341384863124,32.6959205582394,4.636339237788513,4.435050993022007,0.6575415995705851,
214,19.679280730005367,14.875201288244767,15.774288781535159,6.78341384863124,33.340042941492214,4.42163177670424,4.468599033816425,0.6575415995705851,
215,19.81347289318304,14.875201288244767,15.774288781535159,6.756575415995706,33.2662372517445,4.388083735909823,4.468599033816425,0.6575415995705851,
216,19.94766505636071,14.834943639291465,15.76086956521739,6.756575415995706,33.1857219538379,4.388083735909823,4.468599033816425,0.6575415995705851,
217,19.96779388083736,14.834943639291465,15.76086956521739,6.756575415995706,33.16559312936125,4.388083735909823,4.468599033816425,0.6575415995705851,
218,20.162372517444982,14.761137949543746,15.707192699946322,6.756575415995706,33.09849704777241,4.388083735909823,4.468599033816425,0.6575415995705851,
219,20.21604938271605,14.741009125067096,15.646806226516372,6.756575415995706,32.99785292538916,4.51556629092861,4.468599033816425,0.6575415995705851,
220,20.43075684380032,14.660493827160494,15.646806226516372,6.756575415995706,32.86366076221149,4.51556629092861,4.468599033816425,0.6575415995705851,
221,20.477724100912507,14.40552871712292,15.573000536768653,7.387278582930757,32.588566827697264,4.461889425657541,4.448470209339774,0.6575415995705851,
222,19.981213097155127,13.311862587224907,15.573000536768653,9.145195920558239,32.340311325818575,4.42163177670424,4.569243156199678,0.6575415995705851,
223,20.1959205582394,13.211218464841654,15.573000536768653,9.145195920558239,32.2463768115942,4.42163177670424,4.549114331723027,0.6575415995705851,
224,20.316693505099302,13.211218464841654,15.573000536768653,9.145195920558239,32.139023081052066,4.42163177670424,4.53569511540526,0.6575415995705851,
225,20.437466451959207,13.197799248523886,15.552871712292003,9.125067096081589,32.09205582393988,4.40150295222759,4.53569511540526,0.6575415995705851,
226,20.35024154589372,13.003220611916264,15.539452495974235,9.541062801932368,32.07192699946323,4.300858829844337,4.53569511540526,0.6575415995705851,
227,20.40391841116479,12.942834138486312,15.519323671497585,9.541062801932368,31.99141170155663,4.300858829844337,4.643048845947397,0.6575415995705851,
228,20.45088566827697,12.889157273215245,15.619967793880837,9.541062801932368,31.76328502415459,4.435050993022007,4.643048845947397,0.6575415995705851,
229,20.558239398819108,12.855609232420827,15.619967793880837,9.473966720343531,31.756575415995705,4.435050993022007,4.643048845947397,0.6575415995705851,
230,20.833333333333332,12.741545893719806,15.579710144927537,9.460547504025765,31.676060118089104,4.42163177670424,4.62962962962963,0.6575415995705851,
231,20.8064949006978,12.647611379495437,16.21712292002147,9.460547504025765,31.159420289855074,4.42163177670424,4.62962962962963,0.6575415995705851,
232,20.853462157809982,12.647611379495437,16.183574879227052,9.460547504025765,31.01851851851852,4.549114331723027,4.62962962962963,0.6575415995705851,
233,20.947396672034355,12.640901771336553,16.109769189479334,9.460547504025765,31.00509930220075,4.549114331723027,4.62962962962963,0.6575415995705851,
234,20.974235104669887,12.627482555018787,16.10305958132045,9.41358024691358,31.04535695115405,4.549114331723027,4.62962962962963,0.6575415995705851,
235,21.256038647342994,12.627482555018787,16.0829307568438,9.333064949006978,30.877616747181964,4.53569511540526,4.62962962962963,0.6575415995705851,
236,21.524422973698336,12.614063338701019,16.009125067096083,9.31964573268921,30.56897477187332,4.53569511540526,4.770531400966184,0.6575415995705851,
237,21.423778851315085,12.338969404186795,15.982286634460548,9.829575952764358,30.555555555555557,4.468599033816425,4.770531400966184,0.630703166935051,
238,21.571390230810522,12.31213097155126,15.94873859366613,9.829575952764358,30.48174986580784,4.455179817498658,4.770531400966184,0.630703166935051,
239,21.4573268921095,12.278582930756844,15.5126140633387,10.735373054213634,30.267042404723565,4.42163177670424,4.703435319377348,0.6239935587761675,
240,21.544551798174986,12.278582930756844,15.45222758990875,10.674986580783683,30.253623188405797,4.42163177670424,4.750402576489533,0.6239935587761675,
241,22.007514761137948,12.211486849168008,15.365002683843263,10.473698336017177,30.14626945786366,4.42163177670424,4.750402576489533,0.6239935587761675,
242,22.17525496511004,12.211486849168008,15.318035426731079,10.446859903381643,30.05233494363929,4.42163177670424,4.750402576489533,0.6239935587761675,
243,22.168545356951153,12.211486849168008,14.868491680085883,11.07085346215781,30.01207729468599,4.314278046162104,4.730273752012883,0.6239935587761675,
244,22.074610842726784,12.211486849168008,14.868491680085883,11.352657004830919,29.824208266237253,4.314278046162104,4.730273752012883,0.6239935587761675,
245,21.866612989801396,12.198067632850242,15.391841116478798,11.137949543746645,29.824208266237253,4.314278046162104,4.643048845947397,0.6239935587761675,
246,21.75925925925926,12.171229200214707,15.230810520665592,12.057165861513688,29.414922168545356,4.186795491143317,4.62962962962963,0.5501878690284487,
247,21.806226516371442,12.171229200214707,15.22410091250671,12.701288244766506,28.804347826086957,4.186795491143317,4.616210413311863,0.48980139559849706,
248,21.604938271604937,12.171229200214707,15.022812667740205,12.587224906065487,29.421631776704242,4.186795491143317,4.582662372517445,0.4227053140096618,
249,21.62506709608159,12.124261943102523,15.022812667740205,12.573805689747719,29.388083735909824,4.186795491143317,4.656468062265164,0.4227053140096618,
250,21.85990338164251,12.084004294149223,14.969135802469136,12.567096081588835,29.260601180891037,4.180085882984434,4.656468062265164,0.4227053140096618,
251,21.940418679549115,12.070585077831455,14.969135802469136,12.567096081588835,29.25389157273215,4.180085882984434,4.5960815888352125,0.4227053140096618,
252,21.953837895866883,12.057165861513688,14.962426194310252,12.567096081588835,29.17337627482555,4.180085882984434,4.683306494900698,0.4227053140096618,
253,22.17525496511004,12.057165861513688,14.949006977992486,12.513419216317766,29.05931293612453,4.180085882984434,4.643048845947397,0.4227053140096618,
254,22.309447128287708,12.030327428878154,14.949006977992486,12.446323134728932,29.01905528717123,4.180085882984434,4.643048845947397,0.4227053140096618,
255,21.947128287707997,12.030327428878154,14.506172839506172,12.345679012345679,30.07246376811594,4.072732152442297,4.636339237788513,0.38915727321524424,
