,45,50,55,51,52,54,57,56,53,58,61,60,59
0,86.69484702093398,13.251476113794954,0.05367686527106817,,,,,,,,,,
1,85.73537305421364,14.17740203972088,0.08722490606548577,,,,,,,,,,
2,85.39989264626946,14.439076757917338,0.1610305958132045,,,,,,,,,,
3,84.97047772410092,14.774557165861514,0.2214170692431562,0.03354804079441761,,,,,,,,,
4,74.6376811594203,24.852388620504563,0.39586688137412773,0.05367686527106817,0.06038647342995169,,,,,,,,
5,74.32232957595276,23.58427267847558,0.3824476650563607,0.0939345142243693,1.6170155662909287,,,,,,,,
6,74.01368760064412,23.64465915190553,0.6105743424584005,0.0939345142243693,1.6035963499731616,0.03354804079441761,,,,,,,
7,72.79253891572732,22.69860440150295,0.6977992485238862,0.0939345142243693,3.683574879227053,0.03354804079441761,,,,,,,
8,72.44363929146537,22.993827160493826,0.7246376811594203,0.0939345142243693,3.69699409554482,0.04696725711218465,,,,,,,
9,71.73913043478261,23.450080515297905,0.7447665056360708,0.1610305958132045,3.8580246913580245,0.04696725711218465,,,,,,,
10,67.42485238862051,27.51610305958132,0.8588298443370908,0.24154589371980675,3.8378958668813743,0.08051529790660225,0.040257648953301126,,,,,,
11,66.17686527106817,23.70504562533548,0.8319914117015567,7.1658615136876005,1.9390767579173376,0.08051529790660225,0.040257648953301126,0.06038647342995169,,,,,
12,65.84809447128288,23.845947396672035,0.9594739667203436,7.1725711218464845,1.9726247987117553,0.08051529790660225,0.040257648953301126,0.08051529790660225,,,,,
13,65.25764895330113,21.980676328502415,0.9259259259259259,9.849704777241008,1.710950080515298,0.06709608158883522,0.040257648953301126,0.16774020397208803,,,,,
14,64.66720343531938,22.32957595276436,0.9930220075147611,9.863123993558776,1.7981749865807837,0.06709608158883522,0.040257648953301126,0.24154589371980675,,,,,
15,64.4524959742351,22.443639291465377,0.9930220075147611,9.896672034353195,1.7646269457863661,0.10064412238325282,0.06038647342995169,0.2683843263553409,0.020128824476650563,,,,
16,64.14385399892646,22.57783145464305,1.1003757380568975,9.936929683306495,1.7713365539452497,0.10064412238325282,0.06038647342995169,0.2885131508319914,0.020128824476650563,,,,
17,61.33252818035427,25.147611379495437,1.1540526033279657,9.970477724100913,1.90552871712292,0.10064412238325282,0.06038647342995169,0.30864197530864196,0.020128824476650563,,,,
18,61.218464841653244,25.10064412238325,1.1876006441223832,10.050993022007514,1.9256575415995705,0.10064412238325282,0.06038647342995169,0.33548040794417605,0.020128824476650563,,,,
19,58.21926999463231,27.771068169618893,1.3083735909822867,10.144927536231885,1.9860440150295222,0.10064412238325282,0.06038647342995169,0.3488996242619431,0.06038647342995169,,,,
20,58.1454643048846,27.63016639828234,1.3620504562533549,10.138217928073,2.046430488459474,0.1274825550187869,0.07380568974771873,0.36902844873859364,0.10735373054213634,,,,
21,55.61594202898551,30.099302200751477,1.583467525496511,9.923510466988727,2.073268921095008,0.14090177133655393,0.07380568974771873,0.3824476650563607,0.10735373054213634,,,,
22,55.03220611916264,30.515297906602253,1.6304347826086956,10.050993022007514,2.0531400966183573,0.14090177133655393,0.07380568974771873,0.39586688137412773,0.10735373054213634,,,,
23,54.49543746645196,30.823939881910896,1.6841116478797638,9.990606548577563,2.0665593129361244,0.18115942028985507,0.07380568974771873,0.5434782608695652,0.14090177133655393,,,,
24,54.099570585077835,31.13929146537842,1.6975308641975309,10.037573805689748,2.0933977455716586,0.18115942028985507,0.06038647342995169,0.5434782608695652,0.14761137949543746,,,,
25,53.87144390767579,31.313741277509394,1.7042404723564144,9.950348899624261,2.120236178207193,0.20128824476650564,0.04696725711218465,0.5703166935050993,0.2214170692431562,,,,
26,53.5024154589372,31.42109500805153,1.7579173376274826,9.98389694041868,2.0933977455716586,0.2281266774020397,0.04696725711218465,0.5703166935050993,0.39586688137412773,,,,
27,53.28770799785293,30.776972624798713,1.6841116478797638,10.748792270531402,2.1604938271604937,0.2683843263553409,0.04696725711218465,0.6172839506172839,0.4092860976918948,,,,
28,52.67042404723564,30.609232420826622,1.6774020397208802,8.259527643585615,5.622651637144391,0.27509393451422437,0.04696725711218465,0.41599570585077833,0.4227053140096618,,,,
29,52.46913580246913,30.615942028985508,1.7310789049919484,8.353462157809984,5.5756843800322065,0.32877079978529256,0.08051529790660225,0.4092860976918948,0.43612453032742887,,,,
30,52.22758990874933,30.770263016639827,1.8048845947396672,8.380300590445518,5.535426731078905,0.2952227589908749,0.1274825550187869,0.38915727321524424,0.46967257112184646,,,,
31,51.83843263553408,30.20665593129361,1.8115942028985508,9.722222222222221,5.12614063338701,0.322061191626409,0.13419216317767044,0.33548040794417605,0.5032206119162641,,,,
32,51.51637144390767,30.307300053676865,1.8853998926462694,9.802737520128824,5.132850241545894,0.3757380568974772,0.13419216317767044,0.32877079978529256,0.5166398282340311,,,,
33,51.2211486849168,30.119431025228128,1.9994632313472893,9.950348899624261,5.052334943639291,0.3757380568974772,0.2147074610842727,0.5300590445517982,0.5367686527106817,,,,
34,46.772678475577024,32.95759527643585,2.0799785292538915,9.306226516371444,4.99194847020934,0.3421900161030596,0.2147074610842727,0.6239935587761675,2.690552871712292,0.020128824476650563,,,
35,46.65190552871712,32.87707997852925,2.314814814814815,9.265968867418144,4.931561996779388,0.33548040794417605,0.2147074610842727,0.6843800322061192,2.703972088030059,0.020128824476650563,,,
36,45.26301663982824,34.38003220611916,2.24771873322598,9.192163177670425,4.830917874396135,0.33548040794417605,0.2952227589908749,0.7380568974771873,2.6972624798711755,0.020128824476650563,,,
37,44.80005367686527,34.45383789586688,2.395330112721417,9.312936124530328,4.851046698872786,0.33548040794417605,0.28180354267310787,0.8252818035426731,2.7241009125067097,0.020128824476650563,,,
38,43.853998926462694,34.21229200214707,2.4154589371980677,11.252012882447666,4.314278046162104,0.38915727321524424,0.2683843263553409,0.5703166935050993,2.703972088030059,0.020128824476650563,,,
39,43.585614600107355,34.07809983896941,2.563070316693505,11.332528180354267,4.38137412775094,0.46296296296296297,0.32877079978529256,0.5501878690284487,2.6637144390767578,0.05367686527106817,,,
40,43.33064949006978,33.467525496511,2.6502952227589907,12.110842726784755,4.247181964573269,0.5099302200751477,0.38915727321524424,0.5837359098228664,2.657004830917874,0.05367686527106817,,,
41,38.33199141170156,42.41814278046162,2.395330112721417,11.238593666129898,3.69699409554482,0.5233494363929146,0.2885131508319914,0.630703166935051,0.47638217928073,,,,
42,31.736446591519055,51.83843263553408,2.4557165861513686,8.950617283950617,3.3950617283950617,0.4294149221685454,0.33548040794417605,0.39586688137412773,0.46296296296296297,,,,
43,30.22007514761138,49.90606548577563,2.6301663982823404,12.124261943102523,3.374932903918411,0.4227053140096618,0.36231884057971014,0.49651100375738055,0.46296296296296297,,,,
44,20.9272678475577,62.4597423510467,2.428878153515835,10.775630703166936,2.0665593129361244,0.4428341384863124,0.18115942028985507,0.4562533548040794,0.2616747181964573,,,,
45,20.994363929146537,61.82903918411165,2.932098765432099,10.681696188942565,2.0665593129361244,0.48980139559849706,0.17444981213097155,0.5501878690284487,0.28180354267310787,,,,
46,21.095008051529792,61.252012882447666,3.3682232957595275,10.520665593129362,2.1403650026838434,0.5099302200751477,0.17444981213097155,0.6239935587761675,0.3153515834675255,,,,
47,20.544820182501343,57.689210950080515,3.6097691894793345,10.554213633923778,2.1269457863660763,0.5367686527106817,0.17444981213097155,0.5703166935050993,4.166666666666667,0.026838432635534086,,,
48,19.330381105743424,58.48765432098765,4.066022544283414,10.426731078904991,2.100107353730542,0.5166398282340311,0.17444981213097155,0.6642512077294686,4.206924315619967,0.026838432635534086,,,
49,19.32367149758454,54.62292002147075,3.898282340311326,14.358561460010735,2.086688137412775,0.5166398282340311,0.19457863660762212,0.6575415995705851,4.2270531400966185,0.11406333870101985,,,
50,19.484702093397747,54.119699409554485,4.126409017713366,14.345142243692969,2.073268921095008,0.5703166935050993,0.19457863660762212,0.7380568974771873,4.233762748255502,0.11406333870101985,,,
51,19.43773483628556,53.48228663446055,4.03918411164788,15.693773483628556,1.5096618357487923,0.5904455179817498,0.10064412238325282,0.5636070853462157,4.428341384863124,0.15432098765432098,,,
52,19.578636607622116,53.052871712292,4.247181964573269,15.526033279656469,1.5365002683843263,0.7045088566827697,0.10064412238325282,0.6374127750939346,4.468599033816425,0.14761137949543746,,,
53,19.887278582930758,52.52952227589909,4.408212560386473,15.445517981749866,1.570048309178744,0.7045088566827697,0.10064412238325282,0.6910896403650026,4.502147074610843,0.1610305958132045,,,
54,18.391035963499732,53.7842190016103,5.0858829844337095,14.855072463768115,1.5365002683843263,0.7514761137949544,0.13419216317767044,0.785024154589372,4.4753086419753085,0.16774020397208803,0.03354804079441761,,
55,18.50509930220075,53.435319377348364,5.253623188405797,14.761137949543746,1.556629092860977,0.8319914117015567,0.20799785292538917,0.8655394524959742,4.394793344068707,0.1878690284487386,,,
56,17.847557702630166,50.234836285560924,5.199946323134729,18.69296833064949,1.5901771336553945,0.8118625872249061,0.20799785292538917,1.0601180891035964,4.133118625872249,0.2214170692431562,,,
57,17.814009661835748,47.97369833601718,5.629361245303274,18.5654857756307,1.2412775093934514,0.8990874932903918,0.1610305958132045,1.0802469135802468,6.427804616210413,0.20799785292538917,,,
58,17.840848094471284,47.49060654857756,5.776972624798712,18.54535695115405,1.2546967257112185,1.2278582930756843,0.1610305958132045,1.0466988727858293,6.400966183574879,0.2549651100375738,,,
59,17.901234567901234,47.22222222222222,5.998389694041868,18.411164787976382,1.2949543746645196,1.2144390767579174,0.1610305958132045,1.0735373054213635,6.427804616210413,0.2952227589908749,,,
60,17.98174986580784,46.99409554482018,6.078904991948471,18.323939881910896,1.2949543746645196,1.328502415458937,0.1610305958132045,1.1272141706924315,6.327160493827161,0.3824476650563607,,,
61,16.009125067096083,49.785292538915726,6.320450885668277,17.08937198067633,1.328502415458937,1.3888888888888888,0.1610305958132045,1.0802469135802468,6.387546967257112,0.4495437466451959,,,
62,16.049382716049383,49.443102522812666,6.454643048845948,16.935050993022006,1.3754696725711217,1.4358561460010735,0.2885131508319914,1.1674718196457328,6.374127750939345,0.46296296296296297,,0.013419216317767043,
63,15.640096618357488,48.678207192699944,6.736446591519055,15.465646806226516,3.603059581320451,1.4492753623188406,0.2885131508319914,1.328502415458937,6.286902844873859,0.5099302200751477,,0.013419216317767043,
64,15.237520128824476,49.15458937198068,6.790123456790123,15.257648953301127,3.603059581320451,1.4224369296833066,0.322061191626409,1.4090177133655395,6.280193236714976,0.5099302200751477,,0.013419216317767043,
65,15.365002683843263,48.74530327428878,6.977992485238862,15.183843263553408,3.6097691894793345,1.4492753623188406,0.33548040794417605,1.5297906602254427,6.266774020397209,0.5233494363929146,,0.013419216317767043,
66,15.26435856146001,47.779119699409556,7.132313472893183,15.069779924852389,3.6366076221148687,2.281266774020397,0.33548040794417605,1.6304347826086956,6.320450885668277,0.5367686527106817,,0.013419216317767043,
67,15.365002683843263,47.67176596886742,7.0383789586688135,14.88191089640365,3.643317230273752,2.341653247450349,0.33548040794417605,1.8048845947396672,6.367418142780462,0.5367686527106817,,0.013419216317767043,
68,15.479066022544284,47.38996242619431,7.092055823939882,14.821524422973699,3.603059581320451,2.4557165861513686,0.36231884057971014,1.8988191089640365,6.347289318303811,0.5367686527106817,,0.013419216317767043,
69,15.58641975308642,47.04777241009125,7.058507783145465,14.734299516908212,3.5963499731615673,2.690552871712292,0.36231884057971014,1.8853998926462694,6.474771873322598,0.5501878690284487,,0.013419216317767043,
70,15.626677402039721,46.303005904455176,6.984702093397746,16.33118625872249,2.885131508319914,2.6838432635534084,0.36231884057971014,1.7042404723564144,6.528448738593666,0.5770263016639828,,0.013419216317767043,
71,15.083199141170155,45.571658615136876,7.2933440687063875,17.384594739667204,2.9052603327965647,2.6167471819645733,0.36231884057971014,1.556629092860977,6.662640901771336,0.5501878690284487,,0.013419216317767043,
72,14.955716586151368,44.20289855072464,7.48792270531401,17.07595276435856,2.8515834675254963,4.274020397208803,0.36231884057971014,1.5230810520665594,6.6760601180891035,0.5770263016639828,,0.013419216317767043,
73,14.888620504562533,41.17015566290929,6.4345142243692965,17.01556629092861,2.8247450348899625,8.548040794417606,0.3757380568974772,1.5096618357487923,6.595544820182502,0.6105743424584005,,0.013419216317767043,0.013419216317767043
74,14.915458937198068,40.88164251207729,6.461352657004831,16.780730005367687,2.791196994095545,8.514492753623188,0.3824476650563607,1.583467525496511,6.910896403650026,0.6709608158883521,,0.013419216317767043,0.0939345142243693
75,13.6808910359635,39.2914653784219,6.179549114331723,19.940955448201827,2.6972624798711755,8.32662372517445,0.36231884057971014,1.6237251744498122,6.884057971014493,0.7581857219538379,,0.013419216317767043,0.24154589371980675
76,13.613794954374665,38.157541599570585,6.206387546967257,19.236446591519055,4.824208266237251,8.165593129361245,0.3824476650563607,1.5633387010198605,6.729736983360172,0.7716049382716049,,0.013419216317767043,0.33548040794417605
77,13.788244766505636,37.96967257112185,6.293612453032743,19.02173913043478,4.824208266237251,8.125335480407944,0.4428341384863124,1.6908212560386473,6.743156199677939,0.7648953301127214,,0.013419216317767043,0.322061191626409
78,13.92914653784219,37.60735373054214,6.380837359098229,18.95464304884595,4.824208266237251,8.299785292538916,0.4428341384863124,1.6975308641975309,6.776704240472356,0.7514761137949544,,0.013419216317767043,0.322061191626409
79,14.009661835748792,37.38593666129898,6.515029522275899,18.813741277509394,4.790660225442834,8.353462157809984,0.4562533548040794,1.7914653784219001,6.78341384863124,0.7447665056360708,,0.013419216317767043,0.3421900161030596
80,14.049919484702093,36.963231347289316,6.6760601180891035,18.90096618357488,4.790660225442834,8.400429414922169,0.4562533548040794,1.8250134192163177,6.790123456790123,0.7716049382716049,,0.013419216317767043,0.36231884057971014
81,14.13714439076758,36.741814278046164,6.769994632313473,18.80703166935051,4.790660225442834,8.427267847557703,0.4830917874396135,1.8585614600107354,6.796833064949007,0.8051529790660226,,0.013419216317767043,0.36902844873859364
82,14.204240472356414,36.621041331186255,6.689479334406871,18.666129898013956,4.851046698872786,8.313204508856682,0.5434782608695652,1.9994632313472893,6.884057971014493,0.8118625872249061,,0.013419216317767043,0.4025764895330113
83,14.338432635534085,36.43317230273752,7.139023081052066,18.243424584004295,4.864465915190553,8.266237251744498,0.5434782608695652,2.073268921095008,6.830381105743425,0.8521202361782072,,0.013419216317767043,0.4025764895330113
84,14.371980676328503,36.211755233494365,7.199409554482019,18.12265163714439,4.931561996779388,8.299785292538916,0.5636070853462157,2.1269457863660763,6.91760601180891,0.8252818035426731,,0.013419216317767043,0.41599570585077833
85,14.479334406870638,35.84272678475577,7.300053676865271,17.98174986580784,5.045625335480408,8.225979602791197,0.6374127750939346,2.2611379495437465,6.964573268921095,0.8118625872249061,,0.013419216317767043,0.43612453032742887
86,14.38539989264627,34.75577026301664,7.957595276435856,17.907944176060116,6.092324208266238,8.13875469672571,0.5770263016639828,2.2946859903381642,6.629092860976919,0.7783145464304885,,0.013419216317767043,0.46967257112184646
87,14.479334406870638,34.56119162640902,8.11862587224906,17.820719269994633,6.092324208266238,8.192431561996779,0.5837359098228664,2.26784755770263,6.635802469135802,0.798443370907139,,0.013419216317767043,0.43612453032742887
88,14.61352657004831,34.366612989801396,8.11862587224906,17.70665593129361,6.025228126677402,8.279656468062266,0.630703166935051,2.3483628556092326,6.649221685453569,0.8387010198604401,,0.013419216317767043,0.4092860976918948
89,14.647074610842727,33.70907139023081,8.132045088566828,17.330917874396135,5.971551261406334,7.9039184111647875,0.6709608158883521,2.2745571658615136,8.07836822329576,0.8387010198604401,,0.013419216317767043,0.4294149221685454
90,14.110305958132045,32.118894256575416,8.044820182501342,16.183574879227052,9.433709071390231,7.836822329575953,0.7783145464304885,2.0665593129361244,8.11862587224906,0.8387010198604401,,,0.46967257112184646
91,14.150563607085346,31.87734836285561,8.07836822329576,16.035963499731615,9.440418679549115,7.950885668276973,0.8118625872249061,2.200751476113795,8.145464304884594,0.8387010198604401,,,0.46967257112184646
92,14.103596349973161,31.4747718733226,8.07836822329576,15.868223295759528,9.494095544820183,8.393719806763285,0.8252818035426731,2.3215244229736984,8.031400966183575,0.9393451422436929,,,0.46967257112184646
93,14.231078904991948,31.293612453032743,8.225979602791197,15.666935050993022,9.514224369296834,8.36688137412775,0.8856682769726248,2.3349436392914655,8.051529790660226,0.966183574879227,,,0.46296296296296297
94,14.130434782608695,31.0654857756307,8.427267847557703,15.526033279656469,9.534353193773484,8.454106280193237,0.95276435856146,2.428878153515835,7.991143317230274,0.9863123993558777,,,0.5032206119162641
95,14.029790660225443,30.06575415995706,8.272946859903382,15.351583467525497,13.425925925925926,7.809983896940419,0.9796027911969941,2.442297369833602,6.1929683306494905,0.8252818035426731,,,0.6038647342995169
96,13.882179280730005,28.482286634460547,9.588030059044552,15.22410091250671,14.002952227589908,7.702630166398282,0.9796027911969941,2.5161030595813205,6.1862587224906065,0.8252818035426731,,0.020128824476650563,0.5904455179817498
97,13.33870101986044,29.126409017713364,9.614868491680086,14.962426194310252,14.049919484702093,7.628824476650563,0.9796027911969941,2.61003757380569,6.233225979602791,0.8521202361782072,,0.020128824476650563,0.5837359098228664
98,13.372249060654857,28.723832528180353,9.856414385399892,14.942297369833602,14.029790660225443,7.776435856146001,0.9997316156736447,2.623456790123457,6.213097155126141,0.8521202361782072,,0.020128824476650563,0.5904455179817498
99,13.45276435856146,28.61647879763822,9.98389694041868,14.875201288244767,14.036500268384327,7.709339774557166,1.0466988727858293,2.636876006441224,6.1929683306494905,0.8118625872249061,,0.020128824476650563,0.6172839506172839
100,13.526570048309178,28.475577026301664,9.98389694041868,14.841653247450349,14.002952227589908,7.7831454643048845,1.093666129898014,2.589908749329039,6.213097155126141,0.8387010198604401,,0.020128824476650563,0.630703166935051
101,13.56682769726248,28.33467525496511,10.064412238325282,14.76784755770263,13.902308105206655,7.776435856146001,1.3150831991411702,2.636876006441224,6.179549114331723,0.8051529790660226,,0.020128824476650563,0.630703166935051
102,10.466988727858293,18.95464304884595,6.387546967257112,41.87466451959206,10.178475577026301,5.421363392377885,0.9863123993558777,1.8048845947396672,3.33467525496511,0.3488996242619431,,0.020128824476650563,0.2214170692431562
103,10.520665593129362,18.94122383252818,6.367418142780462,41.4922168545357,10.171765968867419,5.488459473966721,0.9863123993558777,2.0531400966183573,3.361513687600644,0.3488996242619431,,0.020128824476650563,0.24825550187869028
104,10.393183038110575,19.061996779388085,6.380837359098229,41.27079978529254,10.165056360708535,5.441492216854535,1.0131508319914118,2.24771873322598,3.3950617283950617,0.3488996242619431,,0.020128824476650563,0.2616747181964573
105,10.520665593129362,18.92109500805153,6.528448738593666,41.00912506709608,10.071121846484166,5.562265163714439,1.06682769726248,2.24771873322598,3.4286097691894795,0.3488996242619431,,0.020128824476650563,0.27509393451422437
106,9.567901234567902,20.336822329575952,6.629092860976919,40.4320987654321,9.923510466988727,5.434782608695652,1.1272141706924315,2.4557165861513686,3.408480944712829,0.36231884057971014,,0.020128824476650563,0.30193236714975846
107,9.366612989801396,20.229468599033815,6.588835212023618,39.78797638217928,9.460547504025765,6.595544820182502,1.2077294685990339,2.6502952227589907,3.3950617283950617,0.36231884057971014,,0.020128824476650563,0.33548040794417605
108,9.520933977455716,20.128824476650564,6.541867954911433,37.88244766505636,9.460547504025765,6.655931293612453,1.1741814278046163,2.7308105206655933,5.159688674181428,0.38915727321524424,,0.020128824476650563,0.33548040794417605
109,9.561191626409018,20.02818035426731,6.474771873322598,37.466451959205585,9.71551261406334,6.5552871712292005,1.221148684916801,2.8113258185721954,5.347557702630167,0.4092860976918948,,0.020128824476650563,0.38915727321524424
110,9.614868491680086,19.94766505636071,6.561996779388084,37.21148684916801,9.702093397745571,6.5552871712292005,1.2546967257112185,3.012614063338701,5.320719269994632,0.41599570585077833,,0.020128824476650563,0.3824476650563607
111,9.695383789586689,19.73966720343532,6.723027375201288,37.003488996242616,9.648416532474503,6.615673644659152,1.3150831991411702,3.193773483628556,5.233494363929147,0.4428341384863124,,0.020128824476650563,0.36902844873859364
112,9.675254965110037,19.6256038647343,6.904186795491143,36.67471819645733,9.5276435856146,6.810252281266774,1.2815351583467525,3.4286097691894795,5.186527106816962,0.4428341384863124,,0.020128824476650563,0.4227053140096618
113,9.749060654857756,19.605475040257648,6.816961889425658,36.574074074074076,9.514224369296834,6.830381105743425,1.415727321524423,3.4957058507783145,5.159688674181428,0.4294149221685454,,0.020128824476650563,0.38915727321524424
114,9.829575952764358,19.578636607622116,6.736446591519055,36.25872249060655,9.608158883521202,6.877348362855609,1.4694041867954912,3.589640365002684,5.233494363929147,0.38915727321524424,,0.040257648953301126,0.38915727321524424
115,9.997316156736447,19.484702093397747,6.78341384863124,36.11782071926999,9.621578099838969,6.91760601180891,1.442565754159957,3.556092324208266,5.260332796564681,0.38915727321524424,,0.040257648953301126,0.38915727321524424
116,10.205314009661835,19.384057971014492,6.810252281266774,35.84272678475577,9.574610842726784,6.910896403650026,1.4559849704777241,3.7372517444981215,5.233494363929147,0.4562533548040794,,0.040257648953301126,0.3488996242619431
117,10.02415458937198,19.290123456790123,6.743156199677939,37.07729468599034,9.54777241009125,6.870638754696726,1.3352120236178207,3.321256038647343,4.985238862050457,0.4294149221685454,,0.040257648953301126,0.33548040794417605
118,9.957058507783145,17.37788513150832,6.468062265163715,36.56736446591519,12.828770799785293,6.790123456790123,1.2949543746645196,3.0394524959742353,4.871175523349437,0.4294149221685454,,0.040257648953301126,0.33548040794417605
119,10.091250670960816,17.257112184648417,6.447933440687064,36.29898013955985,12.76838432635534,6.769994632313473,1.3620504562533549,3.1736446591519054,5.025496511003757,0.41599570585077833,,0.05367686527106817,0.33548040794417605
120,10.185185185185185,17.24369296833065,6.447933440687064,36.07756307031669,12.781803542673108,6.649221685453569,1.3821792807300053,3.3011272141706924,5.0858829844337095,0.4428341384863124,,0.05367686527106817,0.3488996242619431
121,10.352925389157273,17.122920021470748,6.515029522275899,35.77563070316693,12.567096081588835,6.696188942565755,1.3419216317767042,3.670155662909286,5.159688674181428,0.41599570585077833,,0.05367686527106817,0.32877079978529256
122,10.453569511540525,17.002147074610843,6.649221685453569,35.54079441760601,12.5,6.78341384863124,1.328502415458937,3.750670960815888,5.22007514761138,0.38915727321524424,,0.05367686527106817,0.32877079978529256
123,10.520665593129362,16.955179817498657,6.689479334406871,35.158346752549654,12.5,6.796833064949007,1.3620504562533549,3.81105743424584,5.481749865807837,0.36231884057971014,,0.03354804079441761,0.32877079978529256
124,10.581052066559312,16.914922168545356,6.689479334406871,31.4747718733226,12.385936661298981,6.749865807836822,1.3821792807300053,3.7573805689747717,9.31964573268921,0.36231884057971014,,0.05367686527106817,0.32877079978529256
125,10.641438539989265,16.75389157273215,8.299785292538916,29.045893719806763,12.218196457326892,8.13875469672571,1.4694041867954912,3.455448201825013,9.172034353193773,0.39586688137412773,,0.08051529790660225,0.32877079978529256
126,10.547504025764896,16.6935050993022,8.333333333333334,29.01905528717123,12.151100375738057,8.192431561996779,1.4962426194310252,3.5762211486849167,9.16532474503489,0.41599570585077833,,0.08051529790660225,0.32877079978529256
127,9.883252818035427,16.465378421900162,7.924047235641439,31.863929146537842,11.66129898013956,7.568438003220612,1.482823403113258,3.294417606011809,9.037842190016104,0.4428341384863124,,0.06038647342995169,0.3153515834675255
128,10.091250670960816,16.358024691358025,7.823403113258186,31.729736983360173,11.60762211486849,7.601986044015029,1.5163714439076759,3.3548040794417604,9.05126140633387,0.4428341384863124,,0.10735373054213634,0.3153515834675255
129,10.238862050456254,16.317767042404725,7.830112721417069,31.57541599570585,11.54723564143854,7.5281803542673105,1.583467525496511,3.408480944712829,9.03113258185722,0.5099302200751477,,0.10735373054213634,0.322061191626409
130,10.379763821792807,16.15673644659152,7.823403113258186,31.40096618357488,11.453301127214171,7.601986044015029,1.583467525496511,3.4822866344605474,9.178743961352657,0.5099302200751477,,0.10735373054213634,0.322061191626409
131,10.21202361782072,15.94873859366613,7.709339774557166,30.414653784219002,14.660493827160494,7.185990338164252,1.5432098765432098,3.0193236714975846,8.333333333333334,0.5434782608695652,,0.15432098765432098,0.27509393451422437
132,10.312667740203972,15.754159957058508,7.75630703166935,30.14626945786366,14.600107353730541,7.454374664519592,1.556629092860977,3.126677402039721,8.266237251744498,0.5971551261406334,,0.15432098765432098,0.27509393451422437
133,10.493827160493828,15.693773483628556,7.843531937734836,30.005367686527105,14.465915190552872,7.427536231884058,1.5901771336553945,3.166935050993022,8.246108427267847,0.6172839506172839,,0.18115942028985507,0.2683843263553409
134,10.50053676865271,15.519323671497585,7.937466451959206,29.851046698872786,14.452495974235104,7.454374664519592,1.6035963499731616,3.294417606011809,8.28636607622115,0.6172839506172839,,0.18115942028985507,0.30193236714975846
135,10.57434245840043,15.432098765432098,7.897208803005904,29.797369833601717,14.371980676328503,7.407407407407407,1.5901771336553945,3.4420289855072466,8.319914117015566,0.6508319914117016,,0.23483628556092323,0.28180354267310787
136,10.567632850241546,15.445517981749866,7.937466451959206,29.280730005367687,13.66076221148685,7.447665056360709,1.6505636070853462,3.515834675254965,9.306226516371444,0.6843800322061192,,0.23483628556092323,0.2683843263553409
137,10.68840579710145,15.445517981749866,7.937466451959206,29.126409017713364,13.539989264626946,7.514761137949543,1.6975308641975309,3.535963499731616,9.23913043478261,0.7716049382716049,,0.23483628556092323,0.2683843263553409
138,10.735373054213634,15.344873859366613,7.85024154589372,28.992216854535695,13.499731615673644,7.648953301127214,1.751207729468599,3.6768652710681695,9.23913043478261,0.7581857219538379,,0.23483628556092323,0.2683843263553409
139,10.809178743961352,15.210681696188942,7.856951154052603,28.723832528180353,13.425925925925926,7.7898550724637685,1.7713365539452497,3.878153515834675,9.245840042941492,0.7447665056360708,,0.23483628556092323,0.30864197530864196
140,10.587761674718196,14.04320987654321,7.575147611379496,31.749865807836823,12.365807836822329,7.608695652173913,1.596886741814278,3.9720880300590444,9.205582393988191,0.7380568974771873,,0.23483628556092323,0.322061191626409
141,10.399892646269459,12.446323134728932,7.360440150295223,34.35990338164251,12.238325281803542,7.353730542136339,1.6438539989264627,4.03918411164788,8.856682769726248,0.7514761137949544,,0.20799785292538917,0.3421900161030596
142,10.493827160493828,12.318840579710145,7.300053676865271,34.39345142243693,12.144390767579173,7.467793880837359,1.6304347826086956,4.119699409554482,8.829844337090714,0.7514761137949544,,0.20799785292538917,0.3421900161030596
143,10.487117552334944,12.265163714439076,7.326892109500805,34.19216317767042,12.124261943102523,7.447665056360709,1.6975308641975309,4.193505099302201,8.93719806763285,0.7648953301127214,,0.2214170692431562,0.3421900161030596
144,10.661567364465915,12.258454106280194,7.253086419753086,33.93719806763285,12.06387546967257,7.474503488996243,1.6706924315619969,4.374664519592056,8.977455716586151,0.7648953301127214,,0.2214170692431562,0.3421900161030596
145,10.668276972624799,12.25174449812131,7.239667203435319,33.2662372517445,14.452495974235104,7.454374664519592,1.724369296833065,4.522275899087493,7.313472893183038,0.5434782608695652,,0.2214170692431562,0.3421900161030596
146,10.715244229736983,12.204777241009126,7.2933440687063875,33.13204508856683,14.533011272141707,7.48792270531401,1.7847557702630166,4.502147074610843,7.253086419753086,0.5300590445517982,,0.2214170692431562,0.3421900161030596
147,10.889694041867955,12.177938808373591,7.333601717659689,32.88378958668814,14.31159420289855,7.521470746108427,1.8518518518518519,4.62962962962963,7.300053676865271,0.5501878690284487,,0.2214170692431562,0.32877079978529256
148,10.997047772410092,12.144390767579173,7.347020933977456,32.749597423510465,14.257917337627482,7.501341921631776,1.892109500805153,4.7101449275362315,7.306763285024155,0.5501878690284487,,0.2214170692431562,0.322061191626409
149,11.037305421363392,12.090713902308105,7.467793880837359,32.39398819108964,14.36527106816962,7.50805152979066,1.90552871712292,4.85775630703167,7.266505636070853,0.5501878690284487,,0.2214170692431562,0.33548040794417605
150,11.117820719269995,11.943102522812667,7.709339774557166,32.11218464841653,14.338432635534085,7.494632313472893,1.8988191089640365,4.985238862050457,7.2933440687063875,0.5434782608695652,,0.2214170692431562,0.3421900161030596
151,10.929951690821255,11.117820719269995,7.300053676865271,30.64278046162104,17.800590445517983,7.367149758454106,1.6774020397208802,4.797369833601718,7.179280730005368,0.5434782608695652,,0.2214170692431562,0.4227053140096618
152,11.030595813204508,11.05072463768116,7.306763285024155,30.555555555555557,17.57246376811594,7.440955448201825,1.8183038110574343,4.817498658078368,7.206119162640902,0.5568974771873323,,0.2214170692431562,0.4227053140096618
153,11.16478797638218,11.030595813204508,7.27992485238862,30.213365539452496,17.28395061728395,7.769726247987117,1.9726247987117553,4.87788513150832,7.206119162640902,0.5568974771873323,,0.2214170692431562,0.4227053140096618
154,11.252012882447666,10.990338164251208,7.320182501341922,30.08588298443371,17.216854535695116,7.843531937734836,1.9994632313472893,4.931561996779388,7.1725711218464845,0.5568974771873323,,0.2214170692431562,0.4092860976918948
155,11.225174449812132,11.097691894793345,7.461084272678476,29.924852388620504,17.21014492753623,7.809983896940419,2.033011272141707,4.918142780461621,7.098765432098766,0.5434782608695652,,0.2214170692431562,0.4562533548040794
156,11.345947396672035,11.077563070316694,7.4208266237251745,29.797369833601717,17.20343531937735,7.836822329575953,2.046430488459474,4.958400429414922,7.071926999463232,0.5434782608695652,,0.2214170692431562,0.47638217928073
157,11.379495437466453,11.010466988727858,7.434245840042942,29.73027375201288,17.183306494900698,7.830112721417069,2.046430488459474,5.025496511003757,7.112184648416532,0.5770263016639828,,0.19457863660762212,0.47638217928073
158,11.533816425120772,11.003757380568974,7.481213097155126,29.381374127750938,17.136339237788512,7.830112721417069,1.9994632313472893,5.307300053676865,7.098765432098766,0.5770263016639828,,0.19457863660762212,0.4562533548040794
159,11.621041331186259,10.869565217391305,7.588566827697263,29.421631776704242,17.09608158883521,7.7831454643048845,2.0665593129361244,5.173107890499195,7.14573268921095,0.5971551261406334,,0.19457863660762212,0.4428341384863124
160,11.688137412775093,10.829307568438002,7.769726247987117,29.280730005367687,16.928341384863124,7.823403113258186,2.046430488459474,5.293880837359098,7.112184648416532,0.6105743424584005,,0.19457863660762212,0.4227053140096618
161,11.681427804616211,10.809178743961352,7.796564680622652,28.918411164787976,16.881374127750938,7.85024154589372,2.1806226516371443,5.58239398819109,7.0450885668276975,0.6374127750939346,,0.19457863660762212,0.4227053140096618
162,11.574074074074074,10.701825013419215,7.816693505099302,28.918411164787976,16.894793344068706,8.017981749865807,2.15378421900161,5.5756843800322065,7.118894256575416,0.6374127750939346,,0.19457863660762212,0.39586688137412773
163,11.728395061728396,10.695115405260333,7.85024154589372,28.703703703703702,16.888083735909824,8.011272141706923,2.1739130434782608,5.5756843800322065,7.118894256575416,0.6508319914117016,,0.19457863660762212,0.4092860976918948
164,11.75523349436393,10.681696188942565,7.863660762211487,28.428609769189478,16.834406870638755,8.044820182501342,2.2208803005904456,5.676328502415459,7.219538378958669,0.6709608158883521,,0.19457863660762212,0.4092860976918948
165,11.627750939345143,10.648148148148149,7.796564680622652,28.119967793880836,15.727321524422974,8.024691358024691,2.046430488459474,5.703166935050993,9.01100375738057,0.6709608158883521,,0.20799785292538917,0.41599570585077833
166,11.694847020933977,10.628019323671497,7.830112721417069,27.979066022544284,15.626677402039721,8.091787439613526,2.033011272141707,5.790391841116479,9.004294149221685,0.7179280730005367,,0.20799785292538917,0.39586688137412773
167,11.889425657541599,10.581052066559312,7.823403113258186,27.85829307568438,15.60654857756307,8.05823939881911,1.9994632313472893,5.736714975845411,9.125067096081589,0.7179280730005367,,0.20799785292538917,0.39586688137412773
168,12.016908212560386,10.560923242082662,7.843531937734836,27.502683843263554,15.425389157273216,7.957595276435856,1.9860440150295222,6.246645195920558,9.118357487922705,0.7179280730005367,,0.24154589371980675,0.3824476650563607
169,12.00348899624262,10.507246376811594,7.944176060118089,27.059849704777243,15.318035426731079,7.997852925389157,2.1403650026838434,6.575415995705851,9.03113258185722,0.8252818035426731,,0.24154589371980675,0.35560923242082665
170,11.990069779924852,10.534084809447128,7.877079978529254,27.006172839506174,15.250939345142244,8.004562533548041,2.167203435319377,6.66935050993022,9.064680622651638,0.8252818035426731,,0.2683843263553409,0.3421900161030596
171,12.010198604401502,10.48040794417606,8.091787439613526,26.912238325281802,15.183843263553408,7.98443370907139,2.2208803005904456,6.608964036500268,9.091519055287172,0.8118625872249061,,0.2683843263553409,0.33548040794417605
172,12.151100375738057,10.473698336017177,8.11862587224906,26.932367149758456,15.096618357487923,8.011272141706923,2.1604938271604937,6.635802469135802,9.037842190016104,0.7783145464304885,,0.2683843263553409,0.33548040794417605
173,12.29200214707461,10.359634997316157,8.105206655931294,26.78475577026302,15.042941492216855,8.192431561996779,2.1806226516371443,6.6760601180891035,8.984165324745035,0.7783145464304885,,0.2683843263553409,0.33548040794417605
174,12.352388620504563,10.339506172839506,8.125335480407944,26.737788513150832,15.076489533011273,8.319914117015566,2.1739130434782608,6.575415995705851,8.943907675791733,0.7514761137949544,,0.2683843263553409,0.33548040794417605
175,12.406065485775631,10.279119699409554,8.185721953837897,26.643853998926463,15.029522275899087,8.28636607622115,2.24771873322598,6.6827697262479875,8.910359634997317,0.7179280730005367,,0.27509393451422437,0.33548040794417605
176,12.533548040794418,10.25228126677402,8.091787439613526,26.549919484702095,14.99597423510467,8.393719806763285,2.1940418679549114,6.6760601180891035,8.876811594202898,0.8454106280193237,,0.2549651100375738,0.33548040794417605
177,12.5,10.185185185185185,8.07836822329576,26.140633387010197,15.170424047235642,8.93719806763285,2.2342995169082127,6.427804616210413,8.796296296296296,0.9728931830381106,,0.2281266774020397,0.32877079978529256
178,12.573805689747719,10.131508319914117,8.152173913043478,26.02657004830918,15.163714439076758,8.93719806763285,2.2074610842726785,6.427804616210413,8.809715512614064,0.9728931830381106,,0.2549651100375738,0.3421900161030596
179,12.640901771336553,10.23215244229737,8.09849704777241,25.87224906065486,15.13016639828234,8.93719806763285,2.2208803005904456,6.494900697799249,8.749329039184111,0.9997316156736447,,0.2549651100375738,0.36902844873859364
180,12.72812667740204,10.23215244229737,8.085077831454644,25.785024154589372,14.868491680085883,8.943907675791733,2.1806226516371443,6.4345142243692965,9.125067096081589,1.0265700483091786,,0.2549651100375738,0.33548040794417605
181,11.708266237251744,8.896940418679549,6.266774020397209,32.30005367686527,14.626945786366075,7.917337627482555,2.0128824476650564,6.266774020397209,8.809715512614064,0.8319914117015567,,0.08722490606548577,0.27509393451422437
182,11.83574879227053,8.80300590445518,6.239935587761675,32.17928073000537,14.506172839506172,8.038110574342458,1.9793344068706387,6.481481481481482,8.742619431025227,0.8319914117015567,,0.08722490606548577,0.27509393451422437
183,12.02361782071927,8.769457863660762,6.239935587761675,31.93102522812668,14.40552871712292,8.044820182501342,1.9390767579173376,6.78341384863124,8.655394524959743,0.8454106280193237,,0.08722490606548577,0.27509393451422437
184,12.144390767579173,8.668813741277509,6.488191089640365,31.635802469135804,14.2914653784219,8.3064949006978,1.8317230273752012,6.776704240472356,8.655394524959743,0.8722490606548577,,0.05367686527106817,0.27509393451422437
185,12.177938808373591,8.668813741277509,6.494900697799249,31.4747718733226,14.325013419216317,8.299785292538916,1.778046162104133,6.890767579173376,8.68894256575416,0.8722490606548577,,0.05367686527106817,0.27509393451422437
186,12.23161567364466,8.635265700483092,6.595544820182502,31.266774020397207,14.244498121309716,8.272946859903382,1.8518518518518519,6.964573268921095,8.722490606548577,0.8990874932903918,,0.05367686527106817,0.2616747181964573
187,12.265163714439076,8.628556092324208,6.622383252818035,31.166129898013956,14.304884594739667,8.21256038647343,1.8183038110574343,6.944444444444445,8.76274825550188,0.8990874932903918,,0.05367686527106817,0.322061191626409
188,12.29200214707461,8.57487922705314,6.602254428341385,31.112453032742888,14.2914653784219,8.252818035426731,1.8183038110574343,7.018250134192163,8.76274825550188,0.8990874932903918,,0.05367686527106817,0.322061191626409
189,12.298711755233494,8.57487922705314,6.561996779388084,30.897745571658614,14.237788513150832,8.380300590445518,1.7847557702630166,7.112184648416532,8.856682769726248,0.9192163177670424,,0.05367686527106817,0.322061191626409
190,12.359098228663447,8.527911969940956,6.696188942565755,30.42807300053677,14.231078904991948,8.313204508856682,1.8183038110574343,7.407407407407407,8.930488459473967,0.9125067096081588,,0.05367686527106817,0.322061191626409
191,12.352388620504563,8.420558239398819,6.857219538378959,30.038915727321523,14.163982823403114,8.3064949006978,1.7981749865807837,7.353730542136339,9.41358024691358,0.9259259259259259,,0.05367686527106817,0.3153515834675255
