,45,50,51,52,55,53,56,54,57
0,94.12909286097693,5.870907139023081,,,,,,,
1,94.12909286097693,5.870907139023081,,,,,,,
2,88.81508319914117,11.18491680085883,,,,,,,
3,88.84863123993559,11.151368760064413,,,,,,,
4,87.6207729468599,12.379227053140097,,,,,,,
5,84.92351046698873,14.11701556629093,0.9594739667203436,,,,,,
6,84.95705850778315,14.083467525496511,0.9594739667203436,,,,,,
7,72.19538378958669,24.315619967793882,3.488996242619431,,,,,,
8,72.09473966720344,24.416264090177133,3.488996242619431,,,,,,
9,71.64519592055824,24.92619431025228,3.4286097691894795,,,,,,
10,69.48470209339774,24.751744498121308,3.4286097691894795,2.3349436392914655,,,,,
11,69.5048309178744,24.214975845410628,3.4017713365539453,2.8784219001610305,,,,,
12,59.19216317767042,29.898013955984972,8.031400966183575,2.8784219001610305,,,,,
13,57.8569511540526,29.066022544283413,10.299248523886206,2.7777777777777777,,,,,
14,57.870370370370374,28.629898013955984,10.285829307568438,2.7777777777777777,0.43612453032742887,,,,
15,56.66935050993022,29.944981213097154,10.205314009661835,2.7777777777777777,0.4025764895330113,,,,
16,56.70960815888352,29.904723564143854,10.205314009661835,2.7777777777777777,0.4025764895330113,,,,
17,54.8443370907139,31.80354267310789,10.205314009661835,2.7442297369833604,0.4025764895330113,,,,
18,54.8845947396672,31.790123456790123,10.178475577026301,2.7442297369833604,0.4025764895330113,,,,
19,54.94498121309716,30.347557702630166,9.970477724100913,4.334406870638754,0.4025764895330113,,,,
20,54.528985507246375,30.656199677938808,9.96376811594203,4.334406870638754,0.4025764895330113,0.11406333870101985,,,
21,52.53623188405797,32.648953301127214,9.96376811594203,4.334406870638754,0.4025764895330113,0.11406333870101985,,,
22,44.30354267310789,39.090177133655395,8.279656468062266,7.809983896940419,0.4025764895330113,0.11406333870101985,,,
23,44.16935050993022,39.08346752549651,8.460815888352121,7.769726247987117,0.4025764895330113,0.11406333870101985,,,
24,39.58668813741278,39.92887815351583,8.460815888352121,11.721685453569512,0.1878690284487386,0.11406333870101985,,,
25,36.741814278046164,39.33843263553408,12.117552334943639,11.614331723027375,0.1878690284487386,,,,
26,35.950080515297905,40.57971014492754,12.117552334943639,11.16478797638218,0.1878690284487386,,,,
27,35.990338164251206,40.53945249597424,12.117552334943639,11.16478797638218,0.1878690284487386,,,,
28,36.01717659688674,40.5126140633387,12.117552334943639,11.16478797638218,0.1878690284487386,,,,
29,34.40016103059581,42.14975845410628,12.104133118625873,11.003757380568974,0.3421900161030596,,,,
30,34.42028985507246,40.666935050993025,12.050456253354804,9.916800858829845,0.15432098765432098,2.791196994095545,,,
31,32.92404723564144,42.45840042941492,12.02361782071927,9.648416532474503,0.15432098765432098,2.791196994095545,,,
32,30.253623188405797,45.128824476650564,12.02361782071927,9.648416532474503,0.15432098765432098,2.791196994095545,,,
33,29.898013955984972,41.58615136876006,15.921900161030596,9.648416532474503,0.15432098765432098,2.791196994095545,,,
34,30.01207729468599,41.51234567901235,15.881642512077295,9.648416532474503,0.15432098765432098,2.791196994095545,,,
35,28.837895866881375,39.821524422973695,18.230005367686527,9.648416532474503,0.6709608158883521,2.791196994095545,,,
36,28.918411164787976,39.801395598497045,18.129361245303276,9.541062801932368,0.6709608158883521,2.9388083735909825,,,
37,28.918411164787976,39.08346752549651,19.363929146537842,9.541062801932368,0.15432098765432098,2.9388083735909825,,,
38,29.146537842190018,38.89559849704777,19.350509930220074,9.514224369296834,0.15432098765432098,2.9388083735909825,,,
39,29.300858829844337,37.88915727321525,19.316961889425656,10.178475577026301,0.15432098765432098,3.1602254428341383,,,
40,29.086151368760063,36.922973698336016,19.082125603864736,10.077831454643048,0.15432098765432098,4.676596886741814,,,
41,29.159957058507782,35.869565217391305,19.082125603864736,10.077831454643048,0.15432098765432098,5.656199677938808,,,
42,29.320987654320987,35.869565217391305,18.914385399892645,9.876543209876543,0.2549651100375738,5.656199677938808,0.10735373054213634,,
43,28.166935050993022,31.34728931830381,24.60413311862587,10.44015029522276,0.2549651100375738,5.0791733762748255,0.10735373054213634,,
44,27.89855072463768,31.588835212023618,23.07434245840043,11.996779388083736,0.2549651100375738,5.0791733762748255,0.10735373054213634,,
45,26.65727321524423,33.23939881910896,22.665056360708533,11.996779388083736,0.2549651100375738,5.0791733762748255,0.10735373054213634,,
46,25.006709608158882,30.844068706387546,26.44927536231884,12.875738056897477,0.2549651100375738,4.461889425657541,0.10735373054213634,,
47,24.966451959205582,27.885131508319915,25.577026301663984,12.681159420289855,0.2549651100375738,8.527911969940956,0.10735373054213634,,
48,21.578099838969404,34.76918947933441,28.227321524422972,11.379495437466453,0.2549651100375738,3.683574879227053,0.10735373054213634,,
49,21.70558239398819,34.75577026301664,28.113258185721953,11.379495437466453,0.2549651100375738,3.683574879227053,0.10735373054213634,,
50,21.511003757380568,34.78931830381106,26.778046162104133,11.520397208803006,0.2549651100375738,5.038915727321524,0.10735373054213634,,
51,21.55126140633387,34.715512614063336,26.7512077294686,11.3191089640365,0.2549651100375738,4.864465915190553,0.10735373054213634,0.43612453032742887,
52,21.30300590445518,33.903650026838434,28.059581320450885,11.097691894793345,0.2549651100375738,4.8376274825550185,0.10735373054213634,0.43612453032742887,
53,21.69887278582931,33.36688137412775,28.019323671497585,11.097691894793345,0.2549651100375738,4.790660225442834,0.10735373054213634,0.6642512077294686,
54,21.658615136876005,33.340042941492214,26.261406333870102,12.922705314009661,0.2549651100375738,4.790660225442834,0.10735373054213634,0.6642512077294686,
55,20.799785292538918,31.166129898013956,28.683574879227052,12.922705314009661,0.2549651100375738,4.790660225442834,0.10735373054213634,1.2748255501878691,
56,20.739398819108963,30.797101449275363,28.65673644659152,13.378958668813741,0.2549651100375738,4.790660225442834,0.10735373054213634,1.2748255501878691,
57,20.82662372517445,30.743424584004295,28.65673644659152,13.345410628019323,0.2549651100375738,4.790660225442834,0.10735373054213634,1.2748255501878691,
58,20.94068706387547,30.703166935050994,28.629898013955984,13.311862587224907,0.2549651100375738,4.777241009125067,0.10735373054213634,1.2748255501878691,
59,20.974235104669887,30.669618894256576,28.629898013955984,13.311862587224907,0.2549651100375738,4.777241009125067,0.10735373054213634,1.2748255501878691,
60,21.07487922705314,30.66290928609769,28.59634997316157,13.264895330112722,0.2549651100375738,4.7638217928073,0.10735373054213634,1.2748255501878691,
61,21.3768115942029,30.434782608695652,28.556092324208265,13.231347289318304,0.2549651100375738,4.7638217928073,0.10735373054213634,1.2748255501878691,
62,21.32313472893183,30.52871712292002,28.556092324208265,13.191089640365004,0.2549651100375738,4.7638217928073,0.10735373054213634,1.2748255501878691,
63,20.873590982286636,29.482018250134193,28.14009661835749,13.177670424047236,0.2549651100375738,4.7638217928073,0.10735373054213634,3.2004830917874396,
64,20.52469135802469,28.30112721417069,31.702898550724637,12.057165861513688,0.32877079978529256,3.8043478260869565,0.10735373054213634,3.1736446591519054,
65,20.531400966183575,28.18035426731079,31.52173913043478,10.446859903381643,0.32877079978529256,5.709876543209877,0.10735373054213634,3.1736446591519054,
66,20.014761137949545,25.36231884057971,31.17283950617284,13.16425120772947,0.17444981213097155,7.051798174986581,0.10735373054213634,2.952227589908749,
67,20.02818035426731,25.228126677402038,30.770263016639827,14.51959205582394,0.17444981213097155,6.219806763285024,0.10735373054213634,2.952227589908749,
68,20.29656468062265,23.62453032742888,30.50858829844337,14.016371443907676,0.17444981213097155,8.521202361782072,0.10735373054213634,2.7509393451422435,
69,20.35024154589372,22.946859903381643,30.475040257648953,14.016371443907676,0.9125067096081588,8.440687063875469,0.10735373054213634,2.7509393451422435,
70,20.41062801932367,22.63150831991412,29.636339237788512,15.365002683843263,0.6843800322061192,8.427267847557703,0.10735373054213634,2.737520128824477,
71,19.867149758454108,21.93370907139023,34.346484165324746,12.741545893719806,0.6843800322061192,7.581857219538379,0.10735373054213634,2.737520128824477,
72,19.95437466451959,21.900161030595815,34.09151905528717,12.983091787439614,0.6843800322061192,7.541599570585078,0.10735373054213634,2.737520128824477,
73,19.94766505636071,21.464036500268385,33.77616747181965,12.929414922168545,0.6843800322061192,8.433977455716587,0.026838432635534086,2.737520128824477,
74,20.04830917874396,21.464036500268385,33.7157809983897,12.922705314009661,0.6843800322061192,8.400429414922169,0.026838432635534086,2.737520128824477,
75,16.371443907675793,30.535426731078903,33.15888352120236,8.487654320987655,0.95276435856146,7.7831454643048845,0.026838432635534086,2.6838432635534084,
76,16.666666666666668,30.50858829844337,32.890499194847024,8.487654320987655,0.95276435856146,7.7831454643048845,0.026838432635534086,2.6838432635534084,
77,16.686795491143318,29.716854535695116,32.84353193773484,8.3064949006978,0.95276435856146,7.7361782071927,0.026838432635534086,3.730542136339238,
78,16.800858829844337,29.663177670424048,32.8166935050993,8.3064949006978,0.95276435856146,7.702630166398282,0.026838432635534086,3.730542136339238,
79,16.72705314009662,29.17337627482555,35.27241009125067,7.387278582930757,0.8923778851315083,6.884057971014493,0.026838432635534086,3.6366076221148687,
80,16.780730005367687,29.17337627482555,35.07112184648417,7.387278582930757,1.0399892646269457,6.884057971014493,0.026838432635534086,3.6366076221148687,
81,16.384863123993558,28.589640365002683,31.82367149758454,10.63472893183038,1.0399892646269457,7.863660762211487,0.026838432635534086,3.6366076221148687,
82,15.13016639828234,26.308373590982285,35.909822866344605,10.507246376811594,1.0399892646269457,7.561728395061729,0.026838432635534086,3.515834675254965,
83,14.244498121309716,26.03327965646806,37.64090177133655,9.400161030595813,1.0399892646269457,8.11862587224906,0.026838432635534086,3.4957058507783145,
84,14.325013419216317,26.03327965646806,37.61406333870102,9.373322597960279,1.0399892646269457,8.091787439613526,0.026838432635534086,3.4957058507783145,
85,14.566559312936125,25.959473966720342,37.60064412238325,9.359903381642512,1.0399892646269457,7.950885668276973,0.026838432635534086,3.4957058507783145,
86,14.841653247450349,25.261674718196456,37.35909822866345,9.286097691894794,1.133923778851315,8.59500805152979,0.026838432635534086,3.4957058507783145,
87,14.868491680085883,24.644390767579175,37.063875469672574,8.789586688137414,1.5432098765432098,8.55475040257649,0.020128824476650563,4.51556629092861,
88,15.056360708534621,24.55716586151369,36.86929683306495,8.749329039184111,1.5432098765432098,8.541331186258722,0.16774020397208803,4.51556629092861,
89,15.123456790123457,24.422973698336016,36.79549114331723,9.044551798174986,1.5230810520665594,8.407139023081053,0.16774020397208803,4.51556629092861,
90,15.35829307568438,24.382716049382715,36.60762211486849,9.037842190016104,1.5230810520665594,8.407139023081053,0.16774020397208803,4.51556629092861,
91,15.385131508319914,24.382716049382715,36.580783682232955,9.037842190016104,1.5230810520665594,8.407139023081053,0.16774020397208803,4.51556629092861,
92,15.539452495974235,24.355877616747183,36.46672034353194,9.037842190016104,1.5230810520665594,8.393719806763285,0.16774020397208803,4.51556629092861,
93,15.874932903918411,24.14787976382179,36.43317230273752,8.99087493290392,1.5230810520665594,8.3467525496511,0.16774020397208803,4.51556629092861,
94,16.009125067096083,22.34970477724101,36.211755233494365,8.863392377885132,3.5829307568438002,8.340042941492216,0.16774020397208803,4.4753086419753085,
95,16.150026838432634,22.289318303811058,36.178207192699944,8.816425120772946,3.5829307568438002,8.340042941492216,0.16774020397208803,4.4753086419753085,
96,16.223832528180353,22.148416532474503,36.10440150295223,8.816425120772946,3.7238325281803544,8.340042941492216,0.16774020397208803,4.4753086419753085,
97,15.53274288781535,21.591519055287172,33.53462157809984,12.721417069243156,3.515834675254965,9.078099838969404,0.16774020397208803,3.8580246913580245,
98,15.291196994095545,18.780193236714975,34.07139023081052,12.245034889962426,3.079710144927536,12.533548040794418,0.1610305958132045,3.8378958668813743,
99,15.385131508319914,18.753354804079443,34.05797101449275,11.60762211486849,3.079710144927536,12.513419216317766,0.7648953301127214,3.8378958668813743,
100,15.68035426731079,18.592324208266238,34.024422973698336,11.594202898550725,3.079710144927536,12.446323134728932,0.7648953301127214,3.8177670424047236,
101,15.707192699946322,17.807300053676865,33.923778851315085,11.594202898550725,3.965378421900161,12.419484702093397,0.7648953301127214,3.8177670424047236,
102,15.807836822329575,17.632850241545892,33.15217391304348,11.439881910896403,5.22007514761138,12.338969404186795,0.7648953301127214,3.643317230273752,
103,14.398819108964037,19.142512077294686,33.02469135802469,11.41304347826087,5.35426731078905,12.258454106280194,0.7648953301127214,3.643317230273752,
104,14.439076757917338,19.061996779388085,31.280193236714975,10.695115405260333,5.213365539452496,14.761137949543746,0.7648953301127214,3.784219001610306,
105,14.358561460010735,19.02173913043478,30.367686527106816,10.560923242082662,5.347557702630167,14.492753623188406,0.6239935587761675,5.226784755770263,
106,14.445786366076222,18.927804616210413,30.08588298443371,10.507246376811594,5.347557702630167,15.069779924852389,0.6239935587761675,4.99194847020934,
107,13.788244766505636,18.290391841116477,31.5955448201825,10.507246376811594,5.347557702630167,14.868491680085883,0.6239935587761675,4.978529253891573,
108,14.056629092860977,18.223295759527645,31.561996779388085,10.715244229736983,5.152979066022544,14.687332259796028,0.6239935587761675,4.978529253891573,
109,14.090177133655395,18.19645732689211,31.561996779388085,10.715244229736983,5.146269457863661,14.687332259796028,0.6239935587761675,4.978529253891573,
110,13.788244766505636,18.109232420826622,32.689210950080515,10.131508319914117,5.146269457863661,14.76784755770263,0.6239935587761675,4.74369296833065,
111,13.855340848094471,18.075684380032207,32.689210950080515,10.131508319914117,5.146269457863661,14.734299516908212,0.6239935587761675,4.74369296833065,
112,14.076757917337627,18.06897477187332,32.64224369296833,10.131508319914117,5.146269457863661,14.566559312936125,0.6239935587761675,4.74369296833065,
113,14.210950080515298,17.921363392377884,32.64224369296833,10.131508319914117,5.0993022007514766,14.51959205582394,0.6239935587761675,4.851046698872786,
114,14.55984970477724,17.632850241545892,33.581588835212024,9.473966720343531,5.0993022007514766,14.512882447665056,0.6239935587761675,4.51556629092861,
115,14.626945786366075,17.619431025228128,33.581588835212024,9.473966720343531,5.0993022007514766,14.459205582393988,0.6239935587761675,4.51556629092861,
116,14.593397745571659,17.196725711218466,32.387278582930755,9.473966720343531,4.951690821256038,16.27079978529254,0.6239935587761675,4.502147074610843,
117,14.694041867954912,17.19001610305958,32.380568974771876,9.447128287707997,4.951690821256038,16.223832528180353,0.6239935587761675,4.488727858293076,
118,14.734299516908212,17.19001610305958,32.35373054213634,9.447128287707997,4.951690821256038,16.210413311862588,0.6239935587761675,4.488727858293076,
119,14.888620504562533,17.11621041331186,32.098765432098766,9.420289855072463,5.199946323134729,16.163446054750402,0.6239935587761675,4.488727858293076,
120,14.962426194310252,17.11621041331186,32.098765432098766,9.420289855072463,5.199946323134729,16.129898013955984,0.6239935587761675,4.448470209339774,
121,14.80810520665593,16.6532474503489,32.66237251744498,10.326086956521738,5.199946323134729,15.385131508319914,0.6239935587761675,4.341116478797638,
122,14.566559312936125,15.96886741814278,34.09822866344606,10.34621578099839,5.173107890499195,14.928878153515834,0.6239935587761675,4.294149221685454,
123,14.821524422973699,15.942028985507246,34.004294149221685,10.339506172839506,5.045625335480408,14.928878153515834,0.6239935587761675,4.294149221685454,
124,14.848362855609233,15.848094471282877,33.601717659688674,10.279119699409554,5.045625335480408,15.277777777777779,1.0064412238325282,4.092860976918948,
125,14.741009125067096,15.848094471282877,32.98443370907139,12.634192163177671,4.180085882984434,14.533011272141707,0.9863123993558777,4.092860976918948,
126,14.868491680085883,15.848094471282877,32.870370370370374,12.620772946859903,4.0995705850778315,14.533011272141707,1.06682769726248,4.092860976918948,
127,14.432367149758454,15.45222758990875,34.05797101449275,12.473161567364466,4.032474503488996,14.244498121309716,1.06682769726248,4.240472356414386,
128,14.65378421900161,15.45222758990875,33.863392377885134,12.473161567364466,4.032474503488996,14.244498121309716,1.06682769726248,4.213633923778851,
129,14.714170692431562,15.291196994095545,33.7157809983897,12.426194310252281,4.025764895330113,14.546430488459475,1.06682769726248,4.213633923778851,
130,15.331454643048845,15.291196994095545,33.12533548040794,12.144390767579173,4.025764895330113,14.512882447665056,1.0534084809447128,4.51556629092861,
131,15.378421900161031,14.982555018786902,33.011272141706925,12.030327428878154,4.025764895330113,15.022812667740205,1.0534084809447128,4.49543746645196,
132,15.499194847020934,14.942297369833602,33.011272141706925,12.016908212560386,4.012345679012346,14.969135802469136,1.0534084809447128,4.49543746645196,
133,15.573000536768653,14.942297369833602,32.98443370907139,11.969940955448202,4.012345679012346,14.969135802469136,1.0534084809447128,4.49543746645196,
134,15.646806226516372,14.942297369833602,32.98443370907139,11.969940955448202,4.012345679012346,14.895330112721417,1.0534084809447128,4.49543746645196,
135,15.613258185721953,14.855072463768115,31.5955448201825,13.526570048309178,3.992216854535695,14.88191089640365,1.0399892646269457,4.49543746645196,
136,15.633387010198604,14.855072463768115,31.57541599570585,13.47289318303811,3.992216854535695,15.096618357487923,1.0399892646269457,4.334406870638754,
137,15.445517981749866,14.593397745571659,32.1256038647343,13.352120236178207,3.992216854535695,14.955716586151368,1.2144390767579174,4.320987654320987,
138,14.61352657004831,13.573537305421363,33.57487922705314,13.955984970477724,4.092860976918948,14.834943639291465,1.2010198604401503,4.1532474503489,
139,14.754428341384862,13.43263553408481,33.42055823939882,13.915727321524423,4.092860976918948,14.700751476113794,1.328502415458937,4.3545356951154055,
140,14.801395598497047,13.43263553408481,33.393719806763286,13.915727321524423,4.092860976918948,14.700751476113794,1.3083735909822867,4.3545356951154055,
141,14.942297369833602,13.419216317767042,33.299785292538914,13.882179280730005,4.092860976918948,14.700751476113794,1.3083735909822867,4.3545356951154055,
142,15.009393451422437,13.378958668813741,33.299785292538914,13.855340848094471,4.092860976918948,14.700751476113794,1.3083735909822867,4.3545356951154055,
143,15.069779924852389,13.378958668813741,33.299785292538914,13.841921631776705,4.092860976918948,14.687332259796028,1.3083735909822867,4.320987654320987,
144,15.042941492216855,13.378958668813741,33.293075684380035,13.841921631776705,4.092860976918948,14.49946323134729,1.2815351583467525,4.569243156199678,
145,15.163714439076758,13.378958668813741,33.25281803542673,13.761406333870102,4.092860976918948,14.49946323134729,1.2815351583467525,4.569243156199678,
146,15.385131508319914,13.358829844337091,33.051529790660226,13.761406333870102,4.092860976918948,14.49946323134729,1.2815351583467525,4.569243156199678,
147,15.45222758990875,13.345410628019323,33.051529790660226,13.761406333870102,4.092860976918948,14.479334406870638,1.2815351583467525,4.53569511540526,
148,15.35829307568438,13.030059044551798,33.74932903918411,13.627214170692431,4.092860976918948,14.36527106816962,1.2815351583467525,4.49543746645196,
149,15.566290928609769,13.003220611916264,33.63526570048309,13.58695652173913,4.092860976918948,14.338432635534085,1.2815351583467525,4.49543746645196,
150,15.734031132581856,12.989801395598498,33.55475040257649,13.546698872785829,4.05931293612453,14.338432635534085,1.2815351583467525,4.49543746645196,
151,16.27079978529254,12.942834138486312,33.340042941492214,13.519860440150294,4.019055287171229,14.143853998926463,1.2815351583467525,4.4820182501341925,
152,16.31105743424584,12.942834138486312,33.299785292538914,13.519860440150294,4.019055287171229,14.143853998926463,1.2815351583467525,4.4820182501341925,
153,16.049382716049383,12.761674718196458,36.312399355877616,12.453032742887816,3.9452495974235107,12.788513150831992,1.2815351583467525,4.408212560386473,
154,16.10305958132045,12.754965110037574,36.29898013955985,12.453032742887816,3.9452495974235107,12.76838432635534,1.2815351583467525,4.394793344068707,
155,15.935319377348362,12.74825550187869,36.72168545356951,12.245034889962426,3.9452495974235107,12.741545893719806,1.1808910359634996,4.4820182501341925,
156,16.163446054750402,12.734836285560924,36.3996242619431,12.245034889962426,3.9452495974235107,13.056897477187333,1.1808910359634996,4.274020397208803,
157,16.35131508319914,12.694578636607622,36.30568974771873,12.23161567364466,3.9452495974235107,13.01663982823403,1.1808910359634996,4.274020397208803,
158,16.438539989264626,12.466451959205582,37.754965110037574,10.970209339774557,3.9452495974235107,13.01663982823403,1.1808910359634996,4.2270531400966185,
159,16.59957058507783,12.446323134728932,36.761943102522814,10.970209339774557,3.9452495974235107,13.137412775093935,1.1808910359634996,4.958400429414922,
160,16.525764895330113,11.963231347289318,36.741814278046164,10.970209339774557,4.522275899087493,13.137412775093935,1.1808910359634996,4.958400429414922,
161,16.11647879763822,11.943102522812667,39.10359634997316,9.769189479334408,4.676596886741814,13.110574342458401,0.5703166935050993,4.7101449275362315,
162,16.223832528180353,11.882716049382717,38.888888888888886,9.769189479334408,4.676596886741814,13.083735909822867,0.5703166935050993,4.904723564143854,
163,16.324476650563607,11.882716049382717,38.888888888888886,9.769189479334408,4.676596886741814,12.99651100375738,0.5703166935050993,4.891304347826087,
164,16.15673644659152,11.882716049382717,38.41250670960816,10.762211486849168,4.676596886741814,12.647611379495437,0.5703166935050993,4.891304347826087,
165,16.23054213633924,11.876006441223833,38.37224906065486,10.748792270531402,4.676596886741814,12.647611379495437,0.5703166935050993,4.87788513150832,
166,16.371443907675793,11.862587224906065,38.28502415458937,10.748792270531402,4.676596886741814,12.620772946859903,0.5703166935050993,4.864465915190553,
167,16.09634997316157,11.735104669887278,39.418947933440684,9.957058507783145,4.85775630703167,12.5,0.5703166935050993,4.864465915190553,
168,14.821524422973699,11.29898013955985,41.78743961352657,8.950617283950617,4.757112184648417,13.83521202361782,0.49651100375738055,4.052603327965647,
169,15.163714439076758,11.252012882447666,41.53918411164788,8.93719806763285,4.757112184648417,13.83521202361782,0.49651100375738055,4.019055287171229,
170,15.60654857756307,11.18491680085883,41.29092860976919,9.252549651100376,4.542404723564144,13.741277509393452,0.49651100375738055,3.8848631239935587,
171,15.767579173376275,11.18491680085883,41.176865271068166,9.205582393988191,4.542404723564144,13.741277509393452,0.49651100375738055,3.8848631239935587,
172,15.787707997852925,11.18491680085883,40.747450348899626,9.091519055287172,4.334406870638754,13.560118089103597,0.49651100375738055,4.797369833601718,
173,16.002415458937197,11.144659151905529,40.61325818572195,9.091519055287172,4.334406870638754,13.519860440150294,0.49651100375738055,4.797369833601718,
174,16.337895866881375,11.09098228663446,39.90874932903918,8.950617283950617,4.334406870638754,13.506441223832528,1.0735373054213635,4.797369833601718,
175,16.485507246376812,11.084272678475577,39.05662909286098,8.917069243156199,4.334406870638754,14.036500268384327,0.7045088566827697,5.381105743424584,
176,15.942028985507246,11.084272678475577,40.55958132045089,8.917069243156199,4.327697262479871,13.633923778851315,0.7045088566827697,4.830917874396135,
177,16.14331723027375,11.084272678475577,40.35829307568438,8.917069243156199,4.327697262479871,13.633923778851315,0.7045088566827697,4.830917874396135,
178,16.23725174449812,11.07085346215781,40.351583467525494,8.917069243156199,4.314278046162104,13.573537305421363,0.7045088566827697,4.830917874396135,
179,16.297638217928075,11.07085346215781,40.23081052066559,8.917069243156199,4.441760601180891,13.533279656468062,0.6977992485238862,4.810789049919484,
180,16.378153515834676,11.07085346215781,39.84836285560923,8.863392377885132,4.636339237788513,13.466183574879228,0.6977992485238862,5.038915727321524,
181,16.57944176060118,11.010466988727858,39.59339774557166,8.863392377885132,4.636339237788513,13.466183574879228,0.8185721953837896,5.032206119162641,
182,16.834406870638755,11.010466988727858,39.110305958132045,8.829844337090714,4.636339237788513,13.372249060654857,0.8185721953837896,5.387815351583468,
183,16.988727858293075,11.010466988727858,38.79495437466452,8.82313472893183,4.636339237788513,13.345410628019323,1.0131508319914118,5.387815351583468,
184,17.404723564143854,11.010466988727858,38.687600644122384,8.682232957595277,4.636339237788513,13.291733762748256,1.0131508319914118,5.273752012882448,
185,17.619431025228128,10.903113258185721,38.62721417069243,8.682232957595277,4.636339237788513,13.264895330112722,1.0131508319914118,5.253623188405797,
186,17.652979066022546,10.903113258185721,38.62050456253355,8.675523349436393,4.636339237788513,13.251476113794954,1.0131508319914118,5.246913580246914,
187,18.17632850241546,10.903113258185721,38.33870101986044,8.635265700483092,4.636339237788513,13.24476650563607,0.9460547504025765,5.119431025228127,
188,18.270263016639827,10.896403650026839,38.28502415458937,8.621846484165324,4.622920021470746,13.24476650563607,0.9460547504025765,5.112721417069243,
189,18.397745571658614,10.869565217391305,38.238056897477186,8.621846484165324,4.622920021470746,13.20450885668277,0.9460547504025765,5.0993022007514766,
190,18.411164787976382,10.869565217391305,38.22463768115942,8.621846484165324,4.622920021470746,13.20450885668277,0.9460547504025765,5.0993022007514766,
191,18.263553408480945,10.809178743961352,38.486312399355874,8.588298443370908,4.622920021470746,13.191089640365004,0.9460547504025765,5.092592592592593,
192,18.310520665593128,10.755501878690284,38.399087493290395,8.400429414922169,4.622920021470746,13.191089640365004,0.9460547504025765,5.374396135265701,
193,18.45813204508857,10.681696188942565,39.61352657004831,8.091787439613526,4.4753086419753085,12.815351583467525,1.0466988727858293,4.817498658078368,
194,18.59903381642512,10.681696188942565,39.56655931293612,8.051529790660226,4.4753086419753085,12.775093934514224,1.0466988727858293,4.804079441760601,
195,18.646001073537306,10.681696188942565,39.52630166398282,8.051529790660226,4.468599033816425,12.775093934514224,1.0466988727858293,4.804079441760601,
196,17.767042404723565,10.674986580783683,43.84057971014493,6.488191089640365,4.005636070853462,12.486580783682234,0.9192163177670424,3.8177670424047236,
197,17.814009661835748,10.674986580783683,43.80703166935051,6.488191089640365,4.005636070853462,12.473161567364466,0.9192163177670424,3.8177670424047236,
198,17.860976918947934,10.674986580783683,43.80032206119163,6.461352657004831,4.005636070853462,12.4597423510467,0.9192163177670424,3.8177670424047236,
199,17.914653784219002,10.674986580783683,43.75335480407944,6.461352657004831,4.005636070853462,12.453032742887816,0.9192163177670424,3.8177670424047236,
200,17.934782608695652,10.674986580783683,43.73322597960279,6.461352657004831,4.005636070853462,12.453032742887816,0.9192163177670424,3.8177670424047236,
201,17.96833064949007,10.654857756307031,43.71980676328502,6.461352657004831,4.005636070853462,12.453032742887816,0.9192163177670424,3.8177670424047236,
202,18.183038110574344,10.621309715512615,43.61916264090177,6.421095008051529,4.005636070853462,12.412775093934513,0.9192163177670424,3.8177670424047236,
203,18.256843800322063,10.621309715512615,43.57890499194847,6.421095008051529,4.005636070853462,12.379227053140097,0.9192163177670424,3.8177670424047236,
204,18.42458400429415,10.621309715512615,43.51851851851852,6.421095008051529,4.005636070853462,12.285292538915728,0.9192163177670424,3.8043478260869565,
205,18.632581857219538,10.513955984970478,43.51180891035963,6.380837359098229,3.9989264626945786,12.285292538915728,0.9192163177670424,3.7573805689747717,
206,18.733225979602793,10.426731078904991,43.41787439613527,6.380837359098229,4.1129898013955986,12.278582930756844,0.8923778851315083,3.7573805689747717,
207,17.753623188405797,10.091250670960816,43.02871712292002,8.447396672034353,4.012345679012346,12.016908212560386,0.8923778851315083,3.7573805689747717,
208,17.753623188405797,10.091250670960816,43.02871712292002,8.447396672034353,4.012345679012346,12.016908212560386,0.8923778851315083,3.7573805689747717,
209,17.827428878153516,10.064412238325282,42.99516908212561,8.447396672034353,4.005636070853462,12.016908212560386,0.8923778851315083,3.750670960815888,
210,17.894524959742352,10.064412238325282,42.94820182501342,8.447396672034353,4.005636070853462,12.00348899624262,0.8856682769726248,3.750670960815888,
211,18.04213633923779,9.96376811594203,42.7133655394525,7.62211486849168,4.005636070853462,12.889157273215245,1.0399892646269457,3.7238325281803544,
212,18.156199677938808,9.96376811594203,42.250402576489535,7.62211486849168,4.005636070853462,13.258185721953838,1.0399892646269457,3.7037037037037037,
213,18.136070853462158,9.688674181427805,42.23698336017176,7.615405260332796,4.435050993022007,13.150831991411701,1.0399892646269457,3.69699409554482,
214,18.297101449275363,9.688674181427805,42.11621041331186,7.615405260332796,4.435050993022007,13.117283950617283,1.0399892646269457,3.6902844873859366,
215,18.323939881910896,9.688674181427805,42.1027911969941,7.615405260332796,4.428341384863124,13.110574342458401,1.0399892646269457,3.6902844873859366,
216,18.35077831454643,9.675254965110037,41.91492216854536,7.615405260332796,4.428341384863124,13.110574342458401,1.2144390767579174,3.6902844873859366,
217,18.511808910359633,9.634997316156737,41.86795491143317,7.561728395061729,4.414922168545357,13.110574342458401,1.2144390767579174,3.683574879227053,
218,18.612453032742888,9.339774557165862,41.75389157273215,7.548309178743962,4.736983360171766,13.110574342458401,1.2144390767579174,3.683574879227053,
219,18.726516371443907,9.339774557165862,41.67337627482555,7.521470746108427,4.736983360171766,13.110574342458401,1.2144390767579174,3.6768652710681695,
220,18.54535695115405,9.31964573268921,41.358024691358025,8.635265700483092,4.87788513150832,12.245034889962426,1.2144390767579174,3.8043478260869565,
221,18.706387546967257,9.25925925925926,41.257380568974774,8.635265700483092,4.87788513150832,12.245034889962426,1.2144390767579174,3.8043478260869565,
222,18.78690284487386,9.25925925925926,41.19028448738594,8.628556092324208,4.871175523349437,12.245034889962426,1.2144390767579174,3.8043478260869565,
223,18.84728931830381,9.225711218464841,41.08964036500269,8.628556092324208,4.871175523349437,12.245034889962426,1.3016639828234031,3.7909286097691894,
224,18.92109500805153,9.212292002147075,40.70048309178744,8.628556092324208,4.871175523349437,12.573805689747719,1.3016639828234031,3.7909286097691894,
225,18.947933440687063,9.212292002147075,40.5931293612453,8.59500805152979,4.871175523349437,12.573805689747719,1.415727321524423,3.7909286097691894,
226,19.256575415995705,8.977455716586151,40.54616210413312,8.588298443370908,4.871175523349437,12.553676865271068,1.415727321524423,3.7909286097691894,
227,19.45786366076221,8.977455716586151,40.405260332796566,8.527911969940956,4.871175523349437,12.553676865271068,1.415727321524423,3.7909286097691894,
228,19.49812130971551,8.977455716586151,40.25093934514224,8.521202361782072,4.871175523349437,12.553676865271068,1.5365002683843263,3.7909286097691894,
229,19.6256038647343,8.977455716586151,39.96913580246913,8.521202361782072,4.871175523349437,12.526838432635534,1.7176596886741815,3.7909286097691894,
230,19.786634460547504,8.964036500268385,39.96913580246913,8.460815888352121,4.783950617283951,12.526838432635534,1.7176596886741815,3.7909286097691894,
231,20.169082125603865,8.923778851315083,39.68733225979603,8.460815888352121,4.730273752012883,12.52012882447665,1.7176596886741815,3.7909286097691894,
232,20.37037037037037,8.896940418679549,39.60010735373054,8.400429414922169,4.730273752012883,12.506709608158884,1.7176596886741815,3.7775093934514223,
233,20.303274288781534,8.896940418679549,39.351851851851855,8.353462157809984,4.730273752012883,12.493290391841116,1.7176596886741815,4.1532474503489,
234,20.33011272141707,8.809715512614064,39.32501341921632,8.3467525496511,4.676596886741814,12.4597423510467,1.7176596886741815,4.334406870638754,
235,20.517981749865807,8.722490606548577,39.24449812130972,8.3064949006978,4.74369296833065,12.432903918411165,1.7176596886741815,4.314278046162104,
236,20.571658615136876,8.722490606548577,39.19753086419753,8.299785292538916,4.74369296833065,12.432903918411165,1.7176596886741815,4.314278046162104,
237,20.625335480407944,8.709071390230811,39.19753086419753,8.299785292538916,4.74369296833065,12.419484702093397,1.7176596886741815,4.28743961352657,
238,20.813204508856682,8.709071390230811,39.009661835748794,8.246108427267847,4.7168545356951155,12.5,1.7176596886741815,4.28743961352657,
239,21.22920021470746,8.494363929146537,38.87546967257112,8.246108427267847,4.703435319377348,12.473161567364466,1.7176596886741815,4.260601180891036,
240,21.289586688137412,8.480944712828771,38.60708534621578,8.246108427267847,4.924852388620504,12.473161567364466,1.7176596886741815,4.260601180891036,
241,21.584809447128286,8.480944712828771,38.54669887278583,8.246108427267847,4.924852388620504,12.245034889962426,1.7176596886741815,4.253891572732153,
242,21.712292002147073,8.387010198604402,38.49302200751476,7.803274288781535,4.924852388620504,12.721417069243156,1.7176596886741815,4.240472356414386,
243,21.79951690821256,8.36688137412775,38.425925925925924,7.803274288781535,4.924852388620504,12.721417069243156,1.7176596886741815,4.240472356414386,
244,21.79951690821256,8.36688137412775,38.425925925925924,7.803274288781535,4.924852388620504,12.721417069243156,1.7176596886741815,4.240472356414386,
245,21.940418679549115,8.360171765968868,37.124261943102525,7.803274288781535,4.924852388620504,13.989533011272142,1.6170155662909287,4.240472356414386,
246,22.094739667203434,8.353462157809984,37.03032742887815,7.803274288781535,4.884594739667204,13.976113794954374,1.6170155662909287,4.240472356414386,
247,22.168545356951153,8.319914117015566,36.822329575952764,7.803274288781535,4.884594739667204,13.862050456253355,1.6170155662909287,4.522275899087493,
248,22.262479871175522,8.319914117015566,36.78878153515835,7.803274288781535,4.884594739667204,13.801663982823403,1.6170155662909287,4.522275899087493,
249,22.430220075147613,8.259527643585615,36.71497584541063,7.803274288781535,4.884594739667204,13.801663982823403,1.583467525496511,4.522275899087493,
250,22.537573805689746,8.259527643585615,36.64117015566291,7.796564680622652,4.884594739667204,13.774825550187868,1.583467525496511,4.522275899087493,
251,22.604669887278583,8.145464304884594,36.64117015566291,7.776435856146001,4.998658078368224,13.761406333870102,1.570048309178744,4.502147074610843,
252,23.040794417606012,8.132045088566828,36.33923778851315,7.75630703166935,4.951690821256038,13.734567901234568,1.570048309178744,4.4753086419753085,
253,23.081052066559312,8.11862587224906,36.312399355877616,7.75630703166935,4.951690821256038,13.734567901234568,1.570048309178744,4.4753086419753085,
254,23.121309715512613,7.924047235641439,36.07756307031669,7.742887815351583,5.179817498658078,13.714439076757918,1.7646269457863661,4.4753086419753085,
255,23.2085346215781,7.897208803005904,36.03730542136339,7.742887815351583,5.179817498658078,13.70101986044015,1.7646269457863661,4.468599033816425,
256,23.443370907139023,7.85024154589372,35.94337090713902,7.742887815351583,5.179817498658078,13.70101986044015,1.6841116478797638,4.455179817498658,
257,23.47691894793344,7.85024154589372,35.94337090713902,7.742887815351583,5.179817498658078,13.667471819645733,1.6841116478797638,4.455179817498658,
258,23.15485775630703,7.635534084809447,35.79575952764358,7.7361782071927,5.092592592592593,13.654052603327965,1.6841116478797638,5.246913580246914,
259,23.242082662372518,7.635534084809447,35.49382716049383,7.7361782071927,5.481749865807837,13.493022007514762,1.6841116478797638,5.233494363929147,
260,23.15485775630703,7.541599570585078,35.41331186258722,8.038110574342458,5.46833064949007,13.466183574879228,1.6841116478797638,5.233494363929147,
261,23.221953837895867,7.541599570585078,35.158346752549654,8.017981749865807,5.448201825013419,13.466183574879228,1.9256575415995705,5.22007514761138,
262,23.26892109500805,7.541599570585078,35.14492753623188,7.991143317230274,5.441492216854535,13.466183574879228,1.9256575415995705,5.22007514761138,
263,23.523886205045624,7.467793880837359,34.977187332259795,7.823403113258186,5.441492216854535,13.70101986044015,1.9256575415995705,5.139559849704777,
264,23.67149758454106,7.454374664519592,34.90338164251208,7.7898550724637685,5.414653784219001,13.70101986044015,1.9256575415995705,5.139559849704777,
265,23.946591519055286,7.407407407407407,34.86983360171766,7.628824476650563,5.414653784219001,13.667471819645733,1.9256575415995705,5.139559849704777,
266,23.97342995169082,7.39398819108964,34.84299516908212,7.628824476650563,5.414653784219001,13.600375738056897,1.9256575415995705,5.132850241545894,0.08722490606548577
267,24.053945249597422,7.39398819108964,34.796027911969944,7.628824476650563,5.394524959742351,13.58695652173913,1.9256575415995705,5.132850241545894,0.08722490606548577
268,24.268652710681696,7.333601717659689,34.70209339774557,7.628824476650563,5.394524959742351,13.526570048309178,1.9256575415995705,5.132850241545894,0.08722490606548577
269,21.953837895866883,6.830381105743425,43.062265163714436,6.8035426731078905,5.146269457863661,9.634997316156737,1.4694041867954912,5.01207729468599,0.08722490606548577
270,22.041062801932366,6.8035426731078905,42.80059044551798,6.796833064949007,5.360976918947934,9.634997316156737,1.4694041867954912,5.005367686527107,0.08722490606548577
271,22.23564143853999,6.776704240472356,42.78046162104133,6.6760601180891035,5.360976918947934,9.634997316156737,1.4694041867954912,4.978529253891573,0.08722490606548577
272,22.403381642512077,6.743156199677939,42.54562533548041,6.6760601180891035,5.347557702630167,9.634997316156737,1.583467525496511,4.978529253891573,0.08722490606548577
273,22.530864197530864,6.743156199677939,42.39801395598497,6.6760601180891035,5.233494363929147,9.594739667203436,1.583467525496511,5.152979066022544,0.08722490606548577
274,22.591250670960815,6.709608158883521,42.371175523349436,6.6760601180891035,5.233494363929147,9.594739667203436,1.583467525496511,5.152979066022544,0.08722490606548577
275,22.5979602791197,6.494900697799249,42.371175523349436,6.629092860976919,5.233494363929147,9.581320450885668,1.583467525496511,5.421363392377885,0.08722490606548577
276,22.785829307568438,6.468062265163715,42.29736983360172,6.629092860976919,5.233494363929147,9.494095544820183,1.583467525496511,5.421363392377885,0.08722490606548577
