,45,50,55,51,52,53,57,54,56,58,59,60,46,61
0,96.22920021470746,3.770799785292539,,,,,,,,,,,,
1,95.13553408480945,4.730273752012883,0.13419216317767044,,,,,,,,,,,
2,91.3311862587225,8.433977455716587,0.1610305958132045,0.07380568974771873,,,,,,,,,,
3,91.02925389157274,8.709071390230811,0.1878690284487386,0.07380568974771873,,,,,,,,,,
4,90.90177133655395,8.836553945249598,0.1878690284487386,0.07380568974771873,,,,,,,,,,
5,90.65351583467526,9.084809447128288,0.1878690284487386,0.07380568974771873,,,,,,,,,,
6,89.92887815351584,9.77589908749329,0.1878690284487386,0.10735373054213634,,,,,,,,,,
7,89.65378421900161,10.050993022007514,0.1878690284487386,0.10735373054213634,,,,,,,,,,
8,89.42565754159958,10.292538915727322,0.17444981213097155,0.10735373054213634,,,,,,,,,,
9,87.62748255501879,12.04374664519592,0.2214170692431562,0.10735373054213634,,,,,,,,,,
10,87.20477724100913,12.439613526570048,0.24825550187869028,0.10735373054213634,,,,,,,,,,
11,85.19189479334406,14.452495974235104,0.24825550187869028,0.10735373054213634,,,,,,,,,,
12,81.17954911433172,18.431293612453032,0.24825550187869028,0.14090177133655393,,,,,,,,,,
13,80.65619967793882,19.102254428341386,0.10064412238325282,0.14090177133655393,,,,,,,,,,
14,80.62265163714439,19.135802469135804,0.10064412238325282,0.14090177133655393,,,,,,,,,,
15,67.7133655394525,26.94578636607622,0.2147074610842727,0.14090177133655393,4.341116478797638,0.6105743424584005,0.03354804079441761,,,,,,,
16,64.11030595813205,29.958400429414922,0.2147074610842727,0.7514761137949544,4.320987654320987,0.6105743424584005,0.03354804079441761,,,,,,,
17,63.969404186795494,29.998658078368223,0.33548040794417605,0.7514761137949544,4.300858829844337,0.6105743424584005,0.03354804079441761,,,,,,,
18,63.53327965646806,29.938271604938272,0.4092860976918948,1.0332796564680622,4.441760601180891,0.6105743424584005,0.03354804079441761,,,,,,,
19,63.097155126140635,30.099302200751477,0.6575415995705851,1.0332796564680622,4.441760601180891,0.6105743424584005,0.03354804079441761,0.026838432635534086,,,,,,
20,63.00322061191626,28.938539989264626,0.6575415995705851,2.254428341384863,4.4753086419753085,0.6105743424584005,0.03354804079441761,0.026838432635534086,,,,,,
21,59.514224369296834,32.51476113794954,0.7112184648416533,2.1135265700483092,4.4753086419753085,0.6105743424584005,0.03354804079441761,0.026838432635534086,,,,,,
22,59.29951690821256,32.70263016639828,0.7380568974771873,2.1135265700483092,4.4753086419753085,0.6105743424584005,0.03354804079441761,0.026838432635534086,,,,,,
23,58.2259796027912,33.4272678475577,0.8454106280193237,2.1806226516371443,4.461889425657541,0.6642512077294686,0.03354804079441761,0.1610305958132045,,,,,,
24,56.88405797101449,32.49463231347289,0.9326355340848095,4.327697262479871,4.461889425657541,0.6642512077294686,0.03354804079441761,0.1610305958132045,0.040257648953301126,,,,,
25,56.816961889425656,31.78341384863124,0.9393451422436929,4.180085882984434,4.106280193236715,0.6642512077294686,0.10064412238325282,1.2010198604401503,0.20799785292538917,,,,,
26,56.515029522275896,31.82367149758454,1.0534084809447128,4.361245303274289,4.106280193236715,0.6642512077294686,0.10064412238325282,1.1674718196457328,0.20799785292538917,,,,,
27,56.03193773483628,32.25308641975309,1.0869565217391304,4.38137412775094,4.106280193236715,0.6642512077294686,0.10064412238325282,1.1674718196457328,0.20799785292538917,,,,,
28,55.864197530864196,32.49463231347289,1.133923778851315,4.3478260869565215,3.978797638217928,0.5770263016639828,0.10064412238325282,1.2546967257112185,0.24825550187869028,,,,,
29,48.51717659688674,39.99597423510467,1.133923778851315,4.274020397208803,3.8311862587224907,0.5703166935050993,0.10064412238325282,1.1808910359634996,0.39586688137412773,,,,,
30,48.490338164251206,39.801395598497045,1.3821792807300053,4.240472356414386,3.824476650563607,0.7045088566827697,0.10064412238325282,1.0601180891035964,0.39586688137412773,,,,,
31,32.48792270531401,60.67498658078368,1.06682769726248,1.6774020397208802,1.9860440150295222,0.7045088566827697,0.013419216317767043,1.0601180891035964,0.32877079978529256,,,,,
32,29.341116478797638,55.9044551798175,1.0399892646269457,4.676596886741814,1.9860440150295222,5.522007514761138,0.013419216317767043,1.1876006441223832,0.32877079978529256,,,,,
33,29.401502952227588,55.54884594739667,1.3419216317767042,4.676596886741814,1.9860440150295222,5.515297906602254,0.013419216317767043,1.1876006441223832,0.32877079978529256,,,,,
34,27.42216854535695,57.46779388083736,1.6572732152442298,4.703435319377348,1.9793344068706387,5.159688674181428,0.013419216317767043,1.1876006441223832,0.32877079978529256,0.08051529790660225,,,,
35,27.482555018786904,57.2061191626409,1.7847557702630166,4.703435319377348,1.9793344068706387,5.159688674181428,0.013419216317767043,1.1876006441223832,0.32877079978529256,0.15432098765432098,,,,
36,27.361782071927,56.72973698336017,2.4355877616747184,4.569243156199678,2.033011272141707,5.186527106816962,0.013419216317767043,1.1876006441223832,0.32877079978529256,0.15432098765432098,,,,
37,26.764626945786365,55.683038110574344,2.254428341384863,4.569243156199678,3.7640901771336552,5.186527106816962,0.013419216317767043,1.2815351583467525,0.32877079978529256,0.15432098765432098,,,,
38,25.147611379495437,57.085346215781,2.4892646269457863,4.582662372517445,3.743961352657005,5.186527106816962,0.013419216317767043,1.2681159420289856,0.32877079978529256,0.15432098765432098,,,,
39,25.295222758990874,56.85050993022008,2.6301663982823404,4.569243156199678,3.717122920021471,5.173107890499195,0.013419216317767043,1.2681159420289856,0.32877079978529256,0.15432098765432098,,,,
40,25.34219001610306,55.51529790660226,3.938539989264627,4.575952764358561,3.7037037037037037,5.159688674181428,0.013419216317767043,1.2681159420289856,0.32877079978529256,0.15432098765432098,,,,
41,24.16129898013956,56.166129898013956,4.394793344068707,4.736983360171766,3.5426731078904994,5.199946323134729,0.013419216317767043,1.3016639828234031,0.32877079978529256,0.15432098765432098,,,,
42,23.98684916800859,55.60923242082662,4.643048845947397,4.7168545356951155,4.05931293612453,5.166398282340311,0.04696725711218465,1.3016639828234031,0.3153515834675255,0.15432098765432098,,,,
43,24.12104133118626,55.193236714975846,4.871175523349437,4.643048845947397,4.05931293612453,5.045625335480408,0.08722490606548577,1.328502415458937,0.38915727321524424,0.2616747181964573,,,,
44,24.00697799248524,54.89801395598497,5.179817498658078,4.582662372517445,4.05931293612453,4.944981213097155,0.08722490606548577,1.5365002683843263,0.38915727321524424,0.3153515834675255,,,,
45,23.993558776167472,54.7638217928073,5.179817498658078,4.374664519592056,4.394793344068707,4.931561996779388,0.08722490606548577,1.570048309178744,0.38915727321524424,0.3153515834675255,,,,
46,24.06736446591519,54.126409017713364,4.998658078368224,4.253891572732153,4.616210413311863,4.817498658078368,0.2214170692431562,2.1940418679549114,0.38915727321524424,0.3153515834675255,,,,
47,23.839237788513152,53.75067096081589,4.8376274825550185,4.146537842190016,5.360976918947934,4.817498658078368,0.2214170692431562,2.2946859903381642,0.41599570585077833,0.3153515834675255,,,,
48,23.70504562533548,53.596349973161566,5.092592592592593,4.186795491143317,5.22007514761138,4.817498658078368,0.2214170692431562,2.428878153515835,0.41599570585077833,0.3153515834675255,,,,
49,22.779119699409556,54.30085882984434,5.152979066022544,4.213633923778851,5.213365539452496,4.770531400966184,0.2214170692431562,2.589908749329039,0.41599570585077833,0.3421900161030596,,,,
50,22.920021470746107,54.166666666666664,5.300590445517981,4.200214707461084,5.166398282340311,4.770531400966184,0.24825550187869028,2.4691358024691357,0.41599570585077833,0.3421900161030596,,,,
51,22.5979602791197,53.96537842190016,5.60252281266774,4.166666666666667,5.293880837359098,4.790660225442834,0.24825550187869028,2.509393451422437,0.4830917874396135,0.3421900161030596,,,,
52,22.054482018250134,54.30756843800322,6.112453032742888,4.1129898013955986,5.038915727321524,4.87788513150832,0.24825550187869028,2.509393451422437,0.39586688137412773,0.3421900161030596,,,,
53,22.061191626409016,52.241009125067094,5.522007514761138,5.045625335480408,6.998121309715513,3.0059044551798175,0.18115942028985507,4.51556629092861,0.32877079978529256,0.10064412238325282,,,,
54,22.094739667203434,51.42914653784219,6.011808910359635,5.038915727321524,7.011540526033279,4.28743961352657,0.18115942028985507,3.4957058507783145,0.3488996242619431,0.10064412238325282,,,,
55,22.014224369296834,51.019860440150296,6.239935587761675,5.689747718733226,6.615673644659152,4.294149221685454,0.18115942028985507,3.4957058507783145,0.3488996242619431,0.10064412238325282,,,,
56,22.034353193773484,50.4495437466452,6.736446591519055,5.743424584004294,6.568706387546968,4.193505099302201,0.16774020397208803,3.5292538915727323,0.47638217928073,0.10064412238325282,,,,
57,22.04777241009125,50.06038647342995,6.977992485238862,5.676328502415459,6.749865807836822,3.8915727321524423,0.46296296296296297,3.556092324208266,0.47638217928073,0.10064412238325282,,,,
58,21.846484165324746,48.698336017176594,8.09849704777241,5.642780461621041,6.642512077294686,4.435050993022007,0.46296296296296297,3.4621578099838968,0.6105743424584005,0.10064412238325282,,,,
59,21.67874396135266,48.97342995169082,8.051529790660226,5.589103596349974,6.622383252818035,4.49543746645196,0.48980139559849706,3.4151905528717124,0.5837359098228664,0.10064412238325282,,,,
60,21.524422973698336,47.738862050456255,8.380300590445518,5.589103596349974,7.64224369296833,4.300858829844337,0.43612453032742887,3.670155662909286,0.5568974771873323,0.0939345142243693,0.026838432635534086,0.040257648953301126,,
61,21.39694041867955,45.61862587224906,10.466988727858293,5.589103596349974,7.796564680622652,4.361245303274289,0.46967257112184646,3.589640365002684,0.5501878690284487,0.0939345142243693,0.026838432635534086,0.040257648953301126,,
62,21.4573268921095,45.531400966183575,10.540794417606012,5.542136339237788,7.796564680622652,4.320987654320987,0.46967257112184646,3.5762211486849167,0.5770263016639828,0.0939345142243693,0.026838432635534086,0.06709608158883522,,
63,21.490874932903917,45.35024154589372,10.527375201288244,5.542136339237788,7.7898550724637685,4.320987654320987,0.5166398282340311,3.69699409554482,0.5770263016639828,0.0939345142243693,0.026838432635534086,0.06709608158883522,,
64,20.739398819108963,44.77992485238862,10.990338164251208,6.736446591519055,7.360440150295223,4.448470209339774,0.5501878690284487,3.629898013955985,0.5770263016639828,0.0939345142243693,0.026838432635534086,0.06709608158883522,,
65,20.8064949006978,44.538378958668815,10.950080515297907,6.756575415995706,6.78341384863124,4.528985507246377,0.644122383252818,4.28743961352657,0.4428341384863124,0.16774020397208803,0.026838432635534086,0.06709608158883522,,
66,20.994363929146537,44.24315619967794,10.782340311325818,6.756575415995706,6.78341384863124,4.555823939881911,0.5971551261406334,4.582662372517445,0.4428341384863124,0.16774020397208803,0.026838432635534086,0.06709608158883522,,
67,21.034621578099838,43.927804616210416,10.641438539989265,6.723027375201288,6.78341384863124,4.555823939881911,0.7112184648416533,4.924852388620504,0.43612453032742887,0.16774020397208803,0.026838432635534086,0.06709608158883522,,
68,21.121846484165324,43.79361245303274,10.654857756307031,6.696188942565755,6.709608158883521,4.555823939881911,0.8118625872249061,4.891304347826087,0.43612453032742887,0.23483628556092323,0.026838432635534086,0.06709608158883522,,
69,21.309715512614062,43.69296833064949,10.63472893183038,6.635802469135802,6.709608158883521,4.542404723564144,0.8118625872249061,4.884594739667204,0.4495437466451959,0.23483628556092323,0.026838432635534086,0.06709608158883522,,
70,21.40365002683843,43.344068706387546,10.654857756307031,6.622383252818035,6.696188942565755,4.528985507246377,0.785024154589372,5.186527106816962,0.4495437466451959,0.23483628556092323,0.026838432635534086,0.06709608158883522,,
71,21.26274825550188,43.13607085346216,10.755501878690284,6.622383252818035,6.884057971014493,4.528985507246377,0.8856682769726248,5.146269457863661,0.4495437466451959,0.23483628556092323,0.026838432635534086,0.06709608158883522,,
72,21.115136876006442,41.908212560386474,10.735373054213634,6.602254428341385,6.837090713902308,4.2203435319377345,0.8319914117015567,6.89747718733226,0.4830917874396135,0.27509393451422437,0.026838432635534086,0.06709608158883522,,
73,20.538110574342458,42.28395061728395,10.560923242082662,6.521739130434782,7.467793880837359,4.206924315619967,0.798443370907139,6.6760601180891035,0.5770263016639828,0.27509393451422437,0.026838432635534086,0.06709608158883522,,
74,20.685721953837895,42.13633923778851,10.493827160493828,6.488191089640365,7.467793880837359,4.28743961352657,0.798443370907139,6.662640901771336,0.5837359098228664,0.27509393451422437,0.026838432635534086,0.0939345142243693,,
75,20.73268921095008,42.00214707461084,10.57434245840043,6.266774020397209,7.440955448201825,4.374664519592056,0.8789586688137413,6.723027375201288,0.6105743424584005,0.27509393451422437,0.026838432635534086,0.0939345142243693,,
76,20.88030059044552,41.45195920558239,10.84272678475577,6.246645195920558,7.950885668276973,4.334406870638754,0.8051529790660226,6.394256575415996,0.6105743424584005,0.36231884057971014,0.026838432635534086,0.0939345142243693,,
77,20.705850778314545,41.015834675254965,10.654857756307031,6.078904991948471,7.85024154589372,5.481749865807837,0.8588298443370908,6.300322061191626,0.5703166935050993,0.36231884057971014,0.026838432635534086,0.0939345142243693,,
78,20.564949006977994,40.83467525496511,10.59447128287708,6.0587761674718195,7.991143317230274,5.589103596349974,0.8588298443370908,6.454643048845948,0.5703166935050993,0.36231884057971014,0.026838432635534086,0.0939345142243693,,
79,20.397208803005906,39.53972088030059,11.66129898013956,6.025228126677402,8.05823939881911,5.548845947396672,0.8588298443370908,6.857219538378959,0.5703166935050993,0.36231884057971014,0.026838432635534086,0.0939345142243693,,
80,19.981213097155127,37.996511003757384,11.842458400429415,8.36688137412775,7.924047235641439,5.508588298443371,0.8588298443370908,6.468062265163715,0.5703166935050993,0.36231884057971014,0.026838432635534086,0.0939345142243693,,
81,19.920826623725173,37.82877079978529,11.889425657541599,8.272946859903382,7.843531937734836,5.522007514761138,0.9326355340848095,6.602254428341385,0.6776704240472357,0.36231884057971014,0.026838432635534086,0.12077294685990338,,
82,19.87385936661299,37.60735373054214,11.81561996779388,8.272946859903382,7.541599570585078,5.9514224369296835,0.8789586688137413,6.837090713902308,0.6776704240472357,0.39586688137412773,0.026838432635534086,0.12077294685990338,,
83,18.968062265163713,40.08990874932904,12.030327428878154,6.353998926462695,7.39398819108964,5.723295759527644,0.8789586688137413,7.367149758454106,0.6508319914117016,0.39586688137412773,0.026838432635534086,0.12077294685990338,,
84,19.068706387546968,39.801395598497045,12.278582930756844,6.3070316693505095,7.25979602791197,5.864197530864198,0.9125067096081588,7.4208266237251745,0.5568974771873323,0.3824476650563607,0.026838432635534086,0.12077294685990338,,
85,19.102254428341386,38.519860440150296,11.580783682232958,8.279656468062266,5.984970477724101,5.83064949006978,0.7246376811594203,8.890230810520666,0.5568974771873323,0.3824476650563607,0.026838432635534086,0.12077294685990338,,
86,19.008319914117017,38.137412775093935,11.882716049382717,8.467525496511003,5.998389694041868,5.790391841116479,0.6910896403650026,8.78287707997853,0.7112184648416533,0.3824476650563607,0.026838432635534086,0.12077294685990338,,
87,18.927804616210413,38.077026301663984,11.688137412775093,8.467525496511003,6.119162640901771,5.938003220611916,0.6910896403650026,8.769457863660762,0.8185721953837896,0.35560923242082665,0.026838432635534086,0.12077294685990338,,
88,19.07541599570585,37.915995705850776,11.896135265700483,8.051529790660226,6.166129898013956,6.078904991948471,0.7917337627482555,8.648684916800859,0.9192163177670424,0.30864197530864196,0.026838432635534086,0.12077294685990338,,
89,19.269994632313473,37.72141706924316,11.788781535158346,8.085077831454644,6.132581857219538,6.038647342995169,0.7917337627482555,8.796296296296296,0.9192163177670424,0.30864197530864196,0.026838432635534086,0.12077294685990338,,
90,19.410896403650028,37.39935587761675,11.77536231884058,8.044820182501342,6.166129898013956,6.099033816425121,0.7917337627482555,8.849973161567364,1.133923778851315,0.18115942028985507,0.026838432635534086,0.12077294685990338,,
91,18.813741277509394,35.19189479334407,12.72812667740204,8.091787439613526,7.62211486849168,6.642512077294686,0.7917337627482555,8.648684916800859,1.1473429951690821,0.17444981213097155,0.026838432635534086,0.12077294685990338,,
92,18.833870101986044,35.13150831991412,12.72812667740204,7.96430488459474,7.521470746108427,6.689479334406871,0.7917337627482555,8.635265700483092,1.3754696725711217,0.18115942028985507,0.026838432635534086,0.12077294685990338,,
93,18.69296833064949,34.97047772410091,12.667740203972087,9.16532474503489,7.5348899624261945,5.964841653247451,0.7917337627482555,8.487654320987655,1.3955984970477724,0.18115942028985507,0.026838432635534086,0.12077294685990338,,
94,18.59903381642512,34.916800858829845,12.694578636607622,9.16532474503489,7.62211486849168,5.964841653247451,0.7917337627482555,8.460815888352121,1.4559849704777241,0.18115942028985507,0.026838432635534086,0.12077294685990338,,
95,18.659420289855074,34.66183574879227,12.593934514224369,9.064680622651638,7.729468599033816,5.978260869565218,0.8252818035426731,8.641975308641975,1.4895330112721417,0.18115942028985507,0.06709608158883522,0.10735373054213634,,
96,18.686258722490606,34.326355340848096,12.848899624261943,9.25925925925926,7.64224369296833,5.870907139023081,0.8588298443370908,8.568169618894256,1.5499194847020934,0.18115942028985507,0.06709608158883522,0.14090177133655393,,
97,18.49838969404187,33.903650026838434,10.701825013419215,8.903650026838433,7.387278582930757,9.554482018250134,0.8319914117015567,8.353462157809984,1.5096618357487923,0.18115942028985507,0.06709608158883522,0.10735373054213634,,
98,18.411164787976382,33.84997316156736,10.72866344605475,9.037842190016104,7.333601717659689,9.5276435856146,0.8319914117015567,8.413848631239935,1.5096618357487923,0.18115942028985507,0.06709608158883522,0.10735373054213634,,
99,18.290391841116477,33.00456253354804,10.581052066559312,9.01100375738057,7.199409554482019,11.782071926999464,0.9393451422436929,7.353730542136339,1.4090177133655395,0.2147074610842727,0.10735373054213634,0.10735373054213634,,
100,18.209876543209877,32.709339774557165,10.607890499194847,9.118357487922705,7.065217391304348,11.641170155662909,0.9393451422436929,7.615405260332796,1.4090177133655395,0.46967257112184646,0.10735373054213634,0.10735373054213634,,
101,18.12265163714439,31.0252281266774,12.379227053140097,9.104938271604938,7.024959742351046,11.540526033279656,0.9393451422436929,7.75630703166935,1.3955984970477724,0.49651100375738055,0.10735373054213634,0.10735373054213634,,
102,18.136070853462158,30.864197530864196,12.52012882447665,9.098228663446054,6.6827697262479875,11.500268384326356,1.0332796564680622,7.924047235641439,1.5297906602254427,0.49651100375738055,0.10735373054213634,0.10735373054213634,,
103,18.035426731078903,30.709876543209877,12.795222758990874,8.917069243156199,6.696188942565755,11.60762211486849,0.9393451422436929,8.05823939881911,1.5297906602254427,0.49651100375738055,0.10735373054213634,0.10735373054213634,,
104,18.17632850241546,30.414653784219002,12.614063338701019,8.628556092324208,6.474771873322598,11.18491680085883,1.1808910359634996,9.29951690821256,1.3083735909822867,0.47638217928073,0.10735373054213634,0.13419216317767044,,
105,18.21658615136876,30.320719269994633,12.74825550187869,8.568169618894256,6.333870101986044,11.117820719269995,1.1674718196457328,9.41358024691358,1.3955984970477724,0.47638217928073,0.10735373054213634,0.13419216317767044,,
106,18.243424584004295,29.965110037573805,12.775093934514224,8.447396672034353,7.14573268921095,10.513955984970478,1.1674718196457328,9.66183574879227,1.4962426194310252,0.3421900161030596,0.10735373054213634,0.13419216317767044,,
107,14.184111647879764,53.234031132581855,8.32662372517445,4.300858829844337,6.072195383789587,6.226516371443908,0.46296296296296297,5.783682232957595,1.0064412238325282,0.17444981213097155,0.10735373054213634,0.12077294685990338,,
108,14.36527106816962,52.75764895330113,8.648684916800859,4.300858829844337,6.0654857756307035,6.166129898013956,0.5636070853462157,5.743424584004294,0.9863123993558777,0.17444981213097155,0.10735373054213634,0.12077294685990338,,
109,14.15727321524423,52.482555018786904,8.588298443370908,4.40150295222759,6.89747718733226,5.864197530864198,0.5636070853462157,5.743424584004294,0.8990874932903918,0.17444981213097155,0.10735373054213634,0.12077294685990338,,
110,14.351851851851851,51.851851851851855,8.917069243156199,4.428341384863124,6.823671497584541,5.9514224369296835,0.6374127750939346,5.743424584004294,0.8923778851315083,0.17444981213097155,0.10735373054213634,0.12077294685990338,,
111,14.533011272141707,51.69753086419753,8.903650026838433,4.428341384863124,6.904186795491143,5.857487922705314,0.6374127750939346,5.743424584004294,0.8923778851315083,0.17444981213097155,0.10735373054213634,0.12077294685990338,,
112,14.626945786366075,51.42914653784219,9.07139023081052,4.414922168545357,6.91760601180891,5.864197530864198,0.6374127750939346,5.837359098228664,0.798443370907139,0.17444981213097155,0.10735373054213634,0.12077294685990338,,
113,14.801395598497047,50.979602791196996,9.25925925925926,4.388083735909823,6.910896403650026,5.9514224369296835,0.6374127750939346,5.884326355340848,0.798443370907139,0.1610305958132045,0.10735373054213634,0.12077294685990338,,
114,14.928878153515834,50.234836285560924,9.903381642512077,4.388083735909823,6.89747718733226,5.917874396135265,0.6374127750939346,5.904455179817498,0.798443370907139,0.1610305958132045,0.10735373054213634,0.12077294685990338,,
115,15.143585614600108,49.986580783682236,9.782608695652174,4.388083735909823,6.877348362855609,5.917874396135265,0.6105743424584005,5.904455179817498,0.9057971014492754,0.1610305958132045,0.10735373054213634,0.2147074610842727,,
116,15.009393451422437,49.483360171765966,10.158346752549651,4.64975845410628,6.796833064949007,5.924584004294149,0.6642512077294686,5.844068706387547,0.9863123993558777,0.1610305958132045,0.10735373054213634,0.2147074610842727,,
117,15.150295222758992,49.06736446591519,10.453569511540525,4.683306494900698,6.749865807836822,5.877616747181965,0.6642512077294686,5.844068706387547,1.0265700483091786,0.1610305958132045,0.10735373054213634,0.2147074610842727,,
118,15.056360708534621,48.96672034353194,10.581052066559312,4.636339237788513,6.823671497584541,5.897745571658615,0.6642512077294686,5.844068706387547,1.0265700483091786,0.1610305958132045,0.10735373054213634,0.23483628556092323,,
119,15.116747181964573,48.84594739667203,10.661567364465915,4.555823939881911,6.823671497584541,5.891035963499732,0.6642512077294686,5.844068706387547,1.107085346215781,0.1610305958132045,0.10735373054213634,0.2214170692431562,,
120,14.40552871712292,50.597155126140635,10.420021470746109,4.320987654320987,6.602254428341385,5.481749865807837,0.7581857219538379,5.924584004294149,0.9997316156736447,0.1610305958132045,0.10735373054213634,0.2214170692431562,,
121,14.224369296833064,49.00697799248524,10.292538915727322,4.314278046162104,6.515029522275899,5.300590445517981,0.7581857219538379,8.11862587224906,0.9997316156736447,0.1610305958132045,0.08722490606548577,0.2214170692431562,,
122,14.36527106816962,48.590982286634464,10.607890499194847,4.30756843800322,6.474771873322598,5.300590445517981,0.7581857219538379,8.125335480407944,0.9997316156736447,0.1610305958132045,0.08722490606548577,0.2214170692431562,,
123,14.378690284487385,48.09447128287708,10.869565217391305,4.166666666666667,6.421095008051529,5.743424584004294,0.7581857219538379,8.017981749865807,1.0802469135802468,0.1610305958132045,0.08722490606548577,0.2214170692431562,,
124,14.533011272141707,47.92673107890499,10.809178743961352,4.320987654320987,6.360708534621578,5.743424584004294,0.7581857219538379,7.890499194847021,1.0802469135802468,0.1610305958132045,0.19457863660762212,0.2214170692431562,,
125,14.210950080515298,46.11513687600644,11.58749329039184,4.320987654320987,6.266774020397209,7.1658615136876005,0.785024154589372,7.890499194847021,1.0802469135802468,0.1610305958132045,0.19457863660762212,0.2214170692431562,,
126,14.13714439076758,45.772946859903385,11.708266237251744,4.8443370907139025,6.159420289855072,7.071926999463232,0.785024154589372,7.890499194847021,1.0802469135802468,0.1610305958132045,0.19457863660762212,0.19457863660762212,,
127,14.210950080515298,45.370370370370374,11.842458400429415,4.8443370907139025,6.105743424584004,7.266505636070853,0.7783145464304885,8.004562533548041,1.0802469135802468,0.11406333870101985,0.19457863660762212,0.1878690284487386,,
128,13.969404186795492,44.927536231884055,12.25174449812131,4.119699409554482,7.628824476650563,6.984702093397746,0.7783145464304885,7.85024154589372,0.9930220075147611,0.11406333870101985,0.19457863660762212,0.1878690284487386,,
129,13.976113794954374,44.585346215781,12.5,4.086151368760064,7.380568974771873,7.018250134192163,0.7581857219538379,8.111916264090176,1.0869565217391304,0.11406333870101985,0.19457863660762212,0.1878690284487386,,
130,13.855340848094471,43.61916264090177,12.379227053140097,4.05931293612453,8.561460010735374,7.03166935050993,0.6776704240472357,8.219269994632313,1.1003757380568975,0.11406333870101985,0.19457863660762212,0.1878690284487386,,
131,13.989533011272142,43.303811057434245,12.546967257112184,4.03918411164788,8.561460010735374,6.991411701556629,0.6776704240472357,8.266237251744498,1.1272141706924315,0.11406333870101985,0.19457863660762212,0.1878690284487386,,
132,14.163982823403114,43.001878690284485,12.674449812130971,4.03918411164788,8.501073537305421,6.991411701556629,0.7380568974771873,8.266237251744498,1.1272141706924315,0.11406333870101985,0.19457863660762212,0.1878690284487386,,
133,13.955984970477724,42.58588298443371,12.895866881374127,3.9989264626945786,8.581588835212024,8.61513687600644,0.8319914117015567,6.857219538378959,1.1876006441223832,0.11406333870101985,0.1878690284487386,0.1878690284487386,,
134,14.17740203972088,42.3845947396672,13.009930220075148,4.019055287171229,8.61513687600644,8.548040794417606,0.8319914117015567,6.749865807836822,1.1741814278046163,0.11406333870101985,0.1878690284487386,0.1878690284487386,,
135,14.2914653784219,42.16317767042405,12.848899624261943,4.019055287171229,8.883521202361782,8.380300590445518,0.798443370907139,6.743156199677939,1.3083735909822867,0.08722490606548577,0.1610305958132045,0.3153515834675255,,
136,14.130434782608695,40.74074074074074,13.170960815888352,5.0858829844337095,8.78287707997853,8.340042941492216,0.785024154589372,7.078636607622115,1.2949543746645196,0.08722490606548577,0.1878690284487386,0.3153515834675255,,
137,14.110305958132045,40.405260332796566,13.331991411701557,5.260332796564681,8.756038647342995,8.333333333333334,0.8655394524959742,7.051798174986581,1.2949543746645196,0.08722490606548577,0.1878690284487386,0.3153515834675255,,
138,14.231078904991948,40.19726247987118,13.385668276972625,5.246913580246914,8.655394524959743,8.259527643585615,0.8655394524959742,7.246376811594203,1.3217928073000538,0.08722490606548577,0.1878690284487386,0.3153515834675255,,
139,14.257917337627482,39.95571658615137,13.466183574879228,5.273752012882448,8.829844337090714,8.252818035426731,0.8655394524959742,7.14573268921095,1.3217928073000538,0.08722490606548577,0.2281266774020397,0.3153515834675255,,
140,14.38539989264627,39.754428341384866,13.439345142243694,6.038647342995169,8.809715512614064,7.6623725174449815,0.8252818035426731,7.132313472893183,1.3217928073000538,0.08722490606548577,0.2281266774020397,0.3153515834675255,,
141,14.36527106816962,39.44578636607622,13.425925925925926,6.206387546967257,8.769457863660762,7.716049382716049,0.8588298443370908,7.132313472893183,1.4895330112721417,0.08722490606548577,0.1878690284487386,0.3153515834675255,,
142,14.210950080515298,36.66129898013956,16.27750939345142,6.3070316693505095,8.756038647342995,7.716049382716049,0.8588298443370908,7.132313472893183,1.4895330112721417,0.08722490606548577,0.1878690284487386,0.3153515834675255,,
143,12.432903918411165,46.10842726784756,15.895061728395062,2.965646806226516,6.078904991948471,7.239667203435319,0.8319914117015567,6.3137412775093935,1.5096618357487923,0.08051529790660225,0.2281266774020397,0.3153515834675255,,
144,12.446323134728932,45.8870101986044,15.848094471282877,2.965646806226516,6.125872249060655,7.239667203435319,0.8319914117015567,6.011808910359635,1.5365002683843263,0.08051529790660225,0.7112184648416533,0.3153515834675255,,
145,12.587224906065487,45.45759527643585,16.022544283413847,2.965646806226516,6.132581857219538,7.179280730005368,0.8319914117015567,6.018518518518518,1.570048309178744,0.08051529790660225,0.7045088566827697,0.4495437466451959,,
146,12.560386473429952,44.860440150295226,16.505636070853463,3.535963499731616,6.132581857219538,7.192699946323135,0.8588298443370908,6.018518518518518,1.1272141706924315,0.08051529790660225,0.6776704240472357,0.4495437466451959,,
147,12.674449812130971,44.77321524422974,16.458668813741276,3.535963499731616,6.132581857219538,7.219538378958669,0.8387010198604401,6.1862587224906065,1.0265700483091786,0.08051529790660225,0.6239935587761675,0.4495437466451959,,
148,12.513419216317766,43.25684380032206,18.00187869028449,3.750670960815888,6.152710681696189,7.206119162640902,0.8655394524959742,6.078904991948471,1.0198604401502953,0.08051529790660225,0.6239935587761675,0.4495437466451959,,
149,12.74825550187869,42.975040257648956,18.02871712292002,3.7238325281803544,6.119162640901771,7.098765432098766,0.8252818035426731,6.3137412775093935,1.0131508319914118,0.08051529790660225,0.6239935587761675,0.4495437466451959,,
150,12.13768115942029,42.40472356414385,17.96833064949007,5.428073000536768,5.58239398819109,7.085346215780999,0.9594739667203436,6.246645195920558,0.9997316156736447,0.11406333870101985,0.6239935587761675,0.4495437466451959,,
151,12.198067632850242,42.47852925389157,18.04213633923779,5.3274288781535155,5.441492216854535,7.018250134192163,0.9997316156736447,6.146001073537305,1.2345679012345678,0.14761137949543746,0.5166398282340311,0.4495437466451959,,
152,12.4597423510467,40.304616210413315,19.652442297369834,5.293880837359098,5.414653784219001,7.018250134192163,1.0466988727858293,6.461352657004831,1.2077294685990339,0.14761137949543746,0.5568974771873323,0.43612453032742887,,
153,12.245034889962426,39.65378421900161,19.83360171765969,5.803811057434245,5.428073000536768,6.998121309715513,1.1406333870101986,6.474771873322598,1.3150831991411702,0.11406333870101985,0.5568974771873323,0.43612453032742887,,
154,12.218196457326892,39.27133655394525,19.75979602791197,5.797101449275362,5.401234567901234,7.360440150295223,1.1406333870101986,6.629092860976919,1.3150831991411702,0.11406333870101985,0.5568974771873323,0.43612453032742887,,
155,12.365807836822329,38.888888888888886,19.87385936661299,5.689747718733226,5.387815351583468,7.5348899624261945,1.1137949543746646,6.723027375201288,1.3150831991411702,0.11406333870101985,0.5568974771873323,0.43612453032742887,,
156,12.130971551261407,37.855609232420825,18.646001073537306,5.662909286097692,5.0993022007514766,7.5281803542673105,1.0064412238325282,9.601449275362318,1.3352120236178207,0.15432098765432098,0.5434782608695652,0.43612453032742887,,
157,12.285292538915728,37.68115942028985,18.59903381642512,5.5756843800322065,5.0858829844337095,7.50805152979066,1.0064412238325282,9.809447128287708,1.288244766505636,0.15432098765432098,0.5233494363929146,0.43612453032742887,0.020128824476650563,0.026838432635534086
158,12.352388620504563,37.19806763285024,18.80703166935051,5.5756843800322065,5.059044551798175,7.581857219538379,1.0064412238325282,9.96376811594203,1.3217928073000538,0.15432098765432098,0.5233494363929146,0.43612453032742887,0.020128824476650563,
159,12.097423510466989,37.27187332259796,18.283682232957595,6.340579710144928,5.280461621041331,7.25979602791197,0.9997316156736447,9.88996242619431,1.2815351583467525,0.30193236714975846,0.5233494363929146,0.4495437466451959,0.020128824476650563,
160,11.882716049382717,35.95679012345679,17.002147074610843,6.380837359098229,5.280461621041331,7.199409554482019,1.2278582930756843,12.513419216317766,1.288244766505636,0.30193236714975846,0.5233494363929146,0.4227053140096618,0.020128824476650563,
161,11.996779388083736,34.735641438539986,18.209876543209877,6.340579710144928,5.267042404723564,7.179280730005368,1.1741814278046163,12.453032742887816,1.3352120236178207,0.30193236714975846,0.5636070853462157,0.4227053140096618,0.020128824476650563,
162,11.855877616747183,33.95061728395062,18.417874396135264,6.66935050993022,5.642780461621041,7.286634460547504,1.1540526033279657,12.379227053140097,1.3352120236178207,0.30193236714975846,0.5636070853462157,0.4227053140096618,0.020128824476650563,
163,11.802200751476114,33.333333333333336,18.297101449275363,6.622383252818035,6.414385399892646,7.112184648416532,1.3553408480944713,12.432903918411165,1.3217928073000538,0.30193236714975846,0.5636070853462157,0.4227053140096618,0.020128824476650563,
164,11.862587224906065,32.8972088030059,18.491680085882983,6.622383252818035,6.387546967257112,7.253086419753086,1.3687600644122384,12.426194310252281,1.3486312399355878,0.30193236714975846,0.5636070853462157,0.4227053140096618,0.020128824476650563,0.03354804079441761
165,11.916264090177133,32.54830917874396,18.55877616747182,6.588835212023618,6.387546967257112,7.206119162640902,1.3419216317767042,12.734836285560924,1.4090177133655395,0.30193236714975846,0.5300590445517982,0.4227053140096618,0.020128824476650563,0.03354804079441761
166,11.98336017176597,32.49463231347289,18.50509930220075,6.481481481481482,6.387546967257112,7.2933440687063875,1.3419216317767042,12.795222758990874,1.4090177133655395,0.30193236714975846,0.5300590445517982,0.4227053140096618,0.020128824476650563,0.03354804079441761
167,12.037037037037036,32.17257112184648,18.800322061191626,6.454643048845948,6.414385399892646,7.266505636070853,1.3419216317767042,12.795222758990874,1.4090177133655395,0.30193236714975846,0.5300590445517982,0.4227053140096618,0.020128824476650563,0.03354804079441761
168,12.157809983896941,31.95115405260333,18.82716049382716,6.253354804079442,6.468062265163715,7.608695652173913,1.2546967257112185,12.761674718196458,1.4090177133655395,0.30193236714975846,0.5300590445517982,0.4227053140096618,0.020128824476650563,0.03354804079441761
169,12.27187332259796,31.76328502415459,18.699677938808374,6.246645195920558,6.421095008051529,7.555018786902845,1.2546967257112185,12.95625335480408,1.5163714439076759,0.30864197530864196,0.5300590445517982,0.4227053140096618,0.020128824476650563,0.03354804079441761
170,12.359098228663447,31.19296833064949,18.511808910359633,6.246645195920558,6.374127750939345,7.7831454643048845,1.2077294685990339,12.667740203972087,2.4691358024691357,0.32877079978529256,0.3824476650563607,0.4227053140096618,0.020128824476650563,0.03354804079441761
171,12.224906065485776,29.8040794417606,19.652442297369834,6.280193236714976,6.367418142780462,7.548309178743962,1.2077294685990339,13.023349436392914,2.703972088030059,0.32877079978529256,0.3824476650563607,0.4227053140096618,0.020128824476650563,0.03354804079441761
172,12.191358024691358,28.556092324208265,20.75281803542673,6.454643048845948,7.273215244229737,7.2933440687063875,1.1272141706924315,12.553676865271068,2.61003757380569,0.2147074610842727,0.46967257112184646,0.4227053140096618,0.020128824476650563,0.06038647342995169
173,12.372517444981213,28.30112721417069,20.813204508856682,6.5485775630703165,7.1658615136876005,7.320182501341922,1.2077294685990339,12.486580783682234,2.5966183574879227,0.2147074610842727,0.46967257112184646,0.4227053140096618,0.020128824476650563,0.06038647342995169
174,12.4597423510467,28.133387010198604,20.571658615136876,6.5485775630703165,7.1658615136876005,7.320182501341922,1.2077294685990339,12.654320987654321,2.5966183574879227,0.33548040794417605,0.5032206119162641,0.4227053140096618,0.020128824476650563,0.06038647342995169
175,12.553676865271068,28.052871712292003,20.531400966183575,6.6760601180891035,7.1658615136876005,7.253086419753086,1.1808910359634996,12.68786902844874,2.589908749329039,0.30193236714975846,0.5032206119162641,0.4227053140096618,0.020128824476650563,0.06038647342995169
176,12.741545893719806,27.945517981749866,20.45088566827697,6.582125603864735,7.159151905528717,7.2933440687063875,1.2010198604401503,12.721417069243156,2.61003757380569,0.30193236714975846,0.5032206119162641,0.4092860976918948,0.020128824476650563,0.06038647342995169
177,12.882447665056361,27.710681696188942,20.26972624798712,6.5485775630703165,7.132313472893183,7.601986044015029,1.2010198604401503,12.76838432635534,2.61003757380569,0.2885131508319914,0.5032206119162641,0.4025764895330113,0.020128824476650563,0.06038647342995169
178,12.929414922168545,27.66371443907676,20.21604938271605,6.649221685453569,7.085346215780999,7.48792270531401,1.1741814278046163,12.761674718196458,2.690552871712292,0.32877079978529256,0.5300590445517982,0.4025764895330113,0.020128824476650563,0.06038647342995169
179,12.842190016103059,27.388620504562535,20.471014492753625,6.649221685453569,7.065217391304348,9.198872785829307,0.9393451422436929,11.406333870101985,2.6972624798711755,0.32877079978529256,0.5300590445517982,0.4025764895330113,0.020128824476650563,0.06038647342995169
180,13.103864734299517,27.26784755770263,20.30998389694042,6.635802469135802,7.065217391304348,9.024422973698336,0.9393451422436929,11.386205045625335,2.6972624798711755,0.5568974771873323,0.5300590445517982,0.4025764895330113,0.020128824476650563,0.06038647342995169
181,13.251476113794954,26.979334406870638,20.25630703166935,6.5552871712292005,7.226247987117552,9.151905528717123,0.9393451422436929,11.466720343531938,2.6972624798711755,0.46296296296296297,0.5300590445517982,0.4025764895330113,0.020128824476650563,0.06038647342995169
182,13.45276435856146,26.596886741814277,20.397208803005906,6.5485775630703165,7.139023081052066,9.044551798174986,0.9393451422436929,11.520397208803006,2.7979066022544283,0.5501878690284487,0.5300590445517982,0.4025764895330113,0.020128824476650563,0.06038647342995169
183,13.419216317767042,25.758185721953836,21.370101986044016,6.494900697799249,6.998121309715513,9.111647879763822,1.06682769726248,11.453301127214171,2.7979066022544283,0.4227053140096618,0.5300590445517982,0.49651100375738055,0.020128824476650563,0.06038647342995169
184,11.097691894793345,22.6784755770263,18.04884594739667,6.199677938808374,23.765432098765434,5.703166935050993,0.7581857219538379,8.675523349436393,1.7042404723564144,0.5099302200751477,0.30193236714975846,0.49651100375738055,,0.06038647342995169
185,10.990338164251208,22.893183038110575,18.12265163714439,6.119162640901771,23.429951690821255,5.709876543209877,0.8722490606548577,8.695652173913043,1.6572732152442298,0.6508319914117016,0.30193236714975846,0.49651100375738055,,0.06038647342995169
186,11.09098228663446,22.799248523886206,18.169618894256576,6.005099302200751,23.067632850241544,5.656199677938808,1.093666129898014,8.78287707997853,1.7579173376274826,0.7179280730005367,0.30193236714975846,0.49651100375738055,,0.06038647342995169
