,45,50,51,53,52,55,56,54,57,58
0,95.95410628019323,4.045893719806763,,,,,,,,
1,81.34057971014492,18.659420289855074,,,,,,,,
2,69.10896403650027,30.891035963499732,,,,,,,,
3,68.87412775093935,31.125872249060656,,,,,,,,
4,61.010466988727856,38.989533011272144,,,,,,,,
5,61.33252818035427,38.66747181964573,,,,,,,,
6,60.03086419753087,39.96913580246913,,,,,,,,
7,59.76247987117552,37.31884057971015,2.918679549114332,,,,,,,
8,59.514224369296834,36.460010735373054,3.421900161030596,0.6038647342995169,,,,,,
9,59.024422973698336,34.5679012345679,2.2946859903381642,0.33548040794417605,3.7775093934514223,,,,,
10,45.92055823939882,47.94015029522276,1.6975308641975309,,4.441760601180891,,,,,
11,38.989533011272144,54.7638217928073,1.6975308641975309,,4.441760601180891,0.10735373054213634,,,,
12,39.049919484702095,52.67042404723564,3.4688674181427803,,4.367954911433173,0.3421900161030596,0.10064412238325282,,,
13,36.82903918411165,54.891304347826086,3.4688674181427803,,4.367954911433173,0.3421900161030596,0.10064412238325282,,,
14,37.0504562533548,52.36849168008588,3.4621578099838968,,4.327697262479871,0.3421900161030596,0.10064412238325282,2.3483628556092326,,
15,37.25174449812131,52.24771873322598,3.4621578099838968,,4.260601180891036,0.3421900161030596,0.10064412238325282,2.3349436392914655,,
16,36.72168545356951,52.784487385936664,3.4621578099838968,,4.260601180891036,0.3421900161030596,0.10064412238325282,2.328234031132582,,
17,30.421363392377884,58.621846484165324,3.374932903918411,0.23483628556092323,4.2270531400966185,0.46967257112184646,0.10064412238325282,2.5496511003757383,,
18,30.730005367686527,58.32662372517445,3.361513687600644,0.23483628556092323,4.1532474503489,0.5434782608695652,0.10064412238325282,2.5496511003757383,,
19,31.07890499194847,58.04482018250134,3.33467525496511,0.23483628556092323,4.1129898013955986,0.5434782608695652,0.10064412238325282,2.5496511003757383,,
20,31.40096618357488,57.729468599033815,3.33467525496511,0.23483628556092323,4.1129898013955986,0.5434782608695652,0.10064412238325282,2.5429414922168547,,
21,31.447933440687063,55.91787439613527,5.10601180891036,0.23483628556092323,4.1129898013955986,0.5434782608695652,0.10064412238325282,2.536231884057971,,
22,30.656199677938808,54.01905528717123,7.601986044015029,0.23483628556092323,3.8378958668813743,0.6508319914117016,0.49651100375738055,2.5026838432635534,,
23,30.421363392377884,53.717122920021474,7.971014492753623,0.2214170692431562,3.8378958668813743,0.8319914117015567,0.49651100375738055,2.5026838432635534,,
24,30.327428878153516,52.321524422973695,7.944176060118089,0.2214170692431562,3.824476650563607,2.3752012882447664,0.49651100375738055,2.4892646269457863,,
25,27.482555018786904,48.32259796027912,11.003757380568974,3.898282340311326,3.7640901771336552,2.5563607085346214,0.49651100375738055,2.475845410628019,,
26,27.13365539452496,48.57756307031669,10.950080515297907,3.9989264626945786,3.7372517444981215,2.536231884057971,0.49651100375738055,2.5697799248523885,,
27,27.482555018786904,48.39640365002684,10.84272678475577,3.978797638217928,3.7104133118625873,2.536231884057971,0.49651100375738055,2.5563607085346214,,
28,24.805421363392377,51.71765968867418,9.762479871175524,3.7573805689747717,4.408212560386473,2.536231884057971,0.49651100375738055,2.5161030595813205,,
29,25.046967257112186,50.99302200751476,9.655126140633387,3.7573805689747717,4.408212560386473,2.791196994095545,0.49651100375738055,2.8515834675254963,,
30,24.61755233494364,50.946054750402574,10.178475577026301,3.7573805689747717,4.394793344068707,2.791196994095545,0.46296296296296297,2.8515834675254963,,
31,24.838969404186795,50.677670424047236,10.11808910359635,3.7573805689747717,4.448470209339774,2.85829307568438,0.46296296296296297,2.8381642512077296,,
32,24.56387546967257,51.09366612989801,10.071121846484166,3.7238325281803544,4.441760601180891,2.831454643048846,0.46296296296296297,2.8113258185721954,,
33,25.006709608158882,49.644390767579175,9.943639291465379,3.7238325281803544,4.374664519592056,4.032474503488996,0.46296296296296297,2.8113258185721954,,
34,24.892646269457863,48.168276972624795,9.836285560923242,7.608695652173913,4.314278046162104,4.025764895330113,0.46296296296296297,0.6910896403650026,,
35,25.462962962962962,47.85963499731616,9.71551261406334,7.50805152979066,4.30756843800322,4.025764895330113,0.46296296296296297,0.6575415995705851,,
36,25.704508856682768,47.65163714439077,9.681964573268921,7.50805152979066,4.30756843800322,4.025764895330113,0.46296296296296297,0.6575415995705851,,
37,25.87224906065486,46.403650026838434,9.64170692431562,7.50805152979066,4.26731078904992,5.213365539452496,0.43612453032742887,0.6575415995705851,,
38,26.10708534621578,46.22920021470746,9.500805152979066,7.481213097155126,4.247181964573269,5.340848094471283,0.43612453032742887,0.6575415995705851,,
39,26.40901771336554,45.75952764358561,9.494095544820183,7.434245840042942,4.28743961352657,5.522007514761138,0.43612453032742887,0.6575415995705851,,
40,25.731347289318304,44.26328502415459,12.037037037037036,7.219538378958669,4.28743961352657,5.642780461621041,0.43612453032742887,0.3824476650563607,,
41,25.99302200751476,43.78690284487386,12.164519592055823,7.14573268921095,4.28743961352657,5.803811057434245,0.43612453032742887,0.3824476650563607,,
42,26.422436929683307,43.31723027375201,12.13768115942029,7.092055823939882,4.26731078904992,5.978260869565218,0.43612453032742887,0.3488996242619431,,
43,26.717659688674182,43.07568438003221,12.117552334943639,7.092055823939882,4.26731078904992,5.964841653247451,0.43612453032742887,0.32877079978529256,,
44,26.86527106816962,42.73349436392915,12.050456253354804,7.092055823939882,4.26731078904992,5.441492216854535,0.43612453032742887,1.1137949543746646,,
45,25.79844337090714,40.57971014492754,14.949006977992486,7.0450885668276975,4.200214707461084,5.770263016639828,0.43612453032742887,1.221148684916801,,
46,25.93263553408481,40.03623188405797,14.908749329039184,7.03166935050993,4.159957058507783,5.991680085882985,0.43612453032742887,1.5029522275899088,,
47,26.241277509393452,39.801395598497045,14.88191089640365,6.984702093397746,4.159957058507783,5.991680085882985,0.43612453032742887,1.5029522275899088,,
48,26.623725174449813,39.44578636607622,14.801395598497047,6.957863660762212,4.086151368760064,5.984970477724101,0.43612453032742887,1.6639828234031133,,
49,27.046430488459475,39.090177133655395,14.660493827160494,6.91760601180891,4.086151368760064,6.105743424584004,0.43612453032742887,1.6572732152442298,,
50,21.108427267847556,31.508319914117017,29.716854535695116,7.300053676865271,3.307836822329576,5.059044551798175,0.5703166935050993,1.42914653784219,,
51,21.296296296296298,31.01851851851852,28.878153515834676,7.796564680622652,3.2877079978529253,5.562265163714439,0.5703166935050993,1.5901771336553945,,
52,21.85319377348363,30.71658615136876,27.65029522275899,7.763016639828234,3.2675791733762747,5.542136339237788,1.3888888888888888,1.8183038110574343,,
53,21.511003757380568,30.09259259259259,24.194847020933977,11.79549114331723,3.2675791733762747,5.401234567901234,1.1473429951690821,2.5026838432635534,0.08722490606548577,
54,21.72571121846484,30.018786902844873,24.168008588298445,11.721685453569512,3.240740740740741,5.387815351583468,1.1473429951690821,2.5026838432635534,0.08722490606548577,
55,20.819914117015568,29.723564143854,25.731347289318304,11.674718196457327,3.2004830917874396,5.112721417069243,1.1473429951690821,2.5026838432635534,0.08722490606548577,
56,21.202361782071925,29.562533548040793,25.657541599570585,11.594202898550725,3.113258185721954,5.045625335480408,1.2412775093934514,2.49597423510467,0.08722490606548577,
57,21.370101986044016,29.347826086956523,25.194578636607623,12.02361782071927,3.113258185721954,5.146269457863661,1.2412775093934514,2.475845410628019,0.08722490606548577,
58,21.618357487922705,28.81105743424584,26.04669887278583,11.225174449812132,3.1065485775630703,5.394524959742351,1.2345679012345678,2.475845410628019,0.08722490606548577,
59,21.67874396135266,29.086151368760063,25.36231884057971,11.506977992485238,3.079710144927536,5.360976918947934,1.1808910359634996,2.657004830917874,0.08722490606548577,
60,22.034353193773484,28.59634997316157,24.97987117552335,10.943370907139023,3.7640901771336552,5.615942028985507,1.3419216317767042,2.636876006441224,0.08722490606548577,
61,22.04777241009125,28.005904455179817,24.738325281803544,10.11808910359635,4.4820182501341925,6.541867954911433,1.3419216317767042,2.636876006441224,0.08722490606548577,
62,22.31615673644659,27.086688137412775,24.510198604401502,10.34621578099839,4.441760601180891,7.226247987117552,1.3419216317767042,2.6435856146001075,0.08722490606548577,
63,22.67176596886742,26.986044015029524,24.44310252281267,10.205314009661835,4.394793344068707,7.226247987117552,1.3419216317767042,2.6435856146001075,0.08722490606548577,
64,23.087761674718198,26.77133655394525,24.27536231884058,10.064412238325282,4.388083735909823,7.340311325818572,1.3419216317767042,2.6435856146001075,0.08722490606548577,
65,23.483628556092324,26.637144390767578,24.06736446591519,10.037573805689748,4.388083735909823,7.313472893183038,1.3419216317767042,2.6435856146001075,0.08722490606548577,
66,21.557971014492754,22.920021470746107,32.00483091787439,8.93719806763285,4.9718196457326895,6.347289318303811,0.6172839506172839,2.5563607085346214,0.08722490606548577,
67,22.0276435856146,22.73215244229737,31.716317767042405,8.890230810520666,5.065754159957058,6.3070316693505095,0.6172839506172839,2.5563607085346214,0.08722490606548577,
68,22.228931830381107,22.416800858829845,31.548577563070317,8.876811594202898,5.065754159957058,6.602254428341385,0.6172839506172839,2.5563607085346214,0.08722490606548577,
69,22.497316156736446,22.061191626409016,31.353998926462694,8.876811594202898,5.032206119162641,7.004830917874396,0.5971551261406334,2.4892646269457863,0.08722490606548577,
70,22.7187332259796,22.034353193773484,31.266774020397207,8.856682769726248,4.985238862050457,6.964573268921095,0.5971551261406334,2.4892646269457863,0.08722490606548577,
71,22.396672034353195,20.833333333333332,29.07944176060118,8.829844337090714,8.494363929146537,6.776704240472356,0.5971551261406334,2.9052603327965647,0.08722490606548577,
72,22.054482018250134,21.007783145464305,26.78475577026302,11.996779388083736,7.27992485238862,6.810252281266774,1.0735373054213635,2.9052603327965647,0.08722490606548577,
73,22.228931830381107,20.86688137412775,26.590177133655395,11.77536231884058,7.206119162640902,6.884057971014493,0.9326355340848095,3.2206119162640903,0.2952227589908749,
74,20.397208803005906,17.793880837359097,35.74208266237252,9.420289855072463,7.48792270531401,5.750134192163178,0.9326355340848095,2.1806226516371443,0.2952227589908749,
75,20.645464304884594,17.70665593129361,35.607890499194845,9.789318303811058,7.219538378958669,5.743424584004294,0.8118625872249061,2.1806226516371443,0.2952227589908749,
76,20.833333333333332,17.612721417069242,35.49382716049383,9.702093397745571,7.27992485238862,5.743424584004294,0.8655394524959742,2.1739130434782608,0.2952227589908749,
77,20.92055823939882,16.968599033816425,35.34621578099839,9.681964573268921,7.27992485238862,6.4345142243692965,0.8655394524959742,2.2074610842726785,0.2952227589908749,
78,20.611916264090176,15.519323671497585,35.25228126677402,9.420289855072463,7.253086419753086,6.4412238325281805,0.8655394524959742,4.341116478797638,0.2952227589908749,
79,20.974235104669887,15.311325818572195,35.03086419753087,9.460547504025765,7.0450885668276975,6.414385399892646,0.8655394524959742,4.320987654320987,0.5770263016639828,
80,21.007783145464305,15.271068169618895,34.49409554482018,9.541062801932368,7.024959742351046,6.723027375201288,1.0399892646269457,4.320987654320987,0.5770263016639828,
81,21.34326355340848,15.063070316693505,34.01771336553945,9.514224369296834,7.011540526033279,6.689479334406871,1.5163714439076759,4.294149221685454,0.5501878690284487,
82,20.52469135802469,13.955984970477724,33.70907139023081,9.440418679549115,10.111379495437467,5.938003220611916,1.4962426194310252,4.274020397208803,0.5501878690284487,
83,21.115136876006442,13.94927536231884,33.44068706387547,9.406870638754697,9.943639291465379,5.924584004294149,1.4962426194310252,4.186795491143317,0.5367686527106817,
84,20.645464304884594,11.735104669887278,32.789855072463766,9.219001610305957,14.197530864197532,5.589103596349974,1.4626945786366077,3.864734299516908,0.49651100375738055,
85,20.86688137412775,11.735104669887278,32.628824476650564,9.178743961352657,14.17740203972088,5.589103596349974,1.4626945786366077,3.864734299516908,0.49651100375738055,
86,20.417337627482556,11.701556629092861,33.61513687600644,8.809715512614064,14.13714439076758,5.58239398819109,1.42914653784219,3.81105743424584,0.49651100375738055,
87,20.819914117015568,11.500268384326356,33.50107353730542,8.829844337090714,13.902308105206655,5.636070853462158,1.415727321524423,3.898282340311326,0.49651100375738055,
88,21.16881374127751,11.43317230273752,33.40713902308105,8.816425120772946,13.821792807300053,5.5689747718733225,1.415727321524423,3.8714439076757916,0.49651100375738055,
89,21.470746108427267,11.419753086419753,33.21926999463231,8.816425120772946,13.754696725711218,5.548845947396672,1.402308105206656,3.8714439076757916,0.49651100375738055,
90,21.162104133118625,11.272141706924316,33.95061728395062,8.78287707997853,13.43263553408481,5.495169082125604,1.402308105206656,3.8177670424047236,0.6843800322061192,
91,21.349973161567366,11.231884057971014,33.823134728931834,8.702361782071927,13.419216317767042,5.495169082125604,1.4895330112721417,3.8043478260869565,0.6843800322061192,
92,21.464036500268385,11.003757380568974,33.55475040257649,10.299248523886206,11.506977992485238,5.508588298443371,1.751207729468599,4.233762748255502,0.6776704240472357,
93,21.517713365539453,10.782340311325818,33.48765432098765,10.258990874932904,11.238593666129898,5.508588298443371,2.01959205582394,4.508856682769726,0.6776704240472357,
94,22.041062801932366,10.668276972624799,33.15888352120236,10.258990874932904,11.158078368223295,5.4549114331723025,2.01959205582394,4.62962962962963,0.6105743424584005,
95,22.24235104669887,10.621309715512615,33.01798174986581,10.23215244229737,11.097691894793345,5.535426731078905,2.0128824476650564,4.62962962962963,0.6105743424584005,
96,22.69860440150295,10.554213633923778,32.749597423510465,10.171765968867419,11.077563070316694,5.522007514761138,2.006172839506173,4.609500805152979,0.6105743424584005,
97,23.101180891035963,10.399892646269459,32.45437466451959,10.151637144390767,10.963499731615673,5.689747718733226,2.1068169618894257,4.522275899087493,0.6105743424584005,
98,23.409822866344605,10.34621578099839,31.99141170155663,10.131508319914117,10.93666129898014,5.662909286097692,2.4221685453569513,4.488727858293076,0.6105743424584005,
99,22.5979602791197,9.943639291465379,32.84353193773484,9.950348899624261,10.795759527643586,6.3137412775093935,2.4221685453569513,4.42163177670424,0.6105743424584005,0.10064412238325282
100,22.98040794417606,9.88996242619431,32.63553408480945,9.91009125067096,10.768921095008052,6.260064412238325,2.4221685453569513,4.42163177670424,0.6105743424584005,0.10064412238325282
101,23.161567364465917,9.876543209876543,32.55501878690284,9.91009125067096,10.7085346215781,6.260064412238325,2.4221685453569513,4.394793344068707,0.6105743424584005,0.10064412238325282
102,22.899892646269457,9.333064949006978,31.83709071390231,13.056897477187333,9.782608695652174,5.891035963499732,2.254428341384863,4.240472356414386,0.6038647342995169,0.10064412238325282
103,23.007246376811594,9.151905528717123,33.95061728395062,11.493558776167472,9.192163177670425,6.078904991948471,2.254428341384863,4.166666666666667,0.6038647342995169,0.10064412238325282
104,22.765700483091788,9.138486312399356,33.762748255501876,11.3593666129898,10.124798711755233,6.078904991948471,2.100107353730542,4.166666666666667,0.4025764895330113,0.10064412238325282
105,23.027375201288244,9.07139023081052,33.68894256575416,11.305689747718732,10.111379495437467,6.038647342995169,2.100107353730542,4.1532474503489,0.4025764895330113,0.10064412238325282
106,22.363123993558776,8.313204508856682,35.39318303811057,11.285560923242082,10.0979602791197,5.763553408480945,1.8451422436929683,4.435050993022007,0.4025764895330113,0.10064412238325282
107,22.584541062801932,8.313204508856682,35.29253891572732,11.258722490606548,10.077831454643048,5.750134192163178,1.8451422436929683,4.408212560386473,0.36902844873859364,0.10064412238325282
108,22.913311862587225,8.313204508856682,35.10466988727858,11.258722490606548,10.030864197530864,5.683038110574342,1.8317230273752012,4.394793344068707,0.36902844873859364,0.10064412238325282
109,23.15485775630703,8.313204508856682,34.936929683306495,11.245303274288782,9.943639291465379,5.642780461621041,1.8250134192163177,4.388083735909823,0.4495437466451959,0.10064412238325282
110,23.463499731615673,8.28636607622115,34.84299516908212,11.225174449812132,9.876543209876543,5.5756843800322065,1.8250134192163177,4.3545356951154055,0.4495437466451959,0.10064412238325282
111,23.752012882447666,8.259527643585615,34.54777241009125,11.18491680085883,9.856414385399892,5.515297906602254,1.8048845947396672,4.528985507246377,0.4495437466451959,0.10064412238325282
112,22.624798711755233,8.031400966183575,32.37385936661299,10.997047772410092,13.22463768115942,5.555555555555555,1.7981749865807837,4.8443370907139025,0.4495437466451959,0.10064412238325282
113,22.77241009125067,8.004562533548041,32.27321524422974,10.997047772410092,13.217928073000536,5.542136339237788,1.7981749865807837,4.8443370907139025,0.4495437466451959,0.10064412238325282
114,22.98040794417606,8.004562533548041,31.93773483628556,10.970209339774557,13.157541599570585,5.857487922705314,1.710950080515298,4.830917874396135,0.4495437466451959,0.10064412238325282
115,23.18840579710145,7.997852925389157,31.850509930220074,11.191626409017713,12.962962962962964,5.783682232957595,1.710950080515298,4.7638217928073,0.4495437466451959,0.10064412238325282
116,23.382984433709073,7.98443370907139,31.548577563070317,11.16478797638218,12.922705314009661,5.743424584004294,1.8183038110574343,4.884594739667204,0.4495437466451959,0.10064412238325282
117,23.55072463768116,7.977724100912507,31.488191089640367,11.117820719269995,12.889157273215245,5.743424584004294,1.8183038110574343,4.864465915190553,0.4495437466451959,0.10064412238325282
118,23.96672034353194,7.950885668276973,31.30703166935051,11.064143853998926,12.848899624261943,5.629361245303274,1.8183038110574343,4.864465915190553,0.4495437466451959,0.10064412238325282
119,24.268652710681696,7.937466451959206,30.971551261406333,11.044015029522276,12.754965110037574,5.622651637144391,2.0799785292538915,4.770531400966184,0.4495437466451959,0.10064412238325282
120,24.48336017176597,7.9106280193236715,30.743424584004295,11.18491680085883,12.741545893719806,5.609232420826624,2.0531400966183573,4.723564143853999,0.4495437466451959,0.10064412238325282
121,23.067632850241544,7.152442297369833,37.05716586151369,8.53462157809984,11.855877616747183,5.615942028985507,1.8988191089640365,4.26731078904992,0.4495437466451959,0.10064412238325282
122,23.429951690821255,7.078636607622115,36.74852388620504,8.514492753623188,11.822329575952764,5.495169082125604,1.8719806763285025,4.488727858293076,0.4495437466451959,0.10064412238325282
123,23.62453032742888,7.0450885668276975,36.66800858829844,8.480944712828771,11.808910359634996,5.495169082125604,1.8518518518518519,4.4753086419753085,0.4495437466451959,0.10064412238325282
124,23.96672034353194,6.991411701556629,36.52710681696189,8.480944712828771,11.741814278046162,5.481749865807837,1.8518518518518519,4.441760601180891,0.4495437466451959,0.06709608158883522
125,23.101180891035963,6.649221685453569,38.399087493290395,8.480944712828771,11.621041331186259,5.032206119162641,1.724369296833065,4.4753086419753085,0.4495437466451959,0.06709608158883522
126,23.34272678475577,6.508319914117015,38.459473966720346,8.440687063875469,11.533816425120772,5.032206119162641,1.6908212560386473,4.4753086419753085,0.4495437466451959,0.06709608158883522
127,23.315888352120236,6.011808910359635,36.97665056360709,8.427267847557703,13.915727321524423,4.891304347826087,1.596886741814278,4.3478260869565215,0.4495437466451959,0.06709608158883522
128,23.517176596886742,5.998389694041868,36.82903918411165,8.420558239398819,13.915727321524423,4.864465915190553,1.596886741814278,4.341116478797638,0.4495437466451959,0.06709608158883522
129,23.886205045625335,5.938003220611916,36.40633387010199,8.393719806763285,13.841921631776705,5.045625335480408,1.5432098765432098,4.428341384863124,0.4495437466451959,0.06709608158883522
130,24.322329575952764,5.924584004294149,35.621309715512616,8.393719806763285,13.801663982823403,5.743424584004294,1.2546967257112185,4.428341384863124,0.4428341384863124,0.06709608158883522
131,24.476650563607084,5.904455179817498,34.42028985507246,8.313204508856682,15.069779924852389,5.743424584004294,1.2546967257112185,4.30756843800322,0.4428341384863124,0.06709608158883522
132,24.711486849168008,5.904455179817498,33.93719806763285,8.621846484165324,15.022812667740205,5.743424584004294,1.2546967257112185,4.294149221685454,0.4428341384863124,0.06709608158883522
133,24.704777241009126,5.689747718733226,33.823134728931834,8.756038647342995,14.989264626945786,6.025228126677402,1.2546967257112185,4.247181964573269,0.4428341384863124,0.06709608158883522
134,25.046967257112186,5.683038110574342,33.68894256575416,8.749329039184111,14.895330112721417,6.011808910359635,1.2546967257112185,4.159957058507783,0.4428341384863124,0.06709608158883522
135,24.436392914653783,5.293880837359098,36.13794954374664,8.641975308641975,14.04320987654321,5.307300053676865,1.5432098765432098,4.159957058507783,0.36902844873859364,0.06709608158883522
136,24.40955448201825,5.24020397208803,35.487117552334944,8.943907675791733,13.962694578636608,5.931293612453032,1.4358561460010735,4.1532474503489,0.36902844873859364,0.06709608158883522
137,24.63768115942029,5.226784755770263,35.258990874932906,9.252549651100376,13.6808910359635,5.924584004294149,1.5163714439076759,4.079441760601181,0.35560923242082665,0.06709608158883522
138,24.90606548577563,5.179817498658078,35.09125067096082,9.23913043478261,13.647342995169081,5.924584004294149,1.5096618357487923,4.079441760601181,0.35560923242082665,0.06709608158883522
139,25.241545893719806,5.173107890499195,34.916800858829845,9.192163177670425,13.613794954374665,5.850778314546431,1.5096618357487923,4.079441760601181,0.35560923242082665,0.06709608158883522
140,25.55689747718733,5.166398282340311,34.42028985507246,9.151905528717123,13.546698872785829,6.018518518518518,1.6438539989264627,4.072732152442297,0.35560923242082665,0.06709608158883522
141,25.751476113794954,5.132850241545894,34.27938808373591,9.111647879763822,13.358829844337091,6.233225979602791,1.6438539989264627,4.072732152442297,0.3488996242619431,0.06709608158883522
142,25.38244766505636,5.4549114331723025,33.93719806763285,9.312936124530328,13.117283950617283,6.139291465378422,1.6438539989264627,4.5960815888352125,0.3488996242619431,0.06709608158883522
143,25.34219001610306,5.273752012882448,31.796833064949006,12.124261943102523,12.701288244766506,6.112453032742888,1.6438539989264627,4.5893719806763285,0.3488996242619431,0.06709608158883522
144,25.791733762748255,5.253623188405797,31.642512077294686,11.996779388083736,12.600644122383253,6.092324208266238,1.6438539989264627,4.562533548040794,0.3488996242619431,0.06709608158883522
145,26.019860440150296,5.226784755770263,31.125872249060656,11.996779388083736,12.473161567364466,6.575415995705851,1.6438539989264627,4.522275899087493,0.3488996242619431,0.06709608158883522
146,26.422436929683307,5.226784755770263,30.911164787976382,11.748523886205046,12.667740203972087,6.595544820182502,1.6304347826086956,4.38137412775094,0.3488996242619431,0.06709608158883522
147,26.50966183574879,5.488459473966721,30.709876543209877,11.668008588298443,12.640901771336553,6.568706387546968,1.6304347826086956,4.367954911433173,0.3488996242619431,0.06709608158883522
148,26.65727321524423,5.475040257648954,30.381105743424584,11.594202898550725,12.305421363392378,7.219538378958669,1.5901771336553945,4.361245303274289,0.3488996242619431,0.06709608158883522
149,26.986044015029524,5.401234567901234,30.334138486312398,11.533816425120772,12.224906065485776,7.219538378958669,1.5767579173376274,4.30756843800322,0.3488996242619431,0.06709608158883522
150,27.254428341384862,5.401234567901234,30.213365539452496,11.446591519055287,12.204777241009126,7.179280730005368,1.5767579173376274,4.30756843800322,0.3488996242619431,0.06709608158883522
151,27.026301663982824,5.401234567901234,29.78395061728395,11.728395061728396,12.124261943102523,7.179280730005368,2.1604938271604937,4.180085882984434,0.3488996242619431,0.06709608158883522
152,27.36849168008588,5.374396135265701,29.656468062265162,11.674718196457327,12.06387546967257,7.179280730005368,2.13365539452496,4.133118625872249,0.3488996242619431,0.06709608158883522
153,27.42216854535695,5.374396135265701,29.61621041331186,11.560654857756306,11.976650563607086,7.179280730005368,2.13365539452496,4.320987654320987,0.3488996242619431,0.06709608158883522
154,27.66371443907676,5.374396135265701,29.461889425657542,11.56736446591519,11.808910359634996,6.884057971014493,2.13365539452496,4.690016103059581,0.3488996242619431,0.06709608158883522
155,27.603327965646805,5.307300053676865,29.55582393988191,11.446591519055287,11.896135265700483,6.977992485238862,2.1269457863660763,4.669887278582931,0.3488996242619431,0.06709608158883522
156,27.74422973698336,5.287171229200215,29.482018250134193,11.366076221148685,11.882716049382717,7.065217391304348,2.0933977455716586,4.663177670424047,0.3488996242619431,0.06709608158883522
157,27.677133655394524,5.287171229200215,29.32769726247987,11.614331723027375,11.694847020933977,7.266505636070853,2.0933977455716586,4.62962962962963,0.3421900161030596,0.06709608158883522
158,27.717391304347824,5.287171229200215,28.5426731078905,12.077294685990339,11.621041331186259,7.1725711218464845,2.301395598497048,4.871175523349437,0.3421900161030596,0.06709608158883522
159,27.583199141170155,4.622920021470746,29.71014492753623,11.849168008588299,11.500268384326356,6.964573268921095,2.281266774020397,5.0791733762748255,0.3421900161030596,0.06709608158883522
160,27.68384326355341,4.609500805152979,29.139828234031132,11.419753086419753,12.533548040794418,6.9243156199677935,2.2342995169082127,5.045625335480408,0.3421900161030596,0.06709608158883522
161,27.925389157273216,4.5960815888352125,29.052603327965645,11.406333870101985,12.493290391841116,6.877348362855609,2.2342995169082127,5.038915727321524,0.30864197530864196,0.06709608158883522
162,28.187063875469672,4.5960815888352125,28.65673644659152,11.33923778851315,12.446323134728932,7.179280730005368,2.1940418679549114,5.025496511003757,0.30864197530864196,0.06709608158883522
163,28.33467525496511,4.5960815888352125,28.60305958132045,11.285560923242082,12.419484702093397,7.179280730005368,2.1940418679549114,5.01207729468599,0.30864197530864196,0.06709608158883522
164,28.475577026301664,4.5960815888352125,28.388352120236178,11.171497584541063,12.365807836822329,7.313472893183038,2.187332259796028,5.12614063338701,0.30864197530864196,0.06709608158883522
165,28.703703703703702,4.5960815888352125,27.865002683843265,11.701556629092861,12.29200214707461,7.192699946323135,2.187332259796028,5.0858829844337095,0.30864197530864196,0.06709608158883522
166,29.045893719806763,4.5960815888352125,27.811325818572197,11.674718196457327,12.090713902308105,7.152442297369833,2.1739130434782608,4.978529253891573,0.30864197530864196,0.16774020397208803
167,29.28743961352657,4.582662372517445,27.771068169618893,11.627750939345143,12.037037037037036,7.085346215780999,2.167203435319377,4.9651100375738055,0.30864197530864196,0.16774020397208803
168,29.73027375201288,4.575952764358561,27.49597423510467,11.460010735373054,12.157809983896941,7.058507783145465,2.167203435319377,4.87788513150832,0.30864197530864196,0.16774020397208803
169,29.958400429414922,4.575952764358561,27.32823403113258,11.641170155662909,12.06387546967257,7.024959742351046,2.1604938271604937,4.770531400966184,0.30864197530864196,0.16774020397208803
170,30.22007514761138,4.569243156199678,27.22758990874933,11.54723564143854,12.00348899624262,7.03166935050993,2.15378421900161,4.770531400966184,0.30864197530864196,0.16774020397208803
171,30.475040257648953,4.569243156199678,27.15378421900161,11.54723564143854,11.936392914653783,6.957863660762212,2.13365539452496,4.750402576489533,0.30864197530864196,0.16774020397208803
172,30.10601180891036,4.549114331723027,26.637144390767578,12.989801395598498,11.728395061728396,6.863929146537842,2.1135265700483092,4.582662372517445,0.2616747181964573,0.16774020397208803
173,30.226784755770264,4.49543746645196,26.268115942028984,12.929414922168545,11.647879763821793,7.320182501341922,2.1135265700483092,4.569243156199678,0.2616747181964573,0.16774020397208803
174,29.582662372517444,4.448470209339774,24.698067632850243,12.815351583467525,13.875469672571121,7.246376811594203,2.0665593129361244,4.8376274825550185,0.2616747181964573,0.16774020397208803
175,29.62962962962963,4.435050993022007,23.79898013955985,12.721417069243156,13.962694578636608,7.863660762211487,2.462426194310252,4.696725711218465,0.2616747181964573,0.16774020397208803
176,29.70343531937735,4.38137412775094,23.67149758454106,12.647611379495437,13.895598497047773,7.944176060118089,2.85829307568438,4.4753086419753085,0.2549651100375738,0.16774020397208803
177,29.851046698872786,4.38137412775094,23.537305421363392,12.875738056897477,13.674181427804616,7.937466451959206,2.85829307568438,4.461889425657541,0.2549651100375738,0.16774020397208803
178,29.95169082125604,4.3545356951154055,23.517176596886742,13.01663982823403,13.560118089103597,7.856951154052603,2.85829307568438,4.461889425657541,0.2549651100375738,0.16774020397208803
179,29.851046698872786,4.3545356951154055,23.409822866344605,12.647611379495437,14.392109500805153,7.709339774557166,2.85829307568438,4.3545356951154055,0.2549651100375738,0.16774020397208803
180,29.99194847020934,4.3478260869565215,23.396403650026837,12.634192163177671,14.304884594739667,7.689210950080516,2.85829307568438,4.3545356951154055,0.2549651100375738,0.16774020397208803
181,23.060923242082662,26.32850241545894,20.967525496511005,8.635265700483092,10.19189479334407,6.790123456790123,1.778046162104133,1.9793344068706387,0.20128824476650564,0.06709608158883522
182,23.275630703166936,26.160762211486848,20.605206655931294,8.621846484165324,10.151637144390767,7.239667203435319,1.7646269457863661,1.932367149758454,0.18115942028985507,0.06709608158883522
183,23.060923242082662,26.06682769726248,19.57192699946323,10.124798711755233,10.0979602791197,7.132313472893183,1.7646269457863661,1.932367149758454,0.18115942028985507,0.06709608158883522
184,23.43666129898014,25.97289318303811,19.424315619967793,10.11808910359635,10.064412238325282,7.0383789586688135,1.7646269457863661,1.932367149758454,0.18115942028985507,0.06709608158883522
185,23.691626409017715,25.791733762748255,19.196188942565755,10.104669887278583,9.822866344605474,7.25979602791197,1.7176596886741815,2.167203435319377,0.18115942028985507,0.06709608158883522
186,24.02710681696189,25.63070316693505,19.129092860976918,10.071121846484166,9.75577026301664,7.25979602791197,1.710950080515298,2.167203435319377,0.18115942028985507,0.06709608158883522
187,24.456521739130434,25.355609232420825,19.00161030595813,10.064412238325282,9.73564143853999,7.25979602791197,1.710950080515298,2.167203435319377,0.18115942028985507,0.06709608158883522
188,24.62426194310252,25.308641975308642,18.96135265700483,10.010735373054214,9.73564143853999,7.232957595276436,1.710950080515298,2.167203435319377,0.18115942028985507,0.06709608158883522
189,25.013419216317768,25.161030595813205,18.69296833064949,9.77589908749329,9.628287707997853,7.219538378958669,2.1068169618894257,2.15378421900161,0.18115942028985507,0.06709608158883522
190,25.335480407944175,25.006709608158882,18.65271068169619,9.675254965110037,9.621578099838969,7.206119162640902,2.100107353730542,2.15378421900161,0.18115942028985507,0.06709608158883522
191,25.59044551798175,24.832259796027913,18.605743424584006,9.64170692431562,9.561191626409018,7.286634460547504,2.0799785292538915,2.15378421900161,0.18115942028985507,0.06709608158883522
192,25.999731615673646,24.651100375738057,18.411164787976382,9.634997316156737,9.359903381642512,7.239667203435319,2.033011272141707,2.4221685453569513,0.18115942028985507,0.06709608158883522
193,25.885668276972623,24.402844873859365,17.901234567901234,9.520933977455716,9.326355340848094,8.21256038647343,2.0799785292538915,2.4221685453569513,0.18115942028985507,0.06709608158883522
194,24.912775093934513,24.10762211486849,20.457595276435857,9.245840042941492,8.682232957595277,8.051529790660226,1.9793344068706387,2.314814814814815,0.18115942028985507,0.06709608158883522
195,24.993290391841118,23.617820719269993,20.30998389694042,9.514224369296834,8.682232957595277,8.340042941492216,1.9793344068706387,2.314814814814815,0.18115942028985507,0.06709608158883522
196,24.020397208803004,18.84728931830381,19.176060118089104,17.411433172302736,8.635265700483092,7.628824476650563,1.7176596886741815,2.314814814814815,0.18115942028985507,0.06709608158883522
197,24.134460547504027,18.78690284487386,19.0552871712292,17.364465915190554,8.635265700483092,7.675791733762749,1.7914653784219001,2.3081052066559313,0.18115942028985507,0.06709608158883522
198,24.134460547504027,18.50509930220075,19.0552871712292,17.357756307031668,8.393719806763285,8.21256038647343,1.7914653784219001,2.301395598497048,0.18115942028985507,0.06709608158883522
199,24.382716049382715,18.46484165324745,18.9747718733226,17.3040794417606,8.3467525496511,8.185721953837897,1.7914653784219001,2.301395598497048,0.18115942028985507,0.06709608158883522
200,24.550456253354803,18.370907139023082,18.86070853462158,17.28395061728395,8.28636607622115,8.272946859903382,1.7914653784219001,2.3349436392914655,0.18115942028985507,0.06709608158883522
201,24.792002147074612,18.297101449275363,18.800322061191626,17.236983360171767,8.246108427267847,8.259527643585615,1.7847557702630166,2.3349436392914655,0.18115942028985507,0.06709608158883522
202,25.11406333870102,18.21658615136876,18.632581857219538,17.042404723564143,8.246108427267847,8.380300590445518,1.7847557702630166,2.3349436392914655,0.18115942028985507,0.06709608158883522
203,25.348899624261943,18.149490069779926,18.54535695115405,16.99543746645196,8.225979602791197,8.380300590445518,1.7847557702630166,2.3215244229736984,0.18115942028985507,0.06709608158883522
204,25.328770799785293,17.57246376811594,18.21658615136876,16.928341384863124,8.393719806763285,8.970746108427267,1.6774020397208802,2.6637144390767578,0.18115942028985507,0.06709608158883522
205,25.59044551798175,17.51207729468599,17.92807300053677,17.14975845410628,8.299785292538916,8.964036500268385,1.6774020397208802,2.6301663982823404,0.18115942028985507,0.06709608158883522
206,25.81857219538379,17.47181964573269,17.860976918947934,17.10950080515298,8.272946859903382,8.943907675791733,1.6572732152442298,2.6167471819645733,0.18115942028985507,0.06709608158883522
207,26.006441223832528,17.411433172302736,17.847557702630166,17.04911433172303,8.272946859903382,8.890230810520666,1.6572732152442298,2.6167471819645733,0.18115942028985507,0.06709608158883522
208,26.039989264626946,17.384594739667204,17.827428878153516,17.09608158883521,8.272946859903382,8.863392377885132,1.6572732152442298,2.61003757380569,0.18115942028985507,0.06709608158883522
209,26.33521202361782,17.2638217928073,17.68652710681696,16.867954911433173,8.246108427267847,9.104938271604938,1.6572732152442298,2.589908749329039,0.18115942028985507,0.06709608158883522
210,26.194310252281266,17.14975845410628,17.08937198067633,16.75389157273215,9.453837895866881,9.098228663446054,1.6572732152442298,2.3550724637681157,0.18115942028985507,0.06709608158883522
211,26.33521202361782,17.062533548040793,16.740472356414386,16.63311862587225,9.212292002147075,9.480676328502415,1.6572732152442298,2.6301663982823404,0.18115942028985507,0.06709608158883522
212,26.764626945786365,16.941760601180892,16.431830381105744,16.6935050993022,9.151905528717123,9.440418679549115,1.7444981213097155,2.5831991411701556,0.18115942028985507,0.06709608158883522
213,27.033011272141707,16.861245303274288,16.411701556629094,16.5727321524423,9.138486312399356,9.426999463231347,1.7444981213097155,2.563070316693505,0.18115942028985507,0.06709608158883522
214,27.18733225979603,16.794149221685455,16.31105743424584,16.566022544283413,9.131776704240472,9.500805152979066,1.7444981213097155,2.5161030595813205,0.18115942028985507,0.06709608158883522
215,27.4422973698336,16.72705314009662,16.31105743424584,16.445249597423512,9.098228663446054,9.46725711218465,1.7444981213097155,2.5161030595813205,0.18115942028985507,0.06709608158883522
216,27.462426194310254,16.6129898013956,16.29092860976919,16.438539989264626,9.245840042941492,9.440418679549115,1.7444981213097155,2.5161030595813205,0.18115942028985507,0.06709608158883522
217,27.75764895330113,16.505636070853463,16.203703703703702,16.35131508319914,9.219001610305957,9.46725711218465,1.7444981213097155,2.5026838432635534,0.18115942028985507,0.06709608158883522
218,27.891841116478798,16.465378421900162,16.183574879227052,16.29092860976919,9.219001610305957,9.460547504025765,1.737788513150832,2.5026838432635534,0.18115942028985507,0.06709608158883522
219,28.08641975308642,16.411701556629094,16.13660762211487,15.975577026301664,9.145195920558239,9.447128287707997,1.737788513150832,2.536231884057971,0.4562533548040794,0.06709608158883522
220,28.24074074074074,16.344605475040257,16.11647879763822,15.921900161030596,9.145195920558239,9.440418679549115,1.7310789049919484,2.536231884057971,0.4562533548040794,0.06709608158883522
221,27.42216854535695,16.25067096081589,18.927804616210413,15.68035426731079,9.064680622651638,8.111916264090176,1.7310789049919484,2.2879763821792807,0.4562533548040794,0.06709608158883522
222,27.549651100375737,16.243961352657006,18.90096618357488,15.619967793880837,9.037842190016104,8.105206655931294,1.7310789049919484,2.2879763821792807,0.4562533548040794,0.06709608158883522
223,27.529522275899087,16.21712292002147,18.84728931830381,15.485775630703166,8.99087493290392,8.252818035426731,1.7176596886741815,2.2879763821792807,0.6038647342995169,0.06709608158883522
224,27.72410091250671,16.170155662909288,18.78690284487386,15.458937198067632,8.970746108427267,8.21256038647343,1.7176596886741815,2.2879763821792807,0.6038647342995169,0.06709608158883522
225,27.871712292002147,16.163446054750402,18.5252281266774,15.445517981749866,8.950617283950617,8.413848631239935,1.6908212560386473,2.26784755770263,0.6038647342995169,0.06709608158883522
226,28.099838969404185,16.09634997316157,18.4447128287708,15.190552871712292,9.131776704240472,8.407139023081053,1.6908212560386473,2.26784755770263,0.6038647342995169,0.06709608158883522
227,28.30112721417069,16.035963499731615,18.310520665593128,15.083199141170155,9.037842190016104,8.36688137412775,1.6908212560386473,2.5026838432635534,0.6038647342995169,0.06709608158883522
228,28.743961352657006,15.895061728395062,18.223295759527645,14.9020397208803,9.024422973698336,8.3467525496511,1.6908212560386473,2.5026838432635534,0.6038647342995169,0.06709608158883522
229,28.764090177133657,15.895061728395062,18.156199677938808,15.136876006441224,8.93719806763285,8.340042941492216,1.6706924315619969,2.428878153515835,0.6038647342995169,0.06709608158883522
230,28.71712292002147,16.150026838432634,18.06897477187332,15.103327965646805,8.917069243156199,8.293075684380032,1.6572732152442298,2.4221685453569513,0.6038647342995169,0.06709608158883522
