,45,50,51,52,55,53,54,56
0,94.35050993022007,5.649490069779925,,,,,,
1,94.35050993022007,5.649490069779925,,,,,,
2,88.8419216317767,11.158078368223295,,,,,,
3,88.87546967257113,11.124530327428879,,,,,,
4,87.64761137949544,12.352388620504563,,,,,,
5,84.95034889962426,14.090177133655395,0.9594739667203436,,,,,
6,84.98389694041867,14.056629092860977,0.9594739667203436,,,,,
7,72.22222222222223,24.288781535158346,3.488996242619431,,,,,
8,72.12157809983897,24.3894256575416,3.488996242619431,,,,,
9,71.65190552871712,24.9194847020934,3.4286097691894795,,,,,
10,69.47799248523886,24.758454106280194,3.4286097691894795,2.3349436392914655,,,,
11,69.48470209339774,24.22168545356951,3.4151905528717124,2.8784219001610305,,,,
12,59.16532474503489,29.911433172302736,8.044820182501342,2.8784219001610305,,,,
13,57.830112721417066,29.07944176060118,10.312667740203972,2.7777777777777777,,,,
14,57.830112721417066,28.64331723027375,10.312667740203972,2.7777777777777777,0.43612453032742887,,,
15,56.62909286097692,29.958400429414922,10.23215244229737,2.7777777777777777,0.4025764895330113,,,
16,56.66935050993022,29.918142780461622,10.23215244229737,2.7777777777777777,0.4025764895330113,,,
17,54.8040794417606,31.816961889425656,10.23215244229737,2.7442297369833604,0.4025764895330113,,,
18,54.8443370907139,31.80354267310789,10.205314009661835,2.7442297369833604,0.4025764895330113,,,
19,54.90472356414385,30.360976918947934,9.997316156736447,4.334406870638754,0.4025764895330113,,,
20,54.488727858293075,30.669618894256576,9.990606548577563,4.334406870638754,0.4025764895330113,0.11406333870101985,,
21,52.49597423510467,32.66237251744498,9.990606548577563,4.334406870638754,0.4025764895330113,0.11406333870101985,,
22,44.216317767042405,39.11701556629093,8.3064949006978,7.843531937734836,0.4025764895330113,0.11406333870101985,,
23,44.08212560386473,39.110305958132045,8.487654320987655,7.803274288781535,0.4025764895330113,0.11406333870101985,,
24,39.49946323134729,39.95571658615137,8.487654320987655,11.75523349436393,0.1878690284487386,0.11406333870101985,,
25,36.65458937198068,39.36527106816962,12.144390767579173,11.647879763821793,0.1878690284487386,,,
26,35.86285560923242,40.60654857756307,12.144390767579173,11.198336017176597,0.1878690284487386,,,
27,35.89640365002684,40.57300053676865,12.144390767579173,11.198336017176597,0.1878690284487386,,,
28,35.92324208266237,40.54616210413312,12.144390767579173,11.198336017176597,0.1878690284487386,,,
29,34.306226516371446,42.1833064949007,12.130971551261407,11.037305421363392,0.3421900161030596,,,
30,34.326355340848096,40.70048309178744,12.077294685990339,9.950348899624261,0.15432098765432098,2.791196994095545,,
31,32.80327428878154,42.49194847020934,12.077294685990339,9.681964573268921,0.15432098765432098,2.791196994095545,,
32,30.132850241545892,45.16237251744498,12.077294685990339,9.681964573268921,0.15432098765432098,2.791196994095545,,
33,29.757112184648417,41.639828234031135,15.975577026301664,9.681964573268921,0.15432098765432098,2.791196994095545,,
34,29.830917874396135,41.606280193236714,15.935319377348362,9.681964573268921,0.15432098765432098,2.791196994095545,,
35,28.64331723027375,39.92887815351583,18.283682232957595,9.681964573268921,0.6709608158883521,2.791196994095545,,
36,28.723832528180353,39.90874932903918,18.183038110574344,9.574610842726784,0.6709608158883521,2.9388083735909825,,
37,28.723832528180353,39.190821256038646,19.41760601180891,9.574610842726784,0.15432098765432098,2.9388083735909825,,
38,28.938539989264626,39.00295222758991,19.404186795491142,9.561191626409018,0.15432098765432098,2.9388083735909825,,
39,29.066022544283413,37.996511003757384,19.39747718733226,10.225442834138486,0.15432098765432098,3.1602254428341383,,
40,29.428341384863124,37.03032742887815,19.162640901771336,10.124798711755233,0.15432098765432098,4.0995705850778315,,
41,29.502147074610843,35.97691894793344,19.162640901771336,10.124798711755233,0.15432098765432098,5.0791733762748255,,
42,29.871175523349436,35.97691894793344,18.99490069779925,9.923510466988727,0.15432098765432098,5.0791733762748255,,
43,28.18035426731079,31.427804616210413,24.684648416532475,10.473698336017177,0.15432098765432098,5.0791733762748255,,
44,28.23403113258186,31.34728931830381,23.15485775630703,12.030327428878154,0.15432098765432098,5.0791733762748255,,
45,26.992753623188406,32.99785292538916,22.745571658615138,12.030327428878154,0.15432098765432098,5.0791733762748255,,
46,25.34219001610306,30.60252281266774,26.529790660225444,12.909286097691895,0.15432098765432098,4.461889425657541,,
47,25.308641975308642,27.636876006441224,25.657541599570585,12.714707461084272,0.15432098765432098,8.527911969940956,,
48,21.920289855072465,34.52093397745572,28.307836822329577,11.41304347826087,0.15432098765432098,3.683574879227053,,
49,22.041062801932366,34.514224369296834,28.193773483628558,11.41304347826087,0.15432098765432098,3.683574879227053,,
50,21.987385936661298,34.54777241009125,26.858561460010737,11.41304347826087,0.15432098765432098,5.038915727321524,,
51,22.014224369296834,34.4873859366613,26.8317230273752,11.211755233494364,0.15432098765432098,4.864465915190553,0.43612453032742887,
52,21.76596886741814,33.675523349436396,28.14009661835749,10.990338164251208,0.15432098765432098,4.8376274825550185,0.43612453032742887,
53,22.16183574879227,33.13875469672571,28.099838969404185,10.990338164251208,0.15432098765432098,4.790660225442834,0.6642512077294686,
54,22.12157809983897,33.111916264090176,26.341921631776703,12.815351583467525,0.15432098765432098,4.790660225442834,0.6642512077294686,
55,21.26274825550188,30.938003220611915,28.764090177133657,12.815351583467525,0.15432098765432098,4.790660225442834,1.2748255501878691,
56,21.16881374127751,30.589103596349972,28.73725174449812,13.285024154589372,0.15432098765432098,4.790660225442834,1.2748255501878691,
57,21.256038647342994,30.535426731078903,28.73725174449812,13.251476113794954,0.15432098765432098,4.790660225442834,1.2748255501878691,
58,21.370101986044016,30.495169082125603,28.710413311862588,13.217928073000536,0.15432098765432098,4.777241009125067,1.2748255501878691,
59,21.40365002683843,30.461621041331185,28.710413311862588,13.217928073000536,0.15432098765432098,4.777241009125067,1.2748255501878691,
60,21.504294149221685,30.454911433172303,28.67686527106817,13.170960815888352,0.15432098765432098,4.7638217928073,1.2748255501878691,
61,21.806226516371442,30.226784755770264,28.63660762211487,13.137412775093935,0.15432098765432098,4.7638217928073,1.2748255501878691,
62,21.85319377348363,30.22007514761138,28.63660762211487,13.097155126140633,0.15432098765432098,4.7638217928073,1.2748255501878691,
63,21.40365002683843,29.17337627482555,28.22061191626409,13.083735909822867,0.15432098765432098,4.7638217928073,3.2004830917874396,
64,21.095008051529792,28.06629092860977,31.790123456790123,11.916264090177133,0.15432098765432098,3.8043478260869565,3.1736446591519054,
65,21.088298443370906,27.958937198067634,31.608964036500268,10.305958132045088,0.15432098765432098,5.709876543209877,3.1736446591519054,
66,20.538110574342458,25.140901771336555,31.260064412238325,13.056897477187333,,7.051798174986581,2.952227589908749,
67,20.578368223295758,25.013419216317768,30.857487922705314,14.378690284487385,,6.219806763285024,2.952227589908749,
68,20.8467525496511,23.409822866344605,30.595813204508858,13.875469672571121,,8.521202361782072,2.7509393451422435,
69,20.90042941492217,22.73215244229737,30.56226516371444,13.875469672571121,0.7380568974771873,8.440687063875469,2.7509393451422435,
70,20.913848631239937,22.416800858829845,29.716854535695116,15.237520128824476,0.5501878690284487,8.427267847557703,2.737520128824477,
71,20.37037037037037,21.71900161030596,34.42699946323135,12.614063338701019,0.5501878690284487,7.581857219538379,2.737520128824477,
72,20.457595276435857,21.68545356951154,34.17203435319377,12.855609232420827,0.5501878690284487,7.541599570585078,2.737520128824477,
73,20.8870101986044,21.24932903918411,33.85668276972625,12.801932367149758,0.5501878690284487,7.917337627482555,2.737520128824477,
74,20.98094471282877,21.24932903918411,33.7962962962963,12.795222758990874,0.5501878690284487,7.890499194847021,2.737520128824477,
75,17.324208266237253,30.320719269994633,33.23939881910896,8.360171765968868,0.8185721953837896,7.253086419753086,2.6838432635534084,
76,17.619431025228128,30.293880837359097,32.971014492753625,8.360171765968868,0.8185721953837896,7.253086419753086,2.6838432635534084,
77,17.62614063338701,29.488727858293075,32.950885668276975,8.179012345679013,0.8185721953837896,7.206119162640902,3.730542136339238,
78,17.74020397208803,29.435050993022006,32.92404723564144,8.179012345679013,0.8185721953837896,7.1725711218464845,3.730542136339238,
79,17.60601180891036,28.931830381105744,35.37976382179281,7.273215244229737,0.8185721953837896,6.353998926462695,3.6366076221148687,
80,17.659688674181428,28.931830381105744,35.178475577026305,7.273215244229737,0.966183574879227,6.353998926462695,3.6366076221148687,
81,17.277241009125067,28.341384863123995,31.924315619967793,10.520665593129362,0.966183574879227,7.333601717659689,3.6366076221148687,
82,15.579710144927537,26.362050456253353,36.02388620504563,10.520665593129362,0.966183574879227,7.03166935050993,3.515834675254965,
83,14.694041867954912,26.08695652173913,37.754965110037574,9.41358024691358,0.966183574879227,7.588566827697263,3.4957058507783145,
84,14.774557165861514,26.08695652173913,37.72812667740204,9.386741814278047,0.966183574879227,7.561728395061729,3.4957058507783145,
85,14.989264626945786,26.01315083199141,37.714707461084274,9.373322597960279,0.966183574879227,7.447665056360709,3.4957058507783145,
86,15.26435856146001,25.315351583467525,37.473161567364464,9.29951690821256,1.0601180891035964,8.091787439613526,3.4957058507783145,
87,15.271068169618895,24.698067632850243,37.19135802469136,8.80300590445518,1.4694041867954912,8.051529790660226,4.51556629092861,
88,15.445517981749866,24.62426194310252,36.99677938808374,8.76274825550188,1.4694041867954912,8.038110574342458,4.51556629092861,0.14761137949543746
89,15.5126140633387,24.490069779924852,36.922973698336016,9.057971014492754,1.4492753623188406,7.9039184111647875,4.51556629092861,0.14761137949543746
90,15.747450348899624,24.44981213097155,36.73510466988728,9.05126140633387,1.4492753623188406,7.9039184111647875,4.51556629092861,0.14761137949543746
91,15.774288781535159,24.44981213097155,36.70826623725174,9.05126140633387,1.4492753623188406,7.9039184111647875,4.51556629092861,0.14761137949543746
92,15.92860976918948,24.422973698336016,36.594202898550726,9.05126140633387,1.4492753623188406,7.890499194847021,4.51556629092861,0.14761137949543746
93,16.243961352657006,24.214975845410628,36.560654857756305,9.004294149221685,1.4492753623188406,7.863660762211487,4.51556629092861,0.14761137949543746
94,16.586151368760063,22.416800858829845,36.33923778851315,8.876811594202898,3.3011272141706924,7.856951154052603,4.4753086419753085,0.14761137949543746
95,16.72705314009662,22.356414385399894,36.30568974771873,8.829844337090714,3.3011272141706924,7.856951154052603,4.4753086419753085,0.14761137949543746
96,16.941760601180892,22.21551261406334,36.231884057971016,8.829844337090714,3.3011272141706924,7.856951154052603,4.4753086419753085,0.14761137949543746
97,16.25738056897477,21.658615136876005,33.662104133118625,12.734836285560924,3.3011272141706924,8.380300590445518,3.8580246913580245,0.14761137949543746
98,16.25067096081589,18.84728931830381,33.964036500268385,12.258454106280194,2.8650026838432634,11.83574879227053,3.8378958668813743,0.14090177133655393
99,16.948470209339774,18.820450885668276,33.95061728395062,11.621041331186259,2.8650026838432634,11.81561996779388,3.8378958668813743,0.14090177133655393
100,17.24369296833065,18.659420289855074,33.9170692431562,11.60762211486849,2.8650026838432634,11.748523886205046,3.8177670424047236,0.14090177133655393
101,17.270531400966185,17.8743961352657,33.81642512077295,11.60762211486849,3.750670960815888,11.721685453569512,3.8177670424047236,0.14090177133655393
102,17.485238862050455,17.69994632313473,33.03811057434246,11.453301127214171,4.898013955984971,11.641170155662909,3.643317230273752,0.14090177133655393
103,16.190284487385938,19.209608158883523,32.910628019323674,11.426462694578637,4.898013955984971,11.580783682232958,3.643317230273752,0.14090177133655393
104,16.23054213633924,19.129092860976918,31.166129898013956,10.7085346215781,4.757112184648417,14.083467525496511,3.784219001610306,0.14090177133655393
105,16.150026838432634,19.088835212023618,30.253623188405797,10.57434245840043,4.891304347826087,13.81508319914117,5.226784755770263,
106,16.29092860976919,18.99490069779925,29.97181964573269,10.466988727858293,4.891304347826087,14.392109500805153,4.99194847020934,
107,15.432098765432098,18.357487922705314,31.48148148148148,10.466988727858293,4.891304347826087,14.392109500805153,4.978529253891573,
108,15.70048309178744,18.290391841116477,31.447933440687063,10.674986580783683,4.696725711218465,14.210950080515298,4.978529253891573,
109,15.734031132581856,18.263553408480945,31.447933440687063,10.674986580783683,4.690016103059581,14.210950080515298,4.978529253891573,
110,15.432098765432098,18.17632850241546,32.57514761137949,10.091250670960816,4.690016103059581,14.2914653784219,4.74369296833065,
111,15.465646806226516,18.14278046162104,32.57514761137949,10.091250670960816,4.690016103059581,14.2914653784219,4.74369296833065,
112,15.60654857756307,18.136070853462158,32.54159957058508,10.091250670960816,4.690016103059581,14.190821256038648,4.74369296833065,
113,15.727321524422974,17.98845947396672,32.54159957058508,10.091250670960816,4.643048845947397,14.15727321524423,4.851046698872786,
114,16.089640365002683,17.69994632313473,33.467525496511,9.433709071390231,4.643048845947397,14.150563607085346,4.51556629092861,
115,16.13660762211487,17.68652710681696,33.467525496511,9.433709071390231,4.643048845947397,14.11701556629093,4.51556629092861,
116,16.10305958132045,17.2638217928073,32.27321524422974,9.433709071390231,4.49543746645196,15.92860976918948,4.502147074610843,
117,16.163446054750402,17.257112184648417,32.26650563607085,9.406870638754697,4.49543746645196,15.921900161030596,4.488727858293076,
118,16.203703703703702,17.257112184648417,32.23966720343532,9.406870638754697,4.49543746645196,15.908480944712828,4.488727858293076,
119,16.337895866881375,17.183306494900698,31.99812130971551,9.380032206119163,4.750402576489533,15.861513687600644,4.488727858293076,
120,16.411701556629094,17.183306494900698,31.99812130971551,9.380032206119163,4.750402576489533,15.827965646806227,4.448470209339774,
121,16.23054213633924,16.72705314009662,32.58185721953838,10.285829307568438,4.750402576489533,15.083199141170155,4.341116478797638,
122,15.995705850778315,16.035963499731615,34.01771336553945,10.305958132045088,4.723564143853999,14.626945786366075,4.294149221685454,
123,16.223832528180353,16.015834675254965,33.923778851315085,10.299248523886206,4.616210413311863,14.626945786366075,4.294149221685454,
124,16.25067096081589,15.921900161030596,33.52120236178207,10.238862050456254,4.616210413311863,14.97584541062802,4.092860976918948,0.3824476650563607
125,16.14331723027375,15.921900161030596,32.90391841116479,12.593934514224369,3.750670960815888,14.231078904991948,4.092860976918948,0.36231884057971014
126,16.35131508319914,15.921900161030596,32.789855072463766,12.580515297906603,3.670155662909286,14.231078904991948,4.092860976918948,0.36231884057971014
127,15.821256038647343,15.526033279656469,33.97745571658615,12.432903918411165,3.603059581320451,14.036500268384327,4.240472356414386,0.36231884057971014
128,16.022544283413847,15.526033279656469,33.803005904455176,12.432903918411165,3.603059581320451,14.036500268384327,4.213633923778851,0.36231884057971014
129,16.069511540526033,15.365002683843263,33.65539452495974,12.392646269457863,3.603059581320451,14.338432635534085,4.213633923778851,0.36231884057971014
130,16.639828234031132,15.365002683843263,33.09849704777241,12.110842726784755,3.603059581320451,14.304884594739667,4.51556629092861,0.36231884057971014
131,16.6935050993022,15.049651100375739,32.98443370907139,11.996779388083736,3.603059581320451,14.814814814814815,4.49543746645196,0.36231884057971014
132,16.800858829844337,15.022812667740205,32.98443370907139,11.98336017176597,3.589640365002684,14.761137949543746,4.49543746645196,0.36231884057971014
133,16.861245303274288,15.022812667740205,32.95759527643585,11.949812130971551,3.589640365002684,14.761137949543746,4.49543746645196,0.36231884057971014
134,16.908212560386474,15.022812667740205,32.95759527643585,11.949812130971551,3.589640365002684,14.714170692431562,4.49543746645196,0.36231884057971014
135,16.874664519592056,14.935587761674718,31.568706387546968,13.506441223832528,3.569511540526033,14.700751476113794,4.49543746645196,0.3488996242619431
136,16.894793344068706,14.935587761674718,31.548577563070317,13.45276435856146,3.569511540526033,14.915458937198068,4.334406870638754,0.3488996242619431
137,16.59957058507783,14.673913043478262,32.098765432098766,13.331991411701557,3.569511540526033,14.88191089640365,4.320987654320987,0.5233494363929146
138,15.895061728395062,13.633923778851315,33.52791196994095,13.935856146001074,3.569511540526033,14.761137949543746,4.1532474503489,0.5233494363929146
139,16.035963499731615,13.493022007514762,33.373590982286636,13.895598497047773,3.569511540526033,14.626945786366075,4.3545356951154055,0.6508319914117016
140,16.0829307568438,13.493022007514762,33.3467525496511,13.895598497047773,3.569511540526033,14.626945786366075,4.3545356951154055,0.630703166935051
141,16.223832528180353,13.479602791196994,33.25281803542673,13.862050456253355,3.569511540526033,14.626945786366075,4.3545356951154055,0.630703166935051
142,16.29092860976919,13.439345142243694,33.25281803542673,13.83521202361782,3.569511540526033,14.626945786366075,4.3545356951154055,0.630703166935051
143,16.35131508319914,13.439345142243694,33.25281803542673,13.821792807300053,3.569511540526033,14.61352657004831,4.320987654320987,0.630703166935051
144,16.35131508319914,13.439345142243694,33.24610842726785,13.821792807300053,3.569511540526033,14.398819108964037,4.569243156199678,0.6038647342995169
145,16.472088030059044,13.439345142243694,33.20585077831455,13.741277509393452,3.569511540526033,14.398819108964037,4.569243156199678,0.6038647342995169
146,16.841116478797638,13.419216317767042,33.00456253354804,13.741277509393452,3.569511540526033,14.251207729468598,4.569243156199678,0.6038647342995169
147,16.908212560386474,13.405797101449275,33.00456253354804,13.741277509393452,3.569511540526033,14.231078904991948,4.53569511540526,0.6038647342995169
148,16.75389157273215,13.09044551798175,33.73590982286635,13.633923778851315,3.569511540526033,14.11701556629093,4.49543746645196,0.6038647342995169
149,16.935050993022006,13.063607085346217,33.621846484165324,13.593666129898015,3.569511540526033,14.11701556629093,4.49543746645196,0.6038647342995169
150,17.102791196994094,13.050187869028449,33.541331186258724,13.553408480944713,3.535963499731616,14.11701556629093,4.49543746645196,0.6038647342995169
151,17.639559849704778,13.003220611916264,33.32662372517445,13.526570048309178,3.4957058507783145,13.922436929683306,4.4820182501341925,0.6038647342995169
152,17.67981749865808,13.003220611916264,33.28636607622115,13.526570048309178,3.4957058507783145,13.922436929683306,4.4820182501341925,0.6038647342995169
153,17.270531400966185,12.808641975308642,36.29898013955985,12.466451959205582,3.421900161030596,12.721417069243156,4.408212560386473,0.6038647342995169
154,17.324208266237253,12.801932367149758,36.28556092324208,12.466451959205582,3.421900161030596,12.701288244766506,4.394793344068707,0.6038647342995169
155,17.07595276435856,12.795222758990874,36.70826623725174,12.258454106280194,3.421900161030596,12.674449812130971,4.4820182501341925,0.5837359098228664
156,17.3040794417606,12.781803542673108,36.38620504562534,12.258454106280194,3.421900161030596,12.989801395598498,4.274020397208803,0.5837359098228664
157,17.49194847020934,12.741545893719806,36.292270531400966,12.245034889962426,3.421900161030596,12.949543746645196,4.274020397208803,0.5837359098228664
158,17.579173376274827,12.513419216317766,37.74154589371981,10.983628556092324,3.421900161030596,12.949543746645196,4.2270531400966185,0.5837359098228664
159,17.70665593129361,12.493290391841116,36.802200751476114,10.963499731615673,3.421900161030596,13.070316693505099,4.958400429414922,0.5837359098228664
160,17.632850241545892,11.996779388083736,36.782071926999464,10.963499731615673,4.012345679012346,13.070316693505099,4.958400429414922,0.5837359098228664
161,16.680085882984432,11.976650563607086,39.17740203972088,9.762479871175524,4.166666666666667,13.043478260869565,4.7101449275362315,0.4830917874396135
162,16.760601180891037,11.943102522812667,38.96269457863661,9.762479871175524,4.166666666666667,13.01663982823403,4.904723564143854,0.4830917874396135
163,16.861245303274288,11.943102522812667,38.96269457863661,9.762479871175524,4.166666666666667,12.929414922168545,4.891304347826087,0.4830917874396135
164,16.6935050993022,11.943102522812667,38.486312399355874,10.755501878690284,4.166666666666667,12.580515297906603,4.891304347826087,0.4830917874396135
165,16.76731078904992,11.936392914653783,38.446054750402574,10.742082662372518,4.166666666666667,12.580515297906603,4.87788513150832,0.4830917874396135
166,16.894793344068706,11.936392914653783,38.35882984433709,10.742082662372518,4.166666666666667,12.553676865271068,4.864465915190553,0.4830917874396135
167,16.760601180891037,11.808910359634996,39.492753623188406,9.96376811594203,4.166666666666667,12.4597423510467,4.864465915190553,0.4830917874396135
168,15.539452495974235,11.3593666129898,41.7337627482555,8.950617283950617,4.166666666666667,13.788244766505636,4.052603327965647,0.4092860976918948
169,15.901771336553946,11.292270531400966,41.48550724637681,8.93719806763285,4.166666666666667,13.788244766505636,4.019055287171229,0.4092860976918948
170,16.17686527106817,11.225174449812132,41.37144390767579,9.252549651100376,3.9855072463768115,13.694310252281268,3.8848631239935587,0.4092860976918948
171,16.337895866881375,11.225174449812132,41.257380568974774,9.205582393988191,3.9855072463768115,13.694310252281268,3.8848631239935587,0.4092860976918948
172,16.35131508319914,11.225174449812132,40.82796564680623,9.091519055287172,3.7775093934514223,13.519860440150294,4.797369833601718,0.4092860976918948
173,16.566022544283413,11.18491680085883,40.693773483628554,9.091519055287172,3.7775093934514223,13.479602791196994,4.797369833601718,0.4092860976918948
174,16.901502952227588,11.131239935587761,39.98926462694579,8.950617283950617,3.7775093934514223,13.466183574879228,4.797369833601718,0.9863123993558777
175,17.04911433172303,11.124530327428879,39.13714439076758,8.917069243156199,3.7775093934514223,13.996242619431026,5.381105743424584,0.6172839506172839
176,16.49892646269458,11.124530327428879,40.64009661835749,8.917069243156199,3.7775093934514223,13.593666129898015,4.830917874396135,0.6172839506172839
177,16.700214707461082,11.124530327428879,40.43880837359098,8.917069243156199,3.7775093934514223,13.593666129898015,4.830917874396135,0.6172839506172839
178,16.760601180891037,11.124530327428879,40.43880837359098,8.917069243156199,3.7775093934514223,13.533279656468062,4.830917874396135,0.6172839506172839
179,16.78743961352657,11.124530327428879,40.344873859366615,8.917069243156199,3.9049919484702094,13.493022007514762,4.810789049919484,0.6172839506172839
180,16.834406870638755,11.124530327428879,39.96913580246913,8.890230810520666,4.0995705850778315,13.425925925925926,5.038915727321524,0.6172839506172839
181,17.183306494900698,11.064143853998926,39.68733225979603,8.890230810520666,4.0995705850778315,13.425925925925926,5.032206119162641,0.6172839506172839
182,17.424852388620504,11.064143853998926,39.20424047235642,8.856682769726248,4.0995705850778315,13.345410628019323,5.387815351583468,0.6172839506172839
183,17.579173376274827,11.064143853998926,38.888888888888886,8.849973161567364,4.0995705850778315,13.318572195383789,5.387815351583468,0.8118625872249061
184,17.995169082125603,11.064143853998926,38.781535158346756,8.709071390230811,4.0995705850778315,13.264895330112722,5.273752012882448,0.8118625872249061
185,18.209876543209877,10.95679012345679,38.7211486849168,8.709071390230811,4.0995705850778315,13.238056897477188,5.253623188405797,0.8118625872249061
186,18.243424584004295,10.95679012345679,38.71443907675792,8.702361782071927,4.0995705850778315,13.22463768115942,5.246913580246914,0.8118625872249061
187,18.780193236714975,10.95679012345679,38.425925925925924,8.648684916800859,4.0995705850778315,13.22463768115942,5.119431025228127,0.7447665056360708
188,18.86070853462158,10.950080515297907,38.37224906065486,8.635265700483092,4.0995705850778315,13.22463768115942,5.112721417069243,0.7447665056360708
189,18.988191089640367,10.923242082662373,38.32528180354267,8.635265700483092,4.0995705850778315,13.18438003220612,5.0993022007514766,0.7447665056360708
190,19.00161030595813,10.923242082662373,38.31186258722491,8.635265700483092,4.0995705850778315,13.18438003220612,5.0993022007514766,0.7447665056360708
191,18.853998926462694,10.86285560923242,38.57353730542136,8.601717659688674,4.0995705850778315,13.170960815888352,5.092592592592593,0.7447665056360708
192,18.874127750939344,10.815888352120236,38.506441223832525,8.413848631239935,4.0995705850778315,13.170960815888352,5.374396135265701,0.7447665056360708
193,19.008319914117017,10.742082662372518,39.720880300590444,8.105206655931294,3.978797638217928,12.781803542673108,4.817498658078368,0.8454106280193237
194,19.14922168545357,10.742082662372518,39.67391304347826,8.064949006977992,3.978797638217928,12.741545893719806,4.804079441760601,0.8454106280193237
195,19.223027375201287,10.742082662372518,39.63365539452496,8.064949006977992,3.9452495974235107,12.741545893719806,4.804079441760601,0.8454106280193237
196,18.357487922705314,10.735373054213634,43.92109500805153,6.501610305958132,3.4957058507783145,12.453032742887816,3.8177670424047236,0.7179280730005367
197,18.370907139023082,10.735373054213634,43.92109500805153,6.501610305958132,3.4957058507783145,12.439613526570048,3.8177670424047236,0.7179280730005367
198,18.417874396135264,10.735373054213634,43.914385399892645,6.474771873322598,3.4957058507783145,12.426194310252281,3.8177670424047236,0.7179280730005367
199,18.471551261406333,10.735373054213634,43.86741814278046,6.474771873322598,3.4957058507783145,12.419484702093397,3.8177670424047236,0.7179280730005367
200,18.491680085882983,10.735373054213634,43.84728931830381,6.474771873322598,3.4957058507783145,12.419484702093397,3.8177670424047236,0.7179280730005367
201,18.5252281266774,10.715244229736983,43.833870101986044,6.474771873322598,3.4957058507783145,12.419484702093397,3.8177670424047236,0.7179280730005367
202,18.739935587761675,10.681696188942565,43.73322597960279,6.4345142243692965,3.4957058507783145,12.379227053140097,3.8177670424047236,0.7179280730005367
203,18.840579710144926,10.654857756307031,43.69296833064949,6.4345142243692965,3.4957058507783145,12.345679012345679,3.8177670424047236,0.7179280730005367
204,18.99490069779925,10.654857756307031,43.646001073537306,6.4345142243692965,3.4957058507783145,12.25174449812131,3.8043478260869565,0.7179280730005367
205,19.202898550724637,10.547504025764896,43.63929146537842,6.394256575415996,3.488996242619431,12.25174449812131,3.7573805689747717,0.7179280730005367
206,19.41760601180891,10.46027911969941,43.545356951154055,6.394256575415996,3.488996242619431,12.245034889962426,3.7573805689747717,0.6910896403650026
207,18.337359098228664,10.124798711755233,43.15619967793881,8.460815888352121,3.488996242619431,11.98336017176597,3.7573805689747717,0.6910896403650026
208,18.337359098228664,10.124798711755233,43.15619967793881,8.460815888352121,3.488996242619431,11.98336017176597,3.7573805689747717,0.6910896403650026
209,18.411164787976382,10.0979602791197,43.12265163714439,8.460815888352121,3.4822866344605474,11.98336017176597,3.750670960815888,0.6910896403650026
210,18.47826086956522,10.0979602791197,43.07568438003221,8.460815888352121,3.4822866344605474,11.969940955448202,3.750670960815888,0.6843800322061192
211,18.625872249060656,9.997316156736447,42.84084809447128,7.635534084809447,3.4822866344605474,12.855609232420827,3.7238325281803544,0.8387010198604401
212,18.739935587761675,9.997316156736447,42.37788513150832,7.635534084809447,3.4822866344605474,13.22463768115942,3.7037037037037037,0.8387010198604401
213,18.820450885668276,9.722222222222221,42.36446591519055,7.628824476650563,3.81105743424584,13.117283950617283,3.69699409554482,0.8387010198604401
214,18.98148148148148,9.722222222222221,42.24369296833065,7.628824476650563,3.81105743424584,13.083735909822867,3.6902844873859366,0.8387010198604401
215,19.008319914117017,9.722222222222221,42.230273752012884,7.628824476650563,3.8043478260869565,13.077026301663983,3.6902844873859366,0.8387010198604401
216,19.196188942565755,9.722222222222221,42.04240472356415,7.628824476650563,3.8043478260869565,13.077026301663983,3.6902844873859366,0.8387010198604401
217,19.330381105743424,9.681964573268921,41.99543746645196,7.601986044015029,3.7909286097691894,13.077026301663983,3.683574879227053,0.8387010198604401
218,19.410896403650028,9.386741814278047,41.888083735909824,7.601986044015029,4.1129898013955986,13.077026301663983,3.683574879227053,0.8387010198604401
219,19.524959742351047,9.386741814278047,41.80756843800322,7.575147611379496,4.1129898013955986,13.077026301663983,3.6768652710681695,0.8387010198604401
220,19.585346215780998,9.386741814278047,41.50563607085346,8.68894256575416,4.1129898013955986,12.211486849168008,3.670155662909286,0.8387010198604401
221,19.699409554482017,9.333064949006978,41.44524959742351,8.68894256575416,4.1129898013955986,12.211486849168008,3.670155662909286,0.8387010198604401
222,19.773215244229736,9.333064949006978,41.38486312399356,8.682232957595277,4.106280193236715,12.211486849168008,3.670155662909286,0.8387010198604401
223,19.90740740740741,9.29951690821256,41.2842190016103,8.682232957595277,4.106280193236715,12.211486849168008,3.670155662909286,0.8387010198604401
224,19.981213097155127,9.286097691894794,40.89506172839506,8.682232957595277,4.106280193236715,12.5402576489533,3.670155662909286,0.8387010198604401
225,20.00805152979066,9.286097691894794,40.78770799785293,8.648684916800859,4.106280193236715,12.5402576489533,3.670155662909286,0.95276435856146
226,20.316693505099302,9.05126140633387,40.74074074074074,8.641975308641975,4.106280193236715,12.52012882447665,3.670155662909286,0.95276435856146
227,20.517981749865807,9.05126140633387,40.59983896940419,8.581588835212024,4.106280193236715,12.52012882447665,3.670155662909286,0.95276435856146
228,20.558239398819108,9.05126140633387,40.445517981749866,8.57487922705314,4.106280193236715,12.52012882447665,3.670155662909286,1.0735373054213635
229,20.685721953837895,9.05126140633387,40.163714439076756,8.57487922705314,4.106280193236715,12.493290391841116,3.670155662909286,1.2546967257112185
230,20.813204508856682,9.037842190016104,40.163714439076756,8.514492753623188,4.052603327965647,12.493290391841116,3.670155662909286,1.2546967257112185
231,21.195652173913043,8.997584541062801,39.88191089640365,8.514492753623188,3.9989264626945786,12.486580783682234,3.670155662909286,1.2546967257112185
232,21.39694041867955,8.970746108427267,39.79468599033817,8.454106280193237,3.9989264626945786,12.473161567364466,3.656736446591519,1.2546967257112185
233,21.329844337090712,8.970746108427267,39.54643048845947,8.407139023081053,3.9989264626945786,12.4597423510467,4.032474503488996,1.2546967257112185
234,21.329844337090712,8.883521202361782,39.51959205582394,8.400429414922169,3.9452495974235107,12.453032742887816,4.213633923778851,1.2546967257112185
235,21.517713365539453,8.796296296296296,39.452495974235106,8.3467525496511,4.012345679012346,12.426194310252281,4.193505099302201,1.2546967257112185
236,21.571390230810522,8.796296296296296,39.40552871712292,8.340042941492216,4.012345679012346,12.426194310252281,4.193505099302201,1.2546967257112185
237,21.598228663446054,8.78287707997853,39.40552871712292,8.340042941492216,4.012345679012346,12.412775093934513,4.193505099302201,1.2546967257112185
238,21.786097691894792,8.78287707997853,39.21765968867418,8.28636607622115,3.9855072463768115,12.493290391841116,4.193505099302201,1.2546967257112185
239,22.19538378958669,8.568169618894256,39.08346752549651,8.28636607622115,3.978797638217928,12.466451959205582,4.166666666666667,1.2546967257112185
240,22.25577026301664,8.55475040257649,38.81508319914117,8.28636607622115,4.200214707461084,12.466451959205582,4.166666666666667,1.2546967257112185
241,22.550993022007514,8.55475040257649,38.75469672571122,8.28636607622115,4.200214707461084,12.238325281803542,4.159957058507783,1.2546967257112185
242,22.6784755770263,8.460815888352121,38.70101986044015,7.843531937734836,4.200214707461084,12.714707461084272,4.146537842190016,1.2546967257112185
243,22.745571658615138,8.440687063875469,38.65405260332797,7.843531937734836,4.200214707461084,12.714707461084272,4.146537842190016,1.2546967257112185
244,22.745571658615138,8.440687063875469,38.65405260332797,7.843531937734836,4.200214707461084,12.714707461084272,4.146537842190016,1.2546967257112185
245,22.873054213633925,8.433977455716587,37.35909822866345,7.843531937734836,4.200214707461084,13.989533011272142,4.146537842190016,1.1540526033279657
246,22.993827160493826,8.427267847557703,37.2987117552335,7.843531937734836,4.159957058507783,13.976113794954374,4.146537842190016,1.1540526033279657
247,23.067632850241544,8.393719806763285,37.0907139023081,7.843531937734836,4.159957058507783,13.862050456253355,4.428341384863124,1.1540526033279657
248,23.161567364465917,8.393719806763285,37.05716586151369,7.843531937734836,4.159957058507783,13.801663982823403,4.428341384863124,1.1540526033279657
249,23.315888352120236,8.333333333333334,36.99677938808374,7.843531937734836,4.159957058507783,13.801663982823403,4.428341384863124,1.1205045625335481
250,23.416532474503487,8.333333333333334,36.9296833064949,7.836822329575953,4.159957058507783,13.774825550187868,4.428341384863124,1.1205045625335481
251,23.58427267847558,8.219269994632313,36.9296833064949,7.816693505099302,4.159957058507783,13.761406333870102,4.42163177670424,1.107085346215781
252,24.000268384326354,8.205850778314547,36.62775093934514,7.796564680622652,4.133118625872249,13.734567901234568,4.394793344068707,1.107085346215781
253,24.040526033279658,8.192431561996779,36.600912506709605,7.796564680622652,4.133118625872249,13.734567901234568,4.394793344068707,1.107085346215781
254,24.255233494363928,7.997852925389157,36.36607622114869,7.7831454643048845,4.361245303274289,13.734567901234568,4.394793344068707,1.107085346215781
255,24.342458400429415,7.971014492753623,36.32581857219538,7.7831454643048845,4.361245303274289,13.7211486849168,4.388083735909823,1.107085346215781
256,24.57729468599034,7.924047235641439,36.231884057971016,7.7831454643048845,4.361245303274289,13.7211486849168,4.374664519592056,1.0265700483091786
257,24.62426194310252,7.9106280193236715,36.231884057971016,7.7831454643048845,4.361245303274289,13.687600644122384,4.374664519592056,1.0265700483091786
258,24.241814278046164,7.689210950080516,36.111111111111114,7.776435856146001,4.314278046162104,13.674181427804616,5.166398282340311,1.0265700483091786
259,24.745034889962426,7.689210950080516,35.78234031132582,7.776435856146001,4.314278046162104,13.513150831991412,5.152979066022544,1.0265700483091786
260,24.664519592055825,7.595276435856146,35.69511540526033,8.07836822329576,4.300858829844337,13.486312399355878,5.152979066022544,1.0265700483091786
261,24.724906065485776,7.595276435856146,35.42673107890499,8.07836822329576,4.280730005367687,13.486312399355878,5.139559849704777,1.2681159420289856
262,24.724906065485776,7.595276435856146,35.42673107890499,8.07836822329576,4.280730005367687,13.486312399355878,5.139559849704777,1.2681159420289856
263,24.94632313472893,7.521470746108427,35.258990874932906,7.9106280193236715,4.280730005367687,13.7211486849168,5.092592592592593,1.2681159420289856
264,25.067096081588836,7.50805152979066,35.18518518518518,7.877079978529254,4.280730005367687,13.7211486849168,5.092592592592593,1.2681159420289856
265,25.355609232420825,7.461084272678476,35.15163714439077,7.716049382716049,4.280730005367687,13.687600644122384,5.0791733762748255,1.2681159420289856
266,25.469672571121848,7.447665056360709,35.12479871175523,7.716049382716049,4.280730005367687,13.620504562533547,5.072463768115942,1.2681159420289856
267,25.5300590445518,7.447665056360709,35.07783145464305,7.716049382716049,4.280730005367687,13.607085346215781,5.072463768115942,1.2681159420289856
268,25.744766505636072,7.387278582930757,34.98389694041868,7.716049382716049,4.280730005367687,13.546698872785829,5.072463768115942,1.2681159420289856
269,23.309178743961354,6.884057971014493,43.31723027375201,6.877348362855609,4.032474503488996,9.628287707997853,4.951690821256038,0.9997316156736447
270,23.396403650026837,6.857219538378959,43.05555555555556,6.870638754696726,4.247181964573269,9.628287707997853,4.944981213097155,0.9997316156736447
271,23.59098228663446,6.830381105743425,43.03542673107891,6.749865807836822,4.247181964573269,9.628287707997853,4.918142780461621,0.9997316156736447
272,23.872785829307567,6.796833064949007,42.80059044551798,6.749865807836822,4.233762748255502,9.628287707997853,4.918142780461621,0.9997316156736447
273,24.174718196457327,6.796833064949007,42.652979066022546,6.749865807836822,4.119699409554482,9.588030059044552,4.918142780461621,0.9997316156736447
274,24.235104669887278,6.763285024154589,42.62614063338701,6.749865807836822,4.119699409554482,9.588030059044552,4.918142780461621,0.9997316156736447
275,24.241814278046164,6.5485775630703165,42.62614063338701,6.702898550724638,4.119699409554482,9.574610842726784,5.186527106816962,0.9997316156736447
276,24.4296833064949,6.521739130434782,42.552334943639295,6.702898550724638,4.119699409554482,9.4873859366613,5.186527106816962,0.9997316156736447
277,24.54374664519592,6.521739130434782,42.49865807836822,6.6760601180891035,4.119699409554482,9.453837895866881,5.186527106816962,0.9997316156736447
278,24.684648416532475,6.521739130434782,42.43156199677939,6.6760601180891035,4.119699409554482,9.440418679549115,5.186527106816962,0.9393451422436929
279,24.771873322597962,6.521739130434782,42.13633923778851,6.6760601180891035,4.119699409554482,9.440418679549115,5.166398282340311,1.1674718196457328
280,24.852388620504563,6.521739130434782,42.09608158883521,6.6760601180891035,4.106280193236715,9.41358024691358,5.166398282340311,1.1674718196457328
281,24.798711755233494,6.521739130434782,41.888083735909824,6.662640901771336,4.408212560386473,9.41358024691358,5.139559849704777,1.1674718196457328
282,24.89935587761675,6.494900697799249,41.82098765432099,6.662640901771336,4.40150295222759,9.41358024691358,5.139559849704777,1.1674718196457328
283,24.89935587761675,6.494900697799249,41.82098765432099,6.662640901771336,4.40150295222759,9.41358024691358,5.139559849704777,1.1674718196457328
284,24.832259796027913,6.494900697799249,41.56602254428341,6.662640901771336,4.40150295222759,9.41358024691358,5.4616210413311865,1.1674718196457328
285,24.932903918411164,6.494900697799249,41.46537842190016,6.662640901771336,4.40150295222759,9.41358024691358,5.4616210413311865,1.1674718196457328
286,25.006709608158882,6.494900697799249,41.40499194847021,6.662640901771336,4.40150295222759,9.400161030595813,5.4616210413311865,1.1674718196457328
287,24.818840579710145,6.494900697799249,40.89506172839506,6.649221685453569,4.898013955984971,9.668545356951155,5.4616210413311865,1.1137949543746646
