,45,50,51,52,53,55,54,56,57
0,87.39935587761674,12.600644122383253,,,,,,,
1,86.34594739667203,13.654052603327965,,,,,,,
2,83.07165861513688,16.928341384863124,,,,,,,
3,82.3671497584541,17.632850241545892,,,,,,,
4,80.2938808373591,14.53972088030059,5.166398282340311,,,,,,
5,80.32071926999463,14.512882447665056,5.166398282340311,,,,,,
6,75.79844337090714,19.048577563070317,5.152979066022544,,,,,,
7,70.98765432098766,22.987117552334944,5.152979066022544,0.8722490606548577,,,,,
8,70.8467525496511,22.953569511540525,5.146269457863661,1.0534084809447128,,,,,
9,70.16237251744498,23.65136876006441,5.146269457863661,1.0399892646269457,,,,,
10,68.99490069779925,24.711486849168008,4.294149221685454,1.0399892646269457,0.9594739667203436,,,,
11,69.00831991411701,24.06736446591519,4.233762748255502,1.0399892646269457,1.5901771336553945,0.06038647342995169,,,
12,68.08239398819109,24.993290391841118,4.233762748255502,1.0399892646269457,1.5901771336553945,0.06038647342995169,,,
13,67.88110574342458,25.194578636607623,4.233762748255502,1.0399892646269457,1.5901771336553945,0.06038647342995169,,,
14,63.05018786902845,30.038915727321523,4.2203435319377345,1.0399892646269457,1.5901771336553945,0.06038647342995169,,,
15,60.97691894793344,32.118894256575416,4.213633923778851,1.0399892646269457,1.5901771336553945,0.06038647342995169,,,
16,60.17176596886742,29.05931293612453,8.07836822329576,1.0399892646269457,1.5901771336553945,0.06038647342995169,,,
17,59.80944712828771,29.421631776704242,8.07836822329576,1.0399892646269457,1.5901771336553945,0.06038647342995169,,,
18,58.333333333333336,29.17337627482555,9.809447128287708,1.0399892646269457,1.583467525496511,0.06038647342995169,,,
19,58.45410628019324,29.05931293612453,9.71551261406334,1.0399892646269457,1.583467525496511,0.14761137949543746,,,
20,58.601717659688674,28.965378421900162,10.071121846484166,1.0131508319914118,1.261406333870102,0.08722490606548577,,,
21,58.62855609232421,28.958668813741276,10.050993022007514,1.0131508319914118,1.261406333870102,0.08722490606548577,,,
22,58.682232957595275,28.92512077294686,10.030864197530864,1.0131508319914118,1.261406333870102,0.08722490606548577,,,
23,58.662104133118625,28.978797638217927,9.118357487922705,1.9524959742351047,1.2010198604401503,0.08722490606548577,,,
24,57.709339774557165,29.944981213097154,8.896940418679549,1.9524959742351047,1.2010198604401503,0.2952227589908749,,,
25,57.22624798711755,29.59608158883521,9.581320450885668,1.9524959742351047,1.2010198604401503,0.4428341384863124,,,
26,57.340311325818575,29.482018250134193,9.581320450885668,1.9524959742351047,1.2010198604401503,0.4428341384863124,,,
27,57.39398819108964,29.414922168545356,9.554482018250134,1.9524959742351047,1.2010198604401503,0.4830917874396135,,,
28,57.54159957058508,29.28743961352657,9.534353193773484,1.9457863660762211,1.093666129898014,0.4830917874396135,0.11406333870101985,,
29,45.309983896940416,40.123456790123456,9.655126140633387,2.771068169618894,1.4559849704777241,0.5703166935050993,0.11406333870101985,,
30,44.04857756307032,39.57997852925389,11.41304347826087,2.7308105206655933,1.4559849704777241,0.6575415995705851,0.11406333870101985,,
31,41.22383252818035,29.7638217928073,24.228395061728396,2.7308105206655933,1.4559849704777241,0.4830917874396135,0.11406333870101985,,
32,41.297638217928075,29.69001610305958,24.228395061728396,2.7308105206655933,1.4559849704777241,0.4830917874396135,0.11406333870101985,,
33,40.50590445517982,27.596618357487923,27.03972088030059,2.6972624798711755,1.4559849704777241,0.4830917874396135,0.11406333870101985,0.10735373054213634,
34,40.4320987654321,27.710681696188942,26.912238325281802,2.6704240472356413,1.4559849704777241,0.5971551261406334,0.11406333870101985,0.10735373054213634,
35,39.761137949543745,29.643048845947398,26.25469672571122,2.3752012882447664,1.093666129898014,0.5367686527106817,0.11406333870101985,0.2214170692431562,
36,36.78878153515835,32.749597423510465,25.389157273215243,3.052871712292002,1.093666129898014,0.6239935587761675,0.11406333870101985,0.1878690284487386,
37,36.94981213097155,32.49463231347289,25.261674718196456,3.052871712292002,1.3150831991411702,0.6239935587761675,0.11406333870101985,0.1878690284487386,
38,37.07058507783145,32.44095544820183,25.167740203972087,3.1065485775630703,1.288244766505636,0.6239935587761675,0.11406333870101985,0.1878690284487386,
39,31.132581857219538,41.55931293612453,21.390230810520666,3.0327428878153517,1.288244766505636,1.1808910359634996,0.2281266774020397,0.1878690284487386,
40,31.159420289855074,41.41170155662909,21.511003757380568,3.0059044551798175,1.288244766505636,1.2077294685990339,0.2281266774020397,0.1878690284487386,
41,30.334138486312398,40.61996779388084,23.007246376811594,2.898550724637681,1.5163714439076759,1.2077294685990339,0.2281266774020397,0.1878690284487386,
42,30.42807300053677,40.58641975308642,22.946859903381643,2.898550724637681,1.5163714439076759,1.2077294685990339,0.2281266774020397,0.1878690284487386,
43,29.186795491143318,39.71417069243156,22.168545356951153,2.898550724637681,3.7775093934514223,1.8384326355340848,0.2281266774020397,0.1878690284487386,
44,29.347826086956523,39.64707461084273,22.08132045088567,2.8918411164787976,3.7775093934514223,1.8384326355340848,0.2281266774020397,0.1878690284487386,
45,29.47530864197531,39.60681696188943,21.973966720343533,2.8381642512077296,3.7775093934514223,1.8384326355340848,0.30193236714975846,0.1878690284487386,
46,29.435050993022006,39.08346752549651,21.947128287707997,3.3548040794417604,3.770799785292539,1.9189479334406871,0.30193236714975846,0.1878690284487386,
47,29.582662372517444,38.969404186795494,21.93370907139023,3.33467525496511,3.770799785292539,1.9189479334406871,0.30193236714975846,0.1878690284487386,
48,29.60950080515298,38.177670424047236,21.880032206119164,4.30756843800322,3.616478797638218,1.9189479334406871,0.30193236714975846,0.1878690284487386,
49,29.64975845410628,38.157541599570585,21.85990338164251,4.30756843800322,3.616478797638218,1.9189479334406871,0.30193236714975846,0.1878690284487386,
50,29.750402576489535,38.157541599570585,21.792807300053678,4.274020397208803,3.616478797638218,1.9189479334406871,0.30193236714975846,0.1878690284487386,
51,29.032474503488995,39.24449812130972,21.497584541062803,4.233762748255502,3.5829307568438002,1.9189479334406871,0.30193236714975846,0.1878690284487386,
52,28.327965646806227,36.20504562533548,24.355877616747183,4.193505099302201,3.3413848631239937,1.8786902844873858,1.5096618357487923,0.1878690284487386,
53,27.15378421900161,38.84192163177671,24.214975845410628,4.025764895330113,2.6972624798711755,1.8786902844873858,0.9997316156736447,0.1878690284487386,
54,27.294685990338163,38.56682769726248,24.188137412775095,4.025764895330113,2.771068169618894,1.9659151905528718,0.9997316156736447,0.1878690284487386,
55,27.375201288244767,38.539989264626946,24.000268384326354,4.025764895330113,2.771068169618894,1.9659151905528718,0.9997316156736447,0.322061191626409,
56,27.294685990338163,38.29173376274826,23.899624261943103,4.455179817498658,2.771068169618894,1.9659151905528718,0.9997316156736447,0.322061191626409,
57,27.34836285560923,38.04347826086956,23.899624261943103,4.455179817498658,2.771068169618894,2.1604938271604937,0.9997316156736447,0.322061191626409,
58,27.214170692431562,37.9898013955985,20.8467525496511,7.615405260332796,2.771068169618894,2.2946859903381642,0.9997316156736447,0.2683843263553409,
59,27.34165324745035,37.88915727321525,20.82662372517445,7.615405260332796,2.771068169618894,2.2879763821792807,0.9997316156736447,0.2683843263553409,
60,27.536231884057973,37.775093934514224,20.8064949006978,7.615405260332796,2.7106816961889426,2.2879763821792807,0.9997316156736447,0.2683843263553409,
61,25.91921631776704,35.265700483091784,26.33521202361782,6.857219538378959,2.24771873322598,2.227589908749329,0.8789586688137413,0.2683843263553409,
62,26.02657004830918,35.225442834138484,26.301663982823403,6.823671497584541,2.24771873322598,2.227589908749329,0.8789586688137413,0.2683843263553409,
63,26.221148684916802,35.057702630166396,26.288244766505635,6.810252281266774,2.24771873322598,2.227589908749329,0.8789586688137413,0.2683843263553409,
64,26.402308105206657,34.77589908749329,26.288244766505635,6.810252281266774,2.24771873322598,2.328234031132582,0.8789586688137413,0.2683843263553409,
65,26.516371443907676,34.675254965110035,26.154052603327965,6.810252281266774,2.2342995169082127,2.408749329039184,0.8789586688137413,0.322061191626409,
66,26.590177133655395,34.675254965110035,26.147342995169083,6.743156199677939,2.2342995169082127,2.408749329039184,0.8789586688137413,0.322061191626409,
67,26.496242619431026,34.77589908749329,26.140633387010197,6.743156199677939,2.2342995169082127,2.408749329039184,0.8789586688137413,0.322061191626409,
68,26.69753086419753,34.594739667203434,26.03327965646806,6.743156199677939,2.2074610842726785,2.522812667740204,0.8789586688137413,0.322061191626409,
69,26.818303811057433,34.43370907139023,26.01315083199141,6.716317767042405,2.341653247450349,2.49597423510467,0.8789586688137413,0.30193236714975846,
70,26.88539989264627,34.42028985507246,25.986312399355878,6.689479334406871,2.341653247450349,2.49597423510467,0.8789586688137413,0.30193236714975846,
71,26.94578636607622,34.4068706387547,25.939345142243692,6.561996779388084,2.3349436392914655,2.49597423510467,0.8789586688137413,0.30193236714975846,0.13419216317767044
72,27.13365539452496,34.40016103059581,25.785024154589372,6.561996779388084,2.3349436392914655,2.4691358024691357,0.8789586688137413,0.30193236714975846,0.13419216317767044
73,27.180622651637144,34.40016103059581,25.771604938271604,6.561996779388084,2.3349436392914655,2.4355877616747184,0.8789586688137413,0.30193236714975846,0.13419216317767044
74,26.120504562533547,33.581588835212024,28.119967793880836,6.535158346752549,2.3349436392914655,2.0665593129361244,0.8789586688137413,0.2281266774020397,0.13419216317767044
75,25.45625335480408,30.595813204508858,31.964573268921097,6.535158346752549,2.3349436392914655,1.9122383252818036,0.8387010198604401,0.2281266774020397,0.13419216317767044
76,25.53676865271068,30.320719269994633,31.910896403650028,6.521739130434782,2.3349436392914655,2.046430488459474,0.966183574879227,0.2281266774020397,0.13419216317767044
77,25.597155126140635,30.22007514761138,30.01207729468599,7.716049382716049,2.3349436392914655,2.046430488459474,0.966183574879227,0.9728931830381106,0.13419216317767044
78,25.771604938271604,30.14626945786366,29.978529253891573,7.675791733762749,2.3349436392914655,2.01959205582394,0.966183574879227,0.9728931830381106,0.13419216317767044
79,25.85212023617821,28.5829307568438,29.367954911433173,7.675791733762749,4.3478260869565215,2.006172839506173,0.966183574879227,1.06682769726248,0.13419216317767044
80,26.060118089103597,28.5829307568438,29.260601180891037,7.581857219538379,4.3478260869565215,2.006172839506173,0.966183574879227,1.0601180891035964,0.13419216317767044
81,26.133923778851315,27.30139559849705,29.200214707461082,10.413311862587225,2.844873859366613,1.9659151905528718,0.9594739667203436,1.0466988727858293,0.13419216317767044
82,26.060118089103597,26.972624798711756,28.67686527106817,10.21202361782072,3.730542136339238,1.9659151905528718,1.2010198604401503,1.0466988727858293,0.13419216317767044
83,26.127214170692433,26.939076757917338,28.67686527106817,10.21202361782072,3.717122920021471,1.9457863660762211,1.2010198604401503,1.0466988727858293,0.13419216317767044
84,26.32850241545894,26.838432635534083,28.482286634460547,10.19189479334407,3.6500268384326353,2.0128824476650564,1.3150831991411702,1.0466988727858293,0.13419216317767044
85,26.32850241545894,26.8719806763285,28.30112721417069,10.131508319914117,3.730542136339238,2.0128824476650564,1.3150831991411702,1.1741814278046163,0.13419216317767044
86,26.54320987654321,26.78475577026302,27.831454643048847,10.131508319914117,4.072732152442297,2.0128824476650564,1.3150831991411702,1.1741814278046163,0.13419216317767044
87,26.536500268384327,26.737788513150832,27.905260332796566,10.131508319914117,4.052603327965647,2.0128824476650564,1.3150831991411702,1.1741814278046163,0.13419216317767044
88,26.140633387010197,27.334943639291467,27.636876006441224,10.084541062801932,4.052603327965647,2.0128824476650564,1.3150831991411702,1.288244766505636,0.13419216317767044
89,26.247987117552334,27.046430488459475,27.49597423510467,10.48040794417606,3.978797638217928,2.0128824476650564,1.3150831991411702,1.288244766505636,0.13419216317767044
90,25.905797101449274,24.92619431025228,28.529253891572733,12.493290391841116,3.9519592055823938,1.4559849704777241,1.3150831991411702,1.288244766505636,0.13419216317767044
91,26.019860440150296,24.892646269457863,28.421900161030596,12.385936661298981,3.9519592055823938,1.4559849704777241,1.3150831991411702,1.4224369296833066,0.13419216317767044
92,25.939345142243692,24.496779388083738,27.34836285560923,12.909286097691895,4.582662372517445,1.9726247987117553,1.3150831991411702,1.3016639828234031,0.13419216317767044
93,25.677670424047236,24.06736446591519,28.039452495974235,12.909286097691895,4.582662372517445,1.9726247987117553,1.3150831991411702,1.3016639828234031,0.13419216317767044
94,25.0805152979066,22.20209339774557,30.911164787976382,12.855609232420827,4.294149221685454,1.9189479334406871,1.3150831991411702,1.288244766505636,0.13419216317767044
95,25.187869028448738,22.228931830381107,30.776972624798713,12.855609232420827,4.294149221685454,1.9189479334406871,1.3150831991411702,1.288244766505636,0.13419216317767044
96,22.96027911969941,21.826355340848096,37.58722490606549,10.413311862587225,4.294149221685454,1.2546967257112185,1.3150831991411702,0.3488996242619431,
97,23.081052066559312,21.792807300053678,36.72839506172839,10.352925389157273,4.294149221685454,1.2546967257112185,1.3150831991411702,1.1808910359634996,
98,23.161567364465917,21.75925925925926,36.68813741277509,10.352925389157273,4.28743961352657,1.2546967257112185,1.3150831991411702,1.1808910359634996,
99,23.450080515297905,21.309715512614062,36.50697799248524,9.339774557165862,4.28743961352657,1.1674718196457328,2.757648953301127,1.1808910359634996,
100,23.718464841653248,21.24932903918411,36.3996242619431,9.292807300053678,4.240472356414386,1.1674718196457328,2.757648953301127,1.1741814278046163,
101,23.792270531400966,21.22920021470746,36.37278582930757,8.756038647342995,4.985238862050457,1.1674718196457328,2.522812667740204,1.1741814278046163,
102,23.845947396672035,21.068169618894256,35.97691894793344,8.695652173913043,4.958400429414922,1.288244766505636,2.871712292002147,1.2949543746645196,
103,23.832528180354267,20.86688137412775,35.40660225442834,9.27938808373591,4.931561996779388,1.2546967257112185,3.1333870101986045,1.2949543746645196,
104,23.872785829307567,20.933977455716587,35.39318303811057,9.23913043478261,4.87788513150832,1.2546967257112185,3.1333870101986045,1.2949543746645196,
105,23.866076221148685,20.739398819108963,35.63472893183038,9.138486312399356,4.87788513150832,1.2546967257112185,3.1333870101986045,1.3553408480944713,
106,23.919753086419753,20.73268921095008,35.547504025764894,9.286097691894794,4.864465915190553,1.2546967257112185,3.0394524959742353,1.3553408480944713,
107,23.792270531400966,20.705850778314545,33.06494900697799,12.627482555018787,4.864465915190553,1.2546967257112185,3.0394524959742353,0.6508319914117016,
108,23.362855609232422,19.129092860976918,32.94417606011809,15.854804079441761,4.240472356414386,0.9728931830381106,2.844873859366613,0.6508319914117016,
109,23.403113258185723,18.98148148148148,32.890499194847024,15.901771336553946,4.38137412775094,0.9728931830381106,2.818035426731079,0.6508319914117016,
110,23.369565217391305,18.38432635534085,33.63526570048309,15.814546430488459,4.3545356951154055,0.9728931830381106,2.818035426731079,0.6508319914117016,
111,23.557434245840042,18.344068706387546,33.57487922705314,15.432098765432098,4.3545356951154055,0.9728931830381106,2.791196994095545,0.9728931830381106,
112,23.74530327428878,18.276972624798713,33.380300590445515,15.398550724637682,4.320987654320987,0.9728931830381106,2.791196994095545,1.1137949543746646,
113,23.899624261943103,18.12265163714439,33.05823939881911,15.385131508319914,4.320987654320987,1.1137949543746646,2.7844873859366612,1.3150831991411702,
114,23.805689747718734,18.411164787976382,32.950885668276975,15.35829307568438,4.320987654320987,1.1137949543746646,2.7241009125067097,1.3150831991411702,
115,23.89291465378422,18.344068706387546,31.743156199677937,15.344873859366613,4.320987654320987,2.24771873322598,2.818035426731079,1.288244766505636,
116,24.00697799248524,18.33064949006978,31.655931293612454,15.331454643048845,4.320987654320987,2.24771873322598,2.818035426731079,1.288244766505636,
117,22.168545356951153,20.578368223295758,31.011808910359633,15.230810520665592,4.408212560386473,2.2074610842726785,3.1065485775630703,1.288244766505636,
118,20.477724100912507,22.705314009661837,30.66290928609769,15.069779924852389,4.408212560386473,2.187332259796028,3.2004830917874396,1.288244766505636,
119,20.558239398819108,22.69189479334407,30.48845947396672,15.063070316693505,4.408212560386473,2.187332259796028,3.2004830917874396,1.402308105206656,
120,20.7662372517445,22.67176596886742,30.26033279656468,15.01610305958132,4.408212560386473,2.187332259796028,3.2004830917874396,1.4895330112721417,
121,19.47799248523886,28.918411164787976,29.59608158883521,11.66129898013956,2.9924852388620504,1.9927536231884058,4.012345679012346,1.3486312399355878,
122,19.6256038647343,28.918411164787976,29.448470209339774,11.66129898013956,2.9924852388620504,1.9927536231884058,4.012345679012346,1.3486312399355878,
123,19.679280730005367,28.891572732152444,29.421631776704242,11.66129898013956,2.9924852388620504,1.9927536231884058,4.012345679012346,1.3486312399355878,
124,19.712828770799785,28.837895866881375,29.146537842190018,11.634460547504025,2.9924852388620504,2.0531400966183573,4.012345679012346,1.6103059581320451,
125,19.90740740740741,28.784219001610307,29.045893719806763,11.621041331186259,2.9924852388620504,2.0531400966183573,3.9989264626945786,1.596886741814278,
126,20.068438003220614,28.723832528180353,28.978797638217927,11.600912506709609,2.9924852388620504,2.0397208803005906,3.9989264626945786,1.596886741814278,
127,19.49141170155663,26.69753086419753,31.273483628556093,11.272141706924316,3.012614063338701,2.636876006441224,3.9989264626945786,1.6170155662909287,
128,19.51825013419216,26.684111647879764,31.260064412238325,11.272141706924316,3.012614063338701,2.636876006441224,3.9989264626945786,1.6170155662909287,
129,19.30354267310789,26.596886741814277,31.91760601180891,10.970209339774557,2.9723564143853998,2.636876006441224,3.9855072463768115,1.6170155662909287,
130,19.135802469135804,26.596886741814277,31.50161030595813,10.809178743961352,2.9723564143853998,2.7643585614600106,4.602791196994096,1.6170155662909287,
131,19.102254428341386,25.771604938271604,32.420826623725176,10.782340311325818,2.9723564143853998,2.7643585614600106,4.569243156199678,1.6170155662909287,
132,19.30354267310789,25.744766505636072,32.367149758454104,10.695115405260333,2.945517981749866,2.6637144390767578,4.569243156199678,1.6170155662909287,0.0939345142243693
133,19.390767579173378,25.41599570585078,32.340311325818575,10.63472893183038,2.945517981749866,2.791196994095545,4.777241009125067,1.6103059581320451,0.0939345142243693
134,19.404186795491142,25.389157273215243,32.085346215781,10.61460010735373,2.9253891572732154,3.099838969404187,4.777241009125067,1.6103059581320451,0.0939345142243693
135,19.47799248523886,25.389157273215243,32.085346215781,10.587761674718196,2.9253891572732154,3.0931293612453032,4.736983360171766,1.6103059581320451,0.0939345142243693
136,19.639023081052066,25.348899624261943,32.03166935050993,10.560923242082662,2.9052603327965647,3.0730005367686526,4.736983360171766,1.6103059581320451,0.0939345142243693
137,19.484702093397747,24.711486849168008,31.57541599570585,10.560923242082662,4.180085882984434,3.052871712292002,4.730273752012883,1.6103059581320451,0.0939345142243693
138,19.189479334406872,24.355877616747183,32.27992485238862,10.540794417606012,4.146537842190016,3.052871712292002,4.730273752012883,1.6103059581320451,0.0939345142243693
139,19.43102522812668,24.295491143317232,32.17257112184648,10.540794417606012,4.1129898013955986,3.012614063338701,4.730273752012883,1.6103059581320451,0.0939345142243693
140,19.155931293612454,26.92565754159957,29.052603327965645,11.345947396672035,4.072732152442297,3.012614063338701,4.730273752012883,1.6103059581320451,0.0939345142243693
141,19.102254428341386,26.549919484702095,29.8040794417606,11.05072463768116,4.072732152442297,3.012614063338701,4.703435319377348,1.6103059581320451,0.0939345142243693
142,19.33709071390231,26.362050456253353,29.7638217928073,11.05072463768116,4.072732152442297,3.012614063338701,4.696725711218465,1.6103059581320451,0.0939345142243693
143,19.484702093397747,26.31508319914117,29.73027375201288,11.017176596886742,4.072732152442297,3.012614063338701,4.696725711218465,1.5767579173376274,0.0939345142243693
144,19.639023081052066,26.29495437466452,29.656468062265162,10.976918947933441,4.072732152442297,2.9924852388620504,4.696725711218465,1.5767579173376274,0.0939345142243693
145,19.79334406870639,26.241277509393452,29.47530864197531,10.93666129898014,4.072732152442297,2.9924852388620504,4.696725711218465,1.6975308641975309,0.0939345142243693
146,19.92753623188406,26.227858293075684,29.47530864197531,10.84272678475577,4.045893719806763,2.9924852388620504,4.696725711218465,1.6975308641975309,0.0939345142243693
147,20.061728395061728,26.20101986044015,29.448470209339774,10.815888352120236,4.0995705850778315,2.9924852388620504,4.5893719806763285,1.6975308641975309,0.0939345142243693
148,20.115405260332796,26.160762211486848,29.448470209339774,10.815888352120236,4.086151368760064,2.9924852388620504,4.5893719806763285,1.6975308641975309,0.0939345142243693
149,20.189210950080515,26.10708534621578,29.441760601180892,10.721953837895867,4.086151368760064,2.985775630703167,4.542404723564144,1.8317230273752012,0.0939345142243693
150,20.343531937734838,26.093666129898015,29.388083735909824,10.715244229736983,4.005636070853462,2.985775630703167,4.542404723564144,1.8317230273752012,0.0939345142243693
151,20.457595276435857,26.060118089103597,29.320987654320987,10.701825013419215,4.005636070853462,2.985775630703167,4.542404723564144,1.8317230273752012,0.0939345142243693
152,20.43075684380032,25.603864734299517,30.08588298443371,10.560923242082662,4.005636070853462,2.985775630703167,4.40150295222759,1.8317230273752012,0.0939345142243693
153,20.558239398819108,25.469672571121848,29.918142780461622,10.547504025764896,4.005636070853462,3.0327428878153517,4.5893719806763285,1.7847557702630166,0.0939345142243693
154,20.67230273752013,25.261674718196456,29.817498658078367,10.473698336017177,4.005636070853462,3.3011272141706924,4.5893719806763285,1.7847557702630166,0.0939345142243693
155,20.779656468062264,24.65780998389694,29.78395061728395,10.36634460547504,4.005636070853462,3.9519592055823938,4.575952764358561,1.7847557702630166,0.0939345142243693
156,20.873590982286636,24.61755233494364,29.66988727858293,10.312667740203972,4.005636070853462,3.9519592055823938,4.575952764358561,1.8988191089640365,0.0939345142243693
157,21.027911969940956,24.55716586151369,29.482018250134193,10.312667740203972,4.0995705850778315,3.9519592055823938,4.575952764358561,1.8988191089640365,0.0939345142243693
158,21.175523349436393,24.476650563607084,29.468599033816425,10.305958132045088,4.079441760601181,3.8378958668813743,4.663177670424047,1.8988191089640365,0.0939345142243693
159,20.35024154589372,25.39586688137413,29.408212560386474,10.292538915727322,4.079441760601181,3.8177670424047236,4.663177670424047,1.8988191089640365,0.0939345142243693
160,20.50456253354804,25.34219001610306,28.71712292002147,10.23215244229737,4.783950617283951,3.81105743424584,4.636339237788513,1.8786902844873858,0.0939345142243693
161,20.605206655931294,25.201288244766506,28.710413311862588,10.23215244229737,4.7168545356951155,3.92512077294686,4.636339237788513,1.8786902844873858,0.0939345142243693
162,19.940955448201827,24.805421363392377,30.18652710681696,10.23215244229737,4.4753086419753085,3.92512077294686,4.247181964573269,2.0933977455716586,0.0939345142243693
163,19.605475040257648,24.48336017176597,30.92458400429415,10.104669887278583,4.4753086419753085,3.92512077294686,4.247181964573269,2.0531400966183573,0.18115942028985507
164,19.732957595276435,24.228395061728396,30.810520665593128,10.091250670960816,4.40150295222759,4.253891572732153,4.247181964573269,2.0531400966183573,0.18115942028985507
165,19.632313472893184,23.939881910896403,30.743424584004295,10.72866344605475,4.40150295222759,4.2203435319377345,4.0995705850778315,2.0531400966183573,0.18115942028985507
166,19.55179817498658,23.879495437466453,31.179549114331724,10.433440687063875,4.40150295222759,4.193505099302201,4.159957058507783,2.01959205582394,0.18115942028985507
167,19.806763285024154,23.64465915190553,31.13929146537842,10.38647342995169,4.40150295222759,4.260601180891036,4.159957058507783,2.01959205582394,0.18115942028985507
168,19.786634460547504,23.51046698872786,31.21309715512614,10.379763821792807,4.414922168545357,4.260601180891036,4.233762748255502,2.01959205582394,0.18115942028985507
169,19.91411701556629,23.396403650026837,31.19296833064949,10.379763821792807,4.341116478797638,4.341116478797638,4.233762748255502,2.01959205582394,0.18115942028985507
170,19.961084272678477,23.027375201288244,30.26033279656468,10.285829307568438,5.0791733762748255,4.5960815888352125,4.643048845947397,1.9659151905528718,0.18115942028985507
171,20.00805152979066,22.84621578099839,30.20665593129361,10.762211486849168,5.0791733762748255,4.62962962962963,4.341116478797638,1.9457863660762211,0.18115942028985507
172,20.101986044015028,22.6784755770263,30.06575415995706,10.527375201288244,5.0791733762748255,4.622920021470746,4.341116478797638,2.4020397208803006,0.18115942028985507
173,20.189210950080515,22.510735373054214,30.038915727321523,10.527375201288244,5.193236714975845,4.616210413311863,4.341116478797638,2.4020397208803006,0.18115942028985507
174,20.209339774557165,22.463768115942027,30.01207729468599,10.50053676865271,5.159688674181428,4.582662372517445,4.488727858293076,2.4020397208803006,0.18115942028985507
175,20.29656468062265,22.41009125067096,29.978529253891573,10.50053676865271,5.159688674181428,4.582662372517445,4.488727858293076,2.4020397208803006,0.18115942028985507
176,20.30998389694042,22.342995169082126,29.958400429414922,10.50053676865271,5.253623188405797,4.582662372517445,4.468599033816425,2.4020397208803006,0.18115942028985507
177,20.276435856146,22.27589908749329,29.086151368760063,10.48040794417606,5.226784755770263,4.448470209339774,5.622651637144391,2.4020397208803006,0.18115942028985507
178,20.12211486849168,21.390230810520666,28.663446054750402,12.130971551261407,5.2066559312936125,4.280730005367687,5.622651637144391,2.4020397208803006,0.18115942028985507
179,20.095276435856146,21.3768115942029,28.650026838432634,12.198067632850242,5.193236714975845,4.280730005367687,5.622651637144391,2.4020397208803006,0.18115942028985507
180,20.343531937734838,21.32313472893183,28.569511540526033,12.164519592055823,5.173107890499195,4.240472356414386,5.615942028985507,2.3886205045625335,0.18115942028985507
181,20.511272141706925,21.26274825550188,28.556092324208265,12.130971551261407,5.173107890499195,4.240472356414386,5.555555555555555,2.3886205045625335,0.18115942028985507
182,20.50456253354804,20.813204508856682,28.31454643048846,11.808910359634996,5.173107890499195,5.260332796564681,5.555555555555555,2.3886205045625335,0.18115942028985507
183,20.591787439613526,20.78636607622115,28.31454643048846,11.808910359634996,5.112721417069243,5.260332796564681,5.555555555555555,2.3886205045625335,0.18115942028985507
184,20.69243156199678,20.78636607622115,28.213902308105208,11.808910359634996,5.112721417069243,5.260332796564681,5.555555555555555,2.3886205045625335,0.18115942028985507
185,20.578368223295758,20.652173913043477,28.992216854535695,11.77536231884058,4.696725711218465,5.260332796564681,5.481749865807837,2.38191089640365,0.18115942028985507
186,20.74610842726785,20.30998389694042,28.938539989264626,11.77536231884058,4.958400429414922,5.253623188405797,5.481749865807837,2.3550724637681157,0.18115942028985507
187,20.833333333333332,20.303274288781534,28.918411164787976,11.75523349436393,4.958400429414922,5.226784755770263,5.46833064949007,2.3550724637681157,0.18115942028985507
188,21.068169618894256,20.28985507246377,28.884863123993558,11.701556629092861,5.01207729468599,5.199946323134729,5.314009661835748,2.3483628556092326,0.18115942028985507
189,21.24932903918411,20.276435856146,28.804347826086957,11.701556629092861,4.99194847020934,5.173107890499195,5.273752012882448,2.3483628556092326,0.18115942028985507
190,21.329844337090712,20.249597423510465,28.629898013955984,11.701556629092861,4.99194847020934,5.3274288781535155,5.273752012882448,2.314814814814815,0.18115942028985507
191,21.26945786366076,20.229468599033815,28.153515834675254,11.668008588298443,4.99194847020934,6.045356951154052,5.273752012882448,2.187332259796028,0.18115942028985507
192,21.35668276972625,20.229468599033815,28.113258185721953,11.668008588298443,4.9651100375738055,6.045356951154052,5.273752012882448,2.167203435319377,0.18115942028985507
193,21.43719806763285,19.89398819108964,28.08641975308642,11.60762211486849,4.958400429414922,6.320450885668277,5.347557702630167,2.167203435319377,0.18115942028985507
194,21.464036500268385,19.880568974771872,28.08641975308642,11.60762211486849,4.958400429414922,6.3070316693505095,5.347557702630167,2.167203435319377,0.18115942028985507
195,21.658615136876005,19.847020933977454,28.019323671497585,11.406333870101985,4.958400429414922,6.300322061191626,5.347557702630167,2.281266774020397,0.18115942028985507
196,21.531132581857218,19.685990338164252,27.697262479871174,11.272141706924316,6.0654857756307035,6.038647342995169,5.340848094471283,2.187332259796028,0.18115942028985507
197,21.651905528717123,19.639023081052066,27.68384326355341,11.272141706924316,6.0654857756307035,6.005099302200751,5.320719269994632,2.1806226516371443,0.18115942028985507
198,21.81964573268921,19.612184648416534,27.643585614600106,11.218464841653248,6.0654857756307035,5.978260869565218,5.407944176060118,2.073268921095008,0.18115942028985507
199,21.89345142243693,19.605475040257648,27.61003757380569,11.218464841653248,6.031937734836285,5.978260869565218,5.407944176060118,2.073268921095008,0.18115942028985507
200,22.14170692431562,19.524959742351047,27.482555018786904,11.178207192699947,6.166129898013956,5.870907139023081,5.381105743424584,2.073268921095008,0.18115942028985507
201,22.19538378958669,19.45115405260333,27.3215244229737,11.158078368223295,6.166129898013956,5.9514224369296835,5.501878690284487,2.073268921095008,0.18115942028985507
202,22.436929683306495,19.49812130971551,27.20746108427268,10.943370907139023,6.266774020397209,5.897745571658615,5.501878690284487,2.0665593129361244,0.18115942028985507
203,22.61808910359635,19.47128287707998,27.079978529253893,10.93666129898014,6.266774020397209,5.877616747181965,5.501878690284487,2.0665593129361244,0.18115942028985507
204,22.758990874932906,19.444444444444443,27.046430488459475,10.903113258185721,6.260064412238325,5.770263016639828,5.58239398819109,2.0531400966183573,0.18115942028985507
205,22.953569511540525,19.39747718733226,26.939076757917338,10.903113258185721,6.219806763285024,5.770263016639828,5.58239398819109,2.0531400966183573,0.18115942028985507
206,23.040794417606012,19.350509930220074,26.912238325281802,10.903113258185721,6.206387546967257,5.770263016639828,5.58239398819109,2.0531400966183573,0.18115942028985507
207,23.18840579710145,19.316961889425656,26.778046162104133,10.86285560923242,6.280193236714976,5.709876543209877,5.58239398819109,2.100107353730542,0.18115942028985507
208,23.409822866344605,19.162640901771336,26.7512077294686,10.86285560923242,6.280193236714976,5.709876543209877,5.555555555555555,2.086688137412775,0.18115942028985507
209,23.49704777241009,19.142512077294686,26.724369296833064,10.836017176596886,6.266774020397209,5.709876543209877,5.555555555555555,2.086688137412775,0.18115942028985507
210,23.409822866344605,18.96135265700483,26.596886741814277,10.661567364465915,7.0450885668276975,5.522007514761138,5.535426731078905,2.086688137412775,0.18115942028985507
211,23.537305421363392,18.719806763285025,26.187600644122384,10.661567364465915,7.682501341921632,5.522007514761138,5.421363392377885,2.086688137412775,0.18115942028985507
212,23.544015029522274,18.719806763285025,26.187600644122384,10.701825013419215,7.682501341921632,5.488459473966721,5.407944176060118,2.086688137412775,0.18115942028985507
213,23.711755233494365,18.686258722490606,26.093666129898015,10.701825013419215,7.682501341921632,5.488459473966721,5.381105743424584,2.073268921095008,0.18115942028985507
214,23.698336017176597,18.65271068169619,25.785024154589372,10.601180891035963,7.742887815351583,5.46833064949007,6.031937734836285,1.8384326355340848,0.18115942028985507
215,23.886205045625335,18.572195383789587,25.751476113794954,10.554213633923778,7.6623725174449815,5.434782608695652,6.293612453032743,1.6639828234031133,0.18115942028985507
216,23.899624261943103,17.961621041331185,26.31508319914117,10.520665593129362,7.7831454643048845,5.434782608695652,6.239935587761675,1.6639828234031133,0.18115942028985507
217,24.053945249597422,17.85426731078905,26.382179280730007,10.520665593129362,7.709339774557166,5.394524959742351,6.239935587761675,1.6639828234031133,0.18115942028985507
218,24.094202898550726,17.773752012882447,26.33521202361782,10.513955984970478,7.709339774557166,5.394524959742351,6.333870101986044,1.6639828234031133,0.18115942028985507
219,24.20155662909286,17.68652710681696,26.27482555018787,10.50053676865271,7.709339774557166,5.448201825013419,6.333870101986044,1.6639828234031133,0.18115942028985507
220,24.282071926999464,17.659688674181428,26.234567901234566,10.487117552334944,7.709339774557166,5.448201825013419,6.333870101986044,1.6639828234031133,0.18115942028985507
221,24.335748792270532,17.64626945786366,26.20101986044015,10.527375201288244,7.675791733762749,5.434782608695652,6.333870101986044,1.6639828234031133,0.18115942028985507
222,24.59742351046699,17.478529253891573,26.140633387010197,10.473698336017177,7.6556629092860975,5.407944176060118,6.400966183574879,1.6639828234031133,0.18115942028985507
223,24.684648416532475,17.438271604938272,26.113794954374665,10.473698336017177,7.648953301127214,5.407944176060118,6.387546967257112,1.6639828234031133,0.18115942028985507
224,24.490069779924852,17.384594739667204,26.080246913580247,11.057434245840042,7.628824476650563,5.407944176060118,6.105743424584004,1.6639828234031133,0.18115942028985507
225,24.691358024691358,17.351046698872786,26.006441223832528,10.970209339774557,7.628824476650563,5.407944176060118,6.105743424584004,1.6572732152442298,0.18115942028985507
226,24.62426194310252,17.09608158883521,25.925925925925927,10.95679012345679,7.575147611379496,5.407944176060118,6.588835212023618,1.6438539989264627,0.18115942028985507
227,24.818840579710145,17.062533548040793,25.751476113794954,10.950080515297907,7.5348899624261945,5.394524959742351,6.662640901771336,1.6438539989264627,0.18115942028985507
228,25.02012882447665,16.935050993022006,25.47638217928073,11.238593666129898,7.5348899624261945,5.367686527106817,6.622383252818035,1.6237251744498122,0.18115942028985507
229,25.07380568974772,16.935050993022006,25.47638217928073,11.352657004830919,7.39398819108964,5.340848094471283,6.622383252818035,1.6237251744498122,0.18115942028985507
230,25.147611379495437,16.921631776704242,25.34219001610306,11.312399355877616,7.387278582930757,5.314009661835748,6.622383252818035,1.7713365539452497,0.18115942028985507
231,25.45625335480408,16.800858829844337,25.187869028448738,11.292270531400966,7.333601717659689,5.314009661835748,6.6760601180891035,1.7579173376274826,0.18115942028985507
232,25.36231884057971,16.794149221685455,25.0,10.983628556092324,7.333601717659689,6.072195383789587,6.66935050993022,1.6035963499731616,0.18115942028985507
233,25.42270531400966,16.76731078904992,25.0,10.950080515297907,7.333601717659689,6.072195383789587,6.66935050993022,1.6035963499731616,0.18115942028985507
234,25.63070316693505,16.76731078904992,24.932903918411164,10.943370907139023,7.333601717659689,6.038647342995169,6.615673644659152,1.556629092860977,0.18115942028985507
235,25.83870101986044,16.680085882984432,24.818840579710145,10.93666129898014,7.333601717659689,6.038647342995169,6.615673644659152,1.556629092860977,0.18115942028985507
236,25.939345142243692,16.59957058507783,24.765163714439076,10.983628556092324,7.333601717659689,6.025228126677402,6.615673644659152,1.556629092860977,0.18115942028985507
237,26.060118089103597,16.59957058507783,24.731615673644658,10.95679012345679,7.313472893183038,6.025228126677402,6.602254428341385,1.5297906602254427,0.18115942028985507
238,26.174181427804616,16.545893719806763,24.704777241009126,10.943370907139023,7.300053676865271,6.018518518518518,6.602254428341385,1.5297906602254427,0.18115942028985507
239,26.281535158346752,16.545893719806763,24.62426194310252,10.943370907139023,7.300053676865271,6.005099302200751,6.588835212023618,1.5297906602254427,0.18115942028985507
240,26.50966183574879,16.431830381105744,24.60413311862587,10.869565217391305,7.27992485238862,6.005099302200751,6.588835212023618,1.5297906602254427,0.18115942028985507
241,26.570048309178745,16.42512077294686,24.58400429414922,10.869565217391305,7.25979602791197,5.998389694041868,6.582125603864735,1.5297906602254427,0.18115942028985507
242,26.84514224369297,16.411701556629094,24.490069779924852,10.869565217391305,7.179280730005368,5.911164787976382,6.582125603864735,1.5297906602254427,0.18115942028985507
243,26.898819108964037,16.411701556629094,24.476650563607084,10.869565217391305,7.1725711218464845,5.877616747181965,6.582125603864735,1.5297906602254427,0.18115942028985507
244,26.959205582393988,16.378153515834676,24.355877616747183,10.869565217391305,7.1658615136876005,5.877616747181965,6.6827697262479875,1.5297906602254427,0.18115942028985507
245,27.120236178207193,16.337895866881375,24.308910359634996,10.84272678475577,7.1658615136876005,5.877616747181965,6.635802469135802,1.5297906602254427,0.18115942028985507
246,27.15378421900161,16.29092860976919,24.241814278046164,10.84272678475577,7.152442297369833,5.844068706387547,6.763285024154589,1.5297906602254427,0.18115942028985507
247,27.2812667740204,16.29092860976919,24.188137412775095,10.84272678475577,7.105475040257649,5.8172302737520125,6.763285024154589,1.5297906602254427,0.18115942028985507
248,27.549651100375737,16.27750939345142,24.10762211486849,10.802469135802468,7.085346215780999,5.763553408480945,6.702898550724638,1.5297906602254427,0.18115942028985507
249,27.542941492216855,16.27750939345142,24.10762211486849,10.802469135802468,7.152442297369833,5.709876543209877,6.696188942565755,1.5297906602254427,0.18115942028985507
250,27.690552871712292,16.150026838432634,23.89291465378422,10.748792270531402,7.098765432098766,5.924584004294149,6.78341384863124,1.5297906602254427,0.18115942028985507
251,27.791196994095547,15.92860976918948,23.74530327428878,11.037305421363392,7.098765432098766,5.924584004294149,6.763285024154589,1.5297906602254427,0.18115942028985507
252,27.83816425120773,15.908480944712828,23.74530327428878,11.010466988727858,7.098765432098766,5.924584004294149,6.763285024154589,1.5297906602254427,0.18115942028985507
253,27.925389157273216,15.901771336553946,23.691626409017715,10.990338164251208,7.098765432098766,5.924584004294149,6.756575415995706,1.5297906602254427,0.18115942028985507
