,45,50,55,51,54,53,52,56,57
0,83.09849704777241,16.57944176060118,0.322061191626409,,,,,,
1,80.42807300053677,19.249865807836823,0.322061191626409,,,,,,
2,74.50348899624262,25.174449812130973,0.322061191626409,,,,,,
3,74.53032742887815,25.147611379495437,0.322061191626409,,,,,,
4,68.54535695115405,31.132581857219538,0.322061191626409,,,,,,
5,68.58561460010735,31.092324208266238,0.322061191626409,,,,,,
6,58.3467525496511,41.096349973161566,0.5568974771873323,,,,,,
7,53.495705850778315,38.0300590445518,0.2147074610842727,7.96430488459474,0.2952227589908749,,,,
8,53.247450348899626,37.82206119162641,0.2147074610842727,7.306763285024155,0.2952227589908749,1.1137949543746646,,,
9,53.56951154052604,37.59393451422437,0.2147074610842727,7.212828770799785,0.2952227589908749,1.1137949543746646,,,
10,53.71041331186259,37.15780998389694,0.5099302200751477,7.212828770799785,0.2952227589908749,1.1137949543746646,,,
11,53.86473429951691,37.0504562533548,0.5099302200751477,7.185990338164252,0.2952227589908749,1.093666129898014,,,
12,53.7842190016103,34.13177670424047,0.5099302200751477,10.185185185185185,0.2952227589908749,1.093666129898014,,,
13,50.22812667740204,38.98282340311326,0.5099302200751477,8.997584541062801,0.2952227589908749,0.9863123993558777,,,
14,46.806226516371446,42.40472356414385,0.5099302200751477,8.997584541062801,0.2952227589908749,0.9863123993558777,,,
15,46.87332259796028,41.97530864197531,0.7313472893183038,8.977455716586151,0.4294149221685454,1.0131508319914118,,,
16,46.93370907139023,40.98228663446055,0.7313472893183038,8.977455716586151,0.4294149221685454,1.0131508319914118,0.9326355340848095,,
17,45.65888352120236,40.72061191626409,0.7313472893183038,10.513955984970478,0.4294149221685454,1.0131508319914118,0.9326355340848095,,
18,43.94122383252818,38.79495437466452,0.7313472893183038,14.170692431561998,0.4294149221685454,1.0131508319914118,0.9192163177670424,,
19,42.51878690284487,36.808910359635,0.7313472893183038,17.579173376274827,0.4294149221685454,1.0131508319914118,0.9192163177670424,,
20,42.47181964573269,36.43317230273752,0.7313472893183038,17.559044551798173,0.8722490606548577,1.0131508319914118,0.9192163177670424,,
21,42.411433172302736,36.30568974771873,1.1272141706924315,17.351046698872786,0.8722490606548577,1.0131508319914118,0.9192163177670424,,
22,39.432367149758456,39.734299516908216,1.093666129898014,16.935050993022006,0.8722490606548577,1.0131508319914118,0.9192163177670424,,
23,39.57997852925389,39.64707461084273,1.093666129898014,16.874664519592056,0.8722490606548577,1.0131508319914118,0.9192163177670424,,
24,38.10386473429951,41.14331723027375,1.093666129898014,16.867954911433173,0.8588298443370908,1.0131508319914118,0.9192163177670424,,
25,34.916800858829845,41.75389157273215,1.093666129898014,18.51851851851852,0.8588298443370908,1.3352120236178207,1.5230810520665594,,
26,35.07783145464305,41.606280193236714,1.093666129898014,18.51851851851852,0.8588298443370908,1.3217928073000538,1.5230810520665594,,
27,32.63553408480945,44.0552871712292,1.093666129898014,18.511808910359633,0.8588298443370908,1.3217928073000538,1.5230810520665594,,
28,29.542404723564143,46.08829844337091,1.093666129898014,19.672571121846484,0.7581857219538379,1.3217928073000538,1.5230810520665594,,
29,23.59098228663446,58.3064949006978,1.9726247987117553,14.278046162104133,1.1003757380568975,0.5568974771873323,0.19457863660762212,,
30,23.62453032742888,57.15915190552872,1.9726247987117553,13.976113794954374,2.7241009125067097,0.3488996242619431,0.19457863660762212,,
31,23.59098228663446,54.24718196457327,1.9390767579173376,13.90901771336554,2.7241009125067097,0.3488996242619431,3.240740740740741,,
32,23.778851315083198,53.91170155662909,1.9390767579173376,14.875201288244767,1.247987117552335,1.0064412238325282,3.240740740740741,,
33,23.62453032742888,49.604133118625874,1.9390767579173376,18.99490069779925,1.1272141706924315,1.4694041867954912,3.240740740740741,,
34,23.58427267847558,49.5101986044015,1.9390767579173376,18.605743424584006,1.1137949543746646,1.4224369296833066,3.824476650563607,,
35,23.007246376811594,47.48389694041868,1.9390767579173376,18.49838969404187,1.1137949543746646,4.133118625872249,3.824476650563607,,
36,22.79253891572732,47.10144927536232,1.9390767579173376,19.122383252818036,1.0869565217391304,4.133118625872249,3.824476650563607,,
37,22.644927536231883,42.0625335480408,1.9793344068706387,19.108964036500268,1.0332796564680622,9.346484165324744,3.824476650563607,,
38,22.67176596886742,42.05582393988191,1.9793344068706387,19.108964036500268,1.0332796564680622,9.326355340848094,3.824476650563607,,
39,20.947396672034355,40.49919484702093,1.9793344068706387,23.141438539989263,0.9057971014492754,9.286097691894794,3.240740740740741,,
40,20.061728395061728,39.12372517444981,2.147074610842727,28.509125067096083,0.9057971014492754,9.057971014492754,0.19457863660762212,,
41,20.095276435856146,38.20450885668277,2.147074610842727,29.435050993022006,0.9057971014492754,9.017713365539452,0.19457863660762212,,
42,15.143585614600108,43.76677402039721,2.147074610842727,29.07944176060118,0.9057971014492754,8.76274825550188,0.19457863660762212,,
43,15.53274288781535,43.51180891035963,2.147074610842727,28.421900161030596,0.8655394524959742,7.561728395061729,1.9592055823939882,,
44,15.747450348899624,43.47826086956522,2.147074610842727,28.24074074074074,0.8655394524959742,7.561728395061729,1.9592055823939882,,
45,15.53274288781535,41.8142780461621,1.9122383252818036,27.68384326355341,0.5636070853462157,7.467793880837359,5.025496511003757,,
46,15.445517981749866,41.532474503489,1.9122383252818036,25.09393451422437,0.5636070853462157,7.467793880837359,7.930756843800322,0.05367686527106817,
47,15.405260332796564,39.78797638217928,1.9122383252818036,25.0402576489533,0.5636070853462157,9.306226516371444,7.930756843800322,0.05367686527106817,
48,15.351583467525497,35.32608695652174,1.8585614600107354,28.502415458937197,3.81105743424584,7.199409554482019,7.897208803005904,0.05367686527106817,
49,15.378421900161031,35.299248523886206,1.8585614600107354,29.414922168545356,3.81105743424584,7.199409554482019,6.984702093397746,0.05367686527106817,
50,15.53274288781535,35.299248523886206,1.8585614600107354,29.260601180891037,3.81105743424584,7.199409554482019,6.984702093397746,0.05367686527106817,
51,15.72061191626409,35.21202361782072,1.8585614600107354,28.14009661835749,3.81105743424584,7.199409554482019,8.004562533548041,0.05367686527106817,
52,15.53274288781535,34.655126140633385,1.6908212560386473,29.0727321524423,4.723564143853999,7.199409554482019,7.071926999463232,0.05367686527106817,
53,15.432098765432098,34.80944712828771,1.6908212560386473,29.01905528717123,4.723564143853999,7.199409554482019,7.071926999463232,0.05367686527106817,
54,15.539452495974235,34.80944712828771,1.6908212560386473,28.978797638217927,4.676596886741814,7.179280730005368,7.071926999463232,0.05367686527106817,
55,15.841384863123993,34.80944712828771,1.6841116478797638,28.683574879227052,4.676596886741814,7.179280730005368,7.071926999463232,0.05367686527106817,
56,15.982286634460548,34.72893183038111,1.6841116478797638,27.83816425120773,4.656468062265164,8.064949006977992,7.0450885668276975,,
57,16.089640365002683,34.66183574879227,1.6841116478797638,27.79790660225443,4.656468062265164,8.064949006977992,7.0450885668276975,,
58,15.955448201825014,34.447128287708,1.6706924315619969,29.347826086956523,4.5960815888352125,8.064949006977992,5.917874396135265,,
59,15.069779924852389,32.1256038647343,1.6706924315619969,27.4020397208803,5.8239398819108965,12.016908212560386,5.891035963499732,,
60,13.6406333870102,19.45786366076221,1.6706924315619969,43.001878690284485,4.891304347826087,11.641170155662909,5.6964573268921095,,
61,13.694310252281268,19.45786366076221,1.6706924315619969,42.961621041331185,4.891304347826087,11.627750939345143,5.6964573268921095,,
62,13.808373590982287,19.45786366076221,1.6572732152442298,42.93478260869565,4.891304347826087,11.58749329039184,5.662909286097692,,
63,13.036768652710682,16.505636070853463,2.200751476113795,40.4723564143854,4.502147074610843,9.158615136876007,14.123725174449811,,
64,12.68786902844874,15.619967793880837,2.13365539452496,47.70531400966183,3.784219001610306,6.541867954911433,11.52710681696189,,
65,12.701288244766506,15.60654857756307,2.13365539452496,47.70531400966183,3.784219001610306,6.541867954911433,11.52710681696189,,
66,12.855609232420827,15.60654857756307,2.254428341384863,45.430756843800324,5.857487922705314,6.528448738593666,11.466720343531938,,
67,12.983091787439614,15.60654857756307,2.254428341384863,45.13553408480945,6.125872249060655,6.521739130434782,11.372785829307569,,
68,12.808641975308642,15.465646806226516,2.254428341384863,42.250402576489535,6.125872249060655,6.521739130434782,14.573268921095009,,
69,13.117283950617283,15.445517981749866,2.2074610842726785,42.15646806226516,6.125872249060655,6.515029522275899,14.432367149758454,,
70,13.191089640365004,12.171229200214707,2.1806226516371443,46.11513687600644,6.112453032742888,6.515029522275899,13.714439076757918,,
71,13.33870101986044,12.050456253354804,2.1806226516371443,46.08829844337091,6.112453032742888,6.515029522275899,13.714439076757918,,
72,13.419216317767042,11.782071926999464,2.1604938271604937,48.54401502952228,6.112453032742888,4.26731078904992,13.714439076757918,,
73,13.627214170692431,11.728395061728396,3.2004830917874396,47.16854535695116,6.092324208266238,4.26731078904992,13.687600644122384,0.2281266774020397,
74,13.030059044551798,10.513955984970478,2.4825550187869028,45.128824476650564,5.709876543209877,9.31964573268921,13.58695652173913,0.2281266774020397,
75,13.023349436392914,10.44015029522276,2.4825550187869028,45.108695652173914,5.709876543209877,9.433709071390231,13.573537305421363,0.2281266774020397,
76,13.291733762748256,10.44015029522276,2.4691358024691357,44.97450348899624,5.656199677938808,9.433709071390231,13.506441223832528,0.2281266774020397,
77,13.305152979066023,9.688674181427805,3.589640365002684,44.639023081052066,5.5756843800322065,9.05126140633387,13.291733762748256,0.8588298443370908,
78,13.043478260869565,9.66183574879227,3.2675791733762747,46.60493827160494,5.5756843800322065,8.769457863660762,12.372517444981213,0.7045088566827697,
79,13.399087493290391,9.66183574879227,3.2675791733762747,46.39023081052066,5.5756843800322065,8.668813741277509,12.372517444981213,0.6642512077294686,
80,13.560118089103597,9.608158883521202,3.0864197530864197,46.2962962962963,5.743424584004294,8.668813741277509,12.372517444981213,0.6642512077294686,
81,13.70101986044015,9.581320450885668,3.0595813204508855,45.62533548040794,5.743424584004294,8.648684916800859,12.318840579710145,1.3217928073000538,
82,13.687600644122384,8.896940418679549,3.0595813204508855,42.8341384863124,5.649490069779925,10.809178743961352,13.741277509393452,1.3217928073000538,
83,13.33870101986044,8.474235104669887,3.844605475040258,42.23698336017176,5.595813204508857,10.809178743961352,14.251207729468598,1.4492753623188406,
84,13.197799248523886,6.763285024154589,2.844873859366613,41.076221148684915,5.139559849704777,11.621041331186259,17.907944176060116,1.4492753623188406,
85,13.170960815888352,6.763285024154589,2.7241009125067097,45.91384863123994,3.374932903918411,8.93719806763285,17.907944176060116,1.2077294685990339,
86,13.231347289318304,6.756575415995706,2.717391304347826,45.73939881910896,3.374932903918411,8.93719806763285,17.8743961352657,1.3687600644122384,
87,11.681427804616211,8.393719806763285,2.26784755770263,44.196188942565755,3.374932903918411,8.93719806763285,19.77992485238862,1.3687600644122384,
88,12.070585077831455,8.393719806763285,2.26784755770263,43.80703166935051,3.374932903918411,8.93719806763285,19.77992485238862,1.3687600644122384,
89,11.560654857756306,8.373590982286634,2.7777777777777777,43.74664519592056,3.7909286097691894,8.896940418679549,19.712828770799785,1.1406333870101986,
90,11.54723564143854,8.219269994632313,2.7777777777777777,43.94122383252818,3.7775093934514223,8.896940418679549,19.699409554482017,1.1406333870101986,
91,11.668008588298443,8.219269994632313,2.7777777777777777,43.894256575415994,3.743961352657005,8.883521202361782,19.672571121846484,1.1406333870101986,
92,11.735104669887278,8.105206655931294,2.945517981749866,37.31213097155126,3.743961352657005,8.883521202361782,26.133923778851315,1.1406333870101986,
93,11.83574879227053,8.044820182501342,2.368491680085883,41.324476650563604,3.743961352657005,8.883521202361782,22.920021470746107,0.8789586688137413,
94,11.869296833064949,7.991143317230274,2.368491680085883,41.30434782608695,4.03918411164788,8.883521202361782,22.665056360708533,0.8789586688137413,
95,12.04374664519592,7.98443370907139,2.368491680085883,41.1634460547504,4.03918411164788,8.856682769726248,22.665056360708533,0.8789586688137413,
96,12.090713902308105,7.957595276435856,2.368491680085883,38.66747181964573,3.965378421900161,11.56736446591519,22.50402576489533,0.8789586688137413,
97,12.245034889962426,7.957595276435856,2.368491680085883,38.61379495437466,3.965378421900161,11.56736446591519,22.403381642512077,0.8789586688137413,
98,12.587224906065487,7.944176060118089,2.3617820719269993,36.882716049382715,3.965378421900161,11.54723564143854,23.832528180354267,0.8789586688137413,
99,12.553676865271068,7.930756843800322,2.5563607085346214,36.67471819645733,4.2203435319377345,11.540526033279656,23.718464841653248,0.8051529790660226,
100,12.721417069243156,7.930756843800322,2.5563607085346214,36.600912506709605,4.528985507246377,11.265432098765432,23.59098228663446,0.8051529790660226,
101,12.942834138486312,7.9039184111647875,2.5563607085346214,36.46672034353194,4.528985507246377,11.238593666129898,23.557434245840042,0.8051529790660226,
102,12.915995705850777,7.9039184111647875,2.5563607085346214,35.628019323671495,4.51556629092861,11.238593666129898,22.16183574879227,3.079710144927536,
103,13.24476650563607,7.9039184111647875,2.5563607085346214,35.39318303811057,4.502147074610843,11.218464841653248,22.10144927536232,3.079710144927536,
104,13.533279656468062,14.942297369833602,2.5563607085346214,32.71604938271605,4.502147074610843,6.904186795491143,21.76596886741814,3.079710144927536,
105,13.157541599570585,14.875201288244767,2.5563607085346214,33.21256038647343,4.502147074610843,6.904186795491143,21.72571121846484,3.066290928609769,
106,11.3593666129898,13.90901771336554,2.3550724637681157,42.72007514761138,3.8043478260869565,7.206119162640902,16.935050993022006,1.710950080515298,
107,11.453301127214171,13.862050456253355,2.341653247450349,42.1027911969941,4.019055287171229,7.199409554482019,17.619431025228128,1.402308105206656,
108,11.238593666129898,13.285024154589372,2.341653247450349,43.974771873322595,3.2742887815351582,6.863929146537842,17.619431025228128,1.402308105206656,
109,11.41304347826087,13.285024154589372,2.341653247450349,43.887546967257116,3.2742887815351582,6.843800322061192,17.55233494363929,1.402308105206656,
110,11.79549114331723,13.285024154589372,2.341653247450349,43.552066559312934,3.2742887815351582,6.843800322061192,17.505367686527105,1.402308105206656,
111,11.98336017176597,13.137412775093935,2.341653247450349,43.505099302200755,3.0931293612453032,5.998389694041868,18.552066559312937,1.3888888888888888,
112,11.956521739130435,13.137412775093935,2.341653247450349,43.29039184111648,3.0931293612453032,6.300322061191626,18.491680085882983,1.3888888888888888,
113,12.06387546967257,13.097155126140633,2.328234031132582,43.23671497584541,3.0931293612453032,6.300322061191626,18.491680085882983,1.3888888888888888,
114,12.110842726784755,13.097155126140633,2.9388083735909825,42.579173376274824,3.0931293612453032,6.300322061191626,18.491680085882983,1.3888888888888888,
115,12.325550187869029,13.097155126140633,2.9388083735909825,42.411433172302736,3.0931293612453032,6.300322061191626,18.4447128287708,1.3888888888888888,
116,12.278582930756844,13.043478260869565,2.9388083735909825,40.08990874932904,6.387546967257112,6.300322061191626,17.599302200751477,1.3620504562533549,
117,12.560386473429952,13.043478260869565,2.9388083735909825,39.79468599033817,6.374127750939345,6.1929683306494905,17.56575415995706,1.5297906602254427,
118,12.372517444981213,11.064143853998926,2.9388083735909825,42.07595276435856,6.360708534621578,6.146001073537305,17.55233494363929,1.4895330112721417,
119,12.446323134728932,11.064143853998926,2.9388083735909825,42.01556629092861,6.360708534621578,6.146001073537305,17.538915727321523,1.4895330112721417,
120,12.647611379495437,10.990338164251208,2.9388083735909825,41.91492216854536,6.333870101986044,6.146001073537305,17.538915727321523,1.4895330112721417,
121,12.553676865271068,10.413311862587225,2.871712292002147,41.458668813741276,6.239935587761675,7.434245840042942,17.538915727321523,1.4895330112721417,
122,12.68786902844874,7.7831454643048845,2.2208803005904456,39.46591519055287,5.776972624798712,6.716317767042405,23.859366612989803,1.4895330112721417,
123,12.754965110037574,7.7831454643048845,2.2208803005904456,39.432367149758456,5.776972624798712,6.6827697262479875,23.859366612989803,1.4895330112721417,
124,12.614063338701019,4.602791196994096,2.2208803005904456,38.88217928073001,9.789318303811058,6.6827697262479875,23.718464841653248,1.4895330112721417,
125,12.674449812130971,4.602791196994096,3.475577026301664,38.868760064412236,9.702093397745571,6.662640901771336,22.38996242619431,1.4895330112721417,0.13419216317767044
126,13.16425120772947,4.602791196994096,3.455448201825013,37.17122920021471,9.856414385399892,8.064949006977992,22.061191626409016,1.4895330112721417,0.13419216317767044
127,13.157541599570585,4.569243156199678,3.44873859366613,36.198336017176594,9.708803005904455,9.339774557165862,21.960547504025765,1.482823403113258,0.13419216317767044
128,13.325281803542673,4.569243156199678,3.321256038647343,36.111111111111114,9.856414385399892,9.286097691894794,21.91358024691358,1.482823403113258,0.13419216317767044
129,13.278314546430488,4.569243156199678,3.3011272141706924,35.39318303811057,10.735373054213634,9.23913043478261,21.866612989801396,1.482823403113258,0.13419216317767044
130,13.358829844337091,4.569243156199678,3.3011272141706924,35.339506172839506,10.721953837895867,9.23913043478261,21.85990338164251,1.4761137949543746,0.13419216317767044
131,13.539989264626946,4.549114331723027,3.3011272141706924,35.265700483091784,10.668276972624799,9.212292002147075,21.85319377348363,1.4761137949543746,0.13419216317767044
132,11.929683306494901,4.025764895330113,2.5496511003757383,43.63258185721954,9.500805152979066,8.769457863660762,17.85426731078905,1.4761137949543746,0.2616747181964573
133,12.00348899624262,4.019055287171229,2.5496511003757383,43.35077831454643,9.500805152979066,8.769457863660762,17.827428878153516,1.7176596886741815,0.2616747181964573
134,12.560386473429952,4.019055287171229,2.5429414922168547,42.961621041331185,9.480676328502415,8.641975308641975,17.827428878153516,1.7042404723564144,0.2616747181964573
135,12.909286097691895,3.9720880300590444,2.5429414922168547,42.88781535158347,10.19189479334407,8.527911969940956,17.002147074610843,1.7042404723564144,0.2616747181964573
136,11.969940955448202,3.9720880300590444,2.5429414922168547,47.1081588835212,9.272678475577026,6.743156199677939,16.57944176060118,1.5499194847020934,0.2616747181964573
137,12.104133118625873,3.9720880300590444,2.5429414922168547,47.04777241009125,9.272678475577026,6.743156199677939,16.505636070853463,1.5499194847020934,0.2616747181964573
138,12.090713902308105,3.784219001610306,2.3617820719269993,46.947128287708,10.151637144390767,6.702898550724638,16.150026838432634,1.5499194847020934,0.2616747181964573
139,12.318840579710145,3.784219001610306,2.3617820719269993,46.88674181427805,10.124798711755233,6.702898550724638,16.109769189479334,1.4492753623188406,0.2616747181964573
140,12.412775093934513,3.784219001610306,2.167203435319377,47.99382716049383,9.50751476113795,6.582125603864735,15.841384863123993,1.4492753623188406,0.2616747181964573
141,12.761674718196458,3.784219001610306,2.167203435319377,47.85292538915727,9.50751476113795,6.508319914117015,15.707192699946322,1.4492753623188406,0.2616747181964573
142,12.875738056897477,3.770799785292539,2.15378421900161,47.77241009125067,9.50751476113795,6.508319914117015,15.70048309178744,1.4492753623188406,0.2616747181964573
143,12.895866881374127,3.770799785292539,2.13365539452496,47.77241009125067,9.50751476113795,6.508319914117015,15.70048309178744,1.4492753623188406,0.2616747181964573
144,12.942834138486312,3.5829307568438002,2.13365539452496,48.510466988727856,9.64170692431562,5.850778314546431,15.626677402039721,1.4492753623188406,0.2616747181964573
145,13.023349436392914,3.5829307568438002,2.13365539452496,48.47691894793344,9.64170692431562,5.810520665593129,15.619967793880837,1.4492753623188406,0.2616747181964573
146,13.130703166935051,3.5762211486849167,2.13365539452496,48.26221148684917,9.628287707997853,5.797101449275362,15.613258185721953,1.596886741814278,0.2616747181964573
147,12.828770799785293,3.4822866344605474,2.13365539452496,49.25523349436393,9.628287707997853,5.548845947396672,15.26435856146001,1.596886741814278,0.2616747181964573
148,13.01663982823403,3.475577026301664,2.13365539452496,49.14117015566291,9.608158883521202,5.535426731078905,15.237520128824476,1.5901771336553945,0.2616747181964573
149,12.345679012345679,3.475577026301664,1.7981749865807837,54.1532474503489,7.890499194847021,4.247181964573269,14.231078904991948,1.3217928073000538,0.5367686527106817
150,12.546967257112184,3.475577026301664,1.7981749865807837,53.97208803005905,7.890499194847021,4.247181964573269,14.224369296833064,1.3083735909822867,0.5367686527106817
151,12.573805689747719,3.4688674181427803,1.7981749865807837,53.824476650563604,7.890499194847021,4.2270531400966185,14.224369296833064,1.4559849704777241,0.5367686527106817
152,12.68786902844874,3.388352120236178,1.7713365539452497,52.37520128824477,7.716049382716049,4.206924315619967,15.861513687600644,1.4559849704777241,0.5367686527106817
153,12.983091787439614,3.388352120236178,1.7713365539452497,52.301395598497045,7.494632313472893,4.206924315619967,15.861513687600644,1.4559849704777241,0.5367686527106817
154,12.949543746645196,3.374932903918411,1.7713365539452497,50.30193236714976,7.494632313472893,6.260064412238325,15.854804079441761,1.4559849704777241,0.5367686527106817
155,13.070316693505099,3.374932903918411,1.7713365539452497,50.22141706924316,7.494632313472893,6.219806763285024,15.854804079441761,1.4559849704777241,0.5367686527106817
156,13.117283950617283,3.3682232957595275,1.7713365539452497,50.1610305958132,7.474503488996243,6.219806763285024,15.049651100375739,1.4559849704777241,1.3821792807300053
157,13.144122383252817,3.3548040794417604,1.7713365539452497,50.046967257112186,7.434245840042942,6.367418142780462,15.042941492216855,1.4559849704777241,1.3821792807300053
158,13.278314546430488,3.3548040794417604,2.187332259796028,49.77187332259796,7.4208266237251745,6.367418142780462,14.922168545356952,1.3150831991411702,1.3821792807300053
159,13.405797101449275,3.3548040794417604,2.187332259796028,49.684648416532475,7.380568974771873,6.367418142780462,14.922168545356952,1.3150831991411702,1.3821792807300053
160,13.365539452495975,3.3279656468062266,2.187332259796028,49.2686527106817,7.380568974771873,6.863929146537842,14.915458937198068,1.3150831991411702,1.3754696725711217
161,13.425925925925926,3.3279656468062266,2.187332259796028,49.20826623725174,7.380568974771873,6.863929146537842,14.915458937198068,1.3150831991411702,1.3754696725711217
162,13.620504562533547,3.3279656468062266,2.187332259796028,49.04723564143854,7.353730542136339,6.863929146537842,14.908749329039184,1.3150831991411702,1.3754696725711217
163,13.358829844337091,2.8650026838432634,2.1604938271604937,49.9194847020934,7.326892109500805,6.729736983360172,14.949006977992486,1.3150831991411702,1.3754696725711217
164,13.311862587224907,2.8650026838432634,2.1604938271604937,49.88593666129898,7.326892109500805,6.709608158883521,15.049651100375739,1.3150831991411702,1.3754696725711217
165,13.499731615673644,2.8650026838432634,2.1604938271604937,49.81213097155126,7.326892109500805,6.702898550724638,14.942297369833602,1.3150831991411702,1.3754696725711217
166,13.674181427804616,2.6972624798711755,2.1604938271604937,48.107890499194845,6.951154052603328,8.776167471819646,14.942297369833602,1.3150831991411702,1.3754696725711217
167,13.882179280730005,2.6972624798711755,2.1604938271604937,47.98040794417606,6.951154052603328,8.756038647342995,14.88191089640365,1.3150831991411702,1.3754696725711217
168,13.16425120772947,2.15378421900161,2.4825550187869028,51.529790660225444,6.4412238325281805,7.1658615136876005,14.398819108964037,1.288244766505636,1.3754696725711217
169,12.835480407944177,2.13365539452496,2.4825550187869028,53.824476650563604,6.219806763285024,6.89747718733226,12.969672571121846,1.261406333870102,1.3754696725711217
170,12.848899624261943,2.13365539452496,2.4825550187869028,53.81105743424584,6.219806763285024,6.89747718733226,12.969672571121846,1.261406333870102,1.3754696725711217
171,12.801932367149758,2.1135265700483092,2.4557165861513686,52.851583467525494,6.172839506172839,8.011272141706923,12.95625335480408,1.261406333870102,1.3754696725711217
172,12.869028448738593,2.1135265700483092,2.4557165861513686,52.81132581857219,6.146001073537305,8.011272141706923,12.95625335480408,1.261406333870102,1.3754696725711217
173,13.023349436392914,2.1135265700483092,2.442297369833602,51.73778851315083,6.112453032742888,8.99087493290392,12.942834138486312,1.261406333870102,1.3754696725711217
174,13.238056897477188,2.100107353730542,2.442297369833602,51.38217928073001,6.112453032742888,8.99087493290392,12.93612453032743,1.4224369296833066,1.3754696725711217
175,13.385668276972625,2.100107353730542,2.4154589371980677,51.321792807300056,6.112453032742888,8.970746108427267,12.929414922168545,1.4224369296833066,1.3419216317767042
176,13.600375738056897,2.100107353730542,2.4154589371980677,51.14734299516908,6.085614600107354,8.970746108427267,12.915995705850777,1.4224369296833066,1.3419216317767042
177,13.674181427804616,2.086688137412775,2.4154589371980677,50.053676865271065,6.179549114331723,8.896940418679549,12.902576489533011,2.4557165861513686,1.3352120236178207
178,13.79495437466452,2.086688137412775,2.4154589371980677,49.966451959205585,6.172839506172839,8.870101986044014,12.902576489533011,2.4557165861513686,1.3352120236178207
179,14.002952227589908,2.073268921095008,2.4154589371980677,49.82555018786903,6.172839506172839,8.863392377885132,12.869028448738593,2.4557165861513686,1.3217928073000538
180,14.325013419216317,2.046430488459474,2.4154589371980677,49.57058507783145,6.152710681696189,8.849973161567364,12.869028448738593,2.4557165861513686,1.3150831991411702
181,14.40552871712292,2.046430488459474,2.4154589371980677,48.97342995169082,5.589103596349974,8.84326355340848,13.747987117552334,2.6637144390767578,1.3150831991411702
182,14.566559312936125,2.046430488459474,2.5496511003757383,48.75872249060655,5.555555555555555,8.829844337090714,13.714439076757918,2.6637144390767578,1.3150831991411702
183,14.741009125067096,2.046430488459474,2.5496511003757383,48.60440150295223,5.555555555555555,8.829844337090714,13.714439076757918,2.6435856146001075,1.3150831991411702
184,14.895330112721417,2.046430488459474,2.5161030595813205,48.510466988727856,5.548845947396672,8.829844337090714,13.694310252281268,2.6435856146001075,1.3150831991411702
185,15.210681696188942,2.046430488459474,2.8381642512077296,47.96698872785829,5.750134192163178,8.601717659688674,13.486312399355878,2.7844873859366612,1.3150831991411702
186,15.465646806226516,2.046430488459474,2.818035426731079,47.758990874932906,5.736714975845411,8.601717659688674,13.47289318303811,2.7844873859366612,1.3150831991411702
187,15.076489533011273,2.0397208803005906,2.7643585614600106,49.27536231884058,5.723295759527644,7.561728395061729,13.459473966720344,2.7844873859366612,1.3150831991411702
188,15.143585614600108,2.0397208803005906,3.824476650563607,47.62479871175523,5.723295759527644,8.57487922705314,13.258185721953838,2.49597423510467,1.3150831991411702
189,15.257648953301127,2.0397208803005906,3.824476650563607,47.25577026301664,5.723295759527644,8.57487922705314,13.258185721953838,2.7509393451422435,1.3150831991411702
190,15.801127214170693,2.0397208803005906,3.824476650563607,47.08803005904455,5.689747718733226,8.420558239398819,13.070316693505099,2.7509393451422435,1.3150831991411702
191,16.035963499731615,2.0263016639828235,3.824476650563607,47.04777241009125,5.629361245303274,8.420558239398819,12.949543746645196,2.7509393451422435,1.3150831991411702
192,15.901771336553946,2.0263016639828235,3.824476650563607,47.27589908749329,5.837359098228664,8.28636607622115,12.808641975308642,2.7509393451422435,1.288244766505636
193,16.069511540526033,2.0263016639828235,3.824476650563607,47.24235104669887,5.8172302737520125,8.28636607622115,12.694578636607622,2.7509393451422435,1.288244766505636
194,16.076221148684915,1.932367149758454,3.824476650563607,47.10144927536232,6.092324208266238,8.239398819108963,12.694578636607622,2.7509393451422435,1.288244766505636
195,16.10305958132045,1.932367149758454,3.824476650563607,46.92028985507246,6.092324208266238,8.239398819108963,12.681159420289855,2.932098765432099,1.2748255501878691
196,16.264090177133657,1.932367149758454,3.824476650563607,46.75925925925926,6.092324208266238,8.239398819108963,12.681159420289855,2.932098765432099,1.2748255501878691
197,16.646537842190018,1.932367149758454,3.824476650563607,46.725711218464845,6.085614600107354,8.21256038647343,12.365807836822329,2.932098765432099,1.2748255501878691
198,16.99543746645196,1.90552871712292,3.824476650563607,46.564680622651636,6.045356951154052,8.172302737520129,12.27187332259796,2.9052603327965647,1.3150831991411702
199,17.324208266237253,1.90552871712292,3.824476650563607,46.43719806763285,6.005099302200751,8.158883521202362,12.27187332259796,2.757648953301127,1.3150831991411702
200,17.505367686527105,1.90552871712292,3.824476650563607,46.121846484165324,6.005099302200751,8.105206655931294,12.191358024691358,3.026033279656468,1.3150831991411702
201,17.444981213097154,1.90552871712292,3.824476650563607,46.10842726784756,5.897745571658615,8.32662372517445,12.151100375738057,3.026033279656468,1.3150831991411702
202,17.47181964573269,1.90552871712292,3.824476650563607,46.081588835212024,5.897745571658615,8.32662372517445,12.151100375738057,3.026033279656468,1.3150831991411702
203,17.58588298443371,1.90552871712292,3.824476650563607,46.04804079441761,5.897745571658615,8.299785292538916,12.097423510466989,3.026033279656468,1.3150831991411702
204,17.767042404723565,1.90552871712292,3.81105743424584,45.94739667203435,5.897745571658615,8.28636607622115,12.04374664519592,3.026033279656468,1.3150831991411702
205,17.814009661835748,1.90552871712292,3.81105743424584,45.91384863123994,5.897745571658615,8.272946859903382,12.04374664519592,3.026033279656468,1.3150831991411702
206,18.095813204508858,1.90552871712292,3.81105743424584,45.8467525496511,5.891035963499732,8.09849704777241,12.010198604401502,3.026033279656468,1.3150831991411702
207,18.02871712292002,2.1604938271604937,3.81105743424584,45.73939881910896,5.891035963499732,8.091787439613526,11.990069779924852,2.9723564143853998,1.3150831991411702
208,18.209876543209877,2.1604938271604937,3.81105743424584,45.69914117015566,5.877616747181965,8.091787439613526,11.956521739130435,2.8784219001610305,1.3150831991411702
209,18.471551261406333,2.1604938271604937,3.784219001610306,45.61862587224906,5.870907139023081,8.011272141706923,11.956521739130435,2.8113258185721954,1.3150831991411702
210,18.625872249060656,2.1604938271604937,3.784219001610306,45.551529790660226,5.870907139023081,8.011272141706923,11.889425657541599,2.7979066022544283,1.3083735909822867
211,18.605743424584006,2.1604938271604937,3.784219001610306,45.02147074610843,5.870907139023081,8.561460010735374,11.889425657541599,2.7979066022544283,1.3083735909822867
212,18.69296833064949,2.1604938271604937,3.784219001610306,44.947665056360705,5.870907139023081,8.548040794417606,11.889425657541599,2.7979066022544283,1.3083735909822867
213,18.833870101986044,2.1604938271604937,3.7573805689747717,44.860440150295226,5.844068706387547,8.548040794417606,11.889425657541599,2.7979066022544283,1.3083735909822867
214,19.290123456790123,2.1403650026838434,3.7573805689747717,44.48470209339774,5.837359098228664,8.527911969940956,11.889425657541599,2.7643585614600106,1.3083735909822867
215,19.370638754696724,2.120236178207193,3.743961352657005,44.31025228126678,5.837359098228664,8.527911969940956,11.83574879227053,2.945517981749866,1.3083735909822867
216,19.43773483628556,2.120236178207193,3.965378421900161,44.24315619967794,5.8239398819108965,8.501073537305421,11.668008588298443,2.932098765432099,1.3083735909822867
217,19.47799248523886,2.120236178207193,3.9519592055823938,44.216317767042405,5.8239398819108965,8.460815888352121,11.56736446591519,3.0730005367686526,1.3083735909822867
218,19.49141170155663,2.086688137412775,3.9519592055823938,44.155931293612454,5.179817498658078,8.36688137412775,12.392646269457863,3.066290928609769,1.3083735909822867
219,19.524959742351047,2.086688137412775,3.9184111647879765,44.155931293612454,5.179817498658078,8.36688137412775,12.392646269457863,3.066290928609769,1.3083735909822867
220,18.800322061191626,2.086688137412775,3.3548040794417604,42.901234567901234,4.891304347826087,7.883789586688137,15.92860976918948,2.844873859366613,1.3083735909822867
221,18.840579710144926,2.086688137412775,3.3548040794417604,42.860976918947934,4.891304347826087,7.883789586688137,15.92860976918948,2.844873859366613,1.3083735909822867
222,18.84728931830381,2.086688137412775,3.3548040794417604,42.860976918947934,4.891304347826087,7.883789586688137,15.921900161030596,2.844873859366613,1.3083735909822867
223,18.820450885668276,2.086688137412775,3.3548040794417604,42.37788513150832,5.776972624798712,7.50805152979066,15.921900161030596,2.844873859366613,1.3083735909822867
224,18.867418142780462,2.086688137412775,3.3548040794417604,42.250402576489535,5.776972624798712,7.440955448201825,15.921900161030596,2.9924852388620504,1.3083735909822867
225,19.0552871712292,2.086688137412775,3.3548040794417604,42.169887278582934,5.750134192163178,7.387278582930757,15.921900161030596,2.965646806226516,1.3083735909822867
226,19.296833064949006,2.086688137412775,3.3145464304884595,42.07595276435856,5.750134192163178,7.387278582930757,15.814546430488459,2.965646806226516,1.3083735909822867
227,19.444444444444443,2.086688137412775,3.280998389694042,41.720343531937736,6.092324208266238,7.387278582930757,15.72061191626409,2.9589371980676327,1.3083735909822867
228,19.847020933977454,2.086688137412775,3.1736446591519054,41.44524959742351,6.092324208266238,7.387278582930757,15.70048309178744,2.9589371980676327,1.3083735909822867
229,19.920826623725173,2.086688137412775,3.1736446591519054,41.43183038110574,6.072195383789587,7.347020933977456,15.70048309178744,2.9589371980676327,1.3083735909822867
230,20.014761137949545,2.086688137412775,3.1602254428341383,41.43183038110574,6.038647342995169,7.326892109500805,15.68035426731079,2.952227589908749,1.3083735909822867
231,19.98792270531401,2.086688137412775,3.1602254428341383,41.4922168545357,6.038647342995169,7.326892109500805,15.666935050993022,2.945517981749866,1.2949543746645196
232,20.014761137949545,2.0799785292538915,3.1602254428341383,41.39157273215244,6.119162640901771,7.326892109500805,15.666935050993022,2.945517981749866,1.2949543746645196
233,20.101986044015028,2.0799785292538915,3.1602254428341383,41.35131508319914,6.105743424584004,7.326892109500805,15.633387010198604,2.945517981749866,1.2949543746645196
234,20.12211486849168,2.0799785292538915,3.1602254428341383,41.337895866881375,6.105743424584004,7.326892109500805,15.626677402039721,2.945517981749866,1.2949543746645196
235,20.29656468062265,2.0799785292538915,3.1602254428341383,41.176865271068166,6.105743424584004,7.326892109500805,15.613258185721953,2.945517981749866,1.2949543746645196
236,20.377079978529252,2.059849704777241,3.1602254428341383,41.156736446591516,6.092324208266238,7.300053676865271,15.613258185721953,2.945517981749866,1.2949543746645196
237,20.7662372517445,2.059849704777241,3.1333870101986045,41.116478797638216,6.0587761674718195,7.300053676865271,15.324745034889963,2.945517981749866,1.2949543746645196
238,20.86688137412775,2.0263016639828235,3.1333870101986045,40.03623188405797,7.125603864734299,7.286634460547504,15.311325818572195,2.918679549114332,1.2949543746645196
239,20.35024154589372,2.0263016639828235,2.945517981749866,38.90230810520666,7.125603864734299,9.138486312399356,15.311325818572195,2.9052603327965647,1.2949543746645196
240,20.625335480407944,2.0263016639828235,2.945517981749866,38.73456790123457,7.105475040257649,9.07139023081052,15.291196994095545,2.9052603327965647,1.2949543746645196
241,20.92055823939882,2.0263016639828235,2.945517981749866,38.66747181964573,7.105475040257649,9.03113258185722,15.24422973698336,2.871712292002147,1.1876006441223832
242,21.20907139023081,1.932367149758454,2.9388083735909825,38.20450885668277,7.105475040257649,8.964036500268385,15.646806226516372,2.831454643048846,1.1674718196457328
243,19.920826623725173,1.932367149758454,2.9052603327965647,40.304616210413315,7.085346215780999,8.910359634997317,15.593129361245303,2.1806226516371443,1.1674718196457328
244,19.940955448201827,1.932367149758454,2.9052603327965647,40.21068169618894,7.179280730005368,8.910359634997317,15.573000536768653,2.1806226516371443,1.1674718196457328
245,20.175791733762747,1.9122383252818036,2.9052603327965647,40.123456790123456,7.105475040257649,8.896940418679549,15.53274288781535,2.1806226516371443,1.1674718196457328
246,20.28985507246377,1.9122383252818036,2.9052603327965647,39.85507246376812,7.306763285024155,8.890230810520666,15.505904455179817,2.167203435319377,1.1674718196457328
247,20.417337627482556,1.9122383252818036,2.9052603327965647,39.734299516908216,7.306763285024155,8.890230810520666,15.499194847020934,2.167203435319377,1.1674718196457328
248,20.45088566827697,1.8988191089640365,2.9052603327965647,39.734299516908216,7.300053676865271,8.890230810520666,15.499194847020934,2.15378421900161,1.1674718196457328
249,20.50456253354804,1.8719806763285025,3.180354267310789,39.71417069243156,7.2933440687063875,8.890230810520666,15.22410091250671,2.15378421900161,1.1674718196457328
250,20.725979602791195,1.8719806763285025,3.1468062265163717,39.52630166398282,7.2933440687063875,8.890230810520666,15.22410091250671,2.15378421900161,1.1674718196457328
251,21.081588835212024,1.8719806763285025,3.0730005367686526,39.28475577026302,7.2933440687063875,8.890230810520666,15.197262479871176,2.1403650026838434,1.1674718196457328
252,21.182232957595275,1.8719806763285025,3.0730005367686526,38.98282340311326,7.2933440687063875,8.890230810520666,15.183843263553408,2.3550724637681157,1.1674718196457328
253,21.22249060654858,1.8719806763285025,3.0730005367686526,38.98282340311326,7.2933440687063875,8.856682769726248,15.177133655394526,2.3550724637681157,1.1674718196457328
254,21.182232957595275,1.8719806763285025,2.818035426731079,38.707729468599034,7.226247987117552,8.568169618894256,16.10305958132045,2.3550724637681157,1.1674718196457328
255,21.4170692431562,1.8719806763285025,2.818035426731079,38.47289318303811,7.199409554482019,8.53462157809984,15.96886741814278,2.5496511003757383,1.1674718196457328
256,21.618357487922705,1.8719806763285025,2.818035426731079,38.378958668813745,7.125603864734299,8.53462157809984,15.935319377348362,2.5496511003757383,1.1674718196457328
257,21.62506709608159,1.8719806763285025,2.818035426731079,38.27160493827161,7.467793880837359,8.53462157809984,15.848094471282877,2.395330112721417,1.1674718196457328
