,45,50,51,53,54,55,52,56,57,58,59,60,61,46
0,98.42324208266237,1.5767579173376274,,,,,,,,,,,,
1,96.71900161030595,3.280998389694042,,,,,,,,,,,,
2,89.39210950080515,10.258990874932904,0.040257648953301126,0.026838432635534086,0.2616747181964573,0.020128824476650563,,,,,,,,
3,88.2783145464305,11.292270531400966,0.06709608158883522,0.026838432635534086,0.2616747181964573,0.07380568974771873,,,,,,,,
4,87.01690821256038,12.47987117552335,0.08051529790660225,0.026838432635534086,0.2885131508319914,0.10735373054213634,,,,,,,,
5,69.43773483628556,29.904723564143854,0.08722490606548577,0.026838432635534086,0.2885131508319914,0.17444981213097155,0.08051529790660225,,,,,,,
6,69.16264090177134,29.643048845947398,0.5636070853462157,0.026838432635534086,0.23483628556092323,0.28180354267310787,0.08722490606548577,,,,,,,
7,68.57890499194848,30.14626945786366,0.5636070853462157,0.10064412238325282,0.23483628556092323,0.2885131508319914,0.08722490606548577,,,,,,,
8,67.55904455179818,27.643585614600106,3.9049919484702094,0.13419216317767044,0.2616747181964573,0.3421900161030596,0.1274825550187869,0.026838432635534086,,,,,,
9,61.93639291465379,31.38083735909823,5.166398282340311,0.13419216317767044,0.2616747181964573,0.8588298443370908,0.19457863660762212,0.06709608158883522,,,,,,
10,61.70826623725174,31.03864734299517,5.199946323134729,0.5300590445517982,0.2616747181964573,0.9997316156736447,0.19457863660762212,0.06709608158883522,,,,,,
11,58.85668276972625,32.930756843800324,5.756843800322061,0.5501878690284487,0.4227053140096618,1.0198604401502953,0.39586688137412773,0.06709608158883522,,,,,,
12,58.44739667203435,33.111916264090176,5.676328502415459,0.6709608158883521,0.43612453032742887,1.0735373054213635,0.41599570585077833,0.16774020397208803,,,,,,
13,53.737251744498124,37.855609232420825,5.83064949006978,0.6508319914117016,0.4495437466451959,0.8387010198604401,0.46296296296296297,0.17444981213097155,,,,,,
14,51.96591519055287,39.20424047235642,5.743424584004294,0.6709608158883521,0.7313472893183038,0.9997316156736447,0.46967257112184646,0.2147074610842727,,,,,,
15,51.36205045625336,39.04320987654321,5.703166935050993,0.6843800322061192,1.4090177133655395,1.0802469135802468,0.46296296296296297,0.2549651100375738,,,,,,
16,51.1406333870102,38.94256575415996,5.837359098228664,0.6910896403650026,1.4492753623188406,1.1808910359634996,0.48980139559849706,0.2683843263553409,,,,,,
17,37.936124530327426,52.241009125067094,5.548845947396672,0.6910896403650026,1.4694041867954912,1.3955984970477724,0.4495437466451959,0.2683843263553409,,,,,,
18,36.87600644122383,52.301395598497045,5.515297906602254,1.3955984970477724,1.2949543746645196,1.5365002683843263,0.7447665056360708,0.33548040794417605,,,,,,
19,35.59447128287708,53.03945249597424,5.414653784219001,1.3955984970477724,1.6371443907675791,1.7444981213097155,0.7313472893183038,0.4428341384863124,,,,,,
20,35.38647342995169,53.00590445517982,5.421363392377885,1.402308105206656,1.6170155662909287,1.9256575415995705,0.7514761137949544,0.4428341384863124,0.026838432635534086,0.020128824476650563,,,,
21,35.319377348362856,52.71068169618894,5.10601180891036,1.7310789049919484,1.6170155662909287,1.9122383252818036,1.1272141706924315,0.4294149221685454,0.026838432635534086,0.020128824476650563,,,,
22,34.80273752012882,52.77106816961889,5.132850241545894,1.778046162104133,1.6103059581320451,2.301395598497048,1.1272141706924315,0.4294149221685454,0.026838432635534086,0.020128824476650563,,,,
23,34.54777241009125,52.623456790123456,5.025496511003757,1.8988191089640365,1.6304347826086956,2.6301663982823404,1.133923778851315,0.46296296296296297,0.026838432635534086,0.020128824476650563,,,,
24,34.37332259796028,52.502683843263554,5.0858829844337095,1.932367149758454,1.7444981213097155,2.7308105206655933,1.1205045625335481,0.46296296296296297,0.026838432635534086,0.020128824476650563,,,,
25,33.41384863123994,52.22758990874933,5.10601180891036,1.9189479334406871,2.898550724637681,2.7509393451422435,1.1540526033279657,0.46296296296296297,0.04696725711218465,0.020128824476650563,,,,
26,33.20585077831455,51.66398282340311,5.10601180891036,2.5429414922168547,2.952227589908749,2.831454643048846,1.1540526033279657,0.46296296296296297,0.06038647342995169,0.020128824476650563,,,,
27,32.11218464841653,48.7385936661299,8.581588835212024,2.328234031132582,2.8650026838432634,3.2742887815351582,1.556629092860977,0.46296296296296297,0.06038647342995169,0.020128824476650563,,,,
28,30.35426731078905,53.60976918947934,5.938003220611916,2.589908749329039,2.7106816961889426,3.207192699946323,1.288244766505636,0.2147074610842727,0.040257648953301126,0.020128824476650563,0.026838432635534086,,,
29,29.676596886741816,53.26086956521739,6.078904991948471,2.4490069779924855,2.717391304347826,3.2340311325818574,2.1604938271604937,0.32877079978529256,0.040257648953301126,0.020128824476650563,0.03354804079441761,,,
30,29.502147074610843,52.63016639828234,6.152710681696189,2.49597423510467,2.8650026838432634,4.012345679012346,1.8786902844873858,0.3421900161030596,0.06709608158883522,0.020128824476650563,0.03354804079441761,,,
31,29.012345679012345,52.58990874932904,6.092324208266238,2.6033279656468062,2.85829307568438,4.139828234031133,2.2410091250670963,0.3421900161030596,0.06709608158883522,0.020128824476650563,0.03354804079441761,,,
32,28.166935050993022,50.11406333870102,6.3137412775093935,2.6502952227589907,4.924852388620504,4.723564143853999,2.6033279656468062,0.3757380568974772,0.0939345142243693,0.020128824476650563,0.013419216317767043,,,
33,27.78448738593666,49.47665056360709,7.098765432098766,2.6033279656468062,4.918142780461621,4.958400429414922,2.6033279656468062,0.4025764895330113,0.0939345142243693,0.020128824476650563,0.013419216317767043,0.026838432635534086,,
34,26.979334406870638,48.65807836822329,8.715780998389693,2.563070316693505,4.911433172302737,4.944981213097155,2.6301663982823404,0.4092860976918948,0.0939345142243693,0.020128824476650563,0.04696725711218465,0.026838432635534086,,
35,26.92565754159957,48.33601717659689,8.641975308641975,2.576489533011272,4.938271604938271,5.280461621041331,2.6301663982823404,0.4830917874396135,0.0939345142243693,0.020128824476650563,0.04696725711218465,0.026838432635534086,,
36,25.40257648953301,49.55716586151369,8.957326892109501,2.5295222758990876,4.924852388620504,5.407944176060118,2.522812667740204,0.49651100375738055,0.0939345142243693,0.020128824476650563,0.04696725711218465,0.040257648953301126,,
37,23.758722490606548,51.03327965646806,8.360171765968868,2.5831991411701556,4.985238862050457,5.984970477724101,2.5295222758990876,0.5166398282340311,0.11406333870101985,0.020128824476650563,0.06038647342995169,0.05367686527106817,,
38,23.698336017176597,50.677670424047236,8.28636607622115,2.5026838432635534,4.998658078368224,6.461352657004831,2.4825550187869028,0.5434782608695652,0.11406333870101985,0.0939345142243693,0.07380568974771873,0.06709608158883522,,
39,22.08132045088567,51.71765968867418,7.9039184111647875,3.307836822329576,5.132850241545894,6.340579710144928,2.563070316693505,0.5837359098228664,0.10735373054213634,0.12077294685990338,0.07380568974771873,0.06709608158883522,,
40,22.067901234567902,51.281535158346756,7.836822329575953,3.4286097691894795,5.132850241545894,6.608964036500268,2.576489533011272,0.6843800322061192,0.12077294685990338,0.12077294685990338,0.07380568974771873,0.06709608158883522,,
41,22.0276435856146,51.06682769726248,7.823403113258186,3.515834675254965,5.045625335480408,6.763285024154589,2.6033279656468062,0.785024154589372,0.12077294685990338,0.12077294685990338,0.06038647342995169,0.06709608158883522,,
42,21.900161030595815,50.758185721953836,7.897208803005904,3.7909286097691894,5.092592592592593,6.756575415995706,2.6502952227589907,0.785024154589372,0.12077294685990338,0.12077294685990338,0.06038647342995169,0.06709608158883522,,
43,18.17632850241546,55.381105743424584,7.521470746108427,3.730542136339238,4.64975845410628,6.944444444444445,2.5295222758990876,0.7246376811594203,0.10735373054213634,0.12077294685990338,0.06038647342995169,0.05367686527106817,,
44,17.56575415995706,51.75791733762748,12.070585077831455,3.5628019323671496,4.468599033816425,6.904186795491143,2.5161030595813205,0.8118625872249061,0.10735373054213634,0.12077294685990338,0.06038647342995169,0.05367686527106817,,
45,15.371712292002147,62.5402576489533,8.59500805152979,1.2278582930756843,4.240472356414386,5.0858829844337095,2.0799785292538915,0.5971551261406334,0.026838432635534086,0.05367686527106817,0.1274825550187869,0.05367686527106817,,
46,14.848362855609233,61.030595813204506,10.25228126677402,1.1607622114868492,4.106280193236715,5.495169082125604,2.1604938271604937,0.6575415995705851,0.05367686527106817,0.03354804079441761,0.14761137949543746,0.05367686527106817,,
47,14.834943639291465,60.68169618894257,10.238862050456254,1.1607622114868492,4.146537842190016,5.8172302737520125,2.1403650026838434,0.6910896403650026,0.05367686527106817,0.03354804079441761,0.14761137949543746,0.05367686527106817,,
48,14.445786366076222,60.527375201288244,10.158346752549651,1.2681159420289856,4.213633923778851,6.172839506172839,2.1269457863660763,0.785024154589372,0.05367686527106817,0.03354804079441761,0.1610305958132045,0.05367686527106817,,
49,14.53972088030059,58.36688137412775,9.178743961352657,1.1003757380568975,4.180085882984434,6.810252281266774,4.797369833601718,0.6642512077294686,0.08722490606548577,0.03354804079441761,0.1610305958132045,0.05367686527106817,0.026838432635534086,
50,14.27133655394525,55.58910359634997,12.06387546967257,1.1674718196457328,4.240472356414386,6.850509930220075,4.7101449275362315,0.6910896403650026,0.08722490606548577,0.04696725711218465,0.20128824476650564,0.05367686527106817,0.026838432635534086,
51,14.163982823403114,55.3743961352657,12.030327428878154,1.1876006441223832,4.26731078904992,7.071926999463232,4.676596886741814,0.6910896403650026,0.1274825550187869,0.08051529790660225,0.24825550187869028,0.05367686527106817,0.026838432635534086,
52,14.197530864197532,54.28073000536769,11.969940955448202,1.2010198604401503,4.300858829844337,8.145464304884594,4.656468062265164,0.6843800322061192,0.15432098765432098,0.08051529790660225,0.24825550187869028,0.05367686527106817,0.026838432635534086,
53,14.150563607085346,53.54938271604938,11.896135265700483,1.288244766505636,4.367954911433173,8.749329039184111,4.663177670424047,0.7380568974771873,0.15432098765432098,0.11406333870101985,0.24825550187869028,0.05367686527106817,0.026838432635534086,
54,14.143853998926463,48.95330112721417,11.460010735373054,1.288244766505636,7.7361782071927,10.245571658615138,4.723564143853999,0.8185721953837896,0.15432098765432098,0.11406333870101985,0.2616747181964573,0.05367686527106817,0.04696725711218465,
55,14.04320987654321,47.46376811594203,11.366076221148685,1.710950080515298,7.75630703166935,11.41304347826087,4.7638217928073,0.8118625872249061,0.18115942028985507,0.11406333870101985,0.2616747181964573,0.05367686527106817,0.06038647342995169,
56,13.935856146001074,47.47047772410091,11.345947396672035,1.7444981213097155,7.763016639828234,11.493558776167472,4.750402576489533,0.785024154589372,0.18115942028985507,0.14761137949543746,0.2683843263553409,0.05367686527106817,0.06038647342995169,
57,13.875469672571121,46.812936124530324,11.265432098765432,1.7579173376274826,7.897208803005904,11.466720343531938,5.320719269994632,0.7783145464304885,0.20799785292538917,0.14761137949543746,0.2683843263553409,0.05367686527106817,0.14761137949543746,
58,13.90901771336554,46.45061728395062,11.43317230273752,1.7646269457863661,7.937466451959206,11.600912506709609,5.179817498658078,0.8387010198604401,0.19457863660762212,0.1610305958132045,0.2885131508319914,0.06038647342995169,0.18115942028985507,
59,13.935856146001074,45.97423510466989,11.426462694578637,1.737788513150832,7.883789586688137,12.016908212560386,5.166398282340311,0.8521202361782072,0.2549651100375738,0.2214170692431562,0.27509393451422437,0.06038647342995169,0.19457863660762212,
60,13.935856146001074,43.63929146537842,11.352657004830919,2.3483628556092326,7.427536231884058,11.392914653784219,7.971014492753623,0.9057971014492754,0.2616747181964573,0.2214170692431562,0.2885131508319914,0.06038647342995169,0.19457863660762212,
61,13.955984970477724,43.06897477187332,11.137949543746645,2.3215244229736984,7.803274288781535,11.896135265700483,7.937466451959206,0.8387010198604401,0.27509393451422437,0.2214170692431562,0.2885131508319914,0.06038647342995169,0.19457863660762212,
62,13.7211486849168,42.78046162104133,11.07085346215781,2.314814814814815,7.763016639828234,12.278582930756844,8.091787439613526,0.8722490606548577,0.27509393451422437,0.2214170692431562,0.3421900161030596,0.06038647342995169,0.20799785292538917,
63,12.352388620504563,44.618894256575416,10.84272678475577,2.214170692431562,7.6623725174449815,12.238325281803542,7.977724100912507,0.9796027911969941,0.2885131508319914,0.2214170692431562,0.33548040794417605,0.06038647342995169,0.20799785292538917,
64,12.29200214707461,44.337090713902306,10.802469135802468,2.214170692431562,7.87037037037037,12.130971551261407,8.205850778314547,1.0198604401502953,0.30193236714975846,0.2214170692431562,0.33548040794417605,0.06038647342995169,0.20799785292538917,
65,10.95679012345679,43.69296833064949,12.513419216317766,2.147074610842727,8.11862587224906,11.829039184111648,8.420558239398819,1.0735373054213635,0.32877079978529256,0.2281266774020397,0.36902844873859364,0.07380568974771873,0.24825550187869028,
66,10.896403650026839,43.20987654320987,12.406065485775631,2.442297369833602,8.179012345679013,12.04374664519592,8.293075684380032,1.1473429951690821,0.4294149221685454,0.2281266774020397,0.36902844873859364,0.10735373054213634,0.24825550187869028,
67,10.889694041867955,43.02871712292002,12.345679012345679,2.576489533011272,8.172302737520129,12.110842726784755,8.185721953837897,1.1473429951690821,0.5904455179817498,0.2281266774020397,0.36902844873859364,0.10735373054213634,0.24825550187869028,
68,10.68840579710145,42.371175523349436,12.278582930756844,2.932098765432099,8.272946859903382,12.27187332259796,8.413848631239935,1.2077294685990339,0.6105743424584005,0.2281266774020397,0.3824476650563607,0.0939345142243693,0.24825550187869028,
69,10.641438539989265,42.089371980676326,12.218196457326892,3.0394524959742353,8.32662372517445,12.406065485775631,8.440687063875469,1.1808910359634996,0.6105743424584005,0.2616747181964573,0.4227053140096618,0.0939345142243693,0.2683843263553409,
70,9.339774557165862,43.21658615136876,11.869296833064949,2.844873859366613,8.776167471819646,12.929414922168545,8.09849704777241,1.221148684916801,0.5971551261406334,0.30864197530864196,0.43612453032742887,0.0939345142243693,0.2683843263553409,
71,8.896940418679549,41.6935050993022,17.317498658078367,2.737520128824477,8.13875469672571,12.600644122383253,5.9447128287707995,1.1808910359634996,0.4294149221685454,0.30864197530864196,0.38915727321524424,0.0939345142243693,0.2683843263553409,
72,8.876811594202898,40.84809447128288,17.122920021470748,3.052871712292002,8.984165324745035,12.151100375738057,6.146001073537305,1.2815351583467525,0.4495437466451959,0.30864197530864196,0.41599570585077833,0.0939345142243693,0.2683843263553409,
73,8.93719806763285,40.64680622651637,17.01556629092861,3.0595813204508855,8.984165324745035,12.211486849168008,6.166129898013956,1.3150831991411702,0.49651100375738055,0.30864197530864196,0.46296296296296297,0.1274825550187869,0.2683843263553409,
74,8.923778851315083,40.59983896940419,16.700214707461082,3.4017713365539453,8.930488459473967,12.198067632850242,6.1862587224906065,1.3821792807300053,0.49651100375738055,0.30864197530864196,0.47638217928073,0.1274825550187869,0.2683843263553409,
75,8.715780998389693,37.74825550187869,17.23027375201288,3.2541599570585076,8.76274825550188,14.908749329039184,6.239935587761675,1.415727321524423,0.46296296296296297,0.3488996242619431,0.5367686527106817,0.10735373054213634,0.2683843263553409,
76,8.729200214707461,37.23161567364466,17.216854535695116,3.361513687600644,8.662104133118627,15.351583467525497,6.1862587224906065,1.42914653784219,0.43612453032742887,0.3824476650563607,0.5837359098228664,0.14761137949543746,0.28180354267310787,
77,8.756038647342995,35.86285560923242,23.15485775630703,3.3145464304884595,7.977724100912507,11.466720343531938,6.125872249060655,1.583467525496511,0.5904455179817498,0.3824476650563607,0.5367686527106817,0.0939345142243693,0.15432098765432098,
78,8.789586688137414,34.58803005904455,22.705314009661837,4.052603327965647,7.937466451959206,11.748523886205046,6.689479334406871,1.6706924315619969,0.5904455179817498,0.4428341384863124,0.5367686527106817,0.0939345142243693,0.15432098765432098,
79,8.776167471819646,34.447128287708,22.644927536231883,4.146537842190016,7.944176060118089,11.654589371980677,6.696188942565755,1.7310789049919484,0.6172839506172839,0.46967257112184646,0.6239935587761675,0.11406333870101985,0.13419216317767044,
80,8.709071390230811,33.59500805152979,22.403381642512077,4.247181964573269,7.64224369296833,11.044015029522276,8.709071390230811,1.7444981213097155,0.6172839506172839,0.49651100375738055,0.5568974771873323,0.08722490606548577,0.14761137949543746,
81,8.628556092324208,33.23268921095008,22.04777241009125,4.314278046162104,7.937466451959206,11.064143853998926,8.702361782071927,2.0263016639828235,0.7447665056360708,0.49651100375738055,0.5703166935050993,0.08722490606548577,0.14761137949543746,
82,8.655394524959743,32.991143317230275,21.826355340848096,4.374664519592056,7.98443370907139,11.104401502952227,8.80300590445518,2.100107353730542,0.7581857219538379,0.5703166935050993,0.5971551261406334,0.08722490606548577,0.14761137949543746,
83,8.68894256575416,32.830112721417066,21.450617283950617,4.414922168545357,7.924047235641439,11.506977992485238,8.568169618894256,2.395330112721417,0.7783145464304885,0.5971551261406334,0.5971551261406334,0.0939345142243693,0.15432098765432098,
84,8.440687063875469,31.91760601180891,20.74610842726785,4.42163177670424,8.32662372517445,11.272141706924316,10.131508319914117,2.5563607085346214,0.7447665056360708,0.5971551261406334,0.5703166935050993,0.12077294685990338,0.15432098765432098,
85,8.447396672034353,30.95813204508857,20.591787439613526,5.931293612453032,8.313204508856682,10.970209339774557,10.030864197530864,2.536231884057971,0.7917337627482555,0.5971551261406334,0.5568974771873323,0.12077294685990338,0.15432098765432098,
86,8.507783145464305,30.85077831454643,20.40391841116479,5.911164787976382,8.28636607622115,11.003757380568974,10.010735373054214,2.657004830917874,0.8722490606548577,0.6239935587761675,0.5770263016639828,0.12077294685990338,0.17444981213097155,
87,8.393719806763285,30.609232420826622,20.343531937734838,5.723295759527644,8.299785292538916,11.017176596886742,10.587761674718196,2.6704240472356413,0.9057971014492754,0.5770263016639828,0.5770263016639828,0.12077294685990338,0.17444981213097155,
88,8.380300590445518,30.193236714975846,20.108695652173914,6.280193236714976,8.071658615136876,11.366076221148685,10.527375201288244,2.7442297369833604,0.9057971014492754,0.6105743424584005,0.5166398282340311,0.12077294685990338,0.17444981213097155,
89,8.3064949006978,29.864465915190554,20.108695652173914,6.655931293612453,8.11862587224906,11.29898013955985,10.34621578099839,2.8113258185721954,1.0735373054213635,0.6105743424584005,0.49651100375738055,0.13419216317767044,0.17444981213097155,
90,7.957595276435856,31.5955448201825,18.612453032742888,6.595544820182502,8.252818035426731,11.211755233494364,10.319377348362856,2.8918411164787976,1.107085346215781,0.6508319914117016,0.49651100375738055,0.13419216317767044,0.17444981213097155,
91,7.96430488459474,31.508319914117017,18.572195383789587,6.655931293612453,8.225979602791197,11.252012882447666,10.178475577026301,2.9052603327965647,1.261406333870102,0.6508319914117016,0.5099302200751477,0.14090177133655393,0.17444981213097155,
92,7.883789586688137,31.293612453032743,18.666129898013956,7.011540526033279,8.219269994632313,11.272141706924316,10.010735373054214,2.85829307568438,1.2681159420289856,0.6508319914117016,0.5501878690284487,0.11406333870101985,0.20128824476650564,
93,7.440955448201825,29.70343531937735,18.263553408480945,7.03166935050993,8.272946859903382,11.16478797638218,12.265163714439076,2.898550724637681,1.3150831991411702,0.7045088566827697,0.6038647342995169,0.1274825550187869,0.20799785292538917,
94,7.14573268921095,28.549382716049383,20.90713902308105,6.749865807836822,8.172302737520129,10.997047772410092,11.56736446591519,2.952227589908749,1.3016639828234031,0.7045088566827697,0.6105743424584005,0.1274825550187869,0.2147074610842727,
95,6.575415995705851,27.979066022544284,22.403381642512077,6.615673644659152,8.004562533548041,11.05072463768116,11.513687600644122,2.844873859366613,1.3486312399355878,0.7045088566827697,0.6172839506172839,0.12077294685990338,0.2214170692431562,
96,6.582125603864735,27.737520128824478,22.15512614063339,7.407407407407407,8.004562533548041,11.037305421363392,10.976918947933441,2.999194847020934,1.402308105206656,0.7380568974771873,0.6172839506172839,0.12077294685990338,0.2214170692431562,
97,6.5485775630703165,27.38191089640365,20.71256038647343,6.904186795491143,7.877079978529254,10.815888352120236,13.600375738056897,2.885131508319914,1.6170155662909287,0.6642512077294686,0.6374127750939346,0.12077294685990338,0.23483628556092323,
98,5.998389694041868,32.62211486849168,17.364465915190554,6.454643048845948,7.6556629092860975,10.513955984970478,13.352120236178207,2.7442297369833604,1.6035963499731616,0.630703166935051,0.7112184648416533,0.12077294685990338,0.2281266774020397,
99,5.797101449275362,32.427536231884055,15.157004830917874,6.374127750939345,7.648953301127214,13.694310252281268,13.258185721953838,2.395330112721417,1.5365002683843263,0.6038647342995169,0.7313472893183038,0.14761137949543746,0.2281266774020397,
100,5.8172302737520125,32.31347289318304,14.908749329039184,6.387546967257112,8.13875469672571,13.593666129898015,13.083735909822867,2.4490069779924855,1.5499194847020934,0.6038647342995169,0.7313472893183038,0.19457863660762212,0.2281266774020397,
101,5.864197530864198,32.27321524422974,14.673913043478262,6.521739130434782,8.158883521202362,13.513150831991412,12.969672571121846,2.6704240472356413,1.5901771336553945,0.5837359098228664,0.7313472893183038,0.2214170692431562,0.2281266774020397,
102,5.897745571658615,32.19269994632314,14.667203435319378,6.535158346752549,8.172302737520129,13.560118089103597,12.922705314009661,2.6704240472356413,1.6035963499731616,0.5837359098228664,0.7313472893183038,0.23483628556092323,0.2281266774020397,
103,5.857487922705314,31.179549114331724,14.573268921095009,6.568706387546968,9.004294149221685,13.459473966720344,13.097155126140633,2.6301663982823404,1.7176596886741815,0.5837359098228664,0.798443370907139,0.30193236714975846,0.2281266774020397,
104,5.864197530864198,31.072195383789587,14.506172839506172,6.481481481481482,9.111647879763822,13.593666129898015,13.070316693505099,2.6301663982823404,1.7444981213097155,0.6038647342995169,0.785024154589372,0.2952227589908749,0.24154589371980675,
105,5.743424584004294,30.52200751476114,15.807836822329575,6.374127750939345,8.829844337090714,13.674181427804616,12.754965110037574,2.576489533011272,1.7713365539452497,0.5971551261406334,0.8118625872249061,0.30864197530864196,0.2281266774020397,
106,5.8239398819108965,30.46833064949007,15.559581320450885,6.421095008051529,8.816425120772946,13.580246913580247,12.573805689747719,2.6033279656468062,2.1739130434782608,0.6105743424584005,0.8252818035426731,0.3153515834675255,0.2281266774020397,
107,5.750134192163178,28.44873859366613,15.593129361245303,6.1929683306494905,11.728395061728396,12.942834138486312,12.372517444981213,2.657004830917874,2.3081052066559313,0.5971551261406334,0.8789586688137413,0.30193236714975846,0.2281266774020397,
108,5.756843800322061,27.905260332796566,15.45222758990875,6.260064412238325,12.104133118625873,12.93612453032743,12.31213097155126,2.9723564143853998,2.26784755770263,0.630703166935051,0.8722490606548577,0.30193236714975846,0.2281266774020397,
109,5.844068706387547,27.80461621041331,15.385131508319914,6.166129898013956,12.097423510466989,12.74825550187869,12.379227053140097,3.126677402039721,2.281266774020397,0.7246376811594203,0.9125067096081588,0.30193236714975846,0.2281266774020397,
110,5.8239398819108965,27.657004830917874,15.26435856146001,6.146001073537305,12.117552334943639,12.875738056897477,12.352388620504563,3.207192699946323,2.3081052066559313,0.7514761137949544,0.95276435856146,0.32877079978529256,0.2147074610842727,
111,5.857487922705314,27.616747181964573,15.217391304347826,6.172839506172839,12.077294685990339,12.828770799785293,12.218196457326892,3.2742887815351582,2.4691358024691357,0.7380568974771873,0.9594739667203436,0.35560923242082665,0.2147074610842727,
112,5.904455179817498,27.34165324745035,14.794685990338165,6.179549114331723,12.587224906065487,12.842190016103059,12.164519592055823,3.3413848631239937,2.4892646269457863,0.7783145464304885,1.0131508319914118,0.3488996242619431,0.2147074610842727,
113,5.924584004294149,26.78475577026302,15.995705850778315,6.078904991948471,11.741814278046162,13.41250670960816,12.124261943102523,3.140096618357488,2.5161030595813205,0.7447665056360708,0.9863123993558777,0.33548040794417605,0.2147074610842727,
114,5.9447128287707995,26.41572732152442,15.908480944712828,6.810252281266774,11.480139559849706,13.600375738056897,11.943102522812667,3.1468062265163717,2.462426194310252,0.7716049382716049,0.9460547504025765,0.36231884057971014,0.20799785292538917,
115,5.964841653247451,26.25469672571122,15.868223295759528,6.716317767042405,11.681427804616211,13.761406333870102,11.822329575952764,3.193773483628556,2.4825550187869028,0.8118625872249061,0.8655394524959742,0.36902844873859364,0.20799785292538917,
116,5.595813204508857,20.44417606011809,24.355877616747183,6.360708534621578,11.79549114331723,12.365807836822329,11.077563070316694,3.3682232957595275,2.4490069779924855,0.7783145464304885,0.8319914117015567,0.36902844873859364,0.20799785292538917,
117,5.5689747718733225,20.182501341921633,24.382716049382715,6.340579710144928,11.829039184111648,12.419484702093397,11.057434245840042,3.515834675254965,2.49597423510467,0.7514761137949544,0.8588298443370908,0.3824476650563607,0.2147074610842727,
118,5.555555555555555,20.081857219538378,24.382716049382715,6.273483628556092,11.768652710681696,12.406065485775631,11.084272678475577,3.743961352657005,2.462426194310252,0.7514761137949544,0.8722490606548577,0.41599570585077833,0.20128824476650564,
119,5.5756843800322065,19.96779388083736,24.261943102522814,6.3070316693505095,11.822329575952764,12.466451959205582,11.037305421363392,3.7909286097691894,2.509393451422437,0.7514761137949544,0.8722490606548577,0.43612453032742887,0.20128824476650564,
120,5.60252281266774,19.900697799248523,24.214975845410628,6.3070316693505095,11.79549114331723,12.47987117552335,10.943370907139023,3.938539989264627,2.536231884057971,0.785024154589372,0.8722490606548577,0.4227053140096618,0.20128824476650564,
121,5.60252281266774,19.685990338164252,24.020397208803004,6.340579710144928,11.66129898013956,12.473161567364466,10.950080515297907,4.394793344068707,2.576489533011272,0.8185721953837896,0.8521202361782072,0.4227053140096618,0.20128824476650564,
122,5.548845947396672,19.639023081052066,23.503757380568974,6.327160493827161,11.681427804616211,12.567096081588835,10.909822866344605,4.924852388620504,2.522812667740204,0.8789586688137413,0.8856682769726248,0.4092860976918948,0.20128824476650564,
123,5.528717122920021,19.6256038647343,23.429951690821255,6.300322061191626,11.43317230273752,12.614063338701019,10.896403650026839,4.944981213097155,2.5831991411701556,1.1137949543746646,0.9057971014492754,0.4227053140096618,0.20128824476650564,
124,5.5689747718733225,19.55179817498658,23.07434245840043,6.374127750939345,11.41304347826087,12.533548040794418,10.929951690821255,5.253623188405797,2.576489533011272,1.1272141706924315,0.9393451422436929,0.4294149221685454,0.2281266774020397,
125,5.562265163714439,19.51825013419216,23.040794417606012,6.400966183574879,11.057434245840042,12.546967257112184,10.916532474503489,5.287171229200215,2.9924852388620504,1.1137949543746646,0.8990874932903918,0.4227053140096618,0.2281266774020397,0.013419216317767043
126,5.562265163714439,19.464573268921097,23.00053676865271,6.427804616210413,10.976918947933441,12.580515297906603,10.943370907139023,5.3274288781535155,3.026033279656468,1.1473429951690821,0.8789586688137413,0.4227053140096618,0.2281266774020397,0.013419216317767043
127,5.448201825013419,19.162640901771336,24.27536231884058,6.1862587224906065,11.05072463768116,12.399355877616747,10.507246376811594,5.340848094471283,2.945517981749866,1.1272141706924315,0.8923778851315083,0.4227053140096618,0.2281266774020397,0.013419216317767043
128,5.448201825013419,19.068706387546968,25.187869028448738,6.226516371443908,11.097691894793345,12.285292538915728,9.71551261406334,5.367686527106817,2.8650026838432634,1.1003757380568975,0.9125067096081588,0.4830917874396135,0.2281266774020397,0.013419216317767043
129,5.448201825013419,18.98148148148148,25.348899624261943,6.139291465378422,11.104401502952227,12.298711755233494,9.675254965110037,5.367686527106817,2.945517981749866,1.06682769726248,0.8990874932903918,0.4830917874396135,0.2281266774020397,0.013419216317767043
130,5.414653784219001,18.947933440687063,24.832259796027913,6.66935050993022,11.158078368223295,12.177938808373591,9.796027911969942,5.300590445517981,2.9723564143853998,1.0466988727858293,0.9326355340848095,0.4830917874396135,0.2549651100375738,0.013419216317767043
131,5.381105743424584,18.9747718733226,24.765163714439076,6.723027375201288,11.09098228663446,12.191358024691358,9.796027911969942,5.293880837359098,2.985775630703167,1.0601180891035964,0.9728931830381106,0.49651100375738055,0.2549651100375738,0.013419216317767043
132,5.320719269994632,18.95464304884595,24.691358024691358,6.964573268921095,11.017176596886742,12.070585077831455,9.722222222222221,5.320719269994632,3.0394524959742353,1.1473429951690821,0.9863123993558777,0.49651100375738055,0.2549651100375738,0.013419216317767043
133,5.287171229200215,18.94122383252818,24.58400429414922,7.058507783145465,11.064143853998926,12.057165861513688,9.581320450885668,5.441492216854535,3.0059044551798175,1.1607622114868492,0.9997316156736447,0.49651100375738055,0.28180354267310787,0.040257648953301126
134,5.347557702630167,18.71309715512614,24.40955448201825,7.4006977992485234,11.151368760064413,11.936392914653783,9.534353193773484,5.515297906602254,3.026033279656468,1.1406333870101986,1.0131508319914118,0.5099302200751477,0.2616747181964573,0.040257648953301126
135,5.401234567901234,18.699677938808374,24.288781535158346,7.37385936661299,11.151368760064413,11.98336017176597,9.554482018250134,5.589103596349974,3.0327428878153517,1.1205045625335481,0.9997316156736447,0.5032206119162641,0.2616747181964573,0.040257648953301126
136,5.381105743424584,18.612453032742888,23.013955984970476,7.367149758454106,11.097691894793345,11.20504562533548,12.318840579710145,5.213365539452496,3.012614063338701,1.1137949543746646,0.9997316156736447,0.4025764895330113,0.2214170692431562,0.040257648953301126
137,5.394524959742351,18.552066559312937,22.966988727858293,7.427536231884058,11.117820719269995,11.272141706924316,11.681427804616211,5.797101449275362,2.9924852388620504,1.1205045625335481,1.0131508319914118,0.4025764895330113,0.2214170692431562,0.040257648953301126
138,5.347557702630167,18.055555555555557,22.899892646269457,7.4006977992485234,11.83574879227053,11.137949543746645,11.66129898013956,5.803811057434245,3.012614063338701,1.1473429951690821,1.0399892646269457,0.4025764895330113,0.2147074610842727,0.040257648953301126
139,5.300590445517981,17.632850241545892,22.725442834138487,7.427536231884058,11.79549114331723,10.795759527643586,12.969672571121846,5.709876543209877,2.844873859366613,1.133923778851315,1.0131508319914118,0.38915727321524424,0.2214170692431562,0.040257648953301126
140,5.267042404723564,17.612721417069242,22.65163714439077,8.319914117015566,11.694847020933977,10.245571658615138,12.828770799785293,5.689747718733226,2.9119699409554483,1.133923778851315,1.0466988727858293,0.33548040794417605,0.2214170692431562,0.040257648953301126
141,5.226784755770263,17.485238862050455,22.020933977455716,9.057971014492754,11.473429951690822,10.265700483091788,13.097155126140633,5.669618894256575,2.918679549114332,1.1406333870101986,1.0332796564680622,0.3488996242619431,0.2214170692431562,0.040257648953301126
142,5.032206119162641,17.143048845947398,22.745571658615138,8.896940418679549,11.292270531400966,10.305958132045088,13.130703166935051,5.730005367686527,2.8784219001610305,1.1137949543746646,1.0332796564680622,0.43612453032742887,0.2214170692431562,0.040257648953301126
143,5.072463768115942,17.082662372517444,22.134997316156735,8.883521202361782,11.379495437466453,10.299248523886206,13.123993558776167,6.286902844873859,2.898550724637681,1.093666129898014,1.0466988727858293,0.43612453032742887,0.2214170692431562,0.040257648953301126
144,5.10601180891036,16.881374127750938,21.973966720343533,9.131776704240472,11.305689747718732,10.326086956521738,13.036768652710682,6.3070316693505095,3.0193236714975846,1.1741814278046163,1.0601180891035964,0.4227053140096618,0.2147074610842727,0.040257648953301126
145,5.045625335480408,16.203703703703702,22.725442834138487,9.05126140633387,11.312399355877616,10.420021470746109,12.969672571121846,6.333870101986044,3.046162104133119,1.1876006441223832,1.0399892646269457,0.4092860976918948,0.2147074610842727,0.040257648953301126
146,5.0858829844337095,16.1231884057971,22.57783145464305,8.99087493290392,11.419753086419753,10.46027911969941,12.989801395598498,6.387546967257112,3.0595813204508855,1.1674718196457328,1.0601180891035964,0.4092860976918948,0.2281266774020397,0.040257648953301126
147,5.139559849704777,16.06280193236715,22.550993022007514,8.836553945249598,11.480139559849706,10.493827160493828,13.137412775093935,6.374127750939345,3.052871712292002,1.1540526033279657,1.0534084809447128,0.39586688137412773,0.2281266774020397,0.040257648953301126
148,5.166398282340311,15.76086956521739,22.416800858829845,8.756038647342995,11.75523349436393,10.433440687063875,13.144122383252817,6.568706387546968,3.099838969404187,1.1473429951690821,1.06682769726248,0.41599570585077833,0.2281266774020397,0.040257648953301126
149,5.186527106816962,15.666935050993022,22.356414385399894,9.004294149221685,11.81561996779388,10.21202361782072,13.103864734299517,6.5485775630703165,3.1199677938808374,1.1473429951690821,1.1272141706924315,0.4227053140096618,0.24825550187869028,0.040257648953301126
150,5.199946323134729,15.58641975308642,22.31615673644659,9.01100375738057,11.956521739130435,10.23215244229737,13.117283950617283,6.400966183574879,3.180354267310789,1.1607622114868492,1.1406333870101986,0.4092860976918948,0.24825550187869028,0.040257648953301126
151,5.186527106816962,15.445517981749866,22.289318303811058,9.27938808373591,11.735104669887278,10.091250670960816,13.47289318303811,6.333870101986044,3.193773483628556,1.1540526033279657,1.0869565217391304,0.39586688137412773,0.28180354267310787,0.05367686527106817
152,5.146269457863661,15.304616210413311,22.228931830381107,9.326355340848094,11.634460547504025,10.064412238325282,13.378958668813741,6.353998926462695,3.502415458937198,1.2412775093934514,1.0802469135802468,0.39586688137412773,0.2885131508319914,0.05367686527106817
153,5.139559849704777,14.04320987654321,21.571390230810522,8.742619431025227,11.386205045625335,9.829575952764358,16.820987654320987,5.984970477724101,3.502415458937198,1.2077294685990339,1.06682769726248,0.36231884057971014,0.2885131508319914,0.05367686527106817
154,5.146269457863661,14.009661835748792,21.544551798174986,8.735909822866345,11.41304347826087,9.86983360171766,16.800858829844337,5.964841653247451,3.515834675254965,1.2077294685990339,1.0869565217391304,0.36231884057971014,0.2885131508319914,0.05367686527106817
155,5.24020397208803,13.996242619431026,21.36339237788513,8.702361782071927,11.500268384326356,9.957058507783145,16.780730005367687,5.971551261406334,3.535963499731616,1.2077294685990339,1.06682769726248,0.36231884057971014,0.2885131508319914,0.026838432635534086
156,5.260332796564681,13.895598497047773,21.349973161567366,8.695652173913043,11.614331723027375,9.98389694041868,16.78743961352657,5.938003220611916,3.4822866344605474,1.2546967257112185,1.0534084809447128,0.36231884057971014,0.2952227589908749,0.026838432635534086
157,5.293880837359098,13.868760064412239,21.30300590445518,8.735909822866345,11.681427804616211,10.010735373054214,16.74718196457327,5.891035963499732,3.488996242619431,1.2412775093934514,1.0534084809447128,0.3757380568974772,0.28180354267310787,0.026838432635534086
158,5.293880837359098,13.788244766505636,21.041331186258724,9.064680622651638,11.688137412775093,10.017444981213098,16.700214707461082,5.911164787976382,3.556092324208266,1.2077294685990339,1.0601180891035964,0.36231884057971014,0.28180354267310787,0.026838432635534086
159,5.367686527106817,13.6808910359635,20.954106280193237,9.782608695652174,11.735104669887278,9.896672034353195,16.17686527106817,5.884326355340848,3.556092324208266,1.2345679012345678,1.0601180891035964,0.3488996242619431,0.28180354267310787,0.040257648953301126
160,5.387815351583468,13.030059044551798,20.860171765968868,9.809447128287708,12.674449812130971,9.722222222222221,16.150026838432634,5.870907139023081,3.502415458937198,1.2345679012345678,1.0869565217391304,0.3488996242619431,0.28180354267310787,0.040257648953301126
161,5.387815351583468,12.875738056897477,20.77294685990338,10.36634460547504,12.29200214707461,9.789318303811058,16.10305958132045,5.931293612453032,3.5225442834138487,1.2278582930756843,1.0466988727858293,0.36231884057971014,0.28180354267310787,0.040257648953301126
162,5.394524959742351,12.842190016103059,20.813204508856682,10.339506172839506,12.29200214707461,9.842995169082126,16.035963499731615,5.877616747181965,3.5963499731615673,1.247987117552335,1.0332796564680622,0.36231884057971014,0.28180354267310787,0.040257648953301126
163,5.367686527106817,12.70799785292539,20.75281803542673,10.38647342995169,12.265163714439076,10.010735373054214,15.868223295759528,6.0654857756307035,3.5762211486849167,1.3150831991411702,1.0332796564680622,0.32877079978529256,0.28180354267310787,0.040257648953301126
164,5.347557702630167,12.533548040794418,20.605206655931294,10.420021470746109,12.647611379495437,9.91009125067096,15.848094471282877,6.0587761674718195,3.6097691894793345,1.3150831991411702,1.0198604401502953,0.36231884057971014,0.28180354267310787,0.040257648953301126
165,5.307300053676865,12.419484702093397,20.477724100912507,10.38647342995169,12.741545893719806,9.836285560923242,16.035963499731615,6.112453032742888,3.6768652710681695,1.3150831991411702,1.0265700483091786,0.3421900161030596,0.28180354267310787,0.040257648953301126
166,5.307300053676865,12.27187332259796,20.336822329575952,10.420021470746109,12.808641975308642,9.923510466988727,15.98899624261943,6.206387546967257,3.750670960815888,1.3150831991411702,1.0064412238325282,0.3421900161030596,0.28180354267310787,0.040257648953301126
167,5.394524959742351,12.265163714439076,20.25630703166935,10.21202361782072,12.815351583467525,9.903381642512077,16.022544283413847,6.374127750939345,3.7037037037037037,1.3352120236178207,1.0534084809447128,0.3421900161030596,0.28180354267310787,0.040257648953301126
168,5.367686527106817,12.090713902308105,20.1959205582394,10.185185185185185,12.661030595813205,9.816156736446592,16.666666666666668,6.374127750939345,3.656736446591519,1.288244766505636,0.9930220075147611,0.3824476650563607,0.28180354267310787,0.040257648953301126
