,45,50,53,55,51,52,54,56,57,60,58,61,59
0,99.68464841653247,0.3153515834675255,,,,,,,,,,,
1,99.68464841653247,0.3153515834675255,,,,,,,,,,,
2,90.62667740203972,9.373322597960279,,,,,,,,,,,
3,83.95061728395062,16.049382716049383,,,,,,,,,,,
4,77.9723564143854,22.0276435856146,,,,,,,,,,,
5,71.5848094471283,28.415190552871714,,,,,,,,,,,
6,70.8870101986044,29.1129898013956,,,,,,,,,,,
7,56.998121309715515,41.90150295222759,0.12077294685990338,0.9796027911969941,,,,,,,,,
8,50.67096081588835,35.43344068706388,0.12077294685990338,0.30193236714975846,13.47289318303811,,,,,,,,
9,47.134997316156735,38.88217928073001,0.12077294685990338,0.38915727321524424,13.47289318303811,,,,,,,,
10,32.139023081052066,53.64331723027375,0.12077294685990338,0.8923778851315083,13.20450885668277,,,,,,,,
11,31.293612453032743,49.308910359635,0.12077294685990338,0.8118625872249061,16.264090177133657,2.200751476113795,,,,,,,
12,21.66532474503489,60.72195383789587,0.12077294685990338,0.8118625872249061,14.224369296833064,2.200751476113795,0.2549651100375738,,,,,,
13,21.79951690821256,59.346484165324746,0.12077294685990338,0.8118625872249061,14.224369296833064,2.200751476113795,1.4962426194310252,,,,,,
14,20.343531937734838,62.47987117552335,2.1269457863660763,1.0466988727858293,10.990338164251208,2.200751476113795,0.8118625872249061,,,,,,
15,20.081857219538378,57.19269994632314,2.0933977455716586,1.2010198604401503,16.06280193236715,2.254428341384863,1.1137949543746646,,,,,,
16,20.155662909286097,56.78341384863124,2.0933977455716586,1.5432098765432098,16.056092324208265,2.254428341384863,1.1137949543746646,,,,,,
17,18.625872249060656,55.441492216854535,1.9390767579173376,1.6371443907675791,18.988191089640367,2.254428341384863,1.1137949543746646,,,,,,
18,14.794685990338165,53.717122920021474,1.90552871712292,2.408749329039184,18.92109500805153,7.219538378958669,1.0332796564680622,,,,,,
19,14.016371443907676,32.88378958668814,1.8048845947396672,1.4761137949543746,36.010466988727856,7.219538378958669,6.588835212023618,,,,,,
20,11.097691894793345,31.890767579173378,1.8048845947396672,1.261406333870102,43.88083735909823,4.253891572732153,5.743424584004294,0.06709608158883522,,,,,
21,9.769189479334408,27.395330112721417,1.8048845947396672,2.1269457863660763,51.17418142780462,1.9994632313472893,5.555555555555555,0.17444981213097155,,,,,
22,8.662104133118627,26.96591519055287,1.8048845947396672,2.120236178207193,51.16076221148685,3.556092324208266,5.555555555555555,0.17444981213097155,,,,,
23,8.876811594202898,26.78475577026302,1.8048845947396672,2.120236178207193,51.12721417069243,3.556092324208266,5.555555555555555,0.17444981213097155,,,,,
24,8.769457863660762,26.140633387010197,1.8048845947396672,2.0665593129361244,51.95920558239399,3.5292538915727323,5.555555555555555,0.17444981213097155,,,,,
25,8.809715512614064,26.140633387010197,1.8048845947396672,2.0665593129361244,51.918947933440684,3.5292538915727323,5.555555555555555,0.17444981213097155,,,,,
26,6.756575415995706,19.45115405260333,1.5029522275899088,0.7783145464304885,51.932367149758456,18.19645732689211,1.2077294685990339,0.17444981213097155,,,,,
27,6.910896403650026,19.424315619967793,1.5029522275899088,0.7783145464304885,51.81830381105743,18.183038110574344,1.2077294685990339,0.17444981213097155,,,,,
28,5.891035963499732,14.358561460010735,1.5029522275899088,0.6172839506172839,60.70182501341922,16.015834675254965,0.7380568974771873,0.17444981213097155,,,,,
29,6.0587761674718195,14.304884594739667,1.5029522275899088,0.6172839506172839,60.587761674718195,16.015834675254965,0.7380568974771873,0.17444981213097155,,,,,
30,5.790391841116479,13.24476650563607,1.4962426194310252,0.8856682769726248,66.10305958132045,11.56736446591519,0.7380568974771873,0.17444981213097155,,,,,
31,5.931293612453032,12.962962962962964,1.4962426194310252,1.2010198604401503,65.11003757380568,11.33923778851315,1.1473429951690821,0.8118625872249061,,,,,
32,5.978260869565218,12.962962962962964,1.4962426194310252,1.2010198604401503,64.72088030059045,11.33923778851315,1.1473429951690821,1.1540526033279657,,,,,
33,6.112453032742888,12.949543746645196,1.0399892646269457,1.2010198604401503,64.46591519055288,10.72866344605475,2.0799785292538915,1.4224369296833066,,,,,
34,6.206387546967257,12.875738056897477,1.0399892646269457,1.1741814278046163,64.21765968867417,10.648148148148149,2.0799785292538915,1.7579173376274826,,,,,
35,6.508319914117015,12.198067632850242,1.0399892646269457,1.1003757380568975,59.76247987117552,16.109769189479334,1.5230810520665594,1.7579173376274826,,,,,
36,6.608964036500268,12.164519592055823,1.288244766505636,1.2748255501878691,59.366612989801396,16.015834675254965,1.5230810520665594,1.7579173376274826,,,,,
37,6.6827697262479875,12.157809983896941,1.288244766505636,1.2748255501878691,59.14519592055824,15.921900161030596,1.5230810520665594,2.006172839506173,,,,,
38,6.501610305958132,9.749060654857756,1.288244766505636,1.2748255501878691,62.17793880837359,15.60654857756307,1.2010198604401503,2.200751476113795,,,,,
39,6.729736983360172,9.73564143853999,1.288244766505636,1.2748255501878691,62.03703703703704,15.53274288781535,1.2010198604401503,2.200751476113795,,,,,
40,6.300322061191626,9.614868491680086,2.509393451422437,0.9728931830381106,66.51234567901234,11.084272678475577,1.0064412238325282,1.9994632313472893,,,,,
41,6.394256575415996,9.601449275362318,2.509393451422437,0.9728931830381106,65.43880837359099,11.023886205045626,1.8518518518518519,2.2074610842726785,,,,,
42,5.9514224369296835,9.232420826623725,2.509393451422437,0.9728931830381106,63.67418142780462,13.43263553408481,1.8518518518518519,2.3752012882447664,,,,,
43,5.917874396135265,7.132313472893183,8.3064949006978,0.8252818035426731,60.51395598497048,13.41250670960816,1.7444981213097155,2.147074610842727,,,,,
44,5.857487922705314,6.89747718733226,7.890499194847021,0.8252818035426731,56.36741814278046,18.075684380032207,2.1604938271604937,1.9256575415995705,,,,,
45,5.293880837359098,5.931293612453032,7.890499194847021,0.8252818035426731,59.936929683306495,16.035963499731615,2.1604938271604937,1.9256575415995705,,,,,
46,5.314009661835748,5.931293612453032,7.890499194847021,0.9460547504025765,58.82984433709071,16.022544283413847,2.1604938271604937,2.9052603327965647,,,,,
47,5.35426731078905,5.931293612453032,7.890499194847021,0.9460547504025765,58.72920021470746,16.002415458937197,2.1604938271604937,2.985775630703167,,,,,
48,5.401234567901234,5.931293612453032,7.890499194847021,0.9460547504025765,58.561460010735374,15.807836822329575,2.1604938271604937,3.3011272141706924,,,,,
49,5.4616210413311865,5.931293612453032,7.890499194847021,0.9460547504025765,58.51449275362319,15.807836822329575,2.1604938271604937,3.2877079978529253,,,,,
50,5.314009661835748,5.931293612453032,7.883789586688137,0.9460547504025765,63.56682769726248,10.909822866344605,2.1604938271604937,3.2877079978529253,,,,,
51,5.381105743424584,5.931293612453032,7.883789586688137,1.261406333870102,63.0703166935051,10.909822866344605,2.1604938271604937,3.4017713365539453,,,,,
52,5.287171229200215,5.870907139023081,7.695920558239399,1.1003757380568975,65.62667740203972,9.923510466988727,1.5432098765432098,2.952227589908749,,,,,
53,5.059044551798175,5.837359098228664,7.695920558239399,1.0869565217391304,65.55958132045089,9.816156736446592,1.5432098765432098,3.4017713365539453,,,,,
54,5.038915727321524,5.837359098228664,10.151637144390767,1.0869565217391304,65.7944176060118,8.836553945249598,1.5432098765432098,1.710950080515298,,,,,
55,5.0993022007514766,5.837359098228664,10.151637144390767,1.0735373054213635,65.7541599570585,8.836553945249598,1.5365002683843263,1.710950080515298,,,,,
56,5.112721417069243,5.837359098228664,10.151637144390767,1.0735373054213635,65.74074074074075,8.836553945249598,1.5365002683843263,1.710950080515298,,,,,
57,5.280461621041331,5.810520665593129,10.064412238325282,1.0735373054213635,65.552871712292,8.816425120772946,1.5365002683843263,1.865271068169619,,,,,
58,5.01207729468599,5.709876543209877,9.802737520128824,0.9326355340848095,68.71309715512614,6.300322061191626,1.4492753623188406,2.0799785292538915,,,,,
59,5.132850241545894,5.709876543209877,9.802737520128824,0.9326355340848095,68.27697262479872,6.072195383789587,1.9927536231884058,2.0799785292538915,,,,,
60,5.3341384863123995,5.709876543209877,9.708803005904455,1.2010198604401503,67.80730005367687,6.072195383789587,1.9122383252818036,2.254428341384863,,,,,
61,5.112721417069243,5.139559849704777,9.708803005904455,2.8784219001610305,64.43236714975845,8.756038647342995,1.9122383252818036,2.059849704777241,,,,,
62,4.810789049919484,5.0791733762748255,9.708803005904455,2.8515834675254963,58.340042941492214,16.358024691358025,1.2681159420289856,1.583467525496511,,,,,
63,4.918142780461621,4.294149221685454,7.105475040257649,2.475845410628019,58.52120236178207,19.83360171765969,1.2681159420289856,1.583467525496511,,,,,
64,4.931561996779388,4.294149221685454,7.105475040257649,2.475845410628019,58.5077831454643,19.659151905528716,1.2681159420289856,1.583467525496511,0.17444981213097155,,,,
65,5.146269457863661,4.26731078904992,7.105475040257649,2.4490069779924855,58.06494900697799,19.585346215780998,1.2681159420289856,1.9390767579173376,0.17444981213097155,,,,
66,5.24020397208803,4.26731078904992,6.273483628556092,2.4490069779924855,54.28073000536769,24.10762211486849,1.2681159420289856,1.9390767579173376,0.17444981213097155,,,,
67,5.448201825013419,4.26731078904992,6.239935587761675,2.4490069779924855,53.737251744498124,23.58427267847558,1.2681159420289856,2.6704240472356413,0.33548040794417605,,,,
68,5.441492216854535,4.26731078904992,6.1862587224906065,2.4154589371980677,56.91760601180891,21.014492753623188,1.0802469135802468,2.341653247450349,0.33548040794417605,,,,
69,4.092860976918948,12.332259796027913,4.341116478797638,2.15378421900161,54.750402576489535,18.78690284487386,0.7648953301127214,2.442297369833602,0.33548040794417605,,,,
70,3.69699409554482,11.225174449812132,4.341116478797638,2.0531400966183573,56.29361245303274,18.632581857219538,0.7648953301127214,2.657004830917874,0.33548040794417605,,,,
71,3.3011272141706924,11.20504562533548,4.341116478797638,1.9726247987117553,61.292270531400966,14.566559312936125,0.8454106280193237,2.1403650026838434,0.33548040794417605,,,,
72,3.3950617283950617,11.20504562533548,4.334406870638754,1.9726247987117553,61.01717659688674,14.566559312936125,0.8454106280193237,2.328234031132582,0.33548040794417605,,,,
73,3.6366076221148687,11.20504562533548,4.334406870638754,1.9726247987117553,61.64117015566291,13.506441223832528,0.8454106280193237,2.522812667740204,0.33548040794417605,,,,
74,3.7573805689747717,9.91009125067096,5.743424584004294,1.9457863660762211,61.500268384326354,13.493022007514762,0.7917337627482555,2.522812667740204,0.33548040794417605,,,,
75,3.864734299516908,9.91009125067096,5.743424584004294,1.9457863660762211,61.40633387010199,13.486312399355878,0.7917337627482555,2.5161030595813205,0.33548040794417605,,,,
76,3.92512077294686,9.91009125067096,5.642780461621041,1.9457863660762211,58.63526570048309,13.486312399355878,0.7917337627482555,5.3274288781535155,0.33548040794417605,,,,
77,4.019055287171229,9.88996242619431,5.642780461621041,1.9457863660762211,58.57487922705314,13.47289318303811,0.7917337627482555,5.3274288781535155,0.33548040794417605,,,,
78,4.146537842190016,9.88996242619431,5.642780461621041,1.9457863660762211,58.13875469672571,13.446054750402576,0.7917337627482555,5.662909286097692,0.33548040794417605,,,,
79,4.3545356951154055,9.842995169082126,5.629361245303274,1.9457863660762211,57.749597423510465,13.419216317767042,0.7917337627482555,5.931293612453032,0.33548040794417605,,,,
80,4.468599033816425,9.842995169082126,7.320182501341922,2.3550724637681157,55.70987654320987,13.24476650563607,0.7917337627482555,5.931293612453032,0.33548040794417605,,,,
81,4.5893719806763285,9.77589908749329,7.286634460547504,2.3550724637681157,55.70987654320987,13.238056897477188,0.7917337627482555,5.917874396135265,0.33548040794417605,,,,
82,3.656736446591519,7.729468599033816,7.286634460547504,1.0466988727858293,63.016639828234034,10.23215244229737,0.7917337627482555,5.904455179817498,0.33548040794417605,,,,
83,3.8915727321524423,7.729468599033816,7.1658615136876005,1.247987117552335,62.915995705850776,10.017444981213098,0.7917337627482555,5.904455179817498,0.33548040794417605,,,,
84,4.05931293612453,7.702630166398282,7.112184648416532,1.247987117552335,62.8690284487386,10.017444981213098,0.7917337627482555,5.864197530864198,0.33548040794417605,,,,
85,4.575952764358561,7.648953301127214,7.112184648416532,1.6035963499731616,61.922973698336016,10.017444981213098,0.7917337627482555,5.991680085882985,0.33548040794417605,,,,
86,4.609500805152979,7.648953301127214,8.943907675791733,1.6035963499731616,60.34621578099839,9.957058507783145,0.7917337627482555,5.857487922705314,0.24154589371980675,,,,
87,4.817498658078368,7.648953301127214,8.910359634997317,1.6035963499731616,60.15163714439077,9.856414385399892,0.9259259259259259,5.844068706387547,0.24154589371980675,,,,
88,5.065754159957058,7.648953301127214,8.641975308641975,1.778046162104133,59.648416532474506,9.856414385399892,1.5029522275899088,5.615942028985507,0.24154589371980675,,,,
89,5.112721417069243,7.461084272678476,8.641975308641975,1.9592055823939882,59.628287707997856,9.836285560923242,1.5029522275899088,5.615942028985507,0.24154589371980675,,,,
90,4.87788513150832,7.461084272678476,8.05823939881911,1.5230810520665594,62.9495437466452,9.75577026301664,1.5029522275899088,3.6902844873859366,0.18115942028985507,,,,
91,4.938271604938271,7.440955448201825,8.051529790660226,2.0263016639828235,62.513419216317764,9.75577026301664,1.5029522275899088,3.589640365002684,0.18115942028985507,,,,
92,5.01207729468599,7.4141170155662905,9.098228663446054,2.0263016639828235,61.32581857219538,9.73564143853999,1.5029522275899088,3.7037037037037037,0.18115942028985507,,,,
93,5.146269457863661,7.4141170155662905,9.098228663446054,2.0263016639828235,61.231884057971016,9.695383789586689,1.5029522275899088,3.7037037037037037,0.18115942028985507,,,,
94,5.139559849704777,7.4141170155662905,9.07139023081052,3.435319377348363,59.88996242619431,9.500805152979066,1.5029522275899088,3.7037037037037037,0.3421900161030596,,,,
95,5.199946323134729,5.924584004294149,11.500268384326356,3.3950617283950617,59.024422973698336,9.366612989801396,1.5029522275899088,3.824476650563607,0.2616747181964573,,,,
96,5.267042404723564,5.924584004294149,11.500268384326356,3.3950617283950617,58.84997316156736,9.366612989801396,1.5029522275899088,3.9318303811057436,0.2616747181964573,,,,
97,4.938271604938271,5.877616747181965,11.500268384326356,2.0933977455716586,63.33199141170156,7.011540526033279,1.1808910359634996,3.9049919484702094,0.1610305958132045,,,,
98,4.958400429414922,5.877616747181965,11.500268384326356,2.046430488459474,60.929951690821255,9.46725711218465,1.1808910359634996,3.878153515834675,0.1610305958132045,,,,
99,5.166398282340311,5.864197530864198,11.466720343531938,2.0263016639828235,60.83601717659689,9.420289855072463,1.1808910359634996,3.878153515834675,0.1610305958132045,,,,
100,5.273752012882448,5.864197530864198,11.466720343531938,2.0263016639828235,60.76221148684917,9.420289855072463,1.1808910359634996,3.844605475040258,0.1610305958132045,,,,
101,5.132850241545894,5.850778314546431,11.439881910896403,2.0263016639828235,55.43478260869565,15.13016639828234,1.1607622114868492,3.6634460547504024,0.1610305958132045,,,,
102,5.300590445517981,5.844068706387547,11.33923778851315,2.0263016639828235,55.119431025228124,15.13016639828234,1.1607622114868492,3.7640901771336552,0.3153515834675255,,,,
103,5.448201825013419,5.844068706387547,11.33923778851315,2.0263016639828235,54.61621041331186,15.076489533011273,1.1607622114868492,4.17337627482555,0.3153515834675255,,,,
104,5.636070853462158,5.844068706387547,11.198336017176597,1.6706924315619969,54.00563607085346,15.559581320450885,1.1607622114868492,4.609500805152979,0.3153515834675255,,,,
105,5.763553408480945,5.844068706387547,11.11111111111111,1.6706924315619969,53.90499194847021,15.519323671497585,1.1607622114868492,4.7101449275362315,0.3153515834675255,,,,
106,5.958132045088567,4.045893719806763,11.077563070316694,1.8518518518518519,52.341653247450346,17.357756307031668,2.38191089640365,4.676596886741814,0.30864197530864196,,,,
107,6.199677938808374,4.019055287171229,11.037305421363392,2.059849704777241,51.650563607085346,17.330917874396135,2.38191089640365,5.01207729468599,0.30864197530864196,,,,
108,6.4345142243692965,3.92512077294686,11.017176596886742,1.932367149758454,50.436124530327426,18.55877616747182,2.38191089640365,5.01207729468599,0.30193236714975846,,,,
109,6.327160493827161,2.1604938271604937,10.527375201288244,1.932367149758454,50.30864197530864,20.90042941492217,2.38191089640365,5.159688674181428,0.30193236714975846,,,,
110,6.320450885668277,2.1604938271604937,10.513955984970478,1.932367149758454,50.053676865271065,20.658883521202362,2.3617820719269993,5.6964573268921095,0.30193236714975846,,,,
111,6.515029522275899,2.147074610842727,11.33923778851315,1.932367149758454,49.67122920021471,20.061728395061728,2.3617820719269993,5.649490069779925,0.322061191626409,,,,
112,6.642512077294686,2.147074610842727,11.33923778851315,1.9189479334406871,49.55716586151369,20.061728395061728,2.3617820719269993,5.649490069779925,0.322061191626409,,,,
113,6.716317767042405,2.147074610842727,11.406333870101985,1.8786902844873858,49.4699409554482,20.034889962426195,2.61003757380569,5.414653784219001,0.322061191626409,,,,
114,6.78341384863124,2.147074610842727,11.406333870101985,1.8786902844873858,48.91304347826087,20.014761137949545,3.140096618357488,5.401234567901234,0.3153515834675255,,,,
115,7.011540526033279,2.13365539452496,11.406333870101985,1.8786902844873858,48.429951690821255,20.001341921631777,3.113258185721954,5.709876543209877,0.3153515834675255,,,,
116,7.092055823939882,2.13365539452496,11.352657004830919,2.26784755770263,48.17498658078368,19.961084272678477,2.9924852388620504,5.709876543209877,0.3153515834675255,,,,
117,6.642512077294686,2.13365539452496,10.742082662372518,1.6908212560386473,48.752012882447666,21.712292002147073,2.7442297369833604,5.092592592592593,0.48980139559849706,,,,
118,6.91760601180891,2.13365539452496,10.379763821792807,1.6908212560386473,48.39640365002684,21.64519592055824,3.1065485775630703,5.24020397208803,0.48980139559849706,,,,
119,7.058507783145465,2.13365539452496,10.379763821792807,1.6908212560386473,48.289049919484704,21.537842190016104,3.1065485775630703,5.226784755770263,0.5770263016639828,,,,
120,7.011540526033279,2.13365539452496,10.352925389157273,1.6908212560386473,48.11460010735373,21.484165324745035,3.488996242619431,5.146269457863661,0.5770263016639828,,,,
121,7.1725711218464845,2.0799785292538915,10.238862050456254,1.6774020397208802,47.58454106280193,21.464036500268385,3.488996242619431,5.736714975845411,0.5568974771873323,,,,
122,7.051798174986581,2.0799785292538915,10.238862050456254,1.9256575415995705,44.60547504025765,24.456521739130434,3.44873859366613,5.636070853462158,0.5568974771873323,,,,
123,7.092055823939882,2.0665593129361244,10.178475577026301,1.9122383252818036,44.59205582393988,24.208266237251745,3.44873859366613,5.9447128287707995,0.5568974771873323,,,,
124,7.380568974771873,2.0397208803005906,10.138217928073,1.9122383252818036,44.08883521202362,24.174718196457327,3.8848631239935587,5.857487922705314,0.5233494363929146,,,,
125,1.2681159420289856,78.44202898550725,5.622651637144391,0.7648953301127214,6.870638754696726,4.8443370907139025,0.8252818035426731,0.8387010198604401,0.5233494363929146,,,,
126,1.5365002683843263,78.23403113258186,5.562265163714439,0.7648953301127214,6.870638754696726,4.8443370907139025,0.8252818035426731,0.8387010198604401,0.5233494363929146,,,,
127,1.9122383252818036,64.96242619431025,5.535426731078905,13.352120236178207,6.870638754696726,4.8443370907139025,0.8252818035426731,0.8387010198604401,0.5233494363929146,0.33548040794417605,,,
128,2.15378421900161,64.85507246376811,5.522007514761138,13.291733762748256,6.810252281266774,4.8443370907139025,0.8252818035426731,0.8387010198604401,0.5233494363929146,0.33548040794417605,,,
129,2.227589908749329,62.88244766505636,5.522007514761138,15.190552871712292,6.810252281266774,4.8443370907139025,0.8252818035426731,0.8387010198604401,0.5233494363929146,0.33548040794417605,,,
130,2.046430488459474,59.80944712828771,3.4017713365539453,15.029522275899087,6.4412238325281805,11.252012882447666,0.7447665056360708,0.7246376811594203,0.2147074610842727,0.33548040794417605,,,
131,2.1403650026838434,59.76247987117552,3.3950617283950617,15.029522275899087,6.407675791733762,11.245303274288782,0.7447665056360708,0.7246376811594203,0.2147074610842727,0.33548040794417605,,,
132,2.314814814814815,55.823939881910896,3.3950617283950617,18.820450885668276,6.407675791733762,11.238593666129898,0.7246376811594203,0.7246376811594203,0.2147074610842727,0.33548040794417605,,,
133,2.38191089640365,55.75684380032206,3.3950617283950617,18.820450885668276,6.407675791733762,11.238593666129898,0.7246376811594203,0.7246376811594203,0.2147074610842727,0.33548040794417605,,,
134,2.4490069779924855,55.70987654320987,3.3950617283950617,18.820450885668276,6.387546967257112,11.151368760064413,0.7246376811594203,0.8118625872249061,0.2147074610842727,0.33548040794417605,,,
135,2.5697799248523885,55.662909286097694,3.3950617283950617,18.78690284487386,6.347289318303811,10.970209339774557,0.7246376811594203,0.8118625872249061,0.39586688137412773,0.33548040794417605,,,
136,2.636876006441224,55.59581320450886,3.3816425120772946,18.686258722490606,6.293612453032743,10.715244229736983,0.9259259259259259,0.7783145464304885,0.6508319914117016,0.33548040794417605,,,
137,2.6704240472356413,55.57568438003221,3.3816425120772946,18.686258722490606,6.293612453032743,10.701825013419215,0.9259259259259259,0.7783145464304885,0.6508319914117016,0.33548040794417605,,,
138,2.7979066022544283,55.475040257648956,3.3816425120772946,18.686258722490606,6.266774020397209,10.701825013419215,0.9259259259259259,0.7783145464304885,0.6508319914117016,0.33548040794417605,,,
139,2.952227589908749,55.3341384863124,3.3816425120772946,18.686258722490606,6.253354804079442,10.567632850241546,0.9259259259259259,0.7783145464304885,0.785024154589372,0.33548040794417605,,,
140,3.026033279656468,55.2133655394525,3.3816425120772946,18.370907139023082,6.253354804079442,10.547504025764896,1.3217928073000538,0.7648953301127214,0.785024154589372,0.33548040794417605,,,
141,3.0327428878153517,54.79736983360172,3.8043478260869565,18.357487922705314,6.253354804079442,10.547504025764896,1.3217928073000538,0.7648953301127214,0.785024154589372,0.33548040794417605,,,
142,3.3145464304884595,54.61621041331186,3.8043478260869565,18.256843800322063,6.239935587761675,10.46027911969941,1.3217928073000538,0.8655394524959742,0.785024154589372,0.33548040794417605,,,
143,3.4957058507783145,54.50214707461084,3.8043478260869565,18.189747718733226,6.239935587761675,10.46027911969941,1.3217928073000538,0.8655394524959742,0.785024154589372,0.33548040794417605,,,
144,3.717122920021471,54.37466451959206,3.8043478260869565,18.230005367686527,6.112453032742888,9.822866344605474,1.9793344068706387,0.8655394524959742,0.7581857219538379,0.33548040794417605,,,
145,3.81105743424584,53.817767042404725,3.8043478260869565,18.706387546967257,6.099033816425121,9.822866344605474,1.9793344068706387,0.8655394524959742,0.7581857219538379,0.33548040794417605,,,
146,3.9519592055823938,53.676865271068166,3.8043478260869565,18.706387546967257,6.099033816425121,9.822866344605474,1.9793344068706387,0.8655394524959742,0.7581857219538379,0.33548040794417605,,,
147,4.320987654320987,53.34138486312399,3.8043478260869565,18.699677938808374,5.904455179817498,9.816156736446592,1.9793344068706387,1.0466988727858293,0.7514761137949544,0.33548040794417605,,,
148,4.7638217928073,52.85829307568438,3.8043478260869565,18.35077831454643,5.689747718733226,9.816156736446592,1.9793344068706387,1.6505636070853462,0.7514761137949544,0.33548040794417605,,,
149,4.636339237788513,45.67901234567901,12.52012882447665,18.59903381642512,3.7037037037037037,9.816156736446592,1.9793344068706387,1.9793344068706387,0.7514761137949544,0.33548040794417605,,,
150,4.750402576489533,45.60520665593129,12.52012882447665,18.57890499194847,3.7037037037037037,9.816156736446592,1.9592055823939882,1.9793344068706387,0.7514761137949544,0.33548040794417605,,,
151,4.830917874396135,45.60520665593129,12.52012882447665,18.552066559312937,3.6500268384326353,9.816156736446592,1.9592055823939882,1.9793344068706387,0.7514761137949544,0.33548040794417605,,,
152,4.958400429414922,45.54482018250134,12.493290391841116,18.51851851851852,3.6500268384326353,9.809447128287708,1.9592055823939882,1.9793344068706387,0.7514761137949544,0.33548040794417605,,,
153,5.0858829844337095,45.511272141706925,12.4597423510467,18.19645732689211,3.6500268384326353,9.749060654857756,1.9592055823939882,1.9793344068706387,0.7514761137949544,0.33548040794417605,0.322061191626409,,
154,5.139559849704777,45.45759527643585,12.4597423510467,18.19645732689211,3.6500268384326353,9.749060654857756,1.9592055823939882,1.9793344068706387,0.7514761137949544,0.33548040794417605,0.322061191626409,,
155,5.166398282340311,45.44417606011809,12.4597423510467,18.183038110574344,3.6500268384326353,9.749060654857756,1.9592055823939882,1.9793344068706387,0.7514761137949544,0.33548040794417605,0.322061191626409,,
156,5.293880837359098,45.1556629092861,12.359098228663447,18.12265163714439,3.6500268384326353,9.722222222222221,2.4691358024691357,1.9793344068706387,0.7514761137949544,0.17444981213097155,0.322061191626409,,
157,5.401234567901234,45.12211486849168,12.298711755233494,18.109232420826622,3.6500268384326353,9.473966720343531,2.4691358024691357,1.9793344068706387,0.9997316156736447,0.17444981213097155,0.322061191626409,,
158,5.703166935050993,44.87385936661299,12.258454106280194,18.109232420826622,3.6500268384326353,9.460547504025765,2.4691358024691357,1.9793344068706387,0.9997316156736447,0.17444981213097155,0.322061191626409,,
159,5.656199677938808,44.36392914653784,12.258454106280194,18.968062265163713,3.6500268384326353,8.99087493290392,2.636876006441224,1.9793344068706387,0.9997316156736447,0.17444981213097155,0.322061191626409,,
160,5.958132045088567,44.16264090177134,12.245034889962426,18.914385399892645,3.6500268384326353,8.957326892109501,2.636876006441224,1.9793344068706387,0.9997316156736447,0.17444981213097155,0.322061191626409,,
161,6.132581857219538,43.53193773483628,14.023081052066559,18.760064412238325,3.603059581320451,8.246108427267847,2.38191089640365,1.9793344068706387,0.8454106280193237,0.17444981213097155,0.322061191626409,,
162,6.146001073537305,43.51851851851852,13.741277509393452,18.760064412238325,3.603059581320451,8.246108427267847,2.6637144390767578,1.9793344068706387,0.8454106280193237,0.17444981213097155,0.322061191626409,,
163,6.286902844873859,43.484970477724104,13.633923778851315,18.760064412238325,3.603059581320451,8.246108427267847,2.6637144390767578,1.9793344068706387,0.8454106280193237,0.17444981213097155,0.322061191626409,,
164,6.347289318303811,43.162909286097694,13.573537305421363,19.0150295222759,3.603059581320451,8.246108427267847,2.6637144390767578,1.9524959742351047,0.8454106280193237,0.17444981213097155,0.322061191626409,0.0939345142243693,
165,6.447933440687064,43.11594202898551,13.573537305421363,18.988191089640367,3.569511540526033,8.21256038647343,3.113258185721954,1.5432098765432098,0.8454106280193237,0.17444981213097155,0.322061191626409,0.0939345142243693,
166,6.468062265163715,43.10252281266774,13.499731615673644,18.988191089640367,3.569511540526033,8.21256038647343,3.113258185721954,1.5432098765432098,0.8454106280193237,0.17444981213097155,0.38915727321524424,0.0939345142243693,
167,6.582125603864735,43.09581320450886,13.47289318303811,18.988191089640367,3.569511540526033,8.132045088566828,3.113258185721954,1.5432098765432098,0.8454106280193237,0.17444981213097155,0.38915727321524424,0.0939345142243693,
168,6.749865807836822,42.53220611916264,13.47289318303811,19.410896403650028,3.569511540526033,8.105206655931294,3.113258185721954,1.5432098765432098,0.8454106280193237,0.17444981213097155,0.38915727321524424,0.0939345142243693,
169,7.212828770799785,42.0222758990875,13.378958668813741,19.53166935050993,3.549382716049383,8.044820182501342,2.791196994095545,1.9927536231884058,0.8185721953837896,0.17444981213097155,0.38915727321524424,0.0939345142243693,
170,7.340311325818572,42.008856682769725,12.93612453032743,19.49141170155663,3.549382716049383,8.044820182501342,2.791196994095545,1.9659151905528718,1.2144390767579174,0.17444981213097155,0.38915727321524424,0.0939345142243693,
171,7.769726247987117,41.659957058507786,12.909286097691895,19.444444444444443,3.549382716049383,8.044820182501342,2.7844873859366612,1.9659151905528718,1.2144390767579174,0.17444981213097155,0.38915727321524424,0.0939345142243693,
172,7.971014492753623,41.55260332796565,12.909286097691895,19.404186795491142,3.5426731078904994,8.024691358024691,2.7844873859366612,1.9390767579173376,1.2144390767579174,0.17444981213097155,0.38915727321524424,0.0939345142243693,
173,8.064949006977992,41.53918411164788,12.909286097691895,19.37734836285561,3.5426731078904994,7.971014492753623,2.7844873859366612,1.9390767579173376,1.2144390767579174,0.17444981213097155,0.38915727321524424,0.0939345142243693,
174,8.158883521202362,41.51234567901235,12.895866881374127,19.33709071390231,3.5426731078904994,7.971014492753623,2.7844873859366612,1.9390767579173376,1.2010198604401503,0.17444981213097155,0.38915727321524424,0.0939345142243693,
175,8.373590982286634,41.33118625872249,12.895866881374127,19.229736983360173,3.5426731078904994,7.937466451959206,2.7844873859366612,1.9390767579173376,1.2010198604401503,0.28180354267310787,0.38915727321524424,0.0939345142243693,
176,8.407139023081053,41.33118625872249,12.895866881374127,19.229736983360173,3.5091250670960816,7.937466451959206,2.7844873859366612,1.9390767579173376,1.2010198604401503,0.28180354267310787,0.38915727321524424,0.0939345142243693,
177,8.467525496511003,41.317767042404725,12.895866881374127,19.182769726247987,3.5091250670960816,7.937466451959206,2.7844873859366612,1.9390767579173376,1.2010198604401503,0.28180354267310787,0.38915727321524424,0.0939345142243693,
178,8.494363929146537,40.84138486312399,12.795222758990874,19.706119162640903,3.5091250670960816,7.937466451959206,2.871712292002147,1.8786902844873858,1.2010198604401503,0.28180354267310787,0.38915727321524424,0.0939345142243693,
179,8.55475040257649,40.78099838969404,12.795222758990874,19.706119162640903,3.5091250670960816,7.937466451959206,2.871712292002147,1.8786902844873858,1.2010198604401503,0.28180354267310787,0.38915727321524424,0.0939345142243693,
180,8.729200214707461,40.713902308105204,12.795222758990874,19.665861513687602,3.4420289855072466,7.937466451959206,2.871712292002147,1.8786902844873858,1.2010198604401503,0.28180354267310787,0.38915727321524424,0.0939345142243693,
181,8.735909822866345,40.33816425120773,12.781803542673108,20.43075684380032,3.307836822329576,7.897208803005904,2.6704240472356413,1.8719806763285025,1.2010198604401503,0.28180354267310787,0.38915727321524424,0.0939345142243693,
182,8.68894256575416,39.95571658615137,12.325550187869029,20.833333333333332,3.280998389694042,9.138486312399356,2.368491680085883,1.442565754159957,1.2010198604401503,0.28180354267310787,0.38915727321524424,0.0939345142243693,
183,8.715780998389693,39.87520128824477,12.412775093934513,20.799785292538918,3.280998389694042,9.138486312399356,2.368491680085883,1.442565754159957,1.2010198604401503,0.28180354267310787,0.38915727321524424,0.0939345142243693,
184,8.910359634997317,39.70746108427268,12.399355877616747,20.799785292538918,3.2675791733762747,9.138486312399356,2.368491680085883,1.442565754159957,1.2010198604401503,0.28180354267310787,0.38915727321524424,0.0939345142243693,
185,9.346484165324744,39.418947933440684,12.338969404186795,20.7662372517445,3.2675791733762747,9.098228663446054,2.368491680085883,1.442565754159957,1.1876006441223832,0.28180354267310787,0.38915727321524424,0.0939345142243693,
186,9.447128287707997,39.049919484702095,12.318840579710145,21.101717659688674,3.2675791733762747,9.064680622651638,2.368491680085883,1.42914653784219,1.1876006441223832,0.28180354267310787,0.38915727321524424,0.0939345142243693,
187,9.50751476113795,38.90230810520666,12.318840579710145,21.18894256575416,3.2675791733762747,9.064680622651638,2.368491680085883,1.42914653784219,1.1876006441223832,0.28180354267310787,0.38915727321524424,0.0939345142243693,
188,9.675254965110037,38.888888888888886,12.305421363392378,21.121846484165324,3.2206119162640903,9.037842190016104,2.368491680085883,1.42914653784219,1.1876006441223832,0.28180354267310787,0.38915727321524424,0.0939345142243693,
189,9.71551261406334,38.85534084809447,12.305421363392378,21.121846484165324,3.2206119162640903,9.037842190016104,2.3617820719269993,1.42914653784219,1.1876006441223832,0.28180354267310787,0.38915727321524424,0.0939345142243693,
190,9.896672034353195,38.707729468599034,12.29200214707461,21.141975308641975,3.2206119162640903,9.01100375738057,2.3617820719269993,1.42914653784219,1.1876006441223832,0.28180354267310787,0.3757380568974772,0.0939345142243693,
191,9.91009125067096,38.707729468599034,12.29200214707461,21.128556092324207,3.2206119162640903,9.01100375738057,2.3617820719269993,1.42914653784219,1.1876006441223832,0.28180354267310787,0.3757380568974772,0.0939345142243693,
192,10.02415458937198,38.67418142780462,12.29200214707461,21.048040794417606,3.2206119162640903,9.01100375738057,2.3617820719269993,1.42914653784219,1.1876006441223832,0.28180354267310787,0.3757380568974772,0.0939345142243693,
193,10.11808910359635,38.63392377885131,12.29200214707461,20.74610842726785,3.2206119162640903,8.997584541062801,2.3617820719269993,1.42914653784219,1.1741814278046163,0.28180354267310787,0.3757380568974772,0.06038647342995169,0.30864197530864196
194,10.178475577026301,38.378958668813745,12.29200214707461,20.74610842726785,3.2206119162640903,8.896940418679549,2.3617820719269993,1.724369296833065,1.1741814278046163,0.28180354267310787,0.3757380568974772,0.06038647342995169,0.30864197530864196
195,10.124798711755233,38.1508319914117,12.184648416532475,20.74610842726785,3.2004830917874396,8.896940418679549,2.804616210413312,1.6908212560386473,1.1741814278046163,0.28180354267310787,0.3757380568974772,0.06038647342995169,0.30864197530864196
196,10.520665593129362,37.9495437466452,12.144390767579173,20.652173913043477,3.2004830917874396,8.84326355340848,2.7979066022544283,1.6908212560386473,1.1741814278046163,0.28180354267310787,0.3757380568974772,0.06038647342995169,0.30864197530864196
197,10.48040794417606,37.25174449812131,12.144390767579173,21.517713365539453,3.0931293612453032,8.84326355340848,2.7241009125067097,1.7444981213097155,1.1741814278046163,0.28180354267310787,0.3757380568974772,0.06038647342995169,0.30864197530864196
198,10.534084809447128,37.25174449812131,12.144390767579173,21.497584541062803,3.0931293612453032,8.84326355340848,2.6972624798711755,1.7444981213097155,1.1741814278046163,0.27509393451422437,0.3757380568974772,0.06038647342995169,0.30864197530864196
199,10.674986580783683,37.17122920021471,12.144390767579173,21.497584541062803,3.0864197530864197,8.829844337090714,2.6637144390767578,1.737788513150832,1.1741814278046163,0.27509393451422437,0.3757380568974772,0.06038647342995169,0.30864197530864196
200,10.903113258185721,37.01690821256039,12.144390767579173,21.464036500268385,3.0595813204508855,8.829844337090714,2.6502952227589907,1.737788513150832,1.1741814278046163,0.27509393451422437,0.3757380568974772,0.06038647342995169,0.30864197530864196
201,10.976918947933441,36.983360171765966,12.13768115942029,21.430488459473967,3.0595813204508855,8.829844337090714,2.6502952227589907,1.737788513150832,1.1741814278046163,0.27509393451422437,0.3757380568974772,0.06038647342995169,0.30864197530864196
202,11.33923778851315,36.90955448201825,12.184648416532475,21.40365002683843,3.0595813204508855,8.662104133118627,2.6435856146001075,1.7310789049919484,1.0466988727858293,0.27509393451422437,0.3757380568974772,0.06038647342995169,0.30864197530864196
203,11.09098228663446,36.882716049382715,11.842458400429415,21.3768115942029,3.052871712292002,9.312936124530328,2.6435856146001075,1.7310789049919484,1.0466988727858293,0.27509393451422437,0.3757380568974772,0.06038647342995169,0.30864197530864196
204,11.117820719269995,36.87600644122383,11.81561996779388,21.477455716586153,2.9723564143853998,9.29951690821256,2.6435856146001075,1.7310789049919484,1.0466988727858293,0.27509393451422437,0.3757380568974772,0.06038647342995169,0.30864197530864196
205,11.41304347826087,36.782071926999464,11.81561996779388,21.336553945249598,2.9723564143853998,9.265968867418144,2.6167471819645733,1.7310789049919484,1.0466988727858293,0.27509393451422437,0.3757380568974772,0.06038647342995169,0.30864197530864196
206,11.460010735373054,36.493558776167475,11.81561996779388,21.175523349436393,2.9723564143853998,8.648684916800859,2.6167471819645733,2.086688137412775,1.710950080515298,0.27509393451422437,0.3757380568974772,0.06038647342995169,0.30864197530864196
207,11.627750939345143,36.493558776167475,11.782071926999464,21.121846484165324,2.9723564143853998,8.648684916800859,2.563070316693505,2.059849704777241,1.710950080515298,0.27509393451422437,0.3757380568974772,0.06038647342995169,0.30864197530864196
208,11.453301127214171,36.47342995169082,11.782071926999464,21.329844337090712,2.9589371980676327,8.648684916800859,2.563070316693505,2.059849704777241,1.710950080515298,0.27509393451422437,0.3757380568974772,0.06038647342995169,0.30864197530864196
209,11.614331723027375,36.47342995169082,11.225174449812132,21.26274825550188,2.9589371980676327,8.393719806763285,2.563070316693505,2.059849704777241,1.8585614600107354,0.27509393451422437,0.9460547504025765,0.06038647342995169,0.30864197530864196
210,11.788781535158346,36.43317230273752,11.158078368223295,21.20907139023081,2.9589371980676327,8.393719806763285,2.5496511003757383,2.059849704777241,1.8585614600107354,0.27509393451422437,0.9460547504025765,0.06038647342995169,0.30864197530864196
211,11.83574879227053,36.3996242619431,11.124530327428879,21.195652173913043,2.932098765432099,8.501073537305421,2.522812667740204,2.059849704777241,1.8384326355340848,0.27509393451422437,0.9460547504025765,0.06038647342995169,0.30864197530864196
212,11.855877616747183,36.39291465378422,10.923242082662373,21.195652173913043,2.932098765432099,8.501073537305421,2.522812667740204,2.059849704777241,1.8384326355340848,0.27509393451422437,1.133923778851315,0.06038647342995169,0.30864197530864196
213,11.922973698336017,36.131239935587764,10.923242082662373,21.195652173913043,2.9119699409554483,8.501073537305421,2.737520128824477,2.059849704777241,1.8384326355340848,0.27509393451422437,1.133923778851315,0.06038647342995169,0.30864197530864196
214,12.124261943102523,36.12453032742888,10.909822866344605,21.121846484165324,2.9052603327965647,8.400429414922169,2.737520128824477,2.059849704777241,1.8384326355340848,0.27509393451422437,1.133923778851315,0.06038647342995169,0.30864197530864196
215,12.164519592055823,35.99704777241009,10.748792270531402,20.799785292538918,2.9052603327965647,8.36688137412775,3.227321524422974,2.059849704777241,1.8384326355340848,0.27509393451422437,1.247987117552335,0.06038647342995169,0.30864197530864196
216,12.399355877616747,35.970209339774556,10.61460010735373,20.799785292538918,2.9052603327965647,8.353462157809984,3.227321524422974,2.0263016639828235,1.8384326355340848,0.27509393451422437,1.221148684916801,0.06038647342995169,0.30864197530864196
