,45,50,51,54,55,53,56,52,58,57,59,60,61
0,97.21551261406334,2.7844873859366612,,,,,,,,,,,
1,97.11486849168008,2.885131508319914,,,,,,,,,,,
2,97.12828770799786,2.871712292002147,,,,,,,,,,,
3,95.8064949006978,4.193505099302201,,,,,,,,,,,
4,88.04347826086956,10.641438539989265,1.3150831991411702,,,,,,,,,,
5,86.85587761674718,11.829039184111648,1.3150831991411702,,,,,,,,,,
6,82.25979602791197,16.015834675254965,1.3150831991411702,0.4092860976918948,,,,,,,,,
7,76.34863123993559,18.760064412238325,4.797369833601718,0.0939345142243693,,,,,,,,,
8,74.61755233494364,20.538110574342458,4.683306494900698,0.0939345142243693,0.06709608158883522,,,,,,,,
9,64.30488459473966,33.984165324745035,1.6505636070853462,,0.06038647342995169,,,,,,,,
10,58.561460010735374,39.72758990874933,1.6505636070853462,,0.06038647342995169,,,,,,,,
11,50.315351583467525,48.63794954374664,0.49651100375738055,,0.5501878690284487,,,,,,,,
12,49.61084272678475,46.4573268921095,0.49651100375738055,,0.5501878690284487,2.885131508319914,,,,,,,
13,40.66022544283414,54.59608158883521,0.49651100375738055,,0.5166398282340311,3.730542136339238,,,,,,,
14,37.59393451422437,57.588566827697264,0.49651100375738055,,0.5904455179817498,3.730542136339238,,,,,,,
15,37.86231884057971,57.33360171765969,0.49651100375738055,,0.5904455179817498,3.717122920021471,,,,,,,
16,38.258185721953836,56.937734836285564,0.49651100375738055,,0.5904455179817498,3.717122920021471,,,,,,,
17,38.55340848094471,56.32716049382716,0.49651100375738055,,0.9326355340848095,3.6902844873859366,,,,,,,
18,38.81508319914117,56.01851851851852,0.49651100375738055,,1.0399892646269457,3.629898013955985,,,,,,,
19,38.808373590982285,56.045356951154055,0.49651100375738055,,1.0399892646269457,3.6097691894793345,,,,,,,
20,39.24449812130972,55.60923242082662,0.49651100375738055,,1.0399892646269457,3.6097691894793345,,,,,,,
21,36.07756307031669,55.662909286097694,3.6500268384326353,,1.0399892646269457,3.569511540526033,,,,,,,
22,35.79575952764358,54.99194847020934,4.455179817498658,0.36902844873859364,0.8454106280193237,3.5426731078904994,,,,,,,
23,35.11137949543747,55.2938808373591,4.428341384863124,0.36902844873859364,1.2546967257112185,3.5426731078904994,,,,,,,
24,33.95061728395062,54.119699409554485,6.582125603864735,0.36902844873859364,1.3352120236178207,3.5292538915727323,0.11406333870101985,,,,,,
25,29.401502952227588,58.964036500268385,6.582125603864735,0.36231884057971014,1.1943102522812667,3.3816425120772946,0.11406333870101985,,,,,,
26,29.696725711218466,57.70263016639828,8.333333333333334,0.3488996242619431,1.865271068169619,1.9390767579173376,0.11406333870101985,,,,,,
27,30.09259259259259,57.41411701556629,8.232689210950081,0.3488996242619431,1.865271068169619,1.932367149758454,0.11406333870101985,,,,,,
28,30.656199677938808,56.94444444444444,8.219269994632313,0.3488996242619431,1.8585614600107354,1.8585614600107354,0.11406333870101985,,,,,,
29,30.917874396135264,56.092324208266234,7.273215244229737,0.3488996242619431,1.9592055823939882,3.2474503488996245,0.1610305958132045,,,,,,
30,26.757917337627482,63.91572732152442,3.938539989264627,0.3488996242619431,2.1135265700483092,2.8650026838432634,0.06038647342995169,,,,,,
31,27.30139559849705,63.486312399355874,3.911701556629093,0.3488996242619431,2.0933977455716586,2.7979066022544283,0.06038647342995169,,,,,,
32,27.616747181964573,63.18438003220612,3.898282340311326,0.3488996242619431,2.0933977455716586,2.7979066022544283,0.06038647342995169,,,,,,
33,27.84487385936661,62.446323134728935,3.851315083199141,0.3488996242619431,2.6838432635534084,2.7643585614600106,0.06038647342995169,,,,,,
34,27.9723564143854,61.18491680085883,3.7909286097691894,0.3488996242619431,2.6301663982823404,4.012345679012346,0.06038647342995169,,,,,,
35,28.395061728395063,60.909822866344605,3.730542136339238,0.3488996242619431,2.5563607085346214,3.9989264626945786,0.06038647342995169,,,,,,
36,26.90552871712292,62.57380568974772,3.6097691894793345,0.3488996242619431,2.5295222758990876,3.9720880300590444,0.06038647342995169,,,,,,
37,27.180622651637144,62.204777241009126,3.589640365002684,0.3488996242619431,2.6838432635534084,3.9318303811057436,0.06038647342995169,,,,,,
38,27.569779924852387,61.75523349436393,3.5762211486849167,0.3488996242619431,2.757648953301127,3.9318303811057436,0.06038647342995169,,,,,,
39,27.811325818572197,61.41975308641975,3.5091250670960816,0.5233494363929146,2.7442297369833604,3.9318303811057436,0.06038647342995169,,,,,,
40,12.224906065485776,79.82420826623725,1.8585614600107354,0.17444981213097155,3.670155662909286,2.187332259796028,0.06038647342995169,,,,,,
41,12.909286097691895,78.9519592055824,1.8115942028985508,0.46296296296296297,3.616478797638218,2.187332259796028,0.06038647342995169,,,,,,
42,12.95625335480408,71.83306494900698,1.8115942028985508,8.480944712828771,3.307836822329576,1.5499194847020934,0.06038647342995169,,,,,,
43,13.493022007514762,67.70665593129361,5.669618894256575,8.252818035426731,3.294417606011809,1.5230810520665594,0.06038647342995169,,,,,,
44,14.103596349973161,66.79414922168546,5.656199677938808,8.172302737520129,3.69699409554482,1.5163714439076759,0.06038647342995169,,,,,,
45,13.747987117552334,64.28475577026302,5.629361245303274,8.165593129361245,3.683574879227053,4.428341384863124,0.06038647342995169,,,,,,
46,14.210950080515298,63.90230810520666,5.535426731078905,8.07836822329576,3.6768652710681695,4.428341384863124,0.16774020397208803,,,,,,
47,14.304884594739667,62.0907139023081,5.488459473966721,9.943639291465379,3.589640365002684,4.414922168545357,0.16774020397208803,,,,,,
48,13.117283950617283,54.92485238862051,14.358561460010735,9.749060654857756,3.2877079978529253,4.394793344068707,0.16774020397208803,,,,,,
49,13.278314546430488,50.577026301663984,14.096886741814279,11.83574879227053,3.2675791733762747,6.776704240472356,0.16774020397208803,,,,,,
50,13.741277509393452,48.41653247450349,13.862050456253355,11.782071926999464,6.005099302200751,5.864197530864198,0.32877079978529256,,,,,,
51,13.848631239935587,47.27589908749329,13.727858293075684,11.782071926999464,7.112184648416532,5.857487922705314,0.39586688137412773,,,,,,
52,14.36527106816962,46.182232957595275,13.694310252281268,11.641170155662909,6.649221685453569,5.528717122920021,0.39586688137412773,1.5432098765432098,,,,,
53,14.908749329039184,45.78636607622115,13.633923778851315,11.56736446591519,6.709608158883521,5.4549114331723025,0.39586688137412773,1.5432098765432098,,,,,
54,14.781266774020397,42.72007514761138,13.56682769726248,10.990338164251208,6.347289318303811,5.233494363929147,0.36902844873859364,5.488459473966721,0.5032206119162641,,,,
55,15.297906602254429,42.50536768652711,13.39237788513151,10.876274825550189,5.938003220611916,4.770531400966184,0.36902844873859364,6.347289318303811,0.5032206119162641,,,,
56,15.68035426731079,42.049114331723025,13.318572195383789,10.869565217391305,6.1862587224906065,4.723564143853999,0.36902844873859364,6.300322061191626,0.5032206119162641,,,,
57,16.035963499731615,40.90848094471283,13.217928073000536,10.795759527643586,7.1658615136876005,4.723564143853999,0.36902844873859364,6.293612453032743,0.48980139559849706,,,,
58,16.264090177133657,40.405260332796566,12.922705314009661,10.997047772410092,7.286634460547504,4.723564143853999,0.6239935587761675,6.286902844873859,0.48980139559849706,,,,
59,16.42512077294686,38.37224906065486,12.822061191626409,10.889694041867955,7.071926999463232,3.9989264626945786,0.6172839506172839,9.312936124530328,0.48980139559849706,,,,
60,16.6935050993022,37.11755233494364,12.761674718196458,10.88298443370907,8.232689210950081,3.9586688137412773,0.6172839506172839,9.245840042941492,0.48980139559849706,,,,
61,16.780730005367687,36.38620504562534,12.640901771336553,10.876274825550189,8.172302737520129,4.87788513150832,0.6038647342995169,9.172034353193773,0.48980139559849706,,,,
62,16.304347826086957,34.4068706387547,8.433977455716587,12.882447665056361,8.319914117015566,4.790660225442834,0.7514761137949544,13.573537305421363,0.48980139559849706,0.04696725711218465,,,
63,16.861245303274288,34.10493827160494,8.199141170155663,12.754965110037574,8.192431561996779,5.0791733762748255,0.7514761137949544,13.519860440150294,0.48980139559849706,0.04696725711218465,,,
64,17.11621041331186,33.621846484165324,8.57487922705314,12.72812667740204,8.185721953837897,5.065754159957058,0.7246376811594203,13.372249060654857,0.48980139559849706,0.12077294685990338,,,
65,17.330917874396135,33.541331186258724,8.57487922705314,12.694578636607622,8.132045088566828,5.038915727321524,0.7246376811594203,13.352120236178207,0.48980139559849706,0.12077294685990338,,,
66,17.67981749865808,33.293075684380035,8.494363929146537,12.580515297906603,8.199141170155663,5.01207729468599,0.8118625872249061,13.33870101986044,0.46967257112184646,0.12077294685990338,,,
67,17.364465915190554,32.87707997852925,6.031937734836285,12.151100375738057,8.917069243156199,8.997584541062801,0.6508319914117016,12.419484702093397,0.46967257112184646,0.12077294685990338,,,
68,17.20343531937735,31.964573268921097,6.011808910359635,12.077294685990339,8.997584541062801,8.964036500268385,0.6508319914117016,13.539989264626946,0.46967257112184646,0.12077294685990338,,,
69,4.30756843800322,72.2691894793344,3.5426731078904994,10.983628556092324,3.1333870101986045,2.737520128824477,0.12077294685990338,2.4691358024691357,0.38915727321524424,0.04696725711218465,,,
70,4.924852388620504,71.71900161030595,3.5426731078904994,10.95679012345679,3.1870638754696725,2.6838432635534084,0.10735373054213634,2.442297369833602,0.38915727321524424,0.04696725711218465,,,
71,5.488459473966721,71.32984433709072,3.535963499731616,10.869565217391305,3.1736446591519054,2.6838432635534084,0.10735373054213634,2.4154589371980677,0.38915727321524424,0.0067096081588835215,,,
72,5.763553408480945,70.43075684380032,5.407944176060118,10.299248523886206,2.509393451422437,2.6704240472356413,0.10735373054213634,2.4154589371980677,0.38915727321524424,0.0067096081588835215,,,
73,6.219806763285024,69.76650563607086,5.340848094471283,10.265700483091788,2.818035426731079,2.6704240472356413,0.10735373054213634,2.4154589371980677,0.38915727321524424,0.0067096081588835215,,,
74,6.6760601180891035,68.29039184111647,5.307300053676865,9.46725711218465,3.9049919484702094,3.052871712292002,0.7380568974771873,2.4154589371980677,0.14090177133655393,0.0067096081588835215,,,
75,7.1725711218464845,67.90123456790124,5.273752012882448,9.433709071390231,3.878153515834675,3.0394524959742353,0.7380568974771873,2.4154589371980677,0.14090177133655393,0.0067096081588835215,,,
76,7.601986044015029,67.52549651100375,5.22007514761138,9.46725711218465,3.8714439076757916,3.0327428878153517,0.7380568974771873,2.395330112721417,0.14090177133655393,0.0067096081588835215,,,
77,8.205850778314547,66.99543746645196,5.152979066022544,9.400161030595813,3.8848631239935587,3.0327428878153517,0.7380568974771873,2.395330112721417,0.14090177133655393,0.05367686527106817,,,
78,8.722490606548577,66.12989801395598,5.132850241545894,9.380032206119163,4.280730005367687,3.0327428878153517,0.7380568974771873,2.3886205045625335,0.14090177133655393,0.05367686527106817,,,
79,9.453837895866881,65.33145464304884,5.112721417069243,9.312936124530328,4.435050993022007,3.0327428878153517,0.7380568974771873,2.3886205045625335,0.14090177133655393,0.05367686527106817,,,
80,9.842995169082126,64.60010735373054,5.072463768115942,9.245840042941492,4.904723564143854,3.012614063338701,0.7380568974771873,2.3886205045625335,0.14090177133655393,0.05367686527106817,,,
81,10.23215244229737,64.07004830917874,5.038915727321524,9.225711218464841,5.112721417069243,2.999194847020934,0.7380568974771873,2.3886205045625335,0.14090177133655393,0.05367686527106817,,,
82,10.305958132045088,63.016639828234034,5.018786902844874,9.07139023081052,4.804079441760601,2.8650026838432634,0.630703166935051,4.092860976918948,0.14090177133655393,0.05367686527106817,,,
83,10.560923242082662,62.0504562533548,5.018786902844874,9.41358024691358,4.783950617283951,2.8247450348899625,1.0601180891035964,4.092860976918948,0.14090177133655393,0.05367686527106817,,,
84,11.05072463768116,60.527375201288244,4.978529253891573,9.380032206119163,5.971551261406334,2.8247450348899625,1.0198604401502953,4.079441760601181,0.14090177133655393,0.026838432635534086,,,
85,11.044015029522276,59.594739667203434,4.8443370907139025,9.339774557165862,5.971551261406334,3.9519592055823938,1.0064412238325282,4.079441760601181,0.14090177133655393,0.026838432635534086,,,
86,11.621041331186259,59.18545356951154,4.830917874396135,9.312936124530328,5.911164787976382,3.9519592055823938,0.9997316156736447,4.019055287171229,0.14090177133655393,0.026838432635534086,,,
87,11.963231347289318,58.78958668813741,4.830917874396135,9.252549651100376,6.038647342995169,3.9519592055823938,0.9997316156736447,4.005636070853462,0.14090177133655393,0.026838432635534086,,,
88,12.070585077831455,58.54804079441761,4.824208266237251,9.111647879763822,6.139291465378422,4.17337627482555,0.9997316156736447,3.965378421900161,0.14090177133655393,0.026838432635534086,,,
89,12.654320987654321,58.07836822329576,4.810789049919484,9.017713365539452,6.139291465378422,4.17337627482555,0.9997316156736447,3.9586688137412773,0.14090177133655393,0.026838432635534086,,,
90,13.110574342458401,57.68250134192163,4.730273752012883,9.601449275362318,6.085614600107354,4.17337627482555,0.9997316156736447,3.44873859366613,0.14090177133655393,0.026838432635534086,,,
91,13.513150831991412,56.93102522812668,4.7168545356951155,9.574610842726784,6.474771873322598,4.17337627482555,0.9997316156736447,3.44873859366613,0.14090177133655393,0.026838432635534086,,,
92,13.868760064412239,56.434514224369295,4.676596886741814,9.514224369296834,6.723027375201288,4.139828234031133,1.0466988727858293,3.4286097691894795,0.14090177133655393,0.026838432635534086,,,
93,14.096886741814279,54.95840042941492,4.622920021470746,9.212292002147075,8.333333333333334,4.139828234031133,1.0466988727858293,3.4286097691894795,0.14090177133655393,0.020128824476650563,,,
94,14.573268921095009,54.65646806226516,4.5960815888352125,9.104938271604938,8.373590982286634,4.126409017713366,1.0466988727858293,3.361513687600644,0.14090177133655393,0.020128824476650563,,,
95,14.969135802469136,53.11996779388084,4.562533548040794,9.05126140633387,9.943639291465379,3.797638217928073,1.0466988727858293,3.3480944712828773,0.14090177133655393,0.020128824476650563,,,
96,15.432098765432098,52.865002683843265,4.562533548040794,8.970746108427267,9.86983360171766,3.730542136339238,1.0869565217391304,3.321256038647343,0.14090177133655393,0.020128824476650563,,,
97,15.519323671497585,51.38217928073001,4.508856682769726,8.950617283950617,11.392914653784219,3.69699409554482,1.0869565217391304,3.3011272141706924,0.14090177133655393,0.020128824476650563,,,
98,15.915190552871712,51.21443907675792,4.508856682769726,8.82313472893183,11.29898013955985,3.656736446591519,1.0131508319914118,3.2877079978529253,0.14090177133655393,0.020128824476650563,0.12077294685990338,,
99,16.33118625872249,50.919216317767045,4.502147074610843,8.776167471819646,11.2788513150832,3.6500268384326353,1.0131508319914118,3.2474503488996245,0.14090177133655393,0.020128824476650563,0.12077294685990338,,
100,16.606280193236714,50.68438003220612,4.502147074610843,8.849973161567364,11.18491680085883,3.6500268384326353,1.0131508319914118,3.227321524422974,0.14090177133655393,0.020128824476650563,0.12077294685990338,,
101,16.7337627482555,49.90606548577563,4.206924315619967,8.849973161567364,11.097691894793345,4.696725711218465,1.0131508319914118,3.2139023081052067,0.14090177133655393,0.020128824476650563,0.12077294685990338,,
102,16.99543746645196,49.61084272678475,4.206924315619967,8.715780998389693,11.198336017176597,4.656468062265164,0.9728931830381106,3.2139023081052067,0.2885131508319914,0.020128824476650563,0.12077294685990338,,
103,17.485238862050455,49.28878153515835,4.17337627482555,9.205582393988191,10.748792270531402,4.53569511540526,0.9728931830381106,3.1602254428341383,0.2885131508319914,0.020128824476650563,0.12077294685990338,,
104,17.733494363929147,49.013687600644126,4.17337627482555,9.178743961352657,10.815888352120236,4.528985507246377,0.966183574879227,3.1602254428341383,0.2885131508319914,0.020128824476650563,0.12077294685990338,,
105,18.323939881910896,48.62453032742888,3.9452495974235107,9.07139023081052,11.238593666129898,4.280730005367687,0.95276435856146,3.1333870101986045,0.2885131508319914,0.020128824476650563,0.12077294685990338,,
106,18.80703166935051,48.34272678475577,3.938539989264627,9.03113258185722,11.144659151905529,4.2203435319377345,0.95276435856146,3.1333870101986045,0.2885131508319914,0.020128824476650563,0.12077294685990338,,
107,19.07541599570585,48.18169618894257,3.9184111647879765,9.03113258185722,11.124530327428879,4.166666666666667,0.9393451422436929,3.1333870101986045,0.2885131508319914,0.020128824476650563,0.12077294685990338,,
108,19.726247987117553,47.87305421363392,3.824476650563607,8.849973161567364,10.997047772410092,4.159957058507783,0.9393451422436929,3.1333870101986045,0.2885131508319914,0.020128824476650563,0.1878690284487386,,
109,20.21604938271605,47.58454106280193,3.8177670424047236,8.809715512614064,10.909822866344605,4.139828234031133,0.9393451422436929,3.099838969404187,0.27509393451422437,0.020128824476650563,0.1878690284487386,,
110,20.558239398819108,47.44363929146538,3.8177670424047236,8.769457863660762,10.802469135802468,4.126409017713366,0.9326355340848095,3.066290928609769,0.27509393451422437,0.020128824476650563,0.1878690284487386,,
111,20.974235104669887,47.25577026301664,3.8177670424047236,8.76274825550188,10.681696188942565,4.126409017713366,0.9057971014492754,2.9924852388620504,0.27509393451422437,0.020128824476650563,0.1878690284487386,,
112,20.101986044015028,44.36392914653784,3.784219001610306,8.246108427267847,13.935856146001074,5.199946323134729,0.8923778851315083,2.9924852388620504,0.27509393451422437,0.020128824476650563,0.1878690284487386,,
113,19.840311325818572,40.653515834675254,3.770799785292539,11.996779388083736,14.231078904991948,5.139559849704777,0.8923778851315083,2.9924852388620504,0.27509393451422437,0.020128824476650563,0.1878690284487386,,
114,20.30998389694042,40.284487385936664,3.7573805689747717,11.956521739130435,14.002952227589908,5.139559849704777,1.0869565217391304,2.9924852388620504,0.2616747181964573,0.020128824476650563,0.1878690284487386,,
115,20.182501341921633,38.781535158346756,3.7573805689747717,11.949812130971551,15.713902308105206,5.139559849704777,1.0601180891035964,2.945517981749866,0.2616747181964573,0.020128824476650563,0.1878690284487386,,
116,20.50456253354804,38.687600644122384,3.7573805689747717,11.882716049382717,15.60654857756307,5.139559849704777,1.0332796564680622,2.918679549114332,0.2616747181964573,0.020128824476650563,0.1878690284487386,,
117,20.705850778314545,38.35882984433709,3.7238325281803544,11.802200751476114,15.908480944712828,5.10601180891036,1.0332796564680622,2.8918411164787976,0.2616747181964573,0.020128824476650563,0.1878690284487386,,
118,20.974235104669887,38.27831454643049,3.7104133118625873,11.75523349436393,15.827965646806227,5.0858829844337095,1.0265700483091786,2.8784219001610305,0.2549651100375738,0.020128824476650563,0.1878690284487386,,
119,21.557971014492754,37.64090177133655,3.69699409554482,11.634460547504025,16.076221148684915,5.025496511003757,1.0265700483091786,2.8784219001610305,0.2549651100375738,0.020128824476650563,0.1878690284487386,,
120,21.75925925925926,37.184648416532475,3.69699409554482,11.305689747718732,16.67337627482555,5.01207729468599,1.0265700483091786,2.8784219001610305,0.2549651100375738,0.020128824476650563,0.1878690284487386,,
121,22.034353193773484,37.0907139023081,3.683574879227053,11.29898013955985,16.566022544283413,4.99194847020934,1.0265700483091786,2.8515834675254963,0.24825550187869028,0.020128824476650563,0.1878690284487386,,
122,22.457058507783145,36.82903918411165,3.683574879227053,11.218464841653248,16.485507246376812,4.99194847020934,1.0265700483091786,2.8515834675254963,0.24825550187869028,0.020128824476650563,0.1878690284487386,,
123,22.79253891572732,36.62775093934514,3.656736446591519,11.171497584541063,16.445249597423512,4.9718196457326895,1.0265700483091786,2.8515834675254963,0.24825550187869028,0.020128824476650563,0.1878690284487386,,
124,23.17498658078368,36.38620504562534,3.629898013955985,11.09098228663446,16.465378421900162,4.958400429414922,1.0265700483091786,2.818035426731079,0.24825550187869028,0.013419216317767043,0.1878690284487386,,
125,23.557434245840042,36.218464841653244,3.6097691894793345,11.030595813204508,16.358024691358025,4.904723564143854,1.0735373054213635,2.7979066022544283,0.24825550187869028,0.013419216317767043,0.1878690284487386,,
126,23.839237788513152,36.09769189479334,3.6097691894793345,10.963499731615673,16.33118625872249,4.85775630703167,1.0399892646269457,2.6838432635534084,0.24825550187869028,0.14090177133655393,0.1878690284487386,,
127,24.22168545356951,35.76221148684917,3.5829307568438002,10.889694041867955,16.398282340311326,4.8443370907139025,1.0399892646269457,2.6838432635534084,0.24825550187869028,0.14090177133655393,0.1878690284487386,,
128,24.537037037037038,35.67498658078368,3.556092324208266,10.809178743961352,16.317767042404725,4.830917874396135,1.0399892646269457,2.657004830917874,0.24825550187869028,0.14090177133655393,0.1878690284487386,,
129,24.671229200214707,34.936929683306495,3.515834675254965,10.265700483091788,17.505367686527105,4.830917874396135,1.0399892646269457,2.657004830917874,0.24825550187869028,0.14090177133655393,0.1878690284487386,,
130,24.97987117552335,34.80944712828771,3.435319377348363,10.165056360708535,17.53220611916264,4.804079441760601,1.0399892646269457,2.657004830917874,0.24825550187869028,0.14090177133655393,0.1878690284487386,,
131,25.409286097691894,34.60144927536232,3.421900161030596,10.131508319914117,17.438271604938272,4.7638217928073,1.0399892646269457,2.6167471819645733,0.24825550187869028,0.14090177133655393,0.1878690284487386,,
132,25.72463768115942,34.48067632850242,3.421900161030596,10.185185185185185,17.337627482555018,4.676596886741814,0.9796027911969941,2.6167471819645733,0.24825550187869028,0.14090177133655393,0.1878690284487386,,
133,26.006441223832528,34.27938808373591,3.421900161030596,10.198604401502953,17.002147074610843,4.676596886741814,0.9796027911969941,2.6167471819645733,0.24825550187869028,0.14090177133655393,0.1878690284487386,0.24154589371980675,
134,26.496242619431026,33.943907675791735,3.408480944712829,10.25228126677402,16.867954911433173,4.669887278582931,0.966183574879227,2.576489533011272,0.24825550187869028,0.14090177133655393,0.1878690284487386,0.24154589371980675,
135,26.69753086419753,33.61513687600644,3.408480944712829,10.272410091250672,17.008856682769725,4.656468062265164,0.966183574879227,2.5563607085346214,0.24825550187869028,0.14090177133655393,0.1878690284487386,0.24154589371980675,
136,26.972624798711756,33.40713902308105,3.3816425120772946,10.218733225979603,17.042404723564143,4.656468062265164,0.966183574879227,2.536231884057971,0.24825550187869028,0.14090177133655393,0.1878690284487386,0.24154589371980675,
137,27.32823403113258,33.25281803542673,3.374932903918411,10.19189479334407,16.881374127750938,4.64975845410628,0.966183574879227,2.536231884057971,0.24825550187869028,0.14090177133655393,0.1878690284487386,0.24154589371980675,
138,27.697262479871174,33.11862587224906,3.3548040794417604,10.077831454643048,16.780730005367687,4.64975845410628,0.966183574879227,2.536231884057971,0.24825550187869028,0.14090177133655393,0.1878690284487386,0.24154589371980675,
139,27.925389157273216,33.011272141706925,3.3548040794417604,10.077831454643048,16.72705314009662,4.528985507246377,1.0332796564680622,2.522812667740204,0.24825550187869028,0.14090177133655393,0.1878690284487386,0.24154589371980675,
140,28.079710144927535,32.94417606011809,3.3548040794417604,10.044283413848632,16.70692431561997,4.49543746645196,1.0332796564680622,2.522812667740204,0.24825550187869028,0.14090177133655393,0.1878690284487386,0.24154589371980675,
141,27.95222758990875,32.57514761137949,3.3480944712828773,10.507246376811594,16.666666666666668,4.448470209339774,1.1607622114868492,2.522812667740204,0.24825550187869028,0.14090177133655393,0.1878690284487386,0.24154589371980675,
142,28.247450348899623,32.387278582930755,3.3480944712828773,10.507246376811594,16.512345679012345,4.428341384863124,1.1607622114868492,2.4557165861513686,0.24825550187869028,0.27509393451422437,0.1878690284487386,0.24154589371980675,
143,28.65673644659152,32.26650563607085,3.321256038647343,10.399892646269459,16.371443907675793,4.428341384863124,1.1607622114868492,2.4557165861513686,0.24825550187869028,0.27509393451422437,0.1878690284487386,0.2281266774020397,
144,28.5426731078905,32.118894256575416,3.321256038647343,10.044283413848632,16.15673644659152,4.1129898013955986,1.288244766505636,3.475577026301664,0.24825550187869028,0.27509393451422437,0.1878690284487386,0.2281266774020397,
145,28.683574879227052,31.97128287707998,3.321256038647343,10.044283413848632,16.170155662909288,4.106280193236715,1.288244766505636,3.475577026301664,0.24825550187869028,0.27509393451422437,0.1878690284487386,0.2281266774020397,
146,28.804347826086957,31.5552871712292,3.3011272141706924,9.990606548577563,16.61969940955448,4.066022544283414,1.288244766505636,3.435319377348363,0.24825550187869028,0.27509393451422437,0.1878690284487386,0.2281266774020397,
147,28.945249597423512,31.333870101986044,3.3011272141706924,9.990606548577563,16.170155662909288,4.5960815888352125,1.288244766505636,3.435319377348363,0.24825550187869028,0.27509393451422437,0.1878690284487386,0.2281266774020397,
148,29.28743961352657,31.17283950617284,3.3011272141706924,9.957058507783145,16.06280193236715,4.5960815888352125,1.288244766505636,3.3950617283950617,0.24825550187869028,0.27509393451422437,0.1878690284487386,0.2281266774020397,
149,29.388083735909824,30.595813204508858,3.3011272141706924,9.903381642512077,16.6129898013956,4.575952764358561,1.288244766505636,3.3950617283950617,0.24825550187869028,0.27509393451422437,0.1878690284487386,0.2281266774020397,
150,28.549382716049383,29.045893719806763,3.3011272141706924,9.782608695652174,19.155931293612454,4.542404723564144,1.288244766505636,3.3950617283950617,0.24825550187869028,0.27509393451422437,0.1878690284487386,0.2281266774020397,
151,28.589640365002683,28.743961352657006,3.294417606011809,9.749060654857756,19.558507783145465,4.4820182501341925,1.288244766505636,3.3548040794417604,0.24825550187869028,0.27509393451422437,0.1878690284487386,0.2281266774020397,
152,28.71712292002147,28.60305958132045,3.294417606011809,9.695383789586689,19.49141170155663,4.4820182501341925,1.288244766505636,3.3413848631239937,0.24825550187869028,0.27509393451422437,0.33548040794417605,0.2281266774020397,
153,28.32125603864734,27.750939345142243,3.126677402039721,11.849168008588299,18.666129898013956,4.468599033816425,1.42914653784219,3.3011272141706924,0.24825550187869028,0.27509393451422437,0.33548040794417605,0.2281266774020397,
154,27.34165324745035,25.758185721953836,3.099838969404187,14.969135802469136,18.59903381642512,4.441760601180891,1.42914653784219,3.3011272141706924,0.24825550187869028,0.27509393451422437,0.30864197530864196,0.2281266774020397,
155,27.65029522275899,25.644122383252817,3.0864197530864197,14.714170692431562,18.5654857756307,4.441760601180891,1.4224369296833066,3.294417606011809,0.24825550187869028,0.27509393451422437,0.4294149221685454,0.2281266774020397,
156,27.80461621041331,25.543478260869566,2.9253891572732154,14.640365002683843,18.438003220611915,4.441760601180891,1.7444981213097155,3.294417606011809,0.24825550187869028,0.27509393451422437,0.41599570585077833,0.2281266774020397,
157,26.838432635534083,24.745034889962426,2.9253891572732154,14.143853998926463,18.17632850241546,7.830112721417069,1.7042404723564144,2.563070316693505,0.24825550187869028,0.19457863660762212,0.4025764895330113,0.2281266774020397,
158,26.650563607085346,24.60413311862587,2.918679549114332,12.332259796027913,17.840848094471284,10.02415458937198,1.9927536231884058,2.563070316693505,0.24825550187869028,0.19457863660762212,0.4025764895330113,0.2281266774020397,
159,26.724369296833064,24.329039184111647,2.9119699409554483,12.245034889962426,18.16290928609769,9.98389694041868,1.9524959742351047,2.563070316693505,0.24825550187869028,0.19457863660762212,0.4025764895330113,0.2281266774020397,0.05367686527106817
160,27.033011272141707,24.214975845410628,2.9052603327965647,12.117552334943639,18.136070853462158,9.977187332259795,1.932367149758454,2.5563607085346214,0.24825550187869028,0.19457863660762212,0.4025764895330113,0.2281266774020397,0.05367686527106817
161,27.113526570048307,24.10091250670961,2.9052603327965647,12.06387546967257,17.8743961352657,10.34621578099839,1.9256575415995705,2.5563607085346214,0.24825550187869028,0.19457863660762212,0.4025764895330113,0.2147074610842727,0.05367686527106817
162,27.38191089640365,24.053945249597422,2.8918411164787976,12.010198604401502,17.820719269994633,10.25228126677402,1.9189479334406871,2.5563607085346214,0.24825550187869028,0.19457863660762212,0.4025764895330113,0.2147074610842727,0.05367686527106817
163,27.563070316693505,23.95330112721417,2.871712292002147,11.963231347289318,17.793880837359097,10.21202361782072,1.8988191089640365,2.5563607085346214,0.24825550187869028,0.2683843263553409,0.4025764895330113,0.2147074610842727,0.05367686527106817
164,27.603327965646805,23.711755233494365,2.871712292002147,11.929683306494901,18.055555555555557,10.205314009661835,1.8786902844873858,2.5563607085346214,0.24825550187869028,0.2683843263553409,0.4025764895330113,0.2147074610842727,0.05367686527106817
165,27.891841116478798,23.59098228663446,2.871712292002147,11.902844873859367,17.995169082125603,10.131508319914117,1.8719806763285025,2.5563607085346214,0.24825550187869028,0.2683843263553409,0.4025764895330113,0.2147074610842727,0.05367686527106817
166,28.22061191626409,23.537305421363392,2.871712292002147,11.822329575952764,17.847557702630166,10.091250670960816,1.865271068169619,2.5563607085346214,0.24825550187869028,0.2683843263553409,0.4025764895330113,0.2147074610842727,0.05367686527106817
167,26.84514224369297,21.26274825550188,2.7643585614600106,11.822329575952764,16.941760601180892,14.955716586151368,1.6908212560386473,2.5295222758990876,0.24825550187869028,0.2683843263553409,0.4025764895330113,0.2147074610842727,0.05367686527106817
168,27.126945786366075,21.235909822866343,2.7442297369833604,11.77536231884058,16.908212560386474,14.834943639291465,1.6639828234031133,2.522812667740204,0.24825550187869028,0.2683843263553409,0.4025764895330113,0.2147074610842727,0.05367686527106817
169,27.079978529253893,20.632045088566827,2.7442297369833604,11.392914653784219,17.975040257648953,14.801395598497047,1.778046162104133,2.4221685453569513,0.24825550187869028,0.2549651100375738,0.4025764895330113,0.2147074610842727,0.05367686527106817
170,27.395330112721417,20.585077831454644,2.7308105206655933,11.325818572195384,17.881105743424584,14.720880300590446,1.7646269457863661,2.4221685453569513,0.24825550187869028,0.2549651100375738,0.4025764895330113,0.2147074610842727,0.05367686527106817
171,27.76435856146001,20.544820182501343,2.6637144390767578,11.272141706924316,17.787171229200215,14.63365539452496,1.7646269457863661,2.4221685453569513,0.24825550187869028,0.2281266774020397,0.4025764895330113,0.2147074610842727,0.05367686527106817
172,28.073000536768653,20.511272141706925,2.636876006441224,11.057434245840042,17.619431025228128,14.553140096618357,1.7646269457863661,2.3550724637681157,0.4428341384863124,0.2281266774020397,0.48980139559849706,0.2147074610842727,0.05367686527106817
173,28.27428878153516,20.471014492753625,2.6167471819645733,11.037305421363392,17.56575415995706,14.526301663982823,1.7646269457863661,2.3550724637681157,0.41599570585077833,0.2281266774020397,0.47638217928073,0.2147074610842727,0.05367686527106817
174,28.5426731078905,20.33011272141707,2.61003757380569,11.017176596886742,17.53220611916264,14.459205582393988,1.7646269457863661,2.3550724637681157,0.41599570585077833,0.2281266774020397,0.47638217928073,0.2147074610842727,0.05367686527106817
175,28.891572732152444,20.242887815351583,2.61003757380569,10.970209339774557,17.45169082125604,14.40552871712292,1.751207729468599,2.2879763821792807,0.41599570585077833,0.2281266774020397,0.47638217928073,0.2147074610842727,0.05367686527106817
176,29.186795491143318,20.182501341921633,2.61003757380569,10.849436392914654,17.411433172302736,14.331723027375201,1.751207729468599,2.2879763821792807,0.41599570585077833,0.2281266774020397,0.47638217928073,0.2147074610842727,0.05367686527106817
177,29.455179817498657,20.155662909286097,2.61003757380569,10.789049919484702,17.330917874396135,14.231078904991948,1.751207729468599,2.2879763821792807,0.41599570585077833,0.2281266774020397,0.47638217928073,0.2147074610842727,0.05367686527106817
178,29.663177670424048,20.095276435856146,2.61003757380569,10.775630703166936,17.257112184648417,14.17740203972088,1.751207729468599,2.281266774020397,0.41599570585077833,0.2281266774020397,0.47638217928073,0.2147074610842727,0.05367686527106817
179,30.08588298443371,20.055018786902846,2.576489533011272,10.654857756307031,17.176596886741816,14.076757917337627,1.751207729468599,2.2342995169082127,0.41599570585077833,0.2281266774020397,0.47638217928073,0.2147074610842727,0.05367686527106817
180,30.340848094471284,19.96779388083736,2.576489533011272,10.628019323671497,17.11621041331186,13.942565754159958,1.8317230273752012,2.2342995169082127,0.41599570585077833,0.2281266774020397,0.47638217928073,0.2147074610842727,0.026838432635534086
181,29.71014492753623,19.82018250134192,2.15378421900161,10.57434245840043,16.800858829844337,13.955984970477724,1.8317230273752012,3.8043478260869565,0.41599570585077833,0.2281266774020397,0.46296296296296297,0.2147074610842727,0.026838432635534086
182,29.851046698872786,19.786634460547504,2.15378421900161,10.507246376811594,16.800858829844337,13.741277509393452,1.8317230273752012,3.8043478260869565,0.5904455179817498,0.2281266774020397,0.46296296296296297,0.2147074610842727,0.026838432635534086
183,30.01207729468599,19.77992485238862,2.15378421900161,10.493827160493828,16.700214707461082,13.707729468599034,1.8317230273752012,3.797638217928073,0.5904455179817498,0.2281266774020397,0.46296296296296297,0.2147074610842727,0.026838432635534086
184,30.152979066022546,19.726247987117553,2.15378421900161,10.493827160493828,16.7337627482555,13.58695652173913,1.8317230273752012,3.797638217928073,0.5904455179817498,0.2281266774020397,0.46296296296296297,0.2147074610842727,0.026838432635534086
185,30.24020397208803,19.592055823939884,2.15378421900161,10.68840579710145,16.686795491143318,13.493022007514762,1.8317230273752012,3.7909286097691894,0.5904455179817498,0.2281266774020397,0.46296296296296297,0.2147074610842727,0.026838432635534086
186,30.407944176060116,19.578636607622116,2.15378421900161,10.59447128287708,16.700214707461082,13.43263553408481,1.8183038110574343,3.7909286097691894,0.5904455179817498,0.2281266774020397,0.46296296296296297,0.2147074610842727,0.026838432635534086
187,30.434782608695652,19.444444444444443,2.15378421900161,10.581052066559312,16.344605475040257,13.83521202361782,1.8183038110574343,3.750670960815888,0.5904455179817498,0.3421900161030596,0.46296296296296297,0.2147074610842727,0.026838432635534086
188,30.763553408480945,19.33709071390231,2.147074610842727,10.527375201288244,16.49892646269458,13.667471819645733,1.7981749865807837,3.69699409554482,0.5300590445517982,0.3421900161030596,0.4495437466451959,0.2147074610842727,0.026838432635534086
189,30.864197530864196,19.30354267310789,2.147074610842727,10.48040794417606,16.478797638217927,13.667471819645733,1.7981749865807837,3.69699409554482,0.5300590445517982,0.3421900161030596,0.4495437466451959,0.2147074610842727,0.026838432635534086
190,30.870907139023082,19.249865807836823,1.9793344068706387,10.473698336017177,16.418411164787976,13.633923778851315,2.1269457863660763,3.683574879227053,0.5300590445517982,0.3421900161030596,0.4495437466451959,0.2147074610842727,0.026838432635534086
191,31.092324208266238,19.216317767042405,1.9793344068706387,10.292538915727322,16.492216854535695,13.607085346215781,2.100107353730542,3.656736446591519,0.5300590445517982,0.3421900161030596,0.4495437466451959,0.2147074610842727,0.026838432635534086
192,31.28690284487386,19.202898550724637,1.9793344068706387,10.258990874932904,16.438539989264626,13.533279656468062,2.100107353730542,3.656736446591519,0.5300590445517982,0.322061191626409,0.4495437466451959,0.2147074610842727,0.026838432635534086
193,31.394256575415994,19.162640901771336,1.9793344068706387,10.21202361782072,16.525764895330113,13.305152979066023,2.341653247450349,3.535963499731616,0.5300590445517982,0.322061191626409,0.4495437466451959,0.2147074610842727,0.026838432635534086
194,31.61567364465915,19.135802469135804,1.9793344068706387,10.084541062801932,16.472088030059044,13.305152979066023,2.341653247450349,3.5292538915727323,0.5300590445517982,0.3153515834675255,0.4495437466451959,0.2147074610842727,0.026838432635534086
195,31.790123456790123,19.0955448201825,1.9793344068706387,10.050993022007514,16.27750939345142,13.399087493290391,2.3081052066559313,3.5292538915727323,0.5300590445517982,0.3488996242619431,0.4495437466451959,0.2147074610842727,0.026838432635534086
196,32.06521739130435,19.028448738593667,1.9793344068706387,9.990606548577563,16.223832528180353,13.33870101986044,2.2879763821792807,3.5292538915727323,0.5166398282340311,0.3488996242619431,0.4495437466451959,0.2147074610842727,0.026838432635534086
197,32.19269994632314,18.95464304884595,1.9726247987117553,9.916800858829845,16.049382716049383,13.009930220075148,2.2879763821792807,4.05931293612453,0.5166398282340311,0.3488996242619431,0.4495437466451959,0.2147074610842727,0.026838432635534086
198,32.35373054213634,18.914385399892645,1.9390767579173376,9.916800858829845,15.92860976918948,12.97638217928073,2.2879763821792807,4.126409017713366,0.5166398282340311,0.3488996242619431,0.4495437466451959,0.2147074610842727,0.026838432635534086
199,32.44095544820183,18.88083735909823,1.8317230273752012,9.822866344605474,15.888352120236178,12.895866881374127,2.442297369833602,4.126409017713366,0.630703166935051,0.3488996242619431,0.4495437466451959,0.2147074610842727,0.026838432635534086
200,32.39398819108964,18.63929146537842,1.8317230273752012,9.782608695652174,16.009125067096083,12.99651100375738,2.5831991411701556,4.092860976918948,0.630703166935051,0.3488996242619431,0.4495437466451959,0.2147074610842727,0.026838432635534086
201,32.769726247987116,18.50509930220075,1.778046162104133,9.708803005904455,16.076221148684915,12.949543746645196,2.49597423510467,4.05931293612453,0.630703166935051,0.3488996242619431,0.4495437466451959,0.20128824476650564,0.026838432635534086
202,32.9777241009125,18.4849704777241,1.737788513150832,9.688674181427805,15.559581320450885,13.358829844337091,2.4892646269457863,4.05931293612453,0.630703166935051,0.3488996242619431,0.43612453032742887,0.20128824476650564,0.026838432635534086
203,33.21926999463231,18.45813204508857,1.7176596886741815,9.621578099838969,15.573000536768653,13.285024154589372,2.4691358024691357,4.012345679012346,0.630703166935051,0.3488996242619431,0.43612453032742887,0.20128824476650564,0.026838432635534086
204,33.031400966183575,18.33064949006978,1.7176596886741815,9.73564143853999,15.539452495974235,13.24476650563607,2.4691358024691357,4.30756843800322,0.630703166935051,0.3488996242619431,0.41599570585077833,0.20128824476650564,0.026838432635534086
