,45,50,52,51,53,55,54,57,56,58
0,100.0,,,,,,,,,
1,73.14814814814815,26.85185185185185,,,,,,,,
2,59.80944712828771,39.97584541062802,0.2147074610842727,,,,,,,
3,54.1532474503489,45.63204508856683,0.2147074610842727,,,,,,,
4,54.05931293612453,40.995705850778315,0.2147074610842727,4.730273752012883,,,,,,
5,37.42619431025228,58.3064949006978,0.2147074610842727,4.052603327965647,,,,,,
6,36.15807836822329,46.47745571658615,0.2147074610842727,17.14975845410628,,,,,,
7,34.38674181427805,47.1081588835212,1.4224369296833066,17.082662372517444,,,,,,
8,29.61621041331186,51.878690284487384,1.4224369296833066,17.082662372517444,,,,,,
9,29.441760601180892,43.914385399892645,1.4224369296833066,14.036500268384327,11.18491680085883,,,,,
10,29.602791196994094,43.646001073537306,1.4224369296833066,14.016371443907676,11.178207192699947,0.13419216317767044,,,,
11,29.817498658078367,43.43129361245303,1.4224369296833066,14.016371443907676,11.178207192699947,0.13419216317767044,,,,
12,29.911433172302736,42.51878690284487,1.4224369296833066,14.009661835748792,11.16478797638218,0.4562533548040794,0.5166398282340311,,,
13,25.268384326355342,40.61996779388084,2.8650026838432634,19.444444444444443,11.16478797638218,0.4227053140096618,0.2147074610842727,,,
14,21.4170692431562,38.75469672571122,2.8650026838432634,30.817230273752013,5.5756843800322065,0.35560923242082665,0.2147074610842727,,,
15,21.511003757380568,38.66076221148685,2.8650026838432634,30.817230273752013,5.5756843800322065,0.35560923242082665,0.2147074610842727,,,
16,20.50456253354804,31.48148148148148,13.285024154589372,27.925389157273216,4.797369833601718,1.5096618357487923,,0.49651100375738055,,
17,19.746376811594203,23.429951690821255,13.285024154589372,36.73510466988728,4.797369833601718,1.5096618357487923,,0.49651100375738055,,
18,17.297369833601717,26.093666129898015,13.170960815888352,36.68142780461621,4.750402576489533,1.5096618357487923,,0.49651100375738055,,
19,17.297369833601717,26.093666129898015,13.170960815888352,36.68142780461621,4.750402576489533,1.5096618357487923,,0.49651100375738055,,
20,17.371175523349436,26.093666129898015,13.137412775093935,36.64117015566291,4.750402576489533,1.5096618357487923,,0.49651100375738055,,
21,17.56575415995706,26.019860440150296,13.137412775093935,36.3996242619431,4.683306494900698,1.5096618357487923,,0.49651100375738055,0.1878690284487386,
22,17.53220611916264,25.301932367149757,13.117283950617283,36.3191089640365,4.683306494900698,1.5096618357487923,0.8789586688137413,0.46967257112184646,0.1878690284487386,
23,16.70692431561997,17.002147074610843,13.077026301663983,48.711755233494365,2.1269457863660763,1.221148684916801,0.8789586688137413,0.08722490606548577,0.1878690284487386,
24,16.70692431561997,17.002147074610843,13.077026301663983,47.92002147074611,2.1269457863660763,2.0128824476650564,0.8789586688137413,0.08722490606548577,0.1878690284487386,
25,16.935050993022006,16.935050993022006,13.077026301663983,47.758990874932906,2.1269457863660763,2.0128824476650564,0.8789586688137413,0.08722490606548577,0.1878690284487386,
26,16.982018250134193,16.921631776704242,12.902576489533011,47.22222222222222,2.1135265700483092,2.0128824476650564,0.8789586688137413,0.08722490606548577,0.8789586688137413,
27,16.10305958132045,14.99597423510467,25.34219001610306,38.217928073000536,2.1135265700483092,1.221148684916801,0.8789586688137413,0.08722490606548577,1.0399892646269457,
28,16.203703703703702,14.97584541062802,25.288513150831992,38.191089640365,2.1135265700483092,1.221148684916801,0.8789586688137413,0.08722490606548577,1.0399892646269457,
29,14.700751476113794,14.63365539452496,24.416264090177133,40.90848094471283,2.1135265700483092,1.221148684916801,0.8789586688137413,0.08722490606548577,1.0399892646269457,
30,14.821524422973699,14.606816961889425,24.3894256575416,40.84138486312399,2.1135265700483092,1.221148684916801,0.8789586688137413,0.08722490606548577,1.0399892646269457,
31,14.928878153515834,14.318303811057435,21.544551798174986,42.16317767042405,3.1468062265163717,2.2410091250670963,0.8789586688137413,0.08722490606548577,0.6910896403650026,
32,15.297906602254429,14.318303811057435,21.4573268921095,41.88137412775094,3.1468062265163717,2.2410091250670963,0.8789586688137413,0.08722490606548577,0.6910896403650026,
33,14.754428341384862,12.432903918411165,18.323939881910896,47.738862050456255,3.7573805689747717,2.0263016639828235,0.8789586688137413,0.08722490606548577,,
34,15.157004830917874,12.399355877616747,18.310520665593128,47.00751476113795,3.7573805689747717,2.006172839506173,0.8051529790660226,0.08722490606548577,0.46967257112184646,
35,15.250939345142244,12.392646269457863,18.297101449275363,46.67203435319377,3.7573805689747717,2.006172839506173,0.8051529790660226,0.08722490606548577,0.7313472893183038,
36,14.814814814814815,12.392646269457863,18.793612453032743,47.698604401502955,1.90552871712292,2.965646806226516,0.8051529790660226,0.08722490606548577,0.5367686527106817,
37,8.21256038647343,17.20343531937735,22.510735373054214,45.772946859903385,1.90552871712292,2.965646806226516,0.8051529790660226,0.08722490606548577,0.5367686527106817,
38,8.293075684380032,17.042404723564143,22.282608695652176,45.2361782071927,2.6838432635534084,2.690552871712292,1.1473429951690821,0.08722490606548577,0.5367686527106817,
39,8.353462157809984,17.042404723564143,22.282608695652176,45.20263016639828,2.657004830917874,2.690552871712292,1.1473429951690821,0.08722490606548577,0.5367686527106817,
40,8.239398819108963,16.99543746645196,19.77992485238862,45.49785292538916,5.032206119162641,2.690552871712292,1.1406333870101986,0.08722490606548577,0.5367686527106817,
41,8.360171765968868,16.6935050993022,14.606816961889425,51.59688674181428,4.549114331723027,2.428878153515835,1.1406333870101986,0.08722490606548577,0.5367686527106817,
42,8.219269994632313,16.646537842190018,18.337359098228664,48.05421363392378,4.549114331723027,2.428878153515835,1.1406333870101986,0.08722490606548577,0.5367686527106817,
43,8.246108427267847,16.646537842190018,18.310520665593128,48.05421363392378,4.549114331723027,2.428878153515835,1.1406333870101986,0.08722490606548577,0.5367686527106817,
44,8.319914117015566,16.626409017713364,18.310520665593128,48.00053676865271,4.549114331723027,2.428878153515835,1.1406333870101986,0.08722490606548577,0.5367686527106817,
45,8.521202361782072,16.626409017713364,18.223295759527645,47.88647342995169,4.549114331723027,2.428878153515835,1.1406333870101986,0.08722490606548577,0.5367686527106817,
46,8.501073537305421,16.438539989264626,17.92807300053677,47.758990874932906,4.441760601180891,2.428878153515835,1.583467525496511,0.08722490606548577,0.8319914117015567,
47,8.55475040257649,16.411701556629094,17.92807300053677,47.73215244229737,4.441760601180891,2.428878153515835,1.583467525496511,0.08722490606548577,0.8319914117015567,
48,8.829844337090714,16.411701556629094,17.11621041331186,45.471014492753625,7.749597423510467,2.167203435319377,1.583467525496511,0.08722490606548577,0.5837359098228664,
49,9.017713365539452,16.304347826086957,17.06924315619968,45.4374664519592,7.749597423510467,2.167203435319377,1.583467525496511,0.08722490606548577,0.5837359098228664,
50,8.896940418679549,16.243961352657006,14.754428341384862,48.530595813204506,7.27992485238862,2.328234031132582,1.583467525496511,0.08722490606548577,0.2952227589908749,
51,8.883521202361782,16.163446054750402,17.505367686527105,45.75281803542673,7.25979602791197,2.328234031132582,1.583467525496511,0.2281266774020397,0.2952227589908749,
52,8.82313472893183,16.150026838432634,14.97584541062802,48.36285560923242,7.25979602791197,2.328234031132582,1.583467525496511,0.2281266774020397,0.2885131508319914,
53,8.883521202361782,16.150026838432634,11.862587224906065,52.34836285560923,6.582125603864735,2.0531400966183573,1.583467525496511,0.08722490606548577,0.4495437466451959,
54,8.910359634997317,16.150026838432634,11.862587224906065,52.321524422973695,6.582125603864735,2.0531400966183573,1.583467525496511,0.08722490606548577,0.4495437466451959,
55,8.548040794417606,15.096618357487923,10.493827160493828,55.052334943639295,6.125872249060655,2.187332259796028,1.9592055823939882,0.08722490606548577,0.4495437466451959,
56,8.702361782071927,15.076489533011273,10.493827160493828,54.91814278046162,6.125872249060655,2.187332259796028,1.9592055823939882,0.08722490606548577,0.4495437466451959,
57,9.75577026301664,14.727589908749328,10.38647342995169,54.629629629629626,6.125872249060655,2.187332259796028,1.6572732152442298,0.08722490606548577,0.4428341384863124,
58,9.849704777241008,14.714170692431562,10.38647342995169,53.743961352657,6.125872249060655,2.187332259796028,1.6572732152442298,0.08722490606548577,1.247987117552335,
59,9.742351046698873,14.687332259796028,22.537573805689746,43.76006441223833,5.173107890499195,1.482823403113258,1.2815351583467525,0.08722490606548577,1.247987117552335,
60,9.796027911969942,14.673913043478262,22.537573805689746,43.71980676328502,5.173107890499195,1.482823403113258,1.2815351583467525,0.08722490606548577,1.247987117552335,
61,9.943639291465379,14.673913043478262,22.50402576489533,43.625872249060656,5.152979066022544,1.482823403113258,1.2815351583467525,0.08722490606548577,1.247987117552335,
62,9.688674181427805,14.049919484702093,32.17257112184648,36.30568974771873,3.978797638217928,1.3486312399355878,1.2815351583467525,0.08722490606548577,1.0869565217391304,
63,9.75577026301664,14.049919484702093,32.17257112184648,36.30568974771873,3.978797638217928,1.2815351583467525,1.2815351583467525,0.08722490606548577,1.0869565217391304,
64,9.809447128287708,13.996242619431026,32.17257112184648,36.30568974771873,3.978797638217928,1.2815351583467525,1.2815351583467525,0.08722490606548577,1.0869565217391304,
65,9.520933977455716,13.982823403113258,35.258990874932906,33.89694041867955,3.978797638217928,1.2815351583467525,1.2815351583467525,0.08722490606548577,0.7112184648416533,
66,9.172034353193773,13.875469672571121,34.64170692431562,32.1658615136876,6.8035426731078905,1.2815351583467525,1.261406333870102,0.08722490606548577,0.7112184648416533,
67,9.198872785829307,13.862050456253355,34.64170692431562,32.1658615136876,6.8035426731078905,1.2815351583467525,1.247987117552335,0.08722490606548577,0.7112184648416533,
68,9.25925925925926,13.862050456253355,34.5276435856146,30.018786902844873,9.004294149221685,1.2815351583467525,1.247987117552335,0.08722490606548577,0.7112184648416533,
69,9.400161030595813,13.862050456253355,34.48067632850242,29.924852388620504,9.004294149221685,1.2815351583467525,1.247987117552335,0.08722490606548577,0.7112184648416533,
70,8.849973161567364,13.694310252281268,34.95034889962426,29.911433172302736,9.500805152979066,1.0869565217391304,1.2077294685990339,0.08722490606548577,0.7112184648416533,
71,8.943907675791733,13.667471819645733,34.916800858829845,29.87788513150832,9.500805152979066,1.0869565217391304,1.2077294685990339,0.08722490606548577,0.7112184648416533,
72,9.212292002147075,12.875738056897477,34.66854535695116,29.824208266237253,10.326086956521738,1.0869565217391304,1.2077294685990339,0.08722490606548577,0.7112184648416533,
73,9.212292002147075,12.224906065485776,34.655126140633385,29.817498658078367,10.312667740203972,1.7713365539452497,1.2077294685990339,0.08722490606548577,0.7112184648416533,
74,9.158615136876007,12.090713902308105,34.634997316156735,28.73725174449812,10.312667740203972,1.9189479334406871,2.3483628556092326,0.08722490606548577,0.7112184648416533,
75,9.286097691894794,11.956521739130435,34.366612989801396,28.348094471282877,10.312667740203972,1.9189479334406871,2.5026838432635534,0.08722490606548577,1.221148684916801,
76,9.386741814278047,11.956521739130435,34.292807300053674,28.32125603864734,10.312667740203972,1.9189479334406871,2.5026838432635534,0.08722490606548577,1.221148684916801,
77,9.420289855072463,11.956521739130435,34.265968867418145,28.32125603864734,10.305958132045088,1.9189479334406871,2.5026838432635534,0.08722490606548577,1.221148684916801,
78,9.292807300053678,11.75523349436393,34.265968867418145,28.207192699946322,10.775630703166936,1.9189479334406871,2.5026838432635534,0.08722490606548577,1.1943102522812667,
79,8.158883521202362,11.66129898013956,25.38244766505636,39.60681696188943,9.23913043478261,2.187332259796028,2.4825550187869028,0.08722490606548577,1.1943102522812667,
80,8.239398819108963,11.641170155662909,25.38244766505636,39.231078904991946,9.232420826623725,2.187332259796028,2.4825550187869028,0.08722490606548577,1.5163714439076759,
81,8.36688137412775,11.641170155662909,25.34219001610306,38.989533011272144,9.232420826623725,2.187332259796028,2.4490069779924855,0.08722490606548577,1.7042404723564144,
82,8.501073537305421,11.634460547504025,25.261674718196456,38.94256575415996,9.232420826623725,2.187332259796028,2.4490069779924855,0.08722490606548577,1.7042404723564144,
83,8.433977455716587,11.58749329039184,25.704508856682768,38.62721417069243,9.219001610305957,2.187332259796028,2.4490069779924855,0.08722490606548577,1.7042404723564144,
84,8.641975308641975,11.56736446591519,25.670960815888353,38.47289318303811,9.219001610305957,2.187332259796028,2.4490069779924855,0.08722490606548577,1.7042404723564144,
85,8.876811594202898,11.56736446591519,25.34219001610306,38.238056897477186,9.219001610305957,2.187332259796028,2.4490069779924855,0.08722490606548577,2.033011272141707,
86,8.36688137412775,23.060923242082662,19.0552871712292,35.39318303811057,8.668813741277509,2.167203435319377,2.4490069779924855,0.08722490606548577,0.7514761137949544,
87,8.628556092324208,22.470477724100913,18.94122383252818,35.39318303811057,8.655394524959743,1.9524959742351047,3.1199677938808374,0.08722490606548577,0.7514761137949544,
88,8.61513687600644,22.21551261406334,18.94122383252818,35.319377348362856,8.655394524959743,2.2946859903381642,3.1199677938808374,0.08722490606548577,0.7514761137949544,
89,8.709071390230811,22.19538378958669,31.582125603864736,22.96027911969941,8.709071390230811,1.9994632313472893,3.0059044551798175,0.08722490606548577,0.7514761137949544,
90,8.816425120772946,22.114868491680085,31.5150295222759,22.805958132045088,8.709071390230811,2.200751476113795,2.999194847020934,0.08722490606548577,0.7514761137949544,
91,8.883521202361782,22.088030059044552,31.199677938808374,22.805958132045088,8.709071390230811,2.475845410628019,2.999194847020934,0.08722490606548577,0.7514761137949544,
92,8.997584541062801,22.088030059044552,30.96484165324745,22.342995169082126,8.709071390230811,2.475845410628019,2.999194847020934,0.2281266774020397,1.1943102522812667,
93,8.601717659688674,21.557971014492754,32.830112721417066,21.980676328502415,8.709071390230811,2.475845410628019,2.4221685453569513,0.2281266774020397,1.1943102522812667,
94,8.004562533548041,21.55126140633387,22.29602791196994,33.40713902308105,8.709071390230811,2.2208803005904456,2.4221685453569513,0.2281266774020397,1.1607622114868492,
95,8.132045088566828,21.497584541062803,22.08132045088567,33.36688137412775,8.709071390230811,2.2208803005904456,2.4221685453569513,0.4092860976918948,1.1607622114868492,
96,8.185721953837897,21.497584541062803,22.054482018250134,33.340042941492214,8.709071390230811,2.2208803005904456,2.4221685453569513,0.4092860976918948,1.1607622114868492,
97,8.219269994632313,21.464036500268385,22.054482018250134,33.340042941492214,8.709071390230811,2.2208803005904456,2.4221685453569513,0.4092860976918948,1.1607622114868492,
98,8.340042941492216,21.443907675791735,22.0276435856146,33.2662372517445,8.709071390230811,2.2208803005904456,2.4221685453569513,0.4092860976918948,1.1607622114868492,
99,8.527911969940956,21.430488459473967,21.940418679549115,30.253623188405797,8.709071390230811,2.2208803005904456,5.347557702630167,0.4092860976918948,1.1607622114868492,
100,8.675523349436393,21.32313472893183,21.940418679549115,30.226784755770264,8.695652173913043,2.2208803005904456,5.347557702630167,0.4092860976918948,1.1607622114868492,
101,8.635265700483092,20.987654320987655,21.846484165324746,30.22007514761138,8.675523349436393,2.214170692431562,5.850778314546431,0.4092860976918948,1.1607622114868492,
102,8.890230810520666,20.96081588835212,22.363123993558776,30.06575415995706,8.427267847557703,1.8719806763285025,5.850778314546431,0.4092860976918948,1.1607622114868492,
103,8.735909822866345,20.90042941492217,20.095276435856146,29.562533548040793,11.41304347826087,1.8719806763285025,5.850778314546431,0.4092860976918948,1.1607622114868492,
104,8.910359634997317,20.86688137412775,20.095276435856146,29.455179817498657,11.41304347826087,1.865271068169619,5.8239398819108965,0.4092860976918948,1.1607622114868492,
105,9.091519055287172,20.840042941492218,19.994632313472895,29.394793344068706,11.560654857756306,1.865271068169619,5.8239398819108965,0.2683843263553409,1.1607622114868492,
106,9.339774557165862,20.8064949006978,19.994632313472895,28.67686527106817,11.480139559849706,1.865271068169619,5.8239398819108965,0.2616747181964573,1.751207729468599,
107,9.359903381642512,20.8064949006978,19.994632313472895,28.65673644659152,11.480139559849706,1.865271068169619,5.8239398819108965,0.2616747181964573,1.751207729468599,
108,9.460547504025765,20.79307568438003,19.994632313472895,28.59634997316157,11.480139559849706,1.865271068169619,5.797101449275362,0.2616747181964573,1.751207729468599,
109,9.574610842726784,20.7662372517445,19.93424584004294,28.30112721417069,11.480139559849706,2.13365539452496,5.6964573268921095,0.2616747181964573,1.8518518518518519,
110,9.702093397745571,20.7662372517445,19.900697799248523,28.22061191626409,11.466720343531938,2.13365539452496,5.6964573268921095,0.2616747181964573,1.8518518518518519,
111,9.863123993558776,20.73268921095008,19.87385936661299,28.119967793880836,11.466720343531938,2.13365539452496,5.6964573268921095,0.2616747181964573,1.8518518518518519,
112,10.084541062801932,20.578368223295758,19.632313472893184,27.865002683843265,11.419753086419753,2.61003757380569,5.6964573268921095,0.2616747181964573,1.8518518518518519,
113,10.165056360708535,20.578368223295758,19.632313472893184,27.81803542673108,11.406333870101985,2.61003757380569,5.676328502415459,0.2616747181964573,1.8518518518518519,
114,10.285829307568438,20.571658615136876,19.6256038647343,27.710681696188942,11.406333870101985,2.61003757380569,5.676328502415459,0.2616747181964573,1.8518518518518519,
115,10.86285560923242,20.531400966183575,19.6256038647343,27.51610305958132,11.064143853998926,2.61003757380569,5.676328502415459,0.2616747181964573,1.8518518518518519,
116,10.876274825550189,20.517981749865807,19.6256038647343,27.51610305958132,11.064143853998926,2.61003757380569,5.676328502415459,0.2616747181964573,1.8518518518518519,
117,10.896403650026839,20.497852925389157,19.6256038647343,27.51610305958132,11.064143853998926,2.61003757380569,5.676328502415459,0.2616747181964573,1.8518518518518519,
118,11.137949543746645,20.276435856146,18.632581857219538,27.30810520665593,12.245034889962426,2.61003757380569,5.676328502415459,0.2616747181964573,1.8518518518518519,
119,10.916532474503489,13.539989264626946,18.21658615136876,26.610305958132045,20.491143317230275,2.61003757380569,5.676328502415459,0.2616747181964573,1.6774020397208802,
120,11.010466988727858,13.539989264626946,18.19645732689211,26.570048309178745,20.491143317230275,2.576489533011272,5.676328502415459,0.2616747181964573,1.6774020397208802,
121,11.131239935587761,13.539989264626946,18.169618894256576,26.54320987654321,20.42404723564144,2.576489533011272,5.676328502415459,0.2616747181964573,1.6774020397208802,
122,11.158078368223295,13.539989264626946,18.169618894256576,26.516371443907676,20.42404723564144,2.576489533011272,5.676328502415459,0.2616747181964573,1.6774020397208802,
123,10.715244229736983,13.45276435856146,16.17686527106817,29.414922168545356,20.182501341921633,2.576489533011272,5.656199677938808,0.14761137949543746,1.6774020397208802,
124,10.748792270531402,13.446054750402576,16.17686527106817,29.388083735909824,20.182501341921633,2.576489533011272,5.656199677938808,0.14761137949543746,1.6774020397208802,
125,10.889694041867955,13.43263553408481,16.09634997316157,29.374664519592056,20.148953301127214,2.576489533011272,5.656199677938808,0.14761137949543746,1.6774020397208802,
126,10.889694041867955,13.137412775093935,16.035963499731615,29.374664519592056,20.075147611379496,2.576489533011272,6.085614600107354,0.14761137949543746,1.6774020397208802,
127,10.916532474503489,13.117283950617283,15.633387010198604,29.361245303274288,20.061728395061728,2.576489533011272,6.280193236714976,0.14761137949543746,1.90552871712292,
128,10.61460010735373,13.117283950617283,15.425389157273216,26.704240472356414,23.96672034353194,2.4691358024691357,6.119162640901771,0.06709608158883522,1.5163714439076759,
129,10.735373054213634,13.117283950617283,15.425389157273216,26.663982823403114,23.960010735373054,2.4691358024691357,6.045356951154052,0.06709608158883522,1.5163714439076759,
130,10.775630703166936,13.117283950617283,14.834943639291465,26.643853998926463,23.960010735373054,3.046162104133119,6.045356951154052,0.06709608158883522,1.5096618357487923,
131,10.775630703166936,13.117283950617283,14.834943639291465,26.643853998926463,23.960010735373054,3.046162104133119,6.045356951154052,0.06709608158883522,1.5096618357487923,
132,10.473698336017177,12.97638217928073,15.814546430488459,26.341921631776703,23.8191089640365,3.046162104133119,6.045356951154052,0.06709608158883522,1.3083735909822867,0.10735373054213634
133,10.540794417606012,12.97638217928073,15.794417606011809,26.31508319914117,23.79898013955985,3.046162104133119,6.045356951154052,0.06709608158883522,1.3083735909822867,0.10735373054213634
134,9.473966720343531,12.593934514224369,12.627482555018787,33.943907675791735,23.67149758454106,2.8381642512077296,3.5963499731615673,0.06709608158883522,1.0802469135802468,0.10735373054213634
135,9.50751476113795,12.580515297906603,12.27187332259796,31.427804616210413,23.637949543746647,2.8381642512077296,6.481481481481482,0.06709608158883522,1.0802469135802468,0.10735373054213634
136,9.581320450885668,12.580515297906603,12.27187332259796,31.40096618357488,23.59098228663446,2.8381642512077296,6.481481481481482,0.06709608158883522,1.0802469135802468,0.10735373054213634
137,8.84326355340848,11.708266237251744,11.419753086419753,35.75550187869028,22.249060654857757,2.6301663982823404,6.139291465378422,0.06709608158883522,1.0802469135802468,0.10735373054213634
138,9.057971014492754,11.708266237251744,11.419753086419753,35.61460010735373,22.208803005904453,2.6301663982823404,6.105743424584004,0.06709608158883522,1.0802469135802468,0.10735373054213634
139,9.091519055287172,11.708266237251744,11.419753086419753,35.61460010735373,22.17525496511004,2.6301663982823404,6.105743424584004,0.06709608158883522,1.0802469135802468,0.10735373054213634
140,9.158615136876007,11.708266237251744,11.419753086419753,35.12479871175523,22.134997316156735,3.0931293612453032,6.105743424584004,0.06709608158883522,1.0802469135802468,0.10735373054213634
141,9.232420826623725,11.708266237251744,11.386205045625335,35.08454106280193,22.134997316156735,3.0931293612453032,6.105743424584004,0.06709608158883522,1.0802469135802468,0.10735373054213634
142,9.561191626409018,11.708266237251744,11.064143853998926,35.08454106280193,22.128287707997853,3.0931293612453032,6.105743424584004,0.06709608158883522,1.0802469135802468,0.10735373054213634
143,9.057971014492754,11.18491680085883,12.647611379495437,34.76247987117552,21.900161030595815,3.0864197530864197,6.105743424584004,0.06709608158883522,1.0802469135802468,0.10735373054213634
144,9.453837895866881,11.064143853998926,12.567096081588835,34.49409554482018,21.833064949006978,3.4017713365539453,6.038647342995169,0.06709608158883522,0.9728931830381106,0.10735373054213634
145,9.561191626409018,11.064143853998926,12.567096081588835,34.43370907139023,21.81964573268921,3.4017713365539453,6.005099302200751,0.06709608158883522,0.9728931830381106,0.10735373054213634
146,9.655126140633387,11.064143853998926,12.533548040794418,34.43370907139023,21.75925925925926,3.4017713365539453,6.005099302200751,0.06709608158883522,0.9728931830381106,0.10735373054213634
147,10.00402576489533,11.023886205045626,12.526838432635534,34.23913043478261,21.69887278582931,3.4017713365539453,5.958132045088567,0.06709608158883522,0.9728931830381106,0.10735373054213634
148,10.00402576489533,11.023886205045626,12.526838432635534,34.23913043478261,21.69887278582931,3.4017713365539453,5.958132045088567,0.06709608158883522,0.9728931830381106,0.10735373054213634
149,10.0979602791197,11.010466988727858,12.513419216317766,34.225711218464845,21.64519592055824,3.4017713365539453,5.958132045088567,0.06709608158883522,0.9728931830381106,0.10735373054213634
150,9.970477724100913,10.715244229736983,12.5,34.21229200214707,20.21604938271605,5.166398282340311,5.9447128287707995,0.06709608158883522,1.1003757380568975,0.10735373054213634
151,10.124798711755233,10.668276972624799,12.419484702093397,34.33977455716586,20.175791733762747,5.119431025228127,5.877616747181965,0.06709608158883522,1.1003757380568975,0.10735373054213634
152,10.151637144390767,10.668276972624799,12.412775093934513,34.33977455716586,20.155662909286097,5.119431025228127,5.877616747181965,0.06709608158883522,1.1003757380568975,0.10735373054213634
153,10.25228126677402,10.641438539989265,12.406065485775631,34.312936124530324,20.115405260332796,5.119431025228127,5.877616747181965,0.06709608158883522,1.1003757380568975,0.10735373054213634
154,10.285829307568438,10.61460010735373,12.406065485775631,34.306226516371446,20.115405260332796,5.119431025228127,5.877616747181965,0.06709608158883522,1.1003757380568975,0.10735373054213634
155,10.487117552334944,10.61460010735373,12.399355877616747,34.19887278582931,20.04830917874396,5.0993022007514766,5.877616747181965,0.06709608158883522,1.1003757380568975,0.10735373054213634
156,10.621309715512615,10.61460010735373,12.332259796027913,34.13848631239936,20.041599570585078,5.0993022007514766,5.877616747181965,0.06709608158883522,1.1003757380568975,0.10735373054213634
157,10.426731078904991,10.57434245840043,10.205314009661835,33.53462157809984,23.087761674718198,5.0993022007514766,5.877616747181965,0.06709608158883522,1.0198604401502953,0.10735373054213634
158,10.433440687063875,10.57434245840043,10.205314009661835,33.53462157809984,23.081052066559312,5.0993022007514766,5.877616747181965,0.06709608158883522,1.0198604401502953,0.10735373054213634
159,10.527375201288244,10.57434245840043,10.205314009661835,33.13204508856683,23.007246376811594,5.092592592592593,5.877616747181965,0.06709608158883522,1.4090177133655395,0.10735373054213634
160,10.601180891035963,10.567632850241546,10.205314009661835,33.13204508856683,22.96027911969941,5.072463768115942,5.877616747181965,0.06709608158883522,1.4090177133655395,0.10735373054213634
161,10.681696188942565,10.567632850241546,10.205314009661835,33.051529790660226,22.96027911969941,5.072463768115942,5.877616747181965,0.06709608158883522,1.4090177133655395,0.10735373054213634
162,10.755501878690284,10.567632850241546,10.205314009661835,33.02469135802469,22.96027911969941,5.059044551798175,5.844068706387547,0.06709608158883522,1.4090177133655395,0.10735373054213634
163,10.587761674718196,10.413311862587225,13.043478260869565,32.49463231347289,21.26945786366076,4.99194847020934,5.683038110574342,0.06709608158883522,1.3419216317767042,0.10735373054213634
164,10.648148148148149,10.332796564680622,13.043478260869565,31.85721953837896,21.235909822866343,5.837359098228664,5.528717122920021,0.06709608158883522,1.3419216317767042,0.10735373054213634
165,10.7085346215781,10.312667740203972,13.030059044551798,31.830381105743424,21.235909822866343,5.837359098228664,5.528717122920021,0.06709608158883522,1.3419216317767042,0.10735373054213634
166,10.82259796027912,10.312667740203972,12.989801395598498,31.769994632313473,21.22249060654858,5.837359098228664,5.528717122920021,0.06709608158883522,1.3419216317767042,0.10735373054213634
167,10.916532474503489,10.292538915727322,12.97638217928073,31.374127750939344,21.202361782071925,5.837359098228664,5.515297906602254,0.06709608158883522,1.710950080515298,0.10735373054213634
168,11.017176596886742,10.245571658615138,12.97638217928073,31.340579710144926,21.182232957595275,5.837359098228664,5.515297906602254,0.06709608158883522,1.710950080515298,0.10735373054213634
169,11.11111111111111,10.245571658615138,12.97638217928073,31.280193236714975,21.14868491680086,5.837359098228664,5.515297906602254,0.06709608158883522,1.710950080515298,0.10735373054213634
170,11.151368760064413,10.245571658615138,12.97638217928073,31.239935587761675,21.14868491680086,5.837359098228664,5.515297906602254,0.06709608158883522,1.710950080515298,0.10735373054213634
171,11.272141706924316,10.245571658615138,12.97638217928073,31.199677938808374,21.14868491680086,5.837359098228664,5.508588298443371,0.06709608158883522,1.6371443907675791,0.10735373054213634
172,11.352657004830919,10.245571658615138,12.949543746645196,31.146001073537306,21.14868491680086,5.837359098228664,5.508588298443371,0.06709608158883522,1.6371443907675791,0.10735373054213634
173,11.473429951690822,10.185185185185185,12.801932367149758,30.917874396135264,21.14868491680086,5.783682232957595,5.649490069779925,0.06709608158883522,1.865271068169619,0.10735373054213634
174,11.802200751476114,10.165056360708535,12.788513150831992,30.730005367686527,21.101717659688674,5.783682232957595,5.649490069779925,0.06709608158883522,1.8048845947396672,0.10735373054213634
175,11.842458400429415,10.165056360708535,12.781803542673108,30.71658615136876,21.101717659688674,5.763553408480945,5.649490069779925,0.06709608158883522,1.8048845947396672,0.10735373054213634
176,11.741814278046162,10.138217928073,12.72812667740204,30.09259259259259,21.101717659688674,5.763553408480945,6.461352657004831,0.06709608158883522,1.7981749865807837,0.10735373054213634
177,11.741814278046162,10.138217928073,12.72812667740204,30.09259259259259,21.101717659688674,5.763553408480945,6.461352657004831,0.06709608158883522,1.7981749865807837,0.10735373054213634
178,11.721685453569512,9.131776704240472,12.72812667740204,30.04562533548041,22.665056360708533,5.347557702630167,6.387546967257112,0.06709608158883522,1.7981749865807837,0.10735373054213634
179,11.634460547504025,9.125067096081589,12.842190016103059,29.522275899087493,23.906333870101985,5.3274288781535155,5.978260869565218,0.06709608158883522,1.4895330112721417,0.10735373054213634
180,11.882716049382717,9.01100375738057,12.5402576489533,29.502147074610843,24.228395061728396,5.246913580246914,5.924584004294149,0.06709608158883522,1.4895330112721417,0.10735373054213634
181,11.876006441223833,8.970746108427267,13.593666129898015,29.341116478797638,23.772141706924316,5.246913580246914,5.535426731078905,0.06709608158883522,1.4895330112721417,0.10735373054213634
182,12.177938808373591,8.970746108427267,13.593666129898015,29.146537842190018,23.758722490606548,5.193236714975845,5.495169082125604,0.06709608158883522,1.4895330112721417,0.10735373054213634
183,12.345679012345679,8.970746108427267,13.56682769726248,29.139828234031132,23.62453032742888,5.193236714975845,5.495169082125604,0.06709608158883522,1.4895330112721417,0.10735373054213634
184,12.47987117552335,8.970746108427267,13.56682769726248,29.139828234031132,23.49033816425121,5.193236714975845,5.495169082125604,0.06709608158883522,1.4895330112721417,0.10735373054213634
185,12.526838432635534,8.970746108427267,13.546698872785829,29.139828234031132,23.49033816425121,5.193236714975845,5.46833064949007,0.06709608158883522,1.4895330112721417,0.10735373054213634
186,12.593934514224369,8.970746108427267,13.546698872785829,29.0727321524423,23.49033816425121,5.193236714975845,5.46833064949007,0.06709608158883522,1.4895330112721417,0.10735373054213634
187,12.634192163177671,8.970746108427267,13.533279656468062,29.0727321524423,23.463499731615673,5.193236714975845,5.46833064949007,0.06709608158883522,1.4895330112721417,0.10735373054213634
188,12.822061191626409,8.910359634997317,13.533279656468062,29.03918411164788,23.369565217391305,5.193236714975845,5.46833064949007,0.06709608158883522,1.4895330112721417,0.10735373054213634
189,10.433440687063875,5.5756843800322065,12.607353730542137,37.795222758990874,22.50402576489533,4.361245303274289,4.87788513150832,0.06709608158883522,1.6706924315619969,0.10735373054213634
190,10.540794417606012,5.5756843800322065,12.580515297906603,37.72141706924316,22.50402576489533,4.361245303274289,4.871175523349437,0.06709608158883522,1.6706924315619969,0.10735373054213634
191,10.715244229736983,5.5756843800322065,12.567096081588835,37.72141706924316,22.342995169082126,4.361245303274289,4.871175523349437,0.06709608158883522,1.6706924315619969,0.10735373054213634
192,10.856146001073537,5.5756843800322065,12.426194310252281,37.567096081588836,21.940418679549115,4.361245303274289,5.448201825013419,0.06709608158883522,1.6505636070853462,0.10735373054213634
193,10.856146001073537,5.5756843800322065,12.426194310252281,37.567096081588836,21.940418679549115,4.361245303274289,5.448201825013419,0.06709608158883522,1.6505636070853462,0.10735373054213634
194,11.07085346215781,5.555555555555555,12.412775093934513,37.40606548577563,21.940418679549115,4.361245303274289,5.428073000536768,0.06709608158883522,1.6505636070853462,0.10735373054213634
195,11.191626409017713,5.555555555555555,12.392646269457863,37.35238862050456,21.940418679549115,4.327697262479871,5.428073000536768,0.06038647342995169,1.6438539989264627,0.10735373054213634
196,11.20504562533548,5.4616210413311865,13.285024154589372,37.3389694041868,21.155394524959743,4.05931293612453,5.683038110574342,0.06038647342995169,1.6438539989264627,0.10735373054213634
197,11.218464841653248,5.4616210413311865,13.285024154589372,37.3389694041868,21.155394524959743,4.05931293612453,5.669618894256575,0.06038647342995169,1.6438539989264627,0.10735373054213634
198,11.225174449812132,5.4616210413311865,13.285024154589372,37.3389694041868,21.14868491680086,4.05931293612453,5.669618894256575,0.06038647342995169,1.6438539989264627,0.10735373054213634
199,11.325818572195384,5.4616210413311865,13.258185721953838,37.27858293075684,21.135265700483092,4.05931293612453,5.669618894256575,0.06038647342995169,1.6438539989264627,0.10735373054213634
200,11.419753086419753,5.4616210413311865,13.238056897477188,37.25174449812131,21.088298443370906,4.05931293612453,5.669618894256575,0.06038647342995169,1.6438539989264627,0.10735373054213634
201,11.808910359634996,5.4616210413311865,13.20450885668277,37.19806763285024,21.088298443370906,4.05931293612453,5.367686527106817,0.06038647342995169,1.6438539989264627,0.10735373054213634
202,11.882716049382717,5.428073000536768,13.20450885668277,37.15780998389694,21.088298443370906,4.05931293612453,5.367686527106817,0.06038647342995169,1.6438539989264627,0.10735373054213634
203,12.151100375738057,5.428073000536768,13.20450885668277,36.3593666129898,21.74584004294149,4.05931293612453,5.24020397208803,0.06038647342995169,1.6438539989264627,0.10735373054213634
204,12.466451959205582,5.428073000536768,13.083735909822867,36.292270531400966,21.618357487922705,4.05931293612453,5.24020397208803,0.06038647342995169,1.6438539989264627,0.10735373054213634
205,11.392914653784219,5.414653784219001,13.056897477187333,42.82071926999463,18.203166935050994,4.052603327965647,3.2474503488996245,0.06038647342995169,1.6438539989264627,0.10735373054213634
206,11.392914653784219,5.414653784219001,13.056897477187333,42.82071926999463,18.203166935050994,4.052603327965647,3.2474503488996245,0.06038647342995169,1.6438539989264627,0.10735373054213634
207,11.600912506709609,5.381105743424584,13.043478260869565,42.74691358024691,18.14278046162104,4.052603327965647,3.2474503488996245,0.06038647342995169,1.6170155662909287,0.10735373054213634
208,11.681427804616211,5.381105743424584,13.043478260869565,42.693236714975846,18.115942028985508,4.052603327965647,3.2474503488996245,0.06038647342995169,1.6170155662909287,0.10735373054213634
209,11.849168008588299,5.35426731078905,13.003220611916264,42.659688674181425,18.08239398819109,4.032474503488996,3.2474503488996245,0.06038647342995169,1.6035963499731616,0.10735373054213634
210,11.882716049382717,5.35426731078905,12.983091787439614,42.659688674181425,18.06897477187332,4.032474503488996,3.2474503488996245,0.06038647342995169,1.6035963499731616,0.10735373054213634
211,11.956521739130435,5.300590445517981,12.983091787439614,42.659688674181425,18.06897477187332,4.012345679012346,3.2474503488996245,0.06038647342995169,1.6035963499731616,0.10735373054213634
212,12.104133118625873,5.300590445517981,12.983091787439614,42.290660225442835,18.035426731078903,4.012345679012346,3.2474503488996245,0.06038647342995169,1.8585614600107354,0.10735373054213634
213,12.124261943102523,5.300590445517981,12.962962962962964,42.290660225442835,18.035426731078903,4.012345679012346,3.2474503488996245,0.06038647342995169,1.8585614600107354,0.10735373054213634
214,12.151100375738057,5.300590445517981,12.95625335480408,42.270531400966185,18.035426731078903,4.012345679012346,3.2474503488996245,0.06038647342995169,1.8585614600107354,0.10735373054213634
215,12.23161567364466,5.300590445517981,12.614063338701019,41.659957058507786,18.51851851851852,4.012345679012346,3.2474503488996245,0.06038647342995169,2.24771873322598,0.10735373054213634
216,12.493290391841116,5.186527106816962,12.607353730542137,41.619699409554485,18.417874396135264,4.012345679012346,3.2474503488996245,0.06038647342995169,2.24771873322598,0.10735373054213634
217,12.533548040794418,5.186527106816962,12.587224906065487,41.599570585077835,18.417874396135264,4.012345679012346,3.2474503488996245,0.06038647342995169,2.24771873322598,0.10735373054213634
218,12.587224906065487,5.186527106816962,12.587224906065487,41.58615136876006,18.377616747181964,4.012345679012346,3.2474503488996245,0.06038647342995169,2.24771873322598,0.10735373054213634
219,12.701288244766506,5.139559849704777,12.587224906065487,41.54589371980676,18.35077831454643,4.012345679012346,3.2474503488996245,0.06038647342995169,2.24771873322598,0.10735373054213634
220,12.72812667740204,5.139559849704777,12.573805689747719,41.324476650563604,18.35077831454643,4.233762748255502,3.2340311325818574,0.06038647342995169,2.24771873322598,0.10735373054213634
221,12.815351583467525,5.132850241545894,12.573805689747719,41.243961352657,18.35077831454643,4.233762748255502,3.2340311325818574,0.06038647342995169,2.24771873322598,0.10735373054213634
222,12.754965110037574,5.132850241545894,12.553676865271068,40.92860976918948,18.203166935050994,4.797369833601718,3.2340311325818574,0.040257648953301126,2.24771873322598,0.10735373054213634
223,12.775093934514224,5.132850241545894,12.553676865271068,40.90848094471283,18.203166935050994,4.797369833601718,3.2340311325818574,0.040257648953301126,2.24771873322598,0.10735373054213634
224,13.030059044551798,5.132850241545894,12.533548040794418,40.673644659151904,18.203166935050994,4.904723564143854,3.126677402039721,0.040257648953301126,2.24771873322598,0.10735373054213634
225,13.097155126140633,5.12614063338701,12.533548040794418,40.64680622651637,18.17632850241546,4.898013955984971,3.126677402039721,0.040257648953301126,2.24771873322598,0.10735373054213634
226,13.177670424047236,5.12614063338701,12.533548040794418,40.56629092860977,18.17632850241546,4.898013955984971,3.126677402039721,0.040257648953301126,2.24771873322598,0.10735373054213634
227,13.217928073000536,5.12614063338701,12.533548040794418,40.52603327965647,18.17632850241546,4.898013955984971,3.126677402039721,0.040257648953301126,2.24771873322598,0.10735373054213634
228,13.41250670960816,4.871175523349437,12.533548040794418,40.693773483628554,18.17632850241546,4.871175523349437,3.126677402039721,0.040257648953301126,2.167203435319377,0.10735373054213634
