,45,50,55,52,56,51,54,57,53,59,58,61
0,97.638217928073,2.3617820719269993,,,,,,,,,,
1,86.30568974771873,13.479602791196994,0.2147074610842727,,,,,,,,,
2,82.89720880300591,16.888083735909824,0.2147074610842727,,,,,,,,,
3,82.87037037037037,16.82769726247987,0.30193236714975846,,,,,,,,,
4,71.6653247450349,27.91867954911433,0.41599570585077833,,,,,,,,,
5,71.24932903918412,28.341384863123995,0.4092860976918948,,,,,,,,,
6,69.0150295222759,27.006172839506174,1.4559849704777241,2.522812667740204,,,,,,,,
7,68.8539989264627,27.066559312936125,1.4962426194310252,2.4892646269457863,0.0939345142243693,,,,,,,
8,69.18276972624798,25.355609232420825,2.818035426731079,2.428878153515835,0.0939345142243693,0.03354804079441761,0.08722490606548577,,,,,
9,66.05609232420827,26.308373590982285,2.9052603327965647,4.374664519592056,0.0939345142243693,0.03354804079441761,0.2281266774020397,,,,,
10,66.0024154589372,26.455984970477726,2.8918411164787976,4.294149221685454,0.0939345142243693,0.03354804079441761,0.2281266774020397,,,,,
11,64.99597423510467,27.314814814814813,2.885131508319914,4.294149221685454,0.0939345142243693,0.03354804079441761,0.3824476650563607,,,,,
12,63.405797101449274,28.764090177133657,3.113258185721954,4.206924315619967,0.0939345142243693,0.03354804079441761,0.3824476650563607,,,,,
13,63.6808910359635,28.14680622651637,2.7509393451422435,4.005636070853462,0.0939345142243693,0.03354804079441761,1.2010198604401503,0.08722490606548577,,,,
14,63.57353730542136,28.133387010198604,2.871712292002147,3.92512077294686,0.03354804079441761,0.03354804079441761,1.2010198604401503,0.08722490606548577,0.14090177133655393,,,
15,61.231884057971016,25.986312399355878,2.2946859903381642,3.7775093934514223,0.03354804079441761,3.207192699946323,3.3279656468062266,,0.14090177133655393,,,
16,61.61433172302738,25.603864734299517,2.3483628556092326,3.7775093934514223,0.03354804079441761,3.180354267310789,3.3011272141706924,,0.14090177133655393,,,
17,60.36634460547504,26.89210950080515,2.7777777777777777,3.7037037037037037,0.03354804079441761,2.703972088030059,3.3816425120772946,,0.14090177133655393,,,
18,58.25952764358561,28.938539989264626,2.7106816961889426,3.670155662909286,0.03354804079441761,2.703972088030059,3.475577026301664,0.06709608158883522,0.14090177133655393,,,
19,58.2259796027912,28.978797638217927,2.8247450348899625,3.656736446591519,0.03354804079441761,2.6972624798711755,3.408480944712829,0.03354804079441761,0.14090177133655393,,,
20,58.66881374127751,28.475577026301664,2.918679549114332,3.6366076221148687,0.03354804079441761,2.6838432635534084,3.408480944712829,0.03354804079441761,0.14090177133655393,,,
21,54.70343531937735,32.43424584004294,2.9589371980676327,3.6097691894793345,0.03354804079441761,2.6838432635534084,3.4017713365539453,0.03354804079441761,0.14090177133655393,,,
22,54.186795491143315,31.83709071390231,2.4691358024691357,5.683038110574342,0.03354804079441761,2.6838432635534084,2.8247450348899625,,0.14090177133655393,0.14090177133655393,,
23,45.148953301127214,41.58615136876006,2.4355877616747184,4.750402576489533,0.03354804079441761,3.0931293612453032,2.6704240472356413,,0.14090177133655393,0.14090177133655393,,
24,44.93424584004294,41.626409017713364,2.5161030595813205,4.64975845410628,0.03354804079441761,3.0931293612453032,2.7979066022544283,0.06709608158883522,0.14090177133655393,0.14090177133655393,,
25,39.30488459473967,51.33521202361782,1.5633387010198605,0.013419216317767043,,6.890767579173376,0.7783145464304885,,0.11406333870101985,,,
26,37.7012882447665,48.698336017176594,3.4420289855072466,0.16774020397208803,,6.649221685453569,3.227321524422974,,0.11406333870101985,,,
27,36.32581857219538,50.0805152979066,3.3950617283950617,0.16774020397208803,0.13419216317767044,6.575415995705851,3.207192699946323,,0.11406333870101985,,,
28,29.1129898013956,59.648416532474506,2.9589371980676327,0.16774020397208803,0.13419216317767044,4.74369296833065,3.1199677938808374,,0.11406333870101985,,,
29,21.32313472893183,67.69994632313472,2.844873859366613,0.15432098765432098,0.13419216317767044,4.7638217928073,2.9589371980676327,0.04696725711218465,,0.07380568974771873,,
30,21.256038647342994,64.85507246376811,2.9052603327965647,0.14090177133655393,0.13419216317767044,4.448470209339774,2.9119699409554483,0.04696725711218465,3.227321524422974,0.07380568974771873,,
31,20.021470746108427,55.10601180891036,1.4761137949543746,0.2549651100375738,,5.60252281266774,0.5367686527106817,0.04696725711218465,16.955179817498657,,,
32,20.665593129361245,53.415190552871714,2.771068169618894,0.2549651100375738,,5.481749865807837,0.5367686527106817,0.04696725711218465,16.82769726247987,,,
33,17.995169082125603,42.88781535158347,2.8515834675254963,0.2549651100375738,,19.424315619967793,0.5568974771873323,0.04696725711218465,15.982286634460548,,,
34,17.713365539452496,37.936124530327426,2.100107353730542,0.2549651100375738,,29.582662372517444,0.30864197530864196,,12.104133118625873,,,
35,17.2638217928073,29.911433172302736,1.8988191089640365,0.2549651100375738,0.1878690284487386,44.37734836285561,0.30864197530864196,,5.797101449275362,,,
36,17.867686527106816,29.71014492753623,2.046430488459474,0.2549651100375738,1.3083735909822867,42.639559849704774,0.30864197530864196,0.13419216317767044,5.669618894256575,,0.06038647342995169,
37,18.364197530864196,29.502147074610843,2.046430488459474,0.2549651100375738,1.4090177133655395,41.6532474503489,0.30193236714975846,0.013419216317767043,6.400966183574879,,0.05367686527106817,
38,18.753354804079443,29.066022544283413,2.7241009125067097,0.2549651100375738,1.7176596886741815,41.10976918947934,0.30193236714975846,0.013419216317767043,6.005099302200751,,0.05367686527106817,
39,18.706387546967257,26.44927536231884,2.7106816961889426,0.2549651100375738,1.8183038110574343,40.666935050993025,3.2675791733762747,0.013419216317767043,6.0587761674718195,,0.05367686527106817,
40,15.861513687600644,17.19001610305958,5.669618894256575,0.2549651100375738,1.8317230273752012,51.37546967257112,3.2340311325818574,0.013419216317767043,4.51556629092861,,0.05367686527106817,
41,16.170155662909288,17.418142780461622,5.5756843800322065,0.2549651100375738,2.1068169618894257,50.637412775093935,3.2742887815351582,0.013419216317767043,4.49543746645196,,0.05367686527106817,
42,14.720880300590446,12.855609232420827,4.126409017713366,0.2549651100375738,2.1135265700483092,58.2259796027912,3.2675791733762747,0.013419216317767043,4.367954911433173,,0.05367686527106817,
43,15.123456790123457,12.842190016103059,4.052603327965647,0.2549651100375738,2.442297369833602,57.6556629092861,3.2675791733762747,0.013419216317767043,4.294149221685454,,0.05367686527106817,
44,15.425389157273216,12.714707461084272,3.683574879227053,0.2549651100375738,2.49597423510467,56.333870101986044,3.2675791733762747,0.013419216317767043,5.803811057434245,,0.0067096081588835215,
45,15.780998389694043,11.178207192699947,3.643317230273752,0.2549651100375738,2.6502952227589907,55.75013419216318,3.2139023081052067,0.013419216317767043,7.461084272678476,,0.05367686527106817,
46,15.230810520665592,10.057702630166398,3.643317230273752,0.1610305958132045,2.6704240472356413,57.60198604401503,3.207192699946323,0.013419216317767043,7.360440150295223,,0.05367686527106817,
47,14.418947933440688,8.896940418679549,3.5829307568438002,11.292270531400966,2.3349436392914655,49.71148684916801,2.85829307568438,0.15432098765432098,6.5485775630703165,,0.20128824476650564,
48,13.399087493290391,10.017444981213098,2.254428341384863,14.06333870101986,2.328234031132582,47.356414385399894,4.05931293612453,0.15432098765432098,6.166129898013956,,0.20128824476650564,
49,14.143853998926463,9.75577026301664,2.3886205045625335,13.895598497047773,2.462426194310252,46.792807300053674,4.03918411164788,0.15432098765432098,6.166129898013956,,0.20128824476650564,
50,12.567096081588835,8.776167471819646,1.7579173376274826,10.768921095008052,2.254428341384863,52.63687600644123,4.757112184648417,0.013419216317767043,6.280193236714976,,0.1878690284487386,
51,13.513150831991412,8.715780998389693,1.9994632313472893,10.50053676865271,2.4020397208803006,51.67740203972088,4.62962962962963,0.14090177133655393,6.112453032742888,,0.30864197530864196,
52,14.184111647879764,8.641975308641975,2.254428341384863,10.420021470746109,2.5496511003757383,50.83199141170156,4.555823939881911,0.14090177133655393,6.018518518518518,,0.4025764895330113,
53,14.63365539452496,8.668813741277509,2.254428341384863,11.788781535158346,2.61003757380569,49.765163714439076,4.488727858293076,0.2952227589908749,5.092592592592593,,0.4025764895330113,
54,15.083199141170155,8.568169618894256,2.254428341384863,11.728395061728396,2.7106816961889426,49.33574879227053,4.428341384863124,0.4092860976918948,5.005367686527107,,0.47638217928073,
55,14.546430488459475,8.521202361782072,1.751207729468599,11.654589371980677,1.7310789049919484,42.7938808373591,4.320987654320987,0.4092860976918948,13.79495437466452,,0.47638217928073,
56,15.183843263553408,8.407139023081053,1.9122383252818036,11.594202898550725,1.7310789049919484,42.43827160493827,4.240472356414386,0.32877079978529256,13.687600644122384,,0.47638217928073,
57,15.432098765432098,8.313204508856682,1.5029522275899088,12.13768115942029,1.9524959742351047,41.91492216854536,4.200214707461084,0.46296296296296297,13.620504562533547,,0.46296296296296297,
58,16.10305958132045,8.017981749865807,1.4962426194310252,12.037037037037036,1.9256575415995705,41.337895866881375,4.180085882984434,0.46296296296296297,14.049919484702093,,0.38915727321524424,
59,16.646537842190018,7.917337627482555,1.7713365539452497,11.808910359634996,1.9189479334406871,40.425389157273216,6.743156199677939,0.32877079978529256,12.050456253354804,,0.38915727321524424,
60,17.52549651100376,7.830112721417069,1.8384326355340848,11.708266237251744,2.086688137412775,39.68733225979603,6.689479334406871,0.32877079978529256,11.916264090177133,,0.38915727321524424,
61,18.276972624798713,7.830112721417069,1.7981749865807837,11.58749329039184,2.187332259796028,39.17740203972088,6.6760601180891035,0.32877079978529256,11.75523349436393,,0.3824476650563607,
62,18.853998926462694,7.7898550724637685,1.7981749865807837,11.480139559849706,2.1739130434782608,38.888888888888886,6.662640901771336,0.3488996242619431,11.621041331186259,,0.3824476650563607,
63,17.780461621041333,7.6623725174449815,1.556629092860977,23.362855609232422,1.6505636070853462,29.01905528717123,6.635802469135802,0.41599570585077833,11.533816425120772,,0.3824476650563607,
64,18.391035963499732,7.628824476650563,1.7914653784219001,22.913311862587225,1.8048845947396672,28.502415458937197,6.488191089640365,0.6977992485238862,11.399624261943103,,0.3824476650563607,
65,18.08239398819109,7.125603864734299,1.7310789049919484,22.785829307568438,1.8048845947396672,29.824208266237253,6.414385399892646,0.6843800322061192,11.16478797638218,,0.3824476650563607,
66,18.947933440687063,7.078636607622115,1.8518518518518519,22.34970477724101,1.9189479334406871,29.300858829844337,6.400966183574879,0.7447665056360708,11.023886205045626,,0.3824476650563607,
67,19.310252281266774,7.024959742351046,1.8048845947396672,22.322866344605476,1.9927536231884058,29.1129898013956,6.380837359098229,0.7380568974771873,10.93666129898014,,0.3757380568974772,
68,20.014761137949545,6.957863660762212,1.7646269457863661,22.007514761137948,2.1940418679549114,28.63660762211487,6.233225979602791,1.0198604401502953,10.695115405260333,,0.47638217928073,
69,20.29656468062265,6.837090713902308,1.9659151905528718,21.75925925925926,2.2879763821792807,29.78395061728395,6.112453032742888,0.9594739667203436,9.5276435856146,,0.46967257112184646,
70,20.8064949006978,6.790123456790123,2.24771873322598,21.591519055287172,2.3550724637681157,29.341116478797638,5.9514224369296835,0.95276435856146,9.373322597960279,,0.5904455179817498,
71,20.79307568438003,6.763285024154589,2.2208803005904456,21.235909822866343,2.536231884057971,27.086688137412775,5.897745571658615,0.9326355340848095,12.00348899624262,,0.5300590445517982,
72,16.17686527106817,5.508588298443371,2.462426194310252,11.017176596886742,1.710950080515298,48.19511540526033,5.71658615136876,0.7380568974771873,7.85024154589372,,0.6239935587761675,
73,16.861245303274288,5.501878690284487,2.690552871712292,10.849436392914654,2.1269457863660763,47.22893183038111,5.642780461621041,0.7246376811594203,7.75630703166935,,0.6172839506172839,
74,16.74718196457327,4.8376274825550185,2.6033279656468062,10.238862050456254,2.301395598497048,46.77938808373591,5.5689747718733225,0.6642512077294686,9.601449275362318,,0.6575415995705851,
75,17.344337090713903,4.777241009125067,2.8381642512077296,11.010466988727858,2.2946859903381642,46.12855609232421,5.441492216854535,0.6642512077294686,8.84326355340848,,0.6575415995705851,
76,18.203166935050994,4.5960815888352125,3.1535158346752548,10.601180891035963,2.6704240472356413,45.35024154589372,5.35426731078905,0.6374127750939346,8.78287707997853,,0.6508319914117016,
77,18.659420289855074,4.549114331723027,4.7638217928073,10.554213633923778,2.6704240472356413,43.35077831454643,5.4616210413311865,0.8454106280193237,8.494363929146537,,0.6508319914117016,
78,18.035426731078903,4.542404723564144,5.112721417069243,8.467525496511003,2.4020397208803006,40.4320987654321,8.548040794417606,0.7514761137949544,11.057434245840042,,0.6508319914117016,
79,17.505367686527105,4.42163177670424,7.39398819108964,5.656199677938808,1.865271068169619,42.914653784219,8.105206655931294,0.6038647342995169,10.88298443370907,,0.6508319914117016,
80,18.055555555555557,4.388083735909823,7.474503488996243,5.60252281266774,1.8384326355340848,42.552334943639295,8.051529790660226,0.6038647342995169,10.782340311325818,,0.6508319914117016,
81,18.55877616747182,4.294149221685454,7.4208266237251745,5.367686527106817,2.100107353730542,37.546967257112186,9.77589908749329,0.6038647342995169,13.694310252281268,,0.6374127750939346,
82,19.39747718733226,4.2203435319377345,7.37385936661299,5.35426731078905,2.2611379495437465,37.063875469672574,9.688674181427805,0.6038647342995169,13.405797101449275,,0.630703166935051,
83,20.075147611379496,4.2203435319377345,7.5281803542673105,5.22007514761138,2.2342995169082127,36.600912506709605,9.480676328502415,0.6038647342995169,13.33870101986044,,0.6977992485238862,
84,20.28985507246377,4.186795491143317,8.68894256575416,4.542404723564144,4.924852388620504,34.27938808373591,8.360171765968868,0.785024154589372,13.103864734299517,,0.6977992485238862,0.14090177133655393
85,16.23725174449812,3.2340311325818574,4.40150295222759,4.388083735909823,3.864734299516908,45.25630703166935,8.252818035426731,0.785024154589372,12.882447665056361,,0.6977992485238862,
86,17.102791196994094,3.2139023081052067,4.341116478797638,4.388083735909823,3.9855072463768115,41.700214707461086,8.32662372517445,0.785024154589372,15.4723564143854,,0.6843800322061192,
87,17.70665593129361,3.1602254428341383,4.49543746645196,4.3545356951154055,3.9519592055823938,41.317767042404725,8.246108427267847,0.785024154589372,15.331454643048845,,0.6508319914117016,
88,18.45813204508857,3.1602254428341383,4.455179817498658,4.334406870638754,6.0587761674718195,38.93585614600107,8.199141170155663,0.785024154589372,14.962426194310252,,0.6508319914117016,
89,18.820450885668276,3.0730005367686526,4.448470209339774,4.26731078904992,5.662909286097692,38.6406333870102,8.849973161567364,0.785024154589372,14.828234031132581,,0.6239935587761675,
90,19.726247987117553,3.0595813204508855,4.394793344068707,4.213633923778851,5.891035963499732,37.956253354804076,8.621846484165324,0.785024154589372,14.74771873322598,,0.6038647342995169,
91,19.108964036500268,2.918679549114332,4.253891572732153,4.139828234031133,5.71658615136876,40.063070316693505,8.715780998389693,0.7313472893183038,13.768115942028986,,0.5837359098228664,
92,19.706119162640903,2.7844873859366612,4.38137412775094,4.05931293612453,5.689747718733226,39.62694578636608,8.474235104669887,0.9863123993558777,13.727858293075684,,0.5636070853462157,
93,20.42404723564144,2.7844873859366612,4.528985507246377,4.052603327965647,5.649490069779925,39.029790660225444,8.400429414922169,0.9863123993558777,13.613794954374665,,0.5300590445517982,
94,19.632313472893184,2.0799785292538915,4.522275899087493,4.052603327965647,5.783682232957595,40.51932367149758,8.32662372517445,0.9863123993558777,13.580246913580247,,0.5166398282340311,
95,19.384057971014492,1.8719806763285025,4.690016103059581,7.125603864734299,5.669618894256575,39.55314009661836,7.467793880837359,0.6776704240472357,13.043478260869565,,0.5166398282340311,
96,20.095276435856146,1.8451422436929683,4.669887278582931,7.078636607622115,5.790391841116479,38.868760064412236,7.347020933977456,0.6709608158883521,13.117283950617283,,0.5166398282340311,
97,20.8870101986044,1.9189479334406871,4.656468062265164,6.91760601180891,5.83064949006978,38.47289318303811,7.199409554482019,0.6709608158883521,12.929414922168545,,0.5166398282340311,
98,21.598228663446054,1.8518518518518519,4.609500805152979,6.796833064949007,5.911164787976382,37.80864197530864,7.2933440687063875,0.7112184648416533,12.781803542673108,,0.6374127750939346,
99,21.72571121846484,1.8518518518518519,4.730273752012883,6.709608158883521,6.005099302200751,36.42646269457864,7.14573268921095,0.7112184648416533,14.056629092860977,,0.6374127750939346,
100,22.403381642512077,1.8451422436929683,4.502147074610843,6.635802469135802,5.8239398819108965,36.252012882447666,7.112184648416532,0.6977992485238862,14.103596349973161,,0.6239935587761675,
101,22.23564143853999,1.8183038110574343,4.4820182501341925,6.4345142243692965,5.555555555555555,35.84272678475577,7.024959742351046,0.6977992485238862,15.28448738593666,,0.6239935587761675,
102,22.48389694041868,1.8183038110574343,4.5893719806763285,6.1929683306494905,5.763553408480945,35.44015029522276,7.340311325818572,0.6575415995705851,15.103327965646805,,0.6105743424584005,
103,22.5979602791197,1.7310789049919484,4.582662372517445,7.4006977992485234,6.588835212023618,33.97745571658615,7.266505636070853,0.6374127750939346,14.606816961889425,,0.6105743424584005,
104,23.1682769726248,1.7042404723564144,4.703435319377348,7.360440150295223,6.588835212023618,33.58829844337091,7.159151905528717,0.6374127750939346,14.42565754159957,,0.6642512077294686,
105,23.396403650026837,1.7042404723564144,4.8443370907139025,8.480944712828771,6.655931293612453,32.60198604401503,7.018250134192163,0.6374127750939346,13.92914653784219,,0.7313472893183038,
106,23.47691894793344,1.6572732152442298,4.951690821256038,8.225979602791197,7.273215244229737,32.13231347289318,7.0383789586688135,0.5367686527106817,13.976113794954374,,0.7313472893183038,
107,23.678207192699947,1.6505636070853462,7.219538378958669,8.179012345679013,7.185990338164252,29.965110037573805,6.991411701556629,0.5367686527106817,13.862050456253355,,0.7313472893183038,
108,24.14787976382179,1.596886741814278,7.1658615136876005,8.064949006977992,7.14573268921095,29.864465915190554,6.910896403650026,0.6910896403650026,13.6808910359635,,0.7313472893183038,
109,24.778582930756844,1.5901771336553945,7.152442297369833,8.017981749865807,7.14573268921095,29.58937198067633,6.837090713902308,0.6709608158883521,13.519860440150294,,0.6977992485238862,
110,24.93961352657005,1.5901771336553945,7.239667203435319,7.950885668276973,9.104938271604938,27.489264626945786,6.78341384863124,0.8118625872249061,13.419216317767042,,0.6709608158883521,
111,25.483091787439612,1.5901771336553945,7.232957595276436,7.7831454643048845,9.212292002147075,27.26784755770263,6.723027375201288,0.8118625872249061,13.123993558776167,,0.7716049382716049,
112,25.764895330112722,1.5432098765432098,7.0450885668276975,7.648953301127214,9.145195920558239,25.288513150831992,9.151905528717123,0.8118625872249061,12.828770799785293,,0.7716049382716049,
113,26.006441223832528,1.5096618357487923,7.004830917874396,7.494632313472893,9.353193773483628,25.127482555018787,9.145195920558239,0.8118625872249061,12.775093934514224,,0.7716049382716049,
114,25.946054750402578,1.4962426194310252,6.877348362855609,7.313472893183038,8.876811594202898,26.435856146001072,9.588030059044552,0.8118625872249061,11.721685453569512,0.10064412238325282,0.8319914117015567,
115,25.885668276972623,1.3888888888888888,6.8035426731078905,7.159151905528717,8.84326355340848,26.194310252281266,9.460547504025765,0.8118625872249061,12.52012882447665,0.10064412238325282,0.8319914117015567,
116,26.234567901234566,1.3888888888888888,7.051798174986581,7.125603864734299,8.722490606548577,25.925925925925927,9.29951690821256,0.8051529790660226,12.513419216317766,0.10064412238325282,0.8319914117015567,
117,26.617015566290927,1.3888888888888888,7.011540526033279,7.051798174986581,8.796296296296296,25.664251207729468,9.178743961352657,0.8185721953837896,12.5402576489533,0.10064412238325282,0.8319914117015567,
118,26.737788513150832,1.3754696725711217,6.823671497584541,6.937734836285561,8.749329039184111,25.120772946859905,10.587761674718196,0.8923778851315083,11.855877616747183,0.08722490606548577,0.8319914117015567,
119,27.294685990338163,1.3620504562533549,6.776704240472356,6.9243156199677935,8.682232957595277,25.026838432635532,10.379763821792807,0.8923778851315083,11.741814278046162,0.08722490606548577,0.8319914117015567,
120,27.254428341384862,1.3620504562533549,7.152442297369833,6.4345142243692965,8.21256038647343,23.450080515297905,10.178475577026301,0.8923778851315083,14.184111647879764,0.08722490606548577,0.7917337627482555,
121,27.38191089640365,1.3620504562533549,7.353730542136339,6.206387546967257,8.387010198604402,23.201825013419217,10.144927536231885,0.8454106280193237,14.237788513150832,0.08722490606548577,0.7917337627482555,
122,27.556360708534623,1.3620504562533549,7.494632313472893,6.146001073537305,7.514761137949543,22.886473429951693,10.178475577026301,0.8319914117015567,15.08990874932904,0.08722490606548577,0.8521202361782072,
123,24.094202898550726,1.3553408480944713,6.810252281266774,5.60252281266774,5.475040257648954,35.98362855609233,9.29951690821256,0.5568974771873323,10.091250670960816,0.08722490606548577,0.644122383252818,
124,24.818840579710145,1.3352120236178207,6.689479334406871,5.548845947396672,5.4549114331723025,35.38647342995169,9.480676328502415,0.5434782608695652,9.96376811594203,0.08722490606548577,0.6910896403650026,
125,25.275093934514224,1.3352120236178207,6.790123456790123,5.434782608695652,5.441492216854535,35.03086419753087,9.339774557165862,0.5501878690284487,10.050993022007514,0.08722490606548577,0.6642512077294686,
126,25.764895330112722,1.3352120236178207,6.743156199677939,5.407944176060118,5.629361245303274,34.66183574879227,9.16532474503489,0.5501878690284487,9.990606548577563,0.08722490606548577,0.6642512077294686,
127,26.25469672571122,1.3352120236178207,6.723027375201288,5.287171229200215,5.864197530864198,34.12506709608159,8.896940418679549,0.7514761137949544,9.896672034353195,0.20128824476650564,0.6642512077294686,
128,26.50295222758991,1.3352120236178207,6.763285024154589,5.287171229200215,6.233225979602791,33.756038647343,8.849973161567364,0.7514761137949544,9.655126140633387,0.20128824476650564,0.6642512077294686,
129,27.033011272141707,1.3352120236178207,6.8035426731078905,5.10601180891036,6.239935587761675,33.36688137412775,8.890230810520666,0.7648953301127214,9.594739667203436,0.20128824476650564,0.6642512077294686,
130,27.482555018786904,1.3352120236178207,6.9310252281266775,5.038915727321524,6.206387546967257,33.07836822329576,8.789586688137414,0.7648953301127214,9.50751476113795,0.20128824476650564,0.6642512077294686,
131,26.113794954374665,1.3016639828234031,6.662640901771336,7.132313472893183,6.152710681696189,33.353462157809986,8.3467525496511,0.7648953301127214,9.306226516371444,0.20128824476650564,0.6642512077294686,
132,26.878690284487387,1.3016639828234031,6.649221685453569,7.085346215780999,6.260064412238325,32.76301663982824,8.205850778314547,0.7648953301127214,9.225711218464841,0.20128824476650564,0.6642512077294686,
133,27.361782071927,1.288244766505636,6.629092860976919,7.078636607622115,6.125872249060655,32.41411701556629,8.299785292538916,0.7648953301127214,9.172034353193773,0.20128824476650564,0.6642512077294686,
134,27.059849704777243,1.288244766505636,6.347289318303811,6.910896403650026,6.072195383789587,34.265968867418145,7.729468599033816,0.7112184648416533,8.836553945249598,0.20128824476650564,0.5770263016639828,
135,27.34165324745035,1.288244766505636,6.488191089640365,6.904186795491143,6.286902844873859,33.964036500268385,7.541599570585078,0.7112184648416533,8.702361782071927,0.19457863660762212,0.5770263016639828,
136,27.750939345142243,1.288244766505636,6.4345142243692965,6.749865807836822,6.266774020397209,33.823134728931834,7.568438003220612,0.7112184648416533,8.641975308641975,0.19457863660762212,0.5703166935050993,
137,28.099838969404185,1.261406333870102,6.508319914117015,6.608964036500268,6.233225979602791,33.58829844337091,7.541599570585078,0.8387010198604401,8.561460010735374,0.19457863660762212,0.5636070853462157,
138,27.34165324745035,1.261406333870102,5.783682232957595,6.561996779388084,6.3070316693505095,32.48121309715513,10.319377348362856,0.8319914117015567,8.353462157809984,0.19457863660762212,0.5636070853462157,
139,27.603327965646805,1.2546967257112185,5.750134192163178,6.5552871712292005,6.367418142780462,32.26650563607085,10.272410091250672,0.8319914117015567,8.340042941492216,0.19457863660762212,0.5636070853462157,
140,27.925389157273216,1.2010198604401503,5.938003220611916,6.461352657004831,6.387546967257112,32.03166935050993,10.258990874932904,0.8319914117015567,8.205850778314547,0.19457863660762212,0.5636070853462157,
141,28.30112721417069,1.2010198604401503,5.978260869565218,6.260064412238325,6.347289318303811,30.823939881910896,11.252012882447666,0.9125067096081588,8.165593129361245,0.19457863660762212,0.5636070853462157,
142,28.83118625872249,1.1943102522812667,6.340579710144928,6.052066559312936,6.327160493827161,30.360976918947934,11.18491680085883,0.9125067096081588,8.09849704777241,0.1610305958132045,0.5367686527106817,
143,29.334406870638755,1.1943102522812667,6.3070316693505095,6.038647342995169,6.394256575415996,30.02549651100376,11.137949543746645,0.9125067096081588,7.971014492753623,0.1610305958132045,0.5233494363929146,
144,29.55582393988191,1.1808910359634996,6.374127750939345,5.998389694041868,6.488191089640365,29.66988727858293,11.20504562533548,0.9125067096081588,7.930756843800322,0.1610305958132045,0.5233494363929146,
145,29.864465915190554,1.1674718196457328,6.488191089640365,6.119162640901771,6.481481481481482,29.21363392377885,11.238593666129898,0.9125067096081588,7.836822329575953,0.1610305958132045,0.5166398282340311,
146,30.320719269994633,1.1540526033279657,6.353998926462695,6.092324208266238,6.468062265163715,29.045893719806763,11.265432098765432,0.8990874932903918,7.729468599033816,0.1610305958132045,0.5099302200751477,
147,30.83064949006978,1.1540526033279657,6.3137412775093935,6.0654857756307035,6.461352657004831,28.63660762211487,11.265432098765432,0.8990874932903918,7.648953301127214,0.1610305958132045,0.5636070853462157,
148,30.709876543209877,1.1473429951690821,6.233225979602791,6.018518518518518,5.9514224369296835,28.247450348899623,11.178207192699947,0.8990874932903918,8.82313472893183,0.14761137949543746,0.644122383252818,
149,30.85077831454643,1.133923778851315,6.501610305958132,6.112453032742888,5.971551261406334,27.965646806226516,11.11111111111111,0.8655394524959742,8.702361782071927,0.14761137949543746,0.6374127750939346,
150,31.253354804079443,1.0869565217391304,6.400966183574879,6.085614600107354,5.971551261406334,27.74422973698336,11.16478797638218,0.8655394524959742,8.668813741277509,0.14761137949543746,0.6105743424584005,
151,31.87734836285561,1.0869565217391304,6.367418142780462,6.078904991948471,5.790391841116479,27.556360708534623,11.151368760064413,0.8655394524959742,8.474235104669887,0.14761137949543746,0.6038647342995169,
152,31.199677938808374,1.0735373054213635,6.099033816425121,5.984970477724101,5.495169082125604,30.05233494363929,10.829307568438002,0.8990874932903918,7.635534084809447,0.14761137949543746,0.5837359098228664,
153,31.689479334406872,1.0735373054213635,6.025228126677402,5.964841653247451,5.562265163714439,29.066022544283413,11.419753086419753,0.8990874932903918,7.494632313472893,0.23483628556092323,0.5703166935050993,
154,32.018250134192165,1.0534084809447128,6.266774020397209,5.917874396135265,5.8172302737520125,28.475577026301664,11.285560923242082,0.8990874932903918,7.333601717659689,0.23483628556092323,0.6977992485238862,
155,31.78341384863124,1.0399892646269457,6.172839506172839,7.96430488459474,5.897745571658615,27.542941492216855,10.876274825550189,0.8990874932903918,6.944444444444445,0.23483628556092323,0.644122383252818,
156,31.97799248523886,1.0131508319914118,6.146001073537305,7.924047235641439,5.870907139023081,27.435587761674718,10.856146001073537,0.8990874932903918,7.018250134192163,0.23483628556092323,0.6239935587761675,
157,32.380568974771876,1.0131508319914118,6.266774020397209,7.7898550724637685,5.917874396135265,27.120236178207193,10.681696188942565,1.0198604401502953,6.977992485238862,0.2281266774020397,0.6038647342995169,
158,32.79656468062265,1.0131508319914118,6.333870101986044,7.742887815351583,5.870907139023081,26.88539989264627,10.661567364465915,1.0131508319914118,6.850509930220075,0.2281266774020397,0.6038647342995169,
159,33.16559312936125,1.0064412238325282,6.421095008051529,7.689210950080516,5.877616747181965,26.704240472356414,10.540794417606012,1.0131508319914118,6.78341384863124,0.2281266774020397,0.5703166935050993,
160,33.40713902308105,1.0064412238325282,6.387546967257112,7.608695652173913,5.730005367686527,26.610305958132045,10.554213633923778,1.1473429951690821,6.749865807836822,0.2281266774020397,0.5703166935050993,
161,32.64224369296833,0.8051529790660226,6.421095008051529,9.017713365539452,5.6964573268921095,26.154052603327965,10.473698336017177,1.1473429951690821,6.843800322061192,0.2281266774020397,0.5703166935050993,
162,32.950885668276975,0.8051529790660226,6.468062265163715,8.964036500268385,5.676328502415459,25.97289318303811,10.413311862587225,1.1473429951690821,6.8035426731078905,0.2281266774020397,0.5703166935050993,
163,33.279656468062264,0.8051529790660226,6.4345142243692965,8.910359634997317,5.736714975845411,25.764895330112722,10.34621578099839,1.1473429951690821,6.796833064949007,0.20799785292538917,0.5703166935050993,
164,33.62855609232421,0.8051529790660226,6.4345142243692965,8.903650026838433,5.730005367686527,25.603864734299517,10.21202361782072,1.133923778851315,6.769994632313473,0.20799785292538917,0.5703166935050993,
165,33.964036500268385,0.7783145464304885,6.5485775630703165,8.80300590445518,5.770263016639828,25.288513150831992,10.077831454643048,1.133923778851315,6.857219538378959,0.20799785292538917,0.5703166935050993,
166,34.13177670424047,0.7783145464304885,6.528448738593666,8.776167471819646,6.0587761674718195,24.879227053140095,10.111379495437467,1.133923778851315,6.823671497584541,0.20799785292538917,0.5703166935050993,
167,34.5276435856146,0.7783145464304885,6.629092860976919,8.581588835212024,6.132581857219538,24.684648416532475,9.96376811594203,1.133923778851315,6.790123456790123,0.20799785292538917,0.5703166935050993,
168,34.80944712828771,0.7783145464304885,6.689479334406871,8.480944712828771,6.085614600107354,24.58400429414922,9.930220075147611,1.107085346215781,6.756575415995706,0.20799785292538917,0.5703166935050993,
169,34.38003220611916,0.7783145464304885,6.454643048845948,8.360171765968868,5.964841653247451,25.89908749329039,9.936929683306495,1.107085346215781,6.340579710144928,0.20799785292538917,0.5703166935050993,
170,34.19887278582931,0.7514761137949544,6.3070316693505095,8.380300590445518,6.038647342995169,25.348899624261943,10.82259796027912,1.1003757380568975,6.320450885668277,0.20799785292538917,0.5233494363929146,
171,34.56119162640902,0.7514761137949544,6.280193236714976,8.32662372517445,6.078904991948471,25.087224906065487,10.909822866344605,1.1003757380568975,6.260064412238325,0.20799785292538917,0.43612453032742887,
172,33.91035963499731,0.7514761137949544,6.233225979602791,10.547504025764896,5.8239398819108965,24.570585077831456,10.88298443370907,1.107085346215781,5.5756843800322065,0.20128824476650564,0.39586688137412773,
173,34.15861513687601,0.7514761137949544,6.172839506172839,10.319377348362856,5.803811057434245,24.516908212560388,10.768921095008052,1.107085346215781,5.8172302737520125,0.20128824476650564,0.3824476650563607,
174,34.4068706387547,0.7514761137949544,6.253354804079442,10.171765968867419,5.897745571658615,24.12104133118626,10.721953837895867,1.1674718196457328,5.924584004294149,0.20128824476650564,0.3824476650563607,
175,34.896672034353195,0.7447665056360708,6.226516371443908,10.084541062801932,6.179549114331723,23.557434245840042,10.68840579710145,1.1674718196457328,5.870907139023081,0.20128824476650564,0.3824476650563607,
176,35.38647342995169,0.7112184648416533,6.1929683306494905,9.950348899624261,6.146001073537305,23.18840579710145,10.661567364465915,1.1540526033279657,6.031937734836285,0.19457863660762212,0.3824476650563607,
177,35.28582930756844,0.7112184648416533,6.105743424584004,8.950617283950617,6.112453032742888,24.89935587761675,10.466988727858293,1.1540526033279657,5.736714975845411,0.19457863660762212,0.3824476650563607,
178,35.63472893183038,0.6575415995705851,6.119162640901771,8.923778851315083,6.0654857756307035,24.62426194310252,10.46027911969941,1.133923778851315,5.803811057434245,0.19457863660762212,0.3824476650563607,
179,35.69511540526033,0.644122383252818,6.132581857219538,8.655394524959743,5.984970477724101,24.9597423510467,10.473698336017177,1.093666129898014,5.783682232957595,0.19457863660762212,0.3824476650563607,
180,36.05072463768116,0.644122383252818,6.119162640901771,8.521202361782072,5.864197530864198,24.691358024691358,10.755501878690284,1.093666129898014,5.683038110574342,0.19457863660762212,0.3824476650563607,
181,36.272141706924316,0.630703166935051,6.085614600107354,8.514492753623188,5.776972624798712,24.54374664519592,10.755501878690284,1.0802469135802468,5.776972624798712,0.1878690284487386,0.3757380568974772,
182,37.043746645195924,0.5904455179817498,6.172839506172839,8.440687063875469,5.736714975845411,23.886205045625335,10.607890499194847,1.1540526033279657,5.803811057434245,0.1878690284487386,0.3757380568974772,
183,37.31213097155126,0.5904455179817498,6.367418142780462,8.407139023081053,5.750134192163178,23.51046698872786,10.554213633923778,1.1540526033279657,5.790391841116479,0.1878690284487386,0.3757380568974772,
184,36.35265700483092,0.5904455179817498,6.575415995705851,10.621309715512615,5.676328502415459,23.09447128287708,10.44015029522276,1.133923778851315,5.0791733762748255,0.1878690284487386,0.24825550187869028,
185,36.60762211486849,0.5770263016639828,6.622383252818035,10.48040794417606,5.844068706387547,22.799248523886206,10.299248523886206,1.2077294685990339,5.152979066022544,0.16774020397208803,0.24154589371980675,
186,36.902844873859365,0.5568974771873323,6.588835212023618,10.34621578099839,6.025228126677402,22.571121846484164,10.185185185185185,1.1943102522812667,5.119431025228127,0.16774020397208803,0.3421900161030596,
187,37.124261943102525,0.5568974771873323,6.5485775630703165,10.453569511540525,6.011808910359635,22.33628556092324,10.245571658615138,1.1943102522812667,5.065754159957058,0.14090177133655393,0.322061191626409,
188,37.40606548577563,0.5568974771873323,6.635802469135802,10.406602254428341,6.018518518518518,22.054482018250134,10.272410091250672,1.1943102522812667,4.99194847020934,0.14090177133655393,0.322061191626409,
189,37.754965110037574,0.5568974771873323,6.575415995705851,10.258990874932904,6.260064412238325,21.712292002147073,10.265700483091788,1.1876006441223832,4.9718196457326895,0.14090177133655393,0.3153515834675255,
190,38.177670424047236,0.5568974771873323,6.474771873322598,10.178475577026301,6.199677938808374,21.537842190016104,10.044283413848632,1.1674718196457328,5.052334943639291,0.14090177133655393,0.46967257112184646,
191,38.31857219538379,0.5568974771873323,6.474771873322598,10.030864197530864,6.1929683306494905,21.39694041867955,10.11808910359635,1.1674718196457328,5.139559849704777,0.14090177133655393,0.46296296296296297,
192,38.61379495437466,0.5568974771873323,6.414385399892646,9.816156736446592,6.266774020397209,21.316425120772948,10.010735373054214,1.1674718196457328,5.0858829844337095,0.14090177133655393,0.6105743424584005,
193,38.868760064412236,0.5568974771873323,6.461352657004831,9.77589908749329,6.206387546967257,21.18894256575416,9.977187332259795,1.1674718196457328,5.018786902844874,0.18115942028985507,0.5971551261406334,
194,39.04320987654321,0.5568974771873323,6.414385399892646,9.71551261406334,6.206387546967257,21.141975308641975,9.883252818035427,1.1473429951690821,5.112721417069243,0.18115942028985507,0.5971551261406334,
195,39.24449812130972,0.5501878690284487,6.407675791733762,9.494095544820183,6.119162640901771,21.061460010735374,10.02415458937198,1.261406333870102,5.059044551798175,0.18115942028985507,0.5971551261406334,
196,39.48604401502952,0.5501878690284487,6.394256575415996,9.426999463231347,6.072195383789587,20.913848631239937,9.990606548577563,1.2077294685990339,5.179817498658078,0.18115942028985507,0.5971551261406334,
197,39.70746108427268,0.5434782608695652,6.340579710144928,9.151905528717123,6.139291465378422,20.679012345679013,10.245571658615138,1.1943102522812667,5.22007514761138,0.18115942028985507,0.5971551261406334,
198,40.00939345142244,0.5434782608695652,6.320450885668277,9.091519055287172,6.045356951154052,20.38378958668814,10.352925389157273,1.2815351583467525,5.193236714975845,0.18115942028985507,0.5971551261406334,
199,40.344873859366615,0.5367686527106817,6.380837359098229,8.890230810520666,5.971551261406334,20.276435856146,10.279119699409554,1.2815351583467525,5.260332796564681,0.18115942028985507,0.5971551261406334,
200,40.5931293612453,0.5367686527106817,6.454643048845948,8.84326355340848,5.9447128287707995,20.095276435856146,10.21202361782072,1.2815351583467525,5.260332796564681,0.18115942028985507,0.5971551261406334,
201,40.76757917337628,0.5367686527106817,6.454643048845948,8.796296296296296,5.8239398819108965,20.014761137949545,10.21202361782072,1.2815351583467525,5.3341384863123995,0.18115942028985507,0.5971551261406334,
202,41.076221148684915,0.5300590445517982,6.4412238325281805,8.722490606548577,5.783682232957595,19.900697799248523,10.245571658615138,1.2949543746645196,5.226784755770263,0.18115942028985507,0.5971551261406334,
203,41.136607622114866,0.5300590445517982,6.340579710144928,8.997584541062801,5.857487922705314,19.77992485238862,10.010735373054214,1.2681159420289856,5.300590445517981,0.18115942028985507,0.5971551261406334,
204,41.324476650563604,0.5166398282340311,6.3070316693505095,8.984165324745035,5.844068706387547,19.699409554482017,10.02415458937198,1.2681159420289856,5.253623188405797,0.18115942028985507,0.5971551261406334,
205,41.639828234031135,0.5166398282340311,6.266774020397209,8.917069243156199,5.8239398819108965,19.565217391304348,10.00402576489533,1.2681159420289856,5.22007514761138,0.18115942028985507,0.5971551261406334,
206,42.089371980676326,0.5166398282340311,6.226516371443908,8.78287707997853,5.857487922705314,19.330381105743424,9.970477724100913,1.2681159420289856,5.179817498658078,0.18115942028985507,0.5971551261406334,
207,35.487117552334944,16.33118625872249,5.636070853462158,7.024959742351046,5.280461621041331,17.860976918947934,6.622383252818035,1.1808910359634996,3.851315083199141,0.18115942028985507,0.5434782608695652,
208,35.849436392914654,16.14331723027375,5.9447128287707995,6.723027375201288,5.280461621041331,17.69994632313473,6.629092860976919,1.1808910359634996,3.851315083199141,0.18115942028985507,0.5166398282340311,
