,45,50,55,51,53,54,52,56,58,57
0,100.0,,,,,,,,,
1,99.73832528180354,0.2616747181964573,,,,,,,,
2,99.73832528180354,0.2616747181964573,,,,,,,,
3,99.65780998389694,0.3421900161030596,,,,,,,,
4,94.2163177670424,5.783682232957595,,,,,,,,
5,89.43236714975845,10.567632850241546,,,,,,,,
6,89.48604401502952,10.513955984970478,,,,,,,,
7,89.42565754159958,10.57434245840043,,,,,,,,
8,81.46806226516371,18.531937734836287,,,,,,,,
9,72.2691894793344,27.536231884057973,0.19457863660762212,,,,,,,
10,54.7638217928073,39.82823403113258,0.19457863660762212,5.10601180891036,0.10735373054213634,,,,,
11,50.234836285560924,44.49141170155663,0.10064412238325282,5.065754159957058,0.10735373054213634,,,,,
12,44.93424584004294,44.94095544820183,,10.017444981213098,0.10735373054213634,,,,,
13,45.148953301127214,44.72624798711755,,10.017444981213098,0.10735373054213634,,,,,
14,34.46054750402576,55.79039184111648,0.06038647342995169,9.581320450885668,0.10735373054213634,,,,,
15,33.8365539452496,55.2133655394525,0.1274825550187869,10.44015029522276,0.10735373054213634,0.27509393451422437,,,,
16,31.93773483628556,53.62989801395599,0.1274825550187869,12.560386473429952,0.10735373054213634,0.13419216317767044,1.5029522275899088,,,
17,31.19296833064949,53.16022544283414,0.1274825550187869,12.493290391841116,0.10735373054213634,0.13419216317767044,2.7844873859366612,,,
18,22.061191626409016,62.0504562533548,0.38915727321524424,12.493290391841116,0.10735373054213634,0.13419216317767044,2.7643585614600106,,,
19,18.780193236714975,69.0150295222759,0.5971551261406334,7.461084272678476,0.10735373054213634,1.482823403113258,2.5563607085346214,,,
20,18.337359098228664,63.96269457863661,0.38915727321524424,12.855609232420827,0.10735373054213634,1.482823403113258,2.8650026838432634,,,
21,18.646001073537306,61.460010735373054,0.38915727321524424,12.788513150831992,0.10735373054213634,1.482823403113258,5.12614063338701,,,
22,18.773483628556093,55.360976918947934,0.38915727321524424,14.452495974235104,0.10735373054213634,1.482823403113258,9.333064949006978,0.10064412238325282,,
23,18.96135265700483,55.22007514761138,0.38915727321524424,14.217659688674182,0.10735373054213634,1.4761137949543746,9.333064949006978,0.2952227589908749,,
24,15.331454643048845,50.335480407944175,0.5636070853462157,22.584541062801932,0.10735373054213634,1.4761137949543746,9.306226516371444,0.2952227589908749,,
25,15.539452495974235,50.234836285560924,0.5501878690284487,22.490606548577563,0.10735373054213634,1.4761137949543746,9.306226516371444,0.2952227589908749,,
26,16.23054213633924,49.73161567364466,0.5501878690284487,22.41009125067096,0.10735373054213634,1.4224369296833066,9.252549651100376,0.2952227589908749,,
27,16.337895866881375,49.18813741277509,0.6508319914117016,22.342995169082126,1.2681159420289856,1.4224369296833066,8.494363929146537,0.2952227589908749,,
28,16.532474503488995,47.92673107890499,0.8051529790660226,22.269189479334408,1.2681159420289856,2.4557165861513686,8.447396672034353,0.2952227589908749,,
29,16.61969940955448,47.87305421363392,0.8051529790660226,22.23564143853999,1.2681159420289856,2.4557165861513686,8.447396672034353,0.2952227589908749,,
30,15.74074074074074,37.19135802469136,0.9259259259259259,34.41358024691358,1.2681159420289856,2.4557165861513686,7.581857219538379,0.4227053140096618,,
31,16.163446054750402,35.80246913580247,1.0131508319914118,33.06494900697799,2.442297369833602,2.4355877616747184,8.655394524959743,0.4227053140096618,,
32,15.08990874932904,47.517444981213096,1.2278582930756843,24.738325281803544,2.442297369833602,1.402308105206656,7.159151905528717,0.4227053140096618,,
33,15.485775630703166,47.20209339774557,1.3620504562533549,24.54374664519592,2.4355877616747184,1.402308105206656,7.14573268921095,0.4227053140096618,,
34,15.60654857756307,43.07568438003221,1.0601180891035964,24.476650563607084,6.837090713902308,1.402308105206656,7.118894256575416,0.4227053140096618,,
35,15.72061191626409,42.11621041331186,1.0131508319914118,29.09286097691895,5.481749865807837,1.402308105206656,4.750402576489533,0.4227053140096618,,
36,16.29092860976919,41.680085882984436,1.0131508319914118,28.99892646269458,5.4616210413311865,1.402308105206656,4.736983360171766,0.41599570585077833,,
37,16.31105743424584,39.89533011272142,1.0131508319914118,31.702898550724637,5.441492216854535,0.2616747181964573,4.736983360171766,0.6374127750939346,,
38,15.888352120236178,32.95759527643585,0.9728931830381106,31.48148148148148,5.421363392377885,0.2616747181964573,12.399355877616747,0.6172839506172839,,
39,15.653515834675256,31.4345142243693,0.8588298443370908,35.47369833601718,5.307300053676865,0.2616747181964573,7.501341921631776,3.3950617283950617,0.11406333870101985,
40,15.854804079441761,30.951422436929683,0.8387010198604401,31.588835212023618,5.307300053676865,0.24825550187869028,11.90955448201825,3.1870638754696725,0.11406333870101985,
41,11.969940955448202,27.449006977992486,0.5971551261406334,39.761137949543745,5.132850241545894,0.17444981213097155,11.822329575952764,2.9790660225442833,0.11406333870101985,
42,12.285292538915728,27.36849168008588,0.5971551261406334,39.64707461084273,4.904723564143854,0.17444981213097155,11.728395061728396,2.9790660225442833,0.3153515834675255,
43,7.877079978529254,34.16532474503489,0.5434782608695652,41.36473429951691,4.904723564143854,0.17444981213097155,7.709339774557166,2.945517981749866,0.3153515834675255,
44,7.159151905528717,31.03864734299517,0.47638217928073,48.87278582930757,3.797638217928073,0.17444981213097155,6.206387546967257,1.9592055823939882,0.3153515834675255,
45,7.427536231884058,30.870907139023082,0.9393451422436929,48.57756307031669,3.797638217928073,0.05367686527106817,6.0587761674718195,1.9592055823939882,0.3153515834675255,
46,7.669082125603865,30.287171229200215,0.9393451422436929,46.88674181427805,3.797638217928073,2.086688137412775,6.0587761674718195,1.9592055823939882,0.3153515834675255,
47,7.87037037037037,30.152979066022546,0.9393451422436929,46.3365539452496,3.797638217928073,2.086688137412775,6.025228126677402,2.475845410628019,0.3153515834675255,
48,8.145464304884594,29.965110037573805,1.9390767579173376,45.249597423510465,3.797638217928073,2.086688137412775,6.025228126677402,2.475845410628019,0.3153515834675255,
49,8.527911969940956,29.938271604938272,1.8451422436929683,45.05501878690284,3.750670960815888,2.086688137412775,6.011808910359635,2.475845410628019,0.30864197530864196,
50,8.957326892109501,29.71014492753623,1.8451422436929683,44.96108427267848,3.750670960815888,2.086688137412775,5.931293612453032,2.4691358024691357,0.2885131508319914,
51,8.205850778314547,24.416264090177133,1.3888888888888888,43.78690284487386,11.171497584541063,2.086688137412775,5.9447128287707995,2.7106816961889426,0.2885131508319914,
52,8.816425120772946,24.402844873859365,1.6371443907675791,43.21658615136876,10.742082662372518,2.073268921095008,5.924584004294149,2.898550724637681,0.2885131508319914,
53,8.816425120772946,24.174718196457327,1.710950080515298,46.484165324745035,7.689210950080516,2.073268921095008,5.864197530864198,2.898550724637681,0.2885131508319914,
54,6.119162640901771,12.446323134728932,1.0601180891035964,72.1081588835212,4.804079441760601,0.36231884057971014,2.9119699409554483,0.1878690284487386,,
55,6.260064412238325,12.432903918411165,1.0601180891035964,71.98067632850241,4.804079441760601,0.36231884057971014,2.9119699409554483,0.1878690284487386,,
56,6.521739130434782,12.345679012345679,1.1473429951690821,69.11567364465915,7.440955448201825,0.36231884057971014,2.8784219001610305,0.1878690284487386,,
57,6.89747718733226,12.318840579710145,1.133923778851315,68.78690284487386,7.434245840042942,0.36231884057971014,2.8784219001610305,0.1878690284487386,,
58,5.998389694041868,11.896135265700483,1.0601180891035964,54.26731078904992,8.849973161567364,0.36231884057971014,17.10950080515298,0.4562533548040794,,
59,6.179549114331723,11.876006441223833,1.0601180891035964,52.75764895330113,8.82313472893183,0.36231884057971014,17.06924315619968,1.8719806763285025,,
60,6.105743424584004,10.466988727858293,1.0064412238325282,63.446054750402574,8.588298443370908,0.36231884057971014,7.991143317230274,2.033011272141707,,
61,6.394256575415996,10.446859903381643,1.0064412238325282,63.21121846484165,8.55475040257649,0.36231884057971014,7.991143317230274,2.033011272141707,,
62,6.286902844873859,22.52415458937198,0.7716049382716049,55.9447128287708,4.676596886741814,0.36231884057971014,7.944176060118089,1.4895330112721417,,
63,5.515297906602254,20.779656468062264,0.9192163177670424,45.37707997852925,2.187332259796028,0.36231884057971014,23.11460010735373,1.7444981213097155,,
64,5.71658615136876,20.725979602791195,0.9192163177670424,45.269726247987116,2.187332259796028,0.36231884057971014,23.087761674718198,1.7310789049919484,,
65,6.125872249060655,20.625335480407944,0.9192163177670424,44.87385936661299,2.187332259796028,0.36231884057971014,23.060923242082662,1.8451422436929683,,
66,6.421095008051529,20.551529790660226,1.3955984970477724,44.41089640365003,2.187332259796028,0.17444981213097155,23.013955984970476,1.8451422436929683,,
67,6.870638754696726,20.42404723564144,1.3955984970477724,44.30354267310789,2.1739130434782608,0.17444981213097155,22.785829307568438,1.8719806763285025,,
68,6.998121309715513,20.397208803005906,1.3955984970477724,44.256575415995705,2.15378421900161,0.17444981213097155,22.758990874932906,1.865271068169619,,
69,7.494632313472893,20.162372517444982,1.5901771336553945,43.96135265700483,2.15378421900161,0.17444981213097155,22.5979602791197,1.865271068169619,,
70,8.038110574342458,19.961084272678477,1.5901771336553945,38.26489533011272,2.147074610842727,0.17444981213097155,27.979066022544284,1.8451422436929683,,
71,8.313204508856682,19.692699946323135,2.073268921095008,37.74154589371981,2.147074610842727,0.322061191626409,27.865002683843265,1.8451422436929683,,
72,8.487654320987655,19.464573268921097,2.2410091250670963,37.64090177133655,2.147074610842727,0.322061191626409,27.76435856146001,1.8183038110574343,,0.11406333870101985
73,7.4141170155662905,15.083199141170155,2.8650026838432634,43.303811057434245,1.7914653784219001,0.9728931830381106,27.147074610842726,1.2345679012345678,,0.1878690284487386
74,7.313472893183038,14.935587761674718,2.7241009125067097,55.16639828234031,1.7914653784219001,0.9728931830381106,15.861513687600644,1.2345679012345678,,
75,7.722758990874933,14.553140096618357,2.885131508319914,54.73698336017176,2.5161030595813205,0.9460547504025765,15.237520128824476,1.402308105206656,,
76,6.702898550724638,9.145195920558239,1.415727321524423,65.53274288781535,2.0665593129361244,0.9393451422436929,12.969672571121846,1.2278582930756843,,
77,7.25979602791197,8.809715512614064,1.6639828234031133,64.861782071927,2.0665593129361244,0.9393451422436929,12.889157273215245,1.5096618357487923,,
78,7.6556629092860975,8.756038647342995,1.6103059581320451,64.6202361782072,2.0665593129361244,0.9393451422436929,12.741545893719806,1.5096618357487923,0.10064412238325282,
79,7.809983896940419,8.702361782071927,1.9860440150295222,64.00295222758992,2.0665593129361244,1.3486312399355878,12.419484702093397,1.4962426194310252,0.10064412238325282,0.06709608158883522
80,8.11862587224906,8.702361782071927,1.9860440150295222,63.73456790123457,2.0665593129361244,1.3486312399355878,12.379227053140097,1.4962426194310252,0.10064412238325282,0.06709608158883522
81,8.420558239398819,8.695652173913043,1.9860440150295222,63.479602791196996,1.9994632313472893,1.442565754159957,12.372517444981213,1.4358561460010735,0.10064412238325282,0.06709608158883522
82,8.715780998389693,8.641975308641975,1.9860440150295222,62.90257648953301,1.9994632313472893,1.442565754159957,12.305421363392378,1.7646269457863661,0.10064412238325282,0.14090177133655393
83,8.876811594202898,8.608427267847558,1.9524959742351047,62.80864197530864,1.9994632313472893,1.5365002683843263,12.211486849168008,1.7646269457863661,0.10064412238325282,0.14090177133655393
84,8.943907675791733,8.521202361782072,2.006172839506173,59.07809983896941,1.9994632313472893,1.5365002683843263,15.915190552871712,1.7579173376274826,0.10064412238325282,0.14090177133655393
85,9.406870638754697,8.480944712828771,2.0799785292538915,58.44739667203435,2.13365539452496,1.5365002683843263,15.915190552871712,1.7579173376274826,0.10064412238325282,0.14090177133655393
86,10.124798711755233,8.420558239398819,2.0531400966183573,57.90391841116479,2.13365539452496,1.5365002683843263,15.613258185721953,1.9726247987117553,0.10064412238325282,0.14090177133655393
87,9.628287707997853,5.978260869565218,1.6438539989264627,61.782071926999464,2.1068169618894257,1.5297906602254427,15.217391304347826,1.8786902844873858,0.10064412238325282,0.13419216317767044
88,9.158615136876007,5.891035963499732,2.01959205582394,52.683843263553406,1.9390767579173376,1.3821792807300053,24.94632313472893,1.7444981213097155,0.10064412238325282,0.13419216317767044
89,9.554482018250134,5.8239398819108965,1.9927536231884058,51.68411164787977,1.9390767579173376,1.4895330112721417,24.872517444981213,2.4154589371980677,0.0939345142243693,0.13419216317767044
90,9.634997316156737,5.629361245303274,4.488727858293076,49.02710681696189,1.9390767579173376,1.4761137949543746,24.65780998389694,2.757648953301127,0.0939345142243693,0.2952227589908749
91,10.030864197530864,5.629361245303274,4.951690821256038,48.83923778851315,1.90552871712292,1.4492753623188406,24.053945249597422,2.7509393451422435,0.0939345142243693,0.2952227589908749
92,9.286097691894794,4.327697262479871,4.777241009125067,46.92699946323135,1.6639828234031133,2.49597423510467,27.435587761674718,2.563070316693505,0.0939345142243693,0.4294149221685454
93,9.440418679549115,4.327697262479871,4.777241009125067,46.89345142243693,1.6639828234031133,2.49597423510467,27.314814814814813,2.563070316693505,0.0939345142243693,0.4294149221685454
94,9.782608695652174,4.327697262479871,4.985238862050457,46.63848631239936,1.6639828234031133,2.4691358024691357,27.059849704777243,2.563070316693505,0.08051529790660225,0.4294149221685454
95,9.769189479334408,4.327697262479871,5.166398282340311,44.81347289318304,1.6639828234031133,5.025496511003757,26.187600644122384,2.462426194310252,0.08051529790660225,0.5032206119162641
96,9.353193773483628,0.7716049382716049,2.7308105206655933,50.597155126140635,1.6639828234031133,6.293612453032743,25.785024154589372,2.2342995169082127,0.08051529790660225,0.48980139559849706
97,9.77589908749329,0.8387010198604401,2.7979066022544283,50.22812667740204,1.6639828234031133,6.293612453032743,25.288513150831992,2.2074610842726785,0.08051529790660225,0.8252818035426731
98,9.46725711218465,0.8185721953837896,4.193505099302201,47.10144927536232,1.4895330112721417,5.911164787976382,27.885131508319915,2.38191089640365,,0.7514761137949544
99,8.05823939881911,0.7648953301127214,3.046162104133119,48.611111111111114,1.4358561460010735,4.830917874396135,31.46135265700483,1.0399892646269457,,0.7514761137949544
100,8.501073537305421,0.7447665056360708,3.046162104133119,48.20182501341922,1.4358561460010735,4.810789049919484,31.30703166935051,1.2010198604401503,,0.7514761137949544
101,8.876811594202898,0.7447665056360708,3.046162104133119,47.47047772410091,1.4358561460010735,4.810789049919484,31.132581857219538,1.7310789049919484,,0.7514761137949544
102,9.158615136876007,0.7447665056360708,3.046162104133119,47.43022007514761,1.4358561460010735,4.9651100375738055,30.776972624798713,1.8115942028985508,,0.630703166935051
103,9.842995169082126,0.7447665056360708,3.046162104133119,46.92699946323135,1.4358561460010735,4.924852388620504,30.636070853462158,1.8115942028985508,,0.630703166935051
104,9.07139023081052,0.7447665056360708,1.5499194847020934,60.560923242082666,1.3486312399355878,4.193505099302201,19.55179817498658,2.6167471819645733,,0.36231884057971014
105,8.467525496511003,0.7447665056360708,1.5499194847020934,61.63446054750403,1.0869565217391304,4.166666666666667,19.330381105743424,2.3886205045625335,,0.630703166935051
106,8.883521202361782,0.7447665056360708,1.5499194847020934,61.292270531400966,1.0869565217391304,4.166666666666667,19.256575415995705,2.3886205045625335,,0.630703166935051
107,9.07139023081052,0.6910896403650026,1.4895330112721417,59.77589908749329,1.0869565217391304,4.166666666666667,21.135265700483092,1.9524959742351047,,0.630703166935051
108,9.131776704240472,0.6910896403650026,1.5901771336553945,58.1857219538379,1.0869565217391304,6.112453032742888,20.679012345679013,1.892109500805153,,0.630703166935051
109,9.447128287707997,0.6910896403650026,1.5901771336553945,58.051529790660226,1.0869565217391304,6.112453032742888,20.50456253354804,1.8853998926462694,,0.630703166935051
110,9.581320450885668,0.6642512077294686,2.589908749329039,56.70289855072464,1.0802469135802468,6.112453032742888,20.497852925389157,2.1403650026838434,,0.630703166935051
111,9.044551798174986,0.6642512077294686,1.6572732152442298,62.546967257112186,0.9863123993558777,3.5762211486849167,17.485238862050455,3.4822866344605474,,0.5568974771873323
112,9.433709071390231,0.6642512077294686,1.6572732152442298,61.33252818035427,2.033011272141707,3.5762211486849167,17.270531400966185,3.475577026301664,,0.5568974771873323
113,8.460815888352121,0.46967257112184646,1.5230810520665594,68.78690284487386,0.9863123993558777,3.5762211486849167,12.419484702093397,3.240740740740741,,0.5367686527106817
114,8.715780998389693,0.46967257112184646,1.5230810520665594,68.45813204508856,0.9863123993558777,3.5628019323671496,12.385936661298981,3.361513687600644,,0.5367686527106817
115,8.870101986044014,0.46967257112184646,2.341653247450349,67.5523349436393,0.9863123993558777,3.5628019323671496,12.318840579710145,3.361513687600644,,0.5367686527106817
116,9.178743961352657,0.46967257112184646,2.341653247450349,67.18330649490069,0.9863123993558777,3.5628019323671496,12.245034889962426,3.4957058507783145,,0.5367686527106817
117,9.480676328502415,0.46967257112184646,2.3349436392914655,66.74047235641439,0.9863123993558777,3.4822866344605474,12.245034889962426,3.629898013955985,,0.630703166935051
118,9.802737520128824,0.46967257112184646,2.3349436392914655,65.25093934514224,0.9863123993558777,4.864465915190553,12.050456253354804,3.6097691894793345,,0.630703166935051
119,9.957058507783145,0.46967257112184646,2.4557165861513686,64.51959205582394,2.475845410628019,4.777241009125067,11.976650563607086,2.737520128824477,,0.630703166935051
120,10.111379495437467,0.46967257112184646,2.4154589371980677,64.43236714975845,2.475845410628019,4.750402576489533,11.976650563607086,2.737520128824477,,0.630703166935051
121,10.473698336017177,0.46967257112184646,2.4154589371980677,61.68142780461621,2.4490069779924855,7.011540526033279,11.936392914653783,2.932098765432099,,0.630703166935051
122,10.950080515297907,0.46967257112184646,2.4154589371980677,61.2788513150832,2.4490069779924855,6.910896403650026,11.896135265700483,2.932098765432099,,0.6977992485238862
123,10.648148148148149,0.46967257112184646,2.4154589371980677,64.35856146001073,1.482823403113258,5.233494363929147,11.460010735373054,2.7844873859366612,,1.1473429951690821
124,11.037305421363392,0.46967257112184646,2.4154589371980677,64.12372517444982,1.482823403113258,5.173107890499195,11.419753086419753,2.737520128824477,,1.1406333870101986
125,11.392914653784219,0.46967257112184646,2.4154589371980677,63.808373590982285,1.482823403113258,5.146269457863661,11.419753086419753,2.7241009125067097,,1.1406333870101986
126,10.93666129898014,0.46967257112184646,2.3483628556092326,68.25013419216317,1.482823403113258,5.159688674181428,7.803274288781535,2.85829307568438,,0.6910896403650026
127,10.61460010735373,0.4428341384863124,2.3483628556092326,66.49892646269458,3.8177670424047236,4.669887278582931,7.64224369296833,3.421900161030596,,0.5434782608695652
128,10.849436392914654,0.4428341384863124,2.3483628556092326,66.14331723027375,3.8177670424047236,4.683306494900698,7.628824476650563,3.5426731078904994,,0.5434782608695652
129,10.916532474503489,0.4428341384863124,2.3483628556092326,65.94202898550725,3.8177670424047236,4.636339237788513,7.501341921631776,3.770799785292539,,0.6239935587761675
130,11.084272678475577,0.4428341384863124,2.3483628556092326,65.7944176060118,3.81105743424584,4.636339237788513,7.501341921631776,3.7573805689747717,,0.6239935587761675
131,11.392914653784219,0.4428341384863124,2.341653247450349,65.58641975308642,3.81105743424584,4.636339237788513,7.407407407407407,3.7573805689747717,,0.6239935587761675
132,11.842458400429415,0.4227053140096618,2.341653247450349,65.12345679012346,3.6634460547504024,4.636339237788513,7.367149758454106,3.978797638217928,,0.6239935587761675
133,12.090713902308105,0.4227053140096618,2.341653247450349,64.76784755770262,3.6634460547504024,4.636339237788513,7.353730542136339,4.0995705850778315,,0.6239935587761675
134,9.970477724100913,0.2885131508319914,2.0933977455716586,69.63231347289319,2.6838432635534084,4.428341384863124,6.6827697262479875,3.5963499731615673,,0.6239935587761675
135,10.19189479334407,0.2885131508319914,2.0933977455716586,69.18276972624798,2.6301663982823404,4.575952764358561,6.494900697799249,3.9184111647879765,,0.6239935587761675
136,10.84272678475577,0.2885131508319914,2.0933977455716586,68.76006441223832,2.589908749329039,4.461889425657541,6.494900697799249,3.844605475040258,,0.6239935587761675
137,11.225174449812132,0.2885131508319914,2.8381642512077296,67.69994632313472,2.589908749329039,4.408212560386473,6.481481481481482,3.844605475040258,,0.6239935587761675
138,11.245303274288782,0.2885131508319914,3.052871712292002,66.27079978529254,2.589908749329039,5.146269457863661,6.474771873322598,4.30756843800322,,0.6239935587761675
139,11.292270531400966,0.2885131508319914,3.0327428878153517,64.9020397208803,2.589908749329039,5.10601180891036,6.367418142780462,5.683038110574342,,0.7380568974771873
140,10.36634460547504,0.2885131508319914,3.0327428878153517,66.0426731078905,2.589908749329039,4.998658078368224,6.206387546967257,5.736714975845411,,0.7380568974771873
141,10.674986580783683,0.2885131508319914,3.240740740740741,65.68035426731079,2.522812667740204,4.958400429414922,6.179549114331723,5.71658615136876,,0.7380568974771873
142,11.09098228663446,0.2885131508319914,3.0864197530864197,65.37842190016103,2.522812667740204,4.918142780461621,6.172839506172839,5.803811057434245,,0.7380568974771873
143,11.41304347826087,0.2885131508319914,3.0864197530864197,65.11003757380568,2.522812667740204,4.911433172302737,6.125872249060655,5.803811057434245,,0.7380568974771873
144,11.963231347289318,0.2885131508319914,3.0595813204508855,64.51959205582394,2.522812667740204,4.911433172302737,6.0654857756307035,5.931293612453032,,0.7380568974771873
145,12.359098228663447,0.2885131508319914,3.052871712292002,64.10359634997316,2.522812667740204,4.87788513150832,6.018518518518518,6.045356951154052,,0.7313472893183038
146,12.634192163177671,0.2885131508319914,3.052871712292002,63.909017713365536,2.522812667740204,4.8376274825550185,6.005099302200751,6.031937734836285,,0.7179280730005367
147,13.083735909822867,0.27509393451422437,3.099838969404187,63.425925925925924,2.462426194310252,4.830917874396135,6.005099302200751,6.099033816425121,,0.7179280730005367
148,13.305152979066023,0.27509393451422437,3.33467525496511,63.27160493827161,2.462426194310252,4.824208266237251,5.797101449275362,6.085614600107354,,0.644122383252818
149,13.915727321524423,0.27509393451422437,3.3279656468062266,62.526838432635536,2.4355877616747184,4.696725711218465,5.776972624798712,6.414385399892646,,0.630703166935051
150,13.902308105206655,0.27509393451422437,3.3279656468062266,62.0504562533548,2.4020397208803006,5.347557702630167,5.676328502415459,6.387546967257112,,0.630703166935051
151,13.868760064412239,0.27509393451422437,3.4420289855072466,61.211755233494365,2.4020397208803006,5.347557702630167,5.676328502415459,7.14573268921095,,0.630703166935051
152,14.150563607085346,0.27509393451422437,3.515834675254965,60.93666129898014,2.4020397208803006,5.3341384863123995,5.642780461621041,7.112184648416532,,0.630703166935051
153,14.278046162104133,0.27509393451422437,3.515834675254965,60.81588835212023,2.4020397208803006,5.3274288781535155,5.642780461621041,7.112184648416532,,0.630703166935051
154,14.720880300590446,0.27509393451422437,3.515834675254965,60.46027911969941,2.3752012882447664,5.3274288781535155,5.595813204508857,7.098765432098766,,0.630703166935051
155,15.22410091250671,0.27509393451422437,3.502415458937198,59.98389694041868,2.3752012882447664,5.3274288781535155,5.595813204508857,7.085346215780999,,0.630703166935051
156,15.72061191626409,0.27509393451422437,3.4822866344605474,59.77589908749329,2.3752012882447664,5.152979066022544,5.542136339237788,7.0450885668276975,,0.630703166935051
157,15.975577026301664,0.27509393451422437,4.622920021470746,58.333333333333336,2.3550724637681157,5.139559849704777,5.522007514761138,7.1725711218464845,,0.6038647342995169
158,16.069511540526033,0.2549651100375738,4.622920021470746,58.19243156199678,2.3550724637681157,5.3274288781535155,5.522007514761138,7.051798174986581,,0.6038647342995169
159,16.31105743424584,0.2549651100375738,4.622920021470746,57.85024154589372,2.475845410628019,5.3274288781535155,5.522007514761138,7.058507783145465,,0.5770263016639828
160,16.552603327965645,0.2549651100375738,4.703435319377348,57.51476113794954,2.475845410628019,5.314009661835748,5.481749865807837,7.125603864734299,,0.5770263016639828
161,16.820987654320987,0.2549651100375738,4.703435319377348,57.37385936661299,2.475845410628019,5.260332796564681,5.407944176060118,7.125603864734299,,0.5770263016639828
162,17.05582393988191,0.2549651100375738,4.703435319377348,57.19940955448202,2.475845410628019,5.246913580246914,5.407944176060118,7.078636607622115,,0.5770263016639828
163,17.297369833601717,0.2549651100375738,4.74369296833065,56.98470209339774,2.462426194310252,5.246913580246914,5.273752012882448,7.1725711218464845,,0.5636070853462157
164,17.438271604938272,0.2549651100375738,4.736983360171766,56.56870638754697,2.442297369833602,5.24020397208803,5.273752012882448,7.481213097155126,,0.5636070853462157
165,18.06226516371444,0.2549651100375738,4.609500805152979,56.22651637144391,2.442297369833602,5.2066559312936125,5.267042404723564,7.367149758454106,,0.5636070853462157
166,16.874664519592056,0.2549651100375738,3.8848631239935587,49.11433172302738,1.6975308641975309,4.938271604938271,15.975577026301664,6.696188942565755,,0.5636070853462157
167,17.14975845410628,0.2549651100375738,3.8848631239935587,48.97342995169082,1.8048845947396672,4.911433172302737,15.848094471282877,6.608964036500268,,0.5636070853462157
168,17.45169082125604,0.2549651100375738,3.8848631239935587,48.60440150295223,1.8048845947396672,4.911433172302737,15.801127214170693,6.723027375201288,,0.5636070853462157
169,17.70665593129361,0.2549651100375738,3.864734299516908,47.91331186258722,2.6033279656468062,4.871175523349437,15.411969940955448,6.662640901771336,,0.7112184648416533
170,17.85426731078905,0.2549651100375738,3.824476650563607,47.46376811594203,2.9388083735909825,4.7638217928073,15.291196994095545,6.89747718733226,,0.7112184648416533
171,18.209876543209877,0.2549651100375738,3.7573805689747717,47.38325281803543,2.9253891572732154,4.7638217928073,15.096618357487923,6.89747718733226,,0.7112184648416533
172,18.4044551798175,0.2549651100375738,3.743961352657005,47.235641438539986,2.9253891572732154,4.723564143853999,14.949006977992486,7.051798174986581,,0.7112184648416533
173,19.102254428341386,0.2549651100375738,3.824476650563607,46.63177670424047,2.9253891572732154,4.669887278582931,14.841653247450349,7.0383789586688135,,0.7112184648416533
174,19.410896403650028,0.2549651100375738,4.133118625872249,46.423778851315085,2.9253891572732154,4.656468062265164,14.647074610842727,6.877348362855609,,0.6709608158883521
175,19.77992485238862,0.2549651100375738,4.106280193236715,46.202361782071925,2.8918411164787976,4.656468062265164,14.586688137412775,6.857219538378959,,0.6642512077294686
176,19.73966720343532,0.2549651100375738,5.226784755770263,45.50456253354804,2.871712292002147,4.656468062265164,14.217659688674182,6.904186795491143,,0.6239935587761675
177,19.96779388083736,0.2549651100375738,5.226784755770263,45.33682232957595,2.8650026838432634,4.64975845410628,14.056629092860977,7.018250134192163,,0.6239935587761675
178,20.068438003220614,0.2549651100375738,5.226784755770263,45.28314546430489,2.8650026838432634,4.64975845410628,14.016371443907676,7.018250134192163,,0.6172839506172839
179,20.50456253354804,0.2549651100375738,5.340848094471283,44.51154052603328,2.8650026838432634,4.62962962962963,13.996242619431026,7.27992485238862,,0.6172839506172839
180,20.544820182501343,0.2549651100375738,5.340848094471283,44.50483091787439,2.8650026838432634,4.62962962962963,13.962694578636608,7.27992485238862,,0.6172839506172839
181,20.759527643585614,0.2549651100375738,5.3341384863123995,44.33038110574343,2.8650026838432634,4.62962962962963,13.92914653784219,7.27992485238862,,0.6172839506172839
182,20.98094471282877,0.2549651100375738,5.401234567901234,44.20289855072464,2.8650026838432634,4.569243156199678,13.868760064412239,7.239667203435319,,0.6172839506172839
183,21.202361782071925,0.2549651100375738,5.065754159957058,44.10225442834138,2.8650026838432634,4.864465915190553,13.841921631776705,7.206119162640902,,0.5971551261406334
184,21.484165324745035,0.2549651100375738,5.065754159957058,43.927804616210416,2.831454643048846,4.830917874396135,13.801663982823403,7.206119162640902,,0.5971551261406334
185,21.631776704240472,0.2549651100375738,5.2066559312936125,43.71309715512614,2.831454643048846,4.830917874396135,13.727858293075684,7.206119162640902,,0.5971551261406334
186,21.792807300053678,0.2549651100375738,5.501878690284487,43.484970477724104,2.831454643048846,4.817498658078368,13.466183574879228,7.27992485238862,,0.5703166935050993
187,21.672034353193773,0.2549651100375738,5.501878690284487,41.90150295222759,4.9718196457326895,4.555823939881911,13.466183574879228,7.105475040257649,,0.5703166935050993
188,21.85990338164251,0.2549651100375738,5.488459473966721,41.86124530327429,4.9718196457326895,4.49543746645196,13.425925925925926,7.071926999463232,,0.5703166935050993
189,22.289318303811058,0.2549651100375738,5.488459473966721,41.67337627482555,4.891304347826087,4.4820182501341925,13.123993558776167,7.071926999463232,,0.7246376811594203
190,22.27589908749329,0.2549651100375738,5.4549114331723025,41.55260332796565,4.851046698872786,4.408212560386473,13.311862587224907,7.1658615136876005,,0.7246376811594203
191,19.82018250134192,0.2549651100375738,5.193236714975845,37.144390767579175,4.824208266237251,3.898282340311326,22.436929683306495,5.998389694041868,,0.4294149221685454
192,20.21604938271605,0.2549651100375738,5.193236714975845,36.99006977992485,4.824208266237251,3.878153515834675,22.21551261406334,5.998389694041868,,0.4294149221685454
193,20.50456253354804,0.2549651100375738,5.273752012882448,36.842458400429415,4.817498658078368,3.7573805689747717,21.987385936661298,5.998389694041868,,0.5636070853462157
194,20.544820182501343,0.2549651100375738,5.173107890499195,36.74852388620504,4.797369833601718,3.7238325281803544,22.19538378958669,5.998389694041868,,0.5636070853462157
195,20.82662372517445,0.2549651100375738,5.0993022007514766,36.61433172302738,4.797369833601718,3.69699409554482,22.148416532474503,5.998389694041868,,0.5636070853462157
196,21.121846484165324,0.2549651100375738,4.998658078368224,36.493558776167475,4.663177670424047,3.69699409554482,21.85319377348363,6.353998926462695,,0.5636070853462157
197,21.195652173913043,0.2549651100375738,5.5756843800322065,35.970209339774556,4.663177670424047,3.6768652710681695,21.79951690821256,6.300322061191626,,0.5636070853462157
198,21.24932903918411,0.2549651100375738,5.763553408480945,35.47369833601718,4.636339237788513,3.6634460547504024,21.79951690821256,6.595544820182502,,0.5636070853462157
199,21.370101986044016,0.2549651100375738,5.736714975845411,35.42002147074611,4.636339237788513,3.6634460547504024,21.64519592055824,6.709608158883521,,0.5636070853462157
200,21.604938271604937,0.2549651100375738,5.897745571658615,35.23215244229737,4.575952764358561,3.6634460547504024,21.296296296296298,6.702898550724638,,0.7716049382716049
201,22.29602791196994,0.2549651100375738,5.776972624798712,34.84970477724101,4.455179817498658,3.6634460547504024,21.256038647342994,6.6760601180891035,,0.7716049382716049
202,22.665056360708533,0.2549651100375738,5.776972624798712,34.72222222222222,4.428341384863124,3.5829307568438002,21.121846484165324,6.6760601180891035,,0.7716049382716049
203,20.974235104669887,0.2549651100375738,5.146269457863661,38.499731615673646,3.9855072463768115,3.388352120236178,20.652173913043477,6.374127750939345,,0.7246376811594203
204,21.24932903918411,0.2549651100375738,5.146269457863661,38.38566827697262,3.9855072463768115,3.3279656468062266,20.551529790660226,6.374127750939345,,0.7246376811594203
205,21.336553945249598,0.2549651100375738,5.381105743424584,38.12399355877617,3.9855072463768115,3.3145464304884595,20.52469135802469,6.353998926462695,,0.7246376811594203
206,21.490874932903917,0.2549651100375738,5.481749865807837,37.8690284487386,3.9855072463768115,3.3145464304884595,20.52469135802469,6.353998926462695,,0.7246376811594203
207,21.79951690821256,0.2549651100375738,5.548845947396672,37.68115942028985,3.978797638217928,3.2474503488996245,20.46430488459474,6.300322061191626,,0.7246376811594203
208,22.04777241009125,0.2549651100375738,5.548845947396672,37.57380568974772,3.938539989264627,3.2474503488996245,20.30998389694042,6.353998926462695,,0.7246376811594203
209,21.866612989801396,0.2549651100375738,5.414653784219001,37.23161567364466,3.938539989264627,3.9586688137412773,20.155662909286097,6.454643048845948,,0.7246376811594203
210,22.094739667203434,0.2549651100375738,5.414653784219001,37.0907139023081,3.938539989264627,3.9586688137412773,20.068438003220614,6.454643048845948,,0.7246376811594203
211,22.094739667203434,0.2549651100375738,5.414653784219001,37.003488996242616,4.126409017713366,3.9586688137412773,19.83360171765969,6.588835212023618,,0.7246376811594203
212,22.208803005904453,0.2549651100375738,5.401234567901234,36.91626409017714,4.126409017713366,3.9586688137412773,19.82018250134192,6.588835212023618,,0.7246376811594203
213,22.27589908749329,0.2549651100375738,5.501878690284487,36.761943102522814,4.1129898013955986,4.106280193236715,19.753086419753085,6.508319914117015,,0.7246376811594203
214,22.463768115942027,0.2549651100375738,5.4616210413311865,36.74852388620504,4.1129898013955986,4.066022544283414,19.51825013419216,6.508319914117015,,0.8655394524959742
215,22.82608695652174,0.2549651100375738,5.441492216854535,36.574074074074076,4.092860976918948,4.05931293612453,19.404186795491142,6.481481481481482,,0.8655394524959742
216,23.013955984970476,0.2549651100375738,5.501878690284487,36.25872249060655,4.092860976918948,4.052603327965647,19.30354267310789,6.662640901771336,,0.8588298443370908
217,20.075147611379496,,3.9519592055823938,42.31749865807837,3.8378958668813743,3.8043478260869565,18.739935587761675,6.461352657004831,,0.8118625872249061
218,20.564949006977994,,3.898282340311326,41.93505099302201,3.784219001610306,3.784219001610306,18.706387546967257,6.515029522275899,,0.8118625872249061
219,20.517981749865807,,4.361245303274289,41.599570585077835,3.7775093934514223,3.784219001610306,18.659420289855074,6.488191089640365,,0.8118625872249061
220,20.699141170155663,,4.3478260869565215,41.458668813741276,3.717122920021471,3.784219001610306,18.612453032742888,6.575415995705851,,0.8051529790660226
221,21.068169618894256,,4.441760601180891,41.176865271068166,3.717122920021471,3.7775093934514223,18.337359098228664,6.709608158883521,,0.7716049382716049
222,20.799785292538918,,4.428341384863124,40.45893719806763,3.717122920021471,4.810789049919484,18.310520665593128,6.702898550724638,,0.7716049382716049
223,20.79307568438003,,4.40150295222759,40.07648953301127,4.669887278582931,4.7638217928073,17.860976918947934,6.662640901771336,,0.7716049382716049
224,20.913848631239937,,4.51556629092861,39.88191089640365,4.669887278582931,4.7638217928073,17.85426731078905,6.642512077294686,,0.7581857219538379
225,20.954106280193237,,4.7168545356951155,39.64036500268384,4.663177670424047,4.7638217928073,17.518786902844873,6.642512077294686,,1.1003757380568975
226,21.162104133118625,,4.703435319377348,39.16398282340311,4.656468062265164,4.750402576489533,17.485238862050455,6.977992485238862,,1.1003757380568975
227,21.410359634997317,,4.676596886741814,39.090177133655395,4.602791196994096,4.750402576489533,17.431561996779386,6.971282877079979,,1.06682769726248
228,21.571390230810522,,4.663177670424047,38.97611379495437,4.602791196994096,4.730273752012883,17.290660225442835,7.098765432098766,,1.06682769726248
229,21.85319377348363,,4.924852388620504,38.687600644122384,4.5893719806763285,4.7168545356951155,17.223564143854,6.937734836285561,,1.06682769726248
230,22.08132045088567,,5.018786902844874,38.506441223832525,4.562533548040794,4.669887278582931,17.16988727858293,6.9243156199677935,,1.06682769726248
231,21.812936124530328,,4.978529253891573,39.371980676328505,4.280730005367687,4.622920021470746,17.156468062265162,6.716317767042405,,1.0601180891035964
232,22.12157809983897,,4.9651100375738055,39.2914653784219,4.180085882984434,4.616210413311863,17.04911433172303,6.716317767042405,,1.0601180891035964
233,22.463768115942027,,4.9651100375738055,39.009661835748794,4.1532474503489,4.582662372517445,17.04911433172303,6.716317767042405,,1.0601180891035964
234,22.604669887278583,,5.280461621041331,38.781535158346756,4.1532474503489,4.582662372517445,16.854535695115406,6.6827697262479875,,1.0601180891035964
235,23.07434245840043,,5.226784755770263,38.66076221148685,4.1532474503489,4.569243156199678,16.606280193236714,6.649221685453569,,1.0601180891035964
236,23.43666129898014,,5.213365539452496,38.439345142243695,4.1129898013955986,4.528985507246377,16.566022544283413,6.642512077294686,,1.0601180891035964
237,23.544015029522274,,5.146269457863661,38.238056897477186,4.1129898013955986,4.810789049919484,16.505636070853463,6.6827697262479875,,0.9594739667203436
238,23.637949543746647,,5.132850241545894,38.1508319914117,4.1129898013955986,4.777241009125067,16.492216854535695,6.736446591519055,,0.9594739667203436
239,23.772141706924316,,5.401234567901234,37.956253354804076,4.079441760601181,4.7638217928073,16.411701556629094,6.655931293612453,,0.9594739667203436
240,23.939881910896403,,5.595813204508857,37.47987117552335,4.079441760601181,4.74369296833065,16.411701556629094,6.790123456790123,,0.9594739667203436
241,24.20155662909286,,5.562265163714439,37.40606548577563,4.05931293612453,4.74369296833065,16.317767042404725,6.78341384863124,,0.9259259259259259
242,24.396135265700483,,5.488459473966721,37.3792270531401,4.05931293612453,4.690016103059581,16.27750939345142,6.78341384863124,,0.9259259259259259
243,24.56387546967257,,5.448201825013419,37.27858293075684,4.05931293612453,4.690016103059581,16.264090177133657,6.769994632313473,,0.9259259259259259
244,24.684648416532475,,5.307300053676865,36.87600644122383,4.502147074610843,4.804079441760601,16.23054213633924,6.689479334406871,,0.9057971014492754
245,24.825550187869027,,5.548845947396672,36.70155662909286,4.441760601180891,4.783950617283951,15.96886741814278,6.823671497584541,,0.9057971014492754
246,25.281803542673106,,5.535426731078905,36.58749329039184,4.428341384863124,4.7168545356951155,15.774288781535159,6.776704240472356,,0.8990874932903918
247,25.42270531400966,,5.683038110574342,36.47342995169082,4.428341384863124,4.7168545356951155,15.727321524422974,6.649221685453569,,0.8990874932903918
248,25.5300590445518,,5.649490069779925,36.26543209876543,4.414922168545357,4.777241009125067,15.707192699946322,6.763285024154589,,0.8923778851315083
