,45,50,54,51,55,52,53,58,56,57
0,99.71148684916801,0.2885131508319914,,,,,,,,
1,99.57058507783145,0.4294149221685454,,,,,,,,
2,99.24852388620505,0.7514761137949544,,,,,,,,
3,88.39237788513151,11.60762211486849,,,,,,,,
4,88.45947396672034,11.473429951690822,0.06709608158883522,,,,,,,
5,86.67471819645732,13.083735909822867,0.06709608158883522,0.17444981213097155,,,,,,
6,86.64787976382179,12.989801395598498,0.06709608158883522,0.17444981213097155,0.12077294685990338,,,,,
7,86.2788513150832,13.365539452495975,0.06709608158883522,0.16774020397208803,0.12077294685990338,,,,,
8,85.39989264626946,14.244498121309716,0.06709608158883522,0.16774020397208803,0.12077294685990338,,,,,
9,85.138217928073,14.506172839506172,0.06709608158883522,0.16774020397208803,0.12077294685990338,,,,,
10,84.98389694041867,14.660493827160494,0.06709608158883522,0.16774020397208803,0.12077294685990338,,,,,
11,84.74235104669887,14.9020397208803,0.06709608158883522,0.16774020397208803,0.12077294685990338,,,,,
12,84.26596886741814,15.378421900161031,0.06709608158883522,0.16774020397208803,0.12077294685990338,,,,,
13,80.2938808373591,19.538378958668815,0.06709608158883522,,0.10064412238325282,,,,,
14,70.67901234567901,29.1532474503489,0.06709608158883522,,0.10064412238325282,,,,,
15,63.34541062801932,36.37278582930757,0.06709608158883522,0.11406333870101985,0.10064412238325282,,,,,
16,63.405797101449274,36.171497584541065,0.06038647342995169,0.2616747181964573,0.10064412238325282,,,,,
17,63.425925925925924,36.151368760064415,0.06038647342995169,0.2616747181964573,0.10064412238325282,,,,,
18,63.54669887278583,35.889694041867955,0.06038647342995169,0.2549651100375738,0.10064412238325282,0.14761137949543746,,,,
19,62.21148684916801,33.823134728931834,0.06038647342995169,0.2549651100375738,0.10064412238325282,3.549382716049383,,,,
20,62.25174449812131,33.78958668813741,0.06038647342995169,0.2549651100375738,0.10064412238325282,3.5426731078904994,,,,
21,62.446323134728935,33.641975308641975,0.05367686527106817,0.2549651100375738,0.10064412238325282,3.502415458937198,,,,
22,60.28582930756844,35.225442834138484,0.05367686527106817,0.2281266774020397,0.7045088566827697,3.502415458937198,,,,
23,56.052066559312934,40.39855072463768,0.05367686527106817,0.11406333870101985,0.8923778851315083,2.4892646269457863,,,,
24,56.13929146537842,40.002683843263554,0.05367686527106817,0.11406333870101985,0.8923778851315083,2.4557165861513686,0.3421900161030596,,,
25,46.772678475577024,50.006709608158886,,0.11406333870101985,0.7783145464304885,2.328234031132582,,,,
26,46.99409554482018,49.81884057971015,,0.11406333870101985,0.7648953301127214,2.3081052066559313,,,,
27,47.02093397745572,49.20155662909286,0.2616747181964573,0.11406333870101985,1.221148684916801,2.1806226516371443,,,,
28,47.195383789586685,49.02710681696189,0.2616747181964573,0.11406333870101985,1.221148684916801,2.1806226516371443,,,,
29,47.43022007514761,48.651368760064415,0.2616747181964573,0.11406333870101985,1.2144390767579174,2.167203435319377,0.1610305958132045,,,
30,43.39103596349973,52.73752012882448,0.2616747181964573,,1.133923778851315,2.167203435319377,0.30864197530864196,,,
31,43.4447128287708,52.56977992485239,0.2616747181964573,,1.2815351583467525,2.13365539452496,0.30864197530864196,,,
32,40.37842190016103,55.81052066559313,0.2616747181964573,,1.2681159420289856,2.13365539452496,0.14761137949543746,,,
33,40.81454643048846,55.39452495974235,0.2616747181964573,,1.2681159420289856,2.1135265700483092,0.14761137949543746,,,
34,39.14385399892646,50.375738056897475,0.49651100375738055,,1.5096618357487923,1.9927536231884058,6.481481481481482,,,
35,39.23778851315083,49.10762211486849,0.49651100375738055,,2.7844873859366612,1.9659151905528718,6.407675791733762,,,
36,39.42565754159957,48.68491680085883,0.49651100375738055,,3.0193236714975846,1.9659151905528718,6.407675791733762,,,
37,38.02334943639291,47.477187332259795,0.49651100375738055,2.623456790123457,3.0059044551798175,1.9659151905528718,6.407675791733762,,,
38,38.27160493827161,47.27589908749329,0.49651100375738055,2.623456790123457,3.099838969404187,1.9659151905528718,6.266774020397209,,,
39,37.567096081588836,48.027375201288244,0.49651100375738055,2.623456790123457,3.099838969404187,1.9524959742351047,6.233225979602791,,,
40,37.47987117552335,47.725442834138484,0.49651100375738055,2.623456790123457,3.2877079978529253,1.9457863660762211,6.4412238325281805,,,
41,37.6610305958132,46.64519592055824,0.49651100375738055,2.623456790123457,3.9586688137412773,1.9457863660762211,6.66935050993022,,,
42,37.56038647342995,46.66532474503489,0.49651100375738055,2.5496511003757383,3.9519592055823938,1.9457863660762211,6.830381105743425,,,
43,37.70799785292539,44.69940955448202,3.81105743424584,2.5496511003757383,2.522812667740204,1.9256575415995705,6.78341384863124,,,
44,37.936124530327426,44.51154052603328,3.797638217928073,2.5496511003757383,2.5161030595813205,1.9256575415995705,6.763285024154589,,,
45,38.459473966720346,44.14251207729468,3.569511540526033,2.5295222758990876,2.5161030595813205,1.8384326355340848,6.743156199677939,0.20128824476650564,,
46,38.5601180891036,44.10225442834138,3.5426731078904994,2.5295222758990876,2.4825550187869028,1.8384326355340848,6.743156199677939,0.20128824476650564,,
47,38.73456790123457,43.75335480407944,3.515834675254965,2.5295222758990876,2.6838432635534084,1.8384326355340848,6.743156199677939,0.20128824476650564,,
48,38.84192163177671,43.344068706387546,3.844605475040258,2.5295222758990876,2.6838432635534084,1.8115942028985508,6.743156199677939,0.20128824476650564,,
49,39.110305958132045,42.7938808373591,3.844605475040258,2.408749329039184,3.1602254428341383,1.778046162104133,6.447933440687064,0.4562533548040794,,
50,39.18411164787977,42.58588298443371,3.844605475040258,2.6704240472356413,3.1602254428341383,1.7579173376274826,6.340579710144928,0.4562533548040794,,
51,39.34514224369297,41.6935050993022,4.126409017713366,2.6704240472356413,3.6231884057971016,1.7579173376274826,6.340579710144928,0.4428341384863124,,
52,39.44578636607622,41.619699409554485,4.126409017713366,2.6704240472356413,3.616478797638218,1.751207729468599,6.327160493827161,0.4428341384863124,,
53,39.439076757917334,41.378153515834676,4.435050993022007,2.6704240472356413,3.5762211486849167,1.751207729468599,6.3070316693505095,0.4428341384863124,,
54,39.54643048845947,41.27079978529254,4.435050993022007,2.6502952227589907,3.549382716049383,1.751207729468599,6.353998926462695,0.4428341384863124,,
55,39.65378421900161,41.1634460547504,4.435050993022007,2.6502952227589907,3.549382716049383,1.751207729468599,6.353998926462695,0.4428341384863124,,
56,39.57326892109501,41.25067096081589,4.428341384863124,2.6502952227589907,3.549382716049383,1.751207729468599,6.353998926462695,0.4428341384863124,,
57,40.15700483091788,40.78099838969404,4.1532474503489,2.623456790123457,3.502415458937198,1.751207729468599,6.333870101986044,0.43612453032742887,0.2616747181964573,
58,40.22410091250671,40.54616210413312,4.1532474503489,2.8381642512077296,3.502415458937198,1.751207729468599,6.293612453032743,0.4294149221685454,0.2616747181964573,
59,38.29844337090714,34.13177670424047,3.5762211486849167,0.5971551261406334,2.046430488459474,14.472624798711756,6.239935587761675,0.3757380568974772,0.2616747181964573,
60,29.998658078368223,41.5727321524423,3.535963499731616,1.6304347826086956,1.9524959742351047,14.51959205582394,6.152710681696189,0.3757380568974772,0.2616747181964573,
61,30.139559849704778,41.53918411164788,3.5225442834138487,1.6035963499731616,1.9390767579173376,14.472624798711756,6.146001073537305,0.3757380568974772,0.2616747181964573,
62,30.52200751476114,41.26409017713365,3.5225442834138487,1.6035963499731616,1.9122383252818036,14.40552871712292,6.132581857219538,0.3757380568974772,0.2616747181964573,
63,30.88432635534085,41.076221148684915,3.488996242619431,1.6035963499731616,1.9122383252818036,14.278046162104133,6.119162640901771,0.3757380568974772,0.2616747181964573,
64,30.99838969404187,41.00912506709608,3.4621578099838968,1.6035963499731616,1.9122383252818036,14.278046162104133,6.099033816425121,0.3757380568974772,0.2616747181964573,
65,31.246645195920557,40.82796564680623,3.44873859366613,1.5767579173376274,1.9122383252818036,14.251207729468598,6.099033816425121,0.3757380568974772,0.2616747181964573,
66,31.280193236714975,41.02925389157273,3.44873859366613,1.5432098765432098,1.9122383252818036,14.056629092860977,6.092324208266238,0.3757380568974772,0.2616747181964573,
67,31.199677938808374,39.28475577026302,3.569511540526033,1.5230810520665594,1.8853998926462694,15.921900161030596,5.978260869565218,0.3757380568974772,0.2616747181964573,
68,31.280193236714975,38.909017713365536,3.569511540526033,1.8585614600107354,1.8719806763285025,15.895061728395062,5.978260869565218,0.3757380568974772,0.2616747181964573,
69,31.5150295222759,38.58024691358025,3.5225442834138487,1.8585614600107354,1.8719806763285025,15.861513687600644,5.911164787976382,0.3757380568974772,0.5032206119162641,
70,30.83064949006978,39.33843263553408,3.4957058507783145,1.8317230273752012,1.8518518518518519,15.861513687600644,5.911164787976382,0.3757380568974772,0.5032206119162641,
71,31.19296833064949,39.04320987654321,3.4420289855072466,1.8317230273752012,2.01959205582394,15.70048309178744,5.891035963499732,0.3757380568974772,0.5032206119162641,
72,31.488191089640367,38.969404186795494,3.4151905528717124,1.8183038110574343,2.01959205582394,15.593129361245303,5.8172302737520125,0.3757380568974772,0.5032206119162641,
73,31.588835212023618,38.54669887278583,3.4151905528717124,1.8183038110574343,2.3349436392914655,15.613258185721953,5.6964573268921095,0.4830917874396135,0.5032206119162641,
74,32.098765432098766,38.399087493290395,3.4151905528717124,1.7579173376274826,2.3215244229736984,15.371712292002147,5.676328502415459,0.4830917874396135,0.47638217928073,
75,30.381105743424584,37.40606548577563,3.4151905528717124,4.4753086419753085,2.3215244229736984,15.365002683843263,5.676328502415459,0.4830917874396135,0.47638217928073,
76,30.9044551798175,36.83574879227053,3.4151905528717124,4.4753086419753085,2.3081052066559313,15.438808373590982,5.662909286097692,0.4830917874396135,0.47638217928073,
77,30.9044551798175,36.43317230273752,3.5225442834138487,4.817498658078368,2.3752012882447664,15.324745034889963,5.662909286097692,0.4830917874396135,0.47638217928073,
78,31.253354804079443,36.218464841653244,3.5762211486849167,4.770531400966184,2.328234031132582,15.271068169618895,5.662909286097692,0.46296296296296297,0.4562533548040794,
79,31.52173913043478,35.889694041867955,3.5091250670960816,4.770531400966184,2.563070316693505,15.170424047235642,5.662909286097692,0.46296296296296297,0.4495437466451959,
80,30.649490069779926,34.37332259796028,3.361513687600644,4.736983360171766,2.5697799248523885,17.62614063338701,5.60252281266774,0.46296296296296297,0.6172839506172839,
81,30.387815351583466,35.07783145464305,3.361513687600644,4.64975845410628,2.5697799248523885,17.324208266237253,5.548845947396672,0.46296296296296297,0.6172839506172839,
82,30.817230273752013,34.80944712828771,3.4688674181427803,4.602791196994096,2.5563607085346214,17.14975845410628,5.515297906602254,0.46296296296296297,0.6172839506172839,
83,31.125872249060656,34.44041867954911,3.7104133118625873,4.5893719806763285,2.5026838432635534,17.04911433172303,5.515297906602254,0.4495437466451959,0.6172839506172839,
84,31.313741277509394,34.15861513687601,3.8177670424047236,4.575952764358561,2.4825550187869028,17.01556629092861,5.293880837359098,0.7246376811594203,0.6172839506172839,
85,23.66478797638218,44.437734836285564,3.488996242619431,4.052603327965647,2.3081052066559313,15.116747181964573,4.3545356951154055,0.7246376811594203,1.8518518518518519,
86,23.79898013955985,43.98819108964037,3.388352120236178,4.032474503488996,2.1940418679549114,15.68035426731079,4.341116478797638,0.7246376811594203,1.8518518518518519,
87,24.013687600644122,43.86070853462158,3.374932903918411,4.012345679012346,2.1940418679549114,15.626677402039721,4.341116478797638,0.7246376811594203,1.8518518518518519,
88,20.813204508856682,39.11701556629093,1.0802469135802468,8.541331186258722,1.4358561460010735,22.69860440150295,4.186795491143317,0.6105743424584005,1.5163714439076759,
89,21.027911969940956,38.43263553408481,1.06682769726248,8.514492753623188,1.8585614600107354,22.799248523886206,4.186795491143317,0.6105743424584005,1.5029522275899088,
90,21.235909822866343,38.38566827697262,1.06682769726248,8.474235104669887,1.8317230273752012,22.65834675254965,4.233762748255502,0.6105743424584005,1.5029522275899088,
91,21.349973161567366,38.056897477187334,1.06682769726248,8.319914117015566,1.9189479334406871,22.463768115942027,4.233762748255502,0.6105743424584005,1.865271068169619,0.11406333870101985
92,21.76596886741814,37.84219001610306,1.06682769726248,8.293075684380032,1.9793344068706387,22.10144927536232,4.233762748255502,0.6105743424584005,1.9927536231884058,0.11406333870101985
93,22.08132045088567,37.60735373054214,1.06682769726248,8.293075684380032,1.9793344068706387,22.04777241009125,4.233762748255502,0.5837359098228664,1.9927536231884058,0.11406333870101985
94,13.493022007514762,54.30085882984434,0.9930220075147611,1.3821792807300053,2.073268921095008,21.30300590445518,3.92512077294686,0.5703166935050993,1.8451422436929683,0.11406333870101985
95,13.714439076757918,54.146537842190014,0.9930220075147611,1.3821792807300053,2.073268921095008,21.16881374127751,3.992216854535695,0.5703166935050993,1.8451422436929683,0.11406333870101985
96,14.076757917337627,53.77079978529254,1.1741814278046163,1.3821792807300053,2.073268921095008,21.041331186258724,3.978797638217928,0.5568974771873323,1.8317230273752012,0.11406333870101985
97,14.351851851851851,53.52925389157273,1.1473429951690821,1.3821792807300053,2.5026838432635534,20.759527643585614,3.9586688137412773,0.5568974771873323,1.6975308641975309,0.11406333870101985
98,14.821524422973699,53.00590445517982,1.1473429951690821,1.3821792807300053,2.623456790123457,20.719269994632313,3.9452495974235107,0.5568974771873323,1.6841116478797638,0.11406333870101985
99,8.742619431025227,74.12104133118626,2.3483628556092326,1.3620504562533549,2.3752012882447664,5.233494363929147,3.9184111647879765,0.5568974771873323,1.3419216317767042,
100,8.950617283950617,73.90633387010199,2.3483628556092326,1.3553408480944713,2.4892646269457863,5.132850241545894,3.9184111647879765,0.5568974771873323,1.3419216317767042,
101,9.386741814278047,64.6202361782072,2.3349436392914655,1.3553408480944713,11.426462694578637,5.092592592592593,3.8848631239935587,0.5568974771873323,1.3419216317767042,
102,9.71551261406334,64.31830381105743,2.3215244229736984,1.3486312399355878,11.540526033279656,5.065754159957058,3.8177670424047236,0.5300590445517982,1.3419216317767042,
103,10.25228126677402,63.828502415458935,2.3215244229736984,1.3217928073000538,11.540526033279656,5.065754159957058,3.797638217928073,0.5300590445517982,1.3419216317767042,
104,10.57434245840043,63.197799248523886,2.462426194310252,1.3217928073000538,11.849168008588299,4.958400429414922,3.770799785292539,0.5300590445517982,1.3352120236178207,
105,11.05072463768116,62.78851315083199,2.4557165861513686,1.3217928073000538,11.949812130971551,4.898013955984971,3.6768652710681695,0.5300590445517982,1.328502415458937,
106,11.372785829307569,62.526838432635536,2.4355877616747184,1.3217928073000538,11.90955448201825,4.898013955984971,3.6768652710681695,0.5300590445517982,1.328502415458937,
107,11.735104669887278,62.32555018786903,2.4355877616747184,1.3083735909822867,11.79549114331723,4.884594739667204,3.6768652710681695,0.5300590445517982,1.3083735909822867,
108,11.876006441223833,61.9296833064949,2.4355877616747184,1.3083735909822867,12.050456253354804,4.884594739667204,3.6768652710681695,0.5300590445517982,1.3083735909822867,
109,12.218196457326892,61.65458937198068,2.301395598497048,1.3083735909822867,12.037037037037036,4.884594739667204,3.6500268384326353,0.5300590445517982,1.2815351583467525,0.13419216317767044
110,12.681159420289855,61.03730542136339,2.301395598497048,1.3083735909822867,12.191358024691358,4.884594739667204,3.6500268384326353,0.5300590445517982,1.2815351583467525,0.13419216317767044
111,12.93612453032743,60.889694041867955,2.301395598497048,1.2144390767579174,12.157809983896941,4.851046698872786,3.603059581320451,0.5300590445517982,1.3821792807300053,0.13419216317767044
112,13.009930220075148,60.32608695652174,2.2879763821792807,1.2144390767579174,12.573805689747719,4.8443370907139025,3.475577026301664,0.5300590445517982,1.3821792807300053,0.35560923242082665
113,13.278314546430488,59.96376811594203,2.2879763821792807,1.2144390767579174,12.681159420289855,4.830917874396135,3.475577026301664,0.5300590445517982,1.3821792807300053,0.35560923242082665
114,13.6808910359635,59.614868491680085,2.2879763821792807,1.2144390767579174,12.640901771336553,4.817498658078368,3.475577026301664,0.5300590445517982,1.3821792807300053,0.35560923242082665
115,9.796027911969942,27.126945786366075,0.8051529790660226,47.819377348362856,4.38137412775094,4.522275899087493,3.3480944712828773,0.5300590445517982,1.4492753623188406,0.2214170692431562
116,10.057702630166398,27.120236178207193,0.7783145464304885,47.5979602791197,4.374664519592056,4.522275899087493,3.3480944712828773,0.5300590445517982,1.4492753623188406,0.2214170692431562
117,10.487117552334944,26.96591519055287,0.7716049382716049,47.50402576489533,4.374664519592056,4.3478260869565215,3.3480944712828773,0.5300590445517982,1.4492753623188406,0.2214170692431562
118,10.849436392914654,26.82501341921632,0.7716049382716049,47.034353193773484,4.62962962962963,4.341116478797638,3.3480944712828773,0.5300590445517982,1.4492753623188406,0.2214170692431562
119,11.097691894793345,26.482823403113258,0.7716049382716049,46.83977455716586,4.944981213097155,4.320987654320987,3.3413848631239937,0.5300590445517982,1.4492753623188406,0.2214170692431562
120,11.688137412775093,26.382179280730007,0.7716049382716049,46.16881374127751,5.166398282340311,4.30756843800322,3.321256038647343,0.5300590445517982,1.442565754159957,0.2214170692431562
121,12.184648416532475,26.261406333870102,0.7716049382716049,45.799785292538914,5.159688674181428,4.30756843800322,3.321256038647343,0.5300590445517982,1.442565754159957,0.2214170692431562
122,12.47987117552335,26.120504562533547,0.8588298443370908,45.45759527643585,5.414653784219001,4.200214707461084,3.321256038647343,0.5300590445517982,1.3955984970477724,0.2214170692431562
123,12.97638217928073,26.060118089103597,0.8118625872249061,45.26301663982824,5.226784755770263,4.193505099302201,3.321256038647343,0.5300590445517982,1.3955984970477724,0.2214170692431562
124,13.20450885668277,25.999731615673646,0.8118625872249061,44.57192699946323,5.750134192163178,4.193505099302201,3.321256038647343,0.5300590445517982,1.3955984970477724,0.2214170692431562
125,13.493022007514762,25.885668276972623,1.0534084809447128,43.96806226516372,5.984970477724101,4.193505099302201,3.2742887815351582,0.5300590445517982,1.3955984970477724,0.2214170692431562
126,13.7211486849168,25.81857219538379,1.0534084809447128,43.51851851851852,6.273483628556092,4.193505099302201,3.2742887815351582,0.5300590445517982,1.3955984970477724,0.2214170692431562
127,13.895598497047773,25.704508856682768,1.0534084809447128,43.06897477187332,6.662640901771336,4.193505099302201,3.2742887815351582,0.5300590445517982,1.3955984970477724,0.2214170692431562
128,14.184111647879764,25.42270531400966,1.0534084809447128,42.90794417606012,6.843800322061192,4.193505099302201,3.2474503488996245,0.5300590445517982,1.3955984970477724,0.2214170692431562
129,14.439076757917338,25.067096081588836,1.3754696725711217,42.60601180891036,6.9243156199677935,4.193505099302201,3.2474503488996245,0.5300590445517982,1.3955984970477724,0.2214170692431562
130,14.855072463768115,24.44310252281267,1.3620504562533549,42.19672571121846,7.568438003220612,4.193505099302201,3.2474503488996245,0.5300590445517982,1.3821792807300053,0.2214170692431562
131,15.096618357487923,24.4296833064949,1.3620504562533549,42.049114331723025,7.568438003220612,4.166666666666667,3.2004830917874396,0.5300590445517982,1.3754696725711217,0.2214170692431562
132,15.324745034889963,24.3894256575416,1.3620504562533549,41.76731078904992,7.669082125603865,4.159957058507783,3.2004830917874396,0.5300590445517982,1.3754696725711217,0.2214170692431562
133,15.995705850778315,24.08749329039184,1.3016639828234031,40.92860976918948,8.038110574342458,4.1129898013955986,3.408480944712829,0.5300590445517982,1.3754696725711217,0.2214170692431562
134,16.203703703703702,24.040526033279658,1.3016639828234031,40.88164251207729,8.024691358024691,4.1129898013955986,3.307836822329576,0.5300590445517982,1.3754696725711217,0.2214170692431562
135,16.398282340311326,23.832528180354267,1.2949543746645196,40.653515834675254,8.36688137412775,4.019055287171229,3.307836822329576,0.5300590445517982,1.3754696725711217,0.2214170692431562
136,16.78743961352657,23.711755233494365,1.261406333870102,40.33816425120773,8.474235104669887,3.992216854535695,3.307836822329576,0.5300590445517982,1.3754696725711217,0.2214170692431562
137,16.894793344068706,23.63123993558776,1.261406333870102,40.29790660225443,8.447396672034353,3.992216854535695,3.3480944712828773,0.5300590445517982,1.3754696725711217,0.2214170692431562
138,17.344337090713903,23.43666129898014,1.261406333870102,39.821524422973695,8.675523349436393,3.9855072463768115,3.4621578099838968,0.5300590445517982,1.3754696725711217,0.10735373054213634
139,17.94820182501342,22.933440687063875,1.261406333870102,39.64036500268384,8.581588835212024,3.8580246913580245,3.4621578099838968,0.5300590445517982,1.6774020397208802,0.10735373054213634
140,18.364197530864196,22.839506172839506,1.2546967257112185,39.22436929683307,8.709071390230811,3.844605475040258,3.44873859366613,0.5300590445517982,1.6774020397208802,0.10735373054213634
141,18.5252281266774,22.758990874932906,1.2546967257112185,39.05662909286098,8.796296296296296,3.844605475040258,3.44873859366613,0.5300590445517982,1.6774020397208802,0.10735373054213634
142,18.927804616210413,22.685185185185187,1.2546967257112185,38.77482555018787,8.756038647342995,3.8378958668813743,3.44873859366613,0.5300590445517982,1.6774020397208802,0.10735373054213634
143,19.276704240472355,22.571121846484164,1.221148684916801,38.687600644122384,8.749329039184111,3.8378958668813743,3.435319377348363,0.5300590445517982,1.583467525496511,0.10735373054213634
144,19.612184648416534,22.436929683306495,1.221148684916801,38.61379495437466,8.668813741277509,3.8378958668813743,3.4151905528717124,0.5166398282340311,1.570048309178744,0.10735373054213634
145,19.43773483628556,21.920289855072465,1.5432098765432098,38.45276435856146,8.038110574342458,3.8311862587224907,4.5893719806763285,0.5166398282340311,1.5633387010198605,0.10735373054213634
146,19.598765432098766,21.87332259796028,1.5432098765432098,38.36553945249597,8.011272141706923,3.8311862587224907,4.5893719806763285,0.5166398282340311,1.5633387010198605,0.10735373054213634
147,19.712828770799785,21.83977455716586,1.5365002683843263,38.177670424047236,8.158883521202362,3.8311862587224907,4.555823939881911,0.5166398282340311,1.5633387010198605,0.10735373054213634
148,19.961084272678477,21.72571121846484,1.5096618357487923,38.0300590445518,8.225979602791197,3.8311862587224907,4.555823939881911,0.49651100375738055,1.556629092860977,0.10735373054213634
149,20.229468599033815,21.658615136876005,1.4761137949543746,37.875738056897475,8.219269994632313,3.8311862587224907,4.549114331723027,0.49651100375738055,1.556629092860977,0.10735373054213634
150,20.477724100912507,21.591519055287172,1.4559849704777241,37.76167471819646,8.21256038647343,3.81105743424584,4.528985507246377,0.49651100375738055,1.556629092860977,0.10735373054213634
151,20.799785292538918,21.36339237788513,1.4559849704777241,37.23832528180354,8.494363929146537,3.81105743424584,4.435050993022007,0.49651100375738055,1.7981749865807837,0.10735373054213634
152,20.8870101986044,21.32313472893183,1.4559849704777241,37.204777241009126,8.494363929146537,3.81105743424584,4.435050993022007,0.49651100375738055,1.7981749865807837,0.0939345142243693
153,21.027911969940956,21.07487922705314,1.4559849704777241,37.03032742887815,8.809715512614064,3.81105743424584,4.408212560386473,0.49651100375738055,1.7914653784219001,0.0939345142243693
154,21.410359634997317,20.893719806763286,1.4559849704777241,36.72839506172839,8.923778851315083,3.797638217928073,4.408212560386473,0.49651100375738055,1.7914653784219001,0.0939345142243693
155,21.66532474503489,20.725979602791195,1.724369296833065,36.28556092324208,8.896940418679549,3.797638217928073,4.247181964573269,0.4495437466451959,1.8518518518518519,0.35560923242082665
156,21.470746108427267,20.491143317230275,1.6841116478797638,36.191626409017715,9.178743961352657,3.569511540526033,4.367954911433173,0.4495437466451959,1.9390767579173376,0.6575415995705851
157,21.76596886741814,20.303274288781534,2.0128824476650564,36.02388620504563,8.964036500268385,3.549382716049383,4.334406870638754,0.4495437466451959,1.9390767579173376,0.6575415995705851
158,22.061191626409016,20.222758990874933,2.0128824476650564,35.869565217391305,8.964036500268385,3.5292538915727323,4.30756843800322,0.4495437466451959,1.9256575415995705,0.6575415995705851
159,22.29602791196994,20.169082125603865,2.0128824476650564,35.72866344605475,8.923778851315083,3.5292538915727323,4.30756843800322,0.4495437466451959,1.9256575415995705,0.6575415995705851
160,22.591250670960815,20.108695652173914,2.0128824476650564,35.68840579710145,8.896940418679549,3.5292538915727323,4.2203435319377345,0.4025764895330113,1.9256575415995705,0.6239935587761675
161,22.785829307568438,20.055018786902846,2.006172839506173,35.567632850241544,8.890230810520666,3.5292538915727323,4.213633923778851,0.4025764895330113,1.9256575415995705,0.6239935587761675
162,22.946859903381643,19.94766505636071,2.1135265700483092,35.45356951154053,8.849973161567364,3.5225442834138487,4.213633923778851,0.4025764895330113,1.9256575415995705,0.6239935587761675
163,23.403113258185723,19.64573268921095,2.4154589371980677,35.265700483091784,8.621846484165324,3.5225442834138487,4.200214707461084,0.4025764895330113,1.9256575415995705,0.5971551261406334
164,23.64465915190553,19.444444444444443,2.4154589371980677,35.13150831991412,8.709071390230811,3.388352120236178,4.166666666666667,0.4025764895330113,1.8988191089640365,0.798443370907139
165,23.67149758454106,19.155931293612454,2.7241009125067097,34.84970477724101,9.017713365539452,3.3413848631239937,4.146537842190016,0.39586688137412773,1.8988191089640365,0.798443370907139
166,23.939881910896403,18.98148148148148,2.7241009125067097,34.75577026301664,9.017713365539452,3.3413848631239937,4.146537842190016,0.39586688137412773,1.8988191089640365,0.798443370907139
167,24.751744498121308,18.82716049382716,2.8113258185721954,34.21900161030596,8.836553945249598,3.3413848631239937,4.133118625872249,0.39586688137412773,1.8853998926462694,0.798443370907139
168,25.161030595813205,18.719806763285025,2.7643585614600106,33.803005904455176,8.93719806763285,3.2742887815351582,4.260601180891036,0.39586688137412773,1.8853998926462694,0.798443370907139
169,17.780461621041333,15.291196994095545,1.9793344068706387,54.85775630703167,7.890499194847021,0.8722490606548577,0.7917337627482555,0.03354804079441761,0.4227053140096618,0.08051529790660225
170,17.92807300053677,15.277777777777779,1.9659151905528718,54.723564143854,7.863660762211487,0.8722490606548577,0.8319914117015567,0.03354804079441761,0.4227053140096618,0.08051529790660225
171,18.21658615136876,15.116747181964573,1.9659151905528718,54.44176060118089,8.051529790660226,0.8454106280193237,0.8319914117015567,0.03354804079441761,0.41599570585077833,0.08051529790660225
172,18.50509930220075,14.97584541062802,2.086688137412775,54.220343531937736,8.038110574342458,0.8185721953837896,0.8252818035426731,0.03354804079441761,0.41599570585077833,0.08051529790660225
173,18.646001073537306,14.955716586151368,2.0799785292538915,53.77079978529254,8.219269994632313,0.8185721953837896,0.8252818035426731,0.03354804079441761,0.5703166935050993,0.08051529790660225
174,18.90096618357488,14.955716586151368,2.0665593129361244,53.37493290391841,8.252818035426731,0.8185721953837896,0.9460547504025765,0.03354804079441761,0.5703166935050993,0.08051529790660225
175,19.256575415995705,14.875201288244767,2.0665593129361244,52.85829307568438,8.219269994632313,0.8185721953837896,0.9192163177670424,0.03354804079441761,0.8923778851315083,0.06038647342995169
176,19.276704240472355,14.875201288244767,2.0665593129361244,52.51610305958132,8.541331186258722,0.8185721953837896,0.9192163177670424,0.03354804079441761,0.8923778851315083,0.06038647342995169
177,19.484702093397747,14.855072463768115,2.0665593129361244,52.11352657004831,8.756038647342995,0.8185721953837896,0.9192163177670424,0.03354804079441761,0.8923778851315083,0.06038647342995169
178,19.47128287707998,14.586688137412775,2.6838432635534084,51.898819108964034,8.682232957595277,0.7917337627482555,0.9192163177670424,0.03354804079441761,0.8923778851315083,0.040257648953301126
179,19.940955448201827,14.432367149758454,2.677133655394525,51.48282340311326,8.76274825550188,0.7783145464304885,0.9594739667203436,0.03354804079441761,0.8923778851315083,0.040257648953301126
180,20.068438003220614,14.432367149758454,2.677133655394525,51.38217928073001,8.735909822866345,0.7783145464304885,0.9594739667203436,0.03354804079441761,0.8923778851315083,0.040257648953301126
181,19.142512077294686,13.828502415458937,4.428341384863124,50.79844337090714,8.84326355340848,0.7783145464304885,1.0198604401502953,0.03354804079441761,1.0869565217391304,0.040257648953301126
182,19.32367149758454,13.311862587224907,4.388083735909823,50.597155126140635,9.426999463231347,0.7783145464304885,1.0131508319914118,0.03354804079441761,1.0869565217391304,0.040257648953301126
183,19.538378958668815,12.989801395598498,4.3545356951154055,50.46296296296296,9.64170692431562,0.7783145464304885,1.107085346215781,0.03354804079441761,1.0534084809447128,0.040257648953301126
184,19.95437466451959,12.95625335480408,4.28743961352657,50.19457863660762,9.359903381642512,0.7783145464304885,1.3419216317767042,0.03354804079441761,1.0534084809447128,0.040257648953301126
185,20.356951154052602,12.822061191626409,4.280730005367687,50.026838432635536,9.306226516371444,0.7783145464304885,1.3419216317767042,0.03354804079441761,1.0131508319914118,0.040257648953301126
186,20.77294685990338,12.68786902844874,4.2270531400966185,49.86580783682233,9.23913043478261,0.7783145464304885,1.3419216317767042,0.03354804079441761,1.0131508319914118,0.040257648953301126
187,20.175791733762747,12.037037037037036,5.83064949006978,49.724906065485776,9.118357487922705,0.6843800322061192,1.3419216317767042,0.03354804079441761,1.0131508319914118,0.040257648953301126
188,20.363660762211488,11.963231347289318,5.790391841116479,49.67122920021471,9.118357487922705,0.8051529790660226,1.221148684916801,0.03354804079441761,0.9930220075147611,0.040257648953301126
189,20.78636607622115,11.90955448201825,7.219538378958669,47.81266774020397,9.265968867418144,0.8051529790660226,1.221148684916801,0.03354804079441761,0.9057971014492754,0.040257648953301126
190,18.907675791733762,10.976918947933441,7.179280730005368,52.643585614600106,8.199141170155663,0.7380568974771873,0.8789586688137413,0.03354804079441761,0.4025764895330113,0.040257648953301126
191,19.55179817498658,10.943370907139023,7.152442297369833,52.05984970477724,8.199141170155663,0.7380568974771873,0.8789586688137413,0.03354804079441761,0.4025764895330113,0.040257648953301126
192,19.920826623725173,10.782340311325818,7.14573268921095,51.892109500805155,8.192431561996779,0.7380568974771873,0.8521202361782072,0.03354804079441761,0.4025764895330113,0.040257648953301126
193,20.075147611379496,10.72866344605475,7.14573268921095,51.81159420289855,8.172302737520129,0.7380568974771873,0.8521202361782072,0.03354804079441761,0.4025764895330113,0.040257648953301126
194,20.128824476650564,10.648148148148149,7.0383789586688135,51.61701556629093,8.165593129361245,0.7380568974771873,1.0735373054213635,0.03354804079441761,0.5166398282340311,0.040257648953301126
195,20.38378958668814,10.641438539989265,7.024959742351046,51.40230810520666,8.152173913043478,0.7380568974771873,1.06682769726248,0.03354804079441761,0.5166398282340311,0.040257648953301126
196,20.538110574342458,10.63472893183038,6.743156199677939,50.86553945249597,8.742619431025227,0.7380568974771873,1.06682769726248,0.03354804079441761,0.5971551261406334,0.040257648953301126
197,20.511272141706925,10.44015029522276,6.273483628556092,50.006709608158886,8.655394524959743,0.7246376811594203,1.9927536231884058,0.03354804079441761,1.3217928073000538,0.040257648953301126
198,20.799785292538918,10.433440687063875,6.206387546967257,49.81884057971015,8.628556092324208,0.7246376811594203,1.9927536231884058,0.03354804079441761,1.3217928073000538,0.040257648953301126
199,21.088298443370906,10.332796564680622,6.152710681696189,49.71819645732689,8.628556092324208,0.7246376811594203,1.9927536231884058,0.03354804079441761,1.288244766505636,0.040257648953301126
200,21.40365002683843,10.326086956521738,6.146001073537305,49.24852388620504,8.59500805152979,0.7246376811594203,1.9927536231884058,0.03354804079441761,1.4895330112721417,0.040257648953301126
201,21.826355340848096,10.292538915727322,6.139291465378422,49.00697799248524,8.494363929146537,0.6977992485238862,1.9927536231884058,0.03354804079441761,1.4761137949543746,0.040257648953301126
202,21.886741814278047,10.00402576489533,6.105743424584004,48.83923778851315,8.923778851315083,0.6977992485238862,1.9927536231884058,0.03354804079441761,1.4761137949543746,0.040257648953301126
203,22.17525496511004,9.896672034353195,6.072195383789587,48.678207192699944,9.078099838969404,0.5703166935050993,1.9793344068706387,0.03354804079441761,1.4761137949543746,0.040257648953301126
204,22.34970477724101,9.896672034353195,6.0587761674718195,48.39640365002684,9.151905528717123,0.5703166935050993,1.9592055823939882,0.026838432635534086,1.5499194847020934,0.040257648953301126
205,22.644927536231883,9.863123993558776,6.031937734836285,48.18169618894257,9.138486312399356,0.5703166935050993,1.9592055823939882,0.026838432635534086,1.5432098765432098,0.040257648953301126
206,22.7187332259796,9.769189479334408,6.1862587224906065,47.85963499731616,9.01100375738057,0.5703166935050993,2.0799785292538915,0.026838432635534086,1.737788513150832,0.040257648953301126
207,23.09447128287708,9.742351046698873,6.166129898013956,47.60466988727858,8.93719806763285,0.5703166935050993,2.0799785292538915,0.026838432635534086,1.737788513150832,0.040257648953301126
208,23.698336017176597,9.73564143853999,6.159420289855072,47.10144927536232,8.883521202361782,0.5367686527106817,2.0799785292538915,0.026838432635534086,1.737788513150832,0.040257648953301126
209,24.013687600644122,9.722222222222221,6.159420289855072,46.73913043478261,8.76274825550188,0.5367686527106817,2.2611379495437465,0.026838432635534086,1.737788513150832,0.040257648953301126
210,24.228395061728396,9.722222222222221,6.132581857219538,46.63177670424047,8.756038647342995,0.5032206119162641,2.2208803005904456,0.026838432635534086,1.737788513150832,0.040257648953301126
211,24.758454106280194,9.628287707997853,6.105743424584004,46.09500805152979,8.883521202361782,0.5032206119162641,2.2208803005904456,0.026838432635534086,1.737788513150832,0.040257648953301126
212,25.033548040794418,9.601449275362318,6.092324208266238,45.9272678475577,8.816425120772946,0.5032206119162641,2.2208803005904456,0.026838432635534086,1.737788513150832,0.040257648953301126
213,25.409286097691894,9.500805152979066,5.998389694041868,45.793075684380035,8.816425120772946,0.5032206119162641,2.200751476113795,0.026838432635534086,1.710950080515298,0.040257648953301126
214,25.55689747718733,9.41358024691358,5.978260869565218,45.71926999463231,8.809715512614064,0.5032206119162641,2.2410091250670963,0.026838432635534086,1.710950080515298,0.040257648953301126
215,25.617283950617285,9.400161030595813,5.971551261406334,45.40391841116479,9.07139023081052,0.6508319914117016,2.1068169618894257,0.026838432635534086,1.710950080515298,0.040257648953301126
216,25.717928073000536,9.232420826623725,6.132581857219538,45.189210950080515,9.333064949006978,0.644122383252818,2.1068169618894257,0.026838432635534086,1.5767579173376274,0.040257648953301126
217,24.993290391841118,8.709071390230811,5.072463768115942,44.71953837895867,9.31964573268921,0.644122383252818,4.898013955984971,0.026838432635534086,1.5767579173376274,0.040257648953301126
218,25.295222758990874,8.695652173913043,4.998658078368224,44.56521739130435,9.185453569511541,0.7716049382716049,4.8443370907139025,0.026838432635534086,1.5767579173376274,0.040257648953301126
219,25.805152979066023,8.588298443370908,4.978529253891573,44.40418679549114,8.957326892109501,0.7447665056360708,4.87788513150832,0.026838432635534086,1.5767579173376274,0.040257648953301126
220,25.89908749329039,8.588298443370908,4.9651100375738055,43.67954911433172,9.50751476113795,0.7447665056360708,4.8376274825550185,0.026838432635534086,1.710950080515298,0.040257648953301126
221,26.060118089103597,8.568169618894256,4.864465915190553,43.53864734299517,9.514224369296834,0.7447665056360708,4.8376274825550185,0.12077294685990338,1.710950080515298,0.040257648953301126
222,25.825281803542673,8.400429414922169,5.052334943639291,43.11594202898551,10.165056360708535,0.7447665056360708,4.824208266237251,0.12077294685990338,1.710950080515298,0.040257648953301126
223,26.053408480944714,8.400429414922169,5.052334943639291,42.954911433172306,10.0979602791197,0.7447665056360708,4.824208266237251,0.12077294685990338,1.710950080515298,0.040257648953301126
224,26.583467525496513,8.259527643585615,5.119431025228127,42.619431025228124,10.030864197530864,0.7380568974771873,4.777241009125067,0.12077294685990338,1.710950080515298,0.040257648953301126
225,26.637144390767578,8.259527643585615,5.307300053676865,42.210144927536234,9.990606548577563,0.7380568974771873,4.777241009125067,0.12077294685990338,1.9189479334406871,0.040257648953301126
226,26.898819108964037,8.199141170155663,5.253623188405797,42.12292002147075,9.896672034353195,0.7380568974771873,4.810789049919484,0.12077294685990338,1.9189479334406871,0.040257648953301126
227,26.94578636607622,8.085077831454644,5.448201825013419,41.86124530327429,9.789318303811058,0.7380568974771873,4.804079441760601,0.12077294685990338,2.167203435319377,0.040257648953301126
228,27.046430488459475,7.96430488459474,5.709876543209877,41.55260332796565,9.88996242619431,0.7380568974771873,4.770531400966184,0.12077294685990338,2.167203435319377,0.040257648953301126
229,27.30810520665593,7.87037037037037,5.676328502415459,41.44524959742351,9.88996242619431,0.7380568974771873,4.770531400966184,0.12077294685990338,2.1403650026838434,0.040257648953301126
230,27.408749329039185,7.87037037037037,6.005099302200751,41.196994095544824,9.802737520128824,0.6642512077294686,4.757112184648417,0.12077294685990338,2.1403650026838434,0.03354804079441761
231,27.690552871712292,7.776435856146001,5.991680085882985,41.12989801395599,9.695383789586689,0.6642512077294686,4.757112184648417,0.12077294685990338,2.1403650026838434,0.03354804079441761
232,27.87842190016103,7.729468599033816,5.991680085882985,40.84138486312399,9.621578099838969,0.6642512077294686,4.757112184648417,0.12077294685990338,2.3617820719269993,0.03354804079441761
233,28.039452495974235,7.568438003220612,5.964841653247451,40.64680622651637,9.722222222222221,0.6642512077294686,4.757112184648417,0.12077294685990338,2.4825550187869028,0.03354804079441761
234,28.213902308105208,7.568438003220612,5.964841653247451,40.49248523886205,9.742351046698873,0.6642512077294686,4.730273752012883,0.12077294685990338,2.4691358024691357,0.03354804079441761
