,45,50,51,55,52,56,53,54,57,58,46,59,60
0,82.40069779924852,8.950617283950617,8.648684916800859,,,,,,,,,,
1,81.01180891035963,10.312667740203972,8.514492753623188,0.1610305958132045,,,,,,,,,
2,78.50912506709608,12.674449812130971,8.447396672034353,0.36902844873859364,,,,,,,,,
3,73.63123993558776,17.424852388620504,8.447396672034353,0.49651100375738055,,,,,,,,,
4,73.21524422973698,17.693236714975846,8.360171765968868,0.6239935587761675,0.10735373054213634,,,,,,,,
5,73.15485775630704,17.820719269994633,8.293075684380032,0.6239935587761675,0.10735373054213634,,,,,,,,
6,72.70531400966183,18.06897477187332,8.044820182501342,0.9259259259259259,0.10735373054213634,0.14761137949543746,,,,,,,
7,69.06870638754697,20.148953301127214,9.54777241009125,0.8990874932903918,0.10735373054213634,0.14761137949543746,0.08051529790660225,,,,,,
8,65.15029522275898,24.10091250670961,9.420289855072463,0.8722490606548577,0.10735373054213634,0.2683843263553409,0.08051529790660225,,,,,,
9,64.4524959742351,24.832259796027913,9.326355340848094,0.8722490606548577,0.10735373054213634,0.32877079978529256,0.08051529790660225,,,,,,
10,63.02334943639291,25.63070316693505,7.568438003220612,1.0131508319914118,2.328234031132582,0.2683843263553409,0.08051529790660225,0.08722490606548577,,,,,
11,60.19189479334407,28.502415458937197,7.454374664519592,1.0601180891035964,2.314814814814815,0.2683843263553409,0.12077294685990338,0.08722490606548577,,,,,
12,59.39345142243693,29.20692431561997,7.454374664519592,1.0601180891035964,2.281266774020397,0.2683843263553409,0.24825550187869028,0.08722490606548577,,,,,
13,58.73590982286635,29.622920021470748,7.1725711218464845,1.4492753623188406,2.281266774020397,0.2683843263553409,0.3824476650563607,0.08722490606548577,,,,,
14,55.159688674181425,33.091787439613526,7.159151905528717,1.7310789049919484,1.9927536231884058,0.2683843263553409,0.5099302200751477,0.08722490606548577,,,,,
15,51.83843263553408,36.151368760064415,7.25979602791197,1.7310789049919484,2.301395598497048,0.2683843263553409,0.4495437466451959,,,,,,
16,47.436929683306495,39.680622651637144,7.14573268921095,1.6706924315619969,2.636876006441224,0.2683843263553409,0.322061191626409,0.8387010198604401,,,,,
17,47.537573805689746,39.31830381105743,7.219538378958669,1.570048309178744,2.5831991411701556,0.2683843263553409,0.6642512077294686,0.8387010198604401,,,,,
18,44.24986580783682,41.418411164787976,8.044820182501342,1.6371443907675791,2.6167471819645733,0.2683843263553409,0.9259259259259259,0.8387010198604401,,,,,
19,34.38003220611916,57.55501878690284,4.03918411164788,1.0198604401502953,0.8118625872249061,0.14090177133655393,0.644122383252818,1.4090177133655395,,,,,
20,21.712292002147073,72.59125067096082,1.0399892646269457,1.3352120236178207,0.47638217928073,,2.5697799248523885,0.27509393451422437,,,,,
21,22.12157809983897,71.39023081052066,1.0399892646269457,1.9122383252818036,0.47638217928073,,2.677133655394525,0.27509393451422437,0.10735373054213634,,,,
22,22.490606548577563,70.6052066559313,1.093666129898014,2.2745571658615136,0.47638217928073,,2.677133655394525,0.27509393451422437,0.10735373054213634,,,,
23,22.302737520128826,69.29683306494901,1.0869565217391304,3.2139023081052067,0.49651100375738055,,2.677133655394525,0.8185721953837896,0.10735373054213634,,,,
24,22.81266774020397,67.57917337627482,1.0869565217391304,4.42163177670424,0.49651100375738055,,2.677133655394525,0.8185721953837896,0.10735373054213634,,,,
25,23.235373054213635,66.0829307568438,1.0399892646269457,5.434782608695652,0.49651100375738055,,2.49597423510467,0.9393451422436929,0.27509393451422437,,,,
26,23.658078368223297,65.3113258185722,1.0399892646269457,5.783682232957595,0.49651100375738055,,2.49597423510467,0.9393451422436929,0.27509393451422437,,,,
27,23.852657004830917,64.65378421900161,1.1607622114868492,6.025228126677402,0.4428341384863124,,2.677133655394525,0.9125067096081588,0.27509393451422437,,,,
28,24.228395061728396,63.419216317767045,1.1607622114868492,6.884057971014493,0.4428341384863124,,2.677133655394525,0.9125067096081588,0.27509393451422437,,,,
29,24.22168545356951,60.299248523886206,1.8384326355340848,9.057971014492754,0.43612453032742887,,2.9589371980676327,0.9125067096081588,0.27509393451422437,,,,
30,24.805421363392377,59.554482018250134,1.8384326355340848,9.252549651100376,0.43612453032742887,,2.9253891572732154,0.9125067096081588,0.27509393451422437,,,,
31,11.694847020933977,78.62989801395598,1.8853998926462694,4.092860976918948,0.2952227589908749,,2.3752012882447664,0.7514761137949544,0.27509393451422437,,,,
32,10.071121846484166,79.95840042941492,1.5297906602254427,4.898013955984971,0.2952227589908749,,2.1403650026838434,0.8319914117015567,0.27509393451422437,,,,
33,10.554213633923778,78.69699409554482,2.15378421900161,5.173107890499195,0.0939345142243693,,2.2208803005904456,0.8319914117015567,0.27509393451422437,,,,
34,11.272141706924316,77.35507246376811,2.120236178207193,5.864197530864198,0.0939345142243693,,2.1940418679549114,0.8319914117015567,0.2683843263553409,,,,
35,11.768652710681696,75.56360708534622,2.0799785292538915,7.098765432098766,0.0939345142243693,,2.2946859903381642,0.8319914117015567,0.2683843263553409,,,,
36,12.338969404186795,74.39613526570048,2.0799785292538915,7.749597423510467,0.0939345142243693,,2.24771873322598,0.8252818035426731,0.2683843263553409,,,,
37,13.110574342458401,73.30917874396135,2.0799785292538915,8.085077831454644,0.0939345142243693,,2.01959205582394,0.8252818035426731,0.2683843263553409,0.20799785292538917,,,
38,13.83521202361782,70.26301663982824,2.073268921095008,10.46027911969941,0.0939345142243693,0.2214170692431562,1.7847557702630166,0.8252818035426731,0.2683843263553409,0.17444981213097155,,,
39,5.770263016639828,27.542941492216855,0.8521202361782072,4.683306494900698,58.21256038647343,0.2214170692431562,1.3955984970477724,0.5434782608695652,0.6038647342995169,0.17444981213097155,,,
40,6.293612453032743,27.26113794954375,0.8521202361782072,4.602791196994096,56.27348362855609,0.2214170692431562,1.3888888888888888,0.5434782608695652,2.3886205045625335,0.17444981213097155,,,
41,6.6827697262479875,25.644122383252817,0.8521202361782072,4.005636070853462,53.73054213633924,0.2214170692431562,2.945517981749866,2.5831991411701556,3.099838969404187,0.23483628556092323,,,
42,7.62211486849168,25.181159420289855,0.8521202361782072,4.139828234031133,53.20048309178744,0.2214170692431562,2.945517981749866,2.5831991411701556,3.0193236714975846,0.23483628556092323,,,
43,8.145464304884594,25.067096081588836,0.8521202361782072,4.133118625872249,51.82501341921632,0.2214170692431562,2.945517981749866,2.49597423510467,4.079441760601181,0.23483628556092323,,,
44,8.474235104669887,24.704777241009126,0.8521202361782072,4.294149221685454,50.83199141170156,0.19457863660762212,2.9388083735909825,2.4355877616747184,5.038915727321524,0.23483628556092323,,,
45,8.769457863660762,23.832528180354267,0.8387010198604401,5.0791733762748255,47.52415458937198,0.19457863660762212,6.146001073537305,2.395330112721417,5.005367686527107,0.2147074610842727,,,
46,9.118357487922705,23.738593666129898,0.8387010198604401,5.0791733762748255,43.59903381642512,0.30864197530864196,6.092324208266238,5.555555555555555,5.515297906602254,0.15432098765432098,,,
47,9.588030059044552,23.416532474503487,0.8387010198604401,5.387815351583468,43.07568438003221,0.30864197530864196,6.031937734836285,5.548845947396672,5.649490069779925,0.15432098765432098,,,
48,9.943639291465379,22.953569511540525,0.8387010198604401,5.884326355340848,42.78046162104133,0.30864197530864196,5.870907139023081,5.548845947396672,5.743424584004294,0.1274825550187869,,,
49,10.258990874932904,22.544283413848632,0.8387010198604401,6.159420289855072,40.49919484702093,0.5904455179817498,8.28636607622115,5.548845947396672,5.032206119162641,0.1274825550187869,0.026838432635534086,0.08722490606548577,
50,10.225442834138486,21.24261943102523,0.8387010198604401,8.32662372517445,39.97584541062802,0.5904455179817498,8.205850778314547,5.522007514761138,4.8376274825550185,0.12077294685990338,0.026838432635534086,0.08722490606548577,
51,11.057434245840042,21.108427267847556,0.8387010198604401,8.299785292538916,39.24449812130972,0.8252818035426731,8.185721953837897,5.360976918947934,4.8443370907139025,0.12077294685990338,0.026838432635534086,0.08722490606548577,
52,11.641170155662909,20.685721953837895,0.798443370907139,8.360171765968868,38.99624261943102,0.8252818035426731,8.165593129361245,5.287171229200215,5.005367686527107,0.12077294685990338,0.026838432635534086,0.08722490606548577,
53,12.06387546967257,20.43075684380032,0.798443370907139,8.487654320987655,38.00322061191626,0.798443370907139,8.07836822329576,5.193236714975845,5.897745571658615,0.12077294685990338,0.040257648953301126,0.08722490606548577,
54,12.506709608158884,19.632313472893184,0.798443370907139,8.93719806763285,37.6610305958132,1.0131508319914118,8.071658615136876,5.159688674181428,5.971551261406334,0.12077294685990338,0.040257648953301126,0.08722490606548577,
55,13.023349436392914,19.49812130971551,0.785024154589372,8.863392377885132,36.902844873859365,1.093666129898014,7.98443370907139,5.273752012882448,6.327160493827161,0.12077294685990338,0.040257648953301126,0.08722490606548577,
56,13.486312399355878,19.45786366076221,0.785024154589372,8.903650026838433,36.26543209876543,1.0332796564680622,7.944176060118089,5.146269457863661,6.622383252818035,0.2281266774020397,0.040257648953301126,0.08722490606548577,
57,13.808373590982287,19.088835212023618,0.785024154589372,9.125067096081589,36.04401502952228,1.0601180891035964,7.944176060118089,5.032206119162641,6.6760601180891035,0.2616747181964573,0.040257648953301126,0.08722490606548577,0.04696725711218465
58,14.143853998926463,18.833870101986044,0.785024154589372,9.198872785829307,35.225442834138484,1.0332796564680622,7.6623725174449815,5.072463768115942,7.39398819108964,0.47638217928073,0.040257648953301126,0.08722490606548577,0.04696725711218465
59,14.76784755770263,18.4044551798175,0.785024154589372,9.326355340848094,34.56119162640902,1.1272141706924315,7.62211486849168,5.092592592592593,7.635534084809447,0.47638217928073,0.040257648953301126,0.08722490606548577,0.07380568974771873
60,15.49248523886205,18.04884594739667,0.7783145464304885,9.373322597960279,34.11835748792271,1.1272141706924315,7.367149758454106,4.944981213097155,7.6556629092860975,0.7112184648416533,0.040257648953301126,0.2683843263553409,0.07380568974771873
61,15.593129361245303,17.94820182501342,0.7648953301127214,9.25925925925926,35.567632850241544,1.2010198604401503,7.253086419753086,3.92512077294686,7.4006977992485234,0.7112184648416533,0.040257648953301126,0.2683843263553409,0.06709608158883522
62,15.821256038647343,17.72007514761138,0.7313472893183038,9.366612989801396,35.178475577026305,1.3083735909822867,7.1658615136876005,3.8915727321524423,7.4208266237251745,1.0198604401502953,0.040257648953301126,0.2683843263553409,0.06709608158883522
63,15.767579173376275,15.754159957058508,0.7313472893183038,13.103864734299517,33.373590982286636,1.3083735909822867,6.293612453032743,4.092860976918948,8.017981749865807,1.1808910359634996,0.040257648953301126,0.2683843263553409,0.06709608158883522
64,16.14331723027375,15.613258185721953,0.7313472893183038,12.949543746645196,33.00456253354804,1.1741814278046163,6.166129898013956,4.300858829844337,8.13875469672571,1.402308105206656,0.040257648953301126,0.2683843263553409,0.06709608158883522
65,16.659957058507782,15.042941492216855,0.7313472893183038,13.399087493290391,32.50805152979066,1.1741814278046163,6.199677938808374,4.186795491143317,8.319914117015566,1.402308105206656,0.040257648953301126,0.2683843263553409,0.06709608158883522
66,16.908212560386474,14.418947933440688,0.785024154589372,13.848631239935587,32.024959742351044,1.3486312399355878,6.253354804079442,4.274020397208803,8.333333333333334,1.42914653784219,0.040257648953301126,0.2683843263553409,0.06709608158883522
67,16.74718196457327,12.929414922168545,0.785024154589372,16.06280193236715,31.52173913043478,1.3486312399355878,6.213097155126141,4.240472356414386,8.3467525496511,1.42914653784219,0.040257648953301126,0.2683843263553409,0.06709608158883522
68,17.082662372517444,12.835480407944177,0.785024154589372,15.60654857756307,30.9447128287708,1.6371443907675791,6.078904991948471,4.998658078368224,8.125335480407944,1.42914653784219,0.040257648953301126,0.2683843263553409,0.16774020397208803
69,17.391304347826086,12.76838432635534,0.785024154589372,15.573000536768653,30.844068706387546,1.6371443907675791,5.971551261406334,4.958400429414922,8.125335480407944,1.42914653784219,0.040257648953301126,0.30864197530864196,0.16774020397208803
70,17.66639828234031,12.513419216317766,0.785024154589372,15.599838969404187,30.54884594739667,1.7310789049919484,5.897745571658615,5.226784755770263,7.977724100912507,1.442565754159957,0.040257648953301126,0.4025764895330113,0.16774020397208803
71,17.901234567901234,12.245034889962426,0.785024154589372,15.076489533011273,30.387815351583466,1.710950080515298,6.776704240472356,5.059044551798175,7.890499194847021,1.442565754159957,0.040257648953301126,0.5166398282340311,0.16774020397208803
72,18.625872249060656,12.117552334943639,0.785024154589372,14.955716586151368,29.837627482555018,1.8048845947396672,6.749865807836822,5.059044551798175,7.9039184111647875,1.4358561460010735,0.040257648953301126,0.5166398282340311,0.16774020397208803
73,18.53864734299517,11.701556629092861,0.785024154589372,15.22410091250671,29.354535695115406,1.8048845947396672,6.9310252281266775,5.246913580246914,8.252818035426731,1.4358561460010735,0.040257648953301126,0.5166398282340311,0.16774020397208803
74,18.55877616747182,11.513687600644122,0.785024154589372,15.083199141170155,28.92512077294686,2.1604938271604937,6.890767579173376,6.045356951154052,7.769726247987117,1.4358561460010735,0.026838432635534086,0.5166398282340311,0.2885131508319914
75,19.162640901771336,11.439881910896403,0.7648953301127214,14.640365002683843,28.589640365002683,2.1604938271604937,6.9310252281266775,6.085614600107354,7.917337627482555,1.4358561460010735,0.026838432635534086,0.49651100375738055,0.3488996242619431
76,19.83360171765969,11.2788513150832,0.7648953301127214,14.479334406870638,28.20048309178744,2.428878153515835,6.850509930220075,5.891035963499732,7.816693505099302,1.4358561460010735,0.026838432635534086,0.644122383252818,0.3488996242619431
77,20.162372517444982,11.191626409017713,0.7581857219538379,14.197530864197532,28.046162104133117,2.4221685453569513,6.971282877079979,5.844068706387547,7.7898550724637685,1.556629092860977,0.026838432635534086,0.6843800322061192,0.3488996242619431
78,20.531400966183575,11.07085346215781,0.7581857219538379,13.875469672571121,26.94578636607622,2.4020397208803006,7.212828770799785,5.8172302737520125,8.641975308641975,1.5230810520665594,0.026838432635534086,0.6843800322061192,0.5099302200751477
79,21.034621578099838,10.943370907139023,0.7581857219538379,14.2914653784219,26.77133655394525,2.3886205045625335,7.212828770799785,5.723295759527644,8.09849704777241,1.5163714439076759,0.026838432635534086,0.7246376811594203,0.5099302200751477
80,21.007783145464305,9.98389694041868,0.7581857219538379,16.344605475040257,25.89908749329039,2.7979066022544283,6.850509930220075,5.676328502415459,7.937466451959206,1.482823403113258,0.026838432635534086,0.7246376811594203,0.5099302200751477
81,20.202630166398283,9.037842190016104,0.7246376811594203,15.445517981749866,27.455716586151368,3.046162104133119,5.870907139023081,6.984702093397746,8.319914117015566,1.5767579173376274,0.026838432635534086,0.798443370907139,0.5099302200751477
82,20.544820182501343,8.957326892109501,0.7246376811594203,15.371712292002147,27.03972088030059,3.4420289855072466,5.971551261406334,6.937734836285561,8.111916264090176,1.5767579173376274,0.026838432635534086,0.785024154589372,0.5099302200751477
83,20.645464304884594,8.82313472893183,0.7246376811594203,15.4723564143854,26.006441223832528,4.253891572732153,5.723295759527644,6.736446591519055,8.467525496511003,1.8585614600107354,0.026838432635534086,0.7716049382716049,0.48980139559849706
84,20.148953301127214,8.735909822866345,0.6642512077294686,15.136876006441224,28.113258185721953,3.569511540526033,5.790391841116479,7.018250134192163,7.930756843800322,1.5163714439076759,0.026838432635534086,0.7447665056360708,0.6038647342995169
85,20.316693505099302,8.722490606548577,0.6642512077294686,15.324745034889963,27.68384326355341,3.549382716049383,5.857487922705314,7.387278582930757,7.628824476650563,1.5096618357487923,0.026838432635534086,0.7246376811594203,0.6038647342995169
86,20.90042941492217,7.997852925389157,0.6642512077294686,14.982555018786902,26.898819108964037,3.9452495974235107,6.910896403650026,7.501341921631776,7.353730542136339,1.5029522275899088,0.026838432635534086,0.7246376811594203,0.5904455179817498
87,21.24261943102523,7.877079978529254,0.6642512077294686,15.653515834675256,26.442565754159958,3.8580246913580245,6.884057971014493,7.306763285024155,7.246376811594203,1.4962426194310252,0.026838432635534086,0.7246376811594203,0.5770263016639828
88,21.712292002147073,7.796564680622652,0.644122383252818,15.4723564143854,25.744766505636072,3.8177670424047236,7.333601717659689,7.27992485238862,7.37385936661299,1.4962426194310252,0.026838432635534086,0.7246376811594203,0.5770263016639828
89,21.79951690821256,7.769726247987117,0.644122383252818,15.35829307568438,24.92619431025228,3.7372517444981215,8.863392377885132,7.206119162640902,6.937734836285561,1.42914653784219,0.026838432635534086,0.7246376811594203,0.5770263016639828
90,21.24261943102523,7.467793880837359,0.644122383252818,14.915458937198068,25.32206119162641,3.92512077294686,8.903650026838433,8.192431561996779,6.709608158883521,1.3821792807300053,0.026838432635534086,0.6910896403650026,0.5770263016639828
91,21.36339237788513,7.440955448201825,0.644122383252818,14.955716586151368,24.859098228663445,4.327697262479871,8.903650026838433,7.971014492753623,6.850509930220075,1.3687600644122384,0.026838432635534086,0.7112184648416533,0.5770263016639828
92,21.524422973698336,7.380568974771873,0.630703166935051,15.076489533011273,24.4699409554482,4.38137412775094,8.816425120772946,7.937466451959206,7.078636607622115,1.402308105206656,0.026838432635534086,0.6977992485238862,0.5770263016639828
93,22.088030059044552,7.065217391304348,0.630703166935051,15.33816425120773,24.18142780461621,4.428341384863124,8.769457863660762,7.689210950080516,7.071926999463232,1.3821792807300053,0.026838432635534086,0.7514761137949544,0.5770263016639828
94,22.128287707997853,7.152442297369833,0.630703166935051,15.411969940955448,23.765432098765434,4.374664519592056,8.68894256575416,7.769726247987117,7.340311325818572,1.3821792807300053,0.026838432635534086,0.7514761137949544,0.5770263016639828
95,22.443639291465377,7.004830917874396,0.630703166935051,15.485775630703166,23.450080515297905,4.542404723564144,8.695652173913043,7.749597423510467,7.206119162640902,1.4358561460010735,0.026838432635534086,0.7514761137949544,0.5770263016639828
96,22.450348899624263,6.944444444444445,0.630703166935051,15.398550724637682,23.698336017176597,4.622920021470746,8.749329039184111,7.648953301127214,7.206119162640902,1.2949543746645196,0.026838432635534086,0.7514761137949544,0.5770263016639828
97,22.69860440150295,6.89747718733226,0.6977992485238862,15.465646806226516,23.2085346215781,5.072463768115942,8.628556092324208,7.64224369296833,7.085346215780999,1.247987117552335,0.026838432635534086,0.7514761137949544,0.5770263016639828
98,22.5577026301664,6.884057971014493,0.6977992485238862,17.787171229200215,22.604669887278583,4.871175523349437,7.387278582930757,7.682501341921632,6.9243156199677935,1.247987117552335,0.026838432635534086,0.7514761137949544,0.5770263016639828
99,23.282340311325818,6.810252281266774,0.6977992485238862,18.055555555555557,22.168545356951153,4.703435319377348,7.14573268921095,7.729468599033816,6.763285024154589,1.1808910359634996,0.026838432635534086,0.8588298443370908,0.5770263016639828
100,23.356146001073537,6.568706387546968,0.5770263016639828,17.518786902844873,22.10144927536232,5.10601180891036,6.723027375201288,8.581588835212024,6.763285024154589,1.2412775093934514,0.026838432635534086,0.8588298443370908,0.5770263016639828
101,23.731884057971016,6.461352657004831,0.6374127750939346,17.310789049919485,21.973966720343533,5.314009661835748,6.582125603864735,8.61513687600644,6.702898550724638,1.2345679012345678,0.026838432635534086,0.8588298443370908,0.5501878690284487
102,24.02710681696189,6.447933440687064,0.6374127750939346,17.19001610305958,21.73913043478261,5.448201825013419,6.521739130434782,8.682232957595277,6.642512077294686,1.2278582930756843,0.026838432635534086,0.8588298443370908,0.5501878690284487
103,24.12104133118626,6.4412238325281805,0.49651100375738055,17.102791196994094,21.64519592055824,5.428073000536768,6.5485775630703165,8.910359634997317,6.461352657004831,1.2949543746645196,0.14090177133655393,0.8588298443370908,0.5501878690284487
104,24.44981213097155,6.340579710144928,0.49651100375738055,16.982018250134193,21.3768115942029,5.387815351583468,6.6827697262479875,8.93719806763285,6.515029522275899,1.2815351583467525,0.14090177133655393,0.8588298443370908,0.5501878690284487
105,24.9194847020934,6.286902844873859,0.4495437466451959,16.760601180891037,21.215780998389693,5.381105743424584,6.796833064949007,8.870101986044014,6.481481481481482,1.2546967257112185,0.10735373054213634,0.9326355340848095,0.5434782608695652
106,25.013419216317768,6.260064412238325,0.4428341384863124,16.485507246376812,20.471014492753625,5.595813204508857,6.790123456790123,8.890230810520666,6.850509930220075,1.6572732152442298,0.10735373054213634,0.9259259259259259,0.5099302200751477
107,25.201288244766506,6.105743424584004,0.4428341384863124,17.082662372517444,20.081857219538378,5.508588298443371,6.78341384863124,8.796296296296296,6.863929146537842,1.6572732152442298,0.10735373054213634,0.8588298443370908,0.5099302200751477
108,25.469672571121848,6.025228126677402,0.4428341384863124,17.357756307031668,19.565217391304348,5.656199677938808,6.729736983360172,8.675523349436393,6.977992485238862,1.6237251744498122,0.10735373054213634,0.8588298443370908,0.5099302200751477
109,25.77831454643049,5.964841653247451,0.4428341384863124,17.444981213097154,19.276704240472355,5.407944176060118,7.179280730005368,8.561460010735374,6.904186795491143,1.6170155662909287,0.10735373054213634,0.8051529790660226,0.5099302200751477
110,25.11406333870102,5.884326355340848,0.4428341384863124,16.59286097691895,20.974235104669887,5.542136339237788,7.024959742351046,8.393719806763285,6.843800322061192,1.8183038110574343,0.10735373054213634,0.7514761137949544,0.5099302200751477
111,25.06038647342995,5.683038110574342,0.4428341384863124,15.445517981749866,20.517981749865807,5.595813204508857,9.950348899624261,7.836822329575953,6.414385399892646,1.8183038110574343,0.08722490606548577,0.6374127750939346,0.5099302200751477
112,25.174449812130973,5.615942028985507,0.4428341384863124,15.33816425120773,20.135534084809446,5.730005367686527,9.896672034353195,7.997852925389157,6.622383252818035,1.8115942028985508,0.08722490606548577,0.6374127750939346,0.5099302200751477
113,23.537305421363392,5.562265163714439,4.804079441760601,14.06333870101986,19.108964036500268,5.421363392377885,11.124530327428879,7.863660762211487,5.723295759527644,1.6438539989264627,0.08722490606548577,0.5770263016639828,0.4830917874396135
114,23.678207192699947,5.555555555555555,4.703435319377348,13.94927536231884,18.800322061191626,5.870907139023081,11.030595813204508,7.776435856146001,5.850778314546431,1.6371443907675791,0.08722490606548577,0.5770263016639828,0.4830917874396135
115,23.886205045625335,5.495169082125604,4.569243156199678,13.741277509393452,18.552066559312937,6.132581857219538,10.950080515297907,7.722758990874933,5.803811057434245,2.0263016639828235,0.08722490606548577,0.5703166935050993,0.46296296296296297
116,24.00697799248524,5.434782608695652,4.569243156199678,13.741277509393452,18.45813204508857,6.099033816425121,10.916532474503489,7.836822329575953,5.790391841116479,2.0263016639828235,0.08722490606548577,0.5703166935050993,0.46296296296296297
117,23.74530327428878,5.226784755770263,4.502147074610843,13.45276435856146,19.840311325818572,6.233225979602791,10.547504025764896,7.628824476650563,5.776972624798712,1.9256575415995705,0.08722490606548577,0.5703166935050993,0.46296296296296297
118,24.208266237251745,5.2066559312936125,4.394793344068707,13.325281803542673,19.766505636070853,6.206387546967257,10.59447128287708,7.5348899624261945,5.723295759527644,1.9256575415995705,0.08051529790660225,0.5703166935050993,0.46296296296296297
119,24.62426194310252,5.159688674181428,4.367954911433173,13.197799248523886,19.41760601180891,6.387546967257112,10.61460010735373,7.501341921631776,5.71658615136876,1.8988191089640365,0.08051529790660225,0.5703166935050993,0.46296296296296297
120,24.993290391841118,5.139559849704777,4.320987654320987,12.734836285560924,19.370638754696724,6.635802469135802,10.581052066559312,7.48792270531401,5.642780461621041,1.8988191089640365,0.07380568974771873,0.6910896403650026,0.4294149221685454
121,25.348899624261943,5.0791733762748255,4.320987654320987,12.654320987654321,19.296833064949006,6.608964036500268,10.628019323671497,7.340311325818572,5.642780461621041,1.8853998926462694,0.07380568974771873,0.6910896403650026,0.4294149221685454
122,25.43612453032743,4.99194847020934,4.320987654320987,12.607353730542137,19.129092860976918,6.702898550724638,10.567632850241546,7.494632313472893,5.683038110574342,1.9256575415995705,0.07380568974771873,0.644122383252818,0.4227053140096618
123,25.02012882447665,4.99194847020934,4.320987654320987,12.513419216317766,17.74020397208803,6.293612453032743,10.72866344605475,9.88996242619431,5.401234567901234,1.9592055823939882,0.07380568974771873,0.644122383252818,0.4227053140096618
124,25.13419216317767,4.911433172302737,4.320987654320987,12.828770799785293,17.59259259259259,6.447933440687064,10.654857756307031,9.71551261406334,5.293880837359098,1.9592055823939882,0.07380568974771873,0.644122383252818,0.4227053140096618
125,24.44981213097155,4.663177670424047,4.2203435319377345,11.936392914653783,17.14975845410628,6.541867954911433,13.607085346215781,9.07139023081052,5.267042404723564,1.9524959742351047,0.07380568974771873,0.644122383252818,0.4227053140096618
126,24.724906065485776,4.5960815888352125,4.2203435319377345,11.996779388083736,17.028985507246375,6.515029522275899,13.539989264626946,8.970746108427267,5.186527106816962,1.9457863660762211,0.10064412238325282,0.7514761137949544,0.4227053140096618
127,25.37573805689748,4.582662372517445,3.9586688137412773,11.949812130971551,16.814278046162105,6.66935050993022,13.405797101449275,8.883521202361782,5.179817498658078,1.932367149758454,0.10064412238325282,0.7246376811594203,0.4227053140096618
128,25.44283413848631,4.582662372517445,3.8311862587224907,11.876006441223833,16.6129898013956,7.226247987117552,13.33870101986044,8.809715512614064,5.132850241545894,1.8988191089640365,0.10064412238325282,0.7246376811594203,0.4227053140096618
129,25.785024154589372,4.569243156199678,3.7573805689747717,11.748523886205046,16.55931293612453,7.1725711218464845,13.33870101986044,8.78287707997853,5.146269457863661,1.8988191089640365,0.10064412238325282,0.7179280730005367,0.4227053140096618
130,25.791733762748255,4.522275899087493,3.7372517444981215,11.56736446591519,16.384863123993558,8.07836822329576,12.929414922168545,8.910359634997317,5.005367686527107,1.8317230273752012,0.10064412238325282,0.7179280730005367,0.4227053140096618
131,25.717928073000536,4.468599033816425,3.408480944712829,12.567096081588835,16.06280193236715,8.004562533548041,12.701288244766506,9.232420826623725,4.824208266237251,1.7713365539452497,0.10064412238325282,0.7179280730005367,0.4227053140096618
132,26.080246913580247,4.435050993022007,3.3413848631239937,12.412775093934513,16.0426731078905,7.877079978529254,12.741545893719806,9.151905528717123,4.824208266237251,1.7310789049919484,0.10064412238325282,0.8387010198604401,0.4227053140096618
133,26.29495437466452,4.40150295222759,3.3413848631239937,12.506709608158884,15.827965646806227,7.924047235641439,12.614063338701019,9.138486312399356,4.871175523349437,1.7176596886741815,0.10064412238325282,0.8387010198604401,0.4227053140096618
134,26.442565754159958,4.38137412775094,3.435319377348363,12.533548040794418,15.76086956521739,7.9039184111647875,12.506709608158884,9.111647879763822,4.8443370907139025,1.7176596886741815,0.10064412238325282,0.8387010198604401,0.4227053140096618
135,26.630434782608695,4.341116478797638,3.435319377348363,12.493290391841116,15.660225442834138,7.98443370907139,12.580515297906603,8.970746108427267,4.830917874396135,1.7176596886741815,0.10064412238325282,0.8319914117015567,0.4227053140096618
136,26.80488459473967,4.334406870638754,3.4151905528717124,12.620772946859903,15.60654857756307,8.172302737520129,12.345679012345679,8.709071390230811,4.924852388620504,1.710950080515298,0.10064412238325282,0.8319914117015567,0.4227053140096618
137,27.26113794954375,4.327697262479871,3.3011272141706924,12.352388620504563,16.25067096081589,7.937466451959206,12.399355877616747,8.36688137412775,4.797369833601718,1.6505636070853462,0.10064412238325282,0.8319914117015567,0.4227053140096618
138,27.509393451422437,4.30756843800322,3.294417606011809,12.278582930756844,16.13660762211487,8.125335480407944,12.372517444981213,8.340042941492216,4.643048845947397,1.6505636070853462,0.08722490606548577,0.8319914117015567,0.4227053140096618
139,27.81803542673108,4.274020397208803,3.2742887815351582,12.238325281803542,16.10305958132045,8.07836822329576,12.318840579710145,8.259527643585615,4.643048845947397,1.6505636070853462,0.08722490606548577,0.8319914117015567,0.4227053140096618
140,28.119967793880836,4.247181964573269,3.2474503488996245,12.164519592055823,16.1231884057971,8.024691358024691,12.285292538915728,8.165593129361245,4.62962962962963,1.6505636070853462,0.08722490606548577,0.8319914117015567,0.4227053140096618
141,27.160493827160494,3.878153515834675,3.2474503488996245,11.426462694578637,15.385131508319914,7.461084272678476,16.364734299516908,7.521470746108427,4.562533548040794,1.6505636070853462,0.08722490606548577,0.8319914117015567,0.4227053140096618
142,27.449006977992486,3.8043478260869565,3.2139023081052067,11.399624261943103,15.318035426731079,7.387278582930757,16.364734299516908,7.514761137949543,4.562533548040794,1.6438539989264627,0.08722490606548577,0.8319914117015567,0.4227053140096618
143,27.70397208803006,3.7573805689747717,3.2139023081052067,11.3593666129898,15.24422973698336,7.360440150295223,16.27079978529254,7.461084272678476,4.643048845947397,1.6438539989264627,0.08722490606548577,0.8319914117015567,0.4227053140096618
144,27.91867954911433,3.743961352657005,3.2139023081052067,11.272141706924316,15.116747181964573,7.501341921631776,16.015834675254965,7.716049382716049,4.636339237788513,1.5230810520665594,0.08722490606548577,0.8319914117015567,0.4227053140096618
145,28.435319377348364,3.730542136339238,3.2139023081052067,11.158078368223295,15.03623188405797,7.481213097155126,15.955448201825014,7.568438003220612,4.622920021470746,1.4559849704777241,0.08722490606548577,0.8319914117015567,0.4227053140096618
146,28.475577026301664,3.730542136339238,3.0931293612453032,11.198336017176597,14.392109500805153,7.675791733762749,15.613258185721953,8.501073537305421,4.53569511540526,1.442565754159957,0.08722490606548577,0.8319914117015567,0.4227053140096618
147,28.931830381105744,3.7037037037037037,3.066290928609769,11.017176596886742,14.210950080515298,7.776435856146001,15.707192699946322,8.299785292538916,4.522275899087493,1.442565754159957,0.08722490606548577,0.8118625872249061,0.4227053140096618
148,29.24718196457327,3.69699409554482,3.0059044551798175,10.82259796027912,14.096886741814279,7.776435856146001,15.405260332796564,8.702361782071927,4.428341384863124,1.4559849704777241,0.08722490606548577,0.8521202361782072,0.4227053140096618
149,29.58937198067633,3.6634460547504024,3.0059044551798175,10.721953837895867,14.029790660225443,7.763016639828234,15.33816425120773,8.655394524959743,4.414922168545357,1.4559849704777241,0.08722490606548577,0.8521202361782072,0.4227053140096618
150,29.736983360171767,3.6231884057971016,3.0059044551798175,10.607890499194847,14.318303811057435,7.521470746108427,15.069779924852389,8.3064949006978,4.703435319377348,1.6304347826086956,0.08722490606548577,0.966183574879227,0.4227053140096618
151,29.817498658078367,3.616478797638218,2.952227589908749,10.339506172839506,15.063070316693505,7.48792270531401,14.942297369833602,8.152173913043478,4.53569511540526,1.6170155662909287,0.08722490606548577,0.966183574879227,0.4227053140096618
152,29.435050993022006,3.2541599570585076,2.9119699409554483,9.903381642512077,14.962426194310252,7.353730542136339,14.600107353730541,9.970477724100913,4.528985507246377,1.6035963499731616,0.08722490606548577,0.966183574879227,0.4227053140096618
153,29.663177670424048,3.2004830917874396,2.9119699409554483,9.769189479334408,14.928878153515834,7.313472893183038,14.55984970477724,10.037573805689748,4.508856682769726,1.6639828234031133,0.08722490606548577,0.9326355340848095,0.4227053140096618
154,29.723564143854,3.1602254428341383,2.9119699409554483,9.782608695652174,14.908749329039184,7.226247987117552,14.801395598497047,10.044283413848632,4.300858829844337,1.6975308641975309,0.08722490606548577,0.9326355340848095,0.4227053140096618
155,29.871175523349436,3.1468062265163717,2.8113258185721954,9.782608695652174,15.049651100375739,7.340311325818572,14.620236178207193,10.00402576489533,4.28743961352657,1.6438539989264627,0.08722490606548577,0.9326355340848095,0.4227053140096618
156,30.407944176060116,3.126677402039721,2.8113258185721954,9.769189479334408,14.834943639291465,7.118894256575416,14.754428341384862,9.842995169082126,4.247181964573269,1.6438539989264627,0.08722490606548577,0.9326355340848095,0.4227053140096618
157,30.763553408480945,3.079710144927536,2.8113258185721954,9.71551261406334,15.673644659151906,6.964573268921095,14.620236178207193,9.05126140633387,4.240472356414386,1.6371443907675791,0.08722490606548577,0.9326355340848095,0.4227053140096618
158,30.69645732689211,3.079710144927536,2.7442297369833604,9.71551261406334,15.552871712292003,6.823671497584541,14.586688137412775,9.73564143853999,4.17337627482555,1.4492753623188406,0.08722490606548577,0.9326355340848095,0.4227053140096618
159,31.01851851851852,3.079710144927536,2.7442297369833604,9.494095544820183,15.653515834675256,6.89747718733226,14.40552871712292,9.581320450885668,4.1532474503489,1.5432098765432098,0.08722490606548577,0.9192163177670424,0.4227053140096618
160,31.233225979602793,3.0394524959742353,2.7442297369833604,9.41358024691358,15.593129361245303,6.89747718733226,14.2914653784219,9.668545356951155,4.1532474503489,1.5365002683843263,0.08722490606548577,0.9192163177670424,0.4227053140096618
161,31.293612453032743,3.0059044551798175,2.7308105206655933,10.339506172839506,15.190552871712292,6.709608158883521,13.955984970477724,9.675254965110037,4.1129898013955986,1.5767579173376274,0.08722490606548577,0.8990874932903918,0.4227053140096618
162,31.46135265700483,2.999194847020934,2.7308105206655933,10.379763821792807,15.123456790123457,6.66935050993022,13.882179280730005,9.681964573268921,4.092860976918948,1.570048309178744,0.08722490606548577,0.8990874932903918,0.4227053140096618
163,31.863929146537842,2.985775630703167,2.7241009125067097,10.406602254428341,15.069779924852389,6.515029522275899,13.828502415458937,9.567901234567902,4.066022544283414,1.5633387010198605,0.08722490606548577,0.8990874932903918,0.4227053140096618
164,32.018250134192165,2.985775630703167,2.6972624798711755,10.513955984970478,14.9020397208803,7.03166935050993,13.493022007514762,9.353193773483628,4.066022544283414,1.556629092860977,0.08722490606548577,0.8722490606548577,0.4227053140096618
165,32.26650563607085,2.945517981749866,2.6972624798711755,10.641438539989265,14.80810520665593,6.857219538378959,13.365539452495975,9.554482018250134,3.9519592055823938,1.556629092860977,0.06038647342995169,0.8722490606548577,0.4227053140096618
166,32.50134192163178,2.918679549114332,2.6838432635534084,10.540794417606012,14.841653247450349,6.9243156199677935,13.271604938271604,9.50751476113795,3.9318303811057436,1.5297906602254427,0.06038647342995169,0.8655394524959742,0.4227053140096618
167,32.6959205582394,2.8515834675254963,2.6637144390767578,10.50053676865271,14.74771873322598,6.870638754696726,13.325281803542673,9.54777241009125,3.978797638217928,1.4962426194310252,0.06038647342995169,0.8454106280193237,0.41599570585077833
168,32.74288781535159,2.8113258185721954,2.6637144390767578,10.339506172839506,15.365002683843263,6.837090713902308,13.070316693505099,9.554482018250134,3.898282340311326,1.4492753623188406,0.06038647342995169,0.7917337627482555,0.41599570585077833
169,33.011272141706925,2.7777777777777777,2.5697799248523885,10.34621578099839,15.92860976918948,6.904186795491143,12.761674718196458,9.386741814278047,3.717122920021471,1.3419216317767042,0.06038647342995169,0.7783145464304885,0.41599570585077833
170,32.56843800322061,2.2946859903381642,2.5161030595813205,10.144927536231885,15.318035426731079,6.870638754696726,14.935587761674718,9.118357487922705,3.7573805689747717,1.2681159420289856,0.04696725711218465,0.7783145464304885,0.3824476650563607
171,31.80354267310789,2.1135265700483092,2.5026838432635534,9.829575952764358,14.486044015029522,6.374127750939345,17.01556629092861,9.769189479334408,3.616478797638218,1.2815351583467525,0.04696725711218465,0.7783145464304885,0.3824476650563607
172,32.01154052603328,2.086688137412775,2.38191089640365,9.728931830381105,14.398819108964037,6.367418142780462,17.062533548040793,9.742351046698873,3.7372517444981215,1.2815351583467525,0.04696725711218465,0.7783145464304885,0.3757380568974772
173,31.87734836285561,2.006172839506173,2.38191089640365,10.755501878690284,14.11701556629093,6.018518518518518,16.794149221685455,9.856414385399892,3.629898013955985,1.3620504562533549,0.04696725711218465,0.7783145464304885,0.3757380568974772
174,32.18599033816425,2.006172839506173,2.38191089640365,10.715244229736983,14.009661835748792,5.9447128287707995,16.72705314009662,9.762479871175524,3.7104133118625873,1.3620504562533549,0.04696725711218465,0.7716049382716049,0.3757380568974772
175,28.911701556629094,1.3016639828234031,13.117283950617283,10.399892646269459,12.553676865271068,5.421363392377885,13.915727321524423,8.132045088566828,3.7909286097691894,1.261406333870102,0.04696725711218465,0.7716049382716049,0.3757380568974772
176,28.569511540526033,1.288244766505636,12.902576489533011,10.010735373054214,13.81508319914117,5.314009661835748,13.94927536231884,7.98443370907139,3.7372517444981215,1.2345679012345678,0.04696725711218465,0.7716049382716049,0.3757380568974772
177,28.515834675254965,1.2815351583467525,12.822061191626409,9.990606548577563,13.513150831991412,5.267042404723564,13.83521202361782,8.735909822866345,3.629898013955985,1.2345679012345678,0.04696725711218465,0.7514761137949544,0.3757380568974772
178,28.73725174449812,1.2815351583467525,12.4597423510467,10.037573805689748,13.560118089103597,5.414653784219001,14.210950080515298,8.340042941492216,3.5628019323671496,1.221148684916801,0.04696725711218465,0.7514761137949544,0.3757380568974772
179,28.911701556629094,1.2345679012345678,12.372517444981213,9.936929683306495,13.593666129898015,5.360976918947934,14.096886741814279,8.460815888352121,3.603059581320451,1.261406333870102,0.04696725711218465,0.7514761137949544,0.36902844873859364
180,29.146537842190018,1.2345679012345678,12.198067632850242,10.0979602791197,13.533279656468062,5.3274288781535155,14.023081052066559,8.433977455716587,3.5762211486849167,1.261406333870102,0.04696725711218465,0.7514761137949544,0.36902844873859364
