,45,50,51,55,52,54,56,53,57
0,100.0,,,,,,,,
1,100.0,,,,,,,,
2,98.9801395598497,1.0198604401502953,,,,,,,
3,98.38298443370907,1.6170155662909287,,,,,,,
4,94.8268921095008,5.173107890499195,,,,,,,
5,89.50617283950618,10.493827160493828,,,,,,,
6,89.52630166398282,10.473698336017177,,,,,,,
7,85.23215244229738,14.579978529253891,0.1878690284487386,,,,,,
8,79.3545356951154,20.457595276435857,0.1878690284487386,,,,,,
9,79.3545356951154,20.457595276435857,0.1878690284487386,,,,,,
10,68.06897477187333,31.743156199677937,0.1878690284487386,,,,,,
11,67.02227589908749,32.789855072463766,0.1878690284487386,,,,,,
12,65.7944176060118,33.51449275362319,0.6910896403650026,,,,,,
13,63.09044551798175,36.05743424584004,0.7045088566827697,0.14761137949543746,,,,,
14,63.24476650563607,35.90311325818572,0.7045088566827697,0.14761137949543746,,,,,
15,63.31857219538379,35.829307568438004,0.7045088566827697,0.14761137949543746,,,,,
16,62.453032742887814,34.648416532474506,2.7509393451422435,0.14761137949543746,,,,,
17,60.7487922705314,36.35265700483092,2.7509393451422435,0.14761137949543746,,,,,
18,58.36688137412775,36.171497584541065,2.7509393451422435,0.1274825550187869,2.5831991411701556,,,,
19,56.79012345679013,37.78851315083199,2.7241009125067097,0.1274825550187869,2.5697799248523885,,,,
20,46.20907139023081,48.369565217391305,2.7241009125067097,0.1274825550187869,2.5697799248523885,,,,
21,44.578636607622116,49.724906065485776,2.7241009125067097,0.4025764895330113,2.5697799248523885,,,,
22,44.68599033816425,49.61755233494364,2.7241009125067097,0.4025764895330113,2.5697799248523885,,,,
23,44.826892109500804,49.53032742887815,2.6838432635534084,0.38915727321524424,2.5697799248523885,,,,
24,44.880568974771876,49.23510466988728,2.6838432635534084,0.630703166935051,2.5697799248523885,,,,
25,44.00161030595813,48.04079441760601,4.757112184648417,0.630703166935051,2.5697799248523885,,,,
26,40.01610305958132,52.16720343531938,4.616210413311863,0.630703166935051,2.5697799248523885,,,,
27,40.123456790123456,52.05984970477724,4.616210413311863,0.630703166935051,2.5697799248523885,,,,
28,39.76784755770263,49.080783682232955,7.950885668276973,0.630703166935051,2.5697799248523885,,,,
29,39.99597423510467,48.88620504562534,7.944176060118089,0.6038647342995169,2.5697799248523885,,,,
30,40.17713365539453,48.78556092324208,7.890499194847021,0.6038647342995169,2.5429414922168547,,,,
31,40.163714439076756,46.725711218464845,7.856951154052603,0.5971551261406334,3.166935050993022,1.4895330112721417,,,
32,40.203972088030056,46.06816961889426,8.333333333333334,0.5971551261406334,3.1468062265163717,1.6505636070853462,,,
33,32.058507783145465,53.556092324208265,9.004294149221685,0.5971551261406334,3.1333870101986045,1.6505636070853462,,,
34,32.21282877079979,53.415190552871714,8.984165324745035,0.7380568974771873,2.999194847020934,1.6505636070853462,,,
35,32.30005367686527,53.207192699946326,8.984165324745035,0.8856682769726248,2.9723564143853998,1.6505636070853462,,,
36,32.26650563607085,53.247450348899626,8.977455716586151,0.8856682769726248,2.737520128824477,1.6505636070853462,0.23483628556092323,,
37,32.46779388083736,52.97906602254428,8.977455716586151,1.0332796564680622,2.657004830917874,1.6505636070853462,0.23483628556092323,,
38,31.716317767042405,52.482555018786904,8.917069243156199,1.2077294685990339,3.9049919484702094,1.5365002683843263,0.23483628556092323,,
39,31.407675791733762,51.35534084809447,6.998121309715513,1.1876006441223832,7.27992485238862,1.5365002683843263,0.23483628556092323,,
40,31.38083735909823,48.993558776167475,6.998121309715513,1.1876006441223832,9.722222222222221,1.482823403113258,0.23483628556092323,,
41,30.300590445517983,48.21524422973698,5.676328502415459,0.95276435856146,12.097423510466989,1.4626945786366077,0.23483628556092323,1.0601180891035964,
42,29.71014492753623,41.94176060118089,9.219001610305957,0.6038647342995169,15.901771336553946,1.4626945786366077,0.23483628556092323,0.9259259259259259,
43,29.502147074610843,40.56629092860977,10.836017176596886,0.6038647342995169,15.868223295759528,1.4626945786366077,0.23483628556092323,0.9259259259259259,
44,29.488727858293075,38.53327965646806,10.34621578099839,0.6038647342995169,16.955179817498657,2.9119699409554483,0.23483628556092323,0.9259259259259259,
45,28.039452495974235,34.94363929146538,17.391304347826086,0.5501878690284487,15.029522275899087,2.885131508319914,0.23483628556092323,0.9259259259259259,
46,28.31454643048846,34.044551798174986,18.646001073537306,0.6172839506172839,14.533011272141707,2.885131508319914,0.03354804079441761,0.9259259259259259,
47,28.395061728395063,30.535426731078903,18.411164787976382,3.6902844873859366,14.935587761674718,2.885131508319914,0.03354804079441761,1.1137949543746646,
48,28.052871712292003,29.1935050993022,18.19645732689211,3.6902844873859366,16.492216854535695,3.227321524422974,0.03354804079441761,1.1137949543746646,
49,21.531132581857218,39.512882447665056,19.35721953837896,3.616478797638218,13.123993558776167,2.4490069779924855,0.03354804079441761,0.3757380568974772,
50,21.64519592055824,39.2914653784219,19.243156199677937,3.616478797638218,12.385936661298981,2.4490069779924855,0.03354804079441761,1.3352120236178207,
51,21.26274825550188,40.15700483091788,19.061996779388085,3.616478797638218,11.292270531400966,3.240740740740741,0.03354804079441761,1.3352120236178207,
52,21.4170692431562,38.91572732152442,18.45813204508857,3.5963499731615673,11.258722490606548,3.2206119162640903,0.03354804079441761,3.099838969404187,
53,21.182232957595275,36.05072463768116,18.169618894256576,3.307836822329576,15.136876006441224,3.2206119162640903,0.03354804079441761,2.898550724637681,
54,21.316425120772948,36.01717659688674,18.10252281266774,3.3011272141706924,15.123456790123457,3.207192699946323,0.03354804079441761,2.898550724637681,
55,15.935319377348362,47.18196457326892,16.82769726247987,3.2675791733762747,11.386205045625335,2.871712292002147,,2.5295222758990876,
56,16.029253891572733,47.16854535695116,16.780730005367687,3.3950617283950617,11.386205045625335,2.871712292002147,,2.368491680085883,
57,16.089640365002683,47.14170692431562,16.780730005367687,4.025764895330113,11.386205045625335,2.2074610842726785,,2.368491680085883,
58,16.378153515834676,46.47745571658615,16.76731078904992,3.911701556629093,11.345947396672035,2.7777777777777777,,2.341653247450349,
59,16.451959205582394,46.242619431025226,16.760601180891037,4.092860976918948,11.345947396672035,2.7643585614600106,,2.341653247450349,
60,16.10305958132045,44.900697799248526,15.042941492216855,4.367954911433173,14.88191089640365,2.7643585614600106,,1.9390767579173376,
61,16.035963499731615,44.71282877079979,15.304616210413311,3.797638217928073,14.88191089640365,2.4490069779924855,,2.818035426731079,
62,16.25738056897477,44.36392914653784,15.257648953301127,3.535963499731616,14.78797638217928,2.9790660225442833,,2.818035426731079,
63,16.358024691358025,43.94122383252818,14.566559312936125,3.5091250670960816,14.371980676328503,4.435050993022007,,2.818035426731079,
64,15.767579173376275,47.75228126677402,10.695115405260333,3.3682232957595275,13.439345142243694,3.92512077294686,,5.052334943639291,
65,15.942028985507246,47.477187332259795,10.695115405260333,3.488996242619431,13.43263553408481,3.92512077294686,,5.038915727321524,
66,16.0829307568438,47.42351046698873,10.674986580783683,3.488996242619431,13.399087493290391,3.8915727321524423,,5.038915727321524,
67,15.539452495974235,48.11460010735373,10.648148148148149,3.488996242619431,13.345410628019323,3.851315083199141,,5.01207729468599,
68,14.486044015029522,47.195383789586685,12.795222758990874,2.200751476113795,12.587224906065487,2.8515834675254963,,7.883789586688137,
69,14.620236178207193,46.95383789586688,12.74825550187869,2.3550724637681157,12.587224906065487,2.8515834675254963,,7.883789586688137,
70,14.821524422973699,46.89345142243693,12.74825550187869,2.3550724637681157,12.560386473429952,2.8515834675254963,,7.769726247987117,
71,14.982555018786902,46.833064949006975,12.734836285560924,2.3550724637681157,12.5,2.8515834675254963,,7.742887815351583,
72,15.136876006441224,46.69216317767042,12.533548040794418,2.341653247450349,12.432903918411165,2.8381642512077296,,8.024691358024691,
73,15.458937198067632,46.43719806763285,12.533548040794418,2.341653247450349,12.372517444981213,2.831454643048846,,8.024691358024691,
74,15.593129361245303,46.34997316156736,12.533548040794418,2.341653247450349,12.372517444981213,2.831454643048846,,7.977724100912507,
75,15.827965646806227,46.06816961889426,12.533548040794418,2.4825550187869028,12.318840579710145,2.8113258185721954,,7.957595276435856,
76,16.10305958132045,45.8064949006978,11.258722490606548,2.4825550187869028,13.580246913580247,2.8113258185721954,,7.957595276435856,
77,16.344605475040257,45.70585077831455,11.16478797638218,2.4490069779924855,13.56682769726248,2.8113258185721954,,7.957595276435856,
78,16.686795491143318,45.51798174986581,11.144659151905529,2.4490069779924855,13.727858293075684,2.791196994095545,,7.682501341921632,
79,16.6935050993022,43.894256575415994,11.144659151905529,4.066022544283414,13.727858293075684,2.791196994095545,,7.682501341921632,
80,16.586151368760063,43.39774557165862,11.144659151905529,4.066022544283414,14.378690284487385,2.791196994095545,,7.635534084809447,
81,16.881374127750938,42.62614063338701,11.124530327428879,4.696725711218465,14.345142243692969,2.791196994095545,,7.5348899624261945,
82,17.03569511540526,40.23752012882448,11.11111111111111,7.0450885668276975,14.244498121309716,2.791196994095545,,7.5348899624261945,
83,17.08937198067633,40.23752012882448,11.07085346215781,7.0450885668276975,14.231078904991948,2.791196994095545,,7.5348899624261945,
84,16.25067096081589,37.35238862050456,12.962962962962964,6.850509930220075,14.190821256038648,4.85775630703167,,7.5348899624261945,
85,15.982286634460548,36.963231347289316,15.183843263553408,6.850509930220075,12.869028448738593,4.616210413311863,,7.5348899624261945,
86,16.069511540526033,36.9296833064949,15.150295222758992,6.850509930220075,12.86231884057971,4.602791196994096,,7.5348899624261945,
87,15.921900161030596,36.90955448201825,16.841116478797638,6.843800322061192,11.741814278046162,4.562533548040794,,7.179280730005368,
88,16.076221148684915,36.65458937198068,16.841116478797638,6.964573268921095,11.741814278046162,4.542404723564144,,7.179280730005368,
89,16.183574879227052,35.98362855609233,16.814278046162105,6.468062265163715,12.842190016103059,4.528985507246377,,7.179280730005368,
90,15.599838969404187,34.01771336553945,20.632045088566827,6.260064412238325,13.170960815888352,3.113258185721954,,7.206119162640902,
91,14.841653247450349,33.45410628019324,21.631776704240472,7.595276435856146,12.177938808373591,3.113258185721954,,7.185990338164252,
92,15.076489533011273,33.360171765968865,21.531132581857218,7.581857219538379,12.151100375738057,3.113258185721954,,7.185990338164252,
93,15.069779924852389,32.79656468062265,21.517713365539453,6.474771873322598,13.841921631776705,3.113258185721954,,7.185990338164252,
94,15.250939345142244,32.6154052603328,21.517713365539453,6.474771873322598,13.841921631776705,3.113258185721954,,7.185990338164252,
95,14.40552871712292,31.582125603864736,23.91304347826087,6.474771873322598,13.788244766505636,2.932098765432099,,6.904186795491143,
96,15.049651100375739,31.4345142243693,23.416532474503487,6.474771873322598,13.788244766505636,2.932098765432099,,6.904186795491143,
97,15.331454643048845,31.253354804079443,23.349436392914654,6.474771873322598,13.788244766505636,2.9253891572732154,,6.877348362855609,
98,15.398550724637682,31.04535695115405,22.705314009661837,6.528448738593666,14.533011272141707,2.9119699409554483,,6.877348362855609,
99,15.485775630703166,31.04535695115405,22.65834675254965,6.481481481481482,14.962426194310252,2.9119699409554483,,6.454643048845948,
100,15.780998389694043,31.00509930220075,22.591250670960815,6.4345142243692965,14.834943639291465,2.898550724637681,,6.454643048845948,
101,15.827965646806227,30.743424584004295,22.537573805689746,6.535158346752549,14.439076757917338,2.898550724637681,,7.018250134192163,
102,15.874932903918411,30.723295759527645,22.537573805689746,6.535158346752549,14.412238325281804,2.898550724637681,,7.018250134192163,
103,15.975577026301664,30.62265163714439,22.537573805689746,6.535158346752549,14.412238325281804,2.898550724637681,,7.018250134192163,
104,16.035963499731615,30.535426731078903,22.470477724100913,6.4345142243692965,14.63365539452496,2.898550724637681,,6.991411701556629,
105,16.183574879227052,30.421363392377884,22.470477724100913,6.421095008051529,14.61352657004831,2.898550724637681,,6.991411701556629,
106,16.33118625872249,30.387815351583466,22.29602791196994,6.508319914117015,14.586688137412775,2.898550724637681,,6.991411701556629,
107,16.23725174449812,30.515297906602253,22.27589908749329,6.501610305958132,14.579978529253891,2.898550724637681,,6.991411701556629,
108,16.505636070853463,30.475040257648953,22.04777241009125,6.474771873322598,14.31159420289855,2.898550724637681,,7.286634460547504,
109,16.458668813741276,30.226784755770264,21.64519592055824,6.474771873322598,15.72061191626409,2.737520128824477,,6.736446591519055,
110,16.646537842190018,30.08588298443371,21.638486312399355,6.447933440687064,15.707192699946322,2.737520128824477,,6.736446591519055,
111,16.854535695115406,30.005367686527105,21.604938271604937,6.4412238325281805,15.68035426731079,2.7106816961889426,,6.702898550724638,
112,17.163177670424048,29.911433172302736,21.497584541062803,6.4412238325281805,15.579710144927537,2.7106816961889426,,6.696188942565755,
113,16.545893719806763,29.488727858293075,23.79898013955985,5.756843800322061,15.519323671497585,2.61003757380569,,6.280193236714976,
114,16.398282340311326,29.220343531937736,24.436392914653783,5.756843800322061,15.324745034889963,2.61003757380569,,6.253354804079442,
115,16.525764895330113,29.180085882984432,24.402844873859365,5.730005367686527,15.324745034889963,2.5831991411701556,,6.253354804079442,
116,16.445249597423512,28.817767042404725,26.241277509393452,5.615942028985507,14.096886741814279,2.5831991411701556,,6.199677938808374,
117,16.894793344068706,28.71712292002147,26.053408480944714,5.589103596349974,13.962694578636608,2.5831991411701556,,6.199677938808374,
118,16.478797638217927,26.7914653784219,26.006441223832528,5.508588298443371,16.431830381105744,2.5831991411701556,,6.199677938808374,
119,16.639828234031132,26.690821256038646,25.979602791196996,5.508588298443371,16.398282340311326,2.5831991411701556,,6.199677938808374,
120,16.445249597423512,26.140633387010197,26.96591519055287,5.495169082125604,16.317767042404725,2.442297369833602,,6.1929683306494905,
121,16.42512077294686,26.039989264626946,26.570048309178745,5.4616210413311865,16.31105743424584,2.442297369833602,,6.749865807836822,
122,16.606280193236714,26.006441223832528,26.496242619431026,5.441492216854535,16.25738056897477,2.442297369833602,,6.749865807836822,
123,16.700214707461082,25.87224906065486,26.48953301127214,5.360976918947934,16.109769189479334,2.442297369833602,0.28180354267310787,6.743156199677939,
124,16.867954911433173,25.831991411701555,26.422436929683307,5.320719269994632,16.109769189479334,2.4355877616747184,0.28180354267310787,6.729736983360172,
125,17.14975845410628,24.724906065485776,24.362587224906065,5.273752012882448,16.076221148684915,5.401234567901234,0.28180354267310787,6.729736983360172,
126,17.14975845410628,24.704777241009126,26.247987117552334,5.273752012882448,15.4723564143854,5.401234567901234,0.28180354267310787,5.46833064949007,
127,17.216854535695116,24.704777241009126,26.214439076757916,5.253623188405797,15.458937198067632,5.401234567901234,0.28180354267310787,5.46833064949007,
128,17.357756307031668,24.684648416532475,26.100375738056897,5.253623188405797,15.458937198067632,5.394524959742351,0.28180354267310787,5.46833064949007,
129,17.391304347826086,24.671229200214707,26.100375738056897,5.246913580246914,15.458937198067632,5.394524959742351,0.28180354267310787,5.4549114331723025,
130,17.67981749865808,24.630971551261407,25.986312399355878,5.152979066022544,15.445517981749866,5.394524959742351,0.28180354267310787,5.428073000536768,
131,17.901234567901234,24.52361782071927,25.811862587224905,5.300590445517981,15.418679549114332,5.367686527106817,0.28180354267310787,5.394524959742351,
132,17.98174986580784,24.46323134728932,25.234836285560924,5.287171229200215,16.17686527106817,5.367686527106817,0.28180354267310787,5.2066559312936125,
133,17.74020397208803,22.269189479334408,25.87224906065486,5.260332796564681,15.197262479871176,5.360976918947934,0.28180354267310787,8.017981749865807,
134,18.04884594739667,22.188674181427803,25.85212023617821,5.260332796564681,15.11003757380569,5.360976918947934,0.28180354267310787,7.897208803005904,
135,18.16290928609769,22.134997316156735,25.811862587224905,5.253623188405797,15.096618357487923,5.360976918947934,0.28180354267310787,7.897208803005904,
136,18.337359098228664,22.08132045088567,25.744766505636072,5.24020397208803,15.096618357487923,5.3274288781535155,0.28180354267310787,7.890499194847021,
137,18.364197530864196,22.054482018250134,25.744766505636072,5.24020397208803,15.096618357487923,5.3274288781535155,0.28180354267310787,7.890499194847021,
138,17.357756307031668,20.86688137412775,28.361513687600645,5.22007514761138,13.217928073000536,4.3478260869565215,0.28180354267310787,10.34621578099839,
139,17.431561996779386,20.86688137412775,28.33467525496511,5.2066559312936125,13.191089640365004,4.3478260869565215,0.28180354267310787,10.339506172839506,
140,17.49194847020934,20.833333333333332,28.31454643048846,5.2066559312936125,13.18438003220612,4.3478260869565215,0.28180354267310787,10.339506172839506,
141,17.518786902844873,20.833333333333332,28.31454643048846,5.2066559312936125,13.157541599570585,4.3478260869565215,0.28180354267310787,10.339506172839506,
142,17.673107890499196,20.79307568438003,28.23403113258186,5.173107890499195,13.157541599570585,4.3478260869565215,0.28180354267310787,10.339506172839506,
143,17.840848094471284,20.74610842726785,28.227321524422972,5.173107890499195,13.117283950617283,4.327697262479871,0.28180354267310787,10.285829307568438,
144,17.941492216854535,20.685721953837895,28.227321524422972,5.173107890499195,13.09044551798175,4.327697262479871,0.28180354267310787,10.272410091250672,
145,17.793880837359097,20.088566827697264,28.10654857756307,5.173107890499195,13.077026301663983,5.2066559312936125,0.28180354267310787,10.272410091250672,
146,17.98845947396672,20.034889962426195,28.032742887815353,5.166398282340311,13.063607085346217,5.199946323134729,0.28180354267310787,10.23215244229737,
147,18.136070853462158,20.034889962426195,27.999194847020934,5.0858829844337095,13.063607085346217,5.199946323134729,0.28180354267310787,10.198604401502953,
148,18.397745571658614,20.00805152979066,27.83816425120773,5.0858829844337095,12.989801395598498,5.199946323134729,0.28180354267310787,10.198604401502953,
149,15.901771336553946,32.30005367686527,24.060654857756308,5.072463768115942,8.299785292538916,5.199946323134729,0.28180354267310787,8.883521202361782,
150,15.136876006441224,30.387815351583466,24.040526033279658,4.62962962962963,8.299785292538916,8.487654320987655,0.28180354267310787,8.735909822866345,
151,15.217391304347826,30.334138486312398,24.020397208803004,4.5960815888352125,9.628287707997853,8.447396672034353,0.28180354267310787,7.474503488996243,
152,15.28448738593666,30.293880837359097,23.993558776167472,4.5960815888352125,9.628287707997853,8.447396672034353,0.28180354267310787,7.474503488996243,
153,15.425389157273216,30.253623188405797,23.95330112721417,4.5893719806763285,9.628287707997853,8.427267847557703,0.28180354267310787,7.440955448201825,
154,15.666935050993022,30.17981749865808,23.926462694578635,4.575952764358561,9.588030059044552,8.380300590445518,0.28180354267310787,7.4006977992485234,
155,15.526033279656469,29.21363392377885,23.899624261943103,4.30756843800322,9.520933977455716,9.923510466988727,0.28180354267310787,7.326892109500805,
156,15.660225442834138,29.11969940955448,23.866076221148685,4.30756843800322,9.514224369296834,9.923510466988727,0.28180354267310787,7.326892109500805,
157,15.881642512077295,29.03918411164788,23.74530327428878,4.30756843800322,9.494095544820183,9.923510466988727,0.28180354267310787,7.326892109500805,
158,16.06280193236715,28.938539989264626,23.711755233494365,4.30756843800322,9.480676328502415,9.923510466988727,0.28180354267310787,7.2933440687063875,
159,15.613258185721953,28.75067096081589,22.356414385399894,4.2203435319377345,11.574074074074074,9.916800858829845,0.28180354267310787,7.286634460547504,
160,15.895061728395062,28.723832528180353,22.17525496511004,4.200214707461084,11.553945249597424,9.916800858829845,0.28180354267310787,7.253086419753086,
161,15.814546430488459,28.08641975308642,21.70558239398819,4.193505099302201,11.553945249597424,9.916800858829845,0.28180354267310787,8.447396672034353,
162,15.83467525496511,27.979066022544284,21.67874396135266,4.193505099302201,11.43317230273752,9.916800858829845,0.5166398282340311,8.447396672034353,
163,16.0426731078905,27.932098765432098,21.64519592055824,4.193505099302201,11.366076221148685,9.86983360171766,0.5166398282340311,8.433977455716587,
164,16.21712292002147,27.891841116478798,21.544551798174986,4.193505099302201,11.366076221148685,9.86983360171766,0.5166398282340311,8.400429414922169,
165,16.512345679012345,27.455716586151368,21.524422973698336,4.468599033816425,11.29898013955985,9.86983360171766,0.5166398282340311,8.353462157809984,
166,17.04911433172303,27.3215244229737,21.24932903918411,4.468599033816425,11.218464841653248,9.86983360171766,0.48980139559849706,8.333333333333334,
167,17.337627482555018,27.294685990338163,21.101717659688674,4.468599033816425,11.218464841653248,9.856414385399892,0.48980139559849706,8.232689210950081,
168,17.2638217928073,26.73107890499195,21.75925925925926,4.468599033816425,10.789049919484702,9.078099838969404,0.5971551261406334,9.312936124530328,
169,17.317498658078367,26.590177133655395,21.578099838969404,4.797369833601718,10.768921095008052,9.05126140633387,0.5971551261406334,9.29951690821256,
170,17.49194847020934,26.50295222758991,21.531132581857218,4.797369833601718,10.735373054213634,9.044551798174986,0.5971551261406334,9.29951690821256,
171,17.579173376274827,26.482823403113258,21.531132581857218,4.797369833601718,10.7085346215781,9.044551798174986,0.5971551261406334,9.25925925925926,
172,17.632850241545892,26.442565754159958,21.26274825550188,4.797369833601718,11.225174449812132,8.910359634997317,0.5971551261406334,9.131776704240472,
173,17.834138486312398,26.341921631776703,21.20907139023081,4.797369833601718,11.198336017176597,8.910359634997317,0.5971551261406334,9.111647879763822,
174,17.995169082125603,26.288244766505635,21.155394524959743,4.797369833601718,11.16478797638218,8.890230810520666,0.5971551261406334,9.111647879763822,
175,17.693236714975846,26.08695652173913,21.712292002147073,4.797369833601718,11.11111111111111,8.890230810520666,0.5971551261406334,9.111647879763822,
176,17.767042404723565,25.87224906065486,21.638486312399355,4.730273752012883,11.560654857756306,8.742619431025227,0.5971551261406334,9.091519055287172,
177,17.860976918947934,25.83870101986044,21.604938271604937,4.730273752012883,11.560654857756306,8.742619431025227,0.5971551261406334,9.064680622651638,
178,17.21014492753623,25.308641975308642,22.396672034353195,5.139559849704777,11.560654857756306,8.722490606548577,0.5971551261406334,9.064680622651638,
179,17.431561996779386,25.254965110037574,22.282608695652176,5.139559849704777,11.533816425120772,8.722490606548577,0.5971551261406334,9.037842190016104,
180,17.632850241545892,25.181159420289855,22.17525496511004,5.132850241545894,11.533816425120772,8.709071390230811,0.5971551261406334,9.037842190016104,
181,17.96833064949007,25.0402576489533,22.128287707997853,5.045625335480408,11.520397208803006,8.662104133118627,0.5971551261406334,9.037842190016104,
182,18.19645732689211,24.792002147074612,22.128287707997853,5.045625335480408,11.3593666129898,9.198872785829307,0.3757380568974772,8.903650026838433,
183,18.256843800322063,24.785292538915726,22.12157809983897,5.045625335480408,11.3593666129898,9.16532474503489,0.3757380568974772,8.890230810520666,
184,18.38432635534085,24.751744498121308,22.094739667203434,5.018786902844874,11.325818572195384,9.16532474503489,0.3757380568974772,8.883521202361782,
185,18.451422436929683,24.751744498121308,22.094739667203434,4.998658078368224,11.325818572195384,9.151905528717123,0.3757380568974772,8.849973161567364,
186,17.840848094471284,24.168008588298445,21.22249060654858,4.924852388620504,12.795222758990874,9.151905528717123,0.3757380568974772,9.520933977455716,
187,17.834138486312398,24.376006441223833,21.18894256575416,4.911433172302737,12.661030595813205,9.151905528717123,0.3757380568974772,9.500805152979066,
188,18.015297906602253,24.322329575952764,21.108427267847556,4.891304347826087,12.661030595813205,9.125067096081589,0.3757380568974772,9.500805152979066,
189,18.256843800322063,24.282071926999464,20.974235104669887,4.891304347826087,12.614063338701019,9.104938271604938,0.3757380568974772,9.500805152979066,
190,18.4447128287708,24.154589371980677,20.94068706387547,4.891304347826087,12.587224906065487,9.104938271604938,0.3757380568974772,9.500805152979066,
191,18.659420289855074,24.013687600644122,20.813204508856682,4.891304347826087,12.473161567364466,9.064680622651638,0.3757380568974772,9.708803005904455,
192,18.572195383789587,23.101180891035963,20.719269994632313,5.8239398819108965,12.406065485775631,9.292807300053678,0.3757380568974772,9.708803005904455,
193,18.766774020397207,22.973698336017176,20.658883521202362,5.958132045088567,12.392646269457863,9.212292002147075,0.3757380568974772,9.66183574879227,
194,18.894256575415994,22.913311862587225,20.611916264090176,5.958132045088567,12.392646269457863,9.192163177670425,0.3757380568974772,9.66183574879227,
195,19.048577563070317,22.913311862587225,20.611916264090176,5.931293612453032,12.285292538915728,9.172034353193773,0.3757380568974772,9.66183574879227,
196,19.410896403650028,22.75228126677402,20.517981749865807,5.917874396135265,12.27187332259796,9.125067096081589,0.3421900161030596,9.66183574879227,
197,19.464573268921097,22.73886205045625,20.517981749865807,5.917874396135265,12.27187332259796,9.098228663446054,0.3421900161030596,9.648416532474503,
198,17.290660225442835,17.45169082125604,18.438003220611915,5.112721417069243,23.1682769726248,9.084809447128288,0.3421900161030596,9.111647879763822,
199,17.317498658078367,17.45169082125604,18.276972624798713,5.112721417069243,22.77241009125067,9.024422973698336,0.3421900161030596,9.581320450885668,0.12077294685990338
200,17.351046698872786,17.37788513150832,18.337359098228664,5.273752012882448,22.77241009125067,8.849973161567364,0.3421900161030596,9.574610842726784,0.12077294685990338
201,17.652979066022546,17.324208266237253,18.276972624798713,5.267042404723564,22.638217928073,8.809715512614064,0.3421900161030596,9.574610842726784,0.11406333870101985
202,17.867686527106816,17.277241009125067,18.270263016639827,5.267042404723564,22.48389694041868,8.809715512614064,0.3421900161030596,9.567901234567902,0.11406333870101985
203,17.975040257648953,17.2638217928073,18.23671497584541,5.186527106816962,22.457058507783145,8.890230810520666,0.3421900161030596,9.534353193773484,0.11406333870101985
204,18.06226516371444,17.257112184648417,18.19645732689211,5.186527106816962,22.430220075147613,8.883521202361782,0.3421900161030596,9.5276435856146,0.11406333870101985
205,18.183038110574344,17.216854535695116,18.02871712292002,5.152979066022544,22.5577026301664,8.876811594202898,0.3421900161030596,9.5276435856146,0.11406333870101985
206,18.344068706387546,17.136339237788512,17.961621041331185,5.152979066022544,22.5577026301664,8.876811594202898,0.32877079978529256,9.5276435856146,0.11406333870101985
207,18.659420289855074,17.11621041331186,17.66639828234031,5.10601180891036,22.61808910359635,8.876811594202898,0.32877079978529256,9.514224369296834,0.11406333870101985
208,18.84728931830381,17.11621041331186,17.579173376274827,5.10601180891036,22.52415458937198,8.870101986044014,0.32877079978529256,9.514224369296834,0.11406333870101985
209,18.927804616210413,17.09608158883521,17.53220611916264,5.10601180891036,22.510735373054214,8.870101986044014,0.32877079978529256,9.514224369296834,0.11406333870101985
210,19.061996779388085,17.08937198067633,17.53220611916264,5.0858829844337095,22.436929683306495,8.836553945249598,0.32877079978529256,9.514224369296834,0.11406333870101985
211,19.196188942565755,16.834406870638755,17.52549651100376,5.300590445517981,22.36983360171766,8.816425120772946,0.32877079978529256,9.514224369296834,0.11406333870101985
212,19.343800322061192,16.82769726247987,17.478529253891573,5.287171229200215,22.322866344605476,8.816425120772946,0.32877079978529256,9.480676328502415,0.11406333870101985
213,19.504830917874397,16.82769726247987,17.37788513150832,5.287171229200215,22.19538378958669,8.76274825550188,0.32877079978529256,9.601449275362318,0.11406333870101985
214,19.57192699946323,16.82769726247987,17.351046698872786,5.287171229200215,22.15512614063339,8.76274825550188,0.32877079978529256,9.601449275362318,0.11406333870101985
215,19.598765432098766,16.814278046162105,17.351046698872786,5.280461621041331,22.15512614063339,8.756038647342995,0.32877079978529256,9.601449275362318,0.11406333870101985
216,19.766505636070853,16.75389157273215,17.351046698872786,5.280461621041331,22.134997316156735,8.702361782071927,0.32877079978529256,9.567901234567902,0.11406333870101985
217,19.97450348899624,16.71363392377885,17.337627482555018,5.280461621041331,22.08132045088567,8.635265700483092,0.38915727321524424,9.473966720343531,0.11406333870101985
218,20.04830917874396,16.680085882984432,17.337627482555018,5.273752012882448,22.04777241009125,8.635265700483092,0.38915727321524424,9.473966720343531,0.11406333870101985
219,20.128824476650564,16.63311862587225,17.3040794417606,5.273752012882448,22.04777241009125,8.635265700483092,0.38915727321524424,9.473966720343531,0.11406333870101985
220,20.21604938271605,16.61969940955448,17.3040794417606,5.246913580246914,21.89345142243693,8.588298443370908,0.2952227589908749,9.722222222222221,0.11406333870101985
221,20.283145464304884,16.61969940955448,17.270531400966185,5.246913580246914,21.87332259796028,8.588298443370908,0.2952227589908749,9.708803005904455,0.11406333870101985
222,20.075147611379496,16.10305958132045,17.257112184648417,5.246913580246914,22.67176596886742,8.588298443370908,0.2952227589908749,9.648416532474503,0.11406333870101985
223,20.283145464304884,16.09634997316157,17.176596886741816,5.246913580246914,22.584541062801932,8.568169618894256,0.2952227589908749,9.634997316156737,0.11406333870101985
224,20.39049919484702,15.854804079441761,16.834406870638755,5.246913580246914,22.584541062801932,8.568169618894256,0.2952227589908749,10.111379495437467,0.11406333870101985
225,20.491143317230275,15.827965646806227,16.794149221685455,5.246913580246914,22.550993022007514,8.568169618894256,0.2952227589908749,10.111379495437467,0.11406333870101985
226,20.658883521202362,15.827965646806227,16.794149221685455,5.246913580246914,22.416800858829845,8.55475040257649,0.2952227589908749,10.091250670960816,0.11406333870101985
227,20.759527643585614,15.827965646806227,16.76731078904992,5.246913580246914,22.356414385399894,8.55475040257649,0.2952227589908749,10.077831454643048,0.11406333870101985
228,20.71256038647343,15.814546430488459,16.720343531937736,5.246913580246914,22.29602791196994,8.360171765968868,0.2952227589908749,10.44015029522276,0.11406333870101985
229,20.799785292538918,15.780998389694043,16.774020397208805,5.226784755770263,22.262479871175522,8.333333333333334,0.2952227589908749,10.413311862587225,0.11406333870101985
230,21.16881374127751,15.70048309178744,16.686795491143318,5.146269457863661,22.20209339774557,8.32662372517445,0.28180354267310787,10.373054213633925,0.11406333870101985
231,21.3768115942029,15.660225442834138,16.6532474503489,5.146269457863661,22.148416532474503,8.32662372517445,0.28180354267310787,10.292538915727322,0.11406333870101985
232,21.631776704240472,15.633387010198604,16.59286097691895,5.146269457863661,22.054482018250134,8.3064949006978,0.28180354267310787,10.238862050456254,0.11406333870101985
233,21.772678475577028,15.58641975308642,16.57944176060118,5.213365539452496,22.0276435856146,8.246108427267847,0.28180354267310787,10.178475577026301,0.11406333870101985
234,21.967257112184647,15.566290928609769,16.478797638217927,5.314009661835748,21.994095544820183,8.158883521202362,0.28180354267310787,10.124798711755233,0.11406333870101985
235,22.108158883521202,15.566290928609769,16.458668813741276,5.300590445517981,21.987385936661298,8.091787439613526,0.28180354267310787,10.091250670960816,0.11406333870101985
236,22.20209339774557,15.559581320450885,16.398282340311326,5.293880837359098,21.987385936661298,8.071658615136876,0.28180354267310787,10.091250670960816,0.11406333870101985
237,22.33628556092324,15.519323671497585,16.371443907675793,5.260332796564681,21.953837895866883,8.071658615136876,0.28180354267310787,10.091250670960816,0.11406333870101985
238,22.624798711755233,15.4723564143854,16.29092860976919,5.260332796564681,21.826355340848096,8.038110574342458,0.28180354267310787,10.091250670960816,0.11406333870101985
239,22.644927536231883,15.458937198067632,16.29092860976919,5.293880837359098,21.79951690821256,8.031400966183575,0.28180354267310787,10.084541062801932,0.11406333870101985
240,22.685185185185187,15.26435856146001,16.29092860976919,5.589103596349974,21.77938808373591,7.9106280193236715,0.28180354267310787,10.084541062801932,0.11406333870101985
241,22.725442834138487,15.26435856146001,16.25067096081589,5.589103596349974,21.410359634997317,7.9106280193236715,0.28180354267310787,10.084541062801932,0.4830917874396135
242,22.832796564680624,15.257648953301127,16.243961352657006,5.5689747718733225,21.390230810520666,7.890499194847021,0.28180354267310787,10.050993022007514,0.4830917874396135
243,22.973698336017176,15.257648953301127,16.210413311862588,5.5689747718733225,21.34326355340848,7.87037037037037,0.28180354267310787,10.017444981213098,0.47638217928073
244,23.09447128287708,15.257648953301127,16.210413311862588,5.535426731078905,21.26274825550188,7.863660762211487,0.28180354267310787,10.017444981213098,0.47638217928073
245,22.745571658615138,14.452495974235104,16.210413311862588,5.293880837359098,21.215780998389693,9.312936124530328,0.28180354267310787,10.010735373054214,0.47638217928073
246,22.86634460547504,14.452495974235104,16.210413311862588,5.293880837359098,21.155394524959743,9.286097691894794,0.28180354267310787,9.98389694041868,0.46967257112184646
247,22.973698336017176,14.452495974235104,16.210413311862588,5.293880837359098,21.121846484165324,9.286097691894794,0.28180354267310787,9.91009125067096,0.46967257112184646
248,23.221953837895867,14.338432635534085,16.183574879227052,5.287171229200215,21.061460010735374,9.286097691894794,0.28180354267310787,9.86983360171766,0.46967257112184646
249,23.443370907139023,14.298174986580785,16.183574879227052,5.287171229200215,20.933977455716587,9.286097691894794,0.28180354267310787,9.816156736446592,0.46967257112184646
250,23.47691894793344,14.264626945786366,16.163446054750402,5.280461621041331,20.933977455716587,9.098228663446054,0.28180354267310787,10.030864197530864,0.46967257112184646
251,23.523886205045624,14.257917337627482,16.163446054750402,5.280461621041331,20.9272678475577,9.064680622651638,0.28180354267310787,10.030864197530864,0.46967257112184646
252,23.577563070316693,14.217659688674182,16.163446054750402,5.280461621041331,20.913848631239937,9.064680622651638,0.28180354267310787,10.030864197530864,0.46967257112184646
253,23.711755233494365,14.17740203972088,16.1231884057971,5.273752012882448,20.913848631239937,9.037842190016104,0.28180354267310787,10.010735373054214,0.46967257112184646
254,24.02710681696189,14.123725174449811,16.0426731078905,5.267042404723564,20.7662372517445,9.01100375738057,0.28180354267310787,10.010735373054214,0.46967257112184646
255,24.134460547504027,14.096886741814279,16.002415458937197,5.267042404723564,20.759527643585614,8.977455716586151,0.28180354267310787,10.010735373054214,0.46967257112184646
256,24.268652710681696,14.096886741814279,15.982286634460548,5.267042404723564,20.67230273752013,8.977455716586151,0.28180354267310787,9.98389694041868,0.46967257112184646
257,24.48336017176597,14.096886741814279,15.955448201825014,5.267042404723564,20.585077831454644,8.903650026838433,0.28180354267310787,9.957058507783145,0.46967257112184646
258,24.86580783682233,14.009661835748792,15.92860976918948,5.24020397208803,20.38378958668814,8.903650026838433,0.28180354267310787,9.916800858829845,0.46967257112184646
259,25.0,14.009661835748792,15.908480944712828,5.24020397208803,20.38378958668814,8.829844337090714,0.28180354267310787,9.876543209876543,0.46967257112184646
260,25.09393451422437,14.002952227589908,15.767579173376275,5.233494363929147,20.50456253354804,8.796296296296296,0.28180354267310787,9.849704777241008,0.46967257112184646
261,24.235104669887278,12.801932367149758,19.384057971014492,4.898013955984971,20.705850778314545,7.87037037037037,0.28180354267310787,9.353193773483628,0.46967257112184646
262,24.355877616747183,12.795222758990874,19.330381105743424,4.898013955984971,20.645464304884594,7.87037037037037,0.28180354267310787,9.353193773483628,0.46967257112184646
263,24.4699409554482,12.694578636607622,19.310252281266774,4.951690821256038,20.591787439613526,7.877079978529254,0.28180354267310787,9.353193773483628,0.46967257112184646
264,24.194847020933977,11.969940955448202,19.26328502415459,4.770531400966184,20.531400966183575,9.205582393988191,0.28180354267310787,9.312936124530328,0.46967257112184646
265,24.02710681696189,11.956521739130435,19.0955448201825,4.730273752012883,20.41062801932367,9.742351046698873,0.28180354267310787,9.286097691894794,0.46967257112184646
266,24.18142780461621,11.896135265700483,19.068706387546968,4.730273752012883,20.343531937734838,9.742351046698873,0.28180354267310787,9.286097691894794,0.46967257112184646
267,24.235104669887278,11.896135265700483,19.061996779388085,4.730273752012883,20.33011272141707,9.71551261406334,0.28180354267310787,9.27938808373591,0.46967257112184646
268,24.3894256575416,11.882716049382717,19.0552871712292,4.696725711218465,20.175791733762747,9.997316156736447,0.28180354267310787,9.05126140633387,0.46967257112184646
269,24.510198604401502,11.882716049382717,19.0552871712292,4.676596886741814,20.142243692968332,9.970477724100913,0.28180354267310787,9.01100375738057,0.46967257112184646
270,24.55716586151369,11.882716049382717,19.04186795491143,4.676596886741814,20.135534084809446,9.96376811594203,0.28180354267310787,8.99087493290392,0.46967257112184646
271,24.90606548577563,11.882716049382717,18.746645195920557,4.676596886741814,20.135534084809446,9.91009125067096,0.28180354267310787,8.99087493290392,0.46967257112184646
272,25.07380568974772,11.882716049382717,18.71309715512614,4.643048845947397,20.061728395061728,9.883252818035427,0.28180354267310787,8.99087493290392,0.46967257112184646
273,25.11406333870102,11.882716049382717,18.69296833064949,4.643048845947397,20.04830917874396,9.876543209876543,0.28180354267310787,8.99087493290392,0.46967257112184646
274,25.187869028448738,11.876006441223833,18.397745571658614,4.5893719806763285,19.847020933977454,10.413311862587225,0.28180354267310787,8.93719806763285,0.46967257112184646
275,25.563607085346217,11.688137412775093,18.391035963499732,4.5893719806763285,19.726247987117553,10.379763821792807,0.28180354267310787,8.910359634997317,0.46967257112184646
276,25.5703166935051,11.708266237251744,18.38432635534085,4.582662372517445,19.726247987117553,10.36634460547504,0.28180354267310787,8.910359634997317,0.46967257112184646
