,45,50,55,51,54,53,52,58,56,57,59
0,83.09849704777241,16.57944176060118,0.322061191626409,,,,,,,,
1,80.42807300053677,19.249865807836823,0.322061191626409,,,,,,,,
2,74.50348899624262,25.174449812130973,0.322061191626409,,,,,,,,
3,74.53032742887815,25.147611379495437,0.322061191626409,,,,,,,,
4,68.46484165324745,31.105743424584006,0.4294149221685454,,,,,,,,
5,68.50509930220075,31.0654857756307,0.4294149221685454,,,,,,,,
6,58.293075684380035,41.0426731078905,0.6642512077294686,,,,,,,,
7,53.44202898550725,37.97638217928073,0.322061191626409,7.96430488459474,0.2952227589908749,,,,,,
8,53.207192699946326,37.754965110037574,0.322061191626409,7.306763285024155,0.2952227589908749,1.1137949543746646,,,,,
9,53.42190016103059,37.513419216317764,0.4562533548040794,7.199409554482019,0.2952227589908749,1.1137949543746646,,,,,
10,53.58964036500269,37.0504562533548,0.7514761137949544,7.199409554482019,0.2952227589908749,1.1137949543746646,,,,,
11,53.67015566290929,36.91626409017714,0.8521202361782072,7.1725711218464845,0.2952227589908749,1.093666129898014,,,,,
12,53.56280193236715,34.024422973698336,0.8521202361782072,10.171765968867419,0.2952227589908749,1.093666129898014,,,,,
13,49.86580783682233,38.868760064412236,0.9997316156736447,8.984165324745035,0.2952227589908749,0.9863123993558777,,,,,
14,46.443907675791735,42.290660225442835,0.9997316156736447,8.984165324745035,0.2952227589908749,0.9863123993558777,,,,,
15,46.24932903918411,41.86124530327429,1.221148684916801,9.225711218464841,0.4294149221685454,1.0131508319914118,,,,,
16,46.2962962962963,40.89506172839506,1.221148684916801,9.212292002147075,0.4294149221685454,1.0131508319914118,0.9326355340848095,,,,
17,45.04830917874396,40.60654857756307,1.221148684916801,10.748792270531402,0.4294149221685454,1.0131508319914118,0.9326355340848095,,,,
18,43.484970477724104,38.66747181964573,1.0534084809447128,14.432367149758454,0.4294149221685454,1.0131508319914118,0.9192163177670424,,,,
19,41.88137412775094,36.66800858829844,1.2681159420289856,17.820719269994633,0.4294149221685454,1.0131508319914118,0.9192163177670424,,,,
20,41.83440687063875,36.292270531400966,1.2681159420289856,17.800590445517983,0.8722490606548577,1.0131508319914118,0.9192163177670424,,,,
21,41.53918411164788,36.14465915190553,1.6639828234031133,17.59259259259259,0.8722490606548577,1.2681159420289856,0.9192163177670424,,,,
22,38.45276435856146,39.680622651637144,1.6304347826086956,17.176596886741816,0.8722490606548577,1.2681159420289856,0.9192163177670424,,,,
23,38.479602791196996,39.660493827160494,1.6841116478797638,17.11621041331186,0.8722490606548577,1.2681159420289856,0.9192163177670424,,,,
24,36.89613526570049,41.26409017713365,1.6841116478797638,17.10950080515298,0.8588298443370908,1.2681159420289856,0.9192163177670424,,,,
25,33.73590982286635,41.87466451959206,1.6841116478797638,18.733225979602793,0.8588298443370908,1.5901771336553945,1.5230810520665594,,,,
26,33.93048845947396,41.706924315619965,1.6841116478797638,18.719806763285025,0.8588298443370908,1.5767579173376274,1.5230810520665594,,,,
27,31.635802469135804,44.04857756307032,1.6841116478797638,18.686258722490606,0.8588298443370908,1.5633387010198605,1.5230810520665594,,,,
28,28.5426731078905,46.081588835212024,1.6841116478797638,19.847020933977454,0.7581857219538379,1.5633387010198605,1.5230810520665594,,,,
29,22.852925389157274,58.28636607622115,2.563070316693505,14.204240472356414,1.1003757380568975,0.798443370907139,0.19457863660762212,,,,
30,22.879763821792807,57.14573268921095,2.5563607085346214,13.90901771336554,2.7241009125067097,0.5904455179817498,0.19457863660762212,,,,
31,22.86634460547504,54.2337627482555,2.522812667740204,13.841921631776705,2.7241009125067097,0.5904455179817498,3.2206119162640903,,,,
32,22.98040794417606,53.87144390767579,2.623456790123457,14.80810520665593,1.247987117552335,1.247987117552335,3.2206119162640903,,,,
33,22.913311862587225,49.53703703703704,2.623456790123457,18.927804616210413,1.1272141706924315,1.6505636070853462,3.2206119162640903,,,,
34,22.933440687063875,49.443102522812666,2.6167471819645733,18.5252281266774,1.1137949543746646,1.5633387010198605,3.8043478260869565,,,,
35,22.33628556092324,47.416800858829845,2.636876006441224,18.4447128287708,1.1137949543746646,4.247181964573269,3.8043478260869565,,,,
36,22.16183574879227,46.99409554482018,2.636876006441224,19.068706387546968,1.0869565217391304,4.247181964573269,3.8043478260869565,,,,
37,22.000805152979066,41.95517981749866,2.677133655394525,19.02173913043478,1.0332796564680622,9.50751476113795,3.8043478260869565,,,,
38,22.054482018250134,41.92163177670424,2.677133655394525,19.02173913043478,1.0332796564680622,9.4873859366613,3.8043478260869565,,,,
39,20.44417606011809,40.37842190016103,2.677133655394525,23.067632850241544,0.9057971014492754,9.306226516371444,3.2206119162640903,,,,
40,19.685990338164252,38.84192163177671,2.844873859366613,28.435319377348364,0.9057971014492754,9.091519055287172,0.19457863660762212,,,,
41,19.732957595276435,37.9092860976919,2.844873859366613,29.361245303274288,0.9057971014492754,9.05126140633387,0.19457863660762212,,,,
42,14.754428341384862,43.51180891035963,2.844873859366613,28.992216854535695,0.9057971014492754,8.796296296296296,0.19457863660762212,,,,
43,14.801395598497047,43.25684380032206,2.844873859366613,28.33467525496511,0.8655394524959742,7.595276435856146,1.9592055823939882,0.3421900161030596,,,
44,14.949006977992486,43.18974771873322,2.844873859366613,28.153515834675254,0.8655394524959742,7.595276435856146,1.9592055823939882,0.3421900161030596,0.10064412238325282,,
45,14.687332259796028,41.56602254428341,2.5161030595813205,27.596618357487923,0.5636070853462157,7.601986044015029,5.025496511003757,0.3421900161030596,0.10064412238325282,,
46,14.600107353730541,41.2842190016103,2.5161030595813205,25.006709608158882,0.5636070853462157,7.601986044015029,7.930756843800322,0.3421900161030596,0.15432098765432098,,
47,14.660493827160494,39.50617283950617,2.5161030595813205,24.9194847020934,0.5636070853462157,9.440418679549115,7.930756843800322,0.30864197530864196,0.15432098765432098,,
48,14.620236178207193,35.05099302200752,2.462426194310252,28.348094471282877,3.81105743424584,7.347020933977456,7.897208803005904,0.30864197530864196,0.15432098765432098,,
49,14.673913043478262,35.017444981213096,2.462426194310252,29.260601180891037,3.7909286097691894,7.347020933977456,6.984702093397746,0.30864197530864196,0.15432098765432098,,
50,14.855072463768115,34.99060654857756,2.462426194310252,29.106280193236714,3.7909286097691894,7.347020933977456,6.984702093397746,0.30864197530864196,0.15432098765432098,,
51,15.049651100375739,34.90338164251208,2.462426194310252,27.979066022544284,3.7909286097691894,7.347020933977456,8.004562533548041,0.30864197530864196,0.15432098765432098,,
52,14.727589908749328,34.35319377348363,2.4691358024691357,28.864734299516908,4.703435319377348,7.347020933977456,7.071926999463232,0.30864197530864196,0.15432098765432098,,
53,14.660493827160494,34.49409554482018,2.4691358024691357,28.797638217928075,4.703435319377348,7.347020933977456,7.071926999463232,0.30864197530864196,0.14761137949543746,,
54,14.754428341384862,34.49409554482018,2.4691358024691357,28.77079978529254,4.656468062265164,7.326892109500805,7.071926999463232,0.30864197530864196,0.14761137949543746,,
55,14.834943639291465,34.48067632850242,2.703972088030059,28.475577026301664,4.64975845410628,7.326892109500805,7.071926999463232,0.30864197530864196,0.14761137949543746,,
56,14.841653247450349,34.49409554482018,2.757648953301127,27.63016639828234,4.62962962962963,8.21256038647343,7.03166935050993,0.30864197530864196,0.0939345142243693,,
57,14.99597423510467,34.42699946323135,2.757648953301127,27.542941492216855,4.62962962962963,8.21256038647343,7.03166935050993,0.30864197530864196,0.0939345142243693,,
58,14.928878153515834,34.19887278582931,2.7442297369833604,29.11969940955448,4.569243156199678,8.21256038647343,5.917874396135265,0.30864197530864196,,,
59,14.251207729468598,32.139023081052066,2.341653247450349,27.22758990874933,5.790391841116479,12.050456253354804,5.891035963499732,0.30864197530864196,,,
60,13.003220611916264,19.565217391304348,2.006172839506173,42.88781535158347,4.85775630703167,11.674718196457327,5.6964573268921095,0.30864197530864196,,,
61,13.09044551798175,19.55179817498658,2.006172839506173,42.84755770263017,4.851046698872786,11.647879763821793,5.6964573268921095,0.30864197530864196,,,
62,13.211218464841654,19.55179817498658,1.9927536231884058,42.81400966183575,4.851046698872786,11.60762211486849,5.662909286097692,0.30864197530864196,,,
63,12.781803542673108,16.646537842190018,2.4154589371980677,40.324745034889965,4.4753086419753085,9.205582393988191,14.096886741814279,0.05367686527106817,,,
64,12.446323134728932,15.76086956521739,2.3483628556092326,47.54428341384863,3.7573805689747717,6.588835212023618,11.500268384326356,0.05367686527106817,,,
65,12.473161567364466,15.747450348899624,2.3483628556092326,47.53086419753087,3.7573805689747717,6.588835212023618,11.500268384326356,0.05367686527106817,,,
66,12.634192163177671,15.747450348899624,2.4691358024691357,45.249597423510465,5.83064949006978,6.575415995705851,11.439881910896403,0.05367686527106817,,,
67,12.674449812130971,15.747450348899624,2.4691358024691357,44.95437466451959,6.099033816425121,6.568706387546968,11.345947396672035,0.05367686527106817,,0.08722490606548577,
68,12.47987117552335,15.599838969404187,2.4691358024691357,42.09608158883521,6.099033816425121,6.568706387546968,14.546430488459475,0.05367686527106817,,0.08722490606548577,
69,12.701288244766506,15.579710144927537,2.4221685453569513,41.99543746645196,6.099033816425121,6.561996779388084,14.40552871712292,0.04696725711218465,,0.1878690284487386,
70,12.546967257112184,12.352388620504563,2.395330112721417,45.94068706387547,6.085614600107354,6.541867954911433,13.687600644122384,0.04696725711218465,0.2147074610842727,0.1878690284487386,
71,12.694578636607622,12.23161567364466,2.395330112721417,45.91384863123994,6.085614600107354,6.541867954911433,13.687600644122384,0.04696725711218465,0.2147074610842727,0.1878690284487386,
72,12.86231884057971,11.949812130971551,2.3617820719269993,48.289049919484704,6.085614600107354,4.314278046162104,13.687600644122384,0.04696725711218465,0.2147074610842727,0.1878690284487386,
73,13.070316693505099,11.896135265700483,3.4017713365539453,46.91358024691358,6.0654857756307035,4.314278046162104,13.66076221148685,0.04696725711218465,0.4428341384863124,0.1878690284487386,
74,12.419484702093397,10.715244229736983,2.589908749329039,44.98792270531401,5.689747718733226,9.366612989801396,13.560118089103597,0.04696725711218465,0.43612453032742887,0.1878690284487386,
75,12.338969404186795,10.715244229736983,2.589908749329039,44.96779388083736,5.689747718733226,9.480676328502415,13.546698872785829,0.04696725711218465,0.43612453032742887,0.1878690284487386,
76,12.640901771336553,10.715244229736983,2.576489533011272,44.826892109500804,5.636070853462158,9.453837895866881,13.479602791196994,0.04696725711218465,0.43612453032742887,0.1878690284487386,
77,12.580515297906603,9.990606548577563,3.743961352657005,44.47128287707998,5.555555555555555,9.098228663446054,13.264895330112722,,1.107085346215781,0.1878690284487386,
78,12.218196457326892,9.96376811594203,3.421900161030596,46.4975845410628,5.555555555555555,8.796296296296296,12.345679012345679,,1.0131508319914118,0.1878690284487386,
79,12.513419216317766,9.96376811594203,3.5628019323671496,46.23590982286635,5.555555555555555,8.702361782071927,12.318840579710145,,0.9594739667203436,0.1878690284487386,
80,12.593934514224369,9.91009125067096,3.3816425120772946,46.141975308641975,5.723295759527644,8.702361782071927,12.31213097155126,,1.0466988727858293,0.1878690284487386,
81,12.714707461084272,9.883252818035427,3.3548040794417604,45.491143317230275,5.723295759527644,8.682232957595277,12.258454106280194,,1.7042404723564144,0.1878690284487386,
82,12.701288244766506,9.232420826623725,3.3548040794417604,42.693236714975846,5.629361245303274,10.84272678475577,13.6808910359635,,1.6774020397208802,0.1878690284487386,
83,12.25174449812131,8.816425120772946,4.300858829844337,42.09608158883521,5.5756843800322065,10.795759527643586,14.190821256038648,,1.8048845947396672,0.16774020397208803,
84,12.070585077831455,7.185990338164252,3.3011272141706924,40.935319377348364,5.119431025228127,11.580783682232958,17.834138486312398,,1.8048845947396672,0.16774020397208803,
85,11.963231347289318,7.185990338164252,3.1736446591519054,45.73939881910896,3.3548040794417604,8.896940418679549,17.834138486312398,,1.6841116478797638,0.16774020397208803,
86,12.06387546967257,7.139023081052066,3.166935050993022,45.56494900697799,3.3548040794417604,8.896940418679549,17.800590445517983,,1.8451422436929683,0.16774020397208803,
87,10.661567364465915,8.588298443370908,2.5563607085346214,43.994900697799245,3.3413848631239937,8.896940418679549,19.706119162640903,,2.086688137412775,0.16774020397208803,
88,10.997047772410092,8.561460010735374,2.5563607085346214,43.57890499194847,3.3413848631239937,8.896940418679549,19.706119162640903,,2.1940418679549114,0.16774020397208803,
89,10.567632850241546,8.541331186258722,3.066290928609769,43.572195383789584,3.7573805689747717,8.829844337090714,19.639023081052066,,1.8585614600107354,0.16774020397208803,
90,10.493827160493828,8.380300590445518,3.066290928609769,43.76677402039721,3.743961352657005,8.910359634997317,19.612184648416534,,1.8585614600107354,0.16774020397208803,
91,10.547504025764896,8.460815888352121,3.066290928609769,43.71980676328502,3.7104133118625873,8.896940418679549,19.57192699946323,,1.8585614600107354,0.16774020397208803,
92,10.63472893183038,8.3467525496511,3.2340311325818574,37.13768115942029,3.7104133118625873,8.896940418679549,26.03327965646806,,1.8384326355340848,0.16774020397208803,
93,10.225442834138486,8.232689210950081,2.657004830917874,41.18357487922705,3.7104133118625873,8.896940418679549,22.82608695652174,,1.5767579173376274,0.6910896403650026,
94,10.339506172839506,8.179012345679013,2.657004830917874,41.116478797638216,4.005636070853462,8.883521202361782,22.571121846484164,,1.5767579173376274,0.6709608158883521,
95,10.379763821792807,8.172302737520129,2.791196994095545,40.975577026301664,4.005636070853462,8.856682769726248,22.571121846484164,,1.5767579173376274,0.6709608158883521,
96,10.493827160493828,8.145464304884594,2.791196994095545,38.479602791196996,3.9318303811057436,11.56736446591519,22.41009125067096,,1.5096618357487923,0.6709608158883521,
97,10.661567364465915,8.145464304884594,2.791196994095545,38.41250670960816,3.9318303811057436,11.56736446591519,22.309447128287708,,1.5096618357487923,0.6709608158883521,
98,10.648148148148149,8.132045088566828,2.7844873859366612,36.69484702093398,4.26731078904992,11.54723564143854,23.74530327428878,,1.5096618357487923,0.6709608158883521,
99,10.715244229736983,8.11862587224906,2.9790660225442833,36.48684916800859,4.522275899087493,11.52710681696189,23.60440150295223,,1.4358561460010735,0.6105743424584005,
100,10.88298443370907,8.11862587224906,2.9790660225442833,36.41304347826087,4.830917874396135,11.252012882447666,23.47691894793344,,1.4358561460010735,0.6105743424584005,
101,10.95679012345679,8.085077831454644,2.9790660225442833,36.2788513150832,4.830917874396135,11.225174449812132,23.443370907139023,,1.5901771336553945,0.6105743424584005,
102,10.93666129898014,8.085077831454644,2.9790660225442833,35.44015029522276,4.817498658078368,11.211755233494364,22.054482018250134,,3.864734299516908,0.6105743424584005,
103,11.258722490606548,8.085077831454644,2.9790660225442833,35.19189479334407,4.804079441760601,11.191626409017713,21.994095544820183,,3.8848631239935587,0.6105743424584005,
104,11.29898013955985,15.123456790123457,2.9790660225442833,32.55501878690284,4.804079441760601,6.904186795491143,21.631776704240472,,4.092860976918948,0.6105743424584005,
105,10.950080515297907,15.029522275899087,2.9790660225442833,33.051529790660226,4.804079441760601,6.904186795491143,21.591519055287172,,4.079441760601181,0.6105743424584005,
106,9.849704777241008,14.096886741814279,2.7106816961889426,42.60601180891036,4.1129898013955986,7.239667203435319,16.861245303274288,,2.4355877616747184,0.08722490606548577,
107,9.943639291465379,14.049919484702093,2.6972624798711755,41.988727858293075,4.327697262479871,7.232957595276436,17.54562533548041,,2.1269457863660763,0.08722490606548577,
108,9.809447128287708,13.499731615673644,2.6972624798711755,43.84057971014493,3.5762211486849167,6.816961889425658,17.54562533548041,,2.1269457863660763,0.08722490606548577,
109,10.037573805689748,13.499731615673644,2.6972624798711755,43.73993558776167,3.5762211486849167,6.796833064949007,17.438271604938272,,2.1269457863660763,0.08722490606548577,
110,10.111379495437467,13.499731615673644,2.6972624798711755,43.39103596349973,3.5762211486849167,6.796833064949007,17.391304347826086,,2.4490069779924855,0.08722490606548577,
111,10.205314009661835,13.33870101986044,2.8381642512077296,43.323939881910896,3.3950617283950617,5.938003220611916,18.438003220611915,,2.4355877616747184,0.08722490606548577,
112,10.218733225979603,13.33870101986044,2.8381642512077296,43.10923242082662,3.3950617283950617,6.239935587761675,18.337359098228664,,2.4355877616747184,0.08722490606548577,
113,10.326086956521738,13.298443370907139,2.8247450348899625,43.05555555555556,3.3950617283950617,6.239935587761675,18.337359098228664,,2.4355877616747184,0.08722490606548577,
114,10.399892646269459,13.298443370907139,3.435319377348363,42.371175523349436,3.3950617283950617,6.239935587761675,18.337359098228664,,2.4355877616747184,0.08722490606548577,
115,10.63472893183038,13.298443370907139,3.435319377348363,42.19672571121846,3.3950617283950617,6.239935587761675,18.276972624798713,,2.4355877616747184,0.08722490606548577,
116,10.587761674718196,13.24476650563607,3.435319377348363,39.87520128824477,6.689479334406871,6.239935587761675,17.431561996779386,,2.408749329039184,0.08722490606548577,
117,10.82259796027912,13.24476650563607,3.4017713365539453,39.55984970477724,6.6760601180891035,6.132581857219538,17.398013955984972,,2.677133655394525,0.08722490606548577,
118,10.57434245840043,11.332528180354267,3.4017713365539453,41.84111647879764,6.662640901771336,6.085614600107354,17.384594739667204,,2.6301663982823404,0.08722490606548577,
119,10.661567364465915,11.332528180354267,3.4017713365539453,41.78073000536769,6.662640901771336,6.085614600107354,17.371175523349436,,2.6167471819645733,0.08722490606548577,
120,10.903113258185721,11.231884057971014,3.4017713365539453,41.666666666666664,6.635802469135802,6.085614600107354,17.371175523349436,,2.6167471819645733,0.08722490606548577,
121,11.010466988727858,10.641438539989265,3.3279656468062266,41.17015566290929,6.541867954911433,7.37385936661299,17.351046698872786,,2.49597423510467,0.08722490606548577,
122,10.963499731615673,8.051529790660226,2.5026838432635534,39.13714439076758,6.078904991948471,6.649221685453569,23.658078368223297,,2.7509393451422435,0.20799785292538917,
123,11.064143853998926,8.051529790660226,2.5026838432635534,39.070048309178745,6.078904991948471,6.615673644659152,23.658078368223297,,2.7509393451422435,0.20799785292538917,
124,10.95679012345679,4.871175523349437,2.5026838432635534,38.519860440150296,10.057702630166398,6.615673644659152,23.517176596886742,,2.7509393451422435,0.20799785292538917,
125,11.030595813204508,4.871175523349437,3.743961352657005,38.506441223832525,9.970477724100913,6.595544820182502,22.21551261406334,,2.7241009125067097,0.3421900161030596,
126,11.439881910896403,4.871175523349437,3.8378958668813743,36.83574879227053,10.124798711755233,7.997852925389157,21.886741814278047,,2.6838432635534084,0.322061191626409,
127,11.714975845410628,4.8376274825550185,3.8311862587224907,35.86285560923242,9.990606548577563,9.272678475577026,21.786097691894792,,2.38191089640365,0.322061191626409,
128,11.862587224906065,4.8376274825550185,3.717122920021471,35.79575952764358,10.138217928073,9.219001610305957,21.72571121846484,,2.38191089640365,0.322061191626409,
129,11.81561996779388,4.8376274825550185,3.7104133118625873,35.06441223832528,11.017176596886742,9.172034353193773,21.67874396135266,,2.38191089640365,0.322061191626409,
130,11.896135265700483,4.8376274825550185,3.7104133118625873,35.01073537305421,11.003757380568974,9.172034353193773,21.672034353193773,,2.3752012882447664,0.322061191626409,
131,12.016908212560386,4.817498658078368,3.7104133118625873,34.936929683306495,10.950080515297907,9.145195920558239,21.66532474503489,,2.3752012882447664,0.3824476650563607,
132,10.93666129898014,4.327697262479871,2.965646806226516,43.344068706387546,9.796027911969942,8.702361782071927,17.66639828234031,,1.751207729468599,0.5099302200751477,
133,11.017176596886742,4.320987654320987,2.965646806226516,43.062265163714436,9.796027911969942,8.702361782071927,17.639559849704778,,1.9927536231884058,0.5032206119162641,
134,11.07085346215781,4.320987654320987,3.455448201825013,42.67981749865808,9.77589908749329,8.57487922705314,17.639559849704778,,1.9793344068706387,0.5032206119162641,
135,11.419753086419753,4.26731078904992,3.455448201825013,42.60601180891036,10.487117552334944,8.460815888352121,16.820987654320987,,1.9793344068706387,0.5032206119162641,
136,11.20504562533548,4.26731078904992,2.8247450348899625,46.826355340848096,9.554482018250134,6.696188942565755,16.398282340311326,,1.8518518518518519,0.3757380568974772,
137,11.372785829307569,4.26731078904992,2.8247450348899625,46.73242082662372,9.541062801932368,6.696188942565755,16.337895866881375,,1.8518518518518519,0.3757380568974772,
138,11.366076221148685,4.079441760601181,2.6301663982823404,46.63177670424047,10.420021470746109,6.635802469135802,16.009125067096083,,1.8518518518518519,0.3757380568974772,
139,11.594202898550725,4.079441760601181,2.6301663982823404,46.57139023081052,10.393183038110575,6.635802469135802,15.96886741814278,,1.751207729468599,0.3757380568974772,
140,11.688137412775093,4.079441760601181,2.4355877616747184,47.678475577026305,9.77589908749329,6.521739130434782,15.70048309178744,,1.7444981213097155,0.3757380568974772,
141,11.829039184111648,4.05931293612453,2.4355877616747184,47.53086419753087,9.77589908749329,6.447933440687064,15.566290928609769,,1.8384326355340848,0.5166398282340311,
142,11.976650563607086,4.045893719806763,2.4221685453569513,47.45034889962426,9.77589908749329,6.447933440687064,15.53274288781535,,1.8384326355340848,0.5099302200751477,
143,12.016908212560386,4.045893719806763,2.4020397208803006,47.43022007514761,9.77589908749329,6.447933440687064,15.53274288781535,,1.8384326355340848,0.5099302200751477,
144,12.130971551261407,3.8043478260869565,2.4020397208803006,48.15485775630703,9.91009125067096,5.790391841116479,15.458937198067632,,1.8384326355340848,0.5099302200751477,
145,12.224906065485776,3.8043478260869565,2.4020397208803006,48.107890499194845,9.91009125067096,5.750134192163178,15.45222758990875,,1.8384326355340848,0.5099302200751477,
146,12.365807836822329,3.797638217928073,2.4020397208803006,47.85963499731616,9.896672034353195,5.736714975845411,15.445517981749866,,1.9860440150295222,0.5099302200751477,
147,12.084004294149223,3.7104133118625873,2.4020397208803006,48.88620504562534,9.86983360171766,5.488459473966721,15.083199141170155,,1.9659151905528718,0.5099302200751477,
148,12.365807836822329,3.7037037037037037,2.4020397208803006,48.731884057971016,9.809447128287708,5.475040257648954,15.042941492216855,,1.9592055823939882,0.5099302200751477,
149,11.439881910896403,3.7037037037037037,2.0665593129361244,53.717122920021474,8.07836822329576,4.206924315619967,14.049919484702093,,1.9524959742351047,0.785024154589372,
150,11.674718196457327,3.7037037037037037,2.0665593129361244,53.5024154589372,8.07836822329576,4.206924315619967,14.04320987654321,,1.9390767579173376,0.785024154589372,
151,11.728395061728396,3.69699409554482,2.0665593129361244,53.33467525496511,8.071658615136876,4.186795491143317,14.04320987654321,,2.086688137412775,0.785024154589372,
152,11.681427804616211,3.616478797638218,2.0397208803005906,51.90552871712292,7.897208803005904,4.1532474503489,15.68035426731079,,2.2410091250670963,0.785024154589372,
153,11.75523349436393,3.616478797638218,2.0397208803005906,51.831723027375205,7.675791733762749,4.1532474503489,15.68035426731079,,2.2410091250670963,0.785024154589372,0.2214170692431562
154,11.748523886205046,3.603059581320451,2.0397208803005906,49.80542136339238,7.675791733762749,6.206387546967257,15.673644659151906,,2.2410091250670963,0.785024154589372,0.2214170692431562
155,11.829039184111648,3.643317230273752,2.0397208803005906,49.724906065485776,7.675791733762749,6.166129898013956,15.673644659151906,,2.2410091250670963,0.785024154589372,0.2214170692431562
156,11.869296833064949,3.643317230273752,2.0397208803005906,49.664519592055825,7.6556629092860975,6.166129898013956,14.868491680085883,,2.2410091250670963,1.6304347826086956,0.2214170692431562
157,11.889425657541599,3.629898013955985,1.90552871712292,49.543746645195924,7.615405260332796,6.461352657004831,14.861782071927,,2.2410091250670963,1.6304347826086956,0.2214170692431562
158,12.06387546967257,3.629898013955985,2.3215244229736984,49.241814278046164,7.588566827697263,6.461352657004831,14.741009125067096,,2.100107353730542,1.6304347826086956,0.2214170692431562
159,12.25174449812131,3.629898013955985,2.3215244229736984,49.10762211486849,7.548309178743962,6.461352657004831,14.727589908749328,,2.100107353730542,1.6304347826086956,0.2214170692431562
160,12.245034889962426,3.603059581320451,2.3215244229736984,48.698336017176594,7.548309178743962,6.951154052603328,14.687332259796028,,2.100107353730542,1.6237251744498122,0.2214170692431562
161,12.392646269457863,3.603059581320451,2.3215244229736984,48.55072463768116,7.548309178743962,6.951154052603328,14.687332259796028,,2.100107353730542,1.6237251744498122,0.2214170692431562
162,12.600644122383253,3.603059581320451,2.3215244229736984,48.38298443370907,7.521470746108427,6.944444444444445,14.680622651637144,,2.100107353730542,1.6237251744498122,0.2214170692431562
163,12.258454106280194,3.140096618357488,2.2946859903381642,49.241814278046164,7.494632313472893,6.796833064949007,14.707461084272678,,2.2208803005904456,1.6237251744498122,0.2214170692431562
164,12.184648416532475,3.140096618357488,2.2946859903381642,49.22168545356951,7.494632313472893,6.776704240472356,14.821524422973699,,2.2208803005904456,1.6237251744498122,0.2214170692431562
165,12.318840579710145,3.140096618357488,2.2946859903381642,49.14117015566291,7.48792270531401,6.749865807836822,14.714170692431562,,2.2208803005904456,1.710950080515298,0.2214170692431562
166,12.419484702093397,2.9790660225442833,2.2946859903381642,47.50402576489533,7.112184648416532,8.82313472893183,14.714170692431562,,2.2208803005904456,1.710950080515298,0.2214170692431562
167,12.486580783682234,2.9790660225442833,2.2946859903381642,47.376543209876544,7.112184648416532,8.80300590445518,14.65378421900161,,2.3617820719269993,1.710950080515298,0.2214170692431562
168,11.748523886205046,2.442297369833602,2.6167471819645733,50.93263553408481,6.602254428341385,7.212828770799785,14.184111647879764,,2.328234031132582,1.710950080515298,0.2214170692431562
169,11.58749329039184,2.4221685453569513,2.6167471819645733,53.20048309178744,6.380837359098229,6.944444444444445,12.74825550187869,,2.301395598497048,1.5767579173376274,0.2214170692431562
170,11.627750939345143,2.4221685453569513,2.6167471819645733,53.187063875469676,6.353998926462695,6.944444444444445,12.74825550187869,,2.301395598497048,1.5767579173376274,0.2214170692431562
171,11.513687600644122,2.4020397208803006,2.6838432635534084,52.26784755770263,6.3070316693505095,8.05823939881911,12.734836285560924,,2.2342995169082127,1.5767579173376274,0.2214170692431562
172,11.654589371980677,2.4020397208803006,2.6301663982823404,52.21417069243156,6.280193236714976,8.05823939881911,12.734836285560924,,2.227589908749329,1.5767579173376274,0.2214170692431562
173,11.882716049382717,2.395330112721417,2.61003757380569,51.12050456253355,6.246645195920558,9.037842190016104,12.681159420289855,,2.227589908749329,1.5767579173376274,0.2214170692431562
174,12.164519592055823,2.38191089640365,2.61003757380569,50.717928073000536,6.246645195920558,9.037842190016104,12.654320987654321,,2.3886205045625335,1.5767579173376274,0.2214170692431562
175,12.345679012345679,2.38191089640365,2.5831991411701556,50.657541599570585,6.246645195920558,9.017713365539452,12.647611379495437,,2.3886205045625335,1.5096618357487923,0.2214170692431562
176,12.634192163177671,2.38191089640365,2.5831991411701556,50.436124530327426,6.219806763285024,8.99087493290392,12.634192163177671,,2.3886205045625335,1.5096618357487923,0.2214170692431562
177,12.681159420289855,2.368491680085883,2.5831991411701556,49.36929683306495,6.3137412775093935,8.917069243156199,12.620772946859903,,3.421900161030596,1.5029522275899088,0.2214170692431562
178,12.855609232420827,2.368491680085883,2.5831991411701556,49.241814278046164,6.3070316693505095,8.876811594202898,12.620772946859903,,3.421900161030596,1.5029522275899088,0.2214170692431562
179,13.063607085346217,2.3550724637681157,2.5831991411701556,49.13446054750403,6.3070316693505095,8.870101986044014,12.567096081588835,,3.421900161030596,1.4761137949543746,0.2214170692431562
180,13.097155126140633,2.328234031132582,2.757648953301127,48.87949543746645,6.286902844873859,8.856682769726248,12.567096081588835,,3.535963499731616,1.4694041867954912,0.2214170692431562
181,13.177670424047236,2.328234031132582,2.757648953301127,48.26221148684917,5.723295759527644,8.849973161567364,13.466183574879228,,3.743961352657005,1.4694041867954912,0.2214170692431562
182,13.291733762748256,2.408749329039184,2.8918411164787976,48.027375201288244,5.689747718733226,8.836553945249598,13.43263553408481,,3.743961352657005,1.4694041867954912,0.20799785292538917
183,13.479602791196994,2.408749329039184,2.8918411164787976,47.85963499731616,5.689747718733226,8.836553945249598,13.43263553408481,,3.7238325281803544,1.4694041867954912,0.20799785292538917
184,13.58695652173913,2.4825550187869028,2.85829307568438,47.738862050456255,5.683038110574342,8.836553945249598,13.41250670960816,,3.7238325281803544,1.4694041867954912,0.20799785292538917
185,13.788244766505636,2.4825550187869028,3.33467525496511,47.175254965110035,5.864197530864198,8.608427267847558,13.20450885668277,,3.864734299516908,1.4694041867954912,0.20799785292538917
186,13.935856146001074,2.4825550187869028,3.3145464304884595,46.96725711218465,5.850778314546431,8.59500805152979,13.191089640365004,,3.9855072463768115,1.4694041867954912,0.20799785292538917
187,13.519860440150294,2.4691358024691357,3.260869565217391,48.49704777241009,5.837359098228664,7.595276435856146,13.177670424047236,,3.965378421900161,1.4694041867954912,0.20799785292538917
188,13.647342995169081,2.4691358024691357,4.30756843800322,46.85990338164251,5.837359098228664,8.608427267847558,13.009930220075148,,3.643317230273752,1.4090177133655395,0.20799785292538917
189,13.761406333870102,2.4691358024691357,4.30756843800322,46.49087493290392,5.837359098228664,8.608427267847558,13.009930220075148,,3.898282340311326,1.4090177133655395,0.20799785292538917
190,14.04320987654321,2.4691358024691357,4.622920021470746,46.323134728931834,5.803811057434245,8.447396672034353,12.795222758990874,,3.898282340311326,1.4090177133655395,0.1878690284487386
191,14.278046162104133,2.4557165861513686,4.622920021470746,46.282877079978526,5.743424584004294,8.447396672034353,12.674449812130971,,3.898282340311326,1.4090177133655395,0.1878690284487386
192,14.278046162104133,2.4557165861513686,4.622920021470746,46.464036500268385,5.9514224369296835,8.313204508856682,12.533548040794418,,3.81105743424584,1.3821792807300053,0.1878690284487386
193,14.338432635534085,2.4557165861513686,4.622920021470746,46.43048845947396,5.931293612453032,8.313204508856682,12.419484702093397,,3.81105743424584,1.4895330112721417,0.1878690284487386
194,14.338432635534085,2.3617820719269993,4.622920021470746,46.28958668813741,6.206387546967257,8.272946859903382,12.419484702093397,,3.81105743424584,1.4895330112721417,0.1878690284487386
195,14.36527106816962,2.3617820719269993,4.622920021470746,46.10842726784756,6.206387546967257,8.272946859903382,12.406065485775631,,3.992216854535695,1.4761137949543746,0.1878690284487386
196,14.533011272141707,2.3617820719269993,4.622920021470746,45.94068706387547,6.206387546967257,8.272946859903382,12.406065485775631,,3.992216854535695,1.4761137949543746,0.1878690284487386
197,14.593397745571659,2.3617820719269993,4.622920021470746,45.900429414922165,6.199677938808374,8.246108427267847,12.084004294149223,,4.327697262479871,1.4761137949543746,0.1878690284487386
198,14.727589908749328,2.3349436392914655,4.622920021470746,45.73939881910896,6.159420289855072,8.205850778314547,11.990069779924852,,4.42163177670424,1.6103059581320451,0.1878690284487386
199,14.935587761674718,2.3349436392914655,4.5960815888352125,45.611916264090176,6.266774020397209,8.192431561996779,11.990069779924852,,4.274020397208803,1.6103059581320451,0.1878690284487386
200,15.002683843263553,2.3349436392914655,4.5960815888352125,45.309983896940416,6.239935587761675,8.205850778314547,11.90955448201825,,4.602791196994096,1.6103059581320451,0.1878690284487386
201,14.99597423510467,2.3349436392914655,4.5960815888352125,45.29656468062265,6.132581857219538,8.427267847557703,11.869296833064949,,4.602791196994096,1.6103059581320451,0.13419216317767044
202,15.022812667740205,2.3349436392914655,4.5960815888352125,45.269726247987116,6.132581857219538,8.427267847557703,11.869296833064949,,4.602791196994096,1.6103059581320451,0.13419216317767044
203,15.150295222758992,2.3349436392914655,4.5960815888352125,45.22275899087493,6.132581857219538,8.400429414922169,11.829039184111648,,4.5893719806763285,1.6103059581320451,0.13419216317767044
204,15.304616210413311,2.3349436392914655,4.582662372517445,45.108695652173914,6.132581857219538,8.373590982286634,11.77536231884058,,4.643048845947397,1.6103059581320451,0.13419216317767044
205,15.371712292002147,2.3349436392914655,4.582662372517445,45.06172839506173,6.132581857219538,8.360171765968868,11.768652710681696,,4.643048845947397,1.6103059581320451,0.13419216317767044
206,15.5126140633387,2.328234031132582,4.582662372517445,44.99463231347289,6.125872249060655,8.185721953837897,11.735104669887278,0.15432098765432098,4.643048845947397,1.6035963499731616,0.13419216317767044
207,15.619967793880837,2.4490069779924855,4.582662372517445,44.880568974771876,6.112453032742888,8.179012345679013,11.714975845410628,0.15432098765432098,4.569243156199678,1.6035963499731616,0.13419216317767044
208,15.713902308105206,2.4490069779924855,4.582662372517445,44.806763285024154,6.219806763285024,8.179012345679013,11.681427804616211,0.15432098765432098,4.4753086419753085,1.6035963499731616,0.13419216317767044
209,16.002415458937197,2.4490069779924855,4.555823939881911,44.69940955448202,6.213097155126141,8.09849704777241,11.681427804616211,0.15432098765432098,4.408212560386473,1.6035963499731616,0.13419216317767044
210,16.190284487385938,2.4490069779924855,4.555823939881911,44.6256038647343,6.213097155126141,8.09849704777241,11.614331723027375,0.15432098765432098,4.367954911433173,1.596886741814278,0.13419216317767044
211,16.170155662909288,2.4490069779924855,4.555823939881911,44.0955448201825,6.213097155126141,8.648684916800859,11.614331723027375,0.15432098765432098,4.367954911433173,1.596886741814278,0.13419216317767044
212,16.29092860976919,2.4490069779924855,4.555823939881911,44.00831991411702,6.213097155126141,8.635265700483092,11.614331723027375,0.15432098765432098,4.3478260869565215,1.596886741814278,0.13419216317767044
213,16.371443907675793,2.4490069779924855,4.528985507246377,43.90096618357488,6.273483628556092,8.635265700483092,11.614331723027375,0.15432098765432098,4.3478260869565215,1.5901771336553945,0.13419216317767044
214,16.59286097691895,2.428878153515835,4.528985507246377,43.51851851851852,6.266774020397209,8.61513687600644,11.614331723027375,0.15432098765432098,4.555823939881911,1.5901771336553945,0.13419216317767044
215,16.720343531937736,2.408749329039184,4.51556629092861,43.303811057434245,6.266774020397209,8.61513687600644,11.553945249597424,0.15432098765432098,4.736983360171766,1.5901771336553945,0.13419216317767044
216,16.814278046162105,2.408749329039184,4.736983360171766,43.21658615136876,6.253354804079442,8.588298443370908,11.386205045625335,0.15432098765432098,4.7168545356951155,1.5901771336553945,0.13419216317767044
217,16.894793344068706,2.408749329039184,4.7101449275362315,43.18974771873322,6.253354804079442,8.53462157809984,11.292270531400966,0.15432098765432098,4.8376274825550185,1.5901771336553945,0.13419216317767044
218,16.955179817498657,2.38191089640365,4.7101449275362315,43.13607085346216,5.615942028985507,8.440687063875469,12.117552334943639,0.15432098765432098,4.830917874396135,1.5901771336553945,0.06709608158883522
219,17.05582393988191,2.38191089640365,4.676596886741814,43.12265163714439,5.589103596349974,8.440687063875469,12.117552334943639,0.15432098765432098,4.830917874396135,1.5633387010198605,0.06709608158883522
220,16.170155662909288,2.38191089640365,4.1129898013955986,41.968599033816425,5.314009661835748,7.957595276435856,15.68035426731079,0.15432098765432098,4.62962962962963,1.5633387010198605,0.06709608158883522
221,16.223832528180353,2.38191089640365,4.1129898013955986,41.94176060118089,5.314009661835748,7.930756843800322,15.68035426731079,0.15432098765432098,4.62962962962963,1.5633387010198605,0.06709608158883522
222,16.27750939345142,2.38191089640365,4.1129898013955986,41.91492216854536,5.314009661835748,7.9106280193236715,15.673644659151906,0.15432098765432098,4.62962962962963,1.5633387010198605,0.06709608158883522
223,16.25738056897477,2.38191089640365,4.1129898013955986,41.45195920558239,6.172839506172839,7.5348899624261945,15.673644659151906,0.15432098765432098,4.62962962962963,1.5633387010198605,0.06709608158883522
224,16.33118625872249,2.38191089640365,4.092860976918948,41.337895866881375,6.172839506172839,7.447665056360709,15.673644659151906,0.15432098765432098,4.777241009125067,1.5633387010198605,0.06709608158883522
225,16.505636070853463,2.38191089640365,4.092860976918948,41.25067096081589,6.166129898013956,7.39398819108964,15.673644659151906,0.15432098765432098,4.750402576489533,1.5633387010198605,0.06709608158883522
226,16.7337627482555,2.38191089640365,4.052603327965647,41.1634460547504,6.166129898013956,7.39398819108964,15.573000536768653,0.15432098765432098,4.750402576489533,1.5633387010198605,0.06709608158883522
227,16.760601180891037,2.38191089640365,4.019055287171229,40.81454643048846,6.508319914117015,7.39398819108964,15.479066022544284,0.15432098765432098,4.85775630703167,1.5633387010198605,0.06709608158883522
228,16.834406870638755,2.38191089640365,3.9720880300590444,40.5126140633387,6.615673644659152,7.39398819108964,15.458937198067632,0.15432098765432098,5.045625335480408,1.5633387010198605,0.06709608158883522
229,16.881374127750938,2.38191089640365,3.9989264626945786,40.49919484702093,6.595544820182502,7.353730542136339,15.458937198067632,0.15432098765432098,5.045625335480408,1.5633387010198605,0.06709608158883522
230,17.008856682769725,2.38191089640365,3.9720880300590444,40.485775630703166,6.561996779388084,7.333601717659689,15.438808373590982,0.15432098765432098,5.038915727321524,1.556629092860977,0.06709608158883522
231,17.008856682769725,2.38191089640365,3.9720880300590444,40.51932367149758,6.561996779388084,7.333601717659689,15.425389157273216,0.15432098765432098,5.032206119162641,1.5432098765432098,0.06709608158883522
232,17.082662372517444,2.3752012882447664,3.9720880300590444,40.37842190016103,6.642512077294686,7.326892109500805,15.425389157273216,0.15432098765432098,5.032206119162641,1.5432098765432098,0.06709608158883522
