,45,50,51,55,52,57,56,53,54,61,60,58,59
0,92.47852925389158,7.521470746108427,,,,,,,,,,,
1,84.54777241009126,15.45222758990875,,,,,,,,,,,
2,79.44847020933977,16.42512077294686,3.9519592055823938,0.17444981213097155,,,,,,,,,
3,76.81830381105743,19.02173913043478,3.9855072463768115,0.17444981213097155,,,,,,,,,
4,75.53676865271068,19.102254428341386,3.9855072463768115,0.24154589371980675,1.107085346215781,0.026838432635534086,,,,,,,
5,56.53515834675255,37.23161567364466,4.783950617283951,0.3153515834675255,1.107085346215781,0.026838432635534086,,,,,,,
6,56.46806226516372,37.285292538915726,4.783950617283951,0.3153515834675255,1.1205045625335481,0.026838432635534086,,,,,,,
7,55.89103596349973,37.76838432635534,4.810789049919484,0.3824476650563607,1.1205045625335481,0.026838432635534086,,,,,,,
8,55.17981749865808,38.33199141170156,4.8376274825550185,0.5032206119162641,1.1205045625335481,0.026838432635534086,,,,,,,
9,50.375738056897475,43.02871712292002,4.797369833601718,0.6508319914117016,1.1205045625335481,0.026838432635534086,,,,,,,
10,50.348899624261946,42.93478260869565,4.736983360171766,0.7716049382716049,1.1205045625335481,0.026838432635534086,0.06038647342995169,,,,,,
11,50.254965110037574,40.86822329575953,4.723564143853999,2.918679549114332,1.133923778851315,0.026838432635534086,0.07380568974771873,,,,,,
12,49.946323134728935,36.621041331186255,4.723564143853999,2.9388083735909825,1.5365002683843263,0.026838432635534086,0.07380568974771873,4.106280193236715,0.026838432635534086,,,,
13,49.85238862050456,36.44659151905529,4.723564143853999,2.9052603327965647,1.5365002683843263,0.026838432635534086,0.07380568974771873,4.106280193236715,0.32877079978529256,,,,
14,49.63768115942029,36.63446054750403,4.656468062265164,2.932098765432099,1.5365002683843263,0.026838432635534086,0.14090177133655393,4.106280193236715,0.32877079978529256,,,,
15,45.330112721417066,40.88164251207729,4.656468062265164,2.985775630703167,1.5499194847020934,0.026838432635534086,0.14090177133655393,4.0995705850778315,0.32877079978529256,,,,
16,45.33682232957595,40.87493290391841,4.656468062265164,2.985775630703167,1.4626945786366077,0.11406333870101985,0.14090177133655393,4.0995705850778315,0.32877079978529256,,,,
17,45.01476113794954,39.801395598497045,5.146269457863661,3.046162104133119,1.4626945786366077,0.11406333870101985,0.16774020397208803,3.7640901771336552,1.4761137949543746,0.0067096081588835215,,,
18,44.65915190552872,39.861782071927,5.146269457863661,3.321256038647343,1.4626945786366077,0.11406333870101985,0.16774020397208803,3.750670960815888,1.5163714439076759,,,,
19,44.42431561996779,40.06977992485239,5.146269457863661,3.3480944712828773,1.4626945786366077,0.11406333870101985,0.16774020397208803,3.750670960815888,1.5163714439076759,,,,
20,44.46457326892109,40.01610305958132,5.146269457863661,3.361513687600644,1.4626945786366077,0.11406333870101985,0.16774020397208803,3.750670960815888,1.5163714439076759,,,,
21,44.06870638754697,40.19726247987118,5.314009661835748,3.3950617283950617,1.4626945786366077,0.11406333870101985,0.18115942028985507,3.750670960815888,1.5163714439076759,,,,
22,43.994900697799245,39.55314009661836,5.287171229200215,2.7643585614600106,1.751207729468599,0.11406333870101985,0.20799785292538917,3.7238325281803544,2.589908749329039,,0.013419216317767043,,
23,42.78717122920021,40.774288781535155,5.273752012882448,2.7308105206655933,1.751207729468599,0.11406333870101985,0.20799785292538917,3.6097691894793345,2.589908749329039,0.03354804079441761,0.013419216317767043,0.11406333870101985,
24,42.78717122920021,40.74074074074074,5.273752012882448,2.7643585614600106,1.751207729468599,0.11406333870101985,0.20799785292538917,3.6097691894793345,2.589908749329039,0.03354804079441761,0.013419216317767043,0.11406333870101985,
25,39.78797638217928,41.46537842190016,4.74369296833065,2.61003757380569,1.6572732152442298,0.11406333870101985,0.20799785292538917,3.6097691894793345,5.642780461621041,0.03354804079441761,0.013419216317767043,0.11406333870101985,
26,39.331723027375205,41.908212560386474,4.730273752012883,2.636876006441224,1.6572732152442298,0.11406333870101985,0.20799785292538917,3.6097691894793345,5.642780461621041,0.03354804079441761,0.013419216317767043,0.11406333870101985,
27,39.32501341921632,41.91492216854536,4.730273752012883,2.636876006441224,1.6572732152442298,0.11406333870101985,0.20799785292538917,3.6097691894793345,5.642780461621041,0.03354804079441761,0.013419216317767043,0.11406333870101985,
28,39.351851851851855,41.84782608695652,4.730273752012883,2.6301663982823404,1.6572732152442298,0.11406333870101985,0.20799785292538917,3.6097691894793345,5.662909286097692,0.06038647342995169,0.013419216317767043,0.11406333870101985,
29,34.75577026301664,46.73913043478261,4.300858829844337,2.7777777777777777,1.6572732152442298,0.11406333870101985,0.20799785292538917,3.6097691894793345,5.649490069779925,0.06038647342995169,0.013419216317767043,0.11406333870101985,
30,34.80944712828771,46.65861513687601,4.260601180891036,2.831454643048846,1.6572732152442298,0.11406333870101985,0.24825550187869028,3.6097691894793345,5.622651637144391,0.06038647342995169,0.013419216317767043,0.11406333870101985,
31,34.68196457326892,44.56521739130435,7.548309178743962,2.563070316693505,1.6572732152442298,0.11406333870101985,0.24825550187869028,2.8247450348899625,5.609232420826624,0.06038647342995169,0.013419216317767043,0.11406333870101985,
32,34.66183574879227,44.59205582393988,7.514761137949543,2.563070316693505,1.6572732152442298,0.11406333870101985,0.28180354267310787,2.8247450348899625,5.60252281266774,0.06038647342995169,0.013419216317767043,0.11406333870101985,
33,34.68867418142781,43.70638754696726,7.440955448201825,3.435319377348363,1.6572732152442298,0.11406333870101985,0.3421900161030596,2.8247450348899625,5.589103596349974,0.06038647342995169,0.026838432635534086,0.11406333870101985,
34,31.092324208266238,39.512882447665056,15.908480944712828,3.5762211486849167,1.6438539989264627,0.11406333870101985,0.3421900161030596,2.8247450348899625,4.783950617283951,0.06038647342995169,0.026838432635534086,0.11406333870101985,
35,25.067096081588836,51.51637144390767,10.715244229736983,3.502415458937198,0.95276435856146,0.11406333870101985,0.35560923242082665,2.8247450348899625,4.750402576489533,0.06038647342995169,0.026838432635534086,0.11406333870101985,
36,25.026838432635532,51.38217928073001,10.695115405260333,3.5829307568438002,0.95276435856146,0.11406333870101985,0.3757380568974772,2.8247450348899625,4.8443370907139025,0.06038647342995169,0.026838432635534086,0.11406333870101985,
37,25.026838432635532,51.281535158346756,10.68840579710145,3.6097691894793345,0.9796027911969941,0.11406333870101985,0.4092860976918948,2.831454643048846,4.8443370907139025,0.06038647342995169,0.026838432635534086,0.1274825550187869,
38,24.93961352657005,49.55716586151369,10.587761674718196,5.320719269994632,0.9863123993558777,0.14090177133655393,0.4428341384863124,2.831454643048846,4.978529253891573,0.06038647342995169,0.026838432635534086,0.1274825550187869,
39,24.953032742887814,42.70665593129361,10.466988727858293,5.273752012882448,0.9863123993558777,0.14090177133655393,0.4428341384863124,9.836285560923242,4.978529253891573,0.06038647342995169,0.026838432635534086,0.1274825550187869,
40,24.711486849168008,36.8491680085883,22.289318303811058,3.5091250670960816,0.3757380568974772,,0.17444981213097155,9.057971014492754,2.677133655394525,0.06038647342995169,0.026838432635534086,0.15432098765432098,0.11406333870101985
41,24.751744498121308,36.78878153515835,22.269189479334408,3.5628019323671496,0.3757380568974772,0.03354804079441761,0.19457863660762212,8.99087493290392,2.677133655394525,0.06038647342995169,0.026838432635534086,0.15432098765432098,0.11406333870101985
42,24.57729468599034,36.922973698336016,21.22920021470746,3.5628019323671496,0.3757380568974772,0.03354804079441761,0.19457863660762212,10.071121846484166,2.677133655394525,0.06038647342995169,0.026838432635534086,0.15432098765432098,0.11406333870101985
43,24.57729468599034,36.73510466988728,20.45088566827697,3.535963499731616,1.3754696725711217,0.03354804079441761,0.2147074610842727,9.849704777241008,2.677133655394525,0.06038647342995169,0.026838432635534086,0.3488996242619431,0.11406333870101985
44,24.570585077831456,36.41304347826087,20.46430488459474,3.8580246913580245,1.3888888888888888,0.03354804079441761,0.2147074610842727,9.829575952764358,2.677133655394525,0.06038647342995169,0.026838432635534086,0.3488996242619431,0.11406333870101985
45,18.853998926462694,41.727053140096615,20.40391841116479,4.314278046162104,1.3888888888888888,0.03354804079441761,0.2214170692431562,9.829575952764358,2.677133655394525,0.06038647342995169,0.026838432635534086,0.3488996242619431,0.11406333870101985
46,16.49892646269458,36.48684916800859,27.697262479871174,4.388083735909823,1.892109500805153,0.03354804079441761,0.2214170692431562,9.816156736446592,2.4020397208803006,0.06038647342995169,0.026838432635534086,0.36231884057971014,0.11406333870101985
47,15.942028985507246,29.186795491143318,28.442028985507246,4.159957058507783,9.225711218464841,0.03354804079441761,0.23483628556092323,9.802737520128824,2.395330112721417,0.06038647342995169,0.026838432635534086,0.3757380568974772,0.11406333870101985
48,16.049382716049383,29.07944176060118,28.33467525496511,4.253891572732153,9.225711218464841,0.03354804079441761,0.24825550187869028,9.762479871175524,2.395330112721417,0.06038647342995169,0.026838432635534086,0.41599570585077833,0.11406333870101985
49,15.707192699946322,24.255233494363928,28.307836822329577,2.6167471819645733,9.198872785829307,0.06038647342995169,0.24825550187869028,18.82716049382716,0.33548040794417605,,,0.32877079978529256,0.11406333870101985
50,15.713902308105206,24.214975845410628,27.851583467525497,2.9924852388620504,9.091519055287172,0.1610305958132045,0.35560923242082665,18.766774020397207,0.36231884057971014,,,0.3757380568974772,0.11406333870101985
51,15.633387010198604,22.644927536231883,38.20450885668277,2.3886205045625335,8.313204508856682,0.19457863660762212,0.4025764895330113,11.574074074074074,0.36231884057971014,,,0.28180354267310787,
52,14.53972088030059,16.961889425657542,46.812936124530324,2.1739130434782608,3.616478797638218,0.13419216317767044,0.5099302200751477,14.606816961889425,0.36231884057971014,,,0.28180354267310787,
53,14.53972088030059,16.988727858293075,46.69887278582931,2.1269457863660763,3.616478797638218,0.13419216317767044,0.644122383252818,14.606816961889425,0.36231884057971014,,,0.28180354267310787,
54,14.53972088030059,16.941760601180892,46.02791196994095,2.227589908749329,3.616478797638218,0.1610305958132045,1.2546967257112185,14.586688137412775,0.36231884057971014,,,0.28180354267310787,
55,13.01663982823403,16.015834675254965,41.53918411164788,2.1739130434782608,10.876274825550189,0.1610305958132045,1.3419216317767042,14.231078904991948,0.36231884057971014,,,0.28180354267310787,
56,13.036768652710682,15.975577026301664,41.48550724637681,2.2208803005904456,10.84272678475577,0.1878690284487386,1.3687600644122384,14.217659688674182,0.36231884057971014,,,0.30193236714975846,
57,12.580515297906603,15.754159957058508,43.15619967793881,2.2208803005904456,10.815888352120236,0.2214170692431562,1.3687600644122384,13.191089640365004,0.36231884057971014,,,0.32877079978529256,
58,12.486580783682234,15.83467525496511,42.941492216854535,2.2410091250670963,10.809178743961352,0.23483628556092323,1.5633387010198605,13.157541599570585,0.36231884057971014,,0.0067096081588835215,0.36231884057971014,
59,11.506977992485238,16.854535695115406,42.673107890499196,2.2745571658615136,10.795759527643586,0.5300590445517982,1.6304347826086956,12.95625335480408,0.36231884057971014,,0.0067096081588835215,0.4092860976918948,
60,11.513687600644122,16.881374127750938,42.592592592592595,2.2745571658615136,10.795759527643586,0.5434782608695652,1.6774020397208802,12.909286097691895,0.35560923242082665,,0.0067096081588835215,0.4495437466451959,
61,11.439881910896403,16.27750939345142,38.45276435856146,2.187332259796028,10.68840579710145,0.5703166935050993,1.737788513150832,17.793880837359097,0.36902844873859364,,0.0067096081588835215,0.47638217928073,
62,11.460010735373054,16.23725174449812,38.5601180891036,2.1806226516371443,10.68840579710145,0.5703166935050993,1.6572732152442298,17.773752012882447,0.36902844873859364,,0.0067096081588835215,0.49651100375738055,
63,11.533816425120772,16.243961352657006,38.53327965646806,2.1806226516371443,10.674986580783683,0.5703166935050993,1.6841116478797638,17.68652710681696,0.36902844873859364,,0.0067096081588835215,0.5166398282340311,
64,10.997047772410092,16.398282340311326,38.99624261943102,2.15378421900161,10.587761674718196,0.5703166935050993,1.7176596886741815,17.68652710681696,0.36902844873859364,,0.0067096081588835215,0.5166398282340311,
65,6.971282877079979,22.765700483091788,36.513687600644126,2.200751476113795,10.57434245840043,0.5837359098228664,1.7310789049919484,17.74020397208803,0.30864197530864196,,0.0067096081588835215,0.6038647342995169,
66,6.944444444444445,22.6784755770263,36.45330112721417,2.24771873322598,10.57434245840043,0.5837359098228664,1.7981749865807837,17.800590445517983,0.30864197530864196,,0.0067096081588835215,0.6038647342995169,
67,6.977992485238862,22.665056360708533,36.312399355877616,2.24771873322598,10.527375201288244,0.630703166935051,1.90552871712292,17.780461621041333,0.3421900161030596,,0.0067096081588835215,0.6038647342995169,
68,7.011540526033279,22.638217928073,36.111111111111114,2.2611379495437465,10.527375201288244,0.630703166935051,2.1068169618894257,17.76033279656468,0.3421900161030596,,0.0067096081588835215,0.6038647342995169,
69,4.549114331723027,26.952495974235106,33.85668276972625,4.549114331723027,10.352925389157273,0.630703166935051,2.6435856146001075,15.5126140633387,0.3421900161030596,,0.0067096081588835215,0.6038647342995169,
70,4.609500805152979,26.8317230273752,33.8365539452496,4.5960815888352125,10.352925389157273,0.630703166935051,2.6637144390767578,15.4723564143854,0.3757380568974772,,0.0067096081588835215,0.6239935587761675,
71,4.690016103059581,26.704240472356414,33.742619431025226,4.777241009125067,10.339506172839506,0.6239935587761675,2.7241009125067097,15.378421900161031,0.3757380568974772,,0.0067096081588835215,0.6374127750939346,
72,4.730273752012883,26.422436929683307,33.21926999463231,4.985238862050457,10.312667740203972,0.6508319914117016,3.3816425120772946,15.304616210413311,0.3757380568974772,,0.0067096081588835215,0.6105743424584005,
73,4.8443370907139025,26.34863123993559,33.16559312936125,4.985238862050457,10.312667740203972,0.6374127750939346,3.421900161030596,15.257648953301127,0.3757380568974772,,0.0067096081588835215,0.644122383252818,
74,4.924852388620504,26.281535158346752,33.13875469672571,4.998658078368224,10.312667740203972,0.6374127750939346,3.421900161030596,15.237520128824476,0.3757380568974772,,0.0067096081588835215,0.6642512077294686,
75,4.904723564143854,26.25469672571122,33.071658615136876,5.025496511003757,10.312667740203972,0.6977992485238862,3.569511540526033,15.096618357487923,0.3757380568974772,,0.0067096081588835215,0.6843800322061192,
76,4.958400429414922,26.234567901234566,33.031400966183575,5.025496511003757,10.299248523886206,0.6977992485238862,3.5762211486849167,14.99597423510467,0.3757380568974772,,0.0067096081588835215,0.798443370907139,
77,4.978529253891573,26.214439076757916,33.011272141706925,5.025496511003757,10.299248523886206,0.7246376811594203,3.569511540526033,14.99597423510467,0.3757380568974772,,0.0067096081588835215,0.798443370907139,
78,4.99194847020934,26.174181427804616,32.9777241009125,5.045625335480408,10.299248523886206,0.7246376811594203,3.603059581320451,14.99597423510467,0.3757380568974772,0.0067096081588835215,0.0067096081588835215,0.798443370907139,
79,4.730273752012883,26.06682769726248,42.88781535158347,3.670155662909286,6.528448738593666,0.6776704240472357,3.0394524959742353,11.33923778851315,0.3757380568974772,0.0067096081588835215,0.0067096081588835215,0.6709608158883521,
80,4.810789049919484,25.764895330112722,42.68652710681696,3.7775093934514223,6.528448738593666,0.6776704240472357,3.099838969404187,11.60762211486849,0.3757380568974772,,0.0067096081588835215,0.6642512077294686,
81,4.85775630703167,25.717928073000536,42.592592592592595,3.7909286097691894,6.528448738593666,0.6776704240472357,3.180354267310789,11.60762211486849,0.3757380568974772,,0.0067096081588835215,0.6642512077294686,
82,4.864465915190553,25.657541599570585,42.45169082125604,3.844605475040258,6.501610305958132,0.6910896403650026,3.307836822329576,11.191626409017713,0.9326355340848095,,0.0067096081588835215,0.5501878690284487,
83,5.059044551798175,25.617283950617285,42.35775630703167,3.8714439076757916,6.474771873322598,0.6843800322061192,3.2474503488996245,11.171497584541063,0.9393451422436929,,0.0067096081588835215,0.5703166935050993,
84,5.112721417069243,25.577026301663984,42.33762748255502,3.8848631239935587,6.447933440687064,0.6843800322061192,3.240740740740741,11.137949543746645,0.9393451422436929,,0.0067096081588835215,0.630703166935051,
85,5.092592592592593,25.523349436392916,40.03623188405797,3.750670960815888,9.359903381642512,0.6843800322061192,2.871712292002147,11.137949543746645,0.9057971014492754,,0.0067096081588835215,0.630703166935051,
86,5.139559849704777,25.469672571121848,39.81481481481482,3.7640901771336552,9.333064949006978,0.7112184648416533,3.0595813204508855,11.044015029522276,0.9326355340848095,,0.0067096081588835215,0.7246376811594203,
87,5.173107890499195,25.42270531400966,39.56655931293612,4.05931293612453,9.333064949006978,0.7112184648416533,3.046162104133119,11.003757380568974,0.9460547504025765,,0.0067096081588835215,0.7313472893183038,
88,5.213365539452496,25.38244766505636,39.53972088030059,4.072732152442297,9.333064949006978,0.7112184648416533,3.0595813204508855,11.003757380568974,0.9796027911969941,,0.0067096081588835215,0.6977992485238862,
89,5.24020397208803,25.281803542673106,39.53972088030059,4.072732152442297,9.31964573268921,0.7917337627482555,3.0595813204508855,10.976918947933441,0.9796027911969941,,0.0067096081588835215,0.7313472893183038,
90,5.193236714975845,25.268384326355342,34.54777241009125,4.066022544283414,15.083199141170155,0.9594739667203436,2.3886205045625335,10.742082662372518,0.9796027911969941,,0.0067096081588835215,0.7648953301127214,
91,5.24020397208803,25.241545893719806,33.071658615136876,4.045893719806763,16.532474503488995,0.9594739667203436,2.4154589371980677,10.742082662372518,0.9796027911969941,,0.0067096081588835215,0.7648953301127214,
92,4.622920021470746,22.953569511540525,36.68142780461621,3.8378958668813743,16.358024691358025,1.1406333870101986,2.167203435319377,10.57434245840043,0.8923778851315083,,0.0067096081588835215,0.7648953301127214,
93,4.622920021470746,22.84621578099839,36.65458937198068,3.8848631239935587,16.371443907675793,1.1674718196457328,2.1940418679549114,10.567632850241546,0.9192163177670424,,0.0067096081588835215,0.7648953301127214,
94,4.669887278582931,22.805958132045088,36.621041331186255,3.911701556629093,16.35131508319914,1.1808910359634996,2.3349436392914655,10.433440687063875,0.9192163177670424,,0.0067096081588835215,0.7648953301127214,
95,4.770531400966184,22.77241009125067,36.50697799248524,3.9049919484702094,16.150026838432634,1.2815351583467525,2.509393451422437,10.413311862587225,0.9460547504025765,,0.0067096081588835215,0.7380568974771873,
96,4.87788513150832,22.75228126677402,36.40633387010199,3.8915727321524423,16.13660762211487,1.2815351583467525,2.5563607085346214,10.399892646269459,0.9460547504025765,,0.0067096081588835215,0.7380568974771873,0.0067096081588835215
97,4.904723564143854,22.564412238325282,36.33923778851315,4.072732152442297,16.1231884057971,1.2815351583467525,2.6301663982823404,10.38647342995169,0.9460547504025765,,0.0067096081588835215,0.7380568974771873,0.0067096081588835215
98,4.938271604938271,22.5577026301664,35.98362855609233,4.40150295222759,15.915190552871712,1.2815351583467525,2.8515834675254963,10.373054213633925,0.9460547504025765,,0.0067096081588835215,0.7380568974771873,0.0067096081588835215
99,4.871175523349437,21.67874396135266,35.829307568438004,4.408212560386473,17.411433172302736,1.2546967257112185,2.8515834675254963,9.997316156736447,0.9460547504025765,,0.0067096081588835215,0.7380568974771873,0.0067096081588835215
100,4.830917874396135,21.732420826623724,35.789049919484704,4.42163177670424,17.424852388620504,1.2546967257112185,2.8515834675254963,9.997316156736447,0.9460547504025765,,0.0067096081588835215,0.7380568974771873,0.0067096081588835215
101,4.871175523349437,21.70558239398819,35.74208266237252,4.441760601180891,17.424852388620504,1.2546967257112185,2.8650026838432634,9.997316156736447,0.9460547504025765,,0.0067096081588835215,0.7380568974771873,0.0067096081588835215
102,4.904723564143854,21.69887278582931,35.601180891035966,4.528985507246377,17.424852388620504,1.2546967257112185,2.8918411164787976,9.977187332259795,0.9460547504025765,,0.0067096081588835215,0.7581857219538379,0.0067096081588835215
103,4.924852388620504,21.672034353193773,35.57434245840043,4.53569511540526,17.424852388620504,1.2546967257112185,2.945517981749866,9.957058507783145,0.9460547504025765,,0.0067096081588835215,0.7581857219538379,
104,4.938271604938271,21.598228663446054,35.57434245840043,4.64975845410628,17.37788513150832,1.2278582930756843,2.9790660225442833,9.916800858829845,0.9594739667203436,,0.0067096081588835215,0.7581857219538379,0.013419216317767043
105,4.924852388620504,21.631776704240472,35.54079441760601,4.643048845947397,17.2638217928073,1.2949543746645196,2.9924852388620504,9.916800858829845,1.0131508319914118,,0.0067096081588835215,0.7581857219538379,0.013419216317767043
106,4.9651100375738055,21.631776704240472,35.46027911969941,4.616210413311863,17.250402576489535,1.3083735909822867,3.0595813204508855,9.916800858829845,1.0131508319914118,,0.0067096081588835215,0.7581857219538379,0.013419216317767043
107,4.944981213097155,20.705850778314545,35.28582930756844,4.676596886741814,17.163177670424048,1.288244766505636,3.1736446591519054,9.863123993558776,2.073268921095008,,0.0067096081588835215,0.8051529790660226,0.013419216317767043
108,4.602791196994096,18.95464304884595,35.198604401502955,4.502147074610843,19.390767579173378,1.3888888888888888,3.2004830917874396,9.849704777241008,2.073268921095008,,0.020128824476650563,0.8051529790660226,0.013419216317767043
109,4.569243156199678,18.67283950617284,34.655126140633385,5.233494363929147,19.14922168545357,1.5096618357487923,3.2206119162640903,9.836285560923242,2.3215244229736984,,0.013419216317767043,0.8051529790660226,0.013419216317767043
110,4.253891572732153,18.47826086956522,41.324476650563604,5.877616747181965,14.351851851851851,1.4358561460010735,2.7844873859366612,8.970746108427267,1.7914653784219001,,0.013419216317767043,0.7045088566827697,0.013419216317767043
111,4.126409017713366,18.46484165324745,45.22275899087493,5.407944176060118,11.869296833064949,1.221148684916801,2.2879763821792807,8.82313472893183,1.7444981213097155,,0.013419216317767043,0.8051529790660226,0.013419216317767043
112,4.180085882984434,18.46484165324745,44.598765432098766,6.085614600107354,11.862587224906065,1.1741814278046163,2.2611379495437465,8.796296296296296,1.7444981213097155,,0.013419216317767043,0.8051529790660226,0.013419216317767043
113,4.146537842190016,18.17632850241546,44.41089640365003,6.085614600107354,11.77536231884058,1.2077294685990339,2.2745571658615136,8.729200214707461,2.3617820719269993,,0.013419216317767043,0.8051529790660226,0.013419216317767043
114,4.166666666666667,18.17632850241546,44.32367149758454,6.085614600107354,11.748523886205046,1.2278582930756843,2.3483628556092326,8.729200214707461,2.3617820719269993,,0.013419216317767043,0.8051529790660226,0.013419216317767043
115,4.200214707461084,18.17632850241546,44.20960815888352,6.085614600107354,11.647879763821793,1.2949543746645196,2.462426194310252,8.729200214707461,2.3617820719269993,,0.013419216317767043,0.8051529790660226,0.013419216317767043
116,4.206924315619967,18.17632850241546,44.03515834675255,6.085614600107354,11.647879763821793,1.2681159420289856,2.657004830917874,8.695652173913043,2.3617820719269993,,0.013419216317767043,0.8387010198604401,0.013419216317767043
117,4.26731078904992,17.85426731078905,43.525228126677405,6.8035426731078905,11.647879763821793,1.2681159420289856,2.7308105206655933,8.648684916800859,2.395330112721417,,0.013419216317767043,0.8319914117015567,0.013419216317767043
118,4.274020397208803,17.59259259259259,43.47155126140633,7.078636607622115,11.647879763821793,1.2681159420289856,2.757648953301127,8.641975308641975,2.395330112721417,,0.026838432635534086,0.8319914117015567,0.013419216317767043
119,4.320987654320987,17.58588298443371,43.364197530864196,7.058507783145465,11.621041331186259,1.3016639828234031,2.804616210413312,8.608427267847558,2.395330112721417,,0.026838432635534086,0.8990874932903918,0.013419216317767043
120,4.327697262479871,17.579173376274827,42.77375201288245,7.0383789586688135,11.600912506709609,1.3016639828234031,3.4420289855072466,8.601717659688674,2.3752012882447664,,0.026838432635534086,0.8990874932903918,0.03354804079441761
121,4.38137412775094,17.56575415995706,42.54562533548041,7.085346215780999,11.574074074074074,1.3083735909822867,3.535963499731616,8.756038647342995,2.3886205045625335,,0.026838432635534086,0.798443370907139,0.03354804079441761
122,4.367954911433173,17.49194847020934,42.49194847020934,7.1725711218464845,11.520397208803006,1.3083735909822867,3.6097691894793345,8.769457863660762,2.408749329039184,,0.026838432635534086,0.798443370907139,0.03354804079441761
123,4.146537842190016,17.418142780461622,42.09608158883521,7.1658615136876005,12.177938808373591,1.3083735909822867,3.6634460547504024,8.756038647342995,2.408749329039184,,0.026838432635534086,0.798443370907139,0.03354804079441761
124,4.206924315619967,17.384594739667204,42.03569511540526,7.139023081052066,12.177938808373591,1.3352120236178207,3.69699409554482,8.722490606548577,2.408749329039184,,0.026838432635534086,0.8319914117015567,0.03354804079441761
125,4.26731078904992,17.384594739667204,41.948470209339774,7.139023081052066,12.157809983896941,1.3217928073000538,3.7573805689747717,8.722490606548577,2.408749329039184,,0.026838432635534086,0.8319914117015567,0.03354804079441761
126,4.38137412775094,17.357756307031668,41.78073000536769,7.125603864734299,12.157809983896941,1.4090177133655395,3.7775093934514223,8.722490606548577,2.395330112721417,,0.026838432635534086,0.8319914117015567,0.03354804079441761
127,4.394793344068707,17.257112184648417,41.75389157273215,7.27992485238862,12.157809983896941,1.4090177133655395,3.8043478260869565,8.729200214707461,2.3349436392914655,,0.026838432635534086,0.8185721953837896,0.03354804079441761
128,4.53569511540526,17.21014492753623,41.706924315619965,7.2933440687063875,12.144390767579173,1.4090177133655395,3.797638217928073,8.715780998389693,2.3081052066559313,,0.026838432635534086,0.8185721953837896,0.03354804079441761
129,4.555823939881911,17.16988727858293,41.659957058507786,7.333601717659689,12.124261943102523,1.4358561460010735,3.8177670424047236,8.715780998389693,2.3081052066559313,,0.026838432635534086,0.8185721953837896,0.03354804079441761
130,4.528985507246377,17.11621041331186,41.44524959742351,7.360440150295223,12.117552334943639,1.596886741814278,4.019055287171229,8.59500805152979,2.281266774020397,,0.026838432635534086,0.8521202361782072,0.06038647342995169
131,4.5893719806763285,17.11621041331186,41.38486312399356,7.340311325818572,12.117552334943639,1.6237251744498122,4.019055287171229,8.561460010735374,2.281266774020397,,0.026838432635534086,0.8521202361782072,0.08722490606548577
132,4.690016103059581,17.03569511540526,41.33118625872249,7.353730542136339,12.117552334943639,1.596886741814278,4.05931293612453,8.561460010735374,2.2879763821792807,,0.026838432635534086,0.8521202361782072,0.08722490606548577
133,4.7638217928073,16.99543746645196,41.19028448738594,7.367149758454106,12.00348899624262,1.596886741814278,4.139828234031133,8.635265700483092,2.341653247450349,,0.026838432635534086,0.8521202361782072,0.08722490606548577
134,4.790660225442834,16.99543746645196,40.693773483628554,7.347020933977456,11.963231347289318,1.6371443907675791,4.636339237788513,8.621846484165324,2.328234031132582,,0.04696725711218465,0.8521202361782072,0.08722490606548577
135,4.8376274825550185,16.97530864197531,40.57300053676865,7.353730542136339,11.936392914653783,1.6371443907675791,4.696725711218465,8.621846484165324,2.3550724637681157,,0.04696725711218465,0.8521202361782072,0.11406333870101985
136,4.783950617283951,16.70692431561997,40.29790660225443,7.320182501341922,14.217659688674182,1.7713365539452497,4.924852388620504,7.051798174986581,2.01959205582394,,0.04696725711218465,0.7716049382716049,0.08722490606548577
137,4.884594739667204,16.626409017713364,40.24422973698336,7.353730542136339,14.070048309178745,1.9189479334406871,4.924852388620504,7.051798174986581,2.01959205582394,,0.04696725711218465,0.7716049382716049,0.08722490606548577
138,4.918142780461621,16.6129898013956,39.774557165861516,7.239667203435319,14.714170692431562,1.8988191089640365,4.864465915190553,7.051798174986581,2.01959205582394,,0.04696725711218465,0.7716049382716049,0.08722490606548577
139,4.931561996779388,16.53918411164788,39.70746108427268,7.266505636070853,14.707461084272678,1.9256575415995705,4.944981213097155,7.051798174986581,2.01959205582394,,0.04696725711218465,0.7716049382716049,0.08722490606548577
140,4.314278046162104,15.458937198067632,41.35131508319914,7.39398819108964,14.707461084272678,1.9256575415995705,4.9718196457326895,7.051798174986581,1.9189479334406871,,0.04696725711218465,0.7716049382716049,0.08722490606548577
141,4.253891572732153,15.35829307568438,46.13526570048309,7.273215244229737,12.775093934514224,1.8585614600107354,5.032206119162641,4.85775630703167,1.7579173376274826,,0.04696725711218465,0.5904455179817498,0.06038647342995169
142,4.247181964573269,15.029522275899087,45.90713902308105,7.326892109500805,12.432903918411165,1.9927536231884058,5.018786902844874,5.649490069779925,1.6975308641975309,,0.04696725711218465,0.5904455179817498,0.06038647342995169
143,4.274020397208803,15.009393451422437,45.833333333333336,7.347020933977456,12.385936661298981,2.0397208803005906,5.072463768115942,5.622651637144391,1.6975308641975309,,0.04696725711218465,0.6105743424584005,0.06038647342995169
144,4.327697262479871,14.982555018786902,45.799785292538914,7.387278582930757,12.379227053140097,2.0397208803005906,5.059044551798175,5.609232420826624,1.6975308641975309,,0.04696725711218465,0.6105743424584005,0.06038647342995169
145,4.334406870638754,14.955716586151368,45.60520665593129,7.407407407407407,12.332259796027913,2.0397208803005906,5.253623188405797,5.609232420826624,1.7444981213097155,,0.04696725711218465,0.6105743424584005,0.06038647342995169
146,4.374664519592056,14.928878153515834,45.410628019323674,7.37385936661299,12.332259796027913,2.0665593129361244,5.421363392377885,5.629361245303274,1.7444981213097155,,0.04696725711218465,0.6105743424584005,0.06038647342995169
147,4.374664519592056,14.80810520665593,45.34353193773484,7.4006977992485234,13.01663982823403,2.0665593129361244,5.401234567901234,5.092592592592593,1.778046162104133,,0.04696725711218465,0.6105743424584005,0.06038647342995169
148,4.367954911433173,14.781266774020397,45.29656468062265,7.434245840042942,12.962962962962964,2.0397208803005906,5.4549114331723025,5.025496511003757,1.778046162104133,,0.04696725711218465,0.7514761137949544,0.06038647342995169
149,4.394793344068707,14.781266774020397,45.289855072463766,7.434245840042942,12.962962962962964,2.0397208803005906,5.448201825013419,5.025496511003757,1.778046162104133,,0.03354804079441761,0.7514761137949544,0.06038647342995169
150,4.4753086419753085,14.781266774020397,45.22275899087493,7.434245840042942,12.808641975308642,2.0531400966183573,5.589103596349974,5.01207729468599,1.778046162104133,,0.03354804079441761,0.7514761137949544,0.06038647342995169
151,4.448470209339774,14.781266774020397,45.22275899087493,7.5281803542673105,12.661030595813205,2.0531400966183573,5.589103596349974,4.985238862050457,1.8250134192163177,0.03354804079441761,0.03354804079441761,0.7514761137949544,0.08722490606548577
152,4.49543746645196,14.620236178207193,45.1556629092861,7.6623725174449815,12.647611379495437,2.0531400966183573,5.649490069779925,4.9718196457326895,1.8250134192163177,0.03354804079441761,0.03354804079441761,0.7648953301127214,0.08722490606548577
153,4.528985507246377,14.512882447665056,44.907407407407405,7.9106280193236715,12.640901771336553,2.0531400966183573,5.703166935050993,4.9718196457326895,1.8518518518518519,0.03354804079441761,0.03354804079441761,0.7648953301127214,0.08722490606548577
154,4.508856682769726,14.264626945786366,44.880568974771876,7.716049382716049,12.600644122383253,2.0665593129361244,5.723295759527644,4.9718196457326895,2.3483628556092326,0.03354804079441761,0.03354804079441761,0.7648953301127214,0.08722490606548577
155,4.508856682769726,14.231078904991948,44.47128287707998,7.716049382716049,12.587224906065487,2.0665593129361244,6.179549114331723,4.9651100375738055,2.3617820719269993,0.03354804079441761,0.03354804079441761,0.7716049382716049,0.07380568974771873
156,4.49543746645196,14.210950080515298,43.974771873322595,7.716049382716049,12.587224906065487,2.0665593129361244,6.702898550724638,4.944981213097155,2.3617820719269993,0.03354804079441761,0.03354804079441761,0.798443370907139,0.07380568974771873
157,4.643048845947397,14.231078904991948,43.84057971014493,7.722758990874933,12.47987117552335,2.0933977455716586,6.769994632313473,4.944981213097155,2.3349436392914655,0.03354804079441761,0.03354804079441761,0.798443370907139,0.07380568974771873
158,4.683306494900698,14.217659688674182,43.74664519592056,7.7361782071927,12.47987117552335,2.0933977455716586,6.857219538378959,4.911433172302737,2.3349436392914655,0.03354804079441761,0.03354804079441761,0.798443370907139,0.07380568974771873
159,4.683306494900698,14.197530864197532,43.69296833064949,7.809983896940419,12.432903918411165,2.0799785292538915,6.910896403650026,4.918142780461621,2.3349436392914655,0.03354804079441761,0.03354804079441761,0.798443370907139,0.07380568974771873
160,4.690016103059581,14.197530864197532,43.69296833064949,7.809983896940419,12.406065485775631,2.1068169618894257,6.884057971014493,4.911433172302737,2.3349436392914655,0.06038647342995169,0.03354804079441761,0.798443370907139,0.07380568974771873
161,4.7101449275362315,14.13714439076758,43.53193773483628,7.803274288781535,12.392646269457863,2.1739130434782608,7.03166935050993,4.938271604938271,2.281266774020397,0.06038647342995169,0.03354804079441761,0.798443370907139,0.10735373054213634
162,4.777241009125067,13.922436929683306,43.484970477724104,7.930756843800322,12.392646269457863,2.15378421900161,7.085346215780999,4.938271604938271,2.3215244229736984,0.06038647342995169,0.03354804079441761,0.7917337627482555,0.10735373054213634
163,4.8376274825550185,13.895598497047773,43.39774557165862,7.87037037037037,12.365807836822329,2.0933977455716586,7.092055823939882,5.025496511003757,2.395330112721417,0.06038647342995169,0.03354804079441761,0.8252818035426731,0.10735373054213634
164,4.8376274825550185,13.895598497047773,43.37090713902308,7.87037037037037,12.365807836822329,2.0933977455716586,7.098765432098766,5.025496511003757,2.395330112721417,0.08051529790660225,0.03354804079441761,0.8252818035426731,0.10735373054213634
165,4.951690821256038,13.868760064412239,43.16961889425657,7.877079978529254,12.338969404186795,2.0933977455716586,7.226247987117552,5.005367686527107,2.4221685453569513,0.08051529790660225,0.03354804079441761,0.8252818035426731,0.10735373054213634
166,4.978529253891573,13.868760064412239,42.86768652710682,7.803274288781535,12.305421363392378,2.1604938271604937,6.9310252281266775,5.656199677938808,2.3886205045625335,0.05367686527106817,0.03354804079441761,0.8454106280193237,0.10735373054213634
167,4.9651100375738055,13.868760064412239,42.8341384863124,7.803274288781535,12.305421363392378,2.187332259796028,6.937734836285561,5.656199677938808,2.4020397208803006,0.05367686527106817,0.03354804079441761,0.8454106280193237,0.10735373054213634
168,5.018786902844874,13.841921631776705,42.78046162104133,7.823403113258186,12.285292538915728,2.187332259796028,6.964573268921095,5.629361245303274,2.4020397208803006,0.05367686527106817,0.03354804079441761,0.8722490606548577,0.10735373054213634
169,5.018786902844874,13.841921631776705,42.76033279656468,7.830112721417069,12.177938808373591,2.301395598497048,6.977992485238862,5.629361245303274,2.4020397208803006,0.05367686527106817,0.03354804079441761,0.8655394524959742,0.10735373054213634
170,5.0993022007514766,13.801663982823403,42.7133655394525,7.830112721417069,12.177938808373591,2.301395598497048,7.004830917874396,5.609232420826624,2.4020397208803006,0.05367686527106817,0.03354804079441761,0.8655394524959742,0.10735373054213634
171,5.146269457863661,13.774825550187868,42.612721417069245,7.830112721417069,12.177938808373591,2.301395598497048,7.071926999463232,5.589103596349974,2.4020397208803006,0.05367686527106817,0.03354804079441761,0.8990874932903918,0.10735373054213634
172,5.159688674181428,13.774825550187868,42.53891572732152,7.809983896940419,12.184648416532475,2.2946859903381642,7.118894256575416,5.589103596349974,2.4020397208803006,0.05367686527106817,0.03354804079441761,0.8990874932903918,0.14090177133655393
173,5.193236714975845,13.774825550187868,42.43827160493827,7.816693505099302,12.06387546967257,2.3349436392914655,7.246376811594203,5.589103596349974,2.4154589371980677,0.05367686527106817,0.03354804079441761,0.8990874932903918,0.14090177133655393
174,5.253623188405797,13.768115942028986,42.0625335480408,7.816693505099302,12.06387546967257,2.3349436392914655,7.575147611379496,5.5689747718733225,2.408749329039184,0.05367686527106817,0.03354804079441761,0.8990874932903918,0.1610305958132045
175,5.179817498658078,13.285024154589372,42.05582393988191,8.380300590445518,12.037037037037036,2.3349436392914655,7.601986044015029,5.5689747718733225,2.4154589371980677,0.05367686527106817,0.03354804079441761,0.8923778851315083,0.1610305958132045
176,5.152979066022544,13.271604938271604,40.33145464304884,8.36688137412775,13.828502415458937,2.3617820719269993,7.548309178743962,5.5689747718733225,2.4020397208803006,0.05367686527106817,0.06038647342995169,0.8923778851315083,0.1610305958132045
177,5.10601180891036,12.097423510466989,40.19055287171229,7.313472893183038,13.821792807300053,2.3617820719269993,7.635534084809447,5.595813204508857,4.7101449275362315,0.05367686527106817,0.06038647342995169,0.8923778851315083,0.1610305958132045
178,5.152979066022544,12.084004294149223,39.96913580246913,7.39398819108964,13.808373590982287,2.341653247450349,7.836822329575953,5.528717122920021,4.7168545356951155,0.05367686527106817,0.06038647342995169,0.8923778851315083,0.1610305958132045
179,5.152979066022544,12.070585077831455,39.53301127214171,7.407407407407407,13.808373590982287,2.341653247450349,8.272946859903382,5.528717122920021,4.7168545356951155,0.05367686527106817,0.06038647342995169,0.8923778851315083,0.1610305958132045
180,5.186527106816962,12.06387546967257,39.46591519055287,7.39398819108964,13.70101986044015,2.341653247450349,8.313204508856682,5.528717122920021,4.797369833601718,0.05367686527106817,0.06038647342995169,0.8923778851315083,0.20128824476650564
181,5.246913580246914,12.06387546967257,39.13714439076758,7.64224369296833,13.70101986044015,2.314814814814815,8.373590982286634,5.515297906602254,4.797369833601718,0.05367686527106817,0.06038647342995169,0.8923778851315083,0.20128824476650564
