,45,50,51,53,55,52,54,57,56,58,59,60,61
0,99.08078368223296,0.9057971014492754,0.013419216317767043,,,,,,,,,,
1,92.98845947396671,6.971282877079979,0.040257648953301126,,,,,,,,,,
2,90.07648953301127,9.655126140633387,0.16774020397208803,0.05367686527106817,0.04696725711218465,,,,,,,,
3,89.32501341921632,10.19189479334407,0.16774020397208803,0.11406333870101985,0.10064412238325282,0.10064412238325282,,,,,,,
4,82.03166935050993,17.3040794417606,0.20799785292538917,0.11406333870101985,0.24154589371980675,0.10064412238325282,,,,,,,
5,81.60225442834138,17.59259259259259,0.2885131508319914,0.11406333870101985,0.30193236714975846,0.10064412238325282,,,,,,,
6,79.20021470746109,19.90740740740741,0.322061191626409,0.11406333870101985,0.35560923242082665,0.10064412238325282,,,,,,,
7,77.5228126677402,21.4170692431562,0.322061191626409,0.1274825550187869,0.43612453032742887,0.17444981213097155,,,,,,,
8,71.92028985507247,26.549919484702095,0.38915727321524424,0.2885131508319914,0.6508319914117016,0.17444981213097155,0.026838432635534086,,,,,,
9,70.06172839506173,28.032742887815353,0.4428341384863124,0.30193236714975846,0.9460547504025765,0.1878690284487386,0.026838432635534086,,,,,,
10,66.0024154589372,31.588835212023618,0.5434782608695652,0.30193236714975846,1.0534084809447128,0.4562533548040794,0.05367686527106817,,,,,,
11,63.1105743424584,31.40096618357488,0.5568974771873323,0.30193236714975846,0.7179280730005367,3.8311862587224907,0.08051529790660225,,,,,,
12,62.446323134728935,31.83709071390231,0.6239935587761675,0.32877079978529256,0.798443370907139,3.844605475040258,0.12077294685990338,,,,,,
13,62.164519592055825,31.662640901771336,0.6642512077294686,0.7112184648416533,0.8856682769726248,3.770799785292539,0.11406333870101985,0.026838432635534086,,,,,
14,59.76918947933441,33.77616747181965,0.8655394524959742,0.7112184648416533,1.0399892646269457,3.616478797638218,0.19457863660762212,0.026838432635534086,,,,,
15,54.93827160493827,38.87546967257112,0.8722490606548577,0.4092860976918948,1.0735373054213635,3.6097691894793345,0.19457863660762212,0.026838432635534086,,,,,
16,54.78395061728395,38.5601180891036,0.8722490606548577,0.4495437466451959,1.2278582930756843,3.6634460547504024,0.41599570585077833,0.026838432635534086,,,,,
17,54.57595276435856,38.056897477187334,1.0131508319914118,0.4495437466451959,1.583467525496511,3.69699409554482,0.5166398282340311,0.08051529790660225,0.026838432635534086,,,,
18,53.67015566290929,38.25147611379496,1.0399892646269457,0.4562533548040794,1.9390767579173376,3.69699409554482,0.8387010198604401,0.08051529790660225,0.026838432635534086,,,,
19,51.71765968867418,39.99597423510467,1.2077294685990339,0.4562533548040794,1.9860440150295222,3.717122920021471,0.7917337627482555,0.10064412238325282,0.026838432635534086,,,,
20,50.966183574879224,39.18411164787977,1.1741814278046163,0.4830917874396135,2.0397208803005906,5.10601180891036,0.8588298443370908,0.1610305958132045,0.026838432635534086,,,,
21,50.5703166935051,39.231078904991946,1.247987117552335,0.5703166935050993,2.0397208803005906,5.119431025228127,1.0332796564680622,0.1610305958132045,0.026838432635534086,,,,
22,49.8389694041868,39.492753623188406,1.596886741814278,0.5501878690284487,2.15378421900161,5.119431025228127,1.0332796564680622,0.1878690284487386,0.026838432635534086,,,,
23,48.83252818035427,40.27106816961889,1.556629092860977,0.5971551261406334,2.301395598497048,5.193236714975845,1.0332796564680622,0.1878690284487386,0.026838432635534086,,,,
24,47.5979602791197,39.42565754159957,3.4017713365539453,0.5971551261406334,2.5295222758990876,5.173107890499195,1.0466988727858293,0.20128824476650564,0.026838432635534086,,,,
25,47.074610842726784,38.06360708534621,4.783950617283951,0.644122383252818,2.5697799248523885,5.233494363929147,1.3687600644122384,0.20128824476650564,0.06038647342995169,,,,
26,46.65190552871712,37.9495437466452,5.072463768115942,0.6575415995705851,2.703972088030059,5.260332796564681,1.402308105206656,0.20128824476650564,0.10064412238325282,,,,
27,45.2361782071927,39.15727321524423,4.985238862050457,0.7246376811594203,2.918679549114332,5.2066559312936125,1.4224369296833066,0.2214170692431562,0.1274825550187869,,,,
28,43.33064949006978,38.58024691358025,6.790123456790123,0.6977992485238862,2.771068169618894,4.53569511540526,2.985775630703167,0.20799785292538917,0.10064412238325282,,,,
29,42.92807300053677,38.57353730542136,6.904186795491143,0.7917337627482555,2.757648953301127,4.542404723564144,3.1468062265163717,0.20799785292538917,0.14761137949543746,,,,
30,34.628287707997856,47.24235104669887,6.595544820182502,0.7917337627482555,2.8113258185721954,4.40150295222759,3.126677402039721,0.24825550187869028,0.15432098765432098,,,,
31,33.051529790660226,46.544551798174986,10.23215244229737,0.8051529790660226,2.818035426731079,4.193505099302201,1.9189479334406871,0.24825550187869028,0.1878690284487386,,,,
32,31.87734836285561,47.40338164251208,10.238862050456254,0.8051529790660226,2.932098765432099,4.2270531400966185,1.9927536231884058,0.2616747181964573,0.24825550187869028,0.013419216317767043,,,
33,27.999194847020934,52.95222758990875,9.581320450885668,0.630703166935051,2.2208803005904456,4.180085882984434,1.8853998926462694,0.23483628556092323,0.30193236714975846,0.013419216317767043,,,
34,26.84514224369297,53.96537842190016,9.426999463231347,0.7246376811594203,2.3617820719269993,4.213633923778851,1.9189479334406871,0.23483628556092323,0.2952227589908749,0.013419216317767043,,,
35,26.94578636607622,53.56951154052604,9.272678475577026,0.8118625872249061,2.576489533011272,4.206924315619967,1.9659151905528718,0.2214170692431562,0.41599570585077833,0.013419216317767043,,,
36,27.086688137412775,53.00590445517982,9.27938808373591,0.8521202361782072,2.871712292002147,4.1532474503489,2.1068169618894257,0.24154589371980675,0.38915727321524424,0.013419216317767043,,,
37,26.8719806763285,50.899087493290395,8.715780998389693,1.8585614600107354,2.985775630703167,5.669618894256575,2.3081052066559313,0.2549651100375738,0.4227053140096618,0.013419216317767043,,,
38,26.932367149758456,50.50322061191626,8.252818035426731,1.9592055823939882,3.180354267310789,5.683038110574342,2.717391304347826,0.2683843263553409,0.48980139559849706,0.013419216317767043,,,
39,25.13419216317767,52.08668813741278,8.105206655931294,1.9524959742351047,3.4420289855072466,5.629361245303274,2.8650026838432634,0.2683843263553409,0.5032206119162641,0.013419216317767043,,,
40,24.986580783682232,51.630434782608695,8.172302737520129,2.3483628556092326,3.569511540526033,5.595813204508857,2.885131508319914,0.2952227589908749,0.5032206119162641,0.013419216317767043,,,
41,24.832259796027913,50.986312399355874,8.474235104669887,2.4020397208803006,3.844605475040258,5.636070853462158,2.932098765432099,0.2952227589908749,0.5837359098228664,0.013419216317767043,,,
42,24.745034889962426,50.456253354804076,8.521202361782072,2.536231884057971,3.9586688137412773,5.676328502415459,2.932098765432099,0.28180354267310787,0.8521202361782072,0.040257648953301126,,,
43,24.590713902308106,49.5504562533548,9.118357487922705,2.8381642512077296,4.03918411164788,5.636070853462158,2.965646806226516,0.32877079978529256,0.8923778851315083,0.040257648953301126,,,
44,24.16129898013956,46.85319377348363,9.433709071390231,2.281266774020397,4.51556629092861,8.21256038647343,3.2675791733762747,0.3757380568974772,0.8856682769726248,0.013419216317767043,,,
45,23.49704777241009,41.29092860976919,16.861245303274288,2.254428341384863,4.133118625872249,7.816693505099302,3.2675791733762747,0.3421900161030596,0.5099302200751477,0.026838432635534086,,,
46,22.034353193773484,39.84836285560923,20.598497047772412,2.15378421900161,4.045893719806763,7.25979602791197,3.2004830917874396,0.3153515834675255,0.5166398282340311,0.026838432635534086,,,
47,21.470746108427267,39.53972088030059,22.249060654857757,2.1135265700483092,3.8311862587224907,6.66935050993022,3.113258185721954,0.3488996242619431,0.6374127750939346,0.026838432635534086,,,
48,21.410359634997317,39.331723027375205,22.094739667203434,2.1940418679549114,4.092860976918948,6.729736983360172,3.099838969404187,0.3488996242619431,0.6709608158883521,0.026838432635534086,,,
49,21.28287707997853,37.815351583467525,23.678207192699947,2.214170692431562,3.9184111647879765,6.723027375201288,3.180354267310789,0.39586688137412773,0.7648953301127214,0.026838432635534086,,,
50,21.450617283950617,37.33225979602791,23.51046698872786,2.1940418679549114,4.159957058507783,6.769994632313473,3.2541599570585076,0.4294149221685454,0.8588298443370908,0.040257648953301126,,,
51,21.3768115942029,37.30542136339238,23.423242082662373,2.200751476113795,4.26731078904992,6.736446591519055,3.294417606011809,0.4428341384863124,0.9125067096081588,0.040257648953301126,,,
52,21.26945786366076,36.560654857756305,23.839237788513152,2.4221685453569513,4.294149221685454,6.622383252818035,3.6231884057971016,0.46967257112184646,0.8722490606548577,0.026838432635534086,,,
53,21.34326355340848,36.43317230273752,23.67149758454106,2.4020397208803006,4.334406870638754,6.662640901771336,3.7037037037037037,0.47638217928073,0.9460547504025765,0.026838432635534086,,,
54,21.061460010735374,35.39318303811057,25.0,2.3752012882447664,4.253891572732153,6.407675791733762,3.978797638217928,0.47638217928073,1.0064412238325282,0.026838432635534086,0.020128824476650563,,
55,21.155394524959743,34.796027911969944,23.013955984970476,3.099838969404187,4.327697262479871,6.481481481481482,5.542136339237788,0.47638217928073,1.0399892646269457,0.026838432635534086,0.03354804079441761,0.0067096081588835215,
56,20.69243156199678,32.098765432098766,25.161030595813205,4.602791196994096,4.146537842190016,6.414385399892646,5.287171229200215,0.47638217928073,1.0534084809447128,0.026838432635534086,0.03354804079441761,0.0067096081588835215,
57,20.8064949006978,31.736446591519055,25.006709608158882,4.64975845410628,4.300858829844337,6.367418142780462,5.428073000536768,0.47638217928073,1.133923778851315,0.05367686527106817,0.03354804079441761,0.0067096081588835215,
58,20.162372517444982,32.52818035426731,23.17498658078368,4.180085882984434,6.119162640901771,6.260064412238325,5.421363392377885,0.5099302200751477,1.5230810520665594,0.08051529790660225,0.03354804079441761,0.0067096081588835215,
59,18.88083735909823,36.11782071926999,22.34970477724101,4.066022544283414,5.58239398819109,6.025228126677402,4.958400429414922,0.41599570585077833,1.482823403113258,0.05367686527106817,0.06038647342995169,0.0067096081588835215,
60,19.03515834675255,35.79575952764358,22.31615673644659,3.938539989264627,5.71658615136876,6.011808910359635,4.918142780461621,0.46296296296296297,1.5901771336553945,0.12077294685990338,0.08722490606548577,0.0067096081588835215,
61,18.98148148148148,35.95679012345679,22.14170692431562,3.9049919484702094,5.750134192163178,5.9514224369296835,4.944981213097155,0.46296296296296297,1.6908212560386473,0.12077294685990338,0.08722490606548577,0.0067096081588835215,
62,18.894256575415994,35.98362855609233,22.114868491680085,3.9184111647879765,5.850778314546431,5.924584004294149,4.911433172302737,0.5166398282340311,1.6639828234031133,0.1274825550187869,0.08722490606548577,0.0067096081588835215,
63,19.0552871712292,35.51395598497048,21.994095544820183,3.9452495974235107,6.159420289855072,5.897745571658615,4.978529253891573,0.5300590445517982,1.7042404723564144,0.1274825550187869,0.08722490606548577,0.0067096081588835215,
64,18.666129898013956,35.909822866344605,21.618357487922705,3.9989264626945786,6.253354804079442,5.877616747181965,5.038915727321524,0.5300590445517982,1.8853998926462694,0.1274825550187869,0.08722490606548577,0.0067096081588835215,
65,17.632850241545892,37.05716586151369,21.470746108427267,3.9720880300590444,6.213097155126141,5.810520665593129,5.193236714975845,0.5300590445517982,1.8719806763285025,0.15432098765432098,0.08722490606548577,0.0067096081588835215,
66,17.14975845410628,35.65485775630703,22.665056360708533,4.005636070853462,6.749865807836822,5.71658615136876,5.46833064949007,0.5032206119162641,1.8384326355340848,0.15432098765432098,0.08722490606548577,0.0067096081588835215,
67,16.485507246376812,34.77589908749329,24.61755233494364,4.05931293612453,6.5485775630703165,5.6964573268921095,5.132850241545894,0.49651100375738055,1.9189479334406871,0.17444981213097155,0.08722490606548577,0.0067096081588835215,
68,16.552603327965645,34.447128287708,24.349168008588297,4.079441760601181,6.790123456790123,5.756843800322061,5.186527106816962,0.5166398282340311,2.0531400966183573,0.17444981213097155,0.08722490606548577,0.0067096081588835215,
69,16.5727321524423,33.964036500268385,24.18142780461621,4.327697262479871,6.998121309715513,5.776972624798712,5.159688674181428,0.5233494363929146,2.214170692431562,0.17444981213097155,0.10064412238325282,0.0067096081588835215,
70,15.063070316693505,37.82206119162641,20.263016639828233,4.871175523349437,6.810252281266774,7.897208803005904,4.468599033816425,0.5233494363929146,1.9994632313472893,0.17444981213097155,0.10064412238325282,0.0067096081588835215,
71,14.284755770263017,37.36580783682233,21.28287707997853,4.696725711218465,7.25979602791197,7.682501341921632,4.374664519592056,0.5367686527106817,2.2208803005904456,0.17444981213097155,0.11406333870101985,0.0067096081588835215,
72,14.31159420289855,37.03703703703704,21.256038647342994,4.696725711218465,7.461084272678476,7.702630166398282,4.367954911433173,0.5636070853462157,2.24771873322598,0.20799785292538917,0.14090177133655393,0.0067096081588835215,
73,14.472624798711756,36.66129898013956,21.128556092324207,4.750402576489533,7.689210950080516,7.635534084809447,4.448470209339774,0.6038647342995169,2.2208803005904456,0.2683843263553409,0.11406333870101985,0.0067096081588835215,
74,14.412238325281804,35.11808910359635,22.6784755770263,4.643048845947397,7.635534084809447,7.917337627482555,4.361245303274289,0.6172839506172839,2.227589908749329,0.2683843263553409,0.11406333870101985,0.0067096081588835215,
75,14.61352657004831,34.796027911969944,22.014224369296834,4.636339237788513,8.158883521202362,7.950885668276973,4.5960815888352125,0.6172839506172839,2.2342995169082127,0.2616747181964573,0.11406333870101985,0.0067096081588835215,
76,13.875469672571121,32.83682232957595,23.906333870101985,6.166129898013956,8.064949006977992,7.320182501341922,4.64975845410628,0.6776704240472357,2.0933977455716586,0.2885131508319914,0.11406333870101985,0.0067096081588835215,
77,13.848631239935587,32.648953301127214,23.289049919484704,6.286902844873859,8.158883521202362,7.937466451959206,4.582662372517445,0.6776704240472357,2.1135265700483092,0.2885131508319914,0.1610305958132045,0.0067096081588835215,
78,14.049919484702093,32.43424584004294,23.309178743961354,6.226516371443908,8.199141170155663,7.883789586688137,4.549114331723027,0.6977992485238862,2.1739130434782608,0.30864197530864196,0.1610305958132045,0.0067096081588835215,
79,14.04320987654321,32.360440150295226,23.05421363392378,6.213097155126141,8.266237251744498,7.7898550724637685,4.64975845410628,0.7716049382716049,2.3550724637681157,0.32877079978529256,0.1610305958132045,0.0067096081588835215,
80,13.305152979066023,30.18652710681696,29.441760601180892,5.24020397208803,7.823403113258186,6.508319914117015,4.4753086419753085,0.7581857219538379,1.9122383252818036,0.20799785292538917,0.13419216317767044,0.0067096081588835215,
81,11.963231347289318,31.884057971014492,28.972088030059044,5.179817498658078,7.924047235641439,6.4412238325281805,4.51556629092861,0.7447665056360708,1.9390767579173376,0.27509393451422437,0.12077294685990338,0.040257648953301126,
82,12.030327428878154,31.4345142243693,28.75738056897477,5.112721417069243,8.527911969940956,6.454643048845948,4.575952764358561,0.7447665056360708,1.9726247987117553,0.24825550187869028,0.10064412238325282,0.040257648953301126,
83,12.097423510466989,31.273483628556093,28.529253891572733,5.508588298443371,8.205850778314547,6.870638754696726,4.334406870638754,0.7380568974771873,2.046430488459474,0.2683843263553409,0.08722490606548577,0.040257648953301126,
84,12.23161567364466,30.92458400429415,28.207192699946322,5.562265163714439,8.494363929146537,6.850509930220075,4.455179817498658,0.7648953301127214,2.0933977455716586,0.2885131508319914,0.08722490606548577,0.040257648953301126,
85,11.41304347826087,32.024959742351044,27.428878153515836,5.300590445517981,8.467525496511003,7.555018786902845,4.616210413311863,0.8185721953837896,1.9659151905528718,0.28180354267310787,0.08722490606548577,0.040257648953301126,
86,11.493558776167472,31.82367149758454,26.952495974235106,5.434782608695652,8.796296296296296,7.367149758454106,4.669887278582931,0.8185721953837896,2.214170692431562,0.28180354267310787,0.10735373054213634,0.040257648953301126,
87,11.09098228663446,30.971551261406333,28.133387010198604,5.508588298443371,8.702361782071927,7.206119162640902,4.864465915190553,0.8454106280193237,2.254428341384863,0.27509393451422437,0.08722490606548577,0.06038647342995169,
88,11.211755233494364,30.709876543209877,27.67042404723564,5.58239398819109,9.104938271604938,7.232957595276436,4.871175523349437,0.8923778851315083,2.314814814814815,0.2616747181964573,0.08722490606548577,0.06038647342995169,
89,11.3593666129898,30.407944176060116,27.415458937198068,5.736714975845411,9.232420826623725,7.112184648416532,4.918142780461621,1.0466988727858293,2.341653247450349,0.28180354267310787,0.08722490606548577,0.06038647342995169,
90,11.272141706924316,30.02549651100376,27.147074610842726,5.917874396135265,9.655126140633387,7.118894256575416,4.9718196457326895,1.06682769726248,2.395330112721417,0.28180354267310787,0.08722490606548577,0.06038647342995169,
91,11.419753086419753,29.770531400966185,26.798174986580783,5.810520665593129,9.822866344605474,6.998121309715513,5.0993022007514766,1.107085346215781,2.6435856146001075,0.36902844873859364,0.08722490606548577,0.06038647342995169,0.013419216317767043
92,11.2788513150832,27.811325818572197,29.274020397208805,5.763553408480945,9.574610842726784,6.662640901771336,5.293880837359098,1.06682769726248,2.7442297369833604,0.36902844873859364,0.08722490606548577,0.06038647342995169,0.013419216317767043
93,11.231884057971014,27.76435856146001,28.871443907675793,5.723295759527644,9.520933977455716,6.884057971014493,5.508588298443371,1.1272141706924315,2.804616210413312,0.3757380568974772,0.10064412238325282,0.07380568974771873,0.013419216317767043
94,11.231884057971014,26.435856146001072,28.723832528180353,7.125603864734299,9.789318303811058,6.541867954911433,5.629361245303274,1.133923778851315,2.8381642512077296,0.3757380568974772,0.10064412238325282,0.07380568974771873,
95,11.325818572195384,26.207729468599034,28.468867418142782,7.266505636070853,9.762479871175524,6.790123456790123,5.649490069779925,1.1003757380568975,2.885131508319914,0.3757380568974772,0.0939345142243693,0.07380568974771873,
96,11.191626409017713,25.483091787439612,29.770531400966185,7.159151905528717,9.39345142243693,6.595544820182502,5.837359098228664,1.0601180891035964,2.965646806226516,0.3757380568974772,0.0939345142243693,0.07380568974771873,
97,11.231884057971014,25.261674718196456,29.1532474503489,7.434245840042942,9.406870638754697,6.884057971014493,5.783682232957595,1.0601180891035964,3.2206119162640903,0.39586688137412773,0.0939345142243693,0.07380568974771873,
98,11.017176596886742,25.033548040794418,28.931830381105744,7.601986044015029,9.628287707997853,7.098765432098766,5.8239398819108965,1.093666129898014,3.207192699946323,0.3757380568974772,0.0939345142243693,0.0939345142243693,
99,11.20504562533548,24.550456253354803,27.47584541062802,7.7898550724637685,9.668545356951155,8.55475040257649,5.991680085882985,1.0869565217391304,3.126677402039721,0.36231884057971014,0.0939345142243693,0.0939345142243693,
100,11.285560923242082,24.282071926999464,28.26086956521739,7.856951154052603,9.534353193773484,7.548309178743962,6.293612453032743,1.0802469135802468,3.307836822329576,0.36231884057971014,0.0939345142243693,0.0939345142243693,
101,11.406333870101985,24.060654857756308,27.91867954911433,7.7898550724637685,9.601449275362318,7.581857219538379,6.394256575415996,1.0802469135802468,3.616478797638218,0.36231884057971014,0.0939345142243693,0.0939345142243693,
102,11.56736446591519,23.101180891035963,27.851583467525497,7.742887815351583,9.5276435856146,8.460815888352121,6.421095008051529,1.0735373054213635,3.6634460547504024,0.4025764895330113,0.0939345142243693,0.0939345142243693,
103,11.701556629092861,22.82608695652174,27.616747181964573,7.763016639828234,9.4873859366613,8.729200214707461,6.588835212023618,1.0534084809447128,3.616478797638218,0.4294149221685454,0.0939345142243693,0.0939345142243693,
104,11.75523349436393,22.624798711755233,27.36849168008588,7.937466451959206,9.380032206119163,8.896940418679549,6.608964036500268,1.0802469135802468,3.7037037037037037,0.4562533548040794,0.0939345142243693,0.0939345142243693,
105,11.030595813204508,23.637949543746647,26.630434782608695,7.957595276435856,9.326355340848094,8.776167471819646,6.9243156199677935,1.0601180891035964,3.992216854535695,0.47638217928073,0.0939345142243693,0.0939345142243693,
106,10.950080515297907,23.389694041867955,26.52308105206656,7.944176060118089,9.31964573268921,8.997584541062801,7.092055823939882,1.06682769726248,4.005636070853462,0.5099302200751477,0.10735373054213634,0.0939345142243693,
107,10.849436392914654,22.906602254428343,26.133923778851315,8.232689210950081,9.286097691894794,9.03113258185722,7.64224369296833,1.0466988727858293,4.146537842190016,0.5233494363929146,0.10735373054213634,0.0939345142243693,
108,10.983628556092324,22.564412238325282,26.006441223832528,8.232689210950081,9.588030059044552,9.125067096081589,7.548309178743962,1.0131508319914118,4.159957058507783,0.5434782608695652,0.14090177133655393,0.0939345142243693,
109,11.144659151905529,21.920289855072465,27.180622651637144,8.272946859903382,9.245840042941492,9.118357487922705,7.4208266237251745,0.8521202361782072,4.03918411164788,0.5032206119162641,0.19457863660762212,0.0939345142243693,0.013419216317767043
110,10.071121846484166,30.152979066022546,21.866612989801396,9.125067096081589,8.641975308641975,7.9106280193236715,6.964573268921095,0.8387010198604401,3.656736446591519,0.5099302200751477,0.17444981213097155,0.07380568974771873,0.013419216317767043
111,9.856414385399892,28.985507246376812,23.49033816425121,9.192163177670425,8.3064949006978,7.7898550724637685,7.219538378958669,0.8319914117015567,3.569511540526033,0.49651100375738055,0.17444981213097155,0.07380568974771873,0.013419216317767043
112,9.688674181427805,28.529253891572733,22.24235104669887,9.245840042941492,8.340042941492216,9.73564143853999,7.179280730005368,0.8185721953837896,3.475577026301664,0.5099302200751477,0.14761137949543746,0.07380568974771873,0.013419216317767043
113,9.668545356951155,28.395061728395063,22.108158883521202,9.198872785829307,8.702361782071927,9.5276435856146,7.112184648416532,0.9460547504025765,3.556092324208266,0.5367686527106817,0.1610305958132045,0.07380568974771873,0.013419216317767043
114,9.5276435856146,27.865002683843265,23.62453032742888,8.984165324745035,8.635265700483092,8.997584541062801,7.065217391304348,0.9594739667203436,3.6097691894793345,0.5099302200751477,0.13419216317767044,0.07380568974771873,0.013419216317767043
115,9.588030059044552,27.583199141170155,23.416532474503487,8.970746108427267,8.715780998389693,9.25925925925926,7.085346215780999,0.9863123993558777,3.656736446591519,0.5166398282340311,0.13419216317767044,0.07380568974771873,0.013419216317767043
116,9.54777241009125,26.99946323134729,22.6784755770263,7.64224369296833,8.407139023081053,12.211486849168008,7.139023081052066,0.9326355340848095,3.730542136339238,0.48980139559849706,0.13419216317767044,0.07380568974771873,0.013419216317767043
117,9.695383789586689,26.529790660225444,22.36983360171766,7.695920558239399,8.849973161567364,12.359098228663447,7.105475040257649,0.95276435856146,3.743961352657005,0.48980139559849706,0.14090177133655393,0.05367686527106817,0.013419216317767043
118,9.88996242619431,26.382179280730007,22.14170692431562,7.763016639828234,8.836553945249598,12.218196457326892,7.139023081052066,1.0198604401502953,3.9184111647879765,0.4830917874396135,0.14090177133655393,0.05367686527106817,0.013419216317767043
119,9.876543209876543,26.127214170692433,21.960547504025765,7.769726247987117,9.004294149221685,12.157809983896941,7.185990338164252,0.9796027911969941,4.233762748255502,0.49651100375738055,0.14090177133655393,0.05367686527106817,0.013419216317767043
120,9.749060654857756,25.577026301663984,19.464573268921097,7.796564680622652,8.836553945249598,16.17686527106817,7.078636607622115,0.8990874932903918,3.730542136339238,0.49651100375738055,0.1274825550187869,0.05367686527106817,0.013419216317767043
121,9.73564143853999,25.47638217928073,19.746376811594203,7.796564680622652,8.970746108427267,15.854804079441761,6.944444444444445,0.9057971014492754,3.81105743424584,0.5300590445517982,0.1610305958132045,0.05367686527106817,0.013419216317767043
122,9.876543209876543,25.34219001610306,19.64573268921095,7.897208803005904,9.037842190016104,15.74074074074074,6.843800322061192,0.9863123993558777,3.8714439076757916,0.5300590445517982,0.1610305958132045,0.05367686527106817,0.013419216317767043
123,9.957058507783145,24.86580783682233,19.464573268921097,8.239398819108963,9.46725711218465,15.519323671497585,6.850509930220075,1.0534084809447128,3.8378958668813743,0.5166398282340311,0.1610305958132045,0.05367686527106817,0.013419216317767043
124,9.688674181427805,24.59742351046699,19.79334406870639,8.293075684380032,9.816156736446592,15.411969940955448,6.870638754696726,1.0534084809447128,3.784219001610306,0.5300590445517982,0.12077294685990338,0.040257648953301126,
125,9.541062801932368,24.235104669887278,19.79334406870639,8.373590982286634,10.111379495437467,15.425389157273216,6.850509930220075,1.1406333870101986,3.81105743424584,0.5300590445517982,0.12077294685990338,0.06709608158883522,
126,9.4873859366613,23.98684916800859,19.94766505636071,8.279656468062266,10.185185185185185,15.411969940955448,7.1725711218464845,1.1607622114868492,3.6768652710681695,0.5032206119162641,0.12077294685990338,0.06709608158883522,
127,9.380032206119163,23.63123993558776,18.9345142243693,10.077831454643048,10.017444981213098,15.324745034889963,7.253086419753086,1.1272141706924315,3.535963499731616,0.5300590445517982,0.12077294685990338,0.06709608158883522,
128,9.520933977455716,23.47691894793344,19.0150295222759,10.131508319914117,9.997316156736447,14.969135802469136,7.4006977992485234,1.2010198604401503,3.569511540526033,0.5300590445517982,0.12077294685990338,0.06709608158883522,
129,9.634997316156737,23.2085346215781,18.853998926462694,10.171765968867419,10.151637144390767,15.009393451422437,7.273215244229737,1.2681159420289856,3.717122920021471,0.5099302200751477,0.12077294685990338,0.08051529790660225,
130,9.27938808373591,21.994095544820183,18.531937734836287,10.225442834138486,10.205314009661835,16.820987654320987,7.246376811594203,1.2815351583467525,3.7037037037037037,0.5099302200751477,0.12077294685990338,0.08051529790660225,
131,9.406870638754697,21.604938271604937,18.659420289855074,10.037573805689748,10.258990874932904,16.774020397208805,7.367149758454106,1.5096618357487923,3.69699409554482,0.5032206119162641,0.10064412238325282,0.08051529790660225,
132,9.27938808373591,21.504294149221685,18.209876543209877,10.493827160493828,10.158346752549651,16.988727858293075,7.427536231884058,1.556629092860977,3.603059581320451,0.5636070853462157,0.13419216317767044,0.08051529790660225,
133,9.212292002147075,21.38352120236178,18.095813204508858,10.46027911969941,10.68840579710145,16.74718196457327,7.387278582930757,1.6237251744498122,3.6097691894793345,0.5770263016639828,0.13419216317767044,0.08051529790660225,
134,9.29951690821256,21.26945786366076,17.98174986580784,10.44015029522276,10.768921095008052,16.71363392377885,7.387278582930757,1.6639828234031133,3.6768652710681695,0.5837359098228664,0.13419216317767044,0.08051529790660225,
135,9.386741814278047,21.18894256575416,17.934782608695652,10.681696188942565,10.809178743961352,16.666666666666668,7.239667203435319,1.6170155662909287,3.7104133118625873,0.5568974771873323,0.1274825550187869,0.08051529790660225,
136,9.494095544820183,21.027911969940956,17.64626945786366,11.07085346215781,10.82259796027912,16.6935050993022,7.212828770799785,1.596886741814278,3.7238325281803544,0.5166398282340311,0.1274825550187869,0.06709608158883522,
137,9.353193773483628,20.893719806763286,17.498658078368223,11.285560923242082,10.916532474503489,16.5727321524423,7.494632313472893,1.596886741814278,3.6768652710681695,0.5166398282340311,0.1274825550187869,0.06709608158883522,
138,9.172034353193773,20.645464304884594,16.264090177133657,10.976918947933441,9.77589908749329,19.85373054213634,7.4208266237251745,1.7176596886741815,3.549382716049383,0.4227053140096618,0.1274825550187869,0.040257648953301126,0.03354804079441761
139,9.29951690821256,20.564949006977994,16.183574879227052,10.950080515297907,9.816156736446592,19.79334406870639,7.521470746108427,1.6975308641975309,3.5829307568438002,0.4025764895330113,0.1274825550187869,0.040257648953301126,0.020128824476650563
140,9.333064949006978,20.497852925389157,15.92860976918948,10.876274825550189,10.050993022007514,19.639023081052066,7.722758990874933,1.7444981213097155,3.5963499731615673,0.4227053140096618,0.1274825550187869,0.040257648953301126,0.020128824476650563
141,9.406870638754697,20.397208803005906,15.841384863123993,11.010466988727858,9.916800858829845,19.484702093397747,7.917337627482555,1.7981749865807837,3.5963499731615673,0.4428341384863124,0.1274825550187869,0.040257648953301126,0.020128824476650563
142,9.574610842726784,20.169082125603865,15.774288781535159,10.990338164251208,10.111379495437467,19.39747718733226,7.977724100912507,1.8518518518518519,3.502415458937198,0.46296296296296297,0.1274825550187869,0.040257648953301126,0.020128824476650563
143,8.84326355340848,29.97181964573269,12.788513150831992,9.634997316156737,8.957326892109501,17.404723564143854,7.4208266237251745,1.556629092860977,2.8918411164787976,0.36231884057971014,0.1274825550187869,0.040257648953301126,
144,8.997584541062801,29.87788513150832,12.714707461084272,9.796027911969942,8.896940418679549,17.257112184648417,7.440955448201825,1.6237251744498122,2.8650026838432634,0.36231884057971014,0.1274825550187869,0.040257648953301126,
145,9.219001610305957,29.542404723564143,12.667740203972087,9.816156736446592,9.044551798174986,17.20343531937735,7.474503488996243,1.6438539989264627,2.85829307568438,0.36231884057971014,0.1274825550187869,0.040257648953301126,
146,8.849973161567364,29.26731078904992,12.439613526570048,9.749060654857756,8.816425120772946,19.444444444444443,6.998121309715513,1.5901771336553945,2.328234031132582,0.3824476650563607,0.10735373054213634,0.026838432635534086,
147,8.903650026838433,29.01905528717123,12.627482555018787,9.614868491680086,8.78287707997853,19.223027375201287,7.320182501341922,1.6035963499731616,2.3886205045625335,0.3824476650563607,0.10735373054213634,0.026838432635534086,
148,8.970746108427267,28.764090177133657,12.533548040794418,9.688674181427805,8.863392377885132,19.39747718733226,7.367149758454106,1.5901771336553945,2.3215244229736984,0.36902844873859364,0.10735373054213634,0.026838432635534086,
149,9.158615136876007,28.442028985507246,12.439613526570048,9.66183574879227,9.037842190016104,19.384057971014492,7.494632313472893,1.596886741814278,2.281266774020397,0.36902844873859364,0.10735373054213634,0.026838432635534086,
150,9.158615136876007,27.945517981749866,12.654320987654321,9.675254965110037,9.25925925925926,19.269994632313473,7.5348899624261945,1.6505636070853462,2.3550724637681157,0.36231884057971014,0.10735373054213634,0.026838432635534086,
151,9.098228663446054,25.97289318303811,12.721417069243156,9.990606548577563,11.11111111111111,18.947933440687063,7.588566827697263,1.6572732152442298,2.408749329039184,0.3824476650563607,0.10735373054213634,0.013419216317767043,
152,9.145195920558239,25.939345142243692,12.600644122383253,10.084541062801932,11.037305421363392,19.02173913043478,7.628824476650563,1.6841116478797638,2.3349436392914655,0.3824476650563607,0.10735373054213634,0.03354804079441761,
153,9.03113258185722,25.603864734299517,14.304884594739667,10.02415458937198,10.916532474503489,18.189747718733226,7.353730542136339,1.724369296833065,2.301395598497048,0.3757380568974772,0.13419216317767044,0.040257648953301126,
154,9.078099838969404,25.301932367149757,14.210950080515298,10.339506172839506,11.05072463768116,18.02200751476114,7.353730542136339,1.7646269457863661,2.2342995169082127,0.46967257112184646,0.13419216317767044,0.040257648953301126,
155,9.078099838969404,25.201288244766506,14.023081052066559,10.312667740203972,10.95679012345679,18.230005367686527,7.481213097155126,1.7646269457863661,2.254428341384863,0.48980139559849706,0.14090177133655393,0.06709608158883522,
156,9.205582393988191,24.88593666129898,13.855340848094471,10.38647342995169,10.916532474503489,18.431293612453032,7.555018786902845,1.8250134192163177,2.2611379495437465,0.46967257112184646,0.14090177133655393,0.06709608158883522,
157,9.23913043478261,24.302200751476114,13.801663982823403,10.305958132045088,11.023886205045626,18.370907139023082,8.13875469672571,1.8585614600107354,2.2946859903381642,0.4562533548040794,0.14090177133655393,0.06709608158883522,
158,9.272678475577026,22.510735373054214,13.747987117552334,12.00348899624262,11.09098228663446,18.250134192163177,8.158883521202362,1.9524959742351047,2.341653247450349,0.4562533548040794,0.14761137949543746,0.06709608158883522,
159,9.353193773483628,22.477187332259795,13.7211486849168,12.010198604401502,11.09098228663446,18.183038110574344,8.185721953837897,1.9524959742351047,2.3550724637681157,0.4495437466451959,0.11406333870101985,0.10735373054213634,
160,9.440418679549115,22.29602791196994,13.620504562533547,12.070585077831455,11.11111111111111,17.954911433172303,8.279656468062266,2.0128824476650564,2.5563607085346214,0.4428341384863124,0.11406333870101985,0.10064412238325282,
161,9.608158883521202,22.18196457326892,13.56682769726248,11.969940955448202,10.976918947933441,17.659688674181428,8.474235104669887,2.24771873322598,2.623456790123457,0.47638217928073,0.11406333870101985,0.10064412238325282,
162,9.41358024691358,21.62506709608159,14.070048309178745,11.668008588298443,10.473698336017177,18.9345142243693,8.507783145464305,2.13365539452496,2.5026838432635534,0.4562533548040794,0.11406333870101985,0.10064412238325282,
163,9.386741814278047,21.557971014492754,14.04320987654321,11.54723564143854,10.466988727858293,18.813741277509394,8.896940418679549,2.147074610842727,2.5026838432635534,0.43612453032742887,0.10064412238325282,0.10064412238325282,
164,9.5276435856146,21.26274825550188,14.002952227589908,11.500268384326356,10.332796564680622,18.733225979602793,9.27938808373591,2.1403650026838434,2.563070316693505,0.46296296296296297,0.10064412238325282,0.0939345142243693,
165,9.581320450885668,21.088298443370906,14.016371443907676,11.56736446591519,10.359634997316157,18.699677938808374,9.245840042941492,2.086688137412775,2.690552871712292,0.46296296296296297,0.0939345142243693,0.10735373054213634,
166,9.634997316156737,20.967525496511005,14.04320987654321,11.60762211486849,10.23215244229737,18.585614600107355,9.326355340848094,2.0933977455716586,2.7643585614600106,0.46296296296296297,0.0939345142243693,0.1878690284487386,
167,9.614868491680086,20.699141170155663,13.862050456253355,11.600912506709609,10.326086956521738,18.49838969404187,9.742351046698873,2.13365539452496,2.791196994095545,0.46296296296296297,0.08051529790660225,0.1878690284487386,
168,9.272678475577026,19.867149758454108,17.398013955984972,10.929951690821255,10.312667740203972,17.28395061728395,9.500805152979066,2.01959205582394,2.690552871712292,0.4562533548040794,0.08051529790660225,0.1878690284487386,
169,9.453837895866881,19.79334406870639,17.344337090713903,10.802469135802468,10.272410091250672,17.216854535695116,9.500805152979066,1.9793344068706387,2.7979066022544283,0.5703166935050993,0.08051529790660225,0.1878690284487386,
170,9.480676328502415,19.504830917874397,17.062533548040793,10.68840579710145,10.258990874932904,17.122920021470748,10.332796564680622,1.932367149758454,2.7979066022544283,0.5501878690284487,0.08051529790660225,0.1878690284487386,
171,9.675254965110037,19.316961889425656,16.961889425657542,10.721953837895867,10.426731078904991,17.01556629092861,10.285829307568438,1.9860440150295222,2.7844873859366612,0.5501878690284487,0.08051529790660225,0.19457863660762212,
172,9.634997316156737,19.310252281266774,16.700214707461082,10.775630703166936,10.668276972624799,16.720343531937736,10.359634997316157,1.9860440150295222,3.046162104133119,0.5233494363929146,0.08051529790660225,0.19457863660762212,
173,9.675254965110037,19.135802469135804,16.606280193236714,10.789049919484702,10.795759527643586,16.700214707461082,10.540794417606012,1.9390767579173376,3.0193236714975846,0.5099302200751477,0.0939345142243693,0.19457863660762212,
174,9.541062801932368,19.04186795491143,16.42512077294686,11.540526033279656,10.849436392914654,16.35131508319914,10.446859903381643,1.9457863660762211,3.0193236714975846,0.5501878690284487,0.0939345142243693,0.19457863660762212,
175,9.581320450885668,19.0150295222759,16.25067096081589,11.701556629092861,10.95679012345679,16.33118625872249,10.453569511540525,1.8719806763285025,2.999194847020934,0.5501878690284487,0.0939345142243693,0.19457863660762212,
176,9.668545356951155,18.344068706387546,16.15673644659152,11.782071926999464,11.802200751476114,16.25738056897477,10.38647342995169,1.8518518518518519,2.945517981749866,0.5434782608695652,0.0939345142243693,0.16774020397208803,
177,9.816156736446592,18.290391841116477,16.06280193236715,11.721685453569512,11.735104669887278,16.183574879227052,10.393183038110575,1.8585614600107354,3.066290928609769,0.6374127750939346,0.07380568974771873,0.1610305958132045,
178,9.923510466988727,18.230005367686527,15.868223295759528,11.647879763821793,11.627750939345143,16.11647879763822,10.59447128287708,1.8585614600107354,3.2474503488996245,0.6508319914117016,0.10064412238325282,0.13419216317767044,
179,10.044283413848632,18.089103596349972,15.827965646806227,11.634460547504025,11.56736446591519,15.96886741814278,10.829307568438002,1.8786902844873858,3.2541599570585076,0.6575415995705851,0.10064412238325282,0.14761137949543746,
180,9.977187332259795,17.94820182501342,16.834406870638755,11.33923778851315,11.600912506709609,15.673644659151906,10.59447128287708,1.892109500805153,3.2004830917874396,0.6508319914117016,0.10064412238325282,0.1878690284487386,
181,9.668545356951155,19.350509930220074,16.170155662909288,11.198336017176597,11.600912506709609,15.378421900161031,10.621309715512615,1.9122383252818036,3.180354267310789,0.6172839506172839,0.10064412238325282,0.20128824476650564,
182,9.66183574879227,19.209608158883523,16.035963499731615,11.178207192699947,11.43317230273752,15.646806226516372,10.681696188942565,1.9994632313472893,3.2206119162640903,0.5636070853462157,0.15432098765432098,0.2147074610842727,
183,9.829575952764358,18.914385399892645,15.96886741814278,11.037305421363392,11.533816425120772,15.619967793880837,10.896403650026839,2.006172839506173,3.2340311325818574,0.5904455179817498,0.15432098765432098,0.2147074610842727,
184,9.849704777241008,18.840579710144926,16.06280193236715,11.003757380568974,11.480139559849706,15.599838969404187,10.856146001073537,2.100107353730542,3.227321524422974,0.6105743424584005,0.15432098765432098,0.20128824476650564,0.013419216317767043
185,9.822866344605474,18.666129898013956,16.022544283413847,11.211755233494364,11.486849168008588,15.411969940955448,10.943370907139023,2.15378421900161,3.3145464304884595,0.6105743424584005,0.15432098765432098,0.1878690284487386,0.013419216317767043
