,45,50,51,55,52,54,53,56,57,58,59,60,62
0,99.57729468599034,0.4227053140096618,,,,,,,,,,,
1,98.6983360171766,1.3016639828234031,,,,,,,,,,,
2,97.73215244229738,2.2611379495437465,0.0067096081588835215,,,,,,,,,,
3,93.5654857756307,6.427804616210413,0.0067096081588835215,,,,,,,,,,
4,92.45169082125604,7.541599570585078,0.0067096081588835215,,,,,,,,,,
5,88.6406333870102,11.325818572195384,0.0067096081588835215,0.026838432635534086,,,,,,,,,
6,88.22463768115942,11.741814278046162,0.0067096081588835215,0.026838432635534086,,,,,,,,,
7,86.99677938808374,12.969672571121846,0.0067096081588835215,0.026838432635534086,,,,,,,,,
8,86.47342995169082,13.291733762748256,0.12077294685990338,0.11406333870101985,,,,,,,,,
9,82.90391841116478,16.774020397208805,0.12077294685990338,0.16774020397208803,0.03354804079441761,,,,,,,,
10,82.13902308105207,17.438271604938272,0.12077294685990338,0.16774020397208803,0.03354804079441761,0.10064412238325282,,,,,,,
11,81.50161030595814,18.00858829844337,0.14761137949543746,0.16774020397208803,0.07380568974771873,0.10064412238325282,,,,,,,
12,78.91841116478798,20.591787439613526,0.14761137949543746,0.16774020397208803,0.07380568974771873,0.10064412238325282,,,,,,,
13,77.04643048845948,22.32957595276436,0.1274825550187869,0.322061191626409,0.07380568974771873,0.10064412238325282,,,,,,,
14,76.57004830917874,22.5577026301664,0.23483628556092323,0.3824476650563607,0.07380568974771873,0.18115942028985507,,,,,,,
15,75.93263553408481,23.15485775630703,0.23483628556092323,0.3824476650563607,0.07380568974771873,0.18115942028985507,0.040257648953301126,,,,,,
16,75.18786902844874,23.65136876006441,0.3488996242619431,0.3824476650563607,0.20799785292538917,0.18115942028985507,0.040257648953301126,,,,,,
17,73.5373054213634,25.221417069243156,0.3488996242619431,0.3824476650563607,0.2885131508319914,0.18115942028985507,0.040257648953301126,,,,,,
18,72.24235104669887,26.31508319914117,0.3488996242619431,0.3824476650563607,0.3153515834675255,0.27509393451422437,0.12077294685990338,,,,,,
19,70.94739667203436,27.355072463768117,0.3488996242619431,0.3488996242619431,0.36231884057971014,0.3824476650563607,0.2549651100375738,,,,,,
20,68.84057971014492,29.320987654320987,0.4092860976918948,0.4092860976918948,0.36231884057971014,0.3824476650563607,0.27509393451422437,,,,,,
21,65.15029522275898,32.85024154589372,0.5233494363929146,0.4562533548040794,0.36231884057971014,0.3824476650563607,0.27509393451422437,,,,,,
22,59.33977455716586,38.821792807300056,0.39586688137412773,0.5636070853462157,0.2281266774020397,0.3824476650563607,0.2683843263553409,,,,,,
23,57.870370370370374,40.23752012882448,0.43612453032742887,0.5770263016639828,0.2281266774020397,0.3824476650563607,0.2683843263553409,,,,,,
24,57.45437466451959,40.24422973698336,0.5971551261406334,0.5837359098228664,0.1610305958132045,0.6239935587761675,0.33548040794417605,,,,,,
25,55.24020397208803,38.52657004830918,4.240472356414386,0.6843800322061192,0.30193236714975846,0.6709608158883521,0.33548040794417605,,,,,,
26,54.730273752012884,38.61379495437466,4.28743961352657,0.8454106280193237,0.30193236714975846,0.6709608158883521,0.4562533548040794,0.0939345142243693,,,,,
27,54.549114331723025,38.53327965646806,4.4820182501341925,0.8588298443370908,0.30193236714975846,0.7246376811594203,0.4562533548040794,0.0939345142243693,,,,,
28,54.3545356951154,38.405797101449274,4.542404723564144,1.107085346215781,0.3153515834675255,0.7246376811594203,0.4562533548040794,0.0939345142243693,,,,,
29,51.878690284487384,42.51207729468599,2.9723564143853998,1.1406333870101986,0.3153515834675255,0.7246376811594203,0.4562533548040794,,,,,,
30,51.37546967257112,42.961621041331185,3.012614063338701,1.1540526033279657,0.33548040794417605,0.7246376811594203,0.43612453032742887,,,,,,
31,50.95276435856146,43.17632850241546,3.012614063338701,1.1540526033279657,0.49651100375738055,0.7716049382716049,0.43612453032742887,,,,,,
32,50.71121846484165,40.15700483091788,3.0394524959742353,1.2748255501878691,3.5829307568438002,0.7716049382716049,0.46296296296296297,,,,,,
33,48.9398819108964,38.7211486849168,5.884326355340848,1.2815351583467525,3.8043478260869565,0.8789586688137413,0.4495437466451959,0.040257648953301126,,,,,
34,48.60440150295223,38.88217928073001,5.770263016639828,1.3955984970477724,3.864734299516908,0.8789586688137413,0.4495437466451959,0.15432098765432098,,,,,
35,48.49704777241009,38.77482555018787,5.844068706387547,1.5297906602254427,3.965378421900161,0.8722490606548577,0.4495437466451959,0.06709608158883522,,,,,
36,47.99382716049383,39.02308105206656,5.6964573268921095,1.6505636070853462,3.9049919484702094,0.9326355340848095,0.5971551261406334,0.0939345142243693,0.10735373054213634,,,,
37,47.57112184648417,39.2512077294686,5.522007514761138,1.9524959742351047,3.8714439076757916,0.9326355340848095,0.6172839506172839,0.14090177133655393,0.14090177133655393,,,,
38,46.67874396135266,40.17713365539453,5.475040257648954,1.8384326355340848,3.8714439076757916,0.9594739667203436,0.7179280730005367,0.14090177133655393,0.14090177133655393,,,,
39,46.59151905528717,40.13016639828234,5.501878690284487,1.9457863660762211,3.851315083199141,0.9594739667203436,0.7179280730005367,0.14090177133655393,0.1610305958132045,,,,
40,42.8743961352657,40.80112721417069,8.836553945249598,1.8988191089640365,3.7238325281803544,0.8387010198604401,0.7246376811594203,0.14090177133655393,0.1610305958132045,,,,
41,42.70665593129361,40.76757917337628,8.836553945249598,2.0128824476650564,3.7104133118625873,0.9125067096081588,0.7246376811594203,0.14090177133655393,0.1878690284487386,,,,
42,42.632850241545896,40.774288781535155,8.82313472893183,1.9860440150295222,3.864734299516908,0.9125067096081588,0.6776704240472357,0.14090177133655393,0.1878690284487386,,,,
43,40.49248523886205,43.23000536768653,8.219269994632313,2.187332259796028,3.8378958668813743,0.9125067096081588,0.6776704240472357,0.2549651100375738,0.1878690284487386,,,,
44,28.455448201825014,58.81642512077295,5.347557702630167,2.3483628556092326,3.4688674181427803,0.7447665056360708,0.3757380568974772,0.2549651100375738,0.1878690284487386,,,,
45,28.435319377348364,58.702361782071925,5.347557702630167,2.5026838432635534,3.435319377348363,0.7447665056360708,0.38915727321524424,0.2549651100375738,0.1878690284487386,,,,
46,28.25415995705851,58.601717659688674,5.340848094471283,2.7777777777777777,3.435319377348363,0.7716049382716049,0.3757380568974772,0.2549651100375738,0.1878690284487386,,,,
47,27.911969940955448,54.91814278046162,8.487654320987655,2.945517981749866,3.421900161030596,0.7648953301127214,0.3757380568974772,0.9863123993558777,0.1878690284487386,,,,
48,27.78448738593666,51.288244766505635,8.447396672034353,3.099838969404187,7.051798174986581,0.7648953301127214,0.3757380568974772,0.9997316156736447,0.1878690284487386,,,,
49,27.771068169618893,50.95276435856146,8.340042941492216,3.140096618357488,7.139023081052066,0.7648953301127214,0.5568974771873323,1.1473429951690821,0.1878690284487386,,,,
50,27.79790660225443,50.83870101986044,8.219269994632313,3.2004830917874396,7.139023081052066,0.8185721953837896,0.5568974771873323,1.2412775093934514,0.1878690284487386,,,,
51,26.496242619431026,44.14251207729468,19.350509930220074,2.2611379495437465,5.515297906602254,1.221148684916801,0.5300590445517982,0.38915727321524424,0.0939345142243693,,,,
52,26.261406333870102,42.03569511540526,18.572195383789587,2.3550724637681157,5.515297906602254,1.0265700483091786,3.81105743424584,0.32877079978529256,0.0939345142243693,,,,
53,26.25469672571122,41.89479334406871,18.35077831454643,2.5496511003757383,5.495169082125604,1.0265700483091786,3.844605475040258,0.46296296296296297,0.12077294685990338,,,,
54,26.1808910359635,41.84111647879764,17.96833064949007,2.8650026838432634,5.495169082125604,1.0265700483091786,3.844605475040258,0.6575415995705851,0.12077294685990338,,,,
55,26.160762211486848,41.59286097691895,17.847557702630166,3.1065485775630703,5.522007514761138,1.0265700483091786,3.844605475040258,0.7783145464304885,0.12077294685990338,,,,
56,25.97289318303811,34.876543209876544,17.76033279656468,2.831454643048846,5.421363392377885,0.9997316156736447,11.030595813204508,0.9796027911969941,0.1274825550187869,,,,
57,25.805152979066023,34.37332259796028,17.780461621041333,3.240740740740741,5.421363392377885,1.0869565217391304,11.117820719269995,1.0332796564680622,0.1274825550187869,0.013419216317767043,,,
58,25.81857219538379,34.13177670424047,17.753623188405797,3.2742887815351582,5.46833064949007,1.221148684916801,11.104401502952227,1.0534084809447128,0.14761137949543746,0.026838432635534086,,,
59,25.462962962962962,31.46135265700483,21.26945786366076,3.166935050993022,5.4549114331723025,1.0869565217391304,10.755501878690284,1.1808910359634996,0.14761137949543746,0.013419216317767043,,,
60,25.0402576489533,31.78341384863124,21.28287707997853,3.166935050993022,5.475040257648954,1.0869565217391304,10.755501878690284,1.247987117552335,0.14761137949543746,0.013419216317767043,,,
61,25.02012882447665,31.696188942565755,21.135265700483092,3.1535158346752548,5.475040257648954,1.2278582930756843,10.715244229736983,1.328502415458937,0.14761137949543746,0.10064412238325282,,,
62,24.94632313472893,31.447933440687063,20.94068706387547,3.6097691894793345,5.340848094471283,1.3486312399355878,10.701825013419215,1.2815351583467525,0.28180354267310787,0.10064412238325282,,,
63,24.785292538915726,31.112453032742888,20.933977455716587,3.8043478260869565,5.428073000536768,1.596886741814278,10.534084809447128,1.2681159420289856,0.43612453032742887,0.10064412238325282,,,
64,24.644390767579175,30.897745571658614,20.74610842726785,4.025764895330113,5.495169082125604,1.5901771336553945,10.21202361782072,1.5230810520665594,0.4428341384863124,0.4227053140096618,,,
65,24.490069779924852,31.04535695115405,20.397208803005906,4.166666666666667,5.495169082125604,1.5901771336553945,10.19189479334407,1.7444981213097155,0.4428341384863124,0.43612453032742887,,,
66,24.208266237251745,30.649490069779926,20.511272141706925,4.193505099302201,5.401234567901234,2.100107353730542,10.19189479334407,1.724369296833065,0.5837359098228664,0.43612453032742887,,,
67,24.255233494363928,30.515297906602253,20.33011272141707,4.300858829844337,5.401234567901234,2.100107353730542,10.218733225979603,1.8585614600107354,0.5837359098228664,0.43612453032742887,,,
68,23.792270531400966,30.723295759527645,20.202630166398283,4.461889425657541,5.414653784219001,2.227589908749329,10.124798711755233,1.9592055823939882,0.5837359098228664,0.5099302200751477,,,
69,23.691626409017715,29.864465915190554,18.793612453032743,4.274020397208803,5.414653784219001,2.1068169618894257,12.620772946859903,1.9592055823939882,0.5837359098228664,0.6910896403650026,,,
70,22.799248523886206,30.407944176060116,18.840579710144926,4.414922168545357,5.340848094471283,2.2074610842726785,12.72812667740204,1.9860440150295222,0.5837359098228664,0.6910896403650026,,,
71,22.77241009125067,30.280461621041333,18.780193236714975,4.441760601180891,5.35426731078905,2.3349436392914655,12.72812667740204,2.033011272141707,0.5837359098228664,0.6910896403650026,,,
72,22.67176596886742,30.17981749865808,18.753354804079443,4.528985507246377,5.360976918947934,2.341653247450349,12.640901771336553,2.100107353730542,0.7313472893183038,0.6910896403650026,,,
73,22.65834675254965,30.059044551798173,18.632581857219538,4.64975845410628,5.381105743424584,2.3617820719269993,12.627482555018787,2.200751476113795,0.7380568974771873,0.6910896403650026,,,
74,22.5979602791197,29.985238862050455,18.230005367686527,4.656468062265164,5.475040257648954,2.3483628556092326,12.674449812130971,2.5831991411701556,0.7648953301127214,0.6843800322061192,,,
75,22.477187332259795,29.924852388620504,18.209876543209877,4.696725711218465,5.642780461621041,2.341653247450349,12.654320987654321,2.5831991411701556,0.7648953301127214,0.7045088566827697,,,
76,22.24235104669887,30.018786902844873,18.203166935050994,4.817498658078368,5.642780461621041,2.3550724637681157,12.654320987654321,2.5966183574879227,0.7648953301127214,0.7045088566827697,,,
77,22.18196457326892,29.8040794417606,18.06897477187332,5.018786902844874,5.595813204508857,2.428878153515835,12.795222758990874,2.61003757380569,0.7648953301127214,0.7313472893183038,,,
78,21.806226516371442,29.482018250134193,16.337895866881375,5.112721417069243,8.266237251744498,2.563070316693505,12.781803542673108,2.3215244229736984,0.5971551261406334,0.7313472893183038,,,
79,21.74584004294149,29.159957058507782,16.465378421900162,5.052334943639291,8.400429414922169,2.677133655394525,12.855609232420827,2.2745571658615136,0.5971551261406334,0.7716049382716049,,,
80,21.638486312399355,29.13311862587225,16.411701556629094,5.0993022007514766,8.400429414922169,2.7442297369833604,12.848899624261943,2.3550724637681157,0.5971551261406334,0.7716049382716049,,,
81,21.591519055287172,28.918411164787976,16.512345679012345,5.072463768115942,9.5276435856146,2.8113258185721954,11.949812130971551,2.341653247450349,0.5434782608695652,0.7246376811594203,0.0067096081588835215,,
82,21.4170692431562,29.01905528717123,16.492216854535695,5.119431025228127,9.460547504025765,2.7844873859366612,11.976650563607086,2.5026838432635534,0.49651100375738055,0.7246376811594203,0.0067096081588835215,,
83,21.4170692431562,28.878153515834676,16.284219001610307,5.253623188405797,9.41358024691358,2.7979066022544283,11.882716049382717,2.5563607085346214,0.6642512077294686,0.8454106280193237,0.0067096081588835215,,
84,21.43719806763285,28.797638217928075,16.190284487385938,5.374396135265701,9.265968867418144,2.7979066022544283,11.788781535158346,2.636876006441224,0.798443370907139,0.9057971014492754,0.0067096081588835215,,
85,19.35721953837896,30.95813204508857,15.942028985507246,5.522007514761138,9.138486312399356,2.9388083735909825,11.708266237251744,2.717391304347826,0.798443370907139,0.9125067096081588,0.0067096081588835215,,
86,19.370638754696724,30.95813204508857,15.908480944712828,5.555555555555555,8.984165324745035,2.9388083735909825,11.735104669887278,2.690552871712292,0.9393451422436929,0.9125067096081588,0.0067096081588835215,,
87,19.162640901771336,30.797101449275363,15.92860976918948,5.730005367686527,8.917069243156199,2.932098765432099,11.761943102522812,2.871712292002147,1.0131508319914118,0.8789586688137413,0.0067096081588835215,,
88,18.491680085882983,30.112721417069242,15.888352120236178,5.636070853462158,8.682232957595277,3.0059044551798175,13.170960815888352,2.8784219001610305,1.247987117552335,0.8789586688137413,0.0067096081588835215,,
89,18.323939881910896,30.173107890499196,15.807836822329575,5.636070853462158,8.756038647342995,3.046162104133119,13.110574342458401,2.9253891572732154,1.3352120236178207,0.8789586688137413,0.0067096081588835215,,
90,17.753623188405797,29.22705314009662,17.881105743424584,5.501878690284487,8.776167471819646,2.589908749329039,13.063607085346217,2.9119699409554483,1.415727321524423,0.8789586688137413,,,
91,17.60601180891036,29.1935050993022,17.85426731078905,5.522007514761138,8.789586688137414,2.717391304347826,12.869028448738593,2.9253891572732154,1.5499194847020934,0.9728931830381106,,,
92,14.573268921095009,38.1105743424584,17.062533548040793,5.803811057434245,8.259527643585615,2.4020397208803006,8.514492753623188,2.9052603327965647,1.6438539989264627,0.7246376811594203,,,
93,14.445786366076222,37.9092860976919,17.176596886741816,5.844068706387547,8.205850778314547,2.6167471819645733,8.467525496511003,2.85829307568438,1.778046162104133,0.6977992485238862,,,
94,10.466988727858293,39.70746108427268,16.398282340311326,5.622651637144391,12.305421363392378,2.073268921095008,7.87037037037037,2.8784219001610305,1.9927536231884058,0.6843800322061192,,,
95,10.36634460547504,38.097155126140635,15.975577026301664,5.360976918947934,12.198067632850242,5.340848094471283,7.387278582930757,2.7509393451422435,1.90552871712292,0.6172839506172839,,,
96,10.399892646269459,37.92270531400966,15.975577026301664,5.508588298443371,12.177938808373591,5.46833064949007,7.4208266237251745,2.757648953301127,1.7847557702630166,0.5837359098228664,,,
97,10.379763821792807,37.63419216317767,15.291196994095545,6.199677938808374,12.130971551261407,5.522007514761138,7.14573268921095,3.1065485775630703,1.778046162104133,0.8118625872249061,,,
98,10.406602254428341,37.473161567364464,15.163714439076758,6.233225979602791,11.949812130971551,5.522007514761138,7.112184648416532,3.4151905528717124,1.865271068169619,0.8588298443370908,,,
99,8.964036500268385,38.56682769726248,15.029522275899087,6.561996779388084,11.79549114331723,5.609232420826624,7.112184648416532,3.6097691894793345,1.892109500805153,0.8588298443370908,,,
100,7.427536231884058,35.69511540526033,26.01315083199141,5.0858829844337095,9.621578099838969,5.213365539452496,6.515029522275899,2.167203435319377,1.402308105206656,0.8588298443370908,,,
101,7.467793880837359,35.581052066559316,25.791733762748255,5.300590445517981,9.628287707997853,5.347557702630167,6.380837359098229,2.2208803005904456,1.4224369296833066,0.8588298443370908,,,
102,7.212828770799785,35.601180891035966,28.723832528180353,5.173107890499195,9.453837895866881,5.112721417069243,4.206924315619967,2.3886205045625335,1.4358561460010735,0.6910896403650026,,,
103,7.118894256575416,34.95034889962426,28.488996242619432,5.186527106816962,10.869565217391305,4.468599033816425,4.193505099302201,2.576489533011272,1.4962426194310252,0.6508319914117016,,,
104,7.065217391304348,34.90338164251208,28.327965646806227,5.179817498658078,10.82259796027912,4.609500805152979,4.186795491143317,2.6502952227589907,1.6035963499731616,0.6508319914117016,,,
105,6.870638754696726,34.447128287708,27.549651100375737,4.911433172302737,10.943370907139023,4.42163177670424,5.911164787976382,2.6033279656468062,1.6639828234031133,0.6508319914117016,,0.026838432635534086,
106,6.8035426731078905,33.621846484165324,27.34836285560923,5.24020397208803,11.540526033279656,4.522275899087493,5.891035963499732,3.026033279656468,1.3955984970477724,0.5837359098228664,,0.026838432635534086,
107,6.769994632313473,33.13204508856683,27.334943639291467,5.629361245303274,11.460010735373054,4.656468062265164,5.884326355340848,3.0394524959742353,1.482823403113258,0.5837359098228664,,0.026838432635534086,
108,6.749865807836822,32.86366076221149,27.26784755770263,5.911164787976382,11.366076221148685,4.7168545356951155,5.964841653247451,3.0394524959742353,1.5096618357487923,0.5837359098228664,,0.026838432635534086,
109,6.749865807836822,32.46108427267848,27.106816961889425,6.286902844873859,11.305689747718732,4.7168545356951155,5.964841653247451,3.2675791733762747,1.5297906602254427,0.5837359098228664,,0.026838432635534086,
110,6.78341384863124,32.15244229736983,27.106816961889425,6.528448738593666,11.18491680085883,4.7101449275362315,5.924584004294149,3.535963499731616,1.4492753623188406,0.5971551261406334,,0.026838432635534086,
111,6.8035426731078905,32.05179817498658,27.066559312936125,6.622383252818035,11.171497584541063,4.7101449275362315,5.924584004294149,3.5762211486849167,1.4492753623188406,0.5971551261406334,,0.026838432635534086,
112,6.796833064949007,31.66935050993022,27.046430488459475,6.971282877079979,11.131239935587761,4.723564143853999,5.924584004294149,3.6366076221148687,1.4761137949543746,0.5971551261406334,,0.026838432635534086,
113,6.790123456790123,31.45464304884595,27.01959205582394,6.977992485238862,11.265432098765432,4.723564143853999,5.924584004294149,3.784219001610306,1.4761137949543746,0.5568974771873323,,0.026838432635534086,
114,6.763285024154589,31.394256575415994,26.85185185185185,7.004830917874396,11.272141706924316,4.723564143853999,5.958132045088567,3.9519592055823938,1.4962426194310252,0.5568974771873323,,0.026838432635534086,
115,6.729736983360172,31.300322061191626,26.704240472356414,7.219538378958669,11.097691894793345,4.730273752012883,5.9514224369296835,4.052603327965647,1.6304347826086956,0.5568974771873323,,0.026838432635534086,
116,6.756575415995706,31.04535695115405,26.476113794954376,7.27992485238862,11.057434245840042,4.7168545356951155,5.991680085882985,4.280730005367687,1.8183038110574343,0.5501878690284487,,0.026838432635534086,
117,6.112453032742888,26.94578636607622,36.65458937198068,6.488191089640365,7.239667203435319,4.414922168545357,5.897745571658615,4.200214707461084,1.4694041867954912,0.5501878690284487,,0.026838432635534086,
118,6.119162640901771,26.757917337627482,36.40633387010199,6.515029522275899,7.239667203435319,4.468599033816425,5.958132045088567,4.488727858293076,1.4694041867954912,0.5501878690284487,,0.026838432635534086,
119,6.139291465378422,26.482823403113258,35.96349973161568,6.910896403650026,7.085346215780999,4.569243156199678,5.9447128287707995,4.730273752012883,1.596886741814278,0.5501878690284487,,0.026838432635534086,
120,6.119162640901771,26.476113794954376,35.789049919484704,6.951154052603328,7.085346215780999,4.435050993022007,5.850778314546431,4.958400429414922,1.6908212560386473,0.5770263016639828,,0.026838432635534086,0.040257648953301126
121,6.112453032742888,26.174181427804616,35.72866344605475,7.078636607622115,7.340311325818572,4.361245303274289,5.676328502415459,5.025496511003757,1.8451422436929683,0.5770263016639828,,0.040257648953301126,0.040257648953301126
122,6.092324208266238,25.738056897477186,35.225442834138484,6.977992485238862,7.326892109500805,5.374396135265701,5.676328502415459,5.018786902844874,1.8451422436929683,0.644122383252818,,0.040257648953301126,0.040257648953301126
123,5.622651637144391,24.993290391841118,36.39291465378422,7.266505636070853,7.226247987117552,5.35426731078905,5.548845947396672,4.9718196457326895,1.8988191089640365,0.644122383252818,,0.040257648953301126,0.040257648953301126
124,5.642780461621041,24.973161567364468,36.26543209876543,7.427536231884058,7.246376811594203,5.24020397208803,5.548845947396672,5.0993022007514766,1.8317230273752012,0.644122383252818,,0.040257648953301126,0.040257648953301126
125,5.649490069779925,24.89935587761675,36.11782071926999,7.474503488996243,7.14573268921095,5.394524959742351,5.535426731078905,5.287171229200215,1.7713365539452497,0.644122383252818,,0.040257648953301126,0.040257648953301126
126,5.642780461621041,24.765163714439076,35.668276972624795,7.722758990874933,7.03166935050993,5.4549114331723025,5.535426731078905,5.589103596349974,1.865271068169619,0.644122383252818,,0.040257648953301126,0.040257648953301126
127,5.60252281266774,24.671229200214707,35.53408480944713,7.7361782071927,7.03166935050993,5.515297906602254,5.5689747718733225,5.790391841116479,1.8250134192163177,0.644122383252818,,0.040257648953301126,0.040257648953301126
128,5.548845947396672,24.684648416532475,35.53408480944713,7.695920558239399,7.011540526033279,5.448201825013419,5.622651637144391,5.83064949006978,1.9256575415995705,0.6172839506172839,,0.040257648953301126,0.040257648953301126
129,5.535426731078905,24.671229200214707,35.319377348362856,7.722758990874933,6.951154052603328,5.448201825013419,5.683038110574342,6.025228126677402,1.9457863660762211,0.6172839506172839,,0.040257648953301126,0.040257648953301126
130,5.501878690284487,24.50348899624262,35.27241009125067,7.9106280193236715,6.951154052603328,5.475040257648954,5.669618894256575,6.072195383789587,1.9457863660762211,0.6172839506172839,,0.040257648953301126,0.040257648953301126
131,5.548845947396672,24.44981213097155,31.199677938808374,8.199141170155663,11.11111111111111,5.475040257648954,5.5689747718733225,5.656199677938808,2.1135265700483092,0.5971551261406334,,0.040257648953301126,0.040257648953301126
132,5.562265163714439,24.36929683306495,31.125872249060656,8.158883521202362,11.05072463768116,5.535426731078905,5.562265163714439,5.683038110574342,2.2745571658615136,0.5971551261406334,,0.040257648953301126,0.040257648953301126
133,5.528717122920021,24.214975845410628,31.105743424584006,8.319914117015566,11.037305421363392,5.58239398819109,5.555555555555555,5.676328502415459,2.301395598497048,0.5971551261406334,,0.040257648953301126,0.040257648953301126
134,5.58239398819109,24.013687600644122,30.844068706387546,8.561460010735374,10.82259796027912,5.555555555555555,5.542136339237788,6.112453032742888,2.2879763821792807,0.5971551261406334,,0.040257648953301126,0.040257648953301126
135,5.5756843800322065,23.825818572195384,30.810520665593128,8.521202361782072,10.84272678475577,5.656199677938808,5.642780461621041,6.172839506172839,2.2745571658615136,0.5971551261406334,,0.040257648953301126,0.040257648953301126
136,5.649490069779925,23.423242082662373,30.917874396135264,8.675523349436393,10.661567364465915,5.683038110574342,5.750134192163178,6.132581857219538,2.428878153515835,0.5971551261406334,,0.040257648953301126,0.040257648953301126
137,5.629361245303274,23.09447128287708,30.844068706387546,8.836553945249598,10.487117552334944,5.911164787976382,5.850778314546431,6.152710681696189,2.5496511003757383,0.5636070853462157,,0.040257648953301126,0.040257648953301126
138,5.622651637144391,22.966988727858293,30.763553408480945,9.111647879763822,10.406602254428341,6.394256575415996,5.501878690284487,6.159420289855072,2.5496511003757383,0.4428341384863124,,0.040257648953301126,0.040257648953301126
139,5.676328502415459,22.7187332259796,30.56897477187332,9.25925925925926,10.332796564680622,6.474771873322598,5.501878690284487,6.280193236714976,2.657004830917874,0.4428341384863124,,0.04696725711218465,0.040257648953301126
140,5.669618894256575,22.765700483091788,30.48845947396672,9.346484165324744,10.326086956521738,6.421095008051529,5.488459473966721,6.266774020397209,2.657004830917874,0.4428341384863124,0.040257648953301126,0.04696725711218465,0.040257648953301126
141,5.032206119162641,21.39694041867955,30.173107890499196,9.07139023081052,9.863123993558776,6.300322061191626,8.709071390230811,6.286902844873859,2.5966183574879227,0.4428341384863124,0.040257648953301126,0.04696725711218465,0.040257648953301126
142,4.99194847020934,21.3768115942029,30.112721417069242,9.017713365539452,9.702093397745571,6.327160493827161,8.829844337090714,6.447933440687064,2.623456790123457,0.4428341384863124,0.040257648953301126,0.04696725711218465,0.040257648953301126
143,5.052334943639291,20.719269994632313,29.931561996779386,9.567901234567902,9.655126140633387,6.1862587224906065,9.017713365539452,6.582125603864735,2.6502952227589907,0.49651100375738055,0.05367686527106817,0.04696725711218465,0.040257648953301126
144,5.045625335480408,20.558239398819108,29.884594739667204,9.567901234567902,9.681964573268921,6.226516371443908,9.01100375738057,6.743156199677939,2.6502952227589907,0.48980139559849706,0.05367686527106817,0.04696725711218465,0.040257648953301126
145,4.978529253891573,20.38378958668814,29.944981213097154,9.628287707997853,9.601449275362318,6.1862587224906065,9.125067096081589,6.790123456790123,2.7308105206655933,0.48980139559849706,0.05367686527106817,0.04696725711218465,0.040257648953301126
146,4.985238862050457,20.242887815351583,29.770531400966185,9.77589908749329,9.567901234567902,6.1862587224906065,8.997584541062801,7.078636607622115,2.7308105206655933,0.5233494363929146,0.05367686527106817,0.04696725711218465,0.040257648953301126
147,4.951690821256038,20.135534084809446,31.28690284487386,9.480676328502415,8.709071390230811,6.239935587761675,8.977455716586151,6.749865807836822,2.61003757380569,0.5703166935050993,0.05367686527106817,0.2147074610842727,0.020128824476650563
148,4.918142780461621,20.021470746108427,31.186258722490606,9.608158883521202,8.695652173913043,6.333870101986044,8.964036500268385,6.796833064949007,2.6167471819645733,0.5703166935050993,0.05367686527106817,0.2147074610842727,0.020128824476650563
149,4.87788513150832,19.806763285024154,31.03864734299517,10.044283413848632,8.668813741277509,6.481481481481482,8.883521202361782,6.582125603864735,2.703972088030059,0.5703166935050993,0.05367686527106817,0.2683843263553409,0.020128824476650563
150,4.898013955984971,18.9345142243693,30.69645732689211,10.057702630166398,10.057702630166398,6.139291465378422,8.870101986044014,6.5552871712292005,2.8784219001610305,0.5703166935050993,0.05367686527106817,0.2683843263553409,0.020128824476650563
151,4.898013955984971,18.92109500805153,30.340848094471284,10.285829307568438,9.98389694041868,6.340579710144928,8.930488459473967,6.749865807836822,2.636876006441224,0.5703166935050993,0.05367686527106817,0.2683843263553409,0.020128824476650563
152,4.851046698872786,18.907675791733762,30.018786902844873,10.178475577026301,9.916800858829845,6.561996779388084,9.057971014492754,6.9243156199677935,2.6704240472356413,0.5703166935050993,0.05367686527106817,0.2683843263553409,0.020128824476650563
153,4.85775630703167,18.753354804079443,29.924852388620504,10.393183038110575,9.75577026301664,6.561996779388084,9.07139023081052,7.018250134192163,2.717391304347826,0.6038647342995169,0.05367686527106817,0.2683843263553409,0.020128824476650563
154,4.8443370907139025,18.659420289855074,29.871175523349436,10.44015029522276,9.702093397745571,6.494900697799249,9.004294149221685,7.098765432098766,2.703972088030059,0.8387010198604401,0.05367686527106817,0.2683843263553409,0.020128824476650563
155,4.85775630703167,18.55877616747182,29.683306494900698,10.554213633923778,9.769189479334408,6.474771873322598,8.903650026838433,7.313472893183038,2.703972088030059,0.8387010198604401,0.05367686527106817,0.2683843263553409,0.020128824476650563
156,4.851046698872786,18.45813204508857,27.13365539452496,10.856146001073537,12.969672571121846,6.541867954911433,8.876811594202898,6.528448738593666,2.576489533011272,0.8051529790660226,0.13419216317767044,0.2683843263553409,
157,4.931561996779388,18.431293612453032,26.744498121309714,10.856146001073537,12.93612453032743,6.468062265163715,8.863392377885132,6.91760601180891,2.576489533011272,0.8588298443370908,0.14761137949543746,0.2683843263553409,
158,4.951690821256038,18.397745571658614,26.737788513150832,10.909822866344605,12.815351583467525,6.468062265163715,8.910359634997317,6.91760601180891,2.6301663982823404,0.8588298443370908,0.13419216317767044,0.2683843263553409,
159,5.018786902844874,18.370907139023082,26.54320987654321,10.929951690821255,12.801932367149758,6.515029522275899,8.829844337090714,7.112184648416532,2.6167471819645733,0.8588298443370908,0.13419216317767044,0.2683843263553409,
160,4.830917874396135,17.236983360171767,28.73725174449812,10.547504025764896,12.385936661298981,6.340579710144928,8.641975308641975,7.1658615136876005,2.8784219001610305,0.8319914117015567,0.13419216317767044,0.2683843263553409,
161,4.864465915190553,17.022275899087493,28.529253891572733,10.82259796027912,12.345679012345679,6.360708534621578,8.628556092324208,7.253086419753086,2.9924852388620504,0.7783145464304885,0.13419216317767044,0.2683843263553409,
162,4.918142780461621,16.982018250134193,28.388352120236178,10.849436392914654,12.258454106280194,6.360708534621578,8.695652173913043,7.494632313472893,3.012614063338701,0.785024154589372,0.13419216317767044,0.12077294685990338,
163,4.944981213097155,16.961889425657542,28.35480407944176,10.82259796027912,12.130971551261407,6.535158346752549,8.588298443370908,7.561728395061729,3.1065485775630703,0.7514761137949544,0.13419216317767044,0.10735373054213634,
164,4.904723564143854,16.841116478797638,28.287707997852927,10.95679012345679,11.943102522812667,6.635802469135802,8.588298443370908,7.716049382716049,3.1333870101986045,0.7514761137949544,0.13419216317767044,0.10735373054213634,
165,4.951690821256038,16.686795491143318,28.052871712292003,11.07085346215781,11.922973698336017,6.629092860976919,8.55475040257649,7.950885668276973,3.1870638754696725,0.7514761137949544,0.13419216317767044,0.10735373054213634,
166,4.911433172302737,16.61969940955448,28.032742887815353,11.124530327428879,12.00348899624262,6.5552871712292005,8.440687063875469,7.85024154589372,3.240740740740741,0.8990874932903918,0.2147074610842727,0.10735373054213634,
167,4.924852388620504,16.512345679012345,27.91867954911433,11.158078368223295,12.02361782071927,6.575415995705851,8.454106280193237,7.9106280193236715,3.2541599570585076,0.8990874932903918,0.2616747181964573,0.10735373054213634,
168,4.87788513150832,16.438539989264626,27.87842190016103,11.198336017176597,11.943102522812667,6.723027375201288,8.440687063875469,7.937466451959206,3.307836822329576,0.8990874932903918,0.24825550187869028,0.10735373054213634,
169,4.87788513150832,16.324476650563607,27.596618357487923,11.43317230273752,11.372785829307569,7.333601717659689,8.53462157809984,7.997852925389157,3.2742887815351582,0.8990874932903918,0.24825550187869028,0.10735373054213634,
170,4.87788513150832,15.955448201825014,27.160493827160494,11.641170155662909,11.560654857756306,7.347020933977456,8.474235104669887,8.407139023081053,3.321256038647343,0.8990874932903918,0.24825550187869028,0.10735373054213634,
171,4.931561996779388,15.861513687600644,27.053140096618357,11.641170155662909,11.560654857756306,7.306763285024155,8.454106280193237,8.480944712828771,3.4688674181427803,0.8990874932903918,0.23483628556092323,0.10735373054213634,
172,4.944981213097155,15.747450348899624,26.90552871712292,11.802200751476114,11.506977992485238,7.514761137949543,8.333333333333334,8.353462157809984,3.6500268384326353,0.8990874932903918,0.23483628556092323,0.10735373054213634,
173,5.032206119162641,15.666935050993022,26.8719806763285,11.882716049382717,11.292270531400966,7.4006977992485234,8.413848631239935,8.420558239398819,3.7775093934514223,0.8990874932903918,0.23483628556092323,0.10735373054213634,
174,5.10601180891036,15.485775630703166,26.710950080515296,11.922973698336017,11.41304347826087,7.326892109500805,8.433977455716587,8.61513687600644,3.7573805689747717,0.8990874932903918,0.2214170692431562,0.10735373054213634,
175,5.152979066022544,15.331454643048845,26.536500268384327,12.037037037037036,11.41304347826087,7.320182501341922,8.467525496511003,8.756038647342995,3.7573805689747717,0.8990874932903918,0.2214170692431562,0.10735373054213634,
176,5.119431025228127,15.049651100375739,28.10654857756307,11.714975845410628,11.3593666129898,6.823671497584541,8.085077831454644,8.80300590445518,3.730542136339238,0.8454106280193237,0.2214170692431562,0.14090177133655393,
177,5.0993022007514766,14.949006977992486,27.831454643048847,11.81561996779388,11.352657004830919,7.098765432098766,8.085077831454644,8.876811594202898,3.7104133118625873,0.8454106280193237,0.20128824476650564,0.13419216317767044,
178,5.132850241545894,14.949006977992486,27.522812667740205,11.855877616747183,11.285560923242082,7.139023081052066,8.05823939881911,9.131776704240472,3.743961352657005,0.8454106280193237,0.20128824476650564,0.13419216317767044,
179,5.146269457863661,14.848362855609233,27.489264626945786,11.902844873859367,11.252012882447666,7.118894256575416,8.038110574342458,9.292807300053678,3.730542136339238,0.8454106280193237,0.20128824476650564,0.13419216317767044,
180,5.159688674181428,14.774557165861514,27.2812667740204,12.02361782071927,11.218464841653248,7.1725711218464845,8.132045088566828,9.178743961352657,3.878153515834675,0.8454106280193237,0.20128824476650564,0.13419216317767044,
181,5.092592592592593,14.680622651637144,27.28797638217928,11.822329575952764,11.285560923242082,7.347020933977456,8.111916264090176,9.312936124530328,3.878153515834675,0.8454106280193237,0.20128824476650564,0.13419216317767044,
182,5.173107890499195,14.49946323134729,27.086688137412775,11.83574879227053,11.2788513150832,7.501341921631776,8.09849704777241,9.420289855072463,3.8848631239935587,0.8454106280193237,0.24154589371980675,0.13419216317767044,
183,5.193236714975845,14.190821256038648,27.01959205582394,11.896135265700483,11.2788513150832,7.7831454643048845,8.111916264090176,9.359903381642512,3.8848631239935587,0.9057971014492754,0.24154589371980675,0.13419216317767044,
184,5.119431025228127,12.775093934514224,26.838432635534083,13.291733762748256,11.265432098765432,7.877079978529254,8.165593129361245,9.440418679549115,3.9452495974235107,0.9057971014492754,0.24154589371980675,0.13419216317767044,
185,4.609500805152979,13.647342995169081,26.67740203972088,13.177670424047236,11.010466988727858,7.897208803005904,8.172302737520129,9.353193773483628,4.0995705850778315,0.9057971014492754,0.24154589371980675,0.20799785292538917,
186,4.455179817498658,13.211218464841654,27.34836285560923,13.466183574879228,10.802469135802468,7.769726247987117,8.044820182501342,9.480676328502415,4.079441760601181,0.9057971014492754,0.2281266774020397,0.20799785292538917,
187,4.455179817498658,13.20450885668277,27.294685990338163,13.345410628019323,10.876274825550189,7.695920558239399,8.199141170155663,9.50751476113795,4.079441760601181,0.9057971014492754,0.2281266774020397,0.20799785292538917,
188,4.4753086419753085,13.036768652710682,27.073268921095007,13.372249060654857,10.86285560923242,8.145464304884594,8.017981749865807,9.655126140633387,4.092860976918948,0.8118625872249061,0.2281266774020397,0.2281266774020397,
189,4.522275899087493,13.01663982823403,27.006172839506174,13.43263553408481,10.86285560923242,8.172302737520129,8.004562533548041,9.628287707997853,4.086151368760064,0.8118625872249061,0.2281266774020397,0.2281266774020397,
190,4.562533548040794,12.95625335480408,26.88539989264627,13.519860440150294,10.856146001073537,8.313204508856682,8.011272141706923,9.648416532474503,3.978797638217928,0.8118625872249061,0.2281266774020397,0.2281266774020397,
191,4.51556629092861,12.929414922168545,26.84514224369297,13.573537305421363,10.869565217391305,8.279656468062266,8.011272141706923,9.668545356951155,4.03918411164788,0.8118625872249061,0.2281266774020397,0.2281266774020397,
192,4.522275899087493,12.889157273215245,26.77133655394525,13.613794954374665,10.802469135802468,8.3467525496511,8.011272141706923,9.722222222222221,4.012345679012346,0.8521202361782072,0.2281266774020397,0.2281266774020397,
193,4.53569511540526,12.754965110037574,26.717659688674182,13.7211486849168,10.782340311325818,8.454106280193237,8.011272141706923,9.702093397745571,4.012345679012346,0.8521202361782072,0.2281266774020397,0.2281266774020397,
194,4.609500805152979,12.694578636607622,26.610305958132045,13.841921631776705,10.59447128287708,8.561460010735374,7.977724100912507,9.702093397745571,4.1129898013955986,0.8387010198604401,0.2281266774020397,0.2281266774020397,
195,4.582662372517445,12.493290391841116,26.529790660225444,13.895598497047773,10.48040794417606,8.668813741277509,7.944176060118089,9.916800858829845,4.17337627482555,0.8252818035426731,0.2616747181964573,0.2281266774020397,
196,4.5893719806763285,12.432903918411165,26.402308105206657,14.244498121309716,10.520665593129362,8.501073537305421,7.9106280193236715,9.930220075147611,4.166666666666667,0.8118625872249061,0.2616747181964573,0.2281266774020397,
197,4.5960815888352125,12.399355877616747,26.241277509393452,14.190821256038648,10.520665593129362,8.809715512614064,7.877079978529254,9.957058507783145,4.106280193236715,0.8118625872249061,0.2616747181964573,0.2281266774020397,
198,4.582662372517445,12.359098228663447,26.147342995169083,14.371980676328503,10.527375201288244,8.675523349436393,8.145464304884594,9.822866344605474,4.019055287171229,0.8118625872249061,0.30864197530864196,0.2281266774020397,
199,4.575952764358561,12.204777241009126,25.93263553408481,14.49946323134729,10.46027911969941,8.836553945249598,8.353462157809984,9.796027911969942,4.03918411164788,0.7380568974771873,0.33548040794417605,0.2281266774020397,
200,4.5960815888352125,12.164519592055823,25.83870101986044,14.61352657004831,10.446859903381643,8.82313472893183,8.53462157809984,9.621578099838969,4.0995705850778315,0.6977992485238862,0.33548040794417605,0.2281266774020397,
201,4.622920021470746,12.010198604401502,25.691089640365004,14.680622651637144,10.446859903381643,9.05126140633387,8.527911969940956,9.628287707997853,4.05931293612453,0.7179280730005367,0.33548040794417605,0.2281266774020397,
