,45,50,55,51,54,53,52,56,57,59,58
0,98.0072463768116,1.9927536231884058,,,,,,,,,
1,97.91331186258722,2.086688137412775,,,,,,,,,
2,97.65834675254965,2.341653247450349,,,,,,,,,
3,82.42082662372518,17.04911433172303,0.5300590445517982,,,,,,,,
4,68.46484165324745,31.00509930220075,0.5300590445517982,,,,,,,,
5,64.47262479871175,32.991143317230275,0.5300590445517982,0.644122383252818,1.3620504562533549,,,,,,
6,63.69431025228127,32.830112721417066,0.5300590445517982,0.644122383252818,1.3620504562533549,0.9393451422436929,,,,,
7,63.7211486849168,32.80327428878154,0.5300590445517982,0.644122383252818,1.3620504562533549,0.9393451422436929,,,,,
8,62.493290391841114,34.064680622651636,0.5300590445517982,0.644122383252818,1.328502415458937,0.9393451422436929,,,,,
9,62.37251744498121,34.18545356951154,0.5300590445517982,0.644122383252818,1.328502415458937,0.9393451422436929,,,,,
10,62.38593666129898,34.17203435319377,0.5300590445517982,0.644122383252818,1.328502415458937,0.9393451422436929,,,,,
11,62.104133118625874,34.37332259796028,0.5300590445517982,0.644122383252818,1.3016639828234031,0.9393451422436929,0.10735373054213634,,,,
12,58.702361782071925,37.775093934514224,0.5300590445517982,0.644122383252818,1.3016639828234031,0.9393451422436929,0.10735373054213634,,,,
13,58.84997316156736,37.62748255501879,0.5300590445517982,0.644122383252818,1.3016639828234031,0.9393451422436929,0.10735373054213634,,,,
14,54.119699409554485,30.314009661835748,0.6642512077294686,0.644122383252818,1.3016639828234031,0.8387010198604401,12.117552334943639,,,,
15,54.05260332796565,30.46833064949007,0.6642512077294686,0.644122383252818,1.3016639828234031,0.8387010198604401,12.030327428878154,,,,
16,53.415190552871714,28.690284487385938,0.6172839506172839,0.7783145464304885,1.3016639828234031,0.8387010198604401,14.358561460010735,,,,
17,46.27616747181965,35.809178743961354,0.6172839506172839,1.261406333870102,0.9057971014492754,0.8387010198604401,14.2914653784219,,,,
18,46.32984433709071,35.73537305421363,0.6172839506172839,1.261406333870102,0.9057971014492754,0.8387010198604401,14.204240472356414,0.10735373054213634,,,
19,45.60520665593129,33.59500805152979,0.5434782608695652,14.868491680085883,0.9057971014492754,0.8387010198604401,3.535963499731616,0.10735373054213634,,,
20,45.66559312936125,33.61513687600644,0.5434782608695652,14.660493827160494,0.9057971014492754,0.8387010198604401,3.535963499731616,0.23483628556092323,,,
21,42.78717122920021,33.44739667203435,0.6105743424584005,18.055555555555557,1.247987117552335,0.8387010198604401,2.7777777777777777,0.23483628556092323,,,
22,42.86768652710682,33.44739667203435,0.6105743424584005,17.975040257648953,1.247987117552335,0.8387010198604401,2.7777777777777777,0.23483628556092323,,,
23,42.43827160493827,32.8166935050993,0.6105743424584005,15.485775630703166,1.2412775093934514,4.723564143853999,2.0397208803005906,0.644122383252818,,,
24,39.492753623188406,35.581052066559316,0.6977992485238862,15.519323671497585,1.2412775093934514,4.783950617283951,2.0397208803005906,0.644122383252818,,,
25,31.54186795491143,46.31642512077295,0.6977992485238862,12.741545893719806,1.2412775093934514,4.783950617283951,2.033011272141707,0.644122383252818,,,
26,31.561996779388085,46.02791196994095,0.8387010198604401,12.942834138486312,1.2412775093934514,4.7101449275362315,2.033011272141707,0.644122383252818,,,
27,31.66935050993022,45.97423510466989,0.8387010198604401,12.889157273215245,1.2412775093934514,4.7101449275362315,2.033011272141707,0.644122383252818,,,
28,31.568706387546968,45.46430488459474,1.4492753623188406,12.889157273215245,1.2412775093934514,4.7101449275362315,2.033011272141707,0.644122383252818,,,
29,31.125872249060656,39.22436929683307,1.2345679012345678,19.887278582930758,1.2412775093934514,4.7101449275362315,1.932367149758454,0.644122383252818,,,
30,31.125872249060656,38.37224906065486,1.2345679012345678,19.887278582930758,2.1135265700483092,4.703435319377348,1.9189479334406871,0.644122383252818,,,
31,30.931293612453032,36.87600644122383,3.0059044551798175,19.85373054213634,2.073268921095008,4.703435319377348,1.9189479334406871,0.6374127750939346,,,
32,30.9447128287708,35.909822866344605,3.0059044551798175,19.773215244229736,2.073268921095008,5.676328502415459,1.9189479334406871,0.6977992485238862,,,
33,22.725442834138487,44.31025228126678,3.1736446591519054,19.424315619967793,2.073268921095008,5.676328502415459,1.9189479334406871,0.6977992485238862,,,
34,22.779119699409556,43.323939881910896,3.1736446591519054,19.424315619967793,2.073268921095008,6.608964036500268,1.9189479334406871,0.6977992485238862,,,
35,22.322866344605476,39.49946323134729,3.1535158346752548,19.223027375201287,1.9659151905528718,11.218464841653248,1.9189479334406871,0.6977992485238862,,,
36,21.598228663446054,38.1105743424584,3.0864197530864197,17.082662372517444,1.9659151905528718,12.614063338701019,4.74369296833065,0.798443370907139,,,
37,22.0276435856146,37.9898013955985,2.9388083735909825,17.008856682769725,1.9659151905528718,12.546967257112184,4.723564143853999,0.798443370907139,,,
38,22.041062801932366,37.895866881374126,2.9388083735909825,17.04911433172303,1.9659151905528718,12.5,4.810789049919484,0.798443370907139,,,
39,22.12157809983897,37.88244766505636,2.9388083735909825,17.022275899087493,1.9659151905528718,12.4597423510467,4.810789049919484,0.798443370907139,,,
40,20.974235104669887,35.27241009125067,2.985775630703167,21.618357487922705,1.9659151905528718,11.627750939345143,4.757112184648417,0.798443370907139,,,
41,19.310252281266774,33.863392377885134,2.985775630703167,25.281803542673106,1.9659151905528718,11.11111111111111,4.703435319377348,0.7783145464304885,,,
42,16.089640365002683,29.73027375201288,2.7979066022544283,34.21900161030596,3.33467525496511,11.11111111111111,1.556629092860977,1.1607622114868492,,,
43,16.297638217928075,29.73027375201288,2.9052603327965647,33.923778851315085,3.33467525496511,11.11111111111111,1.556629092860977,1.1406333870101986,,,
44,13.841921631776705,26.623725174449813,3.066290928609769,42.210144927536234,3.260869565217391,8.675523349436393,1.556629092860977,0.7648953301127214,,,
45,13.70101986044015,24.912775093934513,3.0193236714975846,41.41170155662909,3.2139023081052067,11.419753086419753,1.556629092860977,0.7648953301127214,,,
46,14.009661835748792,24.86580783682233,3.0193236714975846,41.15002683843264,3.2139023081052067,11.419753086419753,1.556629092860977,0.7648953301127214,,,
47,14.130434782608695,24.792002147074612,3.0193236714975846,41.136607622114866,3.207192699946323,11.392914653784219,1.556629092860977,0.7648953301127214,,,
48,13.969404186795492,22.75228126677402,2.563070316693505,39.62694578636608,3.3548040794417604,10.621309715512615,6.347289318303811,0.7648953301127214,,,
49,14.123725174449811,22.705314009661837,2.61003757380569,39.51959205582394,3.3548040794417604,10.607890499194847,6.3137412775093935,0.7648953301127214,,,
50,14.143853998926463,22.423510466988727,2.9253891572732154,38.479602791196996,3.3548040794417604,11.594202898550725,6.3137412775093935,0.7648953301127214,,,
51,14.17740203972088,22.416800858829845,2.9253891572732154,38.35212023617821,3.3548040794417604,11.54723564143854,6.3137412775093935,0.8454106280193237,0.06709608158883522,,
52,14.190821256038648,21.557971014492754,3.307836822329576,38.539989264626946,3.2541599570585076,10.352925389157273,6.910896403650026,1.6774020397208802,0.20799785292538917,,
53,14.184111647879764,21.26274825550188,3.6231884057971016,38.539989264626946,3.2541599570585076,10.352925389157273,6.89747718733226,1.6774020397208802,0.20799785292538917,,
54,14.42565754159957,21.007783145464305,3.8177670424047236,38.29844337090714,3.2541599570585076,10.299248523886206,6.890767579173376,1.7981749865807837,0.20799785292538917,,
55,14.506172839506172,20.77294685990338,3.8177670424047236,36.842458400429415,3.2541599570585076,11.869296833064949,6.890767579173376,1.8384326355340848,0.20799785292538917,,
56,14.714170692431562,20.67230273752013,3.8177670424047236,36.741814278046164,3.2541599570585076,11.869296833064949,6.884057971014493,1.8384326355340848,0.20799785292538917,,
57,14.486044015029522,20.437466451959207,3.8177670424047236,35.52066559312936,3.2474503488996245,11.708266237251744,8.735909822866345,1.8384326355340848,0.20799785292538917,,
58,14.660493827160494,20.377079978529252,3.8177670424047236,33.762748255501876,3.2474503488996245,13.506441223832528,8.61513687600644,1.8048845947396672,0.20799785292538917,,
59,14.647074610842727,20.135534084809446,3.878153515834675,33.60842726784756,3.2474503488996245,12.701288244766506,9.702093397745571,1.8719806763285025,0.20799785292538917,,
60,14.78797638217928,20.088566827697264,3.8714439076757916,33.380300590445515,3.2474503488996245,12.701288244766506,9.702093397745571,2.0128824476650564,0.20799785292538917,,
61,14.875201288244767,19.961084272678477,3.5426731078904994,32.9374664519592,3.2474503488996245,13.546698872785829,9.668545356951155,2.0128824476650564,0.20799785292538917,,
62,14.848362855609233,20.001341921631777,3.5426731078904994,34.07139023081052,3.3480944712828773,12.560386473429952,9.634997316156737,1.7847557702630166,0.20799785292538917,,
63,14.217659688674182,18.344068706387546,3.878153515834675,39.439076757917334,3.3480944712828773,9.896672034353195,8.957326892109501,1.710950080515298,0.20799785292538917,,
64,14.204240472356414,17.780461621041333,4.441760601180891,35.82259796027912,6.977992485238862,9.896672034353195,8.957326892109501,1.710950080515298,0.20799785292538917,,
65,14.27133655394525,17.767042404723565,4.441760601180891,35.80246913580247,6.977992485238862,9.863123993558776,8.957326892109501,1.710950080515298,0.20799785292538917,,
66,13.821792807300053,16.264090177133657,4.388083735909823,39.30488459473967,6.414385399892646,8.93719806763285,8.890230810520666,1.7713365539452497,0.20799785292538917,,
67,14.04320987654321,16.264090177133657,4.3545356951154055,39.16398282340311,6.387546967257112,8.923778851315083,8.883521202361782,1.7713365539452497,0.20799785292538917,,
68,14.224369296833064,16.23725174449812,4.341116478797638,39.02308105206656,6.494900697799249,8.923778851315083,8.776167471819646,1.7713365539452497,0.20799785292538917,,
69,14.284755770263017,16.223832528180353,4.341116478797638,37.996511003757384,5.810520665593129,8.923778851315083,10.258990874932904,1.9524959742351047,0.20799785292538917,,
70,12.95625335480408,14.459205582393988,3.603059581320451,41.75389157273215,5.2066559312936125,9.500805152979066,10.36634460547504,2.006172839506173,0.14761137949543746,,
71,13.043478260869565,14.459205582393988,4.42163177670424,40.92190016103059,5.199946323134729,9.500805152979066,10.36634460547504,1.9390767579173376,0.14761137949543746,,
72,12.869028448738593,13.768115942028986,4.435050993022007,43.49838969404187,5.199946323134729,9.205582393988191,8.776167471819646,2.100107353730542,0.14761137949543746,,
73,13.09044551798175,13.741277509393452,5.0858829844337095,42.901234567901234,5.052334943639291,9.172034353193773,8.655394524959743,2.15378421900161,0.14761137949543746,,
74,13.238056897477188,13.741277509393452,5.0858829844337095,42.80059044551798,5.052334943639291,9.172034353193773,8.648684916800859,2.1135265700483092,0.14761137949543746,,
75,13.20450885668277,13.600375738056897,5.173107890499195,42.76704240472356,5.052334943639291,9.145195920558239,8.648684916800859,2.2611379495437465,0.14761137949543746,,
76,13.070316693505099,13.331991411701557,4.26731078904992,42.45840042941492,4.998658078368224,9.145195920558239,10.466988727858293,2.1940418679549114,0.06709608158883522,,
77,13.117283950617283,13.009930220075148,4.99194847020934,38.539989264626946,4.998658078368224,9.07139023081052,13.92914653784219,2.2745571658615136,0.06709608158883522,,
78,13.150831991411701,12.902576489533011,4.99194847020934,38.51315083199141,5.146269457863661,9.037842190016104,13.92914653784219,2.2611379495437465,0.06709608158883522,,
79,12.580515297906603,12.882447665056361,5.381105743424584,37.64090177133655,5.146269457863661,11.3593666129898,12.909286097691895,2.033011272141707,0.06709608158883522,,
80,12.667740203972087,12.869028448738593,5.381105743424584,37.5805152979066,5.146269457863661,11.3593666129898,12.902576489533011,2.0263016639828235,0.06709608158883522,,
81,12.761674718196458,12.869028448738593,5.340848094471283,37.56038647342995,5.146269457863661,11.325818572195384,12.902576489533011,2.0263016639828235,0.06709608158883522,,
82,12.902576489533011,12.842190016103059,5.340848094471283,37.47987117552335,5.146269457863661,11.292270531400966,12.600644122383253,2.0263016639828235,0.36902844873859364,,
83,13.137412775093935,12.117552334943639,4.750402576489533,40.88164251207729,5.146269457863661,11.292270531400966,10.57434245840043,2.01959205582394,0.08051529790660225,,
84,13.177670424047236,11.969940955448202,4.87788513150832,40.86822329575953,5.146269457863661,11.292270531400966,10.567632850241546,2.01959205582394,0.08051529790660225,,
85,10.144927536231885,33.353462157809986,4.643048845947397,30.62265163714439,10.25228126677402,2.4355877616747184,6.937734836285561,1.596886741814278,0.013419216317767043,,
86,10.225442834138486,33.333333333333336,4.643048845947397,30.62265163714439,10.19189479334407,2.4355877616747184,6.937734836285561,1.596886741814278,0.013419216317767043,,
87,10.299248523886206,33.2662372517445,4.562533548040794,27.522812667740205,10.19189479334407,2.4355877616747184,10.165056360708535,1.5432098765432098,0.013419216317767043,,
88,10.520665593129362,33.21926999463231,4.562533548040794,27.355072463768117,10.19189479334407,2.4355877616747184,10.165056360708535,1.5365002683843263,0.013419216317767043,,
89,10.487117552334944,33.07836822329576,4.569243156199678,26.8317230273752,10.19189479334407,2.4355877616747184,10.165056360708535,2.227589908749329,0.013419216317767043,,
90,10.567632850241546,32.86366076221149,4.555823939881911,26.737788513150832,10.373054213633925,2.4355877616747184,10.131508319914117,2.3215244229736984,0.013419216317767043,,
91,10.775630703166936,32.70263016639828,4.636339237788513,26.643853998926463,10.373054213633925,2.4355877616747184,10.0979602791197,2.3215244229736984,0.013419216317767043,,
92,10.990338164251208,32.360440150295226,4.508856682769726,24.168008588298445,9.957058507783145,2.4355877616747184,13.45276435856146,2.1135265700483092,0.013419216317767043,,
93,11.003757380568974,32.427536231884055,4.643048845947397,24.168008588298445,9.742351046698873,2.4355877616747184,13.45276435856146,2.1135265700483092,0.013419216317767043,,
94,11.09098228663446,31.743156199677937,5.246913580246914,24.134460547504027,9.634997316156737,2.4355877616747184,13.45276435856146,2.1135265700483092,0.013419216317767043,0.13419216317767044,
95,11.178207192699947,31.42109500805153,5.528717122920021,24.060654857756308,9.601449275362318,2.4355877616747184,13.513150831991412,2.1135265700483092,0.013419216317767043,0.13419216317767044,
96,11.345947396672035,31.253354804079443,5.595813204508857,23.993558776167472,9.601449275362318,2.4355877616747184,13.513150831991412,2.1135265700483092,0.013419216317767043,0.13419216317767044,
97,11.500268384326356,31.179549114331724,5.589103596349974,23.8191089640365,9.594739667203436,2.4355877616747184,13.513150831991412,2.2208803005904456,0.013419216317767043,0.13419216317767044,
98,11.681427804616211,30.360976918947934,5.4616210413311865,23.617820719269993,10.258990874932904,2.589908749329039,13.486312399355878,2.395330112721417,0.013419216317767043,0.13419216317767044,
99,11.808910359634996,30.287171229200215,5.4616210413311865,23.617820719269993,10.205314009661835,2.589908749329039,13.486312399355878,2.395330112721417,0.013419216317767043,0.13419216317767044,
100,11.862587224906065,30.280461621041333,5.528717122920021,23.517176596886742,10.178475577026301,2.589908749329039,13.47289318303811,2.4221685453569513,0.013419216317767043,0.13419216317767044,
101,12.037037037037036,30.19994632313473,5.528717122920021,23.43666129898014,10.165056360708535,2.589908749329039,13.47289318303811,2.4221685453569513,0.013419216317767043,0.13419216317767044,
102,12.130971551261407,30.132850241545892,5.528717122920021,23.43666129898014,10.138217928073,2.589908749329039,13.47289318303811,2.4221685453569513,0.013419216317767043,0.13419216317767044,
103,11.808910359634996,30.656199677938808,5.528717122920021,23.242082662372518,10.138217928073,2.589908749329039,13.466183574879228,2.4221685453569513,0.013419216317767043,0.13419216317767044,
104,11.949812130971551,30.54213633923779,5.441492216854535,21.967257112184647,6.850509930220075,3.965378421900161,16.874664519592056,2.395330112721417,0.013419216317767043,,
105,11.996779388083736,30.441492216854535,5.535426731078905,21.947128287707997,6.850509930220075,3.965378421900161,16.861245303274288,2.3886205045625335,0.013419216317767043,,
106,12.016908212560386,30.421363392377884,5.642780461621041,21.77938808373591,6.850509930220075,3.9519592055823938,16.861245303274288,2.462426194310252,0.013419216317767043,,
107,12.151100375738057,30.407944176060116,5.783682232957595,21.752549651100377,6.850509930220075,3.938539989264627,16.639828234031132,2.462426194310252,0.013419216317767043,,
108,12.245034889962426,30.407944176060116,5.676328502415459,21.70558239398819,6.910896403650026,3.938539989264627,16.639828234031132,2.462426194310252,0.013419216317767043,,
109,12.332259796027913,30.300590445517983,5.723295759527644,21.70558239398819,6.910896403650026,3.938539989264627,16.6129898013956,2.462426194310252,0.013419216317767043,,
110,12.359098228663447,30.17981749865808,5.844068706387547,21.70558239398819,6.910896403650026,3.938539989264627,16.586151368760063,2.462426194310252,0.013419216317767043,,
111,12.446323134728932,30.17981749865808,5.844068706387547,21.611647879763822,6.877348362855609,3.938539989264627,16.512345679012345,2.462426194310252,0.1274825550187869,,
112,12.446323134728932,30.17981749865808,5.844068706387547,21.611647879763822,6.877348362855609,3.938539989264627,16.512345679012345,2.462426194310252,0.1274825550187869,,
113,12.486580783682234,30.17981749865808,5.83064949006978,21.611647879763822,6.877348362855609,3.911701556629093,16.512345679012345,2.462426194310252,0.1274825550187869,,
114,12.889157273215245,30.10601180891036,5.8239398819108965,21.423778851315085,6.850509930220075,3.8177670424047236,16.49892646269458,2.462426194310252,0.1274825550187869,,
115,12.95625335480408,29.51556629092861,6.508319914117015,21.26945786366076,6.850509930220075,3.8177670424047236,16.49892646269458,2.4557165861513686,0.1274825550187869,,
116,13.191089640365004,29.47530864197531,6.629092860976919,20.44417606011809,6.689479334406871,3.770799785292539,17.24369296833065,2.428878153515835,0.1274825550187869,,
117,13.258185721953838,29.455179817498657,6.629092860976919,20.437466451959207,6.66935050993022,3.770799785292539,17.236983360171767,2.4154589371980677,0.1274825550187869,,
118,13.097155126140633,28.549382716049383,6.696188942565755,21.041331186258724,5.038915727321524,3.7573805689747717,19.35721953837896,2.3349436392914655,0.1274825550187869,,
119,12.86231884057971,28.515834675254965,6.4412238325281805,19.464573268921097,5.159688674181428,6.293612453032743,18.80703166935051,2.328234031132582,0.1274825550187869,,
120,13.063607085346217,28.435319377348364,6.421095008051529,19.43102522812668,5.119431025228127,6.293612453032743,18.780193236714975,2.328234031132582,0.1274825550187869,,
121,13.157541599570585,28.348094471282877,6.488191089640365,19.37734836285561,5.119431025228127,6.293612453032743,18.760064412238325,2.328234031132582,0.1274825550187869,,
122,13.298443370907139,28.341384863123995,6.488191089640365,19.269994632313473,5.119431025228127,6.280193236714976,18.746645195920557,2.328234031132582,0.1274825550187869,,
123,13.493022007514762,28.026033279656467,6.508319914117015,19.182769726247987,5.6964573268921095,6.253354804079442,18.38432635534085,2.328234031132582,0.1274825550187869,,
124,13.459473966720344,27.911969940955448,6.508319914117015,19.108964036500268,5.683038110574342,6.481481481481482,18.250134192163177,2.4691358024691357,0.1274825550187869,,
125,13.58695652173913,27.958937198067634,6.662640901771336,18.9747718733226,5.522007514761138,6.474771873322598,18.223295759527645,2.4691358024691357,0.1274825550187869,,
126,13.6808910359635,27.958937198067634,6.662640901771336,18.927804616210413,5.522007514761138,6.474771873322598,18.17632850241546,2.4691358024691357,0.1274825550187869,,
127,13.741277509393452,27.925389157273216,6.662640901771336,18.927804616210413,5.508588298443371,6.474771873322598,18.16290928609769,2.4691358024691357,0.1274825550187869,,
128,13.747987117552334,27.81803542673108,6.635802469135802,18.927804616210413,5.8239398819108965,6.286902844873859,18.16290928609769,2.4691358024691357,0.1274825550187869,,
129,13.862050456253355,27.76435856146001,6.635802469135802,18.887546967257112,5.8239398819108965,6.286902844873859,18.16290928609769,2.4490069779924855,0.1274825550187869,,
130,14.150563607085346,27.67042404723564,6.595544820182502,18.853998926462694,5.8239398819108965,6.280193236714976,18.115942028985508,2.38191089640365,0.1274825550187869,,
131,14.076757917337627,27.167203435319376,6.394256575415996,18.78690284487386,8.05823939881911,6.105743424584004,16.78743961352657,2.49597423510467,0.1274825550187869,,
132,14.284755770263017,27.167203435319376,6.280193236714976,18.739935587761675,8.05823939881911,6.105743424584004,16.78743961352657,2.49597423510467,0.08051529790660225,,
133,14.378690284487385,27.120236178207193,6.280193236714976,18.733225979602793,8.05823939881911,6.105743424584004,16.74718196457327,2.49597423510467,0.08051529790660225,,
134,14.432367149758454,27.120236178207193,6.280193236714976,18.69296833064949,8.05823939881911,6.092324208266238,16.74718196457327,2.49597423510467,0.08051529790660225,,
135,14.673913043478262,27.093397745571657,6.280193236714976,18.243424584004295,8.05823939881911,6.0587761674718195,16.7337627482555,2.7777777777777777,0.08051529790660225,,
136,14.526301663982823,27.30139559849705,6.266774020397209,18.243424584004295,8.05823939881911,6.052066559312936,16.6935050993022,2.7777777777777777,0.08051529790660225,,
137,14.338432635534085,27.13365539452496,6.380837359098229,18.149490069779926,8.05823939881911,7.568438003220612,15.438808373590982,2.7777777777777777,0.15432098765432098,,
138,14.486044015029522,27.100107353730543,6.367418142780462,18.115942028985508,8.05823939881911,7.917337627482555,15.022812667740205,2.7777777777777777,0.15432098765432098,,
139,14.741009125067096,27.026301663982824,6.367418142780462,18.02871712292002,8.05823939881911,7.9106280193236715,14.935587761674718,2.7777777777777777,0.15432098765432098,,
140,14.76784755770263,26.99946323134729,6.367418142780462,17.995169082125603,8.05823939881911,7.9106280193236715,14.9020397208803,2.844873859366613,0.15432098765432098,,
141,14.801395598497047,26.992753623188406,6.353998926462695,17.98845947396672,7.924047235641439,7.9106280193236715,14.80810520665593,2.9790660225442833,0.24154589371980675,,
142,14.9020397208803,26.972624798711756,6.246645195920558,17.954911433172303,7.991143317230274,7.843531937734836,14.74771873322598,2.9790660225442833,0.36231884057971014,,
143,15.083199141170155,26.838432635534083,6.367418142780462,17.894524959742352,7.957595276435856,7.843531937734836,14.673913043478262,2.9790660225442833,0.36231884057971014,,
144,15.116747181964573,26.7914653784219,6.4412238325281805,17.881105743424584,7.957595276435856,7.843531937734836,14.673913043478262,2.932098765432099,0.36231884057971014,,
145,15.143585614600108,26.81159420289855,6.528448738593666,17.840848094471284,7.957595276435856,7.823403113258186,14.600107353730541,2.932098765432099,0.36231884057971014,,
146,15.311325818572195,26.7512077294686,6.528448738593666,17.840848094471284,7.944176060118089,7.776435856146001,14.553140096618357,2.932098765432099,0.36231884057971014,,
147,15.344873859366613,26.50966183574879,6.508319914117015,17.840848094471284,8.225979602791197,7.742887815351583,14.546430488459475,2.918679549114332,0.36231884057971014,,
148,15.5126140633387,26.476113794954376,6.494900697799249,17.76033279656468,8.199141170155663,7.742887815351583,14.53972088030059,2.9119699409554483,0.36231884057971014,,
149,15.4723564143854,26.160762211486848,6.575415995705851,17.995169082125603,8.293075684380032,7.7361782071927,14.526301663982823,2.8784219001610305,0.36231884057971014,,
150,15.519323671497585,26.147342995169083,6.622383252818035,17.98174986580784,8.400429414922169,7.548309178743962,14.472624798711756,2.871712292002147,0.43612453032742887,,
151,15.60654857756307,26.147342995169083,6.602254428341385,17.8743961352657,8.387010198604402,7.481213097155126,14.459205582393988,3.0059044551798175,0.43612453032742887,,
152,15.713902308105206,26.147342995169083,6.709608158883521,17.787171229200215,8.387010198604402,7.481213097155126,14.351851851851851,2.985775630703167,0.43612453032742887,,
153,15.774288781535159,26.02657004830918,6.991411701556629,17.68652710681696,8.387010198604402,7.440955448201825,14.338432635534085,2.918679549114332,0.43612453032742887,,
154,15.955448201825014,25.959473966720342,7.03166935050993,17.51207729468599,8.387010198604402,7.4208266237251745,14.27133655394525,3.026033279656468,0.43612453032742887,,
155,16.21712292002147,25.91921631776704,6.964573268921095,17.424852388620504,8.353462157809984,7.387278582930757,14.27133655394525,3.026033279656468,0.43612453032742887,,
156,16.284219001610307,25.791733762748255,7.078636607622115,17.424852388620504,8.272946859903382,7.387278582930757,14.150563607085346,3.1736446591519054,0.43612453032742887,,
157,16.525764895330113,25.603864734299517,7.0383789586688135,17.411433172302736,8.272946859903382,7.387278582930757,14.150563607085346,3.1736446591519054,0.43612453032742887,,
158,16.478797638217927,25.664251207729468,7.0383789586688135,17.411433172302736,8.259527643585615,7.387278582930757,14.150563607085346,3.1736446591519054,0.43612453032742887,,
159,16.680085882984432,25.53676865271068,7.0383789586688135,17.337627482555018,8.259527643585615,7.387278582930757,14.150563607085346,3.1736446591519054,0.43612453032742887,,
160,16.71363392377885,25.503220611916262,6.951154052603328,17.310789049919485,8.259527643585615,7.387278582930757,14.150563607085346,3.2877079978529253,0.43612453032742887,,
161,16.566022544283413,25.301932367149757,7.078636607622115,21.081588835212024,7.011540526033279,7.37385936661299,11.936392914653783,3.2877079978529253,0.36231884057971014,,
162,16.76731078904992,24.812130971551262,6.964573268921095,21.081588835212024,7.48792270531401,7.347020933977456,11.889425657541599,3.2877079978529253,0.36231884057971014,,
163,16.814278046162105,24.745034889962426,6.964573268921095,21.021202361782073,7.48792270531401,7.300053676865271,12.030327428878154,3.280998389694042,0.35560923242082665,,
164,16.82769726247987,24.58400429414922,7.14573268921095,20.79307568438003,7.481213097155126,6.595544820182502,12.674449812130971,3.5426731078904994,0.35560923242082665,,
165,17.042404723564143,24.476650563607084,7.092055823939882,20.719269994632313,7.588566827697263,6.582125603864735,12.600644122383253,3.5426731078904994,0.35560923242082665,,
166,17.143048845947398,24.4296833064949,6.957863660762212,20.705850778314545,7.588566827697263,6.5552871712292005,12.72812667740204,3.535963499731616,0.35560923242082665,,
167,17.183306494900698,24.329039184111647,7.085346215780999,20.705850778314545,7.541599570585078,6.535158346752549,12.72812667740204,3.535963499731616,0.35560923242082665,,
168,17.277241009125067,24.235104669887278,7.085346215780999,20.705850778314545,7.541599570585078,6.535158346752549,12.72812667740204,3.535963499731616,0.35560923242082665,,
169,17.2638217928073,24.18142780461621,7.085346215780999,20.705850778314545,7.608695652173913,6.535158346752549,12.72812667740204,3.535963499731616,0.35560923242082665,,
170,17.404723564143854,24.10762211486849,7.085346215780999,20.658883521202362,7.608695652173913,6.535158346752549,12.714707461084272,3.5292538915727323,0.35560923242082665,,
171,17.55233494363929,23.899624261943103,7.098765432098766,19.692699946323135,7.561728395061729,6.528448738593666,13.741277509393452,3.643317230273752,0.28180354267310787,,
172,17.800590445517983,23.74530327428878,7.226247987117552,19.659151905528716,7.50805152979066,6.508319914117015,13.694310252281268,3.5762211486849167,0.28180354267310787,,
173,17.820719269994633,23.74530327428878,7.27992485238862,19.55179817498658,7.50805152979066,6.582125603864735,13.674181427804616,3.556092324208266,0.28180354267310787,,
174,17.465110037573805,24.27536231884058,7.27992485238862,19.350509930220074,7.50805152979066,6.582125603864735,13.560118089103597,3.69699409554482,0.28180354267310787,,
175,17.290660225442835,24.06736446591519,7.253086419753086,18.38432635534085,7.50805152979066,8.024691358024691,13.560118089103597,3.629898013955985,0.28180354267310787,,
176,17.337627482555018,24.053945249597422,7.253086419753086,18.250134192163177,7.467793880837359,8.017981749865807,13.251476113794954,3.730542136339238,0.6374127750939346,,
177,17.458400429414922,23.872785829307567,7.387278582930757,18.23671497584541,7.407407407407407,8.017981749865807,13.251476113794954,3.730542136339238,0.6374127750939346,,
178,17.485238862050455,23.845947396672035,7.387278582930757,18.23671497584541,7.407407407407407,8.017981749865807,13.16425120772947,3.730542136339238,0.7246376811594203,,
179,16.80756843800322,24.16129898013956,7.440955448201825,17.69994632313473,7.387278582930757,8.004562533548041,14.06333870101986,3.7104133118625873,0.7246376811594203,,
180,16.955179817498657,23.503757380568974,8.373590982286634,17.69994632313473,7.300053676865271,7.991143317230274,13.754696725711218,3.69699409554482,0.7246376811594203,,
181,15.297906602254429,20.77294685990338,7.340311325818572,16.67337627482555,6.414385399892646,6.233225979602791,23.067632850241544,3.475577026301664,0.7246376811594203,,
182,15.277777777777779,20.67230273752013,7.320182501341922,16.6129898013956,6.582125603864735,6.233225979602791,23.101180891035963,3.475577026301664,0.7246376811594203,,
183,15.344873859366613,20.67230273752013,7.320182501341922,16.57944176060118,6.582125603864735,6.233225979602791,23.067632850241544,3.475577026301664,0.7246376811594203,,
184,13.741277509393452,19.182769726247987,5.938003220611916,25.744766505636072,5.146269457863661,5.931293612453032,20.598497047772412,3.3011272141706924,0.41599570585077833,,
185,13.841921631776705,19.088835212023618,5.877616747181965,25.47638217928073,4.824208266237251,5.844068706387547,21.296296296296298,3.33467525496511,0.41599570585077833,,
186,13.902308105206655,19.142512077294686,5.870907139023081,25.47638217928073,4.824208266237251,5.005367686527107,22.302737520128826,3.33467525496511,0.14090177133655393,,
187,14.13714439076758,19.102254428341386,5.850778314546431,25.47638217928073,4.797369833601718,5.005367686527107,22.15512614063339,3.33467525496511,0.14090177133655393,,
188,14.264626945786366,19.07541599570585,5.763553408480945,25.429414922168544,4.797369833601718,5.0858829844337095,22.114868491680085,3.3279656468062266,0.14090177133655393,,
189,14.204240472356414,19.048577563070317,5.837359098228664,25.214707461084274,4.797369833601718,5.0858829844337095,22.27589908749329,3.3950617283950617,0.14090177133655393,,
190,14.150563607085346,19.04186795491143,5.8239398819108965,25.046967257112186,4.797369833601718,5.025496511003757,22.20209339774557,3.656736446591519,0.2549651100375738,,
191,13.801663982823403,18.84728931830381,6.119162640901771,24.61755233494364,4.7638217928073,4.931561996779388,23.1682769726248,3.5829307568438002,0.16774020397208803,,
192,13.560118089103597,18.820450885668276,6.119162640901771,26.40901771336554,4.62962962962963,4.066022544283414,22.77241009125067,3.455448201825013,0.16774020397208803,,
193,13.741277509393452,18.780193236714975,6.105743424584004,26.33521202361782,4.622920021470746,4.052603327965647,22.73886205045625,3.455448201825013,0.16774020397208803,,
194,13.828502415458937,18.773483628556093,6.239935587761675,26.221148684916802,4.622920021470746,4.052603327965647,22.725442834138487,3.3682232957595275,0.16774020397208803,,
195,13.855340848094471,18.679549114331724,6.340579710144928,26.207729468599034,4.622920021470746,4.052603327965647,22.725442834138487,3.3480944712828773,0.16774020397208803,,
196,14.123725174449811,18.57890499194847,6.340579710144928,26.10708534621578,4.622920021470746,4.052603327965647,22.65834675254965,3.3480944712828773,0.16774020397208803,,
197,14.278046162104133,18.51851851851852,6.340579710144928,26.039989264626946,4.622920021470746,4.045893719806763,22.638217928073,3.3480944712828773,0.16774020397208803,,
198,14.338432635534085,18.511808910359633,6.327160493827161,26.02657004830918,4.622920021470746,4.045893719806763,22.463768115942027,3.3480944712828773,0.3153515834675255,,
199,14.49946323134729,18.4447128287708,6.394256575415996,25.885668276972623,4.622920021470746,4.045893719806763,22.41009125067096,3.44873859366613,0.24825550187869028,,
200,14.61352657004831,18.344068706387546,6.622383252818035,25.85882984433709,4.622920021470746,3.9519592055823938,22.289318303811058,3.44873859366613,0.24825550187869028,,
201,14.647074610842727,18.33064949006978,6.622383252818035,25.85212023617821,4.622920021470746,3.9519592055823938,22.282608695652176,3.4420289855072466,0.24825550187869028,,
202,14.895330112721417,18.209876543209877,6.575415995705851,26.227858293075684,4.64975845410628,3.938539989264627,21.833064949006978,3.421900161030596,0.24825550187869028,,
203,14.969135802469136,18.19645732689211,6.629092860976919,25.966183574879228,4.64975845410628,3.911701556629093,21.81964573268921,3.6097691894793345,0.24825550187869028,,
204,15.076489533011273,18.129361245303276,6.582125603864735,25.503220611916262,4.636339237788513,4.730273752012883,21.450617283950617,3.656736446591519,0.23483628556092323,,
205,15.250939345142244,18.129361245303276,6.5552871712292005,25.429414922168544,4.74369296833065,4.622920021470746,21.3768115942029,3.656736446591519,0.23483628556092323,,
206,15.432098765432098,18.04884594739667,6.702898550724638,25.10064412238325,4.736983360171766,4.622920021470746,21.370101986044016,3.750670960815888,0.23483628556092323,,
207,15.68035426731079,17.834138486312398,6.8035426731078905,24.993290391841118,4.7101449275362315,4.622920021470746,21.370101986044016,3.750670960815888,0.23483628556092323,,
208,15.754159957058508,17.834138486312398,6.810252281266774,24.892646269457863,4.696725711218465,4.622920021470746,21.35668276972625,3.797638217928073,0.23483628556092323,,
209,15.888352120236178,17.834138486312398,6.763285024154589,24.825550187869027,4.683306494900698,4.622920021470746,21.349973161567366,3.797638217928073,0.23483628556092323,,
210,16.049382716049383,17.820719269994633,6.863929146537842,24.711486849168008,4.683306494900698,4.616210413311863,21.22249060654858,3.797638217928073,0.23483628556092323,,
211,16.09634997316157,17.780461621041333,6.863929146537842,24.698067632850243,4.622920021470746,4.616210413311863,21.22249060654858,3.864734299516908,0.23483628556092323,,
212,16.27750939345142,17.726784755770264,6.863929146537842,24.691358024691358,4.622920021470746,4.575952764358561,21.141975308641975,3.864734299516908,0.23483628556092323,,
213,16.33118625872249,17.713365539452496,6.850509930220075,24.691358024691358,4.622920021470746,4.575952764358561,21.121846484165324,3.8580246913580245,0.23483628556092323,,
214,16.404991948470208,17.69994632313473,6.850509930220075,24.691358024691358,4.622920021470746,4.575952764358561,21.061460010735374,3.8580246913580245,0.23483628556092323,,
215,16.82769726247987,17.64626945786366,6.863929146537842,24.44981213097155,4.622920021470746,4.575952764358561,20.933977455716587,3.8580246913580245,0.2214170692431562,,
216,16.908212560386474,17.64626945786366,6.863929146537842,24.422973698336016,4.622920021470746,4.575952764358561,20.88030059044552,3.8580246913580245,0.2214170692431562,,
217,16.982018250134193,17.62614063338701,6.857219538378959,24.322329575952764,4.609500805152979,4.575952764358561,20.88030059044552,3.92512077294686,0.2214170692431562,,
218,17.022275899087493,17.344337090713903,6.9310252281266775,24.288781535158346,4.609500805152979,4.575952764358561,20.544820182501343,4.3478260869565215,0.33548040794417605,,
219,17.12962962962963,17.2638217928073,6.9310252281266775,24.288781535158346,4.609500805152979,4.562533548040794,20.531400966183575,4.3478260869565215,0.33548040794417605,,
220,17.176596886741816,17.250402576489535,7.024959742351046,24.16129898013956,4.609500805152979,4.683306494900698,20.517981749865807,4.3478260869565215,0.2281266774020397,,
221,17.371175523349436,17.05582393988191,6.971282877079979,24.134460547504027,4.757112184648417,4.683306494900698,20.45088566827697,4.3478260869565215,0.2281266774020397,,
222,17.411433172302736,17.05582393988191,7.03166935050993,24.074074074074073,4.87788513150832,4.676596886741814,20.316693505099302,4.327697262479871,0.2281266774020397,,
223,17.458400429414922,17.05582393988191,7.03166935050993,24.074074074074073,4.87788513150832,4.669887278582931,20.276435856146,4.327697262479871,0.2281266774020397,,
224,17.673107890499196,17.05582393988191,6.991411701556629,24.02710681696189,4.87788513150832,4.62962962962963,20.21604938271605,4.300858829844337,0.2281266774020397,,
225,17.780461621041333,17.03569511540526,6.991411701556629,24.000268384326354,4.87788513150832,4.62962962962963,20.155662909286097,4.300858829844337,0.2281266774020397,,
226,17.961621041331185,17.028985507246375,6.957863660762212,23.960010735373054,4.87788513150832,4.62962962962963,20.061728395061728,4.294149221685454,0.2281266774020397,,
227,17.20343531937735,16.049382716049383,7.273215244229737,23.8191089640365,4.656468062265164,4.5960815888352125,21.900161030595815,4.274020397208803,0.2281266774020397,,
228,16.78743961352657,15.881642512077295,7.273215244229737,24.52361782071927,4.656468062265164,4.549114331723027,21.826355340848096,4.274020397208803,0.2281266774020397,,
229,16.841116478797638,15.881642512077295,7.407407407407407,24.36929683306495,4.770531400966184,4.522275899087493,21.79951690821256,4.180085882984434,0.2281266774020397,,
230,16.861245303274288,15.881642512077295,7.367149758454106,24.322329575952764,4.770531400966184,4.42163177670424,22.034353193773484,4.1129898013955986,0.2281266774020397,,
231,16.921631776704242,15.633387010198604,7.273215244229737,24.322329575952764,5.052334943639291,4.42163177670424,22.034353193773484,4.1129898013955986,0.2281266774020397,,
232,17.028985507246375,15.5126140633387,7.4208266237251745,24.188137412775095,5.052334943639291,4.42163177670424,22.034353193773484,4.1129898013955986,0.2281266774020397,,
233,17.042404723564143,15.5126140633387,7.4208266237251745,24.174718196457327,5.052334943639291,4.42163177670424,22.034353193773484,4.1129898013955986,0.2281266774020397,,
234,17.062533548040793,15.49248523886205,7.856951154052603,23.859366612989803,5.10601180891036,4.42163177670424,21.940418679549115,4.032474503488996,0.2281266774020397,,
235,17.042404723564143,15.485775630703166,7.856951154052603,23.859366612989803,5.0791733762748255,4.549114331723027,21.866612989801396,4.032474503488996,0.2281266774020397,,
236,17.102791196994094,15.4723564143854,7.830112721417069,23.852657004830917,5.0791733762748255,4.549114331723027,21.85319377348363,4.032474503488996,0.2281266774020397,,
237,17.216854535695116,15.4723564143854,7.830112721417069,23.65136876006441,5.0791733762748255,4.53569511540526,21.83977455716586,4.146537842190016,0.2281266774020397,,
238,17.23027375201288,15.458937198067632,7.823403113258186,23.617820719269993,5.0791733762748255,4.5893719806763285,21.826355340848096,4.146537842190016,0.2281266774020397,,
239,17.270531400966185,15.458937198067632,7.823403113258186,23.53059581320451,5.287171229200215,4.461889425657541,21.792807300053678,4.146537842190016,0.2281266774020397,,
