,45,50,55,52,54,53,57,51,56,58
0,99.85238862050456,0.14761137949543746,,,,,,,,
1,90.15029522275898,9.849704777241008,,,,,,,,
2,89.76784755770262,10.23215244229737,,,,,,,,
3,89.65378421900161,10.34621578099839,,,,,,,,
4,85.19860440150295,14.680622651637144,0.12077294685990338,,,,,,,
5,84.58132045088567,12.439613526570048,0.12077294685990338,2.737520128824477,0.12077294685990338,,,,,
6,84.61486849168008,12.406065485775631,0.12077294685990338,2.737520128824477,0.12077294685990338,,,,,
7,82.63553408480945,14.398819108964037,0.12077294685990338,2.7241009125067097,0.12077294685990338,,,,,
8,78.88486312399355,18.149490069779926,0.12077294685990338,2.7241009125067097,0.12077294685990338,,,,,
9,78.93183038110574,18.10252281266774,0.12077294685990338,2.7241009125067097,0.12077294685990338,,,,,
10,77.38191089640365,19.243156199677937,0.12077294685990338,2.6502952227589907,0.12077294685990338,0.4830917874396135,,,,
11,74.97316156736447,21.578099838969404,0.2549651100375738,2.589908749329039,0.12077294685990338,0.4830917874396135,,,,
12,75.02683843263553,20.35024154589372,0.2281266774020397,3.7909286097691894,0.12077294685990338,0.4830917874396135,,,,
13,75.2415458937198,20.021470746108427,0.2281266774020397,3.7909286097691894,0.23483628556092323,0.4830917874396135,,,,
14,55.70987654320987,37.5805152979066,0.2281266774020397,2.4557165861513686,3.421900161030596,0.4830917874396135,0.12077294685990338,,,
15,55.75013419216318,36.761943102522814,0.8454106280193237,2.3215244229736984,3.421900161030596,0.4830917874396135,0.11406333870101985,0.1610305958132045,0.14090177133655393,
16,54.95169082125604,35.218733225979605,1.5432098765432098,2.0531400966183573,3.421900161030596,0.4830917874396135,0.11406333870101985,2.073268921095008,0.14090177133655393,
17,52.764358561460014,37.5402576489533,1.4761137949543746,2.0531400966183573,3.421900161030596,0.7380568974771873,0.11406333870101985,1.751207729468599,0.14090177133655393,
18,52.69726247987118,37.6207729468599,1.4761137949543746,2.0531400966183573,3.421900161030596,0.7380568974771873,0.11406333870101985,1.737788513150832,0.14090177133655393,
19,48.19511540526033,31.884057971014492,0.8588298443370908,2.0531400966183573,3.421900161030596,0.7380568974771873,0.11406333870101985,12.593934514224369,0.14090177133655393,
20,48.40311325818572,31.5955448201825,0.8588298443370908,2.0531400966183573,3.421900161030596,0.8521202361782072,0.11406333870101985,12.560386473429952,0.14090177133655393,
21,46.12855609232421,34.306226516371446,0.8588298443370908,2.0531400966183573,3.421900161030596,0.8521202361782072,0.11406333870101985,12.124261943102523,0.14090177133655393,
22,37.98309178743961,42.552334943639295,0.8319914117015567,2.0531400966183573,3.280998389694042,0.8521202361782072,0.11406333870101985,11.990069779924852,0.3421900161030596,
23,38.37224906065486,41.45195920558239,0.8319914117015567,2.7979066022544283,3.280998389694042,0.8521202361782072,0.11406333870101985,11.956521739130435,0.3421900161030596,
24,33.01798174986581,44.50483091787439,1.1003757380568975,2.7844873859366612,3.435319377348363,1.3419216317767042,0.11406333870101985,13.358829844337091,0.3421900161030596,
25,31.03864734299517,47.32286634460547,1.3888888888888888,2.717391304347826,3.435319377348363,1.2345679012345678,0.11406333870101985,12.406065485775631,0.3421900161030596,
26,31.239935587761675,47.134997316156735,1.3888888888888888,2.717391304347826,3.435319377348363,1.2345679012345678,0.11406333870101985,12.392646269457863,0.3421900161030596,
27,27.730810520665592,51.590177133655395,1.1808910359634996,1.8384326355340848,3.435319377348363,1.2345679012345678,0.11406333870101985,12.385936661298981,0.48980139559849706,
28,26.8317230273752,48.78556092324208,0.966183574879227,,3.4286097691894795,1.0332796564680622,,18.753354804079443,0.20128824476650564,
29,26.529790660225444,47.67176596886742,2.2074610842726785,,3.421900161030596,1.0332796564680622,,18.9345142243693,0.20128824476650564,
30,26.127214170692433,47.30944712828771,2.200751476113795,,3.421900161030596,1.0332796564680622,,19.706119162640903,0.20128824476650564,
31,25.986312399355878,46.60493827160494,1.9860440150295222,,3.2742887815351582,0.95276435856146,,20.853462157809982,0.3421900161030596,
32,26.174181427804616,45.34353193773484,1.9860440150295222,,3.227321524422974,2.200751476113795,,20.625335480407944,0.4428341384863124,
33,22.873054213633925,46.01449275362319,2.01959205582394,,3.227321524422974,5.01207729468599,,20.41062801932367,0.4428341384863124,
34,23.020665593129362,45.779656468062264,2.147074610842727,,3.227321524422974,5.01207729468599,,20.37037037037037,0.4428341384863124,
35,23.470209339774556,45.13553408480945,2.395330112721417,,3.227321524422974,5.119431025228127,,20.209339774557165,0.4428341384863124,
36,23.503757380568974,44.63231347289318,2.395330112721417,,3.180354267310789,5.662909286097692,,20.202630166398283,0.4227053140096618,
37,23.993558776167472,40.56629092860977,2.395330112721417,3.770799785292539,3.180354267310789,5.528717122920021,,20.142243692968332,0.4227053140096618,
38,24.302200751476114,40.33145464304884,2.395330112721417,3.743961352657005,3.140096618357488,5.528717122920021,,20.142243692968332,0.41599570585077833,
39,24.671229200214707,39.754428341384866,2.509393451422437,3.743961352657005,3.4621578099838968,5.528717122920021,,19.940955448201827,0.38915727321524424,
40,24.288781535158346,37.97638217928073,2.9924852388620504,3.743961352657005,4.019055287171229,7.0383789586688135,,19.310252281266774,0.630703166935051,
41,22.228931830381107,39.27133655394525,3.126677402039721,3.2877079978529253,4.30756843800322,6.837090713902308,,20.142243692968332,0.798443370907139,
42,22.15512614063339,39.009661835748794,3.180354267310789,3.140096618357488,4.30756843800322,6.78341384863124,,20.477724100912507,0.9460547504025765,
43,21.85319377348363,37.493290391841114,3.066290928609769,3.5829307568438002,4.294149221685454,6.749865807836822,,22.134997316156735,0.8252818035426731,
44,22.188674181427803,37.42619431025228,3.066290928609769,3.455448201825013,4.294149221685454,6.749865807836822,,21.772678475577028,1.0466988727858293,
45,20.799785292538918,32.49463231347289,2.6502952227589907,5.763553408480945,3.569511540526033,10.970209339774557,,22.71202361782072,1.0399892646269457,
46,21.068169618894256,31.42109500805153,2.563070316693505,5.743424584004294,3.556092324208266,13.7211486849168,,20.8870101986044,1.0399892646269457,
47,21.34326355340848,31.353998926462694,2.5496511003757383,5.730005367686527,3.556092324208266,13.747987117552334,,20.591787439613526,1.1272141706924315,
48,21.35668276972625,31.03864734299517,3.0394524959742353,5.676328502415459,3.066290928609769,14.298174986580785,,20.511272141706925,1.0131508319914118,
49,21.35668276972625,30.589103596349972,3.4017713365539453,7.071926999463232,3.455448201825013,12.70799785292539,,20.40391841116479,1.0131508319914118,
50,21.4573268921095,29.57595276435856,2.7844873859366612,7.051798174986581,3.1333870101986045,12.781803542673108,,22.061191626409016,1.1540526033279657,
51,21.886741814278047,29.394793344068706,3.2742887815351582,7.0383789586688135,3.1199677938808374,12.761674718196458,,21.39694041867955,1.1272141706924315,
52,22.094739667203434,29.274020397208805,3.1535158346752548,6.957863660762212,3.5426731078904994,12.681159420289855,,21.16881374127751,1.1272141706924315,
53,21.752549651100377,28.428609769189478,3.0394524959742353,8.84326355340848,3.5426731078904994,12.681159420289855,,20.585077831454644,1.1272141706924315,
54,21.792807300053678,28.421900161030596,2.898550724637681,8.84326355340848,3.5426731078904994,12.842190016103059,,20.531400966183575,1.1272141706924315,
55,22.289318303811058,28.08641975308642,2.898550724637681,8.789586688137414,3.5225442834138487,12.681159420289855,,20.457595276435857,1.2748255501878691,
56,22.96027911969941,28.012614063338702,2.7844873859366612,8.903650026838433,3.435319377348363,12.513419216317766,,20.115405260332796,1.2748255501878691,
57,22.873054213633925,26.737788513150832,3.4017713365539453,8.903650026838433,3.408480944712829,12.781803542673108,,20.625335480407944,1.2681159420289856,
58,23.15485775630703,26.757917337627482,3.515834675254965,8.896940418679549,3.3950617283950617,12.587224906065487,,20.42404723564144,1.2681159420289856,
59,22.886473429951693,26.798174986580783,3.5091250670960816,8.742619431025227,3.3950617283950617,12.453032742887816,,20.947396672034355,1.2681159420289856,
60,22.685185185185187,25.469672571121848,3.4688674181427803,8.635265700483092,3.878153515834675,12.453032742887816,,22.14170692431562,1.2681159420289856,
61,23.1280193236715,25.194578636607623,3.3011272141706924,8.76274825550188,3.864734299516908,12.426194310252281,,22.054482018250134,1.2681159420289856,
62,23.470209339774556,25.120772946859905,3.435319377348363,8.635265700483092,3.864734299516908,12.399355877616747,,21.880032206119164,1.1943102522812667,
63,23.65136876006441,25.0,3.435319377348363,8.635265700483092,3.864734299516908,12.399355877616747,,21.81964573268921,1.1943102522812667,
64,23.1682769726248,23.43666129898014,3.5762211486849167,11.768652710681696,4.079441760601181,11.191626409017713,,21.73913043478261,1.0399892646269457,
65,23.382984433709073,23.2487922705314,3.6902844873859366,11.701556629092861,4.079441760601181,11.305689747718732,,21.410359634997317,1.1808910359634996,
66,23.067632850241544,22.685185185185187,3.6902844873859366,11.480139559849706,4.079441760601181,12.681159420289855,,21.135265700483092,1.1808910359634996,
67,23.72517444981213,22.490606548577563,3.6500268384326353,11.332528180354267,4.146537842190016,12.419484702093397,,20.8467525496511,1.3888888888888888,
68,23.597691894793343,22.906602254428343,3.6500268384326353,11.332528180354267,4.1129898013955986,12.325550187869029,,20.685721953837895,1.3888888888888888,
69,23.315888352120236,22.423510466988727,4.045893719806763,11.272141706924316,5.803811057434245,12.325550187869029,,19.578636607622116,1.2345679012345678,
70,23.577563070316693,22.289318303811058,4.012345679012346,11.238593666129898,5.797101449275362,12.298711755233494,,19.55179817498658,1.2345679012345678,
71,21.866612989801396,20.497852925389157,3.3480944712828773,14.855072463768115,5.46833064949007,12.412775093934513,,20.316693505099302,1.2345679012345678,
72,21.866612989801396,20.471014492753625,3.3480944712828773,15.311325818572195,5.5756843800322065,12.030327428878154,,20.169082125603865,1.2278582930756843,
73,21.953837895866883,20.42404723564144,3.3413848631239937,15.210681696188942,4.804079441760601,11.493558776167472,,21.578099838969404,1.1943102522812667,
74,22.007514761137948,19.712828770799785,3.280998389694042,16.21712292002147,4.750402576489533,11.466720343531938,,21.3768115942029,1.1876006441223832,
75,22.33628556092324,19.672571121846484,3.280998389694042,16.15673644659152,4.750402576489533,11.466720343531938,,21.14868491680086,1.1876006441223832,
76,22.69860440150295,19.189479334406872,3.6231884057971016,16.069511540526033,4.683306494900698,11.500268384326356,,21.048040794417606,1.1876006441223832,
77,21.900161030595815,19.249865807836823,3.6231884057971016,15.794417606011809,4.683306494900698,11.272141706924316,,22.289318303811058,1.1876006441223832,
78,22.249060654857757,19.162640901771336,3.616478797638218,15.70048309178744,4.683306494900698,11.18491680085883,0.08051529790660225,22.134997316156735,1.1876006441223832,
79,21.531132581857218,18.337359098228664,3.616478797638218,15.707192699946322,4.508856682769726,11.18491680085883,0.08051529790660225,23.845947396672035,1.1876006441223832,
80,21.544551798174986,18.21658615136876,3.5292538915727323,16.61969940955448,4.656468062265164,10.23215244229737,0.08051529790660225,23.95330112721417,1.1674718196457328,
81,21.564680622651636,17.67981749865808,4.052603327965647,16.6129898013956,4.64975845410628,10.23215244229737,0.08051529790660225,23.960010735373054,1.1674718196457328,
82,21.833064949006978,17.599302200751477,4.019055287171229,16.55931293612453,4.64975845410628,10.23215244229737,0.08051529790660225,23.859366612989803,1.1674718196457328,
83,22.000805152979066,17.478529253891573,3.992216854535695,16.55931293612453,4.64975845410628,10.23215244229737,0.08051529790660225,23.718464841653248,1.288244766505636,
84,22.249060654857757,17.3040794417606,4.1129898013955986,16.505636070853463,4.64975845410628,10.21202361782072,0.08051529790660225,23.597691894793343,1.288244766505636,
85,22.530864197530864,17.24369296833065,4.139828234031133,16.465378421900162,4.5960815888352125,10.124798711755233,0.08051529790660225,23.53059581320451,1.288244766505636,
86,22.638217928073,17.236983360171767,4.133118625872249,16.42512077294686,4.575952764358561,10.11808910359635,0.08051529790660225,23.503757380568974,1.288244766505636,
87,22.765700483091788,16.874664519592056,4.133118625872249,16.304347826086957,4.575952764358561,9.863123993558776,0.08051529790660225,24.134460547504027,1.2681159420289856,
88,23.07434245840043,16.59957058507783,4.072732152442297,16.264090177133657,5.146269457863661,9.688674181427805,,23.91304347826087,1.2412775093934514,
89,23.47691894793344,16.59957058507783,4.186795491143317,16.284219001610307,5.052334943639291,9.648416532474503,,23.55072463768116,1.2010198604401503,
90,22.987117552334944,15.727321524422974,4.005636070853462,16.552603327965645,4.944981213097155,9.728931830381105,,24.966451959205582,1.0869565217391304,
91,23.013955984970476,15.72061191626409,3.965378421900161,16.458668813741276,5.092592592592593,9.728931830381105,,24.932903918411164,1.0869565217391304,
92,21.235909822866343,14.97584541062802,4.052603327965647,18.84728931830381,5.0791733762748255,9.728931830381105,,24.88593666129898,1.1943102522812667,
93,21.35668276972625,14.814814814814815,5.146269457863661,17.954911433172303,5.193236714975845,9.749060654857756,,24.590713902308106,1.1943102522812667,
94,21.26274825550188,14.593397745571659,5.287171229200215,18.377616747181964,5.025496511003757,9.923510466988727,,24.335748792270532,1.1943102522812667,
95,21.531132581857218,14.257917337627482,5.287171229200215,18.323939881910896,5.501878690284487,9.749060654857756,,24.154589371980677,1.1943102522812667,
96,21.68545356951154,14.083467525496511,5.287171229200215,18.156199677938808,5.756843800322061,9.742351046698873,,24.134460547504027,1.1540526033279657,
97,21.772678475577028,14.070048309178745,5.273752012882448,18.089103596349972,5.743424584004294,9.88996242619431,,24.00697799248524,1.1540526033279657,
98,20.967525496511005,16.55931293612453,4.730273752012883,17.814009661835748,5.649490069779925,9.23913043478261,,23.89291465378422,1.1473429951690821,
99,20.618625872249062,16.069511540526033,4.602791196994096,17.03569511540526,5.649490069779925,9.494095544820183,,25.38244766505636,1.1473429951690821,
100,13.982823403113258,42.94820182501342,3.4957058507783145,9.004294149221685,3.7573805689747717,7.897208803005904,,18.06226516371444,0.8521202361782072,
101,14.17740203972088,40.935319377348364,3.770799785292539,8.84326355340848,3.7238325281803544,9.64170692431562,,18.055555555555557,0.8521202361782072,
102,13.352120236178207,40.143585614600106,4.1532474503489,8.413848631239935,3.7104133118625873,9.31964573268921,,20.115405260332796,0.7917337627482555,
103,13.821792807300053,39.660493827160494,4.213633923778851,9.675254965110037,3.7104133118625873,9.27938808373591,,18.84728931830381,0.7917337627482555,
104,14.04320987654321,39.56655931293612,4.213633923778851,9.675254965110037,3.7104133118625873,9.27938808373591,,18.719806763285025,0.7917337627482555,
105,14.257917337627482,39.331723027375205,4.314278046162104,9.594739667203436,3.7104133118625873,9.27938808373591,,18.719806763285025,0.7917337627482555,
106,14.452495974235104,37.835480407944175,4.448470209339774,10.86285560923242,3.7640901771336552,9.064680622651638,,18.391035963499732,1.1808910359634996,
107,14.761137949543746,37.546967257112186,4.622920021470746,10.856146001073537,3.7640901771336552,9.057971014492754,,18.209876543209877,1.1808910359634996,
108,15.203972088030058,37.0504562533548,4.978529253891573,10.567632850241546,3.9720880300590444,9.044551798174986,,18.00187869028449,1.1808910359634996,
109,15.687063875469672,36.77536231884058,4.978529253891573,10.661567364465915,3.9184111647879765,8.896940418679549,,17.914653784219002,1.1674718196457328,
110,15.83467525496511,35.75550187869028,6.099033816425121,10.641438539989265,3.8915727321524423,8.896940418679549,,17.713365539452496,1.1674718196457328,
111,16.150026838432634,35.68169618894257,6.219806763285024,10.896403650026839,3.81105743424584,8.78287707997853,,17.364465915190554,1.093666129898014,
112,16.129898013955984,35.42673107890499,5.998389694041868,11.855877616747183,3.81105743424584,8.393719806763285,,17.290660225442835,1.093666129898014,
113,15.371712292002147,31.85721953837896,6.0654857756307035,10.104669887278583,4.1532474503489,7.830112721417069,,23.53059581320451,1.0869565217391304,
114,15.5126140633387,31.790123456790123,6.226516371443908,10.057702630166398,4.126409017713366,7.722758990874933,,23.49033816425121,1.0735373054213635,
115,14.97584541062802,32.84353193773484,6.890767579173376,10.050993022007514,4.0995705850778315,7.37385936661299,,22.839506172839506,0.9259259259259259,
116,15.063070316693505,32.35373054213634,7.340311325818572,10.00402576489533,4.0995705850778315,7.37385936661299,,22.839506172839506,0.9259259259259259,
117,15.734031132581856,32.139023081052066,7.185990338164252,10.00402576489533,4.0995705850778315,7.273215244229737,,22.638217928073,0.9259259259259259,
118,15.908480944712828,32.05179817498658,7.185990338164252,9.990606548577563,4.0995705850778315,7.266505636070853,,22.571121846484164,0.9259259259259259,
119,16.23725174449812,31.723027375201287,7.179280730005368,9.655126140633387,4.64975845410628,7.25979602791197,,22.36983360171766,0.9259259259259259,
120,16.59957058507783,28.898282340311326,6.353998926462695,9.554482018250134,8.179012345679013,7.118894256575416,,22.36983360171766,0.9259259259259259,
121,16.740472356414386,28.743961352657006,6.461352657004831,9.520933977455716,8.179012345679013,7.118894256575416,,22.309447128287708,0.9259259259259259,
122,17.03569511540526,28.60305958132045,6.4412238325281805,9.4873859366613,8.179012345679013,7.118894256575416,,22.208803005904453,0.9259259259259259,
123,17.002147074610843,28.073000536768653,7.024959742351046,9.4873859366613,8.07836822329576,7.118894256575416,,22.12157809983897,1.093666129898014,
124,17.344337090713903,27.932098765432098,7.132313472893183,9.406870638754697,7.977724100912507,7.051798174986581,0.08722490606548577,21.973966720343533,1.093666129898014,
125,17.47181964573269,24.859098228663445,7.25979602791197,9.366612989801396,6.642512077294686,11.466720343531938,,21.83977455716586,1.093666129898014,
126,17.834138486312398,24.664519592055825,7.118894256575416,9.366612989801396,6.790123456790123,11.56736446591519,,21.618357487922705,1.0399892646269457,
127,18.417874396135264,24.436392914653783,7.179280730005368,9.326355340848094,6.78341384863124,11.513687600644122,,21.309715512614062,1.0332796564680622,
128,18.451422436929683,24.335748792270532,6.937734836285561,9.272678475577026,6.78341384863124,11.943102522812667,,21.24261943102523,1.0332796564680622,
129,18.84728931830381,23.752012882447666,7.588566827697263,9.178743961352657,6.6827697262479875,11.788781535158346,,21.128556092324207,1.0332796564680622,
130,17.371175523349436,26.610305958132045,7.75630703166935,8.232689210950081,6.655931293612453,11.708266237251744,,20.645464304884594,1.0198604401502953,
131,17.612721417069242,26.281535158346752,7.997852925389157,8.192431561996779,6.655931293612453,11.641170155662909,,20.471014492753625,1.1473429951690821,
132,17.834138486312398,26.187600644122384,7.944176060118089,8.28636607622115,6.655931293612453,11.574074074074074,,20.316693505099302,1.2010198604401503,
133,18.095813204508858,24.97987117552335,7.635534084809447,8.172302737520129,6.575415995705851,13.16425120772947,,20.175791733762747,1.2010198604401503,
134,18.230005367686527,24.872517444981213,7.555018786902845,8.158883521202362,6.723027375201288,13.130703166935051,,20.128824476650564,1.2010198604401503,
135,18.417874396135264,24.711486849168008,7.7831454643048845,8.353462157809984,6.904186795491143,12.667740203972087,,19.961084272678477,1.2010198604401503,
136,18.592324208266238,24.58400429414922,7.776435856146001,8.910359634997317,6.736446591519055,12.533548040794418,,19.706119162640903,1.1607622114868492,
137,18.726516371443907,24.48336017176597,7.830112721417069,8.910359634997317,6.877348362855609,12.5,,19.51825013419216,1.1540526033279657,
138,19.0552871712292,24.335748792270532,7.816693505099302,8.896940418679549,6.830381105743425,12.4597423510467,,19.45115405260333,1.1540526033279657,
139,19.243156199677937,24.322329575952764,7.742887815351583,8.997584541062801,6.723027375201288,12.412775093934513,,19.404186795491142,1.1540526033279657,
140,19.578636607622116,24.282071926999464,7.729468599033816,8.870101986044014,6.723027375201288,12.365807836822329,,19.296833064949006,1.1540526033279657,
141,19.860440150295222,24.06736446591519,7.615405260332796,8.84326355340848,6.702898550724638,12.587224906065487,,19.0552871712292,1.2681159420289856,
142,20.155662909286097,23.778851315083198,7.568438003220612,9.16532474503489,6.696188942565755,12.453032742887816,,18.914385399892645,1.2681159420289856,
143,20.86688137412775,23.564143853998928,7.7898550724637685,9.118357487922705,6.461352657004831,12.198067632850242,,18.773483628556093,1.2278582930756843,
144,20.78636607622115,23.403113258185723,7.50805152979066,8.608427267847558,6.387546967257112,12.077294685990339,,20.034889962426195,1.1943102522812667,
145,21.390230810520666,23.221953837895867,7.501341921631776,8.527911969940956,6.3070316693505095,11.98336017176597,,19.89398819108964,1.1741814278046163,
146,21.77938808373591,22.940150295222757,7.48792270531401,8.494363929146537,6.3070316693505095,11.929683306494901,,19.89398819108964,1.1674718196457328,
147,21.75925925925926,22.725442834138487,7.326892109500805,8.373590982286634,7.48792270531401,11.265432098765432,0.11406333870101985,19.77992485238862,1.1674718196457328,
148,22.061191626409016,22.436929683306495,7.239667203435319,8.541331186258722,7.25979602791197,11.882716049382717,0.11406333870101985,19.296833064949006,1.1674718196457328,
149,22.69860440150295,22.309447128287708,7.098765432098766,8.36688137412775,7.192699946323135,11.876006441223833,0.11406333870101985,19.176060118089104,1.1674718196457328,
150,19.02173913043478,22.108158883521202,6.635802469135802,7.944176060118089,5.535426731078905,10.520665593129362,0.11406333870101985,27.36849168008588,0.7514761137949544,
151,19.35721953837896,22.020933977455716,6.615673644659152,7.917337627482555,5.481749865807837,10.420021470746109,0.11406333870101985,27.3215244229737,0.7514761137949544,
152,18.51851851851852,21.390230810520666,5.971551261406334,7.803274288781535,5.3341384863123995,10.272410091250672,0.11406333870101985,29.844337090713903,0.7514761137949544,
153,18.840579710144926,21.20907139023081,5.9514224369296835,7.7898550724637685,5.24020397208803,10.245571658615138,0.20799785292538917,29.7638217928073,0.7514761137949544,
154,18.947933440687063,19.900697799248523,5.71658615136876,7.7831454643048845,5.35426731078905,11.842458400429415,0.20799785292538917,29.502147074610843,0.7447665056360708,
155,19.182769726247987,19.860440150295222,6.031937734836285,7.628824476650563,5.35426731078905,11.674718196457327,0.20799785292538917,29.314278046162105,0.7447665056360708,
156,19.592055823939884,19.806763285024154,6.286902844873859,7.575147611379496,5.186527106816962,11.735104669887278,0.20799785292538917,28.864734299516908,0.7447665056360708,
157,20.068438003220614,19.618894256575416,6.286902844873859,7.548309178743962,5.166398282340311,11.714975845410628,0.20799785292538917,28.650026838432634,0.7380568974771873,
158,20.38378958668814,19.33709071390231,6.172839506172839,7.977724100912507,5.132850241545894,11.714975845410628,0.20799785292538917,28.381642512077295,0.6910896403650026,
159,20.585077831454644,19.310252281266774,6.172839506172839,7.930756843800322,5.119431025228127,11.714975845410628,0.20799785292538917,28.14680622651637,0.8118625872249061,
160,20.632045088566827,18.00187869028449,5.810520665593129,7.930756843800322,5.059044551798175,13.821792807300053,0.1878690284487386,27.771068169618893,0.785024154589372,
161,21.007783145464305,17.92807300053677,5.810520665593129,7.917337627482555,5.045625335480408,13.781535158346752,0.1878690284487386,27.536231884057973,0.785024154589372,
162,21.464036500268385,17.70665593129361,5.803811057434245,7.917337627482555,4.985238862050457,13.674181427804616,0.1878690284487386,27.47584541062802,0.785024154589372,
163,21.3768115942029,17.55233494363929,5.783682232957595,7.232957595276436,4.985238862050457,13.674181427804616,0.1878690284487386,28.28099838969404,0.9259259259259259,
164,21.792807300053678,17.2638217928073,5.750134192163178,7.14573268921095,4.830917874396135,13.922436929683306,0.1878690284487386,28.18035426731079,0.9259259259259259,
165,21.564680622651636,16.431830381105744,5.475040257648954,8.769457863660762,4.830917874396135,13.741277509393452,0.1878690284487386,27.925389157273216,1.0735373054213635,
166,21.83977455716586,16.371443907675793,5.434782608695652,8.769457863660762,4.810789049919484,13.707729468599034,0.1878690284487386,27.831454643048847,1.0466988727858293,
167,21.631776704240472,16.27750939345142,5.434782608695652,8.950617283950617,4.804079441760601,13.47289318303811,0.1878690284487386,28.193773483628558,1.0466988727858293,
168,22.074610842726784,16.203703703703702,5.273752012882448,8.870101986044014,5.595813204508857,13.425925925925926,0.1878690284487386,27.563070316693505,0.8051529790660226,
169,22.25577026301664,16.203703703703702,5.253623188405797,8.870101986044014,5.683038110574342,13.39237788513151,0.1878690284487386,27.34836285560923,0.8051529790660226,
170,22.61808910359635,15.995705850778315,5.428073000536768,8.749329039184111,5.60252281266774,13.372249060654857,0.1878690284487386,27.241009125067094,0.8051529790660226,
171,22.906602254428343,15.975577026301664,5.428073000536768,8.581588835212024,5.689747718733226,13.331991411701557,0.1878690284487386,27.093397745571657,0.8051529790660226,
172,23.32259796027912,15.666935050993022,5.555555555555555,8.675523349436393,5.723295759527644,13.20450885668277,0.1878690284487386,26.858561460010737,0.8051529790660226,
173,23.19511540526033,15.365002683843263,6.1862587224906065,8.239398819108963,5.656199677938808,13.580246913580247,0.1878690284487386,26.78475577026302,0.8051529790660226,
174,23.617820719269993,15.318035426731079,6.3137412775093935,8.085077831454644,5.723295759527644,13.466183574879228,0.1878690284487386,26.516371443907676,0.7716049382716049,
175,23.752012882447666,15.170424047235642,6.400966183574879,8.071658615136876,5.71658615136876,13.425925925925926,0.1878690284487386,26.50295222758991,0.7716049382716049,
176,24.06736446591519,15.096618357487923,6.374127750939345,8.004562533548041,5.837359098228664,13.251476113794954,0.1878690284487386,26.40901771336554,0.7716049382716049,
177,24.02710681696189,14.955716586151368,6.239935587761675,10.379763821792807,5.723295759527644,13.24476650563607,0.1878690284487386,24.52361782071927,0.7179280730005367,
178,24.16129898013956,14.687332259796028,6.380837359098229,10.379763821792807,5.71658615136876,15.123456790123457,0.1878690284487386,22.79253891572732,0.5703166935050993,
179,24.476650563607084,14.49946323134729,6.199677938808374,8.742619431025227,5.71658615136876,15.116747181964573,0.1878690284487386,24.50348899624262,0.5568974771873323,
180,24.758454106280194,14.486044015029522,6.159420289855072,8.729200214707461,5.629361245303274,15.08990874932904,0.1878690284487386,24.402844873859365,0.5568974771873323,
181,25.05367686527107,14.096886741814279,6.072195383789587,8.675523349436393,5.978260869565218,15.01610305958132,0.1878690284487386,24.362587224906065,0.5568974771873323,
182,25.5703166935051,14.083467525496511,6.052066559312936,8.581588835212024,5.978260869565218,14.99597423510467,0.1878690284487386,23.993558776167472,0.5568974771873323,
183,25.79844337090714,13.989533011272142,5.971551261406334,8.413848631239935,6.300322061191626,15.277777777777779,0.1878690284487386,23.503757380568974,0.5568974771873323,
184,26.154052603327965,13.79495437466452,5.971551261406334,8.413848631239935,6.300322061191626,15.22410091250671,0.1878690284487386,23.396403650026837,0.5568974771873323,
185,26.221148684916802,13.768115942028986,5.971551261406334,8.393719806763285,6.300322061191626,15.203972088030058,0.1878690284487386,23.396403650026837,0.5568974771873323,
186,26.455984970477726,13.734567901234568,5.971551261406334,8.393719806763285,6.273483628556092,15.203972088030058,0.1878690284487386,23.221953837895867,0.5568974771873323,
187,26.67740203972088,12.332259796027913,5.958132045088567,8.36688137412775,6.273483628556092,16.5727321524423,0.1878690284487386,23.07434245840043,0.5568974771873323,
188,26.596886741814277,11.54723564143854,5.911164787976382,9.46725711218465,6.253354804079442,16.532474503488995,0.1878690284487386,22.946859903381643,0.5568974771873323,
189,27.140365002683843,11.506977992485238,5.770263016639828,9.39345142243693,6.219806763285024,16.6129898013956,0.1878690284487386,22.67176596886742,0.49651100375738055,
190,27.449006977992486,11.453301127214171,5.756843800322061,9.292807300053678,6.213097155126141,16.57944176060118,0.1878690284487386,22.571121846484164,0.49651100375738055,
191,27.66371443907676,11.352657004830919,5.636070853462158,9.272678475577026,6.602254428341385,16.820987654320987,0.1878690284487386,21.967257112184647,0.49651100375738055,
192,27.811325818572197,11.231884057971014,6.226516371443908,9.178743961352657,6.790123456790123,16.35131508319914,0.1878690284487386,21.584809447128286,0.6374127750939346,
193,28.428609769189478,11.158078368223295,6.139291465378422,8.816425120772946,6.689479334406871,16.411701556629094,0.1878690284487386,21.531132581857218,0.6374127750939346,
194,28.911701556629094,11.137949543746645,6.112453032742888,8.742619431025227,6.689479334406871,16.14331723027375,0.1878690284487386,21.464036500268385,0.6105743424584005,
195,29.334406870638755,10.93666129898014,6.112453032742888,8.82313472893183,6.608964036500268,16.14331723027375,0.1878690284487386,21.26274825550188,0.5904455179817498,
196,29.676596886741816,10.93666129898014,6.078904991948471,8.78287707997853,6.608964036500268,15.955448201825014,0.1878690284487386,21.182232957595275,0.5904455179817498,
197,30.112721417069242,10.849436392914654,5.978260869565218,8.903650026838433,6.541867954911433,15.935319377348362,0.1878690284487386,20.90042941492217,0.5904455179817498,
198,30.226784755770264,10.742082662372518,5.964841653247451,8.82313472893183,6.146001073537305,16.015834675254965,0.1878690284487386,21.30300590445518,0.5904455179817498,
199,30.334138486312398,10.715244229736983,5.924584004294149,8.809715512614064,6.146001073537305,16.06280193236715,0.1878690284487386,21.22920021470746,0.5904455179817498,
200,30.320719269994633,10.641438539989265,6.011808910359635,9.098228663446054,6.146001073537305,15.861513687600644,0.1878690284487386,21.14868491680086,0.5837359098228664,
201,30.71658615136876,10.601180891035963,5.998389694041868,9.07139023081052,6.105743424584004,15.814546430488459,0.1878690284487386,20.954106280193237,0.5501878690284487,
202,30.877616747181964,10.453569511540525,5.938003220611916,9.07139023081052,6.219806763285024,15.767579173376275,0.1878690284487386,20.933977455716587,0.5501878690284487,
203,31.125872249060656,10.319377348362856,5.938003220611916,8.943907675791733,6.367418142780462,15.653515834675256,0.1878690284487386,20.913848631239937,0.5501878690284487,
204,31.273483628556093,10.292538915727322,5.938003220611916,8.863392377885132,6.367418142780462,15.613258185721953,0.1878690284487386,20.78636607622115,0.6776704240472357,
205,31.635802469135804,10.25228126677402,5.864197530864198,8.849973161567364,6.488191089640365,15.4723564143854,0.1878690284487386,20.585077831454644,0.6642512077294686,
206,31.99812130971551,10.0979602791197,5.844068706387547,8.829844337090714,6.447933440687064,15.391841116478798,0.1878690284487386,20.40391841116479,0.798443370907139,
207,32.19269994632314,10.077831454643048,5.9514224369296835,8.776167471819646,6.535158346752549,15.318035426731079,0.1878690284487386,20.222758990874933,0.7380568974771873,
208,32.59527643585615,10.077831454643048,5.9514224369296835,8.789586688137414,6.535158346752549,15.069779924852389,0.1878690284487386,20.095276435856146,0.6977992485238862,
209,33.01798174986581,10.00402576489533,5.938003220611916,8.648684916800859,6.468062265163715,15.009393451422437,0.1878690284487386,20.02818035426731,0.6977992485238862,
210,32.74288781535159,9.957058507783145,5.931293612453032,10.050993022007514,6.353998926462695,14.942297369833602,0.1878690284487386,19.0552871712292,0.7783145464304885,
211,33.06494900697799,9.842995169082126,5.891035963499732,9.702093397745571,6.3137412775093935,15.083199141170155,0.1878690284487386,19.008319914117017,0.7783145464304885,0.1274825550187869
212,33.279656468062264,9.648416532474503,5.891035963499732,9.695383789586689,6.300322061191626,15.083199141170155,0.1878690284487386,19.008319914117017,0.7783145464304885,0.1274825550187869
213,33.59500805152979,9.628287707997853,5.864197530864198,9.614868491680086,6.226516371443908,15.03623188405797,0.1878690284487386,18.94122383252818,0.7783145464304885,0.1274825550187869
214,33.80971551261406,9.614868491680086,5.850778314546431,9.494095544820183,6.226516371443908,15.096618357487923,0.1878690284487386,18.82716049382716,0.7648953301127214,0.1274825550187869
215,34.44041867954911,9.534353193773484,5.850778314546431,9.453837895866881,6.038647342995169,15.01610305958132,0.1878690284487386,18.585614600107355,0.7648953301127214,0.1274825550187869
216,34.45383789586688,9.400161030595813,5.8172302737520125,9.386741814278047,5.636070853462158,15.767579173376275,0.1878690284487386,18.45813204508857,0.7648953301127214,0.1274825550187869
217,34.648416532474506,9.245840042941492,5.810520665593129,9.27938808373591,5.931293612453032,15.693773483628556,0.1878690284487386,18.310520665593128,0.7648953301127214,0.1274825550187869
218,35.02415458937198,9.23913043478261,5.770263016639828,9.265968867418144,5.931293612453032,15.626677402039721,0.0939345142243693,18.169618894256576,0.7514761137949544,0.1274825550187869
219,35.27241009125067,9.091519055287172,5.723295759527644,9.044551798174986,5.897745571658615,15.881642512077295,0.0939345142243693,18.115942028985508,0.7514761137949544,0.1274825550187869
220,35.40660225442834,9.05126140633387,5.669618894256575,9.118357487922705,6.0654857756307035,15.72061191626409,0.0939345142243693,18.00187869028449,0.7447665056360708,0.1274825550187869
221,35.55421363392378,9.05126140633387,5.542136339237788,9.23913043478261,6.172839506172839,15.53274288781535,0.0939345142243693,17.941492216854535,0.7447665056360708,0.1274825550187869
222,35.53408480944713,8.896940418679549,5.676328502415459,9.118357487922705,6.112453032742888,16.089640365002683,0.0939345142243693,17.60601180891036,0.7447665056360708,0.1274825550187869
223,35.21202361782072,8.876811594202898,5.615942028985507,10.668276972624799,6.105743424584004,15.08990874932904,,17.56575415995706,0.7380568974771873,0.1274825550187869
224,35.178475577026305,8.849973161567364,5.589103596349974,10.63472893183038,6.038647342995169,15.445517981749866,,17.398013955984972,0.7380568974771873,0.1274825550187869
225,35.42002147074611,8.80300590445518,5.394524959742351,10.581052066559312,6.1862587224906065,15.351583467525497,,17.398013955984972,0.7380568974771873,0.1274825550187869
226,35.487117552334944,8.735909822866345,5.676328502415459,10.567632850241546,6.159420289855072,15.217391304347826,,17.290660225442835,0.7380568974771873,0.1274825550187869
227,35.77563070316693,8.68894256575416,5.669618894256575,10.560923242082662,6.159420289855072,15.056360708534621,,17.223564143854,0.7380568974771873,0.1274825550187869
228,35.80246913580247,8.57487922705314,5.723295759527644,10.507246376811594,6.280193236714976,15.297906602254429,,16.948470209339774,0.7380568974771873,0.1274825550187869
229,35.668276972624795,8.387010198604402,5.709876543209877,10.507246376811594,6.629092860976919,15.28448738593666,,16.948470209339774,0.7380568974771873,0.1274825550187869
230,36.010466988727856,8.246108427267847,5.683038110574342,10.050993022007514,6.629092860976919,15.754159957058508,,16.760601180891037,0.7380568974771873,0.1274825550187869
231,35.96349973161568,8.165593129361245,5.676328502415459,10.071121846484166,6.655931293612453,15.76086956521739,,16.760601180891037,0.8185721953837896,0.1274825550187869
232,36.20504562533548,8.158883521202362,5.864197530864198,10.057702630166398,6.649221685453569,15.646806226516372,,16.472088030059044,0.8185721953837896,0.1274825550187869
233,36.82903918411165,8.132045088566828,5.857487922705314,9.936929683306495,6.501610305958132,15.660225442834138,,16.14331723027375,0.8118625872249061,0.1274825550187869
234,37.21148684916801,7.997852925389157,5.683038110574342,11.010466988727858,6.407675791733762,15.318035426731079,,15.432098765432098,0.8118625872249061,0.1274825550187869
235,37.32555018786903,7.917337627482555,5.642780461621041,11.466720343531938,6.407675791733762,14.848362855609233,,15.465646806226516,0.798443370907139,0.1274825550187869
236,37.453032742887814,7.897208803005904,5.642780461621041,11.406333870101985,6.400966183574879,14.814814814814815,,15.458937198067632,0.798443370907139,0.1274825550187869
237,37.848899624261946,7.890499194847021,5.615942028985507,11.292270531400966,6.488191089640365,14.65378421900161,,15.291196994095545,0.798443370907139,0.12077294685990338
238,37.94283413848631,7.7361782071927,5.609232420826624,11.245303274288782,6.850509930220075,14.445786366076222,,15.250939345142244,0.798443370907139,0.12077294685990338
239,38.016639828234034,7.648953301127214,5.508588298443371,11.171497584541063,7.011540526033279,14.620236178207193,,15.103327965646805,0.798443370907139,0.12077294685990338
240,38.425925925925924,7.595276435856146,5.4616210413311865,10.970209339774557,7.051798174986581,14.55984970477724,,15.042941492216855,0.7716049382716049,0.12077294685990338
241,38.88217928073001,7.568438003220612,5.428073000536768,10.86285560923242,7.051798174986581,14.512882447665056,,14.80810520665593,0.7648953301127214,0.12077294685990338
242,39.231078904991946,7.548309178743962,5.414653784219001,10.86285560923242,7.051798174986581,14.479334406870638,,14.53972088030059,0.7514761137949544,0.12077294685990338
243,39.49946323134729,7.5348899624261945,5.401234567901234,10.681696188942565,6.9243156199677935,14.432367149758454,0.11406333870101985,14.53972088030059,0.7514761137949544,0.12077294685990338
244,39.58668813741278,7.5348899624261945,5.662909286097692,10.681696188942565,6.89747718733226,14.298174986580785,0.11406333870101985,14.358561460010735,0.7447665056360708,0.12077294685990338
245,39.61352657004831,7.4141170155662905,5.662909286097692,10.681696188942565,6.776704240472356,14.526301663982823,0.11406333870101985,14.345142243692969,0.7447665056360708,0.12077294685990338
246,39.60681696188943,7.14573268921095,5.723295759527644,10.46027911969941,7.27992485238862,14.647074610842727,0.11406333870101985,14.224369296833064,0.6776704240472357,0.12077294685990338
247,39.66720343531938,7.132313472893183,5.837359098228664,10.352925389157273,7.407407407407407,14.61352657004831,0.11406333870101985,14.076757917337627,0.6776704240472357,0.12077294685990338
248,39.83494363929147,7.125603864734299,5.837359098228664,10.373054213633925,7.273215244229737,14.600107353730541,0.11406333870101985,14.04320987654321,0.6776704240472357,0.12077294685990338
249,40.17042404723564,7.0450885668276975,5.770263016639828,10.359634997316157,7.273215244229737,14.55984970477724,0.11406333870101985,13.90901771336554,0.6776704240472357,0.12077294685990338
