,45,50,51,53,52,55,58,54,57,56,60,59,61,46
0,97.23564143853999,2.7643585614600106,,,,,,,,,,,,
1,95.90713902308106,4.05931293612453,0.03354804079441761,,,,,,,,,,,
2,90.62667740203972,9.312936124530328,0.03354804079441761,0.026838432635534086,,,,,,,,,,
3,90.38513150831992,9.554482018250134,0.03354804079441761,0.026838432635534086,,,,,,,,,,
4,89.54643048845948,10.359634997316157,0.03354804079441761,0.026838432635534086,0.03354804079441761,,,,,,,,,
5,86.15136876006441,13.754696725711218,0.03354804079441761,0.026838432635534086,0.03354804079441761,,,,,,,,,
6,83.60171765968867,16.27079978529254,0.03354804079441761,0.026838432635534086,0.06709608158883522,,,,,,,,,
7,83.17901234567901,16.51905528717123,0.03354804079441761,0.026838432635534086,0.19457863660762212,0.04696725711218465,,,,,,,,
8,83.09178743961353,15.26435856146001,0.06038647342995169,1.3419216317767042,0.19457863660762212,0.04696725711218465,,,,,,,,
9,82.87707997852925,15.418679549114332,0.07380568974771873,1.328502415458937,0.20799785292538917,0.0939345142243693,,,,,,,,
10,78.76409017713365,19.558507783145465,0.07380568974771873,1.288244766505636,0.20799785292538917,0.08051529790660225,0.026838432635534086,,,,,,,
11,72.65163714439076,25.59044551798175,0.07380568974771873,1.3150831991411702,0.24154589371980675,0.10064412238325282,0.026838432635534086,,,,,,,
12,72.49060654857756,25.711218464841654,0.10064412238325282,1.3150831991411702,0.2549651100375738,0.10064412238325282,0.026838432635534086,,,,,,,
13,70.26972624798712,27.710681696188942,0.2952227589908749,1.3016639828234031,0.23483628556092323,0.1610305958132045,0.026838432635534086,,,,,,,
14,70.46430488459474,27.408749329039185,0.2952227589908749,1.3217928073000538,0.23483628556092323,0.24825550187869028,0.026838432635534086,,,,,,,
15,69.4645732689211,28.173644659151904,0.2952227589908749,1.3217928073000538,0.2616747181964573,0.3421900161030596,0.026838432635534086,0.11406333870101985,,,,,,
16,69.37734836285561,28.207192699946322,0.3488996242619431,1.3217928073000538,0.2616747181964573,0.3421900161030596,0.026838432635534086,0.11406333870101985,,,,,,
17,69.18276972624798,28.23403113258186,0.3488996242619431,1.3217928073000538,0.2952227589908749,0.4227053140096618,0.026838432635534086,0.16774020397208803,,,,,,
18,69.02844873859367,28.26086956521739,0.3488996242619431,1.402308105206656,0.2952227589908749,0.46967257112184646,0.026838432635534086,0.16774020397208803,,,,,,
19,67.78717122920021,26.27482555018787,3.4957058507783145,1.402308105206656,0.33548040794417605,0.5166398282340311,0.026838432635534086,0.1610305958132045,,,,,,
20,67.89452495974236,26.174181427804616,3.488996242619431,1.3821792807300053,0.3421900161030596,0.5300590445517982,0.026838432635534086,0.1610305958132045,,,,,,
21,67.73349436392914,26.37546967257112,3.4822866344605474,1.3620504562533549,0.36902844873859364,0.46296296296296297,0.026838432635534086,0.1610305958132045,0.026838432635534086,,,,,
22,58.21926999463231,35.71524422973698,3.488996242619431,1.4761137949543746,0.36902844873859364,0.47638217928073,0.026838432635534086,0.20128824476650564,0.026838432635534086,,,,,
23,58.11862587224906,35.28582930756844,3.475577026301664,1.5163714439076759,0.4092860976918948,0.8051529790660226,0.026838432635534086,0.2683843263553409,0.026838432635534086,0.06709608158883522,,,,
24,57.13231347289318,36.00375738056898,3.5829307568438002,1.5029522275899088,0.5233494363929146,0.8252818035426731,0.026838432635534086,0.30864197530864196,0.026838432635534086,0.06709608158883522,,,,
25,57.139023081052066,35.73537305421363,3.549382716049383,1.5499194847020934,0.5703166935050993,0.8722490606548577,0.026838432635534086,0.46296296296296297,0.026838432635534086,0.06709608158883522,,,,
26,55.32071926999463,34.15190552871712,6.588835212023618,1.5365002683843263,0.8789586688137413,0.8722490606548577,0.026838432635534086,0.49651100375738055,0.026838432635534086,0.10064412238325282,,,,
27,55.19994632313473,34.13848631239936,6.749865807836822,1.5633387010198605,0.8655394524959742,0.8588298443370908,0.026838432635534086,0.46967257112184646,0.026838432635534086,0.10064412238325282,,,,
28,54.710144927536234,34.58803005904455,6.6827697262479875,1.5901771336553945,0.8923778851315083,0.8588298443370908,0.026838432635534086,0.46967257112184646,0.026838432635534086,0.15432098765432098,,,,
29,54.70343531937735,34.5679012345679,6.696188942565755,1.570048309178744,0.8923778851315083,0.8923778851315083,0.026838432635534086,0.46967257112184646,0.026838432635534086,0.15432098765432098,,,,
30,54.770531400966185,34.31964573268921,6.689479334406871,1.570048309178744,0.9057971014492754,0.9863123993558777,0.026838432635534086,0.5233494363929146,0.026838432635534086,0.18115942028985507,,,,
31,38.969404186795494,51.7914653784219,5.636070853462158,1.3217928073000538,0.8655394524959742,0.8252818035426731,0.026838432635534086,0.36902844873859364,0.026838432635534086,0.16774020397208803,,,,
32,36.52710681696189,53.94524959742351,5.535426731078905,1.42914653784219,0.9057971014492754,1.0735373054213635,0.026838432635534086,0.36231884057971014,0.026838432635534086,0.16774020397208803,,,,
33,36.64117015566291,52.603327965646805,5.542136339237788,1.42914653784219,0.9259259259259259,2.2410091250670963,0.026838432635534086,0.39586688137412773,0.026838432635534086,0.16774020397208803,,,,
34,36.72168545356951,52.48926462694579,5.508588298443371,1.4559849704777241,0.9259259259259259,2.24771873322598,0.026838432635534086,0.39586688137412773,0.026838432635534086,0.20128824476650564,,,,
35,36.862587224906065,52.08668813741278,5.495169082125604,1.4224369296833066,0.9594739667203436,2.314814814814815,0.026838432635534086,0.5703166935050993,0.026838432635534086,0.20128824476650564,0.03354804079441761,,,
36,36.983360171765966,51.71765968867418,5.548845947396672,1.4559849704777241,0.9326355340848095,2.4825550187869028,0.026838432635534086,0.5904455179817498,0.026838432635534086,0.17444981213097155,0.03354804079441761,0.026838432635534086,,
37,37.15780998389694,51.20101986044015,5.60252281266774,1.4559849704777241,0.9326355340848095,2.7979066022544283,,0.5904455179817498,0.026838432635534086,0.17444981213097155,0.03354804079441761,0.026838432635534086,,
38,37.27187332259796,50.20799785292539,5.595813204508857,2.3349436392914655,0.8655394524959742,2.8784219001610305,,0.5837359098228664,0.026838432635534086,0.17444981213097155,0.03354804079441761,0.026838432635534086,,
39,27.79790660225443,62.11755233494364,5.434782608695652,0.3421900161030596,0.8051529790660226,2.7241009125067097,,0.5434782608695652,,0.17444981213097155,0.03354804079441761,0.026838432635534086,,
40,28.012614063338702,61.75523349436393,5.46833064949007,0.33548040794417605,0.7917337627482555,2.7979066022544283,,0.5770263016639828,,0.20128824476650564,0.03354804079441761,0.026838432635534086,,
41,27.885131508319915,60.03086419753087,5.475040257648954,0.3488996242619431,0.7716049382716049,3.0327428878153517,,2.1940418679549114,,0.20128824476650564,0.03354804079441761,0.026838432635534086,,
42,28.039452495974235,59.45383789586688,5.475040257648954,0.36231884057971014,0.8051529790660226,3.3548040794417604,,2.24771873322598,,0.20128824476650564,0.03354804079441761,0.026838432635534086,,
43,27.865002683843265,58.5077831454643,5.428073000536768,0.30864197530864196,0.8722490606548577,4.441760601180891,,2.301395598497048,,0.2147074610842727,0.03354804079441761,0.026838432635534086,,
44,27.911969940955448,58.07836822329576,5.35426731078905,0.30864197530864196,0.9057971014492754,4.804079441760601,0.020128824476650563,2.2745571658615136,,0.28180354267310787,0.03354804079441761,0.026838432635534086,,
45,27.690552871712292,49.966451959205585,5.381105743424584,0.30864197530864196,9.29951690821256,4.656468062265164,0.020128824476650563,2.3349436392914655,,0.28180354267310787,0.03354804079441761,0.026838432635534086,,
46,27.234299516908212,48.651368760064415,5.414653784219001,1.9659151905528718,9.265968867418144,5.038915727321524,0.020128824476650563,2.100107353730542,,0.24825550187869028,0.03354804079441761,0.026838432635534086,,
47,24.731615673644658,40.84138486312399,17.45169082125604,1.9390767579173376,9.004294149221685,3.643317230273752,0.020128824476650563,1.9927536231884058,0.0067096081588835215,0.30864197530864196,0.03354804079441761,0.026838432635534086,,
48,25.0402576489533,40.54616210413312,17.2638217928073,1.9860440150295222,9.01100375738057,3.730542136339238,0.020128824476650563,1.9927536231884058,0.0067096081588835215,0.3421900161030596,0.03354804079441761,0.026838432635534086,,
49,25.228126677402038,39.61352657004831,17.122920021470748,2.01959205582394,8.870101986044014,3.784219001610306,0.020128824476650563,2.898550724637681,0.040257648953301126,0.3421900161030596,0.03354804079441761,0.026838432635534086,,
50,25.509930220075148,39.01637144390767,17.07595276435856,1.9994632313472893,9.16532474503489,3.7372517444981215,0.020128824476650563,2.9253891572732154,0.0939345142243693,0.39586688137412773,0.03354804079441761,0.026838432635534086,,
51,25.85212023617821,38.84192163177671,16.901502952227588,1.9726247987117553,9.064680622651638,3.7372517444981215,0.020128824476650563,2.9253891572732154,0.0939345142243693,0.5300590445517982,0.03354804079441761,0.026838432635534086,,
52,26.127214170692433,38.55340848094471,16.70692431561997,1.9726247987117553,9.024422973698336,3.824476650563607,0.020128824476650563,2.898550724637681,0.0939345142243693,0.6910896403650026,0.03354804079441761,0.05367686527106817,,
53,26.207729468599034,37.124261943102525,16.666666666666668,1.9659151905528718,8.997584541062801,4.274020397208803,0.020128824476650563,3.864734299516908,0.08051529790660225,0.7112184648416533,0.03354804079441761,0.05367686527106817,,
54,26.140633387010197,36.272141706924316,15.063070316693505,4.388083735909823,8.896940418679549,4.2270531400966185,0.020128824476650563,3.7238325281803544,0.2616747181964573,0.8923778851315083,0.06038647342995169,0.05367686527106817,,
55,26.576757917337627,35.03086419753087,14.949006977992486,4.247181964573269,8.890230810520666,5.186527106816962,0.04696725711218465,3.569511540526033,0.4830917874396135,0.9057971014492754,0.06038647342995169,0.05367686527106817,,
56,26.69753086419753,34.876543209876544,14.04320987654321,4.186795491143317,8.836553945249598,5.253623188405797,0.07380568974771873,4.394793344068707,0.5367686527106817,0.95276435856146,0.0939345142243693,0.05367686527106817,,
57,26.570048309178745,34.01100375738057,17.72007514761138,2.8247450348899625,8.789586688137414,5.166398282340311,0.04696725711218465,3.488996242619431,0.4227053140096618,0.8118625872249061,0.0939345142243693,0.05367686527106817,,
58,26.878690284487387,33.87010198604401,17.599302200751477,2.818035426731079,8.729200214707461,5.360976918947934,0.04696725711218465,3.2877079978529253,0.4227053140096618,0.8521202361782072,0.0939345142243693,0.040257648953301126,,
59,26.482823403113258,33.01798174986581,18.61916264090177,2.831454643048846,8.145464304884594,6.1929683306494905,0.04696725711218465,3.260869565217391,0.4025764895330113,0.8655394524959742,0.0939345142243693,0.040257648953301126,,
60,26.50295222758991,31.964573268921097,20.182501341921633,2.475845410628019,8.07836822329576,6.011808910359635,0.04696725711218465,3.2474503488996245,0.4025764895330113,0.95276435856146,0.0939345142243693,0.040257648953301126,,
61,26.623725174449813,31.662640901771336,20.081857219538378,2.7308105206655933,7.991143317230274,5.911164787976382,0.04696725711218465,3.2675791733762747,0.4025764895330113,1.1003757380568975,0.0939345142243693,0.08722490606548577,,
62,27.167203435319376,31.46135265700483,19.91411701556629,2.7643585614600106,7.836822329575953,5.763553408480945,0.04696725711218465,3.240740740740741,0.4025764895330113,1.1808910359634996,0.13419216317767044,0.08722490606548577,,
63,27.49597423510467,31.266774020397207,19.80005367686527,2.7979066022544283,7.481213097155126,5.756843800322061,0.04696725711218465,3.2206119162640903,0.5770263016639828,1.3083735909822867,0.1610305958132045,0.08722490606548577,,
64,27.449006977992486,31.206387546967257,19.860440150295222,2.8784219001610305,7.427536231884058,5.750134192163178,0.04696725711218465,3.2675791733762747,0.5770263016639828,1.2748255501878691,0.1610305958132045,0.10064412238325282,,
65,27.697262479871174,31.0654857756307,19.860440150295222,2.844873859366613,7.427536231884058,5.750134192163178,0.04696725711218465,3.2206119162640903,0.5770263016639828,1.2748255501878691,0.13419216317767044,0.10064412238325282,,
66,26.704240472356414,29.57595276435856,19.122383252818036,4.294149221685454,9.614868491680086,5.35426731078905,0.04696725711218465,3.1535158346752548,0.5770263016639828,1.3486312399355878,0.13419216317767044,0.07380568974771873,,
67,27.01959205582394,29.468599033816425,18.94122383252818,4.260601180891036,9.534353193773484,5.387815351583468,0.04696725711218465,3.140096618357488,0.6105743424584005,1.3486312399355878,0.16774020397208803,0.07380568974771873,,
68,27.012882447665056,29.354535695115406,18.907675791733762,4.320987654320987,9.4873859366613,5.428073000536768,0.04696725711218465,3.1870638754696725,0.644122383252818,1.3486312399355878,0.1878690284487386,0.07380568974771873,,
69,27.26113794954375,29.159957058507782,18.833870101986044,4.314278046162104,9.440418679549115,5.475040257648954,0.04696725711218465,3.1870638754696725,0.644122383252818,1.3754696725711217,0.1878690284487386,0.07380568974771873,,
70,27.408749329039185,29.005636070853463,18.753354804079443,4.28743961352657,9.433709071390231,5.448201825013419,0.04696725711218465,3.2206119162640903,0.644122383252818,1.4895330112721417,0.1878690284487386,0.07380568974771873,,
71,27.750939345142243,28.79092860976919,18.80703166935051,4.26731078904992,9.272678475577026,5.387815351583468,0.04696725711218465,3.166935050993022,0.7716049382716049,1.4626945786366077,0.20128824476650564,0.07380568974771873,,
72,27.82474503488996,28.69699409554482,18.209876543209877,4.294149221685454,9.936929683306495,5.441492216854535,0.04696725711218465,3.1870638754696725,0.798443370907139,1.288244766505636,0.20128824476650564,0.07380568974771873,,
73,28.052871712292003,28.710413311862588,17.975040257648953,4.300858829844337,9.863123993558776,5.300590445517981,0.06709608158883522,3.1870638754696725,0.8655394524959742,1.402308105206656,0.20128824476650564,0.07380568974771873,,
74,28.187063875469672,28.609769189479334,17.814009661835748,4.213633923778851,9.903381642512077,5.374396135265701,0.0939345142243693,3.2340311325818574,0.8655394524959742,1.42914653784219,0.20128824476650564,0.07380568974771873,,
75,28.348094471282877,28.529253891572733,17.176596886741816,4.233762748255502,9.816156736446592,5.938003220611916,0.0939345142243693,3.240740740740741,0.8588298443370908,1.4895330112721417,0.20128824476650564,0.07380568974771873,,
76,28.368223295759528,28.227321524422972,17.06924315619968,4.334406870638754,9.628287707997853,6.052066559312936,0.12077294685990338,3.240740740740741,0.8856682769726248,1.7981749865807837,0.20128824476650564,0.07380568974771873,,
77,20.96081588835212,36.68813741277509,15.861513687600644,4.086151368760064,9.25925925925926,7.065217391304348,0.12077294685990338,3.1535158346752548,0.8521202361782072,1.6774020397208802,0.20128824476650564,0.07380568974771873,,
78,19.92753623188406,35.138217928073,15.98899624261943,4.03918411164788,13.714439076757918,6.749865807836822,0.12077294685990338,1.9524959742351047,0.46296296296296297,1.6908212560386473,0.15432098765432098,0.06038647342995169,,
79,20.068438003220614,34.44041867954911,15.747450348899624,4.03918411164788,13.667471819645733,7.1658615136876005,0.12077294685990338,2.227589908749329,0.46296296296296297,1.8451422436929683,0.15432098765432098,0.06038647342995169,,
80,20.2361782071927,34.23913043478261,15.70048309178744,4.05931293612453,13.6406333870102,7.1658615136876005,0.12077294685990338,2.2342995169082127,0.5166398282340311,1.8719806763285025,0.15432098765432098,0.06038647342995169,,
81,7.152442297369833,82.2061191626409,1.596886741814278,1.5365002683843263,1.7981749865807837,3.9989264626945786,0.07380568974771873,1.3150831991411702,0.04696725711218465,0.16774020397208803,0.06709608158883522,0.040257648953301126,,
82,6.582125603864735,82.64895330112721,1.570048309178744,1.5230810520665594,1.7981749865807837,4.139828234031133,0.06038647342995169,1.3419216317767042,0.04696725711218465,0.18115942028985507,0.06709608158883522,0.040257648953301126,,
83,6.884057971014493,81.05206655931293,1.556629092860977,1.5230810520665594,1.7981749865807837,5.441492216854535,0.06038647342995169,1.3083735909822867,0.08722490606548577,0.18115942028985507,0.06709608158883522,0.040257648953301126,,
84,7.004830917874396,80.54884594739667,1.0534084809447128,1.5297906602254427,2.7643585614600106,5.4616210413311865,0.06038647342995169,1.2412775093934514,0.08722490606548577,0.14090177133655393,0.06709608158883522,0.040257648953301126,,
85,7.85024154589372,79.69001610305958,1.0534084809447128,1.5297906602254427,2.7106816961889426,5.562265163714439,0.06038647342995169,1.2345679012345678,0.08722490606548577,0.11406333870101985,0.06709608158883522,0.040257648953301126,,
86,8.064949006977992,79.22034353193773,1.0466988727858293,1.556629092860977,2.7106816961889426,5.776972624798712,0.06038647342995169,1.2546967257112185,0.08722490606548577,0.11406333870101985,0.06709608158883522,0.040257648953301126,,
87,8.507783145464305,78.5829307568438,1.0466988727858293,1.556629092860977,2.7106816961889426,5.931293612453032,0.1274825550187869,1.2345679012345678,0.08051529790660225,0.11406333870101985,0.06709608158883522,0.040257648953301126,,
88,8.756038647342995,72.4771873322598,1.0466988727858293,7.575147611379496,2.737520128824477,5.770263016639828,0.1274825550187869,1.2077294685990339,0.08051529790660225,0.11406333870101985,0.06709608158883522,0.040257648953301126,,
89,9.118357487922705,71.90016103059581,1.0399892646269457,7.541599570585078,2.7308105206655933,6.038647342995169,0.1274825550187869,1.2010198604401503,0.08051529790660225,0.11406333870101985,0.06709608158883522,0.040257648953301126,,
90,9.346484165324744,69.69940955448202,1.0265700483091786,7.803274288781535,2.818035426731079,7.615405260332796,0.1274825550187869,1.221148684916801,0.0939345142243693,0.14090177133655393,0.06709608158883522,0.040257648953301126,,
91,9.554482018250134,69.52495974235104,0.9594739667203436,7.695920558239399,2.7777777777777777,7.64224369296833,0.15432098765432098,1.2949543746645196,0.13419216317767044,0.15432098765432098,0.06709608158883522,0.040257648953301126,,
92,9.88996242619431,69.11567364465915,0.9326355340848095,7.709339774557166,2.7979066022544283,7.6623725174449815,0.15432098765432098,1.3083735909822867,0.13419216317767044,0.1878690284487386,0.06709608158883522,0.040257648953301126,,
93,9.923510466988727,62.67444981213097,0.95276435856146,7.6623725174449815,2.791196994095545,14.150563607085346,0.1610305958132045,1.2681159420289856,0.12077294685990338,0.1878690284487386,0.06709608158883522,0.040257648953301126,,
94,10.34621578099839,62.043746645195924,0.95276435856146,7.669082125603865,2.7442297369833604,14.31159420289855,0.14761137949543746,1.3217928073000538,0.12077294685990338,0.1878690284487386,0.06709608158883522,0.040257648953301126,0.04696725711218465,
95,10.721953837895867,61.42646269457864,0.95276435856146,7.6556629092860975,2.8247450348899625,14.392109500805153,0.14761137949543746,1.3352120236178207,0.13419216317767044,0.2147074610842727,0.06709608158883522,0.040257648953301126,0.08722490606548577,
96,10.950080515297907,60.80246913580247,0.9460547504025765,7.628824476650563,2.804616210413312,14.680622651637144,0.14761137949543746,1.4492753623188406,0.13419216317767044,0.19457863660762212,0.13419216317767044,0.040257648953301126,0.08722490606548577,
97,10.815888352120236,54.227053140096615,0.95276435856146,7.4208266237251745,10.59447128287708,13.56682769726248,0.33548040794417605,1.4694041867954912,0.13419216317767044,0.19457863660762212,0.1610305958132045,0.040257648953301126,0.08722490606548577,
98,11.238593666129898,53.73054213633924,0.95276435856146,7.454374664519592,10.493827160493828,13.633923778851315,0.33548040794417605,1.5432098765432098,0.13419216317767044,0.19457863660762212,0.1610305958132045,0.040257648953301126,0.08722490606548577,
99,11.406333870101985,53.46886741814278,0.9796027911969941,7.427536231884058,10.466988727858293,13.667471819645733,0.38915727321524424,1.5432098765432098,0.13419216317767044,0.19457863660762212,0.1610305958132045,0.040257648953301126,0.12077294685990338,
100,11.533816425120772,51.70424047235642,1.1003757380568975,10.420021470746109,10.23215244229737,12.110842726784755,0.4830917874396135,1.6505636070853462,0.2683843263553409,0.23483628556092323,0.06709608158883522,0.07380568974771873,0.12077294685990338,
101,11.654589371980677,50.0402576489533,1.0869565217391304,10.661567364465915,10.19189479334407,13.24476650563607,0.5099302200751477,1.6774020397208802,0.4025764895330113,0.23483628556092323,0.06709608158883522,0.07380568974771873,0.15432098765432098,
102,12.037037037037036,49.20155662909286,1.0869565217391304,10.587761674718196,9.997316156736447,13.6808910359635,0.5636070853462157,1.6639828234031133,0.4025764895330113,0.4830917874396135,0.06709608158883522,0.07380568974771873,0.15432098765432098,
103,12.204777241009126,49.060654857756305,1.0869565217391304,10.527375201288244,9.943639291465379,13.694310252281268,0.5636070853462157,1.6841116478797638,0.4294149221685454,0.5099302200751477,0.06709608158883522,0.07380568974771873,0.15432098765432098,
104,12.406065485775631,47.63150831991412,1.0802469135802468,10.487117552334944,9.896672034353195,13.801663982823403,0.5904455179817498,2.871712292002147,0.4294149221685454,0.5099302200751477,0.06709608158883522,0.07380568974771873,0.15432098765432098,
105,12.365807836822329,45.330112721417066,1.0802469135802468,10.534084809447128,9.849704777241008,14.801395598497047,0.6172839506172839,2.885131508319914,0.4562533548040794,1.7176596886741815,0.06709608158883522,0.07380568974771873,0.2214170692431562,
106,12.674449812130971,45.02818035426731,1.1205045625335481,10.413311862587225,9.829575952764358,14.814814814814815,0.644122383252818,2.9119699409554483,0.4562533548040794,1.7444981213097155,0.06709608158883522,0.07380568974771873,0.2214170692431562,
107,12.942834138486312,44.06199677938808,1.1473429951690821,10.50053676865271,9.75577026301664,15.593129361245303,0.6172839506172839,2.8918411164787976,0.4562533548040794,1.6103059581320451,0.06709608158883522,0.10064412238325282,0.2549651100375738,
108,13.258185721953838,43.78690284487386,1.1473429951690821,10.359634997316157,9.728931830381105,15.573000536768653,0.6843800322061192,2.844873859366613,0.4495437466451959,1.6035963499731616,0.2214170692431562,0.10064412238325282,0.24154589371980675,
109,13.613794954374665,43.612453032742884,1.1406333870101986,10.319377348362856,9.688674181427805,15.5126140633387,0.6843800322061192,2.8113258185721954,0.4227053140096618,1.6304347826086956,0.2214170692431562,0.10064412238325282,0.24154589371980675,
110,13.875469672571121,43.283682232957595,1.1406333870101986,10.165056360708535,9.655126140633387,15.499194847020934,0.7514761137949544,2.871712292002147,0.4428341384863124,1.7176596886741815,0.2549651100375738,0.10064412238325282,0.24154589371980675,
111,14.331723027375201,42.8341384863124,1.1406333870101986,10.11808910359635,9.50751476113795,15.458937198067632,0.8051529790660226,2.8918411164787976,0.5099302200751477,1.751207729468599,0.2549651100375738,0.10064412238325282,0.2952227589908749,
112,14.546430488459475,42.572463768115945,1.1272141706924315,10.144927536231885,9.534353193773484,15.26435856146001,0.798443370907139,2.9388083735909825,0.644122383252818,1.778046162104133,0.2549651100375738,0.10064412238325282,0.2952227589908749,
113,14.479334406870638,40.90177133655394,1.1272141706924315,9.943639291465379,11.419753086419753,15.318035426731079,0.798443370907139,2.9052603327965647,0.6239935587761675,1.8317230273752012,0.2549651100375738,0.10064412238325282,0.2952227589908749,
114,14.351851851851851,39.42565754159957,1.1473429951690821,9.856414385399892,11.010466988727858,15.190552871712292,0.7514761137949544,5.0993022007514766,0.6977992485238862,1.7981749865807837,0.2549651100375738,0.08722490606548577,0.32877079978529256,
115,14.63365539452496,39.21765968867418,1.1473429951690821,9.796027911969942,10.983628556092324,15.22410091250671,0.8722490606548577,4.944981213097155,0.7581857219538379,1.7981749865807837,0.2549651100375738,0.07380568974771873,0.2952227589908749,
116,14.741009125067096,37.94283413848631,1.1473429951690821,8.99087493290392,10.815888352120236,17.438271604938272,0.8185721953837896,4.911433172302737,0.7783145464304885,1.7981749865807837,0.2549651100375738,0.07380568974771873,0.2885131508319914,
117,15.083199141170155,37.513419216317764,1.1473429951690821,8.977455716586151,10.72866344605475,17.60601180891036,0.785024154589372,4.898013955984971,0.7716049382716049,1.8250134192163177,0.2549651100375738,0.12077294685990338,0.2885131508319914,
118,15.445517981749866,37.23161567364466,1.1473429951690821,8.984165324745035,10.587761674718196,17.45169082125604,0.7783145464304885,4.978529253891573,0.7917337627482555,1.9390767579173376,0.2549651100375738,0.12077294685990338,0.2885131508319914,
119,15.687063875469672,36.97665056360709,1.1473429951690821,8.950617283950617,10.567632850241546,17.438271604938272,0.7783145464304885,5.10601180891036,0.7648953301127214,1.932367149758454,0.2549651100375738,0.10064412238325282,0.2952227589908749,
120,15.921900161030596,36.75523349436393,1.1607622114868492,8.910359634997317,10.493827160493828,17.431561996779386,0.7917337627482555,5.166398282340311,0.8319914117015567,1.8988191089640365,0.2549651100375738,0.10064412238325282,0.28180354267310787,
121,16.163446054750402,36.600912506709605,1.1607622114868492,8.903650026838433,10.466988727858293,17.404723564143854,0.8252818035426731,5.112721417069243,0.8319914117015567,1.892109500805153,0.2549651100375738,0.10064412238325282,0.28180354267310787,
122,16.23054213633924,36.50697799248524,1.1607622114868492,8.635265700483092,10.446859903381643,17.310789049919485,1.221148684916801,5.119431025228127,0.8655394524959742,1.8183038110574343,0.28180354267310787,0.12077294685990338,0.28180354267310787,
123,16.472088030059044,35.50053676865271,1.1607622114868492,8.541331186258722,10.34621578099839,16.5727321524423,1.2748255501878691,6.8035426731078905,0.8722490606548577,1.8048845947396672,0.28180354267310787,0.12077294685990338,0.24825550187869028,
124,16.438539989264626,34.74235104669887,1.1876006441223832,9.01100375738057,10.044283413848632,16.25738056897477,1.247987117552335,7.581857219538379,0.8588298443370908,1.9860440150295222,0.28180354267310787,0.11406333870101985,0.24825550187869028,
125,16.720343531937736,34.534353193773484,1.1808910359634996,8.99087493290392,9.990606548577563,16.264090177133657,1.2815351583467525,7.561728395061729,0.8454106280193237,2.006172839506173,0.2616747181964573,0.11406333870101985,0.24825550187869028,
126,16.948470209339774,34.42699946323135,1.1674718196457328,9.01100375738057,9.970477724100913,16.25738056897477,1.2546967257112185,7.48792270531401,0.8454106280193237,2.033011272141707,0.2616747181964573,0.08722490606548577,0.24825550187869028,
127,17.24369296833065,34.23242082662372,1.1674718196457328,9.004294149221685,9.96376811594203,16.19699409554482,1.2010198604401503,7.48792270531401,0.8319914117015567,2.01959205582394,0.2952227589908749,0.10735373054213634,0.24825550187869028,
128,17.54562533548041,34.024422973698336,1.1674718196457328,9.07139023081052,9.916800858829845,16.25067096081589,1.1741814278046163,7.360440150295223,0.8454106280193237,1.9927536231884058,0.2952227589908749,0.10735373054213634,0.24825550187869028,
129,17.881105743424584,33.87010198604401,1.1540526033279657,9.05126140633387,9.849704777241008,16.210413311862588,1.1205045625335481,7.313472893183038,0.8923778851315083,1.9793344068706387,0.2952227589908749,0.10735373054213634,0.27509393451422437,
130,18.115942028985508,33.662104133118625,1.133923778851315,9.044551798174986,9.856414385399892,16.203703703703702,1.1205045625335481,7.37385936661299,0.8655394524959742,1.9592055823939882,0.2549651100375738,0.13419216317767044,0.27509393451422437,
131,18.337359098228664,33.340042941492214,1.107085346215781,9.05126140633387,9.742351046698873,16.404991948470208,1.133923778851315,7.2933440687063875,0.9192163177670424,1.9860440150295222,0.2549651100375738,0.15432098765432098,0.27509393451422437,
132,18.572195383789587,33.19914117015566,1.107085346215781,9.091519055287172,9.708803005904455,16.304347826086957,1.133923778851315,7.246376811594203,0.9057971014492754,1.9726247987117553,0.2549651100375738,0.19457863660762212,0.30864197530864196,
133,18.71309715512614,32.9777241009125,1.107085346215781,9.104938271604938,9.621578099838969,16.27079978529254,1.133923778851315,7.232957595276436,0.9460547504025765,2.046430488459474,0.2885131508319914,0.18115942028985507,0.3757380568974772,
134,18.733225979602793,32.85024154589372,1.1003757380568975,9.104938271604938,9.588030059044552,16.25067096081589,1.2748255501878691,7.152442297369833,1.0332796564680622,2.059849704777241,0.3153515834675255,0.1610305958132045,0.3757380568974772,
135,18.63929146537842,32.70263016639828,1.1003757380568975,9.172034353193773,9.574610842726784,16.371443907675793,1.2815351583467525,7.199409554482019,1.093666129898014,2.0799785292538915,0.3153515834675255,0.1610305958132045,0.30864197530864196,
136,18.90096618357488,32.37385936661299,1.093666129898014,9.520933977455716,9.494095544820183,16.109769189479334,1.3150831991411702,7.185990338164252,1.093666129898014,2.1269457863660763,0.2616747181964573,0.2147074610842727,0.30864197530864196,
137,19.0955448201825,31.984702093397747,1.093666129898014,9.440418679549115,9.447128287707997,16.19699409554482,1.3419216317767042,7.2933440687063875,1.1943102522812667,2.1269457863660763,0.2616747181964573,0.2147074610842727,0.30864197530864196,
138,18.773483628556093,30.797101449275363,0.8923778851315083,11.084272678475577,9.41358024691358,16.398282340311326,1.3419216317767042,7.212828770799785,1.1741814278046163,2.1269457863660763,0.2616747181964573,0.2147074610842727,0.30864197530864196,
139,19.082125603864736,30.689747718733226,0.8923778851315083,10.923242082662373,9.366612989801396,16.21712292002147,1.6170155662909287,7.139023081052066,1.2077294685990339,2.100107353730542,0.2616747181964573,0.19457863660762212,0.30864197530864196,
140,18.699677938808374,31.186258722490606,0.798443370907139,10.876274825550189,9.346484165324744,16.23054213633924,1.6304347826086956,7.14573268921095,1.2077294685990339,2.1135265700483092,0.2616747181964573,0.19457863660762212,0.30864197530864196,
141,18.887546967257112,31.072195383789587,0.7716049382716049,11.473429951690822,9.178743961352657,15.707192699946322,1.6237251744498122,7.118894256575416,1.3150831991411702,2.086688137412775,0.2616747181964573,0.19457863660762212,0.30864197530864196,
142,19.102254428341386,30.783682232957595,0.7716049382716049,11.43317230273752,9.178743961352657,15.841384863123993,1.6035963499731616,7.058507783145465,1.3486312399355878,2.086688137412775,0.2616747181964573,0.2214170692431562,0.30864197530864196,
143,19.269994632313473,30.723295759527645,0.7581857219538379,11.52710681696189,9.138486312399356,15.841384863123993,1.6035963499731616,6.998121309715513,1.3419216317767042,1.9726247987117553,0.2616747181964573,0.2549651100375738,0.30864197530864196,
144,19.39747718733226,30.56897477187332,0.7581857219538379,11.460010735373054,9.098228663446054,15.841384863123993,1.6304347826086956,7.085346215780999,1.3553408480944713,1.9793344068706387,0.2616747181964573,0.2549651100375738,0.30864197530864196,
145,19.504830917874397,30.48174986580784,0.7514761137949544,11.77536231884058,8.950617283950617,15.807836822329575,1.6237251744498122,7.018250134192163,1.288244766505636,1.9726247987117553,0.2616747181964573,0.2549651100375738,0.30864197530864196,
146,19.82018250134192,30.401234567901234,0.7514761137949544,11.741814278046162,8.93719806763285,15.693773483628556,1.6371443907675791,7.011540526033279,1.2748255501878691,1.9592055823939882,0.2281266774020397,0.23483628556092323,0.30864197530864196,
147,19.75979602791197,30.152979066022546,0.7514761137949544,11.721685453569512,8.957326892109501,15.666935050993022,1.570048309178744,7.27992485238862,1.4090177133655395,1.9793344068706387,0.2281266774020397,0.2281266774020397,0.2952227589908749,
148,19.87385936661299,29.87788513150832,0.7716049382716049,11.641170155662909,8.829844337090714,15.955448201825014,1.6035963499731616,7.2933440687063875,1.5096618357487923,1.892109500805153,0.2281266774020397,0.2281266774020397,0.2952227589908749,
149,17.941492216854535,27.15378421900161,0.7581857219538379,20.813204508856682,7.219538378958669,15.324745034889963,1.4492753623188406,5.401234567901234,1.415727321524423,1.8317230273752012,0.2281266774020397,0.1878690284487386,0.27509393451422437,
150,18.14278046162104,27.113526570048307,0.7581857219538379,20.625335480407944,7.152442297369833,15.411969940955448,1.4626945786366077,5.387815351583468,1.4492753623188406,1.8048845947396672,0.2281266774020397,0.1878690284487386,0.27509393451422437,
151,18.310520665593128,27.046430488459475,0.7581857219538379,20.551529790660226,7.179280730005368,15.35829307568438,1.4492753623188406,5.401234567901234,1.4761137949543746,1.8048845947396672,0.2281266774020397,0.1878690284487386,0.24825550187869028,
152,18.431293612453032,26.898819108964037,0.7783145464304885,20.29656468062265,7.132313472893183,15.28448738593666,1.4761137949543746,5.421363392377885,1.4761137949543746,2.13365539452496,0.2549651100375738,0.1878690284487386,0.2281266774020397,
153,18.679549114331724,26.757917337627482,0.8051529790660226,20.209339774557165,7.058507783145465,15.190552871712292,1.4492753623188406,5.481749865807837,1.5230810520665594,2.147074610842727,0.2549651100375738,0.2147074610842727,0.2281266774020397,
154,18.605743424584006,26.476113794954376,0.8051529790660226,21.276167471819647,7.004830917874396,14.640365002683843,1.3553408480944713,5.481749865807837,1.4962426194310252,2.1269457863660763,0.2549651100375738,0.24825550187869028,0.2281266774020397,
155,17.954911433172303,24.872517444981213,0.8051529790660226,20.92055823939882,7.635534084809447,13.177670424047236,1.3486312399355878,8.849973161567364,1.710950080515298,2.0665593129361244,0.24154589371980675,0.2683843263553409,0.14761137949543746,
156,18.310520665593128,24.751744498121308,0.8051529790660226,20.86688137412775,7.628824476650563,13.20450885668277,1.3687600644122384,8.84326355340848,1.6170155662909287,1.9122383252818036,0.24154589371980675,0.2683843263553409,0.18115942028985507,
157,18.552066559312937,24.724906065485776,0.8051529790660226,20.719269994632313,7.608695652173913,13.130703166935051,1.3620504562533549,8.829844337090714,1.6170155662909287,1.9592055823939882,0.24154589371980675,0.2683843263553409,0.18115942028985507,
158,18.303811057434245,24.422973698336016,0.8051529790660226,22.094739667203434,7.628824476650563,12.909286097691895,1.3754696725711217,8.205850778314547,1.6103059581320451,1.9457863660762211,0.2147074610842727,0.30193236714975846,0.18115942028985507,
159,18.646001073537306,24.295491143317232,0.7581857219538379,22.020933977455716,7.555018786902845,12.942834138486312,1.3754696725711217,8.145464304884594,1.583467525496511,1.9457863660762211,0.2147074610842727,0.30193236714975846,0.2147074610842727,
160,18.833870101986044,24.074074074074073,0.7581857219538379,22.114868491680085,7.541599570585078,12.848899624261943,1.42914653784219,8.05823939881911,1.6103059581320451,1.9793344068706387,0.24825550187869028,0.30193236714975846,0.20128824476650564,
161,19.122383252818036,24.040526033279658,0.7581857219538379,22.054482018250134,7.541599570585078,12.68786902844874,1.402308105206656,7.897208803005904,1.596886741814278,2.1604938271604937,0.24825550187869028,0.2885131508319914,0.20128824476650564,
162,19.216317767042405,23.919753086419753,0.785024154589372,21.987385936661298,7.5281803542673105,12.761674718196458,1.4492753623188406,7.856951154052603,1.570048309178744,2.1604938271604937,0.24825550187869028,0.3153515834675255,0.20128824476650564,
163,19.43102522812668,23.832528180354267,0.8185721953837896,21.77938808373591,7.5281803542673105,12.775093934514224,1.4694041867954912,7.877079978529254,1.5901771336553945,2.167203435319377,0.24825550187869028,0.3153515834675255,0.16774020397208803,
164,19.6256038647343,23.79898013955985,0.8655394524959742,21.692163177670423,7.48792270531401,12.754965110037574,1.5297906602254427,7.877079978529254,1.5365002683843263,2.13365539452496,0.24825550187869028,0.28180354267310787,0.16774020397208803,
165,19.766505636070853,23.503757380568974,0.8923778851315083,21.504294149221685,7.481213097155126,12.822061191626409,1.5901771336553945,8.192431561996779,1.3687600644122384,2.13365539452496,0.24825550187869028,0.32877079978529256,0.16774020397208803,
166,19.79334406870639,23.49033816425121,0.8051529790660226,21.772678475577028,7.4006977992485234,12.775093934514224,1.5901771336553945,8.165593129361245,1.3687600644122384,2.0933977455716586,0.24825550187869028,0.32877079978529256,0.16774020397208803,
167,20.101986044015028,23.376274825550187,0.8252818035426731,21.64519592055824,7.340311325818572,12.74825550187869,1.5633387010198605,8.158883521202362,1.3888888888888888,2.0933977455716586,0.24825550187869028,0.3421900161030596,0.16774020397208803,
168,20.162372517444982,23.262211486849168,0.8252818035426731,21.68545356951154,7.347020933977456,12.701288244766506,1.556629092860977,8.152173913043478,1.4224369296833066,2.1068169618894257,0.24825550187869028,0.36231884057971014,0.16774020397208803,
169,20.303274288781534,23.13472893183038,0.8252818035426731,21.69887278582931,7.25979602791197,12.694578636607622,1.583467525496511,8.185721953837897,1.4492753623188406,2.086688137412775,0.24825550187869028,0.36231884057971014,0.16774020397208803,
170,20.497852925389157,23.00053676865271,0.8252818035426731,21.531132581857218,7.226247987117552,12.640901771336553,1.6908212560386473,8.165593129361245,1.4962426194310252,2.147074610842727,0.24825550187869028,0.36231884057971014,0.16774020397208803,
171,20.645464304884594,22.933440687063875,0.8252818035426731,21.390230810520666,7.199409554482019,12.647611379495437,1.724369296833065,8.192431561996779,1.482823403113258,2.1806226516371443,0.24825550187869028,0.36231884057971014,0.16774020397208803,
172,20.705850778314545,22.725442834138487,0.8185721953837896,21.16881374127751,7.199409554482019,13.050187869028449,1.6841116478797638,8.179012345679013,1.5029522275899088,2.1604938271604937,0.27509393451422437,0.36231884057971014,0.16774020397208803,
173,20.92055823939882,22.644927536231883,0.8185721953837896,21.041331186258724,7.206119162640902,13.030059044551798,1.6841116478797638,8.232689210950081,1.4895330112721417,2.1269457863660763,0.27509393451422437,0.36231884057971014,0.16774020397208803,
174,21.088298443370906,22.517444981213096,0.8185721953837896,21.07487922705314,7.199409554482019,13.009930220075148,1.6572732152442298,8.205850778314547,1.4895330112721417,2.1269457863660763,0.27509393451422437,0.36231884057971014,0.17444981213097155,
175,21.22920021470746,22.41009125067096,0.7917337627482555,20.9272678475577,7.179280730005368,12.922705314009661,1.6237251744498122,8.225979602791197,1.6841116478797638,2.24771873322598,0.24825550187869028,0.3488996242619431,0.1610305958132045,
176,21.443907675791735,22.36983360171766,0.7917337627482555,20.813204508856682,7.152442297369833,12.848899624261943,1.6438539989264627,8.225979602791197,1.6639828234031133,2.2879763821792807,0.24825550187869028,0.3488996242619431,0.1610305958132045,
177,21.672034353193773,22.363123993558776,0.7917337627482555,20.7662372517445,7.118894256575416,12.734836285560924,1.6572732152442298,8.165593129361245,1.6841116478797638,2.2879763821792807,0.24825550187869028,0.3488996242619431,0.1610305958132045,
