,45,50,51,55,52,53,54,58,56,60,57,59,61,46,63,47,48
0,95.79978529253891,4.200214707461084,,,,,,,,,,,,,,,
1,89.98926462694578,10.010735373054214,,,,,,,,,,,,,,,
2,89.6604938271605,10.339506172839506,,,,,,,,,,,,,,,
3,54.220343531937736,40.66022544283414,4.978529253891573,0.14090177133655393,,,,,,,,,,,,,
4,54.186795491143315,40.64009661835749,4.958400429414922,0.2147074610842727,,,,,,,,,,,,,
5,44.73295759527644,49.9194847020934,4.656468062265164,0.6038647342995169,0.08722490606548577,,,,,,,,,,,,
6,44.639023081052066,49.92619431025228,4.656468062265164,0.6910896403650026,0.08722490606548577,,,,,,,,,,,,
7,43.53864734299517,50.81186258722491,4.656468062265164,0.9057971014492754,0.08722490606548577,,,,,,,,,,,,
8,43.41116478797638,50.86553945249597,4.643048845947397,0.966183574879227,0.08722490606548577,0.026838432635534086,,,,,,,,,,,
9,42.16317767042405,52.14036500268384,4.643048845947397,0.9057971014492754,0.12077294685990338,0.026838432635534086,,,,,,,,,,,
10,41.83440687063875,51.610305958132045,4.643048845947397,0.9326355340848095,0.12077294685990338,0.8588298443370908,,,,,,,,,,,
11,38.909017713365536,54.5222758990875,4.49543746645196,1.093666129898014,0.12077294685990338,0.8588298443370908,,,,,,,,,,,
12,37.96296296296296,51.98604401502952,7.125603864734299,1.1876006441223832,0.12077294685990338,1.6170155662909287,,,,,,,,,,,
13,37.01690821256039,52.643585614600106,7.078636607622115,1.4694041867954912,0.12077294685990338,1.6572732152442298,0.013419216317767043,,,,,,,,,,
14,37.01690821256039,52.542941492216855,7.051798174986581,1.5499194847020934,0.12077294685990338,1.7042404723564144,0.013419216317767043,,,,,,,,,,
15,36.99677938808374,52.35507246376812,7.192699946323135,1.6908212560386473,0.12077294685990338,1.5633387010198605,0.08051529790660225,,,,,,,,,,
16,36.86929683306495,52.442297369833604,7.185990338164252,1.710950080515298,0.12077294685990338,1.5901771336553945,0.08051529790660225,,,,,,,,,,
17,26.31508319914117,63.989533011272144,5.803811057434245,1.2815351583467525,0.10735373054213634,1.5432098765432098,0.9594739667203436,,,,,,,,,,
18,25.99302200751476,64.20424047235642,5.770263016639828,1.402308105206656,0.1274825550187869,1.5096618357487923,0.9594739667203436,0.03354804079441761,,,,,,,,,
19,25.89908749329039,63.93585614600107,5.770263016639828,1.3888888888888888,0.1274825550187869,1.8853998926462694,0.9594739667203436,0.03354804079441761,,,,,,,,,
20,24.832259796027913,62.94283413848631,7.541599570585078,1.5096618357487923,0.1274825550187869,1.8853998926462694,1.093666129898014,0.03354804079441761,0.03354804079441761,,,,,,,,
21,24.738325281803544,54.82420826623725,17.06924315619968,1.4090177133655395,0.1274825550187869,1.3150831991411702,0.4025764895330113,0.03354804079441761,0.08051529790660225,,,,,,,,
22,24.724906065485776,54.01905528717123,16.75389157273215,2.1940418679549114,0.15432098765432098,1.3217928073000538,0.4025764895330113,0.03354804079441761,0.39586688137412773,,,,,,,,
23,24.58400429414922,53.60305958132045,16.70692431561997,2.368491680085883,0.15432098765432098,1.3150831991411702,0.8387010198604401,0.03354804079441761,0.39586688137412773,,,,,,,,
24,24.537037037037038,53.22061191626409,16.70692431561997,2.7844873859366612,0.15432098765432098,1.328502415458937,0.8387010198604401,0.03354804079441761,0.39586688137412773,,,,,,,,
25,24.44310252281267,52.623456790123456,16.42512077294686,3.670155662909286,0.15432098765432098,1.3016639828234031,0.8655394524959742,0.03354804079441761,0.4830917874396135,,,,,,,,
26,24.4296833064949,52.502683843263554,16.33118625872249,3.8043478260869565,0.15432098765432098,1.3016639828234031,0.8655394524959742,0.03354804079441761,0.5770263016639828,,,,,,,,
27,24.3894256575416,52.41545893719807,16.29092860976919,3.911701556629093,0.15432098765432098,1.3016639828234031,0.8722490606548577,0.03354804079441761,0.630703166935051,,,,,,,,
28,24.268652710681696,52.20746108427268,15.633387010198604,3.569511540526033,0.9997316156736447,1.8115942028985508,0.8319914117015567,0.03354804079441761,0.644122383252818,,,,,,,,
29,24.241814278046164,52.15378421900161,15.60654857756307,3.5762211486849167,0.9997316156736447,1.8518518518518519,0.8655394524959742,0.03354804079441761,0.6709608158883521,,,,,,,,
30,24.268652710681696,51.61701556629093,15.58641975308642,3.549382716049383,0.9997316156736447,1.8518518518518519,1.402308105206656,0.03354804079441761,0.6910896403650026,,,,,,,,
31,24.033816425120772,51.710950080515296,15.277777777777779,3.824476650563607,0.9997316156736447,1.8384326355340848,1.415727321524423,0.03354804079441761,0.8655394524959742,,,,,,,,
32,24.00697799248524,48.22866344605475,15.277777777777779,3.7573805689747717,3.6231884057971016,2.7643585614600106,1.4090177133655395,0.03354804079441761,0.8990874932903918,,,,,,,,
33,23.483628556092324,48.68491680085883,15.277777777777779,3.824476650563607,3.6231884057971016,2.7643585614600106,1.4090177133655395,0.03354804079441761,0.8990874932903918,,,,,,,,
34,23.423242082662373,48.698336017176594,15.26435856146001,3.8311862587224907,3.6231884057971016,2.7643585614600106,1.442565754159957,0.03354804079441761,0.8990874932903918,0.020128824476650563,,,,,,,
35,22.5979602791197,46.02120236178207,16.472088030059044,3.7573805689747717,6.266774020397209,2.4490069779924855,1.4358561460010735,0.03354804079441761,0.9125067096081588,0.020128824476650563,0.03354804079441761,,,,,,
36,22.611379495437465,46.0077831454643,16.297638217928075,3.770799785292539,6.219806763285024,2.4490069779924855,1.442565754159957,0.03354804079441761,1.06682769726248,0.020128824476650563,0.08051529790660225,,,,,,
37,22.16183574879227,46.39023081052066,16.284219001610307,3.851315083199141,6.219806763285024,2.4490069779924855,1.42914653784219,0.03354804079441761,1.06682769726248,0.020128824476650563,0.08051529790660225,0.013419216317767043,,,,,
38,22.088030059044552,46.03462157809984,16.264090177133657,3.911701556629093,5.615942028985507,3.502415458937198,1.3217928073000538,0.06709608158883522,1.0802469135802468,0.020128824476650563,0.08051529790660225,0.013419216317767043,,,,,
39,22.014224369296834,46.00107353730542,14.720880300590446,3.911701556629093,5.60252281266774,3.4822866344605474,3.3480944712828773,0.06709608158883522,0.7112184648416533,0.020128824476650563,0.10735373054213634,0.013419216317767043,,,,,
40,22.014224369296834,45.853462157809986,14.720880300590446,4.05931293612453,5.60252281266774,3.4822866344605474,3.3480944712828773,0.06709608158883522,0.7112184648416533,0.020128824476650563,0.10735373054213634,0.013419216317767043,,,,,
41,20.02818035426731,43.545356951154055,19.706119162640903,3.4822866344605474,5.5756843800322065,3.3548040794417604,3.3413848631239937,0.05367686527106817,0.7581857219538379,0.020128824476650563,0.12077294685990338,0.013419216317767043,,,,,
42,20.001341921631777,43.505099302200755,19.699409554482017,3.556092324208266,5.5756843800322065,3.3548040794417604,3.3413848631239937,0.05367686527106817,0.7581857219538379,0.020128824476650563,0.12077294685990338,0.013419216317767043,,,,,
43,19.981213097155127,43.4447128287708,19.652442297369834,3.6097691894793345,5.555555555555555,3.3548040794417604,3.3413848631239937,0.06709608158883522,0.8387010198604401,0.020128824476650563,0.12077294685990338,0.013419216317767043,,,,,
44,20.001341921631777,43.04884594739667,19.632313472893184,4.079441760601181,5.414653784219001,3.3548040794417604,3.240740740740741,0.14761137949543746,0.8923778851315083,0.020128824476650563,0.15432098765432098,0.013419216317767043,,,,,
45,19.692699946323135,42.20343531937735,19.578636607622116,4.072732152442297,5.897745571658615,4.066022544283414,3.2139023081052067,0.14761137949543746,0.8923778851315083,0.020128824476650563,0.20128824476650564,0.013419216317767043,,,,,
46,19.41760601180891,42.21685453569511,19.53166935050993,4.1129898013955986,5.589103596349974,4.5893719806763285,3.2004830917874396,0.18115942028985507,0.9125067096081588,0.020128824476650563,0.20128824476650564,0.026838432635534086,,,,,
47,19.41760601180891,42.129629629629626,19.504830917874397,4.1532474503489,5.60252281266774,4.5893719806763285,3.227321524422974,0.18115942028985507,0.9393451422436929,0.020128824476650563,0.20799785292538917,0.026838432635534086,,,,,
48,19.363929146537842,41.88137412775094,19.51154052603328,4.40150295222759,5.60252281266774,4.555823939881911,3.2541599570585076,0.18115942028985507,0.9594739667203436,0.020128824476650563,0.24154589371980675,0.026838432635534086,,,,,
49,18.867418142780462,42.3845947396672,19.49141170155663,4.435050993022007,5.589103596349974,4.555823939881911,3.2742887815351582,0.18115942028985507,0.9326355340848095,0.020128824476650563,0.24154589371980675,0.026838432635534086,,,,,
50,18.780193236714975,42.41814278046162,19.28341384863124,4.703435319377348,5.589103596349974,4.555823939881911,3.2742887815351582,0.18115942028985507,0.9259259259259259,0.020128824476650563,0.24154589371980675,0.026838432635534086,,,,,
51,18.780193236714975,42.049114331723025,19.256575415995705,5.018786902844874,5.589103596349974,4.549114331723027,3.361513687600644,0.18115942028985507,0.9259259259259259,0.020128824476650563,0.24154589371980675,0.026838432635534086,,,,,
52,17.424852388620504,40.85480407944176,23.852657004830917,4.7638217928073,5.60252281266774,3.2139023081052067,2.8381642512077296,0.14761137949543746,1.0265700483091786,0.020128824476650563,0.2281266774020397,0.026838432635534086,,,,,
53,17.371175523349436,40.89506172839506,23.772141706924316,4.884594739667204,5.615942028985507,3.207192699946323,2.8381642512077296,0.14761137949543746,0.9930220075147611,0.020128824476650563,0.2281266774020397,0.026838432635534086,,,,,
54,17.371175523349436,40.727321524422976,23.752012882447666,5.052334943639291,5.615942028985507,3.207192699946323,2.8381642512077296,0.14761137949543746,1.0131508319914118,0.020128824476650563,0.2281266774020397,0.026838432635534086,,,,,
55,17.330917874396135,40.15029522275899,23.523886205045624,4.871175523349437,5.542136339237788,4.206924315619967,2.8247450348899625,0.14761137949543746,1.0399892646269457,0.020128824476650563,0.30193236714975846,0.040257648953301126,,,,,
56,17.337627482555018,40.13687600644123,23.49704777241009,4.884594739667204,5.542136339237788,4.206924315619967,2.8247450348899625,0.14761137949543746,1.0601180891035964,0.020128824476650563,0.30193236714975846,0.040257648953301126,,,,,
57,17.337627482555018,39.432367149758456,23.49704777241009,4.683306494900698,5.522007514761138,4.193505099302201,3.7372517444981215,0.14761137949543746,1.0601180891035964,0.020128824476650563,0.32877079978529256,0.040257648953301126,,,,,
58,17.351046698872786,39.398819108964034,23.49704777241009,4.7168545356951155,5.508588298443371,4.193505099302201,3.743961352657005,0.14761137949543746,1.0601180891035964,0.020128824476650563,0.322061191626409,0.040257648953301126,,,,,
59,17.21014492753623,39.432367149758456,23.49704777241009,4.797369833601718,5.347557702630167,4.193505099302201,3.730542136339238,0.14761137949543746,1.2748255501878691,0.03354804079441761,0.2952227589908749,0.040257648953301126,,,,,
60,17.23027375201288,39.35856146001073,22.75228126677402,4.864465915190553,6.0654857756307035,4.193505099302201,3.69699409554482,0.14761137949543746,1.3016639828234031,0.020128824476650563,0.2952227589908749,0.07380568974771873,,,,,
61,17.082662372517444,39.452495974235106,22.61808910359635,4.938271604938271,6.011808910359635,4.300858829844337,3.69699409554482,0.14761137949543746,1.3620504562533549,0.020128824476650563,0.2952227589908749,0.07380568974771873,,,,,
62,13.593666129898015,44.38405797101449,22.611379495437465,4.30756843800322,5.763553408480945,3.730542136339238,3.69699409554482,0.14761137949543746,1.3955984970477724,,0.2952227589908749,0.07380568974771873,,,,,
63,13.613794954374665,44.34380032206119,22.067901234567902,4.320987654320987,6.300322061191626,3.717122920021471,3.7372517444981215,0.14761137949543746,1.3553408480944713,,0.322061191626409,0.07380568974771873,,,,,
64,13.620504562533547,43.605743424584006,22.014224369296834,5.025496511003757,6.293612453032743,3.717122920021471,3.7372517444981215,0.14761137949543746,1.4090177133655395,0.03354804079441761,0.322061191626409,0.07380568974771873,,,,,
65,13.539989264626946,43.646001073537306,21.994095544820183,5.0858829844337095,6.266774020397209,3.730542136339238,3.717122920021471,0.14761137949543746,1.3888888888888888,0.03354804079441761,0.36231884057971014,0.08722490606548577,,,,,
66,13.593666129898015,43.45142243692968,21.081588835212024,5.0858829844337095,6.246645195920558,4.696725711218465,3.69699409554482,0.16774020397208803,1.4626945786366077,0.03354804079441761,0.39586688137412773,0.08722490606548577,,,,,
67,13.117283950617283,34.42028985507246,22.450348899624263,4.790660225442834,15.170424047235642,4.26731078904992,3.603059581320451,0.16774020397208803,1.4694041867954912,0.03354804079441761,0.4227053140096618,0.08722490606548577,,,,,
68,13.103864734299517,34.35319377348363,22.376543209876544,4.817498658078368,14.278046162104133,4.26731078904992,3.656736446591519,0.16774020397208803,1.5432098765432098,0.03354804079441761,1.3150831991411702,0.08722490606548577,,,,,
69,13.09044551798175,34.33977455716586,22.302737520128826,4.777241009125067,14.345142243692969,4.26731078904992,3.656736446591519,0.16774020397208803,1.6170155662909287,0.03354804079441761,1.3150831991411702,0.08722490606548577,,,,,
70,13.09044551798175,34.18545356951154,22.289318303811058,4.918142780461621,14.318303811057435,4.26731078904992,3.6902844873859366,0.16774020397208803,1.6103059581320451,0.03354804079441761,1.3419216317767042,0.08722490606548577,,,,,
71,13.077026301663983,33.97074610842727,21.85319377348363,5.018786902844874,14.27133655394525,4.26731078904992,3.797638217928073,0.16774020397208803,2.046430488459474,0.03354804079441761,1.3888888888888888,0.10735373054213634,,,,,
72,13.036768652710682,33.51449275362319,21.75925925925926,4.944981213097155,14.237788513150832,4.240472356414386,4.455179817498658,0.18115942028985507,2.0665593129361244,0.03354804079441761,1.4224369296833066,0.10735373054213634,,,,,
73,13.030059044551798,33.11862587224906,20.840042941492218,5.119431025228127,15.277777777777779,4.200214707461084,4.455179817498658,0.18115942028985507,2.15378421900161,0.06709608158883522,1.4492753623188406,0.10735373054213634,,,,,
74,12.593934514224369,33.45410628019324,19.89398819108964,5.146269457863661,16.23054213633924,4.2270531400966185,4.4753086419753085,0.18115942028985507,2.15378421900161,0.06709608158883522,1.4694041867954912,0.10735373054213634,,,,,
75,11.580783682232958,33.051529790660226,18.95464304884595,4.998658078368224,16.17686527106817,7.092055823939882,4.119699409554482,0.19457863660762212,2.200751476113795,0.06709608158883522,1.4559849704777241,0.10735373054213634,,,,,
76,11.580783682232958,33.02469135802469,18.927804616210413,4.99194847020934,16.17686527106817,7.071926999463232,4.1532474503489,0.19457863660762212,2.214170692431562,0.06709608158883522,1.4895330112721417,0.10735373054213634,,,,,
77,11.574074074074074,32.588566827697264,19.196188942565755,5.166398282340311,16.14331723027375,7.0450885668276975,4.1532474503489,0.2214170692431562,2.2208803005904456,0.06709608158883522,1.5163714439076759,0.10735373054213634,,,,,
78,10.399892646269459,50.32206119162641,14.36527106816962,3.616478797638218,13.144122383252817,1.1876006441223832,3.978797638217928,0.19457863660762212,1.570048309178744,0.03354804079441761,1.1137949543746646,0.07380568974771873,,,,,
79,10.420021470746109,48.85265700483092,14.358561460010735,5.0791733762748255,13.110574342458401,1.1876006441223832,3.9452495974235107,0.19457863660762212,1.570048309178744,0.06709608158883522,1.1406333870101986,0.07380568974771873,,,,,
80,10.473698336017177,48.72517444981213,14.264626945786366,5.166398282340311,13.077026301663983,1.1876006441223832,3.9989264626945786,0.19457863660762212,1.596886741814278,0.06709608158883522,1.1741814278046163,0.07380568974771873,,,,,
81,10.487117552334944,48.007246376811594,13.258185721953838,5.032206119162641,13.036768652710682,2.999194847020934,4.019055287171229,0.19457863660762212,1.6170155662909287,0.06709608158883522,1.2077294685990339,0.07380568974771873,,,,,
82,10.50053676865271,47.94015029522276,13.258185721953838,5.0993022007514766,13.023349436392914,2.999194847020934,4.019055287171229,0.19457863660762212,1.6170155662909287,0.06709608158883522,1.2077294685990339,0.07380568974771873,,,,,
83,10.413311862587225,47.91331186258722,13.258185721953838,5.2066559312936125,13.01663982823403,2.999194847020934,4.032474503488996,0.19457863660762212,1.6170155662909287,0.06709608158883522,1.2077294685990339,0.07380568974771873,,,,,
84,10.399892646269459,47.765700483091784,13.258185721953838,5.3274288781535155,13.01663982823403,2.999194847020934,4.05931293612453,0.19457863660762212,1.6170155662909287,0.06709608158883522,1.2077294685990339,0.07380568974771873,0.013419216317767043,,,,
85,10.413311862587225,47.68518518518518,13.258185721953838,5.367686527106817,12.989801395598498,2.985775630703167,4.086151368760064,0.20799785292538917,1.6170155662909287,0.06709608158883522,1.2345679012345678,0.07380568974771873,0.013419216317767043,,,,
86,10.426731078904991,47.60466988727858,13.258185721953838,5.401234567901234,12.909286097691895,2.945517981749866,4.1129898013955986,0.2616747181964573,1.6371443907675791,0.06709608158883522,1.288244766505636,0.07380568974771873,0.013419216317767043,,,,
87,10.433440687063875,47.5979602791197,13.258185721953838,5.434782608695652,12.842190016103059,2.9589371980676327,4.106280193236715,0.2616747181964573,1.6371443907675791,0.06709608158883522,1.3150831991411702,0.07380568974771873,0.013419216317767043,,,,
88,10.446859903381643,47.134997316156735,13.251476113794954,5.837359098228664,11.258722490606548,3.012614063338701,5.83064949006978,0.2616747181964573,1.737788513150832,0.06709608158883522,1.0735373054213635,0.07380568974771873,0.013419216317767043,,,,
89,10.399892646269459,45.53811057434246,13.097155126140633,5.810520665593129,11.90955448201825,4.51556629092861,5.501878690284487,0.28180354267310787,1.710950080515298,0.06709608158883522,1.0802469135802468,0.07380568974771873,0.013419216317767043,,,,
90,8.091787439613526,53.42190016103059,12.72812667740204,4.757112184648417,9.145195920558239,4.025764895330113,5.233494363929147,0.2952227589908749,1.4559849704777241,0.06709608158883522,0.6910896403650026,0.07380568974771873,0.013419216317767043,,,,
91,8.07836822329576,53.37493290391841,12.72812667740204,4.810789049919484,9.145195920558239,4.03918411164788,5.233494363929147,0.28180354267310787,1.4358561460010735,0.06709608158883522,0.7179280730005367,0.07380568974771873,0.013419216317767043,,,,
92,8.064949006977992,52.14707461084273,12.68786902844874,6.078904991948471,9.145195920558239,4.03918411164788,5.24020397208803,0.28180354267310787,1.442565754159957,0.06709608158883522,0.7179280730005367,0.07380568974771873,0.013419216317767043,,,,
93,8.11862587224906,52.04643048845947,12.634192163177671,6.119162640901771,9.118357487922705,4.03918411164788,5.24020397208803,0.27509393451422437,1.5096618357487923,0.06709608158883522,0.7447665056360708,0.07380568974771873,0.013419216317767043,,,,
94,8.132045088566828,51.88539989264627,12.600644122383253,6.253354804079442,9.064680622651638,4.052603327965647,5.24020397208803,0.2885131508319914,1.5432098765432098,0.06709608158883522,0.785024154589372,0.07380568974771873,0.013419216317767043,,,,
95,8.105206655931294,51.69753086419753,12.587224906065487,6.468062265163715,9.05126140633387,4.032474503488996,5.24020397208803,0.30864197530864196,1.556629092860977,0.06709608158883522,0.798443370907139,0.07380568974771873,0.013419216317767043,,,,
96,8.085077831454644,51.54320987654321,12.593934514224369,6.629092860976919,9.044551798174986,4.032474503488996,5.199946323134729,0.30864197530864196,1.583467525496511,0.06709608158883522,0.798443370907139,0.10064412238325282,0.013419216317767043,,,,
97,8.085077831454644,51.48282340311326,12.567096081588835,6.696188942565755,8.997584541062801,4.032474503488996,5.179817498658078,0.30864197530864196,1.6170155662909287,0.07380568974771873,0.8454106280193237,0.10064412238325282,0.013419216317767043,,,,
98,8.05823939881911,51.006441223832525,11.647879763821793,6.709608158883521,8.997584541062801,5.4616210413311865,5.152979066022544,0.3421900161030596,1.5901771336553945,0.07380568974771873,0.8454106280193237,0.10064412238325282,0.013419216317767043,,,,
99,7.96430488459474,51.039989264626946,11.627750939345143,6.763285024154589,8.93719806763285,5.4616210413311865,5.139559849704777,0.3421900161030596,1.6103059581320451,0.08722490606548577,0.9125067096081588,0.10064412238325282,0.013419216317767043,,,,
100,7.5348899624261945,49.422973698336016,11.627750939345143,7.816693505099302,9.943639291465379,5.441492216854535,5.0993022007514766,0.35560923242082665,1.583467525496511,0.08722490606548577,0.9125067096081588,0.1610305958132045,0.013419216317767043,,,,
101,7.548309178743962,49.3894256575416,11.627750939345143,7.836822329575953,9.943639291465379,5.3274288781535155,5.0791733762748255,0.46967257112184646,1.583467525496511,0.10735373054213634,0.9125067096081588,0.1610305958132045,0.013419216317767043,,,,
102,7.541599570585078,49.13446054750403,11.621041331186259,8.085077831454644,9.930220075147611,5.3274288781535155,5.045625335480408,0.5166398282340311,1.5901771336553945,0.12077294685990338,0.9125067096081588,0.1610305958132045,0.013419216317767043,,,,
103,7.521470746108427,48.96672034353194,11.594202898550725,8.246108427267847,9.930220075147611,5.3274288781535155,5.045625335480408,0.48980139559849706,1.6103059581320451,0.12077294685990338,0.9728931830381106,0.1610305958132045,0.013419216317767043,,,,
104,7.521470746108427,48.94659151905529,11.58749329039184,8.266237251744498,9.91009125067096,5.3274288781535155,5.0791733762748255,0.48980139559849706,1.583467525496511,0.12077294685990338,0.9930220075147611,0.1610305958132045,0.013419216317767043,,,,
105,7.521470746108427,47.98040794417606,11.60762211486849,8.977455716586151,9.91009125067096,5.522007514761138,5.092592592592593,0.5032206119162641,1.583467525496511,0.12077294685990338,1.0064412238325282,0.1610305958132045,0.013419216317767043,,,,
106,7.5348899624261945,46.37010198604401,11.493558776167472,10.50053676865271,9.88996242619431,5.515297906602254,5.132850241545894,0.5032206119162641,1.7579173376274826,0.12077294685990338,1.0064412238325282,0.1610305958132045,0.013419216317767043,,,,
107,7.541599570585078,46.202361782071925,11.493558776167472,10.654857756307031,9.86983360171766,5.528717122920021,5.12614063338701,0.5032206119162641,1.7579173376274826,0.12077294685990338,1.0265700483091786,0.1610305958132045,0.013419216317767043,,,,
108,7.595276435856146,46.12855609232421,11.493558776167472,10.681696188942565,9.829575952764358,5.528717122920021,5.0858829844337095,0.5032206119162641,1.7579173376274826,0.14090177133655393,1.0802469135802468,0.1610305958132045,0.013419216317767043,,,,
109,7.608695652173913,46.08829844337091,11.493558776167472,10.68840579710145,9.789318303811058,5.542136339237788,5.119431025228127,0.5032206119162641,1.7310789049919484,0.14090177133655393,1.1205045625335481,0.1610305958132045,0.013419216317767043,,,,
110,7.575147611379496,46.101717659688674,10.802469135802468,10.668276972624799,10.540794417606012,5.535426731078905,5.119431025228127,0.5032206119162641,1.7176596886741815,0.14090177133655393,1.1205045625335481,0.1610305958132045,0.013419216317767043,,,,
111,7.5348899624261945,43.49168008588298,10.768921095008052,10.453569511540525,11.272141706924316,5.488459473966721,7.152442297369833,0.49651100375738055,1.8786902844873858,0.11406333870101985,1.1607622114868492,0.1610305958132045,0.026838432635534086,,,,
112,7.521470746108427,43.41787439613527,10.782340311325818,10.507246376811594,11.272141706924316,5.488459473966721,7.152442297369833,0.49651100375738055,1.8786902844873858,0.11406333870101985,1.1808910359634996,0.1610305958132045,0.026838432635534086,,,,
113,7.5281803542673105,43.37761674718197,10.795759527643586,10.534084809447128,11.272141706924316,5.46833064949007,7.152442297369833,0.5099302200751477,1.8786902844873858,0.11406333870101985,1.1808910359634996,0.1610305958132045,0.026838432635534086,,,,
114,7.561728395061729,43.223295759527645,10.775630703166936,10.674986580783683,11.272141706924316,5.46833064949007,7.152442297369833,0.5099302200751477,1.8786902844873858,0.11406333870101985,1.1808910359634996,0.1610305958132045,0.026838432635534086,,,,
115,7.541599570585078,42.81400966183575,10.775630703166936,10.19189479334407,11.272141706924316,5.448201825013419,8.024691358024691,0.5300590445517982,1.8786902844873858,0.15432098765432098,1.1808910359634996,0.1610305958132045,0.026838432635534086,,,,
116,7.548309178743962,42.68652710681696,10.775630703166936,10.25228126677402,11.272141706924316,5.448201825013419,8.085077831454644,0.5300590445517982,1.8786902844873858,0.18115942028985507,1.1540526033279657,0.1610305958132045,0.026838432635534086,,,,
117,7.568438003220612,42.23698336017176,10.721953837895867,8.125335480407944,11.29898013955985,8.393719806763285,7.7361782071927,0.5434782608695652,1.9457863660762211,0.14090177133655393,1.1137949543746646,0.1610305958132045,0.013419216317767043,,,,
118,7.5348899624261945,42.1833064949007,10.406602254428341,8.3467525496511,12.681159420289855,7.5348899624261945,7.467793880837359,0.3824476650563607,1.9592055823939882,0.14090177133655393,1.1741814278046163,0.17444981213097155,0.013419216317767043,,,,
119,7.561728395061729,41.74718196457327,10.359634997316157,8.252818035426731,12.667740203972087,7.5281803542673105,8.011272141706923,0.3824476650563607,1.9592055823939882,0.14090177133655393,1.2010198604401503,0.17444981213097155,0.013419216317767043,,,,
120,7.561728395061729,41.52576489533011,10.34621578099839,8.407139023081053,12.667740203972087,7.467793880837359,8.091787439613526,0.46296296296296297,1.9390767579173376,0.14090177133655393,1.2010198604401503,0.17444981213097155,0.013419216317767043,,,,
121,7.601986044015029,41.47208803005905,9.333064949006978,9.648416532474503,12.640901771336553,7.447665056360709,8.05823939881911,0.4562533548040794,1.8048845947396672,0.14090177133655393,1.2077294685990339,0.17444981213097155,0.013419216317767043,,,,
122,7.588566827697263,41.2842190016103,9.31964573268921,9.77589908749329,12.661030595813205,8.252818035426731,7.313472893183038,0.46296296296296297,1.7914653784219001,0.14090177133655393,1.2077294685990339,0.17444981213097155,0.026838432635534086,,,,
123,7.601986044015029,41.15002683843264,9.312936124530328,9.896672034353195,12.634192163177671,8.192431561996779,7.2933440687063875,0.46967257112184646,1.8183038110574343,0.14090177133655393,1.2681159420289856,0.17444981213097155,0.04696725711218465,,,,
124,7.601986044015029,41.0426731078905,9.306226516371444,9.990606548577563,12.647611379495437,8.192431561996779,7.27992485238862,0.4830917874396135,1.8250134192163177,0.14090177133655393,1.2681159420289856,0.17444981213097155,0.04696725711218465,,,,
125,7.588566827697263,40.88835212023618,9.192163177670425,9.950348899624261,12.620772946859903,8.205850778314547,7.561728395061729,0.49651100375738055,1.8183038110574343,0.14090177133655393,1.2949543746645196,0.19457863660762212,0.04696725711218465,,,,
126,7.595276435856146,40.24422973698336,9.111647879763822,10.59447128287708,12.607353730542137,8.192431561996779,7.561728395061729,0.49651100375738055,1.90552871712292,0.14090177133655393,1.3083735909822867,0.19457863660762212,0.04696725711218465,,,,
127,7.581857219538379,40.00939345142244,9.057971014492754,10.144927536231885,12.493290391841116,8.836553945249598,7.722758990874933,0.5367686527106817,1.9457863660762211,0.11406333870101985,1.3150831991411702,0.19457863660762212,0.04696725711218465,,,,
128,7.50805152979066,38.29844337090714,9.057971014492754,11.90955448201825,12.506709608158884,8.836553945249598,7.729468599033816,0.5367686527106817,1.9659151905528718,0.11406333870101985,1.2949543746645196,0.19457863660762212,0.04696725711218465,,,,
129,7.5281803542673105,37.6610305958132,9.057971014492754,12.526838432635534,12.493290391841116,8.849973161567364,7.709339774557166,0.5501878690284487,1.932367149758454,0.11406333870101985,1.2815351583467525,0.19457863660762212,0.10064412238325282,,,,
130,7.5348899624261945,37.453032742887814,9.05126140633387,12.721417069243156,12.466451959205582,8.82313472893183,7.702630166398282,0.5837359098228664,1.932367149758454,0.11406333870101985,1.3217928073000538,0.19457863660762212,0.10064412238325282,,,,
131,7.541599570585078,37.35909822866345,9.05126140633387,12.74825550187869,12.4597423510467,8.809715512614064,7.702630166398282,0.6239935587761675,1.932367149758454,0.11406333870101985,1.328502415458937,0.19457863660762212,0.13419216317767044,,,,
132,7.5348899624261945,37.23161567364466,8.870101986044014,12.486580783682234,12.050456253354804,8.742619431025227,8.641975308641975,0.6508319914117016,1.9994632313472893,0.10735373054213634,1.328502415458937,0.2214170692431562,0.13419216317767044,,,,
133,7.474503488996243,31.199677938808374,22.933440687063875,9.883252818035427,11.124530327428879,6.66935050993022,6.541867954911433,0.5099302200751477,2.0263016639828235,0.0939345142243693,1.3419216317767042,0.12077294685990338,0.08051529790660225,,,,
134,7.474503488996243,31.199677938808374,22.906602254428343,9.708803005904455,11.124530327428879,6.642512077294686,6.816961889425658,0.5099302200751477,2.0531400966183573,0.0939345142243693,1.2681159420289856,0.12077294685990338,0.08051529790660225,,,,
135,7.48792270531401,31.132581857219538,22.852925389157274,9.728931830381105,11.07085346215781,6.655931293612453,6.837090713902308,0.48980139559849706,2.0799785292538915,0.0939345142243693,1.3419216317767042,0.14761137949543746,0.08051529790660225,,,,
136,7.474503488996243,31.09903381642512,22.82608695652174,9.762479871175524,11.05072463768116,6.66935050993022,6.850509930220075,0.48980139559849706,2.1068169618894257,0.0939345142243693,1.3486312399355878,0.14761137949543746,0.08051529790660225,,,,
137,7.447665056360709,31.052066559312937,22.81266774020397,9.789318303811058,11.057434245840042,6.6827697262479875,6.850509930220075,0.48980139559849706,2.1068169618894257,0.0939345142243693,1.3888888888888888,0.14761137949543746,0.08051529790660225,,,,
138,6.421095008051529,30.132850241545892,24.812130971551262,9.762479871175524,10.93666129898014,6.655931293612453,6.857219538378959,0.48980139559849706,2.167203435319377,0.13419216317767044,1.402308105206656,0.14761137949543746,0.08051529790660225,,,,
139,6.421095008051529,30.132850241545892,24.67793880837359,9.789318303811058,10.768921095008052,6.655931293612453,6.998121309715513,0.48980139559849706,2.2745571658615136,0.13419216317767044,1.42914653784219,0.14761137949543746,0.08051529790660225,,,,
140,6.407675791733762,29.958400429414922,24.610842726784757,9.997316156736447,10.86285560923242,6.642512077294686,6.971282877079979,0.48980139559849706,2.2410091250670963,0.13419216317767044,1.4559849704777241,0.14761137949543746,0.08051529790660225,,,,
141,6.407675791733762,29.911433172302736,24.55716586151369,10.0979602791197,10.836017176596886,6.588835212023618,6.971282877079979,0.5434782608695652,2.281266774020397,0.13419216317767044,1.442565754159957,0.14761137949543746,0.08051529790660225,,,,
142,6.407675791733762,29.53569511540526,24.40955448201825,10.587761674718196,10.809178743961352,6.508319914117015,6.984702093397746,0.5568974771873323,2.428878153515835,0.13419216317767044,1.4694041867954912,0.1274825550187869,0.040257648953301126,,,,
143,6.407675791733762,29.51556629092861,24.282071926999464,10.560923242082662,10.63472893183038,6.575415995705851,7.159151905528717,0.5568974771873323,2.4691358024691357,0.13419216317767044,1.5297906602254427,0.13419216317767044,0.040257648953301126,,,,
144,6.400966183574879,29.508856682769725,24.241814278046164,10.581052066559312,10.581052066559312,6.561996779388084,7.092055823939882,0.5568974771873323,2.4825550187869028,0.13419216317767044,1.6237251744498122,0.19457863660762212,0.040257648953301126,,,,
145,6.427804616210413,29.448470209339774,24.235104669887278,10.59447128287708,10.581052066559312,6.561996779388084,7.105475040257649,0.5703166935050993,2.4825550187869028,0.13419216317767044,1.6237251744498122,0.19457863660762212,0.040257648953301126,,,,
146,6.226516371443908,28.75738056897477,25.41599570585078,10.547504025764896,10.36634460547504,6.474771873322598,7.098765432098766,0.5703166935050993,2.5161030595813205,0.13419216317767044,1.6572732152442298,0.19457863660762212,0.040257648953301126,,,,
147,6.1929683306494905,28.67686527106817,25.127482555018787,10.61460010735373,10.305958132045088,6.461352657004831,7.474503488996243,0.5703166935050993,2.49597423510467,0.13419216317767044,1.6908212560386473,0.2147074610842727,0.040257648953301126,,,,
148,6.132581857219538,28.60305958132045,25.147611379495437,10.61460010735373,10.265700483091788,6.4345142243692965,7.48792270531401,0.5971551261406334,2.5697799248523885,0.13419216317767044,1.7310789049919484,0.24154589371980675,0.040257648953301126,,,,
149,6.132581857219538,28.549382716049383,25.127482555018787,10.668276972624799,10.258990874932904,6.4345142243692965,7.474503488996243,0.5971551261406334,2.589908749329039,0.14761137949543746,1.737788513150832,0.24154589371980675,0.040257648953301126,,,,
150,6.159420289855072,28.549382716049383,25.013419216317768,10.661567364465915,10.23215244229737,6.447933440687064,7.474503488996243,0.5971551261406334,2.6704240472356413,0.14761137949543746,1.7646269457863661,0.24154589371980675,0.040257648953301126,,,,
151,6.139291465378422,27.87842190016103,22.69860440150295,11.976650563607086,10.21202361782072,6.447933440687064,7.501341921631776,0.5971551261406334,4.274020397208803,0.1878690284487386,1.8048845947396672,0.24154589371980675,0.040257648953301126,,,,
152,6.112453032742888,27.3215244229737,22.685185185185187,12.573805689747719,10.205314009661835,6.239935587761675,7.675791733762749,0.6172839506172839,4.28743961352657,0.1878690284487386,1.7981749865807837,0.2549651100375738,0.040257648953301126,,,,
153,6.105743424584004,27.26784755770263,22.665056360708533,12.593934514224369,10.185185185185185,6.246645195920558,7.675791733762749,0.6038647342995169,4.28743961352657,0.1878690284487386,1.8518518518518519,0.2549651100375738,0.07380568974771873,,,,
154,5.797101449275362,27.576489533011273,22.430220075147613,12.754965110037574,10.178475577026301,6.233225979602791,7.601986044015029,0.6374127750939346,4.441760601180891,0.1878690284487386,1.8183038110574343,0.2683843263553409,0.07380568974771873,,,,
155,5.8172302737520125,27.375201288244767,22.403381642512077,12.949543746645196,10.165056360708535,6.246645195920558,7.521470746108427,0.7581857219538379,4.414922168545357,0.1878690284487386,1.8183038110574343,0.2683843263553409,0.07380568974771873,,,,
156,5.837359098228664,27.30139559849705,22.363123993558776,12.835480407944177,10.11808910359635,6.3137412775093935,7.648953301127214,0.7447665056360708,4.448470209339774,0.2147074610842727,1.8317230273752012,0.2683843263553409,0.07380568974771873,,,,
157,5.857487922705314,27.294685990338163,21.511003757380568,12.781803542673108,10.084541062801932,6.286902844873859,7.709339774557166,0.7648953301127214,5.280461621041331,0.2147074610842727,1.8451422436929683,0.2683843263553409,0.10064412238325282,,,,
158,5.850778314546431,27.17391304347826,21.477455716586153,12.895866881374127,10.071121846484166,6.286902844873859,7.709339774557166,0.7648953301127214,5.314009661835748,0.2147074610842727,1.8719806763285025,0.2683843263553409,0.10064412238325282,,,,
159,5.844068706387547,26.81159420289855,21.464036500268385,12.761674718196458,9.749060654857756,6.286902844873859,7.742887815351583,0.785024154589372,6.199677938808374,0.20799785292538917,1.737788513150832,0.30864197530864196,0.10064412238325282,,,,
160,5.857487922705314,26.77133655394525,21.470746108427267,12.761674718196458,9.655126140633387,6.286902844873859,7.7361782071927,0.785024154589372,6.206387546967257,0.20799785292538917,1.8451422436929683,0.30864197530864196,0.10735373054213634,,,,
161,5.193236714975845,27.449006977992486,21.4573268921095,12.607353730542137,9.621578099838969,6.293612453032743,7.997852925389157,0.7783145464304885,6.179549114331723,0.1878690284487386,1.8183038110574343,0.30864197530864196,0.10735373054213634,,,,
162,5.173107890499195,27.38191089640365,21.390230810520666,12.674449812130971,9.634997316156737,6.374127750939345,7.98443370907139,0.7783145464304885,6.172839506172839,0.1878690284487386,1.8317230273752012,0.30864197530864196,0.10735373054213634,,,,
163,5.173107890499195,27.34836285560923,21.36339237788513,12.694578636607622,9.634997316156737,6.360708534621578,7.957595276435856,0.7917337627482555,6.199677938808374,0.2147074610842727,1.8317230273752012,0.30864197530864196,0.12077294685990338,,,,
164,5.193236714975845,27.120236178207193,21.36339237788513,12.909286097691895,9.634997316156737,6.360708534621578,7.950885668276973,0.7917337627482555,6.199677938808374,0.2147074610842727,1.8317230273752012,0.30864197530864196,0.12077294685990338,,,,
165,5.179817498658078,27.113526570048307,21.336553945249598,12.915995705850777,9.581320450885668,6.327160493827161,7.96430488459474,0.8051529790660226,6.226516371443908,0.2147074610842727,1.90552871712292,0.30864197530864196,0.12077294685990338,,,,
166,5.173107890499195,27.03972088030059,21.336553945249598,12.962962962962964,9.581320450885668,6.327160493827161,7.930756843800322,0.8051529790660226,6.233225979602791,0.2147074610842727,1.932367149758454,0.3421900161030596,0.12077294685990338,,,,
167,5.173107890499195,26.96591519055287,21.289586688137412,12.929414922168545,9.54777241009125,6.407675791733762,7.991143317230274,0.8051529790660226,6.206387546967257,0.2147074610842727,1.9793344068706387,0.36902844873859364,0.12077294685990338,,,,
168,5.139559849704777,26.90552871712292,21.256038647342994,13.003220611916264,9.561191626409018,6.407675791733762,8.017981749865807,0.8118625872249061,6.199677938808374,0.2147074610842727,1.9726247987117553,0.36902844873859364,0.14090177133655393,,,,
169,5.146269457863661,26.8317230273752,21.26274825550188,13.01663982823403,9.561191626409018,6.380837359098229,8.024691358024691,0.8118625872249061,6.266774020397209,0.2147074610842727,1.9726247987117553,0.36902844873859364,0.14090177133655393,,,,
170,5.072463768115942,26.67740203972088,21.256038647342994,12.983091787439614,9.333064949006978,6.702898550724638,8.165593129361245,0.8252818035426731,6.260064412238325,0.2147074610842727,1.9793344068706387,0.38915727321524424,0.14090177133655393,,,,
171,5.092592592592593,26.637144390767578,21.20907139023081,12.962962962962964,9.29951690821256,6.702898550724638,8.145464304884594,0.8387010198604401,6.286902844873859,0.2147074610842727,2.0397208803005906,0.4294149221685454,0.14090177133655393,,,,
172,5.0993022007514766,26.496242619431026,21.162104133118625,13.130703166935051,9.27938808373591,6.689479334406871,8.044820182501342,0.8655394524959742,6.333870101986044,0.2147074610842727,2.086688137412775,0.4562533548040794,0.14090177133655393,,,,
173,5.12614063338701,26.46940418679549,21.141975308641975,13.130703166935051,9.27938808373591,6.729736983360172,8.017981749865807,0.8655394524959742,6.353998926462695,0.2147074610842727,2.073268921095008,0.4562533548040794,0.14090177133655393,,,,
174,5.0993022007514766,26.01315083199141,21.068169618894256,12.97638217928073,8.849973161567364,6.977992485238862,8.883521202361782,0.8252818035426731,6.461352657004831,0.2147074610842727,2.033011272141707,0.4562533548040794,0.14090177133655393,,,,
175,5.045625335480408,26.060118089103597,20.92055823939882,12.983091787439614,8.849973161567364,6.944444444444445,8.903650026838433,0.8252818035426731,6.528448738593666,0.2147074610842727,2.1269457863660763,0.4562533548040794,0.14090177133655393,,,,
