,45,50,51,55,54,56,53,58,52,59,57,60,61,62,63
0,96.83306494900698,3.166935050993022,,,,,,,,,,,,,
1,93.83387010198605,6.166129898013956,,,,,,,,,,,,,
2,73.30917874396135,26.690821256038646,,,,,,,,,,,,,
3,73.30917874396135,26.690821256038646,,,,,,,,,,,,,
4,67.80059044551798,29.656468062265162,2.522812667740204,0.020128824476650563,,,,,,,,,,,
5,55.16639828234031,29.985238862050455,14.231078904991948,0.020128824476650563,0.5703166935050993,0.026838432635534086,,,,,,,,,
6,49.282071926999464,35.72195383789587,14.231078904991948,0.026838432635534086,0.7112184648416533,0.026838432635534086,,,,,,,,,
7,47.86634460547504,36.41304347826087,14.727589908749328,0.12077294685990338,0.8454106280193237,0.026838432635534086,,,,,,,,,
8,47.87976382179281,36.37278582930757,14.687332259796028,0.14761137949543746,0.8454106280193237,0.06709608158883522,,,,,,,,,
9,47.718733225979605,36.37949543746645,14.687332259796028,0.2616747181964573,0.8856682769726248,0.06709608158883522,,,,,,,,,
10,47.22893183038111,36.8491680085883,14.660493827160494,0.2952227589908749,0.8856682769726248,0.08051529790660225,,,,,,,,,
11,44.77992485238862,36.9699409554482,14.351851851851851,0.32877079978529256,3.180354267310789,0.38915727321524424,,,,,,,,,
12,44.7463768115942,36.460010735373054,14.351851851851851,0.4428341384863124,3.180354267310789,0.38915727321524424,0.4294149221685454,,,,,,,,
13,44.71953837895867,36.41975308641975,14.371980676328503,0.4830917874396135,3.180354267310789,0.39586688137412773,0.4294149221685454,,,,,,,,
14,44.69269994632314,36.38620504562534,14.371980676328503,0.5099302200751477,3.1468062265163717,0.39586688137412773,0.46296296296296297,0.03354804079441761,,,,,,,
15,41.51905528717123,37.17793880837359,14.325013419216317,0.7179280730005367,3.1468062265163717,0.4227053140096618,0.46296296296296297,0.03354804079441761,2.1940418679549114,,,,,,
16,41.51905528717123,37.104133118625874,14.325013419216317,0.7917337627482555,3.1199677938808374,0.4227053140096618,0.46296296296296297,0.03354804079441761,2.1940418679549114,0.026838432635534086,,,,,
17,41.23054213633924,37.30542136339238,14.412238325281804,0.7917337627482555,3.1199677938808374,0.4227053140096618,0.46296296296296297,0.03354804079441761,2.1940418679549114,0.026838432635534086,,,,,
18,40.083199141170155,38.238056897477186,14.371980676328503,0.8051529790660226,3.3413848631239937,0.4428341384863124,0.46296296296296297,0.03354804079441761,2.1940418679549114,0.026838432635534086,,,,,
19,38.909017713365536,39.03650026838432,14.338432635534085,1.221148684916801,3.3279656468062266,0.47638217928073,0.46296296296296297,0.03354804079441761,2.167203435319377,0.026838432635534086,,,,,
20,37.25174449812131,40.5931293612453,15.056360708534621,1.247987117552335,2.6502952227589907,0.47638217928073,0.49651100375738055,0.03354804079441761,2.167203435319377,0.026838432635534086,,,,,
21,33.031400966183575,45.128824476650564,13.922436929683306,0.8789586688137413,3.33467525496511,0.4495437466451959,1.0265700483091786,0.03354804079441761,2.167203435319377,0.026838432635534086,,,,,
22,33.04482018250134,45.09527643585615,13.90901771336554,0.9393451422436929,3.33467525496511,0.4495437466451959,1.0265700483091786,0.03354804079441761,2.1403650026838434,0.026838432635534086,,,,,
23,33.09849704777241,44.99463231347289,13.88888888888889,0.9796027911969941,3.3011272141706924,0.48980139559849706,1.0265700483091786,0.03354804079441761,2.1269457863660763,0.06038647342995169,,,,,
24,32.1658615136876,42.53220611916264,13.493022007514762,0.9863123993558777,1.7847557702630166,1.0198604401502953,1.0265700483091786,,6.91760601180891,0.06038647342995169,0.013419216317767043,,,,
25,31.387546967257112,37.453032742887814,18.183038110574344,1.0265700483091786,1.7847557702630166,1.0198604401502953,0.7380568974771873,,8.3064949006978,0.06038647342995169,0.040257648953301126,,,,
26,31.353998926462694,37.466451959205585,18.209876543209877,1.0198604401502953,1.7847557702630166,1.0198604401502953,0.7380568974771873,,8.3064949006978,0.06038647342995169,0.040257648953301126,,,,
27,28.884863123993558,39.57997852925389,18.115942028985508,1.4895330112721417,1.5767579173376274,1.093666129898014,0.8655394524959742,,8.293075684380032,0.06038647342995169,0.040257648953301126,,,,
28,24.114331723027377,45.209339774557165,18.055555555555557,1.5230810520665594,1.5230810520665594,1.093666129898014,0.8655394524959742,,7.514761137949543,0.06038647342995169,0.040257648953301126,,,,
29,22.65163714439077,40.76086956521739,24.335748792270532,1.4626945786366077,1.5230810520665594,1.1473429951690821,1.3083735909822867,,6.709608158883521,0.06038647342995169,0.040257648953301126,,,,
30,22.6784755770263,40.163714439076756,23.255501878690286,1.5297906602254427,1.5230810520665594,1.247987117552335,1.2681159420289856,,8.232689210950081,0.06038647342995169,0.040257648953301126,,,,
31,20.222758990874933,34.11164787976382,24.02710681696189,1.402308105206656,0.9863123993558777,1.3083735909822867,1.2681159420289856,,16.57944176060118,0.026838432635534086,0.06709608158883522,,,,
32,20.21604938271605,33.93048845947396,23.832528180354267,1.4224369296833066,0.9863123993558777,1.3083735909822867,1.8518518518518519,,16.344605475040257,0.026838432635534086,0.08051529790660225,,,,
33,20.209339774557165,33.87010198604401,23.825818572195384,1.482823403113258,0.9863123993558777,1.3083735909822867,1.865271068169619,,16.344605475040257,0.026838432635534086,0.08051529790660225,,,,
34,20.088566827697264,33.7962962962963,22.69189479334407,1.482823403113258,0.4227053140096618,1.2010198604401503,3.7037037037037037,,16.505636070853463,0.026838432635534086,0.08051529790660225,,,,
35,18.907675791733762,33.00456253354804,22.65163714439077,1.482823403113258,0.4227053140096618,1.6035963499731616,5.904455179817498,,15.848094471282877,0.026838432635534086,0.14761137949543746,,,,
36,18.50509930220075,32.830112721417066,23.201825013419217,1.5096618357487923,0.4227053140096618,1.6035963499731616,5.904455179817498,,15.827965646806227,0.026838432635534086,0.16774020397208803,,,,
37,18.438003220611915,32.1658615136876,23.121309715512613,1.7847557702630166,0.5099302200751477,1.6035963499731616,6.367418142780462,,15.794417606011809,0.026838432635534086,0.1878690284487386,,,,
38,18.136070853462158,31.769994632313473,23.282340311325818,1.8250134192163177,0.5099302200751477,2.2074610842726785,6.367418142780462,,15.687063875469672,0.026838432635534086,0.1878690284487386,,,,
39,18.04884594739667,30.595813204508858,24.644390767579175,1.7713365539452497,0.5099302200751477,2.2208803005904456,6.595544820182502,,15.465646806226516,0.026838432635534086,0.12077294685990338,,,,
40,18.02200751476114,29.361245303274288,19.85373054213634,1.7444981213097155,1.0869565217391304,1.710950080515298,6.447933440687064,0.026838432635534086,21.571390230810522,0.026838432635534086,0.14761137949543746,,,,
41,17.834138486312398,29.314278046162105,19.981213097155127,1.7444981213097155,1.0869565217391304,1.892109500805153,6.447933440687064,0.026838432635534086,21.470746108427267,0.026838432635534086,0.17444981213097155,,,,
42,17.840848094471284,29.30756843800322,19.981213097155127,1.7444981213097155,1.0869565217391304,1.892109500805153,6.421095008051529,0.05367686527106817,21.430488459473967,0.026838432635534086,0.2147074610842727,,,,
43,17.713365539452496,29.1129898013956,19.981213097155127,1.7444981213097155,2.0665593129361244,1.892109500805153,6.394256575415996,0.08051529790660225,20.77294685990338,0.026838432635534086,0.2147074610842727,,,,
44,17.753623188405797,28.884863123993558,19.940955448201827,1.9726247987117553,2.576489533011272,1.7981749865807837,6.394256575415996,0.08051529790660225,20.343531937734838,0.026838432635534086,0.2281266774020397,,,,
45,17.357756307031668,26.382179280730007,23.812399355877616,1.9592055823939882,2.576489533011272,1.778046162104133,5.897745571658615,0.06709608158883522,19.91411701556629,0.026838432635534086,0.2281266774020397,,,,
46,17.21014492753623,26.187600644122384,23.678207192699947,2.0263016639828235,2.5496511003757383,1.8183038110574343,5.897745571658615,0.06709608158883522,20.249597423510465,0.05367686527106817,0.2616747181964573,,,,
47,17.223564143854,25.5703166935051,25.845410628019323,2.167203435319377,2.4557165861513686,1.7042404723564144,5.877616747181965,0.05367686527106817,18.800322061191626,0.05367686527106817,0.24825550187869028,,,,
48,17.223564143854,25.5703166935051,25.81857219538379,2.167203435319377,2.4557165861513686,1.7310789049919484,5.877616747181965,0.05367686527106817,18.773483628556093,0.05367686527106817,0.27509393451422437,,,,
49,17.19001610305958,25.45625335480408,25.81857219538379,2.2946859903381642,1.9927536231884058,1.7444981213097155,5.877616747181965,0.05367686527106817,19.243156199677937,0.05367686527106817,0.27509393451422437,,,,
50,17.002147074610843,24.208266237251745,24.58400429414922,2.3617820719269993,1.9927536231884058,1.6975308641975309,5.877616747181965,0.05367686527106817,21.89345142243693,0.05367686527106817,0.27509393451422437,,,,
51,16.854535695115406,24.214975845410628,24.14117015566291,2.5429414922168547,2.4154589371980677,1.7176596886741815,5.877616747181965,0.05367686527106817,21.786097691894792,0.05367686527106817,0.3421900161030596,,,,
52,16.874664519592056,24.208266237251745,23.825818572195384,2.5429414922168547,2.5966183574879227,1.8384326355340848,5.877616747181965,0.05367686527106817,21.786097691894792,0.05367686527106817,0.3421900161030596,,,,
53,16.888083735909824,24.208266237251745,23.825818572195384,2.5429414922168547,2.5966183574879227,1.8384326355340848,5.8239398819108965,0.05367686527106817,21.772678475577028,0.05367686527106817,0.39586688137412773,,,,
54,16.478797638217927,24.14117015566291,23.66478797638218,2.5831991411701556,2.623456790123457,1.8048845947396672,5.770263016639828,0.10735373054213634,22.363123993558776,0.05367686527106817,0.4092860976918948,,,,
55,16.451959205582394,23.544015029522274,24.90606548577563,2.428878153515835,2.6502952227589907,1.737788513150832,5.6964573268921095,0.12077294685990338,22.0276435856146,0.05367686527106817,0.3824476650563607,,,,
56,16.451959205582394,23.32259796027912,24.892646269457863,2.6637144390767578,2.6502952227589907,1.737788513150832,5.971551261406334,0.12077294685990338,21.752549651100377,0.05367686527106817,0.3824476650563607,,,,
57,16.492216854535695,23.32259796027912,24.55716586151369,2.9723564143853998,2.6637144390767578,1.724369296833065,5.971551261406334,0.12077294685990338,21.64519592055824,0.05367686527106817,0.47638217928073,,,,
58,15.479066022544284,23.845947396672035,26.27482555018787,2.9723564143853998,2.0397208803005906,1.751207729468599,5.964841653247451,0.12077294685990338,21.061460010735374,0.05367686527106817,0.43612453032742887,,,,
59,15.505904455179817,23.845947396672035,26.227858293075684,2.9723564143853998,2.0397208803005906,1.778046162104133,5.938003220611916,0.14761137949543746,21.027911969940956,0.05367686527106817,0.46296296296296297,,,,
60,15.505904455179817,23.792270531400966,26.214439076757916,3.026033279656468,2.0397208803005906,1.7914653784219001,5.938003220611916,0.14761137949543746,21.014492753623188,0.05367686527106817,0.47638217928073,,,,
61,15.197262479871176,20.665593129361245,31.09903381642512,2.7106816961889426,2.006172839506173,1.7914653784219001,5.938003220611916,0.14761137949543746,19.96779388083736,0.026838432635534086,0.4495437466451959,,,,
62,15.11003757380569,20.551529790660226,31.052066559312937,2.737520128824477,2.006172839506173,2.0799785292538915,5.924584004294149,0.14761137949543746,19.900697799248523,0.026838432635534086,0.46296296296296297,,,,
63,15.136876006441224,20.30998389694042,34.31964573268921,2.703972088030059,2.1135265700483092,1.8115942028985508,6.360708534621578,0.14761137949543746,16.67337627482555,0.026838432635534086,0.39586688137412773,,,,
64,14.76784755770263,20.014761137949545,36.01717659688674,2.623456790123457,2.522812667740204,1.8585614600107354,6.360708534621578,0.14761137949543746,15.418679549114332,0.026838432635534086,0.24154589371980675,,,,
65,14.720880300590446,19.82018250134192,35.44015029522276,2.4154589371980677,2.5161030595813205,1.8384326355340848,5.5756843800322065,0.14761137949543746,17.257112184648417,0.026838432635534086,0.24154589371980675,,,,
66,14.65378421900161,19.806763285024154,33.843263553408484,2.442297369833602,2.5161030595813205,1.737788513150832,7.353730542136339,0.14761137949543746,17.257112184648417,0.026838432635534086,0.2147074610842727,,,,
67,14.647074610842727,19.659151905528716,35.869565217391305,2.442297369833602,2.5026838432635534,1.8048845947396672,7.0383789586688135,0.1878690284487386,15.60654857756307,0.026838432635534086,0.2147074610842727,,,,
68,14.65378421900161,19.639023081052066,35.829307568438004,2.49597423510467,2.5026838432635534,1.8048845947396672,7.0383789586688135,0.1878690284487386,15.60654857756307,0.026838432635534086,0.2147074610842727,,,,
69,14.492753623188406,19.81347289318304,35.76221148684917,2.5697799248523885,2.5026838432635534,1.8048845947396672,6.863929146537842,0.36231884057971014,15.58641975308642,0.026838432635534086,0.2147074610842727,,,,
70,14.53972088030059,19.578636607622116,36.18491680085883,2.636876006441224,2.5161030595813205,2.227589908749329,6.407675791733762,0.36231884057971014,15.304616210413311,0.026838432635534086,0.2147074610842727,,,,
71,14.110305958132045,19.343800322061192,36.99677938808374,2.7844873859366612,2.536231884057971,2.0933977455716586,6.407675791733762,0.36231884057971014,15.103327965646805,0.026838432635534086,0.23483628556092323,,,,
72,14.070048309178745,19.37734836285561,36.72839506172839,2.7777777777777777,2.536231884057971,2.147074610842727,6.890767579173376,0.36231884057971014,14.754428341384862,0.026838432635534086,0.32877079978529256,,,,
73,13.976113794954374,19.135802469135804,36.43317230273752,2.7777777777777777,2.509393451422437,2.5697799248523885,6.702898550724638,0.38915727321524424,15.13016639828234,0.026838432635534086,0.3488996242619431,,,,
74,13.969404186795492,19.14922168545357,36.3996242619431,2.7777777777777777,2.5026838432635534,2.6033279656468062,6.702898550724638,0.38915727321524424,15.13016639828234,0.026838432635534086,0.3488996242619431,,,,
75,13.788244766505636,19.122383252818036,36.90955448201825,2.5831991411701556,2.341653247450349,2.703972088030059,6.702898550724638,0.38915727321524424,15.076489533011273,0.026838432635534086,0.3488996242619431,0.0067096081588835215,,,
76,13.761406333870102,19.142512077294686,36.82903918411165,2.623456790123457,2.341653247450349,2.771068169618894,6.702898550724638,0.38915727321524424,15.022812667740205,0.026838432635534086,0.3824476650563607,0.0067096081588835215,,,
77,13.667471819645733,18.33064949006978,37.25845410628019,3.1065485775630703,2.328234031132582,2.7777777777777777,6.702898550724638,0.38915727321524424,15.022812667740205,0.026838432635534086,0.3824476650563607,0.0067096081588835215,,,
78,13.687600644122384,18.317230273752013,37.21819645732689,3.1065485775630703,2.328234031132582,2.8113258185721954,6.702898550724638,0.38915727321524424,15.022812667740205,0.026838432635534086,0.3824476650563607,0.0067096081588835215,,,
79,13.667471819645733,18.290391841116477,36.7686527106817,3.1468062265163717,3.2139023081052067,2.8247450348899625,6.340579710144928,0.36231884057971014,14.99597423510467,0.026838432635534086,0.35560923242082665,0.0067096081588835215,,,
80,13.18438003220612,17.579173376274827,39.700751476113794,3.0931293612453032,3.180354267310789,2.046430488459474,6.340579710144928,0.36231884057971014,14.13714439076758,0.026838432635534086,0.3421900161030596,0.0067096081588835215,,,
81,13.123993558776167,17.652979066022546,39.68733225979603,3.0931293612453032,2.9790660225442833,2.046430488459474,6.615673644659152,0.36231884057971014,13.996242619431026,0.026838432635534086,0.41599570585077833,,,,
82,11.493558776167472,13.868760064412239,45.450885668276975,2.8247450348899625,2.945517981749866,2.0799785292538915,6.568706387546968,0.36231884057971014,13.935856146001074,0.026838432635534086,0.4428341384863124,,,,
83,11.493558776167472,13.821792807300053,45.13553408480945,3.1065485775630703,2.965646806226516,2.147074610842727,6.568706387546968,0.36231884057971014,13.92914653784219,0.026838432635534086,0.4428341384863124,,,,
84,11.480139559849706,13.781535158346752,45.249597423510465,3.099838969404187,2.952227589908749,2.1135265700483092,6.568706387546968,0.39586688137412773,13.88888888888889,0.026838432635534086,0.4428341384863124,,,,
85,11.453301127214171,13.801663982823403,45.14224369296833,3.0931293612453032,2.952227589908749,2.2074610842726785,6.595544820182502,0.39586688137412773,13.841921631776705,0.026838432635534086,0.48980139559849706,,,,
86,11.399624261943103,13.855340848094471,45.088566827697264,3.052871712292002,2.952227589908749,2.3617820719269993,6.595544820182502,0.39586688137412773,13.781535158346752,0.026838432635534086,0.48980139559849706,,,,
87,11.426462694578637,13.781535158346752,46.02120236178207,3.193773483628556,2.945517981749866,2.5295222758990876,6.595544820182502,0.39586688137412773,12.72812667740204,0.026838432635534086,0.35560923242082665,,,,
88,10.88298443370907,12.560386473429952,44.67928073000537,3.0864197530864197,2.945517981749866,2.536231884057971,6.575415995705851,0.41599570585077833,15.935319377348362,0.026838432635534086,0.35560923242082665,,,,
89,10.84272678475577,12.5402576489533,42.82071926999463,3.0864197530864197,2.9723564143853998,2.757648953301127,8.28636607622115,0.43612453032742887,15.874932903918411,0.026838432635534086,0.35560923242082665,,,,
90,10.487117552334944,13.009930220075148,42.67981749865808,3.0864197530864197,2.9723564143853998,2.791196994095545,8.279656468062266,0.43612453032742887,15.874932903918411,0.026838432635534086,0.35560923242082665,,,,
91,10.487117552334944,13.009930220075148,42.60601180891036,3.0864197530864197,2.9723564143853998,2.8650026838432634,8.279656468062266,0.43612453032742887,15.861513687600644,0.026838432635534086,0.36902844873859364,,,,
92,10.547504025764896,12.97638217928073,42.290660225442835,3.0864197530864197,3.1468062265163717,2.999194847020934,8.279656468062266,0.43612453032742887,15.848094471282877,0.026838432635534086,0.36231884057971014,,,,
93,10.507246376811594,12.828770799785293,40.03623188405797,3.099838969404187,3.1535158346752548,3.026033279656468,10.876274825550189,0.41599570585077833,15.666935050993022,0.026838432635534086,0.36231884057971014,,,,
94,10.527375201288244,12.741545893719806,39.84836285560923,3.670155662909286,3.1535158346752548,3.1870638754696725,10.876274825550189,0.41599570585077833,15.203972088030058,0.026838432635534086,0.3488996242619431,,,,
95,10.540794417606012,12.72812667740204,39.60010735373054,3.670155662909286,3.3011272141706924,3.321256038647343,10.849436392914654,0.41599570585077833,15.197262479871176,0.026838432635534086,0.3488996242619431,,,,
96,9.88996242619431,13.593666129898015,38.86205045625336,4.180085882984434,3.2541599570585076,3.3816425120772946,10.849436392914654,0.41599570585077833,15.136876006441224,0.026838432635534086,0.4092860976918948,,,,
97,9.796027911969942,13.47289318303811,40.955448201825014,4.17337627482555,3.2877079978529253,3.4822866344605474,10.144927536231885,0.4428341384863124,13.828502415458937,0.026838432635534086,0.38915727321524424,,,,
98,9.77589908749329,13.493022007514762,40.92190016103059,4.159957058507783,3.2877079978529253,3.502415458937198,10.144927536231885,0.46967257112184646,13.828502415458937,0.026838432635534086,0.38915727321524424,,,,
99,9.816156736446592,13.479602791196994,40.666935050993025,3.683574879227053,3.2877079978529253,3.7238325281803544,10.144927536231885,0.4562533548040794,14.331723027375201,0.026838432635534086,0.3824476650563607,,,,
100,9.930220075147611,13.479602791196994,40.633387010198604,3.643317230273752,3.307836822329576,3.69699409554482,10.084541062801932,0.5099302200751477,14.304884594739667,0.026838432635534086,0.3824476650563607,,,,
101,9.769189479334408,13.043478260869565,40.29790660225443,3.643317230273752,3.240740740740741,3.670155662909286,10.312667740203972,0.5233494363929146,15.08990874932904,0.026838432635534086,0.3824476650563607,,,,
102,9.749060654857756,13.070316693505099,38.91572732152442,3.629898013955985,3.408480944712829,3.4420289855072466,11.761943102522812,0.5233494363929146,15.08990874932904,0.026838432635534086,0.3824476650563607,,,,
103,9.77589908749329,13.070316693505099,38.79495437466452,3.6500268384326353,3.408480944712829,3.535963499731616,11.714975845410628,0.5501878690284487,15.042941492216855,0.026838432635534086,0.4294149221685454,,,,
104,9.520933977455716,13.251476113794954,38.2313472893183,3.6768652710681695,3.4017713365539453,3.2675791733762747,11.708266237251744,0.5904455179817498,15.921900161030596,0.026838432635534086,0.4025764895330113,,,,
105,9.561191626409018,13.22463768115942,38.18438003220612,3.7037037037037037,3.4017713365539453,3.2742887815351582,11.708266237251744,0.5904455179817498,15.921900161030596,0.026838432635534086,0.4025764895330113,,,,
106,9.567901234567902,13.137412775093935,38.62050456253355,3.670155662909286,3.166935050993022,3.1870638754696725,11.963231347289318,0.5904455179817498,15.666935050993022,0.026838432635534086,0.4025764895330113,,,,
107,9.588030059044552,13.123993558776167,38.31186258722491,3.670155662909286,3.113258185721954,3.5963499731615673,11.963231347289318,0.6575415995705851,15.552871712292003,0.026838432635534086,0.39586688137412773,,,,
108,9.621578099838969,13.123993558776167,38.25147611379496,3.670155662909286,3.113258185721954,3.6231884057971016,11.963231347289318,0.6575415995705851,15.552871712292003,0.026838432635534086,0.39586688137412773,,,,
109,9.46725711218465,13.258185721953838,38.21121846484165,3.7104133118625873,3.556092324208266,3.5628019323671496,11.963231347289318,0.6575415995705851,15.197262479871176,0.026838432635534086,0.38915727321524424,,,,
110,9.520933977455716,13.197799248523886,38.2313472893183,3.6768652710681695,3.556092324208266,3.743961352657005,11.929683306494901,0.6776704240472357,15.01610305958132,0.026838432635534086,0.38915727321524424,0.03354804079441761,,,
111,9.192163177670425,13.110574342458401,38.88217928073001,3.7037037037037037,3.556092324208266,3.7104133118625873,11.802200751476114,0.7716049382716049,14.821524422973699,0.026838432635534086,0.38915727321524424,0.03354804079441761,,,
112,9.205582393988191,13.110574342458401,38.84192163177671,3.6634460547504024,3.569511540526033,3.8580246913580245,11.694847020933977,0.7716049382716049,14.821524422973699,0.026838432635534086,0.38915727321524424,0.04696725711218465,,,
113,8.521202361782072,12.962962962962964,39.9020397208803,3.6366076221148687,3.4286097691894795,3.878153515834675,11.694847020933977,0.7716049382716049,14.741009125067096,0.026838432635534086,0.38915727321524424,0.04696725711218465,,,
114,7.997852925389157,11.600912506709609,44.598765432098766,3.6500268384326353,3.3413848631239937,4.206924315619967,9.749060654857756,0.5971551261406334,13.788244766505636,0.026838432635534086,0.39586688137412773,0.04696725711218465,,,
115,8.038110574342458,11.600912506709609,44.578636607622116,3.6500268384326353,3.3413848631239937,4.206924315619967,9.728931830381105,0.5971551261406334,13.788244766505636,0.026838432635534086,0.39586688137412773,0.04696725711218465,,,
116,8.064949006977992,11.594202898550725,44.498121309715515,3.643317230273752,3.321256038647343,4.280730005367687,9.71551261406334,0.5971551261406334,13.81508319914117,0.040257648953301126,0.3757380568974772,0.05367686527106817,,,
117,8.017981749865807,11.372785829307569,42.7133655394525,3.656736446591519,3.240740740740741,4.300858829844337,12.016908212560386,0.6105743424584005,13.56682769726248,0.040257648953301126,0.4092860976918948,0.05367686527106817,,,
118,7.897208803005904,9.71551261406334,44.44444444444444,3.656736446591519,2.4020397208803006,4.045893719806763,11.869296833064949,0.6105743424584005,14.895330112721417,0.040257648953301126,0.36902844873859364,0.05367686527106817,,,
119,7.937466451959206,9.688674181427805,44.40418679549114,3.683574879227053,2.4020397208803006,4.045893719806763,11.782071926999464,0.6977992485238862,14.895330112721417,0.040257648953301126,0.36902844873859364,0.05367686527106817,,,
120,7.917337627482555,9.601449275362318,44.357219538378956,3.864734299516908,2.4020397208803006,4.045893719806763,11.782071926999464,0.6977992485238862,14.895330112721417,0.040257648953301126,0.3421900161030596,0.05367686527106817,,,
121,7.890499194847021,8.964036500268385,44.357219538378956,4.052603327965647,3.1535158346752548,3.9720880300590444,11.668008588298443,0.7112184648416533,14.781266774020397,0.040257648953301126,0.35560923242082665,0.05367686527106817,,,
122,7.9106280193236715,8.836553945249598,44.30354267310789,4.2270531400966185,3.140096618357488,4.019055287171229,11.66129898013956,0.6843800322061192,14.76784755770263,0.040257648953301126,0.35560923242082665,0.05367686527106817,,,
123,7.944176060118089,8.702361782071927,44.276704240472355,4.240472356414386,3.1468062265163717,4.019055287171229,10.59447128287708,0.6843800322061192,15.942028985507246,0.040257648953301126,0.35560923242082665,0.05367686527106817,,,
124,7.991143317230274,8.695652173913043,44.20960815888352,4.240472356414386,3.1468062265163717,4.052603327965647,10.534084809447128,0.7380568974771873,15.942028985507246,0.040257648953301126,0.35560923242082665,0.05367686527106817,,,
125,7.367149758454106,8.333333333333334,45.16237251744498,4.233762748255502,3.1468062265163717,4.079441760601181,10.547504025764896,0.7380568974771873,15.942028985507246,0.040257648953301126,0.35560923242082665,0.05367686527106817,,,
126,7.306763285024155,7.856951154052603,44.18276972624799,4.139828234031133,3.1468062265163717,3.9452495974235107,11.466720343531938,0.7716049382716049,16.700214707461082,0.040257648953301126,0.36902844873859364,0.07380568974771873,,,
127,7.347020933977456,7.843531937734836,44.00831991411702,4.126409017713366,3.140096618357488,4.334406870638754,11.688137412775093,0.785024154589372,16.223832528180353,0.04696725711218465,0.3824476650563607,0.07380568974771873,,,
128,7.360440150295223,7.830112721417069,43.79361245303274,4.1532474503489,3.166935050993022,4.549114331723027,11.627750939345143,0.7648953301127214,16.203703703703702,0.04696725711218465,0.4294149221685454,0.07380568974771873,,,
129,7.461084272678476,7.763016639828234,43.77348362855609,4.166666666666667,3.166935050993022,4.569243156199678,11.627750939345143,0.7648953301127214,16.15673644659152,0.04696725711218465,0.4294149221685454,0.07380568974771873,,,
130,7.481213097155126,7.763016639828234,43.42458400429415,4.200214707461084,3.603059581320451,4.575952764358561,11.627750939345143,0.7648953301127214,16.029253891572733,0.04696725711218465,0.4092860976918948,0.07380568974771873,,,
131,7.514761137949543,7.763016639828234,43.33064949006978,4.4820182501341925,3.6366076221148687,4.582662372517445,11.3593666129898,0.7716049382716049,16.029253891572733,0.04696725711218465,0.4092860976918948,0.07380568974771873,,,
132,7.521470746108427,7.763016639828234,43.31052066559313,4.49543746645196,3.6366076221148687,4.5960815888352125,11.3593666129898,0.7716049382716049,15.995705850778315,0.04696725711218465,0.4294149221685454,0.07380568974771873,,,
133,7.588566827697263,7.763016639828234,43.14949006977992,4.468599033816425,3.6366076221148687,4.7168545356951155,11.3593666129898,0.7716049382716049,15.982286634460548,0.04696725711218465,0.4428341384863124,0.07380568974771873,,,
134,6.964573268921095,7.4208266237251745,46.13526570048309,4.522275899087493,3.321256038647343,4.582662372517445,11.124530327428879,0.7716049382716049,14.647074610842727,0.040257648953301126,0.3824476650563607,0.08722490606548577,,,
135,7.011540526033279,7.4208266237251745,45.73939881910896,4.522275899087493,3.69699409554482,4.609500805152979,11.104401502952227,0.7716049382716049,14.61352657004831,0.040257648953301126,0.3824476650563607,0.08722490606548577,,,
136,7.018250134192163,7.4208266237251745,45.70585077831455,4.522275899087493,3.69699409554482,4.62962962962963,11.104401502952227,0.7783145464304885,14.61352657004831,0.040257648953301126,0.3824476650563607,0.08722490606548577,,,
137,6.904186795491143,7.434245840042942,45.471014492753625,4.555823939881911,3.69699409554482,4.555823939881911,11.044015029522276,0.7783145464304885,15.11003757380569,0.040257648953301126,0.322061191626409,0.08722490606548577,,,
138,6.971282877079979,7.407407407407407,45.4374664519592,4.5893719806763285,3.670155662909286,4.5893719806763285,11.044015029522276,0.7447665056360708,15.069779924852389,0.06709608158883522,0.322061191626409,0.08722490606548577,,,
139,6.957863660762212,7.37385936661299,44.907407407407405,5.119431025228127,3.6500268384326353,4.388083735909823,11.044015029522276,0.7447665056360708,15.33816425120773,0.06709608158883522,0.322061191626409,0.08722490606548577,,,
140,6.863929146537842,14.304884594739667,41.94176060118089,4.7168545356951155,3.6768652710681695,4.139828234031133,9.057971014492754,0.7112184648416533,14.083467525496511,0.06709608158883522,0.3488996242619431,0.08722490606548577,,,
141,6.937734836285561,14.304884594739667,41.91492216854536,4.7168545356951155,3.6768652710681695,4.1532474503489,8.997584541062801,0.7648953301127214,14.029790660225443,0.06709608158883522,0.3488996242619431,0.08722490606548577,,,
142,6.957863660762212,14.264626945786366,41.90150295222759,4.7168545356951155,3.717122920021471,4.1532474503489,8.99087493290392,0.7648953301127214,13.976113794954374,0.06709608158883522,0.4025764895330113,0.08722490606548577,,,
143,6.998121309715513,14.264626945786366,41.84782608695652,4.730273752012883,3.7037037037037037,4.1532474503489,8.99087493290392,0.7783145464304885,13.976113794954374,0.06709608158883522,0.4025764895330113,0.08722490606548577,,,
144,7.071926999463232,14.264626945786366,41.82769726247987,4.723564143853999,3.7037037037037037,4.166666666666667,8.950617283950617,0.7783145464304885,13.955984970477724,0.06709608158883522,0.4025764895330113,0.08722490606548577,,,
145,7.139023081052066,14.264626945786366,41.80085882984434,4.723564143853999,3.683574879227053,4.166666666666667,8.943907675791733,0.8051529790660226,13.915727321524423,0.06709608158883522,0.4025764895330113,0.08722490606548577,,,
146,7.1658615136876005,14.237788513150832,41.74718196457327,4.723564143853999,3.683574879227053,4.2203435319377345,8.943907675791733,0.8051529790660226,13.915727321524423,0.06709608158883522,0.4025764895330113,0.08722490606548577,,,
147,7.132313472893183,14.217659688674182,40.82796564680623,4.723564143853999,3.8915727321524423,4.186795491143317,9.829575952764358,0.9125067096081588,13.7211486849168,0.06709608158883522,0.4025764895330113,0.08722490606548577,,,
148,7.152442297369833,14.204240472356414,40.78770799785293,4.750402576489533,3.8915727321524423,4.159957058507783,9.863123993558776,0.9125067096081588,13.7211486849168,0.06709608158883522,0.4025764895330113,0.08722490606548577,,,
149,7.058507783145465,14.15727321524423,41.10976918947934,4.74369296833065,3.8915727321524423,3.978797638217928,8.702361782071927,0.8252818035426731,15.076489533011273,0.06709608158883522,0.30193236714975846,0.08722490606548577,,,
150,7.011540526033279,14.15727321524423,41.10976918947934,4.770531400966184,3.8915727321524423,3.9855072463768115,8.702361782071927,0.8252818035426731,15.022812667740205,0.06709608158883522,0.36902844873859364,0.08722490606548577,,,
151,4.851046698872786,23.329307568438004,37.30542136339238,3.9318303811057436,2.831454643048846,3.8043478260869565,8.05823939881911,0.7246376811594203,14.667203435319378,0.040257648953301126,0.38915727321524424,0.06709608158883522,,,
152,4.663177670424047,23.49704777241009,37.164519592055825,4.106280193236715,2.831454643048846,3.864734299516908,8.608427267847558,0.7246376811594203,14.04320987654321,0.040257648953301126,0.38915727321524424,0.06709608158883522,,,
153,4.703435319377348,23.470209339774556,37.063875469672574,4.146537842190016,2.831454643048846,3.911701556629093,8.608427267847558,0.7246376811594203,14.04320987654321,0.040257648953301126,0.38915727321524424,0.06709608158883522,,,
154,4.7168545356951155,23.470209339774556,37.063875469672574,4.146537842190016,2.831454643048846,3.911701556629093,8.59500805152979,0.7246376811594203,14.04320987654321,0.040257648953301126,0.38915727321524424,0.06709608158883522,,,
155,4.736983360171766,23.470209339774556,37.063875469672574,4.146537842190016,2.831454643048846,3.911701556629093,8.59500805152979,0.7246376811594203,13.989533011272142,0.040257648953301126,0.4227053140096618,0.06709608158883522,,,
156,4.777241009125067,23.463499731615673,37.0101986044015,4.146537842190016,2.831454643048846,4.032474503488996,8.55475040257649,0.6977992485238862,13.88888888888889,0.040257648953301126,0.48980139559849706,0.06709608158883522,,,
157,4.696725711218465,23.423242082662373,34.88996242619431,4.300858829844337,2.831454643048846,4.05931293612453,10.742082662372518,0.6843800322061192,13.774825550187868,0.040257648953301126,0.48980139559849706,0.06709608158883522,,,
158,3.750670960815888,22.34970477724101,36.02388620504563,4.253891572732153,2.831454643048846,4.005636070853462,9.923510466988727,0.6843800322061192,15.579710144927537,0.040257648953301126,0.48980139559849706,0.06709608158883522,,,
159,3.7775093934514223,22.302737520128826,35.97691894793344,4.361245303274289,2.8113258185721954,4.05931293612453,9.916800858829845,0.6709608158883521,15.526033279656469,0.040257648953301126,0.48980139559849706,0.06709608158883522,,,
160,3.81105743424584,22.302737520128826,35.950080515297905,4.3478260869565215,2.8113258185721954,4.066022544283414,9.916800858829845,0.6709608158883521,15.526033279656469,0.040257648953301126,0.48980139559849706,0.06709608158883522,,,
161,3.8378958668813743,22.282608695652176,35.61460010735373,4.4753086419753085,2.8113258185721954,4.086151368760064,10.111379495437467,0.6709608158883521,15.5126140633387,0.040257648953301126,0.48980139559849706,0.06709608158883522,,,
162,3.9586688137412773,22.134997316156735,35.57434245840043,4.549114331723027,2.8113258185721954,4.092860976918948,10.111379495437467,0.6709608158883521,15.458937198067632,0.040257648953301126,0.5300590445517982,0.06709608158883522,,,
163,3.965378421900161,22.128287707997853,35.507246376811594,4.5960815888352125,2.8113258185721954,4.119699409554482,10.104669887278583,0.6776704240472357,15.45222758990875,0.040257648953301126,0.5300590445517982,0.06709608158883522,,,
164,3.9586688137412773,21.940418679549115,35.507246376811594,4.569243156199678,2.8113258185721954,4.119699409554482,10.292538915727322,0.7112184648416533,15.45222758990875,0.040257648953301126,0.5300590445517982,0.06709608158883522,,,
165,4.025764895330113,21.91358024691358,34.84299516908212,4.723564143853999,2.8113258185721954,4.092860976918948,10.205314009661835,0.7112184648416533,16.035963499731615,0.040257648953301126,0.5300590445517982,0.06709608158883522,,,
166,4.106280193236715,21.87332259796028,34.74906065485776,4.569243156199678,3.0595813204508855,4.092860976918948,10.178475577026301,0.7380568974771873,15.995705850778315,0.040257648953301126,0.5300590445517982,0.06709608158883522,,,
167,4.1129898013955986,21.85990338164251,34.64170692431562,4.703435319377348,2.9924852388620504,4.0995705850778315,9.802737520128824,0.6977992485238862,16.418411164787976,0.040257648953301126,0.5636070853462157,0.06709608158883522,,,
168,4.193505099302201,21.846484165324746,34.48067632850242,4.609500805152979,3.1736446591519054,4.052603327965647,10.091250670960816,0.6977992485238862,16.150026838432634,0.040257648953301126,0.5971551261406334,0.06709608158883522,,,
169,2.328234031132582,34.88325281803543,26.764626945786365,4.17337627482555,2.965646806226516,2.945517981749866,9.796027911969942,0.6642512077294686,14.875201288244767,0.040257648953301126,0.5501878690284487,0.013419216317767043,,,
170,2.341653247450349,34.286097691894796,26.710950080515296,4.797369833601718,2.9589371980676327,2.9723564143853998,9.782608695652174,0.6642512077294686,14.868491680085883,0.040257648953301126,0.5636070853462157,0.013419216317767043,,,
171,2.3215244229736984,27.84487385936661,25.939345142243692,4.508856682769726,2.9589371980676327,2.8918411164787976,17.76033279656468,0.6642512077294686,14.492753623188406,0.040257648953301126,0.5636070853462157,0.013419216317767043,,,
172,2.368491680085883,27.80461621041331,25.89237788513151,4.549114331723027,2.9589371980676327,2.8918411164787976,17.76033279656468,0.6642512077294686,14.492753623188406,0.040257648953301126,0.5636070853462157,0.013419216317767043,,,
173,2.4490069779924855,27.61003757380569,25.87895866881374,4.703435319377348,2.9589371980676327,2.8650026838432634,17.780461621041333,0.6642512077294686,14.472624798711756,0.040257648953301126,0.5636070853462157,0.013419216317767043,,,
174,2.4825550187869028,27.576489533011273,25.764895330112722,4.750402576489533,2.9589371980676327,2.985775630703167,17.753623188405797,0.7045088566827697,14.40552871712292,0.040257648953301126,0.5636070853462157,0.013419216317767043,,,
175,2.4825550187869028,27.576489533011273,25.764895330112722,4.750402576489533,2.9589371980676327,2.985775630703167,17.753623188405797,0.7045088566827697,14.40552871712292,0.040257648953301126,0.5636070853462157,0.013419216317767043,,,
176,2.5026838432635534,27.536231884057973,25.731347289318304,4.804079441760601,2.9589371980676327,2.985775630703167,17.753623188405797,0.7045088566827697,14.40552871712292,0.040257648953301126,0.5636070853462157,0.013419216317767043,,,
177,2.5161030595813205,27.30139559849705,25.684380032206118,4.8443370907139025,2.9589371980676327,2.9119699409554483,16.6532474503489,0.7045088566827697,15.807836822329575,0.040257648953301126,0.5636070853462157,0.013419216317767043,,,
178,2.5563607085346214,26.952495974235106,25.449543746645197,4.864465915190553,2.9388083735909825,3.361513687600644,16.760601180891037,0.7045088566827697,15.807836822329575,0.040257648953301126,0.5501878690284487,0.013419216317767043,,,
179,2.536231884057971,26.8719806763285,25.335480407944175,5.005367686527107,3.012614063338701,3.361513687600644,16.760601180891037,0.7045088566827697,15.807836822329575,0.040257648953301126,0.5501878690284487,0.013419216317767043,,,
180,2.408749329039184,22.04777241009125,25.174449812130973,4.3478260869565215,2.9388083735909825,3.3548040794417604,16.666666666666668,0.7045088566827697,21.752549651100377,0.040257648953301126,0.5501878690284487,0.013419216317767043,,,
181,2.442297369833602,22.041062801932366,25.174449812130973,4.334406870638754,3.026033279656468,3.3279656468062266,16.606280193236714,0.7313472893183038,21.692163177670423,0.06038647342995169,0.5501878690284487,0.013419216317767043,,,
182,2.408749329039184,21.484165324745035,25.161030595813205,4.74369296833065,3.012614063338701,3.3413848631239937,16.451959205582394,0.7380568974771873,22.034353193773484,0.06038647342995169,0.5501878690284487,0.013419216317767043,,,
183,2.4221685453569513,21.3768115942029,25.147611379495437,4.783950617283951,3.012614063338701,3.421900161030596,16.451959205582394,0.7380568974771873,22.020933977455716,0.06038647342995169,0.5501878690284487,0.013419216317767043,,,
184,2.4490069779924855,21.309715512614062,25.0402576489533,4.898013955984971,2.9924852388620504,3.4420289855072466,16.445249597423512,0.7648953301127214,21.987385936661298,0.10735373054213634,0.5501878690284487,0.013419216317767043,,,
185,2.4892646269457863,21.081588835212024,23.544015029522274,5.495169082125604,2.898550724637681,3.388352120236178,17.85426731078905,0.7648953301127214,21.792807300053678,0.10735373054213634,0.5703166935050993,0.013419216317767043,,,
186,2.5295222758990876,20.632045088566827,23.483628556092324,5.9447128287707995,2.9790660225442833,3.3480944712828773,17.85426731078905,0.7648953301127214,21.792807300053678,0.08722490606548577,0.5703166935050993,0.013419216317767043,,,
187,2.536231884057971,20.625335480407944,23.463499731615673,5.938003220611916,2.9723564143853998,3.3816425120772946,17.847557702630166,0.7917337627482555,21.772678475577028,0.08722490606548577,0.5703166935050993,0.013419216317767043,,,
