,45,50,55,51,52,53,54,56,57,60,59,58
0,94.10225442834138,5.897745571658615,,,,,,,,,,
1,90.81454643048846,9.185453569511541,,,,,,,,,,
2,90.00939345142244,9.990606548577563,,,,,,,,,,
3,89.71417069243157,10.218733225979603,0.06709608158883522,,,,,,,,,
4,89.72088030059045,10.21202361782072,0.06709608158883522,,,,,,,,,
5,81.94444444444444,17.98845947396672,0.06709608158883522,,,,,,,,,
6,81.0252281266774,18.82716049382716,0.06709608158883522,0.08051529790660225,,,,,,,,
7,76.91894793344069,22.852925389157274,0.14761137949543746,0.08051529790660225,,,,,,,,
8,76.63714439076757,23.13472893183038,0.14761137949543746,0.08051529790660225,,,,,,,,
9,76.18760064412238,22.779119699409556,0.14761137949543746,0.08051529790660225,0.8051529790660226,,,,,,,
10,75.33548040794417,23.63123993558776,0.14761137949543746,0.08051529790660225,0.8051529790660226,,,,,,,
11,75.0,23.66478797638218,0.14761137949543746,0.08051529790660225,1.107085346215781,,,,,,,
12,74.48336017176597,23.67149758454106,0.14761137949543746,0.08051529790660225,1.6170155662909287,,,,,,,
13,72.2691894793344,25.885668276972623,0.14761137949543746,0.08051529790660225,1.6170155662909287,,,,,,,
14,71.42377885131508,26.73107890499195,0.14761137949543746,0.08051529790660225,1.6170155662909287,,,,,,,
15,71.1688137412775,26.90552871712292,0.14761137949543746,0.08051529790660225,1.6975308641975309,,,,,,,
16,71.15539452495975,26.590177133655395,0.14761137949543746,0.08051529790660225,1.6975308641975309,0.1878690284487386,0.14090177133655393,,,,,
17,70.39720880300591,27.34836285560923,0.14761137949543746,0.08051529790660225,1.6975308641975309,0.1878690284487386,0.14090177133655393,,,,,
18,70.08185721953838,26.455984970477726,0.14761137949543746,0.36231884057971014,1.5432098765432098,1.2412775093934514,0.16774020397208803,,,,,
19,70.17579173376275,26.247987117552334,0.23483628556092323,0.36231884057971014,1.570048309178744,1.2412775093934514,0.16774020397208803,,,,,
20,69.31696188942566,25.147611379495437,0.23483628556092323,2.3550724637681157,1.5365002683843263,1.2412775093934514,0.16774020397208803,,,,,
21,69.22302737520128,25.241545893719806,0.23483628556092323,2.3550724637681157,1.5365002683843263,1.2412775093934514,0.16774020397208803,,,,,
22,69.18947933440687,25.281803542673106,0.23483628556092323,2.3483628556092326,1.5365002683843263,1.2412775093934514,0.16774020397208803,,,,,
23,68.70638754696726,25.677670424047236,0.322061191626409,2.3483628556092326,1.5365002683843263,1.2412775093934514,0.16774020397208803,,,,,
24,68.61916264090178,25.791733762748255,0.322061191626409,2.3483628556092326,1.4090177133655395,1.3888888888888888,0.12077294685990338,,,,,
25,68.5654857756307,25.83870101986044,0.322061191626409,2.3483628556092326,1.4492753623188406,1.3620504562533549,0.11406333870101985,,,,,
26,68.15619967793882,26.174181427804616,0.322061191626409,2.4221685453569513,1.4492753623188406,1.3620504562533549,0.11406333870101985,,,,,
27,68.06897477187333,26.214439076757916,0.322061191626409,2.4221685453569513,1.4492753623188406,1.3620504562533549,0.1610305958132045,,,,,
28,68.02871712292003,26.127214170692433,0.322061191626409,2.462426194310252,1.4492753623188406,1.4492753623188406,0.1610305958132045,,,,,
29,67.17659688674182,26.29495437466452,0.322061191626409,3.066290928609769,1.4492753623188406,1.4492753623188406,0.24154589371980675,,,,,
30,66.47879763821793,26.65727321524423,0.322061191626409,3.4017713365539453,1.4492753623188406,1.4492753623188406,0.24154589371980675,,,,,
31,65.38513150831992,27.750939345142243,0.322061191626409,3.4017713365539453,1.4492753623188406,1.4492753623188406,0.24154589371980675,,,,,
32,63.157541599570585,25.194578636607623,0.24154589371980675,7.883789586688137,1.4492753623188406,1.4492753623188406,0.6239935587761675,,,,,
33,62.714707461084274,25.5703166935051,0.24154589371980675,7.87037037037037,1.5297906602254427,1.4492753623188406,0.6239935587761675,,,,,
34,52.52952227589909,35.73537305421363,0.24154589371980675,7.7831454643048845,1.5297906602254427,1.3352120236178207,0.8454106280193237,,,,,
35,52.43558776167472,35.53408480944713,0.24154589371980675,7.7831454643048845,1.6438539989264627,1.2681159420289856,1.093666129898014,,,,,
36,52.012882447665056,35.51395598497048,0.24154589371980675,7.977724100912507,1.8988191089640365,1.2681159420289856,1.0869565217391304,,,,,
37,51.54320987654321,35.7085346215781,0.24154589371980675,7.96430488459474,1.8988191089640365,1.2681159420289856,1.3754696725711217,,,,,
38,50.13419216317767,37.734836285560924,0.24154589371980675,7.467793880837359,1.7310789049919484,1.1674718196457328,1.5230810520665594,,,,,
39,50.22141706924316,36.882716049382715,0.24154589371980675,7.37385936661299,2.408749329039184,1.2815351583467525,1.5901771336553945,,,,,
40,49.87251744498121,33.16559312936125,0.24154589371980675,8.917069243156199,5.139559849704777,1.1406333870101986,1.5230810520665594,,,,,
41,49.785292538915726,32.96430488459474,0.24154589371980675,9.265968867418144,5.139559849704777,1.0802469135802468,1.5230810520665594,,,,,
42,49.443102522812666,32.84353193773484,0.3488996242619431,9.655126140633387,5.199946323134729,1.0802469135802468,1.42914653784219,,,,,
43,49.27536231884058,32.82340311325819,0.3488996242619431,9.400161030595813,5.441492216854535,1.2815351583467525,1.42914653784219,,,,,
44,49.11433172302738,33.06494900697799,0.3488996242619431,9.386741814278047,5.374396135265701,1.2815351583467525,1.42914653784219,,,,,
45,42.32420826623725,42.639559849704774,0.24154589371980675,8.514492753623188,5.0993022007514766,0.24154589371980675,0.9393451422436929,,,,,
46,42.23698336017176,42.619431025228124,0.24154589371980675,8.675523349436393,5.0993022007514766,0.20128824476650564,0.9259259259259259,,,,,
47,39.99597423510467,38.33870101986044,0.24154589371980675,16.19699409554482,4.28743961352657,0.20128824476650564,0.7380568974771873,,,,,
48,39.90874932903918,37.92270531400966,0.630703166935051,16.31105743424584,4.28743961352657,0.20128824476650564,0.7380568974771873,,,,,
49,40.083199141170155,37.88915727321525,0.630703166935051,16.223832528180353,4.233762748255502,0.20128824476650564,0.7380568974771873,,,,,
50,39.72758990874933,38.036768652710684,0.8521202361782072,16.223832528180353,4.2203435319377345,0.20128824476650564,0.7380568974771873,,,,,
51,39.87520128824477,37.76838432635534,0.8521202361782072,16.13660762211487,4.1532474503489,0.47638217928073,0.7380568974771873,,,,,
52,38.37224906065486,38.22463768115942,1.1808910359634996,16.888083735909824,4.119699409554482,0.47638217928073,0.7380568974771873,,,,,
53,37.775093934514224,37.7012882447665,1.1808910359634996,16.82769726247987,5.300590445517981,0.47638217928073,0.7380568974771873,,,,,
54,37.82206119162641,37.30542136339238,1.1808910359634996,16.820987654320987,5.300590445517981,0.8319914117015567,0.7380568974771873,,,,,
55,37.39264626945786,38.02334943639291,1.0735373054213635,16.6129898013956,5.072463768115942,0.8252818035426731,0.9997316156736447,,,,,
56,37.13768115942029,37.88915727321525,1.0735373054213635,17.176596886741816,4.898013955984971,0.8252818035426731,0.9997316156736447,,,,,
57,36.594202898550726,38.28502415458937,1.3352120236178207,17.008856682769725,4.951690821256038,0.8252818035426731,0.9997316156736447,,,,,
58,36.81561996779388,37.92941492216855,1.3352120236178207,17.14975845410628,4.99194847020934,0.8051529790660226,0.9728931830381106,,,,,
59,36.97665056360709,37.80864197530864,1.3352120236178207,17.042404723564143,4.958400429414922,0.9057971014492754,0.9728931830381106,,,,,
60,36.78878153515835,37.204777241009126,1.3352120236178207,16.99543746645196,5.6964573268921095,0.8990874932903918,0.9728931830381106,0.10735373054213634,,,,
61,36.500268384326354,37.33225979602791,1.3352120236178207,17.04911433172303,5.763553408480945,0.9393451422436929,0.9728931830381106,0.10735373054213634,,,,
62,36.30568974771873,37.35909822866345,1.5163714439076759,17.03569511540526,5.763553408480945,0.9393451422436929,0.9728931830381106,0.10735373054213634,,,,
63,36.41304347826087,37.35909822866345,1.5163714439076759,16.820987654320987,5.870907139023081,0.9393451422436929,0.9728931830381106,0.10735373054213634,,,,
64,36.533816425120776,37.29200214707461,1.4895330112721417,16.659957058507782,5.870907139023081,0.9393451422436929,1.107085346215781,0.10735373054213634,,,,
65,36.600912506709605,37.124261943102525,1.4895330112721417,16.646537842190018,5.870907139023081,0.9057971014492754,1.2546967257112185,0.10735373054213634,,,,
66,36.70826623725174,36.782071926999464,1.4895330112721417,16.78743961352657,5.743424584004294,1.1272141706924315,1.2546967257112185,0.10735373054213634,,,,
67,36.75523349436393,36.36607622114869,1.7176596886741815,16.74718196457327,5.984970477724101,1.06682769726248,1.2546967257112185,0.10735373054213634,,,,
68,36.902844873859365,36.218464841653244,1.7176596886741815,16.6935050993022,5.911164787976382,1.06682769726248,1.3821792807300053,0.10735373054213634,,,,
69,37.02361782071927,36.07085346215781,1.7176596886741815,16.680085882984432,5.911164787976382,1.06682769726248,1.4224369296833066,0.10735373054213634,,,,
70,37.1309715512614,35.70182501341922,1.7176596886741815,16.6532474503489,6.199677938808374,1.06682769726248,1.4224369296833066,0.10735373054213634,,,,
71,36.600912506709605,34.58803005904455,1.7176596886741815,16.914922168545356,7.380568974771873,1.0399892646269457,1.6505636070853462,0.10735373054213634,,,,
72,36.292270531400966,33.87010198604401,1.9793344068706387,19.202898550724637,5.9447128287707995,1.0399892646269457,1.5633387010198605,0.10735373054213634,,,,
73,36.41304347826087,33.23268921095008,1.9122383252818036,18.71309715512614,7.065217391304348,1.1137949543746646,1.442565754159957,0.10735373054213634,,,,
74,36.111111111111114,32.6959205582394,1.9122383252818036,19.45115405260333,7.03166935050993,1.261406333870102,1.42914653784219,0.10735373054213634,,,,
75,36.090982286634464,32.789855072463766,1.9122383252818036,19.37734836285561,7.03166935050993,1.261406333870102,1.42914653784219,0.10735373054213634,,,,
76,36.111111111111114,32.25979602791197,2.636876006441224,19.162640901771336,7.03166935050993,1.261406333870102,1.42914653784219,0.10735373054213634,,,,
77,36.12453032742888,32.18599033816425,2.636876006441224,19.0552871712292,7.018250134192163,1.3486312399355878,1.5230810520665594,0.10735373054213634,,,,
78,36.111111111111114,32.22624798711755,2.9388083735909825,18.833870101986044,6.991411701556629,1.2681159420289856,1.5230810520665594,0.10735373054213634,,,,
79,33.964036500268385,36.65458937198068,2.9388083735909825,16.834406870638755,6.709608158883521,1.2681159420289856,1.5230810520665594,0.10735373054213634,,,,
80,33.97074610842727,36.64787976382179,2.9388083735909825,16.834406870638755,6.709608158883521,1.2681159420289856,1.5230810520665594,0.10735373054213634,,,,
81,33.762748255501876,36.77536231884058,2.9388083735909825,16.834406870638755,6.629092860976919,1.42914653784219,1.5230810520665594,0.10735373054213634,,,,
82,34.0378421900161,36.131239935587764,3.0730005367686526,16.794149221685455,6.575415995705851,1.7310789049919484,1.5499194847020934,0.10735373054213634,,,,
83,34.01771336553945,36.03730542136339,3.2742887815351582,16.70692431561997,6.575415995705851,1.7310789049919484,1.5499194847020934,0.10735373054213634,,,,
84,32.39398819108964,38.1105743424584,3.2742887815351582,16.445249597423512,6.454643048845948,1.6639828234031133,1.5499194847020934,0.10735373054213634,,,,
85,32.63553408480945,37.78180354267311,3.408480944712829,16.398282340311326,6.454643048845948,1.6639828234031133,1.5499194847020934,0.10735373054213634,,,,
86,31.38083735909823,39.45920558239399,3.260869565217391,16.27079978529254,6.246645195920558,1.7310789049919484,1.5432098765432098,0.10735373054213634,,,,
87,31.233225979602793,38.466183574879224,3.207192699946323,16.25738056897477,6.213097155126141,1.7310789049919484,2.7844873859366612,0.10735373054213634,,,,
88,31.320450885668276,38.28502415458937,3.3816425120772946,16.243961352657006,6.146001073537305,1.7310789049919484,2.7844873859366612,0.10735373054213634,,,,
89,31.5150295222759,38.16425120772947,3.3682232957595275,16.210413311862588,6.146001073537305,1.7042404723564144,2.7844873859366612,0.10735373054213634,,,,
90,31.64922168545357,38.05018786902845,3.5091250670960816,16.0829307568438,6.112453032742888,1.7042404723564144,2.7844873859366612,0.10735373054213634,,,,
91,31.528448738593667,37.875738056897475,3.4688674181427803,15.895061728395062,6.286902844873859,1.7914653784219001,3.046162104133119,0.10735373054213634,,,,
92,31.749865807836823,37.835480407944175,3.4420289855072466,15.787707997852925,6.1862587224906065,1.8451422436929683,3.046162104133119,0.10735373054213634,,,,
93,31.179549114331724,38.22463768115942,3.4286097691894795,15.774288781535159,6.1862587224906065,2.301395598497048,2.7979066022544283,0.10735373054213634,,,,
94,30.48174986580784,38.98282340311326,3.4286097691894795,15.754159957058508,6.146001073537305,2.301395598497048,2.7979066022544283,0.10735373054213634,,,,
95,30.609232420826622,38.93585614600107,3.3682232957595275,15.74074074074074,6.0587761674718195,2.301395598497048,2.7979066022544283,0.1878690284487386,,,,
96,30.656199677938808,38.7614063338701,3.1736446591519054,15.499194847020934,6.0587761674718195,2.4221685453569513,3.240740740740741,0.1878690284487386,,,,
97,30.629361245303276,38.65405260332797,3.0595813204508855,15.237520128824476,6.045356951154052,2.5563607085346214,3.629898013955985,0.1878690284487386,,,,
98,30.535426731078903,38.45276435856146,3.3011272141706924,15.163714439076758,6.038647342995169,2.5563607085346214,3.7640901771336552,0.1878690284487386,,,,
99,30.66290928609769,38.39237788513151,3.3011272141706924,14.97584541062802,6.031937734836285,2.6972624798711755,3.750670960815888,0.1878690284487386,,,,
100,30.810520665593128,38.38566827697262,3.3011272141706924,14.97584541062802,5.8239398819108965,2.6972624798711755,3.750670960815888,0.2549651100375738,,,,
101,30.803811057434245,37.90257648953301,3.3011272141706924,14.875201288244767,6.119162640901771,2.6972624798711755,3.844605475040258,0.4562533548040794,,,,
102,30.750134192163177,38.0300590445518,3.2004830917874396,14.828234031132581,6.025228126677402,2.6972624798711755,4.012345679012346,0.4562533548040794,,,,
103,30.609232420826622,37.86231884057971,3.2004830917874396,14.962426194310252,6.0587761674718195,2.6972624798711755,4.1532474503489,0.4562533548040794,,,,
104,30.609232420826622,37.285292538915726,3.193773483628556,15.807836822329575,6.0587761674718195,2.6167471819645733,3.9720880300590444,0.4562533548040794,,,,
105,30.495169082125603,37.23161567364466,3.193773483628556,16.009125067096083,5.9447128287707995,2.6167471819645733,3.9720880300590444,0.5367686527106817,,,,
106,30.253623188405797,36.71497584541063,3.140096618357488,15.975577026301664,6.9243156199677935,2.4892646269457863,3.965378421900161,0.5367686527106817,,,,
107,30.3743961352657,36.00375738056898,3.2139023081052067,15.814546430488459,6.884057971014493,2.4892646269457863,4.683306494900698,0.5367686527106817,,,,
108,28.428609769189478,33.08507783145464,2.4154589371980677,22.17525496511004,6.729736983360172,2.2208803005904456,4.26731078904992,0.6776704240472357,,,,
109,27.61003757380569,31.30703166935051,2.3617820719269993,25.140901771336555,6.66935050993022,2.2208803005904456,4.012345679012346,0.6776704240472357,,,,
110,26.38888888888889,32.078636607622116,2.677133655394525,24.16129898013956,6.528448738593666,3.6366076221148687,3.851315083199141,0.6776704240472357,,,,
111,26.92565754159957,31.904186795491142,2.677133655394525,23.906333870101985,6.515029522275899,3.5829307568438002,3.851315083199141,0.6374127750939346,,,,
112,26.717659688674182,32.085346215781,2.6704240472356413,23.61111111111111,6.447933440687064,3.683574879227053,3.824476650563607,0.9594739667203436,,,,
113,26.187600644122384,32.83682232957595,2.6704240472356413,23.58427267847558,6.139291465378422,3.515834675254965,3.8177670424047236,0.9594739667203436,0.2885131508319914,,,
114,25.758185721953836,32.23966720343532,2.657004830917874,23.470209339774556,7.112184648416532,3.7037037037037037,3.8177670424047236,0.95276435856146,0.2885131508319914,,,
115,25.77831454643049,32.23295759527644,2.8515834675254963,23.356146001073537,7.112184648416532,3.616478797638218,3.81105743424584,0.95276435856146,0.2885131508319914,,,
116,25.771604938271604,31.91760601180891,2.7442297369833604,23.409822866344605,7.226247987117552,3.616478797638218,3.9318303811057436,1.093666129898014,0.2885131508319914,,,
117,25.805152979066023,31.89747718733226,2.7442297369833604,23.362855609232422,7.226247987117552,3.603059581320451,3.9318303811057436,1.1406333870101986,0.2885131508319914,,,
118,26.127214170692433,31.582125603864736,2.3617820719269993,23.101180891035963,7.1658615136876005,4.200214707461084,4.072732152442297,1.1003757380568975,0.2885131508319914,,,
119,26.01315083199141,31.622383252818036,2.3617820719269993,23.14814814814815,7.058507783145465,4.361245303274289,4.045893719806763,1.1003757380568975,0.2885131508319914,,,
120,26.02657004830918,31.53515834675255,2.3617820719269993,23.141438539989263,7.058507783145465,4.38137412775094,4.106280193236715,1.1003757380568975,0.2885131508319914,,,
121,26.234567901234566,30.870907139023082,2.3617820719269993,23.66478797638218,6.870638754696726,4.38137412775094,4.106280193236715,1.221148684916801,0.2885131508319914,,,
122,26.29495437466452,30.783682232957595,2.3617820719269993,23.70504562533548,6.870638754696726,4.38137412775094,4.092860976918948,1.221148684916801,0.2885131508319914,,,
123,26.341921631776703,30.776972624798713,2.3617820719269993,23.691626409017715,6.863929146537842,4.38137412775094,4.072732152442297,1.221148684916801,0.2885131508319914,,,
124,26.382179280730007,30.414653784219002,2.341653247450349,23.778851315083198,7.085346215780999,4.374664519592056,4.1129898013955986,1.221148684916801,0.2885131508319914,,,
125,26.221148684916802,30.132850241545892,2.281266774020397,23.181696188942567,7.058507783145465,5.555555555555555,4.066022544283414,1.2144390767579174,0.2885131508319914,,,
126,25.37573805689748,30.233494363929147,2.281266774020397,24.362587224906065,7.011540526033279,5.233494363929147,3.9989264626945786,1.2144390767579174,0.2885131508319914,,,
127,25.543478260869566,30.08588298443371,2.281266774020397,24.248523886205046,7.011540526033279,5.233494363929147,3.992216854535695,1.3150831991411702,0.2885131508319914,,,
128,17.55233494363929,48.47691894793344,1.7042404723564144,19.370638754696724,5.736714975845411,4.186795491143317,2.1269457863660763,0.8454106280193237,,,,
129,17.008856682769725,48.8593666129898,1.8853998926462694,19.229736983360173,5.857487922705314,4.186795491143317,2.1269457863660763,0.8454106280193237,,,,
130,17.250402576489535,48.64465915190553,1.932367149758454,19.102254428341386,5.984970477724101,4.119699409554482,2.120236178207193,0.8454106280193237,,,,
131,17.257112184648417,48.48362855609233,2.086688137412775,19.102254428341386,5.984970477724101,4.119699409554482,2.120236178207193,0.8454106280193237,,,,
132,17.398013955984972,48.389694041867955,2.15378421900161,19.061996779388085,5.9514224369296835,4.079441760601181,2.120236178207193,0.8454106280193237,,,,
133,17.619431025228128,48.03408480944713,2.15378421900161,19.008319914117017,5.9514224369296835,4.079441760601181,2.408749329039184,0.7447665056360708,,,,
134,17.867686527106816,47.70531400966183,2.2208803005904456,19.155931293612454,5.83064949006978,4.193505099302201,2.38191089640365,0.644122383252818,,,,
135,17.921363392377884,47.41009125067096,2.2208803005904456,19.102254428341386,6.125872249060655,4.193505099302201,2.38191089640365,0.644122383252818,,,,
136,18.04213633923779,47.195383789586685,2.2208803005904456,19.0552871712292,6.3137412775093935,4.146537842190016,2.38191089640365,0.644122383252818,,,,
137,18.136070853462158,47.155126140633385,2.2208803005904456,19.068706387546968,6.280193236714976,4.126409017713366,2.368491680085883,0.644122383252818,,,,
138,18.317230273752013,46.85990338164251,2.2208803005904456,19.028448738593667,6.280193236714976,4.28743961352657,2.3617820719269993,0.644122383252818,,,,
139,18.35077831454643,46.69887278582931,2.3550724637681157,18.853998926462694,6.508319914117015,4.2270531400966185,2.3617820719269993,0.644122383252818,,,,
140,18.612453032742888,46.63848631239936,2.3550724637681157,18.733225979602793,6.481481481481482,4.200214707461084,2.3349436392914655,0.644122383252818,,,,
141,18.4447128287708,46.63177670424047,2.3550724637681157,19.41760601180891,6.374127750939345,3.643317230273752,2.4892646269457863,0.644122383252818,,,,
142,18.54535695115405,46.464036500268385,2.3550724637681157,19.290123456790123,6.273483628556092,3.784219001610306,2.4825550187869028,0.8051529790660226,,,,
143,18.780193236714975,46.041331186258724,2.6972624798711755,19.102254428341386,6.327160493827161,3.7775093934514223,2.4691358024691357,0.8051529790660226,,,,
144,18.71309715512614,46.175523349436396,2.6972624798711755,18.894256575415994,6.327160493827161,3.670155662909286,2.804616210413312,0.7179280730005367,,,,
145,18.78690284487386,46.11513687600644,2.6838432635534084,18.894256575415994,6.347289318303811,3.670155662909286,2.7844873859366612,0.7179280730005367,,,,
146,19.330381105743424,45.55823939881911,2.918679549114332,18.726516371443907,6.333870101986044,3.6366076221148687,2.7844873859366612,0.7112184648416533,,,,
147,19.43773483628556,45.36366076221149,2.918679549114332,18.947933440687063,6.246645195920558,3.589640365002684,2.7844873859366612,0.7112184648416533,,,,
148,19.49141170155663,45.04159957058508,3.099838969404187,18.99490069779925,6.286902844873859,3.589640365002684,2.7844873859366612,0.7112184648416533,,,,
149,19.64573268921095,44.867149758454104,3.2139023081052067,18.95464304884595,6.260064412238325,3.569511540526033,2.7777777777777777,0.7112184648416533,,,,
150,19.73966720343532,44.598765432098766,3.388352120236178,18.95464304884595,6.260064412238325,3.569511540526033,2.7777777777777777,0.7112184648416533,,,,
151,19.51154052603328,44.806763285024154,3.388352120236178,18.914385399892645,6.353998926462695,3.535963499731616,2.7777777777777777,0.7112184648416533,,,,
152,19.639023081052066,44.67257112184648,3.4621578099838968,18.86070853462158,6.340579710144928,3.535963499731616,2.7777777777777777,0.7112184648416533,,,,
153,19.612184648416534,44.639023081052066,3.4621578099838968,17.559044551798173,7.548309178743962,3.683574879227053,2.623456790123457,0.8722490606548577,,,,
154,19.558507783145465,42.975040257648956,5.179817498658078,17.559044551798173,7.548309178743962,3.683574879227053,2.623456790123457,0.8722490606548577,,,,
155,19.524959742351047,42.60601180891036,5.622651637144391,17.444981213097154,7.548309178743962,3.683574879227053,2.703972088030059,0.8655394524959742,,,,
156,19.585346215780998,42.58588298443371,5.622651637144391,17.404723564143854,7.548309178743962,3.683574879227053,2.703972088030059,0.8655394524959742,,,,
157,19.672571121846484,42.47852925389157,5.6964573268921095,17.20343531937735,7.763016639828234,3.683574879227053,2.636876006441224,0.8655394524959742,,,,
158,19.94766505636071,41.88137412775094,5.931293612453032,17.10950080515298,7.716049382716049,3.9586688137412773,2.589908749329039,0.8655394524959742,,,,
159,19.98792270531401,41.56602254428341,5.8172302737520125,16.861245303274288,7.669082125603865,4.253891572732153,2.9790660225442833,0.8655394524959742,,,,
160,19.223027375201287,40.81454643048846,5.736714975845411,18.69296833064949,7.347020933977456,4.233762748255502,3.0864197530864197,0.8655394524959742,,,,
161,19.484702093397747,40.633387010198604,5.6964573268921095,18.57890499194847,7.440955448201825,4.213633923778851,3.0864197530864197,0.8655394524959742,,,,
162,19.592055823939884,40.3918411164788,5.877616747181965,18.471551261406333,7.461084272678476,4.186795491143317,3.1535158346752548,0.8655394524959742,,,,
163,19.79334406870639,39.92216854535695,6.253354804079442,18.4044551798175,7.387278582930757,4.126409017713366,3.1535158346752548,0.9594739667203436,,,,
164,19.860440150295222,38.96269457863661,7.27992485238862,18.109232420826622,7.387278582930757,4.126409017713366,3.3145464304884595,0.9594739667203436,,,,
165,19.920826623725173,38.94927536231884,7.1658615136876005,18.109232420826622,7.340311325818572,4.126409017713366,3.3145464304884595,0.9594739667203436,0.11406333870101985,,,
166,19.81347289318304,38.83521202361782,7.380568974771873,18.203166935050994,7.340311325818572,4.05931293612453,3.294417606011809,0.9594739667203436,0.11406333870101985,,,
167,19.87385936661299,38.727858293075684,7.555018786902845,18.08239398819109,7.340311325818572,4.05931293612453,3.166935050993022,0.9393451422436929,0.11406333870101985,0.14090177133655393,,
168,20.00805152979066,38.43263553408481,7.769726247987117,18.06897477187332,7.340311325818572,4.03918411164788,3.1468062265163717,0.9393451422436929,0.11406333870101985,0.14090177133655393,,
169,20.249597423510465,38.08373590982286,7.863660762211487,18.055555555555557,7.14573268921095,4.274020397208803,3.1333870101986045,0.9393451422436929,0.11406333870101985,0.14090177133655393,,
170,20.605206655931294,37.473161567364464,8.232689210950081,18.095813204508858,7.03166935050993,4.233762748255502,3.1333870101986045,0.9393451422436929,0.11406333870101985,0.14090177133655393,,
171,20.457595276435857,36.9699409554482,8.433977455716587,18.38432635534085,7.03166935050993,4.233762748255502,3.3011272141706924,0.9326355340848095,0.11406333870101985,0.14090177133655393,,
172,20.605206655931294,36.95652173913044,8.407139023081053,18.364197530864196,6.944444444444445,4.233762748255502,3.3011272141706924,0.9326355340848095,0.11406333870101985,0.14090177133655393,,
173,20.779656468062264,36.40633387010199,8.32662372517445,18.129361245303276,7.675791733762749,4.233762748255502,3.260869565217391,0.9326355340848095,0.11406333870101985,0.14090177133655393,,
174,20.813204508856682,36.34594739667203,8.32662372517445,18.115942028985508,7.716049382716049,4.233762748255502,3.260869565217391,0.9326355340848095,0.11406333870101985,0.14090177133655393,,
175,20.82662372517445,36.131239935587764,8.413848631239935,18.109232420826622,7.836822329575953,4.233762748255502,3.260869565217391,0.9326355340848095,0.11406333870101985,0.14090177133655393,,
176,20.9272678475577,35.81588835212023,8.588298443370908,18.109232420826622,7.763016639828234,4.3478260869565215,3.260869565217391,0.9326355340848095,0.11406333870101985,0.14090177133655393,,
177,20.987654320987655,35.607890499194845,8.460815888352121,18.095813204508858,7.763016639828234,4.549114331723027,3.3145464304884595,0.9930220075147611,0.08722490606548577,0.14090177133655393,,
178,21.20907139023081,35.46698872785829,8.460815888352121,17.975040257648953,7.729468599033816,4.549114331723027,3.388352120236178,0.9930220075147611,0.08722490606548577,0.14090177133655393,,
179,21.35668276972625,35.38647342995169,8.420558239398819,17.954911433172303,7.709339774557166,4.549114331723027,3.388352120236178,1.0064412238325282,0.08722490606548577,0.14090177133655393,,
180,21.504294149221685,35.35292538915727,8.420558239398819,17.914653784219002,7.6556629092860975,4.656468062265164,3.260869565217391,1.0064412238325282,0.08722490606548577,0.14090177133655393,,
181,18.54535695115405,27.033011272141707,6.716317767042405,25.711218464841654,15.163714439076758,3.3548040794417604,2.059849704777241,1.1876006441223832,0.08722490606548577,0.14090177133655393,,
182,18.686258722490606,26.992753623188406,6.716317767042405,25.55689747718733,15.029522275899087,3.475577026301664,2.0128824476650564,1.1674718196457328,0.2214170692431562,0.14090177133655393,,
183,18.840579710144926,26.96591519055287,6.716317767042405,25.45625335480408,15.029522275899087,3.44873859366613,2.0128824476650564,1.1674718196457328,0.2214170692431562,0.14090177133655393,,
184,18.780193236714975,26.46940418679549,6.474771873322598,25.32206119162641,15.029522275899087,3.421900161030596,2.9723564143853998,1.1674718196457328,0.2214170692431562,0.14090177133655393,,
185,18.907675791733762,26.42914653784219,6.488191089640365,25.194578636607623,14.935587761674718,3.488996242619431,2.8784219001610305,1.1674718196457328,0.36902844873859364,0.14090177133655393,,
186,19.176060118089104,26.42914653784219,6.454643048845948,24.9597423510467,14.949006977992486,3.488996242619431,2.8650026838432634,1.1674718196457328,0.36902844873859364,0.14090177133655393,,
187,19.41760601180891,26.308373590982285,6.4412238325281805,24.859098228663445,14.949006977992486,3.455448201825013,2.8650026838432634,1.1943102522812667,0.36902844873859364,0.14090177133655393,,
188,19.43102522812668,25.99302200751476,6.575415995705851,24.9597423510467,15.022812667740205,3.455448201825013,2.8650026838432634,1.1876006441223832,0.36902844873859364,0.14090177133655393,,
189,19.028448738593667,25.6105743424584,6.796833064949007,25.831991411701555,14.74771873322598,3.549382716049383,2.8381642512077296,1.1272141706924315,0.32877079978529256,0.14090177133655393,,
190,19.243156199677937,25.40257648953301,6.890767579173376,25.59044551798175,14.714170692431562,3.7238325281803544,2.8381642512077296,1.1272141706924315,0.32877079978529256,0.14090177133655393,,
191,19.45115405260333,25.39586688137413,6.850509930220075,25.45625335480408,14.700751476113794,3.7238325281803544,2.8247450348899625,1.1272141706924315,0.32877079978529256,0.14090177133655393,,
192,19.57192699946323,25.268384326355342,6.971282877079979,25.38244766505636,14.680622651637144,3.7037037037037037,2.8247450348899625,1.1272141706924315,0.32877079978529256,0.14090177133655393,,
193,19.97450348899624,25.006709608158882,7.219538378958669,25.181159420289855,14.439076757917338,3.7037037037037037,2.8784219001610305,1.1272141706924315,0.32877079978529256,0.14090177133655393,,
194,20.148953301127214,24.771873322597962,7.434245840042942,25.087224906065487,14.38539989264627,3.7037037037037037,2.871712292002147,1.1272141706924315,0.32877079978529256,0.14090177133655393,,
195,20.182501341921633,24.651100375738057,7.353730542136339,25.087224906065487,14.338432635534085,3.7909286097691894,2.844873859366613,1.1272141706924315,0.4830917874396135,0.14090177133655393,,
196,20.209339774557165,24.610842726784757,7.286634460547504,24.838969404186795,14.338432635534085,3.864734299516908,2.844873859366613,1.3821792807300053,0.4830917874396135,0.14090177133655393,,
197,20.303274288781534,24.422973698336016,7.601986044015029,24.671229200214707,14.31159420289855,3.864734299516908,2.818035426731079,1.3821792807300053,0.4830917874396135,0.14090177133655393,,
198,20.40391841116479,24.416264090177133,7.575147611379496,24.52361782071927,14.31159420289855,3.864734299516908,2.804616210413312,1.4761137949543746,0.4830917874396135,0.14090177133655393,,
199,20.39049919484702,24.134460547504027,7.675791733762749,25.13419216317767,14.009661835748792,3.750670960815888,2.804616210413312,1.4761137949543746,0.4830917874396135,0.14090177133655393,,
200,20.551529790660226,24.040526033279658,7.64224369296833,25.087224906065487,13.982823403113258,3.7909286097691894,2.804616210413312,1.4761137949543746,0.4830917874396135,0.14090177133655393,,
201,20.28985507246377,23.8191089640365,7.87037037037037,25.234836285560924,13.761406333870102,3.92512077294686,2.804616210413312,1.6706924315619969,0.4830917874396135,0.14090177133655393,,
202,20.43075684380032,23.79898013955985,7.863660762211487,24.88593666129898,13.6808910359635,3.92512077294686,2.804616210413312,1.9860440150295222,0.4830917874396135,0.14090177133655393,,
203,20.611916264090176,23.785560923242084,7.863660762211487,24.778582930756844,13.620504562533547,3.92512077294686,2.804616210413312,1.9860440150295222,0.4830917874396135,0.14090177133655393,,
204,21.07487922705314,23.450080515297905,7.863660762211487,23.899624261943103,12.942834138486312,4.025764895330113,3.9855072463768115,1.9860440150295222,0.630703166935051,0.14090177133655393,,
205,21.195652173913043,23.349436392914654,7.6623725174449815,23.785560923242084,12.929414922168545,4.334406870638754,3.9855072463768115,1.9860440150295222,0.630703166935051,0.14090177133655393,,
206,21.24932903918411,23.336017176596886,7.6623725174449815,23.785560923242084,12.902576489533011,4.320987654320987,3.9855072463768115,1.9860440150295222,0.630703166935051,0.14090177133655393,,
207,21.571390230810522,23.18840579710145,7.601986044015029,23.349436392914654,12.93612453032743,4.314278046162104,3.9720880300590444,2.2946859903381642,0.630703166935051,0.14090177133655393,,
208,21.598228663446054,23.040794417606012,7.481213097155126,23.329307568438004,12.922705314009661,4.42163177670424,4.139828234031133,2.2946859903381642,0.630703166935051,0.14090177133655393,,
209,21.886741814278047,22.940150295222757,7.353730542136339,23.329307568438004,12.962962962962964,4.294149221685454,4.1129898013955986,2.3617820719269993,0.6172839506172839,0.14090177133655393,,
210,21.967257112184647,22.832796564680624,7.353730542136339,23.10789049919485,12.86231884057971,4.542404723564144,4.139828234031133,2.341653247450349,0.6172839506172839,0.14090177133655393,0.0939345142243693,
211,22.074610842726784,22.785829307568438,7.4006977992485234,22.86634460547504,12.808641975308642,4.542404723564144,4.327697262479871,2.341653247450349,0.6172839506172839,0.14090177133655393,0.0939345142243693,
212,22.269189479334408,22.65834675254965,7.152442297369833,22.69860440150295,12.761674718196458,4.683306494900698,4.669887278582931,2.254428341384863,0.6172839506172839,0.14090177133655393,0.0939345142243693,
213,22.309447128287708,22.477187332259795,7.333601717659689,22.69189479334407,12.76838432635534,4.683306494900698,4.62962962962963,2.254428341384863,0.6172839506172839,0.14090177133655393,0.0939345142243693,
214,22.7187332259796,22.309447128287708,7.326892109500805,22.52415458937198,12.76838432635534,4.636339237788513,4.62962962962963,2.2342995169082127,0.6172839506172839,0.14090177133655393,0.0939345142243693,
215,22.819377348362856,22.24235104669887,7.25979602791197,22.470477724100913,12.661030595813205,4.616210413311863,4.62962962962963,2.462426194310252,0.6038647342995169,0.14090177133655393,0.0939345142243693,
216,22.852925389157274,22.074610842726784,7.253086419753086,22.33628556092324,12.600644122383253,4.830917874396135,4.750402576489533,2.462426194310252,0.6038647342995169,0.14090177133655393,0.0939345142243693,
217,23.007246376811594,21.960547504025765,7.253086419753086,22.463768115942027,12.473161567364466,4.824208266237251,4.750402576489533,2.428878153515835,0.6038647342995169,0.14090177133655393,0.0939345142243693,
218,23.047504025764894,21.792807300053678,7.253086419753086,22.41009125067096,12.681159420289855,4.810789049919484,4.750402576489533,2.4154589371980677,0.6038647342995169,0.14090177133655393,0.0939345142243693,
219,23.161567364465917,21.752549651100377,7.239667203435319,22.363123993558776,12.681159420289855,4.810789049919484,4.736983360171766,2.4154589371980677,0.6038647342995169,0.14090177133655393,0.0939345142243693,
220,23.47691894793344,21.537842190016104,6.957863660762212,22.208803005904453,12.681159420289855,5.072463768115942,4.736983360171766,2.4892646269457863,0.6038647342995169,0.14090177133655393,0.0939345142243693,
221,23.51046698872786,21.537842190016104,6.957863660762212,22.208803005904453,12.647611379495437,5.072463768115942,4.736983360171766,2.4892646269457863,0.6038647342995169,0.14090177133655393,0.0939345142243693,
222,24.020397208803004,21.35668276972625,7.03166935050993,22.014224369296834,12.47987117552335,5.045625335480408,4.723564143853999,2.4892646269457863,0.6038647342995169,0.14090177133655393,0.0939345142243693,
223,24.040526033279658,21.309715512614062,6.749865807836822,21.786097691894792,12.466451959205582,5.045625335480408,5.273752012882448,2.4892646269457863,0.6038647342995169,0.14090177133655393,0.0939345142243693,
224,24.241814278046164,21.16881374127751,6.6827697262479875,21.732420826623724,12.466451959205582,5.10601180891036,5.273752012882448,2.4892646269457863,0.6038647342995169,0.14090177133655393,0.0939345142243693,
225,24.268652710681696,21.115136876006442,6.6760601180891035,21.67874396135266,12.667740203972087,5.018786902844874,5.273752012882448,2.4892646269457863,0.5770263016639828,0.14090177133655393,0.0939345142243693,
226,24.44310252281267,20.913848631239937,6.702898550724638,21.973966720343533,12.627482555018787,4.918142780461621,5.12614063338701,2.4825550187869028,0.5770263016639828,0.14090177133655393,0.0939345142243693,
227,24.691358024691358,20.8064949006978,6.696188942565755,21.692163177670423,12.70799785292539,4.7638217928073,5.12614063338701,2.717391304347826,0.5636070853462157,0.14090177133655393,0.0939345142243693,
228,24.711486849168008,20.779656468062264,6.696188942565755,21.544551798174986,12.661030595813205,5.038915727321524,5.065754159957058,2.717391304347826,0.5501878690284487,0.14090177133655393,0.0939345142243693,
229,24.704777241009126,20.69243156199678,6.635802469135802,21.537842190016104,12.473161567364466,5.038915727321524,5.186527106816962,2.945517981749866,0.5501878690284487,0.14090177133655393,0.0939345142243693,
230,24.731615673644658,20.685721953837895,6.776704240472356,21.39694041867955,12.473161567364466,5.038915727321524,5.186527106816962,2.9253891572732154,0.5501878690284487,0.14090177133655393,0.0939345142243693,
231,24.97987117552335,20.638754696725712,6.66935050993022,21.349973161567366,12.164519592055823,5.038915727321524,5.179817498658078,2.9253891572732154,0.8185721953837896,0.14090177133655393,0.0939345142243693,
232,24.932903918411164,20.611916264090176,6.729736983360172,21.38352120236178,12.016908212560386,5.166398282340311,5.179817498658078,2.9253891572732154,0.8185721953837896,0.14090177133655393,0.0939345142243693,
233,24.90606548577563,20.471014492753625,6.78341384863124,21.524422973698336,12.00348899624262,5.22007514761138,5.152979066022544,2.898550724637681,0.8051529790660226,0.14090177133655393,0.0939345142243693,
234,24.758454106280194,20.1959205582394,6.6760601180891035,21.309715512614062,11.963231347289318,6.005099302200751,5.152979066022544,2.898550724637681,0.8051529790660226,0.14090177133655393,0.0939345142243693,
235,24.86580783682233,20.162372517444982,6.6760601180891035,21.121846484165324,11.963231347289318,6.005099302200751,5.152979066022544,3.012614063338701,0.8051529790660226,0.14090177133655393,0.0939345142243693,
236,24.778582930756844,20.081857219538378,6.6760601180891035,21.336553945249598,11.882716049382717,6.0587761674718195,5.132850241545894,3.012614063338701,0.8051529790660226,0.14090177133655393,0.0939345142243693,
237,24.12104133118626,21.14868491680086,6.6760601180891035,20.8467525496511,11.855877616747183,6.0587761674718195,5.092592592592593,3.1602254428341383,0.8051529790660226,0.14090177133655393,0.0939345142243693,
238,24.228395061728396,21.021202361782073,6.662640901771336,21.101717659688674,11.855877616747183,5.864197530864198,5.092592592592593,3.1333870101986045,0.8051529790660226,0.14090177133655393,0.0939345142243693,
239,24.268652710681696,20.913848631239937,6.749865807836822,20.92055823939882,11.855877616747183,5.864197530864198,5.199946323134729,3.1870638754696725,0.8051529790660226,0.14090177133655393,0.0939345142243693,
240,23.738593666129898,20.632045088566827,6.749865807836822,21.87332259796028,11.829039184111648,5.750134192163178,5.199946323134729,3.1870638754696725,0.8051529790660226,0.14090177133655393,0.0939345142243693,
241,23.96672034353194,20.632045088566827,6.749865807836822,21.73913043478261,11.802200751476114,5.750134192163178,5.132850241545894,3.1870638754696725,0.8051529790660226,0.14090177133655393,0.0939345142243693,
242,24.154589371980677,20.517981749865807,6.749865807836822,21.591519055287172,11.83574879227053,5.736714975845411,5.132850241545894,3.260869565217391,0.785024154589372,0.14090177133655393,0.0939345142243693,
243,24.295491143317232,20.39049919484702,6.749865807836822,21.564680622651636,11.802200751476114,5.6964573268921095,5.22007514761138,3.260869565217391,0.785024154589372,0.14090177133655393,0.0939345142243693,
