,45,50,55,51,52,53,54,56,57,60,59,58
0,94.02173913043478,5.978260869565218,,,,,,,,,,
1,90.73403113258186,9.265968867418144,,,,,,,,,,
2,89.92887815351584,10.071121846484166,,,,,,,,,,
3,89.63365539452496,10.299248523886206,0.06709608158883522,,,,,,,,,
4,89.64036500268384,10.292538915727322,0.06709608158883522,,,,,,,,,
5,81.86392914653784,18.06897477187332,0.06709608158883522,,,,,,,,,
6,80.9447128287708,18.907675791733762,0.06709608158883522,0.08051529790660225,,,,,,,,
7,76.83843263553409,22.933440687063875,0.14761137949543746,0.08051529790660225,,,,,,,,
8,76.55662909286097,23.21524422973698,0.14761137949543746,0.08051529790660225,,,,,,,,
9,76.10708534621578,22.859634997316157,0.14761137949543746,0.08051529790660225,0.8051529790660226,,,,,,,
10,75.25496511003757,23.711755233494365,0.14761137949543746,0.08051529790660225,0.8051529790660226,,,,,,,
11,74.9194847020934,23.74530327428878,0.14761137949543746,0.08051529790660225,1.107085346215781,,,,,,,
12,74.29549114331724,23.859366612989803,0.14761137949543746,0.08051529790660225,1.6170155662909287,,,,,,,
13,72.1484165324745,26.006441223832528,0.14761137949543746,0.08051529790660225,1.6170155662909287,,,,,,,
14,71.30300590445518,26.85185185185185,0.14761137949543746,0.08051529790660225,1.6170155662909287,,,,,,,
15,71.0480407944176,27.026301663982824,0.14761137949543746,0.08051529790660225,1.6975308641975309,,,,,,,
16,70.93397745571659,26.81159420289855,0.14761137949543746,0.08051529790660225,1.6975308641975309,0.1878690284487386,0.14090177133655393,,,,,
17,70.17579173376275,27.569779924852387,0.14761137949543746,0.08051529790660225,1.6975308641975309,0.1878690284487386,0.14090177133655393,,,,,
18,69.86044015029522,26.67740203972088,0.14761137949543746,0.36231884057971014,1.5432098765432098,1.2412775093934514,0.16774020397208803,,,,,
19,69.87385936661299,26.549919484702095,0.23483628556092323,0.36231884057971014,1.570048309178744,1.2412775093934514,0.16774020397208803,,,,,
20,69.0150295222759,25.449543746645197,0.23483628556092323,2.3550724637681157,1.5365002683843263,1.2412775093934514,0.16774020397208803,,,,,
21,68.92109500805152,25.543478260869566,0.23483628556092323,2.3550724637681157,1.5365002683843263,1.2412775093934514,0.16774020397208803,,,,,
22,68.88754696725711,25.583735909822867,0.23483628556092323,2.3483628556092326,1.5365002683843263,1.2412775093934514,0.16774020397208803,,,,,
23,68.29710144927536,26.08695652173913,0.322061191626409,2.3483628556092326,1.5365002683843263,1.2412775093934514,0.16774020397208803,,,,,
24,68.25013419216317,26.160762211486848,0.322061191626409,2.3483628556092326,1.4090177133655395,1.3888888888888888,0.12077294685990338,,,,,
25,68.08910359634997,26.31508319914117,0.322061191626409,2.3483628556092326,1.4492753623188406,1.3620504562533549,0.11406333870101985,,,,,
26,67.39801395598496,26.932367149758456,0.322061191626409,2.4221685453569513,1.4492753623188406,1.3620504562533549,0.11406333870101985,,,,,
27,67.31078904991948,26.972624798711756,0.322061191626409,2.4221685453569513,1.4492753623188406,1.3620504562533549,0.1610305958132045,,,,,
28,67.28395061728395,26.8719806763285,0.322061191626409,2.462426194310252,1.4492753623188406,1.4492753623188406,0.1610305958132045,,,,,
29,66.46537842190016,27.006172839506174,0.322061191626409,3.066290928609769,1.4492753623188406,1.4492753623188406,0.24154589371980675,,,,,
30,65.7139023081052,27.36849168008588,0.3757380568974772,3.4017713365539453,1.4492753623188406,1.4492753623188406,0.24154589371980675,,,,,
31,64.6202361782072,28.462157809983896,0.3757380568974772,3.4017713365539453,1.4492753623188406,1.4492753623188406,0.24154589371980675,,,,,
32,62.39264626945786,25.905797101449274,0.2952227589908749,7.883789586688137,1.4492753623188406,1.4492753623188406,0.6239935587761675,,,,,
33,61.94981213097155,26.281535158346752,0.2952227589908749,7.87037037037037,1.5297906602254427,1.4492753623188406,0.6239935587761675,,,,,
34,52.03301127214171,36.178207192699944,0.2952227589908749,7.7831454643048845,1.5297906602254427,1.3352120236178207,0.8454106280193237,,,,,
35,51.939076757917334,35.97691894793344,0.2952227589908749,7.7831454643048845,1.6438539989264627,1.2681159420289856,1.093666129898014,,,,,
36,51.51637144390767,35.95679012345679,0.2952227589908749,7.977724100912507,1.8988191089640365,1.2681159420289856,1.0869565217391304,,,,,
37,51.04669887278583,36.151368760064415,0.2952227589908749,7.96430488459474,1.8988191089640365,1.2681159420289856,1.3754696725711217,,,,,
38,49.651100375738054,38.177670424047236,0.2952227589908749,7.467793880837359,1.7310789049919484,1.1674718196457328,1.5096618357487923,,,,,
39,49.73832528180354,37.32555018786903,0.2952227589908749,7.37385936661299,2.408749329039184,1.2815351583467525,1.5767579173376274,,,,,
40,49.31561996779388,33.61513687600644,0.2952227589908749,8.917069243156199,5.139559849704777,1.2077294685990339,1.5096618357487923,,,,,
41,49.22839506172839,33.41384863123994,0.2952227589908749,9.265968867418144,5.139559849704777,1.1473429951690821,1.5096618357487923,,,,,
42,48.792270531400966,33.293075684380035,0.4025764895330113,9.655126140633387,5.199946323134729,1.2412775093934514,1.415727321524423,,,,,
43,48.62453032742888,33.272946859903385,0.4025764895330113,9.400161030595813,5.441492216854535,1.442565754159957,1.415727321524423,,,,,
44,48.409822866344605,33.49436392914654,0.4025764895330113,9.386741814278047,5.374396135265701,1.442565754159957,1.4895330112721417,,,,,
45,41.47879763821793,43.02871712292002,0.35560923242082665,8.635265700483092,5.0993022007514766,0.4025764895330113,0.9997316156736447,,,,,
46,41.438539989264626,42.96833064949007,0.35560923242082665,8.789586688137414,5.0993022007514766,0.36231884057971014,0.9863123993558777,,,,,
47,39.2914653784219,38.486312399355874,0.35560923242082665,16.31105743424584,4.28743961352657,0.36231884057971014,0.798443370907139,0.10735373054213634,,,,
48,39.20424047235642,38.0703166935051,0.7447665056360708,16.42512077294686,4.28743961352657,0.36231884057971014,0.798443370907139,0.10735373054213634,,,,
49,39.378690284487384,38.036768652710684,0.7447665056360708,16.337895866881375,4.233762748255502,0.36231884057971014,0.798443370907139,0.10735373054213634,,,,
50,38.98282340311326,38.18438003220612,0.966183574879227,16.337895866881375,4.2203435319377345,0.4025764895330113,0.798443370907139,0.10735373054213634,,,,
51,39.130434782608695,37.915995705850776,0.966183574879227,16.25067096081589,4.1532474503489,0.6776704240472357,0.798443370907139,0.10735373054213634,,,,
52,37.61406333870102,38.38566827697262,1.2949543746645196,17.002147074610843,4.119699409554482,0.6776704240472357,0.798443370907139,0.10735373054213634,,,,
53,37.03703703703704,37.84219001610306,1.2949543746645196,16.941760601180892,5.300590445517981,0.6776704240472357,0.798443370907139,0.10735373054213634,,,,
54,37.09742351046699,37.432903918411164,1.2949543746645196,16.935050993022006,5.300590445517981,1.0332796564680622,0.798443370907139,0.10735373054213634,,,,
55,36.56736446591519,38.117283950617285,1.1876006441223832,16.72705314009662,5.072463768115942,1.0265700483091786,1.1943102522812667,0.10735373054213634,,,,
56,36.32581857219538,37.96967257112185,1.1876006441223832,17.290660225442835,4.898013955984971,1.0265700483091786,1.1943102522812667,0.10735373054213634,,,,
57,35.80246913580247,38.36553945249597,1.4492753623188406,17.102791196994094,4.951690821256038,1.0265700483091786,1.1943102522812667,0.10735373054213634,,,,
58,35.72195383789587,38.00993022007515,1.4090177133655395,17.24369296833065,4.99194847020934,1.0064412238325282,1.5096618357487923,0.10735373054213634,,,,
59,35.77563070316693,37.996511003757384,1.4090177133655395,17.136339237788512,4.958400429414922,1.107085346215781,1.5096618357487923,0.10735373054213634,,,,
60,35.59447128287708,37.38593666129898,1.4090177133655395,17.08937198067633,5.6964573268921095,1.1003757380568975,1.5096618357487923,0.2147074610842727,,,,
61,35.34621578099839,37.5,1.4090177133655395,17.143048845947398,5.763553408480945,1.1406333870101986,1.482823403113258,0.2147074610842727,,,,
62,35.15163714439077,37.526838432635536,1.5901771336553945,17.12962962962963,5.763553408480945,1.1406333870101986,1.482823403113258,0.2147074610842727,,,,
63,35.258990874932906,37.526838432635536,1.5901771336553945,16.914922168545356,5.870907139023081,1.1406333870101986,1.482823403113258,0.2147074610842727,,,,
64,35.225442834138484,37.4597423510467,1.7176596886741815,16.75389157273215,5.870907139023081,1.1406333870101986,1.6170155662909287,0.2147074610842727,,,,
65,35.29253891572732,37.29200214707461,1.7176596886741815,16.740472356414386,5.870907139023081,1.107085346215781,1.7646269457863661,0.2147074610842727,,,,
66,35.27241009125067,36.963231347289316,1.8317230273752012,16.881374127750938,5.743424584004294,1.328502415458937,1.7646269457863661,0.2147074610842727,,,,
67,35.23215244229737,36.54723564143854,2.147074610842727,16.841116478797638,5.984970477724101,1.2681159420289856,1.7646269457863661,0.2147074610842727,,,,
68,35.37976382179281,36.3996242619431,2.147074610842727,16.78743961352657,5.911164787976382,1.2681159420289856,1.892109500805153,0.2147074610842727,,,,
69,35.38647342995169,36.36607622114869,2.147074610842727,16.774020397208805,5.911164787976382,1.2681159420289856,1.932367149758454,0.2147074610842727,,,,
70,35.44685990338164,35.99704777241009,2.147074610842727,16.74718196457327,6.199677938808374,1.2681159420289856,1.9793344068706387,0.2147074610842727,,,,
71,35.07112184648417,34.896672034353195,2.147074610842727,17.008856682769725,7.380568974771873,1.1808910359634996,2.2074610842726785,0.10735373054213634,,,,
72,34.56119162640902,34.35990338164251,2.408749329039184,19.316961889425656,5.9447128287707995,1.1808910359634996,2.120236178207193,0.10735373054213634,,,,
73,34.72222222222222,33.722490606548575,2.301395598497048,18.82716049382716,7.065217391304348,1.2546967257112185,1.9994632313472893,0.10735373054213634,,,,
74,34.42028985507246,33.1857219538379,2.301395598497048,19.565217391304348,7.03166935050993,1.402308105206656,1.9860440150295222,0.10735373054213634,,,,
75,34.09151905528717,33.25952764358561,2.301395598497048,19.753086419753085,7.03166935050993,1.402308105206656,1.9860440150295222,0.17444981213097155,,,,
76,34.064680622651636,32.776435856146,3.026033279656468,19.538378958668815,7.03166935050993,1.402308105206656,1.9860440150295222,0.17444981213097155,,,,
77,34.07809983896941,32.70263016639828,3.026033279656468,19.43102522812668,7.018250134192163,1.4895330112721417,2.0799785292538915,0.17444981213097155,,,,
78,34.084809447128286,32.729468599033815,3.321256038647343,19.209608158883523,6.991411701556629,1.4090177133655395,2.0799785292538915,0.17444981213097155,,,,
79,32.19269994632314,37.144390767579175,3.321256038647343,16.99543746645196,6.709608158883521,1.3821792807300053,2.0799785292538915,0.17444981213097155,,,,
80,32.18599033816425,37.151100375738054,3.321256038647343,16.99543746645196,6.709608158883521,1.3821792807300053,2.0799785292538915,0.17444981213097155,,,,
81,31.97799248523886,37.27858293075684,3.321256038647343,16.99543746645196,6.629092860976919,1.5432098765432098,2.0799785292538915,0.17444981213097155,,,,
82,32.23966720343532,36.63446054750403,3.455448201825013,16.968599033816425,6.575415995705851,1.8451422436929683,2.1068169618894257,0.17444981213097155,,,,
83,32.2463768115942,36.52710681696189,3.643317230273752,16.881374127750938,6.575415995705851,1.8451422436929683,2.1068169618894257,0.17444981213097155,,,,
84,30.60252281266774,38.64734299516908,3.643317230273752,16.59286097691895,6.454643048845948,1.778046162104133,2.1068169618894257,0.17444981213097155,,,,
85,30.730005367686527,38.31857219538379,3.8915727321524423,16.545893719806763,6.454643048845948,1.778046162104133,2.1068169618894257,0.17444981213097155,,,,
86,29.300858829844337,39.99597423510467,3.9184111647879765,16.418411164787976,6.246645195920558,1.8451422436929683,2.100107353730542,0.17444981213097155,,,,
87,29.05931293612453,39.00295222758991,3.9452495974235107,16.404991948470208,6.213097155126141,1.8451422436929683,3.3548040794417604,0.17444981213097155,,,,
88,29.146537842190018,38.821792807300056,4.119699409554482,16.391572732152444,6.146001073537305,1.8451422436929683,3.3548040794417604,0.17444981213097155,,,,
89,29.414922168545356,38.70101986044015,4.106280193236715,16.358024691358025,6.146001073537305,1.8183038110574343,3.280998389694042,0.17444981213097155,,,,
90,29.54911433172303,38.58695652173913,4.247181964573269,16.23054213633924,6.112453032742888,1.8183038110574343,3.280998389694042,0.17444981213097155,,,,
91,29.428341384863124,38.41250670960816,4.206924315619967,16.0426731078905,6.286902844873859,1.90552871712292,3.5426731078904994,0.17444981213097155,,,,
92,29.663177670424048,38.35882984433709,4.180085882984434,15.935319377348362,6.1862587224906065,1.9592055823939882,3.5426731078904994,0.17444981213097155,,,,
93,29.07944176060118,38.747987117552334,4.166666666666667,15.921900161030596,6.199677938808374,2.4154589371980677,3.294417606011809,0.17444981213097155,,,,
94,28.381642512077295,39.50617283950617,4.166666666666667,15.901771336553946,6.159420289855072,2.4154589371980677,3.294417606011809,0.17444981213097155,,,,
95,28.529253891572733,39.439076757917334,4.106280193236715,15.888352120236178,6.072195383789587,2.4154589371980677,3.294417606011809,0.2549651100375738,,,,
96,28.569511540526033,39.27133655394525,3.911701556629093,15.646806226516372,6.072195383789587,2.536231884057971,3.7372517444981215,0.2549651100375738,,,,
97,28.488996242619432,39.16398282340311,3.797638217928073,15.385131508319914,6.0587761674718195,2.6704240472356413,4.180085882984434,0.2549651100375738,,,,
98,28.421900161030596,38.93585614600107,4.03918411164788,15.311325818572195,6.052066559312936,2.6704240472356413,4.314278046162104,0.2549651100375738,,,,
99,28.549382716049383,38.87546967257112,4.03918411164788,15.123456790123457,6.045356951154052,2.8113258185721954,4.300858829844337,0.2549651100375738,,,,
100,28.576221148684915,38.868760064412236,4.03918411164788,15.123456790123457,5.837359098228664,2.8113258185721954,4.300858829844337,0.322061191626409,0.12077294685990338,,,
101,28.569511540526033,38.38566827697262,4.03918411164788,15.022812667740205,6.132581857219538,2.8113258185721954,4.394793344068707,0.5233494363929146,0.12077294685990338,,,
102,28.522544283413847,38.506441223832525,3.938539989264627,14.97584541062802,6.038647342995169,2.8113258185721954,4.562533548040794,0.5233494363929146,0.12077294685990338,,,
103,28.401771336553946,38.31857219538379,3.938539989264627,15.11003757380569,6.072195383789587,2.8113258185721954,4.703435319377348,0.5233494363929146,0.12077294685990338,,,
104,28.287707997852927,37.734836285560924,3.9989264626945786,16.009125067096083,6.072195383789587,2.7308105206655933,4.522275899087493,0.5233494363929146,0.12077294685990338,,,
105,28.193773483628558,37.67444981213097,3.9989264626945786,16.210413311862588,5.9514224369296835,2.7308105206655933,4.51556629092861,0.6038647342995169,0.12077294685990338,,,
106,27.911969940955448,37.15780998389694,3.9855072463768115,16.17686527106817,6.9310252281266775,2.6033279656468062,4.508856682769726,0.6038647342995169,0.12077294685990338,,,
107,28.039452495974235,36.44659151905529,4.05931293612453,16.015834675254965,6.890767579173376,2.5966183574879227,5.226784755770263,0.6038647342995169,0.12077294685990338,,,
108,26.536500268384327,33.55475040257649,3.166935050993022,22.376543209876544,6.736446591519055,2.328234031132582,4.435050993022007,0.7447665056360708,0.12077294685990338,,,
109,25.831991411701555,31.776704240472355,3.099838969404187,25.34219001610306,6.6760601180891035,2.328234031132582,4.106280193236715,0.7447665056360708,0.0939345142243693,,,
110,24.651100375738057,32.52147074610843,3.4151905528717124,24.355877616747183,6.535158346752549,3.743961352657005,3.938539989264627,0.7447665056360708,0.0939345142243693,,,
111,24.88593666129898,32.347020933977454,3.4151905528717124,24.10091250670961,6.521739130434782,3.6902844873859366,3.938539989264627,1.0064412238325282,0.0939345142243693,,,
112,24.711486849168008,32.52818035426731,3.408480944712829,23.805689747718734,6.454643048845948,3.7909286097691894,3.911701556629093,1.2949543746645196,0.0939345142243693,,,
113,24.074074074074073,33.279656468062264,3.408480944712829,23.778851315083198,6.146001073537305,3.6231884057971016,4.012345679012346,1.2949543746645196,0.3824476650563607,,,
114,23.678207192699947,32.66237251744498,3.3480944712828773,23.812399355877616,7.118894256575416,3.81105743424584,4.012345679012346,1.1741814278046163,0.3824476650563607,,,
115,23.698336017176597,32.6556629092861,3.5426731078904994,23.698336017176597,7.118894256575416,3.7238325281803544,4.005636070853462,1.1741814278046163,0.3824476650563607,,,
116,23.691626409017715,32.340311325818575,3.435319377348363,23.752012882447666,7.232957595276436,3.7238325281803544,4.126409017713366,1.3150831991411702,0.3824476650563607,,,
117,23.72517444981213,32.32018250134192,3.435319377348363,23.70504562533548,7.232957595276436,3.7104133118625873,4.126409017713366,1.3620504562533549,0.3824476650563607,,,
118,23.778851315083198,32.00483091787439,3.052871712292002,23.443370907139023,7.1725711218464845,4.30756843800322,4.53569511540526,1.3217928073000538,0.3824476650563607,,,
119,23.678207192699947,32.03166935050993,3.052871712292002,23.49033816425121,7.065217391304348,4.468599033816425,4.508856682769726,1.3217928073000538,0.3824476650563607,,,
120,23.691626409017715,31.944444444444443,3.052871712292002,23.483628556092324,7.065217391304348,4.488727858293076,4.569243156199678,1.3217928073000538,0.3824476650563607,,,
121,23.906333870101985,31.280193236714975,3.046162104133119,24.00697799248524,6.877348362855609,4.488727858293076,4.569243156199678,1.442565754159957,0.3824476650563607,,,
122,23.97342995169082,31.19296833064949,3.0394524959742353,24.04723564143854,6.877348362855609,4.488727858293076,4.555823939881911,1.442565754159957,0.3824476650563607,,,
123,24.053945249597422,31.179549114331724,3.026033279656468,24.02710681696189,6.870638754696726,4.488727858293076,4.53569511540526,1.4358561460010735,0.3824476650563607,,,
124,24.094202898550726,30.817230273752013,3.0059044551798175,24.114331723027377,7.092055823939882,4.4820182501341925,4.575952764358561,1.4358561460010735,0.3824476650563607,,,
125,23.93317230273752,30.535426731078903,2.945517981749866,23.517176596886742,7.065217391304348,5.662909286097692,4.528985507246377,1.42914653784219,0.3824476650563607,,,
126,23.14814814814815,30.636070853462158,2.885131508319914,24.698067632850243,7.018250134192163,5.340848094471283,4.461889425657541,1.42914653784219,0.3824476650563607,,,
127,23.329307568438004,30.475040257648953,2.885131508319914,24.58400429414922,7.018250134192163,5.340848094471283,4.455179817498658,1.5297906602254427,0.3824476650563607,,,
128,16.264090177133657,48.66478797638218,2.1269457863660763,19.45786366076221,5.743424584004294,4.274020397208803,2.589908749329039,0.8789586688137413,,,,
129,15.72061191626409,49.04723564143854,2.3081052066559313,19.316961889425656,5.864197530864198,4.274020397208803,2.589908749329039,0.8789586688137413,,,,
130,15.901771336553946,48.83252818035427,2.3483628556092326,19.189479334406872,5.991680085882985,4.206924315619967,2.6502952227589907,0.8789586688137413,,,,
131,15.921900161030596,48.65807836822329,2.5026838432635534,19.189479334406872,5.991680085882985,4.206924315619967,2.6502952227589907,0.8789586688137413,,,,
132,16.029253891572733,48.56414385399893,2.5697799248523885,19.14922168545357,5.958132045088567,4.200214707461084,2.6502952227589907,0.8789586688137413,,,,
133,16.25067096081589,48.2085346215781,2.5697799248523885,19.0955448201825,5.958132045088567,4.200214707461084,2.9388083735909825,0.7783145464304885,,,,
134,16.411701556629094,47.87976382179281,2.657004830917874,19.243156199677937,5.904455179817498,4.314278046162104,2.9119699409554483,0.6776704240472357,,,,
135,16.49892646269458,47.58454106280193,2.657004830917874,19.189479334406872,6.199677938808374,4.314278046162104,2.8784219001610305,0.6776704240472357,,,,
136,16.680085882984432,47.356414385399894,2.657004830917874,19.142512077294686,6.387546967257112,4.26731078904992,2.831454643048846,0.6776704240472357,,,,
137,16.794149221685455,47.30273752012882,2.6502952227589907,19.155931293612454,6.353998926462695,4.247181964573269,2.818035426731079,0.6776704240472357,,,,
138,16.97530864197531,47.00751476113795,2.6502952227589907,19.11567364465915,6.353998926462695,4.408212560386473,2.8113258185721954,0.6776704240472357,,,,
139,16.894793344068706,46.846484165324746,2.898550724637681,18.94122383252818,6.582125603864735,4.3478260869565215,2.8113258185721954,0.6776704240472357,,,,
140,17.176596886741816,46.786097691894796,2.898550724637681,18.820450885668276,6.5552871712292005,4.300858829844337,2.7844873859366612,0.6776704240472357,,,,
141,16.935050993022006,46.77938808373591,2.898550724637681,19.504830917874397,6.521739130434782,3.743961352657005,2.9388083735909825,0.6776704240472357,,,,
142,17.03569511540526,46.61164787976382,2.898550724637681,19.37734836285561,6.421095008051529,3.8848631239935587,2.932098765432099,0.8387010198604401,,,,
143,17.277241009125067,46.182232957595275,3.240740740740741,19.189479334406872,6.474771873322598,3.878153515834675,2.918679549114332,0.8387010198604401,,,,
144,17.216854535695116,46.31642512077295,3.240740740740741,18.98148148148148,6.468062265163715,3.770799785292539,3.2541599570585076,0.7514761137949544,,,,
145,17.21014492753623,46.3365539452496,3.227321524422974,18.98148148148148,6.488191089640365,3.770799785292539,3.2340311325818574,0.7514761137949544,,,,
146,17.693236714975846,45.779656468062264,3.4621578099838968,18.80703166935051,6.474771873322598,3.7372517444981215,3.2340311325818574,0.8118625872249061,,,,
147,17.800590445517983,45.58507783145464,3.4621578099838968,19.028448738593667,6.387546967257112,3.6902844873859366,3.2340311325818574,0.8118625872249061,,,,
148,17.807300053676865,45.276435856146,3.643317230273752,19.07541599570585,6.427804616210413,3.7238325281803544,3.2340311325818574,0.8118625872249061,,,,
149,17.961621041331185,45.10198604401503,3.7573805689747717,19.03515834675255,6.400966183574879,3.7037037037037037,3.227321524422974,0.8118625872249061,,,,
150,18.095813204508858,44.806763285024154,3.9318303811057436,19.03515834675255,6.400966183574879,3.7037037037037037,3.2139023081052067,0.8118625872249061,,,,
151,17.921363392377884,44.96108427267848,3.9318303811057436,18.99490069779925,6.494900697799249,3.670155662909286,3.2139023081052067,0.8118625872249061,,,,
152,18.04884594739667,44.826892109500804,4.005636070853462,18.94122383252818,6.481481481481482,3.670155662909286,3.2139023081052067,0.8118625872249061,,,,
153,18.02200751476114,44.79334406870639,4.005636070853462,17.639559849704778,7.689210950080516,3.8177670424047236,3.0595813204508855,0.9728931830381106,,,,
154,18.00858829844337,43.142780461621044,5.669618894256575,17.639559849704778,7.689210950080516,3.8177670424047236,3.0595813204508855,0.9728931830381106,,,,
155,17.975040257648953,42.77375201288245,6.112453032742888,17.52549651100376,7.689210950080516,3.8177670424047236,3.140096618357488,0.966183574879227,,,,
156,18.035426731078903,42.7536231884058,6.112453032742888,17.485238862050455,7.689210950080516,3.8177670424047236,3.140096618357488,0.966183574879227,,,,
157,18.136070853462158,42.64626945786366,6.1862587224906065,17.290660225442835,7.9039184111647875,3.7909286097691894,3.079710144927536,0.966183574879227,,,,
158,18.303811057434245,42.049114331723025,6.421095008051529,17.196725711218466,7.856951154052603,4.17337627482555,3.0327428878153517,0.966183574879227,,,,
159,18.344068706387546,41.7337627482555,6.3070316693505095,16.948470209339774,7.809983896940419,4.468599033816425,3.421900161030596,0.966183574879227,,,,
160,17.659688674181428,40.98228663446055,6.099033816425121,18.78690284487386,7.48792270531401,4.414922168545357,3.5292538915727323,1.0399892646269457,,,,
161,17.921363392377884,40.80112721417069,6.0587761674718195,18.67283950617284,7.581857219538379,4.394793344068707,3.5292538915727323,1.0399892646269457,,,,
162,18.02871712292002,40.55958132045089,6.239935587761675,18.5654857756307,7.601986044015029,4.367954911433173,3.5963499731615673,1.0399892646269457,,,,
163,17.954911433172303,40.11003757380569,6.615673644659152,18.4849704777241,7.5281803542673105,4.30756843800322,3.864734299516908,1.133923778851315,,,,
164,18.02200751476114,39.150563607085346,7.64224369296833,18.189747718733226,7.5281803542673105,4.30756843800322,4.025764895330113,1.133923778851315,,,,
165,18.08239398819109,39.13714439076758,7.5281803542673105,18.189747718733226,7.481213097155126,4.30756843800322,4.025764895330113,1.133923778851315,0.11406333870101985,,,
166,18.00858829844337,39.02308105206656,7.742887815351583,18.250134192163177,7.481213097155126,4.240472356414386,4.005636070853462,1.133923778851315,0.11406333870101985,,,
167,18.075684380032207,38.91572732152442,7.917337627482555,18.129361245303276,7.481213097155126,4.240472356414386,3.878153515834675,1.1137949543746646,0.11406333870101985,0.13419216317767044,,
168,18.230005367686527,38.6003757380569,8.132045088566828,18.115942028985508,7.481213097155126,4.2203435319377345,3.8580246913580245,1.1137949543746646,0.11406333870101985,0.13419216317767044,,
169,18.471551261406333,38.25147611379496,8.225979602791197,18.10252281266774,7.286634460547504,4.455179817498658,3.844605475040258,1.1137949543746646,0.11406333870101985,0.13419216317767044,,
170,18.733225979602793,37.6207729468599,8.59500805152979,18.256843800322063,7.1725711218464845,4.414922168545357,3.844605475040258,1.1137949543746646,0.11406333870101985,0.13419216317767044,,
171,18.471551261406333,37.11755233494364,8.917069243156199,18.54535695115405,7.1725711218464845,4.408212560386473,4.012345679012346,1.107085346215781,0.11406333870101985,0.13419216317767044,,
172,18.61916264090177,37.104133118625874,8.890230810520666,18.5252281266774,7.085346215780999,4.408212560386473,4.012345679012346,1.107085346215781,0.11406333870101985,0.13419216317767044,,
173,18.793612453032743,36.553945249597426,8.809715512614064,18.290391841116477,7.816693505099302,4.408212560386473,3.9720880300590444,1.107085346215781,0.11406333870101985,0.13419216317767044,,
174,18.86070853462158,36.460010735373054,8.809715512614064,18.276972624798713,7.856951154052603,4.408212560386473,3.9720880300590444,1.107085346215781,0.11406333870101985,0.13419216317767044,,
175,18.874127750939344,36.24530327428878,8.896940418679549,18.270263016639827,7.977724100912507,4.408212560386473,3.9720880300590444,1.107085346215781,0.11406333870101985,0.13419216317767044,,
176,18.9747718733226,35.929951690821255,9.07139023081052,18.270263016639827,7.9039184111647875,4.522275899087493,3.9720880300590444,1.107085346215781,0.11406333870101985,0.13419216317767044,,
177,19.03515834675255,35.72195383789587,8.943907675791733,18.256843800322063,7.9039184111647875,4.723564143853999,4.025764895330113,1.1674718196457328,0.08722490606548577,0.13419216317767044,,
178,19.196188942565755,35.581052066559316,8.943907675791733,18.136070853462158,7.87037037037037,4.7168545356951155,4.166666666666667,1.1674718196457328,0.08722490606548577,0.13419216317767044,,
179,19.35721953837896,35.50053676865271,8.903650026838433,18.115942028985508,7.836822329575953,4.7168545356951155,4.166666666666667,1.1808910359634996,0.08722490606548577,0.13419216317767044,,
180,19.504830917874397,35.46698872785829,8.903650026838433,18.075684380032207,7.7831454643048845,4.824208266237251,4.03918411164788,1.1808910359634996,0.08722490606548577,0.13419216317767044,,
181,17.11621041331186,27.147074610842726,7.024959742351046,25.85882984433709,15.297906602254429,3.5225442834138487,2.6167471819645733,1.1943102522812667,0.08722490606548577,0.13419216317767044,,
182,17.290660225442835,27.100107353730543,7.018250134192163,25.684380032206118,15.163714439076758,3.643317230273752,2.5697799248523885,1.1741814278046163,0.2214170692431562,0.13419216317767044,,
183,17.444981213097154,27.073268921095007,7.018250134192163,25.583735909822867,15.163714439076758,3.616478797638218,2.5697799248523885,1.1741814278046163,0.2214170692431562,0.13419216317767044,,
184,17.411433172302736,26.576757917337627,6.776704240472356,25.449543746645197,15.163714439076758,3.5628019323671496,3.5292538915727323,1.1741814278046163,0.2214170692431562,0.13419216317767044,,
185,17.538915727321523,26.536500268384327,6.790123456790123,25.32206119162641,15.069779924852389,3.629898013955985,3.435319377348363,1.1741814278046163,0.36902844873859364,0.13419216317767044,,
186,17.807300053676865,26.536500268384327,6.756575415995706,25.087224906065487,15.083199141170155,3.629898013955985,3.421900161030596,1.1741814278046163,0.36902844873859364,0.13419216317767044,,
187,18.04884594739667,26.41572732152442,6.743156199677939,24.986580783682232,15.083199141170155,3.5963499731615673,3.421900161030596,1.2010198604401503,0.36902844873859364,0.13419216317767044,,
188,18.06226516371444,26.100375738056897,6.877348362855609,25.087224906065487,15.157004830917874,3.5963499731615673,3.421900161030596,1.1943102522812667,0.36902844873859364,0.13419216317767044,,
189,17.330917874396135,25.717928073000536,7.098765432098766,25.959473966720342,14.88191089640365,3.6902844873859366,3.515834675254965,1.133923778851315,0.32877079978529256,0.13419216317767044,0.20799785292538917,
190,17.54562533548041,25.509930220075148,7.192699946323135,25.717928073000536,14.848362855609233,3.864734299516908,3.515834675254965,1.133923778851315,0.32877079978529256,0.13419216317767044,0.20799785292538917,
191,17.673107890499196,25.503220611916262,7.152442297369833,25.583735909822867,14.834943639291465,3.864734299516908,3.502415458937198,1.2144390767579174,0.32877079978529256,0.13419216317767044,0.20799785292538917,
192,17.793880837359097,25.37573805689748,7.273215244229737,25.509930220075148,14.814814814814815,3.844605475040258,3.502415458937198,1.2144390767579174,0.32877079978529256,0.13419216317767044,0.20799785292538917,
193,17.773752012882447,25.11406333870102,7.769726247987117,25.308641975308642,14.573268921095009,3.844605475040258,3.730542136339238,1.2144390767579174,0.32877079978529256,0.13419216317767044,0.20799785292538917,
194,17.94820182501342,24.879227053140095,7.98443370907139,25.214707461084274,14.51959205582394,3.844605475040258,3.7238325281803544,1.2144390767579174,0.32877079978529256,0.13419216317767044,0.20799785292538917,
195,17.98174986580784,24.758454106280194,7.9039184111647875,25.214707461084274,14.472624798711756,3.9318303811057436,3.69699409554482,1.2144390767579174,0.4830917874396135,0.13419216317767044,0.20799785292538917,
196,18.00858829844337,24.718196457326894,7.836822329575953,24.966451959205582,14.472624798711756,4.005636070853462,3.69699409554482,1.4694041867954912,0.4830917874396135,0.13419216317767044,0.20799785292538917,
197,18.10252281266774,24.530327428878152,8.152173913043478,24.798711755233494,14.445786366076222,4.005636070853462,3.670155662909286,1.4694041867954912,0.4830917874396135,0.13419216317767044,0.20799785292538917,
198,18.203166935050994,24.52361782071927,8.125335480407944,24.651100375738057,14.445786366076222,4.005636070853462,3.656736446591519,1.5633387010198605,0.4830917874396135,0.13419216317767044,0.20799785292538917,
199,18.189747718733226,24.241814278046164,8.225979602791197,25.261674718196456,14.143853998926463,3.8915727321524423,3.656736446591519,1.5633387010198605,0.4830917874396135,0.13419216317767044,0.20799785292538917,
200,18.323939881910896,24.14787976382179,8.246108427267847,25.214707461084274,14.11701556629093,3.9318303811057436,3.629898013955985,1.5633387010198605,0.4830917874396135,0.13419216317767044,0.20799785292538917,
201,18.10252281266774,23.93317230273752,8.460815888352121,25.36231884057971,13.895598497047773,4.066022544283414,3.603059581320451,1.751207729468599,0.4830917874396135,0.13419216317767044,0.20799785292538917,
202,18.270263016639827,23.91304347826087,8.454106280193237,25.013419216317768,13.81508319914117,4.066022544283414,3.603059581320451,2.006172839506173,0.5166398282340311,0.13419216317767044,0.20799785292538917,
203,18.451422436929683,23.899624261943103,8.454106280193237,24.90606548577563,13.754696725711218,4.066022544283414,3.603059581320451,2.006172839506173,0.5166398282340311,0.13419216317767044,0.20799785292538917,
204,18.82716049382716,23.564143853998928,8.581588835212024,24.02710681696189,13.077026301663983,4.166666666666667,4.777241009125067,2.006172839506173,0.630703166935051,0.13419216317767044,0.20799785292538917,
205,18.853998926462694,23.463499731615673,8.380300590445518,23.89291465378422,13.063607085346217,4.5893719806763285,4.777241009125067,2.006172839506173,0.630703166935051,0.13419216317767044,0.20799785292538917,
206,18.92109500805153,23.450080515297905,8.380300590445518,23.89291465378422,13.023349436392914,4.575952764358561,4.777241009125067,2.006172839506173,0.630703166935051,0.13419216317767044,0.20799785292538917,
207,19.155931293612454,23.30246913580247,8.319914117015566,23.45679012345679,13.056897477187333,4.569243156199678,4.736983360171766,2.428878153515835,0.630703166935051,0.13419216317767044,0.20799785292538917,
208,19.209608158883523,23.15485775630703,8.199141170155663,23.429951690821255,13.043478260869565,4.656468062265164,4.904723564143854,2.428878153515835,0.630703166935051,0.13419216317767044,0.20799785292538917,
209,19.49812130971551,23.05421363392378,8.071658615136876,23.429951690821255,13.083735909822867,4.528985507246377,4.87788513150832,2.49597423510467,0.6172839506172839,0.13419216317767044,0.20799785292538917,
210,19.605475040257648,22.946859903381643,8.044820182501342,23.2085346215781,12.983091787439614,4.777241009125067,4.904723564143854,2.475845410628019,0.6172839506172839,0.13419216317767044,0.30193236714975846,
211,19.692699946323135,22.899892646269457,8.091787439613526,22.987117552334944,12.929414922168545,4.777241009125067,5.092592592592593,2.475845410628019,0.6172839506172839,0.13419216317767044,0.30193236714975846,
212,19.89398819108964,22.77241009125067,7.843531937734836,22.819377348362856,12.882447665056361,4.918142780461621,5.428073000536768,2.3886205045625335,0.6172839506172839,0.13419216317767044,0.30193236714975846,
213,19.93424584004294,22.591250670960815,8.024691358024691,22.81266774020397,12.889157273215245,4.918142780461621,5.387815351583468,2.3886205045625335,0.6172839506172839,0.13419216317767044,0.30193236714975846,
214,20.343531937734838,22.423510466988727,8.017981749865807,22.644927536231883,12.889157273215245,4.871175523349437,5.387815351583468,2.368491680085883,0.6172839506172839,0.13419216317767044,0.30193236714975846,
215,20.437466451959207,22.363123993558776,7.957595276435856,22.591250670960815,12.781803542673108,4.8443370907139025,5.387815351583468,2.5966183574879227,0.6038647342995169,0.13419216317767044,0.30193236714975846,
216,20.50456253354804,22.19538378958669,7.950885668276973,22.457058507783145,12.721417069243156,5.059044551798175,5.481749865807837,2.5966183574879227,0.6038647342995169,0.13419216317767044,0.2952227589908749,
217,20.517981749865807,22.08132045088567,7.98443370907139,22.584541062801932,12.593934514224369,5.052334943639291,5.481749865807837,2.6704240472356413,0.6038647342995169,0.13419216317767044,0.2952227589908749,
218,20.558239398819108,21.91358024691358,7.98443370907139,22.530864197530864,12.801932367149758,5.038915727321524,5.481749865807837,2.657004830917874,0.6038647342995169,0.13419216317767044,0.2952227589908749,
219,20.632045088566827,21.85990338164251,8.024691358024691,22.48389694041868,12.801932367149758,5.038915727321524,5.46833064949007,2.657004830917874,0.6038647342995169,0.13419216317767044,0.2952227589908749,
220,21.021202361782073,21.64519592055824,7.742887815351583,22.32957595276436,12.72812667740204,5.300590445517981,5.46833064949007,2.7308105206655933,0.6038647342995169,0.13419216317767044,0.2952227589908749,
221,21.054750402576488,21.64519592055824,7.742887815351583,22.31615673644659,12.70799785292539,5.300590445517981,5.46833064949007,2.7308105206655933,0.6038647342995169,0.13419216317767044,0.2952227589908749,
222,21.182232957595275,21.464036500268385,7.816693505099302,22.12157809983897,12.5402576489533,5.394524959742351,5.4549114331723025,2.9924852388620504,0.6038647342995169,0.13419216317767044,0.2952227589908749,
223,21.202361782071925,21.4170692431562,7.5348899624261945,21.89345142243693,12.526838432635534,5.394524959742351,6.005099302200751,2.9924852388620504,0.6038647342995169,0.13419216317767044,0.2952227589908749,
224,21.410359634997317,21.276167471819647,7.461084272678476,21.83977455716586,12.526838432635534,5.4549114331723025,6.005099302200751,2.9924852388620504,0.6038647342995169,0.13419216317767044,0.2952227589908749,
225,21.450617283950617,21.22249060654858,7.440955448201825,21.786097691894792,12.72812667740204,5.367686527106817,6.005099302200751,2.9924852388620504,0.5770263016639828,0.13419216317767044,0.2952227589908749,
226,21.410359634997317,21.021202361782073,7.749597423510467,22.08132045088567,12.68786902844874,5.267042404723564,5.790391841116479,2.985775630703167,0.5770263016639828,0.13419216317767044,0.2952227589908749,
227,21.672034353193773,20.913848631239937,7.7361782071927,21.79951690821256,12.76838432635534,5.112721417069243,5.783682232957595,3.2206119162640903,0.5636070853462157,0.13419216317767044,0.2952227589908749,
228,21.692163177670423,20.8870101986044,7.7361782071927,21.651905528717123,12.721417069243156,5.387815351583468,5.723295759527644,3.2206119162640903,0.5501878690284487,0.13419216317767044,0.2952227589908749,
229,21.792807300053678,20.799785292538918,7.675791733762749,21.64519592055824,12.533548040794418,5.387815351583468,5.844068706387547,3.3413848631239937,0.5501878690284487,0.13419216317767044,0.2952227589908749,
230,21.81964573268921,20.79307568438003,7.816693505099302,21.504294149221685,12.533548040794418,5.387815351583468,5.844068706387547,3.321256038647343,0.5501878690284487,0.13419216317767044,0.2952227589908749,
231,21.91358024691358,20.74610842726785,7.709339774557166,21.4573268921095,12.379227053140097,5.387815351583468,5.837359098228664,3.321256038647343,0.8185721953837896,0.13419216317767044,0.2952227589908749,
232,21.866612989801396,20.719269994632313,7.769726247987117,21.490874932903917,12.23161567364466,5.515297906602254,5.837359098228664,3.321256038647343,0.8185721953837896,0.13419216317767044,0.2952227589908749,
233,21.83977455716586,20.578368223295758,7.823403113258186,21.631776704240472,12.218196457326892,5.5689747718733225,5.810520665593129,3.294417606011809,0.8051529790660226,0.13419216317767044,0.2952227589908749,
234,21.70558239398819,20.303274288781534,7.689210950080516,21.430488459473967,12.177938808373591,6.353998926462695,5.810520665593129,3.294417606011809,0.8051529790660226,0.13419216317767044,0.2952227589908749,
235,21.812936124530328,20.25630703166935,7.675791733762749,21.24261943102523,12.218196457326892,6.353998926462695,5.803811057434245,3.4017713365539453,0.8051529790660226,0.13419216317767044,0.2952227589908749,
236,21.72571121846484,20.175791733762747,7.675791733762749,21.4573268921095,12.13768115942029,6.407675791733762,5.783682232957595,3.4017713365539453,0.8051529790660226,0.13419216317767044,0.2952227589908749,
237,21.101717659688674,21.24261943102523,7.675791733762749,20.947396672034355,12.110842726784755,6.407675791733762,5.730005367686527,3.549382716049383,0.8051529790660226,0.13419216317767044,0.2952227589908749,
238,21.215780998389693,21.115136876006442,7.6623725174449815,21.202361782071925,12.110842726784755,6.213097155126141,5.730005367686527,3.515834675254965,0.8051529790660226,0.13419216317767044,0.2952227589908749,
239,21.256038647342994,21.007783145464305,7.749597423510467,21.021202361782073,12.110842726784755,6.213097155126141,5.837359098228664,3.569511540526033,0.8051529790660226,0.13419216317767044,0.2952227589908749,
