,45,50,55,51,52,54,56,57,53,58,59,60
0,99.3491680085883,0.6508319914117016,,,,,,,,,,
1,94.49141170155663,5.508588298443371,,,,,,,,,,
2,94.49812130971551,5.501878690284487,,,,,,,,,,
3,94.53166935050993,5.46833064949007,,,,,,,,,,
4,82.97101449275362,17.028985507246375,,,,,,,,,,
5,81.09903381642512,18.90096618357488,,,,,,,,,,
6,78.2139023081052,21.316425120772948,0.46967257112184646,,,,,,,,,
7,72.27589908749329,23.805689747718734,0.46967257112184646,3.44873859366613,,,,,,,,
8,72.35641438539989,23.68491680085883,0.46967257112184646,3.3413848631239937,0.14761137949543746,,,,,,,
9,72.39667203435319,23.64465915190553,0.46967257112184646,3.3413848631239937,0.14761137949543746,,,,,,,
10,71.9873859366613,20.967525496511005,0.46967257112184646,6.427804616210413,0.14761137949543746,,,,,,,
11,44.196188942565755,55.803811057434245,,,,,,,,,,
12,44.06199677938808,52.8918411164788,3.046162104133119,,,,,,,,,
13,44.37734836285561,52.57648953301127,3.046162104133119,,,,,,,,,
14,44.59205582393988,47.53086419753087,7.877079978529254,,,,,,,,,
15,43.142780461621044,48.980139559849704,7.877079978529254,,,,,,,,,
16,43.42458400429415,48.671497584541065,7.9039184111647875,,,,,,,,,
17,38.62721417069243,38.425925925925924,7.98443370907139,14.855072463768115,,0.10735373054213634,,,,,,
18,38.90230810520666,38.26489533011272,7.9106280193236715,14.814814814814815,,0.10735373054213634,,,,,,
19,39.110305958132045,38.117283950617285,7.863660762211487,14.801395598497047,,0.10735373054213634,,,,,,
20,28.388352120236178,35.628019323671495,3.1535158346752548,9.574610842726784,10.782340311325818,12.473161567364466,,,,,,
21,25.10064412238325,39.049919484702095,3.2541599570585076,9.39345142243693,10.225442834138486,12.385936661298981,0.5904455179817498,,,,,
22,25.39586688137413,38.94927536231884,3.240740740740741,9.286097691894794,10.185185185185185,11.345947396672035,0.5904455179817498,1.0064412238325282,,,,
23,25.194578636607623,39.150563607085346,3.240740740740741,9.286097691894794,10.185185185185185,11.345947396672035,0.5904455179817498,1.0064412238325282,,,,
24,25.691089640365004,38.781535158346756,3.2139023081052067,9.16532474503489,10.171765968867419,11.379495437466453,0.5904455179817498,1.0064412238325282,,,,
25,25.91250670960816,38.61379495437466,3.207192699946323,9.16532474503489,10.171765968867419,11.332528180354267,0.5904455179817498,1.0064412238325282,,,,
26,26.147342995169083,38.51315083199141,3.207192699946323,9.118357487922705,10.131508319914117,11.782071926999464,0.5904455179817498,0.5099302200751477,,,,
27,26.382179280730007,38.33199141170156,3.207192699946323,9.084809447128288,9.608158883521202,11.782071926999464,0.5904455179817498,1.0131508319914118,,,,
28,26.86527106816962,38.00322061191626,3.1602254428341383,9.044551798174986,9.581320450885668,11.621041331186259,0.5770263016639828,1.1473429951690821,,,,
29,27.28797638217928,37.734836285560924,3.1468062265163717,9.017713365539452,9.581320450885668,11.506977992485238,0.5770263016639828,1.1473429951690821,,,,
30,27.61003757380569,37.56038647342995,3.1468062265163717,8.957326892109501,9.54777241009125,11.453301127214171,0.5770263016639828,1.1473429951690821,,,,
31,28.026033279656467,37.432903918411164,3.1468062265163717,8.903650026838433,9.420289855072463,11.345947396672035,0.5770263016639828,1.1473429951690821,,,,
32,27.999194847020934,37.3389694041868,3.1468062265163717,6.9243156199677935,8.742619431025227,11.20504562533548,0.5770263016639828,1.1272141706924315,2.9388083735909825,,,
33,28.455448201825014,37.1309715512614,3.126677402039721,6.89747718733226,8.59500805152979,11.16478797638218,0.5636070853462157,1.1272141706924315,2.9388083735909825,,,
34,28.368223295759528,37.32555018786903,3.099838969404187,6.884057971014493,8.541331186258722,11.151368760064413,0.5636070853462157,1.1272141706924315,2.9388083735909825,,,
35,28.35480407944176,34.93022007514761,5.5689747718733225,6.884057971014493,8.480944712828771,11.151368760064413,0.5636070853462157,1.1272141706924315,2.9388083735909825,,,
36,28.703703703703702,34.675254965110035,5.548845947396672,6.884057971014493,8.454106280193237,11.104401502952227,0.5636070853462157,1.1272141706924315,2.9388083735909825,,,
37,28.878153515834676,34.45383789586688,5.548845947396672,5.340848094471283,8.454106280193237,11.104401502952227,2.6167471819645733,1.1272141706924315,2.475845410628019,,,
38,28.985507246376812,34.42028985507246,5.548845947396672,5.340848094471283,8.420558239398819,11.064143853998926,2.6167471819645733,1.1272141706924315,2.475845410628019,,,
39,26.8317230273752,25.939345142243692,4.549114331723027,11.017176596886742,14.392109500805153,11.05072463768116,2.6167471819645733,1.1272141706924315,2.475845410628019,,,
40,27.200751476113794,25.85212023617821,4.549114331723027,10.963499731615673,14.217659688674182,11.030595813204508,2.5966183574879227,1.1272141706924315,2.462426194310252,,,
41,26.73107890499195,24.490069779924852,4.320987654320987,11.05072463768116,16.586151368760063,9.628287707997853,2.5697799248523885,1.1205045625335481,3.502415458937198,,,
42,25.0402576489533,25.315351583467525,4.280730005367687,11.245303274288782,18.33064949006978,9.581320450885668,2.563070316693505,0.9930220075147611,2.6502952227589907,,,
43,24.986580783682232,23.63123993558776,4.200214707461084,11.245303274288782,16.820987654320987,12.379227053140097,2.6972624798711755,0.9930220075147611,3.046162104133119,,,
44,24.4296833064949,22.443639291465377,4.200214707461084,10.93666129898014,11.98336017176597,19.753086419753085,2.6972624798711755,0.5099302200751477,3.046162104133119,,,
45,24.664519592055825,21.72571121846484,4.7638217928073,10.93666129898014,11.943102522812667,19.712828770799785,2.6972624798711755,0.5099302200751477,3.046162104133119,,,
46,24.88593666129898,21.24261943102523,5.152979066022544,10.909822866344605,11.869296833064949,19.685990338164252,2.6972624798711755,0.5099302200751477,3.046162104133119,,,
47,25.241545893719806,21.108427267847556,5.10601180891036,10.876274825550189,11.822329575952764,19.64573268921095,2.6704240472356413,0.5099302200751477,3.0193236714975846,,,
48,25.315351583467525,21.07487922705314,5.10601180891036,10.869565217391305,11.66129898013956,19.80005367686527,2.6435856146001075,0.5099302200751477,3.0193236714975846,,,
49,25.5703166935051,20.94068706387547,5.10601180891036,10.849436392914654,11.634460547504025,19.73966720343532,2.6435856146001075,0.49651100375738055,3.0193236714975846,,,
50,25.89237788513151,20.88030059044552,5.005367686527107,10.849436392914654,11.600912506709609,19.639023081052066,2.6301663982823404,0.49651100375738055,3.0059044551798175,,,
51,26.268115942028984,20.73268921095008,4.9651100375738055,10.815888352120236,11.52710681696189,19.585346215780998,2.6033279656468062,0.49651100375738055,3.0059044551798175,,,
52,26.482823403113258,20.719269994632313,4.931561996779388,10.789049919484702,11.345947396672035,19.51825013419216,2.717391304347826,0.49651100375738055,2.999194847020934,,,
53,26.69753086419753,19.847020933977454,5.226784755770263,10.68840579710145,11.3191089640365,19.444444444444443,2.717391304347826,0.49651100375738055,3.5628019323671496,,,
54,26.878690284487387,19.81347289318304,5.22007514761138,10.68840579710145,11.305689747718732,19.350509930220074,2.6972624798711755,0.49651100375738055,3.549382716049383,,,
55,27.18733225979603,19.81347289318304,5.193236714975845,10.621309715512615,11.171497584541063,19.310252281266774,2.6838432635534084,0.49651100375738055,3.5225442834138487,,,
56,26.630434782608695,19.008319914117017,5.179817498658078,11.83574879227053,11.137949543746645,19.26328502415459,2.6838432635534084,0.49651100375738055,3.7640901771336552,,,
57,25.644122383252817,17.250402576489535,4.582662372517445,12.016908212560386,17.96833064949007,15.613258185721953,2.657004830917874,0.49651100375738055,3.6500268384326353,0.12077294685990338,,
58,26.006441223832528,17.23027375201288,4.582662372517445,11.956521739130435,17.800590445517983,15.5126140633387,2.6435856146001075,0.49651100375738055,3.6500268384326353,0.12077294685990338,,
59,26.516371443907676,17.082662372517444,4.542404723564144,11.929683306494901,17.59259259259259,15.465646806226516,2.6435856146001075,0.49651100375738055,3.6097691894793345,0.12077294685990338,,
60,27.100107353730543,16.881374127750938,4.455179817498658,11.634460547504025,17.143048845947398,15.626677402039721,2.945517981749866,0.49651100375738055,3.5963499731615673,0.12077294685990338,,
61,25.261674718196456,16.129898013955984,4.455179817498658,11.60762211486849,29.106280193236714,7.092055823939882,2.8247450348899625,,3.4017713365539453,0.12077294685990338,,
62,25.43612453032743,15.995705850778315,5.381105743424584,11.07085346215781,29.025764895330113,7.0383789586688135,2.5563607085346214,,3.374932903918411,0.12077294685990338,,
63,25.15432098765432,14.432367149758454,5.24020397208803,11.017176596886742,31.508319914117017,6.977992485238862,2.536231884057971,,3.012614063338701,0.12077294685990338,,
64,25.34219001610306,14.40552871712292,5.24020397208803,10.869565217391305,31.407675791733762,6.951154052603328,2.536231884057971,,3.126677402039721,0.12077294685990338,,
65,25.013419216317768,14.922168545356952,5.226784755770263,10.829307568438002,31.32716049382716,6.9310252281266775,2.536231884057971,,3.0931293612453032,0.12077294685990338,,
66,25.288513150831992,14.606816961889425,5.5689747718733225,10.695115405260333,31.179549114331724,6.9310252281266775,2.536231884057971,,3.0730005367686526,0.12077294685990338,,
67,25.644122383252817,14.573268921095009,5.5689747718733225,10.674986580783683,30.797101449275363,6.877348362855609,2.6704240472356413,,3.0730005367686526,0.12077294685990338,,
68,25.187869028448738,13.345410628019323,5.515297906602254,22.705314009661837,26.301663982823403,1.556629092860977,2.200751476113795,,3.066290928609769,0.12077294685990338,,
69,25.55018786902845,13.325281803542673,5.515297906602254,22.510735373054214,26.154052603327965,1.556629092860977,2.200751476113795,,3.066290928609769,0.12077294685990338,,
70,26.113794954374665,13.264895330112722,5.501878690284487,23.63123993558776,24.58400429414922,1.556629092860977,2.167203435319377,,3.0595813204508855,0.12077294685990338,,
71,26.261406333870102,13.258185721953838,5.501878690284487,23.58427267847558,24.516908212560388,1.556629092860977,2.167203435319377,,3.0327428878153517,0.12077294685990338,,
72,26.482823403113258,13.197799248523886,5.501878690284487,23.49704777241009,24.44310252281267,1.556629092860977,2.167203435319377,,3.0327428878153517,0.12077294685990338,,
73,26.69753086419753,13.177670424047236,5.46833064949007,23.49704777241009,24.308910359634996,1.556629092860977,2.15378421900161,,3.0193236714975846,0.12077294685990338,,
74,26.56333870101986,13.003220611916264,5.280461621041331,23.060923242082662,24.27536231884058,1.556629092860977,2.15378421900161,,3.9855072463768115,0.12077294685990338,,
75,26.84514224369297,12.969672571121846,5.273752012882448,22.940150295222757,24.188137412775095,1.556629092860977,2.15378421900161,,3.978797638217928,0.0939345142243693,,
76,27.18733225979603,12.882447665056361,5.273752012882448,22.84621578099839,24.04723564143854,1.556629092860977,2.13365539452496,,3.978797638217928,0.0939345142243693,,
77,27.542941492216855,12.432903918411165,5.233494363929147,22.705314009661837,23.926462694578635,1.6639828234031133,2.1068169618894257,,4.294149221685454,0.0939345142243693,,
78,27.32823403113258,12.325550187869029,5.931293612453032,22.134997316156735,24.241814278046164,1.5633387010198605,2.1068169618894257,,4.274020397208803,0.0939345142243693,,
79,27.576489533011273,12.198067632850242,5.917874396135265,22.108158883521202,24.194847020933977,1.5633387010198605,2.1068169618894257,,4.240472356414386,0.0939345142243693,,
80,28.012614063338702,12.130971551261407,6.5552871712292005,21.89345142243693,23.470209339774556,1.5230810520665594,2.1068169618894257,,4.213633923778851,0.0939345142243693,,
81,27.87842190016103,11.882716049382717,6.5552871712292005,21.866612989801396,23.879495437466453,1.5230810520665594,2.1068169618894257,,4.213633923778851,0.0939345142243693,,
82,28.073000536768653,11.802200751476114,6.5485775630703165,21.464036500268385,23.738593666129898,1.5230810520665594,2.636876006441224,,4.119699409554482,0.0939345142243693,,
83,28.35480407944176,11.75523349436393,6.528448738593666,21.423778851315085,23.597691894793343,1.5230810520665594,2.6167471819645733,,4.106280193236715,0.0939345142243693,,
84,28.442028985507246,11.748523886205046,6.528448738593666,21.40365002683843,23.537305421363392,1.5230810520665594,2.6167471819645733,,4.106280193236715,0.0939345142243693,,
85,28.609769189479334,11.748523886205046,6.515029522275899,21.316425120772948,23.51046698872786,1.5230810520665594,2.6033279656468062,,4.079441760601181,0.0939345142243693,,
86,28.797638217928075,11.694847020933977,6.488191089640365,21.121846484165324,23.65136876006441,1.5230810520665594,2.6033279656468062,0.14090177133655393,3.8848631239935587,0.0939345142243693,,
87,28.764090177133657,11.641170155662909,6.468062265163715,21.007783145464305,23.517176596886742,1.892109500805153,2.6033279656468062,0.14090177133655393,3.8714439076757916,0.0939345142243693,,
88,28.341384863123995,10.071121846484166,6.4345142243692965,20.94068706387547,26.093666129898015,1.5365002683843263,2.589908749329039,0.1274825550187869,3.770799785292539,0.0939345142243693,,
89,28.67686527106817,10.030864197530864,6.414385399892646,20.7662372517445,25.83870101986044,1.5365002683843263,2.7777777777777777,0.1274825550187869,3.7372517444981215,0.0939345142243693,,
90,28.985507246376812,9.96376811594203,6.374127750939345,20.618625872249062,25.825281803542673,1.5365002683843263,2.7777777777777777,0.1274825550187869,3.69699409554482,0.0939345142243693,,
91,29.180085882984432,9.96376811594203,6.353998926462695,20.363660762211488,25.731347289318304,1.5365002683843263,2.965646806226516,0.1274825550187869,3.683574879227053,0.0939345142243693,,
92,29.334406870638755,9.916800858829845,6.340579710144928,20.29656468062265,25.711218464841654,1.5365002683843263,2.965646806226516,0.1274825550187869,3.6768652710681695,0.0939345142243693,,
93,29.528985507246375,9.916800858829845,6.327160493827161,20.135534084809446,25.617283950617285,1.5365002683843263,3.0394524959742353,0.1274825550187869,3.6768652710681695,0.0939345142243693,,
94,29.904723564143854,9.86983360171766,6.219806763285024,20.081857219538378,25.489801395598498,1.5297906602254427,3.0394524959742353,0.1274825550187869,3.643317230273752,0.0939345142243693,,
95,29.918142780461622,10.111379495437467,6.172839506172839,20.02818035426731,25.348899624261943,1.5163714439076759,3.0394524959742353,0.1274825550187869,3.643317230273752,0.0939345142243693,,
96,28.026033279656467,12.164519592055823,6.172839506172839,19.98792270531401,25.281803542673106,1.4895330112721417,3.012614063338701,0.1274825550187869,3.643317230273752,0.0939345142243693,,
97,28.193773483628558,12.110842726784755,6.159420289855072,19.95437466451959,25.15432098765432,1.3821792807300053,3.180354267310789,0.1274825550187869,3.643317230273752,0.0939345142243693,,
98,28.535963499731615,12.097423510466989,6.159420289855072,19.840311325818572,25.0,1.3821792807300053,3.180354267310789,0.1274825550187869,3.5829307568438002,0.0939345142243693,,
99,13.070316693505099,52.55636070853462,3.2139023081052067,6.293612453032743,21.477455716586153,0.7581857219538379,1.1205045625335481,0.1274825550187869,1.3821792807300053,,,
100,13.285024154589372,51.41572732152442,4.206924315619967,6.293612453032743,21.410359634997317,0.7581857219538379,1.1205045625335481,0.1274825550187869,1.3821792807300053,,,
101,13.47289318303811,50.905797101449274,4.616210413311863,6.273483628556092,21.34326355340848,0.7581857219538379,1.1205045625335481,0.1274825550187869,1.3821792807300053,,,
102,13.895598497047773,50.77160493827161,4.5960815888352125,6.246645195920558,21.121846484165324,0.7581857219538379,1.1003757380568975,0.1274825550187869,1.3821792807300053,,,
103,14.04320987654321,50.677670424047236,4.555823939881911,6.246645195920558,21.108427267847556,0.7581857219538379,1.1003757380568975,0.1274825550187869,1.3821792807300053,,,
104,14.371980676328503,50.48309178743961,4.555823939881911,6.246645195920558,20.974235104669887,0.7581857219538379,1.1003757380568975,0.1274825550187869,1.3821792807300053,,,
105,14.53972088030059,50.234836285560924,4.522275899087493,6.246645195920558,20.73268921095008,0.95276435856146,1.1003757380568975,0.1274825550187869,1.5432098765432098,,,
106,14.861782071927,49.93961352657005,4.522275899087493,6.233225979602791,20.719269994632313,0.95276435856146,1.1003757380568975,0.1274825550187869,1.5432098765432098,,,
107,14.982555018786902,46.30971551261406,8.125335480407944,6.233225979602791,20.645464304884594,0.95276435856146,1.1003757380568975,0.1274825550187869,1.5230810520665594,,,
108,15.277777777777779,46.14868491680086,8.105206655931294,6.233225979602791,20.578368223295758,0.9326355340848095,1.1003757380568975,0.1274825550187869,1.4962426194310252,,,
109,15.613258185721953,45.98094471282877,8.051529790660226,6.233225979602791,20.491143317230275,0.9326355340848095,1.0735373054213635,0.1274825550187869,1.4962426194310252,,,
110,15.613258185721953,45.69243156199678,7.823403113258186,6.166129898013956,18.310520665593128,0.9326355340848095,1.0735373054213635,0.1274825550187869,4.260601180891036,,,
111,15.814546430488459,45.148953301127214,8.259527643585615,6.166129898013956,18.270263016639827,0.9326355340848095,1.0466988727858293,0.1274825550187869,4.233762748255502,,,
112,16.13660762211487,44.94095544820183,8.225979602791197,6.166129898013956,18.21658615136876,0.9192163177670424,1.0466988727858293,0.1274825550187869,4.2203435319377345,,,
113,16.297638217928075,44.61218464841653,8.199141170155663,6.152710681696189,18.095813204508858,1.328502415458937,0.966183574879227,0.1274825550187869,4.2203435319377345,,,
114,16.646537842190018,44.24315619967794,8.232689210950081,6.152710681696189,18.095813204508858,1.3150831991411702,0.966183574879227,0.1274825550187869,4.2203435319377345,,,
115,16.820987654320987,44.16935050993022,8.199141170155663,6.132581857219538,18.04884594739667,1.3150831991411702,0.966183574879227,0.1274825550187869,4.2203435319377345,,,
116,17.344337090713903,43.947933440687066,8.179012345679013,6.099033816425121,17.847557702630166,1.3150831991411702,0.966183574879227,0.11406333870101985,4.186795491143317,,,
117,17.55233494363929,43.86070853462158,8.152173913043478,6.052066559312936,17.814009661835748,1.3016639828234031,0.966183574879227,0.11406333870101985,4.186795491143317,,,
118,17.8743961352657,43.63258185721954,8.09849704777241,6.018518518518518,17.787171229200215,1.482823403113258,0.966183574879227,0.11406333870101985,4.025764895330113,,,
119,18.370907139023082,43.35077831454643,8.024691358024691,5.9447128287707995,17.746913580246915,1.482823403113258,0.966183574879227,0.11406333870101985,3.9989264626945786,,,
120,18.55877616747182,43.27026301663983,8.024691358024691,5.931293612453032,17.72007514761138,1.4626945786366077,0.966183574879227,0.11406333870101985,3.9519592055823938,,,
121,18.853998926462694,43.022007514761135,7.977724100912507,5.931293612453032,17.62614063338701,1.4626945786366077,0.966183574879227,0.11406333870101985,4.045893719806763,,,
122,19.189479334406872,42.76033279656468,8.05823939881911,5.931293612453032,17.54562533548041,1.4559849704777241,0.8990874932903918,0.11406333870101985,4.045893719806763,,,
123,19.162640901771336,39.35856146001073,11.553945249597424,5.931293612453032,17.478529253891573,1.4559849704777241,0.8990874932903918,0.11406333870101985,4.045893719806763,,,
124,19.49141170155663,39.01637144390767,11.654589371980677,5.924584004294149,17.438271604938272,1.415727321524423,0.8990874932903918,0.11406333870101985,4.045893719806763,,,
125,19.64573268921095,38.87546967257112,11.600912506709609,5.924584004294149,17.357756307031668,1.5633387010198605,0.8990874932903918,0.11406333870101985,4.019055287171229,,,
126,19.880568974771872,38.73456790123457,11.560654857756306,5.924584004294149,17.330917874396135,1.5633387010198605,0.8856682769726248,0.11406333870101985,4.005636070853462,,,
127,20.263016639828233,38.5601180891036,11.540526033279656,5.917874396135265,17.163177670424048,1.5499194847020934,0.8856682769726248,0.11406333870101985,4.005636070853462,,,
128,20.585077831454644,38.459473966720346,11.460010735373054,5.917874396135265,17.102791196994094,1.5029522275899088,0.8856682769726248,0.11406333870101985,3.9720880300590444,,,
129,20.585077831454644,38.41250670960816,11.372785829307569,5.917874396135265,17.277241009125067,1.4626945786366077,0.8856682769726248,0.11406333870101985,3.9720880300590444,,,
130,20.699141170155663,38.378958668813745,11.366076221148685,5.917874396135265,17.223564143854,1.442565754159957,0.8856682769726248,0.11406333870101985,3.9720880300590444,,,
131,21.034621578099838,38.17096081588835,11.225174449812132,5.870907139023081,17.223564143854,1.442565754159957,0.8856682769726248,0.11406333870101985,4.032474503488996,,,
132,21.141975308641975,38.1105743424584,10.567632850241546,5.844068706387547,17.143048845947398,1.442565754159957,0.9796027911969941,0.11406333870101985,3.92512077294686,,0.7313472893183038,
133,21.24261943102523,37.88244766505636,10.554213633923778,5.83064949006978,16.867954911433173,1.4358561460010735,0.9796027911969941,0.11406333870101985,4.367954911433173,,0.7246376811594203,
134,20.779656468062264,34.13848631239936,8.809715512614064,5.83064949006978,16.841116478797638,1.4358561460010735,0.9796027911969941,0.11406333870101985,11.05072463768116,,0.020128824476650563,
135,21.121846484165324,33.97074610842727,8.735909822866345,5.938003220611916,16.794149221685455,1.4358561460010735,0.9594739667203436,0.11406333870101985,10.909822866344605,,0.020128824476650563,
136,21.349973161567366,33.903650026838434,8.675523349436393,5.938003220611916,16.76731078904992,1.4224369296833066,0.9594739667203436,0.11406333870101985,10.849436392914654,,0.020128824476650563,
137,20.78636607622115,31.850509930220074,8.608427267847558,5.931293612453032,19.57192699946323,1.4224369296833066,0.9594739667203436,0.11406333870101985,10.735373054213634,,0.020128824476650563,
138,20.88030059044552,31.850509930220074,8.608427267847558,5.917874396135265,19.53166935050993,1.4224369296833066,0.9594739667203436,0.11406333870101985,10.695115405260333,,0.020128824476650563,
139,21.162104133118625,31.709608158883523,8.568169618894256,5.917874396135265,19.45115405260333,1.4090177133655395,0.9594739667203436,0.11406333870101985,10.68840579710145,,0.020128824476650563,
140,21.484165324745035,31.5552871712292,8.628556092324208,5.917874396135265,19.343800322061192,1.3754696725711217,0.9594739667203436,0.11406333870101985,10.601180891035963,,0.020128824476650563,
141,21.38352120236178,31.011808910359633,11.218464841653248,4.17337627482555,19.310252281266774,1.3553408480944713,0.8722490606548577,0.11406333870101985,10.540794417606012,,0.020128824476650563,
142,21.390230810520666,30.756843800322063,11.124530327428879,3.9720880300590444,19.061996779388085,2.509393451422437,0.5166398282340311,0.11406333870101985,10.534084809447128,,0.020128824476650563,
143,21.430488459473967,30.347557702630166,11.621041331186259,3.9720880300590444,18.99490069779925,2.509393451422437,0.5166398282340311,0.11406333870101985,10.473698336017177,,0.020128824476650563,
144,17.807300053676865,29.086151368760063,11.916264090177133,13.539989264626946,17.23027375201288,0.8521202361782072,0.3824476650563607,0.11406333870101985,9.05126140633387,,0.020128824476650563,
145,18.115942028985508,29.03918411164788,11.862587224906065,13.459473966720344,17.136339237788512,0.8387010198604401,0.3824476650563607,0.11406333870101985,9.03113258185722,,0.020128824476650563,
146,18.35077831454643,28.951959205582394,11.788781535158346,13.425925925925926,17.09608158883521,0.8387010198604401,0.3824476650563607,0.11406333870101985,9.03113258185722,,0.020128824476650563,
147,18.572195383789587,28.884863123993558,11.735104669887278,12.962962962962964,17.03569511540526,0.8387010198604401,0.8454106280193237,0.11406333870101985,8.99087493290392,,0.020128824476650563,
148,18.92109500805153,28.817767042404725,11.580783682232958,12.93612453032743,16.99543746645196,0.8387010198604401,0.8454106280193237,0.11406333870101985,8.930488459473967,,0.020128824476650563,
149,19.256575415995705,28.683574879227052,11.574074074074074,12.754965110037574,16.982018250134193,0.8387010198604401,0.8454106280193237,0.11406333870101985,8.930488459473967,,0.020128824476650563,
150,19.424315619967793,28.629898013955984,11.506977992485238,12.754965110037574,16.948470209339774,0.8387010198604401,0.8454106280193237,0.11406333870101985,8.917069243156199,,0.020128824476650563,
151,19.692699946323135,28.529253891572733,11.473429951690822,12.654320987654321,16.914922168545356,0.8387010198604401,0.8454106280193237,0.11406333870101985,8.917069243156199,,0.020128824476650563,
152,20.04830917874396,28.408480944712828,11.406333870101985,12.620772946859903,16.847826086956523,0.8185721953837896,0.8185721953837896,0.11406333870101985,8.896940418679549,,0.020128824476650563,
153,20.202630166398283,28.37493290391841,11.379495437466453,12.560386473429952,16.847826086956523,0.8185721953837896,0.8185721953837896,0.11406333870101985,8.863392377885132,,0.020128824476650563,
154,20.397208803005906,28.32125603864734,11.379495437466453,12.5402576489533,16.700214707461082,0.8185721953837896,0.9125067096081588,0.11406333870101985,8.796296296296296,,0.020128824476650563,
155,20.578368223295758,28.26086956521739,11.366076221148685,12.526838432635534,16.639828234031132,0.8185721953837896,0.9125067096081588,0.11406333870101985,8.76274825550188,,0.020128824476650563,
156,20.108695652173914,27.314814814814813,11.439881910896403,19.85373054213634,14.667203435319378,0.8185721953837896,0.8185721953837896,0.10735373054213634,4.851046698872786,,0.020128824476650563,
157,20.42404723564144,27.120236178207193,11.520397208803006,19.712828770799785,14.606816961889425,0.8185721953837896,0.8185721953837896,0.10735373054213634,4.851046698872786,,0.020128824476650563,
158,20.705850778314545,27.059849704777243,11.345947396672035,19.598765432098766,14.593397745571659,0.8185721953837896,0.8185721953837896,0.0939345142243693,4.8376274825550185,,0.020128824476650563,0.10735373054213634
159,20.893719806763286,27.026301663982824,11.345947396672035,19.565217391304348,14.553140096618357,0.8185721953837896,0.798443370907139,0.0939345142243693,4.777241009125067,,0.020128824476650563,0.10735373054213634
160,21.235909822866343,26.99946323134729,11.325818572195384,19.39747718733226,14.439076757917338,0.8051529790660226,0.798443370907139,0.0939345142243693,4.777241009125067,,0.020128824476650563,0.10735373054213634
161,21.83977455716586,26.88539989264627,11.2788513150832,19.028448738593667,14.36527106816962,0.8051529790660226,0.798443370907139,0.0939345142243693,4.777241009125067,,0.020128824476650563,0.10735373054213634
162,22.20209339774557,26.643853998926463,11.231884057971014,18.9747718733226,14.090177133655395,0.7917337627482555,0.798443370907139,0.36231884057971014,4.777241009125067,,0.020128824476650563,0.10735373054213634
163,22.36983360171766,26.643853998926463,11.158078368223295,18.907675791733762,14.06333870101986,0.7917337627482555,0.798443370907139,0.36231884057971014,4.777241009125067,,0.020128824476650563,0.10735373054213634
164,22.490606548577563,26.623725174449813,11.158078368223295,18.894256575415994,14.036500268384327,0.7917337627482555,0.798443370907139,0.36231884057971014,4.7168545356951155,,0.020128824476650563,0.10735373054213634
165,22.71202361782072,26.570048309178745,11.124530327428879,18.84728931830381,13.976113794954374,0.7917337627482555,0.798443370907139,0.36231884057971014,4.690016103059581,,0.020128824476650563,0.10735373054213634
166,23.19511540526033,26.41572732152442,11.084272678475577,18.605743424584006,13.962694578636608,0.7917337627482555,0.798443370907139,0.36231884057971014,4.656468062265164,,0.020128824476650563,0.10735373054213634
167,23.416532474503487,26.321792807300053,11.05072463768116,18.511808910359633,13.962694578636608,0.7917337627482555,0.798443370907139,0.36231884057971014,4.656468062265164,,0.020128824476650563,0.10735373054213634
168,23.919753086419753,26.261406333870102,10.95679012345679,18.317230273752013,13.821792807300053,0.7783145464304885,0.798443370907139,0.36231884057971014,4.656468062265164,,0.020128824476650563,0.10735373054213634
169,23.906333870101985,26.247987117552334,11.332528180354267,17.995169082125603,13.801663982823403,0.7716049382716049,0.798443370907139,0.36231884057971014,4.656468062265164,,0.020128824476650563,0.10735373054213634
170,24.214975845410628,25.979602791196996,11.43317230273752,17.894524959742352,13.774825550187868,0.7716049382716049,0.798443370907139,0.36231884057971014,4.643048845947397,,0.020128824476650563,0.10735373054213634
171,24.382716049382715,25.845410628019323,11.419753086419753,17.834138486312398,13.45276435856146,0.8722490606548577,1.0601180891035964,0.36231884057971014,4.643048845947397,,0.020128824476650563,0.10735373054213634
172,24.55716586151369,25.697799248523886,11.439881910896403,17.793880837359097,13.45276435856146,0.8722490606548577,1.0534084809447128,0.36231884057971014,4.643048845947397,,0.020128824476650563,0.10735373054213634
173,24.65780998389694,25.617283950617285,11.379495437466453,17.773752012882447,13.419216317767042,0.8722490606548577,1.1473429951690821,0.36231884057971014,4.643048845947397,,0.020128824476650563,0.10735373054213634
174,24.89935587761675,25.577026301663984,11.379495437466453,17.62614063338701,13.39237788513151,0.8722490606548577,1.1473429951690821,0.36231884057971014,4.616210413311863,,0.020128824476650563,0.10735373054213634
175,25.120772946859905,25.462962962962962,11.325818572195384,17.57246376811594,13.39237788513151,0.8722490606548577,1.1473429951690821,0.36231884057971014,4.616210413311863,,0.020128824476650563,0.10735373054213634
176,25.335480407944175,25.462962962962962,11.312399355877616,17.518786902844873,13.251476113794954,0.8722490606548577,1.1473429951690821,0.36231884057971014,4.609500805152979,,0.020128824476650563,0.10735373054213634
177,25.49651100375738,25.39586688137413,11.292270531400966,17.505367686527105,13.20450885668277,0.8722490606548577,1.1473429951690821,0.36231884057971014,4.5960815888352125,,0.020128824476650563,0.10735373054213634
178,25.670960815888353,25.36231884057971,11.2788513150832,17.458400429414922,13.191089640365004,0.8722490606548577,1.1473429951690821,0.36231884057971014,4.528985507246377,,0.020128824476650563,0.10735373054213634
179,25.845410628019323,25.348899624261943,11.252012882447666,17.351046698872786,13.177670424047236,0.8722490606548577,1.1473429951690821,0.36231884057971014,4.51556629092861,,0.020128824476650563,0.10735373054213634
180,26.08695652173913,25.261674718196456,11.225174449812132,17.257112184648417,13.157541599570585,0.8655394524959742,1.1473429951690821,0.36231884057971014,4.508856682769726,,0.020128824476650563,0.10735373054213634
181,26.35534084809447,25.120772946859905,11.178207192699947,17.20343531937735,13.137412775093935,0.8655394524959742,1.1473429951690821,0.36231884057971014,4.502147074610843,,0.020128824476650563,0.10735373054213634
182,26.207729468599034,24.932903918411164,11.151368760064413,17.98845947396672,12.922705314009661,0.6709608158883521,1.1473429951690821,0.36231884057971014,4.488727858293076,,0.020128824476650563,0.10735373054213634
183,26.684111647879764,24.67793880837359,11.044015029522276,17.961621041331185,12.902576489533011,0.6709608158883521,1.1473429951690821,0.36231884057971014,4.42163177670424,,0.020128824476650563,0.10735373054213634
184,26.986044015029524,24.54374664519592,11.003757380568974,17.907944176060116,12.835480407944177,0.6642512077294686,1.1473429951690821,0.36231884057971014,4.42163177670424,,0.020128824476650563,0.10735373054213634
185,26.912238325281802,24.255233494363928,11.426462694578637,17.881105743424584,12.808641975308642,0.6642512077294686,1.1473429951690821,0.36231884057971014,4.414922168545357,,0.020128824476650563,0.10735373054213634
186,27.066559312936125,24.235104669887278,11.3593666129898,17.840848094471284,12.781803542673108,0.6642512077294686,1.1473429951690821,0.36231884057971014,4.414922168545357,,0.020128824476650563,0.10735373054213634
187,27.355072463768117,24.14787976382179,11.332528180354267,17.330917874396135,12.70799785292539,0.6642512077294686,1.583467525496511,0.36231884057971014,4.40150295222759,,0.020128824476650563,0.0939345142243693
188,27.66371443907676,24.013687600644122,11.285560923242082,17.24369296833065,12.701288244766506,0.6642512077294686,1.583467525496511,0.36231884057971014,4.367954911433173,,0.020128824476650563,0.0939345142243693
189,27.965646806226516,23.980139559849704,11.238593666129898,17.183306494900698,12.681159420289855,0.6642512077294686,1.583467525496511,0.3488996242619431,4.240472356414386,,0.020128824476650563,0.0939345142243693
190,28.287707997852927,23.812399355877616,11.198336017176597,17.122920021470748,12.674449812130971,0.6642512077294686,1.570048309178744,0.3488996242619431,4.206924315619967,,0.020128824476650563,0.0939345142243693
191,28.529253891572733,23.765432098765434,11.16478797638218,17.01556629092861,12.620772946859903,0.6642512077294686,1.570048309178744,0.3488996242619431,4.206924315619967,,0.020128824476650563,0.0939345142243693
192,28.77079978529254,23.57085346215781,11.124530327428879,16.948470209339774,12.607353730542137,0.6642512077294686,1.556629092860977,0.3488996242619431,4.294149221685454,,0.020128824476650563,0.0939345142243693
193,28.891572732152444,23.463499731615673,11.07085346215781,16.874664519592056,12.593934514224369,0.8118625872249061,1.556629092860977,0.3488996242619431,4.274020397208803,,0.020128824476650563,0.0939345142243693
194,29.045893719806763,23.396403650026837,11.05072463768116,16.82769726247987,12.466451959205582,0.8118625872249061,1.6706924315619969,0.3488996242619431,4.26731078904992,,0.020128824476650563,0.0939345142243693
195,29.260601180891037,23.309178743961354,10.983628556092324,16.606280193236714,12.446323134728932,0.8588298443370908,1.8048845947396672,0.3488996242619431,4.26731078904992,,0.020128824476650563,0.0939345142243693
196,29.47530864197531,23.21524422973698,10.929951690821255,16.545893719806763,12.446323134728932,0.8588298443370908,1.8048845947396672,0.3488996242619431,4.260601180891036,,0.020128824476650563,0.0939345142243693
197,29.676596886741816,23.15485775630703,10.916532474503489,16.485507246376812,12.506709608158884,0.8588298443370908,1.7646269457863661,0.3488996242619431,4.17337627482555,,0.020128824476650563,0.0939345142243693
198,29.723564143854,22.926731078904993,11.151368760064413,16.451959205582394,12.486580783682234,0.8588298443370908,1.7646269457863661,0.3488996242619431,4.17337627482555,,0.020128824476650563,0.0939345142243693
199,29.864465915190554,22.79253891572732,11.131239935587761,16.364734299516908,12.486580783682234,0.8521202361782072,1.8786902844873858,0.3488996242619431,4.166666666666667,,0.020128824476650563,0.0939345142243693
200,30.119431025228128,22.67176596886742,11.07085346215781,16.297638217928075,12.486580783682234,0.8521202361782072,1.8719806763285025,0.3488996242619431,4.166666666666667,,0.020128824476650563,0.0939345142243693
201,30.213365539452496,22.638217928073,11.07085346215781,16.29092860976919,12.486580783682234,0.8521202361782072,1.8451422436929683,0.3488996242619431,4.139828234031133,,0.020128824476650563,0.0939345142243693
202,30.495169082125603,22.537573805689746,11.05072463768116,16.27750939345142,12.439613526570048,0.8521202361782072,1.7444981213097155,0.3488996242619431,4.139828234031133,,0.020128824476650563,0.0939345142243693
203,30.60252281266774,22.50402576489533,11.05072463768116,16.21712292002147,12.426194310252281,0.8521202361782072,1.7444981213097155,0.3488996242619431,4.139828234031133,,0.020128824476650563,0.0939345142243693
204,27.38191089640365,19.008319914117017,8.259527643585615,14.935587761674718,24.08078368223296,0.46967257112184646,1.6103059581320451,0.0939345142243693,4.139828234031133,,0.020128824476650563,
205,27.67042404723564,19.008319914117017,8.232689210950081,14.848362855609233,23.93317230273752,0.46967257112184646,1.6103059581320451,0.0939345142243693,4.1129898013955986,,0.020128824476650563,
206,27.730810520665592,18.96135265700483,8.219269994632313,14.781266774020397,23.93317230273752,0.46967257112184646,1.6774020397208802,0.0939345142243693,4.1129898013955986,,0.020128824476650563,
207,27.89855072463768,18.927804616210413,8.179012345679013,14.741009125067096,23.899624261943103,0.46967257112184646,1.6706924315619969,0.0939345142243693,4.0995705850778315,,0.020128824476650563,
208,28.14009661835749,18.88083735909823,8.165593129361245,14.680622651637144,23.79898013955985,0.46967257112184646,1.6505636070853462,0.0939345142243693,4.0995705850778315,,0.020128824476650563,
209,28.073000536768653,18.874127750939344,9.064680622651638,14.143853998926463,23.70504562533548,0.46967257112184646,1.6505636070853462,0.0939345142243693,3.9049919484702094,,0.020128824476650563,
210,28.25415995705851,18.86070853462158,9.057971014492754,14.04320987654321,23.658078368223297,0.46967257112184646,1.6371443907675791,0.0939345142243693,3.9049919484702094,,0.020128824476650563,
211,28.31454643048846,18.833870101986044,8.903650026838433,13.955984970477724,23.429951690821255,1.1943102522812667,1.6371443907675791,0.0939345142243693,3.616478797638218,,0.020128824476650563,
212,28.743961352657006,18.699677938808374,8.82313472893183,13.882179280730005,23.30246913580247,1.1876006441223832,1.6304347826086956,0.0939345142243693,3.616478797638218,,0.020128824476650563,
213,29.03918411164788,18.59903381642512,8.809715512614064,13.868760064412239,23.18840579710145,1.1540526033279657,1.6304347826086956,0.0939345142243693,3.5963499731615673,,0.020128824476650563,
214,29.17337627482555,18.57890499194847,8.80300590445518,13.81508319914117,23.13472893183038,1.1540526033279657,1.6304347826086956,0.0939345142243693,3.5963499731615673,,0.020128824476650563,
215,29.435050993022006,18.54535695115405,8.80300590445518,13.754696725711218,22.966988727858293,1.1540526033279657,1.6304347826086956,0.0939345142243693,3.5963499731615673,,0.020128824476650563,
216,29.69001610305958,18.438003220611915,8.742619431025227,13.714439076757918,22.86634460547504,1.2144390767579174,1.6304347826086956,0.0939345142243693,3.589640365002684,,0.020128824476650563,
217,29.864465915190554,18.42458400429415,8.715780998389693,13.647342995169081,22.819377348362856,1.2144390767579174,1.6304347826086956,0.0939345142243693,3.569511540526033,,0.020128824476650563,
218,30.04562533548041,18.344068706387546,8.662104133118627,13.573537305421363,22.517444981213096,1.2144390767579174,1.9659151905528718,0.0939345142243693,3.5628019323671496,,0.020128824476650563,
219,30.267042404723565,18.323939881910896,8.648684916800859,13.546698872785829,22.450348899624263,1.2144390767579174,1.9189479334406871,0.0939345142243693,3.515834675254965,,0.020128824476650563,
220,30.173107890499196,18.06897477187332,8.917069243156199,13.459473966720344,22.38996242619431,1.8115942028985508,1.8317230273752012,0.0939345142243693,3.2340311325818574,,0.020128824476650563,
221,30.334138486312398,18.00187869028449,8.68894256575416,13.41250670960816,22.309447128287708,1.7847557702630166,1.8183038110574343,0.0939345142243693,3.2206119162640903,,0.33548040794417605,
222,30.589103596349972,17.96833064949007,8.668813741277509,13.39237788513151,22.22222222222222,1.7713365539452497,1.7914653784219001,0.0939345142243693,3.166935050993022,,0.33548040794417605,
223,30.71658615136876,17.96833064949007,9.185453569511541,13.378958668813741,21.591519055287172,1.7713365539452497,1.7914653784219001,0.0939345142243693,3.166935050993022,,0.33548040794417605,
224,30.823939881910896,17.96833064949007,9.185453569511541,13.378958668813741,21.511003757380568,1.7713365539452497,1.7914653784219001,0.0939345142243693,3.140096618357488,,0.33548040794417605,
