,45,50,52,55,51,54,53,56,57
0,100.0,,,,,,,,
1,90.16371443907676,9.50751476113795,0.32877079978529256,,,,,,
2,81.26006441223832,18.411164787976382,0.32877079978529256,,,,,,
3,81.13258185721953,18.53864734299517,0.32877079978529256,,,,,,
4,80.91787439613526,18.33064949006978,0.7514761137949544,,,,,,
5,71.65190552871712,27.42216854535695,0.7514761137949544,0.17444981213097155,,,,,
6,71.5848094471283,27.489264626945786,0.7514761137949544,0.17444981213097155,,,,,
7,71.3768115942029,27.556360708534623,0.7514761137949544,0.3153515834675255,,,,,
8,65.4320987654321,32.588566827697264,0.7514761137949544,0.3153515834675255,0.9125067096081588,,,,
9,63.909017713365536,34.11164787976382,0.7514761137949544,0.3153515834675255,0.9125067096081588,,,,
10,63.479602791196996,33.40713902308105,0.7514761137949544,1.4492753623188406,0.9125067096081588,,,,
11,62.775093934514224,33.54804079441761,0.7514761137949544,1.4224369296833066,0.9125067096081588,0.5904455179817498,,,
12,62.855609232420825,33.467525496511,0.7514761137949544,1.4224369296833066,0.9125067096081588,0.5904455179817498,,,
13,62.80193236714976,33.52120236178207,0.7514761137949544,1.4224369296833066,0.9125067096081588,0.5904455179817498,,,
14,62.855609232420825,33.13204508856683,0.7514761137949544,1.4224369296833066,0.9125067096081588,0.9259259259259259,,,
15,62.92941492216855,33.09849704777241,0.7514761137949544,1.4224369296833066,0.9125067096081588,0.8856682769726248,,,
16,62.96296296296296,32.96430488459474,0.7514761137949544,1.4224369296833066,1.0131508319914118,0.8856682769726248,,,
17,63.077026301663984,32.85024154589372,0.7514761137949544,1.4224369296833066,1.0131508319914118,0.8856682769726248,,,
18,63.10386473429951,32.82340311325819,0.7514761137949544,1.4224369296833066,1.0131508319914118,0.8856682769726248,,,
19,62.68115942028985,33.272946859903385,0.7514761137949544,1.3955984970477724,1.0131508319914118,0.8856682769726248,,,
20,61.26543209876543,34.447128287708,0.7380568974771873,1.3955984970477724,1.2681159420289856,0.8856682769726248,,,
21,61.30568974771873,34.4068706387547,0.7380568974771873,1.3955984970477724,1.2681159420289856,0.8856682769726248,,,
22,58.25281803542673,37.47987117552335,0.7380568974771873,1.3955984970477724,1.247987117552335,0.8856682769726248,,,
23,58.10520665593129,37.64761137949544,0.7380568974771873,1.3754696725711217,1.247987117552335,0.8856682769726248,,,
24,57.930756843800324,37.82206119162641,0.7380568974771873,1.3754696725711217,1.247987117552335,0.8856682769726248,,,
25,56.21980676328502,39.20424047235642,0.7380568974771873,1.7042404723564144,1.247987117552335,0.8856682769726248,,,
26,53.26757917337628,38.6808910359635,0.32877079978529256,1.6774020397208802,5.226784755770263,0.8185721953837896,,,
27,50.6105743424584,40.183843263553406,0.32877079978529256,1.596886741814278,5.226784755770263,2.0531400966183573,,,
28,50.637412775093935,39.92216854535695,0.32877079978529256,1.596886741814278,5.340848094471283,2.0531400966183573,0.12077294685990338,,
29,50.91250670960816,39.49946323134729,0.32877079978529256,1.596886741814278,5.3274288781535155,2.214170692431562,0.12077294685990338,,
30,48.57085346215781,41.79414922168545,0.32877079978529256,1.7646269457863661,5.2066559312936125,2.214170692431562,0.12077294685990338,,
31,48.87949543746645,41.176865271068166,0.32877079978529256,2.073268921095008,5.2066559312936125,2.214170692431562,0.12077294685990338,,
32,48.88620504562534,40.55958132045089,0.32877079978529256,2.073268921095008,5.2066559312936125,2.214170692431562,0.7313472893183038,,
33,42.55904455179817,47.457058507783145,0.32877079978529256,1.751207729468599,4.85775630703167,2.214170692431562,0.8319914117015567,,
34,41.55260332796565,48.46349973161568,0.32877079978529256,1.751207729468599,4.85775630703167,2.214170692431562,0.8319914117015567,,
35,41.096349973161566,47.96027911969941,0.32877079978529256,1.751207729468599,5.8172302737520125,2.214170692431562,0.8319914117015567,,
36,40.754159957058505,48.691626409017715,0.32877079978529256,1.751207729468599,5.8172302737520125,2.214170692431562,0.4428341384863124,,
37,40.80112721417069,48.39640365002684,0.32877079978529256,1.751207729468599,5.8172302737520125,2.462426194310252,0.4428341384863124,,
38,39.59339774557166,49.261943102522814,0.322061191626409,1.8988191089640365,6.031937734836285,2.4490069779924855,0.4428341384863124,,
39,39.56655931293612,48.47691894793344,0.322061191626409,1.8786902844873858,6.239935587761675,2.4490069779924855,1.06682769726248,,
40,38.519860440150296,49.52361782071927,0.322061191626409,1.8786902844873858,6.239935587761675,2.4490069779924855,1.06682769726248,,
41,38.62050456253355,49.483360171765966,0.322061191626409,1.8786902844873858,6.1929683306494905,2.4355877616747184,1.06682769726248,,
42,38.81508319914117,49.074074074074076,0.322061191626409,2.0128824476650564,6.1929683306494905,2.5161030595813205,1.06682769726248,,
43,35.75550187869028,50.717928073000536,0.322061191626409,1.8250134192163177,8.064949006977992,2.24771873322598,1.06682769726248,,
44,35.87627482555019,50.6105743424584,0.322061191626409,1.8250134192163177,8.051529790660226,2.24771873322598,1.06682769726248,,
45,36.20504562533548,50.30193236714976,0.322061191626409,1.8250134192163177,8.031400966183575,2.24771873322598,1.06682769726248,,
46,36.08427267847558,50.26838432635534,0.322061191626409,1.9189479334406871,7.85024154589372,2.4892646269457863,1.06682769726248,,
47,36.47342995169082,49.83225979602791,0.322061191626409,1.9189479334406871,7.796564680622652,2.4892646269457863,1.1674718196457328,,
48,33.66881374127751,52.63687600644123,0.322061191626409,1.9189479334406871,7.796564680622652,2.4892646269457863,1.1674718196457328,,
49,32.9777241009125,50.89237788513151,0.6910896403650026,1.8115942028985508,10.091250670960816,2.428878153515835,1.107085346215781,,
50,32.91733762748255,50.44283413848631,0.6910896403650026,1.778046162104133,10.091250670960816,2.9723564143853998,1.107085346215781,,
51,29.817498658078367,42.47181964573269,1.710950080515298,1.2412775093934514,20.96081588835212,2.717391304347826,1.0802469135802468,,
52,30.24020397208803,41.948470209339774,1.710950080515298,1.3016639828234031,20.43075684380032,2.5161030595813205,1.8518518518518519,,
53,30.434782608695652,41.50563607085346,1.865271068169619,1.3620504562533549,18.833870101986044,2.657004830917874,3.3413848631239937,,
54,30.783682232957595,41.277509393451425,1.865271068169619,1.3620504562533549,18.820450885668276,2.589908749329039,3.3011272141706924,,
55,30.870907139023082,41.22383252818035,1.865271068169619,1.3620504562533549,18.78690284487386,2.589908749329039,3.3011272141706924,,
56,30.96484165324745,41.1634460547504,1.865271068169619,1.4962426194310252,18.61916264090177,2.589908749329039,3.3011272141706924,,
57,31.05877616747182,41.0829307568438,1.865271068169619,1.4962426194310252,18.605743424584006,2.589908749329039,3.3011272141706924,,
58,31.280193236714975,40.90848094471283,1.865271068169619,1.596886741814278,18.491680085882983,2.5026838432635534,3.3548040794417604,,
59,31.40096618357488,40.85480407944176,1.8518518518518519,1.596886741814278,18.4447128287708,2.49597423510467,3.3548040794417604,,
60,30.870907139023082,40.09661835748792,1.8451422436929683,1.5901771336553945,19.900697799248523,2.341653247450349,3.3548040794417604,,
61,31.233225979602793,39.720880300590444,2.01959205582394,1.5901771336553945,19.73966720343532,2.341653247450349,3.3548040794417604,,
62,30.797101449275363,40.17713365539453,2.01959205582394,1.5901771336553945,19.719538378958667,2.341653247450349,3.3548040794417604,,
63,30.92458400429415,40.09661835748792,2.01959205582394,1.5901771336553945,19.719538378958667,2.2946859903381642,3.3548040794417604,,
64,30.99838969404187,40.06977992485239,2.01959205582394,1.5901771336553945,19.672571121846484,2.2946859903381642,3.3548040794417604,,
65,31.092324208266238,39.392109500805155,2.0128824476650564,1.5096618357487923,18.632581857219538,4.005636070853462,3.3548040794417604,,
66,31.374127750939344,39.30488459473967,1.9726247987117553,1.5096618357487923,18.491680085882983,3.992216854535695,3.3548040794417604,,
67,31.266774020397207,39.10359634997316,5.179817498658078,1.5029522275899088,15.60654857756307,4.126409017713366,3.2139023081052067,,
68,30.73671497584541,38.91572732152442,4.9718196457326895,1.5029522275899088,16.566022544283413,4.092860976918948,3.2139023081052067,,
69,29.341116478797638,38.28502415458937,7.367149758454106,1.4694041867954912,16.566022544283413,3.851315083199141,3.1199677938808374,,
70,29.508856682769725,38.177670424047236,7.25979602791197,1.4694041867954912,16.53918411164788,3.851315083199141,3.193773483628556,,
71,29.59608158883521,38.00993022007515,7.474503488996243,1.4694041867954912,16.31105743424584,3.9452495974235107,3.193773483628556,,
72,29.66988727858293,37.936124530327426,7.474503488996243,1.4694041867954912,16.31105743424584,3.9452495974235107,3.193773483628556,,
73,26.590177133655395,41.7337627482555,7.011540526033279,1.3821792807300053,16.243961352657006,4.159957058507783,2.8784219001610305,,
74,25.831991411701555,39.801395598497045,6.857219538378959,1.5230810520665594,18.988191089640367,4.119699409554482,2.8784219001610305,,
75,25.664251207729468,39.982555018786904,6.561996779388084,1.5096618357487923,18.726516371443907,4.1129898013955986,3.4420289855072466,,
76,25.91250670960816,39.87520128824477,6.561996779388084,1.5096618357487923,18.585614600107355,4.1129898013955986,3.4420289855072466,,
77,25.764895330112722,38.6003757380569,6.561996779388084,1.4962426194310252,18.19645732689211,4.1129898013955986,5.267042404723564,,
78,25.93263553408481,38.35212023617821,6.561996779388084,1.4962426194310252,18.19645732689211,3.8043478260869565,5.656199677938808,,
79,26.073537305421365,36.35265700483092,6.340579710144928,1.7310789049919484,20.041599570585078,3.8043478260869565,5.656199677938808,,
80,25.704508856682768,36.46672034353194,6.937734836285561,1.7310789049919484,19.726247987117553,3.8043478260869565,5.629361245303274,,
81,26.167471819645733,36.46672034353194,6.776704240472356,1.7176596886741815,19.45115405260333,3.7909286097691894,5.629361245303274,,
82,26.261406333870102,36.26543209876543,7.0383789586688135,1.7176596886741815,19.39747718733226,3.7640901771336552,5.555555555555555,,
83,26.8719806763285,35.66156736446592,7.14573268921095,1.7176596886741815,19.28341384863124,3.7640901771336552,5.555555555555555,,
84,27.03972088030059,35.42002147074611,7.246376811594203,1.7176596886741815,19.061996779388085,3.9586688137412773,5.555555555555555,,
85,26.918947933440688,35.66156736446592,7.246376811594203,1.7176596886741815,18.95464304884595,3.9452495974235107,5.555555555555555,,
86,27.214170692431562,35.41331186258722,7.246376811594203,1.7176596886741815,18.92109500805153,3.9452495974235107,5.542136339237788,,
87,27.334943639291467,35.34621578099839,7.1725711218464845,1.7176596886741815,18.88083735909823,4.005636070853462,5.542136339237788,,
88,27.542941492216855,35.13150831991412,7.689210950080516,1.7176596886741815,18.61916264090177,3.7640901771336552,5.535426731078905,,
89,27.710681696188942,34.88996242619431,7.6623725174449815,1.9524959742351047,18.61916264090177,3.6500268384326353,5.515297906602254,,
90,27.75764895330113,34.77589908749329,7.7898550724637685,1.90552871712292,18.61916264090177,3.6500268384326353,5.501878690284487,,
91,27.985775630703166,34.64170692431562,7.75630703166935,1.90552871712292,18.605743424584006,3.6500268384326353,5.4549114331723025,,
92,27.697262479871174,34.76918947933441,6.763285024154589,3.0864197530864197,18.57890499194847,3.6500268384326353,5.4549114331723025,,
93,27.82474503488996,34.68196457326892,6.763285024154589,3.5091250670960816,18.115942028985508,3.6500268384326353,5.4549114331723025,,
94,28.06629092860977,34.648416532474506,6.702898550724638,3.5091250670960816,18.00187869028449,3.6366076221148687,5.434782608695652,,
95,28.14680622651637,34.46725711218465,6.689479334406871,3.6634460547504024,17.961621041331185,3.6366076221148687,5.434782608695652,,
96,28.28099838969404,34.292807300053674,6.723027375201288,3.8848631239935587,17.780461621041333,3.629898013955985,5.407944176060118,,
97,28.37493290391841,34.27938808373591,6.66935050993022,3.8848631239935587,17.753623188405797,3.629898013955985,5.407944176060118,,
98,26.80488459473967,32.085346215781,6.407675791733762,3.8177670424047236,21.672034353193773,3.5426731078904994,5.669618894256575,,
99,26.46940418679549,31.340579710144926,7.977724100912507,4.012345679012346,20.759527643585614,3.683574879227053,5.756843800322061,,
100,24.67793880837359,27.509393451422437,6.588835212023618,3.9586688137412773,26.94578636607622,3.535963499731616,6.78341384863124,,
101,25.09393451422437,27.469135802469136,6.588835212023618,3.9586688137412773,26.69753086419753,3.535963499731616,6.655931293612453,,
102,24.932903918411164,27.408749329039185,6.568706387546968,4.777241009125067,26.241277509393452,3.535963499731616,6.535158346752549,,
103,25.10064412238325,27.2812667740204,6.535158346752549,4.891304347826087,26.120504562533547,3.535963499731616,6.535158346752549,,
104,25.335480407944175,27.26113794954375,6.535158346752549,4.85775630703167,25.939345142243692,3.535963499731616,6.535158346752549,,
105,25.55018786902845,26.67740203972088,6.535158346752549,4.810789049919484,25.865539452495973,3.535963499731616,7.024959742351046,,
106,25.644122383252817,26.643853998926463,6.521739130434782,4.810789049919484,25.825281803542673,3.535963499731616,7.018250134192163,,
107,25.89908749329039,26.556629092860977,6.501610305958132,4.790660225442834,25.758185721953836,3.5225442834138487,6.971282877079979,,
108,25.201288244766506,24.724906065485776,6.139291465378422,4.864465915190553,28.817767042404725,3.8311862587224907,6.421095008051529,,
109,25.355609232420825,24.724906065485776,6.112453032742888,4.864465915190553,28.710413311862588,3.8311862587224907,6.400966183574879,,
110,25.49651100375738,24.651100375738057,6.112453032742888,4.864465915190553,28.650026838432634,3.824476650563607,6.400966183574879,,
111,25.637412775093935,24.56387546967257,6.085614600107354,4.851046698872786,28.63660762211487,3.824476650563607,6.400966183574879,,
112,25.758185721953836,24.402844873859365,6.233225979602791,4.851046698872786,28.60305958132045,3.750670960815888,6.400966183574879,,
113,25.89908749329039,24.315619967793882,6.233225979602791,4.851046698872786,28.56280193236715,3.7372517444981215,6.400966183574879,,
114,25.946054750402578,24.22168545356951,6.206387546967257,4.851046698872786,28.207192699946322,3.7372517444981215,6.635802469135802,0.19457863660762212,
115,26.140633387010197,24.040526033279658,6.199677938808374,4.609500805152979,28.12667740203972,4.05931293612453,6.629092860976919,0.19457863660762212,
116,25.939345142243692,23.993558776167472,6.166129898013956,4.609500805152979,28.428609769189478,4.052603327965647,6.615673644659152,0.19457863660762212,
117,26.02657004830918,23.96672034353194,6.166129898013956,4.609500805152979,28.368223295759528,4.052603327965647,6.615673644659152,0.19457863660762212,
118,26.10708534621578,23.96672034353194,6.139291465378422,4.609500805152979,28.33467525496511,4.052603327965647,6.595544820182502,0.19457863660762212,
119,26.42914653784219,23.8191089640365,6.099033816425121,4.609500805152979,28.08641975308642,3.8714439076757916,6.890767579173376,0.19457863660762212,
120,26.65727321524423,23.557434245840042,6.280193236714976,4.609500805152979,27.945517981749866,3.864734299516908,6.890767579173376,0.19457863660762212,
121,26.8317230273752,23.523886205045624,6.246645195920558,4.5893719806763285,27.85829307568438,3.864734299516908,6.890767579173376,0.19457863660762212,
122,27.033011272141707,23.49704777241009,6.233225979602791,4.5893719806763285,27.697262479871174,3.864734299516908,6.890767579173376,0.19457863660762212,
123,26.40901771336554,22.269189479334408,9.601449275362318,4.508856682769726,27.28797638217928,3.535963499731616,6.1929683306494905,0.19457863660762212,
124,26.84514224369297,22.188674181427803,9.460547504025765,4.508856682769726,27.073268921095007,3.535963499731616,6.1929683306494905,0.19457863660762212,
125,26.86527106816962,22.188674181427803,9.460547504025765,4.508856682769726,27.066559312936125,3.535963499731616,6.179549114331723,0.19457863660762212,
126,26.96591519055287,22.18196457326892,9.420289855072463,4.508856682769726,27.012882447665056,3.535963499731616,6.179549114331723,0.19457863660762212,
127,24.805421363392377,25.577026301663984,9.406870638754697,4.280730005367687,26.50295222758991,3.535963499731616,5.6964573268921095,0.19457863660762212,
128,25.194578636607623,25.489801395598498,9.27938808373591,4.280730005367687,26.32850241545894,3.535963499731616,5.6964573268921095,0.19457863660762212,
129,25.37573805689748,25.348899624261943,9.27938808373591,4.26731078904992,26.32850241545894,3.5091250670960816,5.6964573268921095,0.19457863660762212,
130,25.36231884057971,25.288513150831992,9.27938808373591,4.26731078904992,26.402308105206657,3.5091250670960816,5.6964573268921095,0.19457863660762212,
131,25.77831454643049,25.13419216317767,9.131776704240472,4.233762748255502,26.214439076757916,3.616478797638218,5.6964573268921095,0.19457863660762212,
132,25.946054750402578,25.006709608158882,9.131776704240472,4.2203435319377345,26.147342995169083,3.549382716049383,5.803811057434245,0.19457863660762212,
133,26.01315083199141,24.953032742887814,9.426999463231347,4.03918411164788,26.02657004830918,3.549382716049383,5.797101449275362,0.19457863660762212,
134,26.234567901234566,24.9194847020934,9.426999463231347,4.03918411164788,25.85882984433709,3.5426731078904994,5.783682232957595,0.19457863660762212,
135,26.583467525496513,24.476650563607084,9.31964573268921,3.9855072463768115,25.583735909822867,3.6902844873859366,5.904455179817498,0.4562533548040794,
136,26.7914653784219,24.44981213097155,9.225711218464841,3.9855072463768115,25.5703166935051,3.616478797638218,5.904455179817498,0.4562533548040794,
137,26.89210950080515,24.44981213097155,9.225711218464841,4.468599033816425,25.026838432635532,3.616478797638218,5.864197530864198,0.4562533548040794,
138,23.53059581320451,36.58749329039184,7.461084272678476,2.6704240472356413,21.07487922705314,3.0864197530864197,5.132850241545894,0.4562533548040794,
139,23.678207192699947,36.3996242619431,7.434245840042942,2.791196994095545,21.068169618894256,3.0394524959742353,5.132850241545894,0.4562533548040794,
140,24.00697799248524,36.13794954374664,7.367149758454106,2.791196994095545,21.068169618894256,3.0394524959742353,5.132850241545894,0.4562533548040794,
141,23.181696188942567,35.668276972624795,9.936929683306495,2.791196994095545,20.021470746108427,2.952227589908749,5.065754159957058,0.3824476650563607,
142,23.34272678475577,35.648148148148145,9.936929683306495,2.7643585614600106,19.90740740740741,2.952227589908749,5.065754159957058,0.3824476650563607,
143,23.517176596886742,35.50053676865271,9.936929683306495,2.737520128824477,19.90740740740741,2.952227589908749,5.065754159957058,0.3824476650563607,
144,23.49033816425121,34.46725711218465,9.842995169082126,2.9924852388620504,19.712828770799785,2.952227589908749,6.159420289855072,0.3824476650563607,
145,23.906333870101985,34.13177670424047,9.796027911969942,3.113258185721954,19.699409554482017,2.952227589908749,6.018518518518518,0.3824476650563607,
146,24.282071926999464,33.81642512077295,9.796027911969942,3.113258185721954,19.652442297369834,2.952227589908749,6.005099302200751,0.3824476650563607,
147,24.691358024691358,33.57487922705314,9.73564143853999,3.240740740740741,19.47128287707998,2.898550724637681,6.005099302200751,0.3824476650563607,
148,24.758454106280194,33.44739667203435,9.73564143853999,3.502415458937198,19.30354267310789,2.8918411164787976,5.978260869565218,0.3824476650563607,
149,25.11406333870102,33.272946859903385,9.688674181427805,3.44873859366613,19.243156199677937,2.871712292002147,5.978260869565218,0.3824476650563607,
150,25.214707461084274,33.25952764358561,9.655126140633387,3.4420289855072466,19.196188942565755,2.871712292002147,5.978260869565218,0.3824476650563607,
151,25.369028448738593,33.15888352120236,9.574610842726784,3.4420289855072466,19.108964036500268,2.844873859366613,6.119162640901771,0.3824476650563607,
152,25.523349436392916,33.051529790660226,9.574610842726784,3.4420289855072466,19.088835212023618,2.844873859366613,6.092324208266238,0.3824476650563607,
153,25.677670424047236,32.9777241009125,9.574610842726784,3.4420289855072466,19.008319914117017,2.844873859366613,6.092324208266238,0.3824476650563607,
154,25.15432098765432,33.319914117015564,9.574610842726784,3.6231884057971016,19.008319914117017,2.844873859366613,6.092324208266238,0.3824476650563607,
155,25.174449812130973,33.07836822329576,9.574610842726784,3.844605475040258,19.008319914117017,2.844873859366613,6.092324208266238,0.3824476650563607,
156,24.56387546967257,32.407407407407405,11.493558776167472,3.743961352657005,18.99490069779925,2.408749329039184,6.005099302200751,0.3824476650563607,
157,24.758454106280194,32.31347289318304,11.473429951690822,3.743961352657005,18.914385399892645,2.408749329039184,6.005099302200751,0.3824476650563607,
158,24.953032742887814,32.25979602791197,11.439881910896403,3.743961352657005,18.80703166935051,2.408749329039184,6.005099302200751,0.3824476650563607,
159,25.181159420289855,31.97128287707998,11.419753086419753,3.730542136339238,18.90096618357488,2.408749329039184,6.005099302200751,0.3824476650563607,
160,25.268384326355342,31.89747718733226,11.406333870101985,3.730542136339238,18.90096618357488,2.408749329039184,6.005099302200751,0.3824476650563607,
161,25.43612453032743,31.769994632313473,11.399624261943103,3.717122920021471,18.88083735909823,2.408749329039184,6.005099302200751,0.3824476650563607,
162,25.597155126140635,31.676060118089104,11.399624261943103,3.717122920021471,18.813741277509394,2.408749329039184,6.005099302200751,0.3824476650563607,
163,25.825281803542673,31.179549114331724,11.29898013955985,4.019055287171229,18.853998926462694,2.408749329039184,5.924584004294149,0.3824476650563607,0.10735373054213634
164,25.684380032206118,31.052066559312937,11.332528180354267,4.019055287171229,18.773483628556093,2.408749329039184,6.239935587761675,0.3824476650563607,0.10735373054213634
165,25.93263553408481,30.911164787976382,11.325818572195384,4.005636070853462,18.646001073537306,2.5496511003757383,6.139291465378422,0.3824476650563607,0.10735373054213634
166,26.402308105206657,30.595813204508858,11.29898013955985,3.992216854535695,18.646001073537306,2.5496511003757383,6.025228126677402,0.3824476650563607,0.10735373054213634
167,26.127214170692433,29.71014492753623,12.70799785292539,3.824476650563607,18.646001073537306,2.522812667740204,5.971551261406334,0.3824476650563607,0.10735373054213634
168,26.34863123993559,29.643048845947398,12.614063338701019,3.824476650563607,18.47826086956522,2.522812667740204,5.810520665593129,0.6508319914117016,0.10735373054213634
169,26.39559849704777,29.643048845947398,12.587224906065487,3.824476650563607,18.471551261406333,2.509393451422437,5.810520665593129,0.6508319914117016,0.10735373054213634
170,26.42914653784219,29.636339237788512,12.560386473429952,3.824476650563607,18.471551261406333,2.509393451422437,5.810520665593129,0.6508319914117016,0.10735373054213634
171,26.44927536231884,29.61621041331186,12.560386473429952,3.824476650563607,18.471551261406333,2.509393451422437,5.810520665593129,0.6508319914117016,0.10735373054213634
172,26.603596349973163,28.361513687600645,12.526838432635534,5.038915727321524,18.417874396135264,2.509393451422437,5.783682232957595,0.6508319914117016,0.10735373054213634
173,26.710950080515296,28.23403113258186,12.4597423510467,4.851046698872786,18.417874396135264,2.7844873859366612,5.783682232957595,0.6508319914117016,0.10735373054213634
174,27.046430488459475,28.119967793880836,12.29200214707461,4.8443370907139025,18.511808910359633,2.7844873859366612,5.642780461621041,0.6508319914117016,0.10735373054213634
175,26.704240472356414,28.482286634460547,12.29200214707461,4.8443370907139025,18.491680085882983,2.7844873859366612,5.642780461621041,0.6508319914117016,0.10735373054213634
176,26.84514224369297,28.32125603864734,12.218196457326892,4.817498658078368,18.47826086956522,2.918679549114332,5.642780461621041,0.6508319914117016,0.10735373054213634
177,26.778046162104133,28.307836822329577,12.365807836822329,4.817498658078368,18.47826086956522,2.9052603327965647,5.615942028985507,0.6239935587761675,0.10735373054213634
178,26.684111647879764,28.25415995705851,12.345679012345679,4.703435319377348,18.471551261406333,3.066290928609769,5.743424584004294,0.6239935587761675,0.10735373054213634
179,26.710950080515296,28.247450348899623,12.338969404186795,4.696725711218465,18.46484165324745,3.066290928609769,5.743424584004294,0.6239935587761675,0.10735373054213634
180,26.7914653784219,28.23403113258186,12.338969404186795,4.696725711218465,18.4447128287708,3.052871712292002,5.736714975845411,0.5971551261406334,0.10735373054213634
181,26.86527106816962,28.20048309178744,12.332259796027913,4.696725711218465,18.4447128287708,3.052871712292002,5.703166935050993,0.5971551261406334,0.10735373054213634
182,27.47584541062802,27.791196994095547,12.29200214707461,4.669887278582931,18.377616747181964,3.052871712292002,5.636070853462158,0.5971551261406334,0.10735373054213634
183,27.563070316693505,27.78448738593666,12.258454106280194,4.669887278582931,17.74020397208803,3.7037037037037037,5.636070853462158,0.5367686527106817,0.10735373054213634
184,27.75764895330113,27.74422973698336,12.177938808373591,4.64975845410628,17.726784755770264,3.683574879227053,5.615942028985507,0.5367686527106817,0.10735373054213634
185,28.099838969404185,27.17391304347826,12.204777241009126,4.938271604938271,17.58588298443371,3.7775093934514223,5.595813204508857,0.5367686527106817,0.08722490606548577
186,27.84487385936661,27.01959205582394,12.151100375738057,4.830917874396135,18.46484165324745,3.5225442834138487,5.542136339237788,0.5367686527106817,0.08722490606548577
187,27.999194847020934,26.99946323134729,12.13768115942029,4.830917874396135,18.46484165324745,3.502415458937198,5.441492216854535,0.5367686527106817,0.08722490606548577
188,28.119967793880836,26.918947933440688,12.070585077831455,4.830917874396135,18.51851851851852,3.502415458937198,5.414653784219001,0.5367686527106817,0.08722490606548577
189,27.992485238862052,26.858561460010737,12.04374664519592,4.830917874396135,18.491680085882983,3.7573805689747717,5.401234567901234,0.5367686527106817,0.08722490606548577
190,28.462157809983896,26.65727321524423,12.02361782071927,4.824208266237251,18.323939881910896,3.797638217928073,5.287171229200215,0.5367686527106817,0.08722490606548577
191,28.515834675254965,26.603596349973163,12.02361782071927,4.824208266237251,18.323939881910896,3.797638217928073,5.287171229200215,0.5367686527106817,0.08722490606548577
192,28.743961352657006,26.435856146001072,12.02361782071927,4.824208266237251,18.263553408480945,3.797638217928073,5.287171229200215,0.5367686527106817,0.08722490606548577
193,28.898282340311326,26.435856146001072,12.02361782071927,4.824208266237251,18.109232420826622,3.797638217928073,5.287171229200215,0.5367686527106817,0.08722490606548577
194,28.871443907675793,26.34863123993559,11.976650563607086,4.730273752012883,18.364197530864196,3.797638217928073,5.287171229200215,0.5367686527106817,0.08722490606548577
195,28.878153515834676,25.49651100375738,11.79549114331723,4.770531400966184,18.189747718733226,3.9989264626945786,6.266774020397209,0.5166398282340311,0.08722490606548577
196,28.864734299516908,25.32206119162641,11.79549114331723,4.690016103059581,18.189747718733226,4.294149221685454,6.239935587761675,0.5166398282340311,0.08722490606548577
197,28.951959205582394,25.221417069243156,11.79549114331723,4.797369833601718,18.095813204508858,4.294149221685454,6.239935587761675,0.5166398282340311,0.08722490606548577
198,29.1532474503489,25.107353730542137,11.902844873859367,4.797369833601718,18.06226516371444,4.26731078904992,6.105743424584004,0.5166398282340311,0.08722490606548577
199,27.958937198067634,24.402844873859365,11.902844873859367,4.676596886741814,20.363660762211488,4.26731078904992,5.8239398819108965,0.5166398282340311,0.08722490606548577
200,28.287707997852927,24.295491143317232,11.882716049382717,4.64975845410628,20.30998389694042,4.200214707461084,5.770263016639828,0.5166398282340311,0.08722490606548577
201,28.37493290391841,24.261943102522814,11.869296833064949,4.64975845410628,20.30998389694042,4.200214707461084,5.730005367686527,0.5166398282340311,0.08722490606548577
202,28.502415458937197,24.214975845410628,11.869296833064949,4.64975845410628,20.229468599033815,4.200214707461084,5.730005367686527,0.5166398282340311,0.08722490606548577
203,28.37493290391841,23.89291465378422,12.580515297906603,4.569243156199678,20.115405260332796,4.3545356951154055,5.508588298443371,0.5166398282340311,0.08722490606548577
204,28.549382716049383,23.852657004830917,12.513419216317766,4.542404723564144,20.075147611379496,4.3545356951154055,5.508588298443371,0.5166398282340311,0.08722490606548577
205,28.663446054750402,23.8191089640365,12.513419216317766,4.53569511540526,20.00805152979066,4.3545356951154055,5.508588298443371,0.5099302200751477,0.08722490606548577
206,28.549382716049383,23.49033816425121,12.72812667740204,4.64975845410628,19.746376811594203,4.864465915190553,5.374396135265701,0.5099302200751477,0.08722490606548577
207,28.59634997316157,23.45679012345679,12.72812667740204,4.643048845947397,19.706119162640903,4.810789049919484,5.4616210413311865,0.5099302200751477,0.08722490606548577
208,29.441760601180892,23.309178743961354,12.721417069243156,4.3545356951154055,19.672571121846484,4.602791196994096,5.300590445517981,0.5099302200751477,0.08722490606548577
209,29.69001610305958,22.926731078904993,12.721417069243156,4.522275899087493,19.47128287707998,4.602791196994096,5.401234567901234,0.5770263016639828,0.08722490606548577
210,29.750402576489535,22.785829307568438,12.627482555018787,4.49543746645196,19.57192699946323,4.703435319377348,5.401234567901234,0.5770263016639828,0.08722490606548577
211,29.810789049919485,22.450348899624263,12.553676865271068,4.569243156199678,19.558507783145465,4.99194847020934,5.401234567901234,0.5770263016639828,0.08722490606548577
212,29.300858829844337,22.000805152979066,12.553676865271068,4.777241009125067,20.35024154589372,4.985238862050457,5.367686527106817,0.5770263016639828,0.08722490606548577
213,29.394793344068706,21.987385936661298,12.553676865271068,4.777241009125067,20.336822329575952,4.978529253891573,5.307300053676865,0.5770263016639828,0.08722490606548577
214,29.421631776704242,21.987385936661298,12.553676865271068,4.777241009125067,20.30998389694042,4.978529253891573,5.307300053676865,0.5770263016639828,0.08722490606548577
215,29.408212560386474,21.906870638754697,12.828770799785293,4.777241009125067,20.26972624798712,4.9651100375738055,5.179817498658078,0.5770263016639828,0.08722490606548577
216,29.57595276435856,21.826355340848096,12.969672571121846,4.777241009125067,20.128824476650564,4.904723564143854,5.152979066022544,0.5770263016639828,0.08722490606548577
217,29.797369833601717,21.68545356951154,12.95625335480408,4.736983360171766,20.108695652173914,4.898013955984971,5.152979066022544,0.5770263016639828,0.08722490606548577
218,29.582662372517444,21.75925925925926,12.95625335480408,4.871175523349437,19.96779388083736,5.045625335480408,5.152979066022544,0.5770263016639828,0.08722490606548577
219,29.965110037573805,21.651905528717123,12.942834138486312,4.730273752012883,19.93424584004294,5.045625335480408,5.065754159957058,0.5770263016639828,0.08722490606548577
220,30.152979066022546,21.504294149221685,12.822061191626409,4.891304347826087,19.887278582930758,5.018786902844874,5.059044551798175,0.5770263016639828,0.08722490606548577
221,30.44820182501342,21.40365002683843,12.815351583467525,4.891304347826087,19.847020933977454,4.985238862050457,4.944981213097155,0.5770263016639828,0.08722490606548577
222,30.817230273752013,21.35668276972625,12.815351583467525,4.676596886741814,19.806763285024154,4.985238862050457,4.87788513150832,0.5770263016639828,0.08722490606548577
223,30.97826086956522,21.24932903918411,12.815351583467525,4.663177670424047,19.77992485238862,4.985238862050457,4.864465915190553,0.5770263016639828,0.08722490606548577
224,31.273483628556093,21.128556092324207,12.761674718196458,4.609500805152979,19.77992485238862,4.985238862050457,4.797369833601718,0.5770263016639828,0.08722490606548577
225,31.548577563070317,20.8064949006978,12.761674718196458,4.609500805152979,19.73966720343532,5.10601180891036,4.7638217928073,0.5770263016639828,0.08722490606548577
226,31.5552871712292,20.652173913043477,12.86231884057971,4.757112184648417,19.672571121846484,5.10601180891036,4.730273752012883,0.5770263016639828,0.08722490606548577
227,30.703166935050994,19.920826623725173,12.848899624261943,4.757112184648417,21.30300590445518,5.072463768115942,4.730273752012883,0.5770263016639828,0.08722490606548577
228,30.73671497584541,19.90740740740741,12.761674718196458,4.757112184648417,21.26945786366076,5.059044551798175,4.7101449275362315,0.5770263016639828,0.2214170692431562
229,30.837359098228664,19.90740740740741,12.74825550187869,4.757112184648417,21.256038647342994,4.99194847020934,4.7101449275362315,0.5703166935050993,0.2214170692431562
230,30.991680085882983,19.806763285024154,12.74825550187869,4.7168545356951155,21.256038647342994,4.978529253891573,4.7101449275362315,0.5703166935050993,0.2214170692431562
231,31.253354804079443,19.75979602791197,12.667740203972087,4.7168545356951155,21.162104133118625,4.951690821256038,4.696725711218465,0.5703166935050993,0.2214170692431562
232,31.340579710144926,19.75979602791197,12.627482555018787,4.7168545356951155,21.121846484165324,4.951690821256038,4.690016103059581,0.5703166935050993,0.2214170692431562
233,31.5150295222759,19.746376811594203,12.553676865271068,4.7168545356951155,21.048040794417606,4.938271604938271,4.690016103059581,0.5703166935050993,0.2214170692431562
234,31.749865807836823,19.444444444444443,12.473161567364466,4.985238862050457,20.9272678475577,4.938271604938271,4.690016103059581,0.5703166935050993,0.2214170692431562
235,31.964573268921097,19.350509930220074,12.426194310252281,4.958400429414922,20.90713902308105,4.938271604938271,4.663177670424047,0.5703166935050993,0.2214170692431562
236,32.085346215781,19.33709071390231,12.365807836822329,4.951690821256038,20.819914117015568,5.038915727321524,4.609500805152979,0.5703166935050993,0.2214170692431562
237,31.99141170155663,19.04186795491143,12.345679012345679,5.394524959742351,20.813204508856682,5.01207729468599,4.609500805152979,0.5703166935050993,0.2214170692431562
238,32.46108427267848,18.9345142243693,12.030327428878154,5.421363392377885,20.7662372517445,4.99194847020934,4.602791196994096,0.5703166935050993,0.2214170692431562
239,32.63553408480945,18.833870101986044,11.996779388083736,5.522007514761138,20.625335480407944,4.99194847020934,4.602791196994096,0.5703166935050993,0.2214170692431562
240,32.709339774557165,18.833870101986044,11.98336017176597,5.475040257648954,20.625335480407944,4.99194847020934,4.5893719806763285,0.5703166935050993,0.2214170692431562
241,32.830112721417066,18.780193236714975,11.98336017176597,5.475040257648954,20.591787439613526,4.958400429414922,4.5893719806763285,0.5703166935050993,0.2214170692431562
242,32.890499194847024,18.780193236714975,11.949812130971551,5.475040257648954,20.571658615136876,4.958400429414922,4.5893719806763285,0.5703166935050993,0.2147074610842727
243,32.54830917874396,18.552066559312937,13.144122383252817,5.475040257648954,20.343531937734838,4.703435319377348,4.448470209339774,0.5703166935050993,0.2147074610842727
244,32.62211486849168,18.54535695115405,13.144122383252817,5.428073000536768,20.343531937734838,4.703435319377348,4.428341384863124,0.5703166935050993,0.2147074610842727
245,32.78314546430489,18.471551261406333,13.056897477187333,5.428073000536768,20.377079978529252,4.703435319377348,4.394793344068707,0.5703166935050993,0.2147074610842727
246,33.05823939881911,18.46484165324745,13.043478260869565,5.381105743424584,20.276435856146,4.656468062265164,4.3478260869565215,0.5703166935050993,0.20128824476650564
247,32.98443370907139,18.4044551798175,13.023349436392914,5.381105743424584,20.457595276435857,4.62962962962963,4.3478260869565215,0.5703166935050993,0.20128824476650564
248,33.17230273752013,18.337359098228664,13.003220611916264,5.381105743424584,20.397208803005906,4.62962962962963,4.30756843800322,0.5703166935050993,0.20128824476650564
249,33.20585077831455,18.323939881910896,13.003220611916264,5.374396135265701,20.38378958668814,4.62962962962963,4.30756843800322,0.5703166935050993,0.20128824476650564
250,33.47423510466989,18.303811057434245,12.895866881374127,5.374396135265701,20.28985507246377,4.62962962962963,4.30756843800322,0.5233494363929146,0.20128824476650564
251,33.400429414922165,17.954911433172303,12.875738056897477,5.340848094471283,20.363660762211488,5.032206119162641,4.30756843800322,0.5233494363929146,0.20128824476650564
252,33.3870101986044,17.907944176060116,12.875738056897477,5.340848094471283,20.169082125603865,5.005367686527107,4.5893719806763285,0.5233494363929146,0.20128824476650564
253,33.74932903918411,17.887815351583466,12.587224906065487,5.314009661835748,19.840311325818572,4.978529253891573,4.918142780461621,0.5233494363929146,0.20128824476650564
254,34.024422973698336,17.907944176060116,12.546967257112184,5.267042404723564,19.699409554482017,4.978529253891573,4.851046698872786,0.5233494363929146,0.20128824476650564
255,34.064680622651636,17.847557702630166,12.52012882447665,5.267042404723564,19.659151905528716,5.065754159957058,4.851046698872786,0.5233494363929146,0.20128824476650564
256,34.23913043478261,17.834138486312398,12.372517444981213,5.267042404723564,19.558507783145465,5.038915727321524,4.9651100375738055,0.5233494363929146,0.20128824476650564
257,34.29951690821256,17.820719269994633,12.359098228663447,5.267042404723564,19.55179817498658,5.01207729468599,4.9651100375738055,0.5233494363929146,0.20128824476650564
258,34.366612989801396,17.773752012882447,12.27187332259796,5.46833064949007,19.41760601180891,5.01207729468599,4.9651100375738055,0.5233494363929146,0.20128824476650564
259,34.56119162640902,17.693236714975846,12.27187332259796,5.46833064949007,19.384057971014492,4.985238862050457,4.911433172302737,0.5233494363929146,0.20128824476650564
260,34.54777241009125,17.579173376274827,12.265163714439076,5.703166935050993,19.310252281266774,4.985238862050457,4.884594739667204,0.5233494363929146,0.20128824476650564
261,34.75577026301664,17.270531400966185,12.218196457326892,5.636070853462158,19.363929146537842,5.173107890499195,4.85775630703167,0.5233494363929146,0.20128824476650564
262,34.82286634460547,17.163177670424048,12.157809983896941,5.636070853462158,19.316961889425656,5.166398282340311,5.01207729468599,0.5233494363929146,0.20128824476650564
263,35.245571658615134,16.874664519592056,12.694578636607622,5.5689747718733225,18.94122383252818,5.12614063338701,4.824208266237251,0.5233494363929146,0.20128824476650564
264,35.30595813204509,16.854535695115406,12.667740203972087,5.870907139023081,18.63929146537842,5.12614063338701,4.824208266237251,0.5233494363929146,0.1878690284487386
265,35.16505636070853,16.27750939345142,12.305421363392378,5.850778314546431,18.552066559312937,6.246645195920558,4.824208266237251,0.5904455179817498,0.1878690284487386
266,35.11808910359635,16.25738056897477,12.546967257112184,5.850778314546431,18.33064949006978,6.353998926462695,4.7638217928073,0.5904455179817498,0.1878690284487386
267,35.21202361782072,16.190284487385938,12.546967257112184,5.837359098228664,18.33064949006978,6.340579710144928,4.7638217928073,0.5904455179817498,0.1878690284487386
268,35.12479871175523,16.10305958132045,12.795222758990874,5.803811057434245,18.323939881910896,6.320450885668277,4.750402576489533,0.5904455179817498,0.1878690284487386
