,45,50,55,53,51,58,52,57,56,54,59,60,61
0,96.30300590445518,3.656736446591519,0.040257648953301126,,,,,,,,,,
1,95.18921095008052,4.723564143853999,0.08722490606548577,,,,,,,,,,
2,83.59500805152979,16.163446054750402,0.24154589371980675,,,,,,,,,,
3,74.04052603327966,23.1280193236715,0.3153515834675255,2.5161030595813205,,,,,,,,,
4,71.84648416532474,24.651100375738057,0.3421900161030596,2.4691358024691357,0.6910896403650026,,,,,,,,
5,71.71229200214708,22.38996242619431,0.3488996242619431,2.4557165861513686,3.079710144927536,0.013419216317767043,,,,,,,
6,66.62640901771337,29.32769726247987,0.4227053140096618,2.4557165861513686,1.1540526033279657,0.013419216317767043,,,,,,,
7,65.81454643048846,30.10601180891036,0.4227053140096618,2.428878153515835,1.2144390767579174,0.013419216317767043,,,,,,,
8,60.44015029522276,27.395330112721417,0.4830917874396135,2.3752012882447664,8.816425120772946,0.013419216317767043,0.47638217928073,,,,,,
9,57.930756843800324,31.5955448201825,0.4294149221685454,1.7042404723564144,7.823403113258186,0.013419216317767043,0.5032206119162641,,,,,,
10,55.079173376274824,31.736446591519055,0.5434782608695652,0.9728931830381106,7.87037037037037,0.013419216317767043,3.7372517444981215,0.04696725711218465,,,,,
11,51.44927536231884,35.178475577026305,0.6910896403650026,0.9728931830381106,7.9106280193236715,0.013419216317767043,3.7372517444981215,0.04696725711218465,,,,,
12,51.41572732152442,35.17176596886742,0.7447665056360708,0.9728931830381106,7.897208803005904,0.013419216317767043,3.7372517444981215,0.04696725711218465,,,,,
13,51.2614063338701,35.31266774020397,0.7581857219538379,0.9728931830381106,7.897208803005904,0.013419216317767043,3.7372517444981215,0.04696725711218465,,,,,
14,50.70450885668277,35.587761674718195,0.785024154589372,0.9728931830381106,7.467793880837359,0.013419216317767043,4.408212560386473,0.04696725711218465,0.013419216317767043,,,,
15,47.658346752549654,35.789049919484704,1.415727321524423,1.7981749865807837,8.78287707997853,0.013419216317767043,4.448470209339774,0.04696725711218465,0.013419216317767043,0.03354804079441761,,,
16,47.034353193773484,36.4398819108964,1.4358561460010735,1.8048845947396672,8.13875469672571,0.013419216317767043,5.038915727321524,0.04696725711218465,0.013419216317767043,0.03354804079441761,,,
17,47.014224369296834,36.2788513150832,1.5767579173376274,1.8048845947396672,8.165593129361245,0.013419216317767043,5.045625335480408,0.05367686527106817,0.013419216317767043,0.03354804079441761,,,
18,46.43719806763285,36.70826623725174,1.6841116478797638,1.8048845947396672,8.165593129361245,0.013419216317767043,5.0858829844337095,0.05367686527106817,0.013419216317767043,0.03354804079441761,,,
19,39.761137949543745,42.0222758990875,1.6035963499731616,1.8384326355340848,9.601449275362318,0.013419216317767043,5.059044551798175,0.05367686527106817,0.013419216317767043,0.03354804079441761,,,
20,38.459473966720346,44.77321524422974,1.6706924315619969,1.3486312399355878,8.353462157809984,0.013419216317767043,3.9855072463768115,0.03354804079441761,0.08722490606548577,1.2748255501878691,,,
21,36.3191089640365,44.316961889425656,1.8518518518518519,1.3486312399355878,10.742082662372518,0.013419216317767043,3.9855072463768115,0.03354804079441761,0.11406333870101985,1.2748255501878691,,,
22,36.36607622114869,44.196188942565755,1.9189479334406871,1.3754696725711217,10.695115405260333,0.013419216317767043,3.9855072463768115,0.03354804079441761,0.11406333870101985,1.3016639828234031,,,
23,36.43317230273752,44.02844873859367,2.01959205582394,1.3754696725711217,10.68840579710145,0.013419216317767043,3.978797638217928,0.03354804079441761,0.1274825550187869,1.2748255501878691,0.026838432635534086,,
24,35.65485775630703,43.53193773483628,2.187332259796028,1.415727321524423,11.721685453569512,0.013419216317767043,3.978797638217928,0.03354804079441761,0.13419216317767044,1.3016639828234031,0.026838432635534086,,
25,35.53408480944713,43.43800322061192,2.200751476113795,1.4962426194310252,11.694847020933977,0.013419216317767043,3.978797638217928,0.03354804079441761,0.13419216317767044,1.4492753623188406,0.026838432635534086,,
26,34.6081588835212,44.22302737520129,2.3752012882447664,1.4962426194310252,11.627750939345143,0.013419216317767043,3.9586688137412773,0.05367686527106817,0.1610305958132045,1.4559849704777241,0.026838432635534086,,
27,34.62157809983897,43.914385399892645,2.623456790123457,1.5163714439076759,11.20504562533548,0.013419216317767043,4.367954911433173,0.08722490606548577,0.18115942028985507,1.442565754159957,0.026838432635534086,,
28,34.58803005904455,43.75335480407944,2.831454643048846,1.482823403113258,11.18491680085883,0.04696725711218465,4.3478260869565215,0.11406333870101985,0.18115942028985507,1.442565754159957,0.026838432635534086,,
29,29.126409017713364,49.10762211486849,3.0193236714975846,1.4090177133655395,12.406065485775631,0.04696725711218465,3.193773483628556,0.08722490606548577,0.13419216317767044,1.442565754159957,0.026838432635534086,,
30,22.644927536231883,55.89774557165862,3.126677402039721,1.3419216317767042,11.922973698336017,0.04696725711218465,3.1870638754696725,0.08722490606548577,0.1274825550187869,1.5901771336553945,0.026838432635534086,,
31,22.31615673644659,53.79092860976919,2.9790660225442833,1.865271068169619,11.285560923242082,0.05367686527106817,5.8172302737520125,0.08722490606548577,0.1610305958132045,1.6170155662909287,0.026838432635534086,,
32,22.15512614063339,52.58990874932904,3.280998389694042,3.475577026301664,10.795759527643586,0.05367686527106817,5.810520665593129,0.08722490606548577,0.1610305958132045,1.5633387010198605,0.026838432635534086,,
33,22.249060654857757,50.81186258722491,2.9723564143853998,3.4621578099838968,13.20450885668277,0.06709608158883522,5.428073000536768,0.08722490606548577,0.1274825550187869,1.5633387010198605,0.026838432635534086,,
34,15.68035426731079,57.07192699946323,2.5831991411701556,3.435319377348363,12.754965110037574,0.06709608158883522,6.011808910359635,0.08722490606548577,0.19457863660762212,2.086688137412775,0.026838432635534086,,
35,15.613258185721953,48.31588835212023,2.509393451422437,3.166935050993022,21.920289855072465,0.06709608158883522,5.964841653247451,0.14090177133655393,0.1878690284487386,2.086688137412775,0.026838432635534086,,
36,15.579710144927537,46.30971551261406,2.6704240472356413,5.6964573268921095,21.195652173913043,0.0939345142243693,5.931293612453032,0.16774020397208803,0.20799785292538917,2.120236178207193,0.026838432635534086,,
37,15.613258185721953,46.19565217391305,2.7241009125067097,5.6964573268921095,21.18894256575416,0.0939345142243693,5.9447128287707995,0.16774020397208803,0.23483628556092323,2.1135265700483092,0.026838432635534086,,
38,15.619967793880837,46.101717659688674,2.818035426731079,5.703166935050993,21.081588835212024,0.0939345142243693,5.924584004294149,0.20128824476650564,0.3153515834675255,2.100107353730542,0.040257648953301126,,
39,15.593129361245303,45.551529790660226,2.9723564143853998,5.709876543209877,20.987654320987655,0.10735373054213634,5.9514224369296835,0.20128824476650564,0.3488996242619431,2.509393451422437,0.06709608158883522,,
40,15.673644659151906,45.41733762748255,3.052871712292002,5.709876543209877,20.853462157809982,0.10735373054213634,5.938003220611916,0.20128824476650564,0.4830917874396135,2.49597423510467,0.06709608158883522,,
41,15.693773483628556,45.02818035426731,2.6301663982823404,5.6964573268921095,20.719269994632313,0.10735373054213634,6.8035426731078905,0.20128824476650564,0.5233494363929146,2.5295222758990876,0.06709608158883522,,
42,14.942297369833602,44.900697799248526,2.7442297369833604,5.783682232957595,21.390230810520666,0.13419216317767044,6.66935050993022,0.20128824476650564,0.6374127750939346,2.5295222758990876,0.06709608158883522,,
43,14.821524422973699,44.28341384863124,2.7241009125067097,6.528448738593666,21.34326355340848,0.13419216317767044,6.602254428341385,0.24154589371980675,0.7112184648416533,2.5429414922168547,0.06709608158883522,,
44,13.580246913580247,42.7938808373591,2.791196994095545,5.864197530864198,24.792002147074612,0.13419216317767044,6.535158346752549,0.24825550187869028,0.6508319914117016,2.5429414922168547,0.06709608158883522,,
45,13.439345142243694,37.62748255501879,2.49597423510467,5.857487922705314,24.778582930756844,0.13419216317767044,12.822061191626409,0.27509393451422437,0.7246376811594203,1.8183038110574343,0.026838432635534086,,
46,13.47289318303811,37.432903918411164,2.6704240472356413,5.857487922705314,24.61755233494364,0.13419216317767044,12.822061191626409,0.27509393451422437,0.7917337627482555,1.8988191089640365,0.026838432635534086,,
47,13.573537305421363,36.81561996779388,2.885131508319914,5.837359098228664,24.9597423510467,0.13419216317767044,12.70799785292539,0.35560923242082665,0.8051529790660226,1.8988191089640365,0.026838432635534086,,
48,13.425925925925926,34.99060654857756,2.885131508319914,5.776972624798712,24.778582930756844,0.14090177133655393,14.660493827160494,0.39586688137412773,0.9594739667203436,1.9592055823939882,0.026838432635534086,,
49,13.493022007514762,34.84970477724101,2.9388083735909825,5.776972624798712,24.704777241009126,0.14090177133655393,14.626945786366075,0.4294149221685454,1.0198604401502953,1.9927536231884058,0.026838432635534086,,
50,13.553408480944713,34.72222222222222,3.066290928609769,5.756843800322061,24.516908212560388,0.15432098765432098,14.51959205582394,0.5300590445517982,1.133923778851315,2.01959205582394,0.026838432635534086,,
51,13.58695652173913,33.13875469672571,3.052871712292002,6.877348362855609,24.074074074074073,0.16774020397208803,15.371712292002147,0.5300590445517982,1.1540526033279657,2.01959205582394,0.026838432635534086,,
52,12.332259796027913,27.78448738593666,2.2611379495437465,8.964036500268385,31.776704240472355,0.16774020397208803,13.372249060654857,0.4294149221685454,0.9460547504025765,1.9390767579173376,0.026838432635534086,,
53,8.158883521202362,34.03113258185722,1.710950080515298,6.280193236714976,32.648953301127214,0.14761137949543746,13.79495437466452,0.4428341384863124,1.0466988727858293,1.710950080515298,0.026838432635534086,,
54,8.299785292538916,33.272946859903385,2.38191089640365,6.246645195920558,32.46108427267848,0.17444981213097155,13.781535158346752,0.4562533548040794,1.1876006441223832,1.710950080515298,0.026838432635534086,,
55,8.3467525496511,33.17230273752013,2.5966183574879227,6.280193236714976,32.098765432098766,0.17444981213097155,13.741277509393452,0.4562533548040794,1.42914653784219,1.6774020397208802,0.026838432635534086,,
56,8.387010198604402,33.12533548040794,2.6167471819645733,6.280193236714976,32.03166935050993,0.17444981213097155,13.674181427804616,0.5568974771873323,1.4626945786366077,1.6639828234031133,0.026838432635534086,,
57,8.440687063875469,33.08507783145464,2.6838432635534084,6.266774020397209,31.890767579173378,0.17444981213097155,13.633923778851315,0.5703166935050993,1.5633387010198605,1.6639828234031133,0.026838432635534086,,
58,8.501073537305421,33.05823939881911,2.6838432635534084,6.253354804079442,31.57541599570585,0.1878690284487386,13.627214170692431,0.5703166935050993,1.8518518518518519,1.6639828234031133,0.026838432635534086,,
59,8.541331186258722,32.9374664519592,2.7308105206655933,6.286902844873859,31.548577563070317,0.1878690284487386,13.573537305421363,0.6239935587761675,1.9122383252818036,1.6304347826086956,0.026838432635534086,,
60,8.380300590445518,31.723027375201287,2.737520128824477,6.273483628556092,36.78878153515835,0.20128824476650564,10.46027911969941,0.5166398282340311,1.7914653784219001,1.107085346215781,0.020128824476650563,,
61,8.145464304884594,35.03086419753087,2.576489533011272,5.837359098228664,37.6207729468599,0.14090177133655393,7.4141170155662905,0.2885131508319914,1.8183038110574343,1.107085346215781,0.020128824476650563,,
62,8.225979602791197,34.96376811594203,2.6301663982823404,5.770263016639828,37.5805152979066,0.17444981213097155,7.4141170155662905,0.2885131508319914,1.8250134192163177,1.107085346215781,0.020128824476650563,,
63,8.044820182501342,33.66881374127751,2.677133655394525,5.152979066022544,36.52710681696189,0.1274825550187869,10.534084809447128,0.322061191626409,1.7713365539452497,1.1540526033279657,0.020128824476650563,,
64,8.179012345679013,33.319914117015564,3.0193236714975846,5.173107890499195,36.3191089640365,0.14090177133655393,10.50053676865271,0.322061191626409,1.8518518518518519,1.1540526033279657,0.020128824476650563,,
65,8.152173913043478,30.287171229200215,2.945517981749866,5.186527106816962,36.12453032742888,0.16774020397208803,13.58695652173913,0.3488996242619431,2.033011272141707,1.1137949543746646,0.05367686527106817,,
66,8.179012345679013,30.20665593129361,3.0327428878153517,5.10601180891036,35.49382716049383,0.19457863660762212,13.378958668813741,0.3757380568974772,2.086688137412775,1.8518518518518519,0.0939345142243693,,
67,8.219269994632313,29.74369296833065,3.046162104133119,5.065754159957058,35.41331186258722,0.16774020397208803,13.110574342458401,0.4227053140096618,2.0531400966183573,2.6637144390767578,0.0939345142243693,,
68,8.152173913043478,29.300858829844337,3.0864197530864197,5.0791733762748255,34.74906065485776,0.16774020397208803,13.077026301663983,0.43612453032742887,2.059849704777241,3.7573805689747717,0.13419216317767044,,
69,8.179012345679013,29.21363392377885,3.1333870101986045,5.132850241545894,34.50751476113795,0.16774020397208803,13.043478260869565,0.4495437466451959,2.281266774020397,3.7573805689747717,0.13419216317767044,,
70,7.192699946323135,24.208266237251745,2.757648953301127,4.542404723564144,36.72839506172839,0.14761137949543746,18.659420289855074,0.3824476650563607,2.3886205045625335,2.9052603327965647,0.08722490606548577,,
71,7.226247987117552,24.18142780461621,2.7777777777777777,4.508856682769726,36.60762211486849,0.18115942028985507,18.57890499194847,0.4294149221685454,2.4557165861513686,2.965646806226516,0.08722490606548577,,
72,7.212828770799785,23.879495437466453,2.7442297369833604,4.904723564143854,35.75550187869028,0.18115942028985507,19.639023081052066,0.4562533548040794,2.3886205045625335,2.7509393451422435,0.08722490606548577,,
73,7.092055823939882,21.68545356951154,2.885131508319914,4.904723564143854,35.73537305421363,0.18115942028985507,19.538378958668815,0.5367686527106817,2.4355877616747184,4.898013955984971,0.08722490606548577,0.020128824476650563,
74,6.816961889425658,21.564680622651636,2.9253891572732154,5.609232420826624,34.45383789586688,0.1878690284487386,20.833333333333332,0.5300590445517982,2.328234031132582,4.643048845947397,0.08722490606548577,0.020128824476650563,
75,6.877348362855609,21.511003757380568,2.9589371980676327,5.589103596349974,34.42699946323135,0.17444981213097155,20.779656468062264,0.5636070853462157,2.38191089640365,4.62962962962963,0.08722490606548577,0.020128824476650563,
76,6.944444444444445,21.430488459473967,2.9790660225442833,5.495169082125604,33.031400966183575,0.17444981213097155,22.14170692431562,0.6642512077294686,2.3886205045625335,4.643048845947397,0.08722490606548577,0.020128824476650563,
77,6.998121309715513,21.423778851315085,2.9924852388620504,5.46833064949007,32.870370370370374,0.20799785292538917,21.866612989801396,0.9125067096081588,2.509393451422437,4.643048845947397,0.08722490606548577,0.020128824476650563,
78,7.125603864734299,21.296296296296298,3.1065485775630703,5.4616210413311865,32.72275899087493,0.2147074610842727,21.77938808373591,0.9259259259259259,2.6167471819645733,4.643048845947397,0.08722490606548577,0.020128824476650563,
79,7.085346215780999,20.96081588835212,3.113258185721954,7.212828770799785,32.11218464841653,0.2214170692431562,21.00107353730542,0.9594739667203436,2.771068169618894,4.455179817498658,0.08722490606548577,0.020128824476650563,
80,6.850509930220075,19.57192699946323,3.965378421900161,7.112184648416532,33.23939881910896,0.18115942028985507,20.598497047772412,0.9728931830381106,2.5429414922168547,4.871175523349437,0.07380568974771873,0.020128824476650563,
81,6.575415995705851,18.21658615136876,3.750670960815888,5.032206119162641,38.89559849704777,0.08051529790660225,19.93424584004294,0.9393451422436929,2.475845410628019,3.9989264626945786,0.06038647342995169,0.040257648953301126,
82,6.608964036500268,18.17632850241546,3.6902844873859366,5.032206119162641,39.66720343531938,0.08051529790660225,19.30354267310789,0.9594739667203436,2.4355877616747184,3.9452495974235107,0.06038647342995169,0.040257648953301126,
83,6.642512077294686,17.652979066022546,4.2203435319377345,5.059044551798175,38.888888888888886,0.08051529790660225,19.249865807836823,1.0198604401502953,2.475845410628019,4.609500805152979,0.06038647342995169,0.040257648953301126,
84,6.561996779388084,16.404991948470208,4.300858829844337,5.984970477724101,40.995705850778315,0.18115942028985507,18.572195383789587,1.0265700483091786,2.5496511003757383,3.3413848631239937,0.06038647342995169,0.020128824476650563,
85,6.6760601180891035,16.391572732152444,4.327697262479871,5.984970477724101,40.90177133655394,0.18115942028985507,18.5252281266774,1.0198604401502953,2.589908749329039,3.321256038647343,0.06038647342995169,0.020128824476650563,
86,6.696188942565755,16.33118625872249,4.3545356951154055,5.9514224369296835,40.687063875469676,0.2147074610842727,18.46484165324745,1.0466988727858293,2.7844873859366612,3.388352120236178,0.06038647342995169,0.020128824476650563,
87,6.816961889425658,16.23725174449812,4.448470209339774,5.931293612453032,40.53945249597424,0.24825550187869028,18.38432635534085,1.093666129898014,2.818035426731079,3.4017713365539453,0.06038647342995169,0.020128824476650563,
88,6.904186795491143,16.203703703703702,4.468599033816425,5.931293612453032,40.324745034889965,0.24825550187869028,18.323939881910896,1.133923778851315,2.9723564143853998,3.3816425120772946,0.06038647342995169,0.04696725711218465,
89,6.863929146537842,15.687063875469672,5.253623188405797,5.9447128287707995,38.687600644122384,0.24825550187869028,18.149490069779926,1.1607622114868492,3.1065485775630703,4.790660225442834,0.06038647342995169,0.04696725711218465,
90,6.649221685453569,15.559581320450885,5.314009661835748,6.9310252281266775,37.35909822866345,0.24825550187869028,18.095813204508858,1.1473429951690821,3.878153515834675,4.7101449275362315,0.06038647342995169,0.04696725711218465,
91,6.6827697262479875,15.365002683843263,5.891035963499732,6.756575415995706,37.05716586151369,0.30193236714975846,18.06226516371444,1.2144390767579174,3.878153515834675,4.643048845947397,0.06038647342995169,0.04696725711218465,0.040257648953301126
92,6.642512077294686,15.190552871712292,5.300590445517981,4.830917874396135,41.532474503489,0.2281266774020397,16.57944176060118,1.247987117552335,3.6902844873859366,4.542404723564144,0.1274825550187869,0.04696725711218465,0.040257648953301126
93,6.6827697262479875,14.626945786366075,5.22007514761138,5.743424584004294,41.39157273215244,0.2281266774020397,16.35131508319914,1.221148684916801,3.7640901771336552,4.555823939881911,0.1274825550187869,0.04696725711218465,0.040257648953301126
94,6.790123456790123,14.325013419216317,5.314009661835748,5.709876543209877,41.04938271604938,0.2281266774020397,17.23027375201288,1.247987117552335,3.7775093934514223,4.133118625872249,0.1274825550187869,0.026838432635534086,0.040257648953301126
95,6.743156199677939,13.868760064412239,5.287171229200215,5.562265163714439,41.0829307568438,0.2281266774020397,17.03569511540526,1.3352120236178207,3.8580246913580245,4.783950617283951,0.1274825550187869,0.04696725711218465,0.040257648953301126
96,6.776704240472356,13.613794954374665,5.253623188405797,6.468062265163715,40.747450348899626,0.2281266774020397,16.6129898013956,1.3352120236178207,3.9519592055823938,4.770531400966184,0.15432098765432098,0.04696725711218465,0.040257648953301126
97,6.796833064949007,13.613794954374665,5.401234567901234,6.340579710144928,40.47906602254428,0.36231884057971014,16.51905528717123,1.3888888888888888,4.119699409554482,4.656468062265164,0.2214170692431562,0.06038647342995169,0.040257648953301126
98,6.729736983360172,13.103864734299517,4.938271604938271,6.286902844873859,38.1508319914117,0.32877079978529256,19.32367149758454,1.415727321524423,4.032474503488996,5.367686527106817,0.2214170692431562,0.06038647342995169,0.040257648953301126
99,6.830381105743425,13.063607085346217,4.924852388620504,6.266774020397209,37.956253354804076,0.3488996242619431,19.28341384863124,1.4224369296833066,4.26731078904992,5.314009661835748,0.2214170692431562,0.06038647342995169,0.040257648953301126
100,6.515029522275899,12.86231884057971,4.783950617283951,6.260064412238325,34.74906065485776,0.3488996242619431,24.188137412775095,1.4358561460010735,3.750670960815888,4.777241009125067,0.2281266774020397,0.06038647342995169,0.040257648953301126
101,6.642512077294686,12.86231884057971,4.783950617283951,6.266774020397209,34.48067632850242,0.3488996242619431,24.060654857756308,1.4559849704777241,4.005636070853462,4.7638217928073,0.2281266774020397,0.06038647342995169,0.040257648953301126
102,6.535158346752549,12.553676865271068,4.770531400966184,9.473966720343531,34.44041867954911,0.3488996242619431,21.611647879763822,1.2412775093934514,3.965378421900161,4.730273752012883,0.2281266774020397,0.06038647342995169,0.040257648953301126
103,6.622383252818035,12.379227053140097,4.851046698872786,9.520933977455716,33.87010198604401,0.38915727321524424,22.624798711755233,1.221148684916801,3.44873859366613,4.730273752012883,0.24154589371980675,0.06038647342995169,0.040257648953301126
104,6.723027375201288,12.379227053140097,4.851046698872786,9.426999463231347,33.70907139023081,0.4495437466451959,22.544283413848632,1.2412775093934514,3.549382716049383,4.783950617283951,0.24154589371980675,0.06038647342995169,0.040257648953301126
105,6.508319914117015,12.453032742887816,4.864465915190553,8.749329039184111,33.61513687600644,0.4495437466451959,24.16129898013956,1.288244766505636,3.193773483628556,4.388083735909823,0.2281266774020397,0.06038647342995169,0.040257648953301126
106,6.367418142780462,12.338969404186795,5.71658615136876,8.729200214707461,31.374127750939344,0.4495437466451959,26.03327965646806,1.288244766505636,3.2675791733762747,4.17337627482555,0.1610305958132045,0.06038647342995169,0.040257648953301126
107,6.353998926462695,12.164519592055823,5.790391841116479,9.594739667203436,31.333870101986044,0.4495437466451959,25.174449812130973,1.4090177133655395,3.294417606011809,4.17337627482555,0.1610305958132045,0.06038647342995169,0.040257648953301126
108,6.367418142780462,12.164519592055823,5.730005367686527,9.648416532474503,31.266774020397207,0.4562533548040794,25.046967257112186,1.5230810520665594,3.3279656468062266,4.206924315619967,0.1610305958132045,0.06038647342995169,0.040257648953301126
109,6.4345142243692965,12.164519592055823,4.622920021470746,12.070585077831455,30.19994632313473,0.4562533548040794,24.92619431025228,1.6035963499731616,3.4286097691894795,3.8848631239935587,0.15432098765432098,0.013419216317767043,0.040257648953301126
110,6.615673644659152,12.097423510466989,4.656468062265164,13.90901771336554,29.7638217928073,0.4562533548040794,23.32259796027912,1.6237251744498122,3.4017713365539453,3.9184111647879765,0.18115942028985507,0.013419216317767043,0.040257648953301126
111,6.702898550724638,11.90955448201825,4.951690821256038,13.7211486849168,29.62962962962963,0.4562533548040794,23.121309715512613,1.6103059581320451,3.5963499731615673,4.066022544283414,0.18115942028985507,0.013419216317767043,0.040257648953301126
112,6.723027375201288,11.862587224906065,4.998658078368224,13.741277509393452,29.59608158883521,0.4428341384863124,23.07434245840043,1.6170155662909287,3.643317230273752,4.066022544283414,0.18115942028985507,0.013419216317767043,0.040257648953301126
113,6.78341384863124,11.862587224906065,5.005367686527107,13.66076221148685,29.54911433172303,0.46296296296296297,22.86634460547504,1.6706924315619969,3.683574879227053,4.2203435319377345,0.18115942028985507,0.013419216317767043,0.040257648953301126
114,6.66935050993022,11.81561996779388,5.01207729468599,14.439076757917338,29.414922168545356,0.43612453032742887,22.322866344605476,1.5901771336553945,3.8177670424047236,4.253891572732153,0.17444981213097155,0.013419216317767043,0.040257648953301126
115,6.8035426731078905,11.849168008588299,5.072463768115942,14.36527106816962,29.03918411164788,0.43612453032742887,22.24235104669887,1.6505636070853462,4.025764895330113,4.28743961352657,0.17444981213097155,0.013419216317767043,0.040257648953301126
116,6.884057971014493,11.748523886205046,6.300322061191626,14.049919484702093,28.401771336553946,0.43612453032742887,21.900161030595815,1.7310789049919484,4.052603327965647,4.26731078904992,0.17444981213097155,0.013419216317767043,0.040257648953301126
117,5.8239398819108965,9.936929683306495,5.528717122920021,11.741814278046162,34.76918947933441,0.2214170692431562,20.041599570585078,1.6035963499731616,3.408480944712829,6.736446591519055,0.13419216317767044,0.013419216317767043,0.040257648953301126
118,5.837359098228664,9.863123993558776,5.8239398819108965,11.721685453569512,33.02469135802469,0.20799785292538917,21.692163177670423,1.6371443907675791,3.294417606011809,6.709608158883521,0.13419216317767044,0.013419216317767043,0.040257648953301126
119,5.870907139023081,9.802737520128824,5.964841653247451,11.721685453569512,32.87707997852925,0.20799785292538917,21.62506709608159,1.737788513150832,3.2877079978529253,6.6760601180891035,0.17444981213097155,0.013419216317767043,0.040257648953301126
120,5.850778314546431,9.353193773483628,5.864197530864198,12.245034889962426,32.8166935050993,0.24154589371980675,21.497584541062803,1.8317230273752012,3.388352120236178,6.662640901771336,0.19457863660762212,0.013419216317767043,0.040257648953301126
121,5.562265163714439,8.950617283950617,5.844068706387547,12.130971551261407,34.17203435319377,0.2683843263553409,20.98094471282877,1.8988191089640365,3.2340311325818574,6.622383252818035,0.28180354267310787,0.013419216317767043,0.040257648953301126
122,5.615942028985507,8.655394524959743,5.850778314546431,11.057434245840042,33.36688137412775,0.24825550187869028,23.081052066559312,1.9726247987117553,3.260869565217391,6.535158346752549,0.30193236714975846,0.013419216317767043,0.040257648953301126
123,5.629361245303274,8.635265700483092,5.877616747181965,11.023886205045626,32.88378958668814,0.24825550187869028,23.403113258185723,2.006172839506173,3.374932903918411,6.561996779388084,0.30193236714975846,0.013419216317767043,0.040257648953301126
124,5.132850241545894,8.252818035426731,5.850778314546431,10.876274825550189,29.03918411164788,0.24825550187869028,28.56280193236715,2.033011272141707,3.166935050993022,6.468062265163715,0.3153515834675255,0.013419216317767043,0.040257648953301126
125,5.2066559312936125,8.252818035426731,5.857487922705314,10.82259796027912,28.992216854535695,0.28180354267310787,28.515834675254965,2.046430488459474,3.1736446591519054,6.481481481481482,0.3153515834675255,0.013419216317767043,0.040257648953301126
126,5.159688674181428,7.769726247987117,5.414653784219001,10.809178743961352,30.54213633923779,0.3153515834675255,28.32125603864734,2.046430488459474,3.3413848631239937,5.924584004294149,0.3153515834675255,,0.040257648953301126
127,5.280461621041331,7.6623725174449815,6.099033816425121,10.628019323671497,30.3743961352657,0.28180354267310787,27.979066022544284,2.0128824476650564,3.4286097691894795,5.904455179817498,0.30864197530864196,,0.040257648953301126
128,5.3341384863123995,7.6556629092860975,6.072195383789587,10.601180891035963,30.320719269994633,0.30864197530864196,27.985775630703166,2.033011272141707,3.435319377348363,5.891035963499732,0.30864197530864196,,0.05367686527106817
129,5.2066559312936125,7.615405260332796,5.857487922705314,10.560923242082662,36.41975308641975,0.30864197530864196,23.51046698872786,1.6572732152442298,2.871712292002147,5.642780461621041,0.2952227589908749,,0.05367686527106817
130,5.307300053676865,7.635534084809447,5.850778314546431,10.534084809447128,36.252012882447666,0.32877079978529256,23.013955984970476,1.7646269457863661,2.985775630703167,5.978260869565218,0.2952227589908749,,0.05367686527106817
131,5.421363392377885,7.635534084809447,5.83064949006978,10.399892646269459,36.06414385399893,0.3421900161030596,22.899892646269457,1.8250134192163177,3.1065485775630703,6.125872249060655,0.2952227589908749,,0.05367686527106817
132,5.475040257648954,7.595276435856146,5.83064949006978,10.339506172839506,35.990338164251206,0.38915727321524424,22.77241009125067,1.8451422436929683,3.2877079978529253,6.099033816425121,0.322061191626409,,0.05367686527106817
133,5.508588298443371,7.601986044015029,5.964841653247451,12.177938808373591,34.21900161030596,0.4092860976918948,22.564412238325282,1.892109500805153,3.193773483628556,6.085614600107354,0.322061191626409,,0.06038647342995169
134,5.662909286097692,7.588566827697263,5.9447128287707995,12.06387546967257,34.05126140633387,0.4092860976918948,22.571121846484164,1.865271068169619,3.374932903918411,6.085614600107354,0.322061191626409,,0.06038647342995169
135,5.736714975845411,7.555018786902845,5.924584004294149,12.057165861513688,34.004294149221685,0.4092860976918948,22.544283413848632,1.8786902844873858,3.408480944712829,6.085614600107354,0.322061191626409,,0.07380568974771873
136,5.83064949006978,7.058507783145465,5.374396135265701,11.379495437466453,33.95061728395062,0.322061191626409,24.48336017176597,1.8384326355340848,3.3279656468062266,6.0587761674718195,0.3153515834675255,,0.06038647342995169
137,5.776972624798712,6.951154052603328,5.35426731078905,11.352657004830919,34.68196457326892,0.35560923242082665,23.980139559849704,1.7713365539452497,3.3413848631239937,6.045356951154052,0.32877079978529256,,0.06038647342995169
138,5.837359098228664,6.9243156199677935,5.407944176060118,11.332528180354267,34.60144927536232,0.36902844873859364,23.906333870101985,1.8451422436929683,3.3279656468062266,6.025228126677402,0.36231884057971014,,0.06038647342995169
139,5.998389694041868,6.910896403650026,5.394524959742351,11.312399355877616,34.46725711218465,0.4025764895330113,23.805689747718734,1.8317230273752012,3.4017713365539453,6.038647342995169,0.3757380568974772,,0.06038647342995169
140,5.864197530864198,6.89747718733226,5.267042404723564,12.245034889962426,34.37332259796028,0.38915727321524424,23.22866344605475,1.8451422436929683,3.4286097691894795,6.031937734836285,0.3757380568974772,,0.05367686527106817
141,5.911164787976382,6.823671497584541,5.381105743424584,12.198067632850242,34.23242082662372,0.4227053140096618,23.201825013419217,1.8451422436929683,3.5225442834138487,6.031937734836285,0.3757380568974772,,0.05367686527106817
142,5.9514224369296835,6.696188942565755,5.58239398819109,12.177938808373591,34.14519592055824,0.4227053140096618,23.15485775630703,1.8451422436929683,3.5426731078904994,6.052066559312936,0.3757380568974772,,0.05367686527106817
143,5.877616747181965,6.501610305958132,5.22007514761138,11.218464841653248,34.024422973698336,0.41599570585077833,26.073537305421365,1.865271068169619,3.4688674181427803,5.01207729468599,0.24825550187869028,0.020128824476650563,0.05367686527106817
144,5.844068706387547,6.367418142780462,5.273752012882448,11.137949543746645,33.3064949006978,0.4428341384863124,26.912238325281802,1.8585614600107354,3.515834675254965,5.018786902844874,0.24825550187869028,0.020128824476650563,0.05367686527106817
145,5.864197530864198,6.367418142780462,5.5756843800322065,11.137949543746645,33.15888352120236,0.4428341384863124,26.7512077294686,1.8585614600107354,3.549382716049383,4.985238862050457,0.23483628556092323,0.020128824476650563,0.05367686527106817
146,5.917874396135265,6.367418142780462,5.636070853462158,11.09098228663446,33.09849704777241,0.4428341384863124,26.717659688674182,1.7847557702630166,3.6500268384326353,4.985238862050457,0.23483628556092323,0.020128824476650563,0.05367686527106817
147,6.025228126677402,6.353998926462695,5.642780461621041,11.044015029522276,33.02469135802469,0.4428341384863124,26.69753086419753,1.8048845947396672,3.670155662909286,4.9651100375738055,0.2549651100375738,0.020128824476650563,0.05367686527106817
148,6.072195383789587,6.347289318303811,5.488459473966721,11.406333870101985,32.79656468062265,0.4428341384863124,26.40901771336554,1.8988191089640365,3.8311862587224907,4.944981213097155,0.2549651100375738,0.05367686527106817,0.05367686527106817
149,6.0654857756307035,6.327160493827161,5.528717122920021,11.399624261943103,32.71604938271605,0.4428341384863124,26.20101986044015,2.1135265700483092,3.898282340311326,4.918142780461621,0.2549651100375738,0.08051529790660225,0.05367686527106817
150,6.0587761674718195,6.273483628556092,5.5689747718733225,11.312399355877616,32.39398819108964,0.5233494363929146,26.08695652173913,2.2208803005904456,4.025764895330113,5.132850241545894,0.2549651100375738,0.08051529790660225,0.06709608158883522
151,5.991680085882985,6.233225979602791,5.381105743424584,13.177670424047236,30.783682232957595,0.5367686527106817,25.59044551798175,2.2074610842726785,4.468599033816425,5.267042404723564,0.24154589371980675,0.06038647342995169,0.06038647342995169
152,5.991680085882985,6.233225979602791,5.367686527106817,13.687600644122384,30.770263016639827,0.5367686527106817,25.13419216317767,2.187332259796028,4.461889425657541,5.267042404723564,0.24154589371980675,0.06038647342995169,0.06038647342995169
153,6.018518518518518,6.280193236714976,5.971551261406334,13.077026301663983,30.756843800322063,0.5367686527106817,25.07380568974772,2.200751476113795,4.455179817498658,5.287171229200215,0.2281266774020397,0.06038647342995169,0.05367686527106817
154,6.105743424584004,6.280193236714976,5.958132045088567,13.050187869028449,30.669618894256576,0.5434782608695652,25.0,2.2208803005904456,4.51556629092861,5.287171229200215,0.2549651100375738,0.06038647342995169,0.05367686527106817
155,6.246645195920558,6.273483628556092,6.005099302200751,12.828770799785293,30.226784755770264,0.5233494363929146,24.932903918411164,2.1739130434782608,4.569243156199678,5.884326355340848,0.2214170692431562,0.06038647342995169,0.05367686527106817
156,6.327160493827161,6.273483628556092,5.9514224369296835,12.848899624261943,30.132850241545892,0.5233494363929146,24.859098228663445,2.2342995169082127,4.62962962962963,5.884326355340848,0.2214170692431562,0.06038647342995169,0.05367686527106817
157,5.870907139023081,5.589103596349974,5.864197530864198,12.815351583467525,31.374127750939344,0.5166398282340311,24.57729468599034,2.3550724637681157,4.864465915190553,5.837359098228664,0.2214170692431562,0.06038647342995169,0.05367686527106817
158,5.911164787976382,5.589103596349974,5.870907139023081,12.801932367149758,31.320450885668276,0.5166398282340311,24.570585077831456,2.3550724637681157,4.891304347826087,5.837359098228664,0.2214170692431562,0.06038647342995169,0.05367686527106817
159,5.891035963499732,5.5756843800322065,5.83064949006978,12.875738056897477,31.280193236714975,0.5770263016639828,24.456521739130434,2.368491680085883,4.985238862050457,5.810520665593129,0.2214170692431562,0.07380568974771873,0.05367686527106817
160,5.931293612453032,5.528717122920021,5.803811057434245,12.614063338701019,31.206387546967257,0.6239935587761675,24.704777241009126,2.4221685453569513,5.032206119162641,5.783682232957595,0.2214170692431562,0.07380568974771873,0.05367686527106817
161,5.971551261406334,5.528717122920021,5.897745571658615,12.5402576489533,31.125872249060656,0.6374127750939346,24.56387546967257,2.442297369833602,5.0858829844337095,5.857487922705314,0.2214170692431562,0.07380568974771873,0.05367686527106817
162,5.904455179817498,5.595813204508857,5.938003220611916,12.580515297906603,30.92458400429415,0.6709608158883521,24.490069779924852,2.4892646269457863,5.179817498658078,5.877616747181965,0.2214170692431562,0.07380568974771873,0.05367686527106817
163,5.978260869565218,5.5756843800322065,6.072195383789587,12.52012882447665,30.776972624798713,0.7246376811594203,24.188137412775095,2.6502952227589907,5.293880837359098,5.870907139023081,0.2214170692431562,0.07380568974771873,0.05367686527106817
164,6.018518518518518,5.515297906602254,6.696188942565755,12.513419216317766,30.35426731078905,0.7380568974771873,23.96672034353194,2.657004830917874,5.273752012882448,5.917874396135265,0.2214170692431562,0.07380568974771873,0.05367686527106817
165,6.152710681696189,5.495169082125604,6.689479334406871,12.506709608158884,30.226784755770264,0.7380568974771873,23.926462694578635,2.6502952227589907,5.3341384863123995,5.924584004294149,0.2214170692431562,0.08051529790660225,0.05367686527106817
166,6.199677938808374,5.46833064949007,6.716317767042405,12.493290391841116,29.57595276435856,0.7917337627482555,24.48336017176597,2.636876006441224,5.360976918947934,5.917874396135265,0.2214170692431562,0.08051529790660225,0.05367686527106817
167,6.213097155126141,5.4616210413311865,6.6827697262479875,12.385936661298981,29.522275899087493,0.7917337627482555,24.40955448201825,2.6704240472356413,5.374396135265701,6.132581857219538,0.2214170692431562,0.08051529790660225,0.05367686527106817
168,6.273483628556092,5.4549114331723025,6.6760601180891035,12.761674718196458,29.22705314009662,0.7447665056360708,24.268652710681696,2.7241009125067097,5.35426731078905,6.125872249060655,0.2549651100375738,0.08051529790660225,0.05367686527106817
169,6.327160493827161,5.4549114331723025,6.655931293612453,12.801932367149758,29.086151368760063,0.7380568974771873,24.22168545356951,2.7643585614600106,5.387815351583468,6.146001073537305,0.2549651100375738,0.10735373054213634,0.05367686527106817
170,6.239935587761675,5.4549114331723025,6.515029522275899,12.4597423510467,31.112453032742888,0.8722490606548577,23.15485775630703,2.61003757380569,5.320719269994632,5.884326355340848,0.24154589371980675,0.08051529790660225,0.05367686527106817
171,6.105743424584004,5.4549114331723025,6.293612453032743,13.88888888888889,30.09259259259259,0.8722490606548577,23.060923242082662,2.690552871712292,5.293880837359098,5.884326355340848,0.24154589371980675,0.08051529790660225,0.040257648953301126
172,6.152710681696189,5.428073000536768,6.266774020397209,13.45276435856146,29.508856682769725,0.8856682769726248,23.993558776167472,2.6704240472356413,5.360976918947934,5.917874396135265,0.24154589371980675,0.08051529790660225,0.040257648953301126
173,6.206387546967257,5.428073000536768,6.4412238325281805,13.318572195383789,29.448470209339774,0.8856682769726248,23.792270531400966,2.717391304347826,5.528717122920021,5.884326355340848,0.2281266774020397,0.08051529790660225,0.040257648953301126
174,6.253354804079442,5.428073000536768,6.421095008051529,13.311862587224907,29.401502952227588,0.9393451422436929,23.658078368223297,2.717391304347826,5.6964573268921095,5.8239398819108965,0.2281266774020397,0.08051529790660225,0.040257648953301126
175,6.293612453032743,5.414653784219001,6.481481481481482,13.271604938271604,29.314278046162105,0.9393451422436929,23.60440150295223,2.771068169618894,5.669618894256575,5.877616747181965,0.24154589371980675,0.08051529790660225,0.040257648953301126
176,6.394256575415996,5.401234567901234,6.427804616210413,13.264895330112722,29.200214707461082,0.9997316156736447,23.55072463768116,2.7979066022544283,5.6964573268921095,5.864197530864198,0.24154589371980675,0.12077294685990338,0.040257648953301126
177,6.387546967257112,5.414653784219001,6.427804616210413,12.714707461084272,31.528448738593667,0.9997316156736447,22.65834675254965,2.7442297369833604,5.689747718733226,5.065754159957058,0.2147074610842727,0.11406333870101985,0.040257648953301126
178,6.421095008051529,5.401234567901234,6.447933440687064,12.681159420289855,31.45464304884595,1.0332796564680622,22.65163714439077,2.7442297369833604,5.71658615136876,5.092592592592593,0.1878690284487386,0.1274825550187869,0.040257648953301126
