,45,50,55,51,54,52,53,56,57,58,59,61,60,63,62,64
0,98.40982286634461,1.5901771336553945,,,,,,,,,,,,,,
1,98.29575952764358,1.6975308641975309,0.0067096081588835215,,,,,,,,,,,,,
2,96.65861513687601,3.280998389694042,0.0067096081588835215,0.05367686527106817,,,,,,,,,,,,
3,92.81400966183575,7.092055823939882,0.07380568974771873,0.020128824476650563,,,,,,,,,,,,
4,92.3443370907139,7.541599570585078,0.07380568974771873,0.020128824476650563,0.020128824476650563,,,,,,,,,,,
5,80.46162104133118,19.39747718733226,0.10064412238325282,0.020128824476650563,0.020128824476650563,,,,,,,,,,,
6,78.1736446591519,21.604938271604937,0.14761137949543746,0.026838432635534086,0.020128824476650563,0.013419216317767043,0.013419216317767043,,,,,,,,,
7,77.00617283950618,22.665056360708533,0.15432098765432098,0.026838432635534086,0.020128824476650563,0.013419216317767043,0.11406333870101985,,,,,,,,,
8,71.13526570048309,28.529253891572733,0.15432098765432098,0.026838432635534086,0.020128824476650563,0.026838432635534086,0.10735373054213634,,,,,,,,,
9,70.00134192163178,25.81857219538379,0.3153515834675255,3.7104133118625873,0.020128824476650563,0.026838432635534086,0.10735373054213634,,,,,,,,,
10,53.824476650563604,42.04240472356415,0.2683843263553409,3.6634460547504024,,0.07380568974771873,0.11406333870101985,0.013419216317767043,,,,,,,,
11,50.64412238325282,45.16237251744498,0.30864197530864196,3.6500268384326353,,0.07380568974771873,0.11406333870101985,0.04696725711218465,,,,,,,,
12,49.37600644122383,42.008856682769725,0.6575415995705851,4.126409017713366,0.026838432635534086,3.643317230273752,0.11406333870101985,0.04696725711218465,,,,,,,,
13,48.94659151905529,40.57971014492754,0.7112184648416533,4.126409017713366,0.026838432635534086,5.421363392377885,0.11406333870101985,0.04696725711218465,0.026838432635534086,,,,,,,
14,48.20182501341922,40.11674718196457,0.8923778851315083,5.139559849704777,0.026838432635534086,5.381105743424584,0.11406333870101985,0.07380568974771873,0.05367686527106817,,,,,,,
15,46.4573268921095,40.45222758990875,0.8655394524959742,7.387278582930757,0.040257648953301126,4.488727858293076,0.11406333870101985,0.16774020397208803,0.026838432635534086,,,,,,,
16,46.41035963499731,40.3918411164788,0.9728931830381106,7.380568974771873,0.040257648953301126,4.455179817498658,0.11406333870101985,0.17444981213097155,0.06038647342995169,,,,,,,
17,45.82662372517445,39.60681696188943,0.9863123993558777,7.5348899624261945,0.040257648953301126,4.622920021470746,1.1003757380568975,0.20128824476650564,0.06038647342995169,0.020128824476650563,,,,,,
18,41.29092860976919,42.129629629629626,0.9594739667203436,10.46027911969941,0.040257648953301126,3.69699409554482,1.1003757380568975,0.20128824476650564,0.10064412238325282,0.020128824476650563,,,,,,
19,33.05823939881911,43.4044551798175,1.247987117552335,16.478797638217927,0.040257648953301126,3.683574879227053,1.751207729468599,0.2147074610842727,0.10064412238325282,0.020128824476650563,,,,,,
20,32.64224369296833,40.405260332796566,1.221148684916801,17.156468062265162,2.918679549114332,3.5292538915727323,1.751207729468599,0.2549651100375738,0.10064412238325282,0.020128824476650563,,,,,,
21,32.53488996242619,39.87520128824477,1.3419216317767042,17.12962962962963,2.932098765432099,3.515834675254965,2.227589908749329,0.28180354267310787,0.10064412238325282,0.04696725711218465,0.013419216317767043,,,,,
22,32.48121309715513,39.79468599033817,1.442565754159957,17.09608158883521,2.932098765432099,3.515834675254965,2.254428341384863,0.322061191626409,0.10064412238325282,0.04696725711218465,0.013419216317767043,,,,,
23,32.41411701556629,39.50617283950617,1.6505636070853462,17.042404723564143,3.066290928609769,3.515834675254965,2.254428341384863,0.38915727321524424,0.10064412238325282,0.04696725711218465,0.013419216317767043,,,,,
24,32.23295759527644,39.51959205582394,1.8183038110574343,17.008856682769725,3.0595813204508855,3.4822866344605474,2.254428341384863,0.4227053140096618,0.13419216317767044,0.04696725711218465,0.020128824476650563,,,,,
25,32.118894256575416,39.56655931293612,1.8853998926462694,17.028985507246375,3.0595813204508855,3.4822866344605474,2.254428341384863,0.4025764895330113,0.13419216317767044,0.04696725711218465,0.020128824476650563,,,,,
26,32.045088566827694,37.25845410628019,2.462426194310252,17.94820182501342,3.066290928609769,3.2340311325818574,2.254428341384863,1.5901771336553945,0.07380568974771873,0.04696725711218465,0.020128824476650563,,,,,
27,31.870638754696724,37.27187332259796,2.5161030595813205,17.921363392377884,3.0864197530864197,3.2541599570585076,2.281266774020397,1.6371443907675791,0.08051529790660225,0.06038647342995169,0.020128824476650563,,,,,
28,31.729736983360173,37.07729468599034,2.6435856146001075,17.8743961352657,3.2340311325818574,3.260869565217391,2.301395598497048,1.6841116478797638,0.08051529790660225,0.06038647342995169,0.05367686527106817,,,,,
29,31.54186795491143,36.46672034353194,2.677133655394525,17.143048845947398,3.260869565217391,3.2877079978529253,3.69699409554482,1.7310789049919484,0.08051529790660225,0.06038647342995169,0.05367686527106817,,,,,
30,29.911433172302736,34.68196457326892,2.6704240472356413,19.89398819108964,3.2474503488996245,4.38137412775094,3.3145464304884595,1.6774020397208802,0.08051529790660225,0.08722490606548577,0.05367686527106817,,,,,
31,29.884594739667204,34.54777241009125,2.8247450348899625,19.81347289318304,3.2340311325818574,4.3478260869565215,3.361513687600644,1.7310789049919484,0.11406333870101985,0.08722490606548577,0.05367686527106817,,,,,
32,29.64975845410628,28.187063875469672,2.690552871712292,26.52308105206656,3.280998389694042,4.334406870638754,3.294417606011809,1.7646269457863661,0.10735373054213634,0.08722490606548577,0.08051529790660225,,,,,
33,27.871712292002147,30.018786902844873,2.703972088030059,26.536500268384327,3.260869565217391,4.294149221685454,3.2742887815351582,1.7646269457863661,0.10735373054213634,0.08722490606548577,0.08051529790660225,,,,,
34,27.871712292002147,30.018786902844873,2.690552871712292,26.46940418679549,3.2340311325818574,4.294149221685454,3.2742887815351582,1.8317230273752012,0.10735373054213634,0.08722490606548577,0.12077294685990338,,,,,
35,27.690552871712292,29.830917874396135,2.690552871712292,26.89210950080515,3.2340311325818574,4.26731078904992,3.3011272141706924,1.7914653784219001,0.10735373054213634,0.07380568974771873,0.12077294685990338,,,,,
36,27.556360708534623,27.26784755770263,3.603059581320451,27.234299516908212,3.9452495974235107,4.85775630703167,3.3145464304884595,1.8719806763285025,0.11406333870101985,0.07380568974771873,0.14761137949543746,0.013419216317767043,,,,
37,25.308641975308642,29.57595276435856,3.5963499731615673,27.113526570048307,3.965378421900161,4.783950617283951,3.2742887815351582,1.9189479334406871,0.20128824476650564,0.10064412238325282,0.14761137949543746,0.013419216317767043,,,,
38,25.006709608158882,29.636339237788512,3.629898013955985,22.913311862587225,3.965378421900161,8.641975308641975,3.7909286097691894,1.9457863660762211,0.20128824476650564,0.10064412238325282,0.14761137949543746,0.013419216317767043,0.0067096081588835215,,,
39,25.006709608158882,29.562533548040793,3.6768652710681695,22.926731078904993,3.938539989264627,8.641975308641975,3.7640901771336552,1.9592055823939882,0.20128824476650564,0.1274825550187869,0.17444981213097155,0.013419216317767043,0.0067096081588835215,,,
40,24.92619431025228,29.347826086956523,3.81105743424584,22.383252818035427,4.341116478797638,9.192163177670425,3.475577026301664,2.0263016639828235,0.20128824476650564,0.10064412238325282,0.17444981213097155,0.013419216317767043,0.0067096081588835215,,,
41,24.60413311862587,28.797638217928075,3.475577026301664,22.470477724100913,3.8177670424047236,9.520933977455716,4.7101449275362315,2.0397208803005906,0.2683843263553409,0.10064412238325282,0.17444981213097155,0.013419216317767043,0.0067096081588835215,,,
42,23.2487922705314,29.455179817498657,3.44873859366613,23.282340311325818,3.770799785292539,9.480676328502415,4.683306494900698,2.01959205582394,0.2952227589908749,0.10064412238325282,0.19457863660762212,0.013419216317767043,0.0067096081588835215,,,
43,21.79951690821256,30.05233494363929,3.1468062265163717,24.416264090177133,3.770799785292539,9.594739667203436,4.663177670424047,1.9457863660762211,0.2952227589908749,0.10064412238325282,0.19457863660762212,0.013419216317767043,0.0067096081588835215,,,
44,21.73913043478261,30.03220611916264,3.260869565217391,20.45088566827697,3.770799785292539,9.574610842726784,8.668813741277509,1.8719806763285025,0.3153515834675255,0.10064412238325282,0.19457863660762212,0.013419216317767043,0.0067096081588835215,,,
45,21.578099838969404,29.924852388620504,3.3011272141706924,20.665593129361245,3.7573805689747717,9.581320450885668,8.662104133118627,1.8451422436929683,0.3488996242619431,0.10735373054213634,0.20799785292538917,0.013419216317767043,0.0067096081588835215,,,
46,21.578099838969404,29.830917874396135,3.3682232957595275,20.538110574342458,3.717122920021471,9.581320450885668,8.682232957595277,1.9524959742351047,0.3824476650563607,0.10735373054213634,0.24154589371980675,0.013419216317767043,0.0067096081588835215,,,
47,20.33011272141707,40.673644659151904,3.388352120236178,16.398282340311326,2.13365539452496,6.796833064949007,8.172302737520129,1.6706924315619969,0.2549651100375738,0.06038647342995169,0.10064412238325282,0.013419216317767043,0.0067096081588835215,,,
48,18.283682232957595,38.32528180354267,3.3011272141706924,17.975040257648953,2.0128824476650564,9.769189479334408,8.158883521202362,1.7176596886741815,0.27509393451422437,0.06038647342995169,0.10064412238325282,0.013419216317767043,0.0067096081588835215,,,
49,18.283682232957595,38.28502415458937,3.33467525496511,20.041599570585078,2.006172839506173,8.225979602791197,7.615405260332796,1.7579173376274826,0.2616747181964573,0.06038647342995169,0.10735373054213634,0.013419216317767043,0.0067096081588835215,,,
50,17.934782608695652,37.90257648953301,3.556092324208266,20.101986044015028,2.006172839506173,8.21256038647343,7.96430488459474,1.7914653784219001,0.33548040794417605,0.07380568974771873,0.10064412238325282,0.013419216317767043,0.0067096081588835215,,,
51,17.807300053676865,35.80246913580247,3.5628019323671496,20.954106280193237,2.0263016639828235,9.480676328502415,7.937466451959206,1.8317230273752012,0.39586688137412773,0.07380568974771873,0.10064412238325282,0.013419216317767043,0.013419216317767043,,,
52,17.72007514761138,35.73537305421363,3.670155662909286,19.80005367686527,2.0263016639828235,9.50751476113795,9.151905528717123,1.7847557702630166,0.4025764895330113,0.07380568974771873,0.10064412238325282,0.013419216317767043,0.013419216317767043,,,
53,17.19001610305958,31.588835212023618,4.40150295222759,24.993290391841118,2.0263016639828235,8.970746108427267,8.501073537305421,1.7914653784219001,0.32877079978529256,0.08051529790660225,0.10064412238325282,0.013419216317767043,0.013419216317767043,,,
54,17.12962962962963,31.528448738593667,4.40150295222759,24.92619431025228,2.1739130434782608,8.943907675791733,8.501073537305421,1.8585614600107354,0.32877079978529256,0.08051529790660225,0.10064412238325282,0.013419216317767043,0.013419216317767043,,,
55,17.062533548040793,28.5426731078905,2.965646806226516,35.07783145464305,1.9726247987117553,7.0383789586688135,5.998389694041868,0.9326355340848095,0.27509393451422437,0.026838432635534086,0.10064412238325282,,0.0067096081588835215,,,
56,17.022275899087493,28.515834675254965,3.079710144927536,34.92351046698873,1.9659151905528718,7.0383789586688135,5.998389694041868,1.0466988727858293,0.2885131508319914,0.026838432635534086,0.08722490606548577,,0.0067096081588835215,,,
57,16.324476650563607,28.918411164787976,3.1468062265163717,35.07783145464305,1.9659151905528718,7.024959742351046,5.984970477724101,1.1205045625335481,0.2885131508319914,0.040257648953301126,0.10064412238325282,,0.0067096081588835215,,,
58,16.022544283413847,27.63016639828234,2.985775630703167,36.99006977992485,1.6841116478797638,7.883789586688137,5.3341384863123995,1.0265700483091786,0.3153515834675255,0.06038647342995169,0.06709608158883522,,,,,
59,13.935856146001074,24.89935587761675,2.8650026838432634,41.727053140096615,1.6841116478797638,7.823403113258186,5.3341384863123995,1.221148684916801,0.3824476650563607,0.06038647342995169,0.06709608158883522,,,,,
60,11.674718196457327,23.07434245840043,2.804616210413312,44.93424584004294,2.8113258185721954,8.11862587224906,4.824208266237251,1.1808910359634996,0.4092860976918948,0.07380568974771873,0.0939345142243693,,,,,
61,10.768921095008052,22.571121846484164,2.871712292002147,46.464036500268385,2.8113258185721954,7.809983896940419,4.824208266237251,1.2748255501878691,0.4092860976918948,0.10064412238325282,0.0939345142243693,,,,,
62,8.017981749865807,31.608964036500268,2.771068169618894,44.276704240472355,2.7643585614600106,4.119699409554482,4.663177670424047,1.2815351583467525,0.3153515834675255,0.08722490606548577,0.0939345142243693,,,,,
63,7.997852925389157,31.52173913043478,2.871712292002147,44.16935050993022,2.7643585614600106,4.159957058507783,4.663177670424047,1.3553408480944713,0.3153515834675255,0.08722490606548577,0.0939345142243693,,,,,
64,7.950885668276973,31.508319914117017,2.9723564143853998,43.98819108964037,2.7308105206655933,4.180085882984434,4.663177670424047,1.4761137949543746,0.3153515834675255,0.12077294685990338,0.0939345142243693,,,,,
65,7.950885668276973,31.4345142243693,3.046162104133119,43.887546967257116,2.7308105206655933,4.146537842190016,4.663177670424047,1.5767579173376274,0.3488996242619431,0.12077294685990338,0.0939345142243693,,,,,
66,7.179280730005368,36.16478797638218,3.1065485775630703,40.76757917337628,2.6972624798711755,3.4286097691894795,4.51556629092861,1.6035963499731616,0.322061191626409,0.12077294685990338,0.0939345142243693,,,,,
67,7.179280730005368,36.03730542136339,3.240740740740741,40.19726247987118,2.7308105206655933,3.4420289855072466,4.502147074610843,2.13365539452496,0.322061191626409,0.12077294685990338,0.0939345142243693,,,,,
68,7.1658615136876005,35.86285560923242,3.408480944712829,39.99597423510467,2.7308105206655933,3.435319377348363,4.502147074610843,2.3349436392914655,0.3488996242619431,0.12077294685990338,0.0939345142243693,,,,,
69,7.1658615136876005,35.75550187869028,3.475577026301664,39.331723027375205,3.81105743424584,3.4151905528717124,4.51556629092861,1.9927536231884058,0.33548040794417605,0.12077294685990338,0.08051529790660225,,,,,
70,6.468062265163715,35.621309715512616,3.455448201825013,36.513687600644126,3.8311862587224907,7.118894256575416,4.51556629092861,1.8988191089640365,0.36231884057971014,0.13419216317767044,0.08051529790660225,,,,,
71,6.468062265163715,35.57434245840043,3.44873859366613,36.44659151905529,3.8311862587224907,7.098765432098766,4.502147074610843,2.0128824476650564,0.36231884057971014,0.14761137949543746,0.08051529790660225,,0.026838432635534086,,,
72,6.468062265163715,35.28582930756844,3.784219001610306,36.32581857219538,3.8311862587224907,7.078636607622115,4.468599033816425,2.073268921095008,0.39586688137412773,0.18115942028985507,0.08051529790660225,,0.026838432635534086,,,
73,6.468062265163715,35.21202361782072,3.8714439076757916,36.2788513150832,3.8378958668813743,7.078636607622115,4.461889425657541,2.1068169618894257,0.39586688137412773,0.18115942028985507,0.08051529790660225,,0.026838432635534086,,,
74,6.468062265163715,34.98389694041868,4.086151368760064,36.171497584541065,3.851315083199141,7.0450885668276975,4.455179817498658,2.2074610842726785,0.4294149221685454,0.18115942028985507,0.0939345142243693,,0.026838432635534086,,,
75,6.468062265163715,34.876543209876544,4.300858829844337,36.06414385399893,3.7909286097691894,6.951154052603328,4.455179817498658,2.2946859903381642,0.4294149221685454,0.18115942028985507,0.15432098765432098,,0.03354804079441761,,,
76,6.374127750939345,33.923778851315085,3.589640365002684,39.351851851851855,3.797638217928073,6.910896403650026,2.9924852388620504,2.254428341384863,0.4562533548040794,0.1610305958132045,0.15432098765432098,,0.03354804079441761,,,
77,6.360708534621578,33.09849704777241,3.5963499731615673,37.2987117552335,3.797638217928073,9.849704777241008,2.871712292002147,2.2946859903381642,0.4830917874396135,0.1610305958132045,0.15432098765432098,,0.03354804079441761,,,
78,6.360708534621578,32.910628019323674,3.784219001610306,37.19135802469136,3.797638217928073,9.822866344605474,2.871712292002147,2.4020397208803006,0.5099302200751477,0.1610305958132045,0.15432098765432098,,0.03354804079441761,,,
79,6.353998926462695,32.809983896940416,4.025764895330113,37.0101986044015,3.898282340311326,9.681964573268921,2.871712292002147,2.4557165861513686,0.5099302200751477,0.1610305958132045,0.1878690284487386,,0.03354804079441761,,,
80,6.347289318303811,32.789855072463766,4.072732152442297,36.85587761674718,3.898282340311326,9.681964573268921,2.8650026838432634,2.576489533011272,0.5099302200751477,0.1610305958132045,0.20799785292538917,,0.03354804079441761,,,
81,3.6634460547504024,26.127214170692433,3.656736446591519,49.18813741277509,3.7640901771336552,7.648953301127214,2.8381642512077296,2.5295222758990876,0.14761137949543746,0.19457863660762212,0.20799785292538917,,0.03354804079441761,,,
82,3.6634460547504024,26.053408480944714,4.300858829844337,48.698336017176594,3.7573805689747717,7.548309178743962,2.8381642512077296,2.49597423510467,0.1610305958132045,0.2214170692431562,0.2281266774020397,,0.03354804079441761,,,
83,3.5762211486849167,25.194578636607623,4.260601180891036,47.30944712828771,3.750670960815888,7.548309178743962,5.4616210413311865,2.2342995169082127,0.1610305958132045,0.23483628556092323,0.23483628556092323,,0.03354804079441761,,,
84,2.147074610842727,24.537037037037038,4.294149221685454,47.32957595276436,3.4286097691894795,11.802200751476114,3.6500268384326353,2.0665593129361244,0.28180354267310787,0.2214170692431562,0.20799785292538917,,0.03354804079441761,,,
85,2.147074610842727,24.48336017176597,4.361245303274289,47.18867418142781,3.4286097691894795,11.802200751476114,3.6768652710681695,2.1269457863660763,0.2952227589908749,0.2214170692431562,0.2281266774020397,0.0067096081588835215,0.03354804079441761,,,
86,2.147074610842727,24.44310252281267,4.616210413311863,50.56360708534621,3.3682232957595275,8.57487922705314,3.2206119162640903,2.1403650026838434,0.41599570585077833,0.2214170692431562,0.2281266774020397,0.0067096081588835215,0.05367686527106817,,,
87,2.147074610842727,21.62506709608159,3.6634460547504024,54.01905528717123,3.0327428878153517,8.514492753623188,3.844605475040258,2.2611379495437465,0.4227053140096618,0.2214170692431562,0.19457863660762212,,0.05367686527106817,,,
88,2.147074610842727,21.591519055287172,3.656736446591519,51.67740203972088,2.999194847020934,7.2933440687063875,7.568438003220612,2.1135265700483092,0.4227053140096618,0.2616747181964573,0.2147074610842727,,0.05367686527106817,,,
89,2.147074610842727,21.544551798174986,3.717122920021471,51.55662909286098,3.0394524959742353,7.27992485238862,7.541599570585078,2.1739130434782608,0.43612453032742887,0.3153515834675255,0.19457863660762212,,0.05367686527106817,,,
90,2.01959205582394,18.625872249060656,3.227321524422974,49.43639291465379,4.388083735909823,12.198067632850242,7.185990338164252,2.1604938271604937,0.20799785292538917,0.2885131508319914,0.20799785292538917,,0.05367686527106817,,,
91,2.0128824476650564,18.377616747181964,3.1602254428341383,49.35587761674718,4.374664519592056,12.130971551261407,7.588566827697263,2.059849704777241,0.2549651100375738,0.4227053140096618,0.20799785292538917,,0.05367686527106817,,,
92,2.0128824476650564,18.33064949006978,3.9586688137412773,47.497316156736446,4.388083735909823,13.231347289318304,7.575147611379496,2.0128824476650564,0.28180354267310787,0.4495437466451959,0.20799785292538917,,0.05367686527106817,,,
93,1.8183038110574343,16.75389157273215,3.683574879227053,48.698336017176594,4.374664519592056,14.06333870101986,7.548309178743962,2.0263016639828235,0.2952227589908749,0.47638217928073,0.20799785292538917,,0.05367686527106817,,,
94,1.6706924315619969,16.445249597423512,3.6500268384326353,50.86553945249597,4.367954911433173,13.955984970477724,6.333870101986044,1.7579173376274826,0.2952227589908749,0.39586688137412773,0.20799785292538917,,0.05367686527106817,,,
95,1.6639828234031133,16.23725174449812,3.8848631239935587,50.70450885668277,4.341116478797638,13.935856146001074,6.380837359098229,1.8451422436929683,0.3153515834675255,0.4294149221685454,0.20799785292538917,,0.05367686527106817,,,
96,1.6639828234031133,16.210413311862588,3.8915727321524423,50.5703166935051,4.327697262479871,13.841921631776705,6.380837359098229,1.9860440150295222,0.4092860976918948,0.4294149221685454,0.23483628556092323,,0.05367686527106817,,,
97,1.6639828234031133,15.881642512077295,4.320987654320987,50.42941492216855,4.28743961352657,13.801663982823403,6.300322061191626,2.059849704777241,0.4562533548040794,0.5099302200751477,0.23483628556092323,,0.05367686527106817,,,
98,1.6505636070853462,15.848094471282877,4.367954911433173,50.40257648953301,4.260601180891036,13.774825550187868,6.300322061191626,2.086688137412775,0.4830917874396135,0.5099302200751477,0.2616747181964573,,0.05367686527106817,,,
99,1.6505636070853462,15.780998389694043,4.428341384863124,49.86580783682233,4.260601180891036,14.325013419216317,6.300322061191626,2.1068169618894257,0.4562533548040794,0.5099302200751477,0.2616747181964573,,0.05367686527106817,,,
100,1.6505636070853462,15.009393451422437,5.8172302737520125,49.100912506709605,4.314278046162104,14.304884594739667,6.266774020397209,2.2074610842726785,0.47638217928073,0.5166398282340311,0.2616747181964573,0.013419216317767043,0.06038647342995169,,,
101,1.6505636070853462,14.969135802469136,5.857487922705314,48.88620504562534,4.294149221685454,14.304884594739667,6.253354804079442,2.4221685453569513,0.47638217928073,0.5166398282340311,0.2952227589908749,0.013419216317767043,0.06038647342995169,,,
102,1.6505636070853462,14.875201288244767,5.984970477724101,47.64492753623188,4.294149221685454,14.331723027375201,7.387278582930757,2.475845410628019,0.4562533548040794,0.5166398282340311,0.2952227589908749,0.026838432635534086,0.06038647342995169,,,
103,1.6505636070853462,14.828234031132581,6.045356951154052,47.50402576489533,4.374664519592056,14.284755770263017,7.313472893183038,2.536231884057971,0.5300590445517982,0.5300590445517982,0.2952227589908749,0.026838432635534086,0.08051529790660225,,,
104,1.261406333870102,15.13016639828234,6.119162640901771,52.764358561460014,3.5628019323671496,13.788244766505636,4.03918411164788,2.1068169618894257,0.6575415995705851,0.2549651100375738,0.20799785292538917,0.026838432635534086,0.08051529790660225,,,
105,1.261406333870102,15.116747181964573,6.031937734836285,49.6309715512614,3.5628019323671496,16.847826086956523,4.03918411164788,2.147074610842727,0.7783145464304885,0.2683843263553409,0.20799785292538917,0.026838432635534086,0.08051529790660225,,,
106,1.261406333870102,15.096618357487923,6.052066559312936,50.32877079978529,3.435319377348363,16.163446054750402,4.032474503488996,2.1940418679549114,0.8588298443370908,0.28180354267310787,0.1878690284487386,0.026838432635534086,0.08051529790660225,,,
107,1.2546967257112185,11.943102522812667,5.287171229200215,51.54320987654321,3.4688674181427803,15.230810520665592,7.803274288781535,2.227589908749329,0.7313472893183038,0.2616747181964573,0.1878690284487386,0.026838432635534086,0.03354804079441761,,,
108,1.247987117552335,11.66129898013956,5.24020397208803,51.49624261943102,3.2877079978529253,15.210681696188942,8.32662372517445,2.26784755770263,0.7514761137949544,0.2885131508319914,0.1610305958132045,0.026838432635534086,0.03354804079441761,,,
109,1.247987117552335,11.621041331186259,5.300590445517981,51.321792807300056,3.3011272141706924,15.143585614600108,8.353462157809984,2.3617820719269993,0.8185721953837896,0.2885131508319914,0.18115942028985507,0.026838432635534086,0.03354804079441761,,,
110,1.247987117552335,11.60762211486849,5.300590445517981,48.60440150295223,3.549382716049383,14.083467525496511,11.842458400429415,2.341653247450349,0.8454106280193237,0.33548040794417605,0.18115942028985507,0.026838432635534086,0.03354804079441761,,,
111,1.247987117552335,11.60762211486849,5.314009661835748,47.85292538915727,3.549382716049383,14.029790660225443,12.614063338701019,2.3215244229736984,0.8722490606548577,0.3488996242619431,0.18115942028985507,0.026838432635534086,0.03354804079441761,,,
112,1.247987117552335,10.916532474503489,5.280461621041331,47.22893183038111,4.7168545356951155,13.741277509393452,12.93612453032743,2.328234031132582,0.9192163177670424,0.4428341384863124,0.18115942028985507,0.026838432635534086,0.03354804079441761,,,
113,0.5971551261406334,12.090713902308105,5.253623188405797,47.25577026301664,4.730273752012883,13.311862587224907,12.915995705850777,2.2611379495437465,0.8856682769726248,0.4428341384863124,0.19457863660762212,0.026838432635534086,0.03354804079441761,,,
114,0.35560923242082665,11.77536231884058,5.253623188405797,48.02066559312936,4.622920021470746,14.298174986580785,11.83574879227053,2.227589908749329,0.8252818035426731,0.48980139559849706,0.19457863660762212,0.06709608158883522,0.03354804079441761,,,
115,0.35560923242082665,11.43317230273752,5.213365539452496,49.000268384326354,4.616210413311863,14.036500268384327,11.372785829307569,2.314814814814815,0.8722490606548577,0.48980139559849706,0.19457863660762212,0.06709608158883522,0.03354804079441761,,,
116,0.35560923242082665,11.426462694578637,5.226784755770263,48.92646269457864,4.609500805152979,14.009661835748792,11.332528180354267,2.4154589371980677,0.8990874932903918,0.5300590445517982,0.16774020397208803,0.06709608158883522,0.03354804079441761,,,
117,0.35560923242082665,11.392914653784219,5.260332796564681,46.786097691894796,5.475040257648954,13.94927536231884,12.681159420289855,2.4355877616747184,0.8856682769726248,0.5099302200751477,0.16774020397208803,0.06709608158883522,0.03354804079441761,,,
118,0.35560923242082665,11.332528180354267,5.3274288781535155,46.70558239398819,5.508588298443371,13.868760064412239,12.661030595813205,2.4691358024691357,0.9930220075147611,0.5099302200751477,0.16774020397208803,0.06709608158883522,0.03354804079441761,,,
119,0.35560923242082665,11.312399355877616,5.35426731078905,46.584809447128286,5.495169082125604,13.868760064412239,12.661030595813205,2.589908749329039,0.9863123993558777,0.5099302200751477,0.18115942028985507,0.06709608158883522,0.03354804079441761,,,
120,0.35560923242082665,11.292270531400966,5.35426731078905,46.39023081052066,5.723295759527644,13.808373590982287,12.466451959205582,2.7442297369833604,1.0131508319914118,0.5703166935050993,0.18115942028985507,0.06709608158883522,0.03354804079441761,,,
121,0.35560923242082665,11.225174449812132,5.421363392377885,46.041331186258724,5.6964573268921095,14.103596349973161,12.338969404186795,2.8784219001610305,1.0466988727858293,0.5568974771873323,0.23483628556092323,0.06709608158883522,0.03354804079441761,,,
122,0.322061191626409,10.19189479334407,5.24020397208803,45.880300590445515,7.212828770799785,13.761406333870102,12.345679012345679,3.113258185721954,1.0198604401502953,0.5434782608695652,0.2281266774020397,0.06709608158883522,0.07380568974771873,,,
123,0.322061191626409,10.178475577026301,5.226784755770263,45.8064949006978,7.239667203435319,13.754696725711218,12.29200214707461,3.193773483628556,1.0198604401502953,0.5300590445517982,0.2952227589908749,0.06709608158883522,0.07380568974771873,,,
124,0.322061191626409,10.171765968867419,6.018518518518518,45.00805152979066,7.226247987117552,13.707729468599034,12.27187332259796,3.2340311325818574,1.0601180891035964,0.5367686527106817,0.30193236714975846,0.06709608158883522,0.07380568974771873,,,
125,0.322061191626409,10.158346752549651,6.025228126677402,44.7463768115942,7.434245840042942,13.694310252281268,12.177938808373591,3.3480944712828773,1.1003757380568975,0.5367686527106817,0.30193236714975846,0.06709608158883522,0.08722490606548577,,,
126,0.322061191626409,9.903381642512077,5.71658615136876,48.30246913580247,8.07836822329576,11.54723564143854,10.701825013419215,3.3279656468062266,1.06682769726248,0.5367686527106817,0.322061191626409,0.06709608158883522,0.10735373054213634,,,
127,0.322061191626409,9.4873859366613,6.1929683306494905,48.22866344605475,8.071658615136876,11.52710681696189,10.701825013419215,3.3413848631239937,1.0601180891035964,0.5367686527106817,0.35560923242082665,0.06709608158883522,0.10735373054213634,,,
128,0.322061191626409,9.245840042941492,6.219806763285024,47.61137949543747,8.796296296296296,11.392914653784219,10.668276972624799,3.502415458937198,1.133923778851315,0.5770263016639828,0.35560923242082665,0.06709608158883522,0.10735373054213634,,,
129,0.2616747181964573,9.205582393988191,6.374127750939345,49.92619431025228,8.68894256575416,10.795759527643586,9.185453569511541,3.435319377348363,1.1272141706924315,0.48980139559849706,0.33548040794417605,0.06709608158883522,0.10735373054213634,,,
130,0.2616747181964573,9.172034353193773,6.501610305958132,49.765163714439076,8.648684916800859,10.795759527643586,9.098228663446054,3.535963499731616,1.2412775093934514,0.46967257112184646,0.33548040794417605,0.06709608158883522,0.10735373054213634,,,
131,0.2616747181964573,9.172034353193773,6.488191089640365,49.382716049382715,9.084809447128288,10.755501878690284,8.950617283950617,3.5829307568438002,1.2815351583467525,0.49651100375738055,0.36902844873859364,0.06709608158883522,0.10735373054213634,,,
132,0.2616747181964573,9.172034353193773,6.481481481481482,49.302200751476114,9.084809447128288,10.748792270531402,8.950617283950617,3.6366076221148687,1.3150831991411702,0.49651100375738055,0.36902844873859364,0.06709608158883522,0.11406333870101985,,,
133,0.2616747181964573,9.172034353193773,6.494900697799249,49.13446054750403,9.057971014492754,10.748792270531402,8.970746108427267,3.824476650563607,1.2949543746645196,0.49651100375738055,0.36902844873859364,0.06709608158883522,0.10735373054213634,,,
134,0.2616747181964573,9.145195920558239,6.541867954911433,48.94659151905529,9.057971014492754,10.72866344605475,8.950617283950617,4.025764895330113,1.3150831991411702,0.4830917874396135,0.36902844873859364,0.06709608158883522,0.10735373054213634,,,
135,0.2616747181964573,9.131776704240472,6.099033816425121,49.59742351046699,9.03113258185722,10.540794417606012,8.943907675791733,4.019055287171229,1.3352120236178207,0.49651100375738055,0.36902844873859364,0.06709608158883522,0.10735373054213634,,,
136,0.2616747181964573,9.084809447128288,6.139291465378422,49.483360171765966,9.004294149221685,10.527375201288244,8.917069243156199,4.119699409554482,1.3888888888888888,0.5032206119162641,0.39586688137412773,0.06709608158883522,0.10735373054213634,,,
137,0.2616747181964573,9.084809447128288,6.146001073537305,49.422973698336016,8.99087493290392,10.527375201288244,8.917069243156199,4.17337627482555,1.3955984970477724,0.5032206119162641,0.38915727321524424,0.06709608158883522,0.12077294685990338,,,
138,0.2616747181964573,9.07139023081052,6.1929683306494905,49.20826623725174,8.964036500268385,10.527375201288244,8.896940418679549,4.327697262479871,1.4090177133655395,0.5300590445517982,0.41599570585077833,0.06709608158883522,0.1274825550187869,,,
139,0.2616747181964573,9.07139023081052,6.340579710144928,49.10762211486849,8.950617283950617,10.943370907139023,8.340042941492216,4.468599033816425,1.3955984970477724,0.49651100375738055,0.41599570585077833,0.06709608158883522,0.14090177133655393,,,
140,0.2616747181964573,9.044551798174986,6.387546967257112,48.9398819108964,8.917069243156199,10.990338164251208,8.259527643585615,4.5893719806763285,1.4492753623188406,0.5032206119162641,0.4495437466451959,0.06709608158883522,0.14090177133655393,,,
141,0.2616747181964573,9.044551798174986,6.353998926462695,49.75845410628019,8.521202361782072,10.909822866344605,8.232689210950081,4.314278046162104,1.42914653784219,0.5166398282340311,0.4495437466451959,0.06709608158883522,0.14090177133655393,,,
142,0.2616747181964573,8.890230810520666,6.454643048845948,50.78502415458937,7.883789586688137,10.909822866344605,7.823403113258186,4.3478260869565215,1.415727321524423,0.5099302200751477,0.46296296296296297,0.06709608158883522,0.1878690284487386,,,
143,0.2616747181964573,8.132045088566828,6.4412238325281805,53.173644659151904,7.306763285024155,10.171765968867419,7.897208803005904,4.072732152442297,1.402308105206656,0.4227053140096618,0.46296296296296297,0.06709608158883522,0.1878690284487386,,,
144,0.2616747181964573,8.132045088566828,6.468062265163715,53.01932367149758,7.25979602791197,10.144927536231885,7.897208803005904,4.2270531400966185,1.42914653784219,0.39586688137412773,0.5166398282340311,0.06709608158883522,0.18115942028985507,,,
145,0.2616747181964573,8.125335480407944,7.608695652173913,51.831723027375205,7.239667203435319,10.131508319914117,7.890499194847021,4.314278046162104,1.4358561460010735,0.39586688137412773,0.5300590445517982,0.05367686527106817,0.18115942028985507,,,
146,0.2616747181964573,7.856951154052603,7.635534084809447,51.64385399892646,7.514761137949543,10.131508319914117,7.890499194847021,4.4820182501341925,1.4224369296833066,0.39586688137412773,0.5300590445517982,0.05367686527106817,0.18115942028985507,,,
147,0.2616747181964573,7.85024154589372,8.13875469672571,49.21497584541063,7.454374664519592,12.412775093934513,7.749597423510467,4.327697262479871,1.442565754159957,0.4092860976918948,0.5032206119162641,0.05367686527106817,0.18115942028985507,,,
148,0.2616747181964573,7.836822329575953,8.105206655931294,49.121041331186255,7.440955448201825,12.446323134728932,7.722758990874933,4.42163177670424,1.442565754159957,0.43612453032742887,0.5166398282340311,0.05367686527106817,0.19457863660762212,,,
149,0.2616747181964573,7.836822329575953,8.796296296296296,48.369565217391305,7.440955448201825,12.446323134728932,7.769726247987117,4.448470209339774,1.42914653784219,0.43612453032742887,0.5166398282340311,0.05367686527106817,0.19457863660762212,,,
150,0.2616747181964573,7.809983896940419,8.776167471819646,48.168276972624795,7.4006977992485234,12.406065485775631,7.796564680622652,4.669887278582931,1.4761137949543746,0.46296296296296297,0.5166398282340311,0.05367686527106817,0.20128824476650564,,,
151,0.2616747181964573,7.809983896940419,8.796296296296296,47.91331186258722,7.387278582930757,12.406065485775631,7.796564680622652,4.87788513150832,1.4761137949543746,0.48980139559849706,0.5300590445517982,0.05367686527106817,0.20128824476650564,,,
152,0.2616747181964573,7.407407407407407,7.669082125603865,53.133387010198604,6.857219538378959,10.332796564680622,7.333601717659689,4.64975845410628,1.221148684916801,0.46296296296296297,0.4830917874396135,0.05367686527106817,0.13419216317767044,,,
153,0.2616747181964573,7.380568974771873,7.702630166398282,52.74422973698336,6.857219538378959,10.178475577026301,7.62211486849168,4.757112184648417,1.3821792807300053,0.46296296296296297,0.46296296296296297,0.05367686527106817,0.13419216317767044,,,
154,0.2616747181964573,7.065217391304348,7.601986044015029,51.38217928073001,6.857219538378959,10.151637144390767,8.440687063875469,5.756843800322061,1.3754696725711217,0.46296296296296297,0.4562533548040794,0.05367686527106817,0.13419216317767044,,,
155,0.2616747181964573,7.0383789586688135,7.601986044015029,50.436124530327426,8.105206655931294,10.124798711755233,8.185721953837897,5.763553408480945,1.402308105206656,0.4227053140096618,0.4562533548040794,0.06709608158883522,0.13419216317767044,,,
156,0.2549651100375738,7.018250134192163,7.595276435856146,50.637412775093935,8.152173913043478,10.11808910359635,7.890499194847021,5.844068706387547,1.3821792807300053,0.43612453032742887,0.46967257112184646,0.06709608158883522,0.13419216317767044,,,
157,0.2549651100375738,7.018250134192163,7.595276435856146,50.577026301663984,8.152173913043478,10.11808910359635,7.890499194847021,5.904455179817498,1.3821792807300053,0.43612453032742887,0.46967257112184646,0.06709608158883522,0.13419216317767044,,,
158,0.08051529790660225,6.763285024154589,7.548309178743962,51.97933440687064,8.11862587224906,9.849704777241008,7.5348899624261945,5.703166935050993,1.3754696725711217,0.3757380568974772,0.46967257112184646,0.06709608158883522,0.13419216317767044,,,
159,0.08051529790660225,6.6827697262479875,7.440955448201825,51.12050456253355,8.031400966183575,11.057434245840042,7.4141170155662905,5.703166935050993,1.3754696725711217,0.4025764895330113,0.48980139559849706,0.06709608158883522,0.13419216317767044,,,
160,0.08051529790660225,6.635802469135802,7.742887815351583,50.79844337090714,8.017981749865807,11.017176596886742,7.4006977992485234,5.83064949006978,1.3754696725711217,0.38915727321524424,0.5166398282340311,0.06709608158883522,0.1274825550187869,,,
161,0.08051529790660225,6.615673644659152,7.796564680622652,50.55018786902845,8.031400966183575,10.990338164251208,7.380568974771873,6.045356951154052,1.402308105206656,0.39586688137412773,0.5166398282340311,0.06709608158883522,0.1274825550187869,,,
162,0.08051529790660225,6.602254428341385,7.776435856146001,50.32206119162641,8.017981749865807,10.963499731615673,7.407407407407407,6.253354804079442,1.415727321524423,0.4294149221685454,0.5300590445517982,0.07380568974771873,0.1274825550187869,,,
163,0.08051529790660225,6.595544820182502,7.763016639828234,50.20799785292539,8.004562533548041,10.95679012345679,7.4006977992485234,6.394256575415996,1.415727321524423,0.43612453032742887,0.5300590445517982,0.07380568974771873,0.14090177133655393,,,
164,0.08051529790660225,6.541867954911433,7.877079978529254,51.21443907675792,6.951154052603328,10.869565217391305,7.4141170155662905,6.461352657004831,1.402308105206656,0.4428341384863124,0.5166398282340311,0.07380568974771873,0.15432098765432098,,,
165,0.08051529790660225,6.541867954911433,7.877079978529254,51.1808910359635,6.951154052603328,10.84272678475577,7.4141170155662905,6.494900697799249,1.42914653784219,0.41599570585077833,0.5434782608695652,0.07380568974771873,0.15432098765432098,,,
166,0.08051529790660225,6.541867954911433,7.856951154052603,50.99302200751476,6.957863660762212,10.654857756307031,7.588566827697263,6.66935050993022,1.4694041867954912,0.41599570585077833,0.5434782608695652,0.07380568974771873,0.15432098765432098,,,
167,0.08051529790660225,6.474771873322598,7.803274288781535,50.7313472893183,6.709608158883521,11.312399355877616,7.541599570585078,6.655931293612453,1.4559849704777241,0.49651100375738055,0.5434782608695652,0.07380568974771873,0.12077294685990338,,,
168,0.08051529790660225,6.474771873322598,7.816693505099302,50.717928073000536,6.6760601180891035,11.285560923242082,7.555018786902845,6.655931293612453,1.482823403113258,0.49651100375738055,0.5636070853462157,0.07380568974771873,0.12077294685990338,,,
169,0.08051529790660225,5.897745571658615,6.937734836285561,51.64385399892646,6.011808910359635,14.016371443907676,6.736446591519055,6.038647342995169,1.415727321524423,0.5099302200751477,0.5501878690284487,0.06038647342995169,0.10064412238325282,,,
170,0.08051529790660225,5.897745571658615,6.937734836285561,51.469404186795494,6.045356951154052,14.016371443907676,6.716317767042405,6.139291465378422,1.4559849704777241,0.5300590445517982,0.5501878690284487,0.06038647342995169,0.10064412238325282,,,
171,0.08051529790660225,5.83064949006978,6.998121309715513,51.348631239935585,6.045356951154052,13.996242619431026,6.615673644659152,6.239935587761675,1.4492753623188406,0.6575415995705851,0.5501878690284487,0.08722490606548577,0.10064412238325282,,,
172,0.08051529790660225,5.790391841116479,6.964573268921095,51.268115942028984,6.031937734836285,14.056629092860977,6.582125603864735,6.266774020397209,1.5163714439076759,0.6642512077294686,0.5837359098228664,0.0939345142243693,0.10064412238325282,,,
