,45,50,54,51,55,52,53,56,57,58,59
0,99.93290391841117,0.06709608158883522,,,,,,,,,
1,99.77858293075684,0.2214170692431562,,,,,,,,,
2,98.63794954374664,1.3620504562533549,,,,,,,,,
3,97.26247987117553,2.737520128824477,,,,,,,,,
4,91.74718196457327,8.252818035426731,,,,,,,,,
5,84.17874396135265,15.821256038647343,,,,,,,,,
6,83.98416532474504,15.123456790123457,0.8923778851315083,,,,,,,,
7,81.30703166935051,17.082662372517444,1.6103059581320451,,,,,,,,
8,78.14680622651638,20.25630703166935,1.596886741814278,,,,,,,,
9,77.62345679012346,19.766505636070853,1.596886741814278,0.9460547504025765,0.06709608158883522,,,,,,
10,76.59017713365539,20.014761137949545,0.8588298443370908,2.4691358024691357,0.06709608158883522,,,,,,
11,76.50295222758992,20.101986044015028,0.8588298443370908,2.4691358024691357,0.06709608158883522,,,,,,
12,76.3419216317767,20.21604938271605,0.8185721953837896,2.5563607085346214,0.06709608158883522,,,,,,
13,76.38217928073,20.175791733762747,0.8185721953837896,2.5563607085346214,0.06709608158883522,,,,,,
14,75.66425120772946,20.893719806763286,0.8185721953837896,2.5563607085346214,0.06709608158883522,,,,,,
15,64.68062265163715,31.716317767042405,0.8185721953837896,2.717391304347826,0.06709608158883522,,,,,,
16,64.97584541062803,31.48148148148148,0.7581857219538379,2.717391304347826,0.06709608158883522,,,,,,
17,64.99597423510467,31.166129898013956,0.7581857219538379,2.717391304347826,0.36231884057971014,,,,,,
18,65.06307031669351,31.07890499194847,0.8923778851315083,2.6033279656468062,0.36231884057971014,,,,,,
19,60.68840579710145,35.30595813204509,0.8923778851315083,2.6033279656468062,0.5099302200751477,,,,,,
20,59.534353193773484,36.460010735373054,0.8923778851315083,2.589908749329039,0.5233494363929146,,,,,,
21,59.574610842726784,36.010466988727856,0.8923778851315083,2.6637144390767578,0.8588298443370908,,,,,,
22,50.70450885668277,43.25013419216318,0.8923778851315083,2.6637144390767578,0.7112184648416533,1.778046162104133,,,,,
23,50.63070316693505,42.46511003757381,0.8923778851315083,2.6637144390767578,0.7112184648416533,2.636876006441224,,,,,
24,50.67096081588835,42.42485238862051,0.8923778851315083,2.6637144390767578,0.7112184648416533,2.636876006441224,,,,,
25,50.68438003220612,42.411433172302736,0.8923778851315083,2.6637144390767578,0.7112184648416533,2.636876006441224,,,,,
26,50.68438003220612,42.169887278582934,0.8923778851315083,2.6637144390767578,0.95276435856146,2.636876006441224,,,,,
27,50.70450885668277,42.15646806226516,0.8923778851315083,2.657004830917874,0.95276435856146,2.636876006441224,,,,,
28,50.79173376274826,42.01556629092861,0.8923778851315083,2.7308105206655933,0.95276435856146,2.6167471819645733,,,,,
29,50.597155126140635,42.04240472356415,0.8923778851315083,2.898550724637681,0.95276435856146,2.6167471819645733,,,,,
30,48.812399355877616,44.907407407407405,0.9125067096081588,2.9253891572732154,0.9057971014492754,1.5365002683843263,,,,,
31,48.92646269457864,43.37090713902308,0.9125067096081588,2.9723564143853998,2.281266774020397,1.5365002683843263,,,,,
32,49.074074074074076,42.98845947396672,0.9125067096081588,2.9723564143853998,2.5161030595813205,1.5365002683843263,,,,,
33,49.10762211486849,42.96833064949007,0.9125067096081588,2.9723564143853998,2.5026838432635534,1.5365002683843263,,,,,
34,42.8341384863124,39.2512077294686,1.5297906602254427,13.083735909822867,1.3553408480944713,1.6371443907675791,0.30864197530864196,,,,
35,42.07595276435856,39.432367149758456,1.5297906602254427,13.66076221148685,1.3553408480944713,1.6371443907675791,0.30864197530864196,,,,
36,35.50053676865271,43.06897477187332,1.5297906602254427,16.626409017713364,1.328502415458937,1.6371443907675791,0.30864197530864196,,,,
37,35.66156736446592,42.961621041331185,1.5297906602254427,16.5727321524423,1.328502415458937,1.6371443907675791,0.30864197530864196,,,,
38,31.80354267310789,48.007246376811594,1.5297906602254427,10.406602254428341,1.402308105206656,6.400966183574879,0.4495437466451959,,,,
39,31.723027375201287,47.58454106280193,1.5297906602254427,10.138217928073,1.402308105206656,6.400966183574879,1.221148684916801,,,,
40,28.764090177133657,48.22195383789587,1.7646269457863661,14.982555018786902,1.3150831991411702,3.730542136339238,1.221148684916801,,,,
41,28.804347826086957,46.61164787976382,1.7646269457863661,14.834943639291465,1.3150831991411702,3.6768652710681695,2.8784219001610305,0.11406333870101985,,,
42,29.045893719806763,46.383521202361784,1.7646269457863661,14.727589908749328,1.3150831991411702,3.6768652710681695,2.8784219001610305,0.20799785292538917,,,
43,29.159957058507782,46.26945786366076,1.7646269457863661,14.727589908749328,1.3150831991411702,3.6768652710681695,2.8784219001610305,0.20799785292538917,,,
44,29.17337627482555,46.256038647343,1.7646269457863661,14.63365539452496,1.3150831991411702,3.6768652710681695,2.8784219001610305,0.30193236714975846,,,
45,27.542941492216855,47.86634460547504,1.7646269457863661,14.51959205582394,1.3150831991411702,3.81105743424584,2.8784219001610305,0.30193236714975846,,,
46,27.717391304347824,47.70531400966183,1.7646269457863661,14.358561460010735,1.3150831991411702,3.81105743424584,2.8784219001610305,0.4495437466451959,,,
47,27.63016639828234,47.678475577026305,1.7444981213097155,14.492753623188406,1.3150831991411702,3.81105743424584,2.8784219001610305,0.4495437466451959,,,
48,27.657004830917874,47.69189479334407,1.7444981213097155,14.452495974235104,1.3150831991411702,3.81105743424584,2.8784219001610305,0.4495437466451959,,,
49,27.30139559849705,43.90096618357488,1.7444981213097155,18.4044551798175,1.1741814278046163,4.74369296833065,2.2946859903381642,0.43612453032742887,,,
50,24.63768115942029,46.60493827160494,1.7444981213097155,18.310520665593128,1.1741814278046163,4.797369833601718,2.2946859903381642,0.43612453032742887,,,
51,23.557434245840042,50.697799248523886,0.785024154589372,17.330917874396135,0.9125067096081588,3.864734299516908,2.4154589371980677,0.43612453032742887,,,
52,23.14814814814815,45.34353193773484,0.39586688137412773,21.732420826623724,2.8515834675254963,3.730542136339238,2.4154589371980677,0.3824476650563607,,,
53,23.64465915190553,44.98792270531401,0.39586688137412773,21.658615136876005,2.818035426731079,3.7238325281803544,2.3886205045625335,0.3824476650563607,,,
54,23.503757380568974,44.39076757917338,0.39586688137412773,21.658615136876005,2.757648953301127,4.522275899087493,2.3886205045625335,0.3824476650563607,,,
55,23.637949543746647,44.34380032206119,0.39586688137412773,21.591519055287172,2.737520128824477,4.522275899087493,2.3886205045625335,0.3824476650563607,,,
56,23.67149758454106,44.34380032206119,0.36902844873859364,21.531132581857218,2.804616210413312,4.522275899087493,2.3752012882447664,0.3824476650563607,,,
57,19.89398819108964,48.31588835212023,0.32877079978529256,21.423778851315085,2.757648953301127,4.522275899087493,2.3752012882447664,0.3824476650563607,,,
58,19.91411701556629,46.182232957595275,0.46967257112184646,23.778851315083198,2.5496511003757383,4.3478260869565215,2.3752012882447664,0.3824476650563607,,,
59,18.115942028985508,41.83440687063875,0.46967257112184646,27.979066022544284,2.4825550187869028,6.360708534621578,2.3752012882447664,0.3824476650563607,,,
60,17.860976918947934,41.40499194847021,0.46967257112184646,28.368223295759528,2.4557165861513686,6.347289318303811,2.3752012882447664,0.7179280730005367,,,
61,18.230005367686527,41.10305958132045,0.46967257112184646,28.23403113258186,2.5697799248523885,6.3070316693505095,2.368491680085883,0.7179280730005367,,,
62,17.357756307031668,42.03569511540526,0.46967257112184646,28.31454643048846,2.5697799248523885,6.206387546967257,2.328234031132582,0.7179280730005367,,,
63,16.814278046162105,38.781535158346756,0.3824476650563607,34.60144927536232,1.2144390767579174,5.515297906602254,2.254428341384863,0.43612453032742887,,,
64,17.002147074610843,38.61379495437466,0.3824476650563607,34.594739667203434,1.2144390767579174,5.515297906602254,2.2410091250670963,0.43612453032742887,,,
65,17.028985507246375,37.76167471819646,0.4830917874396135,34.534353193773484,1.9592055823939882,5.421363392377885,2.2410091250670963,0.43612453032742887,0.13419216317767044,,
66,16.948470209339774,37.526838432635536,0.4830917874396135,34.84970477724101,1.9592055823939882,5.421363392377885,2.2410091250670963,0.43612453032742887,0.13419216317767044,,
67,16.99543746645196,37.493290391841114,0.4830917874396135,34.836285560923244,1.9592055823939882,5.421363392377885,2.2410091250670963,0.43612453032742887,0.13419216317767044,,
68,17.028985507246375,37.3792270531401,1.4224369296833066,33.77616747181965,2.073268921095008,5.394524959742351,2.2410091250670963,0.5501878690284487,0.13419216317767044,,
69,17.3040794417606,37.184648416532475,1.5029522275899088,32.75630703166935,2.073268921095008,5.092592592592593,3.1736446591519054,0.6709608158883521,0.24154589371980675,,
70,17.384594739667204,37.17122920021471,1.5029522275899088,32.70263016639828,2.0665593129361244,5.0858829844337095,3.1736446591519054,0.6709608158883521,0.24154589371980675,,
71,17.485238862050455,37.03703703703704,1.5029522275899088,32.63553408480945,2.0933977455716586,5.0858829844337095,3.2474503488996245,0.6709608158883521,0.24154589371980675,,
72,17.163177670424048,35.55421363392378,1.5029522275899088,32.2866344605475,2.0933977455716586,5.045625335480408,5.267042404723564,0.8454106280193237,0.24154589371980675,,
73,17.136339237788512,33.89023081052066,1.6572732152442298,31.850509930220074,2.0128824476650564,7.152442297369833,5.267042404723564,0.7917337627482555,0.24154589371980675,,
74,17.19001610305958,33.863392377885134,1.6572732152442298,31.696188942565755,2.0128824476650564,7.152442297369833,5.267042404723564,0.9192163177670424,0.24154589371980675,,
75,17.351046698872786,33.80971551261406,1.6572732152442298,31.696188942565755,2.0128824476650564,7.125603864734299,5.186527106816962,0.9192163177670424,0.24154589371980675,,
76,16.57944176060118,27.415458937198068,1.3352120236178207,42.914653784219,1.221148684916801,4.441760601180891,5.146269457863661,0.7514761137949544,0.19457863660762212,,
77,16.57944176060118,26.684111647879764,1.3352120236178207,42.652979066022546,1.221148684916801,4.441760601180891,5.998389694041868,0.8923778851315083,0.19457863660762212,,
78,16.881374127750938,26.617015566290927,1.3352120236178207,42.43156199677939,1.221148684916801,4.441760601180891,5.984970477724101,0.8923778851315083,0.19457863660762212,,
79,15.754159957058508,24.14787976382179,0.9728931830381106,47.26247987117552,0.9728931830381106,4.294149221685454,5.656199677938808,0.7447665056360708,0.19457863660762212,,
80,15.868223295759528,23.70504562533548,1.724369296833065,47.00751476113795,0.8319914117015567,4.294149221685454,5.629361245303274,0.7447665056360708,0.19457863660762212,,
81,15.042941492216855,20.954106280193237,1.724369296833065,52.200751476113794,0.36902844873859364,4.260601180891036,4.851046698872786,0.4025764895330113,0.19457863660762212,,
82,15.28448738593666,20.840042941492218,1.724369296833065,52.07326892109501,0.36902844873859364,4.260601180891036,4.851046698872786,0.4025764895330113,0.19457863660762212,,
83,13.79495437466452,19.806763285024154,1.6103059581320451,54.85775630703167,0.36902844873859364,3.9989264626945786,4.8376274825550185,0.5300590445517982,0.19457863660762212,,
84,13.88888888888889,19.75979602791197,1.6103059581320451,54.830917874396135,0.36902844873859364,3.9989264626945786,4.817498658078368,0.5300590445517982,0.19457863660762212,,
85,13.976113794954374,19.712828770799785,1.6103059581320451,54.790660225442835,0.36902844873859364,3.9989264626945786,4.817498658078368,0.5300590445517982,0.19457863660762212,,
86,13.862050456253355,19.236446591519055,1.402308105206656,48.57085346215781,0.36902844873859364,3.8915727321524423,11.936392914653783,0.5367686527106817,0.19457863660762212,,
87,13.788244766505636,18.78690284487386,1.402308105206656,49.121041331186255,0.36902844873859364,3.8915727321524423,11.936392914653783,0.5099302200751477,0.19457863660762212,,
88,13.848631239935587,18.78690284487386,1.3888888888888888,49.074074074074076,0.36902844873859364,3.8915727321524423,11.936392914653783,0.5099302200751477,0.19457863660762212,,
89,13.687600644122384,17.98174986580784,1.5029522275899088,46.162104133118625,0.36902844873859364,7.836822329575953,11.83574879227053,0.4294149221685454,0.19457863660762212,,
90,13.848631239935587,17.814009661835748,1.5029522275899088,44.71953837895867,0.36902844873859364,9.386741814278047,11.83574879227053,0.32877079978529256,0.19457863660762212,,
91,13.88888888888889,17.787171229200215,1.5029522275899088,43.69296833064949,1.3955984970477724,9.265968867418144,11.83574879227053,0.32877079978529256,0.30193236714975846,,
92,10.305958132045088,25.77831454643049,1.4761137949543746,39.85507246376812,1.3955984970477724,9.098228663446054,11.460010735373054,0.32877079978529256,0.30193236714975846,,
93,10.36634460547504,25.603864734299517,1.4761137949543746,38.17096081588835,2.033011272141707,10.272410091250672,11.446591519055287,0.32877079978529256,0.30193236714975846,,
94,10.406602254428341,25.603864734299517,1.4761137949543746,38.02334943639291,2.086688137412775,10.272410091250672,11.446591519055287,0.3824476650563607,0.30193236714975846,,
95,10.681696188942565,25.489801395598498,1.4761137949543746,37.835480407944175,2.13365539452496,10.19189479334407,11.446591519055287,0.3824476650563607,0.36231884057971014,,
96,9.07139023081052,24.490069779924852,1.3419216317767042,42.86768652710682,2.13365539452496,8.99087493290392,10.473698336017177,0.2683843263553409,0.36231884057971014,,
97,7.232957595276436,23.409822866344605,1.3419216317767042,49.00697799248524,1.2010198604401503,6.823671497584541,10.352925389157273,0.2683843263553409,0.36231884057971014,,
98,7.548309178743962,22.6784755770263,2.059849704777241,48.75872249060655,1.2010198604401503,6.736446591519055,10.299248523886206,0.2683843263553409,0.4495437466451959,,
99,7.87037037037037,22.5577026301664,2.059849704777241,48.631239935587764,1.2010198604401503,6.729736983360172,10.178475577026301,0.322061191626409,0.4495437466451959,,
100,7.991143317230274,21.39694041867955,1.9592055823939882,48.25550187869028,2.5026838432635534,6.447933440687064,10.165056360708535,0.39586688137412773,0.8856682769726248,,
101,8.017981749865807,21.430488459473967,1.9592055823939882,48.060923242082666,2.5026838432635534,6.4412238325281805,10.158346752549651,0.5434782608695652,0.8856682769726248,,
102,8.219269994632313,21.26945786366076,1.7914653784219001,48.107890499194845,2.5026838432635534,6.4412238325281805,9.769189479334408,0.5434782608695652,1.3553408480944713,,
103,8.272946859903382,21.22249060654858,1.7310789049919484,47.61808910359635,3.046162104133119,6.4412238325281805,9.769189479334408,0.5434782608695652,1.3553408480944713,,
104,8.105206655931294,21.014492753623188,1.6572732152442298,46.4975845410628,3.046162104133119,8.917069243156199,8.890230810520666,0.5166398282340311,1.3553408480944713,,
105,8.353462157809984,20.9272678475577,1.6572732152442298,45.94068706387547,3.475577026301664,8.890230810520666,8.890230810520666,0.5099302200751477,1.3553408480944713,,
106,8.514492753623188,20.92055823939882,1.6572732152442298,45.8467525496511,3.475577026301664,8.836553945249598,8.883521202361782,0.5099302200751477,1.3553408480944713,,
107,8.172302737520129,14.13714439076758,1.1003757380568975,55.662909286097694,1.6505636070853462,8.662104133118627,8.849973161567364,0.5099302200751477,1.2546967257112185,,
108,8.447396672034353,14.13714439076758,1.0869565217391304,54.99194847020934,2.9253891572732154,8.55475040257649,8.064949006977992,0.5367686527106817,1.2546967257112185,,
109,8.507783145464305,14.110305958132045,1.0869565217391304,54.468599033816425,3.4688674181427803,8.541331186258722,8.024691358024691,0.5367686527106817,1.2546967257112185,,
110,8.494363929146537,14.110305958132045,1.402308105206656,53.97879763821793,3.4688674181427803,8.158883521202362,8.024691358024691,1.107085346215781,1.2546967257112185,,
111,8.55475040257649,14.110305958132045,1.402308105206656,53.77079978529254,3.4688674181427803,8.158883521202362,8.024691358024691,1.2546967257112185,1.2546967257112185,,
112,8.695652173913043,14.110305958132045,1.402308105206656,53.676865271068166,3.4688674181427803,8.111916264090176,8.024691358024691,1.2546967257112185,1.2546967257112185,,
113,8.621846484165324,13.499731615673644,1.5432098765432098,52.241009125067094,3.475577026301664,10.446859903381643,7.6623725174449815,1.2546967257112185,1.2546967257112185,,
114,8.829844337090714,13.43263553408481,1.5365002683843263,52.01959205582394,3.475577026301664,10.426731078904991,7.6623725174449815,1.3620504562533549,1.2546967257112185,,
115,9.111647879763822,13.33870101986044,1.5365002683843263,51.80488459473967,3.475577026301664,10.312667740203972,7.6623725174449815,1.5029522275899088,1.2546967257112185,,
116,9.205582393988191,13.231347289318304,1.6706924315619969,49.19484702093398,3.6097691894793345,10.292538915727322,9.333064949006978,2.2074610842726785,1.2546967257112185,,
117,9.541062801932368,13.063607085346217,1.6706924315619969,48.94659151905529,3.743961352657005,10.285829307568438,9.286097691894794,2.2074610842726785,1.2546967257112185,,
118,9.762479871175524,13.023349436392914,1.6706924315619969,48.772141706924316,3.743961352657005,10.285829307568438,9.286097691894794,2.200751476113795,1.2546967257112185,,
119,9.796027911969942,13.023349436392914,1.6706924315619969,48.7385936661299,3.851315083199141,10.178475577026301,9.286097691894794,2.200751476113795,1.2546967257112185,,
120,9.990606548577563,13.023349436392914,1.6706924315619969,48.631239935587764,3.8378958668813743,10.071121846484166,9.205582393988191,2.200751476113795,1.3687600644122384,,
121,10.064412238325282,12.983091787439614,1.7310789049919484,48.56414385399893,3.851315083199141,10.071121846484166,9.205582393988191,2.1604938271604937,1.3687600644122384,,
122,10.332796564680622,12.969672571121846,1.7310789049919484,48.37627482555019,3.9452495974235107,10.00402576489533,9.111647879763822,2.1604938271604937,1.3687600644122384,,
123,10.513955984970478,12.379227053140097,1.7310789049919484,47.36312399355877,3.9318303811057436,10.795759527643586,9.762479871175524,2.15378421900161,1.3687600644122384,,
124,10.668276972624799,12.352388620504563,1.7310789049919484,46.81964573268921,3.9318303811057436,11.171497584541063,9.708803005904455,2.24771873322598,1.3687600644122384,,
125,10.802469135802468,12.151100375738057,1.7310789049919484,46.041331186258724,4.757112184648417,11.171497584541063,9.681964573268921,2.227589908749329,1.4358561460010735,,
126,11.20504562533548,12.13768115942029,1.7847557702630166,45.1154052603328,5.4616210413311865,11.131239935587761,9.614868491680086,2.1135265700483092,1.4358561460010735,,
127,11.426462694578637,12.117552334943639,1.778046162104133,45.02818035426731,5.4616210413311865,11.057434245840042,9.514224369296834,2.086688137412775,1.4358561460010735,0.0939345142243693,
128,11.460010735373054,12.090713902308105,1.778046162104133,45.02818035426731,5.4616210413311865,11.057434245840042,9.514224369296834,2.086688137412775,1.42914653784219,0.0939345142243693,
129,10.93666129898014,11.453301127214171,1.778046162104133,46.484165324745035,5.548845947396672,10.681696188942565,9.50751476113795,2.086688137412775,1.42914653784219,0.0939345142243693,
130,11.117820719269995,11.18491680085883,1.7444981213097155,46.64519592055824,5.528717122920021,10.527375201288244,9.561191626409018,2.167203435319377,1.42914653784219,0.0939345142243693,
131,9.71551261406334,10.983628556092324,2.2745571658615136,50.26167471819646,5.522007514761138,8.729200214707461,8.890230810520666,2.100107353730542,1.42914653784219,0.0939345142243693,
132,8.36688137412775,10.084541062801932,1.865271068169619,58.111916264090176,5.414653784219001,5.857487922705314,7.4141170155662905,1.9793344068706387,0.8118625872249061,0.0939345142243693,
133,8.474235104669887,10.064412238325282,1.865271068169619,58.03811057434246,5.407944176060118,5.857487922705314,7.266505636070853,1.9793344068706387,0.95276435856146,0.0939345142243693,
134,8.568169618894256,10.064412238325282,1.865271068169619,57.88378958668814,5.35426731078905,5.83064949006978,7.253086419753086,2.13365539452496,0.95276435856146,0.0939345142243693,
135,8.876811594202898,10.00402576489533,1.865271068169619,57.66237251744498,5.35426731078905,5.83064949006978,7.226247987117552,2.13365539452496,0.95276435856146,0.0939345142243693,
136,8.997584541062801,9.990606548577563,1.865271068169619,57.58185721953838,5.35426731078905,5.803811057434245,7.226247987117552,2.13365539452496,0.95276435856146,0.0939345142243693,
137,9.07139023081052,9.977187332259795,1.865271068169619,57.52147074610843,5.35426731078905,5.803811057434245,7.226247987117552,2.13365539452496,0.95276435856146,0.0939345142243693,
138,8.561460010735374,9.782608695652174,1.865271068169619,56.635802469135804,5.4616210413311865,7.313472893183038,7.199409554482019,2.13365539452496,0.95276435856146,0.0939345142243693,
139,8.702361782071927,9.73564143853999,1.865271068169619,56.50161030595813,5.508588298443371,7.266505636070853,7.199409554482019,2.1739130434782608,0.95276435856146,0.0939345142243693,
140,8.78287707997853,9.73564143853999,1.865271068169619,56.374127750939344,5.501878690284487,7.239667203435319,7.1658615136876005,2.314814814814815,0.9259259259259259,0.0939345142243693,
141,8.53462157809984,9.118357487922705,3.5762211486849167,52.61674718196457,6.387546967257112,9.386741814278047,7.085346215780999,2.2745571658615136,0.9259259259259259,0.0939345142243693,
142,8.648684916800859,9.118357487922705,3.5628019323671496,52.542941492216855,6.387546967257112,9.359903381642512,7.085346215780999,2.2745571658615136,0.9259259259259259,0.0939345142243693,
143,8.487654320987655,9.118357487922705,6.018518518518518,51.02657004830918,6.387546967257112,9.192163177670425,6.474771873322598,2.2745571658615136,0.9259259259259259,0.0939345142243693,
144,8.628556092324208,9.098228663446054,5.978260869565218,50.905797101449274,6.333870101986044,9.16532474503489,6.474771873322598,2.395330112721417,0.9259259259259259,0.0939345142243693,
145,8.729200214707461,9.098228663446054,5.978260869565218,50.87224906065486,6.333870101986044,9.16532474503489,6.407675791733762,2.395330112721417,0.9259259259259259,0.0939345142243693,
146,8.870101986044014,9.084809447128288,5.978260869565218,50.79844337090714,6.320450885668277,9.131776704240472,6.400966183574879,2.395330112721417,0.9259259259259259,0.0939345142243693,
147,9.212292002147075,9.084809447128288,5.917874396135265,50.46967257112185,6.286902844873859,9.131776704240472,6.400966183574879,2.4892646269457863,0.9125067096081588,0.0939345142243693,
148,9.359903381642512,9.064680622651638,6.890767579173376,49.36929683306495,6.286902844873859,9.131776704240472,6.400966183574879,2.4892646269457863,0.9125067096081588,0.0939345142243693,
149,9.621578099838969,8.977455716586151,6.890767579173376,49.074074074074076,6.407675791733762,9.131776704240472,6.400966183574879,2.4892646269457863,0.9125067096081588,0.0939345142243693,
150,9.75577026301664,8.977455716586151,6.870638754696726,48.62453032742888,6.380837359098229,9.131776704240472,6.380837359098229,2.871712292002147,0.9125067096081588,0.0939345142243693,
151,9.916800858829845,8.923778851315083,6.837090713902308,48.56414385399893,6.407675791733762,9.104938271604938,6.380837359098229,2.85829307568438,0.9125067096081588,0.0939345142243693,
152,9.990606548577563,8.923778851315083,5.891035963499732,49.28878153515835,6.608964036500268,9.057971014492754,6.246645195920558,2.85829307568438,1.0399892646269457,0.0939345142243693,
153,10.064412238325282,8.004562533548041,6.944444444444445,49.13446054750403,6.66935050993022,8.943907675791733,6.246645195920558,2.85829307568438,1.0399892646269457,0.0939345142243693,
154,10.23215244229737,7.997852925389157,6.9310252281266775,49.060654857756305,6.655931293612453,8.917069243156199,6.246645195920558,2.8247450348899625,1.0399892646269457,0.0939345142243693,
155,10.245571658615138,7.991143317230274,6.8035426731078905,48.8996242619431,6.508319914117015,8.903650026838433,6.582125603864735,2.932098765432099,1.0399892646269457,0.0939345142243693,
156,10.433440687063875,7.991143317230274,6.662640901771336,48.718464841653244,6.508319914117015,8.903650026838433,6.582125603864735,2.9253891572732154,1.0399892646269457,0.0939345142243693,0.14090177133655393
157,10.473698336017177,7.991143317230274,6.662640901771336,48.55072463768116,6.508319914117015,8.903650026838433,6.568706387546968,3.0864197530864197,1.0198604401502953,0.0939345142243693,0.14090177133655393
158,8.68894256575416,7.9106280193236715,6.374127750939345,50.0402576489533,5.481749865807837,8.011272141706923,10.198604401502953,2.428878153515835,0.630703166935051,0.0939345142243693,0.14090177133655393
159,8.78287707997853,7.897208803005904,6.863929146537842,49.932903918411164,5.481749865807837,7.608695652173913,10.0979602791197,2.428878153515835,0.6709608158883521,0.0939345142243693,0.14090177133655393
160,8.829844337090714,7.957595276435856,6.837090713902308,49.85238862050456,5.595813204508857,7.608695652173913,9.98389694041868,2.428878153515835,0.6709608158883521,0.0939345142243693,0.14090177133655393
161,9.017713365539452,7.836822329575953,6.837090713902308,49.584004294149224,5.6964573268921095,7.608695652173913,9.98389694041868,2.5295222758990876,0.6709608158883521,0.0939345142243693,0.14090177133655393
162,9.192163177670425,7.836822329575953,6.837090713902308,49.45652173913044,5.6964573268921095,7.595276435856146,9.98389694041868,2.49597423510467,0.6709608158883521,0.0939345142243693,0.14090177133655393
163,9.29951690821256,7.836822329575953,6.790123456790123,48.9398819108964,6.213097155126141,7.581857219538379,9.98389694041868,2.4490069779924855,0.6709608158883521,0.0939345142243693,0.14090177133655393
164,9.426999463231347,7.836822329575953,6.790123456790123,48.84594739667203,6.213097155126141,7.548309178743962,9.98389694041868,2.4490069779924855,0.6709608158883521,0.0939345142243693,0.14090177133655393
165,9.50751476113795,7.836822329575953,6.6760601180891035,48.74530327428878,6.213097155126141,7.62211486849168,9.977187332259795,2.5161030595813205,0.6709608158883521,0.0939345142243693,0.14090177133655393
166,9.675254965110037,7.836822329575953,6.662640901771336,48.309178743961354,6.199677938808374,7.62211486849168,9.977187332259795,2.8113258185721954,0.6709608158883521,0.0939345142243693,0.14090177133655393
167,9.829575952764358,7.776435856146001,6.796833064949007,48.13472893183038,6.199677938808374,7.568438003220612,9.977187332259795,2.8113258185721954,0.6709608158883521,0.0939345142243693,0.14090177133655393
168,9.71551261406334,7.004830917874396,9.31964573268921,46.71900161030596,6.199677938808374,7.568438003220612,9.957058507783145,2.61003757380569,0.6709608158883521,0.0939345142243693,0.14090177133655393
169,10.00402576489533,6.991411701556629,9.252549651100376,46.49087493290392,6.172839506172839,7.555018786902845,9.896672034353195,2.7308105206655933,0.6709608158883521,0.0939345142243693,0.14090177133655393
170,10.23215244229737,6.877348362855609,9.245840042941492,46.41035963499731,6.152710681696189,7.555018786902845,9.88996242619431,2.7308105206655933,0.6709608158883521,0.0939345142243693,0.14090177133655393
171,10.520665593129362,6.763285024154589,9.158615136876007,46.37010198604401,6.125872249060655,7.555018786902845,9.88996242619431,2.7106816961889426,0.6709608158883521,0.0939345142243693,0.14090177133655393
172,10.721953837895867,6.749865807836822,9.004294149221685,46.262748255501876,6.125872249060655,7.5348899624261945,9.88996242619431,2.804616210413312,0.6709608158883521,0.0939345142243693,0.14090177133655393
173,10.909822866344605,6.736446591519055,9.004294149221685,46.141975308641975,6.125872249060655,7.427536231884058,9.836285560923242,2.804616210413312,0.6709608158883521,0.20128824476650564,0.14090177133655393
174,11.017176596886742,6.736446591519055,8.977455716586151,46.10842726784756,6.092324208266238,7.4208266237251745,9.836285560923242,2.7979066022544283,0.6709608158883521,0.20128824476650564,0.14090177133655393
175,11.010466988727858,6.736446591519055,8.977455716586151,45.93397745571659,6.273483628556092,7.4208266237251745,9.836285560923242,2.7979066022544283,0.6709608158883521,0.20128824476650564,0.14090177133655393
176,10.93666129898014,6.736446591519055,9.628287707997853,43.4447128287708,6.273483628556092,6.904186795491143,12.27187332259796,2.7979066022544283,0.6709608158883521,0.20128824476650564,0.13419216317767044
177,11.097691894793345,6.736446591519055,9.588030059044552,43.41787439613527,6.239935587761675,6.890767579173376,12.224906065485776,2.7979066022544283,0.6709608158883521,0.20128824476650564,0.13419216317767044
178,11.292270531400966,6.662640901771336,9.561191626409018,43.243424584004295,6.367418142780462,6.843800322061192,12.338969404186795,2.6838432635534084,0.6709608158883521,0.20128824476650564,0.13419216317767044
179,11.480139559849706,6.454643048845948,9.923510466988727,42.7536231884058,6.421095008051529,6.823671497584541,12.325550187869029,2.8113258185721954,0.6709608158883521,0.20128824476650564,0.13419216317767044
180,11.366076221148685,6.078904991948471,9.88996242619431,42.693236714975846,6.360708534621578,7.749597423510467,12.285292538915728,2.8113258185721954,0.5367686527106817,0.0939345142243693,0.13419216317767044
181,11.406333870101985,6.018518518518518,9.708803005904455,42.40472356414385,6.347289318303811,7.749597423510467,12.560386473429952,3.0394524959742353,0.5367686527106817,0.0939345142243693,0.13419216317767044
182,11.480139559849706,5.998389694041868,9.789318303811058,42.109500805152976,6.367418142780462,7.716049382716049,12.399355877616747,3.227321524422974,0.5367686527106817,0.24154589371980675,0.13419216317767044
183,11.701556629092861,5.991680085882985,9.708803005904455,42.028985507246375,6.353998926462695,7.689210950080516,12.385936661298981,3.227321524422974,0.5367686527106817,0.24154589371980675,0.13419216317767044
184,11.782071926999464,5.991680085882985,9.708803005904455,41.86795491143317,6.353998926462695,7.689210950080516,12.372517444981213,3.321256038647343,0.5367686527106817,0.24154589371980675,0.13419216317767044
185,11.922973698336017,5.991680085882985,9.708803005904455,41.666666666666664,6.427804616210413,7.689210950080516,12.359098228663447,3.321256038647343,0.5367686527106817,0.24154589371980675,0.13419216317767044
186,12.204777241009126,5.991680085882985,9.708803005904455,41.438539989264626,6.427804616210413,7.689210950080516,12.332259796027913,3.294417606011809,0.5367686527106817,0.24154589371980675,0.13419216317767044
187,12.305421363392378,5.991680085882985,9.5276435856146,41.42512077294686,6.380837359098229,7.689210950080516,12.332259796027913,3.435319377348363,0.5367686527106817,0.24154589371980675,0.13419216317767044
188,12.5,5.991680085882985,9.5276435856146,41.19028448738594,6.528448738593666,7.6556629092860975,12.29200214707461,3.4017713365539453,0.5367686527106817,0.24154589371980675,0.13419216317767044
189,12.573805689747719,5.978260869565218,9.5276435856146,41.176865271068166,6.515029522275899,7.6556629092860975,12.258454106280194,3.4017713365539453,0.5367686527106817,0.24154589371980675,0.13419216317767044
190,12.627482555018787,5.9514224369296835,9.98389694041868,40.955448201825014,6.447933440687064,7.6556629092860975,12.184648416532475,3.280998389694042,0.5367686527106817,0.24154589371980675,0.13419216317767044
191,13.009930220075148,5.904455179817498,9.943639291465379,40.82125603864734,6.588835212023618,7.541599570585078,12.157809983896941,3.2675791733762747,0.5367686527106817,0.0939345142243693,0.13419216317767044
192,13.056897477187333,5.904455179817498,9.943639291465379,40.78770799785293,6.588835212023618,7.541599570585078,12.157809983896941,3.2541599570585076,0.5367686527106817,0.0939345142243693,0.13419216317767044
193,13.39237788513151,5.904455179817498,9.822866344605474,40.62667740203972,6.588835212023618,7.541599570585078,12.104133118625873,3.2541599570585076,0.5367686527106817,0.0939345142243693,0.13419216317767044
194,13.613794954374665,5.904455179817498,9.749060654857756,40.49919484702093,6.575415995705851,7.514761137949543,12.04374664519592,3.33467525496511,0.5367686527106817,0.0939345142243693,0.13419216317767044
195,13.6406333870102,5.904455179817498,9.749060654857756,40.083199141170155,6.790123456790123,7.6623725174449815,12.030327428878154,3.374932903918411,0.5367686527106817,0.0939345142243693,0.13419216317767044
196,13.79495437466452,5.904455179817498,9.73564143853999,39.97584541062802,6.790123456790123,7.628824476650563,12.030327428878154,3.374932903918411,0.5367686527106817,0.0939345142243693,0.13419216317767044
197,13.935856146001074,5.870907139023081,9.702093397745571,39.84836285560923,6.790123456790123,7.608695652173913,11.98336017176597,3.374932903918411,0.6575415995705851,0.0939345142243693,0.13419216317767044
198,13.92914653784219,5.870907139023081,9.702093397745571,39.754428341384866,6.790123456790123,7.595276435856146,11.98336017176597,3.488996242619431,0.6575415995705851,0.0939345142243693,0.13419216317767044
199,14.231078904991948,5.864197530864198,9.655126140633387,39.56655931293612,6.790123456790123,7.568438003220612,11.963231347289318,3.475577026301664,0.6575415995705851,0.0939345142243693,0.13419216317767044
200,14.278046162104133,5.864197530864198,9.71551261406334,39.351851851851855,7.051798174986581,7.434245840042942,11.929683306494901,3.5225442834138487,0.6239935587761675,0.0939345142243693,0.13419216317767044
201,14.512882447665056,5.864197530864198,9.41358024691358,39.26462694578637,7.0450885668276975,7.635534084809447,11.896135265700483,3.5225442834138487,0.6239935587761675,0.0939345142243693,0.1274825550187869
202,14.640365002683843,5.850778314546431,9.634997316156737,39.10359634997316,6.870638754696726,7.635534084809447,11.896135265700483,3.5225442834138487,0.6239935587761675,0.0939345142243693,0.1274825550187869
203,14.479334406870638,5.615942028985507,9.111647879763822,38.16425120772947,6.870638754696726,9.856414385399892,11.406333870101985,3.515834675254965,0.6239935587761675,0.2281266774020397,0.1274825550187869
204,14.76784755770263,5.609232420826624,9.064680622651638,38.016639828234034,6.810252281266774,9.842995169082126,11.406333870101985,3.502415458937198,0.6239935587761675,0.2281266774020397,0.1274825550187869
205,14.969135802469136,5.595813204508857,9.064680622651638,37.8690284487386,6.810252281266774,9.842995169082126,11.372785829307569,3.4957058507783145,0.6239935587761675,0.2281266774020397,0.1274825550187869
206,15.163714439076758,5.5689747718733225,9.057971014492754,37.70799785292539,6.890767579173376,9.829575952764358,11.345947396672035,3.455448201825013,0.6239935587761675,0.2281266774020397,0.1274825550187869
207,15.103327965646805,5.434782608695652,9.440418679549115,37.466451959205585,6.756575415995706,9.829575952764358,11.345947396672035,3.643317230273752,0.6239935587761675,0.2281266774020397,0.1274825550187869
208,15.24422973698336,5.407944176060118,9.426999463231347,37.43961352657005,6.756575415995706,9.75577026301664,11.345947396672035,3.643317230273752,0.6239935587761675,0.2281266774020397,0.1274825550187869
209,15.33816425120773,5.401234567901234,9.420289855072463,37.4194847020934,6.729736983360172,9.722222222222221,11.345947396672035,3.643317230273752,0.6239935587761675,0.2281266774020397,0.1274825550187869
210,15.539452495974235,5.314009661835748,9.500805152979066,37.25845410628019,6.696188942565755,9.722222222222221,11.345947396672035,3.643317230273752,0.6239935587761675,0.2281266774020397,0.1274825550187869
211,15.573000536768653,5.300590445517981,9.500805152979066,37.25845410628019,6.696188942565755,9.722222222222221,11.325818572195384,3.643317230273752,0.6239935587761675,0.2281266774020397,0.1274825550187869
212,15.633387010198604,5.300590445517981,9.500805152979066,37.21819645732689,6.689479334406871,9.722222222222221,11.325818572195384,3.629898013955985,0.6239935587761675,0.2281266774020397,0.1274825550187869
213,15.60654857756307,5.300590445517981,9.31964573268921,37.13768115942029,6.689479334406871,9.722222222222221,11.614331723027375,3.629898013955985,0.6239935587761675,0.2281266774020397,0.1274825550187869
214,15.807836822329575,5.300590445517981,9.31964573268921,36.9699409554482,6.689479334406871,9.708803005904455,11.594202898550725,3.629898013955985,0.6239935587761675,0.2281266774020397,0.1274825550187869
215,15.92860976918948,5.300590445517981,9.31964573268921,36.882716049382715,6.6760601180891035,9.708803005904455,11.574074074074074,3.629898013955985,0.6239935587761675,0.2281266774020397,0.1274825550187869
216,15.881642512077295,5.300590445517981,9.05126140633387,36.231884057971016,6.749865807836822,10.648148148148149,11.540526033279656,3.616478797638218,0.6239935587761675,0.2281266774020397,0.1274825550187869
217,16.049382716049383,5.293880837359098,9.05126140633387,36.07085346215781,6.749865807836822,10.540794417606012,11.540526033279656,3.7238325281803544,0.6239935587761675,0.2281266774020397,0.1274825550187869
218,16.210413311862588,5.293880837359098,9.017713365539452,35.990338164251206,6.716317767042405,10.527375201288244,11.540526033279656,3.7238325281803544,0.6239935587761675,0.2281266774020397,0.1274825550187869
219,16.404991948470208,5.152979066022544,9.4873859366613,35.909822866344605,6.528448738593666,10.473698336017177,11.352657004830919,3.717122920021471,0.6172839506172839,0.2281266774020397,0.1274825550187869
220,16.384863123993558,5.059044551798175,9.205582393988191,35.63472893183038,6.602254428341385,10.299248523886206,12.157809983896941,3.683574879227053,0.6172839506172839,0.2281266774020397,0.1274825550187869
221,16.760601180891037,4.924852388620504,9.16532474503489,35.507246376811594,6.582125603864735,10.245571658615138,12.157809983896941,3.683574879227053,0.6172839506172839,0.2281266774020397,0.1274825550187869
222,16.861245303274288,4.804079441760601,9.27938808373591,35.46027911969941,6.582125603864735,10.218733225979603,12.13768115942029,3.643317230273752,0.6575415995705851,0.2281266774020397,0.1274825550187869
223,16.820987654320987,4.757112184648417,9.366612989801396,35.42673107890499,6.615673644659152,10.218733225979603,12.13768115942029,3.643317230273752,0.6575415995705851,0.2281266774020397,0.1274825550187869
224,16.76731078904992,4.7168545356951155,9.353193773483628,35.10466988727858,6.642512077294686,10.19189479334407,12.580515297906603,3.69699409554482,0.5904455179817498,0.2281266774020397,0.1274825550187869
225,16.921631776704242,4.690016103059581,9.272678475577026,35.07783145464305,6.629092860976919,10.185185185185185,12.580515297906603,3.69699409554482,0.5904455179817498,0.2281266774020397,0.1274825550187869
226,16.948470209339774,4.676596886741814,9.252549651100376,35.057702630166396,6.629092860976919,10.171765968867419,12.620772946859903,3.69699409554482,0.5904455179817498,0.2281266774020397,0.1274825550187869
227,17.14975845410628,4.663177670424047,9.198872785829307,34.92351046698873,6.575415995705851,10.044283413848632,12.600644122383253,3.9049919484702094,0.5904455179817498,0.2281266774020397,0.12077294685990338
228,17.163177670424048,4.663177670424047,9.198872785829307,34.91009125067096,6.575415995705851,10.044283413848632,12.600644122383253,3.9049919484702094,0.5904455179817498,0.2281266774020397,0.12077294685990338
229,17.10950080515298,4.64975845410628,9.185453569511541,34.84299516908212,6.535158346752549,10.044283413848632,12.553676865271068,4.139828234031133,0.5904455179817498,0.2281266774020397,0.12077294685990338
230,17.156468062265162,4.64975845410628,9.29951690821256,34.68196457326892,6.447933440687064,10.044283413848632,12.526838432635534,4.253891572732153,0.5904455179817498,0.2281266774020397,0.12077294685990338
231,17.49194847020934,4.64975845410628,9.292807300053678,34.60144927536232,6.394256575415996,10.00402576489533,12.432903918411165,4.233762748255502,0.5904455179817498,0.2281266774020397,0.08051529790660225
