,45,50,51,52,53,54,57,55,56
0,95.2361782071927,4.7638217928073,,,,,,,
1,86.86258722490606,13.137412775093935,,,,,,,
2,68.55206655931293,31.447933440687063,,,,,,,
3,68.06226516371444,31.93773483628556,,,,,,,
4,66.72034353193773,33.16559312936125,0.11406333870101985,,,,,,
5,57.809983896940416,41.056092324208265,,1.133923778851315,,,,,
6,52.59661835748792,28.361513687600645,3.2541599570585076,15.787707997852925,,,,,
7,45.50456253354804,35.17176596886742,3.2541599570585076,15.74074074074074,0.32877079978529256,,,,
8,45.840042941492214,34.54106280193237,3.2206119162640903,15.559581320450885,0.6038647342995169,0.23483628556092323,,,
9,46.12855609232421,34.23242082662372,3.2206119162640903,15.351583467525497,0.6038647342995169,0.3153515834675255,0.14761137949543746,,
10,46.175523349436396,34.19887278582931,3.2206119162640903,15.33816425120773,0.6038647342995169,0.3153515834675255,0.14761137949543746,,
11,44.51154052603328,33.87010198604401,6.508319914117015,14.11701556629093,0.5300590445517982,0.3153515834675255,0.14761137949543746,,
12,40.552871712292,40.80112721417069,2.7777777777777777,12.338969404186795,3.066290928609769,0.3153515834675255,0.14761137949543746,,
13,33.89023081052066,52.563070316693505,2.7643585614600106,7.179280730005368,3.066290928609769,0.38915727321524424,0.14761137949543746,,
14,33.80971551261406,47.155126140633385,6.119162640901771,8.259527643585615,4.133118625872249,0.38915727321524424,0.13419216317767044,,
15,28.938539989264626,52.07997852925389,6.092324208266238,8.259527643585615,4.119699409554482,0.3757380568974772,0.13419216317767044,,
16,26.308373590982285,53.28770799785293,6.092324208266238,7.9039184111647875,4.0995705850778315,2.1739130434782608,0.13419216317767044,,
17,24.570585077831456,49.7987117552335,12.345679012345679,6.850509930220075,4.045893719806763,2.1739130434782608,0.11406333870101985,0.10064412238325282,
18,20.343531937734838,53.95195920558239,11.956521739130435,6.790123456790123,4.045893719806763,2.4691358024691357,0.11406333870101985,0.19457863660762212,0.13419216317767044
19,14.727589908749328,60.68169618894257,11.949812130971551,6.0587761674718195,3.784219001610306,2.4691358024691357,,0.19457863660762212,0.13419216317767044
20,14.982555018786902,60.44685990338164,11.929683306494901,6.0587761674718195,3.784219001610306,2.4691358024691357,,0.19457863660762212,0.13419216317767044
21,13.694310252281268,49.83225979602791,17.371175523349436,12.788513150831992,3.717122920021471,2.3617820719269993,,0.10064412238325282,0.13419216317767044
22,12.439613526570048,44.91411701556629,17.330917874396135,19.008319914117017,3.717122920021471,2.3550724637681157,,0.10064412238325282,0.13419216317767044
23,11.265432098765432,41.015834675254965,22.940150295222757,18.95464304884595,3.7037037037037037,1.7042404723564144,,0.28180354267310787,0.13419216317767044
24,11.325818572195384,36.761943102522814,28.515834675254965,18.82716049382716,2.8784219001610305,1.4090177133655395,,0.28180354267310787,
25,11.79549114331723,36.43317230273752,28.341384863123995,18.800322061191626,2.8784219001610305,1.402308105206656,,0.3488996242619431,
26,12.365807836822329,36.04401502952228,28.073000536768653,18.773483628556093,2.8784219001610305,1.402308105206656,,0.3488996242619431,0.11406333870101985
27,12.761674718196458,35.72195383789587,27.51610305958132,17.840848094471284,2.657004830917874,2.5831991411701556,,0.5568974771873323,0.36231884057971014
28,9.03113258185722,21.511003757380568,46.833064949006975,17.431561996779386,2.657004830917874,1.6035963499731616,,0.5971551261406334,0.33548040794417605
29,8.038110574342458,16.626409017713364,52.99919484702093,17.424852388620504,2.6435856146001075,1.442565754159957,,0.48980139559849706,0.33548040794417605
30,7.977724100912507,16.129898013955984,54.69672571121846,15.921900161030596,2.6301663982823404,1.8183038110574343,,0.48980139559849706,0.33548040794417605
31,8.038110574342458,16.022544283413847,54.95169082125604,15.895061728395062,2.6301663982823404,1.7914653784219001,,0.33548040794417605,0.33548040794417605
32,8.279656468062266,15.962157809983896,54.58266237251745,15.895061728395062,2.6301663982823404,1.7914653784219001,,0.5233494363929146,0.33548040794417605
33,5.414653784219001,36.04401502952228,55.36768652710682,1.9860440150295222,0.23483628556092323,0.4495437466451959,,0.28180354267310787,0.2214170692431562
34,5.984970477724101,35.73537305421363,55.10601180891036,1.9860440150295222,0.23483628556092323,0.4495437466451959,,0.28180354267310787,0.2214170692431562
35,6.119162640901771,35.23215244229737,55.159688674181425,1.9860440150295222,0.23483628556092323,0.4495437466451959,,0.30864197530864196,0.5099302200751477
36,5.689747718733226,35.12479871175523,55.73671497584541,1.9860440150295222,0.23483628556092323,0.4092860976918948,,0.30864197530864196,0.5099302200751477
37,5.857487922705314,30.16639828234031,53.918411164787976,1.9860440150295222,3.9452495974235107,3.046162104133119,,0.4495437466451959,0.630703166935051
38,6.461352657004831,30.12614063338701,53.30783682232958,1.9860440150295222,3.9318303811057436,3.126677402039721,,0.4495437466451959,0.6105743424584005
39,6.031937734836285,25.509930220075148,54.126409017713364,2.7643585614600106,7.635534084809447,2.9790660225442833,,0.3421900161030596,0.6105743424584005
40,6.588835212023618,25.140901771336555,52.52952227589909,7.4141170155662905,4.0995705850778315,2.9790660225442833,,0.4562533548040794,0.7917337627482555
41,6.649221685453569,20.21604938271605,49.483360171765966,17.673107890499196,1.7176596886741815,2.9589371980676327,,0.5099302200751477,0.7917337627482555
42,6.488191089640365,20.108695652173914,44.18947933440687,23.778851315083198,1.402308105206656,2.623456790123457,0.10735373054213634,0.5099302200751477,0.7917337627482555
43,6.6827697262479875,19.940955448201827,44.135802469135804,23.731884057971016,1.402308105206656,2.623456790123457,0.10735373054213634,0.5837359098228664,0.7917337627482555
44,7.286634460547504,19.81347289318304,43.84057971014493,23.60440150295223,1.3821792807300053,2.5966183574879227,0.10064412238325282,0.5837359098228664,0.7917337627482555
45,7.608695652173913,19.652442297369834,43.39774557165862,23.403113258185723,1.8988191089640365,2.563070316693505,0.10064412238325282,0.5837359098228664,0.7917337627482555
46,7.75630703166935,19.545088566827697,43.323939881910896,23.329307568438004,1.8988191089640365,2.442297369833602,0.10064412238325282,0.5770263016639828,1.0265700483091786
47,8.031400966183575,19.390767579173378,41.458668813741276,25.147611379495437,1.8988191089640365,2.368491680085883,0.10064412238325282,0.5770263016639828,1.0265700483091786
48,8.279656468062266,19.236446591519055,41.35131508319914,25.0402576489533,1.8988191089640365,2.368491680085883,0.10064412238325282,0.6977992485238862,1.0265700483091786
49,7.494632313472893,17.042404723564143,37.775093934514224,32.55501878690284,1.3687600644122384,2.2611379495437465,,0.5636070853462157,0.9393451422436929
50,7.716049382716049,16.941760601180892,37.31213097155126,32.306763285024154,1.3620504562533549,2.4020397208803006,0.12077294685990338,0.8185721953837896,1.0198604401502953
51,8.199141170155663,16.63311862587225,37.2987117552335,32.14573268921095,1.3620504562533549,2.4020397208803006,0.12077294685990338,0.8185721953837896,1.0198604401502953
52,7.763016639828234,16.23725174449812,46.765968867418145,22.65163714439077,1.3083735909822867,3.3480944712828773,0.12077294685990338,0.8051529790660226,0.9997316156736447
53,8.145464304884594,16.0829307568438,45.91384863123994,22.591250670960815,1.3083735909822867,3.280998389694042,0.12077294685990338,0.798443370907139,1.7579173376274826
54,8.132045088566828,15.11003757380569,45.108695652173914,24.06736446591519,1.3016639828234031,3.3413848631239937,0.4025764895330113,0.6776704240472357,1.8585614600107354
55,7.830112721417069,14.170692431561998,52.22758990874933,18.511808910359633,1.2949543746645196,3.3413848631239937,0.3421900161030596,0.5166398282340311,1.7646269457863661
56,7.514761137949543,14.076757917337627,44.927536231884055,26.194310252281266,1.261406333870102,3.3413848631239937,0.3421900161030596,0.4025764895330113,1.9390767579173376
57,7.669082125603865,14.056629092860977,44.91411701556629,25.939345142243692,1.261406333870102,3.475577026301664,0.3421900161030596,0.4025764895330113,1.9390767579173376
58,7.957595276435856,14.04320987654321,44.76650563607085,25.83870101986044,1.261406333870102,3.475577026301664,0.3421900161030596,0.4025764895330113,1.9122383252818036
59,8.192431561996779,13.989533011272142,43.20987654320987,27.26784755770263,1.261406333870102,3.44873859366613,0.3421900161030596,0.4025764895330113,1.8853998926462694
60,8.695652173913043,13.915727321524423,42.20343531937735,27.053140096618357,1.1943102522812667,3.898282340311326,0.3421900161030596,0.39586688137412773,2.301395598497048
61,9.420289855072463,13.271604938271604,40.61996779388084,28.73725174449812,1.1808910359634996,3.730542136339238,,0.6239935587761675,2.4154589371980677
62,9.675254965110037,13.238056897477188,40.29119699409554,28.60305958132045,1.1808910359634996,3.717122920021471,,0.6239935587761675,2.6704240472356413
63,9.903381642512077,13.063607085346217,40.123456790123456,28.421900161030596,1.1674718196457328,3.717122920021471,,0.7447665056360708,2.85829307568438
64,10.11808910359635,12.989801395598498,39.89533011272142,28.388352120236178,1.1540526033279657,3.717122920021471,,0.7447665056360708,2.9924852388620504
65,10.681696188942565,12.86231884057971,39.61352657004831,28.287707997852927,1.1272141706924315,3.6902844873859366,,0.7447665056360708,2.9924852388620504
66,10.493827160493828,12.399355877616747,40.56629092860977,28.052871712292003,1.1272141706924315,3.629898013955985,0.23483628556092323,0.8387010198604401,2.657004830917874
67,10.809178743961352,12.338969404186795,40.11003757380569,27.81803542673108,1.1272141706924315,3.629898013955985,0.23483628556092323,1.1003757380568975,2.831454643048846
68,10.950080515297907,12.325550187869029,39.96913580246913,27.563070316693505,1.3955984970477724,3.629898013955985,0.23483628556092323,1.1003757380568975,2.831454643048846
69,11.3191089640365,11.406333870101985,39.88862050456253,26.798174986580783,0.7313472893183038,5.656199677938808,0.32877079978529256,1.0802469135802468,2.791196994095545
70,11.808910359634996,11.386205045625335,39.81481481481482,26.455984970477726,0.7313472893183038,5.60252281266774,0.32877079978529256,1.0802469135802468,2.791196994095545
71,11.453301127214171,10.755501878690284,44.56521739130435,23.718464841653248,0.7313472893183038,4.146537842190016,0.24154589371980675,1.596886741814278,2.791196994095545
72,12.016908212560386,10.721953837895867,44.155931293612454,23.64465915190553,0.7313472893183038,4.133118625872249,0.24154589371980675,1.596886741814278,2.757648953301127
73,11.198336017176597,10.654857756307031,47.98040794417606,21.101717659688674,0.7313472893183038,4.133118625872249,0.13419216317767044,1.556629092860977,2.509393451422437
74,11.580783682232958,10.527375201288244,47.497316156736446,20.90713902308105,0.7313472893183038,4.133118625872249,0.13419216317767044,1.556629092860977,2.932098765432099
75,11.889425657541599,10.46027911969941,47.27589908749329,20.679012345679013,0.7313472893183038,4.133118625872249,0.10064412238325282,1.556629092860977,3.1736446591519054
76,12.117552334943639,10.34621578099839,46.68545356951154,20.42404723564144,0.7313472893183038,4.119699409554482,0.10064412238325282,2.301395598497048,3.1736446591519054
77,12.473161567364466,10.34621578099839,46.41035963499731,20.263016639828233,0.7313472893183038,4.092860976918948,0.10064412238325282,2.408749329039184,3.1736446591519054
78,12.95625335480408,10.178475577026301,46.19565217391305,20.068438003220614,0.7313472893183038,4.05931293612453,0.10064412238325282,2.408749329039184,3.3011272141706924
79,12.546967257112184,10.171765968867419,49.040526033279654,17.3040794417606,0.6038647342995169,4.690016103059581,0.24825550187869028,2.2946859903381642,3.099838969404187
80,12.761674718196458,10.050993022007514,47.57783145464305,16.961889425657542,0.8856682769726248,4.690016103059581,0.24825550187869028,3.9720880300590444,2.8515834675254963
81,13.123993558776167,9.863123993558776,46.96054750402576,16.814278046162105,0.8856682769726248,4.64975845410628,0.24825550187869028,4.663177670424047,2.791196994095545
82,13.070316693505099,9.29951690821256,45.819914117015564,16.6935050993022,2.589908749329039,4.555823939881911,0.24825550187869028,4.931561996779388,2.791196994095545
83,12.962962962962964,9.29951690821256,45.833333333333336,16.646537842190018,2.589908749329039,4.555823939881911,0.24825550187869028,5.072463768115942,2.791196994095545
84,13.499731615673644,9.272678475577026,45.611916264090176,16.606280193236714,2.576489533011272,4.4820182501341925,0.24825550187869028,5.045625335480408,2.657004830917874
85,13.103864734299517,9.252549651100376,44.216317767042405,19.176060118089104,2.4355877616747184,4.4753086419753085,,4.911433172302737,2.428878153515835
86,13.18438003220612,9.23913043478261,40.163714439076756,23.32259796027912,2.4355877616747184,4.468599033816425,,4.904723564143854,2.281266774020397
87,13.714439076757918,9.178743961352657,39.720880300590444,23.13472893183038,2.623456790123457,4.468599033816425,,4.87788513150832,2.281266774020397
88,14.143853998926463,9.118357487922705,39.52630166398282,23.013955984970476,2.623456790123457,4.435050993022007,,4.87788513150832,2.2611379495437465
89,14.257917337627482,9.118357487922705,39.26462694578637,22.98040794417606,2.6033279656468062,4.42163177670424,,5.092592592592593,2.2611379495437465
90,14.479334406870638,9.078099838969404,39.150563607085346,22.946859903381643,2.6033279656468062,4.394793344068707,,5.092592592592593,2.254428341384863
91,14.626945786366075,8.521202361782072,41.89479334406871,21.061460010735374,1.8585614600107354,4.341116478797638,,5.4616210413311865,2.2342995169082127
92,14.78797638217928,8.494363929146537,41.82098765432099,20.90042941492217,1.8585614600107354,4.341116478797638,,5.4549114331723025,2.341653247450349
93,15.257648953301127,8.454106280193237,41.337895866881375,20.679012345679013,1.8585614600107354,4.341116478797638,,5.615942028985507,2.4557165861513686
94,16.029253891572733,8.387010198604402,40.79441760601181,20.477724100912507,1.8585614600107354,4.341116478797638,,5.615942028985507,2.49597423510467
95,16.358024691358025,8.387010198604402,40.734031132581855,20.021470746108427,2.0531400966183573,4.341116478797638,,5.609232420826624,2.49597423510467
96,16.686795491143318,8.387010198604402,40.43880837359098,19.81347289318304,2.38191089640365,4.17337627482555,,5.622651637144391,2.49597423510467
97,16.720343531937736,8.387010198604402,39.57997852925389,19.80005367686527,2.341653247450349,4.133118625872249,,6.561996779388084,2.475845410628019
98,16.908212560386474,8.373590982286634,39.31159420289855,19.706119162640903,2.341653247450349,4.133118625872249,,6.541867954911433,2.6838432635534084
99,17.24369296833065,8.011272141706923,39.01637144390767,19.6256038647343,2.341653247450349,4.166666666666667,,6.9243156199677935,2.6704240472356413
100,16.72705314009662,8.011272141706923,37.5805152979066,21.926999463231347,2.24771873322598,4.166666666666667,,6.629092860976919,2.7106816961889426
101,17.06924315619968,7.98443370907139,37.493290391841114,21.69887278582931,2.24771873322598,4.166666666666667,,6.421095008051529,2.918679549114332
102,17.24369296833065,7.98443370907139,37.3792270531401,21.692163177670423,2.1940418679549114,4.166666666666667,,6.421095008051529,2.918679549114332
103,17.632850241545892,7.96430488459474,37.31213097155126,21.450617283950617,2.1940418679549114,4.133118625872249,,6.407675791733762,2.9052603327965647
104,17.975040257648953,7.702630166398282,37.043746645195924,21.24261943102523,2.395330112721417,4.0995705850778315,,6.367418142780462,3.1736446591519054
105,18.411164787976382,7.635534084809447,36.85587761674718,21.088298443370906,2.5161030595813205,4.005636070853462,,6.360708534621578,3.126677402039721
106,18.760064412238325,7.635534084809447,36.67471819645733,21.014492753623188,2.4892646269457863,4.274020397208803,,5.9447128287707995,3.207192699946323
107,19.02173913043478,7.62211486849168,36.520397208803004,20.987654320987655,2.5697799248523885,4.274020397208803,,5.803811057434245,3.2004830917874396
108,19.37734836285561,7.601986044015029,36.07756307031669,20.511272141706925,2.5697799248523885,4.200214707461084,,6.226516371443908,3.435319377348363
109,19.33709071390231,7.521470746108427,34.01771336553945,22.799248523886206,2.5295222758990876,4.159957058507783,,6.206387546967257,3.4286097691894795
110,19.410896403650028,7.494632313472893,33.863392377885134,22.71202361782072,2.5295222758990876,4.159957058507783,0.0939345142243693,6.333870101986044,3.4017713365539453
111,19.712828770799785,7.246376811594203,33.19243156199678,22.376543209876544,2.5295222758990876,4.146537842190016,0.0939345142243693,6.984702093397746,3.717122920021471
112,20.068438003220614,7.112184648416532,32.90391841116479,22.31615673644659,2.5026838432635534,4.133118625872249,0.0939345142243693,7.152442297369833,3.717122920021471
113,19.840311325818572,7.112184648416532,32.139023081052066,22.15512614063339,2.6972624798711755,4.133118625872249,0.0939345142243693,7.635534084809447,4.193505099302201
114,19.840311325818572,7.004830917874396,32.03166935050993,21.906870638754697,2.6972624798711755,4.441760601180891,0.0939345142243693,7.7898550724637685,4.193505099302201
115,19.94766505636071,7.004830917874396,31.904186795491142,21.72571121846484,2.8247450348899625,4.435050993022007,0.0939345142243693,7.890499194847021,4.17337627482555
116,20.33011272141707,6.957863660762212,31.64922168545357,21.470746108427267,2.7844873859366612,4.3478260869565215,0.0939345142243693,7.991143317230274,4.374664519592056
117,20.638754696725712,6.957863660762212,31.4747718733226,21.544551798174986,2.7241009125067097,4.233762748255502,0.0939345142243693,7.96430488459474,4.367954911433173
118,20.67230273752013,6.9310252281266775,31.01851851851852,21.202361782071925,2.7241009125067097,4.139828234031133,0.0939345142243693,8.132045088566828,5.0858829844337095
119,20.954106280193237,6.9310252281266775,30.9447128287708,21.014492753623188,2.7241009125067097,4.133118625872249,0.0939345142243693,8.11862587224906,5.0858829844337095
120,21.095008051529792,6.910896403650026,30.71658615136876,20.8870101986044,2.7241009125067097,4.40150295222759,0.0939345142243693,7.950885668276973,5.22007514761138
121,21.289586688137412,6.736446591519055,30.609232420826622,21.081588835212024,2.7241009125067097,4.374664519592056,0.0939345142243693,7.883789586688137,5.2066559312936125
122,21.4573268921095,6.716317767042405,30.48174986580784,21.068169618894256,2.717391304347826,4.374664519592056,0.0939345142243693,7.883789586688137,5.2066559312936125
123,21.826355340848096,6.716317767042405,30.12614063338701,20.853462157809982,2.6972624798711755,4.9651100375738055,0.0939345142243693,7.548309178743962,5.173107890499195
124,22.128287707997853,6.709608158883521,29.911433172302736,20.71256038647343,2.6972624798711755,4.918142780461621,0.0939345142243693,7.6623725174449815,5.166398282340311
125,22.208803005904453,6.6827697262479875,29.622920021470748,20.8467525496511,2.657004830917874,4.851046698872786,0.0939345142243693,7.991143317230274,5.045625335480408
126,22.302737520128826,6.655931293612453,28.978797638217927,20.75281803542673,2.5966183574879227,4.951690821256038,0.0939345142243693,7.950885668276973,5.71658615136876
127,20.189210950080515,5.609232420826624,35.82259796027912,19.43102522812668,2.3752012882447664,3.5628019323671496,0.0939345142243693,7.62211486849168,5.293880837359098
128,20.222758990874933,4.676596886741814,35.587761674718195,19.37734836285561,2.3550724637681157,3.556092324208266,0.0939345142243693,8.890230810520666,5.24020397208803
129,20.544820182501343,4.676596886741814,35.265700483091784,19.068706387546968,2.5429414922168547,3.556092324208266,0.17444981213097155,8.769457863660762,5.401234567901234
130,20.78636607622115,4.676596886741814,35.07783145464305,19.04186795491143,2.5161030595813205,3.556092324208266,0.17444981213097155,8.769457863660762,5.401234567901234
131,21.121846484165324,4.656468062265164,34.94363929146538,18.98148148148148,2.5161030595813205,3.4957058507783145,0.17444981213097155,8.722490606548577,5.387815351583468
132,21.537842190016104,4.656468062265164,34.77589908749329,18.968062265163713,2.5161030595813205,3.4688674181427803,0.17444981213097155,8.514492753623188,5.387815351583468
133,19.45115405260333,4.274020397208803,40.25764895330113,17.351046698872786,1.5633387010198605,3.4420289855072466,0.17444981213097155,8.3467525496511,5.139559849704777
134,19.53166935050993,4.274020397208803,40.08990874932904,17.317498658078367,1.8719806763285025,3.3950617283950617,0.17444981213097155,8.205850778314547,5.139559849704777
135,19.73966720343532,4.260601180891036,39.61352657004831,17.156468062265162,1.8719806763285025,3.5963499731615673,0.17444981213097155,8.125335480407944,5.4616210413311865
136,19.860440150295222,4.260601180891036,39.31830381105743,16.968599033816425,1.8719806763285025,4.072732152442297,0.17444981213097155,8.105206655931294,5.367686527106817
137,19.981213097155127,4.1532474503489,39.21765968867418,16.901502952227588,1.8719806763285025,4.408212560386473,0.17444981213097155,7.937466451959206,5.35426731078905
138,20.605206655931294,4.119699409554482,39.00295222758991,16.485507246376812,1.8719806763285025,4.394793344068707,0.17444981213097155,7.924047235641439,5.421363392377885
139,21.195652173913043,4.119699409554482,38.75469672571122,16.31105743424584,1.8719806763285025,4.3545356951154055,0.17444981213097155,7.843531937734836,5.374396135265701
140,20.94068706387547,4.086151368760064,39.049919484702095,15.45222758990875,2.395330112721417,4.817498658078368,0.17444981213097155,7.749597423510467,5.3341384863123995
141,21.3768115942029,4.05931293612453,38.828502415458935,15.438808373590982,2.1940418679549114,4.804079441760601,0.17444981213097155,7.742887815351583,5.381105743424584
142,21.256038647342994,4.03918411164788,38.707729468599034,15.767579173376275,2.1739130434782608,4.804079441760601,0.17444981213097155,7.716049382716049,5.360976918947934
143,21.34326355340848,4.012345679012346,38.41250670960816,15.767579173376275,2.1604938271604937,5.005367686527107,0.17444981213097155,7.608695652173913,5.515297906602254
144,21.584809447128286,4.012345679012346,38.36553945249597,15.593129361245303,2.1604938271604937,4.985238862050457,0.17444981213097155,7.608695652173913,5.515297906602254
145,20.52469135802469,4.005636070853462,41.619699409554485,14.479334406870638,2.1604938271604937,4.669887278582931,0.17444981213097155,7.467793880837359,4.898013955984971
146,20.78636607622115,4.005636070853462,41.418411164787976,14.412238325281804,2.0397208803005906,4.804079441760601,0.17444981213097155,7.4208266237251745,4.938271604938271
147,21.054750402576488,3.9989264626945786,41.297638217928075,14.17740203972088,2.2879763821792807,4.790660225442834,0.17444981213097155,7.27992485238862,4.938271604938271
148,21.544551798174986,3.9989264626945786,40.79441760601181,14.06333870101986,2.2879763821792807,4.7101449275362315,0.14090177133655393,7.300053676865271,5.159688674181428
149,20.840042941492218,3.9855072463768115,39.82823403113258,17.431561996779386,2.2879763821792807,4.7101449275362315,0.14090177133655393,6.454643048845948,4.320987654320987
150,21.235909822866343,3.844605475040258,39.50617283950617,17.277241009125067,2.2879763821792807,4.7101449275362315,0.14090177133655393,6.394256575415996,4.602791196994096
151,22.04777241009125,3.824476650563607,38.727858293075684,17.20343531937735,2.2879763821792807,4.804079441760601,0.14090177133655393,6.266774020397209,4.696725711218465
152,22.088030059044552,3.81105743424584,38.486312399355874,17.14975845410628,2.2879763821792807,4.783950617283951,0.14090177133655393,6.5552871712292005,4.696725711218465
153,22.262479871175522,3.7775093934514223,37.506709608158886,17.10950080515298,2.2879763821792807,5.676328502415459,0.14090177133655393,6.5552871712292005,4.683306494900698
154,22.322866344605476,3.7775093934514223,37.432903918411164,17.10950080515298,2.2879763821792807,5.750134192163178,0.14090177133655393,6.508319914117015,4.669887278582931
155,22.510735373054214,3.7104133118625873,37.204777241009126,17.082662372517444,2.2879763821792807,5.723295759527644,0.14090177133655393,6.689479334406871,4.64975845410628
156,18.364197530864196,3.69699409554482,38.52657004830918,24.08749329039184,1.9390767579173376,4.280730005367687,0.14090177133655393,5.387815351583468,3.5762211486849167
157,18.317230273752013,3.629898013955985,39.30488459473967,23.74530327428878,1.9256575415995705,4.280730005367687,0.14090177133655393,5.340848094471283,3.3145464304884595
158,18.63929146537842,3.6097691894793345,39.07675791733763,23.60440150295223,1.9256575415995705,4.280730005367687,0.14090177133655393,5.300590445517981,3.421900161030596
159,19.008319914117017,3.6097691894793345,39.00295222758991,23.34272678475577,1.9256575415995705,4.253891572732153,0.14090177133655393,5.293880837359098,3.421900161030596
160,19.592055823939884,3.6097691894793345,38.378958668813745,23.020665593129362,1.892109500805153,4.213633923778851,0.14090177133655393,5.730005367686527,3.421900161030596
161,19.753086419753085,3.603059581320451,38.25147611379496,22.79253891572732,1.892109500805153,4.186795491143317,0.14090177133655393,5.911164787976382,3.4688674181427803
162,18.92109500805153,3.569511540526033,34.292807300053674,27.932098765432098,1.892109500805153,4.119699409554482,0.14090177133655393,5.850778314546431,3.280998389694042
163,19.236446591519055,3.569511540526033,34.20558239398819,27.75764895330113,1.892109500805153,4.106280193236715,0.14090177133655393,5.850778314546431,3.240740740740741
164,19.6256038647343,3.569511540526033,34.004294149221685,27.455716586151368,1.8853998926462694,4.0995705850778315,0.2885131508319914,5.83064949006978,3.240740740740741
165,19.26328502415459,3.569511540526033,35.43344068706388,26.093666129898015,2.4355877616747184,4.03918411164788,0.2147074610842727,5.83064949006978,3.1199677938808374
166,19.719538378958667,3.569511540526033,34.916800858829845,25.999731615673646,2.4355877616747184,3.965378421900161,0.2147074610842727,6.078904991948471,3.099838969404187
167,19.95437466451959,3.549382716049383,34.876543209876544,25.764895330112722,2.395330112721417,4.206924315619967,0.14761137949543746,6.078904991948471,3.026033279656468
168,20.055018786902846,3.549382716049383,34.76247987117552,25.704508856682768,2.395330112721417,4.206924315619967,0.14761137949543746,6.0654857756307035,3.113258185721954
169,20.73268921095008,3.44873859366613,34.40016103059581,25.41599570585078,2.38191089640365,4.441760601180891,0.14761137949543746,5.991680085882985,3.0394524959742353
170,20.90713902308105,3.4420289855072466,34.27938808373591,25.275093934514224,2.38191089640365,4.441760601180891,0.27509393451422437,5.971551261406334,3.026033279656468
171,21.35668276972625,3.3816425120772946,33.702361782071925,25.087224906065487,2.2611379495437465,4.830917874396135,0.27509393451422437,5.924584004294149,3.180354267310789
172,21.128556092324207,3.3816425120772946,36.111111111111114,23.389694041867955,2.0263016639828235,4.64975845410628,0.36231884057971014,5.763553408480945,3.1870638754696725
173,21.477455716586153,3.3816425120772946,35.95679012345679,23.13472893183038,2.006172839506173,4.790660225442834,0.36231884057971014,5.709876543209877,3.180354267310789
174,19.410896403650028,3.3548040794417604,44.24315619967794,14.928878153515834,4.924852388620504,4.542404723564144,0.35560923242082665,5.387815351583468,2.8515834675254963
175,20.034889962426195,3.3548040794417604,43.934514224369295,14.915458937198068,4.74369296833065,4.51556629092861,0.35560923242082665,5.367686527106817,2.7777777777777777
176,20.30998389694042,3.3548040794417604,43.70638754696726,14.875201288244767,4.683306494900698,4.51556629092861,0.35560923242082665,5.421363392377885,2.7777777777777777
177,21.021202361782073,3.2474503488996245,43.27697262479871,14.754428341384862,4.683306494900698,4.488727858293076,0.35560923242082665,5.421363392377885,2.7509393451422435
178,21.22249060654858,3.2340311325818574,43.042136339237786,14.754428341384862,4.64975845410628,4.468599033816425,0.35560923242082665,5.407944176060118,2.8650026838432634
179,21.4573268921095,3.227321524422974,42.78046162104133,14.626945786366075,4.636339237788513,4.441760601180891,0.35560923242082665,5.609232420826624,2.8650026838432634
180,21.651905528717123,3.227321524422974,42.632850241545896,14.533011272141707,4.636339237788513,4.441760601180891,0.35560923242082665,5.5756843800322065,2.945517981749866
181,21.87332259796028,3.180354267310789,42.411433172302736,14.40552871712292,4.951690821256038,4.414922168545357,0.35560923242082665,5.475040257648954,2.932098765432099
182,21.77938808373591,3.180354267310789,42.129629629629626,14.197530864197532,5.300590445517981,5.005367686527107,0.28180354267310787,5.199946323134729,2.9253891572732154
183,21.920289855072465,3.180354267310789,42.12292002147075,14.184111647879764,5.260332796564681,4.9718196457326895,0.28180354267310787,5.159688674181428,2.918679549114332
184,22.57783145464305,2.9119699409554483,41.90150295222759,14.184111647879764,5.260332796564681,4.864465915190553,0.28180354267310787,5.0993022007514766,2.918679549114332
185,22.376543209876544,2.677133655394525,41.76731078904992,14.184111647879764,5.669618894256575,5.139559849704777,0.28180354267310787,4.985238862050457,2.918679549114332
186,22.624798711755233,2.6704240472356413,41.41170155662909,14.170692431561998,5.669618894256575,5.2066559312936125,0.27509393451422437,5.065754159957058,2.9052603327965647
187,23.00053676865271,2.6502952227589907,40.96886741814278,14.083467525496511,5.897745571658615,5.233494363929147,0.27509393451422437,4.998658078368224,2.8918411164787976
188,23.262211486849168,2.576489533011272,40.79441760601181,14.023081052066559,5.884326355340848,5.233494363929147,0.27509393451422437,5.0791733762748255,2.871712292002147
189,23.49033816425121,2.5429414922168547,40.693773483628554,13.935856146001074,6.1862587224906065,5.065754159957058,0.27509393451422437,4.938271604938271,2.871712292002147
190,18.16290928609769,1.8115942028985508,55.2536231884058,8.494363929146537,4.864465915190553,3.44873859366613,0.10064412238325282,5.5756843800322065,2.2879763821792807
191,18.61916264090177,1.8115942028985508,54.25389157273215,8.21256038647343,4.864465915190553,3.717122920021471,0.10064412238325282,6.233225979602791,2.187332259796028
192,18.733225979602793,1.7176596886741815,54.159957058507786,8.205850778314547,4.864465915190553,3.656736446591519,0.10064412238325282,6.374127750939345,2.187332259796028
193,19.249865807836823,1.7176596886741815,53.69028448738594,8.179012345679013,4.85775630703167,3.643317230273752,0.10064412238325282,6.374127750939345,2.187332259796028
194,19.87385936661299,1.7176596886741815,52.91867954911433,8.158883521202362,4.85775630703167,3.5628019323671496,0.10064412238325282,6.5485775630703165,2.2611379495437465
195,20.229468599033815,1.6774020397208802,52.46913580246913,8.038110574342458,4.824208266237251,3.683574879227053,0.10064412238325282,6.716317767042405,2.2611379495437465
196,20.471014492753625,1.6706924315619969,52.14707461084273,8.038110574342458,4.824208266237251,3.670155662909286,0.10064412238325282,6.816961889425658,2.2611379495437465
197,20.1959205582394,1.6572732152442298,49.90606548577563,7.823403113258186,8.57487922705314,3.670155662909286,0.10064412238325282,5.998389694041868,2.073268921095008
198,19.236446591519055,1.6572732152442298,47.85963499731616,7.286634460547504,12.285292538915728,3.455448201825013,0.2214170692431562,6.139291465378422,1.8585614600107354
199,19.592055823939884,1.6035963499731616,45.8467525496511,9.668545356951155,12.198067632850242,3.455448201825013,0.2214170692431562,5.5689747718733225,1.8451422436929683
200,20.242887815351583,1.583467525496511,45.04159957058508,9.614868491680086,12.084004294149223,3.455448201825013,0.2214170692431562,5.911164787976382,1.8451422436929683
201,21.309715512614062,1.570048309178744,44.03515834675255,9.567901234567902,12.04374664519592,3.435319377348363,0.2214170692431562,5.870907139023081,1.9457863660762211
202,21.55126140633387,1.570048309178744,43.82716049382716,9.440418679549115,12.016908212560386,3.4151905528717124,0.2214170692431562,6.045356951154052,1.9122383252818036
203,21.67874396135266,1.570048309178744,43.51180891035963,9.460547504025765,11.969940955448202,3.8043478260869565,0.2214170692431562,5.938003220611916,1.8451422436929683
204,20.336822329575952,1.5230810520665594,34.91009125067096,21.108427267847556,11.392914653784219,3.294417606011809,0.5971551261406334,5.314009661835748,1.5230810520665594
205,20.417337627482556,1.5230810520665594,34.82286634460547,21.061460010735374,11.29898013955985,3.455448201825013,0.5837359098228664,5.314009661835748,1.5230810520665594
206,20.799785292538918,1.5163714439076759,37.3792270531401,20.323403113258184,9.326355340848094,3.3816425120772946,0.5703166935050993,5.293880837359098,1.4090177133655395
207,21.034621578099838,1.5163714439076759,37.11084272678475,20.283145464304884,9.219001610305957,3.361513687600644,0.5703166935050993,5.407944176060118,1.4962426194310252
208,21.336553945249598,1.5096618357487923,36.71497584541063,20.202630166398283,9.219001610305957,3.3279656468062266,0.5703166935050993,5.676328502415459,1.442565754159957
209,21.76596886741814,1.5096618357487923,36.52710681696189,20.034889962426195,9.212292002147075,3.260869565217391,0.5703166935050993,5.676328502415459,1.442565754159957
210,21.953837895866883,1.5096618357487923,36.513687600644126,19.981213097155127,9.172034353193773,3.193773483628556,0.5703166935050993,5.676328502415459,1.42914653784219
211,22.21551261406334,1.5096618357487923,36.252012882447666,19.887278582930758,9.172034353193773,3.1535158346752548,0.5703166935050993,5.810520665593129,1.42914653784219
212,22.537573805689746,1.482823403113258,35.68840579710145,19.612184648416534,8.82313472893183,3.099838969404187,0.5703166935050993,6.575415995705851,1.6103059581320451
213,22.879763821792807,1.482823403113258,35.581052066559316,19.57192699946323,8.80300590445518,2.9723564143853998,0.5703166935050993,6.528448738593666,1.6103059581320451
214,23.389694041867955,1.4761137949543746,35.50053676865271,19.082125603864736,8.749329039184111,2.9589371980676327,0.5703166935050993,6.662640901771336,1.6103059581320451
215,24.06736446591519,1.4761137949543746,34.76247987117552,18.706387546967257,8.742619431025227,2.9589371980676327,0.5703166935050993,7.192699946323135,1.5230810520665594
216,24.282071926999464,1.4761137949543746,34.594739667203434,18.592324208266238,8.682232957595277,2.9589371980676327,0.5703166935050993,7.320182501341922,1.5230810520665594
217,24.44310252281267,1.4694041867954912,34.47396672034353,18.223295759527645,8.682232957595277,2.952227589908749,0.7246376811594203,7.50805152979066,1.5230810520665594
218,24.537037037037038,1.4694041867954912,34.27938808373591,18.223295759527645,8.870101986044014,2.952227589908749,0.7246376811594203,7.4208266237251745,1.5230810520665594
219,24.731615673644658,1.4694041867954912,34.16532474503489,18.209876543209877,8.829844337090714,2.9388083735909825,0.7246376811594203,7.407407407407407,1.5230810520665594
220,24.805421363392377,1.4694041867954912,34.004294149221685,18.17632850241546,8.796296296296296,2.9388083735909825,0.7246376811594203,7.568438003220612,1.5163714439076759
221,25.11406333870102,1.4694041867954912,33.85668276972625,18.129361245303276,8.722490606548577,2.9388083735909825,0.7246376811594203,7.5281803542673105,1.5163714439076759
222,24.738325281803544,1.4694041867954912,33.51449275362319,17.753623188405797,8.695652173913043,4.139828234031133,0.7246376811594203,7.320182501341922,1.6438539989264627
223,24.872517444981213,1.4694041867954912,33.031400966183575,17.72007514761138,8.695652173913043,4.669887278582931,0.7246376811594203,7.306763285024155,1.5096618357487923
224,25.194578636607623,1.4694041867954912,32.910628019323674,17.67981749865808,8.695652173913043,4.669887278582931,0.7112184648416533,7.159151905528717,1.5096618357487923
225,25.295222758990874,1.4559849704777241,32.789855072463766,17.3040794417606,8.668813741277509,4.9651100375738055,0.7112184648416533,7.300053676865271,1.5096618357487923
226,25.355609232420825,1.4559849704777241,32.71604938271605,16.76731078904992,9.856414385399892,4.2203435319377345,0.7112184648416533,7.286634460547504,1.6304347826086956
227,25.563607085346217,1.4224369296833066,32.49463231347289,16.76731078904992,9.809447128287708,4.361245303274289,0.6977992485238862,7.253086419753086,1.6304347826086956
228,25.697799248523886,1.4224369296833066,32.2866344605475,16.606280193236714,9.809447128287708,4.636339237788513,0.6977992485238862,7.212828770799785,1.6304347826086956
229,23.98684916800859,0.9460547504025765,32.8166935050993,16.700214707461082,10.889694041867955,5.4616210413311865,0.6977992485238862,6.904186795491143,1.596886741814278
230,24.282071926999464,0.9125067096081588,32.689210950080515,16.6532474503489,10.889694041867955,5.381105743424584,0.6843800322061192,6.910896403650026,1.596886741814278
231,24.490069779924852,0.8990874932903918,32.54159957058508,16.61969940955448,10.876274825550189,5.287171229200215,0.6843800322061192,6.910896403650026,1.6908212560386473
232,24.664519592055825,0.8923778851315083,32.47450348899624,16.022544283413847,10.849436392914654,5.287171229200215,0.6843800322061192,6.890767579173376,2.2342995169082127
233,24.912775093934513,0.8655394524959742,32.400697799248526,16.009125067096083,10.748792270531402,5.166398282340311,0.6843800322061192,6.998121309715513,2.214170692431562
234,25.067096081588836,0.8655394524959742,31.91760601180891,16.009125067096083,10.628019323671497,5.139559849704777,0.6843800322061192,7.474503488996243,2.214170692431562
235,25.201288244766506,0.8655394524959742,31.796833064949006,15.96886741814278,10.748792270531402,5.139559849704777,0.6843800322061192,7.474503488996243,2.120236178207193
236,25.355609232420825,0.8655394524959742,31.743156199677937,15.888352120236178,10.748792270531402,5.139559849704777,0.6709608158883521,7.474503488996243,2.1135265700483092
237,25.691089640365004,0.8655394524959742,31.582125603864736,15.713902308105206,10.997047772410092,5.112721417069243,0.6508319914117016,7.313472893183038,2.073268921095008
238,26.207729468599034,0.8655394524959742,31.5150295222759,15.613258185721953,10.701825013419215,5.0993022007514766,0.6508319914117016,7.273215244229737,2.073268921095008
239,26.33521202361782,0.8655394524959742,31.40096618357488,15.45222758990875,10.628019323671497,5.0993022007514766,0.6508319914117016,7.555018786902845,2.0128824476650564
240,26.54320987654321,0.8655394524959742,31.15271068169619,15.324745034889963,10.621309715512615,5.360976918947934,0.6508319914117016,7.474503488996243,2.006172839506173
241,26.8317230273752,0.8655394524959742,30.931293612453032,15.304616210413311,10.587761674718196,5.233494363929147,0.6508319914117016,7.588566827697263,2.006172839506173
242,27.01959205582394,0.8655394524959742,30.683038110574344,15.566290928609769,10.581052066559312,5.132850241545894,0.6508319914117016,7.494632313472893,2.006172839506173
243,27.220880300590444,0.8655394524959742,30.595813204508858,15.398550724637682,10.493827160493828,5.092592592592593,0.6508319914117016,7.675791733762749,2.006172839506173
244,27.26113794954375,0.8655394524959742,30.56897477187332,15.391841116478798,10.487117552334944,5.092592592592593,0.6508319914117016,7.675791733762749,2.006172839506173
245,27.38191089640365,0.8655394524959742,30.20665593129361,15.324745034889963,10.413311862587225,4.8376274825550185,0.6508319914117016,8.319914117015566,1.9994632313472893
246,27.82474503488996,0.8655394524959742,29.985238862050455,15.237520128824476,10.218733225979603,4.8376274825550185,0.6508319914117016,8.380300590445518,1.9994632313472893
