,45,50,51,53,55,52,56,54
0,98.8593666129898,1.1406333870101986,,,,,,
1,96.26274825550188,3.7372517444981215,,,,,,
2,96.26274825550188,3.7372517444981215,,,,,,
3,96.26274825550188,3.7372517444981215,,,,,,
4,95.75952764358561,4.240472356414386,,,,,,
5,92.7133655394525,7.286634460547504,,,,,,
6,87.16451959205583,12.835480407944177,,,,,,
7,83.82984433709072,16.170155662909288,,,,,,
8,82.01154052603329,17.98845947396672,,,,,,
9,81.6358024691358,18.364197530864196,,,,,,
10,79.56253354804079,20.437466451959207,,,,,,
11,79.64304884594739,20.356951154052602,,,,,,
12,71.02120236178207,26.8719806763285,2.1068169618894257,,,,,
13,71.19565217391305,26.69753086419753,2.1068169618894257,,,,,
14,70.71256038647343,27.180622651637144,2.1068169618894257,,,,,
15,70.59849704777241,27.34165324745035,2.059849704777241,,,,,
16,70.73268921095008,27.20746108427268,2.059849704777241,,,,,
17,68.74664519592056,29.1935050993022,2.059849704777241,,,,,
18,68.79361245303274,28.67686527106817,2.059849704777241,0.46967257112184646,,,,
19,68.4849704777241,27.536231884057973,3.5091250670960816,0.46967257112184646,,,,
20,63.21121846484165,30.152979066022546,6.166129898013956,0.46967257112184646,,,,
21,63.2313472893183,29.05931293612453,6.166129898013956,0.46967257112184646,1.0735373054213635,,,
22,63.24476650563607,29.045893719806763,6.166129898013956,0.46967257112184646,1.0735373054213635,,,
23,59.42699946323135,32.86366076221149,6.166129898013956,0.46967257112184646,1.0735373054213635,,,
24,55.783682232957595,36.50697799248524,6.166129898013956,0.46967257112184646,1.0735373054213635,,,
25,48.89291465378422,36.030595813204506,13.533279656468062,0.46967257112184646,1.0735373054213635,,,
26,48.66478797638218,35.75550187869028,14.036500268384327,0.46967257112184646,1.0735373054213635,,,
27,48.79898013955985,35.258990874932906,14.002952227589908,0.46967257112184646,1.4694041867954912,,,
28,48.89291465378422,35.23215244229737,13.935856146001074,0.46967257112184646,1.4694041867954912,,,
29,48.97342995169082,35.15163714439077,13.935856146001074,0.46967257112184646,1.4694041867954912,,,
30,49.21497584541063,35.01073537305421,13.83521202361782,0.46967257112184646,1.4694041867954912,,,
31,47.557702630166396,36.70155662909286,13.801663982823403,0.46967257112184646,1.4694041867954912,,,
32,47.41009125067096,36.882716049382715,13.768115942028986,0.46967257112184646,1.4694041867954912,,,
33,46.75925925925926,38.29173376274826,13.009930220075148,0.46967257112184646,1.4694041867954912,,,
34,44.98792270531401,35.11808910359635,17.954911433172303,0.46967257112184646,1.4694041867954912,,,
35,42.66639828234031,40.47906602254428,14.915458937198068,0.46967257112184646,1.4694041867954912,,,
36,41.56602254428341,36.43317230273752,20.437466451959207,0.0939345142243693,1.4694041867954912,,,
37,41.79414922168545,36.3191089640365,20.222758990874933,0.0939345142243693,1.570048309178744,,,
38,41.63311862587225,34.76247987117552,21.940418679549115,0.0939345142243693,1.570048309178744,,,
39,40.76757917337628,32.98443370907139,21.792807300053678,0.0939345142243693,1.570048309178744,2.791196994095545,,
40,40.17713365539453,33.73590982286635,21.631776704240472,0.0939345142243693,1.570048309178744,2.791196994095545,,
41,39.71417069243156,32.79656468062265,21.511003757380568,1.8585614600107354,1.328502415458937,2.791196994095545,,
42,39.22436929683307,29.716854535695116,20.578368223295758,1.3419216317767042,1.2949543746645196,7.843531937734836,,
43,38.0300590445518,29.656468062265162,19.806763285024154,1.328502415458937,1.2949543746645196,9.883252818035427,,
44,33.91035963499731,31.468062265163713,21.490874932903917,1.328502415458937,1.2949543746645196,10.507246376811594,,
45,28.576221148684915,39.63365539452496,21.00107353730542,0.798443370907139,0.10735373054213634,9.883252818035427,,
46,28.743961352657006,39.53301127214171,20.739398819108963,0.798443370907139,0.30193236714975846,9.883252818035427,,
47,27.113526570048307,34.74235104669887,29.435050993022006,1.3150831991411702,0.30193236714975846,7.092055823939882,,
48,27.214170692431562,34.70880300590446,29.0727321524423,1.3150831991411702,0.30193236714975846,7.024959742351046,0.36231884057971014,
49,27.3215244229737,34.64170692431562,29.0727321524423,1.3016639828234031,0.30193236714975846,6.998121309715513,0.36231884057971014,
50,23.43666129898014,35.621309715512616,32.045088566827694,1.3016639828234031,0.30193236714975846,6.9310252281266775,0.36231884057971014,
51,23.58427267847558,35.507246376811594,31.95786366076221,1.3016639828234031,0.30193236714975846,6.843800322061192,0.3488996242619431,0.15432098765432098
52,22.10144927536232,32.74288781535159,36.65458937198068,1.0064412238325282,0.30193236714975846,6.689479334406871,0.3488996242619431,0.15432098765432098
53,22.363123993558776,32.628824476650564,36.50697799248524,1.0064412238325282,0.30193236714975846,6.689479334406871,0.3488996242619431,0.15432098765432098
54,22.71202361782072,31.03864734299517,36.05743424584004,1.0064412238325282,0.30193236714975846,6.6827697262479875,0.3488996242619431,1.8518518518518519
55,21.67874396135266,30.48174986580784,37.6610305958132,1.0064412238325282,0.30193236714975846,6.66935050993022,0.3488996242619431,1.8518518518518519
56,21.64519592055824,30.414653784219002,37.90257648953301,1.0064412238325282,0.30193236714975846,6.528448738593666,0.3488996242619431,1.8518518518518519
57,20.40391841116479,31.830381105743424,37.38593666129898,1.3687600644122384,0.30193236714975846,6.508319914117015,0.3488996242619431,1.8518518518518519
58,20.41062801932367,31.629092860976918,37.35909822866345,1.3687600644122384,0.7716049382716049,6.260064412238325,0.3488996242619431,1.8518518518518519
59,20.37037037037037,29.676596886741816,37.19806763285024,3.5225442834138487,0.7716049382716049,6.260064412238325,0.3488996242619431,1.8518518518518519
60,20.67230273752013,29.55582393988191,36.62775093934514,3.938539989264627,0.7716049382716049,6.233225979602791,0.3488996242619431,1.8518518518518519
61,20.819914117015568,29.482018250134193,36.46672034353194,4.086151368760064,0.7716049382716049,6.172839506172839,0.3488996242619431,1.8518518518518519
62,21.088298443370906,29.468599033816425,36.218464841653244,4.086151368760064,0.7716049382716049,6.172839506172839,0.3421900161030596,1.8518518518518519
63,21.390230810520666,29.421631776704242,36.04401502952228,4.019055287171229,0.7716049382716049,6.159420289855072,0.3421900161030596,1.8518518518518519
64,21.564680622651636,29.381374127750938,35.909822866344605,4.019055287171229,0.7716049382716049,6.159420289855072,0.3421900161030596,1.8518518518518519
65,21.497584541062803,29.1935050993022,39.30488459473967,3.6634460547504024,0.6172839506172839,3.569511540526033,0.3421900161030596,1.8115942028985508
66,21.692163177670423,28.85131508319914,38.888888888888886,3.6500268384326353,0.6105743424584005,4.1532474503489,0.3421900161030596,1.8115942028985508
67,21.72571121846484,28.502415458937197,38.56682769726248,3.435319377348363,0.6105743424584005,4.53569511540526,0.3421900161030596,2.281266774020397
68,21.79951690821256,28.482286634460547,38.18438003220612,3.435319377348363,0.6105743424584005,4.53569511540526,0.6709608158883521,2.281266774020397
69,19.565217391304348,29.280730005367687,36.72839506172839,3.421900161030596,0.6105743424584005,7.877079978529254,0.6709608158883521,1.8451422436929683
70,19.806763285024154,29.2337627482555,36.533816425120776,3.421900161030596,0.6105743424584005,7.877079978529254,0.6709608158883521,1.8451422436929683
71,20.081857219538378,24.530327428878152,40.673644659151904,3.8714439076757916,0.6105743424584005,7.716049382716049,0.6709608158883521,1.8451422436929683
72,20.50456253354804,24.456521739130434,40.3918411164788,3.8714439076757916,0.6105743424584005,7.682501341921632,0.6709608158883521,1.8115942028985508
73,20.598497047772412,24.329039184111647,39.982555018786904,3.8714439076757916,0.6105743424584005,7.675791733762749,0.644122383252818,2.2879763821792807
74,20.833333333333332,24.228395061728396,39.88862050456253,3.8714439076757916,0.6105743424584005,7.635534084809447,0.644122383252818,2.2879763821792807
75,20.263016639828233,22.79253891572732,42.109500805152976,3.683574879227053,0.6105743424584005,7.635534084809447,0.6172839506172839,2.2879763821792807
76,20.162372517444982,22.79253891572732,40.90177133655394,3.683574879227053,1.9659151905528718,7.635534084809447,0.6172839506172839,2.2410091250670963
77,20.242887815351583,22.758990874932906,40.87493290391841,3.81105743424584,1.9659151905528718,7.635534084809447,0.6172839506172839,2.0933977455716586
78,20.283145464304884,22.537573805689746,40.87493290391841,3.797638217928073,2.187332259796028,7.608695652173913,0.6172839506172839,2.0933977455716586
79,17.297369833601717,24.12104133118626,45.189210950080515,2.509393451422437,1.7713365539452497,6.78341384863124,0.6172839506172839,1.710950080515298
80,18.00858829844337,23.74530327428878,44.65915190552872,2.8515834675254963,1.7713365539452497,6.635802469135802,0.6172839506172839,1.710950080515298
81,16.304347826086957,22.208803005904453,37.59393451422437,2.8515834675254963,1.7713365539452497,13.600375738056897,0.6172839506172839,5.052334943639291
82,16.398282340311326,22.16183574879227,37.56038647342995,2.8515834675254963,1.7713365539452497,13.600375738056897,0.6038647342995169,5.052334943639291
83,16.639828234031132,22.114868491680085,37.42619431025228,2.831454643048846,1.7713365539452497,13.560118089103597,0.6038647342995169,5.052334943639291
84,16.71363392377885,21.672034353193773,37.37251744498121,2.831454643048846,1.7713365539452497,13.982823403113258,0.6038647342995169,5.052334943639291
85,17.082662372517444,21.531132581857218,36.61433172302738,2.804616210413312,1.7713365539452497,14.53972088030059,0.6038647342995169,5.052334943639291
86,17.344337090713903,21.4170692431562,36.45330112721417,2.804616210413312,2.0799785292538915,14.244498121309716,0.6038647342995169,5.052334943639291
87,17.485238862050455,21.3768115942029,36.43317230273752,2.804616210413312,2.2208803005904456,14.076757917337627,0.6038647342995169,4.998658078368224
88,17.652979066022546,21.014492753623188,35.71524422973698,3.8378958668813743,2.2208803005904456,13.955984970477724,0.6038647342995169,4.998658078368224
89,16.505636070853463,18.632581857219538,44.337090713902306,3.656736446591519,2.0799785292538915,9.185453569511541,0.6038647342995169,4.998658078368224
90,16.646537842190018,18.552066559312937,44.29012345679013,3.643317230273752,2.0799785292538915,9.185453569511541,0.6038647342995169,4.998658078368224
91,17.002147074610843,18.49838969404187,44.14922168545357,3.5091250670960816,2.0799785292538915,9.185453569511541,0.5770263016639828,4.998658078368224
92,17.23027375201288,18.4447128287708,43.887546967257116,3.5091250670960816,2.0799785292538915,9.178743961352657,0.6843800322061192,4.985238862050457
93,17.62614063338701,18.431293612453032,43.323939881910896,3.475577026301664,2.0665593129361244,9.16532474503489,0.9326355340848095,4.978529253891573
94,17.807300053676865,18.4044551798175,43.17632850241546,3.475577026301664,2.0665593129361244,9.158615136876007,0.9326355340848095,4.978529253891573
95,17.887815351583466,18.397745571658614,43.10923242082662,3.475577026301664,2.0665593129361244,9.151905528717123,0.9326355340848095,4.978529253891573
96,17.773752012882447,17.961621041331185,41.31105743424584,3.1535158346752548,2.0665593129361244,11.60762211486849,1.1741814278046163,4.951690821256038
97,15.083199141170155,21.095008051529792,41.15002683843264,3.0193236714975846,2.0665593129361244,11.533816425120772,1.1741814278046163,4.87788513150832
98,14.88191089640365,20.578368223295758,43.001878690284485,3.0193236714975846,2.0665593129361244,11.366076221148685,1.1741814278046163,3.911701556629093
99,14.143853998926463,19.73966720343532,44.55179817498658,2.885131508319914,2.4825550187869028,11.231884057971014,1.1540526033279657,3.81105743424584
100,13.399087493290391,19.370638754696724,45.73268921095008,2.6704240472356413,2.6704240472356413,11.191626409017713,1.1540526033279657,3.81105743424584
101,13.620504562533547,19.370638754696724,45.611916264090176,2.6704240472356413,2.6704240472356413,11.117820719269995,1.1540526033279657,3.784219001610306
102,13.83521202361782,19.330381105743424,45.450885668276975,2.6704240472356413,2.6704240472356413,11.11111111111111,1.1473429951690821,3.784219001610306
103,14.123725174449811,19.269994632313473,45.35024154589372,2.6704240472356413,2.6435856146001075,11.097691894793345,1.1473429951690821,3.69699409554482
104,12.298711755233494,27.74422973698336,40.747450348899626,2.6704240472356413,2.6435856146001075,9.272678475577026,0.9259259259259259,3.69699409554482
105,12.359098228663447,27.697262479871174,40.734031132581855,2.6704240472356413,2.6435856146001075,9.272678475577026,0.9259259259259259,3.69699409554482
106,12.439613526570048,23.637949543746647,44.81347289318304,2.589908749329039,2.6301663982823404,9.265968867418144,0.9259259259259259,3.69699409554482
107,12.204777241009126,23.336017176596886,42.36446591519055,2.589908749329039,1.7981749865807837,13.687600644122384,0.9259259259259259,3.0931293612453032
108,11.540526033279656,22.993827160493826,43.59903381642512,2.462426194310252,1.7981749865807837,14.53972088030059,0.7581857219538379,2.3081052066559313
109,11.580783682232958,19.410896403650028,43.47826086956522,2.4490069779924855,1.7981749865807837,14.53972088030059,0.7581857219538379,5.984970477724101
110,11.81561996779388,19.370638754696724,43.29710144927536,2.4490069779924855,1.7981749865807837,14.533011272141707,0.7581857219538379,5.978260869565218
111,11.969940955448202,19.370638754696724,43.18974771873322,2.428878153515835,1.7981749865807837,14.533011272141707,0.7581857219538379,5.9514224369296835
112,12.030327428878154,19.370638754696724,42.901234567901234,2.428878153515835,1.7981749865807837,14.486044015029522,1.0332796564680622,5.9514224369296835
113,10.48040794417606,28.059581320450885,37.35909822866345,2.167203435319377,1.7914653784219001,13.385668276972625,1.2681159420289856,5.488459473966721
114,10.61460010735373,27.9723564143854,37.72812667740204,2.167203435319377,1.7914653784219001,13.030059044551798,1.247987117552335,5.448201825013419
115,10.695115405260333,27.938808373590984,37.69457863660762,2.167203435319377,1.7914653784219001,13.030059044551798,1.247987117552335,5.434782608695652
116,10.809178743961352,27.851583467525497,37.66774020397209,2.167203435319377,1.7914653784219001,13.030059044551798,1.247987117552335,5.434782608695652
117,10.889694041867955,27.84487385936661,37.59393451422437,2.167203435319377,1.7914653784219001,13.030059044551798,1.247987117552335,5.434782608695652
118,11.064143853998926,27.750939345142243,37.19135802469136,2.167203435319377,1.7914653784219001,13.399087493290391,1.247987117552335,5.387815351583468
119,11.292270531400966,27.623456790123456,37.01690821256039,2.167203435319377,1.892109500805153,13.385668276972625,1.247987117552335,5.374396135265701
120,11.56736446591519,27.15378421900161,37.01690821256039,2.167203435319377,2.341653247450349,13.331991411701557,1.247987117552335,5.173107890499195
121,8.80300590445518,40.17042404723564,27.38191089640365,1.932367149758454,1.6304347826086956,13.922436929683306,0.9863123993558777,5.173107890499195
122,9.145195920558239,39.54643048845947,27.033011272141707,1.90552871712292,1.570048309178744,13.969404186795492,0.9863123993558777,5.844068706387547
123,9.346484165324744,39.452495974235106,26.8719806763285,1.90552871712292,1.570048309178744,13.92914653784219,0.9728931830381106,5.9514224369296835
124,9.71551261406334,39.432367149758456,26.643853998926463,1.8115942028985508,1.570048309178744,13.902308105206655,0.9728931830381106,5.9514224369296835
125,9.842995169082126,39.32501341921632,26.637144390767578,1.8115942028985508,1.570048309178744,13.88888888888889,0.9728931830381106,5.9514224369296835
126,9.876543209876543,39.21765968867418,26.33521202361782,1.8115942028985508,1.570048309178744,13.862050456253355,0.9728931830381106,6.353998926462695
127,10.037573805689748,39.09688674181428,26.073537305421365,2.2410091250670963,1.6841116478797638,13.862050456253355,0.7045088566827697,6.300322061191626
128,10.279119699409554,39.01637144390767,26.073537305421365,2.2410091250670963,1.6841116478797638,13.741277509393452,0.7045088566827697,6.260064412238325
129,10.433440687063875,38.93585614600107,25.81857219538379,2.2410091250670963,1.8853998926462694,13.7211486849168,0.7045088566827697,6.260064412238325
130,10.50053676865271,38.91572732152442,25.771604938271604,2.2410091250670963,1.8853998926462694,13.7211486849168,0.7045088566827697,6.260064412238325
131,10.61460010735373,38.828502415458935,25.771604938271604,2.2410091250670963,1.8853998926462694,13.7211486849168,0.6776704240472357,6.260064412238325
132,10.72866344605475,38.5601180891036,25.751476113794954,2.2410091250670963,2.1135265700483092,13.667471819645733,0.6776704240472357,6.260064412238325
133,10.990338164251208,38.499731615673646,25.637412775093935,2.2410091250670963,2.1068169618894257,13.667471819645733,0.6776704240472357,6.179549114331723
134,11.023886205045626,38.31857219538379,25.49651100375738,2.2410091250670963,2.1068169618894257,14.016371443907676,0.6776704240472357,6.119162640901771
135,11.480139559849706,38.258185721953836,25.483091787439612,1.9457863660762211,2.033011272141707,14.002952227589908,0.6776704240472357,6.119162640901771
136,11.52710681696189,38.238056897477186,25.47638217928073,1.9256575415995705,2.033011272141707,14.002952227589908,0.6776704240472357,6.119162640901771
137,11.822329575952764,38.137412775093935,25.41599570585078,1.8719806763285025,1.9524959742351047,14.002952227589908,0.6776704240472357,6.119162640901771
138,11.580783682232958,36.82903918411165,25.389157273215243,1.8719806763285025,1.6237251744498122,15.94873859366613,0.8051529790660226,5.9514224369296835
139,11.75523349436393,36.74852388620504,25.32206119162641,1.8719806763285025,1.596886741814278,15.94873859366613,0.8051529790660226,5.9514224369296835
140,12.050456253354804,36.600912506709605,25.207997852925388,1.8719806763285025,1.5901771336553945,15.94873859366613,0.8051529790660226,5.924584004294149
141,12.151100375738057,34.896672034353195,24.86580783682233,3.898282340311326,1.556629092860977,15.94873859366613,0.8051529790660226,5.877616747181965
142,12.526838432635534,34.82286634460547,24.651100375738057,3.898282340311326,1.4962426194310252,15.921900161030596,0.8051529790660226,5.877616747181965
143,12.781803542673108,34.76247987117552,24.60413311862587,3.81105743424584,1.4761137949543746,15.908480944712828,0.8051529790660226,5.850778314546431
144,12.86231884057971,34.75577026301664,24.000268384326354,4.1129898013955986,1.4761137949543746,16.13660762211487,0.8051529790660226,5.850778314546431
145,12.909286097691895,34.655126140633385,23.859366612989803,3.8177670424047236,1.4694041867954912,16.109769189479334,1.1674718196457328,6.011808910359635
146,12.526838432635534,34.4873859366613,24.436392914653783,3.8177670424047236,1.4694041867954912,16.0829307568438,1.1674718196457328,6.011808910359635
147,12.721417069243156,34.38674181427805,24.208266237251745,3.8177670424047236,1.4694041867954912,16.06280193236715,1.3217928073000538,6.011808910359635
148,12.721417069243156,33.863392377885134,23.960010735373054,3.7909286097691894,2.26784755770263,16.06280193236715,1.3217928073000538,6.011808910359635
149,12.909286097691895,33.40713902308105,23.362855609232422,3.7909286097691894,2.5026838432635534,16.6935050993022,1.3217928073000538,6.011808910359635
150,12.962962962962964,32.407407407407405,23.17498658078368,3.7909286097691894,2.3483628556092326,16.6935050993022,1.3016639828234031,7.320182501341922
151,12.915995705850777,31.97799248523886,21.182232957595275,3.7372517444981215,2.3483628556092326,19.236446591519055,1.3016639828234031,7.300053676865271
152,11.963231347289318,28.522544283413847,29.314278046162105,3.6634460547504024,2.2342995169082127,16.941760601180892,1.1808910359634996,6.179549114331723
153,12.298711755233494,28.327965646806227,29.240472356414386,3.6634460547504024,2.227589908749329,16.935050993022006,1.1607622114868492,6.146001073537305
154,12.567096081588835,28.23403113258186,29.146537842190018,3.589640365002684,2.227589908749329,16.928341384863124,1.1607622114868492,6.146001073537305
155,12.761674718196458,28.20048309178744,29.05931293612453,3.589640365002684,2.2208803005904456,16.901502952227588,1.1607622114868492,6.105743424584004
156,13.177670424047236,27.911969940955448,28.978797638217927,3.589640365002684,2.214170692431562,16.861245303274288,1.1607622114868492,6.105743424584004
157,13.271604938271604,27.911969940955448,28.951959205582394,3.589640365002684,2.214170692431562,16.820987654320987,1.1607622114868492,6.078904991948471
158,13.419216317767042,27.85829307568438,28.871443907675793,3.5762211486849167,2.214170692431562,16.820987654320987,1.1607622114868492,6.078904991948471
159,13.633923778851315,27.66371443907676,28.723832528180353,3.5762211486849167,2.3752012882447664,16.78743961352657,1.1607622114868492,6.078904991948471
160,13.694310252281268,27.616747181964573,28.723832528180353,3.5762211486849167,2.3752012882447664,16.78743961352657,1.1607622114868492,6.0654857756307035
161,13.828502415458937,27.583199141170155,28.32125603864734,3.5762211486849167,2.3752012882447664,17.09608158883521,1.3553408480944713,5.864197530864198
162,13.955984970477724,27.583199141170155,28.26086956521739,3.5426731078904994,2.3752012882447664,17.062533548040793,1.3553408480944713,5.864197530864198
163,13.962694578636608,26.992753623188406,28.18035426731079,3.978797638217928,2.301395598497048,16.7337627482555,1.3553408480944713,6.494900697799249
164,13.996242619431026,26.992753623188406,28.153515834675254,3.978797638217928,2.301395598497048,16.72705314009662,1.3553408480944713,6.494900697799249
165,14.143853998926463,26.952495974235106,28.079710144927535,3.9720880300590444,2.301395598497048,16.700214707461082,1.3553408480944713,6.494900697799249
166,14.217659688674182,26.603596349973163,28.026033279656467,3.9720880300590444,2.6637144390767578,16.67337627482555,1.3553408480944713,6.488191089640365
167,14.298174986580785,26.596886741814277,27.999194847020934,3.9586688137412773,2.6637144390767578,16.67337627482555,1.3553408480944713,6.454643048845948
168,14.49946323134729,26.496242619431026,27.911969940955448,4.53569511540526,2.6435856146001075,16.203703703703702,1.3553408480944713,6.353998926462695
169,14.673913043478262,26.382179280730007,27.83816425120773,4.690016103059581,2.61003757380569,16.09634997316157,1.3553408480944713,6.353998926462695
170,15.03623188405797,26.25469672571122,27.750939345142243,4.690016103059581,2.61003757380569,15.94873859366613,1.3553408480944713,6.353998926462695
171,15.170424047235642,26.127214170692433,25.6105743424584,4.7101449275362315,2.6033279656468062,15.787707997852925,1.3553408480944713,8.635265700483092
172,14.868491680085883,26.060118089103597,24.90606548577563,4.676596886741814,2.6033279656468062,16.35131508319914,1.9122383252818036,8.621846484165324
173,14.673913043478262,25.97289318303811,24.59742351046699,4.643048845947397,2.6033279656468062,17.24369296833065,1.9122383252818036,8.353462157809984
174,14.432367149758454,25.758185721953836,27.81803542673108,4.616210413311863,2.589908749329039,15.157004830917874,1.8518518518518519,7.776435856146001
175,14.700751476113794,25.731347289318304,27.63016639828234,4.616210413311863,2.589908749329039,15.103327965646805,1.8518518518518519,7.776435856146001
176,14.915458937198068,25.637412775093935,27.549651100375737,4.616210413311863,2.589908749329039,15.063070316693505,1.8518518518518519,7.776435856146001
177,15.076489533011273,25.5300590445518,27.549651100375737,4.616210413311863,2.5429414922168547,15.056360708534621,1.8518518518518519,7.776435856146001
178,15.163714439076758,25.469672571121848,27.4020397208803,4.616210413311863,2.5429414922168547,15.049651100375739,1.9793344068706387,7.776435856146001
179,14.217659688674182,25.469672571121848,24.59742351046699,4.2203435319377345,2.5429414922168547,19.639023081052066,1.7847557702630166,7.5281803542673105
180,13.22463768115942,22.765700483091788,29.17337627482555,4.247181964573269,2.5429414922168547,18.894256575415994,1.7579173376274826,7.39398819108964
181,13.365539452495975,22.65163714439077,29.159957058507782,4.320987654320987,2.4691358024691357,18.88083735909823,1.7579173376274826,7.39398819108964
182,13.479602791196994,22.65163714439077,29.106280193236714,4.30756843800322,2.4557165861513686,18.84728931830381,1.7579173376274826,7.39398819108964
183,13.56682769726248,22.638217928073,29.03918411164788,4.300858829844337,2.4557165861513686,18.84728931830381,1.7579173376274826,7.39398819108964
184,13.647342995169081,22.638217928073,28.985507246376812,4.669887278582931,2.4557165861513686,18.451422436929683,1.7579173376274826,7.39398819108964
185,13.687600644122384,22.604669887278583,28.985507246376812,4.669887278582931,2.4557165861513686,18.4447128287708,1.7579173376274826,7.39398819108964
186,13.828502415458937,22.5577026301664,28.985507246376812,4.669887278582931,2.4557165861513686,18.35077831454643,1.7579173376274826,7.39398819108964
187,13.935856146001074,22.383252818035427,28.985507246376812,4.669887278582931,2.5697799248523885,18.323939881910896,1.7579173376274826,7.37385936661299
188,14.459205582393988,22.363123993558776,28.556092324208265,4.669887278582931,2.5563607085346214,18.263553408480945,1.7579173376274826,7.37385936661299
189,14.600107353730541,22.32957595276436,28.556092324208265,4.669887278582931,2.5563607085346214,18.230005367686527,1.7579173376274826,7.300053676865271
190,14.801395598497047,22.134997316156735,28.30112721417069,4.643048845947397,3.026033279656468,18.035426731078903,1.7579173376274826,7.300053676865271
191,14.982555018786902,22.108158883521202,27.932098765432098,4.643048845947397,3.260869565217391,18.015297906602253,1.7579173376274826,7.300053676865271
192,15.103327965646805,22.088030059044552,27.87842190016103,4.643048845947397,3.2541599570585076,17.98845947396672,1.7579173376274826,7.286634460547504
193,15.304616210413311,22.088030059044552,27.87842190016103,4.643048845947397,3.2541599570585076,17.847557702630166,1.7579173376274826,7.226247987117552
194,15.519323671497585,22.067901234567902,27.831454643048847,4.643048845947397,3.2206119162640903,17.733494363929147,1.7579173376274826,7.226247987117552
195,15.60654857756307,22.0276435856146,27.80461621041331,4.643048845947397,3.2206119162640903,17.713365539452496,1.7579173376274826,7.226247987117552
196,16.525764895330113,21.598228663446054,27.4020397208803,4.575952764358561,2.999194847020934,17.418142780461622,2.3483628556092326,7.132313472893183
197,16.552603327965645,20.987654320987655,27.220880300590444,4.575952764358561,3.851315083199141,17.357756307031668,2.3483628556092326,7.105475040257649
198,16.800858829844337,20.96081588835212,27.100107353730543,4.562533548040794,3.851315083199141,17.270531400966185,2.3483628556092326,7.105475040257649
199,17.03569511540526,20.175791733762747,26.44927536231884,4.542404723564144,5.24020397208803,17.176596886741816,2.2745571658615136,7.105475040257649
200,17.277241009125067,20.175791733762747,26.38888888888889,4.542404723564144,5.226784755770263,17.03569511540526,2.24771873322598,7.105475040257649
201,17.58588298443371,20.041599570585078,26.31508319914117,4.4753086419753085,5.226784755770263,17.002147074610843,2.24771873322598,7.105475040257649
202,17.659688674181428,19.64573268921095,26.31508319914117,4.455179817498658,5.615942028985507,16.955179817498657,2.24771873322598,7.105475040257649
203,17.894524959742352,19.565217391304348,26.31508319914117,4.455179817498658,5.501878690284487,16.914922168545356,2.24771873322598,7.105475040257649
204,18.075684380032207,19.558507783145465,26.241277509393452,4.455179817498658,5.501878690284487,16.814278046162105,2.24771873322598,7.105475040257649
205,18.370907139023082,19.51825013419216,25.85882984433709,4.441760601180891,5.501878690284487,16.780730005367687,2.5429414922168547,6.984702093397746
206,18.625872249060656,19.444444444444443,25.771604938271604,4.414922168545357,5.501878690284487,16.71363392377885,2.5429414922168547,6.984702093397746
207,18.719806763285025,19.39747718733226,25.751476113794954,4.414922168545357,5.501878690284487,16.71363392377885,2.5429414922168547,6.957863660762212
208,18.840579710144926,19.363929146537842,25.738056897477186,4.414922168545357,5.501878690284487,16.67337627482555,2.5429414922168547,6.9243156199677935
209,19.122383252818036,19.363929146537842,25.644122383252817,4.408212560386473,5.4616210413311865,16.666666666666668,2.5429414922168547,6.790123456790123
210,19.26328502415459,19.28341384863124,25.644122383252817,4.408212560386473,5.428073000536768,16.666666666666668,2.5429414922168547,6.763285024154589
211,19.57192699946323,19.008319914117017,25.617283950617285,4.5893719806763285,5.374396135265701,16.666666666666668,2.4355877616747184,6.736446591519055
212,20.068438003220614,18.988191089640367,25.221417069243156,4.5893719806763285,5.374396135265701,16.61969940955448,2.4355877616747184,6.702898550724638
213,20.249597423510465,18.894256575415994,25.087224906065487,4.555823939881911,5.374396135265701,16.566022544283413,2.5697799248523885,6.702898550724638
214,20.417337627482556,18.867418142780462,25.046967257112186,4.388083735909823,5.535426731078905,16.472088030059044,2.5697799248523885,6.702898550724638
215,20.50456253354804,18.438003220611915,25.046967257112186,4.361245303274289,5.381105743424584,16.472088030059044,2.5429414922168547,7.253086419753086
216,21.07487922705314,18.370907139023082,24.912775093934513,4.361245303274289,5.314009661835748,16.404991948470208,2.5429414922168547,7.018250134192163
217,21.101717659688674,18.370907139023082,24.912775093934513,4.361245303274289,5.314009661835748,16.378153515834676,2.5429414922168547,7.018250134192163
218,21.24932903918411,18.250134192163177,24.88593666129898,4.361245303274289,5.314009661835748,16.378153515834676,2.5429414922168547,7.018250134192163
219,21.517713365539453,18.035426731078903,24.872517444981213,4.361245303274289,5.314009661835748,16.378153515834676,2.5026838432635534,7.018250134192163
220,21.66532474503489,17.64626945786366,24.852388620504563,4.253891572732153,5.253623188405797,16.371443907675793,2.5026838432635534,7.454374664519592
221,22.007514761137948,17.59259259259259,24.832259796027913,4.193505099302201,5.159688674181428,16.25738056897477,2.5026838432635534,7.454374664519592
222,22.000805152979066,17.478529253891573,24.758454106280194,4.64975845410628,4.924852388620504,16.21712292002147,2.5026838432635534,7.467793880837359
223,22.208803005904453,17.444981213097154,24.745034889962426,4.616210413311863,4.924852388620504,16.183574879227052,2.462426194310252,7.4141170155662905
224,22.383252818035427,17.444981213097154,24.67793880837359,4.616210413311863,4.924852388620504,16.089640365002683,2.462426194310252,7.4006977992485234
225,22.98040794417606,17.236983360171767,24.60413311862587,4.549114331723027,4.783950617283951,16.049382716049383,2.462426194310252,7.333601717659689
226,23.262211486849168,17.236983360171767,24.4296833064949,4.4820182501341925,4.770531400966184,16.022544283413847,2.462426194310252,7.333601717659689
227,23.409822866344605,17.143048845947398,24.4296833064949,4.4820182501341925,4.7638217928073,15.98899624261943,2.4490069779924855,7.333601717659689
228,23.429951690821255,17.143048845947398,24.4296833064949,4.4820182501341925,4.7638217928073,15.96886741814278,2.4490069779924855,7.333601717659689
229,23.59098228663446,17.01556629092861,24.4296833064949,4.4820182501341925,4.7638217928073,15.96886741814278,2.4490069779924855,7.300053676865271
230,23.79898013955985,17.01556629092861,24.422973698336016,4.4753086419753085,4.736983360171766,15.814546430488459,2.4490069779924855,7.286634460547504
231,24.053945249597422,16.988727858293075,24.261943102522814,4.441760601180891,4.7168545356951155,15.814546430488459,2.442297369833602,7.27992485238862
232,23.61111111111111,15.660225442834138,24.168008588298445,4.441760601180891,4.4820182501341925,17.914653784219002,2.442297369833602,7.27992485238862
233,23.839237788513152,15.660225442834138,24.14787976382179,4.394793344068707,4.4820182501341925,17.753623188405797,2.442297369833602,7.27992485238862
234,21.26945786366076,12.29200214707461,34.74906065485776,3.012614063338701,2.885131508319914,16.78743961352657,2.657004830917874,6.347289318303811
235,21.3768115942029,12.29200214707461,34.655126140633385,3.012614063338701,2.885131508319914,16.774020397208805,2.657004830917874,6.347289318303811
236,21.66532474503489,12.157809983896941,34.534353193773484,3.012614063338701,2.885131508319914,16.75389157273215,2.6435856146001075,6.347289318303811
237,21.75925925925926,12.13768115942029,34.47396672034353,3.012614063338701,2.885131508319914,16.740472356414386,2.6435856146001075,6.347289318303811
238,21.833064949006978,11.936392914653783,34.346484165324746,3.012614063338701,2.690552871712292,17.250402576489535,2.6435856146001075,6.286902844873859
239,21.920289855072465,11.936392914653783,34.29951690821256,2.999194847020934,2.690552871712292,17.250402576489535,2.6435856146001075,6.260064412238325
240,22.08132045088567,11.922973698336017,34.23242082662372,2.999194847020934,2.690552871712292,17.250402576489535,2.6435856146001075,6.179549114331723
241,21.349973161567366,11.721685453569512,31.716317767042405,2.703972088030059,2.690552871712292,20.994363929146537,2.6435856146001075,6.179549114331723
242,21.517713365539453,11.701556629092861,31.689479334406872,2.703972088030059,2.690552871712292,20.913848631239937,2.6435856146001075,6.139291465378422
243,21.4170692431562,11.668008588298443,32.94417606011809,2.408749329039184,2.690552871712292,20.128824476650564,2.6033279656468062,6.139291465378422
244,21.182232957595275,11.198336017176597,32.07192699946323,2.408749329039184,2.657004830917874,21.987385936661298,2.5563607085346214,5.938003220611916
245,21.22249060654858,11.198336017176597,31.87734836285561,2.408749329039184,2.8113258185721954,21.987385936661298,2.5563607085346214,5.938003220611916
246,21.423778851315085,11.198336017176597,31.769994632313473,2.408749329039184,2.8113258185721954,21.89345142243693,2.5563607085346214,5.938003220611916
247,21.537842190016104,11.117820719269995,31.34728931830381,2.408749329039184,3.3816425120772946,21.732420826623724,2.5563607085346214,5.917874396135265
248,21.712292002147073,11.097691894793345,31.233225979602793,2.408749329039184,3.3816425120772946,21.692163177670423,2.5563607085346214,5.917874396135265
249,22.034353193773484,11.077563070316694,31.159420289855074,2.408749329039184,3.3548040794417604,21.537842190016104,2.5429414922168547,5.884326355340848
250,22.16183574879227,11.064143853998926,31.132581857219538,2.3752012882447664,3.3548040794417604,21.511003757380568,2.5161030595813205,5.884326355340848
251,22.36983360171766,11.064143853998926,30.9849704777241,2.314814814814815,3.3548040794417604,21.511003757380568,2.5161030595813205,5.884326355340848
252,22.443639291465377,11.030595813204508,30.97826086956522,2.314814814814815,3.3548040794417604,21.477455716586153,2.5161030595813205,5.884326355340848
253,22.65834675254965,11.030595813204508,30.938003220611915,2.3081052066559313,3.321256038647343,21.36339237788513,2.5161030595813205,5.864197530864198
254,22.96027911969941,10.923242082662373,30.817230273752013,2.3081052066559313,3.321256038647343,21.329844337090712,2.5161030595813205,5.8239398819108965
255,22.966988727858293,10.923242082662373,30.810520665593128,2.3081052066559313,3.321256038647343,21.329844337090712,2.5161030595813205,5.8239398819108965
256,23.22866344605475,10.876274825550189,30.649490069779926,2.2946859903381642,3.321256038647343,21.289586688137412,2.5161030595813205,5.8239398819108965
257,23.376274825550187,10.876274825550189,30.515297906602253,2.2946859903381642,3.321256038647343,21.276167471819647,2.5161030595813205,5.8239398819108965
258,23.49704777241009,10.802469135802468,30.48845947396672,2.2946859903381642,3.321256038647343,21.256038647342994,2.5161030595813205,5.8239398819108965
259,23.96672034353194,10.755501878690284,30.441492216854535,2.2946859903381642,3.321256038647343,20.88030059044552,2.5161030595813205,5.8239398819108965
260,23.899624261943103,10.735373054213634,29.998658078368223,2.871712292002147,3.5225442834138487,20.8467525496511,2.3081052066559313,5.8172302737520125
261,24.12775093934514,10.735373054213634,29.898013955984972,2.844873859366613,3.502415458937198,20.79307568438003,2.3081052066559313,5.790391841116479
262,24.36929683306495,10.587761674718196,29.857756307031668,2.844873859366613,3.4822866344605474,20.79307568438003,2.3081052066559313,5.756843800322061
263,24.52361782071927,10.587761674718196,29.74369296833065,2.8247450348899625,3.4822866344605474,20.77294685990338,2.3081052066559313,5.756843800322061
264,24.651100375738057,10.527375201288244,29.66988727858293,2.8247450348899625,3.5963499731615673,20.665593129361245,2.3081052066559313,5.756843800322061
265,24.698067632850243,10.527375201288244,29.562533548040793,2.8247450348899625,3.5963499731615673,20.591787439613526,2.3081052066559313,5.891035963499732
266,24.751744498121308,10.50053676865271,29.562533548040793,2.8247450348899625,3.5963499731615673,20.564949006977994,2.3081052066559313,5.891035963499732
267,24.852388620504563,10.453569511540525,29.28743961352657,2.8247450348899625,3.8580246913580245,20.538110574342458,2.3081052066559313,5.877616747181965
268,25.006709608158882,10.413311862587225,29.696725711218466,2.3483628556092326,3.8580246913580245,20.303274288781534,2.5161030595813205,5.857487922705314
269,25.006709608158882,10.413311862587225,29.441760601180892,2.7106816961889426,3.784219001610306,20.26972624798712,2.5161030595813205,5.857487922705314
270,25.046967257112186,10.413311862587225,29.428341384863124,2.7106816961889426,3.784219001610306,20.242887815351583,2.5161030595813205,5.857487922705314
271,25.167740203972087,10.413311862587225,29.388083735909824,2.703972088030059,3.7573805689747717,20.222758990874933,2.4892646269457863,5.857487922705314
272,25.275093934514224,10.399892646269459,29.374664519592056,2.6838432635534084,3.7573805689747717,20.162372517444982,2.4892646269457863,5.857487922705314
273,25.37573805689748,10.373054213633925,29.334406870638755,2.6838432635534084,4.374664519592056,19.6256038647343,2.4691358024691357,5.763553408480945
274,25.597155126140635,10.373054213633925,29.20692431561997,2.6637144390767578,4.374664519592056,19.55179817498658,2.4691358024691357,5.763553408480945
275,25.966183574879228,10.319377348362856,29.07944176060118,2.6637144390767578,4.341116478797638,19.410896403650028,2.4557165861513686,5.763553408480945
276,26.455984970477726,10.319377348362856,28.951959205582394,2.5026838432635534,4.213633923778851,19.370638754696724,2.4557165861513686,5.730005367686527
277,26.690821256038646,10.299248523886206,28.898282340311326,2.5026838432635534,4.159957058507783,19.07541599570585,2.4557165861513686,5.917874396135265
278,27.120236178207193,10.23215244229737,28.71712292002147,2.49597423510467,4.159957058507783,18.90096618357488,2.4557165861513686,5.917874396135265
279,27.489264626945786,10.23215244229737,28.488996242619432,2.4020397208803006,4.119699409554482,18.90096618357488,2.4557165861513686,5.911164787976382
280,27.697262479871174,10.225442834138486,28.35480407944176,2.4020397208803006,4.119699409554482,18.840579710144926,2.4490069779924855,5.911164787976382
281,27.87842190016103,10.205314009661835,28.25415995705851,2.4020397208803006,4.119699409554482,18.800322061191626,2.4490069779924855,5.891035963499732
282,27.938808373590984,10.198604401502953,28.22061191626409,2.4020397208803006,4.119699409554482,18.780193236714975,2.4490069779924855,5.891035963499732
283,28.046162104133117,10.178475577026301,27.791196994095547,2.4020397208803006,4.5960815888352125,18.646001073537306,2.4490069779924855,5.891035963499732
