,45,50,55,52,54,51,53,57,59,56,58,60
0,99.65110037573805,0.3488996242619431,,,,,,,,,,
1,89.47262479871175,10.527375201288244,,,,,,,,,,
2,88.80837359098228,11.191626409017713,,,,,,,,,,
3,88.49973161567364,11.500268384326356,,,,,,,,,,
4,83.79629629629629,16.015834675254965,0.1878690284487386,,,,,,,,,
5,82.62211486849168,14.304884594739667,0.2147074610842727,2.737520128824477,0.12077294685990338,,,,,,,
6,82.60198604401504,14.27133655394525,0.2147074610842727,2.791196994095545,0.12077294685990338,,,,,,,
7,80.4951690821256,16.391572732152444,0.2147074610842727,2.7777777777777777,0.12077294685990338,,,,,,,
8,76.65056360708535,20.209339774557165,0.24154589371980675,2.7777777777777777,0.12077294685990338,,,,,,,
9,76.670692431562,20.189210950080515,0.24154589371980675,2.7777777777777777,0.12077294685990338,,,,,,,
10,74.74503488996243,21.571390230810522,0.24154589371980675,2.7308105206655933,0.12077294685990338,0.03354804079441761,0.4830917874396135,0.07380568974771873,,,,
11,72.32957595276436,23.946591519055286,0.3757380568974772,2.636876006441224,0.12077294685990338,0.03354804079441761,0.4830917874396135,0.07380568974771873,,,,
12,71.9873859366613,22.973698336017176,0.322061191626409,3.965378421900161,0.12077294685990338,0.07380568974771873,0.4830917874396135,0.07380568974771873,,,,
13,71.45061728395062,22.84621578099839,0.322061191626409,4.394793344068707,0.23483628556092323,0.19457863660762212,0.4830917874396135,0.07380568974771873,,,,
14,53.00590445517982,39.57326892109501,0.322061191626409,2.6301663982823404,3.421900161030596,0.1610305958132045,0.5971551261406334,0.19457863660762212,0.0939345142243693,,,
15,52.482555018786904,39.19753086419753,0.9728931830381106,2.49597423510467,3.421900161030596,0.4092860976918948,0.5971551261406334,0.1878690284487386,0.0939345142243693,0.14090177133655393,,
16,51.2614063338701,37.69457863660762,1.9524959742351047,2.2208803005904456,3.4688674181427803,2.38191089640365,0.5971551261406334,0.1878690284487386,0.0939345142243693,0.14090177133655393,,
17,49.15458937198068,40.042941492216855,1.8853998926462694,2.2208803005904456,3.4688674181427803,1.9524959742351047,0.8521202361782072,0.1878690284487386,0.0939345142243693,0.14090177133655393,,
18,49.12775093934514,40.11003757380569,1.8853998926462694,2.2208803005904456,3.4420289855072466,1.9390767579173376,0.8521202361782072,0.1878690284487386,0.0939345142243693,0.14090177133655393,,
19,44.598765432098766,34.35319377348363,1.1137949543746646,2.1604938271604937,3.4420289855072466,12.969672571121846,0.9393451422436929,0.1878690284487386,0.0939345142243693,0.14090177133655393,,
20,44.71282877079979,34.064680622651636,1.2278582930756843,2.1403650026838434,3.4420289855072466,12.93612453032743,1.0534084809447128,0.1878690284487386,0.0939345142243693,0.14090177133655393,,
21,42.20343531937735,37.0101986044015,1.2278582930756843,2.1403650026838434,3.4420289855072466,12.5,1.0534084809447128,0.1878690284487386,0.0939345142243693,0.14090177133655393,,
22,34.45383789586688,44.71953837895867,1.3352120236178207,2.13365539452496,3.3011272141706924,12.345679012345679,1.0534084809447128,0.1878690284487386,0.0939345142243693,0.3757380568974772,,
23,34.86983360171766,43.572195383789584,1.328502415458937,2.8784219001610305,3.3480944712828773,12.29200214707461,1.0534084809447128,0.1878690284487386,0.0939345142243693,0.3757380568974772,,
24,29.7638217928073,46.41035963499731,1.6639828234031133,2.8381642512077296,3.502415458937198,13.687600644122384,1.4559849704777241,0.1610305958132045,0.0939345142243693,0.4227053140096618,,
25,27.78448738593666,49.17471819645733,1.8719806763285025,2.7979066022544283,3.5225442834138487,12.754965110037574,1.3486312399355878,0.2281266774020397,0.0939345142243693,0.4227053140096618,,
26,27.563070316693505,49.282071926999464,1.9994632313472893,2.7979066022544283,3.5225442834138487,12.741545893719806,1.3486312399355878,0.2281266774020397,0.0939345142243693,0.4227053140096618,,
27,23.919753086419753,53.757380568974774,1.9457863660762211,1.892109500805153,3.408480944712829,12.835480407944177,1.3486312399355878,0.2281266774020397,0.0939345142243693,0.5703166935050993,,
28,22.73215244229737,50.878958668813745,2.006172839506173,0.05367686527106817,3.4017713365539453,19.202898550724637,1.1473429951690821,,0.0939345142243693,0.38915727321524424,0.0939345142243693,
29,22.269189479334408,49.73161567364466,3.455448201825013,0.05367686527106817,3.3950617283950617,19.370638754696724,1.1473429951690821,,0.0939345142243693,0.38915727321524424,0.0939345142243693,
30,21.960547504025765,49.11433172302738,3.6097691894793345,0.05367686527106817,3.3950617283950617,20.142243692968332,1.1473429951690821,,0.0939345142243693,0.38915727321524424,0.0939345142243693,
31,21.276167471819647,48.39640365002684,3.7037037037037037,0.08722490606548577,3.2541599570585076,21.289586688137412,1.133923778851315,0.0067096081588835215,0.0939345142243693,0.6642512077294686,0.0939345142243693,
32,21.309715512614062,47.22893183038111,3.6902844873859366,0.08722490606548577,3.207192699946323,21.061460010735374,2.3550724637681157,0.0067096081588835215,0.14090177133655393,0.8185721953837896,0.0939345142243693,
33,18.438003220611915,47.436929683306495,3.5762211486849167,0.06038647342995169,3.3145464304884595,20.8467525496511,5.2066559312936125,0.0067096081588835215,0.14090177133655393,0.8185721953837896,0.15432098765432098,
34,18.109232420826622,47.62479871175523,3.7775093934514223,0.06038647342995169,3.3145464304884595,20.799785292538918,5.193236714975845,0.0067096081588835215,0.14090177133655393,0.8185721953837896,0.15432098765432098,
35,18.183038110574344,47.0679012345679,4.133118625872249,0.06038647342995169,3.4017713365539453,20.638754696725712,5.300590445517981,0.0067096081588835215,0.14090177133655393,0.9125067096081588,0.15432098765432098,
36,18.230005367686527,46.55126140633387,4.133118625872249,0.06038647342995169,3.3548040794417604,20.632045088566827,5.844068706387547,0.0067096081588835215,0.14090177133655393,0.8923778851315083,0.15432098765432098,
37,18.438003220611915,42.44498121309716,4.30756843800322,3.8311862587224907,3.3548040794417604,20.571658615136876,5.683038110574342,0.18115942028985507,0.14090177133655393,0.8923778851315083,0.15432098765432098,
38,18.679549114331724,42.190016103059584,4.394793344068707,3.8043478260869565,3.3145464304884595,20.571658615136876,5.683038110574342,0.18115942028985507,0.14090177133655393,0.8856682769726248,0.15432098765432098,
39,18.853998926462694,41.58615136876006,4.508856682769726,3.8043478260869565,3.616478797638218,20.46430488459474,5.676328502415459,0.18115942028985507,0.14090177133655393,1.0131508319914118,0.15432098765432098,
40,18.585614600107355,39.781266774020395,4.904723564143854,3.8043478260869565,4.17337627482555,19.83360171765969,7.185990338164252,0.18115942028985507,0.14090177133655393,1.2546967257112185,0.15432098765432098,
41,16.264090177133657,40.80783682232958,5.112721417069243,3.3480944712828773,4.461889425657541,20.82662372517445,7.132313472893183,0.1274825550187869,0.24825550187869028,1.5163714439076759,0.15432098765432098,
42,16.09634997316157,40.45222758990875,5.3274288781535155,3.2004830917874396,4.488727858293076,21.162104133118625,7.078636607622115,0.1274825550187869,0.24825550187869028,1.6639828234031133,0.15432098765432098,
43,15.653515834675256,38.81508319914117,5.213365539452496,3.643317230273752,4.388083735909823,22.611379495437465,7.481213097155126,0.24825550187869028,0.24825550187869028,1.5432098765432098,0.15432098765432098,
44,15.727321524422974,38.73456790123457,5.24020397208803,3.515834675254965,4.388083735909823,22.249060654857757,7.5348899624261945,0.3757380568974772,0.24825550187869028,1.8317230273752012,0.15432098765432098,
45,14.546430488459475,33.62855609232421,4.736983360171766,5.8239398819108965,3.6634460547504024,23.201825013419217,11.674718196457327,0.41599570585077833,0.20128824476650564,1.9592055823939882,0.14761137949543746,
46,14.452495974235104,32.55501878690284,4.7638217928073,5.803811057434245,3.6500268384326353,21.39694041867955,14.55984970477724,0.41599570585077833,0.20128824476650564,2.01959205582394,0.18115942028985507,
47,14.586688137412775,32.48792270531401,4.817498658078368,5.790391841116479,3.6500268384326353,21.101717659688674,14.65378421900161,0.41599570585077833,0.20128824476650564,2.147074610842727,0.14761137949543746,
48,14.553140096618357,32.19940955448202,5.293880837359098,5.736714975845411,3.294417606011809,21.021202361782073,15.136876006441224,0.41599570585077833,0.17444981213097155,2.0263016639828235,0.14761137949543746,
49,14.51959205582394,31.689479334406872,5.776972624798712,7.118894256575416,3.683574879227053,20.913848631239937,13.580246913580247,0.41599570585077833,0.17444981213097155,1.9793344068706387,0.14761137949543746,
50,14.432367149758454,30.709876543209877,5.045625335480408,7.098765432098766,3.361513687600644,22.571121846484164,13.654052603327965,0.41599570585077833,0.17444981213097155,2.3886205045625335,0.14761137949543746,
51,14.492753623188406,30.589103596349972,5.71658615136876,7.14573268921095,3.3480944712828773,21.900161030595815,13.58695652173913,0.41599570585077833,0.17444981213097155,2.4825550187869028,0.14761137949543746,
52,14.606816961889425,30.60252281266774,5.5689747718733225,7.065217391304348,3.8311862587224907,21.658615136876005,13.506441223832528,0.4092860976918948,0.17444981213097155,2.3752012882447664,0.20128824476650564,
53,14.217659688674182,29.723564143854,5.4549114331723025,8.950617283950617,3.8915727321524423,21.07487922705314,13.499731615673644,0.36902844873859364,0.17444981213097155,2.442297369833602,0.20128824476650564,
54,14.04320987654321,29.797369833601717,5.314009661835748,8.950617283950617,3.8915727321524423,21.021202361782073,13.66076221148685,0.5099302200751477,0.17444981213097155,2.4355877616747184,0.20128824476650564,
55,14.143853998926463,29.461889425657542,5.522007514761138,8.896940418679549,4.019055287171229,20.947396672034355,13.499731615673644,0.5099302200751477,0.17444981213097155,2.636876006441224,0.1878690284487386,
56,14.257917337627482,29.361245303274288,5.35426731078905,9.01100375738057,3.9318303811057436,20.74610842726785,13.466183574879228,0.5099302200751477,0.17444981213097155,2.8381642512077296,0.3488996242619431,
57,14.486044015029522,27.85829307568438,5.884326355340848,9.01100375738057,3.992216854535695,21.256038647342994,13.667471819645733,0.5099302200751477,0.17444981213097155,2.8113258185721954,0.3488996242619431,
58,14.512882447665056,27.85829307568438,5.998389694041868,9.004294149221685,3.978797638217928,21.054750402576488,13.47289318303811,0.49651100375738055,0.17444981213097155,2.918679549114332,0.5300590445517982,
59,14.143853998926463,27.865002683843265,5.964841653247451,8.849973161567364,3.978797638217928,21.638486312399355,13.298443370907139,0.6374127750939346,0.17444981213097155,2.918679549114332,0.5300590445517982,
60,13.768115942028986,26.48953301127214,5.9514224369296835,8.742619431025227,4.51556629092861,22.832796564680624,13.298443370907139,0.6977992485238862,0.17444981213097155,2.999194847020934,0.5300590445517982,
61,14.076757917337627,26.214439076757916,5.991680085882985,8.870101986044014,4.502147074610843,22.745571658615138,13.197799248523886,0.6977992485238862,0.16774020397208803,2.985775630703167,0.5501878690284487,
62,14.143853998926463,26.140633387010197,6.327160493827161,8.735909822866345,4.582662372517445,22.571121846484164,13.170960815888352,0.6977992485238862,0.16774020397208803,2.9119699409554483,0.5501878690284487,
63,14.143853998926463,26.019860440150296,6.327160493827161,8.735909822866345,4.723564143853999,22.510735373054214,13.150831991411701,0.6977992485238862,0.16774020397208803,2.9723564143853998,0.5501878690284487,
64,13.94927536231884,24.496779388083738,6.340579710144928,11.869296833064949,4.924852388620504,22.430220075147613,11.949812130971551,0.6709608158883521,0.19457863660762212,2.844873859366613,0.32877079978529256,
65,13.714439076757918,24.3894256575416,6.622383252818035,11.79549114331723,5.072463768115942,22.114868491680085,12.050456253354804,0.6910896403650026,0.19457863660762212,3.026033279656468,0.32877079978529256,
66,13.358829844337091,23.8191089640365,6.729736983360172,11.60762211486849,5.072463768115942,21.692163177670423,13.41250670960816,0.7716049382716049,0.19457863660762212,3.012614063338701,0.32877079978529256,
67,13.754696725711218,23.597691894793343,6.6827697262479875,11.460010735373054,5.139559849704777,21.390230810520666,13.264895330112722,0.7716049382716049,0.19457863660762212,3.4151905528717124,0.32877079978529256,
68,13.627214170692431,24.00697799248524,6.649221685453569,11.460010735373054,5.139559849704777,21.22920021470746,13.09044551798175,0.7716049382716049,0.19457863660762212,3.502415458937198,0.32877079978529256,
69,13.33870101986044,23.537305421363392,7.085346215780999,11.439881910896403,6.810252281266774,20.202630166398283,13.056897477187333,0.7648953301127214,0.19457863660762212,3.240740740740741,0.32877079978529256,
70,13.573537305421363,23.396403650026837,7.058507783145465,11.406333870101985,6.8035426731078905,20.175791733762747,12.99651100375738,0.7648953301127214,0.19457863660762212,3.3011272141706924,0.32877079978529256,
71,12.278582930756844,21.410359634997317,6.300322061191626,15.083199141170155,6.635802469135802,20.873590982286636,13.110574342458401,0.5971551261406334,0.19457863660762212,3.2340311325818574,0.28180354267310787,
72,12.31213097155126,21.430488459473967,6.280193236714976,15.539452495974235,6.78341384863124,20.725979602791195,12.734836285560924,0.5971551261406334,0.2281266774020397,3.0864197530864197,0.28180354267310787,
73,12.426194310252281,21.3768115942029,6.347289318303811,15.438808373590982,6.011808910359635,22.134997316156735,12.211486849168008,0.6172839506172839,0.05367686527106817,3.126677402039721,0.2549651100375738,
74,12.466451959205582,20.558239398819108,6.125872249060655,16.418411164787976,6.078904991948471,21.926999463231347,12.184648416532475,0.6776704240472357,0.08722490606548577,3.2206119162640903,0.2549651100375738,
75,12.661030595813205,20.517981749865807,6.286902844873859,16.358024691358025,6.078904991948471,21.69887278582931,12.184648416532475,0.6776704240472357,0.08722490606548577,3.193773483628556,0.2549651100375738,
76,12.714707461084272,20.04830917874396,6.729736983360172,16.27079978529254,6.011808910359635,21.598228663446054,12.218196457326892,0.8051529790660226,0.08722490606548577,3.260869565217391,0.2549651100375738,
77,12.379227053140097,19.93424584004294,6.662640901771336,16.002415458937197,5.998389694041868,22.685185185185187,11.990069779924852,0.7313472893183038,0.08722490606548577,3.294417606011809,0.23483628556092323,
78,12.533548040794418,19.847020933977454,6.655931293612453,15.908480944712828,5.998389694041868,22.490606548577563,12.037037037037036,0.8789586688137413,0.08722490606548577,3.3279656468062266,0.23483628556092323,
79,11.741814278046162,18.99490069779925,6.78341384863124,15.915190552871712,5.810520665593129,24.188137412775095,12.070585077831455,0.8789586688137413,0.08722490606548577,3.294417606011809,0.23483628556092323,
80,11.81561996779388,18.86070853462158,6.629092860976919,16.82769726247987,5.958132045088567,24.268652710681696,11.18491680085883,0.9125067096081588,0.08722490606548577,3.2541599570585076,0.20128824476650564,
81,11.788781535158346,18.323939881910896,7.14573268921095,16.820987654320987,5.9514224369296835,24.268652710681696,11.18491680085883,0.9125067096081588,0.08722490606548577,3.3145464304884595,0.20128824476650564,
82,12.010198604401502,18.243424584004295,7.112184648416532,16.76731078904992,5.9447128287707995,24.168008588298445,11.151368760064413,0.9125067096081588,0.08722490606548577,3.4017713365539453,0.20128824476650564,
83,12.164519592055823,18.095813204508858,7.0450885668276975,16.740472356414386,6.031937734836285,24.020397208803004,11.178207192699947,0.9125067096081588,0.08722490606548577,3.5225442834138487,0.20128824476650564,
84,12.285292538915728,17.921363392377884,7.139023081052066,16.686795491143318,6.018518518518518,24.033816425120772,11.158078368223295,0.9460547504025765,0.08722490606548577,3.5225442834138487,0.20128824476650564,
85,12.453032742887816,17.860976918947934,7.199409554482019,16.63311862587225,5.9447128287707995,23.96672034353194,11.077563070316694,1.1003757380568975,0.08722490606548577,3.475577026301664,0.20128824476650564,
86,12.546967257112184,17.840848094471284,7.239667203435319,16.59286097691895,5.897745571658615,23.93317230273752,11.084272678475577,1.1003757380568975,0.08722490606548577,3.475577026301664,0.20128824476650564,
87,12.453032742887816,17.49194847020934,7.353730542136339,16.478797638217927,6.011808910359635,24.550456253354803,10.829307568438002,1.0064412238325282,0.08722490606548577,3.535963499731616,0.20128824476650564,
88,12.473161567364466,17.23027375201288,7.4141170155662905,16.438539989264626,6.582125603864735,24.329039184111647,10.668276972624799,0.9259259259259259,0.08722490606548577,3.6500268384326353,0.20128824476650564,
89,12.754965110037574,17.216854535695116,7.64224369296833,16.418411164787976,6.561996779388084,23.939881910896403,10.628019323671497,0.9728931830381106,0.08722490606548577,3.5762211486849167,0.20128824476650564,
90,12.151100375738057,16.525764895330113,7.159151905528717,16.71363392377885,6.689479334406871,25.32206119162641,10.701825013419215,0.9728931830381106,0.08722490606548577,3.475577026301664,0.20128824476650564,
91,12.23161567364466,16.51905528717123,7.0383789586688135,16.63311862587225,6.904186795491143,25.288513150831992,10.674986580783683,0.9728931830381106,0.08722490606548577,3.44873859366613,0.20128824476650564,
92,10.916532474503489,15.438808373590982,7.152442297369833,19.02173913043478,6.884057971014493,25.127482555018787,10.668276972624799,0.95276435856146,0.08722490606548577,3.549382716049383,0.20128824476650564,
93,10.943370907139023,15.26435856146001,8.239398819108963,18.129361245303276,6.951154052603328,24.86580783682233,10.715244229736983,0.9460547504025765,0.08722490606548577,3.656736446591519,0.20128824476650564,
94,10.86285560923242,15.103327965646805,8.353462157809984,18.53864734299517,6.769994632313473,24.59742351046699,10.86285560923242,0.9460547504025765,0.08722490606548577,3.616478797638218,0.2616747181964573,
95,11.044015029522276,14.76784755770263,8.393719806763285,18.4849704777241,7.246376811594203,24.4296833064949,10.755501878690284,0.9460547504025765,0.08722490606548577,3.5829307568438002,0.2616747181964573,
96,11.151368760064413,14.579978529253891,8.460815888352121,18.317230273752013,7.407407407407407,24.3894256575416,10.86285560923242,0.9460547504025765,0.08722490606548577,3.535963499731616,0.2616747181964573,
97,11.18491680085883,14.566559312936125,8.447396672034353,18.250134192163177,7.387278582930757,24.261943102522814,11.023886205045626,0.9997316156736447,0.08722490606548577,3.535963499731616,0.2549651100375738,
98,10.802469135802468,17.08937198067633,7.615405260332796,17.94820182501342,7.185990338164252,24.134460547504027,10.393183038110575,0.9796027911969941,0.08722490606548577,3.5091250670960816,0.2549651100375738,
99,10.38647342995169,16.532474503488995,7.695920558239399,17.156468062265162,7.1658615136876005,25.6105743424584,10.628019323671497,0.9728931830381106,0.08722490606548577,3.5091250670960816,0.2549651100375738,
100,6.830381105743425,43.09581320450886,6.018518518518518,9.078099838969404,4.74369296833065,17.961621041331185,8.735909822866345,0.7045088566827697,0.08722490606548577,2.576489533011272,0.16774020397208803,
101,7.065217391304348,40.915190552871714,6.320450885668277,8.917069243156199,4.85775630703167,17.954911433172303,10.487117552334944,0.6374127750939346,0.08722490606548577,2.576489533011272,0.18115942028985507,
102,6.890767579173376,40.123456790123456,6.582125603864735,8.487654320987655,4.7168545356951155,20.014761137949545,9.936929683306495,0.6374127750939346,0.08722490606548577,2.395330112721417,0.1274825550187869,
103,7.159151905528717,39.63365539452496,6.716317767042405,9.749060654857756,4.804079441760601,18.766774020397207,9.896672034353195,0.6374127750939346,0.08722490606548577,2.368491680085883,0.18115942028985507,
104,7.4006977992485234,39.53301127214171,6.749865807836822,9.722222222222221,4.804079441760601,18.63929146537842,9.896672034353195,0.6374127750939346,0.08722490606548577,2.3483628556092326,0.18115942028985507,
105,7.474503488996243,39.27133655394525,7.0383789586688135,9.621578099838969,4.804079441760601,18.63929146537842,9.896672034353195,0.6374127750939346,0.08722490606548577,2.3483628556092326,0.18115942028985507,
106,7.6623725174449815,37.76167471819646,7.286634460547504,10.889694041867955,4.898013955984971,18.297101449275363,9.668545356951155,0.6374127750939346,0.08722490606548577,2.6301663982823404,0.18115942028985507,
107,7.96430488459474,37.473161567364464,7.4141170155662905,10.849436392914654,4.898013955984971,18.115942028985508,9.655126140633387,0.7313472893183038,0.08722490606548577,2.6301663982823404,0.18115942028985507,
108,8.105206655931294,36.97665056360709,7.803274288781535,10.560923242082662,5.10601180891036,17.901234567901234,9.64170692431562,1.0064412238325282,0.08722490606548577,2.6301663982823404,0.18115942028985507,
109,8.387010198604402,36.71497584541063,7.944176060118089,10.654857756307031,5.112721417069243,17.814009661835748,9.520933977455716,1.0064412238325282,0.08722490606548577,2.589908749329039,0.16774020397208803,
110,8.219269994632313,35.7085346215781,9.306226516371444,10.63472893183038,5.159688674181428,17.612721417069242,9.520933977455716,0.95276435856146,0.08722490606548577,2.589908749329039,0.20799785292538917,
111,8.474235104669887,35.607890499194845,9.574610842726784,10.889694041867955,5.059044551798175,17.28395061728395,9.406870638754697,0.9125067096081588,0.06709608158883522,2.5161030595813205,0.20799785292538917,
112,8.548040794417606,35.35292538915727,9.23913043478261,11.882716049382717,5.005367686527107,17.21014492753623,9.125067096081589,0.7648953301127214,0.06709608158883522,2.5966183574879227,0.20799785292538917,
113,8.172302737520129,31.78341384863124,8.890230810520666,10.19189479334407,5.347557702630167,23.49033816425121,8.796296296296296,0.6374127750939346,0.06709608158883522,2.4221685453569513,0.20128824476650564,
114,8.192431561996779,31.716317767042405,9.03113258185722,10.144927536231885,5.320719269994632,23.443370907139023,8.68894256575416,0.7447665056360708,0.06709608158883522,2.4490069779924855,0.20128824476650564,
115,7.917337627482555,32.78314546430489,9.608158883521202,10.131508319914117,5.179817498658078,22.799248523886206,8.239398819108963,0.785024154589372,0.06709608158883522,2.301395598497048,0.1878690284487386,
116,7.971014492753623,32.27992485238862,10.071121846484166,10.084541062801932,5.179817498658078,22.785829307568438,8.266237251744498,0.8118625872249061,0.06709608158883522,2.2946859903381642,0.1878690284487386,
117,8.185721953837897,32.045088566827694,9.903381642512077,10.084541062801932,5.522007514761138,22.584541062801932,8.165593129361245,0.8118625872249061,0.06709608158883522,2.442297369833602,0.1878690284487386,
118,8.353462157809984,31.95786366076221,9.903381642512077,10.071121846484166,5.535426731078905,22.517444981213096,8.152173913043478,0.8118625872249061,0.06709608158883522,2.442297369833602,0.1878690284487386,
119,8.360171765968868,31.582125603864736,10.131508319914117,9.73564143853999,6.078904991948471,22.31615673644659,8.145464304884594,0.8118625872249061,0.06709608158883522,2.5831991411701556,0.1878690284487386,
120,8.205850778314547,28.79092860976919,9.400161030595813,9.628287707997853,9.655126140633387,22.31615673644659,8.145464304884594,0.8118625872249061,0.06709608158883522,2.5831991411701556,0.3421900161030596,0.05367686527106817
121,8.299785292538916,28.63660762211487,9.50751476113795,9.594739667203436,9.655126140633387,22.23564143853999,8.185721953837897,0.8118625872249061,0.06709608158883522,2.61003757380569,0.3421900161030596,0.05367686527106817
122,8.3467525496511,28.488996242619432,9.588030059044552,9.64170692431562,9.655126140633387,22.134997316156735,8.185721953837897,0.8118625872249061,0.06709608158883522,2.6838432635534084,0.3421900161030596,0.05367686527106817
123,8.393719806763285,27.958937198067634,10.158346752549651,9.64170692431562,9.50751476113795,22.04777241009125,8.172302737520129,0.8118625872249061,0.06709608158883522,2.844873859366613,0.3421900161030596,0.05367686527106817
124,8.662104133118627,27.81803542673108,10.359634997316157,9.561191626409018,9.500805152979066,21.89345142243693,8.071658615136876,0.8990874932903918,0.06709608158883522,2.771068169618894,0.3421900161030596,0.05367686527106817
125,8.541331186258722,24.785292538915726,10.648148148148149,9.520933977455716,8.246108427267847,21.75925925925926,12.486580783682234,0.7917337627482555,0.06709608158883522,2.871712292002147,0.28180354267310787,
126,8.702361782071927,24.590713902308106,10.587761674718196,9.520933977455716,8.36688137412775,21.537842190016104,12.587224906065487,0.7447665056360708,0.06709608158883522,3.012614063338701,0.28180354267310787,
127,8.78287707997853,24.362587224906065,10.963499731615673,9.480676328502415,8.3467525496511,21.195652173913043,12.614063338701019,0.7447665056360708,0.06709608158883522,3.113258185721954,0.32877079978529256,
128,8.729200214707461,24.261943102522814,10.721953837895867,9.41358024691358,8.393719806763285,21.115136876006442,13.110574342458401,0.7447665056360708,0.06709608158883522,3.0595813204508855,0.3824476650563607,
129,8.796296296296296,23.66478797638218,11.668008588298443,9.31964573268921,8.239398819108963,20.994363929146537,13.009930220075148,0.7917337627482555,0.06709608158883522,3.0595813204508855,0.38915727321524424,
130,7.816693505099302,26.556629092860977,11.708266237251744,8.400429414922169,8.172302737520129,20.48443370907139,12.607353730542137,0.7917337627482555,0.06709608158883522,3.0059044551798175,0.38915727321524424,
131,7.7831454643048845,26.221148684916802,12.130971551261407,8.360171765968868,8.165593129361245,20.33011272141707,12.607353730542137,0.7917337627482555,0.06709608158883522,3.1535158346752548,0.38915727321524424,
132,7.856951154052603,26.127214170692433,12.191358024691358,8.480944712828771,8.158883521202362,20.175791733762747,12.580515297906603,0.7313472893183038,0.06709608158883522,3.240740740740741,0.38915727321524424,
133,7.897208803005904,24.932903918411164,11.90955448201825,8.3467525496511,8.21256038647343,19.981213097155127,14.2914653784219,0.7313472893183038,0.06709608158883522,3.240740740740741,0.38915727321524424,
134,7.944176060118089,24.832259796027913,11.808910359634996,8.333333333333334,8.360171765968868,19.95437466451959,14.257917337627482,0.7313472893183038,0.06709608158883522,3.2877079978529253,0.4227053140096618,
135,7.9039184111647875,24.62426194310252,11.98336017176597,8.527911969940956,8.769457863660762,19.773215244229736,13.821792807300053,0.8454106280193237,0.06709608158883522,3.260869565217391,0.4227053140096618,
136,8.152173913043478,24.436392914653783,11.916264090177133,9.004294149221685,8.568169618894256,19.51825013419216,13.654052603327965,0.8387010198604401,0.14090177133655393,3.3480944712828773,0.4227053140096618,
137,8.28636607622115,24.342458400429415,11.889425657541599,9.125067096081589,8.709071390230811,19.330381105743424,13.620504562533547,0.8387010198604401,0.14090177133655393,3.294417606011809,0.4227053140096618,
138,8.427267847557703,24.194847020933977,11.996779388083736,9.004294149221685,8.662104133118627,19.26328502415459,13.687600644122384,0.8387010198604401,0.14090177133655393,3.321256038647343,0.46296296296296297,
139,8.57487922705314,24.174718196457327,11.889425657541599,9.104938271604938,8.55475040257649,19.216317767042405,13.6406333870102,0.8387010198604401,0.14090177133655393,3.374932903918411,0.48980139559849706,
140,8.789586688137414,24.14117015566291,11.869296833064949,8.977455716586151,8.655394524959743,19.082125603864736,13.58695652173913,0.8252818035426731,0.14090177133655393,3.4420289855072466,0.48980139559849706,
141,8.997584541062801,23.919753086419753,11.748523886205046,8.943907675791733,8.588298443370908,18.840579710144926,13.81508319914117,0.9997316156736447,0.14090177133655393,3.5292538915727323,0.47638217928073,
142,8.950617283950617,23.64465915190553,11.802200751476114,9.265968867418144,8.581588835212024,18.699677938808374,13.6808910359635,0.9997316156736447,0.14090177133655393,3.7573805689747717,0.47638217928073,
143,9.037842190016104,23.429951690821255,11.916264090177133,9.219001610305957,8.776167471819646,18.55877616747182,13.539989264626946,0.9997316156736447,0.14090177133655393,3.8177670424047236,0.5636070853462157,
144,8.863392377885132,23.26892109500805,11.77536231884058,8.668813741277509,8.735909822866345,19.82018250134192,13.399087493290391,0.966183574879227,0.20128824476650564,3.7372517444981215,0.5636070853462157,
145,8.977455716586151,23.09447128287708,11.876006441223833,8.581588835212024,8.68894256575416,19.679280730005367,13.305152979066023,1.0399892646269457,0.20128824476650564,3.992216854535695,0.5636070853462157,
146,9.03113258185722,22.81266774020397,12.130971551261407,8.548040794417606,8.722490606548577,19.679280730005367,13.251476113794954,1.107085346215781,0.20128824476650564,3.9519592055823938,0.5636070853462157,
147,9.178743961352657,22.5979602791197,11.943102522812667,8.427267847557703,9.903381642512077,19.545088566827697,12.486580783682234,1.1943102522812667,0.20128824476650564,3.9519592055823938,0.5703166935050993,
148,9.25925925925926,22.309447128287708,12.00348899624262,8.588298443370908,9.722222222222221,19.0552871712292,13.083735909822867,1.1943102522812667,0.20128824476650564,3.878153515834675,0.7045088566827697,
149,9.460547504025765,22.18196457326892,11.855877616747183,8.433977455716587,9.796027911969942,18.9345142243693,13.130703166935051,1.1473429951690821,0.20128824476650564,4.1532474503489,0.7045088566827697,
150,8.024691358024691,21.967257112184647,11.211755233494364,8.011272141706923,7.25979602791197,27.147074610842726,11.75523349436393,0.6776704240472357,0.13419216317767044,3.0327428878153517,0.7783145464304885,
151,8.145464304884594,21.85990338164251,11.312399355877616,7.98443370907139,7.206119162640902,27.100107353730543,11.627750939345143,0.7447665056360708,0.13419216317767044,3.0595813204508855,0.8252818035426731,
152,7.769726247987117,21.20907139023081,10.547504025764896,7.863660762211487,6.991411701556629,29.622920021470748,11.29898013955985,0.7447665056360708,0.13419216317767044,2.999194847020934,0.8185721953837896,
153,7.823403113258186,21.027911969940956,10.607890499194847,7.85024154589372,6.91760601180891,29.542404723564143,11.325818572195384,0.8521202361782072,0.13419216317767044,3.099838969404187,0.8185721953837896,
154,7.796564680622652,19.726247987117553,10.413311862587225,7.843531937734836,6.977992485238862,29.280730005367687,13.043478260869565,0.8118625872249061,0.13419216317767044,3.1535158346752548,0.8185721953837896,
155,7.96430488459474,19.685990338164252,10.554213633923778,7.689210950080516,6.977992485238862,29.086151368760063,13.18438003220612,0.8118625872249061,0.13419216317767044,3.1535158346752548,0.7581857219538379,
156,8.125335480407944,19.632313472893184,10.869565217391305,7.635534084809447,6.810252281266774,28.663446054750402,13.22463768115942,0.9460547504025765,0.13419216317767044,3.2004830917874396,0.7581857219538379,
157,8.32662372517445,19.444444444444443,11.084272678475577,7.608695652173913,6.816961889425658,28.435319377348364,13.285024154589372,0.9326355340848095,0.13419216317767044,3.1736446591519054,0.7581857219538379,
158,8.447396672034353,19.155931293612454,10.943370907139023,8.038110574342458,7.004830917874396,28.173644659151904,13.285024154589372,0.9192163177670424,0.13419216317767044,3.140096618357488,0.7581857219538379,
159,8.514492753623188,19.129092860976918,10.950080515297907,8.05823939881911,6.998121309715513,27.958937198067634,13.251476113794954,0.9192163177670424,0.13419216317767044,3.3279656468062266,0.7581857219538379,
160,8.205850778314547,17.827428878153516,10.581052066559312,8.05823939881911,7.071926999463232,27.569779924852387,15.304616210413311,0.8990874932903918,0.13419216317767044,3.4621578099838968,0.8856682769726248,
161,8.279656468062266,17.753623188405797,10.61460010735373,8.044820182501342,7.058507783145465,27.361782071927,15.331454643048845,0.8990874932903918,0.13419216317767044,3.6366076221148687,0.8856682769726248,
162,8.454106280193237,17.53220611916264,10.809178743961352,8.044820182501342,6.944444444444445,27.26784755770263,15.297906602254429,0.9259259259259259,0.13419216317767044,3.7037037037037037,0.8856682769726248,
163,8.3064949006978,17.37788513150832,10.876274825550189,7.407407407407407,6.971282877079979,28.059581320450885,15.28448738593666,0.8856682769726248,0.13419216317767044,3.81105743424584,0.8856682769726248,
164,8.387010198604402,17.08937198067633,11.178207192699947,7.320182501341922,6.8035426731078905,27.958937198067634,15.58641975308642,0.8454106280193237,0.13419216317767044,3.81105743424584,0.8856682769726248,
165,8.521202361782072,16.23054213633924,10.768921095008052,8.943907675791733,6.709608158883521,27.70397208803006,15.344873859366613,0.8319914117015567,0.13419216317767044,3.898282340311326,0.9125067096081588,
166,8.668813741277509,16.170155662909288,10.782340311325818,8.923778851315083,6.689479334406871,27.61003757380569,15.311325818572195,0.8319914117015567,0.13419216317767044,3.992216854535695,0.8856682769726248,
167,8.581588835212024,16.076221148684915,10.829307568438002,9.111647879763822,6.6827697262479875,27.945517981749866,14.99597423510467,0.8118625872249061,0.13419216317767044,3.9452495974235107,0.8856682769726248,
168,8.621846484165324,15.98899624261943,10.929951690821255,9.03113258185722,7.648953301127214,27.334943639291467,14.949006977992486,0.8118625872249061,0.13419216317767044,3.6634460547504024,0.8856682769726248,
169,8.675523349436393,15.98899624261943,10.976918947933441,9.111647879763822,7.6556629092860975,27.120236178207193,14.908749329039184,0.8118625872249061,0.13419216317767044,3.770799785292539,0.8454106280193237,
170,8.78287707997853,15.780998389694043,11.292270531400966,8.99087493290392,7.575147611379496,27.012882447665056,14.875201288244767,0.8118625872249061,0.18115942028985507,3.851315083199141,0.8454106280193237,
171,8.99087493290392,15.734031132581856,11.292270531400966,8.82313472893183,7.64224369296833,26.85185185185185,14.834943639291465,0.8118625872249061,0.18115942028985507,3.992216854535695,0.8454106280193237,
172,9.111647879763822,15.458937198067632,11.466720343531938,8.917069243156199,7.64224369296833,26.610305958132045,14.707461084272678,0.7783145464304885,0.18115942028985507,4.294149221685454,0.8319914117015567,
173,8.930488459473967,15.157004830917874,12.258454106280194,8.487654320987655,7.541599570585078,26.556629092860977,14.97584541062802,0.7783145464304885,0.18115942028985507,4.274020397208803,0.8588298443370908,
174,8.984165324745035,15.083199141170155,12.47987117552335,8.333333333333334,7.75630703166935,26.288244766505635,14.928878153515834,0.9057971014492754,0.18115942028985507,4.17337627482555,0.8856682769726248,
175,9.138486312399356,14.935587761674718,12.486580783682234,8.319914117015566,7.836822329575953,26.247987117552334,14.888620504562533,0.9057971014492754,0.18115942028985507,4.17337627482555,0.8856682769726248,
176,9.212292002147075,14.861782071927,12.567096081588835,8.252818035426731,7.957595276435856,26.154052603327965,14.694041867954912,0.9796027911969941,0.18115942028985507,4.274020397208803,0.8655394524959742,
177,9.265968867418144,14.720880300590446,12.325550187869029,10.607890499194847,8.05823939881911,24.27536231884058,14.680622651637144,0.966183574879227,0.18115942028985507,3.978797638217928,0.9393451422436929,
178,9.306226516371444,14.452495974235104,12.607353730542137,10.607890499194847,8.091787439613526,22.5577026301664,16.55931293612453,0.966183574879227,0.18115942028985507,3.730542136339238,0.9393451422436929,
179,9.433709071390231,14.27133655394525,12.29200214707461,9.004294149221685,8.252818035426731,24.268652710681696,16.606280193236714,0.8588298443370908,0.18115942028985507,3.784219001610306,1.0466988727858293,
180,9.581320450885668,14.257917337627482,12.352388620504563,8.99087493290392,8.252818035426731,24.134460547504027,16.55931293612453,0.8588298443370908,0.18115942028985507,3.784219001610306,1.0466988727858293,
181,9.742351046698873,13.868760064412239,12.352388620504563,8.93719806763285,8.601717659688674,24.060654857756308,16.458668813741276,1.0064412238325282,0.18115942028985507,3.784219001610306,1.0064412238325282,
182,10.017444981213098,13.855340848094471,12.338969404186795,8.84326355340848,8.601717659688674,23.658078368223297,16.438539989264626,1.0064412238325282,0.18115942028985507,3.8915727321524423,1.1674718196457328,
183,10.084541062801932,13.741277509393452,12.52012882447665,8.675523349436393,8.903650026838433,23.17498658078368,16.70692431561997,1.0064412238325282,0.18115942028985507,3.844605475040258,1.1607622114868492,
184,10.218733225979603,13.560118089103597,12.701288244766506,8.662104133118627,8.903650026838433,23.121309715512613,16.639828234031132,1.0064412238325282,0.18115942028985507,3.844605475040258,1.1607622114868492,
185,10.279119699409554,13.533279656468062,12.580515297906603,8.641975308641975,8.890230810520666,23.121309715512613,16.71363392377885,1.0064412238325282,0.18115942028985507,3.8915727321524423,1.1607622114868492,
186,10.285829307568438,13.526570048309178,12.553676865271068,8.641975308641975,8.890230810520666,22.953569511540525,16.7337627482555,1.0064412238325282,0.18115942028985507,4.066022544283414,1.1607622114868492,
187,10.352925389157273,12.164519592055823,12.506709608158884,8.61513687600644,9.078099838969404,22.785829307568438,18.08239398819109,0.9728931830381106,0.18115942028985507,4.05931293612453,1.2010198604401503,
188,10.359634997316157,11.352657004830919,12.29200214707461,9.71551261406334,9.219001610305957,22.665056360708533,18.06226516371444,0.9728931830381106,0.18115942028985507,4.0995705850778315,1.0802469135802468,
189,10.795759527643586,11.312399355877616,12.084004294149223,9.64170692431562,9.185453569511541,22.38996242619431,18.23671497584541,0.9728931830381106,0.18115942028985507,4.119699409554482,1.0802469135802468,
190,10.802469135802468,11.258722490606548,12.157809983896941,9.541062801932368,9.25925925925926,22.289318303811058,18.297101449275363,0.9728931830381106,0.18115942028985507,4.159957058507783,1.0802469135802468,
191,10.715244229736983,11.16478797638218,11.969940955448202,9.520933977455716,9.849704777241008,21.70558239398819,18.719806763285025,0.9728931830381106,0.18115942028985507,4.079441760601181,1.1205045625335481,
192,10.809178743961352,11.044015029522276,12.506709608158884,9.440418679549115,9.883252818035427,21.32313472893183,18.250134192163177,0.9728931830381106,0.18115942028985507,4.622920021470746,0.966183574879227,
193,11.05072463768116,10.95679012345679,12.365807836822329,9.078099838969404,9.75577026301664,21.24932903918411,18.511808910359633,1.3687600644122384,0.18115942028985507,4.528985507246377,0.95276435856146,
194,11.151368760064413,10.93666129898014,12.352388620504563,9.05126140633387,9.809447128287708,21.202361782071925,18.223295759527645,1.5297906602254427,0.18115942028985507,4.502147074610843,1.0601180891035964,
195,11.345947396672035,10.735373054213634,12.52012882447665,9.131776704240472,9.742351046698873,21.00107353730542,18.377616747181964,1.5297906602254427,0.18115942028985507,4.374664519592056,1.0601180891035964,
196,11.466720343531938,10.735373054213634,12.47987117552335,9.091519055287172,9.71551261406334,20.92055823939882,18.189747718733226,1.556629092860977,0.18115942028985507,4.414922168545357,1.247987117552335,
197,11.453301127214171,10.648148148148149,12.4597423510467,9.205582393988191,9.681964573268921,20.638754696725712,18.411164787976382,1.556629092860977,0.18115942028985507,4.51556629092861,1.247987117552335,
