,45,50,55,52,53,60,51,59,58,54,57,56,46
0,99.92619431025228,0.07380568974771873,,,,,,,,,,,
1,96.5848094471283,3.4151905528717124,,,,,,,,,,,
2,95.98765432098766,4.012345679012346,,,,,,,,,,,
3,95.75281803542673,4.247181964573269,,,,,,,,,,,
4,95.6454643048846,4.3545356951154055,,,,,,,,,,,
5,95.35695115405261,4.643048845947397,,,,,,,,,,,
6,94.6256038647343,5.374396135265701,,,,,,,,,,,
7,86.28556092324209,13.714439076757918,,,,,,,,,,,
8,80.39452495974236,19.57192699946323,0.03354804079441761,,,,,,,,,,
9,50.046967257112186,34.4873859366613,10.198604401502953,1.8786902844873858,3.388352120236178,,,,,,,,
10,49.75845410628019,34.70880300590446,10.111379495437467,1.9457863660762211,3.388352120236178,0.08722490606548577,,,,,,,
11,46.07487922705314,30.08588298443371,9.004294149221685,1.8786902844873858,12.869028448738593,0.08722490606548577,,,,,,,
12,42.579173376274824,33.59500805152979,9.004294149221685,1.8786902844873858,12.855609232420827,0.08722490606548577,,,,,,,
13,42.612721417069245,33.52791196994095,8.742619431025227,1.8786902844873858,12.855609232420827,0.026838432635534086,0.03354804079441761,0.322061191626409,,,,,
14,35.51395598497048,40.74074074074074,8.930488459473967,1.5767579173376274,12.822061191626409,0.026838432635534086,0.03354804079441761,0.322061191626409,0.03354804079441761,,,,
15,31.38083735909823,42.21685453569511,8.890230810520666,4.253891572732153,12.788513150831992,0.026838432635534086,0.1274825550187869,0.28180354267310787,0.03354804079441761,,,,
16,31.5150295222759,42.069243156199676,8.890230810520666,4.253891572732153,12.788513150831992,0.026838432635534086,0.1274825550187869,0.28180354267310787,0.04696725711218465,,,,
17,31.561996779388085,41.42512077294686,8.722490606548577,4.253891572732153,12.734836285560924,0.1878690284487386,0.1274825550187869,0.28180354267310787,0.04696725711218465,0.6575415995705851,,,
18,31.5150295222759,41.52576489533011,8.722490606548577,4.2270531400966185,12.560386473429952,0.1878690284487386,0.1274825550187869,0.28180354267310787,0.04696725711218465,0.6575415995705851,0.14761137949543746,,
19,31.50161030595813,41.23054213633924,8.923778851315083,4.2270531400966185,12.560386473429952,0.2147074610842727,0.1274825550187869,0.28180354267310787,0.04696725711218465,0.7380568974771873,0.14761137949543746,,
20,31.246645195920557,41.659957058507786,8.863392377885132,4.2270531400966185,12.446323134728932,0.2147074610842727,0.1274825550187869,0.28180354267310787,0.04696725711218465,0.7380568974771873,0.14761137949543746,,
21,31.353998926462694,41.57944176060118,8.863392377885132,4.106280193236715,12.426194310252281,0.2147074610842727,0.1274825550187869,0.28180354267310787,0.04696725711218465,0.7045088566827697,0.2952227589908749,,
22,31.54186795491143,40.87493290391841,8.467525496511003,4.066022544283414,12.392646269457863,0.2147074610842727,0.1274825550187869,0.28180354267310787,0.04696725711218465,0.6776704240472357,1.3083735909822867,,
23,30.46833064949007,42.0222758990875,8.252818035426731,4.052603327965647,12.379227053140097,0.38915727321524424,0.1274825550187869,0.28180354267310787,0.040257648953301126,0.6776704240472357,1.3083735909822867,,
24,30.407944176060116,40.82796564680623,7.27992485238862,4.032474503488996,12.379227053140097,0.41599570585077833,0.1274825550187869,0.28180354267310787,0.040257648953301126,2.898550724637681,1.3083735909822867,,
25,27.375201288244767,31.629092860976918,3.535963499731616,8.568169618894256,8.091787439613526,0.08722490606548577,18.189747718733226,0.28180354267310787,0.020128824476650563,1.1272141706924315,1.093666129898014,,
26,26.50295222758991,22.537573805689746,3.435319377348363,20.162372517444982,8.340042941492216,0.08722490606548577,16.264090177133657,0.27509393451422437,0.020128824476650563,1.1272141706924315,0.95276435856146,0.2952227589908749,
27,26.516371443907676,22.383252818035427,3.4286097691894795,19.89398819108964,8.527911969940956,0.08722490606548577,16.23054213633924,0.27509393451422437,0.020128824476650563,1.1272141706924315,1.2144390767579174,0.2952227589908749,
28,26.73107890499195,22.33628556092324,3.4822866344605474,19.786634460547504,8.487654320987655,0.08722490606548577,16.15673644659152,0.27509393451422437,0.020128824476650563,1.1272141706924315,1.2144390767579174,0.2952227589908749,
29,26.576757917337627,22.16183574879227,3.4688674181427803,19.605475040257648,8.487654320987655,0.08722490606548577,16.545893719806763,0.27509393451422437,0.020128824476650563,1.1272141706924315,1.3486312399355878,0.2952227589908749,
30,26.54320987654321,20.598497047772412,3.3816425120772946,19.57192699946323,8.480944712828771,0.08722490606548577,18.283682232957595,0.2616747181964573,0.020128824476650563,1.1272141706924315,1.3486312399355878,0.2952227589908749,
31,25.43612453032743,21.309715512614062,3.9452495974235107,19.444444444444443,8.3467525496511,0.14090177133655393,18.183038110574344,0.2616747181964573,0.14090177133655393,1.1272141706924315,1.3486312399355878,0.3153515834675255,
32,25.483091787439612,20.39049919484702,4.253891572732153,20.02818035426731,8.32662372517445,0.14090177133655393,18.109232420826622,0.2616747181964573,0.14090177133655393,1.1272141706924315,1.3955984970477724,0.3421900161030596,
33,22.12157809983897,22.926731078904993,4.2270531400966185,19.93424584004294,5.83064949006978,0.14090177133655393,21.484165324745035,0.2952227589908749,0.14090177133655393,1.0735373054213635,1.4492753623188406,0.3757380568974772,
34,22.20209339774557,22.63150831991412,4.2270531400966185,19.847020933977454,5.656199677938808,0.14090177133655393,21.349973161567366,0.2952227589908749,0.14090177133655393,1.42914653784219,1.4492753623188406,0.630703166935051,
35,22.31615673644659,22.5979602791197,3.9855072463768115,19.786634460547504,5.629361245303274,0.14090177133655393,21.289586688137412,0.5703166935050993,0.14090177133655393,1.42914653784219,1.482823403113258,0.630703166935051,
36,22.38996242619431,22.530864197530864,3.9855072463768115,19.77992485238862,5.629361245303274,0.14090177133655393,21.256038647342994,0.5703166935050993,0.14090177133655393,1.42914653784219,1.482823403113258,0.6642512077294686,
37,22.544283413848632,22.423510466988727,3.9519592055823938,19.692699946323135,5.629361245303274,0.14090177133655393,21.155394524959743,0.5703166935050993,0.14090177133655393,1.5365002683843263,1.482823403113258,0.7313472893183038,
38,19.746376811594203,28.488996242619432,3.9452495974235107,16.80756843800322,5.629361245303274,0.14090177133655393,20.813204508856682,0.5568974771873323,0.14090177133655393,1.5365002683843263,1.42914653784219,0.7648953301127214,
39,18.84728931830381,25.483091787439612,4.240472356414386,16.532474503488995,10.044283413848632,0.14090177133655393,20.813204508856682,0.5568974771873323,0.13419216317767044,0.9057971014492754,1.5365002683843263,0.7648953301127214,
40,18.223295759527645,24.912775093934513,4.119699409554482,16.438539989264626,10.044283413848632,0.14090177133655393,21.806226516371442,0.39586688137412773,0.13419216317767044,0.9057971014492754,2.1135265700483092,0.7648953301127214,
41,17.85426731078905,24.268652710681696,4.119699409554482,18.04213633923779,10.044283413848632,0.14090177133655393,21.068169618894256,0.39586688137412773,0.13419216317767044,0.9057971014492754,2.0933977455716586,0.9326355340848095,
42,18.095813204508858,24.228395061728396,4.636339237788513,17.659688674181428,9.856414385399892,0.14090177133655393,20.947396672034355,0.39586688137412773,0.13419216317767044,0.9057971014492754,2.0933977455716586,0.9057971014492754,
43,18.223295759527645,23.98684916800859,4.87788513150832,17.60601180891036,9.856414385399892,0.14090177133655393,20.873590982286636,0.39586688137412773,0.13419216317767044,0.9057971014492754,2.0933977455716586,0.9057971014492754,
44,18.54535695115405,23.839237788513152,4.233762748255502,16.968599033816425,11.097691894793345,0.07380568974771873,20.638754696725712,0.39586688137412773,0.13419216317767044,0.966183574879227,2.100107353730542,1.0064412238325282,
45,18.57890499194847,23.8191089640365,4.233762748255502,16.968599033816425,10.963499731615673,0.07380568974771873,20.605206655931294,0.39586688137412773,0.2281266774020397,0.9930220075147611,2.100107353730542,1.0399892646269457,
46,16.800858829844337,31.031937734836287,4.213633923778851,13.848631239935587,10.869565217391305,0.07380568974771873,18.572195383789587,0.39586688137412773,0.2281266774020397,0.8856682769726248,2.033011272141707,1.0466988727858293,
47,16.646537842190018,28.475577026301664,4.213633923778851,6.66935050993022,10.795759527643586,0.07380568974771873,28.44873859366613,0.39586688137412773,0.24154589371980675,1.1808910359634996,1.8786902844873858,0.9796027911969941,
48,15.26435856146001,26.140633387010197,4.213633923778851,6.729736983360172,18.739935587761675,0.07380568974771873,24.16129898013956,0.39586688137412773,0.24154589371980675,1.1808910359634996,1.8786902844873858,0.9796027911969941,
49,15.458937198067632,25.731347289318304,4.569243156199678,6.723027375201288,18.63929146537842,0.07380568974771873,24.134460547504027,0.39586688137412773,0.24154589371980675,1.1808910359634996,1.8719806763285025,0.9796027911969941,
50,14.754428341384862,25.187869028448738,4.38137412775094,10.171765968867419,16.586151368760063,0.07380568974771873,24.08749329039184,0.36231884057971014,0.2549651100375738,1.2949543746645196,1.8719806763285025,0.9728931830381106,
51,14.687332259796028,23.51046698872786,4.374664519592056,14.056629092860977,14.586688137412775,0.07380568974771873,23.93317230273752,0.36231884057971014,0.24154589371980675,1.2949543746645196,1.8719806763285025,1.0064412238325282,
52,14.351851851851851,20.182501341921633,3.878153515834675,12.177938808373591,25.026838432635532,0.07380568974771873,19.920826623725173,0.36231884057971014,0.24154589371980675,1.1137949543746646,1.7914653784219001,0.8789586688137413,
53,14.472624798711756,20.128824476650564,3.92512077294686,12.117552334943639,25.10064412238325,0.07380568974771873,19.753086419753085,0.36231884057971014,0.24154589371980675,1.1137949543746646,1.7914653784219001,0.9192163177670424,
54,14.63365539452496,19.95437466451959,4.2270531400966185,12.110842726784755,24.89935587761675,0.07380568974771873,19.692699946323135,0.36231884057971014,0.24154589371980675,1.1137949543746646,1.7713365539452497,0.9192163177670424,
55,14.741009125067096,19.91411701556629,4.2203435319377345,12.016908212560386,24.704777241009126,0.07380568974771873,19.685990338164252,0.36231884057971014,0.28180354267310787,1.1473429951690821,1.932367149758454,0.9192163177670424,
56,14.868491680085883,19.900697799248523,4.2203435319377345,11.969940955448202,24.65780998389694,0.07380568974771873,19.665861513687602,0.36231884057971014,0.28180354267310787,1.1473429951690821,1.932367149758454,0.9192163177670424,
57,14.949006977992486,19.384057971014492,4.488727858293076,11.922973698336017,24.738325281803544,0.07380568974771873,19.64573268921095,0.36231884057971014,0.4495437466451959,1.133923778851315,1.932367149758454,0.9192163177670424,
58,14.982555018786902,19.068706387546968,4.461889425657541,11.225174449812132,25.865539452495973,0.07380568974771873,19.719538378958667,0.36231884057971014,0.43612453032742887,1.0198604401502953,1.90552871712292,0.8789586688137413,
59,14.553140096618357,19.216317767042405,4.4753086419753085,11.137949543746645,25.89237788513151,0.07380568974771873,20.02818035426731,0.36231884057971014,0.43612453032742887,1.2278582930756843,1.7176596886741815,0.8789586688137413,
60,14.606816961889425,19.216317767042405,4.4753086419753085,11.09098228663446,25.87224906065486,0.07380568974771873,20.00805152979066,0.36231884057971014,0.43612453032742887,1.261406333870102,1.7176596886741815,0.8789586688137413,
61,14.734299516908212,19.155931293612454,4.502147074610843,11.064143853998926,25.831991411701555,0.07380568974771873,19.746376811594203,0.36231884057971014,0.43612453032742887,1.261406333870102,1.7042404723564144,1.1272141706924315,
62,14.694041867954912,18.793612453032743,4.555823939881911,10.95679012345679,25.670960815888353,0.07380568974771873,20.30998389694042,0.36231884057971014,0.43612453032742887,1.261406333870102,1.7042404723564144,1.1808910359634996,
63,14.828234031132581,18.733225979602793,4.555823939881911,10.95679012345679,25.577026301663984,0.07380568974771873,20.2361782071927,0.36231884057971014,0.5300590445517982,1.261406333870102,1.7042404723564144,1.1808910359634996,
64,14.88191089640365,18.156199677938808,4.502147074610843,10.909822866344605,26.174181427804616,0.07380568974771873,19.806763285024154,0.36231884057971014,0.47638217928073,1.3888888888888888,1.8384326355340848,1.42914653784219,
65,14.908749329039184,18.14278046162104,4.502147074610843,14.224369296833064,23.15485775630703,0.07380568974771873,19.545088566827697,0.36231884057971014,0.6239935587761675,1.3888888888888888,1.6774020397208802,1.3955984970477724,
66,14.814814814814815,18.317230273752013,4.978529253891573,14.204240472356414,22.564412238325282,0.07380568974771873,19.504830917874397,0.36231884057971014,0.6239935587761675,1.3888888888888888,1.7713365539452497,1.3955984970477724,
67,14.673913043478262,18.310520665593128,5.119431025228127,14.15727321524423,25.11406333870102,0.07380568974771873,16.988727858293075,0.36231884057971014,0.6239935587761675,1.5297906602254427,1.7713365539452497,1.2748255501878691,
68,14.593397745571659,18.189747718733226,5.152979066022544,14.070048309178745,25.05367686527107,0.07380568974771873,16.961889425657542,0.36231884057971014,0.6239935587761675,1.5297906602254427,1.8451422436929683,1.5432098765432098,
69,14.727589908749328,18.095813204508858,5.2066559312936125,14.056629092860977,25.0,0.07380568974771873,16.935050993022006,0.36231884057971014,0.6239935587761675,1.5297906602254427,1.8451422436929683,1.5432098765432098,
70,15.009393451422437,17.961621041331185,5.179817498658078,13.714439076757918,24.92619431025228,0.07380568974771873,16.888083735909824,0.38915727321524424,0.6239935587761675,1.5297906602254427,2.1604938271604937,1.5432098765432098,
71,15.170424047235642,17.954911433172303,5.173107890499195,13.694310252281268,24.852388620504563,0.07380568974771873,16.874664519592056,0.38915727321524424,0.6239935587761675,1.4895330112721417,2.1604938271604937,1.5432098765432098,
72,12.620772946859903,17.54562533548041,5.173107890499195,13.647342995169081,24.550456253354803,0.07380568974771873,19.98792270531401,0.38915727321524424,0.6239935587761675,1.3486312399355878,2.1739130434782608,1.865271068169619,
73,12.70799785292539,17.49194847020934,5.152979066022544,13.600375738056897,24.490069779924852,0.07380568974771873,19.80005367686527,0.38915727321524424,0.6239935587761675,1.3888888888888888,2.1403650026838434,2.1403650026838434,
74,12.198067632850242,17.47181964573269,5.0993022007514766,22.765700483091788,21.926999463231347,0.07380568974771873,14.445786366076222,0.36231884057971014,0.39586688137412773,1.3888888888888888,2.1269457863660763,1.7444981213097155,
75,12.245034889962426,17.391304347826086,5.173107890499195,22.564412238325282,21.598228663446054,0.07380568974771873,14.17740203972088,0.3757380568974772,0.41599570585077833,1.3888888888888888,2.5697799248523885,2.0263016639828235,
76,12.372517444981213,17.351046698872786,5.173107890499195,22.423510466988727,21.430488459473967,0.07380568974771873,14.163982823403114,0.5166398282340311,0.41599570585077833,1.3888888888888888,2.6704240472356413,2.01959205582394,
77,12.620772946859903,17.3040794417606,5.173107890499195,22.33628556092324,21.36339237788513,0.07380568974771873,14.029790660225443,0.5166398282340311,0.41599570585077833,1.3888888888888888,2.6704240472356413,2.1068169618894257,
78,12.647611379495437,17.28395061728395,5.2066559312936125,22.33628556092324,21.40365002683843,0.07380568974771873,13.976113794954374,0.5166398282340311,0.41599570585077833,1.3620504562533549,2.6704240472356413,2.1068169618894257,
79,12.714707461084272,17.21014492753623,5.233494363929147,22.22222222222222,21.329844337090712,0.07380568974771873,13.92914653784219,0.5166398282340311,0.41599570585077833,1.4090177133655395,2.7777777777777777,2.167203435319377,
80,12.942834138486312,17.143048845947398,5.488459473966721,21.101717659688674,21.22920021470746,0.07380568974771873,13.882179280730005,0.5166398282340311,0.41599570585077833,1.4090177133655395,2.7106816961889426,3.0864197530864197,
81,13.137412775093935,17.082662372517444,5.501878690284487,20.954106280193237,21.14868491680086,0.07380568974771873,13.862050456253355,0.5166398282340311,0.41599570585077833,1.4090177133655395,2.6972624798711755,3.2004830917874396,
82,13.305152979066023,17.082662372517444,5.501878690284487,20.90713902308105,21.135265700483092,0.07380568974771873,13.821792807300053,0.5166398282340311,0.41599570585077833,1.3821792807300053,2.6838432635534084,3.1736446591519054,
83,13.533279656468062,16.988727858293075,5.488459473966721,20.86688137412775,20.98094471282877,0.07380568974771873,13.821792807300053,0.5166398282340311,0.5233494363929146,1.3553408480944713,2.6838432635534084,3.166935050993022,
84,13.654052603327965,17.002147074610843,5.481749865807837,20.8064949006978,20.813204508856682,0.07380568974771873,13.81508319914117,0.5166398282340311,0.6038647342995169,1.3553408480944713,2.7106816961889426,3.166935050993022,
85,13.305152979066023,16.941760601180892,4.7101449275362315,19.43102522812668,18.50509930220075,0.05367686527106817,19.129092860976918,0.5166398282340311,0.5032206119162641,1.3553408480944713,2.6704240472356413,2.8784219001610305,
86,13.45276435856146,16.740472356414386,4.7101449275362315,19.296833064949006,18.57890499194847,0.05367686527106817,19.102254428341386,0.5166398282340311,0.5434782608695652,1.3553408480944713,2.7979066022544283,2.8515834675254963,
87,13.553408480944713,16.545893719806763,4.690016103059581,19.390767579173378,18.51851851851852,0.05367686527106817,19.02173913043478,0.5166398282340311,0.5837359098228664,1.4895330112721417,2.7844873859366612,2.8515834675254963,
88,13.674181427804616,16.545893719806763,4.676596886741814,19.350509930220074,18.46484165324745,0.05367686527106817,19.008319914117017,0.5166398282340311,0.5837359098228664,1.4895330112721417,2.7844873859366612,2.8515834675254963,
89,13.828502415458937,16.53918411164788,4.676596886741814,19.068706387546968,18.46484165324745,0.05367686527106817,18.90096618357488,0.5166398282340311,0.5837359098228664,1.4895330112721417,3.026033279656468,2.8515834675254963,
90,14.076757917337627,16.364734299516908,4.797369833601718,18.9747718733226,18.4447128287708,0.05367686527106817,18.853998926462694,0.5166398282340311,0.5703166935050993,1.4895330112721417,3.026033279656468,2.831454643048846,
91,14.130434782608695,15.116747181964573,4.703435319377348,20.35024154589372,18.417874396135264,0.05367686527106817,18.766774020397207,0.5166398282340311,0.5703166935050993,1.4761137949543746,3.0595813204508855,2.8381642512077296,
92,14.345142243692969,15.096618357487923,4.696725711218465,21.068169618894256,17.773752012882447,0.05367686527106817,18.753354804079443,0.5166398282340311,0.5703166935050993,1.328502415458937,2.9589371980676327,2.8381642512077296,
93,14.452495974235104,15.083199141170155,4.663177670424047,21.061460010735374,17.74020397208803,0.05367686527106817,18.706387546967257,0.5166398282340311,0.5971551261406334,1.328502415458937,2.9589371980676327,2.8381642512077296,
94,14.170692431561998,15.056360708534621,4.64975845410628,26.96591519055287,16.002415458937197,0.05367686527106817,14.65378421900161,0.5166398282340311,0.6508319914117016,1.328502415458937,3.113258185721954,2.8381642512077296,
95,14.325013419216317,14.868491680085883,4.62962962962963,26.92565754159957,15.94873859366613,0.05367686527106817,14.593397745571659,0.5166398282340311,0.6508319914117016,1.583467525496511,3.0394524959742353,2.8650026838432634,
96,14.31159420289855,14.566559312936125,4.549114331723027,26.986044015029524,16.384863123993558,0.05367686527106817,14.264626945786366,0.5166398282340311,0.6575415995705851,2.100107353730542,2.844873859366613,2.7643585614600106,
97,14.55984970477724,14.51959205582394,4.549114331723027,26.724369296833064,16.371443907675793,0.05367686527106817,14.184111647879764,0.5166398282340311,0.6575415995705851,2.100107353730542,2.791196994095545,2.9723564143853998,
98,14.566559312936125,14.506172839506172,4.549114331723027,26.972624798711756,16.324476650563607,0.05367686527106817,14.070048309178745,0.5166398282340311,0.6575415995705851,2.1269457863660763,2.6972624798711755,2.9589371980676327,
99,14.741009125067096,14.371980676328503,4.575952764358561,26.86527106816962,16.297638217928075,0.05367686527106817,14.056629092860977,0.5166398282340311,0.6575415995705851,2.1269457863660763,2.737520128824477,2.999194847020934,
100,14.774557165861514,14.338432635534085,4.669887278582931,26.86527106816962,16.27750939345142,0.05367686527106817,13.828502415458937,0.5501878690284487,0.6575415995705851,2.1269457863660763,2.703972088030059,3.1535158346752548,
101,14.868491680085883,14.338432635534085,4.669887278582931,26.80488459473967,16.210413311862588,0.05367686527106817,13.56682769726248,0.5770263016639828,0.6105743424584005,2.100107353730542,2.804616210413312,3.3950617283950617,
102,14.99597423510467,14.331723027375201,4.669887278582931,26.50295222758991,16.304347826086957,0.05367686527106817,13.506441223832528,0.5770263016639828,0.6105743424584005,2.100107353730542,2.717391304347826,3.629898013955985,
103,15.083199141170155,14.2914653784219,4.62962962962963,26.442565754159958,16.27750939345142,0.05367686527106817,13.506441223832528,0.5770263016639828,0.6105743424584005,2.1739130434782608,2.7442297369833604,3.6097691894793345,
104,15.01610305958132,14.452495974235104,4.62962962962963,26.38888888888889,16.243961352657006,0.05367686527106817,13.506441223832528,0.5770263016639828,0.6105743424584005,2.167203435319377,2.7442297369833604,3.6097691894793345,
105,15.136876006441224,14.345142243692969,4.62962962962963,26.221148684916802,16.23054213633924,0.05367686527106817,13.506441223832528,0.5770263016639828,0.6374127750939346,2.147074610842727,2.9253891572732154,3.589640365002684,
106,15.163714439076758,14.304884594739667,4.62962962962963,25.764895330112722,17.216854535695116,0.05367686527106817,12.68786902844874,0.43612453032742887,0.6374127750939346,2.147074610842727,2.9589371980676327,3.9989264626945786,
107,15.163714439076758,14.439076757917338,4.609500805152979,25.744766505636072,17.176596886741816,0.05367686527106817,12.640901771336553,0.43612453032742887,0.6374127750939346,2.147074610842727,2.9589371980676327,3.992216854535695,
108,15.271068169618895,14.439076757917338,4.609500805152979,25.717928073000536,17.11621041331186,0.05367686527106817,12.587224906065487,0.43612453032742887,0.6374127750939346,2.1806226516371443,2.9589371980676327,3.992216854535695,
109,15.418679549114332,14.432367149758454,4.5893719806763285,25.603864734299517,17.03569511540526,0.05367686527106817,12.567096081588835,0.43612453032742887,0.6374127750939346,2.1806226516371443,3.113258185721954,3.9318303811057436,
110,15.526033279656469,14.392109500805153,4.643048845947397,25.55689747718733,16.99543746645196,0.05367686527106817,12.513419216317766,0.43612453032742887,0.6374127750939346,2.1806226516371443,3.1333870101986045,3.9318303811057436,
111,15.599838969404187,14.38539989264627,4.602791196994096,25.45625335480408,16.914922168545356,0.05367686527106817,12.23161567364466,0.47638217928073,0.6105743424584005,2.368491680085883,3.1333870101986045,4.166666666666667,
112,15.58641975308642,14.264626945786366,4.5960815888352125,25.664251207729468,16.914922168545356,0.05367686527106817,12.198067632850242,0.47638217928073,0.6105743424584005,2.3483628556092326,3.1333870101986045,4.1532474503489,
113,15.33816425120773,14.13714439076758,4.602791196994096,25.147611379495437,14.51959205582394,0.05367686527106817,15.619967793880837,0.46296296296296297,0.5501878690284487,2.3483628556092326,3.126677402039721,4.092860976918948,
114,15.465646806226516,14.110305958132045,4.770531400966184,25.0805152979066,14.533011272141707,0.05367686527106817,15.539452495974235,0.4562533548040794,0.5501878690284487,2.328234031132582,3.012614063338701,4.086151368760064,0.013419216317767043
115,15.573000536768653,14.056629092860977,4.7168545356951155,25.05367686527107,14.479334406870638,0.05367686527106817,15.53274288781535,0.4562533548040794,0.5367686527106817,2.442297369833602,3.012614063338701,4.072732152442297,0.013419216317767043
116,15.693773483628556,14.016371443907676,4.74369296833065,24.859098228663445,14.687332259796028,0.05367686527106817,15.324745034889963,0.4562533548040794,0.4562533548040794,2.428878153515835,3.026033279656468,4.240472356414386,0.013419216317767043
117,15.814546430488459,13.915727321524423,4.8376274825550185,24.630971551261407,14.63365539452496,0.05367686527106817,14.989264626945786,0.4562533548040794,0.48980139559849706,2.428878153515835,3.140096618357488,4.5960815888352125,0.013419216317767043
118,15.230810520665592,13.88888888888889,4.7638217928073,19.182769726247987,12.439613526570048,0.05367686527106817,24.60413311862587,0.4562533548040794,0.48980139559849706,2.428878153515835,2.442297369833602,4.005636070853462,0.013419216317767043
119,15.304616210413311,13.882179280730005,4.7638217928073,19.129092860976918,12.345679012345679,0.05367686527106817,24.44310252281267,0.4562533548040794,0.48980139559849706,2.428878153515835,2.576489533011272,4.1129898013955986,0.013419216317767043
120,15.331454643048845,13.580246913580247,4.7101449275362315,18.719806763285025,12.245034889962426,0.05367686527106817,25.34219001610306,0.4562533548040794,0.48980139559849706,2.368491680085883,2.576489533011272,4.1129898013955986,0.013419216317767043
121,15.499194847020934,12.942834138486312,4.696725711218465,18.115942028985508,12.198067632850242,0.05367686527106817,25.301932367149757,0.4562533548040794,0.48980139559849706,3.5829307568438002,2.576489533011272,4.072732152442297,0.013419216317767043
122,15.60654857756307,12.882447665056361,4.696725711218465,18.109232420826622,12.198067632850242,0.05367686527106817,25.268384326355342,0.4562533548040794,0.48980139559849706,3.5829307568438002,2.576489533011272,4.066022544283414,0.013419216317767043
123,15.841384863123993,12.822061191626409,4.696725711218465,18.06897477187332,12.184648416532475,0.05367686527106817,25.194578636607623,0.4562533548040794,0.48980139559849706,3.5829307568438002,2.5496511003757383,4.045893719806763,0.013419216317767043
124,15.378421900161031,13.405797101449275,4.7101449275362315,18.02200751476114,12.151100375738057,0.05367686527106817,25.140901771336555,0.4562533548040794,0.48980139559849706,3.5829307568438002,2.5496511003757383,4.045893719806763,0.013419216317767043
125,15.687063875469672,13.405797101449275,4.7101449275362315,17.96833064949007,12.04374664519592,0.05367686527106817,25.0,0.4562533548040794,0.48980139559849706,3.5829307568438002,2.5496511003757383,4.03918411164788,0.013419216317767043
126,15.767579173376275,13.365539452495975,4.7101449275362315,17.96833064949007,12.016908212560386,0.05367686527106817,24.825550187869027,0.4562533548040794,0.48980139559849706,3.5829307568438002,2.5496511003757383,4.200214707461084,0.013419216317767043
127,15.888352120236178,13.311862587224907,4.830917874396135,17.693236714975846,11.902844873859367,0.05367686527106817,24.771873322597962,0.4562533548040794,0.5300590445517982,3.6231884057971016,2.7241009125067097,4.200214707461084,0.013419216317767043
128,15.975577026301664,13.20450885668277,4.830917874396135,17.60601180891036,11.90955448201825,0.05367686527106817,24.731615673644658,0.4562533548040794,0.5099302200751477,3.7775093934514223,2.7106816961889426,4.2203435319377345,0.013419216317767043
129,16.035963499731615,13.18438003220612,4.804079441760601,17.54562533548041,11.956521739130435,0.05367686527106817,24.731615673644658,0.4227053140096618,0.5099302200751477,3.743961352657005,2.7106816961889426,4.28743961352657,0.013419216317767043
130,15.982286634460548,13.110574342458401,4.8443370907139025,16.324476650563607,12.23161567364466,0.05367686527106817,24.496779388083738,0.4227053140096618,0.5032206119162641,4.9651100375738055,2.61003757380569,4.441760601180891,0.013419216317767043
131,16.0829307568438,13.063607085346217,4.85775630703167,16.23725174449812,12.23161567364466,0.05367686527106817,24.44310252281267,0.4227053140096618,0.5032206119162641,4.9651100375738055,2.5429414922168547,4.582662372517445,0.013419216317767043
132,16.23054213633924,13.063607085346217,4.824208266237251,16.21712292002147,12.23161567364466,0.05367686527106817,24.3894256575416,0.4025764895330113,0.5032206119162641,4.87788513150832,2.61003757380569,4.582662372517445,0.013419216317767043
133,15.942028985507246,12.902576489533011,4.904723564143854,15.465646806226516,17.122920021470748,0.05367686527106817,20.719269994632313,0.4025764895330113,0.5032206119162641,4.898013955984971,2.6167471819645733,4.455179817498658,0.013419216317767043
134,15.98899624261943,12.76838432635534,4.8443370907139025,15.210681696188942,17.344337090713903,0.05367686527106817,20.35024154589372,0.4025764895330113,0.46296296296296297,5.3341384863123995,2.657004830917874,4.569243156199678,0.013419216317767043
135,15.975577026301664,12.640901771336553,4.944981213097155,15.170424047235642,17.03569511540526,0.05367686527106817,20.222758990874933,0.4025764895330113,0.46296296296296297,5.3274288781535155,3.1535158346752548,4.5960815888352125,0.013419216317767043
136,16.056092324208265,12.627482555018787,4.938271604938271,15.157004830917874,17.008856682769725,0.05367686527106817,20.1959205582394,0.4025764895330113,0.46296296296296297,5.3341384863123995,3.1535158346752548,4.5960815888352125,0.013419216317767043
137,15.827965646806227,12.439613526570048,5.139559849704777,14.855072463768115,16.955179817498657,0.05367686527106817,20.699141170155663,0.4025764895330113,0.46296296296296297,5.475040257648954,3.126677402039721,4.549114331723027,0.013419216317767043
138,15.807836822329575,12.466451959205582,5.260332796564681,14.61352657004831,16.928341384863124,0.05367686527106817,20.605206655931294,0.4025764895330113,0.5300590445517982,5.475040257648954,3.126677402039721,4.7168545356951155,0.013419216317767043
139,15.613258185721953,12.037037037037036,5.24020397208803,15.28448738593666,16.867954911433173,0.05367686527106817,20.564949006977994,0.4025764895330113,0.5300590445517982,5.528717122920021,3.1468062265163717,4.7168545356951155,0.013419216317767043
140,15.908480944712828,12.037037037037036,5.24020397208803,15.170424047235642,16.646537842190018,0.05367686527106817,20.517981749865807,0.4025764895330113,0.7179280730005367,5.515297906602254,3.1333870101986045,4.643048845947397,0.013419216317767043
141,15.827965646806227,11.943102522812667,5.267042404723564,15.022812667740205,17.357756307031668,0.05367686527106817,20.316693505099302,0.4025764895330113,0.6239935587761675,5.676328502415459,2.999194847020934,4.49543746645196,0.013419216317767043
142,15.687063875469672,11.902844873859367,5.159688674181428,14.908749329039184,17.23027375201288,0.05367686527106817,20.303274288781534,0.4025764895330113,0.7380568974771873,6.132581857219538,2.999194847020934,4.468599033816425,0.013419216317767043
143,15.780998389694043,11.902844873859367,5.199946323134729,14.680622651637144,17.16988727858293,0.05367686527106817,19.994632313472895,0.4025764895330113,0.7380568974771873,6.092324208266238,3.1602254428341383,4.810789049919484,0.013419216317767043
144,15.881642512077295,11.902844873859367,5.253623188405797,14.660493827160494,17.19001610305958,0.05367686527106817,19.867149758454108,0.4025764895330113,0.7380568974771873,6.085614600107354,3.1602254428341383,4.790660225442834,0.013419216317767043
145,16.076221148684915,11.876006441223833,5.24020397208803,14.774557165861514,16.988727858293075,0.05367686527106817,19.83360171765969,0.4025764895330113,0.7380568974771873,6.085614600107354,3.126677402039721,4.790660225442834,0.013419216317767043
146,16.297638217928075,11.876006441223833,5.293880837359098,14.55984970477724,16.921631776704242,0.020128824476650563,19.82018250134192,0.39586688137412773,0.7246376811594203,6.0654857756307035,3.079710144927536,4.931561996779388,0.013419216317767043
147,16.465378421900162,11.829039184111648,5.287171229200215,14.465915190552872,16.921631776704242,0.020128824476650563,19.545088566827697,0.39586688137412773,0.7246376811594203,6.0654857756307035,3.079710144927536,5.186527106816962,0.013419216317767043
148,16.5727321524423,11.788781535158346,5.287171229200215,14.74771873322598,16.847826086956523,0.020128824476650563,19.545088566827697,0.39586688137412773,0.7112184648416533,6.045356951154052,3.079710144927536,4.944981213097155,0.013419216317767043
149,16.820987654320987,11.788781535158346,5.253623188405797,14.680622651637144,16.780730005367687,0.020128824476650563,19.524959742351047,0.4227053140096618,0.7112184648416533,5.971551261406334,3.052871712292002,4.958400429414922,0.013419216317767043
150,16.74718196457327,11.741814278046162,5.253623188405797,15.74074074074074,16.666666666666668,0.020128824476650563,19.330381105743424,0.4227053140096618,0.7112184648416533,5.938003220611916,2.690552871712292,4.723564143853999,0.013419216317767043
151,16.901502952227588,11.701556629092861,5.045625335480408,15.707192699946322,16.63311862587225,0.2214170692431562,19.28341384863124,0.39586688137412773,0.7112184648416533,5.938003220611916,2.690552871712292,4.7101449275362315,0.06038647342995169
152,16.97530864197531,11.721685453569512,5.045625335480408,15.707192699946322,16.57944176060118,0.2214170692431562,19.223027375201287,0.39586688137412773,0.6910896403650026,5.938003220611916,2.690552871712292,4.750402576489533,0.06038647342995169
153,17.2638217928073,11.708266237251744,4.998658078368224,15.599838969404187,16.451959205582394,0.2214170692431562,19.129092860976918,0.39586688137412773,0.6910896403650026,5.917874396135265,2.8113258185721954,4.750402576489533,0.06038647342995169
154,17.371175523349436,11.688137412775093,4.998658078368224,15.660225442834138,16.210413311862588,0.2214170692431562,19.048577563070317,0.39586688137412773,0.6910896403650026,6.092324208266238,2.844873859366613,4.7168545356951155,0.06038647342995169
155,17.579173376274827,11.621041331186259,4.864465915190553,15.579710144927537,16.015834675254965,0.2214170692431562,19.048577563070317,0.39586688137412773,0.7581857219538379,6.273483628556092,2.831454643048846,4.750402576489533,0.06038647342995169
156,17.753623188405797,11.627750939345143,4.8376274825550185,15.53274288781535,15.975577026301664,0.2214170692431562,18.92109500805153,0.39586688137412773,0.7514761137949544,6.253354804079442,2.831454643048846,4.8376274825550185,0.06038647342995169
157,17.814009661835748,11.41304347826087,5.226784755770263,15.519323671497585,15.962157809983896,0.20799785292538917,18.80703166935051,0.36902844873859364,0.7514761137949544,6.280193236714976,2.7844873859366612,4.804079441760601,0.06038647342995169
158,18.089103596349972,11.399624261943103,5.226784755770263,15.485775630703166,15.727321524422974,0.20799785292538917,18.699677938808374,0.36902844873859364,0.7514761137949544,6.454643048845948,2.818035426731079,4.7101449275362315,0.06038647342995169
159,18.02871712292002,11.3593666129898,4.783950617283951,15.45222758990875,17.05582393988191,0.20128824476650564,18.65271068169619,0.14761137949543746,0.7313472893183038,6.353998926462695,2.522812667740204,4.7101449275362315,
160,18.17632850241546,11.3593666129898,4.7638217928073,15.418679549114332,17.008856682769725,0.20128824476650564,18.632581857219538,0.14761137949543746,0.7313472893183038,6.353998926462695,2.522812667740204,4.683306494900698,
161,16.774020397208805,10.983628556092324,4.361245303274289,10.795759527643586,14.620236178207193,0.20128824476650564,30.71658615136876,0.14761137949543746,0.7179280730005367,5.005367686527107,2.2208803005904456,3.455448201825013,
162,16.847826086956523,10.983628556092324,4.341116478797638,10.768921095008052,14.593397745571659,0.20128824476650564,30.703166935050994,0.14761137949543746,0.7179280730005367,5.038915727321524,2.2208803005904456,3.435319377348363,
163,16.948470209339774,10.983628556092324,4.374664519592056,10.762211486849168,14.512882447665056,0.20128824476650564,30.56226516371444,0.14761137949543746,0.7716049382716049,5.01207729468599,2.1940418679549114,3.502415458937198,0.026838432635534086
164,17.03569511540526,10.836017176596886,4.374664519592056,10.748792270531402,14.264626945786366,0.20128824476650564,30.347557702630166,0.14761137949543746,0.7716049382716049,5.199946323134729,2.509393451422437,3.535963499731616,0.026838432635534086
165,17.176596886741816,10.795759527643586,4.408212560386473,10.554213633923778,14.143853998926463,0.20128824476650564,30.267042404723565,0.14761137949543746,0.7716049382716049,5.46833064949007,2.4557165861513686,3.5829307568438002,0.026838432635534086
166,17.20343531937735,10.748792270531402,4.38137412775094,10.393183038110575,14.143853998926463,0.20128824476650564,30.173107890499196,0.14761137949543746,0.7581857219538379,5.542136339237788,2.6033279656468062,3.6768652710681695,0.026838432635534086
167,17.290660225442835,10.748792270531402,4.38137412775094,10.332796564680622,14.143853998926463,0.19457863660762212,30.152979066022546,0.14761137949543746,0.7581857219538379,5.542136339237788,2.6033279656468062,3.6768652710681695,0.026838432635534086
168,17.330917874396135,10.715244229736983,4.408212560386473,10.332796564680622,14.13714439076758,0.19457863660762212,30.132850241545892,0.14761137949543746,0.7581857219538379,5.535426731078905,2.6033279656468062,3.6768652710681695,0.026838432635534086
169,17.364465915190554,10.668276972624799,4.408212560386473,12.345679012345679,14.217659688674182,0.19457863660762212,28.073000536768653,0.14761137949543746,0.7581857219538379,5.535426731078905,2.6033279656468062,3.656736446591519,0.026838432635534086
170,17.418142780461622,10.648148148148149,4.408212560386473,12.338969404186795,14.17740203972088,0.19457863660762212,27.985775630703166,0.17444981213097155,0.785024154589372,5.548845947396672,2.6033279656468062,3.6902844873859366,0.026838432635534086
171,17.391304347826086,10.648148148148149,4.394793344068707,12.02361782071927,13.667471819645733,0.19457863660762212,28.83118625872249,0.17444981213097155,0.7783145464304885,5.542136339237788,2.636876006441224,3.6902844873859366,0.026838432635534086
172,17.579173376274827,10.567632850241546,4.38137412775094,12.010198604401502,13.647342995169081,0.19457863660762212,28.804347826086957,0.17444981213097155,0.7648953301127214,5.542136339237788,2.623456790123457,3.683574879227053,0.026838432635534086
173,17.814009661835748,10.487117552334944,4.341116478797638,11.969940955448202,13.613794954374665,0.19457863660762212,28.764090177133657,0.17444981213097155,0.7648953301127214,5.528717122920021,2.5697799248523885,3.750670960815888,0.026838432635534086
174,17.98174986580784,10.413311862587225,4.294149221685454,11.969940955448202,13.593666129898015,0.19457863660762212,28.63660762211487,0.17444981213097155,0.7648953301127214,5.60252281266774,2.5697799248523885,3.7775093934514223,0.026838432635534086
175,18.04884594739667,10.399892646269459,4.327697262479871,11.969940955448202,13.560118089103597,0.19457863660762212,28.5829307568438,0.17444981213097155,0.7648953301127214,5.5756843800322065,2.563070316693505,3.81105743424584,0.026838432635534086
176,18.095813204508858,10.36634460547504,4.3545356951154055,11.976650563607086,13.573537305421363,0.19457863660762212,28.502415458937197,0.17444981213097155,0.7581857219538379,5.5756843800322065,2.5697799248523885,3.8311862587224907,0.026838432635534086
177,18.23671497584541,10.36634460547504,4.3545356951154055,11.996779388083736,13.674181427804616,0.19457863660762212,28.408480944712828,0.17444981213097155,0.7514761137949544,5.401234567901234,2.5697799248523885,3.844605475040258,0.026838432635534086
