,45,50,55,51,53,54,57,52,56,58,60,59
0,99.20826623725175,0.7917337627482555,,,,,,,,,,
1,98.60440150295223,1.3955984970477724,,,,,,,,,,
2,98.06763285024155,1.932367149758454,,,,,,,,,,
3,97.00080515297907,2.999194847020934,,,,,,,,,,
4,79.70343531937735,20.189210950080515,0.10735373054213634,,,,,,,,,
5,78.68357487922705,21.20907139023081,0.10735373054213634,,,,,,,,,
6,78.58964036500268,21.235909822866343,0.17444981213097155,,,,,,,,,
7,77.72410091250671,22.054482018250134,0.17444981213097155,0.04696725711218465,,,,,,,,
8,73.55072463768116,26.187600644122384,0.2147074610842727,0.04696725711218465,,,,,,,,
9,72.97369833601718,26.764626945786365,0.2147074610842727,0.04696725711218465,,,,,,,,
10,72.19538378958669,25.37573805689748,2.38191089640365,0.04696725711218465,,,,,,,,
11,70.20933977455717,27.375201288244767,2.368491680085883,0.04696725711218465,,,,,,,,
12,69.55179817498659,23.1682769726248,1.4090177133655395,0.04696725711218465,5.300590445517981,0.4562533548040794,0.06709608158883522,,,,,
13,69.06870638754697,23.429951690821255,1.4090177133655395,0.04696725711218465,5.387815351583468,0.5904455179817498,0.06709608158883522,,,,,
14,67.7133655394525,24.55716586151369,1.4895330112721417,0.10735373054213634,5.24020397208803,0.5904455179817498,0.06709608158883522,0.05367686527106817,0.06709608158883522,0.11406333870101985,,
15,67.12292002147075,25.147611379495437,1.9592055823939882,0.10735373054213634,4.783950617283951,0.5904455179817498,0.06709608158883522,0.05367686527106817,0.06709608158883522,0.10064412238325282,,
16,66.84111647879764,25.013419216317768,1.9592055823939882,0.24154589371980675,4.783950617283951,0.8722490606548577,0.06709608158883522,0.05367686527106817,0.06709608158883522,0.10064412238325282,,
17,60.7487922705314,31.0252281266774,1.9592055823939882,0.2952227589908749,4.783950617283951,0.8722490606548577,0.06709608158883522,0.08051529790660225,0.06709608158883522,0.10064412238325282,,
18,60.02415458937198,31.34728931830381,1.9860440150295222,0.3824476650563607,4.750402576489533,1.0064412238325282,0.06709608158883522,0.2683843263553409,0.06709608158883522,0.10064412238325282,,
19,60.05099302200752,31.159420289855074,2.0665593129361244,0.4294149221685454,4.690016103059581,1.0064412238325282,0.06709608158883522,0.33548040794417605,0.06709608158883522,0.1274825550187869,,
20,53.898282340311326,37.19135802469136,2.120236178207193,0.5434782608695652,4.602791196994096,0.9930220075147611,0.06709608158883522,0.38915727321524424,0.06709608158883522,0.1274825550187869,,
21,53.9922168545357,36.95652173913044,2.2611379495437465,0.5434782608695652,4.602791196994096,0.9930220075147611,0.06709608158883522,0.38915727321524424,0.06709608158883522,0.1274825550187869,,
22,53.93183038110574,36.60762211486849,2.2611379495437465,0.8185721953837896,4.602791196994096,1.1272141706924315,0.06709608158883522,0.38915727321524424,0.06709608158883522,0.1274825550187869,,
23,53.68357487922705,36.68142780461621,2.3752012882447664,0.8789586688137413,4.602791196994096,1.0198604401502953,0.06709608158883522,0.38915727321524424,0.17444981213097155,0.1274825550187869,,
24,53.37493290391841,36.89613526570049,2.442297369833602,0.9125067096081588,4.5960815888352125,1.0198604401502953,0.06709608158883522,0.38915727321524424,0.17444981213097155,0.1274825550187869,,
25,53.052871712292,36.943102522812666,2.757648953301127,0.9460547504025765,4.5960815888352125,1.0198604401502953,0.06709608158883522,0.3153515834675255,0.17444981213097155,0.1274825550187869,,
26,52.341653247450346,36.600912506709605,3.0059044551798175,1.751207729468599,4.609500805152979,1.0198604401502953,0.06709608158883522,0.30193236714975846,0.17444981213097155,0.1274825550187869,,
27,52.21417069243156,36.72839506172839,3.0059044551798175,1.751207729468599,4.609500805152979,1.0198604401502953,0.06709608158883522,0.30193236714975846,0.17444981213097155,0.1274825550187869,,
28,52.14707461084273,35.68840579710145,2.9924852388620504,1.751207729468599,5.589103596349974,1.0198604401502953,0.06709608158883522,0.30193236714975846,0.17444981213097155,0.2683843263553409,,
29,51.76462694578637,35.84272678475577,3.0931293612453032,1.8384326355340848,5.589103596349974,1.0601180891035964,0.06709608158883522,0.30193236714975846,0.17444981213097155,0.2683843263553409,,
30,51.1808910359635,33.621846484165324,3.1535158346752548,3.6366076221148687,6.494900697799249,1.0601180891035964,0.10735373054213634,0.30193236714975846,0.17444981213097155,0.2683843263553409,,
31,40.87493290391841,41.80756843800322,3.0931293612453032,5.434782608695652,6.494900697799249,1.442565754159957,0.10735373054213634,0.30193236714975846,0.17444981213097155,0.2683843263553409,,
32,40.78770799785293,41.666666666666664,3.280998389694042,5.381105743424584,6.347289318303811,1.482823403113258,0.24825550187869028,0.30193236714975846,0.2281266774020397,0.27509393451422437,,
33,40.727321524422976,41.51234567901235,3.455448201825013,5.340848094471283,6.427804616210413,1.482823403113258,0.24825550187869028,0.30193236714975846,0.2281266774020397,0.27509393451422437,,
34,40.53945249597424,41.37144390767579,3.6231884057971016,5.414653784219001,6.407675791733762,1.5901771336553945,0.24825550187869028,0.30193236714975846,0.2281266774020397,0.27509393451422437,,
35,40.4723564143854,41.39157273215244,3.6231884057971016,5.414653784219001,6.535158346752549,1.5365002683843263,0.24825550187869028,0.30193236714975846,0.20128824476650564,0.27509393451422437,,
36,39.24449812130972,40.43880837359098,3.898282340311326,7.407407407407407,6.260064412238325,1.6103059581320451,0.24825550187869028,0.30193236714975846,0.19457863660762212,0.39586688137412773,,
37,39.27804616210413,40.33145464304884,4.005636070853462,7.37385936661299,6.246645195920558,1.6103059581320451,0.24825550187869028,0.30193236714975846,0.19457863660762212,0.4092860976918948,,
38,39.30488459473967,40.19726247987118,4.17337627482555,7.37385936661299,6.246645195920558,1.6103059581320451,0.24825550187869028,0.24154589371980675,0.19457863660762212,0.4092860976918948,,
39,39.25791733762748,40.21068169618894,4.28743961352657,7.347020933977456,6.1929683306494905,1.6103059581320451,0.24825550187869028,0.24154589371980675,0.19457863660762212,0.4092860976918948,,
40,39.13714439076758,39.69404186795491,4.508856682769726,7.4141170155662905,6.515029522275899,1.5633387010198605,0.322061191626409,0.2885131508319914,0.16774020397208803,0.38915727321524424,,
41,39.11701556629093,39.50617283950617,4.757112184648417,7.37385936661299,6.468062265163715,1.5633387010198605,0.322061191626409,0.2885131508319914,0.16774020397208803,0.43612453032742887,,
42,39.26462694578637,39.331723027375205,4.730273752012883,7.367149758454106,6.468062265163715,1.5633387010198605,0.322061191626409,0.3488996242619431,0.16774020397208803,0.43612453032742887,,
43,38.197799248523886,41.680085882984436,4.85775630703167,5.864197530864198,6.5485775630703165,1.5767579173376274,0.322061191626409,0.3488996242619431,0.16774020397208803,0.43612453032742887,,
44,38.29173376274826,41.44524959742351,4.85775630703167,6.025228126677402,6.528448738593666,1.5767579173376274,0.322061191626409,0.3488996242619431,0.16774020397208803,0.43612453032742887,,
45,36.85587761674718,42.80730005367686,4.918142780461621,6.011808910359635,6.488191089640365,1.6438539989264627,0.322061191626409,0.3488996242619431,0.16774020397208803,0.43612453032742887,,
46,36.94981213097155,42.619431025228124,4.998658078368224,6.011808910359635,6.474771873322598,1.6371443907675791,0.322061191626409,0.3488996242619431,0.20128824476650564,0.43612453032742887,,
47,36.963231347289316,42.35775630703167,5.092592592592593,6.085614600107354,6.515029522275899,1.6774020397208802,0.322061191626409,0.3488996242619431,0.20128824476650564,0.43612453032742887,,
48,36.983360171765966,40.85480407944176,5.4616210413311865,6.112453032742888,7.581857219538379,1.710950080515298,0.322061191626409,0.33548040794417605,0.20128824476650564,0.43612453032742887,,
49,37.07058507783145,40.70048309178744,5.434782608695652,6.099033816425121,7.581857219538379,1.8317230273752012,0.322061191626409,0.322061191626409,0.20128824476650564,0.43612453032742887,,
50,36.79549114331723,40.54616210413312,5.622651637144391,6.239935587761675,7.575147611379496,1.9390767579173376,0.322061191626409,0.322061191626409,0.20128824476650564,0.43612453032742887,,
51,36.761943102522814,40.344873859366615,5.669618894256575,6.280193236714976,7.588566827697263,2.073268921095008,0.322061191626409,0.322061191626409,0.20128824476650564,0.43612453032742887,,
52,25.49651100375738,54.34111647879764,5.025496511003757,4.669887278582931,7.514761137949543,1.7444981213097155,0.322061191626409,0.24825550187869028,0.20128824476650564,0.43612453032742887,,
53,24.610842726784757,54.96511003757381,5.213365539452496,4.643048845947397,7.434245840042942,1.7444981213097155,0.30193236714975846,0.35560923242082665,0.14761137949543746,0.5837359098228664,,
54,24.644390767579175,54.723564143854,5.314009661835748,4.636339237788513,7.48792270531401,1.8048845947396672,0.30193236714975846,0.35560923242082665,0.14761137949543746,0.5837359098228664,,
55,24.758454106280194,54.428341384863124,5.441492216854535,4.549114331723027,7.608695652173913,1.737788513150832,0.30193236714975846,0.35560923242082665,0.23483628556092323,0.5837359098228664,,
56,24.48336017176597,54.54240472356415,5.441492216854535,4.549114331723027,7.709339774557166,1.737788513150832,0.30193236714975846,0.41599570585077833,0.23483628556092323,0.5837359098228664,,
57,24.651100375738057,54.07944176060118,5.911164787976382,4.408212560386473,7.62211486849168,1.8183038110574343,0.2885131508319914,0.41599570585077833,0.23483628556092323,0.5703166935050993,,
58,24.953032742887814,53.73054213633924,5.8172302737520125,4.408212560386473,7.75630703166935,1.751207729468599,0.2885131508319914,0.41599570585077833,0.23483628556092323,0.644122383252818,,
59,15.190552871712292,70.12211486849168,3.079710144927536,4.005636070853462,5.287171229200215,1.093666129898014,0.2885131508319914,0.08722490606548577,0.20128824476650564,0.644122383252818,,
60,13.56682769726248,69.0955448201825,3.126677402039721,7.118894256575416,4.99194847020934,0.966183574879227,0.2885131508319914,0.08722490606548577,0.20128824476650564,0.5568974771873323,,
61,13.801663982823403,68.80032206119162,3.166935050993022,7.071926999463232,4.99194847020934,0.966183574879227,0.2885131508319914,0.13419216317767044,0.23483628556092323,0.5434782608695652,,
62,14.237788513150832,66.40499194847021,5.052334943639291,7.071926999463232,4.944981213097155,1.0131508319914118,0.2885131508319914,0.1878690284487386,0.2549651100375738,0.5434782608695652,,
63,14.184111647879764,53.898282340311326,4.602791196994096,20.813204508856682,4.414922168545357,1.0131508319914118,0.2683843263553409,0.17444981213097155,0.2549651100375738,0.3757380568974772,,
64,14.754428341384862,53.30112721417069,4.770531400966184,20.665593129361245,4.3478260869565215,1.0131508319914118,0.24825550187869028,0.17444981213097155,0.36902844873859364,0.35560923242082665,,
65,14.828234031132581,52.905260332796566,5.12614063338701,20.638754696725712,4.3478260869565215,1.0131508319914118,0.24154589371980675,0.17444981213097155,0.36902844873859364,0.35560923242082665,,
66,14.88191089640365,52.75093934514224,5.186527106816962,20.598497047772412,4.428341384863124,1.0131508319914118,0.24154589371980675,0.17444981213097155,0.36902844873859364,0.35560923242082665,,
67,14.928878153515834,52.61003757380569,5.226784755770263,20.40391841116479,4.40150295222759,1.1473429951690821,0.24154589371980675,0.17444981213097155,0.5099302200751477,0.35560923242082665,,
68,15.01610305958132,52.33494363929147,5.314009661835748,20.42404723564144,4.388083735909823,1.1473429951690821,0.24154589371980675,0.16774020397208803,0.6105743424584005,0.35560923242082665,,
69,15.049651100375739,51.98604401502952,5.562265163714439,20.276435856146,4.388083735909823,1.1943102522812667,0.24154589371980675,0.16774020397208803,0.7783145464304885,0.35560923242082665,,
70,14.888620504562533,50.046967257112186,5.877616747181965,20.222758990874933,5.971551261406334,1.4224369296833066,0.24154589371980675,0.16774020397208803,0.8051529790660226,0.35560923242082665,,
71,14.955716586151368,49.704777241009126,5.991680085882985,20.014761137949545,5.971551261406334,1.6639828234031133,0.24154589371980675,0.16774020397208803,0.9326355340848095,0.35560923242082665,,
72,15.08990874932904,49.4699409554482,6.1862587224906065,19.920826623725173,5.971551261406334,1.6639828234031133,0.24154589371980675,0.16774020397208803,0.9326355340848095,0.35560923242082665,,
73,15.385131508319914,49.020397208803004,6.280193236714976,19.79334406870639,5.971551261406334,1.6774020397208802,0.24154589371980675,0.16774020397208803,1.107085346215781,0.35560923242082665,,
74,15.33816425120773,48.31588835212023,7.132313472893183,19.384057971014492,5.609232420826624,1.6774020397208802,0.03354804079441761,1.2278582930756843,1.0064412238325282,0.27509393451422437,,
75,15.4723564143854,48.19511540526033,7.132313472893183,19.343800322061192,5.609232420826624,1.6774020397208802,0.03354804079441761,1.2546967257112185,1.0064412238325282,0.27509393451422437,,
76,15.546162104133119,47.85292538915727,8.05823939881911,18.874127750939344,5.448201825013419,1.5432098765432098,0.06038647342995169,1.2546967257112185,1.0869565217391304,0.27509393451422437,,
77,15.693773483628556,47.718733225979605,8.085077831454644,18.780193236714975,5.428073000536768,1.5432098765432098,0.06038647342995169,1.2345679012345678,1.1808910359634996,0.27509393451422437,,
78,15.827965646806227,47.26918947933441,8.387010198604402,18.42458400429415,5.58239398819109,1.5163714439076759,0.06038647342995169,1.2345679012345678,1.4224369296833066,0.27509393451422437,,
79,15.982286634460548,46.947128287708,8.581588835212024,18.411164787976382,5.58239398819109,1.5163714439076759,0.06038647342995169,1.2345679012345678,1.4224369296833066,0.2616747181964573,,
80,16.056092324208265,46.71229200214707,8.53462157809984,18.23671497584541,5.662909286097692,1.5163714439076759,0.06038647342995169,1.2345679012345678,1.724369296833065,0.2616747181964573,,
81,15.774288781535159,44.135802469135804,8.071658615136876,18.169618894256576,8.93719806763285,1.5767579173376274,0.06038647342995169,1.2345679012345678,1.778046162104133,0.2616747181964573,,
82,15.874932903918411,43.84057971014493,8.272946859903382,18.095813204508858,8.957326892109501,1.5633387010198605,0.10735373054213634,1.1876006441223832,1.8384326355340848,0.2616747181964573,,
83,16.06280193236715,43.77348362855609,8.172302737520129,18.04213633923779,8.997584541062801,1.570048309178744,0.0939345142243693,1.1876006441223832,1.8384326355340848,0.2616747181964573,,
84,16.14331723027375,43.65942028985507,8.145464304884594,18.04213633923779,8.816425120772946,1.570048309178744,0.2214170692431562,1.1876006441223832,1.8384326355340848,0.3757380568974772,,
85,16.391572732152444,43.364197530864196,8.165593129361245,17.961621041331185,8.80300590445518,1.6438539989264627,0.2214170692431562,1.1876006441223832,1.8853998926462694,0.3757380568974772,,
86,16.243961352657006,43.42458400429415,8.299785292538916,17.901234567901234,8.796296296296296,1.6438539989264627,0.2214170692431562,1.1741814278046163,1.9189479334406871,0.3757380568974772,,
87,16.109769189479334,43.12936124530327,8.856682769726248,17.76033279656468,8.796296296296296,1.6706924315619969,0.2214170692431562,1.221148684916801,1.8585614600107354,0.3757380568974772,,
88,16.203703703703702,42.941492216854535,9.03113258185722,17.498658078368223,8.950617283950617,1.6706924315619969,0.2214170692431562,1.2010198604401503,1.90552871712292,0.3757380568974772,,
89,16.364734299516908,42.3443370907139,9.681964573268921,17.28395061728395,8.93719806763285,1.6572732152442298,0.20128824476650564,1.2010198604401503,1.9524959742351047,0.3757380568974772,,
90,16.51905528717123,42.250402576489535,9.66183574879227,17.19001610305958,8.896940418679549,1.751207729468599,0.20128824476650564,1.221148684916801,1.932367149758454,0.3757380568974772,,
91,16.80756843800322,41.91492216854536,9.614868491680086,17.19001610305958,8.99087493290392,1.751207729468599,0.20128824476650564,1.221148684916801,1.932367149758454,0.3757380568974772,,
92,16.72705314009662,41.686795491143315,9.708803005904455,17.270531400966185,8.970746108427267,1.751207729468599,0.20128824476650564,1.221148684916801,2.086688137412775,0.3757380568974772,,
93,16.720343531937736,41.418411164787976,9.601449275362318,15.908480944712828,10.205314009661835,1.7444981213097155,0.20128824476650564,1.221148684916801,2.6033279656468062,0.3757380568974772,,
94,16.6935050993022,41.378153515834676,9.675254965110037,15.814546430488459,10.144927536231885,1.7444981213097155,0.32877079978529256,1.221148684916801,2.6301663982823404,0.36902844873859364,,
95,16.75389157273215,40.747450348899626,9.440418679549115,15.619967793880837,10.379763821792807,1.7444981213097155,0.32877079978529256,1.9122383252818036,2.703972088030059,0.36902844873859364,,
96,16.908212560386474,40.56629092860977,9.426999463231347,15.599838969404187,10.305958132045088,1.7444981213097155,0.32877079978529256,2.046430488459474,2.703972088030059,0.36902844873859364,,
97,17.11621041331186,40.27777777777778,9.326355340848094,15.304616210413311,10.218733225979603,2.13365539452496,0.38915727321524424,1.9592055823939882,2.9052603327965647,0.36902844873859364,,
98,17.143048845947398,40.183843263553406,9.185453569511541,15.304616210413311,9.695383789586689,2.395330112721417,0.8655394524959742,1.9189479334406871,2.965646806226516,0.3421900161030596,,
99,17.250402576489535,39.99597423510467,9.16532474503489,15.257648953301127,9.77589908749329,2.395330112721417,0.9393451422436929,1.9189479334406871,2.9589371980676327,0.3421900161030596,,
100,17.16988727858293,39.79468599033817,9.520933977455716,15.197262479871176,9.675254965110037,2.475845410628019,0.9393451422436929,1.9524959742351047,2.932098765432099,0.3421900161030596,,
101,17.16988727858293,39.59339774557166,9.574610842726784,15.183843263553408,9.856414385399892,2.536231884057971,0.8856682769726248,1.9256575415995705,2.932098765432099,0.3421900161030596,,
102,17.364465915190554,39.2512077294686,9.708803005904455,15.116747181964573,9.863123993558776,2.737520128824477,0.8856682769726248,1.8585614600107354,2.871712292002147,0.3421900161030596,,
103,17.062533548040793,38.768115942028984,9.708803005904455,15.069779924852389,9.816156736446592,2.737520128824477,0.8856682769726248,2.7442297369833604,2.8650026838432634,0.3421900161030596,,
104,16.525764895330113,37.285292538915726,9.796027911969942,16.948470209339774,9.634997316156737,2.9790660225442833,0.8856682769726248,2.737520128824477,2.8650026838432634,0.3421900161030596,,
105,16.626409017713364,36.902844873859365,9.950348899624261,16.881374127750938,9.77589908749329,3.012614063338701,0.9057971014492754,2.737520128824477,2.8650026838432634,0.3421900161030596,,
106,16.478797638217927,36.963231347289316,9.96376811594203,16.881374127750938,9.75577026301664,3.0193236714975846,0.9930220075147611,2.7308105206655933,2.8113258185721954,0.4025764895330113,,
107,16.23725174449812,36.621041331186255,9.98389694041868,16.854535695115406,8.849973161567364,4.609500805152979,0.9930220075147611,2.6972624798711755,2.8113258185721954,0.3421900161030596,,
108,16.210413311862588,36.58749329039184,9.86983360171766,16.6935050993022,8.890230810520666,4.824208266237251,0.9930220075147611,2.6972624798711755,2.8918411164787976,0.3421900161030596,,
109,16.418411164787976,36.3191089640365,9.950348899624261,16.606280193236714,8.93719806763285,4.824208266237251,0.9930220075147611,2.690552871712292,2.918679549114332,0.3421900161030596,,
110,16.532474503488995,35.78234031132582,10.319377348362856,16.190284487385938,8.977455716586151,4.85775630703167,0.9930220075147611,2.690552871712292,3.3145464304884595,0.3421900161030596,,
111,16.15673644659152,35.41331186258722,10.044283413848632,10.976918947933441,8.930488459473967,4.871175523349437,0.9930220075147611,10.426731078904991,1.7646269457863661,0.4227053140096618,,
112,16.25738056897477,35.19189479334407,10.299248523886206,10.950080515297907,8.917069243156199,4.8376274825550185,1.0601180891035964,10.319377348362856,1.7444981213097155,0.4227053140096618,,
113,16.21712292002147,34.957058507783145,10.312667740203972,11.064143853998926,8.76274825550188,4.777241009125067,1.1808910359634996,10.520665593129362,1.8317230273752012,0.3757380568974772,,
114,16.25738056897477,34.896672034353195,10.258990874932904,11.037305421363392,8.76274825550188,4.87788513150832,1.1808910359634996,10.520665593129362,1.8317230273752012,0.3757380568974772,,
115,16.344605475040257,34.50751476113795,10.426731078904991,10.950080515297907,8.890230810520666,4.978529253891573,1.1808910359634996,10.520665593129362,1.8250134192163177,0.3757380568974772,,
116,16.59957058507783,34.306226516371446,10.567632850241546,10.849436392914654,8.943907675791733,4.931561996779388,1.1808910359634996,10.453569511540525,1.7914653784219001,0.3757380568974772,,
117,16.566022544283413,34.15190552871712,10.701825013419215,10.836017176596886,8.903650026838433,4.9651100375738055,1.1808910359634996,10.446859903381643,1.8384326355340848,0.4092860976918948,,
118,16.59286097691895,33.99087493290392,10.95679012345679,10.782340311325818,8.836553945249598,4.9651100375738055,1.1808910359634996,10.446859903381643,1.8384326355340848,0.4092860976918948,,
119,14.479334406870638,29.374664519592056,8.903650026838433,23.289049919484704,6.508319914117015,4.012345679012346,1.0869565217391304,10.420021470746109,1.5163714439076759,0.4092860976918948,,
120,14.53972088030059,28.81105743424584,9.614868491680086,22.933440687063875,6.421095008051529,4.180085882984434,1.1876006441223832,10.38647342995169,1.5163714439076759,0.4092860976918948,,
121,14.579978529253891,28.71712292002147,9.66183574879227,22.81266774020397,6.642512077294686,4.180085882984434,1.1876006441223832,10.352925389157273,1.4559849704777241,0.4092860976918948,,
122,14.794685990338165,28.690284487385938,9.71551261406334,22.6784755770263,6.642512077294686,4.159957058507783,1.1876006441223832,10.305958132045088,1.4559849704777241,0.36902844873859364,,
123,14.9020397208803,28.64331723027375,9.628287707997853,22.604669887278583,6.635802469135802,4.327697262479871,1.1741814278046163,10.151637144390767,1.42914653784219,0.5032206119162641,,
124,14.9020397208803,28.629898013955984,9.762479871175524,22.584541062801932,6.6827697262479875,4.247181964573269,1.1741814278046163,10.151637144390767,1.3888888888888888,0.47638217928073,,
125,14.78797638217928,28.28099838969404,9.849704777241008,23.081052066559312,6.528448738593666,4.213633923778851,1.1741814278046163,10.151637144390767,1.3888888888888888,0.5434782608695652,,
126,14.801395598497047,28.08641975308642,10.091250670960816,23.020665593129362,6.528448738593666,4.213633923778851,1.1741814278046163,10.151637144390767,1.3888888888888888,0.5434782608695652,,
127,15.069779924852389,27.80461621041331,10.111379495437467,22.819377348362856,6.400966183574879,4.394793344068707,1.1741814278046163,10.138217928073,1.4559849704777241,0.630703166935051,,
128,15.002683843263553,26.476113794954376,9.970477724100913,22.423510466988727,7.957595276435856,4.435050993022007,1.1741814278046163,10.185185185185185,1.7444981213097155,0.630703166935051,,
129,15.096618357487923,26.08695652173913,10.165056360708535,22.403381642512077,8.259527643585615,4.260601180891036,1.1741814278046163,10.124798711755233,1.7981749865807837,0.630703166935051,,
130,15.237520128824476,26.04669887278583,10.138217928073,22.32957595276436,8.259527643585615,4.260601180891036,1.1741814278046163,10.071121846484166,1.7713365539452497,0.6575415995705851,0.05367686527106817,
131,14.97584541062802,25.717928073000536,10.178475577026301,22.799248523886206,8.293075684380032,4.260601180891036,1.1741814278046163,10.00402576489533,1.8183038110574343,0.7246376811594203,0.05367686527106817,
132,15.01610305958132,25.657541599570585,10.084541062801932,22.765700483091788,8.353462157809984,4.374664519592056,1.1607622114868492,9.849704777241008,1.8183038110574343,0.8655394524959742,0.05367686527106817,
133,14.935587761674718,25.49651100375738,10.017444981213098,22.705314009661837,8.172302737520129,4.616210413311863,1.1607622114868492,9.796027911969942,1.9122383252818036,1.133923778851315,0.05367686527106817,
134,15.002683843263553,25.40257648953301,10.165056360708535,22.517444981213096,8.105206655931294,4.690016103059581,1.1607622114868492,9.86983360171766,1.8988191089640365,1.133923778851315,0.05367686527106817,
135,14.74771873322598,24.60413311862587,10.091250670960816,23.711755233494365,8.064949006977992,4.7168545356951155,1.1607622114868492,9.816156736446592,1.8988191089640365,1.133923778851315,0.05367686527106817,
136,14.700751476113794,24.44981213097155,10.030864197530864,23.718464841653248,8.172302737520129,4.864465915190553,1.1607622114868492,9.816156736446592,1.8988191089640365,1.133923778851315,0.05367686527106817,
137,14.741009125067096,24.422973698336016,10.21202361782072,23.55072463768116,8.172302737520129,4.8376274825550185,1.1607622114868492,9.816156736446592,1.8988191089640365,1.133923778851315,0.05367686527106817,
138,14.439076757917338,23.95330112721417,9.950348899624261,20.71256038647343,8.756038647342995,4.783950617283951,0.5501878690284487,14.130434782608695,1.8183038110574343,0.8521202361782072,0.05367686527106817,
139,14.754428341384862,23.839237788513152,9.950348899624261,20.74610842726785,8.675523349436393,4.804079441760601,0.5501878690284487,14.049919484702093,1.737788513150832,0.8387010198604401,0.05367686527106817,
140,14.949006977992486,23.758722490606548,9.849704777241008,20.725979602791195,8.829844337090714,4.7638217928073,0.5501878690284487,13.955984970477724,1.737788513150832,0.8252818035426731,0.05367686527106817,
141,14.915458937198068,23.62453032742888,10.144927536231885,20.531400966183575,8.769457863660762,4.810789049919484,0.5501878690284487,13.848631239935587,1.865271068169619,0.8454106280193237,0.05367686527106817,0.040257648953301126
142,15.069779924852389,23.14814814814815,9.64170692431562,20.46430488459474,8.76274825550188,5.743424584004294,0.7112184648416533,13.613794954374665,1.90552871712292,0.8454106280193237,0.05367686527106817,0.040257648953301126
143,15.11003757380569,23.007246376811594,10.010735373054214,19.95437466451959,8.82313472893183,5.703166935050993,0.7112184648416533,13.607085346215781,2.13365539452496,0.8454106280193237,0.05367686527106817,0.040257648953301126
144,14.942297369833602,22.933440687063875,10.547504025764896,19.51825013419216,9.064680622651638,5.844068706387547,0.7112184648416533,13.358829844337091,2.1403650026838434,0.8454106280193237,0.05367686527106817,0.040257648953301126
145,14.855072463768115,22.859634997316157,10.587761674718196,19.39747718733226,8.943907675791733,6.146001073537305,0.7112184648416533,13.331991411701557,2.1403650026838434,0.8454106280193237,0.05367686527106817,0.1274825550187869
146,14.754428341384862,22.584541062801932,10.426731078904991,19.04186795491143,8.668813741277509,6.206387546967257,0.5300590445517982,14.720880300590446,2.1068169618894257,0.7783145464304885,0.05367686527106817,0.1274825550187869
147,14.794685990338165,22.36983360171766,10.668276972624799,18.914385399892645,8.568169618894256,6.400966183574879,0.5300590445517982,14.687332259796028,2.1068169618894257,0.7783145464304885,0.05367686527106817,0.1274825550187869
148,14.298174986580785,20.625335480407944,9.621578099838969,23.785560923242084,8.279656468062266,5.052334943639291,0.6642512077294686,14.412238325281804,2.214170692431562,0.8655394524959742,0.05367686527106817,0.1274825550187869
149,14.418947933440688,20.605206655931294,9.675254965110037,23.43666129898014,8.192431561996779,5.132850241545894,0.6642512077294686,14.38539989264627,2.442297369833602,0.8655394524959742,0.05367686527106817,0.1274825550187869
150,14.546430488459475,20.585077831454644,9.668545356951155,23.262211486849168,8.192431561996779,5.132850241545894,0.6642512077294686,14.378690284487385,2.522812667740204,0.8655394524959742,0.05367686527106817,0.1274825550187869
151,14.861782071927,20.303274288781534,9.567901234567902,22.611379495437465,9.078099838969404,4.978529253891573,0.6642512077294686,14.36527106816962,2.522812667740204,0.8655394524959742,0.05367686527106817,0.1274825550187869
152,14.868491680085883,20.1959205582394,9.567901234567902,22.725442834138487,9.03113258185722,4.9718196457326895,0.6642512077294686,14.36527106816962,2.563070316693505,0.8655394524959742,0.05367686527106817,0.1274825550187869
153,14.861782071927,20.142243692968332,9.541062801932368,22.591250670960815,9.098228663446054,5.10601180891036,0.6642512077294686,14.345142243692969,2.6033279656468062,0.8655394524959742,0.05367686527106817,0.1274825550187869
154,14.848362855609233,20.014761137949545,9.73564143853999,22.550993022007514,9.098228663446054,4.9718196457326895,0.6642512077294686,14.465915190552872,2.6033279656468062,0.8655394524959742,0.05367686527106817,0.1274825550187869
155,15.210681696188942,19.961084272678477,9.769189479334408,22.396672034353195,8.709071390230811,5.018786902844874,0.6642512077294686,14.553140096618357,2.5697799248523885,0.966183574879227,0.05367686527106817,0.1274825550187869
156,15.250939345142244,19.93424584004294,9.903381642512077,22.168545356951153,8.648684916800859,5.173107890499195,0.8185721953837896,14.398819108964037,2.5563607085346214,0.966183574879227,0.05367686527106817,0.1274825550187869
157,15.344873859366613,19.93424584004294,9.77589908749329,22.000805152979066,8.662104133118627,5.146269457863661,0.8454106280193237,14.351851851851851,2.791196994095545,0.966183574879227,0.05367686527106817,0.1274825550187869
158,15.566290928609769,19.840311325818572,9.681964573268921,21.987385936661298,8.662104133118627,5.267042404723564,0.8454106280193237,14.257917337627482,2.791196994095545,0.9192163177670424,0.05367686527106817,0.1274825550187869
159,15.633387010198604,19.618894256575416,9.822866344605474,22.041062801932366,8.68894256575416,5.267042404723564,0.8454106280193237,14.096886741814279,2.791196994095545,1.0131508319914118,0.05367686527106817,0.1274825550187869
160,15.11003757380569,18.9747718733226,9.588030059044552,24.302200751476114,8.32662372517445,4.931561996779388,0.8319914117015567,14.056629092860977,2.6838432635534084,1.0131508319914118,0.05367686527106817,0.1274825550187869
161,15.190552871712292,18.874127750939344,9.561191626409018,24.194847020933977,8.427267847557703,5.01207729468599,0.8319914117015567,14.04320987654321,2.6704240472356413,1.0131508319914118,0.05367686527106817,0.1274825550187869
162,15.150295222758992,18.793612453032743,9.856414385399892,24.02710681696189,8.179012345679013,4.985238862050457,0.8856682769726248,14.190821256038648,2.7308105206655933,1.0198604401502953,0.05367686527106817,0.1274825550187869
163,15.083199141170155,18.84728931830381,9.856414385399892,23.960010735373054,8.21256038647343,4.958400429414922,0.8722490606548577,14.184111647879764,2.8247450348899625,1.0198604401502953,0.05367686527106817,0.1274825550187869
164,15.22410091250671,18.746645195920557,9.91009125067096,23.946591519055286,8.004562533548041,5.052334943639291,0.9192163177670424,14.15727321524423,2.85829307568438,0.9997316156736447,0.05367686527106817,0.1274825550187869
165,15.4723564143854,18.592324208266238,9.876543209876543,23.698336017176597,8.3467525496511,4.958400429414922,0.9192163177670424,14.123725174449811,2.85829307568438,0.9728931830381106,0.05367686527106817,0.1274825550187869
166,15.5126140633387,18.592324208266238,9.943639291465379,23.59098228663446,8.3064949006978,4.931561996779388,0.9863123993558777,14.17740203972088,2.804616210413312,0.9728931830381106,0.05367686527106817,0.1274825550187869
167,15.787707997852925,18.57890499194847,9.977187332259795,23.537305421363392,8.219269994632313,4.924852388620504,0.9863123993558777,14.06333870101986,2.771068169618894,0.9728931830381106,0.05367686527106817,0.1274825550187869
168,15.83467525496511,18.411164787976382,9.91009125067096,23.376274825550187,8.145464304884594,4.9651100375738055,1.2077294685990339,14.2914653784219,2.7241009125067097,0.95276435856146,0.05367686527106817,0.1274825550187869
169,15.955448201825014,18.364197530864196,9.957058507783145,23.416532474503487,8.145464304884594,4.931561996779388,1.2010198604401503,14.13714439076758,2.6972624798711755,1.0131508319914118,0.05367686527106817,0.1274825550187869
170,16.015834675254965,18.344068706387546,9.943639291465379,23.309178743961354,8.13875469672571,4.931561996779388,1.2010198604401503,14.103596349973161,2.818035426731079,1.0131508319914118,0.05367686527106817,0.1274825550187869
171,15.955448201825014,18.344068706387546,9.930220075147611,23.22866344605475,8.232689210950081,4.891304347826087,1.2010198604401503,14.04320987654321,2.9790660225442833,1.0131508319914118,0.05367686527106817,0.1274825550187869
172,16.1231884057971,18.250134192163177,9.88996242619431,23.013955984970476,8.293075684380032,4.871175523349437,1.2010198604401503,13.962694578636608,3.2004830917874396,1.0131508319914118,0.05367686527106817,0.1274825550187869
173,16.09634997316157,18.095813204508858,10.0979602791197,22.82608695652174,8.293075684380032,5.005367686527107,1.2010198604401503,13.989533011272142,3.2004830917874396,1.0131508319914118,0.05367686527106817,0.1274825550187869
174,16.324476650563607,18.035426731078903,9.936929683306495,22.624798711755233,8.387010198604402,4.99194847020934,1.2010198604401503,13.90901771336554,3.3950617283950617,1.0131508319914118,0.05367686527106817,0.1274825550187869
175,16.31105743424584,17.975040257648953,9.896672034353195,22.517444981213096,8.407139023081053,5.12614063338701,1.1808910359634996,13.902308105206655,3.488996242619431,1.0131508319914118,0.05367686527106817,0.1274825550187869
176,16.472088030059044,17.8743961352657,9.769189479334408,22.52415458937198,8.447396672034353,5.199946323134729,1.1406333870101986,13.868760064412239,3.5091250670960816,1.0131508319914118,0.05367686527106817,0.1274825550187869
177,16.53918411164788,17.793880837359097,9.742351046698873,22.463768115942027,8.662104133118627,5.139559849704777,1.1406333870101986,13.741277509393452,3.5091250670960816,1.0869565217391304,0.05367686527106817,0.1274825550187869
178,16.6935050993022,17.753623188405797,9.842995169082126,22.18196457326892,8.729200214707461,5.166398282340311,1.107085346215781,13.66076221148685,3.5963499731615673,1.0869565217391304,0.05367686527106817,0.1274825550187869
179,16.53918411164788,17.659688674181428,9.708803005904455,21.38352120236178,8.68894256575416,6.427804616210413,1.107085346215781,13.6808910359635,3.535963499731616,1.0869565217391304,0.05367686527106817,0.1274825550187869
180,16.586151368760063,17.579173376274827,9.742351046698873,21.40365002683843,8.675523349436393,6.414385399892646,1.107085346215781,13.687600644122384,3.535963499731616,1.0869565217391304,0.05367686527106817,0.1274825550187869
181,16.774020397208805,17.257112184648417,9.990606548577563,21.3768115942029,8.675523349436393,6.414385399892646,1.0265700483091786,13.687600644122384,3.5292538915727323,1.0869565217391304,0.05367686527106817,0.1274825550187869
182,16.814278046162105,17.24369296833065,10.084541062801932,21.24261943102523,8.816425120772946,6.400966183574879,1.1674718196457328,13.533279656468062,3.4286097691894795,1.0869565217391304,0.05367686527106817,0.1274825550187869
183,16.968599033816425,17.03569511540526,10.292538915727322,21.014492753623188,8.82313472893183,6.508319914117015,1.1674718196457328,13.399087493290391,3.5225442834138487,1.0869565217391304,0.05367686527106817,0.1274825550187869
184,17.11621041331186,16.961889425657542,10.332796564680622,20.82662372517445,8.78287707997853,6.508319914117015,1.3553408480944713,13.311862587224907,3.5963499731615673,1.0265700483091786,0.05367686527106817,0.1274825550187869
185,16.834406870638755,16.129898013955984,10.218733225979603,20.725979602791195,10.23215244229737,6.360708534621578,1.5901771336553945,13.103864734299517,3.5963499731615673,1.0265700483091786,0.05367686527106817,0.1274825550187869
186,16.901502952227588,16.109769189479334,10.084541062801932,20.658883521202362,10.319377348362856,6.447933440687064,1.5901771336553945,13.097155126140633,3.5963499731615673,1.0131508319914118,0.05367686527106817,0.1274825550187869
187,17.03569511540526,16.129898013955984,10.064412238325282,20.397208803005906,10.178475577026301,6.327160493827161,1.710950080515298,13.144122383252817,3.8177670424047236,1.0131508319914118,0.05367686527106817,0.1274825550187869
188,17.03569511540526,16.129898013955984,10.11808910359635,20.1959205582394,10.057702630166398,6.327160493827161,1.710950080515298,12.969672571121846,4.072732152442297,1.1473429951690821,0.05367686527106817,0.18115942028985507
189,16.82769726247987,16.935050993022006,10.339506172839506,19.632313472893184,10.02415458937198,6.239935587761675,1.710950080515298,12.962962962962964,3.9184111647879765,1.1473429951690821,0.05367686527106817,0.20799785292538917
190,17.002147074610843,16.874664519592056,10.272410091250672,19.592055823939884,10.104669887278583,6.219806763285024,1.8183038110574343,12.788513150831992,3.9184111647879765,1.1473429951690821,0.05367686527106817,0.20799785292538917
191,17.03569511540526,16.794149221685455,10.178475577026301,19.49812130971551,10.44015029522276,6.219806763285024,1.8183038110574343,12.68786902844874,3.9184111647879765,1.1473429951690821,0.05367686527106817,0.20799785292538917
192,17.05582393988191,16.646537842190018,10.285829307568438,19.524959742351047,10.446859903381643,6.206387546967257,1.7914653784219001,12.661030595813205,3.9855072463768115,1.133923778851315,0.05367686527106817,0.20799785292538917
193,17.270531400966185,16.545893719806763,10.245571658615138,19.310252281266774,10.36634460547504,6.367418142780462,1.8853998926462694,12.573805689747719,4.05931293612453,1.1137949543746646,0.05367686527106817,0.20799785292538917
194,17.37788513150832,16.53918411164788,10.38647342995169,19.189479334406872,10.258990874932904,6.353998926462695,1.892109500805153,12.493290391841116,4.052603327965647,1.1943102522812667,0.05367686527106817,0.20799785292538917
195,17.49194847020934,16.438539989264626,10.534084809447128,19.11567364465915,10.21202361782072,6.353998926462695,1.8853998926462694,12.473161567364466,4.03918411164788,1.1943102522812667,0.05367686527106817,0.20799785292538917
196,17.612721417069242,16.398282340311326,10.607890499194847,19.11567364465915,10.131508319914117,6.327160493827161,2.006172839506173,12.345679012345679,4.005636070853462,1.1876006441223832,0.05367686527106817,0.20799785292538917
197,17.773752012882447,16.190284487385938,10.641438539989265,18.94122383252818,10.104669887278583,6.3070316693505095,2.006172839506173,12.553676865271068,4.032474503488996,1.1876006441223832,0.05367686527106817,0.20799785292538917
198,17.85426731078905,16.183574879227052,10.540794417606012,18.90096618357488,10.144927536231885,6.347289318303811,2.006172839506173,12.506709608158884,4.032474503488996,1.221148684916801,0.05367686527106817,0.20799785292538917
199,18.10252281266774,16.089640365002683,10.540794417606012,18.887546967257112,10.158346752549651,6.347289318303811,1.9927536231884058,12.278582930756844,4.086151368760064,1.2144390767579174,0.05367686527106817,0.24825550187869028
200,18.276972624798713,15.767579173376275,10.654857756307031,18.88083735909823,10.225442834138486,6.3137412775093935,2.0263016639828235,12.218196457326892,4.086151368760064,1.2144390767579174,0.05367686527106817,0.28180354267310787
201,18.317230273752013,15.747450348899624,10.775630703166936,18.71309715512614,10.198604401502953,6.360708534621578,2.0263016639828235,12.211486849168008,4.072732152442297,1.2144390767579174,0.05367686527106817,0.30864197530864196
202,18.189747718733226,15.519323671497585,10.701825013419215,18.82716049382716,10.373054213633925,6.468062265163715,2.0263016639828235,12.198067632850242,4.146537842190016,1.1876006441223832,0.05367686527106817,0.30864197530864196
