,45,50,53,56,51,55,52,54,57
0,97.04777241009126,2.952227589908749,,,,,,,
1,97.08803005904456,2.9119699409554483,,,,,,,
2,97.08803005904456,2.9119699409554483,,,,,,,
3,97.08803005904456,2.9119699409554483,,,,,,,
4,88.13070316693505,10.782340311325818,1.0869565217391304,,,,,,
5,87.79522275899087,11.117820719269995,1.0869565217391304,,,,,,
6,87.68786902844874,11.225174449812132,0.9326355340848095,0.15432098765432098,,,,,
7,87.72812667740205,11.044015029522276,1.0735373054213635,0.15432098765432098,,,,,
8,84.99060654857756,13.781535158346752,1.0735373054213635,0.15432098765432098,,,,,
9,84.93022007514762,13.841921631776705,1.0735373054213635,0.15432098765432098,,,,,
10,84.93022007514762,13.841921631776705,1.0735373054213635,0.15432098765432098,,,,,
11,82.66908212560386,13.969404186795492,1.0735373054213635,0.15432098765432098,2.13365539452496,,,,
12,81.01180891035963,15.646806226516372,1.0534084809447128,0.15432098765432098,2.13365539452496,,,,
13,76.61701556629093,20.041599570585078,1.0534084809447128,0.15432098765432098,2.13365539452496,,,,
14,70.45088566827697,26.207729468599034,1.0534084809447128,0.15432098765432098,2.13365539452496,,,,
15,70.47101449275362,26.06682769726248,1.0399892646269457,0.15432098765432098,2.26784755770263,,,,
16,70.51798174986581,26.019860440150296,1.0399892646269457,0.15432098765432098,2.26784755770263,,,,
17,70.51798174986581,26.019860440150296,1.0399892646269457,0.15432098765432098,2.26784755770263,,,,
18,70.24959742351047,26.133923778851315,1.0399892646269457,0.15432098765432098,2.4221685453569513,,,,
19,70.28314546430488,26.04669887278583,1.0399892646269457,0.15432098765432098,2.4221685453569513,0.05367686527106817,,,
20,70.29656468062265,25.583735909822867,1.3754696725711217,0.15432098765432098,2.4221685453569513,0.16774020397208803,,,
21,70.32340311325818,25.55689747718733,1.3754696725711217,0.15432098765432098,2.4221685453569513,0.16774020397208803,,,
22,68.49838969404186,27.38191089640365,1.3754696725711217,0.15432098765432098,2.4221685453569513,0.16774020397208803,,,
23,68.33735909822866,27.556360708534623,1.3754696725711217,0.15432098765432098,2.408749329039184,0.16774020397208803,,,
24,67.68652710681697,28.213902308105208,1.3754696725711217,0.14761137949543746,2.408749329039184,0.16774020397208803,,,
25,67.70665593129361,28.213902308105208,1.3553408480944713,0.14761137949543746,2.408749329039184,0.16774020397208803,,,
26,67.70665593129361,28.213902308105208,1.3553408480944713,0.14761137949543746,2.408749329039184,0.16774020397208803,,,
27,67.72678475577027,28.059581320450885,1.4895330112721417,0.14761137949543746,2.408749329039184,0.16774020397208803,,,
28,67.72678475577027,28.059581320450885,1.4895330112721417,0.14761137949543746,2.408749329039184,0.16774020397208803,,,
29,66.63982823403113,27.871712292002147,1.6035963499731616,0.14761137949543746,3.569511540526033,0.16774020397208803,,,
30,57.92404723564144,35.40660225442834,1.6035963499731616,0.14761137949543746,4.750402576489533,0.16774020397208803,,,
31,57.99785292538916,35.37976382179281,1.6035963499731616,0.14761137949543746,4.703435319377348,0.16774020397208803,,,
32,58.04482018250134,35.138217928073,1.710950080515298,0.14761137949543746,4.703435319377348,0.2549651100375738,,,
33,58.06494900697799,35.11808910359635,1.710950080515298,0.14761137949543746,4.703435319377348,0.2549651100375738,,,
34,57.15915190552872,33.8365539452496,1.778046162104133,0.14761137949543746,4.703435319377348,0.2549651100375738,2.120236178207193,,
35,57.098765432098766,33.843263553408484,1.778046162104133,0.14761137949543746,4.683306494900698,0.32877079978529256,2.120236178207193,,
36,56.70960815888352,34.23242082662372,1.778046162104133,0.14761137949543746,4.683306494900698,0.32877079978529256,2.120236178207193,,
37,56.29361245303274,33.53462157809984,1.778046162104133,0.14761137949543746,5.797101449275362,0.32877079978529256,2.120236178207193,,
38,52.33494363929147,38.788244766505635,1.6103059581320451,0.14761137949543746,4.669887278582931,0.32877079978529256,2.120236178207193,,
39,52.37520128824477,38.63392377885131,1.6103059581320451,0.14761137949543746,4.669887278582931,0.4428341384863124,2.120236178207193,,
40,52.40874932903918,38.6003757380569,1.6103059581320451,0.14761137949543746,4.669887278582931,0.4428341384863124,2.120236178207193,,
41,51.912238325281805,32.87707997852925,1.6103059581320451,0.14761137949543746,11.124530327428879,0.36902844873859364,1.9592055823939882,,
42,51.86527106816962,32.92404723564144,1.6103059581320451,0.14761137949543746,11.124530327428879,0.36902844873859364,1.9592055823939882,,
43,51.871980676328505,32.91733762748255,1.6103059581320451,0.14761137949543746,11.124530327428879,0.36902844873859364,1.9592055823939882,,
44,51.939076757917334,32.86366076221149,1.6103059581320451,0.14761137949543746,11.11111111111111,0.36902844873859364,1.9592055823939882,,
45,51.851851851851855,32.75630703166935,1.8988191089640365,0.14761137949543746,11.11111111111111,0.36902844873859364,1.865271068169619,,
46,51.67740203972088,32.930756843800324,1.8988191089640365,0.14761137949543746,11.11111111111111,0.36902844873859364,1.865271068169619,,
47,51.76462694578637,32.85024154589372,1.8988191089640365,0.14761137949543746,11.057434245840042,0.41599570585077833,1.865271068169619,,
48,51.871980676328505,31.769994632313473,3.1736446591519054,0.14761137949543746,10.681696188942565,0.41599570585077833,1.9390767579173376,,
49,50.999731615673646,32.6556629092861,3.1736446591519054,0.14761137949543746,10.668276972624799,0.41599570585077833,1.9390767579173376,,
50,48.128019323671495,35.61460010735373,3.1736446591519054,0.14761137949543746,10.581052066559312,0.41599570585077833,1.9390767579173376,,
51,47.557702630166396,34.91009125067096,3.1736446591519054,0.14761137949543746,9.23913043478261,0.30193236714975846,4.669887278582931,,
52,47.66505636070853,34.816156736446594,3.1736446591519054,0.14761137949543746,9.23913043478261,0.30193236714975846,4.656468062265164,,
53,47.765700483091784,34.715512614063336,3.1736446591519054,0.14761137949543746,9.23913043478261,0.30193236714975846,4.656468062265164,,
54,47.765700483091784,34.715512614063336,3.1736446591519054,0.14761137949543746,9.23913043478261,0.30193236714975846,4.656468062265164,,
55,47.765700483091784,34.715512614063336,3.1736446591519054,0.14761137949543746,9.23913043478261,0.30193236714975846,4.656468062265164,,
56,47.96698872785829,34.43370907139023,3.1736446591519054,0.27509393451422437,9.205582393988191,0.30193236714975846,4.528985507246377,0.11406333870101985,
57,48.02066559312936,34.38003220611916,3.1736446591519054,0.27509393451422437,9.205582393988191,0.30193236714975846,4.528985507246377,0.11406333870101985,
58,47.98040794417606,34.25925925925926,3.1736446591519054,0.27509393451422437,9.205582393988191,0.24825550187869028,4.528985507246377,0.32877079978529256,
59,47.98040794417606,34.25925925925926,3.1736446591519054,0.27509393451422437,9.205582393988191,0.24825550187869028,4.528985507246377,0.32877079978529256,
60,48.02066559312936,34.16532474503489,3.1736446591519054,0.43612453032742887,9.205582393988191,0.24825550187869028,4.42163177670424,0.32877079978529256,
61,48.081052066559316,34.13177670424047,3.1736446591519054,0.6642512077294686,8.950617283950617,0.24825550187869028,4.42163177670424,0.32877079978529256,
62,48.05421363392378,33.84997316156736,3.1602254428341383,0.6642512077294686,8.715780998389693,0.3824476650563607,4.8443370907139025,0.32877079978529256,
63,48.168276972624795,33.73590982286635,3.1602254428341383,0.6642512077294686,8.715780998389693,0.3824476650563607,4.8443370907139025,0.32877079978529256,
64,48.28234031132582,33.722490606548575,3.0595813204508855,0.6642512077294686,8.715780998389693,0.3824476650563607,4.8443370907139025,0.32877079978529256,
65,48.25550187869028,33.8365539452496,3.046162104133119,0.6642512077294686,8.641975308641975,0.3824476650563607,4.8443370907139025,0.32877079978529256,
66,48.25550187869028,33.69565217391305,3.046162104133119,0.6642512077294686,8.641975308641975,0.3824476650563607,4.985238862050457,0.32877079978529256,
67,48.34272678475577,33.52791196994095,3.046162104133119,0.6642512077294686,7.4006977992485234,0.4428341384863124,4.944981213097155,1.6304347826086956,
68,48.389694041867955,33.52120236178207,3.0193236714975846,0.6642512077294686,7.387278582930757,0.4428341384863124,4.944981213097155,1.6304347826086956,
69,48.470209339774556,33.467525496511,3.0193236714975846,0.6642512077294686,7.387278582930757,0.4428341384863124,4.918142780461621,1.6304347826086956,
70,48.40311325818572,33.44739667203435,3.1199677938808374,0.6642512077294686,7.37385936661299,0.4428341384863124,4.918142780461621,1.6304347826086956,
71,48.43666129898014,33.43397745571659,3.1199677938808374,0.6642512077294686,7.360440150295223,0.4428341384863124,4.911433172302737,1.6304347826086956,
72,48.55072463768116,33.40713902308105,3.1199677938808374,0.6642512077294686,7.360440150295223,0.4428341384863124,4.824208266237251,1.6304347826086956,
73,48.55072463768116,33.40713902308105,3.1199677938808374,0.6642512077294686,7.360440150295223,0.4428341384863124,4.824208266237251,1.6304347826086956,
74,47.47047772410091,34.4873859366613,3.1199677938808374,0.6642512077294686,7.360440150295223,0.4428341384863124,4.824208266237251,1.6304347826086956,
75,47.61808910359635,34.43370907139023,3.079710144927536,0.6642512077294686,7.306763285024155,0.4428341384863124,4.824208266237251,1.6304347826086956,
76,47.765700483091784,34.346484165324746,3.0327428878153517,0.6642512077294686,7.306763285024155,0.4428341384863124,4.810789049919484,1.6304347826086956,
77,47.61137949543747,34.42699946323135,3.0327428878153517,0.6642512077294686,7.306763285024155,0.4428341384863124,4.884594739667204,1.6304347826086956,
78,44.578636607622116,37.74825550187869,2.804616210413312,0.6642512077294686,7.246376811594203,0.4428341384863124,4.884594739667204,1.6304347826086956,
79,44.60547504025765,37.74825550187869,2.7979066022544283,0.6642512077294686,7.226247987117552,0.4428341384863124,4.884594739667204,1.6304347826086956,
80,44.48470209339774,37.64761137949544,2.771068169618894,0.6508319914117016,7.226247987117552,0.4428341384863124,5.146269457863661,1.6304347826086956,
81,41.888083735909824,40.24422973698336,2.771068169618894,0.6508319914117016,7.226247987117552,0.4428341384863124,5.146269457863661,1.6304347826086956,
82,41.888083735909824,40.24422973698336,2.771068169618894,0.6508319914117016,7.226247987117552,0.4428341384863124,5.146269457863661,1.6304347826086956,
83,42.089371980676326,40.002683843263554,2.771068169618894,0.6508319914117016,7.226247987117552,0.4428341384863124,5.112721417069243,1.7042404723564144,
84,42.12292002147075,39.96913580246913,2.771068169618894,0.6508319914117016,7.226247987117552,0.4428341384863124,5.112721417069243,1.7042404723564144,
85,40.07648953301127,42.69994632313473,2.5563607085346214,0.6508319914117016,7.078636607622115,0.4428341384863124,4.797369833601718,1.6975308641975309,
86,40.19726247987118,42.579173376274824,2.5563607085346214,0.6508319914117016,7.078636607622115,0.4428341384863124,4.797369833601718,1.6975308641975309,
87,40.21739130434783,42.28395061728395,2.5563607085346214,0.6508319914117016,7.078636607622115,0.7179280730005367,4.797369833601718,1.6975308641975309,
88,40.123456790123456,41.988727858293075,2.985775630703167,0.6239935587761675,7.065217391304348,0.7179280730005367,4.797369833601718,1.6975308641975309,
89,40.00939345142244,41.988727858293075,2.985775630703167,0.6239935587761675,7.179280730005368,0.7179280730005367,4.7168545356951155,1.778046162104133,
90,40.083199141170155,41.908212560386474,2.965646806226516,0.7447665056360708,7.14573268921095,0.7179280730005367,4.656468062265164,1.778046162104133,
91,36.594202898550726,44.67257112184648,2.6972624798711755,0.7447665056360708,7.085346215780999,0.7179280730005367,5.8239398819108965,1.6639828234031133,
92,35.09125067096082,43.98819108964037,2.6972624798711755,0.7447665056360708,9.326355340848094,0.6642512077294686,5.8239398819108965,1.6639828234031133,
93,35.158346752549654,43.82045088566828,2.6972624798711755,0.7447665056360708,9.326355340848094,0.7648953301127214,5.8239398819108965,1.6639828234031133,
94,35.25228126677402,43.77348362855609,2.6972624798711755,0.7313472893183038,9.292807300053678,0.7648953301127214,5.8239398819108965,1.6639828234031133,
95,35.32608695652174,43.73322597960279,2.6972624798711755,0.7313472893183038,9.292807300053678,0.7648953301127214,5.790391841116479,1.6639828234031133,
96,35.21202361782072,43.74664519592056,2.6972624798711755,0.7313472893183038,9.39345142243693,0.8319914117015567,5.723295759527644,1.6639828234031133,
97,35.34621578099839,43.53864734299517,2.6704240472356413,0.7313472893183038,9.39345142243693,0.9326355340848095,5.723295759527644,1.6639828234031133,
98,35.40660225442834,43.47826086956522,2.6704240472356413,0.7313472893183038,9.39345142243693,0.9326355340848095,5.723295759527644,1.6639828234031133,
99,35.32608695652174,43.666129898013956,2.6704240472356413,0.7313472893183038,9.326355340848094,0.9326355340848095,5.723295759527644,1.6237251744498122,
100,35.178475577026305,43.69967793880837,2.6704240472356413,0.7313472893183038,8.071658615136876,2.623456790123457,5.723295759527644,1.3016639828234031,
101,35.279119699409556,43.59903381642512,2.6704240472356413,0.7313472893183038,8.071658615136876,2.623456790123457,5.723295759527644,1.3016639828234031,
102,35.33279656468062,43.45142243692968,2.6704240472356413,0.7313472893183038,8.044820182501342,2.7442297369833604,5.723295759527644,1.3016639828234031,
103,30.14626945786366,48.7385936661299,2.6033279656468062,0.7313472893183038,8.011272141706923,2.7442297369833604,5.723295759527644,1.3016639828234031,
104,30.173107890499196,48.57085346215781,2.6033279656468062,0.7313472893183038,8.011272141706923,2.885131508319914,5.723295759527644,1.3016639828234031,
105,30.233494363929147,48.510466988727856,2.6033279656468062,0.7313472893183038,8.011272141706923,2.885131508319914,5.723295759527644,1.3016639828234031,
106,30.320719269994633,48.450080515297905,2.6033279656468062,0.7313472893183038,7.98443370907139,2.885131508319914,5.723295759527644,1.3016639828234031,
107,30.421363392377884,48.450080515297905,2.6033279656468062,0.7313472893183038,7.96430488459474,2.8247450348899625,5.703166935050993,1.3016639828234031,
108,30.656199677938808,48.23537305421363,2.5697799248523885,0.7313472893183038,7.96430488459474,2.8247450348899625,5.676328502415459,1.3419216317767042,
109,30.763553408480945,47.819377348362856,2.804616210413312,0.7313472893183038,7.96430488459474,2.9253891572732154,5.649490069779925,1.3419216317767042,
110,30.810520665593128,47.80595813204509,2.804616210413312,0.785024154589372,7.9106280193236715,2.6637144390767578,5.615942028985507,1.6035963499731616,
111,30.857487922705314,47.765700483091784,2.804616210413312,0.785024154589372,7.9039184111647875,2.6637144390767578,5.615942028985507,1.6035963499731616,
112,30.810520665593128,47.5979602791197,2.804616210413312,0.785024154589372,7.9039184111647875,2.8784219001610305,5.615942028985507,1.6035963499731616,
113,30.730005367686527,47.678475577026305,2.804616210413312,0.785024154589372,7.9039184111647875,2.8784219001610305,5.615942028985507,1.6035963499731616,
114,30.9849704777241,47.517444981213096,2.804616210413312,0.785024154589372,7.608695652173913,2.7844873859366612,5.911164787976382,1.6035963499731616,
115,31.219806763285025,45.571658615136876,2.791196994095545,0.785024154589372,7.568438003220612,2.4221685453569513,8.038110574342458,1.6035963499731616,
116,31.219806763285025,45.55823939881911,2.791196994095545,0.9192163177670424,7.447665056360709,2.4221685453569513,8.038110574342458,1.6035963499731616,
117,31.280193236714975,45.51798174986581,2.771068169618894,0.9192163177670424,7.447665056360709,2.4221685453569513,8.038110574342458,1.6035963499731616,
118,31.340579710144926,45.35024154589372,2.757648953301127,0.9192163177670424,7.407407407407407,2.6167471819645733,8.038110574342458,1.570048309178744,
119,31.38083735909823,45.330112721417066,2.757648953301127,0.9192163177670424,7.407407407407407,2.6167471819645733,8.017981749865807,1.570048309178744,
120,31.488191089640367,45.276435856146,2.757648953301127,0.9192163177670424,7.407407407407407,2.563070316693505,8.017981749865807,1.570048309178744,
121,31.38083735909823,44.77992485238862,2.757648953301127,0.9192163177670424,7.340311325818572,2.677133655394525,8.017981749865807,2.1269457863660763,
122,30.891035963499732,44.65244229736983,2.254428341384863,0.7447665056360708,5.501878690284487,2.1403650026838434,11.721685453569512,2.0933977455716586,
123,30.005367686527105,39.009661835748794,2.1135265700483092,0.7447665056360708,4.770531400966184,2.059849704777241,19.202898550724637,2.0933977455716586,
124,30.07246376811594,38.77482555018787,2.1135265700483092,0.7447665056360708,4.770531400966184,2.2745571658615136,19.155931293612454,2.0933977455716586,
125,29.62962962962963,38.59366612989801,2.1135265700483092,0.7447665056360708,4.032474503488996,2.2745571658615136,20.517981749865807,2.0933977455716586,
126,29.57595276435856,38.419216317767045,2.1135265700483092,0.7447665056360708,4.005636070853462,2.2745571658615136,20.77294685990338,2.0933977455716586,
127,29.62962962962963,38.036768652710684,2.1135265700483092,0.7447665056360708,4.005636070853462,2.636876006441224,20.67230273752013,2.0933977455716586,0.06709608158883522
128,29.8040794417606,37.97638217928073,2.1135265700483092,0.7447665056360708,3.965378421900161,2.623456790123457,20.67230273752013,2.033011272141707,0.06709608158883522
129,29.777241009125067,37.82206119162641,2.2946859903381642,0.7447665056360708,3.965378421900161,2.623456790123457,20.67230273752013,2.033011272141707,0.06709608158883522
130,29.87788513150832,37.78180354267311,2.2946859903381642,0.7447665056360708,3.965378421900161,2.623456790123457,20.658883521202362,1.9860440150295222,0.06709608158883522
131,29.931561996779386,37.61406333870102,2.281266774020397,0.7447665056360708,3.8848631239935587,2.831454643048846,20.658883521202362,1.9860440150295222,0.06709608158883522
132,30.038915727321523,37.473161567364464,2.281266774020397,0.7447665056360708,3.8848631239935587,2.898550724637681,20.638754696725712,1.9726247987117553,0.06709608158883522
133,30.07246376811594,37.473161567364464,2.281266774020397,1.0601180891035964,3.8848631239935587,2.871712292002147,20.316693505099302,1.9726247987117553,0.06709608158883522
134,29.898013955984972,37.38593666129898,2.885131508319914,1.0198604401502953,3.730542136339238,2.871712292002147,20.169082125603865,1.9726247987117553,0.06709608158883522
135,30.02549651100376,37.285292538915726,2.871712292002147,1.2278582930756843,3.730542136339238,2.85829307568438,19.961084272678477,1.9726247987117553,0.06709608158883522
136,30.059044551798173,37.285292538915726,2.8650026838432634,1.2278582930756843,3.730542136339238,2.85829307568438,19.93424584004294,1.9726247987117553,0.06709608158883522
137,30.005367686527105,37.3389694041868,2.8650026838432634,1.3754696725711217,3.730542136339238,2.85829307568438,19.786634460547504,1.9726247987117553,0.06709608158883522
138,30.18652710681696,37.265163714439076,2.8650026838432634,1.3754696725711217,3.730542136339238,2.85829307568438,19.679280730005367,1.9726247987117553,0.06709608158883522
139,30.287171229200215,37.23161567364466,2.8247450348899625,1.3754696725711217,3.7037037037037037,2.85829307568438,19.679280730005367,1.9726247987117553,0.06709608158883522
140,30.059044551798173,36.89613526570049,2.717391304347826,1.3754696725711217,3.7037037037037037,2.9253891572732154,20.283145464304884,1.9726247987117553,0.06709608158883522
141,28.455448201825014,38.77482555018787,2.717391304347826,1.3754696725711217,3.5762211486849167,2.898550724637681,20.162372517444982,1.9726247987117553,0.06709608158883522
142,28.133387010198604,38.51315083199141,2.717391304347826,1.3754696725711217,3.6097691894793345,3.052871712292002,20.558239398819108,1.9726247987117553,0.06709608158883522
143,28.20048309178744,38.419216317767045,2.7106816961889426,1.3754696725711217,3.5829307568438002,3.1199677938808374,20.551529790660226,1.9726247987117553,0.06709608158883522
144,28.22061191626409,38.399087493290395,2.7106816961889426,1.3754696725711217,3.5829307568438002,3.1199677938808374,20.551529790660226,1.9726247987117553,0.06709608158883522
145,28.22061191626409,38.399087493290395,2.7106816961889426,1.3754696725711217,3.5829307568438002,3.1199677938808374,20.551529790660226,1.9726247987117553,0.06709608158883522
146,28.005904455179817,37.875738056897475,2.7106816961889426,1.3687600644122384,3.5829307568438002,2.952227589908749,21.068169618894256,2.368491680085883,0.06709608158883522
147,27.730810520665592,35.15163714439077,2.6435856146001075,1.3687600644122384,3.569511540526033,2.932098765432099,24.168008588298445,2.368491680085883,0.06709608158883522
148,27.750939345142243,35.15163714439077,2.6435856146001075,1.3687600644122384,3.549382716049383,2.932098765432099,24.168008588298445,2.368491680085883,0.06709608158883522
149,27.851583467525497,35.07783145464305,2.6435856146001075,1.3687600644122384,3.549382716049383,2.9253891572732154,24.14787976382179,2.368491680085883,0.06709608158883522
150,27.87842190016103,34.99060654857756,2.831454643048846,1.3687600644122384,3.4151905528717124,2.9253891572732154,24.154589371980677,2.368491680085883,0.06709608158883522
151,27.891841116478798,34.99060654857756,2.831454643048846,1.3687600644122384,3.4151905528717124,2.9253891572732154,24.14117015566291,2.368491680085883,0.06709608158883522
152,28.046162104133117,34.876543209876544,2.831454643048846,1.3687600644122384,3.240740740740741,2.871712292002147,24.329039184111647,2.368491680085883,0.06709608158883522
153,28.133387010198604,34.816156736446594,2.831454643048846,1.3687600644122384,3.240740740740741,2.844873859366613,24.329039184111647,2.368491680085883,0.06709608158883522
154,28.287707997852927,34.80944712828771,2.8113258185721954,1.4090177133655395,3.1468062265163717,2.844873859366613,23.993558776167472,2.6301663982823404,0.06709608158883522
155,28.287707997852927,34.76918947933441,2.965646806226516,1.4090177133655395,3.126677402039721,2.844873859366613,23.993558776167472,2.536231884057971,0.06709608158883522
156,27.891841116478798,34.72222222222222,2.965646806226516,1.3955984970477724,4.1129898013955986,2.932098765432099,23.315888352120236,2.536231884057971,0.1274825550187869
157,27.958937198067634,34.66854535695116,2.952227589908749,1.3955984970477724,4.1129898013955986,2.932098765432099,23.315888352120236,2.536231884057971,0.1274825550187869
158,27.999194847020934,34.574610842726784,2.952227589908749,1.3955984970477724,4.1129898013955986,2.999194847020934,23.30246913580247,2.536231884057971,0.1274825550187869
159,27.911969940955448,34.62157809983897,2.952227589908749,1.3955984970477724,4.180085882984434,2.999194847020934,23.275630703166936,2.536231884057971,0.1274825550187869
160,27.885131508319915,34.60144927536232,2.952227589908749,1.3955984970477724,4.045893719806763,2.8381642512077296,23.416532474503487,2.737520128824477,0.1274825550187869
161,28.28099838969404,34.37332259796028,2.8113258185721954,1.3955984970477724,4.045893719806763,2.8381642512077296,23.389694041867955,2.737520128824477,0.1274825550187869
162,28.395061728395063,33.984165324745035,2.8113258185721954,1.3955984970477724,4.327697262479871,2.898550724637681,23.32259796027912,2.737520128824477,0.1274825550187869
163,28.535963499731615,33.923778851315085,2.8113258185721954,1.3955984970477724,4.300858829844337,2.898550724637681,23.26892109500805,2.737520128824477,0.1274825550187869
164,22.000805152979066,41.80085882984434,2.6301663982823404,1.3955984970477724,3.8177670424047236,2.898550724637681,22.591250670960815,2.737520128824477,0.1274825550187869
165,21.76596886741814,41.888083735909824,2.6301663982823404,1.5029522275899088,3.8177670424047236,3.0327428878153517,22.497316156736446,2.737520128824477,0.1274825550187869
166,22.000805152979066,41.727053140096615,2.6033279656468062,1.6103059581320451,3.8177670424047236,3.0327428878153517,22.342995169082126,2.737520128824477,0.1274825550187869
167,22.041062801932366,41.48550724637681,2.6033279656468062,1.6103059581320451,3.8177670424047236,3.2541599570585076,22.322866344605476,2.737520128824477,0.1274825550187869
168,21.85990338164251,41.26409017713365,2.6033279656468062,1.6103059581320451,4.247181964573269,3.2541599570585076,22.29602791196994,2.737520128824477,0.1274825550187869
169,22.094739667203434,41.04938271604938,2.6033279656468062,1.6103059581320451,4.247181964573269,3.2541599570585076,22.282608695652176,2.7308105206655933,0.1274825550187869
170,22.18196457326892,41.0024154589372,2.589908749329039,1.6103059581320451,4.247181964573269,3.2541599570585076,22.25577026301664,2.7308105206655933,0.1274825550187869
171,22.208803005904453,41.0024154589372,2.589908749329039,1.6103059581320451,4.247181964573269,3.2541599570585076,22.228931830381107,2.7308105206655933,0.1274825550187869
172,22.23564143853999,41.0024154589372,2.589908749329039,1.6103059581320451,4.247181964573269,3.2474503488996245,22.208803005904453,2.7308105206655933,0.1274825550187869
173,22.342995169082126,40.975577026301664,2.589908749329039,1.596886741814278,4.247181964573269,3.2474503488996245,22.14170692431562,2.7308105206655933,0.1274825550187869
174,22.436929683306495,40.754159957058505,2.589908749329039,1.596886741814278,4.2203435319377345,3.4286097691894795,22.114868491680085,2.7308105206655933,0.1274825550187869
175,22.65834675254965,40.707192699946326,2.576489533011272,1.596886741814278,4.17337627482555,3.4286097691894795,22.000805152979066,2.7308105206655933,0.1274825550187869
176,22.544283413848632,40.70048309178744,2.6704240472356413,2.281266774020397,4.17337627482555,3.421900161030596,21.349973161567366,2.7308105206655933,0.1274825550187869
177,22.624798711755233,40.64680622651637,2.657004830917874,2.281266774020397,4.17337627482555,3.421900161030596,21.336553945249598,2.7308105206655933,0.1274825550187869
178,21.71900161030596,39.680622651637144,2.6301663982823404,2.281266774020397,6.521739130434782,3.421900161030596,20.8870101986044,2.7308105206655933,0.1274825550187869
179,21.81964573268921,39.64036500268384,2.6301663982823404,2.281266774020397,6.488191089640365,3.421900161030596,20.860171765968868,2.7308105206655933,0.1274825550187869
180,21.87332259796028,39.58668813741278,2.6301663982823404,2.281266774020397,6.488191089640365,3.421900161030596,20.860171765968868,2.7308105206655933,0.1274825550187869
181,21.967257112184647,39.398819108964034,2.6301663982823404,2.281266774020397,6.481481481481482,3.535963499731616,20.860171765968868,2.7308105206655933,0.11406333870101985
182,22.16183574879227,39.32501341921632,2.6301663982823404,2.281266774020397,6.468062265163715,3.5225442834138487,20.779656468062264,2.717391304347826,0.11406333870101985
183,22.17525496511004,39.31159420289855,2.6301663982823404,2.281266774020397,6.468062265163715,3.5225442834138487,20.779656468062264,2.717391304347826,0.11406333870101985
184,22.25577026301664,39.27804616210413,2.6301663982823404,2.281266774020397,6.468062265163715,3.5225442834138487,20.73268921095008,2.717391304347826,0.11406333870101985
185,22.302737520128826,39.27133655394525,2.6301663982823404,2.281266774020397,6.468062265163715,3.5225442834138487,20.618625872249062,2.717391304347826,0.1878690284487386
186,22.342995169082126,38.989533011272144,2.6301663982823404,2.281266774020397,6.468062265163715,3.8043478260869565,20.578368223295758,2.717391304347826,0.1878690284487386
187,22.50402576489533,38.88217928073001,2.6301663982823404,2.281266774020397,6.468062265163715,3.8043478260869565,20.531400966183575,2.7106816961889426,0.1878690284487386
188,22.510735373054214,38.88217928073001,2.6301663982823404,2.281266774020397,6.461352657004831,3.8043478260869565,20.531400966183575,2.7106816961889426,0.1878690284487386
189,22.624798711755233,38.801663982823406,2.6301663982823404,2.281266774020397,6.461352657004831,3.8043478260869565,20.497852925389157,2.7106816961889426,0.1878690284487386
190,22.591250670960815,38.57353730542136,2.6033279656468062,2.281266774020397,6.461352657004831,3.8043478260869565,20.46430488459474,3.0327428878153517,0.1878690284487386
191,22.22222222222222,37.4597423510467,2.6033279656468062,2.0665593129361244,10.695115405260333,3.770799785292539,18.35077831454643,2.6435856146001075,0.1878690284487386
192,22.289318303811058,37.4194847020934,2.6033279656468062,2.0665593129361244,10.695115405260333,3.770799785292539,18.323939881910896,2.6435856146001075,0.1878690284487386
193,21.484165324745035,36.77536231884058,2.49597423510467,2.0665593129361244,12.761674718196458,3.4420289855072466,18.317230273752013,2.4691358024691357,0.1878690284487386
194,21.537842190016104,36.77536231884058,2.49597423510467,2.0665593129361244,12.721417069243156,3.4420289855072466,18.303811057434245,2.4691358024691357,0.1878690284487386
195,21.564680622651636,36.77536231884058,2.49597423510467,2.0665593129361244,12.70799785292539,3.4420289855072466,18.290391841116477,2.4691358024691357,0.1878690284487386
196,21.604938271604937,36.64787976382179,2.49597423510467,2.0665593129361244,12.694578636607622,3.5426731078904994,18.290391841116477,2.4691358024691357,0.1878690284487386
197,21.732420826623724,36.61433172302738,2.49597423510467,2.0665593129361244,12.634192163177671,3.5426731078904994,18.276972624798713,2.4490069779924855,0.1878690284487386
198,21.77938808373591,36.594202898550726,2.49597423510467,2.0531400966183573,12.634192163177671,3.5426731078904994,18.263553408480945,2.4490069779924855,0.1878690284487386
199,21.772678475577028,36.493558776167475,2.49597423510467,2.0531400966183573,12.634192163177671,3.5426731078904994,18.370907139023082,2.4490069779924855,0.1878690284487386
200,20.658883521202362,37.66774020397209,2.4355877616747184,2.0531400966183573,12.634192163177671,3.5426731078904994,18.370907139023082,2.4490069779924855,0.1878690284487386
201,20.719269994632313,37.754965110037574,2.4020397208803006,2.086688137412775,12.587224906065487,3.5426731078904994,18.270263016639827,2.4490069779924855,0.1878690284487386
202,20.913848631239937,37.6610305958132,2.4020397208803006,2.086688137412775,12.587224906065487,3.5426731078904994,18.169618894256576,2.4490069779924855,0.1878690284487386
203,21.128556092324207,37.56038647342995,2.4020397208803006,2.086688137412775,12.587224906065487,3.515834675254965,18.08239398819109,2.4490069779924855,0.1878690284487386
204,21.121846484165324,37.29200214707461,2.3617820719269993,2.086688137412775,12.587224906065487,3.515834675254965,18.08239398819109,2.7643585614600106,0.1878690284487386
205,20.356951154052602,36.04401502952228,2.281266774020397,2.086688137412775,14.99597423510467,3.515834675254965,18.08239398819109,2.4490069779924855,0.1878690284487386
206,20.29656468062265,35.809178743961354,2.281266774020397,2.086688137412775,14.97584541062802,3.9855072463768115,17.800590445517983,2.576489533011272,0.1878690284487386
207,20.40391841116479,35.71524422973698,2.281266774020397,2.086688137412775,14.97584541062802,3.9855072463768115,17.787171229200215,2.576489533011272,0.1878690284487386
208,20.477724100912507,35.70182501341922,2.281266774020397,2.086688137412775,14.942297369833602,3.9586688137412773,17.787171229200215,2.576489533011272,0.1878690284487386
209,20.77294685990338,35.61460010735373,2.120236178207193,2.086688137412775,14.895330112721417,3.938539989264627,17.773752012882447,2.61003757380569,0.1878690284487386
210,20.913848631239937,35.54079441760601,2.120236178207193,2.073268921095008,14.895330112721417,3.938539989264627,17.72007514761138,2.61003757380569,0.1878690284487386
211,21.014492753623188,35.46027911969941,2.120236178207193,2.073268921095008,14.895330112721417,3.9184111647879765,17.72007514761138,2.61003757380569,0.1878690284487386
212,21.115136876006442,35.44015029522276,2.1135265700483092,2.073268921095008,14.88191089640365,3.978797638217928,17.652979066022546,2.61003757380569,0.13419216317767044
213,21.26274825550188,35.41331186258722,2.1135265700483092,2.073268921095008,14.761137949543746,3.978797638217928,17.652979066022546,2.61003757380569,0.13419216317767044
214,21.309715512614062,35.39318303811057,2.1135265700483092,2.073268921095008,14.761137949543746,3.978797638217928,17.62614063338701,2.61003757380569,0.13419216317767044
215,21.3768115942029,35.299248523886206,2.1135265700483092,2.073268921095008,14.754428341384862,3.978797638217928,17.62614063338701,2.6435856146001075,0.13419216317767044
216,21.16881374127751,35.11808910359635,4.17337627482555,2.073268921095008,13.110574342458401,3.9519592055823938,17.62614063338701,2.6435856146001075,0.13419216317767044
217,21.276167471819647,35.10466988727858,4.133118625872249,2.0397208803005906,13.097155126140633,3.9452495974235107,17.52549651100376,2.6435856146001075,0.23483628556092323
218,21.336553945249598,34.997316156736446,4.106280193236715,2.0397208803005906,13.097155126140633,3.9452495974235107,17.599302200751477,2.6435856146001075,0.23483628556092323
219,21.43719806763285,34.95034889962426,4.106280193236715,2.0263016639828235,13.097155126140633,3.92512077294686,17.599302200751477,2.623456790123457,0.23483628556092323
220,21.611647879763822,34.876543209876544,4.106280193236715,2.0263016639828235,13.097155126140633,3.92512077294686,17.599302200751477,2.522812667740204,0.23483628556092323
221,21.77938808373591,34.78260869565217,4.106280193236715,2.0263016639828235,13.050187869028449,3.9184111647879765,17.579173376274827,2.522812667740204,0.23483628556092323
222,22.007514761137948,34.70209339774557,4.106280193236715,2.0263016639828235,12.942834138486312,3.9049919484702094,17.579173376274827,2.49597423510467,0.23483628556092323
223,22.148416532474503,34.628287707997856,4.106280193236715,2.01959205582394,12.902576489533011,3.8915727321524423,17.57246376811594,2.49597423510467,0.23483628556092323
224,22.262479871175522,34.54106280193237,4.106280193236715,2.01959205582394,12.875738056897477,3.8915727321524423,17.57246376811594,2.49597423510467,0.23483628556092323
225,22.27589908749329,34.54106280193237,4.092860976918948,2.01959205582394,12.875738056897477,3.8915727321524423,17.57246376811594,2.49597423510467,0.23483628556092323
226,22.282608695652176,34.534353193773484,4.092860976918948,2.01959205582394,12.634192163177671,3.8848631239935587,17.444981213097154,2.871712292002147,0.23483628556092323
227,22.363123993558776,34.514224369296834,4.092860976918948,1.9994632313472893,12.634192163177671,3.8848631239935587,17.438271604938272,2.8381642512077296,0.23483628556092323
228,22.322866344605476,34.50751476113795,4.146537842190016,1.9994632313472893,12.674449812130971,3.864734299516908,17.411433172302736,2.8381642512077296,0.23483628556092323
229,22.416800858829845,34.46054750402576,4.146537842190016,1.9994632313472893,12.661030595813205,3.8580246913580245,17.411433172302736,2.8113258185721954,0.23483628556092323
230,22.416800858829845,34.44041867954911,4.146537842190016,1.9994632313472893,12.654320987654321,4.032474503488996,17.270531400966185,2.804616210413312,0.23483628556092323
231,22.19538378958669,34.346484165324746,4.146537842190016,1.9994632313472893,12.27187332259796,3.9452495974235107,18.055555555555557,2.804616210413312,0.23483628556092323
232,22.21551261406334,34.33977455716586,4.146537842190016,1.9994632313472893,12.27187332259796,3.9452495974235107,17.934782608695652,2.9119699409554483,0.23483628556092323
233,22.38996242619431,34.07809983896941,3.851315083199141,1.9524959742351047,12.084004294149223,4.066022544283414,18.431293612453032,2.9119699409554483,0.23483628556092323
234,22.470477724100913,34.01100375738057,3.8378958668813743,1.9524959742351047,12.084004294149223,4.066022544283414,18.431293612453032,2.9119699409554483,0.23483628556092323
235,22.537573805689746,34.01100375738057,3.8378958668813743,1.9256575415995705,12.050456253354804,4.066022544283414,18.42458400429415,2.9119699409554483,0.23483628556092323
236,22.624798711755233,34.004294149221685,3.8378958668813743,1.9256575415995705,12.02361782071927,4.03918411164788,18.397745571658614,2.9119699409554483,0.23483628556092323
237,22.638217928073,34.004294149221685,3.8378958668813743,1.9256575415995705,12.02361782071927,4.03918411164788,18.38432635534085,2.9119699409554483,0.23483628556092323
238,22.644927536231883,33.984165324745035,3.8378958668813743,1.9256575415995705,11.990069779924852,4.139828234031133,18.357487922705314,2.885131508319914,0.23483628556092323
239,22.879763821792807,33.95061728395062,3.8378958668813743,1.892109500805153,11.990069779924852,4.1129898013955986,18.21658615136876,2.885131508319914,0.23483628556092323
240,22.913311862587225,33.943907675791735,3.8378958668813743,1.892109500805153,11.990069779924852,4.1129898013955986,18.189747718733226,2.885131508319914,0.23483628556092323
241,22.966988727858293,33.73590982286635,3.8378958668813743,1.8719806763285025,11.936392914653783,4.159957058507783,18.089103596349972,3.166935050993022,0.23483628556092323
242,23.00053676865271,33.73590982286635,3.8378958668813743,1.8719806763285025,11.902844873859367,4.159957058507783,18.089103596349972,3.166935050993022,0.23483628556092323
243,23.020665593129362,33.73590982286635,3.8378958668813743,1.8719806763285025,11.902844873859367,4.139828234031133,18.089103596349972,3.166935050993022,0.23483628556092323
244,23.040794417606012,33.73590982286635,3.8311862587224907,1.9994632313472893,11.77536231884058,4.139828234031133,18.075684380032207,3.166935050993022,0.23483628556092323
245,23.10789049919485,33.7157809983897,3.8311862587224907,1.9994632313472893,11.748523886205046,4.139828234031133,18.055555555555557,3.166935050993022,0.23483628556092323
246,22.86634460547504,34.024422973698336,3.7640901771336552,1.9994632313472893,11.748523886205046,4.139828234031133,18.055555555555557,3.166935050993022,0.23483628556092323
247,22.725442834138487,33.69565217391305,3.7640901771336552,1.9994632313472893,11.721685453569512,4.092860976918948,18.02871712292002,3.7372517444981215,0.23483628556092323
248,22.779119699409556,33.60842726784756,4.1129898013955986,1.8988191089640365,11.721685453569512,4.166666666666667,17.74020397208803,3.7372517444981215,0.23483628556092323
249,22.779119699409556,33.60842726784756,4.1129898013955986,1.8988191089640365,11.721685453569512,4.166666666666667,17.74020397208803,3.7372517444981215,0.23483628556092323
250,22.859634997316157,33.56816961889426,4.1129898013955986,1.8988191089640365,11.694847020933977,4.1532474503489,17.74020397208803,3.7372517444981215,0.23483628556092323
251,22.933440687063875,33.47423510466989,4.247181964573269,1.8988191089640365,11.694847020933977,4.139828234031133,17.639559849704778,3.7372517444981215,0.23483628556092323
252,23.00053676865271,33.44739667203435,4.247181964573269,1.8988191089640365,11.694847020933977,4.139828234031133,17.632850241545892,3.7037037037037037,0.23483628556092323
253,22.906602254428343,33.43397745571659,5.018786902844874,1.8719806763285025,11.694847020933977,4.139828234031133,17.05582393988191,3.7037037037037037,0.17444981213097155
254,23.013955984970476,33.380300590445515,5.018786902844874,1.8719806763285025,11.688137412775093,4.139828234031133,17.042404723564143,3.670155662909286,0.17444981213097155
255,23.081052066559312,33.279656468062264,5.018786902844874,1.8719806763285025,11.647879763821793,4.139828234031133,16.982018250134193,3.8043478260869565,0.17444981213097155
256,23.101180891035963,33.25952764358561,5.018786902844874,1.8719806763285025,11.647879763821793,4.139828234031133,16.982018250134193,3.8043478260869565,0.17444981213097155
257,23.007246376811594,32.991143317230275,5.434782608695652,1.8518518518518519,11.641170155662909,4.180085882984434,16.914922168545356,3.8043478260869565,0.17444981213097155
258,22.993827160493826,32.92404723564144,5.367686527106817,2.1940418679549114,11.634460547504025,4.180085882984434,16.72705314009662,3.8043478260869565,0.17444981213097155
