,45,50,53,51,55,52,54,56,57,60,58
0,97.53086419753086,2.4691358024691357,,,,,,,,,
1,96.56468062265164,3.435319377348363,,,,,,,,,
2,91.63982823403113,8.360171765968868,,,,,,,,,
3,91.68679549114331,8.313204508856682,,,,,,,,,
4,91.26409017713365,8.735909822866345,,,,,,,,,
5,88.191089640365,11.808910359634996,,,,,,,,,
6,85.90982286634461,14.090177133655395,,,,,,,,,
7,86.08427267847557,13.915727321524423,,,,,,,,,
8,86.09769189479334,12.587224906065487,1.3150831991411702,,,,,,,,
9,86.03059581320451,12.667740203972087,1.3016639828234031,,,,,,,,
10,82.02495974235104,16.71363392377885,1.261406333870102,,,,,,,,
11,75.91921631776704,22.819377348362856,1.261406333870102,,,,,,,,
12,75.98631239935588,22.75228126677402,1.261406333870102,,,,,,,,
13,74.08078368223296,24.52361782071927,1.247987117552335,0.14761137949543746,,,,,,,
14,74.34245840042942,24.268652710681696,1.2412775093934514,0.14761137949543746,,,,,,,
15,73.62453032742887,24.986580783682232,1.2412775093934514,0.14761137949543746,,,,,,,
16,73.79227053140097,24.818840579710145,1.2412775093934514,0.14761137949543746,,,,,,,
17,73.99355877616748,24.61755233494364,1.2412775093934514,0.14761137949543746,,,,,,,
18,74.12775093934515,24.48336017176597,1.2412775093934514,0.14761137949543746,,,,,,,
19,73.14143853998927,22.322866344605476,1.2412775093934514,3.294417606011809,,,,,,,
20,73.34272678475577,22.18196457326892,1.221148684916801,3.2541599570585076,,,,,,,
21,73.2487922705314,22.322866344605476,1.2010198604401503,3.227321524422974,,,,,,,
22,62.82206119162641,32.628824476650564,1.3217928073000538,3.227321524422974,,,,,,,
23,63.13070316693505,32.14573268921095,1.3217928073000538,3.1199677938808374,0.28180354267310787,,,,,,
24,62.29200214707461,32.86366076221149,1.3083735909822867,3.1199677938808374,0.28180354267310787,0.13419216317767044,,,,,
25,62.68115942028985,32.50805152979066,1.3083735909822867,3.0864197530864197,0.28180354267310787,0.13419216317767044,,,,,
26,61.218464841653244,30.62265163714439,1.3083735909822867,6.125872249060655,0.28180354267310787,0.4428341384863124,,,,,
27,61.07085346215781,30.636070853462158,1.3083735909822867,6.260064412238325,0.28180354267310787,0.4428341384863124,,,,,
28,60.990338164251206,30.803811057434245,1.3083735909822867,6.172839506172839,0.28180354267310787,0.4428341384863124,,,,,
29,61.24530327428878,30.58239398819109,1.288244766505636,6.159420289855072,0.28180354267310787,0.4428341384863124,,,,,
30,61.574074074074076,30.280461621041333,1.288244766505636,6.132581857219538,0.28180354267310787,0.4428341384863124,,,,,
31,43.76677402039721,49.080783682232955,1.133923778851315,5.300590445517981,0.27509393451422437,0.4428341384863124,,,,,
32,41.398282340311326,51.53650026838432,1.133923778851315,5.213365539452496,0.27509393451422437,0.4428341384863124,,,,,
33,41.76731078904992,50.15432098765432,1.133923778851315,5.193236714975845,1.3083735909822867,0.4428341384863124,,,,,
34,41.94176060118089,50.046967257112186,1.133923778851315,5.132850241545894,1.3016639828234031,0.4428341384863124,,,,,
35,42.49194847020934,49.543746645195924,1.133923778851315,5.119431025228127,1.2681159420289856,0.4428341384863124,,,,,
36,42.921363392377884,49.06736446591519,1.133923778851315,5.119431025228127,1.328502415458937,0.4294149221685454,,,,,
37,43.25013419216318,48.60440150295223,1.133923778851315,5.119431025228127,1.4626945786366077,0.4294149221685454,,,,,
38,43.41116478797638,47.66505636070853,1.9793344068706387,5.052334943639291,1.4626945786366077,0.4294149221685454,,,,,
39,32.33360171765969,60.869565217391305,,5.052334943639291,1.3150831991411702,0.4294149221685454,,,,,
40,32.83682232957595,60.43344068706388,,5.01207729468599,1.3150831991411702,0.4025764895330113,,,,,
41,32.87707997852925,58.823134728931834,,5.01207729468599,1.3150831991411702,0.3824476650563607,1.5901771336553945,,,,
42,33.15888352120236,58.25281803542673,,5.01207729468599,1.6035963499731616,0.3824476650563607,1.5901771336553945,,,,
43,33.32662372517445,57.018250134192165,,4.978529253891573,2.703972088030059,0.3824476650563607,1.5901771336553945,,,,
44,33.64868491680086,56.64922168545357,,4.891304347826087,2.8381642512077296,0.3824476650563607,1.5901771336553945,,,,
45,33.3870101986044,48.52388620504563,,4.884594739667204,2.8381642512077296,8.776167471819646,1.5901771336553945,,,,
46,33.08507783145464,47.22893183038111,1.596886741814278,4.817498658078368,3.1736446591519054,8.742619431025227,1.3553408480944713,,,,
47,29.978529253891573,39.412238325281805,1.596886741814278,16.894793344068706,2.1806226516371443,8.581588835212024,1.3553408480944713,,,,
48,30.421363392377884,39.12372517444981,1.596886741814278,16.794149221685455,2.15378421900161,8.55475040257649,1.3553408480944713,,,,
49,30.575684380032207,38.32528180354267,1.596886741814278,16.67337627482555,2.15378421900161,8.380300590445518,2.2946859903381642,,,,
50,30.931293612453032,37.78180354267311,1.5633387010198605,16.626409017713364,2.120236178207193,8.682232957595277,2.2946859903381642,,,,
51,31.340579710144926,37.65432098765432,1.5365002683843263,16.472088030059044,2.120236178207193,8.581588835212024,2.2946859903381642,,,,
52,31.662640901771336,37.3389694041868,1.5365002683843263,16.27750939345142,2.2074610842726785,8.548040794417606,2.26784755770263,0.1610305958132045,,,
53,31.87734836285561,35.929951690821255,1.5365002683843263,16.14331723027375,2.636876006441224,8.53462157809984,3.180354267310789,0.1610305958132045,,,
54,32.21282877079979,35.138217928073,3.9184111647879765,14.506172839506172,2.5831991411701556,8.433977455716587,3.046162104133119,0.1610305958132045,,,
55,32.991143317230275,33.9170692431562,3.750670960815888,14.439076757917338,3.3548040794417604,8.380300590445518,2.8918411164787976,0.1610305958132045,0.11406333870101985,,
56,33.49436392914654,33.722490606548575,3.6902844873859366,13.506441223832528,3.321256038647343,8.313204508856682,3.6768652710681695,0.1610305958132045,0.11406333870101985,,
57,33.07836822329576,32.79656468062265,2.3550724637681157,17.143048845947398,3.294417606011809,8.313204508856682,2.85829307568438,0.1610305958132045,,,
58,33.561460010735374,32.52818035426731,2.328234031132582,17.062533548040793,3.4420289855072466,8.272946859903382,2.657004830917874,0.14761137949543746,,,
59,33.1857219538379,31.676060118089104,2.2879763821792807,18.06226516371444,4.274020397208803,7.722758990874933,2.6435856146001075,0.14761137949543746,,,
60,33.03811057434246,30.575684380032207,1.9457863660762211,19.706119162640903,4.233762748255502,7.722758990874933,2.6301663982823404,0.14761137949543746,,,
61,33.25281803542673,30.273752012882447,2.187332259796028,19.618894256575416,4.146537842190016,7.62211486849168,2.623456790123457,0.27509393451422437,,,
62,33.85668276972625,30.09259259259259,2.187332259796028,19.45115405260333,4.086151368760064,7.481213097155126,2.5697799248523885,0.27509393451422437,,,
63,34.50751476113795,29.898013955984972,2.187332259796028,19.343800322061192,4.086151368760064,7.159151905528717,2.5429414922168547,0.27509393451422437,,,
64,34.58132045088567,29.851046698872786,2.187332259796028,19.390767579173378,4.086151368760064,7.098765432098766,2.5295222758990876,0.27509393451422437,,,
65,34.80273752012882,29.770531400966185,2.187332259796028,19.33709071390231,4.05931293612453,7.065217391304348,2.5026838432635534,0.27509393451422437,,,
66,33.76945786366076,28.32125603864734,3.5829307568438002,18.63929146537842,3.656736446591519,9.252549651100376,2.5026838432635534,0.27509393451422437,,,
67,34.25925925925926,28.18035426731079,3.549382716049383,18.471551261406333,3.616478797638218,9.178743961352657,2.4691358024691357,0.27509393451422437,,,
68,34.62157809983897,27.95222758990875,3.5292538915727323,18.438003220611915,3.589640365002684,9.131776704240472,2.462426194310252,0.27509393451422437,,,
69,34.97047772410091,27.77777777777778,3.515834675254965,18.337359098228664,3.5829307568438002,9.078099838969404,2.462426194310252,0.27509393451422437,,,
70,35.245571658615134,27.67042404723564,3.488996242619431,18.189747718733226,3.549382716049383,9.07139023081052,2.462426194310252,0.322061191626409,,,
71,35.560923242082666,27.569779924852387,3.475577026301664,18.223295759527645,3.5225442834138487,8.930488459473967,2.4221685453569513,0.2952227589908749,,,
72,35.648148148148145,27.462426194310254,3.475577026301664,17.579173376274827,3.5225442834138487,9.594739667203436,2.4221685453569513,0.2952227589908749,,,
73,36.09769189479334,27.42216854535695,3.455448201825013,17.384594739667204,3.4286097691894795,9.494095544820183,2.4221685453569513,0.2952227589908749,,,
74,36.480139559849704,27.294685990338163,3.4017713365539453,17.23027375201288,3.3950617283950617,9.480676328502415,2.4221685453569513,0.2952227589908749,,,
75,36.66129898013956,27.241009125067094,3.3950617283950617,16.57944176060118,4.012345679012346,9.406870638754697,2.408749329039184,0.2952227589908749,,,
76,37.29200214707461,26.90552871712292,3.388352120236178,16.492216854535695,4.045893719806763,9.232420826623725,2.3483628556092326,0.2952227589908749,,,
77,27.911969940955448,36.16478797638218,3.388352120236178,15.613258185721953,5.186527106816962,9.104938271604938,2.3349436392914655,0.2952227589908749,,,
78,26.67740203972088,34.554482018250134,3.3548040794417604,15.499194847020934,4.898013955984971,13.546698872785829,1.1741814278046163,0.2952227589908749,,,
79,27.100107353730543,33.84997316156736,3.3548040794417604,15.297906602254429,5.260332796564681,13.486312399355878,1.3553408480944713,0.2952227589908749,,,
80,27.462426194310254,33.63526570048309,3.3548040794417604,15.22410091250671,5.246913580246914,13.439345142243694,1.3486312399355878,0.2885131508319914,,,
81,9.86983360171766,81.9645732689211,1.3955984970477724,1.4358561460010735,2.522812667740204,1.6975308641975309,1.1137949543746646,,,,
82,9.29951690821256,82.58185721953838,1.3821792807300053,1.4358561460010735,2.49597423510467,1.6975308641975309,1.107085346215781,,,,
83,9.997316156736447,80.9447128287708,1.3821792807300053,1.42914653784219,3.475577026301664,1.6975308641975309,1.0735373054213635,,,,
84,10.0979602791197,80.47504025764896,1.3553408480944713,0.9259259259259259,3.475577026301664,2.6637144390767578,1.0064412238325282,,,,
85,11.010466988727858,79.64304884594739,1.3553408480944713,0.9259259259259259,3.455448201825013,2.6167471819645733,0.9930220075147611,,,,
86,11.480139559849706,79.22034353193773,1.3553408480944713,0.9125067096081588,3.4286097691894795,2.6167471819645733,0.9863123993558777,,,,
87,12.050456253354804,78.60976918947934,1.3553408480944713,0.9125067096081588,3.4688674181427803,2.6167471819645733,0.9863123993558777,,,,
88,12.037037037037036,72.49731615673645,7.37385936661299,0.9125067096081588,3.5762211486849167,2.6167471819645733,0.9863123993558777,,,,
89,12.681159420289855,71.96054750402577,7.313472893183038,0.9057971014492754,3.535963499731616,2.6167471819645733,0.9863123993558777,,,,
90,13.130703166935051,69.77992485238862,7.575147611379496,0.8923778851315083,5.032206119162641,2.6033279656468062,0.9863123993558777,,,,
91,13.446054750402576,69.65244229736983,7.481213097155126,0.8655394524959742,4.958400429414922,2.563070316693505,1.0332796564680622,,,,
92,13.92914653784219,69.31025228126677,7.427536231884058,0.8387010198604401,4.898013955984971,2.563070316693505,1.0332796564680622,,,,
93,14.070048309178745,62.795222758990874,7.367149758454106,0.8319914117015567,11.352657004830919,2.5563607085346214,1.0265700483091786,,,,
94,14.74771873322598,62.21148684916801,7.347020933977456,0.8319914117015567,11.29898013955985,2.536231884057971,1.0265700483091786,,,,
95,15.405260332796564,61.63446054750403,7.347020933977456,0.8319914117015567,11.171497584541063,2.5831991411701556,1.0265700483091786,,,,
96,15.868223295759528,60.98362855609233,7.333601717659689,0.8319914117015567,11.392914653784219,2.563070316693505,1.0265700483091786,,,,
97,15.868223295759528,54.468599033816425,7.139023081052066,0.8319914117015567,10.339506172839506,10.326086956521738,1.0265700483091786,,,,
98,16.438539989264626,54.00563607085346,7.139023081052066,0.8319914117015567,10.312667740203972,10.245571658615138,1.0265700483091786,,,,
99,16.834406870638755,53.75067096081589,7.085346215780999,0.8319914117015567,10.25228126677402,10.218733225979603,1.0265700483091786,,,,
100,17.236983360171767,51.98604401502952,10.037573805689748,0.95276435856146,8.789586688137414,9.98389694041868,1.0131508319914118,,,,
101,17.599302200751477,50.30864197530864,10.299248523886206,0.95276435856146,9.883252818035427,9.943639291465379,1.0131508319914118,,,,
102,18.59903381642512,49.51690821256039,10.23215244229737,0.95276435856146,9.930220075147611,9.75577026301664,1.0131508319914118,,,,
103,18.867418142780462,49.3894256575416,10.178475577026301,0.95276435856146,9.903381642512077,9.695383789586689,1.0131508319914118,,,,
104,19.11567364465915,47.94015029522276,10.104669887278583,0.95276435856146,10.071121846484166,9.648416532474503,2.167203435319377,,,,
105,19.048577563070317,45.63875469672571,10.0979602791197,0.95276435856146,11.3191089640365,9.601449275362318,2.167203435319377,1.1741814278046163,,,
106,19.538378958668815,45.3569511540526,9.997316156736447,0.95276435856146,11.252012882447666,9.581320450885668,2.147074610842727,1.1741814278046163,,,
107,19.75979602791197,44.42431561996779,10.071121846484166,0.95276435856146,12.090713902308105,9.520933977455716,2.1269457863660763,1.0534084809447128,,,
108,20.26972624798712,44.16264090177134,9.930220075147611,0.95276435856146,11.969940955448202,9.420289855072463,2.120236178207193,1.0534084809447128,,0.12077294685990338,
109,20.611916264090176,43.98819108964037,9.86983360171766,0.9460547504025765,11.902844873859367,9.386741814278047,2.120236178207193,1.0534084809447128,,0.12077294685990338,
110,21.195652173913043,43.666129898013956,9.722222222222221,0.9460547504025765,11.869296833064949,9.306226516371444,2.120236178207193,1.0534084809447128,,0.12077294685990338,
111,21.960547504025765,43.23000536768653,9.594739667203436,0.9393451422436929,11.83574879227053,9.145195920558239,2.120236178207193,1.0534084809447128,,0.12077294685990338,
112,22.27589908749329,42.941492216854535,9.588030059044552,0.9259259259259259,11.714975845410628,9.125067096081589,2.120236178207193,1.0534084809447128,0.13419216317767044,0.12077294685990338,
113,22.134997316156735,41.237251744498124,9.46725711218465,0.9259259259259259,11.83574879227053,10.970209339774557,2.120236178207193,1.0534084809447128,0.13419216317767044,0.12077294685990338,
114,22.04777241009125,39.72758990874933,9.380032206119163,0.9259259259259259,11.768652710681696,10.601180891035963,4.240472356414386,1.0534084809447128,0.13419216317767044,0.12077294685990338,
115,22.537573805689746,39.53301127214171,9.326355340848094,0.9259259259259259,11.701556629092861,10.520665593129362,4.146537842190016,1.0534084809447128,0.13419216317767044,0.12077294685990338,
116,22.5577026301664,38.26489533011272,8.514492753623188,0.9259259259259259,13.92914653784219,10.399892646269459,4.0995705850778315,1.0534084809447128,0.13419216317767044,0.12077294685990338,
117,23.262211486849168,37.80864197530864,8.501073537305421,0.9259259259259259,13.81508319914117,10.34621578099839,4.045893719806763,1.0399892646269457,0.13419216317767044,0.12077294685990338,
118,23.711755233494365,37.57380568974772,8.501073537305421,0.9259259259259259,13.613794954374665,10.225442834138486,4.03918411164788,1.1540526033279657,0.13419216317767044,0.12077294685990338,
119,24.06736446591519,37.32555018786903,8.487654320987655,0.9259259259259259,13.526570048309178,10.218733225979603,4.03918411164788,1.1540526033279657,0.13419216317767044,0.12077294685990338,
120,24.46323134728932,37.144390767579175,8.400429414922169,0.9259259259259259,13.47289318303811,10.144927536231885,4.03918411164788,1.1540526033279657,0.13419216317767044,0.12077294685990338,
121,24.731615673644658,36.99006977992485,8.36688137412775,0.9259259259259259,13.446054750402576,10.11808910359635,4.019055287171229,1.1473429951690821,0.13419216317767044,0.12077294685990338,
122,25.295222758990874,36.87600644122383,8.09849704777241,0.9259259259259259,13.33870101986044,10.0979602791197,4.019055287171229,1.1003757380568975,0.13419216317767044,0.11406333870101985,
123,25.509930220075148,35.83601717659689,7.991143317230274,0.9259259259259259,12.654320987654321,10.00402576489533,5.736714975845411,1.093666129898014,0.13419216317767044,0.11406333870101985,
124,25.603864734299517,35.05099302200752,8.447396672034353,0.9259259259259259,12.379227053140097,9.742351046698873,6.521739130434782,1.093666129898014,0.12077294685990338,0.11406333870101985,
125,25.905797101449274,34.856414385399894,8.393719806763285,0.9259259259259259,12.372517444981213,9.695383789586689,6.521739130434782,1.093666129898014,0.12077294685990338,0.11406333870101985,
126,26.194310252281266,34.75577026301664,8.353462157809984,0.9125067096081588,12.359098228663447,9.648416532474503,6.447933440687064,1.093666129898014,0.12077294685990338,0.11406333870101985,
127,26.583467525496513,34.534353193773484,8.28636607622115,0.9125067096081588,12.332259796027913,9.648416532474503,6.374127750939345,1.093666129898014,0.12077294685990338,0.11406333870101985,
128,26.99946323134729,34.312936124530324,8.28636607622115,0.9125067096081588,12.365807836822329,9.574610842726784,6.273483628556092,1.0399892646269457,0.12077294685990338,0.11406333870101985,
129,27.388620504562535,34.15190552871712,8.246108427267847,0.9125067096081588,12.25174449812131,9.50751476113795,6.266774020397209,1.0399892646269457,0.12077294685990338,0.11406333870101985,
130,27.677133655394524,33.97074610842727,8.246108427267847,0.9125067096081588,12.198067632850242,9.4873859366613,6.233225979602791,1.0399892646269457,0.12077294685990338,0.11406333870101985,
131,27.9723564143854,33.64868491680086,8.246108427267847,0.8856682769726248,12.392646269457863,9.366612989801396,6.213097155126141,1.0399892646269457,0.12077294685990338,0.11406333870101985,
132,28.227321524422972,33.53462157809984,8.246108427267847,0.8856682769726248,12.332259796027913,9.353193773483628,6.159420289855072,1.0265700483091786,0.12077294685990338,0.11406333870101985,
133,28.69699409554482,33.319914117015564,8.219269994632313,0.8856682769726248,12.211486849168008,9.265968867418144,6.139291465378422,1.0265700483091786,0.12077294685990338,0.11406333870101985,
134,28.99892646269458,33.1857219538379,8.205850778314547,0.8789586688137413,12.151100375738057,9.178743961352657,5.998389694041868,1.0265700483091786,0.12077294685990338,0.11406333870101985,0.14090177133655393
135,29.01905528717123,33.011272141706925,8.199141170155663,0.8789586688137413,12.298711755233494,9.084809447128288,5.991680085882985,1.0064412238325282,0.2549651100375738,0.11406333870101985,0.14090177133655393
136,29.374664519592056,32.6959205582394,8.581588835212024,0.8789586688137413,12.057165861513688,8.964036500268385,5.931293612453032,1.0064412238325282,0.2549651100375738,0.11406333870101985,0.14090177133655393
137,29.750402576489535,32.30005367686527,8.548040794417606,0.8789586688137413,12.177938808373591,8.896940418679549,5.931293612453032,1.0064412238325282,0.2549651100375738,0.11406333870101985,0.14090177133655393
138,29.260601180891037,31.15271068169619,10.21202361782072,0.6575415995705851,12.406065485775631,8.883521202361782,5.911164787976382,1.0064412238325282,0.2549651100375738,0.11406333870101985,0.14090177133655393
139,29.49543746645196,31.07890499194847,10.044283413848632,0.6575415995705851,12.31213097155126,8.82313472893183,5.790391841116479,1.0064412238325282,0.2549651100375738,0.11406333870101985,0.4227053140096618
140,29.146537842190018,31.588835212023618,9.977187332259795,0.6172839506172839,12.298711755233494,8.796296296296296,5.776972624798712,1.0064412238325282,0.2549651100375738,0.11406333870101985,0.4227053140096618
141,29.260601180891037,31.48148148148148,10.547504025764896,0.6172839506172839,11.83574879227053,8.641975308641975,5.743424584004294,1.0064412238325282,0.32877079978529256,0.11406333870101985,0.4227053140096618
142,29.70343531937735,31.179549114331724,10.547504025764896,0.6172839506172839,11.77536231884058,8.601717659688674,5.71658615136876,1.0064412238325282,0.3153515834675255,0.11406333870101985,0.4227053140096618
143,29.844337090713903,31.112453032742888,10.57434245840043,0.6038647342995169,11.75523349436393,8.561460010735374,5.689747718733226,1.0064412238325282,0.3153515834675255,0.11406333870101985,0.4227053140096618
144,30.193236714975846,30.95813204508857,10.507246376811594,0.6038647342995169,11.674718196457327,8.548040794417606,5.676328502415459,1.0064412238325282,0.30864197530864196,0.11406333870101985,0.4092860976918948
145,30.300590445517983,30.870907139023082,10.789049919484702,0.5971551261406334,11.647879763821793,8.3467525496511,5.622651637144391,1.0064412238325282,0.30864197530864196,0.11406333870101985,0.39586688137412773
146,30.54213633923779,30.803811057434245,10.701825013419215,0.5971551261406334,11.634460547504025,8.333333333333334,5.562265163714439,1.0064412238325282,0.30864197530864196,0.11406333870101985,0.39586688137412773
147,30.776972624798713,30.535426731078903,10.601180891035963,0.5971551261406334,11.621041331186259,8.319914117015566,5.723295759527644,1.0064412238325282,0.30864197530864196,0.11406333870101985,0.39586688137412773
148,31.01851851851852,30.24020397208803,10.547504025764896,0.5904455179817498,11.876006441223833,8.225979602791197,5.703166935050993,0.9796027911969941,0.30864197530864196,0.11406333870101985,0.39586688137412773
149,28.723832528180353,27.42216854535695,19.726247987117553,0.5501878690284487,11.43317230273752,6.723027375201288,3.7372517444981215,0.9796027911969941,0.30864197530864196,0.11406333870101985,0.28180354267310787
150,28.931830381105744,27.395330112721417,19.49812130971551,0.5501878690284487,11.520397208803006,6.6827697262479875,3.7372517444981215,0.9796027911969941,0.30864197530864196,0.11406333870101985,0.28180354267310787
151,29.146537842190018,27.314814814814813,19.424315619967793,0.5501878690284487,11.486849168008588,6.655931293612453,3.7372517444981215,0.9796027911969941,0.30864197530864196,0.11406333870101985,0.28180354267310787
152,29.57595276435856,27.17391304347826,19.142512077294686,0.5501878690284487,11.386205045625335,6.608964036500268,3.7238325281803544,1.133923778851315,0.30864197530864196,0.11406333870101985,0.28180354267310787
153,29.918142780461622,27.046430488459475,19.061996779388085,0.5501878690284487,11.258722490606548,6.541867954911433,3.784219001610306,1.133923778851315,0.30864197530864196,0.11406333870101985,0.28180354267310787
154,29.7638217928073,26.7512077294686,20.135534084809446,0.5501878690284487,10.7085346215781,6.501610305958132,3.750670960815888,1.133923778851315,0.30864197530864196,0.11406333870101985,0.28180354267310787
155,29.106280193236714,25.107353730542137,19.840311325818572,0.5501878690284487,9.39345142243693,7.098765432098766,7.092055823939882,1.107085346215781,0.30864197530864196,0.11406333870101985,0.28180354267310787
156,29.51556629092861,25.0,19.726247987117553,0.5501878690284487,9.420289855072463,7.092055823939882,7.051798174986581,0.9997316156736447,0.24825550187869028,0.11406333870101985,0.28180354267310787
157,29.736983360171767,24.993290391841118,19.6256038647343,0.5501878690284487,9.373322597960279,7.0383789586688135,7.0383789586688135,0.9997316156736447,0.24825550187869028,0.11406333870101985,0.28180354267310787
158,29.294149221685455,24.691358024691358,21.068169618894256,0.5501878690284487,9.265968867418144,7.03166935050993,6.454643048845948,0.9997316156736447,0.24825550187869028,0.11406333870101985,0.28180354267310787
159,29.636339237788512,24.56387546967257,20.96081588835212,0.49651100375738055,9.29951690821256,6.957863660762212,6.4412238325281805,0.9997316156736447,0.24825550187869028,0.11406333870101985,0.28180354267310787
160,30.132850241545892,24.349168008588297,20.893719806763286,0.49651100375738055,9.23913043478261,6.890767579173376,6.353998926462695,0.9997316156736447,0.24825550187869028,0.11406333870101985,0.28180354267310787
161,30.3743961352657,24.308910359634996,20.8064949006978,0.49651100375738055,9.172034353193773,6.890767579173376,6.159420289855072,1.1473429951690821,0.24825550187869028,0.11406333870101985,0.28180354267310787
162,30.52200751476114,24.174718196457327,20.69243156199678,0.49651100375738055,9.326355340848094,6.877348362855609,6.119162640901771,1.1473429951690821,0.24825550187869028,0.11406333870101985,0.28180354267310787
163,30.870907139023082,24.114331723027377,20.50456253354804,0.49651100375738055,9.286097691894794,6.877348362855609,6.072195383789587,1.1473429951690821,0.24825550187869028,0.11406333870101985,0.2683843263553409
164,31.105743424584006,24.06736446591519,20.343531937734838,0.49651100375738055,9.27938808373591,6.877348362855609,6.072195383789587,1.1272141706924315,0.24825550187869028,0.11406333870101985,0.2683843263553409
165,31.655931293612454,23.758722490606548,20.189210950080515,0.49651100375738055,9.252549651100376,6.837090713902308,6.0654857756307035,1.1272141706924315,0.23483628556092323,0.11406333870101985,0.2683843263553409
166,31.66935050993022,23.718464841653248,20.42404723564144,0.38915727321524424,9.23913043478261,6.769994632313473,6.045356951154052,1.1272141706924315,0.23483628556092323,0.11406333870101985,0.2683843263553409
167,32.118894256575416,23.62453032742888,20.283145464304884,0.3757380568974772,9.205582393988191,6.6827697262479875,5.978260869565218,1.1272141706924315,0.23483628556092323,0.11406333870101985,0.2549651100375738
168,32.367149758454104,23.537305421363392,20.2361782071927,0.3757380568974772,9.172034353193773,6.6827697262479875,5.897745571658615,1.1272141706924315,0.23483628556092323,0.11406333870101985,0.2549651100375738
169,32.6556629092861,23.382984433709073,20.128824476650564,0.3757380568974772,9.158615136876007,6.595544820182502,5.978260869565218,1.1205045625335481,0.23483628556092323,0.11406333870101985,0.2549651100375738
170,32.98443370907139,23.289049919484704,19.961084272678477,0.3757380568974772,9.125067096081589,6.575415995705851,5.964841653247451,1.1205045625335481,0.23483628556092323,0.11406333870101985,0.2549651100375738
171,33.19243156199678,23.221953837895867,19.826892109500804,0.3757380568974772,9.145195920558239,6.5485775630703165,5.964841653247451,1.1205045625335481,0.23483628556092323,0.11406333870101985,0.2549651100375738
172,33.52791196994095,22.993827160493826,19.592055823939884,0.3757380568974772,9.366612989801396,6.508319914117015,5.924584004294149,1.107085346215781,0.23483628556092323,0.11406333870101985,0.2549651100375738
173,33.85668276972625,22.899892646269457,19.464573268921097,0.3757380568974772,9.353193773483628,6.494900697799249,5.877616747181965,1.0735373054213635,0.23483628556092323,0.11406333870101985,0.2549651100375738
174,33.943907675791735,22.779119699409556,19.51154052603328,0.3757380568974772,9.339774557165862,6.494900697799249,5.877616747181965,1.0735373054213635,0.23483628556092323,0.11406333870101985,0.2549651100375738
175,34.14519592055824,22.638217928073,19.410896403650028,0.3488996242619431,9.23913043478261,6.447933440687064,5.83064949006978,1.1943102522812667,0.3824476650563607,0.11406333870101985,0.24825550187869028
176,34.447128287708,22.571121846484164,19.236446591519055,0.3488996242619431,9.219001610305957,6.421095008051529,5.83064949006978,1.1808910359634996,0.3824476650563607,0.11406333870101985,0.24825550187869028
177,34.675254965110035,22.544283413848632,19.142512077294686,0.3488996242619431,9.172034353193773,6.400966183574879,5.790391841116479,1.1808910359634996,0.3824476650563607,0.11406333870101985,0.24825550187869028
178,34.93022007514761,22.396672034353195,19.061996779388085,0.3488996242619431,9.29951690821256,6.360708534621578,5.709876543209877,1.1473429951690821,0.3824476650563607,0.11406333870101985,0.24825550187869028
179,35.06441223832528,22.342995169082126,18.98148148148148,0.3488996242619431,9.29951690821256,6.360708534621578,5.709876543209877,1.1473429951690821,0.3824476650563607,0.11406333870101985,0.24825550187869028
180,35.41331186258722,22.309447128287708,18.813741277509394,0.3488996242619431,9.29951690821256,6.219806763285024,5.703166935050993,1.1473429951690821,0.3824476650563607,0.11406333870101985,0.24825550187869028
181,35.71524422973698,22.228931830381107,18.71309715512614,0.3488996242619431,9.212292002147075,6.206387546967257,5.683038110574342,1.1473429951690821,0.3824476650563607,0.11406333870101985,0.24825550187869028
182,36.111111111111114,22.16183574879227,18.552066559312937,0.3488996242619431,9.111647879763822,6.206387546967257,5.615942028985507,1.1473429951690821,0.3824476650563607,0.11406333870101985,0.24825550187869028
183,36.40633387010199,22.148416532474503,18.35077831454643,0.3488996242619431,9.091519055287172,6.1929683306494905,5.5756843800322065,1.1473429951690821,0.3757380568974772,0.11406333870101985,0.24825550187869028
184,36.68813741277509,22.04777241009125,18.203166935050994,0.3488996242619431,9.084809447128288,6.166129898013956,5.515297906602254,1.133923778851315,0.46296296296296297,0.11406333870101985,0.23483628556092323
185,37.1309715512614,21.87332259796028,18.04213633923779,0.3488996242619431,9.057971014492754,6.031937734836285,5.495169082125604,1.133923778851315,0.46296296296296297,0.11406333870101985,0.30864197530864196
186,37.533548040794415,21.85319377348363,17.793880837359097,0.3488996242619431,9.024422973698336,6.005099302200751,5.421363392377885,1.133923778851315,0.46296296296296297,0.11406333870101985,0.30864197530864196
187,35.76221148684917,20.90713902308105,19.565217391304348,0.3488996242619431,8.816425120772946,7.300053676865271,5.307300053676865,1.133923778851315,0.4562533548040794,0.11406333870101985,0.2885131508319914
188,35.621309715512616,19.96779388083736,21.027911969940956,0.3488996242619431,8.521202361782072,7.286634460547504,5.24020397208803,1.133923778851315,0.4562533548040794,0.11406333870101985,0.28180354267310787
189,35.84272678475577,19.940955448201827,20.88030059044552,0.3488996242619431,8.494363929146537,7.27992485238862,5.226784755770263,1.133923778851315,0.4562533548040794,0.11406333870101985,0.28180354267310787
190,36.2788513150832,19.900697799248523,20.283145464304884,0.3488996242619431,8.749329039184111,7.246376811594203,5.2066559312936125,1.133923778851315,0.4562533548040794,0.11406333870101985,0.28180354267310787
191,35.950080515297905,19.404186795491142,20.840042941492218,0.3488996242619431,8.957326892109501,7.347020933977456,5.179817498658078,1.1205045625335481,0.4562533548040794,0.11406333870101985,0.28180354267310787
192,36.35265700483092,19.37734836285561,20.625335480407944,0.3488996242619431,8.910359634997317,7.25979602791197,5.152979066022544,1.1205045625335481,0.4562533548040794,0.11406333870101985,0.28180354267310787
193,36.75523349436393,19.243156199677937,20.491143317230275,0.3488996242619431,8.84326355340848,7.239667203435319,5.10601180891036,1.1205045625335481,0.4562533548040794,0.11406333870101985,0.28180354267310787
194,36.922973698336016,19.209608158883523,20.148953301127214,0.3488996242619431,8.82313472893183,7.219538378958669,5.35426731078905,1.1205045625335481,0.4562533548040794,0.11406333870101985,0.28180354267310787
195,37.0907139023081,19.102254428341386,19.880568974771872,0.3488996242619431,8.964036500268385,7.219538378958669,5.428073000536768,1.1137949543746646,0.4562533548040794,0.11406333870101985,0.28180354267310787
196,37.41277509393451,19.0552871712292,19.685990338164252,0.3488996242619431,8.943907675791733,7.192699946323135,5.394524959742351,1.1137949543746646,0.4562533548040794,0.11406333870101985,0.28180354267310787
197,37.567096081588836,18.98148148148148,19.39747718733226,0.3488996242619431,8.943907675791733,7.192699946323135,5.636070853462158,1.1137949543746646,0.4562533548040794,0.08722490606548577,0.27509393451422437
198,37.68786902844874,18.867418142780462,19.33709071390231,0.3488996242619431,9.01100375738057,7.192699946323135,5.622651637144391,1.1137949543746646,0.4562533548040794,0.08722490606548577,0.27509393451422437
199,37.124261943102525,17.800590445517983,21.62506709608159,0.3488996242619431,8.507783145464305,7.098765432098766,5.5689747718733225,1.1137949543746646,0.4562533548040794,0.08722490606548577,0.2683843263553409
200,36.86929683306495,17.45169082125604,22.36983360171766,0.3488996242619431,8.380300590445518,6.971282877079979,5.6964573268921095,1.1003757380568975,0.4562533548040794,0.08722490606548577,0.2683843263553409
201,37.043746645195924,17.330917874396135,22.249060654857757,0.3488996242619431,8.252818035426731,7.1725711218464845,5.60252281266774,1.1943102522812667,0.4495437466451959,0.08722490606548577,0.2683843263553409
202,37.21148684916801,17.297369833601717,22.061191626409016,0.3488996242619431,8.252818035426731,7.132313472893183,5.58239398819109,1.1808910359634996,0.5770263016639828,0.08722490606548577,0.2683843263553409
203,37.34567901234568,17.2638217928073,22.034353193773484,0.3488996242619431,8.225979602791197,7.085346215780999,5.58239398819109,1.1808910359634996,0.5770263016639828,0.08722490606548577,0.2683843263553409
204,37.65432098765432,17.2638217928073,21.83977455716586,0.3488996242619431,8.165593129361245,7.03166935050993,5.58239398819109,1.1808910359634996,0.5770263016639828,0.08722490606548577,0.2683843263553409
205,37.3389694041868,17.156468062265162,22.490606548577563,0.3488996242619431,7.937466451959206,7.03166935050993,5.58239398819109,1.1808910359634996,0.5770263016639828,0.08722490606548577,0.2683843263553409
206,37.734836285560924,17.008856682769725,22.322866344605476,0.3488996242619431,7.9039184111647875,7.011540526033279,5.555555555555555,1.1808910359634996,0.5770263016639828,0.08722490606548577,0.2683843263553409
207,37.90257648953301,17.002147074610843,22.29602791196994,0.3488996242619431,7.877079978529254,6.9243156199677935,5.535426731078905,1.1808910359634996,0.5770263016639828,0.08722490606548577,0.2683843263553409
208,38.06360708534621,16.948470209339774,22.228931830381107,0.3488996242619431,7.877079978529254,6.89747718733226,5.522007514761138,1.1808910359634996,0.5770263016639828,0.08722490606548577,0.2683843263553409
209,38.31186258722491,16.921631776704242,22.041062801932366,0.3488996242619431,7.87037037037037,6.870638754696726,5.522007514761138,1.1808910359634996,0.5770263016639828,0.08722490606548577,0.2683843263553409
210,38.506441223832525,16.921631776704242,21.940418679549115,0.3488996242619431,7.836822329575953,6.837090713902308,5.495169082125604,1.1808910359634996,0.5770263016639828,0.08722490606548577,0.2683843263553409
211,38.59366612989801,16.76731078904992,22.21551261406334,0.3488996242619431,7.7361782071927,6.749865807836822,5.495169082125604,1.1741814278046163,0.5770263016639828,0.08722490606548577,0.2549651100375738
212,38.84192163177671,16.686795491143318,21.786097691894792,0.3488996242619431,7.50805152979066,6.696188942565755,6.0587761674718195,1.1674718196457328,0.5636070853462157,0.08722490606548577,0.2549651100375738
213,39.029790660225444,16.646537842190018,21.64519592055824,0.3488996242619431,7.494632313472893,6.588835212023618,6.172839506172839,1.1674718196457328,0.5636070853462157,0.08722490606548577,0.2549651100375738
214,38.90230810520666,16.639828234031132,21.32313472893183,0.3488996242619431,7.917337627482555,6.716317767042405,6.078904991948471,1.1674718196457328,0.5636070853462157,0.08722490606548577,0.2549651100375738
215,39.029790660225444,16.639828234031132,21.235909822866343,0.3488996242619431,7.890499194847021,6.702898550724638,6.078904991948471,1.1674718196457328,0.5636070853462157,0.08722490606548577,0.2549651100375738
216,38.969404186795494,16.59957058507783,21.121846484165324,0.3488996242619431,7.87037037037037,6.689479334406871,6.327160493827161,1.1674718196457328,0.5636070853462157,0.08722490606548577,0.2549651100375738
217,38.87546967257112,16.485507246376812,21.014492753623188,0.3488996242619431,7.937466451959206,6.629092860976919,6.327160493827161,1.4761137949543746,0.5636070853462157,0.08722490606548577,0.2549651100375738
218,39.231078904991946,16.358024691358025,20.974235104669887,0.3488996242619431,7.883789586688137,6.588835212023618,6.246645195920558,1.4626945786366077,0.5636070853462157,0.08722490606548577,0.2549651100375738
219,39.31159420289855,16.324476650563607,20.819914117015568,0.3488996242619431,7.830112721417069,6.575415995705851,6.219806763285024,1.442565754159957,0.785024154589372,0.08722490606548577,0.2549651100375738
220,39.69404186795491,16.19699409554482,20.67230273752013,0.3488996242619431,7.944176060118089,6.468062265163715,6.1929683306494905,1.3553408480944713,0.785024154589372,0.08722490606548577,0.2549651100375738
221,39.80810520665593,15.962157809983896,20.605206655931294,0.3488996242619431,8.313204508856682,6.447933440687064,6.085614600107354,1.3150831991411702,0.785024154589372,0.07380568974771873,0.2549651100375738
222,40.063070316693505,15.915190552871712,20.471014492753625,0.3488996242619431,8.293075684380032,6.414385399892646,5.984970477724101,1.3955984970477724,0.785024154589372,0.07380568974771873,0.2549651100375738
223,40.465646806226516,15.861513687600644,20.242887815351583,0.3488996242619431,8.28636607622115,6.367418142780462,5.924584004294149,1.3888888888888888,0.785024154589372,0.07380568974771873,0.2549651100375738
224,40.425389157273216,15.83467525496511,20.229468599033815,0.3488996242619431,8.272946859903382,6.1862587224906065,5.911164787976382,1.3486312399355878,1.1137949543746646,0.07380568974771873,0.2549651100375738
225,40.66022544283414,15.827965646806227,20.135534084809446,0.3488996242619431,8.219269994632313,6.159420289855072,5.911164787976382,1.2949543746645196,1.1137949543746646,0.07380568974771873,0.2549651100375738
226,40.52603327965647,15.626677402039721,20.081857219538378,0.3488996242619431,8.76274825550188,6.125872249060655,5.891035963499732,1.2949543746645196,1.0869565217391304,,0.2549651100375738
227,40.82125603864734,15.539452495974235,19.98792270531401,0.30864197530864196,8.722490606548577,6.119162640901771,5.864197530864198,1.2949543746645196,1.0869565217391304,,0.2549651100375738
228,40.90848094471283,15.53274288781535,19.96779388083736,0.30864197530864196,8.695652173913043,6.099033816425121,5.850778314546431,1.2949543746645196,1.0869565217391304,,0.2549651100375738
229,40.9621578099839,15.458937198067632,19.867149758454108,0.30864197530864196,8.655394524959743,6.018518518518518,6.112453032742888,1.288244766505636,1.0735373054213635,,0.2549651100375738
230,41.37144390767579,15.438808373590982,19.753086419753085,0.30864197530864196,8.608427267847558,5.984970477724101,5.924584004294149,1.288244766505636,1.06682769726248,,0.2549651100375738
231,41.49892646269458,15.425389157273216,19.732957595276435,0.30864197530864196,8.57487922705314,5.9514224369296835,5.924584004294149,1.288244766505636,1.0399892646269457,,0.2549651100375738
232,41.59286097691895,15.418679549114332,19.685990338164252,0.30864197530864196,8.57487922705314,5.904455179817498,6.025228126677402,1.288244766505636,0.9460547504025765,,0.2549651100375738
233,41.92163177670424,15.28448738593666,19.585346215780998,0.30864197530864196,8.514492753623188,5.870907139023081,6.119162640901771,1.288244766505636,0.8521202361782072,,0.2549651100375738
234,42.21685453569511,15.257648953301127,19.45115405260333,0.30864197530864196,8.480944712828771,5.870907139023081,6.038647342995169,1.2681159420289856,0.8521202361782072,,0.2549651100375738
235,42.44498121309716,15.24422973698336,19.363929146537842,0.30864197530864196,8.467525496511003,5.810520665593129,6.005099302200751,1.247987117552335,0.8521202361782072,,0.2549651100375738
236,42.82742887815352,15.096618357487923,19.28341384863124,0.30864197530864196,8.420558239398819,5.736714975845411,5.971551261406334,1.247987117552335,0.8521202361782072,,0.2549651100375738
237,43.00858829844337,15.069779924852389,19.202898550724637,0.30864197530864196,8.413848631239935,5.703166935050993,5.9514224369296835,1.247987117552335,0.8387010198604401,,0.2549651100375738
