,45,50,55,51,53,52,56,54,58,60,57,59
0,98.7788513150832,1.221148684916801,,,,,,,,,,
1,98.38298443370907,1.6170155662909287,,,,,,,,,,
2,96.34997316156736,3.6500268384326353,,,,,,,,,,
3,80.03891572732152,18.592324208266238,1.3687600644122384,,,,,,,,,
4,75.53005904455179,23.101180891035963,1.3687600644122384,,,,,,,,,
5,67.62614063338701,31.736446591519055,0.6374127750939346,,,,,,,,,
6,64.40552871712292,34.84970477724101,0.6374127750939346,0.10735373054213634,,,,,,,,
7,60.37305421363392,33.17901234567901,0.6374127750939346,5.810520665593129,,,,,,,,
8,59.10493827160494,28.858024691358025,0.6374127750939346,8.407139023081053,2.9924852388620504,,,,,,,
9,48.26221148684917,39.51959205582394,0.6374127750939346,8.407139023081053,3.1736446591519054,,,,,,,
10,46.745840042941495,40.123456790123456,0.6374127750939346,8.225979602791197,3.1602254428341383,1.107085346215781,,,,,,
11,39.009661835748794,48.41653247450349,0.6374127750939346,6.810252281266774,3.1333870101986045,1.9927536231884058,,,,,,
12,39.090177133655395,48.35614600107354,0.6374127750939346,6.541867954911433,3.113258185721954,1.9860440150295222,0.27509393451422437,,,,,
13,37.23832528180354,49.83225979602791,0.6239935587761675,6.541867954911433,3.113258185721954,1.9860440150295222,0.27509393451422437,0.38915727321524424,,,,
14,37.47987117552335,49.6309715512614,0.6239935587761675,6.541867954911433,3.0931293612453032,1.9659151905528718,0.27509393451422437,0.38915727321524424,,,,
15,24.10762211486849,61.9699409554482,0.6239935587761675,6.501610305958132,2.8381642512077296,3.294417606011809,0.27509393451422437,0.38915727321524424,,,,
16,24.228395061728396,60.057702630166396,2.4154589371980677,6.501610305958132,2.8381642512077296,3.294417606011809,0.27509393451422437,0.38915727321524424,,,,
17,23.087761674718198,58.333333333333336,2.6502952227589907,6.099033816425121,2.281266774020397,6.810252281266774,0.27509393451422437,0.46296296296296297,,,,
18,21.692163177670423,53.02603327965647,4.367954911433173,16.552603327965645,0.35560923242082665,3.099838969404187,,0.9057971014492754,,,,
19,21.85990338164251,52.37520128824477,4.931561996779388,16.472088030059044,0.35560923242082665,3.099838969404187,,0.9057971014492754,,,,
20,21.77938808373591,51.348631239935585,4.891304347826087,15.4723564143854,0.322061191626409,5.280461621041331,,0.9057971014492754,,,,
21,21.390230810520666,48.87949543746645,4.1129898013955986,15.458937198067632,4.461889425657541,5.199946323134729,,0.49651100375738055,,,,
22,20.8467525496511,42.47181964573269,4.0995705850778315,22.34970477724101,4.448470209339774,5.287171229200215,,0.49651100375738055,,,,
23,16.418411164787976,41.10976918947934,4.0995705850778315,28.173644659151904,4.414922168545357,5.287171229200215,,0.49651100375738055,,,,
24,13.157541599570585,29.978529253891573,3.8848631239935587,41.90150295222759,7.809983896940419,3.1602254428341383,,0.10735373054213634,,,,
25,13.43263553408481,29.898013955984972,3.8580246913580245,41.7337627482555,7.809983896940419,3.1602254428341383,,0.10735373054213634,,,,
26,13.633923778851315,29.8040794417606,4.146537842190016,41.257380568974774,7.809983896940419,3.1602254428341383,0.08051529790660225,0.10735373054213634,,,,
27,13.848631239935587,29.70343531937735,4.213633923778851,41.0829307568438,7.809983896940419,3.1535158346752548,0.08051529790660225,0.10735373054213634,,,,
28,14.070048309178745,29.51556629092861,4.260601180891036,41.0024154589372,7.809983896940419,3.1535158346752548,0.08051529790660225,0.10735373054213634,,,,
29,14.251207729468598,29.468599033816425,4.260601180891036,40.90177133655394,7.776435856146001,3.1535158346752548,0.08051529790660225,0.10735373054213634,,,,
30,14.51959205582394,29.106280193236714,4.260601180891036,40.64009661835749,7.521470746108427,3.140096618357488,0.08051529790660225,0.7313472893183038,,,,
31,14.774557165861514,29.01905528717123,4.314278046162104,40.41867954911433,7.521470746108427,3.140096618357488,0.08051529790660225,0.7313472893183038,,,,
32,14.841653247450349,25.657541599570585,3.992216854535695,39.68733225979603,5.287171229200215,2.589908749329039,0.08051529790660225,7.863660762211487,,,,
33,15.170424047235642,25.617283950617285,3.6366076221148687,38.02334943639291,4.280730005367687,5.636070853462158,0.08051529790660225,7.555018786902845,,,,
34,15.365002683843263,25.597155126140635,3.6097691894793345,37.915995705850776,4.280730005367687,5.609232420826624,0.08051529790660225,7.541599570585078,,,,
35,15.405260332796564,25.55018786902845,3.6097691894793345,34.11164787976382,8.07836822329576,5.609232420826624,0.1274825550187869,7.50805152979066,,,,
36,14.546430488459475,26.46940418679549,4.528985507246377,33.65539452495974,7.595276435856146,5.5689747718733225,0.1274825550187869,7.50805152979066,,,,
37,14.479334406870638,24.973161567364468,6.937734836285561,33.21256038647343,7.353730542136339,5.548845947396672,0.1274825550187869,7.367149758454106,,,,
38,12.86231884057971,23.523886205045624,6.9310252281266775,36.171497584541065,7.065217391304348,5.9514224369296835,0.1274825550187869,7.367149758454106,,,,
39,13.097155126140633,23.49704777241009,6.904186795491143,36.05072463768116,7.03166935050993,5.9514224369296835,0.11406333870101985,7.353730542136339,,,,
40,13.365539452495975,23.45679012345679,6.884057971014493,35.87627482555019,7.03166935050993,5.917874396135265,0.11406333870101985,7.353730542136339,,,,
41,11.285560923242082,24.9194847020934,6.877348362855609,36.54723564143854,7.018250134192163,5.917874396135265,0.11406333870101985,7.320182501341922,,,,
42,11.225174449812132,22.33628556092324,6.6760601180891035,36.47342995169082,8.474235104669887,5.917874396135265,0.11406333870101985,8.467525496511003,0.3153515834675255,,,
43,11.43317230273752,22.128287707997853,7.179280730005368,36.07756307031669,8.447396672034353,5.917874396135265,0.11406333870101985,8.387010198604402,0.3153515834675255,,,
44,11.741814278046162,22.007514761137948,7.1725711218464845,35.789049919484704,8.447396672034353,5.917874396135265,0.2214170692431562,8.387010198604402,0.3153515834675255,,,
45,11.037305421363392,20.48443370907139,6.635802469135802,41.74718196457327,8.172302737520129,3.079710144927536,0.7783145464304885,7.749597423510467,0.3153515834675255,,,
46,11.218464841653248,20.39049919484702,6.9243156199677935,39.720880300590444,7.997852925389157,4.790660225442834,0.7783145464304885,7.863660762211487,0.3153515834675255,,,
47,11.446591519055287,20.209339774557165,7.695920558239399,37.11084272678475,7.971014492753623,5.5689747718733225,1.8585614600107354,7.823403113258186,0.3153515834675255,,,
48,10.030864197530864,17.16988727858293,7.615405260332796,43.71309715512614,7.796564680622652,3.9452495974235107,1.7713365539452497,7.64224369296833,0.3153515834675255,,,
49,10.332796564680622,17.136339237788512,7.615405260332796,43.25684380032206,7.749597423510467,3.878153515834675,2.086688137412775,7.628824476650563,0.3153515834675255,,,
50,10.0979602791197,17.082662372517444,7.112184648416532,35.92324208266237,7.682501341921632,9.192163177670425,1.2546967257112185,11.33923778851315,0.3153515834675255,,,
51,8.32662372517445,21.115136876006442,7.112184648416532,32.870370370370374,7.682501341921632,8.890230810520666,2.3617820719269993,11.325818572195384,0.3153515834675255,,,
52,8.474235104669887,21.068169618894256,6.481481481481482,32.6959205582394,8.420558239398819,8.876811594202898,2.3617820719269993,11.312399355877616,0.30864197530864196,,,
53,8.648684916800859,21.021202361782073,6.447933440687064,31.38083735909823,8.400429414922169,8.84326355340848,3.0864197530864197,11.862587224906065,0.30864197530864196,,,
54,8.313204508856682,16.894793344068706,5.193236714975845,31.03864734299517,8.132045088566828,14.888620504562533,3.0864197530864197,11.77536231884058,0.6776704240472357,,,
55,8.501073537305421,16.780730005367687,5.119431025228127,30.931293612453032,7.997852925389157,14.875201288244767,3.0864197530864197,12.030327428878154,0.6776704240472357,,,
56,8.756038647342995,16.774020397208805,4.985238862050457,30.88432635534085,7.96430488459474,15.754159957058508,3.0595813204508855,11.030595813204508,0.6776704240472357,0.11406333870101985,,
57,8.78287707997853,16.774020397208805,4.985238862050457,30.112721417069242,7.96430488459474,15.754159957058508,3.408480944712829,11.426462694578637,0.6776704240472357,0.11406333870101985,,
58,8.930488459473967,16.760601180891037,4.985238862050457,30.059044551798173,7.950885668276973,15.74074074074074,3.374932903918411,11.406333870101985,0.6776704240472357,0.11406333870101985,,
59,8.125335480407944,15.01610305958132,4.327697262479871,29.985238862050455,10.352925389157273,16.61969940955448,3.374932903918411,11.406333870101985,0.6776704240472357,0.11406333870101985,,
60,7.843531937734836,13.774825550187868,3.126677402039721,29.64975845410628,11.486849168008588,19.47128287707998,3.2474503488996245,10.02415458937198,0.13419216317767044,,1.2412775093934514,
61,8.152173913043478,13.674181427804616,3.0931293612453032,29.55582393988191,11.473429951690822,19.424315619967793,3.2340311325818574,10.017444981213098,0.13419216317767044,,1.2412775093934514,
62,8.199141170155663,13.674181427804616,2.844873859366613,29.09286097691895,12.245034889962426,19.384057971014492,3.2206119162640903,9.96376811594203,0.13419216317767044,,1.2412775093934514,
63,7.85024154589372,13.311862587224907,2.6972624798711755,28.535963499731615,17.793880837359097,15.45222758990875,4.2203435319377345,8.76274825550188,0.13419216317767044,,1.2412775093934514,
64,7.997852925389157,13.191089640365004,2.6972624798711755,28.093129361245303,15.881642512077295,17.51207729468599,4.206924315619967,8.709071390230811,0.13419216317767044,,1.5767579173376274,
65,8.239398819108963,13.157541599570585,2.49597423510467,27.985775630703166,15.425389157273216,17.465110037573805,4.200214707461084,8.702361782071927,0.2549651100375738,,2.073268921095008,
66,7.98443370907139,12.31213097155126,2.2946859903381642,26.89210950080515,13.633923778851315,26.04669887278583,3.408480944712829,5.709876543209877,0.0067096081588835215,,1.710950080515298,
67,8.239398819108963,12.305421363392378,1.8384326355340848,26.744498121309714,11.520397208803006,28.30112721417069,3.408480944712829,5.709876543209877,0.17444981213097155,,1.7579173376274826,
68,8.467525496511003,12.224906065485776,1.8250134192163177,26.67740203972088,11.520397208803006,28.052871712292003,3.535963499731616,5.709876543209877,0.17444981213097155,,1.8115942028985508,
69,8.668813741277509,12.224906065485776,1.8250134192163177,26.29495437466452,11.500268384326356,28.005904455179817,3.797638217928073,5.6964573268921095,0.17444981213097155,,1.8115942028985508,
70,8.68894256575416,12.191358024691358,3.260869565217391,24.9597423510467,11.366076221148685,27.89855072463768,3.797638217928073,5.6964573268921095,0.17444981213097155,,1.9659151905528718,
71,8.272946859903382,10.963499731615673,3.260869565217391,23.349436392914654,16.317767042404725,26.590177133655395,3.797638217928073,5.340848094471283,0.17444981213097155,,1.932367149758454,
72,5.421363392377885,17.773752012882447,3.4420289855072466,21.571390230810522,16.304347826086957,24.691358024691358,3.361513687600644,5.3274288781535155,0.17444981213097155,,1.932367149758454,
73,5.689747718733226,17.74020397208803,3.4286097691894795,21.544551798174986,16.27750939345142,24.57729468599034,3.3480944712828773,5.287171229200215,0.17444981213097155,,1.932367149758454,
74,5.9447128287707995,17.69994632313473,3.0931293612453032,21.155394524959743,15.069779924852389,24.094202898550726,3.3279656468062266,7.226247987117552,0.17444981213097155,,2.214170692431562,
75,6.219806763285024,17.632850241545892,3.079710144927536,21.155394524959743,15.01610305958132,23.95330112721417,3.3279656468062266,7.226247987117552,0.17444981213097155,,2.214170692431562,
76,5.60252281266774,16.59286097691895,3.079710144927536,32.326892109500804,11.58749329039184,19.35721953837896,3.307836822329576,6.6760601180891035,,,1.4694041867954912,
77,5.736714975845411,13.6808910359635,2.6972624798711755,34.346484165324746,11.178207192699947,20.108695652173914,3.307836822329576,7.4006977992485234,,,1.5432098765432098,
78,5.508588298443371,11.674718196457327,2.4892646269457863,35.648148148148145,12.332259796027913,19.04186795491143,3.421900161030596,8.340042941492216,,,1.5432098765432098,
79,5.669618894256575,11.60762211486849,2.5563607085346214,35.49382716049383,12.097423510466989,19.04186795491143,3.6500268384326353,8.340042941492216,,,1.5432098765432098,
80,5.864197530864198,11.553945249597424,2.522812667740204,34.816156736446594,12.06387546967257,18.69296833064949,3.7640901771336552,9.178743961352657,,,1.5432098765432098,
81,6.045356951154052,10.963499731615673,2.7241009125067097,33.823134728931834,11.533816425120772,20.377079978529252,3.8311862587224907,9.158615136876007,,,1.5432098765432098,
82,6.078904991948471,10.641438539989265,2.7241009125067097,33.01798174986581,11.533816425120772,19.082125603864736,3.844605475040258,11.533816425120772,,,1.5432098765432098,
83,6.347289318303811,10.601180891035963,2.6838432635534084,31.300322061191626,13.305152979066023,19.0552871712292,3.670155662909286,11.493558776167472,,,1.5432098765432098,
84,6.528448738593666,10.57434245840043,2.6838432635534084,31.226516371443907,13.197799248523886,19.0150295222759,3.670155662909286,11.493558776167472,,,1.6103059581320451,
85,6.702898550724638,10.393183038110575,2.898550724637681,31.11916264090177,13.157541599570585,18.98148148148148,3.670155662909286,11.466720343531938,,,1.6103059581320451,
86,6.823671497584541,10.0979602791197,2.898550724637681,32.380568974771876,13.144122383252817,18.10252281266774,3.5091250670960816,11.43317230273752,,,1.6103059581320451,
87,3.361513687600644,3.2742887815351582,0.6776704240472357,60.02415458937198,7.716049382716049,15.619967793880837,1.7176596886741815,7.367149758454106,,,0.24154589371980675,
88,3.616478797638218,3.2742887815351582,2.5161030595813205,56.44122383252818,9.125067096081589,16.11647879763822,1.7176596886741815,6.951154052603328,,,0.24154589371980675,
89,3.750670960815888,3.2742887815351582,2.5161030595813205,56.353998926462694,9.366612989801396,15.955448201825014,1.5901771336553945,6.951154052603328,,,0.24154589371980675,
90,3.9586688137412773,3.260869565217391,2.5429414922168547,56.21309715512614,9.339774557165862,15.915190552871712,1.5767579173376274,6.951154052603328,,,0.24154589371980675,
91,4.213633923778851,3.260869565217391,4.17337627482555,54.3545356951154,9.339774557165862,15.915190552871712,1.5499194847020934,6.951154052603328,,,0.24154589371980675,
92,4.3545356951154055,3.2340311325818574,4.1532474503489,51.45598497047772,12.177938808373591,15.821256038647343,1.5230810520665594,6.951154052603328,,,0.32877079978529256,
93,4.502147074610843,3.2340311325818574,4.1532474503489,51.1808910359635,12.157809983896941,15.780998389694043,1.710950080515298,6.951154052603328,,,0.32877079978529256,
94,4.783950617283951,3.2004830917874396,4.106280193236715,50.899087493290395,12.151100375738057,15.754159957058508,1.8250134192163177,6.951154052603328,,,0.32877079978529256,
95,4.884594739667204,2.1806226516371443,3.864734299516908,52.91867954911433,12.010198604401502,15.049651100375739,1.8115942028985508,6.951154052603328,,,0.32877079978529256,
96,5.0858829844337095,2.1806226516371443,3.864734299516908,52.75093934514224,12.00348899624262,15.411969940955448,1.8115942028985508,6.561996779388084,,,0.32877079978529256,
97,5.441492216854535,2.1806226516371443,3.864734299516908,52.442297369833604,11.849168008588299,15.411969940955448,1.8115942028985508,6.561996779388084,,,0.43612453032742887,
98,4.871175523349437,1.8250134192163177,3.7909286097691894,61.13794954374664,10.581052066559312,10.010735373054214,1.3419216317767042,5.924584004294149,0.2147074610842727,,0.30193236714975846,
99,4.87788513150832,1.778046162104133,2.7442297369833604,52.39533011272142,20.437466451959207,9.896672034353195,1.3419216317767042,5.756843800322061,0.2147074610842727,,0.5568974771873323,
100,5.2066559312936125,1.778046162104133,2.6637144390767578,50.32877079978529,20.336822329575952,9.86983360171766,3.3279656468062266,5.743424584004294,0.2147074610842727,,0.5300590445517982,
101,5.501878690284487,1.724369296833065,3.026033279656468,50.85212023617821,20.222758990874933,9.782608695652174,3.321256038647343,4.824208266237251,0.2147074610842727,,0.5300590445517982,
102,5.656199677938808,1.724369296833065,4.5893719806763285,49.22168545356951,20.1959205582394,9.722222222222221,3.321256038647343,4.824208266237251,0.2147074610842727,,0.5300590445517982,
103,5.609232420826624,1.556629092860977,5.642780461621041,47.18196457326892,18.65271068169619,12.466451959205582,3.321256038647343,4.824208266237251,0.2147074610842727,,0.5300590445517982,
104,5.723295759527644,1.556629092860977,5.636070853462158,47.034353193773484,18.612453032742888,12.130971551261407,3.7372517444981215,4.824208266237251,0.2147074610842727,,0.5300590445517982,
105,5.931293612453032,1.556629092860977,5.629361245303274,46.812936124530324,18.57890499194847,12.084004294149223,3.7372517444981215,4.924852388620504,0.2147074610842727,,0.5300590445517982,
106,5.984970477724101,1.556629092860977,6.796833064949007,45.69243156199678,18.417874396135264,12.04374664519592,3.965378421900161,4.797369833601718,0.2147074610842727,,0.5300590445517982,
107,6.132581857219538,1.556629092860977,6.689479334406871,43.82045088566828,20.605206655931294,11.98336017176597,4.2203435319377345,4.247181964573269,0.2147074610842727,,0.5300590445517982,
108,6.5552871712292005,1.556629092860977,6.689479334406871,43.646001073537306,20.437466451959207,11.902844873859367,4.2203435319377345,4.247181964573269,0.2147074610842727,,0.5300590445517982,
109,6.776704240472356,1.556629092860977,6.66935050993022,43.49838969404187,20.42404723564144,11.862587224906065,4.2203435319377345,4.247181964573269,0.2147074610842727,,0.5300590445517982,
110,7.212828770799785,1.556629092860977,6.662640901771336,43.263553408480945,20.33011272141707,11.802200751476114,4.180085882984434,4.247181964573269,0.2147074610842727,,0.5300590445517982,
111,7.4006977992485234,1.556629092860977,6.649221685453569,43.142780461621044,20.33011272141707,11.782071926999464,4.1532474503489,4.240472356414386,0.2147074610842727,,0.5300590445517982,
112,7.5281803542673105,1.556629092860977,6.421095008051529,42.17659688674181,21.39694041867955,11.782071926999464,4.1532474503489,4.240472356414386,0.2147074610842727,,0.5300590445517982,
113,7.749597423510467,1.556629092860977,6.394256575415996,41.80756843800322,21.370101986044016,11.98336017176597,4.1532474503489,4.240472356414386,0.2147074610842727,,0.5300590445517982,
114,7.877079978529254,1.556629092860977,6.380837359098229,41.7337627482555,21.329844337090712,11.98336017176597,4.1532474503489,4.240472356414386,0.2147074610842727,,0.5300590445517982,
115,7.96430488459474,1.5365002683843263,6.380837359098229,41.659957058507786,21.370101986044016,11.956521739130435,4.1532474503489,4.233762748255502,0.2147074610842727,,0.5300590445517982,
116,7.48792270531401,1.5365002683843263,7.0383789586688135,39.781266774020395,20.73268921095008,14.351851851851851,4.26731078904992,4.133118625872249,0.2147074610842727,,0.4562533548040794,
117,7.447665056360709,1.5365002683843263,6.823671497584541,38.077026301663984,20.517981749865807,16.680085882984432,4.26731078904992,3.9318303811057436,0.2616747181964573,,0.4562533548040794,
118,7.25979602791197,1.5365002683843263,7.87037037037037,35.87627482555019,19.14922168545357,19.43102522812668,4.253891572732153,3.9049919484702094,0.2616747181964573,,0.4562533548040794,
119,6.790123456790123,0.6776704240472357,7.856951154052603,34.03113258185722,20.229468599033815,21.953837895866883,3.8580246913580245,3.8915727321524423,0.2549651100375738,,0.4562533548040794,
120,6.937734836285561,0.6776704240472357,8.246108427267847,33.89023081052066,19.95437466451959,21.786097691894792,3.8177670424047236,3.8915727321524423,0.35560923242082665,,0.4428341384863124,
121,7.071926999463232,0.6776704240472357,7.729468599033816,33.25281803542673,21.598228663446054,21.121846484165324,3.8177670424047236,3.864734299516908,0.35560923242082665,,0.4428341384863124,0.06709608158883522
122,7.380568974771873,0.6776704240472357,8.621846484165324,32.99785292538916,21.511003757380568,20.135534084809446,3.4286097691894795,4.38137412775094,0.35560923242082665,,0.4428341384863124,0.06709608158883522
123,7.461084272678476,0.6776704240472357,8.621846484165324,32.95759527643585,21.484165324745035,20.12211486849168,3.4286097691894795,4.38137412775094,0.35560923242082665,,0.4428341384863124,0.06709608158883522
124,7.581857219538379,0.6776704240472357,8.621846484165324,32.910628019323674,21.4573268921095,20.108695652173914,3.4286097691894795,4.3478260869565215,0.35560923242082665,,0.4428341384863124,0.06709608158883522
125,7.877079978529254,0.6575415995705851,8.608427267847558,32.830112721417066,21.38352120236178,20.068438003220614,3.388352120236178,4.334406870638754,0.3421900161030596,,0.4428341384863124,0.06709608158883522
126,7.897208803005904,0.5233494363929146,8.930488459473967,32.25308641975309,21.18894256575416,19.98792270531401,3.5829307568438002,4.656468062265164,0.33548040794417605,,0.5770263016639828,0.06709608158883522
127,8.225979602791197,0.5233494363929146,9.286097691894794,32.038378958668815,20.88030059044552,19.826892109500804,3.5829307568438002,4.656468062265164,0.33548040794417605,,0.5770263016639828,0.06709608158883522
128,8.32662372517445,0.5233494363929146,9.024422973698336,31.99141170155663,20.853462157809982,20.068438003220614,3.5762211486849167,4.656468062265164,0.33548040794417605,,0.5770263016639828,0.06709608158883522
129,8.433977455716587,0.5233494363929146,9.024422973698336,31.93773483628556,20.725979602791195,20.041599570585078,3.6768652710681695,4.656468062265164,0.33548040794417605,,0.5770263016639828,0.06709608158883522
130,8.57487922705314,0.5233494363929146,9.024422973698336,31.863929146537842,20.725979602791195,20.001341921631777,3.6768652710681695,4.656468062265164,0.33548040794417605,,0.5501878690284487,0.06709608158883522
131,9.037842190016104,0.5233494363929146,8.943907675791733,31.790123456790123,20.48443370907139,19.961084272678477,3.6768652710681695,4.62962962962963,0.33548040794417605,,0.5501878690284487,0.06709608158883522
132,9.104938271604938,0.5233494363929146,8.93719806763285,32.79656468062265,19.47799248523886,19.92753623188406,3.6500268384326353,4.62962962962963,0.33548040794417605,,0.5501878690284487,0.06709608158883522
133,9.272678475577026,0.5099302200751477,8.93719806763285,33.95061728395062,19.363929146537842,18.739935587761675,3.6231884057971016,4.428341384863124,0.3824476650563607,,0.5300590445517982,0.2616747181964573
134,8.856682769726248,0.5099302200751477,8.876811594202898,37.8690284487386,18.947933440687063,15.747450348899624,3.5963499731615673,4.428341384863124,0.3824476650563607,,0.5233494363929146,0.2616747181964573
135,8.836553945249598,0.5099302200751477,9.078099838969404,37.76838432635534,18.907675791733762,15.727321524422974,3.5963499731615673,4.428341384863124,0.3824476650563607,,0.5032206119162641,0.2616747181964573
136,9.104938271604938,0.5099302200751477,9.01100375738057,37.57380568974772,18.78690284487386,15.727321524422974,3.7104133118625873,4.428341384863124,0.3824476650563607,,0.5032206119162641,0.2616747181964573
137,8.903650026838433,0.5099302200751477,7.48792270531401,41.27079978529254,18.323939881910896,15.318035426731079,2.6167471819645733,4.186795491143317,0.3421900161030596,,0.7783145464304885,0.2616747181964573
138,8.816425120772946,0.49651100375738055,6.629092860976919,42.411433172302736,18.4044551798175,14.53972088030059,3.1535158346752548,4.166666666666667,0.3421900161030596,,0.7783145464304885,0.2616747181964573
139,8.756038647342995,0.49651100375738055,6.622383252818035,41.88137412775094,18.391035963499732,14.526301663982823,3.7775093934514223,4.166666666666667,0.3421900161030596,,0.7783145464304885,0.2616747181964573
140,9.232420826623725,0.49651100375738055,6.608964036500268,41.54589371980676,18.337359098228664,14.452495974235104,3.7775093934514223,4.166666666666667,0.3421900161030596,,0.7783145464304885,0.2616747181964573
141,8.3467525496511,0.41599570585077833,6.3137412775093935,49.443102522812666,17.74020397208803,10.446859903381643,2.703972088030059,3.280998389694042,0.33548040794417605,,0.7447665056360708,0.2281266774020397
142,8.467525496511003,0.4025764895330113,6.286902844873859,49.08749329039184,17.69994632313473,10.393183038110575,2.703972088030059,3.6500268384326353,0.33548040794417605,,0.7447665056360708,0.2281266774020397
143,8.682232957595277,0.4025764895330113,6.380837359098229,48.993558776167475,17.64626945786366,10.352925389157273,2.703972088030059,3.5292538915727323,0.33548040794417605,,0.7447665056360708,0.2281266774020397
144,8.702361782071927,0.4025764895330113,6.273483628556092,51.268115942028984,16.888083735909824,9.111647879763822,2.703972088030059,3.408480944712829,0.33548040794417605,,0.7447665056360708,0.1610305958132045
145,8.870101986044014,0.4025764895330113,6.273483628556092,51.12050456253355,16.67337627482555,9.084809447128288,2.690552871712292,3.643317230273752,0.33548040794417605,,0.7447665056360708,0.1610305958132045
146,8.742619431025227,0.4025764895330113,6.018518518518518,50.717928073000536,18.377616747181964,8.387010198604402,2.4691358024691357,3.643317230273752,0.33548040794417605,,0.7447665056360708,0.1610305958132045
147,9.131776704240472,0.4025764895330113,6.018518518518518,50.375738056897475,18.370907139023082,8.36688137412775,2.4691358024691357,3.6231884057971016,0.33548040794417605,,0.7447665056360708,0.1610305958132045
148,8.80300590445518,0.4025764895330113,6.1929683306494905,52.804616210413315,18.4044551798175,6.904186795491143,2.2879763821792807,3.026033279656468,0.33548040794417605,,0.6776704240472357,0.1610305958132045
149,8.789586688137414,0.3757380568974772,6.072195383789587,52.77777777777778,18.38432635534085,6.890767579173376,1.9726247987117553,3.5628019323671496,0.33548040794417605,,0.6776704240472357,0.1610305958132045
150,9.111647879763822,0.36231884057971014,6.729736983360172,51.38217928073001,18.780193236714975,6.877348362855609,2.01959205582394,3.5628019323671496,0.33548040794417605,,0.6776704240472357,0.1610305958132045
151,9.312936124530328,0.36231884057971014,6.689479334406871,51.281535158346756,18.719806763285025,6.877348362855609,2.01959205582394,3.5628019323671496,0.33548040794417605,,0.6776704240472357,0.1610305958132045
152,9.359903381642512,0.36231884057971014,6.66935050993022,51.08024691358025,17.344337090713903,8.433977455716587,2.0128824476650564,3.5628019323671496,0.33548040794417605,,0.6776704240472357,0.1610305958132045
153,9.608158883521202,0.36231884057971014,6.642512077294686,50.81186258722491,17.344337090713903,8.407139023081053,2.167203435319377,3.535963499731616,0.33548040794417605,,0.6776704240472357,0.10735373054213634
154,9.856414385399892,0.36231884057971014,6.588835212023618,50.66425120772947,17.297369833601717,8.407139023081053,2.167203435319377,3.535963499731616,0.33548040794417605,,0.6776704240472357,0.10735373054213634
155,10.158346752549651,0.36231884057971014,6.5485775630703165,50.52334943639291,17.216854535695116,8.36688137412775,2.167203435319377,3.535963499731616,0.33548040794417605,,0.6776704240472357,0.10735373054213634
156,10.34621578099839,0.36231884057971014,6.535158346752549,50.40257648953301,17.19001610305958,8.36688137412775,2.167203435319377,3.5091250670960816,0.33548040794417605,,0.6776704240472357,0.10735373054213634
157,10.426731078904991,0.36231884057971014,6.481481481481482,50.32206119162641,17.05582393988191,8.266237251744498,2.167203435319377,3.797638217928073,0.33548040794417605,,0.6776704240472357,0.10735373054213634
158,10.587761674718196,0.36231884057971014,6.481481481481482,50.20799785292539,17.008856682769725,8.266237251744498,2.167203435319377,3.797638217928073,0.33548040794417605,,0.6776704240472357,0.10735373054213634
159,10.72866344605475,0.36231884057971014,6.468062265163715,48.97342995169082,16.901502952227588,9.151905528717123,2.509393451422437,3.784219001610306,0.33548040794417605,,0.6776704240472357,0.10735373054213634
160,10.84272678475577,0.36231884057971014,6.407675791733762,48.128019323671495,16.854535695115406,9.131776704240472,2.3081052066559313,4.8443370907139025,0.33548040794417605,,0.6776704240472357,0.10735373054213634
161,10.88298443370907,0.36231884057971014,6.347289318303811,47.78582930756844,16.847826086956523,9.118357487922705,2.690552871712292,4.8443370907139025,0.33548040794417605,,0.6776704240472357,0.10735373054213634
162,11.030595813204508,0.36231884057971014,6.3137412775093935,47.477187332259795,16.78743961352657,9.118357487922705,2.690552871712292,5.0993022007514766,0.33548040794417605,,0.6776704240472357,0.10735373054213634
163,10.507246376811594,0.2549651100375738,5.904455179817498,49.584004294149224,16.210413311862588,8.80300590445518,2.7844873859366612,4.830917874396135,0.33548040794417605,,0.6776704240472357,0.10735373054213634
164,10.768921095008052,0.2549651100375738,5.844068706387547,49.483360171765966,16.17686527106817,8.776167471819646,2.7442297369833604,4.830917874396135,0.33548040794417605,,0.6776704240472357,0.10735373054213634
165,11.07085346215781,0.2549651100375738,5.776972624798712,49.21497584541063,16.150026838432634,8.776167471819646,2.85829307568438,4.830917874396135,0.30864197530864196,,0.6508319914117016,0.10735373054213634
166,11.325818572195384,0.2549651100375738,5.776972624798712,49.020397208803004,16.11647879763822,8.749329039184111,2.85829307568438,4.830917874396135,0.30864197530864196,,0.6508319914117016,0.10735373054213634
167,11.600912506709609,0.2549651100375738,5.756843800322061,48.83252818035427,16.09634997316157,8.722490606548577,2.85829307568438,4.810789049919484,0.30864197530864196,,0.6508319914117016,0.10735373054213634
168,11.708266237251744,0.2549651100375738,5.756843800322061,48.772141706924316,16.069511540526033,8.709071390230811,2.85829307568438,4.804079441760601,0.30864197530864196,,0.6508319914117016,0.10735373054213634
169,11.768652710681696,0.23483628556092323,5.609232420826624,49.3491680085883,15.445517981749866,8.695652173913043,2.8381642512077296,4.797369833601718,0.5032206119162641,,0.6508319914117016,0.10735373054213634
170,11.943102522812667,0.2214170692431562,5.421363392377885,49.23510466988728,15.418679549114332,8.655394524959743,2.8381642512077296,5.005367686527107,0.5032206119162641,,0.6508319914117016,0.10735373054213634
171,12.037037037037036,0.2214170692431562,5.421363392377885,48.84594739667203,15.418679549114332,8.521202361782072,3.1333870101986045,5.005367686527107,0.5032206119162641,,0.785024154589372,0.10735373054213634
172,12.318840579710145,0.2214170692431562,5.3274288781535155,48.711755233494365,15.398550724637682,8.521202361782072,3.126677402039721,4.978529253891573,0.5032206119162641,,0.785024154589372,0.10735373054213634
173,12.406065485775631,0.2214170692431562,5.548845947396672,47.53086419753087,15.74074074074074,8.494363929146537,3.3413848631239937,5.320719269994632,0.5032206119162641,,0.785024154589372,0.10735373054213634
174,12.734836285560924,0.2214170692431562,5.522007514761138,47.43022007514761,15.250939345142244,8.917069243156199,3.3413848631239937,5.314009661835748,0.38915727321524424,,0.785024154589372,0.0939345142243693
175,12.701288244766506,0.2214170692431562,5.783682232957595,46.95383789586688,15.217391304347826,8.910359634997317,3.629898013955985,5.314009661835748,0.38915727321524424,,0.785024154589372,0.0939345142243693
176,12.848899624261943,0.2214170692431562,5.783682232957595,46.89345142243693,15.163714439076758,8.910359634997317,3.629898013955985,5.280461621041331,0.38915727321524424,,0.785024154589372,0.0939345142243693
177,12.969672571121846,0.2214170692431562,5.776972624798712,46.64519592055824,15.150295222758992,8.910359634997317,3.7775093934514223,5.280461621041331,0.38915727321524424,,0.785024154589372,0.0939345142243693
178,13.050187869028449,0.2214170692431562,5.776972624798712,46.61835748792271,15.136876006441224,8.870101986044014,3.7775093934514223,5.280461621041331,0.38915727321524424,,0.785024154589372,0.0939345142243693
179,13.191089640365004,0.2214170692431562,5.750134192163178,46.5378421900161,15.11003757380569,8.863392377885132,3.7775093934514223,5.280461621041331,0.38915727321524424,,0.785024154589372,0.0939345142243693
180,13.39237788513151,0.2214170692431562,5.743424584004294,45.8870101986044,15.11003757380569,8.863392377885132,4.025764895330113,5.488459473966721,0.38915727321524424,,0.785024154589372,0.0939345142243693
181,13.66076221148685,0.2214170692431562,5.743424584004294,45.54482018250134,15.076489533011273,8.856682769726248,4.1532474503489,5.475040257648954,0.38915727321524424,,0.785024154589372,0.0939345142243693
182,13.79495437466452,0.2214170692431562,5.743424584004294,45.46430488459474,15.056360708534621,8.836553945249598,4.1532474503489,5.4616210413311865,0.38915727321524424,,0.785024154589372,0.0939345142243693
183,14.15727321524423,0.2214170692431562,5.703166935050993,44.97450348899624,15.002683843263553,8.796296296296296,4.139828234031133,5.736714975845411,0.38915727321524424,,0.785024154589372,0.0939345142243693
184,14.2914653784219,0.2214170692431562,6.239935587761675,44.337090713902306,14.982555018786902,8.78287707997853,4.139828234031133,5.736714975845411,0.38915727321524424,,0.785024154589372,0.0939345142243693
185,14.358561460010735,0.2214170692431562,6.535158346752549,44.0955448201825,14.814814814814815,8.709071390230811,4.1129898013955986,5.904455179817498,0.36902844873859364,,0.785024154589372,0.0939345142243693
186,14.237788513150832,0.17444981213097155,6.575415995705851,43.65271068169619,14.325013419216317,8.541331186258722,4.40150295222759,6.723027375201288,0.48980139559849706,,0.785024154589372,0.0939345142243693
187,14.345142243692969,0.17444981213097155,6.622383252818035,43.59903381642512,14.298174986580785,8.474235104669887,4.40150295222759,6.716317767042405,0.48980139559849706,,0.785024154589372,0.0939345142243693
188,14.445786366076222,0.17444981213097155,6.608964036500268,43.02871712292002,14.284755770263017,8.433977455716587,4.636339237788513,7.0450885668276975,0.48980139559849706,,0.7581857219538379,0.0939345142243693
189,14.573268921095009,0.17444981213097155,6.608964036500268,42.914653784219,14.237788513150832,8.427267847557703,4.636339237788513,7.004830917874396,0.48980139559849706,,0.8387010198604401,0.0939345142243693
190,14.593397745571659,0.16774020397208803,6.602254428341385,41.176865271068166,14.036500268384327,8.427267847557703,4.898013955984971,8.561460010735374,0.6038647342995169,,0.8387010198604401,0.0939345142243693
191,14.774557165861514,0.16774020397208803,6.602254428341385,41.1231884057971,13.841921631776705,8.393719806763285,5.0858829844337095,8.480944712828771,0.5971551261406334,,0.8387010198604401,0.0939345142243693
192,14.989264626945786,0.16774020397208803,6.575415995705851,41.015834675254965,13.788244766505636,8.393719806763285,5.0858829844337095,8.454106280193237,0.5971551261406334,,0.8387010198604401,0.0939345142243693
193,15.08990874932904,0.16774020397208803,6.575415995705851,40.47906602254428,13.707729468599034,8.373590982286634,5.032206119162641,9.044551798174986,0.5971551261406334,,0.8387010198604401,0.0939345142243693
194,15.08990874932904,0.16774020397208803,6.629092860976919,40.21739130434783,13.674181427804616,8.373590982286634,5.005367686527107,9.346484165324744,0.5636070853462157,,0.8387010198604401,0.0939345142243693
195,15.237520128824476,0.16774020397208803,6.991411701556629,39.76784755770263,13.633923778851315,8.353462157809984,5.01207729468599,9.339774557165862,0.5636070853462157,,0.8387010198604401,0.0939345142243693
196,15.344873859366613,0.16774020397208803,6.937734836285561,39.761137949543745,13.70101986044015,8.467525496511003,4.871175523349437,9.252549651100376,0.5636070853462157,,0.8387010198604401,0.0939345142243693
197,14.922168545356952,0.16774020397208803,6.9243156199677935,38.04347826086956,15.975577026301664,8.447396672034353,4.851046698872786,9.172034353193773,0.5636070853462157,,0.8387010198604401,0.0939345142243693
198,15.13016639828234,0.16774020397208803,6.9243156199677935,37.88244766505636,15.955448201825014,8.447396672034353,4.851046698872786,9.145195920558239,0.5636070853462157,,0.8387010198604401,0.0939345142243693
199,15.083199141170155,0.16774020397208803,6.9243156199677935,37.36580783682233,15.827965646806227,8.447396672034353,4.683306494900698,10.017444981213098,0.5501878690284487,,0.8387010198604401,0.0939345142243693
200,14.875201288244767,0.16774020397208803,8.105206655931294,36.560654857756305,16.223832528180353,7.823403113258186,4.683306494900698,9.957058507783145,0.6709608158883521,,0.8387010198604401,0.0939345142243693
201,14.935587761674718,0.16774020397208803,8.091787439613526,36.560654857756305,16.223832528180353,7.823403113258186,4.683306494900698,9.681964573268921,0.8990874932903918,,0.8387010198604401,0.0939345142243693
202,15.150295222758992,0.16774020397208803,8.004562533548041,36.32581857219538,16.646537842190018,7.796564680622652,4.609500805152979,9.473966720343531,0.8990874932903918,,0.8387010198604401,0.08722490606548577
203,15.365002683843263,0.16774020397208803,7.971014492753623,36.03730542136339,16.525764895330113,7.64224369296833,4.468599033816425,10.037573805689748,0.8990874932903918,,0.798443370907139,0.08722490606548577
204,15.60654857756307,0.16774020397208803,7.957595276435856,35.90311325818572,16.478797638217927,7.62211486849168,4.468599033816425,10.010735373054214,0.8990874932903918,,0.798443370907139,0.08722490606548577
205,15.673644659151906,0.16774020397208803,7.957595276435856,35.869565217391305,16.458668813741276,7.615405260332796,4.461889425657541,10.010735373054214,0.8990874932903918,,0.798443370907139,0.08722490606548577
206,15.780998389694043,0.16774020397208803,7.957595276435856,35.82259796027912,16.25738056897477,7.601986044015029,4.461889425657541,10.185185185185185,0.8789586688137413,,0.798443370907139,0.08722490606548577
207,15.754159957058508,0.16774020397208803,7.689210950080516,35.53408480944713,16.163446054750402,7.514761137949543,4.388083735909823,11.023886205045626,0.8789586688137413,,0.798443370907139,0.08722490606548577
208,15.881642512077295,0.16774020397208803,7.682501341921632,35.47369833601718,16.14331723027375,7.514761137949543,4.388083735909823,11.023886205045626,0.8789586688137413,,0.7581857219538379,0.08722490606548577
209,16.076221148684915,0.16774020397208803,7.454374664519592,35.225442834138484,16.1231884057971,7.347020933977456,4.388083735909823,11.506977992485238,0.8789586688137413,,0.7447665056360708,0.08722490606548577
210,16.27750939345142,0.16774020397208803,7.4141170155662905,35.12479871175523,16.1231884057971,7.347020933977456,4.38137412775094,11.453301127214171,0.8789586688137413,,0.7447665056360708,0.08722490606548577
211,16.57944176060118,0.16774020397208803,7.4006977992485234,34.93022007514761,16.109769189479334,7.326892109500805,4.367954911433173,11.41304347826087,0.8789586688137413,,0.7380568974771873,0.08722490606548577
212,16.72705314009662,0.16774020397208803,7.367149758454106,34.896672034353195,16.056092324208265,7.326892109500805,4.367954911433173,11.386205045625335,0.8789586688137413,,0.7380568974771873,0.08722490606548577
213,16.82769726247987,0.16774020397208803,7.776435856146001,34.49409554482018,15.76086956521739,7.313472893183038,4.690016103059581,11.386205045625335,0.7581857219538379,,0.7380568974771873,0.08722490606548577
214,16.794149221685455,0.16774020397208803,8.205850778314547,34.21900161030596,15.693773483628556,7.25979602791197,4.690016103059581,11.386205045625335,0.7581857219538379,,0.7380568974771873,0.08722490606548577
215,17.143048845947398,0.16774020397208803,8.172302737520129,34.004294149221685,15.841384863123993,7.239667203435319,4.488727858293076,11.3593666129898,0.7581857219538379,,0.7380568974771873,0.08722490606548577
