,45,50,53,55,51,54,58,52,56,57
0,99.47665056360708,0.5233494363929146,,,,,,,,
1,97.15512614063339,2.844873859366613,,,,,,,,
2,90.80112721417069,9.198872785829307,,,,,,,,
3,89.10359634997316,10.896403650026839,,,,,,,,
4,85.13150831991412,14.868491680085883,,,,,,,,
5,30.891035963499732,69.10896403650027,,,,,,,,
6,31.0654857756307,56.937734836285564,9.27938808373591,2.717391304347826,,,,,,
7,28.73054213633924,55.36768652710682,9.252549651100376,2.804616210413312,3.844605475040258,,,,,
8,23.906333870101985,62.432903918411164,9.219001610305957,2.7241009125067097,1.7176596886741815,,,,,
9,19.57192699946323,53.187063875469676,8.53462157809984,2.717391304347826,14.170692431561998,1.5230810520665594,0.2952227589908749,,,
10,11.949812130971551,59.796027911969944,8.501073537305421,2.6838432635534084,14.110305958132045,2.6637144390767578,0.2952227589908749,,,
11,10.540794417606012,57.51476113794954,6.622383252818035,2.6637144390767578,17.52549651100376,4.8376274825550185,0.2952227589908749,,,
12,9.29951690821256,49.584004294149224,5.6964573268921095,2.636876006441224,30.038915727321523,2.4490069779924855,0.2952227589908749,,,
13,7.051798174986581,19.330381105743424,1.6103059581320451,0.06709608158883522,56.18625872249061,,,15.277777777777779,0.20128824476650564,0.27509393451422437
14,7.326892109500805,18.780193236714975,1.6103059581320451,0.5300590445517982,56.005099302200755,,,15.150295222758992,0.20128824476650564,0.39586688137412773
15,7.7831454643048845,18.63929146537842,3.743961352657005,0.5300590445517982,53.75067096081589,,,14.955716586151368,0.20128824476650564,0.39586688137412773
16,7.5281803542673105,16.411701556629094,4.810789049919484,0.5300590445517982,49.563875469672574,2.046430488459474,,16.223832528180353,2.4892646269457863,0.39586688137412773
17,7.608695652173913,16.344605475040257,2.462426194310252,0.5300590445517982,53.62989801395599,0.41599570585077833,,16.035963499731615,2.5161030595813205,0.4562533548040794
18,7.407407407407407,16.223832528180353,4.502147074610843,0.8051529790660226,41.237251744498124,0.41599570585077833,,26.247987117552334,2.7241009125067097,0.43612453032742887
19,7.729468599033816,14.828234031132581,4.213633923778851,1.1406333870101986,40.92860976918948,2.1135265700483092,,25.758185721953836,2.8515834675254963,0.43612453032742887
20,7.796564680622652,14.781266774020397,4.206924315619967,1.1406333870101986,48.25550187869028,2.4490069779924855,,18.21658615136876,2.9052603327965647,0.24825550187869028
21,7.27992485238862,13.365539452495975,4.186795491143317,1.2278582930756843,45.21604938271605,2.214170692431562,,19.85373054213634,6.421095008051529,0.23483628556092323
22,7.434245840042942,12.801932367149758,6.125872249060655,1.288244766505636,41.06280193236715,2.214170692431562,0.07380568974771873,23.45679012345679,5.314009661835748,0.2281266774020397
23,7.803274288781535,12.661030595813205,6.125872249060655,6.0587761674718195,36.46672034353194,1.932367149758454,0.07380568974771873,23.396403650026837,5.253623188405797,0.2281266774020397
24,6.843800322061192,15.398550724637682,6.018518518518518,6.0587761674718195,36.41304347826087,1.932367149758454,0.07380568974771873,21.497584541062803,5.246913580246914,0.5166398282340311
25,6.515029522275899,13.56682769726248,4.8376274825550185,5.9447128287707995,44.0955448201825,4.0995705850778315,0.07380568974771873,17.498658078368223,2.9253891572732154,0.4428341384863124
26,6.380837359098229,13.560118089103597,4.8376274825550185,5.917874396135265,44.73966720343532,4.032474503488996,0.07380568974771873,16.968599033816425,3.046162104133119,0.4428341384863124
27,6.8035426731078905,13.499731615673644,4.810789049919484,5.891035963499732,44.56521739130435,4.019055287171229,0.07380568974771873,16.861245303274288,3.0327428878153517,0.4428341384863124
28,7.25979602791197,12.580515297906603,4.797369833601718,4.51556629092861,44.14251207729468,4.958400429414922,0.07380568974771873,18.136070853462158,3.0931293612453032,0.4428341384863124
29,7.702630166398282,12.567096081588835,4.750402576489533,4.51556629092861,43.74664519592056,4.958400429414922,0.07380568974771873,17.98845947396672,3.2541599570585076,0.4428341384863124
30,7.809983896940419,12.567096081588835,6.736446591519055,3.3480944712828773,43.29039184111648,4.931561996779388,0.07380568974771873,17.54562533548041,3.2541599570585076,0.4428341384863124
31,8.11862587224906,12.560386473429952,6.696188942565755,3.6231884057971016,42.82742887815352,4.904723564143854,0.07380568974771873,17.505367686527105,3.2541599570585076,0.43612453032742887
32,7.856951154052603,12.359098228663447,6.5552871712292005,3.616478797638218,37.4597423510467,4.750402576489533,0.07380568974771873,23.74530327428878,3.1468062265163717,0.43612453032742887
33,7.0383789586688135,7.185990338164252,6.132581857219538,2.9924852388620504,38.479602791196996,1.3821792807300053,0.2683843263553409,33.051529790660226,3.0327428878153517,0.43612453032742887
34,7.1658615136876005,7.185990338164252,8.957326892109501,2.965646806226516,35.889694041867955,1.2278582930756843,0.2683843263553409,32.25979602791197,2.8784219001610305,1.2010198604401503
35,7.159151905528717,7.1725711218464845,11.023886205045626,2.8784219001610305,34.66854535695116,1.247987117552335,0.2683843263553409,32.10547504025765,2.2745571658615136,1.2010198604401503
36,6.790123456790123,4.53569511540526,10.950080515297907,2.8247450348899625,33.45410628019324,1.247987117552335,0.2683843263553409,36.99006977992485,1.9659151905528718,0.9728931830381106
37,7.098765432098766,4.508856682769726,10.88298443370907,2.8247450348899625,31.629092860976918,1.247987117552335,0.2616747181964573,35.648148148148145,4.924852388620504,0.9728931830381106
38,7.367149758454106,4.508856682769726,10.856146001073537,2.8247450348899625,31.50161030595813,1.2144390767579174,0.2616747181964573,35.44685990338164,4.924852388620504,1.093666129898014
39,8.051529790660226,4.414922168545357,10.7085346215781,2.757648953301127,32.64224369296833,1.2144390767579174,0.39586688137412773,33.58829844337091,5.139559849704777,1.0869565217391304
40,6.045356951154052,4.240472356414386,9.151905528717123,1.6304347826086956,24.174718196457327,1.1540526033279657,0.2549651100375738,50.32206119162641,2.086688137412775,0.9393451422436929
41,6.025228126677402,4.240472356414386,9.037842190016104,1.6304347826086956,22.987117552334944,6.595544820182502,0.2549651100375738,46.081588835212024,2.086688137412775,1.0601180891035964
42,6.414385399892646,4.240472356414386,8.997584541062801,1.6304347826086956,22.973698336017176,6.568706387546968,0.2549651100375738,45.67230273752013,2.086688137412775,1.1607622114868492
43,6.629092860976919,3.965378421900161,8.467525496511003,1.865271068169619,22.745571658615138,6.662640901771336,0.2952227589908749,45.893719806763286,2.428878153515835,1.0466988727858293
44,6.736446591519055,3.589640365002684,8.440687063875469,1.8518518518518519,24.496779388083738,5.522007514761138,0.17444981213097155,45.62533548040794,2.576489533011272,0.9863123993558777
45,6.535158346752549,3.5292538915727323,5.8172302737520125,1.8183038110574343,33.00456253354804,4.938271604938271,0.15432098765432098,41.438539989264626,1.8518518518518519,0.9125067096081588
46,6.991411701556629,3.515834675254965,5.797101449275362,1.7847557702630166,32.6154052603328,4.757112184648417,0.15432098765432098,41.17015566290929,2.301395598497048,0.9125067096081588
47,7.454374664519592,3.515834675254965,5.736714975845411,1.7713365539452497,31.186258722490606,7.253086419753086,0.15432098765432098,39.71417069243156,2.301395598497048,0.9125067096081588
48,7.742887815351583,3.455448201825013,5.723295759527644,1.7713365539452497,30.9849704777241,7.226247987117552,0.15432098765432098,39.63365539452496,2.395330112721417,0.9125067096081588
49,8.165593129361245,3.3480944712828773,5.71658615136876,1.7713365539452497,30.864197530864196,7.071926999463232,0.2952227589908749,39.432367149758456,2.4221685453569513,0.9125067096081588
50,8.548040794417606,3.3480944712828773,5.71658615136876,1.7646269457863661,30.56897477187332,7.058507783145465,0.2952227589908749,39.36527106816962,2.4221685453569513,0.9125067096081588
51,8.836553945249598,3.2675791733762747,5.4549114331723025,1.710950080515298,31.91760601180891,7.018250134192163,0.2952227589908749,38.08373590982286,2.3752012882447664,1.0399892646269457
52,8.460815888352121,2.4221685453569513,5.421363392377885,1.6639828234031133,38.539989264626946,6.998121309715513,0.2952227589908749,32.420826623725176,2.4691358024691357,1.3083735909822867
53,8.863392377885132,2.4221685453569513,5.374396135265701,1.6505636070853462,38.197799248523886,6.984702093397746,0.2952227589908749,32.25308641975309,2.6502952227589907,1.3083735909822867
54,8.856682769726248,2.4020397208803006,8.55475040257649,1.6371443907675791,35.258990874932906,6.984702093397746,0.2952227589908749,32.00483091787439,2.5966183574879227,1.4090177133655395
55,5.730005367686527,24.516908212560388,8.252818035426731,3.294417606011809,27.549651100375737,4.931561996779388,0.15432098765432098,22.57783145464305,1.9659151905528718,1.0265700483091786
56,5.991680085882985,21.967257112184647,10.681696188942565,3.294417606011809,27.4020397208803,4.931561996779388,0.15432098765432098,22.32957595276436,2.0665593129361244,1.1808910359634996
57,6.333870101986044,21.91358024691358,10.581052066559312,3.2474503488996245,27.32823403113258,4.918142780461621,0.15432098765432098,22.31615673644659,2.0263016639828235,1.1808910359634996
58,6.769994632313473,14.78797638217928,8.111916264090176,3.1333870101986045,32.6154052603328,4.911433172302737,0.15432098765432098,26.060118089103597,1.9256575415995705,1.5297906602254427
59,6.850509930220075,13.103864734299517,7.843531937734836,5.213365539452496,35.21202361782072,3.066290928609769,0.15432098765432098,25.174449812130973,1.8518518518518519,1.5297906602254427
60,7.25979602791197,13.056897477187333,7.843531937734836,5.213365539452496,35.04428341384863,3.052871712292002,0.15432098765432098,24.993290391841118,1.8518518518518519,1.5297906602254427
61,6.031937734836285,11.79549114331723,5.253623188405797,5.152979066022544,30.864197530864196,2.3215244229736984,0.30193236714975846,35.28582930756844,1.7042404723564144,1.288244766505636
62,6.702898550724638,10.453569511540525,5.233494363929147,5.119431025228127,36.963231347289316,2.3215244229736984,0.4227053140096618,29.69001610305958,1.8048845947396672,1.288244766505636
63,7.011540526033279,10.406602254428341,7.360440150295223,4.643048845947397,36.252012882447666,1.8183038110574343,0.4227053140096618,28.710413311862588,2.086688137412775,1.288244766505636
64,7.273215244229737,10.379763821792807,7.118894256575416,5.132850241545894,35.43344068706388,2.0397208803005906,0.4227053140096618,28.629898013955984,2.281266774020397,1.288244766505636
65,7.716049382716049,10.312667740203972,7.112184648416532,5.01207729468599,33.1454643048846,2.033011272141707,0.4227053140096618,30.67632850241546,2.281266774020397,1.288244766505636
66,7.467793880837359,10.245571658615138,8.272946859903382,5.052334943639291,37.88915727321525,1.8048845947396672,0.4227053140096618,25.93263553408481,1.9726247987117553,0.9393451422436929
67,7.856951154052603,10.245571658615138,8.259527643585615,5.038915727321524,36.70155662909286,1.7847557702630166,0.4227053140096618,25.637412775093935,3.113258185721954,0.9393451422436929
68,8.279656468062266,6.642512077294686,10.285829307568438,5.005367686527107,35.02415458937198,1.6371443907675791,0.4227053140096618,28.85131508319914,2.9119699409554483,0.9393451422436929
69,8.682232957595277,6.615673644659152,9.876543209876543,4.978529253891573,35.319377348362856,1.6371443907675791,0.4227053140096618,28.61647879763822,2.952227589908749,0.8990874932903918
70,7.863660762211487,6.595544820182502,8.427267847557703,5.636070853462158,33.782877079978526,1.6371443907675791,0.3824476650563607,31.93773483628556,2.871712292002147,0.8655394524959742
71,8.601717659688674,6.474771873322598,8.319914117015566,5.5689747718733225,33.621846484165324,1.6103059581320451,0.3824476650563607,31.407675791733762,3.1602254428341383,0.8521202361782072
72,9.004294149221685,6.327160493827161,8.319914117015566,5.629361245303274,33.48765432098765,1.6103059581320451,0.3824476650563607,31.280193236714975,3.1065485775630703,0.8521202361782072
73,9.353193773483628,6.266774020397209,8.239398819108963,5.743424584004294,33.10520665593129,1.6035963499731616,0.3824476650563607,30.709876543209877,3.4621578099838968,1.133923778851315
74,9.581320450885668,6.239935587761675,8.219269994632313,5.763553408480945,32.99785292538916,1.6035963499731616,0.3824476650563607,30.54884594739667,3.4621578099838968,1.2010198604401503
75,10.00402576489533,6.031937734836285,8.172302737520129,5.662909286097692,32.8569511540526,2.3617820719269993,0.2616747181964573,29.985238862050455,3.4621578099838968,1.2010198604401503
76,10.178475577026301,5.938003220611916,8.172302737520129,5.5756843800322065,32.58185721953838,2.3617820719269993,0.2616747181964573,29.522275899087493,4.206924315619967,1.2010198604401503
77,10.453569511540525,5.931293612453032,8.158883521202362,5.548845947396672,32.52147074610843,2.2946859903381642,0.2616747181964573,29.455179817498657,4.186795491143317,1.1876006441223832
78,10.581052066559312,5.931293612453032,8.13875469672571,5.736714975845411,32.427536231884055,2.2946859903381642,0.2616747181964573,29.367954911433173,4.072732152442297,1.1876006441223832
79,11.20504562533548,5.931293612453032,8.125335480407944,5.723295759527644,32.00483091787439,2.2946859903381642,0.2616747181964573,29.066022544283413,4.200214707461084,1.1876006441223832
80,11.600912506709609,5.897745571658615,7.950885668276973,5.723295759527644,31.4345142243693,2.2946859903381642,0.2616747181964573,28.864734299516908,4.804079441760601,1.1674718196457328
81,11.949812130971551,5.850778314546431,7.856951154052603,6.380837359098229,30.857487922705314,2.281266774020397,0.2616747181964573,28.77750939345142,4.663177670424047,1.1205045625335481
82,12.29200214707461,5.797101449275362,7.856951154052603,8.715780998389693,29.01905528717123,2.187332259796028,0.24825550187869028,28.14680622651637,4.461889425657541,1.2748255501878691
83,12.889157273215245,5.669618894256575,7.816693505099302,8.715780998389693,28.79092860976919,2.187332259796028,0.24825550187869028,27.992485238862052,4.42163177670424,1.2681159420289856
84,13.519860440150294,5.548845947396672,7.7898550724637685,8.588298443370908,28.61647879763822,2.120236178207193,0.24825550187869028,27.730810520665592,4.569243156199678,1.2681159420289856
85,13.882179280730005,5.542136339237788,7.776435856146001,8.675523349436393,28.31454643048846,2.0933977455716586,0.24825550187869028,27.489264626945786,4.7101449275362315,1.2681159420289856
86,14.090177133655395,5.528717122920021,7.776435856146001,8.641975308641975,28.22061191626409,2.0799785292538915,0.24825550187869028,27.435587761674718,4.7101449275362315,1.2681159420289856
87,14.418947933440688,5.508588298443371,7.729468599033816,8.57487922705314,27.811325818572197,2.0799785292538915,0.24825550187869028,27.241009125067094,5.032206119162641,1.3553408480944713
88,14.915458937198068,5.441492216854535,7.709339774557166,8.621846484165324,27.697262479871174,2.073268921095008,0.24825550187869028,26.7914653784219,5.146269457863661,1.3553408480944713
89,15.291196994095545,5.421363392377885,7.669082125603865,8.59500805152979,27.563070316693505,1.9860440150295222,0.24825550187869028,26.744498121309714,5.139559849704777,1.3419216317767042
90,15.33816425120773,5.367686527106817,7.6623725174449815,8.494363929146537,27.49597423510467,1.9860440150295222,0.24825550187869028,27.053140096618357,4.864465915190553,1.4895330112721417
91,15.398550724637682,5.35426731078905,10.00402576489533,8.53462157809984,25.5703166935051,1.9726247987117553,0.24825550187869028,26.858561460010737,4.569243156199678,1.4895330112721417
92,14.834943639291465,5.340848094471283,9.863123993558776,6.642512077294686,28.495705850778315,1.9726247987117553,0.24825550187869028,26.643853998926463,4.3478260869565215,1.6103059581320451
93,13.667471819645733,5.314009661835748,6.488191089640365,5.629361245303274,37.38593666129898,0.9594739667203436,0.15432098765432098,25.85882984433709,2.952227589908749,1.5901771336553945
94,13.996242619431026,5.314009661835748,6.468062265163715,5.622651637144391,37.063875469672574,0.9594739667203436,0.15432098765432098,25.751476113794954,3.079710144927536,1.5901771336553945
95,14.224369296833064,5.314009661835748,6.468062265163715,5.622651637144391,36.943102522812666,0.9594739667203436,0.15432098765432098,25.677670424047236,3.066290928609769,1.570048309178744
96,14.358561460010735,5.12614063338701,5.964841653247451,5.340848094471283,36.00375738056898,0.7179280730005367,0.15432098765432098,27.194041867954912,3.656736446591519,1.482823403113258
97,14.533011272141707,5.112721417069243,5.964841653247451,5.35426731078905,35.66156736446592,0.7179280730005367,0.15432098765432098,27.160493827160494,3.8580246913580245,1.482823403113258
98,14.861782071927,5.0858829844337095,5.884326355340848,5.320719269994632,35.28582930756844,0.7179280730005367,0.2683843263553409,26.838432635534083,4.126409017713366,1.6103059581320451
99,14.908749329039184,5.0791733762748255,5.8172302737520125,5.287171229200215,35.77563070316693,0.7179280730005367,0.2683843263553409,26.20101986044015,4.260601180891036,1.6841116478797638
100,14.895330112721417,4.9718196457326895,6.400966183574879,5.421363392377885,35.54079441760601,0.7179280730005367,0.2683843263553409,25.5703166935051,4.528985507246377,1.6841116478797638
101,15.277777777777779,4.944981213097155,6.400966183574879,5.374396135265701,35.40660225442834,0.7179280730005367,0.2683843263553409,25.39586688137413,4.528985507246377,1.6841116478797638
102,15.49248523886205,4.944981213097155,6.374127750939345,5.374396135265701,35.29253891572732,0.7179280730005367,0.2683843263553409,25.348899624261943,4.502147074610843,1.6841116478797638
103,15.707192699946322,4.87788513150832,6.374127750939345,5.421363392377885,34.78260869565217,0.7179280730005367,0.2683843263553409,25.301932367149757,4.864465915190553,1.6841116478797638
104,15.921900161030596,4.851046698872786,6.367418142780462,5.307300053676865,35.07112184648417,0.7179280730005367,0.2683843263553409,25.15432098765432,4.656468062265164,1.6841116478797638
105,16.35131508319914,4.810789049919484,6.353998926462695,5.414653784219001,34.735641438539986,0.7179280730005367,0.2683843263553409,25.127482555018787,4.53569511540526,1.6841116478797638
106,14.506172839506172,4.1532474503489,6.233225979602791,5.119431025228127,42.72007514761138,2.2410091250670963,0.2683843263553409,19.464573268921097,3.8915727321524423,1.402308105206656
107,14.928878153515834,4.126409017713366,6.219806763285024,5.072463768115942,42.45169082125604,2.227589908749329,0.2683843263553409,19.35721953837896,3.9452495974235107,1.402308105206656
108,15.203972088030058,4.126409017713366,6.1929683306494905,5.448201825013419,41.94176060118089,2.227589908749329,0.2683843263553409,19.269994632313473,3.9184111647879765,1.402308105206656
109,15.197262479871176,4.126409017713366,8.413848631239935,5.434782608695652,40.103327965646805,2.227589908749329,0.2683843263553409,19.07541599570585,3.6634460547504024,1.4895330112721417
110,15.68035426731079,4.086151368760064,8.353462157809984,5.387815351583468,39.87520128824477,2.214170692431562,0.2683843263553409,19.02173913043478,3.6231884057971016,1.4895330112721417
111,16.170155662909288,4.086151368760064,8.21256038647343,5.595813204508857,39.439076757917334,2.214170692431562,0.2683843263553409,18.874127750939344,3.683574879227053,1.4559849704777241
112,15.687063875469672,4.05931293612453,7.716049382716049,5.434782608695652,37.76167471819646,4.1129898013955986,0.24825550187869028,20.564949006977994,3.2877079978529253,1.1272141706924315
113,15.868223295759528,4.05931293612453,7.682501341921632,5.394524959742351,37.7012882447665,4.1129898013955986,0.24825550187869028,20.52469135802469,3.280998389694042,1.1272141706924315
114,16.317767042404725,4.019055287171229,7.669082125603865,5.381105743424584,37.56038647342995,4.1129898013955986,0.24825550187869028,20.242887815351583,3.260869565217391,1.1876006441223832
115,16.391572732152444,4.019055287171229,7.568438003220612,5.381105743424584,37.47987117552335,4.851046698872786,0.24825550187869028,19.632313472893184,3.260869565217391,1.1674718196457328
116,15.593129361245303,3.978797638217928,7.273215244229737,4.9718196457326895,39.74771873322598,4.790660225442834,0.24825550187869028,19.209608158883523,3.0193236714975846,1.1674718196457328
117,14.55984970477724,3.9452495974235107,6.998121309715513,4.609500805152979,42.01556629092861,4.736983360171766,0.24825550187869028,19.07541599570585,2.6435856146001075,1.1674718196457328
118,15.11003757380569,3.92512077294686,6.937734836285561,4.602791196994096,41.659957058507786,4.643048845947397,0.24825550187869028,18.988191089640367,2.677133655394525,1.2077294685990339
119,15.277777777777779,3.8915727321524423,6.9243156199677935,4.669887278582931,41.52576489533011,4.643048845947397,0.24825550187869028,18.947933440687063,2.6637144390767578,1.2077294685990339
120,15.646806226516372,3.8915727321524423,6.890767579173376,4.669887278582931,41.25067096081589,4.569243156199678,0.24825550187869028,18.874127750939344,2.7509393451422435,1.2077294685990339
121,16.183574879227052,3.864734299516908,6.790123456790123,4.656468062265164,41.02254428341385,4.49543746645196,0.24825550187869028,18.719806763285025,2.831454643048846,1.1876006441223832
122,16.465378421900162,3.797638217928073,7.018250134192163,5.9514224369296835,39.51959205582394,3.965378421900161,0.24825550187869028,19.102254428341386,2.7442297369833604,1.1876006441223832
123,16.908212560386474,3.730542136339238,9.151905528717123,5.917874396135265,37.36580783682233,3.8311862587224907,0.24825550187869028,18.947933440687063,2.717391304347826,1.1808910359634996
124,17.337627482555018,3.730542136339238,9.145195920558239,5.897745571658615,36.85587761674718,3.7640901771336552,0.32877079978529256,18.84728931830381,2.9119699409554483,1.1808910359634996
125,17.28395061728395,3.5829307568438002,9.05126140633387,5.837359098228664,35.809178743961354,4.582662372517445,0.32877079978529256,19.350509930220074,2.9924852388620504,1.1808910359634996
126,17.52549651100376,3.549382716049383,8.964036500268385,6.005099302200751,35.607890499194845,4.582662372517445,0.32877079978529256,19.26328502415459,2.9924852388620504,1.1808910359634996
127,17.800590445517983,3.5426731078904994,8.93719806763285,5.984970477724101,35.35963499731616,4.64975845410628,0.32877079978529256,19.11567364465915,3.099838969404187,1.1808910359634996
128,18.209876543209877,3.5426731078904994,8.917069243156199,5.9514224369296835,35.20531400966183,4.575952764358561,0.32877079978529256,18.988191089640367,3.099838969404187,1.1808910359634996
129,18.391035963499732,3.5426731078904994,8.789586688137414,6.266774020397209,34.86983360171766,4.569243156199678,0.32877079978529256,18.840579710144926,3.2206119162640903,1.1808910359634996
130,17.975040257648953,3.5426731078904994,8.051529790660226,6.072195383789587,34.35319377348363,6.830381105743425,0.32877079978529256,18.471551261406333,2.9924852388620504,1.3821792807300053
131,18.223295759527645,3.5426731078904994,7.991143317230274,6.099033816425121,34.19887278582931,6.823671497584541,0.32877079978529256,18.263553408480945,3.1535158346752548,1.3754696725711217
132,16.988727858293075,3.502415458937198,7.843531937734836,5.293880837359098,39.56655931293612,5.059044551798175,0.43612453032742887,17.16988727858293,2.831454643048846,1.3083735909822867
133,17.277241009125067,3.502415458937198,7.742887815351583,5.267042404723564,39.412238325281805,4.951690821256038,0.43612453032742887,17.16988727858293,2.932098765432099,1.3083735909822867
134,17.485238862050455,3.488996242619431,7.709339774557166,5.260332796564681,39.27133655394525,4.951690821256038,0.43612453032742887,17.156468062265162,2.932098765432099,1.3083735909822867
135,17.70665593129361,3.488996242619431,7.648953301127214,5.293880837359098,39.17740203972088,4.938271604938271,0.43612453032742887,17.06924315619968,2.945517981749866,1.2949543746645196
136,17.418142780461622,3.374932903918411,7.628824476650563,5.186527106816962,38.70101986044015,4.938271604938271,0.43612453032742887,18.109232420826622,3.052871712292002,1.1540526033279657
137,17.163177670424048,3.374932903918411,9.54777241009125,5.045625335480408,36.808910359635,4.575952764358561,0.5636070853462157,19.35721953837896,2.4154589371980677,1.1473429951690821
138,17.51207729468599,3.374932903918411,9.494095544820183,5.287171229200215,36.500268384326354,4.609500805152979,0.5636070853462157,19.11567364465915,2.395330112721417,1.1473429951690821
139,17.59259259259259,3.3682232957595275,9.473966720343531,5.226784755770263,36.3191089640365,4.676596886741814,0.5636070853462157,18.92109500805153,2.7241009125067097,1.133923778851315
140,17.840848094471284,3.3682232957595275,9.41358024691358,5.260332796564681,36.05072463768116,4.783950617283951,0.6239935587761675,18.853998926462694,2.6704240472356413,1.133923778851315
141,18.035426731078903,3.3682232957595275,9.373322597960279,5.448201825013419,35.69511540526033,4.777241009125067,0.6239935587761675,18.760064412238325,2.7844873859366612,1.133923778851315
142,17.652979066022546,3.3682232957595275,9.346484165324744,3.69699409554482,33.93719806763285,4.562533548040794,0.5501878690284487,22.852925389157274,2.932098765432099,1.1003757380568975
143,17.814009661835748,3.2675791733762747,9.346484165324744,3.8580246913580245,33.81642512077295,4.562533548040794,0.5501878690284487,22.75228126677402,2.932098765432099,1.1003757380568975
144,18.370907139023082,3.2675791733762747,9.306226516371444,3.8580246913580245,33.541331186258724,4.441760601180891,0.5501878690284487,22.571121846484164,2.999194847020934,1.093666129898014
145,18.605743424584006,3.260869565217391,9.292807300053678,3.9184111647879765,33.3870101986044,4.42163177670424,0.5501878690284487,22.470477724100913,2.999194847020934,1.093666129898014
146,18.988191089640367,3.2340311325818574,9.232420826623725,4.186795491143317,32.95759527643585,4.408212560386473,0.5501878690284487,22.383252818035427,2.965646806226516,1.093666129898014
147,19.135802469135804,3.2340311325818574,9.192163177670425,4.294149221685454,32.830112721417066,4.408212560386473,0.5501878690284487,22.31615673644659,2.945517981749866,1.093666129898014
148,19.672571121846484,3.2340311325818574,9.125067096081589,4.274020397208803,32.49463231347289,4.502147074610843,0.5501878690284487,22.12157809983897,2.932098765432099,1.093666129898014
149,19.786634460547504,3.2004830917874396,9.104938271604938,4.260601180891036,32.44095544820183,4.555823939881911,0.5501878690284487,22.088030059044552,2.918679549114332,1.093666129898014
150,19.96779388083736,3.1333870101986045,9.104938271604938,4.260601180891036,32.306763285024154,4.824208266237251,0.5501878690284487,21.79951690821256,2.9052603327965647,1.1473429951690821
151,19.45786366076221,3.1065485775630703,8.487654320987655,4.05931293612453,31.427804616210413,5.381105743424584,0.5501878690284487,23.517176596886742,2.8650026838432634,1.1473429951690821
152,19.786634460547504,3.0864197530864197,8.413848631239935,3.978797638217928,31.092324208266238,5.595813204508857,0.5501878690284487,23.409822866344605,2.9388083735909825,1.1473429951690821
153,20.055018786902846,3.0730005367686526,8.3467525496511,3.978797638217928,30.991680085882983,5.5756843800322065,0.5501878690284487,23.34272678475577,2.9388083735909825,1.1473429951690821
154,20.25630703166935,3.0595813204508855,8.232689210950081,4.2203435319377345,30.756843800322063,5.589103596349974,0.5367686527106817,23.14814814814815,2.9388083735909825,1.261406333870102
155,20.437466451959207,3.0595813204508855,8.219269994632313,4.28743961352657,30.62265163714439,5.535426731078905,0.5367686527106817,23.13472893183038,2.9052603327965647,1.261406333870102
156,20.819914117015568,3.0595813204508855,8.192431561996779,4.280730005367687,30.475040257648953,5.495169082125604,0.5166398282340311,23.007246376811594,2.8918411164787976,1.261406333870102
157,20.933977455716587,3.046162104133119,8.13875469672571,4.367954911433173,30.44820182501342,5.495169082125604,0.5166398282340311,22.899892646269457,2.8918411164787976,1.261406333870102
158,21.276167471819647,2.9790660225442833,8.105206655931294,4.435050993022007,30.226784755770264,5.441492216854535,0.5166398282340311,22.86634460547504,2.8918411164787976,1.261406333870102
159,21.014492753623188,2.5496511003757383,10.030864197530864,4.334406870638754,30.005367686527105,5.421363392377885,0.5166398282340311,21.886741814278047,2.9790660225442833,1.261406333870102
160,21.155394524959743,2.5496511003757383,9.990606548577563,4.30756843800322,29.918142780461622,5.4616210413311865,0.5166398282340311,21.74584004294149,2.9790660225442833,1.3754696725711217
161,21.477455716586153,2.5496511003757383,9.903381642512077,4.280730005367687,29.810789049919485,5.4616210413311865,0.5166398282340311,21.64519592055824,2.9790660225442833,1.3754696725711217
162,21.370101986044016,2.5429414922168547,9.567901234567902,5.683038110574342,29.0727321524423,5.4616210413311865,0.5032206119162641,21.591519055287172,2.831454643048846,1.3754696725711217
163,21.71900161030596,2.5295222758990876,9.46725711218465,5.60252281266774,28.978797638217927,5.4616210413311865,0.5032206119162641,21.531132581857218,2.831454643048846,1.3754696725711217
164,22.067901234567902,2.5161030595813205,9.46725711218465,5.562265163714439,28.858024691358025,5.340848094471283,0.5032206119162641,21.464036500268385,2.7979066022544283,1.4224369296833066
165,22.134997316156735,2.5161030595813205,9.440418679549115,5.555555555555555,28.75067096081589,5.763553408480945,0.5032206119162641,21.121846484165324,2.791196994095545,1.4224369296833066
166,21.81964573268921,2.5161030595813205,9.31964573268921,5.495169082125604,25.85212023617821,7.541599570585078,0.5032206119162641,22.65163714439077,2.7777777777777777,1.5230810520665594
167,21.85990338164251,2.442297369833602,9.561191626409018,5.83064949006978,25.563607085346217,7.353730542136339,0.5032206119162641,22.591250670960815,2.771068169618894,1.5230810520665594
168,21.926999463231347,2.442297369833602,9.561191626409018,6.0587761674718195,25.335480407944175,7.326892109500805,0.5032206119162641,22.342995169082126,2.9790660225442833,1.5230810520665594
169,22.088030059044552,2.442297369833602,9.54777241009125,6.052066559312936,25.174449812130973,7.27992485238862,0.5032206119162641,22.228931830381107,3.1602254428341383,1.5230810520665594
170,22.322866344605476,2.4221685453569513,9.54777241009125,6.052066559312936,25.087224906065487,7.27992485238862,0.6172839506172839,22.000805152979066,3.1468062265163717,1.5230810520665594
171,22.604669887278583,2.4221685453569513,9.520933977455716,6.119162640901771,24.86580783682233,7.192699946323135,0.6172839506172839,21.880032206119164,3.2541599570585076,1.5230810520665594
172,22.966988727858293,2.4221685453569513,9.420289855072463,6.360708534621578,24.63768115942029,6.984702093397746,0.6105743424584005,21.83977455716586,3.2340311325818574,1.5230810520665594
173,23.275630703166936,2.4221685453569513,9.380032206119163,6.333870101986044,24.550456253354803,6.964573268921095,0.6105743424584005,21.732420826623724,3.207192699946323,1.5230810520665594
174,21.14868491680086,2.38191089640365,8.259527643585615,5.676328502415459,31.011808910359633,5.83064949006978,0.6105743424584005,20.873590982286636,2.6838432635534084,1.5230810520665594
175,21.477455716586153,2.38191089640365,8.21256038647343,6.092324208266238,30.575684380032207,5.770263016639828,0.5971551261406334,20.71256038647343,2.6838432635534084,1.4962426194310252
176,21.772678475577028,2.38191089640365,8.111916264090176,6.280193236714976,28.60305958132045,7.96430488459474,0.5971551261406334,20.343531937734838,2.4490069779924855,1.4962426194310252
177,22.041062801932366,2.38191089640365,8.07836822329576,6.360708534621578,28.35480407944176,7.950885668276973,0.5971551261406334,20.182501341921633,2.563070316693505,1.4895330112721417
178,22.289318303811058,2.38191089640365,8.064949006977992,6.340579710144928,28.31454643048846,7.87037037037037,0.5971551261406334,20.088566827697264,2.563070316693505,1.4895330112721417
179,22.779119699409556,2.38191089640365,8.038110574342458,6.206387546967257,27.911969940955448,7.836822329575953,0.5971551261406334,20.128824476650564,2.6301663982823404,1.4895330112721417
180,22.041062801932366,2.368491680085883,7.930756843800322,6.085614600107354,27.03972088030059,10.319377348362856,0.5971551261406334,19.57192699946323,2.5697799248523885,1.4761137949543746
181,22.289318303811058,2.3483628556092326,7.924047235641439,5.971551261406334,26.8719806763285,10.319377348362856,0.5904455179817498,19.43773483628556,2.771068169618894,1.4761137949543746
182,22.443639291465377,2.3483628556092326,8.07836822329576,6.347289318303811,26.549919484702095,10.225442834138486,0.5904455179817498,19.16935050993022,2.771068169618894,1.4761137949543746
183,22.705314009661837,2.3483628556092326,8.011272141706923,6.347289318303811,26.455984970477726,10.171765968867419,0.5904455179817498,19.102254428341386,2.8247450348899625,1.442565754159957
184,22.933440687063875,2.3483628556092326,8.004562533548041,6.347289318303811,26.32850241545894,10.104669887278583,0.5904455179817498,18.92109500805153,2.9052603327965647,1.5163714439076759
185,23.282340311325818,2.3483628556092326,7.856951154052603,6.3137412775093935,26.29495437466452,10.044283413848632,0.5904455179817498,18.874127750939344,2.8784219001610305,1.5163714439076759
186,23.58427267847558,2.3349436392914655,7.809983896940419,6.199677938808374,26.194310252281266,10.332796564680622,0.5703166935050993,18.585614600107355,2.871712292002147,1.5163714439076759
187,23.93317230273752,2.3349436392914655,7.809983896940419,6.246645195920558,26.019860440150296,10.25228126677402,0.5703166935050993,18.511808910359633,2.804616210413312,1.5163714439076759
188,24.14117015566291,2.2946859903381642,7.809983896940419,6.199677938808374,25.97289318303811,10.071121846484166,0.5636070853462157,18.344068706387546,2.952227589908749,1.6505636070853462
189,22.477187332259795,1.7847557702630166,5.730005367686527,5.797101449275362,33.299785292538914,9.353193773483628,0.5434782608695652,16.566022544283413,2.85829307568438,1.5901771336553945
190,22.65163714439077,1.7847557702630166,5.6964573268921095,5.797101449275362,33.051529790660226,9.353193773483628,0.5434782608695652,16.512345679012345,3.0193236714975846,1.5901771336553945
191,23.07434245840043,1.596886741814278,5.6964573268921095,5.884326355340848,32.8569511540526,9.232420826623725,0.5434782608695652,16.411701556629094,3.113258185721954,1.5901771336553945
192,23.242082662372518,1.596886741814278,5.6964573268921095,5.877616747181965,32.789855072463766,9.232420826623725,0.5434782608695652,16.317767042404725,3.113258185721954,1.5901771336553945
193,23.403113258185723,1.596886741814278,5.676328502415459,6.119162640901771,32.60198604401503,9.078099838969404,0.5434782608695652,16.297638217928075,3.0931293612453032,1.5901771336553945
194,23.61111111111111,1.596886741814278,5.756843800322061,6.233225979602791,32.26650563607085,8.970746108427267,0.5434782608695652,16.264090177133657,3.166935050993022,1.5901771336553945
195,23.778851315083198,1.556629092860977,5.743424584004294,6.099033816425121,31.984702093397747,8.970746108427267,0.5434782608695652,16.31105743424584,3.421900161030596,1.5901771336553945
196,24.08749329039184,1.5499194847020934,5.723295759527644,6.226516371443908,31.662640901771336,9.118357487922705,0.5434782608695652,16.09634997316157,3.4017713365539453,1.5901771336553945
197,22.450348899624263,8.467525496511003,4.663177670424047,5.347557702630167,29.95169082125604,8.581588835212024,0.5434782608695652,15.009393451422437,3.374932903918411,1.6103059581320451
198,22.859634997316157,8.440687063875469,4.663177670424047,5.3341384863123995,29.66988727858293,8.568169618894256,0.5434782608695652,14.935587761674718,3.374932903918411,1.6103059581320451
199,22.920021470746107,8.246108427267847,4.64975845410628,5.481749865807837,29.73027375201288,8.548040794417606,0.5434782608695652,14.9020397208803,3.374932903918411,1.6035963499731616
200,23.275630703166936,8.239398819108963,4.64975845410628,5.434782608695652,29.542404723564143,8.53462157809984,0.5434782608695652,14.714170692431562,3.4621578099838968,1.6035963499731616
201,23.61111111111111,8.192431561996779,4.64975845410628,5.434782608695652,29.421631776704242,8.447396672034353,0.5434782608695652,14.647074610842727,3.44873859366613,1.6035963499731616
202,23.8191089640365,8.031400966183575,4.616210413311863,5.555555555555555,29.354535695115406,8.447396672034353,0.5434782608695652,14.593397745571659,3.435319377348363,1.6035963499731616
203,23.711755233494365,7.944176060118089,4.51556629092861,5.287171229200215,31.17283950617284,7.749597423510467,0.5233494363929146,14.002952227589908,3.488996242619431,1.6035963499731616
204,23.939881910896403,7.877079978529254,4.49543746645196,5.293880837359098,30.9849704777241,7.836822329575953,0.5233494363929146,13.982823403113258,3.4688674181427803,1.596886741814278
205,24.255233494363928,7.877079978529254,4.49543746645196,5.233494363929147,30.756843800322063,7.836822329575953,0.5233494363929146,13.90901771336554,3.5225442834138487,1.5901771336553945
206,24.382716049382715,7.877079978529254,4.441760601180891,5.367686527106817,30.66290928609769,7.7361782071927,0.5233494363929146,13.90901771336554,3.5091250670960816,1.5901771336553945
207,24.610842726784757,7.843531937734836,4.441760601180891,5.434782608695652,30.515297906602253,7.7361782071927,0.5166398282340311,13.687600644122384,3.5091250670960816,1.7042404723564144
208,25.107353730542137,7.843531937734836,4.327697262479871,5.595813204508857,29.978529253891573,7.628824476650563,0.5166398282340311,13.493022007514762,3.683574879227053,1.8250134192163177
209,25.523349436392916,7.7831454643048845,4.320987654320987,5.589103596349974,29.64975845410628,7.608695652173913,0.5166398282340311,13.399087493290391,3.8177670424047236,1.7914653784219001
210,25.771604938271604,7.776435856146001,4.300858829844337,5.797101449275362,29.435050993022006,7.575147611379496,0.5166398282340311,13.271604938271604,3.7640901771336552,1.7914653784219001
211,25.845410628019323,7.769726247987117,4.26731078904992,6.005099302200751,29.341116478797638,7.548309178743962,0.5166398282340311,13.150831991411701,3.7640901771336552,1.7914653784219001
212,26.039989264626946,7.769726247987117,4.260601180891036,6.374127750939345,29.09286097691895,7.461084272678476,0.5166398282340311,12.989801395598498,3.7037037037037037,1.7914653784219001
213,26.301663982823403,7.702630166398282,4.260601180891036,6.293612453032743,29.025764895330113,7.454374664519592,0.5166398282340311,13.01663982823403,3.7037037037037037,1.724369296833065
214,26.744498121309714,7.635534084809447,4.260601180891036,6.293612453032743,28.79092860976919,7.39398819108964,0.5166398282340311,12.989801395598498,3.6500268384326353,1.724369296833065
215,26.986044015029524,7.628824476650563,4.180085882984434,6.394256575415996,28.64331723027375,7.313472893183038,0.5032206119162641,12.97638217928073,3.6500268384326353,1.724369296833065
216,27.120236178207193,7.548309178743962,4.159957058507783,6.488191089640365,28.468867418142782,7.313472893183038,0.5032206119162641,12.929414922168545,3.770799785292539,1.6975308641975309
217,27.34165324745035,7.548309178743962,4.139828234031133,6.474771873322598,28.327965646806227,7.300053676865271,0.49651100375738055,12.835480407944177,3.770799785292539,1.7646269457863661
218,27.67042404723564,7.548309178743962,4.139828234031133,6.468062265163715,28.14680622651637,7.246376811594203,0.49651100375738055,12.74825550187869,3.770799785292539,1.7646269457863661
219,27.871712292002147,7.481213097155126,4.106280193236715,6.749865807836822,27.871712292002147,7.239667203435319,0.49651100375738055,12.714707461084272,3.7104133118625873,1.7579173376274826
