,45,50,54,55,51,60,57,59,53,56,58,52,46,47
0,100.0,,,,,,,,,,,,,
1,99.97316156736447,0.026838432635534086,,,,,,,,,,,,
2,96.30300590445518,3.69699409554482,,,,,,,,,,,,
3,93.21658615136876,6.78341384863124,,,,,,,,,,,,
4,92.97504025764896,6.9310252281266775,0.0939345142243693,,,,,,,,,,,
5,92.914653784219,6.991411701556629,0.0939345142243693,,,,,,,,,,,
6,88.21792807300054,11.75523349436393,,0.026838432635534086,,,,,,,,,,
7,88.21792807300054,11.75523349436393,,0.026838432635534086,,,,,,,,,,
8,87.90928609769189,12.06387546967257,,0.026838432635534086,,,,,,,,,,
9,87.8220611916264,12.151100375738057,,0.026838432635534086,,,,,,,,,,
10,87.8623188405797,12.110842726784755,,0.026838432635534086,,,,,,,,,,
11,87.80193236714976,12.171229200214707,,0.026838432635534086,,,,,,,,,,
12,87.84219001610306,12.084004294149223,,0.07380568974771873,,,,,,,,,,
13,85.31266774020398,14.61352657004831,,0.07380568974771873,,,,,,,,,,
14,85.22544283413849,14.700751476113794,,0.07380568974771873,,,,,,,,,,
15,34.23913043478261,65.57971014492753,0.14090177133655393,0.040257648953301126,,,,,,,,,,
16,34.60144927536232,65.21739130434783,0.14090177133655393,0.040257648953301126,,,,,,,,,,
17,34.655126140633385,65.16371443907676,0.14090177133655393,0.040257648953301126,,,,,,,,,,
18,33.722490606548575,66.00912506709608,0.14090177133655393,0.1274825550187869,,,,,,,,,,
19,33.64868491680086,55.99838969404187,0.14090177133655393,10.21202361782072,,,,,,,,,,
20,33.682232957595275,55.96484165324745,0.14090177133655393,10.21202361782072,,,,,,,,,,
21,31.407675791733762,53.636607622114866,4.38137412775094,10.292538915727322,0.28180354267310787,,,,,,,,,
22,31.49490069779925,52.643585614600106,4.374664519592056,11.20504562533548,0.28180354267310787,,,,,,,,,
23,30.314009661835748,53.837895866881375,4.374664519592056,11.191626409017713,0.28180354267310787,,,,,,,,,
24,30.273752012882447,50.556897477187334,4.361245303274289,14.210950080515298,0.5703166935050993,0.026838432635534086,,,,,,,,
25,30.360976918947934,49.993290391841114,4.361245303274289,14.687332259796028,0.5703166935050993,0.026838432635534086,,,,,,,,
26,30.407944176060116,49.75845410628019,4.361245303274289,14.848362855609233,0.5703166935050993,0.026838432635534086,0.026838432635534086,,,,,,,
27,30.48174986580784,49.5504562533548,4.361245303274289,14.982555018786902,0.5703166935050993,0.026838432635534086,0.026838432635534086,,,,,,,
28,30.555555555555557,48.651368760064415,4.361245303274289,15.807836822329575,0.5703166935050993,0.026838432635534086,0.026838432635534086,,,,,,,
29,30.615942028985508,48.60440150295223,4.3478260869565215,15.807836822329575,0.5703166935050993,0.026838432635534086,0.026838432635534086,,,,,,,
30,30.750134192163177,48.389694041867955,4.3478260869565215,15.888352120236178,0.5703166935050993,0.026838432635534086,0.026838432635534086,,,,,,,
31,30.763553408480945,48.38298443370907,4.26731078904992,15.821256038647343,0.6038647342995169,0.05367686527106817,0.026838432635534086,0.08051529790660225,,,,,,
32,30.864197530864196,48.349436392914654,4.26731078904992,15.754159957058508,0.6038647342995169,0.05367686527106817,0.026838432635534086,0.08051529790660225,,,,,,
33,30.891035963499732,48.21524422973698,4.253891572732153,15.874932903918411,0.6038647342995169,0.05367686527106817,0.026838432635534086,0.08051529790660225,,,,,,
34,30.897745571658614,48.2085346215781,4.253891572732153,15.874932903918411,0.6038647342995169,0.05367686527106817,0.026838432635534086,0.08051529790660225,,,,,,
35,30.877616747181964,47.987117552334944,4.17337627482555,16.089640365002683,0.6038647342995169,0.05367686527106817,0.026838432635534086,0.08051529790660225,0.10735373054213634,,,,,
36,30.88432635534085,47.94685990338164,4.146537842190016,16.06280193236715,0.6038647342995169,0.05367686527106817,0.026838432635534086,0.08051529790660225,0.10735373054213634,0.08722490606548577,,,,
37,30.917874396135264,47.537573805689746,4.146537842190016,16.438539989264626,0.6038647342995169,0.05367686527106817,0.026838432635534086,0.08051529790660225,0.10735373054213634,0.08722490606548577,,,,
38,30.9849704777241,47.38325281803543,4.146537842190016,16.478797638217927,0.6508319914117016,0.05367686527106817,0.026838432635534086,0.08051529790660225,0.10735373054213634,0.08722490606548577,,,,
39,29.53569511540526,45.860171765968865,4.133118625872249,19.51154052603328,0.6038647342995169,0.05367686527106817,0.026838432635534086,0.08051529790660225,0.10735373054213634,0.08722490606548577,,,,
40,29.58937198067633,45.779656468062264,4.133118625872249,19.538378958668815,0.6038647342995169,0.05367686527106817,0.026838432635534086,0.08051529790660225,0.10735373054213634,0.08722490606548577,,,,
41,29.62962962962963,45.779656468062264,4.133118625872249,19.49812130971551,0.6038647342995169,0.05367686527106817,0.026838432635534086,0.08051529790660225,0.10735373054213634,0.08722490606548577,,,,
42,29.60950080515298,43.81374127750939,0.5032206119162641,19.45786366076221,0.6038647342995169,0.05367686527106817,0.026838432635534086,,5.897745571658615,,0.03354804079441761,,,
43,29.66988727858293,43.75335480407944,0.5032206119162641,19.363929146537842,0.6038647342995169,0.14761137949543746,0.026838432635534086,,5.897745571658615,,0.03354804079441761,,,
44,29.723564143854,43.57890499194847,1.2077294685990339,18.78690284487386,0.6038647342995169,0.14761137949543746,0.026838432635534086,,5.891035963499732,,0.03354804079441761,,,
45,29.817498658078367,43.4044551798175,1.2077294685990339,18.820450885668276,0.6038647342995169,0.20799785292538917,0.026838432635534086,,5.877616747181965,,0.03354804079441761,,,
46,29.99194847020934,43.33064949006978,1.2077294685990339,18.719806763285025,0.6038647342995169,0.20799785292538917,0.026838432635534086,,5.877616747181965,,0.03354804079441761,,,
47,30.12614063338701,43.263553408480945,1.2077294685990339,18.679549114331724,0.5904455179817498,0.20799785292538917,0.026838432635534086,,5.864197530864198,,0.03354804079441761,,,
48,29.448470209339774,41.639828234031135,1.1674718196457328,18.773483628556093,0.5904455179817498,0.20799785292538917,0.026838432635534086,,5.756843800322061,,0.026838432635534086,2.3617820719269993,,
49,29.60950080515298,41.015834675254965,1.2815351583467525,17.975040257648953,0.5904455179817498,0.2616747181964573,0.026838432635534086,,7.440955448201825,,0.026838432635534086,1.7713365539452497,,
50,29.71014492753623,40.98228663446055,1.2815351583467525,17.934782608695652,0.5904455179817498,0.2616747181964573,0.026838432635534086,,7.440955448201825,,,1.7713365539452497,,
51,29.341116478797638,38.45276435856146,5.246913580246914,16.867954911433173,0.5904455179817498,0.2616747181964573,0.026838432635534086,,7.440955448201825,,,1.7713365539452497,,
52,29.274020397208805,38.0300590445518,5.246913580246914,17.022275899087493,0.9259259259259259,0.2616747181964573,0.026838432635534086,,7.440955448201825,,,1.7713365539452497,,
53,29.045893719806763,36.963231347289316,5.226784755770263,16.99543746645196,0.9259259259259259,0.2616747181964573,0.026838432635534086,,9.118357487922705,,0.06709608158883522,1.3687600644122384,,
54,29.09286097691895,36.8894256575416,5.2066559312936125,16.97530864197531,0.9259259259259259,0.33548040794417605,0.026838432635534086,,9.111647879763822,,0.06709608158883522,1.3687600644122384,,
55,29.0727321524423,36.842458400429415,5.2066559312936125,16.961889425657542,0.9259259259259259,0.33548040794417605,0.026838432635534086,,9.111647879763822,,0.06709608158883522,1.4492753623188406,,
56,22.04777241009125,44.32367149758454,5.2066559312936125,16.72705314009662,0.5770263016639828,0.33548040794417605,0.15432098765432098,,9.111647879763822,,0.06709608158883522,1.4492753623188406,,
57,21.67874396135266,44.72624798711755,5.2066559312936125,16.6935050993022,0.5770263016639828,0.33548040794417605,0.15432098765432098,,9.111647879763822,,0.06709608158883522,1.4492753623188406,,
58,21.450617283950617,43.75335480407944,4.931561996779388,12.915995705850777,0.5770263016639828,0.33548040794417605,0.15432098765432098,0.05367686527106817,12.379227053140097,,0.06709608158883522,3.3816425120772946,,
59,21.578099838969404,43.65942028985507,4.898013955984971,12.902576489533011,0.5770263016639828,0.32877079978529256,0.15432098765432098,0.08722490606548577,12.379227053140097,,0.06709608158883522,3.3682232957595275,,
60,20.69243156199678,44.56521739130435,4.871175523349437,12.909286097691895,0.5770263016639828,0.32877079978529256,0.15432098765432098,0.08722490606548577,12.379227053140097,,0.06709608158883522,3.3682232957595275,,
61,20.74610842726785,44.39747718733226,4.864465915190553,13.043478260869565,0.5770263016639828,0.32877079978529256,0.15432098765432098,0.07380568974771873,12.117552334943639,,0.32877079978529256,3.3682232957595275,,
62,20.82662372517445,44.26328502415459,4.7638217928073,13.09044551798175,0.5636070853462157,0.32877079978529256,0.15432098765432098,0.07380568974771873,12.104133118625873,,0.46296296296296297,3.3682232957595275,,
63,20.759527643585614,44.18947933440687,4.7638217928073,13.231347289318304,0.5636070853462157,0.32877079978529256,0.15432098765432098,0.07380568974771873,12.104133118625873,,0.46296296296296297,3.3682232957595275,,
64,20.82662372517445,43.853998926462694,4.790660225442834,13.47289318303811,0.5636070853462157,0.32877079978529256,0.15432098765432098,0.07380568974771873,12.104133118625873,,0.46296296296296297,3.3682232957595275,,
65,20.987654320987655,43.78019323671498,4.790660225442834,13.385668276972625,0.5636070853462157,0.32877079978529256,0.15432098765432098,0.07380568974771873,12.104133118625873,,0.46296296296296297,3.3682232957595275,,
66,21.054750402576488,43.39774557165862,4.790660225442834,13.385668276972625,0.5636070853462157,0.32877079978529256,0.15432098765432098,0.07380568974771873,12.419484702093397,,0.46296296296296297,3.3682232957595275,,
67,19.142512077294686,40.425389157273216,4.7638217928073,12.68786902844874,0.5636070853462157,0.32877079978529256,0.15432098765432098,0.07380568974771873,12.419484702093397,,0.46296296296296297,8.977455716586151,,
68,19.196188942565755,40.203972088030056,4.938271604938271,12.681159420289855,0.5636070853462157,0.32877079978529256,0.1878690284487386,0.07380568974771873,12.385936661298981,,0.46296296296296297,8.977455716586151,,
69,19.229736983360173,40.183843263553406,4.938271604938271,12.681159420289855,0.5636070853462157,0.32877079978529256,0.1878690284487386,0.07380568974771873,12.372517444981213,,0.46296296296296297,8.977455716586151,,
70,19.28341384863124,40.15700483091788,4.938271604938271,12.667740203972087,0.5636070853462157,0.32877079978529256,0.1878690284487386,0.07380568974771873,12.359098228663447,,0.46296296296296297,8.977455716586151,,
71,19.316961889425656,40.123456790123456,4.938271604938271,12.667740203972087,0.5636070853462157,0.32877079978529256,0.1878690284487386,0.07380568974771873,12.359098228663447,,0.5300590445517982,8.910359634997317,,
72,19.135802469135804,39.87520128824477,4.938271604938271,12.634192163177671,0.5636070853462157,0.32877079978529256,0.1878690284487386,0.07380568974771873,12.298711755233494,,0.5300590445517982,9.433709071390231,,
73,19.243156199677937,39.79468599033817,4.938271604938271,12.634192163177671,0.5636070853462157,0.32877079978529256,0.1878690284487386,0.07380568974771873,12.285292538915728,,0.5300590445517982,9.420289855072463,,
74,19.45115405260333,39.60010735373054,4.891304347826087,12.392646269457863,0.5434782608695652,0.30193236714975846,0.1878690284487386,0.36231884057971014,12.258454106280194,,0.6642512077294686,9.346484165324744,,
75,19.53166935050993,39.52630166398282,4.884594739667204,12.392646269457863,0.5434782608695652,0.30193236714975846,0.1878690284487386,0.36231884057971014,12.258454106280194,,0.6642512077294686,9.346484165324744,,
76,19.55179817498658,39.512882447665056,4.830917874396135,12.23161567364466,0.5434782608695652,0.30193236714975846,0.1878690284487386,0.6172839506172839,12.157809983896941,,0.7179280730005367,9.346484165324744,,
77,19.618894256575416,39.50617283950617,4.830917874396135,12.23161567364466,0.5434782608695652,0.30193236714975846,0.1878690284487386,0.6172839506172839,12.151100375738057,,0.7179280730005367,9.292807300053678,,
78,19.685990338164252,39.452495974235106,4.830917874396135,12.218196457326892,0.5434782608695652,0.30193236714975846,0.1878690284487386,0.6172839506172839,12.151100375738057,,0.7179280730005367,9.292807300053678,,
79,19.665861513687602,39.25791733762748,5.193236714975845,12.238325281803542,0.5434782608695652,0.30193236714975846,0.2549651100375738,0.5837359098228664,12.084004294149223,,0.5837359098228664,9.292807300053678,,
80,19.672571121846484,38.506441223832525,5.22007514761138,13.003220611916264,0.5434782608695652,0.30193236714975846,0.2549651100375738,0.5837359098228664,12.050456253354804,,0.5837359098228664,9.27938808373591,,
81,19.746376811594203,38.28502415458937,4.938271604938271,13.157541599570585,0.5434782608695652,0.30193236714975846,0.2549651100375738,0.7514761137949544,12.030327428878154,,0.5837359098228664,9.406870638754697,,
82,19.89398819108964,38.117283950617285,4.904723564143854,13.20450885668277,0.5166398282340311,0.30193236714975846,0.2549651100375738,0.785024154589372,12.030327428878154,,0.5837359098228664,9.406870638754697,,
83,19.786634460547504,37.23832528180354,6.5485775630703165,12.580515297906603,0.5166398282340311,0.30193236714975846,0.2549651100375738,0.785024154589372,11.996779388083736,,0.6239935587761675,9.366612989801396,,
84,19.920826623725173,37.151100375738054,6.5485775630703165,12.4597423510467,0.5166398282340311,0.30193236714975846,0.2549651100375738,0.785024154589372,11.969940955448202,0.07380568974771873,0.6508319914117016,9.366612989801396,,
85,20.014761137949545,37.13768115942029,6.528448738593666,12.426194310252281,0.5166398282340311,0.30193236714975846,0.28180354267310787,0.785024154589372,11.943102522812667,0.07380568974771873,0.6508319914117016,9.339774557165862,,
86,20.12211486849168,37.05716586151369,6.528448738593666,12.399355877616747,0.5166398282340311,0.30193236714975846,0.28180354267310787,0.785024154589372,11.943102522812667,0.07380568974771873,0.6508319914117016,9.339774557165862,,
87,19.961084272678477,34.19216317767042,10.138217928073,12.151100375738057,0.5166398282340311,0.30193236714975846,0.28180354267310787,0.8319914117015567,11.580783682232958,0.07380568974771873,0.630703166935051,9.339774557165862,,
88,19.97450348899624,33.36688137412775,10.11808910359635,12.989801395598498,0.5166398282340311,0.30193236714975846,0.28180354267310787,0.8319914117015567,11.574074074074074,0.07380568974771873,0.630703166935051,9.339774557165862,,
89,19.961084272678477,32.930756843800324,10.762211486849168,12.895866881374127,0.48980139559849706,0.30193236714975846,0.28180354267310787,0.8319914117015567,11.574074074074074,,0.630703166935051,9.339774557165862,,
90,20.088566827697264,32.8569511540526,10.72866344605475,12.889157273215245,0.48980139559849706,0.30193236714975846,0.3153515834675255,0.8118625872249061,11.520397208803006,0.026838432635534086,0.630703166935051,9.339774557165862,,
91,20.108695652173914,32.84353193773484,10.715244229736983,12.828770799785293,0.48980139559849706,0.30193236714975846,0.3153515834675255,0.8923778851315083,11.272141706924316,0.026838432635534086,0.8655394524959742,9.339774557165862,,
92,20.148953301127214,32.83682232957595,10.7085346215781,12.795222758990874,0.48980139559849706,0.3421900161030596,0.3153515834675255,0.8990874932903918,11.272141706924316,0.026838432635534086,0.8655394524959742,9.29951690821256,,
93,20.162372517444982,32.83682232957595,10.7085346215781,12.781803542673108,0.48980139559849706,0.3421900161030596,0.3153515834675255,0.8990874932903918,11.272141706924316,0.026838432635534086,0.8655394524959742,9.29951690821256,,
94,20.034889962426195,31.300322061191626,12.801932367149758,12.754965110037574,0.48980139559849706,0.3421900161030596,0.28180354267310787,0.8990874932903918,11.030595813204508,0.026838432635534086,0.8387010198604401,9.198872785829307,,
95,20.034889962426195,31.17283950617284,12.801932367149758,12.929414922168545,0.48980139559849706,0.3421900161030596,0.28180354267310787,0.8990874932903918,10.983628556092324,0.026838432635534086,0.8387010198604401,9.198872785829307,,
96,20.081857219538378,31.17283950617284,12.533548040794418,12.929414922168545,0.48980139559849706,0.3421900161030596,0.28180354267310787,1.1674718196457328,10.983628556092324,0.026838432635534086,0.8387010198604401,9.151905528717123,,
97,20.148953301127214,31.11916264090177,12.533548040794418,12.929414922168545,0.48980139559849706,0.3421900161030596,0.28180354267310787,1.1674718196457328,10.970209339774557,0.026838432635534086,0.8521202361782072,9.138486312399356,,
98,20.014761137949545,31.21309715512614,12.5,13.20450885668277,0.48980139559849706,0.3421900161030596,0.4227053140096618,1.1674718196457328,10.836017176596886,0.026838432635534086,0.8185721953837896,8.964036500268385,,
99,17.793880837359097,33.54804079441761,12.47987117552335,13.117283950617283,0.48980139559849706,0.3421900161030596,0.4227053140096618,1.1674718196457328,10.836017176596886,0.026838432635534086,0.8454106280193237,8.930488459473967,,
100,17.814009661835748,33.1857219538379,12.466451959205582,12.99651100375738,0.48980139559849706,0.3421900161030596,0.9057971014492754,1.1540526033279657,10.319377348362856,0.05367686527106817,0.8454106280193237,9.426999463231347,,
101,17.887815351583466,33.1857219538379,12.419484702093397,12.99651100375738,0.48980139559849706,0.3421900161030596,0.8789586688137413,1.1540526033279657,10.319377348362856,0.05367686527106817,0.8454106280193237,9.426999463231347,,
102,17.894524959742352,32.9374664519592,12.419484702093397,13.056897477187333,0.5300590445517982,0.3421900161030596,0.8252818035426731,1.093666129898014,10.50053676865271,0.19457863660762212,0.8454106280193237,9.359903381642512,,
103,16.72705314009662,30.69645732689211,12.68786902844874,13.110574342458401,5.293880837359098,0.3421900161030596,0.8252818035426731,1.093666129898014,10.487117552334944,0.19457863660762212,0.7783145464304885,7.763016639828234,,
104,12.385936661298981,39.23778851315083,12.781803542673108,13.271604938271604,1.0064412238325282,0.3421900161030596,0.8252818035426731,1.093666129898014,10.413311862587225,0.19457863660762212,0.8387010198604401,7.608695652173913,,
105,12.5,39.070048309178745,12.620772946859903,13.499731615673644,1.0064412238325282,0.3421900161030596,0.8252818035426731,1.093666129898014,10.399892646269459,0.19457863660762212,0.8387010198604401,7.608695652173913,,
106,12.775093934514224,39.049919484702095,12.432903918411165,13.285024154589372,1.0064412238325282,0.4428341384863124,0.8252818035426731,1.093666129898014,10.50053676865271,0.19457863660762212,0.8118625872249061,7.581857219538379,,
107,12.788513150831992,38.94927536231884,12.365807836822329,13.285024154589372,1.0064412238325282,0.4428341384863124,0.95276435856146,1.1876006441223832,10.433440687063875,0.19457863660762212,0.8118625872249061,7.581857219538379,,
108,12.848899624261943,38.60708534621578,12.345679012345679,13.600375738056897,1.0064412238325282,0.4428341384863124,0.95276435856146,1.1876006441223832,10.433440687063875,0.18115942028985507,0.8118625872249061,7.581857219538379,,
109,12.875738056897477,38.399087493290395,12.453032742887816,13.707729468599034,1.0064412238325282,0.4428341384863124,0.9259259259259259,1.1876006441223832,10.426731078904991,0.18115942028985507,0.8118625872249061,7.581857219538379,,
110,12.969672571121846,38.21121846484165,12.325550187869029,14.029790660225443,0.9796027911969941,0.4428341384863124,1.0332796564680622,1.1876006441223832,10.319377348362856,0.18115942028985507,0.8118625872249061,7.50805152979066,,
111,13.030059044551798,38.18438003220612,12.325550187869029,14.009661835748792,0.9796027911969941,0.4428341384863124,1.0332796564680622,1.1876006441223832,10.319377348362856,0.18115942028985507,0.798443370907139,7.50805152979066,,
112,12.741545893719806,36.52710681696189,15.458937198067632,12.828770799785293,0.9796027911969941,0.4428341384863124,1.0332796564680622,1.1876006441223832,10.285829307568438,0.20799785292538917,0.8521202361782072,7.454374664519592,,
113,12.848899624261943,36.48684916800859,15.291196994095545,12.399355877616747,0.9796027911969941,0.36231884057971014,1.865271068169619,0.9863123993558777,10.19189479334407,0.20799785292538917,1.0601180891035964,7.320182501341922,,
114,12.922705314009661,36.12453032742888,15.150295222758992,12.734836285560924,0.9796027911969941,0.36231884057971014,1.865271068169619,1.0802469135802468,10.19189479334407,0.20799785292538917,1.0601180891035964,7.320182501341922,,
115,12.882447665056361,36.030595813204506,15.042941492216855,12.734836285560924,0.9796027911969941,0.36231884057971014,1.865271068169619,1.1876006441223832,10.19189479334407,0.20799785292538917,1.0601180891035964,7.454374664519592,,
116,12.909286097691895,35.849436392914654,15.619967793880837,12.788513150831992,0.9796027911969941,0.36231884057971014,1.8384326355340848,1.1876006441223832,9.64170692431562,0.20799785292538917,1.1607622114868492,7.454374664519592,,
117,12.573805689747719,34.11835748792271,15.526033279656469,12.788513150831992,0.7514761137949544,0.36231884057971014,1.8384326355340848,1.1876006441223832,12.560386473429952,0.20799785292538917,1.1607622114868492,6.9243156199677935,,
118,12.661030595813205,34.07139023081052,15.485775630703166,12.808641975308642,0.7514761137949544,0.36231884057971014,1.8384326355340848,1.1876006441223832,12.5402576489533,0.20799785292538917,1.1607622114868492,6.9243156199677935,,
119,12.70799785292539,33.943907675791735,15.425389157273216,12.889157273215245,0.7514761137949544,0.36231884057971014,1.8384326355340848,1.2748255501878691,12.486580783682234,0.20799785292538917,1.2010198604401503,6.910896403650026,,
120,12.245034889962426,34.574610842726784,15.344873859366613,12.775093934514224,0.7514761137949544,0.4025764895330113,1.8317230273752012,1.2748255501878691,12.47987117552335,0.20799785292538917,1.2010198604401503,6.910896403650026,,
121,12.258454106280194,34.56119162640902,15.123456790123457,12.815351583467525,0.7514761137949544,0.4025764895330113,2.0665593129361244,1.2748255501878691,12.372517444981213,0.20799785292538917,1.2546967257112185,6.910896403650026,,
122,11.560654857756306,32.769726247987116,17.639559849704778,11.60762211486849,0.7514761137949544,0.4025764895330113,2.0665593129361244,1.2748255501878691,13.110574342458401,0.20799785292538917,1.2546967257112185,7.353730542136339,,
123,11.627750939345143,32.60198604401503,17.579173376274827,11.761943102522812,0.7514761137949544,0.4025764895330113,2.0665593129361244,1.3150831991411702,13.097155126140633,0.20799785292538917,1.2546967257112185,7.333601717659689,,
124,11.594202898550725,32.50134192163178,16.861245303274288,12.533548040794418,0.7380568974771873,0.4025764895330113,2.2946859903381642,1.1674718196457328,13.097155126140633,0.2214170692431562,1.288244766505636,7.300053676865271,,
125,11.641170155662909,32.45437466451959,16.780730005367687,12.600644122383253,0.6910896403650026,0.4025764895330113,2.2946859903381642,1.2010198604401503,13.130703166935051,0.2214170692431562,1.288244766505636,7.2933440687063875,,
126,11.668008588298443,31.97799248523886,16.19699409554482,12.298711755233494,0.6910896403650026,0.4294149221685454,2.2946859903381642,1.5297906602254427,13.130703166935051,0.33548040794417605,1.4358561460010735,8.011272141706923,,
127,11.748523886205046,31.97799248523886,16.17686527106817,12.285292538915728,0.6910896403650026,0.4294149221685454,2.2946859903381642,1.5230810520665594,13.130703166935051,0.33548040794417605,1.4358561460010735,7.971014492753623,,
128,11.81561996779388,31.964573268921097,16.170155662909288,12.258454106280194,0.6910896403650026,0.4294149221685454,2.2946859903381642,1.5230810520665594,13.110574342458401,0.33548040794417605,1.4358561460010735,7.971014492753623,,
129,11.902844873859367,31.756575415995705,16.297638217928075,12.211486849168008,0.6910896403650026,0.4294149221685454,2.2946859903381642,1.5633387010198605,13.110574342458401,0.33548040794417605,1.4694041867954912,7.937466451959206,,
130,12.00348899624262,31.689479334406872,16.203703703703702,12.278582930756844,0.6910896403650026,0.4294149221685454,2.2946859903381642,1.5633387010198605,13.110574342458401,0.33548040794417605,1.4694041867954912,7.930756843800322,,
131,11.98336017176597,31.689479334406872,15.98899624261943,12.278582930756844,0.6910896403650026,0.4294149221685454,2.2946859903381642,1.6371443907675791,13.110574342458401,0.33548040794417605,1.6304347826086956,7.930756843800322,,
132,12.00348899624262,31.508319914117017,16.264090177133657,12.171229200214707,0.6910896403650026,0.4294149221685454,2.2946859903381642,1.6371443907675791,13.103864734299517,0.36231884057971014,1.6304347826086956,7.9039184111647875,,
133,12.110842726784755,31.508319914117017,16.19699409554482,12.171229200214707,0.6910896403650026,0.4294149221685454,2.2946859903381642,1.6237251744498122,13.083735909822867,0.36231884057971014,1.6237251744498122,7.9039184111647875,,
134,12.224906065485776,31.407675791733762,16.129898013955984,12.23161567364466,0.6910896403650026,0.4294149221685454,2.2946859903381642,1.6237251744498122,13.083735909822867,0.36231884057971014,1.6639828234031133,7.856951154052603,,
135,12.352388620504563,31.280193236714975,16.06280193236715,12.25174449812131,0.6910896403650026,0.4562533548040794,2.2946859903381642,1.6572732152442298,13.083735909822867,0.36231884057971014,1.6908212560386473,7.816693505099302,,
136,12.466451959205582,31.03864734299517,16.391572732152444,12.06387546967257,0.6910896403650026,0.4562533548040794,2.2946859903381642,1.6572732152442298,13.070316693505099,0.36231884057971014,1.6908212560386473,7.816693505099302,,
137,12.526838432635534,31.00509930220075,16.378153515834676,12.050456253354804,0.6910896403650026,0.4562533548040794,2.2946859903381642,1.6572732152442298,13.070316693505099,0.36231884057971014,1.6908212560386473,7.816693505099302,,
138,12.526838432635534,30.770263016639827,16.465378421900162,12.00348899624262,0.6910896403650026,0.4562533548040794,2.281266774020397,1.6572732152442298,13.043478260869565,0.36231884057971014,1.6908212560386473,8.051529790660226,,
139,12.580515297906603,30.750134192163177,16.445249597423512,12.00348899624262,0.6910896403650026,0.4562533548040794,2.281266774020397,1.6572732152442298,13.043478260869565,0.36231884057971014,1.6908212560386473,8.038110574342458,,
140,10.876274825550189,26.160762211486848,15.713902308105206,11.158078368223295,14.27133655394525,0.4495437466451959,2.13365539452496,1.402308105206656,10.789049919484702,0.30864197530864196,1.4559849704777241,5.280461621041331,,
141,10.963499731615673,26.03327965646806,15.673644659151906,11.252012882447666,14.264626945786366,0.4495437466451959,2.073268921095008,1.3955984970477724,10.789049919484702,0.36902844873859364,1.4559849704777241,5.280461621041331,,
142,10.587761674718196,26.482823403113258,15.613258185721953,11.245303274288782,14.13714439076758,0.4495437466451959,2.073268921095008,1.42914653784219,10.748792270531402,0.49651100375738055,1.4559849704777241,5.280461621041331,,
143,10.621309715512615,26.462694578636608,15.613258185721953,11.231884057971014,14.13714439076758,0.4495437466451959,2.073268921095008,1.42914653784219,10.695115405260333,0.49651100375738055,1.5096618357487923,5.280461621041331,,
144,10.272410091250672,24.832259796027913,18.572195383789587,10.581052066559312,14.130434782608695,0.24825550187869028,2.073268921095008,1.42914653784219,10.68840579710145,0.49651100375738055,1.3955984970477724,5.280461621041331,,
145,10.23215244229737,24.530327428878152,18.612453032742888,10.802469135802468,14.130434782608695,0.24825550187869028,2.073268921095008,1.42914653784219,10.782340311325818,0.49651100375738055,1.3955984970477724,5.267042404723564,,
146,10.292538915727322,24.355877616747183,18.59903381642512,10.929951690821255,14.130434782608695,0.24825550187869028,2.073268921095008,1.42914653784219,10.755501878690284,0.49651100375738055,1.4224369296833066,5.267042404723564,,
147,10.433440687063875,24.308910359634996,18.585614600107355,10.856146001073537,14.049919484702093,0.30193236714975846,2.0263016639828235,1.42914653784219,10.72866344605475,0.6105743424584005,1.4492753623188406,5.22007514761138,,
148,10.433440687063875,23.503757380568974,19.753086419753085,10.768921095008052,14.04320987654321,0.30193236714975846,2.0263016639828235,1.42914653784219,10.46027911969941,0.630703166935051,1.442565754159957,5.2066559312936125,,
149,10.507246376811594,23.45679012345679,19.753086419753085,10.755501878690284,14.029790660225443,0.30193236714975846,2.0263016639828235,1.42914653784219,10.46027911969941,0.630703166935051,1.442565754159957,5.2066559312936125,,
150,10.607890499194847,23.356146001073537,19.73966720343532,10.84272678475577,13.962694578636608,0.30193236714975846,2.0263016639828235,1.42914653784219,10.272410091250672,0.6977992485238862,1.556629092860977,5.2066559312936125,,
151,10.742082662372518,23.356146001073537,19.55179817498658,10.84272678475577,12.560386473429952,0.30193236714975846,2.0263016639828235,1.5297906602254427,11.614331723027375,0.7112184648416533,1.556629092860977,5.2066559312936125,,
152,10.82259796027912,23.336017176596886,19.55179817498658,10.782340311325818,12.5402576489533,0.36231884057971014,2.0263016639828235,1.5297906602254427,11.56736446591519,0.7112184648416533,1.5767579173376274,5.193236714975845,,
153,10.856146001073537,22.0276435856146,19.51825013419216,10.668276972624799,12.432903918411165,0.36231884057971014,2.0263016639828235,1.5297906602254427,11.56736446591519,0.7112184648416533,1.5767579173376274,6.723027375201288,,
154,10.963499731615673,22.014224369296834,19.49812130971551,10.641438539989265,12.25174449812131,0.36231884057971014,2.0263016639828235,1.5297906602254427,11.56736446591519,0.8454106280193237,1.5767579173376274,6.723027375201288,,
155,11.044015029522276,21.994095544820183,19.43773483628556,10.641438539989265,12.25174449812131,0.36231884057971014,2.0263016639828235,1.5297906602254427,11.56736446591519,0.8454106280193237,1.5767579173376274,6.723027375201288,,
156,11.104401502952227,21.980676328502415,19.39747718733226,10.601180891035963,12.25174449812131,0.39586688137412773,2.0263016639828235,1.5297906602254427,11.56736446591519,0.8454106280193237,1.5767579173376274,6.723027375201288,,
157,11.20504562533548,21.953837895866883,19.39747718733226,10.567632850241546,12.238325281803542,0.39586688137412773,2.0263016639828235,1.5297906602254427,11.406333870101985,0.8454106280193237,1.710950080515298,6.723027375201288,,
158,11.211755233494364,21.940418679549115,19.43102522812668,10.406602254428341,12.238325281803542,0.39586688137412773,2.0263016639828235,1.6639828234031133,11.406333870101985,0.8454106280193237,1.710950080515298,6.723027375201288,,
159,11.265432098765432,21.846484165324746,19.47799248523886,10.393183038110575,12.144390767579173,0.39586688137412773,2.0531400966183573,1.6639828234031133,11.439881910896403,0.9326355340848095,1.6774020397208802,6.709608158883521,,
160,11.265432098765432,21.786097691894792,19.410896403650028,10.48040794417606,12.117552334943639,0.39586688137412773,2.1604938271604937,1.7310789049919484,11.439881910896403,0.9326355340848095,1.6774020397208802,6.602254428341385,,
161,11.305689747718732,21.62506709608159,19.49812130971551,10.473698336017177,12.117552334943639,0.39586688137412773,2.147074610842727,1.7646269457863661,11.379495437466453,0.9326355340848095,1.7310789049919484,6.629092860976919,,
162,11.366076221148685,21.484165324745035,19.598765432098766,10.453569511540525,12.117552334943639,0.39586688137412773,2.147074610842727,1.7646269457863661,11.379495437466453,0.9326355340848095,1.7310789049919484,6.629092860976919,,
163,11.117820719269995,20.947396672034355,19.545088566827697,10.44015029522276,11.761943102522812,0.39586688137412773,2.147074610842727,1.7914653784219001,12.72812667740204,0.7783145464304885,1.7176596886741815,6.629092860976919,,
164,11.104401502952227,20.92055823939882,19.390767579173378,10.420021470746109,11.802200751476114,0.39586688137412773,2.147074610842727,1.9256575415995705,12.661030595813205,0.8185721953837896,1.7847557702630166,6.629092860976919,,
165,10.628019323671497,20.29656468062265,22.088030059044552,10.332796564680622,11.802200751476114,0.39586688137412773,2.1068169618894257,1.8048845947396672,11.540526033279656,0.7514761137949544,1.6505636070853462,6.602254428341385,,
166,10.607890499194847,20.283145464304884,21.900161030595815,10.466988727858293,11.802200751476114,0.39586688137412773,2.1068169618894257,1.8048845947396672,11.52710681696189,0.9259259259259259,1.6237251744498122,6.5552871712292005,,
167,10.681696188942565,20.242887815351583,21.70558239398819,10.493827160493828,11.802200751476114,0.39586688137412773,2.1068169618894257,1.7646269457863661,11.513687600644122,0.9259259259259259,1.8115942028985508,6.5552871712292005,,
168,10.715244229736983,20.222758990874933,21.70558239398819,10.487117552334944,11.802200751476114,0.39586688137412773,2.1403650026838434,1.7444981213097155,11.513687600644122,0.9259259259259259,1.8115942028985508,6.535158346752549,,
169,10.748792270531402,20.209339774557165,21.70558239398819,10.487117552334944,11.802200751476114,0.39586688137412773,2.1403650026838434,1.7444981213097155,11.513687600644122,0.9259259259259259,1.8115942028985508,6.515029522275899,,
170,10.809178743961352,20.209339774557165,21.571390230810522,10.487117552334944,11.788781535158346,0.39586688137412773,2.1403650026838434,1.7042404723564144,11.473429951690822,1.093666129898014,1.8115942028985508,6.515029522275899,,
171,10.84272678475577,20.189210950080515,21.571390230810522,10.46027911969941,11.77536231884058,0.4227053140096618,2.1403650026838434,1.7042404723564144,11.473429951690822,1.093666129898014,1.8115942028985508,6.515029522275899,,
172,11.017176596886742,20.189210950080515,21.544551798174986,10.446859903381643,11.77536231884058,0.4227053140096618,2.1403650026838434,1.7042404723564144,11.43317230273752,1.093666129898014,1.8183038110574343,6.414385399892646,,
173,10.896403650026839,19.93424584004294,21.544551798174986,9.836285560923242,11.66129898013956,0.4227053140096618,2.1269457863660763,1.7042404723564144,12.493290391841116,1.0735373054213635,1.8183038110574343,6.488191089640365,,
174,11.017176596886742,19.766505636070853,21.537842190016104,9.816156736446592,11.594202898550725,0.4227053140096618,2.1135265700483092,1.7042404723564144,12.614063338701019,1.1137949543746646,1.8451422436929683,6.454643048845948,,
175,11.05072463768116,19.75979602791197,21.490874932903917,9.816156736446592,11.58749329039184,0.4227053140096618,2.1135265700483092,1.737788513150832,12.607353730542137,1.1137949543746646,1.8451422436929683,6.454643048845948,,
176,11.151368760064413,19.64573268921095,21.443907675791735,9.950348899624261,11.560654857756306,0.4227053140096618,2.1135265700483092,1.737788513150832,12.600644122383253,1.1137949543746646,1.8048845947396672,6.454643048845948,,
177,11.171497584541063,19.672571121846484,21.443907675791735,9.836285560923242,11.560654857756306,0.4227053140096618,2.1135265700483092,1.737788513150832,12.667740203972087,1.1137949543746646,1.8048845947396672,6.454643048845948,,
178,11.285560923242082,19.639023081052066,21.410359634997317,9.836285560923242,11.553945249597424,0.4227053140096618,2.1135265700483092,1.737788513150832,12.667740203972087,1.0735373054213635,1.8048845947396672,6.454643048845948,,
179,11.366076221148685,19.632313472893184,21.39694041867955,9.836285560923242,11.533816425120772,0.4227053140096618,2.1135265700483092,1.737788513150832,12.634192163177671,1.0735373054213635,1.8250134192163177,6.427804616210413,,
180,11.399624261943103,19.632313472893184,21.38352120236178,9.822866344605474,11.533816425120772,0.4227053140096618,2.1135265700483092,1.737788513150832,12.620772946859903,1.06682769726248,1.8250134192163177,6.4412238325281805,,
181,11.486849168008588,19.45786366076221,21.370101986044016,9.903381642512077,11.500268384326356,0.4227053140096618,2.1135265700483092,1.737788513150832,12.593934514224369,1.1473429951690821,1.8115942028985508,6.4412238325281805,0.013419216317767043,
182,11.52710681696189,19.316961889425656,21.511003757380568,9.88996242619431,11.500268384326356,0.4227053140096618,2.1135265700483092,1.737788513150832,12.580515297906603,1.1473429951690821,1.8115942028985508,6.427804616210413,0.013419216317767043,
183,11.614331723027375,19.290123456790123,21.517713365539453,9.849704777241008,11.473429951690822,0.4227053140096618,2.1403650026838434,1.737788513150832,12.553676865271068,1.1473429951690821,1.8115942028985508,6.427804616210413,0.013419216317767043,
184,11.654589371980677,19.276704240472355,21.34326355340848,9.849704777241008,11.54723564143854,0.4227053140096618,2.2208803005904456,1.778046162104133,12.513419216317766,1.1473429951690821,1.8115942028985508,6.421095008051529,0.013419216317767043,
185,11.674718196457327,19.26328502415459,21.24261943102523,9.849704777241008,11.54723564143854,0.4227053140096618,2.214170692431562,1.778046162104133,12.453032742887816,1.2815351583467525,1.8384326355340848,6.421095008051529,0.013419216317767043,
186,11.714975845410628,19.249865807836823,21.095008051529792,9.836285560923242,11.540526033279656,0.4227053140096618,2.214170692431562,1.9189479334406871,12.372517444981213,1.2815351583467525,1.9189479334406871,6.421095008051529,0.013419216317767043,
187,11.627750939345143,18.256843800322063,22.73215244229737,9.836285560923242,11.017176596886742,0.4227053140096618,2.1403650026838434,1.9122383252818036,12.419484702093397,1.2815351583467525,1.9457863660762211,6.394256575415996,0.013419216317767043,
188,11.79549114331723,18.23671497584541,22.57783145464305,9.836285560923242,11.017176596886742,0.4227053140096618,2.1403650026838434,1.9592055823939882,12.379227053140097,1.2815351583467525,1.9457863660762211,6.394256575415996,0.013419216317767043,
189,11.79549114331723,18.21658615136876,22.564412238325282,9.71551261406334,10.983628556092324,0.4227053140096618,2.1403650026838434,1.9994632313472893,12.526838432635534,1.2815351583467525,1.9457863660762211,6.394256575415996,0.013419216317767043,
190,11.808910359634996,18.19645732689211,22.537573805689746,9.614868491680086,10.983628556092324,0.4495437466451959,2.24771873322598,1.9994632313472893,12.526838432635534,1.2815351583467525,1.9457863660762211,6.394256575415996,0.013419216317767043,
191,12.00348899624262,18.16290928609769,22.517444981213096,9.594739667203436,10.903113258185721,0.4495437466451959,2.2879763821792807,1.9994632313472893,12.5,1.2815351583467525,1.9457863660762211,6.340579710144928,0.013419216317767043,
192,12.151100375738057,18.149490069779926,22.450348899624263,9.50751476113795,10.876274825550189,0.41599570585077833,2.3215244229736984,2.059849704777241,12.446323134728932,1.2815351583467525,2.046430488459474,6.280193236714976,0.013419216317767043,
193,12.25174449812131,18.136070853462158,22.436929683306495,9.473966720343531,10.876274825550189,0.41599570585077833,2.3215244229736984,2.059849704777241,12.406065485775631,1.2815351583467525,2.046430488459474,6.280193236714976,0.013419216317767043,
194,12.359098228663447,18.095813204508858,22.416800858829845,9.46725711218465,10.869565217391305,0.41599570585077833,2.3886205045625335,2.059849704777241,12.31213097155126,1.2815351583467525,2.046430488459474,6.273483628556092,0.013419216317767043,
195,12.406065485775631,18.075684380032207,22.38996242619431,9.420289855072463,10.84272678475577,0.4092860976918948,2.49597423510467,2.033011272141707,12.325550187869029,1.2815351583467525,2.046430488459474,6.260064412238325,0.013419216317767043,
196,12.419484702093397,18.06226516371444,22.363123993558776,9.420289855072463,10.701825013419215,0.4092860976918948,2.49597423510467,2.033011272141707,12.29200214707461,1.482823403113258,2.046430488459474,6.260064412238325,0.013419216317767043,
