,45,50,52,53,55,51,54,56,58,57
0,99.78529253891573,0.2147074610842727,,,,,,,,
1,94.41760601180891,5.58239398819109,,,,,,,,
2,92.04911433172303,7.950885668276973,,,,,,,,
3,92.02227589908749,7.877079978529254,0.10064412238325282,,,,,,,
4,85.13150831991412,14.76784755770263,0.10064412238325282,,,,,,,
5,85.21202361782072,14.687332259796028,0.10064412238325282,,,,,,,
6,83.08507783145464,16.814278046162105,0.10064412238325282,,,,,,,
7,81.80354267310788,18.095813204508858,0.10064412238325282,,,,,,,
8,76.82501341921632,22.940150295222757,0.10064412238325282,0.13419216317767044,,,,,,
9,75.33548040794417,24.188137412775095,0.10064412238325282,0.13419216317767044,0.24154589371980675,,,,,
10,71.46403650026838,27.737520128824478,0.3421900161030596,0.13419216317767044,0.24154589371980675,0.08051529790660225,,,,
11,68.73322597960279,27.36849168008588,3.683574879227053,0.13419216317767044,,0.08051529790660225,,,,
12,68.73322597960279,27.395330112721417,3.656736446591519,0.13419216317767044,,0.08051529790660225,,,,
13,68.96806226516371,26.898819108964037,3.589640365002684,0.46296296296296297,,0.08051529790660225,,,,
14,67.13633923778852,28.938539989264626,3.3816425120772946,0.46296296296296297,,0.08051529790660225,,,,
15,62.07058507783145,34.15190552871712,3.3816425120772946,0.15432098765432098,0.1610305958132045,0.08051529790660225,,,,
16,62.38593666129898,33.662104133118625,3.3816425120772946,0.15432098765432098,0.2281266774020397,0.08051529790660225,0.10735373054213634,,,
17,62.60735373054214,33.091787439613526,3.3145464304884595,0.15432098765432098,0.5032206119162641,0.08051529790660225,0.24825550187869028,,,
18,62.25174449812131,32.98443370907139,3.280998389694042,0.15432098765432098,0.7179280730005367,0.08051529790660225,0.5300590445517982,,,
19,60.38647342995169,34.91009125067096,3.280998389694042,0.15432098765432098,0.7045088566827697,0.08051529790660225,0.4830917874396135,,,
20,60.19189479334407,33.81642512077295,4.609500805152979,0.13419216317767044,0.7045088566827697,0.06038647342995169,0.4830917874396135,,,
21,60.03086419753087,33.89694041867955,4.5893719806763285,0.13419216317767044,0.7045088566827697,0.06038647342995169,0.5837359098228664,,,
22,59.46054750402576,34.225711218464845,4.542404723564144,0.13419216317767044,0.6910896403650026,0.36231884057971014,0.5837359098228664,,,
23,58.8768115942029,34.84299516908212,4.53569511540526,0.13419216317767044,0.6776704240472357,0.3488996242619431,0.5837359098228664,,,
24,58.1857219538379,33.7157809983897,4.508856682769726,0.13419216317767044,0.6776704240472357,2.1940418679549114,0.5837359098228664,,,
25,57.88378958668814,32.31347289318304,4.49543746645196,0.13419216317767044,0.6776704240472357,3.569511540526033,0.9259259259259259,,,
26,58.00456253354804,32.05179817498658,4.488727858293076,0.13419216317767044,0.6776704240472357,3.730542136339238,0.9125067096081588,,,
27,56.80354267310789,33.3467525496511,4.455179817498658,0.13419216317767044,0.6776704240472357,3.670155662909286,0.9125067096081588,,,
28,54.97181964573269,32.830112721417066,3.569511540526033,0.13419216317767044,0.6575415995705851,5.4616210413311865,2.3752012882447664,,,
29,55.092592592592595,32.830112721417066,3.535963499731616,0.13419216317767044,0.6575415995705851,5.374396135265701,2.3752012882447664,,,
30,45.99436392914654,42.190016103059584,3.4957058507783145,0.13419216317767044,0.6575415995705851,5.159688674181428,2.368491680085883,,,
31,44.43102522812668,41.6129898013956,3.193773483628556,0.13419216317767044,0.6575415995705851,8.82313472893183,1.1473429951690821,,,
32,43.39103596349973,42.76704240472356,3.180354267310789,0.13419216317767044,0.6575415995705851,8.749329039184111,1.1205045625335481,,,
33,38.16425120772947,48.993558776167475,3.3011272141706924,0.13419216317767044,0.11406333870101985,8.205850778314547,1.0869565217391304,,,
34,37.11755233494364,50.20799785292539,3.294417606011809,0.13419216317767044,0.11406333870101985,8.044820182501342,1.0869565217391304,,,
35,37.64090177133655,49.75174449812131,3.2742887815351582,0.13419216317767044,0.11406333870101985,7.9106280193236715,1.0869565217391304,0.08722490606548577,,
36,38.17096081588835,49.13446054750403,3.240740740740741,0.13419216317767044,0.11406333870101985,7.890499194847021,1.2278582930756843,0.08722490606548577,,
37,38.519860440150296,46.9873859366613,4.730273752012883,1.06682769726248,0.11406333870101985,7.273215244229737,1.221148684916801,0.08722490606548577,,
38,38.77482555018787,46.57139023081052,4.750402576489533,1.1741814278046163,0.2214170692431562,6.816961889425658,1.6035963499731616,0.08722490606548577,,
39,36.70155662909286,48.490338164251206,4.74369296833065,1.1674718196457328,0.2214170692431562,6.8035426731078905,1.7847557702630166,0.08722490606548577,,
40,36.782071926999464,47.99382716049383,4.690016103059581,1.5633387010198605,0.2214170692431562,6.877348362855609,1.7847557702630166,0.08722490606548577,,
41,37.11084272678475,47.46376811594203,4.663177670424047,1.5633387010198605,0.2214170692431562,7.112184648416532,1.778046162104133,0.08722490606548577,,
42,37.39935587761675,46.90016103059581,4.643048845947397,1.5365002683843263,0.2214170692431562,7.159151905528717,1.7713365539452497,0.36902844873859364,,
43,37.76167471819646,46.05475040257649,4.562533548040794,1.5365002683843263,0.2214170692431562,7.763016639828234,1.7310789049919484,0.36902844873859364,,
44,37.473161567364464,43.41116478797638,7.098765432098766,0.9326355340848095,0.644122383252818,8.024691358024691,2.046430488459474,0.36902844873859364,,
45,36.60762211486849,37.775093934514224,6.729736983360172,0.8722490606548577,0.644122383252818,15.499194847020934,1.7847557702630166,0.08722490606548577,,
46,34.715512614063336,36.56736446591519,6.1929683306494905,0.8252818035426731,0.5703166935050993,19.269994632313473,1.7713365539452497,0.08722490606548577,,
47,33.762748255501876,36.2788513150832,5.669618894256575,0.8252818035426731,0.5971551261406334,20.974235104669887,1.8048845947396672,0.08722490606548577,,
48,34.05797101449275,36.191626409017715,5.636070853462158,0.8252818035426731,0.7581857219538379,20.699141170155663,1.7444981213097155,0.08722490606548577,,
49,33.85668276972625,34.856414385399894,5.548845947396672,0.8252818035426731,0.7380568974771873,22.24235104669887,1.8451422436929683,0.08722490606548577,,
50,34.50751476113795,34.48067632850242,5.508588298443371,0.8118625872249061,0.7380568974771873,22.020933977455716,1.8451422436929683,0.08722490606548577,,
51,34.68867418142781,34.554482018250134,5.448201825013419,0.8118625872249061,0.7179280730005367,21.85990338164251,1.8317230273752012,0.08722490606548577,,
52,34.92351046698873,33.7962962962963,5.3341384863123995,0.8118625872249061,0.7112184648416533,22.27589908749329,2.073268921095008,0.07380568974771873,,
53,35.238862050456255,33.702361782071925,5.293880837359098,0.8051529790660226,0.7112184648416533,22.04777241009125,2.073268921095008,0.1274825550187869,,
54,34.76918947933441,32.769726247987116,5.045625335480408,0.8051529790660226,0.7112184648416533,23.382984433709073,2.3886205045625335,0.1274825550187869,,
55,35.07783145464305,32.19940955448202,5.045625335480408,1.4962426194310252,0.7917337627482555,21.309715512614062,3.9586688137412773,0.12077294685990338,,
56,34.14519592055824,29.817498658078367,4.998658078368224,2.932098765432099,0.7648953301127214,23.51046698872786,3.7104133118625873,0.12077294685990338,,
57,34.72893183038111,29.468599033816425,4.951690821256038,2.9052603327965647,0.8051529790660226,23.315888352120236,3.7037037037037037,0.12077294685990338,,
58,34.245840042941495,30.213365539452496,4.924852388620504,2.38191089640365,2.6167471819645733,21.504294149221685,3.6768652710681695,0.43612453032742887,,
59,31.367418142780462,33.903650026838434,4.817498658078368,2.3617820719269993,2.844873859366613,20.71256038647343,3.556092324208266,0.43612453032742887,,
60,31.830381105743424,33.64868491680086,4.770531400966184,2.214170692431562,2.844873859366613,20.645464304884594,3.515834675254965,0.5300590445517982,,
61,31.97128287707998,33.77616747181965,4.730273752012883,2.214170692431562,2.844873859366613,20.471014492753625,3.4621578099838968,0.5300590445517982,,
62,32.024959742351044,33.8768115942029,4.757112184648417,2.2074610842726785,2.7979066022544283,20.417337627482556,3.388352120236178,0.5300590445517982,,
63,32.47450348899624,33.42055823939882,4.690016103059581,2.2074610842726785,2.9388083735909825,20.35024154589372,3.388352120236178,0.5300590445517982,,
64,32.44095544820183,33.883521202361784,4.663177670424047,2.2074610842726785,2.885131508319914,20.021470746108427,3.3682232957595275,0.5300590445517982,,
65,31.42109500805153,35.09125067096082,4.575952764358561,2.1806226516371443,2.871712292002147,19.961084272678477,3.3682232957595275,0.5300590445517982,,
66,30.797101449275363,33.82984433709071,4.549114331723027,2.1739130434782608,3.3950617283950617,21.088298443370906,3.6366076221148687,0.5300590445517982,,
67,30.246913580246915,32.96430488459474,4.508856682769726,2.15378421900161,3.1602254428341383,23.067632850241544,3.374932903918411,0.5233494363929146,,
68,30.69645732689211,32.67579173376275,4.609500805152979,2.0933977455716586,3.140096618357488,22.933440687063875,3.3279656468062266,0.5233494363929146,,
69,31.226516371443907,32.23295759527644,4.582662372517445,2.314814814814815,3.1199677938808374,22.69860440150295,3.3011272141706924,0.5233494363929146,,
70,28.576221148684915,36.2788513150832,6.796833064949007,2.985775630703167,3.113258185721954,18.9747718733226,2.7979066022544283,0.47638217928073,,
71,27.851583467525497,35.85614600107354,6.622383252818035,2.918679549114332,3.435319377348363,19.95437466451959,2.7308105206655933,0.630703166935051,,
72,28.488996242619432,35.547504025764894,6.568706387546968,2.8918411164787976,3.3950617283950617,19.786634460547504,2.690552871712292,0.630703166935051,,
73,28.79092860976919,35.178475577026305,6.508319914117015,2.9253891572732154,3.6366076221148687,19.64573268921095,2.6838432635534084,0.630703166935051,,
74,28.27428878153516,33.641975308641975,6.863929146537842,2.9052603327965647,3.750670960815888,21.256038647342994,2.677133655394525,0.630703166935051,,
75,28.60305958132045,33.32662372517445,6.830381105743425,2.9052603327965647,4.092860976918948,20.638754696725712,2.9723564143853998,0.630703166935051,,
76,27.72410091250671,31.42109500805153,6.239935587761675,4.408212560386473,4.012345679012346,22.57783145464305,3.0059044551798175,0.6105743424584005,,
77,28.046162104133117,31.219806763285025,6.78341384863124,4.508856682769726,3.9989264626945786,21.926999463231347,2.9052603327965647,0.6105743424584005,,
78,28.428609769189478,31.01851851851852,6.743156199677939,4.455179817498658,3.938539989264627,21.93370907139023,2.871712292002147,0.6105743424584005,,
79,28.911701556629094,30.991680085882983,6.662640901771336,4.408212560386473,3.8915727321524423,21.66532474503489,2.85829307568438,0.6105743424584005,,
80,27.234299516908212,28.844605475040257,5.4616210413311865,3.515834675254965,3.938539989264627,28.019323671497585,2.7241009125067097,0.2616747181964573,,
81,25.89908749329039,30.615942028985508,5.4616210413311865,3.4420289855072466,3.864734299516908,27.791196994095547,2.677133655394525,0.24825550187869028,,
82,26.261406333870102,30.038915727321523,5.448201825013419,3.3548040794417604,4.408212560386473,27.563070316693505,2.677133655394525,0.24825550187869028,,
83,26.455984970477726,29.904723564143854,5.83064949006978,3.7238325281803544,4.092860976918948,27.388620504562535,2.3550724637681157,0.24825550187869028,,
84,26.898819108964037,29.54911433172303,5.803811057434245,3.7037037037037037,4.374664519592056,27.066559312936125,2.3550724637681157,0.24825550187869028,,
85,25.831991411701555,30.743424584004295,6.561996779388084,3.4286097691894795,4.334406870638754,26.38888888888889,2.462426194310252,0.24825550187869028,,
86,26.27482555018787,30.535426731078903,6.394256575415996,3.3816425120772946,4.569243156199678,25.946054750402578,2.509393451422437,0.38915727321524424,,
87,25.87224906065486,29.770531400966185,6.286902844873859,3.3816425120772946,4.49543746645196,27.120236178207193,2.6838432635534084,0.38915727321524424,,
88,26.382179280730007,29.51556629092861,6.253354804079442,3.33467525496511,4.790660225442834,26.663982823403114,2.6704240472356413,0.38915727321524424,,
89,26.959205582393988,29.22705314009662,6.105743424584004,3.294417606011809,4.851046698872786,26.402308105206657,2.771068169618894,0.38915727321524424,,
90,26.96591519055287,28.938539989264626,6.078904991948471,3.4420289855072466,5.246913580246914,26.174181427804616,2.7643585614600106,0.38915727321524424,,
91,27.536231884057973,28.690284487385938,5.904455179817498,3.4017713365539453,5.233494363929147,25.85212023617821,2.7106816961889426,0.6709608158883521,,
92,26.979334406870638,26.724369296833064,5.649490069779925,3.374932903918411,5.12614063338701,28.341384863123995,2.9119699409554483,0.8923778851315083,,
93,27.100107353730543,26.7512077294686,5.8239398819108965,3.321256038647343,5.045625335480408,27.985775630703166,3.079710144927536,0.8923778851315083,,
94,27.388620504562535,25.389157273215243,5.481749865807837,4.7168545356951155,5.307300053676865,27.85829307568438,2.9589371980676327,0.8990874932903918,,
95,27.63016639828234,25.161030595813205,5.703166935050993,4.7168545356951155,5.287171229200215,27.643585614600106,2.9589371980676327,0.8990874932903918,,
96,27.30139559849705,24.490069779924852,5.528717122920021,4.783950617283951,4.891304347826087,28.978797638217927,3.126677402039721,0.8990874932903918,,
97,27.51610305958132,24.288781535158346,5.770263016639828,5.059044551798175,5.045625335480408,28.368223295759528,3.052871712292002,0.8990874932903918,,
98,27.965646806226516,24.06736446591519,5.756843800322061,5.018786902844874,5.132850241545894,28.14680622651637,3.012614063338701,0.8990874932903918,,
99,28.26086956521739,23.58427267847558,7.212828770799785,5.213365539452496,5.132850241545894,26.690821256038646,3.0059044551798175,0.8990874932903918,,
100,28.824476650563607,23.309178743961354,6.199677938808374,5.186527106816962,5.072463768115942,27.51610305958132,2.9924852388620504,0.8990874932903918,,
101,29.388083735909824,23.07434245840043,6.159420289855072,5.146269457863661,5.199946323134729,27.140365002683843,2.9924852388620504,0.8990874932903918,,
102,29.78395061728395,22.12157809983897,6.890767579173376,5.132850241545894,5.146269457863661,27.053140096618357,2.9723564143853998,0.8990874932903918,,
103,30.139559849704778,21.886741814278047,7.03166935050993,5.0858829844337095,5.065754159957058,26.798174986580783,3.0931293612453032,0.8990874932903918,,
104,30.750134192163177,21.72571121846484,7.212828770799785,5.018786902844874,4.891304347826087,26.42914653784219,3.0730005367686526,0.8990874932903918,,
105,29.898013955984972,22.859634997316157,7.14573268921095,4.978529253891573,4.87788513150832,25.79844337090714,3.3011272141706924,1.1406333870101986,,
106,30.173107890499196,22.638217928073,7.326892109500805,4.918142780461621,4.830917874396135,25.684380032206118,3.2877079978529253,1.1406333870101986,,
107,30.18652710681696,22.16183574879227,7.326892109500805,5.139559849704777,4.723564143853999,25.32206119162641,3.911701556629093,1.2278582930756843,,
108,30.575684380032207,21.806226516371442,7.340311325818572,5.0993022007514766,4.911433172302737,25.187869028448738,3.851315083199141,1.2278582930756843,,
109,29.97181964573269,21.175523349436393,7.320182501341922,5.293880837359098,4.8443370907139025,26.41572732152442,3.8311862587224907,1.1473429951690821,,
110,26.576757917337627,29.47530864197531,6.454643048845948,6.588835212023618,4.636339237788513,21.141975308641975,3.978797638217928,1.1473429951690821,,
111,26.288244766505635,28.307836822329577,6.394256575415996,6.736446591519055,4.374664519592056,22.765700483091788,4.032474503488996,1.1003757380568975,,
112,25.83870101986044,27.885131508319915,8.393719806763285,6.769994632313473,4.374664519592056,21.470746108427267,4.032474503488996,1.2345679012345678,,
113,26.31508319914117,27.76435856146001,8.145464304884594,6.689479334406871,4.569243156199678,21.316425120772948,3.965378421900161,1.2345679012345678,,
114,26.154052603327965,27.26784755770263,7.575147611379496,6.501610305958132,4.528985507246377,22.86634460547504,3.8714439076757916,1.2345679012345678,,
115,26.536500268384327,26.986044015029524,7.7898550724637685,6.4345142243692965,4.508856682769726,22.624798711755233,3.8848631239935587,1.2345679012345678,,
116,26.476113794954376,26.39559849704777,10.72866344605475,5.179817498658078,4.28743961352657,21.87332259796028,3.8580246913580245,1.2010198604401503,,
117,26.959205582393988,25.966183574879228,10.86285560923242,5.246913580246914,4.40150295222759,21.591519055287172,3.7775093934514223,1.1943102522812667,,
118,27.616747181964573,25.831991411701555,10.755501878690284,5.226784755770263,4.3545356951154055,21.336553945249598,3.683574879227053,1.1943102522812667,,
119,27.891841116478798,25.577026301663984,10.681696188942565,5.213365539452496,4.394793344068707,21.121846484165324,3.643317230273752,1.4761137949543746,,
120,27.361782071927,25.026838432635532,14.660493827160494,5.186527106816962,4.240472356414386,18.552066559312937,3.6366076221148687,1.3352120236178207,,
121,27.542941492216855,24.92619431025228,14.318303811057435,5.119431025228127,4.334406870638754,18.88083735909823,3.5426731078904994,1.3352120236178207,,
122,27.979066022544284,24.792002147074612,14.190821256038648,5.0791733762748255,4.334406870638754,18.793612453032743,3.5091250670960816,1.3217928073000538,,
123,28.28099838969404,24.342458400429415,13.922436929683306,5.3274288781535155,4.690016103059581,18.61916264090177,3.4957058507783145,1.3217928073000538,,
124,28.247450348899623,24.08749329039184,13.754696725711218,5.421363392377885,4.757112184648417,18.927804616210413,3.4822866344605474,1.3217928073000538,,
125,28.421900161030596,23.731884057971016,13.6808910359635,5.589103596349974,4.750402576489533,19.008319914117017,3.5091250670960816,1.3083735909822867,,
126,28.361513687600645,23.483628556092324,13.553408480944713,5.501878690284487,4.797369833601718,19.176060118089104,3.9049919484702094,1.221148684916801,,
127,28.133387010198604,23.13472893183038,13.41250670960816,7.27992485238862,4.777241009125067,18.16290928609769,3.878153515834675,1.221148684916801,,
128,28.6231884057971,22.98040794417606,13.056897477187333,7.313472893183038,4.750402576489533,18.209876543209877,3.844605475040258,1.221148684916801,,
129,29.146537842190018,22.71202361782072,13.050187869028449,7.360440150295223,4.750402576489533,18.055555555555557,3.7037037037037037,1.221148684916801,,
130,28.85131508319914,21.484165324745035,14.848362855609233,7.360440150295223,4.8443370907139025,17.76033279656468,3.643317230273752,1.2077294685990339,,
131,29.2337627482555,21.108427267847556,14.794685990338165,7.1725711218464845,4.931561996779388,17.914653784219002,3.656736446591519,1.1876006441223832,,
132,29.455179817498657,21.007783145464305,14.908749329039184,7.588566827697263,4.851046698872786,17.438271604938272,3.6366076221148687,1.1137949543746646,,
133,29.864465915190554,20.873590982286636,14.586688137412775,7.548309178743962,5.0858829844337095,17.324208266237253,3.6366076221148687,1.0802469135802468,,
134,30.20665593129361,20.759527643585614,14.506172839506172,7.5281803542673105,5.0858829844337095,17.21014492753623,3.6366076221148687,1.06682769726248,,
135,30.441492216854535,20.679012345679013,14.479334406870638,7.682501341921632,5.059044551798175,17.10950080515298,3.488996242619431,1.0601180891035964,,
136,30.56226516371444,20.531400966183575,14.479334406870638,8.038110574342458,5.025496511003757,16.82769726247987,3.475577026301664,1.0601180891035964,,
137,30.595813204508858,20.38378958668814,14.345142243692969,8.179012345679013,5.018786902844874,16.680085882984432,3.743961352657005,1.0534084809447128,,
138,29.844337090713903,20.148953301127214,17.70665593129361,8.011272141706923,4.146537842190016,15.405260332796564,3.7238325281803544,1.0131508319914118,,
139,30.139559849704778,20.061728395061728,17.632850241545892,7.977724100912507,4.133118625872249,15.33816425120773,3.7238325281803544,0.9930220075147611,,
140,30.3743961352657,19.994632313472895,17.424852388620504,7.957595276435856,4.30756843800322,15.069779924852389,3.9049919484702094,0.966183574879227,,
141,30.689747718733226,19.89398819108964,17.28395061728395,7.997852925389157,4.280730005367687,14.982555018786902,3.9049919484702094,0.966183574879227,,
142,31.11916264090177,19.679280730005367,17.216854535695116,7.930756843800322,4.274020397208803,14.915458937198068,3.898282340311326,0.966183574879227,,
143,28.052871712292003,29.542404723564143,15.499194847020934,6.843800322061192,3.603059581320451,12.104133118625873,3.5829307568438002,0.7716049382716049,,
144,28.388352120236178,29.461889425657542,15.371712292002147,6.816961889425658,3.603059581320451,12.016908212560386,3.569511540526033,0.7716049382716049,,
145,28.918411164787976,29.126409017713364,15.271068169618895,6.810252281266774,3.5829307568438002,11.963231347289318,3.556092324208266,0.7716049382716049,,
146,28.052871712292003,28.85131508319914,17.478529253891573,6.796833064949007,3.3413848631239937,11.802200751476114,3.2675791733762747,0.4092860976918948,,
147,28.307836822329577,28.60305958132045,17.196725711218466,6.763285024154589,3.2675791733762747,11.936392914653783,3.515834675254965,0.4092860976918948,,
148,28.64331723027375,28.348094471282877,17.317498658078367,6.763285024154589,3.2206119162640903,11.81561996779388,3.502415458937198,0.38915727321524424,,
149,29.139828234031132,28.026033279656467,17.250402576489535,6.709608158883521,3.280998389694042,11.728395061728396,3.475577026301664,0.38915727321524424,,
150,29.26731078904992,27.542941492216855,17.12962962962963,6.689479334406871,3.4957058507783145,12.010198604401502,3.475577026301664,0.38915727321524424,,
151,29.49543746645196,25.55689747718733,16.794149221685455,6.857219538378959,5.4616210413311865,11.996779388083736,3.44873859366613,0.38915727321524424,,
152,29.723564143854,25.523349436392916,16.867954911433173,6.823671497584541,5.441492216854535,11.855877616747183,3.374932903918411,0.38915727321524424,,
153,29.49543746645196,25.174449812130973,16.0829307568438,6.743156199677939,5.428073000536768,13.560118089103597,3.126677402039721,0.38915727321524424,,
154,29.884594739667204,24.872517444981213,15.935319377348362,7.0450885668276975,5.4616210413311865,13.466183574879228,3.052871712292002,0.28180354267310787,,
155,30.19994632313473,24.771873322597962,16.10305958132045,6.904186795491143,5.414653784219001,13.278314546430488,3.046162104133119,0.28180354267310787,,
156,30.267042404723565,24.4699409554482,16.243961352657006,7.004830917874396,5.394524959742351,13.137412775093935,3.2004830917874396,0.28180354267310787,,
157,30.193236714975846,23.89291465378422,16.163446054750402,6.971282877079979,5.622651637144391,13.083735909822867,3.7909286097691894,0.28180354267310787,,
158,30.307300053676865,22.10144927536232,16.009125067096083,8.742619431025227,5.770263016639828,13.003220611916264,3.784219001610306,0.28180354267310787,,
159,30.54884594739667,22.067901234567902,15.921900161030596,8.709071390230811,5.763553408480945,12.962962962962964,3.743961352657005,0.28180354267310787,,
160,31.125872249060656,21.89345142243693,15.687063875469672,8.648684916800859,5.71658615136876,12.902576489533011,3.743961352657005,0.28180354267310787,,
161,31.5955448201825,21.77938808373591,15.405260332796564,8.53462157809984,5.676328502415459,12.828770799785293,3.898282340311326,0.28180354267310787,,
162,30.991680085882983,21.22920021470746,16.71363392377885,8.085077831454644,5.434782608695652,13.271604938271604,3.992216854535695,0.28180354267310787,,
163,31.132581857219538,21.162104133118625,16.53918411164788,7.924047235641439,5.421363392377885,13.24476650563607,4.294149221685454,0.28180354267310787,,
164,31.36070853462158,20.88030059044552,16.485507246376812,7.85024154589372,5.367686527106817,13.191089640365004,4.582662372517445,0.28180354267310787,,
165,31.769994632313473,20.705850778314545,16.404991948470208,7.796564680622652,5.3274288781535155,13.177670424047236,4.53569511540526,0.28180354267310787,,
166,32.05179817498658,20.585077831454644,16.25738056897477,7.816693505099302,5.213365539452496,13.177670424047236,4.616210413311863,0.28180354267310787,,
167,32.19269994632314,20.316693505099302,16.076221148684915,7.796564680622652,5.421363392377885,12.97638217928073,4.938271604938271,0.28180354267310787,,
168,31.085614600107355,19.618894256575416,14.922168545356952,7.347020933977456,5.35426731078905,16.51905528717123,4.871175523349437,0.28180354267310787,,
169,31.394256575415994,19.558507783145465,14.794685990338165,7.206119162640902,5.340848094471283,16.458668813741276,4.85775630703167,0.27509393451422437,0.11406333870101985,
170,31.260064412238325,19.26328502415459,14.707461084272678,7.192699946323135,5.267042404723564,16.170155662909288,5.750134192163178,0.27509393451422437,0.11406333870101985,
171,31.723027375201287,19.07541599570585,14.566559312936125,7.159151905528717,5.314009661835748,16.06280193236715,5.709876543209877,0.27509393451422437,0.11406333870101985,
172,32.038378958668815,19.068706387546968,14.096886741814279,7.246376811594203,5.287171229200215,15.787707997852925,5.844068706387547,0.5166398282340311,0.11406333870101985,
173,32.13231347289318,18.894256575415994,13.982823403113258,7.286634460547504,5.3341384863123995,15.713902308105206,6.025228126677402,0.5166398282340311,0.11406333870101985,
174,32.22624798711755,18.800322061191626,13.627214170692431,7.944176060118089,5.320719269994632,15.479066022544284,5.971551261406334,0.5166398282340311,0.11406333870101985,
175,32.33360171765969,18.773483628556093,13.607085346215781,8.132045088566828,5.293880837359098,15.291196994095545,5.938003220611916,0.5166398282340311,0.11406333870101985,
176,32.387278582930755,18.10252281266774,13.553408480944713,8.11862587224906,6.199677938808374,15.197262479871176,5.810520665593129,0.5166398282340311,0.11406333870101985,
177,32.8569511540526,18.04884594739667,13.419216317767042,8.024691358024691,6.172839506172839,15.08990874932904,5.797101449275362,0.4830917874396135,0.10735373054213634,
178,33.23939881910896,17.98845947396672,13.291733762748256,7.9039184111647875,6.092324208266238,14.922168545356952,5.897745571658615,0.5568974771873323,0.10735373054213634,
179,33.45410628019324,17.847557702630166,13.231347289318304,7.883789586688137,6.0654857756307035,14.855072463768115,6.005099302200751,0.5501878690284487,0.10735373054213634,
180,32.88378958668814,17.70665593129361,12.99651100375738,7.682501341921632,6.179549114331723,15.841384863123993,6.052066559312936,0.5501878690284487,0.10735373054213634,
181,32.387278582930755,19.135802469135804,12.701288244766506,7.64224369296833,6.1862587224906065,15.237520128824476,6.052066559312936,0.5501878690284487,0.10735373054213634,
182,32.71604938271605,18.99490069779925,12.989801395598498,7.5348899624261945,6.0654857756307035,15.069779924852389,5.998389694041868,0.5501878690284487,0.08051529790660225,
183,33.091787439613526,18.699677938808374,12.97638217928073,7.4208266237251745,6.0654857756307035,15.022812667740205,6.092324208266238,0.5501878690284487,0.08051529790660225,
184,33.299785292538914,18.646001073537306,12.929414922168545,7.313472893183038,6.011808910359635,15.123456790123457,6.045356951154052,0.5501878690284487,0.08051529790660225,
185,33.48094471282877,18.45813204508857,12.721417069243156,7.514761137949543,5.964841653247451,15.083199141170155,6.152710681696189,0.5434782608695652,0.08051529790660225,
186,33.63526570048309,18.35077831454643,12.325550187869029,7.695920558239399,5.938003220611916,15.304616210413311,6.125872249060655,0.5434782608695652,0.08051529790660225,
187,33.82984433709071,17.961621041331185,12.298711755233494,7.836822329575953,6.085614600107354,15.26435856146001,6.099033816425121,0.5434782608695652,0.08051529790660225,
188,33.803005904455176,18.203166935050994,12.506709608158884,7.729468599033816,6.078904991948471,15.116747181964573,5.938003220611916,0.5434782608695652,0.08051529790660225,
189,34.0378421900161,18.14278046162104,12.473161567364466,7.7831454643048845,6.0587761674718195,14.942297369833602,5.938003220611916,0.5434782608695652,0.08051529790660225,
190,34.33977455716586,18.055555555555557,12.5402576489533,7.709339774557166,6.005099302200751,14.828234031132581,5.911164787976382,0.5300590445517982,0.08051529790660225,
191,34.5276435856146,18.02200751476114,12.486580783682234,7.695920558239399,5.998389694041868,14.801395598497047,5.857487922705314,0.5300590445517982,0.08051529790660225,
192,29.965110037573805,14.794685990338165,11.2788513150832,6.776704240472356,5.562265163714439,25.55018786902845,5.515297906602254,0.47638217928073,0.08051529790660225,
193,30.14626945786366,14.660493827160494,11.366076221148685,6.6760601180891035,5.548845947396672,25.10064412238325,5.9447128287707995,0.47638217928073,0.08051529790660225,
194,30.401234567901234,14.63365539452496,11.3191089640365,6.769994632313473,5.508588298443371,24.758454106280194,6.072195383789587,0.4562533548040794,0.08051529790660225,
195,30.327428878153516,14.526301663982823,11.151368760064413,7.159151905528717,5.441492216854535,24.711486849168008,6.146001073537305,0.4562533548040794,0.08051529790660225,
196,30.656199677938808,14.465915190552872,11.084272678475577,7.105475040257649,5.414653784219001,24.590713902308106,6.146001073537305,0.4562533548040794,0.08051529790660225,
197,30.917874396135264,14.244498121309716,11.010466988727858,7.085346215780999,5.60252281266774,24.315619967793882,6.286902844873859,0.4562533548040794,0.08051529790660225,
198,31.179549114331724,14.224369296833064,10.990338164251208,7.078636607622115,5.562265163714439,24.154589371980677,6.273483628556092,0.4562533548040794,0.08051529790660225,
199,31.4747718733226,14.210950080515298,10.95679012345679,7.051798174986581,5.555555555555555,23.95330112721417,6.260064412238325,0.4562533548040794,0.08051529790660225,
200,31.78341384863124,14.17740203972088,10.896403650026839,7.011540526033279,5.495169082125604,23.79898013955985,6.300322061191626,0.4562533548040794,0.08051529790660225,
201,32.098765432098766,14.15727321524423,10.674986580783683,6.984702093397746,5.703166935050993,23.58427267847558,6.260064412238325,0.4562533548040794,0.08051529790660225,
202,32.48792270531401,14.11701556629093,10.547504025764896,6.904186795491143,5.703166935050993,23.21524422973698,6.488191089640365,0.4562533548040794,0.08051529790660225,
203,32.25308641975309,13.47289318303811,10.272410091250672,6.816961889425658,5.448201825013419,23.087761674718198,8.111916264090176,0.4562533548040794,0.08051529790660225,
204,32.63553408480945,13.405797101449275,10.185185185185185,6.8035426731078905,5.381105743424584,22.799248523886206,8.111916264090176,0.5971551261406334,0.08051529790660225,
205,33.00456253354804,13.298443370907139,10.144927536231885,6.716317767042405,5.381105743424584,22.57783145464305,8.199141170155663,0.5971551261406334,0.08051529790660225,
206,32.82340311325819,13.238056897477188,10.185185185185185,6.092324208266238,5.360976918947934,23.423242082662373,8.199141170155663,0.5971551261406334,0.08051529790660225,
207,32.99785292538916,13.043478260869565,10.0979602791197,6.595544820182502,5.280461621041331,23.242082662372518,8.064949006977992,0.5971551261406334,0.08051529790660225,
208,32.23966720343532,12.701288244766506,10.064412238325282,6.085614600107354,4.38137412775094,26.154052603327965,7.695920558239399,0.5971551261406334,0.08051529790660225,
209,33.00456253354804,12.634192163177671,9.903381642512077,6.0587761674718195,4.327697262479871,25.664251207729468,7.729468599033816,0.5971551261406334,0.08051529790660225,
210,33.17230273752013,12.546967257112184,9.997316156736447,6.0587761674718195,4.300858829844337,25.543478260869566,7.702630166398282,0.5971551261406334,0.08051529790660225,
211,33.42055823939882,12.439613526570048,9.977187332259795,5.884326355340848,4.247181964573269,25.261674718196456,7.769726247987117,0.9192163177670424,0.08051529790660225,
212,33.3870101986044,12.285292538915728,10.111379495437467,6.374127750939345,4.052603327965647,24.9597423510467,7.830112721417069,0.9192163177670424,0.08051529790660225,
213,33.675523349436396,12.097423510466989,10.272410091250672,6.320450885668277,4.025764895330113,24.758454106280194,7.7898550724637685,0.9796027911969941,0.08051529790660225,
214,33.82984433709071,12.04374664519592,10.225442834138486,6.320450885668277,4.025764895330113,24.765163714439076,7.729468599033816,0.9796027911969941,0.08051529790660225,
215,34.05797101449275,11.849168008588299,10.185185185185185,6.595544820182502,4.180085882984434,24.48336017176597,7.601986044015029,0.966183574879227,0.08051529790660225,
216,33.7157809983897,11.701556629092861,9.883252818035427,6.407675791733762,4.3545356951154055,25.59044551798175,7.179280730005368,1.0869565217391304,0.08051529790660225,
217,33.883521202361784,11.654589371980677,9.883252818035427,6.394256575415996,4.334406870638754,25.5300590445518,7.1658615136876005,1.0735373054213635,0.08051529790660225,
218,34.38674181427805,11.473429951690822,10.071121846484166,6.293612453032743,4.435050993022007,25.127482555018787,7.071926999463232,1.0601180891035964,0.08051529790660225,
219,34.66183574879227,11.225174449812132,10.017444981213098,6.286902844873859,4.408212560386473,24.993290391841118,7.300053676865271,1.0265700483091786,0.08051529790660225,
220,34.95034889962426,11.191626409017713,9.957058507783145,6.286902844873859,4.408212560386473,24.879227053140095,7.232957595276436,1.0131508319914118,0.08051529790660225,
221,35.35292538915727,11.151368760064413,9.856414385399892,6.219806763285024,4.4820182501341925,24.52361782071927,7.326892109500805,1.0064412238325282,0.08051529790660225,
222,35.587761674718195,11.097691894793345,9.950348899624261,6.179549114331723,4.448470209339774,24.40955448201825,7.253086419753086,0.9930220075147611,0.08051529790660225,
223,35.89640365002684,11.09098228663446,9.856414385399892,6.139291465378422,4.884594739667204,23.993558776167472,7.092055823939882,0.966183574879227,0.08051529790660225,
224,35.64143853998927,10.540794417606012,9.581320450885668,5.703166935050993,4.8376274825550185,25.59044551798175,7.058507783145465,0.966183574879227,0.08051529790660225,
225,35.829307568438004,10.48040794417606,9.73564143853999,5.689747718733226,4.824208266237251,25.32206119162641,7.092055823939882,0.9460547504025765,0.08051529790660225,
226,36.198336017176594,10.406602254428341,9.668545356951155,5.649490069779925,4.790660225442834,25.187869028448738,7.071926999463232,0.9460547504025765,0.08051529790660225,
227,36.41975308641975,10.258990874932904,9.796027911969942,5.622651637144391,4.85775630703167,24.97987117552335,7.0383789586688135,0.9460547504025765,0.08051529790660225,
228,36.54723564143854,10.19189479334407,10.332796564680622,5.810520665593129,5.166398282340311,24.349168008588297,6.588835212023618,0.9326355340848095,0.08051529790660225,
229,36.22517444981213,10.158346752549651,10.72866344605475,5.5756843800322065,5.119431025228127,24.288781535158346,6.890767579173376,0.9326355340848095,0.08051529790660225,
230,36.46672034353194,10.138217928073,10.909822866344605,5.374396135265701,5.059044551798175,24.18142780461621,6.857219538378959,0.9326355340848095,0.08051529790660225,
231,36.79549114331723,10.037573805689748,10.815888352120236,5.360976918947934,5.35426731078905,23.872785829307567,6.837090713902308,0.8454106280193237,0.08051529790660225,
232,36.68813741277509,9.98389694041868,11.252012882447666,5.267042404723564,5.246913580246914,23.906333870101985,6.729736983360172,0.8454106280193237,0.08051529790660225,
233,36.89613526570049,9.950348899624261,11.238593666129898,5.24020397208803,5.226784755770263,23.792270531400966,6.729736983360172,0.8454106280193237,0.08051529790660225,
234,37.1309715512614,9.950348899624261,11.20504562533548,5.24020397208803,5.226784755770263,23.60440150295223,6.716317767042405,0.8454106280193237,0.08051529790660225,
235,35.319377348362856,8.970746108427267,13.962694578636608,5.132850241545894,5.287171229200215,24.22168545356951,6.206387546967257,0.8185721953837896,0.08051529790660225,
236,35.36634460547504,8.789586688137414,14.076757917337627,5.132850241545894,5.555555555555555,23.70504562533548,6.474771873322598,0.8185721953837896,0.08051529790660225,
237,35.198604401502955,8.641975308641975,14.392109500805153,5.0993022007514766,5.360976918947934,23.51046698872786,6.9243156199677935,0.7917337627482555,0.08051529790660225,
238,35.43344068706388,8.588298443370908,14.338432635534085,5.159688674181428,5.314009661835748,23.463499731615673,6.830381105743425,0.7917337627482555,0.08051529790660225,
239,35.39989264626946,8.568169618894256,14.257917337627482,5.421363392377885,5.287171229200215,23.443370907139023,6.749865807836822,0.7917337627482555,0.08051529790660225,
240,35.79575952764358,8.541331186258722,14.170692431561998,5.414653784219001,5.213365539452496,23.255501878690286,6.736446591519055,0.7917337627482555,0.08051529790660225,
241,35.95679012345679,8.474235104669887,14.090177133655395,5.562265163714439,5.159688674181428,23.19511540526033,6.689479334406871,0.7917337627482555,0.08051529790660225,
242,36.35265700483092,8.400429414922169,13.969404186795492,5.522007514761138,5.374396135265701,22.84621578099839,6.662640901771336,0.7917337627482555,0.08051529790660225,
243,36.56736446591519,8.28636607622115,14.04320987654321,5.904455179817498,5.273752012882448,22.470477724100913,6.595544820182502,0.7783145464304885,0.08051529790660225,
244,36.95652173913044,8.279656468062266,13.915727321524423,5.884326355340848,5.314009661835748,22.249060654857757,6.568706387546968,0.7514761137949544,0.08051529790660225,
245,37.265163714439076,8.259527643585615,13.828502415458937,5.877616747181965,5.300590445517981,22.134997316156735,6.501610305958132,0.7514761137949544,0.08051529790660225,
246,37.61406333870102,8.13875469672571,13.761406333870102,5.790391841116479,5.2066559312936125,22.168545356951153,6.488191089640365,0.7514761137949544,0.08051529790660225,
247,37.86231884057971,8.13875469672571,13.6808910359635,5.750134192163178,5.199946323134729,22.088030059044552,6.447933440687064,0.7514761137949544,0.08051529790660225,
248,37.875738056897475,8.125335480407944,13.647342995169081,5.857487922705314,5.186527106816962,21.886741814278047,6.588835212023618,0.7514761137949544,0.08051529790660225,
249,38.18438003220612,8.105206655931294,13.553408480944713,5.837359098228664,5.179817498658078,21.76596886741814,6.541867954911433,0.7514761137949544,0.08051529790660225,
250,38.191089640365,8.064949006977992,13.714439076757918,5.776972624798712,5.173107890499195,21.833064949006978,6.414385399892646,0.7514761137949544,0.08051529790660225,
251,38.399087493290395,8.024691358024691,13.781535158346752,5.71658615136876,5.12614063338701,21.72571121846484,6.394256575415996,0.7514761137949544,0.08051529790660225,
252,38.29173376274826,7.977724100912507,13.687600644122384,5.790391841116479,5.10601180891036,21.93370907139023,6.246645195920558,0.8856682769726248,0.08051529790660225,
253,38.6003757380569,7.917337627482555,13.727858293075684,5.71658615136876,5.038915727321524,21.79951690821256,6.239935587761675,0.8789586688137413,0.08051529790660225,
254,38.47289318303811,7.9039184111647875,13.781535158346752,5.776972624798712,5.018786902844874,21.484165324745035,6.602254428341385,0.8789586688137413,0.08051529790660225,
255,38.77482555018787,7.87037037037037,13.627214170692431,5.750134192163178,4.9718196457326895,21.390230810520666,6.655931293612453,0.8789586688137413,0.08051529790660225,
256,38.888888888888886,7.7831454643048845,13.580246913580247,5.938003220611916,4.951690821256038,21.370101986044016,6.528448738593666,0.8789586688137413,0.08051529790660225,
257,39.06333870101986,7.7361782071927,13.539989264626946,5.891035963499732,4.898013955984971,21.26274825550188,6.649221685453569,0.8789586688137413,0.08051529790660225,
