,45,50,51,54,52,55,53,57,56,59,58,60,61,46,47
0,98.2085346215781,1.5432098765432098,0.24825550187869028,,,,,,,,,,,,
1,97.94685990338164,1.8048845947396672,0.24825550187869028,,,,,,,,,,,,
2,95.79978529253891,3.938539989264627,0.2616747181964573,,,,,,,,,,,,
3,95.36366076221148,4.374664519592056,0.2616747181964573,,,,,,,,,,,,
4,92.86097691894793,6.877348362855609,0.2616747181964573,,,,,,,,,,,,
5,92.07595276435856,7.648953301127214,0.24825550187869028,0.026838432635534086,,,,,,,,,,,
6,91.80085882984433,7.924047235641439,0.24825550187869028,0.026838432635534086,,,,,,,,,,,
7,91.30434782608695,8.407139023081053,0.24825550187869028,0.040257648953301126,,,,,,,,,,,
8,89.60010735373054,10.071121846484166,0.2616747181964573,0.040257648953301126,0.026838432635534086,,,,,,,,,,
9,89.48604401502952,10.171765968867419,0.27509393451422437,0.040257648953301126,0.026838432635534086,,,,,,,,,,
10,87.35238862050456,11.003757380568974,0.27509393451422437,0.040257648953301126,1.328502415458937,,,,,,,,,,
11,86.78207192699946,11.272141706924316,0.5434782608695652,0.07380568974771873,1.328502415458937,,,,,,,,,,
12,86.3191089640365,11.721685453569512,0.5501878690284487,0.07380568974771873,1.328502415458937,0.0067096081588835215,,,,,,,,,
13,84.05126140633386,13.92914653784219,0.6105743424584005,0.07380568974771873,1.328502415458937,0.0067096081588835215,,,,,,,,,
14,83.56146001073537,14.418947933440688,0.6105743424584005,0.07380568974771873,1.328502415458937,0.0067096081588835215,,,,,,,,,
15,83.05152979066023,14.88191089640365,0.6105743424584005,0.07380568974771873,0.6172839506172839,0.0067096081588835215,0.7581857219538379,,,,,,,,
16,76.20772946859903,21.76596886741814,0.5971551261406334,0.07380568974771873,0.5904455179817498,0.0067096081588835215,0.7581857219538379,,,,,,,,
17,74.54374664519592,23.349436392914654,0.5971551261406334,0.07380568974771873,0.5904455179817498,0.06709608158883522,0.7783145464304885,,,,,,,,
18,67.29066022544283,30.85077831454643,0.322061191626409,0.07380568974771873,0.5904455179817498,0.0939345142243693,0.7783145464304885,,,,,,,,
19,66.17686527106817,31.756575415995705,0.322061191626409,0.07380568974771873,0.7783145464304885,0.18115942028985507,0.7112184648416533,,,,,,,,
20,64.30488459473966,33.59500805152979,0.3421900161030596,0.07380568974771873,0.7783145464304885,0.18115942028985507,0.7112184648416533,0.013419216317767043,,,,,,,
21,64.23778851315083,33.21256038647343,0.3421900161030596,0.07380568974771873,0.7783145464304885,0.630703166935051,0.7112184648416533,0.013419216317767043,,,,,,,
22,62.17122920021471,34.655126140633385,0.9192163177670424,0.07380568974771873,0.7917337627482555,0.6642512077294686,0.7112184648416533,0.013419216317767043,,,,,,,
23,60.32608695652174,35.42673107890499,1.8317230273752012,0.07380568974771873,0.9057971014492754,0.6709608158883521,0.7112184648416533,0.026838432635534086,0.026838432635534086,,,,,,
24,60.18518518518518,35.42673107890499,1.865271068169619,0.07380568974771873,0.9594739667203436,0.7246376811594203,0.7112184648416533,0.026838432635534086,0.026838432635534086,,,,,,
25,56.796833064949006,37.78851315083199,2.9052603327965647,0.07380568974771873,0.8185721953837896,0.8521202361782072,0.7112184648416533,0.026838432635534086,0.026838432635534086,,,,,,
26,53.33467525496511,41.04938271604938,2.9388083735909825,0.07380568974771873,0.8319914117015567,1.0064412238325282,0.7112184648416533,0.026838432635534086,0.026838432635534086,,,,,,
27,53.11996779388084,41.0829307568438,3.0059044551798175,0.10735373054213634,0.8454106280193237,1.0534084809447128,0.7313472893183038,0.026838432635534086,0.026838432635534086,,,,,,
28,52.925389157273216,40.81454643048846,3.3413848631239937,0.1610305958132045,0.9460547504025765,0.9997316156736447,0.7581857219538379,0.026838432635534086,0.026838432635534086,,,,,,
29,51.670692431561996,42.0625335480408,3.3413848631239937,0.15432098765432098,0.9594739667203436,0.9997316156736447,0.7581857219538379,0.026838432635534086,0.026838432635534086,,,,,,
30,50.83870101986044,42.84755770263017,3.3145464304884595,0.15432098765432098,0.9728931830381106,1.0601180891035964,0.7581857219538379,0.026838432635534086,0.026838432635534086,,,,,,
31,50.67096081588835,42.93478260869565,3.3145464304884595,0.15432098765432098,0.9863123993558777,1.1272141706924315,0.7581857219538379,0.026838432635534086,0.026838432635534086,,,,,,
32,49.93961352657005,42.27724100912507,4.5893719806763285,0.1878690284487386,0.9863123993558777,1.2077294685990339,0.7581857219538379,0.026838432635534086,0.026838432635534086,,,,,,
33,46.242619431025226,46.65190552871712,4.508856682769726,0.15432098765432098,0.9863123993558777,0.6038647342995169,0.798443370907139,0.026838432635534086,0.026838432635534086,,,,,,
34,46.0077831454643,45.1556629092861,4.508856682769726,1.8518518518518519,0.966183574879227,0.6575415995705851,0.798443370907139,0.026838432635534086,0.026838432635534086,,,,,,
35,45.30327428878154,43.49838969404187,4.508856682769726,1.8518518518518519,2.6838432635534084,1.3083735909822867,0.7917337627482555,0.026838432635534086,0.026838432635534086,,,,,,
36,40.39855072463768,48.98684916800859,4.455179817498658,2.3215244229736984,1.9793344068706387,1.6706924315619969,0.10064412238325282,0.013419216317767043,0.07380568974771873,,,,,,
37,39.40552871712292,49.463231347289316,4.730273752012883,2.3215244229736984,2.1604938271604937,1.710950080515298,0.12077294685990338,0.013419216317767043,0.07380568974771873,,,,,,
38,39.10359634997316,49.37600644122383,4.730273752012883,2.3215244229736984,2.1806226516371443,2.0799785292538915,0.12077294685990338,0.013419216317767043,0.07380568974771873,,,,,,
39,37.915995705850776,49.49006977992485,4.5960815888352125,3.435319377348363,2.187332259796028,2.120236178207193,0.12077294685990338,0.013419216317767043,0.10064412238325282,0.020128824476650563,,,,,
40,37.35909822866345,49.61755233494364,4.575952764358561,3.4286097691894795,2.200751476113795,2.2208803005904456,0.4294149221685454,0.013419216317767043,0.13419216317767044,0.020128824476650563,,,,,
41,37.21148684916801,49.100912506709605,4.736983360171766,3.421900161030596,2.1739130434782608,2.2745571658615136,0.966183574879227,0.013419216317767043,0.08051529790660225,0.020128824476650563,,,,,
42,36.862587224906065,43.67283950617284,9.936929683306495,3.33467525496511,2.254428341384863,1.7646269457863661,1.9994632313472893,0.013419216317767043,0.08051529790660225,0.05367686527106817,0.026838432635534086,,,,
43,31.179549114331724,48.72517444981213,10.88298443370907,3.3279656468062266,1.9457863660762211,1.8183038110574343,1.9189479334406871,0.013419216317767043,0.08722490606548577,0.07380568974771873,0.026838432635534086,,,,
44,29.958400429414922,49.000268384326354,10.36634460547504,3.3279656468062266,2.871712292002147,2.1068169618894257,2.1403650026838434,0.04696725711218465,0.08051529790660225,0.07380568974771873,0.026838432635534086,,,,
45,28.462157809983896,44.57192699946323,15.022812667740205,3.1535158346752548,3.2004830917874396,2.100107353730542,3.2474503488996245,0.06709608158883522,0.08051529790660225,0.06709608158883522,0.026838432635534086,,,,
46,28.455448201825014,44.45115405260333,14.99597423510467,3.1535158346752548,3.1870638754696725,2.254428341384863,3.2474503488996245,0.06709608158883522,0.0939345142243693,0.06709608158883522,0.026838432635534086,,,,
47,28.23403113258186,43.41116478797638,13.211218464841654,3.1535158346752548,6.206387546967257,2.2074610842726785,3.2541599570585076,0.08722490606548577,0.14090177133655393,0.06709608158883522,0.026838432635534086,,,,
48,27.690552871712292,41.22383252818035,16.680085882984432,2.9388083735909825,6.3070316693505095,2.301395598497048,2.5161030595813205,0.08722490606548577,0.1610305958132045,0.06709608158883522,0.026838432635534086,,,,
49,27.36849168008588,40.915190552871714,16.774020397208805,2.9388083735909825,6.3070316693505095,2.5831991411701556,2.7442297369833604,0.08722490606548577,0.1878690284487386,0.06709608158883522,0.026838432635534086,,,,
50,27.375201288244767,40.88164251207729,16.75389157273215,2.9388083735909825,6.293612453032743,2.657004830917874,2.7442297369833604,0.08722490606548577,0.17444981213097155,0.06709608158883522,0.026838432635534086,,,,
51,27.073268921095007,38.157541599570585,20.108695652173914,2.9388083735909825,5.964841653247451,2.636876006441224,2.6972624798711755,0.10064412238325282,0.2214170692431562,0.07380568974771873,0.026838432635534086,,,,
52,26.952495974235106,37.60735373054214,20.605206655931294,2.9388083735909825,4.502147074610843,2.677133655394525,4.300858829844337,0.10064412238325282,0.2147074610842727,0.07380568974771873,0.026838432635534086,,,,
53,26.704240472356414,37.7012882447665,20.578368223295758,3.0193236714975846,4.49543746645196,2.7241009125067097,4.300858829844337,0.1274825550187869,0.24825550187869028,0.07380568974771873,0.026838432635534086,,,,
54,24.630971551261407,35.35963499731616,26.02657004830918,2.8784219001610305,3.797638217928073,2.3617820719269993,4.28743961352657,0.08722490606548577,0.4428341384863124,0.07380568974771873,0.05367686527106817,,,,
55,24.382716049382715,34.75577026301664,24.745034889962426,4.696725711218465,3.3816425120772946,2.408749329039184,4.898013955984971,0.08722490606548577,0.5166398282340311,0.07380568974771873,0.05367686527106817,,,,
56,23.356146001073537,36.292270531400966,24.235104669887278,4.696725711218465,3.361513687600644,2.408749329039184,4.891304347826087,0.10064412238325282,0.5300590445517982,0.07380568974771873,0.05367686527106817,,,,
57,23.309178743961354,36.34594739667203,24.214975845410628,4.696725711218465,3.361513687600644,2.4154589371980677,4.87788513150832,0.10064412238325282,0.5501878690284487,0.07380568974771873,0.05367686527106817,,,,
58,23.235373054213635,36.26543209876543,24.44981213097155,4.683306494900698,3.2206119162640903,2.475845410628019,4.891304347826087,0.13419216317767044,0.5032206119162641,0.08722490606548577,0.05367686527106817,,,,
59,22.973698336017176,36.47342995169082,24.436392914653783,4.683306494900698,3.207192699946323,2.5161030595813205,4.864465915190553,0.13419216317767044,0.5703166935050993,0.08722490606548577,0.05367686527106817,,,,
60,22.953569511540525,36.32581857219538,24.362587224906065,4.7168545356951155,3.3682232957595275,2.5429414922168547,4.851046698872786,0.13419216317767044,0.5703166935050993,0.08722490606548577,0.08722490606548577,,,,
61,22.69860440150295,32.098765432098766,32.17257112184648,1.8853998926462694,2.5697799248523885,2.885131508319914,4.830917874396135,0.13419216317767044,0.6642512077294686,0.040257648953301126,0.020128824476650563,,,,
62,22.12157809983897,32.52818035426731,32.09205582393988,1.9189479334406871,2.5697799248523885,3.012614063338701,4.830917874396135,0.13419216317767044,0.7313472893183038,0.040257648953301126,0.020128824476650563,,,,
63,12.869028448738593,44.60547504025765,30.213365539452496,1.8183038110574343,2.522812667740204,2.85829307568438,4.139828234031133,0.13419216317767044,0.7514761137949544,0.03354804079441761,0.05367686527106817,,,,
64,12.848899624261943,43.646001073537306,30.226784755770264,2.9052603327965647,2.522812667740204,2.804616210413312,4.086151368760064,0.13419216317767044,0.7514761137949544,0.020128824476650563,0.05367686527106817,,,,
65,12.037037037037036,44.18947933440687,30.112721417069242,2.9052603327965647,2.509393451422437,3.0595813204508855,4.106280193236715,0.13419216317767044,0.8722490606548577,0.020128824476650563,0.05367686527106817,,,,
66,11.949812130971551,44.18947933440687,30.059044551798173,2.9052603327965647,2.5831991411701556,3.1333870101986045,4.106280193236715,0.13419216317767044,0.8655394524959742,0.020128824476650563,0.05367686527106817,,,,
67,11.976650563607086,43.75335480407944,30.018786902844873,2.9052603327965647,2.5697799248523885,3.549382716049383,4.052603327965647,0.1610305958132045,0.9259259259259259,0.020128824476650563,0.06709608158883522,,,,
68,12.00348899624262,43.49168008588298,28.85131508319914,2.9052603327965647,3.7104133118625873,3.770799785292539,4.052603327965647,0.1610305958132045,0.966183574879227,0.020128824476650563,0.06709608158883522,,,,
69,11.929683306494901,43.41116478797638,28.824476650563607,3.046162104133119,3.7104133118625873,3.8177670424047236,4.05931293612453,0.1610305958132045,0.95276435856146,0.020128824476650563,0.06709608158883522,,,,
70,11.943102522812667,43.33735909822866,28.764090177133657,3.046162104133119,3.7104133118625873,3.878153515834675,4.05931293612453,0.1610305958132045,1.0131508319914118,0.020128824476650563,0.06709608158883522,,,,
71,11.902844873859367,43.23671497584541,28.764090177133657,3.046162104133119,3.7104133118625873,4.005636070853462,4.072732152442297,0.1610305958132045,1.0131508319914118,0.020128824476650563,0.06709608158883522,,,,
72,11.902844873859367,43.13607085346216,28.663446054750402,3.0595813204508855,3.730542136339238,4.086151368760064,4.072732152442297,0.1610305958132045,1.1003757380568975,0.020128824476650563,0.06709608158883522,,,,
73,11.882716049382717,43.022007514761135,28.488996242619432,3.0864197530864197,3.730542136339238,4.159957058507783,4.072732152442297,0.1610305958132045,1.2949543746645196,0.03354804079441761,0.06709608158883522,,,,
74,11.849168008588299,41.968599033816425,28.44873859366613,2.0799785292538915,5.736714975845411,4.388083735909823,4.052603327965647,0.1274825550187869,1.261406333870102,0.020128824476650563,0.06709608158883522,,,,
75,11.782071926999464,42.00214707461084,28.421900161030596,2.1403650026838434,5.736714975845411,4.408212560386473,4.045893719806763,0.1274825550187869,1.247987117552335,0.020128824476650563,0.06709608158883522,,,,
76,11.788781535158346,40.88835212023618,29.1532474503489,2.120236178207193,5.756843800322061,4.441760601180891,4.334406870638754,0.14090177133655393,1.2546967257112185,0.05367686527106817,0.06709608158883522,,,,
77,11.802200751476114,40.666935050993025,29.294149221685455,2.147074610842727,5.743424584004294,4.435050993022007,4.361245303274289,0.14090177133655393,1.288244766505636,0.05367686527106817,0.06709608158883522,,,,
78,11.621041331186259,40.4723564143854,28.958668813741276,2.6972624798711755,5.790391841116479,4.441760601180891,4.388083735909823,0.14090177133655393,1.3486312399355878,0.05367686527106817,0.06709608158883522,0.020128824476650563,,,
79,11.634460547504025,40.39855072463768,28.804347826086957,2.703972088030059,5.763553408480945,4.468599033816425,4.388083735909823,0.16774020397208803,1.5029522275899088,0.08051529790660225,0.06709608158883522,0.020128824476650563,,,
80,11.29898013955985,40.04965110037574,29.542404723564143,2.804616210413312,5.743424584004294,4.448470209339774,4.341116478797638,0.17444981213097155,1.42914653784219,0.08051529790660225,0.06709608158883522,0.020128824476650563,,,
81,10.970209339774557,40.371712292002144,29.274020397208805,2.7979066022544283,5.844068706387547,4.528985507246377,4.30756843800322,0.19457863660762212,1.5432098765432098,0.08051529790660225,0.06709608158883522,0.020128824476650563,,,
82,10.93666129898014,40.33145464304884,29.24718196457327,2.7979066022544283,5.891035963499732,4.555823939881911,4.30756843800322,0.19457863660762212,1.583467525496511,0.06709608158883522,0.06709608158883522,0.020128824476650563,,,
83,10.929951690821255,40.25764895330113,29.159957058507782,2.7979066022544283,5.864197530864198,4.636339237788513,4.280730005367687,0.2214170692431562,1.6706924315619969,0.06709608158883522,0.0939345142243693,0.020128824476650563,,,
84,10.775630703166936,39.35856146001073,30.434782608695652,2.791196994095545,5.776972624798712,4.730273752012883,3.992216854535695,0.2214170692431562,1.737788513150832,0.06709608158883522,0.0939345142243693,0.020128824476650563,,,
85,9.057971014492754,46.23590982286635,28.945249597423512,1.8988191089640365,3.9855072463768115,4.03918411164788,3.7775093934514223,0.19457863660762212,1.7444981213097155,0.040257648953301126,0.06038647342995169,0.020128824476650563,,,
86,8.910359634997317,45.088566827697264,29.965110037573805,1.9457863660762211,3.9989264626945786,3.9318303811057436,3.6366076221148687,0.19457863660762212,2.2074610842726785,0.040257648953301126,0.06038647342995169,0.020128824476650563,,,
87,8.957326892109501,44.97450348899624,29.898013955984972,1.932367149758454,3.569511540526033,4.455179817498658,3.6500268384326353,0.16774020397208803,2.2745571658615136,0.040257648953301126,0.06038647342995169,0.020128824476650563,,,
88,8.460815888352121,44.216317767042405,27.905260332796566,3.421900161030596,3.4017713365539453,4.569243156199678,5.367686527106817,0.16774020397208803,2.368491680085883,0.040257648953301126,0.06038647342995169,0.020128824476650563,,,
89,8.460815888352121,44.12909286097692,27.851583467525497,3.3950617283950617,3.4017713365539453,4.643048845947397,5.394524959742351,0.19457863660762212,2.408749329039184,0.040257648953301126,0.06038647342995169,0.020128824476650563,,,
90,8.480944712828771,43.994900697799245,27.549651100375737,3.421900161030596,3.3950617283950617,5.032206119162641,5.407944176060118,0.19457863660762212,2.4020397208803006,0.040257648953301126,0.06038647342995169,0.020128824476650563,,,
91,8.454106280193237,42.28395061728395,26.86527106816962,5.0791733762748255,3.33467525496511,5.71658615136876,5.448201825013419,0.2214170692431562,2.475845410628019,0.040257648953301126,0.06038647342995169,0.020128824476650563,,,
92,7.387278582930757,38.33870101986044,31.87734836285561,4.958400429414922,3.260869565217391,5.938003220611916,5.407944176060118,0.20128824476650564,2.509393451422437,0.040257648953301126,0.06038647342995169,0.020128824476650563,,,
93,7.427536231884058,38.1508319914117,31.76328502415459,4.944981213097155,3.260869565217391,6.125872249060655,5.407944176060118,0.20128824476650564,2.5966183574879227,0.040257648953301126,0.06038647342995169,0.020128824476650563,,,
94,7.4208266237251745,38.036768652710684,31.629092860976918,4.944981213097155,3.240740740740741,6.239935587761675,5.407944176060118,0.20128824476650564,2.757648953301127,0.040257648953301126,0.06038647342995169,0.020128824476650563,,,
95,7.360440150295223,36.97665056360709,31.729736983360173,4.898013955984971,3.0730005367686526,7.367149758454106,5.3341384863123995,0.2281266774020397,2.9119699409554483,0.040257648953301126,0.06038647342995169,0.020128824476650563,,,
96,7.387278582930757,36.862587224906065,31.602254428341386,4.9718196457326895,3.052871712292002,7.447665056360709,5.3341384863123995,0.2281266774020397,2.952227589908749,0.040257648953301126,0.07380568974771873,0.04696725711218465,,,
97,7.286634460547504,35.46027911969941,31.689479334406872,4.998658078368224,3.052871712292002,8.78287707997853,5.3341384863123995,0.2281266774020397,2.9723564143853998,0.040257648953301126,0.07380568974771873,0.08051529790660225,,,
98,7.347020933977456,33.93048845947396,31.655931293612454,6.66935050993022,3.052871712292002,8.581588835212024,5.367686527106817,0.2281266774020397,2.965646806226516,0.040257648953301126,0.07380568974771873,0.08722490606548577,,,
99,7.320182501341922,33.675523349436396,31.30703166935051,6.293612453032743,3.052871712292002,9.225711218464841,5.3274288781535155,0.2549651100375738,3.3413848631239937,0.040257648953301126,0.07380568974771873,0.08722490606548577,,,
100,7.266505636070853,33.21926999463231,31.146001073537306,6.253354804079442,4.300858829844337,9.16532474503489,4.85775630703167,0.2616747181964573,3.3279656468062266,0.06709608158883522,0.04696725711218465,0.08722490606548577,,,
101,7.253086419753086,33.13875469672571,30.931293612453032,6.219806763285024,4.300858829844337,9.480676328502415,4.85775630703167,0.27509393451422437,3.294417606011809,0.10064412238325282,0.04696725711218465,0.10064412238325282,,,
102,7.132313472893183,40.33145464304884,25.617283950617285,6.1929683306494905,4.1129898013955986,9.16532474503489,4.03918411164788,0.27509393451422437,2.871712292002147,0.10064412238325282,0.04696725711218465,0.11406333870101985,,,
103,7.1725711218464845,40.22410091250671,25.51663982823403,6.166129898013956,4.0995705850778315,9.245840042941492,4.03918411164788,0.2885131508319914,2.945517981749866,0.10064412238325282,0.04696725711218465,0.14090177133655393,0.013419216317767043,,
104,7.199409554482019,40.09661835748792,25.32206119162641,6.1929683306494905,4.0995705850778315,9.265968867418144,4.05931293612453,0.2885131508319914,3.140096618357488,0.13419216317767044,0.04696725711218465,0.14090177133655393,0.013419216317767043,,
105,7.179280730005368,40.11674718196457,25.241545893719806,5.991680085882985,4.0995705850778315,9.252549651100376,4.052603327965647,0.5367686527106817,3.180354267310789,0.13419216317767044,0.04696725711218465,0.15432098765432098,0.013419216317767043,,
106,7.03166935050993,37.65432098765432,26.529790660225444,5.689747718733226,4.367954911433173,9.125067096081589,5.522007514761138,0.5032206119162641,3.2004830917874396,0.13419216317767044,0.07380568974771873,0.15432098765432098,0.013419216317767043,,
107,7.024959742351046,37.56038647342995,26.462694578636608,5.703166935050993,4.367954911433173,9.111647879763822,5.71658615136876,0.5032206119162641,3.1736446591519054,0.13419216317767044,0.07380568974771873,0.15432098765432098,0.013419216317767043,,
108,7.058507783145465,37.38593666129898,26.382179280730007,5.723295759527644,4.367954911433173,9.138486312399356,5.709876543209877,0.5166398282340311,3.3413848631239937,0.13419216317767044,0.07380568974771873,0.15432098765432098,0.013419216317767043,,
109,7.058507783145465,35.648148148148145,26.113794954374665,8.044820182501342,4.367954911433173,9.057971014492754,5.5689747718733225,0.49651100375738055,3.2675791733762747,0.13419216317767044,0.07380568974771873,0.15432098765432098,0.013419216317767043,,
110,7.058507783145465,35.42002147074611,25.97289318303811,8.246108427267847,4.367954911433173,9.078099838969404,5.4616210413311865,0.49651100375738055,3.4017713365539453,0.13419216317767044,0.19457863660762212,0.15432098765432098,0.013419216317767043,,
111,7.058507783145465,35.279119699409556,25.429414922168544,8.246108427267847,4.367954911433173,9.232420826623725,5.4616210413311865,0.49651100375738055,3.9184111647879765,0.13419216317767044,0.19457863660762212,0.16774020397208803,0.013419216317767043,,
112,6.998121309715513,35.08454106280193,25.617283950617285,8.413848631239935,4.341116478797638,9.386741814278047,5.401234567901234,0.49651100375738055,3.750670960815888,0.13419216317767044,0.19457863660762212,0.16774020397208803,0.013419216317767043,,
113,6.937734836285561,34.346484165324746,25.087224906065487,8.373590982286634,4.341116478797638,9.426999463231347,6.870638754696726,0.49651100375738055,3.6097691894793345,0.14761137949543746,0.19457863660762212,0.15432098765432098,0.013419216317767043,,
114,6.837090713902308,34.31964573268921,23.899624261943103,8.373590982286634,4.300858829844337,9.23913043478261,8.467525496511003,0.49651100375738055,3.535963499731616,0.14761137949543746,0.2147074610842727,0.15432098765432098,0.013419216317767043,,
115,6.830381105743425,34.16532474503489,23.564143853998928,8.3064949006978,4.247181964573269,9.286097691894794,9.03113258185722,0.49651100375738055,3.5292538915727323,0.1610305958132045,0.2147074610842727,0.15432098765432098,0.013419216317767043,,
116,6.689479334406871,34.05126140633387,23.752012882447666,8.3064949006978,4.206924315619967,9.333064949006978,9.024422973698336,0.5099302200751477,3.5762211486849167,0.1610305958132045,0.2214170692431562,0.15432098765432098,0.013419216317767043,,
117,6.709608158883521,34.01100375738057,23.752012882447666,8.272946859903382,4.213633923778851,9.373322597960279,8.99087493290392,0.5233494363929146,3.5628019323671496,0.1878690284487386,0.23483628556092323,0.15432098765432098,0.013419216317767043,,
118,6.642512077294686,33.58829844337091,23.899624261943103,8.333333333333334,4.508856682769726,9.326355340848094,8.957326892109501,0.5233494363929146,3.629898013955985,0.1878690284487386,0.23483628556092323,0.15432098765432098,0.013419216317767043,,
119,6.642512077294686,33.52791196994095,23.886205045625335,8.360171765968868,4.528985507246377,9.29951690821256,8.796296296296296,0.5367686527106817,3.643317230273752,0.1878690284487386,0.41599570585077833,0.15432098765432098,0.020128824476650563,,
120,6.662640901771336,32.91733762748255,23.859366612989803,8.380300590445518,4.528985507246377,9.876543209876543,8.769457863660762,0.5367686527106817,3.6634460547504024,0.1878690284487386,0.4428341384863124,0.15432098765432098,0.020128824476650563,,
121,6.723027375201288,32.79656468062265,23.698336017176597,8.420558239398819,4.42163177670424,10.044283413848632,8.796296296296296,0.6038647342995169,3.6768652710681695,0.1878690284487386,0.4428341384863124,0.16774020397208803,0.020128824476650563,,
122,6.756575415995706,32.54830917874396,23.67149758454106,8.387010198604402,4.388083735909823,10.205314009661835,8.829844337090714,0.6374127750939346,3.730542136339238,0.2147074610842727,0.4428341384863124,0.16774020397208803,0.020128824476650563,,
123,6.528448738593666,32.44095544820183,24.168008588298445,8.400429414922169,4.28743961352657,10.071121846484166,8.816425120772946,0.6508319914117016,3.7909286097691894,0.2147074610842727,0.4428341384863124,0.16774020397208803,0.020128824476650563,,
124,6.521739130434782,31.95786366076221,25.523349436392916,8.454106280193237,3.8848631239935587,10.373054213633925,7.96430488459474,0.6105743424584005,3.8311862587224907,0.2147074610842727,0.4294149221685454,0.2147074610842727,0.020128824476650563,,
125,6.353998926462695,36.54723564143854,24.02710681696189,8.400429414922169,3.616478797638218,9.567901234567902,6.588835212023618,0.5837359098228664,3.4822866344605474,0.2147074610842727,0.4025764895330113,0.2147074610842727,,,
126,6.340579710144928,36.22517444981213,23.919753086419753,8.266237251744498,3.603059581320451,10.138217928073,6.588835212023618,0.5703166935050993,3.5091250670960816,0.2147074610842727,0.39586688137412773,0.2281266774020397,,,
127,6.266774020397209,35.46027911969941,24.859098228663445,7.937466451959206,3.589640365002684,10.171765968867419,6.515029522275899,0.5703166935050993,3.7640901771336552,0.2214170692431562,0.39586688137412773,0.24825550187869028,,,
128,6.206387546967257,34.40016103059581,24.778582930756844,7.87037037037037,5.924584004294149,9.27938808373591,6.320450885668277,0.5703166935050993,3.69699409554482,0.2147074610842727,0.48980139559849706,0.24825550187869028,,,
129,6.239935587761675,34.14519592055824,24.355877616747183,8.722490606548577,5.770263016639828,9.306226516371444,6.347289318303811,0.5703166935050993,3.589640365002684,0.2147074610842727,0.48980139559849706,0.24825550187869028,,,
130,6.260064412238325,33.46081588835212,24.798711755233494,8.715780998389693,5.770263016639828,9.50751476113795,6.380837359098229,0.5501878690284487,3.5963499731615673,0.2147074610842727,0.48980139559849706,0.2549651100375738,,,
131,6.286902844873859,33.32662372517445,24.60413311862587,8.917069243156199,5.750134192163178,9.480676328502415,6.347289318303811,0.644122383252818,3.656736446591519,0.2147074610842727,0.5166398282340311,0.2549651100375738,,,
132,6.3070316693505095,33.299785292538914,24.355877616747183,8.896940418679549,5.750134192163178,9.75577026301664,6.320450885668277,0.644122383252818,3.670155662909286,0.2147074610842727,0.5166398282340311,0.2683843263553409,,,
133,6.206387546967257,33.3467525496511,24.315619967793882,8.917069243156199,5.750134192163178,9.749060654857756,6.3137412775093935,0.6776704240472357,3.7238325281803544,0.2147074610842727,0.5166398282340311,0.2683843263553409,,,
134,6.119162640901771,32.8972088030059,23.765432098765434,8.917069243156199,6.823671497584541,9.802737520128824,6.333870101986044,0.6910896403650026,3.6366076221148687,0.2147074610842727,0.5300590445517982,0.2683843263553409,,,
135,6.105743424584004,32.628824476650564,23.758722490606548,8.272946859903382,6.823671497584541,9.762479871175524,7.326892109500805,0.6910896403650026,3.670155662909286,0.17444981213097155,0.5300590445517982,0.2549651100375738,,,
136,6.099033816425121,32.306763285024154,23.65136876006441,8.272946859903382,6.508319914117015,10.198604401502953,7.648953301127214,0.6642512077294686,3.683574879227053,0.17444981213097155,0.5300590445517982,0.2616747181964573,,,
137,6.031937734836285,32.25979602791197,22.269189479334408,8.232689210950081,6.508319914117015,10.61460010735373,9.004294149221685,0.6977992485238862,3.421900161030596,0.17444981213097155,0.5233494363929146,0.2616747181964573,,,
138,6.025228126677402,32.2061191626409,22.20209339774557,8.21256038647343,6.494900697799249,10.701825013419215,9.037842190016104,0.7112184648416533,3.44873859366613,0.17444981213097155,0.5233494363929146,0.2616747181964573,,,
139,6.018518518518518,31.568706387546968,22.04777241009125,8.809715512614064,6.488191089640365,10.339506172839506,8.964036500268385,0.8252818035426731,3.9586688137412773,0.17444981213097155,0.5233494363929146,0.28180354267310787,,,
140,6.045356951154052,31.5150295222759,21.953837895866883,8.769457863660762,6.488191089640365,10.426731078904991,8.984165324745035,0.8252818035426731,3.9855072463768115,0.20128824476650564,0.5233494363929146,0.28180354267310787,,,
141,6.0654857756307035,31.132581857219538,21.846484165324746,8.715780998389693,6.501610305958132,10.836017176596886,9.004294149221685,0.785024154589372,4.052603327965647,0.20128824476650564,0.5233494363929146,0.33548040794417605,,,
142,6.052066559312936,31.05877616747182,21.846484165324746,8.769457863660762,6.515029522275899,10.876274825550189,9.004294149221685,0.785024154589372,4.052603327965647,0.20128824476650564,0.5032206119162641,0.33548040794417605,,,
143,5.797101449275362,29.66988727858293,26.549919484702095,8.977455716586151,5.6964573268921095,10.185185185185185,7.709339774557166,0.7716049382716049,3.656736446591519,0.17444981213097155,0.48980139559849706,0.322061191626409,,,
144,5.783682232957595,29.542404723564143,25.389157273215243,8.943907675791733,5.6964573268921095,11.533816425120772,7.729468599033816,0.7917337627482555,3.616478797638218,0.17444981213097155,0.48980139559849706,0.30864197530864196,,,
145,5.776972624798712,29.388083735909824,25.295222758990874,9.23913043478261,5.649490069779925,11.641170155662909,7.588566827697263,0.7917337627482555,3.616478797638218,0.17444981213097155,0.5300590445517982,0.30864197530864196,,,
146,5.683038110574342,29.408212560386474,25.268384326355342,9.219001610305957,5.636070853462158,11.668008588298443,7.568438003220612,0.8387010198604401,3.643317230273752,0.24154589371980675,0.5300590445517982,0.2952227589908749,,,
147,5.629361245303274,29.240472356414386,24.832259796027913,9.648416532474503,5.629361245303274,11.862587224906065,7.568438003220612,0.8387010198604401,3.683574879227053,0.24154589371980675,0.5300590445517982,0.2952227589908749,,,
148,5.622651637144391,29.220343531937736,24.785292538915726,9.634997316156737,5.60252281266774,11.876006441223833,7.595276435856146,0.8655394524959742,3.7037037037037037,0.2683843263553409,0.5300590445517982,0.2952227589908749,,,
149,5.622651637144391,29.17337627482555,24.765163714439076,9.594739667203436,5.5756843800322065,11.922973698336017,7.595276435856146,0.8923778851315083,3.7037037037037037,0.32877079978529256,0.5300590445517982,0.2952227589908749,,,
150,5.609232420826624,29.11969940955448,24.570585077831456,9.782608695652174,5.5756843800322065,11.936392914653783,7.62211486849168,0.8923778851315083,3.750670960815888,0.3153515834675255,0.5300590445517982,0.2952227589908749,,,
151,5.622651637144391,29.11969940955448,24.52361782071927,9.742351046698873,5.5756843800322065,11.882716049382717,7.628824476650563,0.9326355340848095,3.7909286097691894,0.3153515834675255,0.5501878690284487,0.3153515834675255,,,
152,5.622651637144391,28.012614063338702,24.12775093934514,9.688674181427805,6.018518518518518,12.801932367149758,7.742887815351583,0.9326355340848095,3.784219001610306,0.3421900161030596,0.5837359098228664,0.3421900161030596,,,
153,5.58239398819109,27.502683843263554,23.765432098765434,9.27938808373591,5.991680085882985,12.513419216317766,9.31964573268921,0.9594739667203436,3.824476650563607,0.3421900161030596,0.5770263016639828,0.3421900161030596,,,
154,5.5756843800322065,26.50295222758991,23.765432098765434,11.43317230273752,5.991680085882985,11.708266237251744,8.984165324745035,0.9863123993558777,3.81105743424584,0.3421900161030596,0.5770263016639828,0.322061191626409,,,
155,5.5756843800322065,26.31508319914117,24.174718196457327,11.406333870101985,5.978260869565218,11.52710681696189,9.004294149221685,0.9863123993558777,3.750670960815888,0.36902844873859364,0.5904455179817498,0.322061191626409,,,
156,5.4549114331723025,26.321792807300053,23.960010735373054,11.366076221148685,5.9514224369296835,11.708266237251744,9.158615136876007,0.9863123993558777,3.81105743424584,0.39586688137412773,0.5904455179817498,0.2952227589908749,,,
157,5.441492216854535,25.677670424047236,23.718464841653248,10.88298443370907,6.260064412238325,11.889425657541599,10.044283413848632,0.9863123993558777,3.8311862587224907,0.43612453032742887,0.5099302200751477,0.322061191626409,,,
158,5.46833064949007,25.503220611916262,23.67149758454106,10.916532474503489,6.260064412238325,12.037037037037036,10.044283413848632,0.95276435856146,3.878153515834675,0.43612453032742887,0.5099302200751477,0.322061191626409,,,
159,5.475040257648954,25.483091787439612,23.738593666129898,11.010466988727858,6.233225979602791,12.057165861513688,9.896672034353195,0.9728931830381106,3.864734299516908,0.43612453032742887,0.5099302200751477,0.322061191626409,,,
160,5.448201825013419,25.483091787439612,23.678207192699947,10.997047772410092,6.260064412238325,12.110842726784755,9.863123993558776,0.966183574879227,3.878153515834675,0.43612453032742887,0.5434782608695652,0.33548040794417605,,,
161,5.448201825013419,25.42270531400966,23.658078368223297,10.929951690821255,6.320450885668277,12.090713902308105,9.876543209876543,0.95276435856146,3.9855072463768115,0.43612453032742887,0.5434782608695652,0.33548040794417605,,,
162,5.300590445517981,25.509930220075148,23.62453032742888,10.95679012345679,6.3137412775093935,12.124261943102523,9.88996242619431,0.95276435856146,4.005636070853462,0.4428341384863124,0.5434782608695652,0.33548040794417605,,,
163,5.320719269994632,25.509930220075148,23.597691894793343,10.929951690821255,6.327160493827161,12.104133118625873,9.88996242619431,0.95276435856146,4.032474503488996,0.4428341384863124,0.5434782608695652,0.3488996242619431,,,
164,5.3274288781535155,24.90606548577563,23.503757380568974,10.916532474503489,6.374127750939345,12.70799785292539,9.88996242619431,0.95276435856146,4.086151368760064,0.4428341384863124,0.5434782608695652,0.3488996242619431,,,
165,5.3341384863123995,24.818840579710145,23.181696188942567,10.829307568438002,6.427804616210413,13.01663982823403,9.836285560923242,1.06682769726248,4.1129898013955986,0.4428341384863124,0.5837359098228664,0.3488996242619431,,,
166,5.280461621041331,24.798711755233494,23.792270531400966,10.789049919484702,6.4345142243692965,12.869028448738593,9.494095544820183,1.06682769726248,4.1129898013955986,0.4562533548040794,0.5568974771873323,0.3488996242619431,,,
167,5.186527106816962,24.476650563607084,23.805689747718734,10.748792270531402,7.991143317230274,12.72812667740204,8.507783145464305,1.0534084809447128,4.1532474503489,0.4227053140096618,0.5568974771873323,0.36902844873859364,,,
168,5.0791733762748255,24.3894256575416,23.698336017176597,10.742082662372518,7.991143317230274,12.86231884057971,8.59500805152979,1.0198604401502953,4.2270531400966185,0.4227053140096618,0.6038647342995169,0.36902844873859364,,,
169,5.059044551798175,24.013687600644122,22.819377348362856,10.50053676865271,9.386741814278047,12.989801395598498,8.548040794417606,1.06682769726248,4.240472356414386,0.4227053140096618,0.5904455179817498,0.36231884057971014,,,
170,5.045625335480408,24.00697799248524,22.758990874932906,10.520665593129362,9.380032206119163,12.962962962962964,8.521202361782072,1.1003757380568975,4.327697262479871,0.4227053140096618,0.5904455179817498,0.36231884057971014,,,
171,5.01207729468599,23.960010735373054,22.61808910359635,10.641438539989265,9.373322597960279,13.043478260869565,8.527911969940956,1.1003757380568975,4.327697262479871,0.43612453032742887,0.5971551261406334,0.36231884057971014,,,
172,4.790660225442834,23.443370907139023,24.12775093934514,10.607890499194847,8.729200214707461,13.070316693505099,8.568169618894256,1.1003757380568975,4.166666666666667,0.43612453032742887,0.5971551261406334,0.36231884057971014,,,
173,4.770531400966184,23.423242082662373,23.993558776167472,10.795759527643586,8.729200214707461,13.09044551798175,8.568169618894256,1.1473429951690821,4.072732152442297,0.43612453032742887,0.5971551261406334,0.36231884057971014,0.013419216317767043,,
174,4.817498658078368,23.181696188942567,23.91304347826087,10.82259796027912,8.68894256575416,13.358829844337091,8.548040794417606,1.133923778851315,4.092860976918948,0.43612453032742887,0.630703166935051,0.36231884057971014,0.013419216317767043,,
175,4.851046698872786,23.1280193236715,23.899624261943103,10.82259796027912,8.648684916800859,13.405797101449275,8.548040794417606,1.1540526033279657,4.05931293612453,0.4562533548040794,0.630703166935051,0.3824476650563607,0.013419216317767043,,
176,4.884594739667204,23.10789049919485,23.691626409017715,10.815888352120236,8.628556092324208,13.70101986044015,8.487654320987655,1.1540526033279657,4.032474503488996,0.4562533548040794,0.630703166935051,0.39586688137412773,0.013419216317767043,,
177,4.951690821256038,22.946859903381643,23.678207192699947,11.29898013955985,8.179012345679013,13.607085346215781,8.501073537305421,1.3419216317767042,3.978797638217928,0.46296296296296297,0.644122383252818,0.39586688137412773,0.013419216317767043,,
178,4.898013955984971,22.886473429951693,23.141438539989263,11.252012882447666,8.876811594202898,13.486312399355878,8.561460010735374,1.3083735909822867,4.032474503488996,0.46296296296296297,0.6843800322061192,0.39586688137412773,0.013419216317767043,,
179,4.757112184648417,21.953837895866883,23.30246913580247,12.151100375738057,8.829844337090714,13.378958668813741,8.749329039184111,1.3352120236178207,4.052603327965647,0.4428341384863124,0.6575415995705851,0.3757380568974772,0.013419216317767043,,
180,4.770531400966184,21.900161030595815,22.993827160493826,12.191358024691358,8.809715512614064,13.694310252281268,8.722490606548577,1.3419216317767042,4.032474503488996,0.46967257112184646,0.6843800322061192,0.3757380568974772,0.013419216317767043,,
181,4.7638217928073,21.81964573268921,22.82608695652174,12.218196457326892,8.776167471819646,13.66076221148685,8.950617283950617,1.3888888888888888,3.9720880300590444,0.48980139559849706,0.7447665056360708,0.3757380568974772,0.013419216317767043,,
182,4.7638217928073,21.812936124530328,22.79253891572732,12.245034889962426,8.76274825550188,13.667471819645733,8.930488459473967,1.402308105206656,4.012345679012346,0.48980139559849706,0.7447665056360708,0.36231884057971014,0.013419216317767043,,
183,4.428341384863124,21.470746108427267,24.932903918411164,12.157809983896941,7.763016639828234,13.533279656468062,8.695652173913043,1.4559849704777241,4.025764895330113,0.48980139559849706,0.6709608158883521,0.36231884057971014,0.013419216317767043,,
184,4.40150295222759,21.423778851315085,24.859098228663445,12.070585077831455,7.763016639828234,13.620504562533547,8.715780998389693,1.415727321524423,4.17337627482555,0.5233494363929146,0.6575415995705851,0.36231884057971014,0.013419216317767043,,
185,4.414922168545357,21.32313472893183,24.798711755233494,11.963231347289318,7.729468599033816,13.79495437466452,8.702361782071927,1.442565754159957,4.186795491143317,0.5367686527106817,0.6709608158883521,0.4092860976918948,0.026838432635534086,,
186,4.414922168545357,21.128556092324207,24.771873322597962,11.936392914653783,7.6623725174449815,13.88888888888889,8.829844337090714,1.5029522275899088,4.200214707461084,0.5367686527106817,0.7112184648416533,0.38915727321524424,0.026838432635534086,,
