,45,50,52,53,55,51,54,56,57
0,100.0,,,,,,,,
1,94.49812130971551,5.501878690284487,,,,,,,
2,92.12292002147075,7.877079978529254,,,,,,,
3,92.08937198067633,7.809983896940419,0.10064412238325282,,,,,,
4,85.19860440150295,14.700751476113794,0.10064412238325282,,,,,,
5,85.27911969940955,14.620236178207193,0.10064412238325282,,,,,,
6,83.15217391304348,16.74718196457327,0.10064412238325282,,,,,,
7,81.87063875469673,18.02871712292002,0.10064412238325282,,,,,,
8,76.89210950080515,22.873054213633925,0.10064412238325282,0.13419216317767044,,,,,
9,75.35560923242083,24.168008588298445,0.10064412238325282,0.13419216317767044,0.24154589371980675,,,,
10,71.76596886741814,27.435587761674718,0.3421900161030596,0.13419216317767044,0.24154589371980675,0.08051529790660225,,,
11,69.02844873859367,27.073268921095007,3.683574879227053,0.13419216317767044,,0.08051529790660225,,,
12,69.00831991411701,27.120236178207193,3.656736446591519,0.13419216317767044,,0.08051529790660225,,,
13,69.55179817498659,26.643853998926463,3.589640365002684,0.13419216317767044,,0.08051529790660225,,,
14,67.72007514761138,28.683574879227052,3.3816425120772946,0.13419216317767044,,0.08051529790660225,,,
15,62.32555018786903,33.9170692431562,3.3816425120772946,0.13419216317767044,0.1610305958132045,0.08051529790660225,,,
16,62.63419216317767,33.43397745571659,3.3816425120772946,0.13419216317767044,0.2281266774020397,0.08051529790660225,0.10735373054213634,,
17,62.82206119162641,32.8972088030059,3.3145464304884595,0.13419216317767044,0.5032206119162641,0.08051529790660225,0.24825550187869028,,
18,62.56038647342995,32.8166935050993,3.280998389694042,0.13419216317767044,0.644122383252818,0.08051529790660225,0.4830917874396135,,
19,60.68840579710145,34.735641438539986,3.280998389694042,0.13419216317767044,0.630703166935051,0.08051529790660225,0.4495437466451959,,
20,60.47369833601718,33.641975308641975,4.609500805152979,0.13419216317767044,0.630703166935051,0.06038647342995169,0.4495437466451959,,
21,60.648148148148145,33.3870101986044,4.5893719806763285,0.13419216317767044,0.630703166935051,0.06038647342995169,0.5501878690284487,,
22,60.05099302200752,33.722490606548575,4.562533548040794,0.13419216317767044,0.6172839506172839,0.36231884057971014,0.5501878690284487,,
23,59.44041867954911,34.366612989801396,4.555823939881911,0.13419216317767044,0.6038647342995169,0.3488996242619431,0.5501878690284487,,
24,58.762748255501876,33.23939881910896,4.528985507246377,0.13419216317767044,0.6038647342995169,2.1940418679549114,0.5367686527106817,,
25,58.46081588835212,31.83709071390231,4.51556629092861,0.13419216317767044,0.6038647342995169,3.569511540526033,0.8789586688137413,,
26,58.57487922705314,31.582125603864736,4.508856682769726,0.13419216317767044,0.6038647342995169,3.730542136339238,0.8655394524959742,,
27,57.360440150295226,32.890499194847024,4.4753086419753085,0.13419216317767044,0.6038647342995169,3.670155662909286,0.8655394524959742,,
28,55.414653784219,32.48792270531401,3.589640365002684,0.13419216317767044,0.5837359098228664,5.4616210413311865,2.328234031132582,,
29,55.522007514761135,32.50134192163178,3.556092324208266,0.13419216317767044,0.5837359098228664,5.374396135265701,2.328234031132582,,
30,45.97423510466989,42.310789049919485,3.515834675254965,0.13419216317767044,0.5837359098228664,5.159688674181428,2.3215244229736984,,
31,44.39747718733226,41.74718196457327,3.2139023081052067,0.13419216317767044,0.5837359098228664,8.82313472893183,1.1003757380568975,,
32,43.323939881910896,42.921363392377884,3.2004830917874396,0.13419216317767044,0.5837359098228664,8.749329039184111,1.0869565217391304,,
33,38.191089640365,48.98684916800859,3.321256038647343,0.13419216317767044,0.10735373054213634,8.205850778314547,1.0534084809447128,,
34,37.144390767579175,50.2012882447665,3.3145464304884595,0.13419216317767044,0.10735373054213634,8.044820182501342,1.0534084809447128,,
35,37.74825550187869,49.75174449812131,3.294417606011809,0.13419216317767044,0.10735373054213634,7.9106280193236715,1.0534084809447128,,
36,38.27831454643049,49.13446054750403,3.260869565217391,0.13419216317767044,0.10735373054213634,7.890499194847021,1.1943102522812667,,
37,38.6003757380569,47.014224369296834,4.750402576489533,1.06682769726248,0.10735373054213634,7.273215244229737,1.1876006441223832,,
38,38.87546967257112,46.61164787976382,4.770531400966184,1.1741814278046163,0.2147074610842727,6.78341384863124,1.570048309178744,,
39,36.83574879227053,48.678207192699944,4.7638217928073,1.1674718196457328,0.2147074610842727,6.769994632313473,1.570048309178744,,
40,36.862587224906065,48.2085346215781,4.7101449275362315,1.5633387010198605,0.2147074610842727,6.870638754696726,1.570048309178744,,
41,37.224906065485776,47.638217928073,4.690016103059581,1.5633387010198605,0.2147074610842727,7.105475040257649,1.5633387010198605,,
42,37.526838432635536,47.12157809983897,4.602791196994096,1.5365002683843263,0.2147074610842727,7.159151905528717,1.556629092860977,0.28180354267310787,
43,37.8690284487386,46.2962962962963,4.522275899087493,1.5365002683843263,0.2147074610842727,7.763016639828234,1.5163714439076759,0.28180354267310787,
44,37.553676865271065,43.65942028985507,7.058507783145465,0.9326355340848095,0.6374127750939346,8.024691358024691,1.8518518518518519,0.28180354267310787,
45,36.761943102522814,37.9495437466452,6.689479334406871,0.8722490606548577,0.6374127750939346,15.499194847020934,1.5901771336553945,,
46,34.856414385399894,36.72168545356951,6.172839506172839,0.8252818035426731,0.5636070853462157,19.28341384863124,1.5767579173376274,,
47,33.95061728395062,36.3996242619431,5.622651637144391,0.8252818035426731,0.5904455179817498,21.00107353730542,1.6103059581320451,,
48,34.42028985507246,36.29898013955985,5.589103596349974,0.8252818035426731,0.5904455179817498,20.725979602791195,1.5499194847020934,,
49,34.15861513687601,34.96376811594203,5.528717122920021,0.8252818035426731,0.5703166935050993,22.302737520128826,1.6505636070853462,,
50,34.78931830381106,34.6081588835212,5.488459473966721,0.8118625872249061,0.5703166935050993,22.08132045088567,1.6505636070853462,,
51,34.94363929146538,34.695383789586685,5.428073000536768,0.8118625872249061,0.5501878690284487,21.920289855072465,1.6505636070853462,,
52,35.19189479334407,33.95061728395062,5.314009661835748,0.8118625872249061,0.5434782608695652,22.33628556092324,1.8518518518518519,,
53,35.487117552334944,33.85668276972625,5.280461621041331,0.8051529790660226,0.5434782608695652,22.12157809983897,1.8518518518518519,0.05367686527106817,
54,35.01073537305421,32.910628019323674,5.032206119162641,0.8051529790660226,0.5434782608695652,23.47691894793344,2.167203435319377,0.05367686527106817,
55,35.31266774020397,32.340311325818575,5.032206119162641,1.4962426194310252,0.6239935587761675,21.40365002683843,3.743961352657005,0.04696725711218465,
56,34.35319377348363,29.958400429414922,4.985238862050457,2.932098765432099,0.5971551261406334,23.60440150295223,3.5225442834138487,0.04696725711218465,
57,34.92351046698873,29.663177670424048,4.938271604938271,2.9052603327965647,0.5971551261406334,23.409822866344605,3.515834675254965,0.04696725711218465,
58,34.54777241009125,30.407944176060116,4.911433172302737,2.38191089640365,2.301395598497048,21.598228663446054,3.488996242619431,0.36231884057971014,
59,31.769994632313473,34.024422973698336,4.783950617283951,2.3617820719269993,2.5295222758990876,20.799785292538918,3.3682232957595275,0.36231884057971014,
60,32.2061191626409,33.78958668813741,4.736983360171766,2.214170692431562,2.5295222758990876,20.739398819108963,3.3279656468062266,0.4562533548040794,
61,32.326892109500804,33.93719806763285,4.696725711218465,2.214170692431562,2.5295222758990876,20.564949006977994,3.2742887815351582,0.4562533548040794,
62,32.380568974771876,34.0378421900161,4.723564143853999,2.2074610842726785,2.4825550187869028,20.511272141706925,3.2004830917874396,0.4562533548040794,
63,32.80327428878154,33.581588835212024,4.656468062265164,2.2074610842726785,2.6502952227589907,20.44417606011809,3.2004830917874396,0.4562533548040794,
64,32.74288781535159,34.05797101449275,4.62962962962963,2.2074610842726785,2.5966183574879227,20.128824476650564,3.180354267310789,0.4562533548040794,
65,31.736446591519055,35.238862050456255,4.555823939881911,2.1806226516371443,2.5831991411701556,20.068438003220614,3.180354267310789,0.4562533548040794,
66,31.105743424584006,33.984165324745035,4.528985507246377,2.1739130434782608,3.1065485775630703,21.195652173913043,3.44873859366613,0.4562533548040794,
67,30.414653784219002,33.091787439613526,4.502147074610843,2.15378421900161,2.871712292002147,23.161567364465917,3.3548040794417604,0.4495437466451959,
68,30.97826086956522,32.80327428878154,4.602791196994096,2.0933977455716586,2.8515834675254963,22.913311862587225,3.307836822329576,0.4495437466451959,
69,31.48148148148148,32.367149758454104,4.5960815888352125,2.314814814814815,2.831454643048846,22.6784755770263,3.280998389694042,0.4495437466451959,
70,28.63660762211487,36.3996242619431,6.823671497584541,2.985775630703167,3.0193236714975846,18.95464304884595,2.7777777777777777,0.4025764895330113,
71,27.885131508319915,35.97691894793344,6.649221685453569,2.918679549114332,3.3413848631239937,19.93424584004294,2.7106816961889426,0.5837359098228664,
72,28.556092324208265,35.65485775630703,6.588835212023618,2.8918411164787976,3.3011272141706924,19.753086419753085,2.6704240472356413,0.5837359098228664,
73,28.844605475040257,35.299248523886206,6.528448738593666,2.9253891572732154,3.5426731078904994,19.612184648416534,2.6637144390767578,0.5837359098228664,
74,28.33467525496511,33.756038647343,6.884057971014493,2.9052603327965647,3.656736446591519,21.22249060654858,2.657004830917874,0.5837359098228664,
75,28.945249597423512,33.44068706387547,6.857219538378959,2.9052603327965647,4.005636070853462,20.605206655931294,2.657004830917874,0.5837359098228664,
76,28.12667740203972,31.508319914117017,6.266774020397209,4.408212560386473,3.92512077294686,22.544283413848632,2.657004830917874,0.5636070853462157,
77,28.435319377348364,31.30703166935051,6.810252281266774,4.508856682769726,3.9049919484702094,21.89345142243693,2.576489533011272,0.5636070853462157,
78,28.79092860976919,31.112453032742888,6.769994632313473,4.455179817498658,3.864734299516908,21.900161030595815,2.5429414922168547,0.5636070853462157,
79,29.274020397208805,31.092324208266238,6.689479334406871,4.408212560386473,3.8177670424047236,21.62506709608159,2.5295222758990876,0.5636070853462157,
80,27.596618357487923,28.938539989264626,5.481749865807837,3.515834675254965,3.8714439076757916,27.979066022544284,2.4020397208803006,0.2147074610842727,
81,26.234567901234566,30.73671497584541,5.481749865807837,3.4420289855072466,3.8043478260869565,27.771068169618893,2.328234031132582,0.20128824476650564,
82,26.590177133655395,30.159688674181428,5.46833064949007,3.3548040794417604,4.3545356951154055,27.542941492216855,2.328234031132582,0.20128824476650564,
83,26.878690284487387,30.02549651100376,5.850778314546431,3.7238325281803544,4.03918411164788,27.254428341384862,2.0263016639828235,0.20128824476650564,
84,27.314814814814813,29.663177670424048,5.8239398819108965,3.7037037037037037,4.320987654320987,26.94578636607622,2.0263016639828235,0.20128824476650564,
85,26.247987117552334,30.864197530864196,6.582125603864735,3.4286097691894795,4.280730005367687,26.261406333870102,2.13365539452496,0.20128824476650564,
86,26.650563607085346,30.656199677938808,6.414385399892646,3.3950617283950617,4.51556629092861,25.831991411701555,2.1940418679549114,0.3421900161030596,
87,26.31508319914117,29.87788513150832,6.3070316693505095,3.3950617283950617,4.441760601180891,27.006172839506174,2.314814814814815,0.3421900161030596,
88,27.100107353730543,29.643048845947398,6.273483628556092,3.3480944712828773,4.414922168545357,26.56333870101986,2.314814814814815,0.3421900161030596,
89,27.730810520665592,29.354535695115406,6.125872249060655,3.3145464304884595,4.408212560386473,26.308373590982285,2.4154589371980677,0.3421900161030596,
90,27.730810520665592,29.066022544283413,6.099033816425121,3.4621578099838968,4.804079441760601,26.08695652173913,2.408749329039184,0.3421900161030596,
91,28.415190552871714,28.804347826086957,5.924584004294149,3.421900161030596,4.790660225442834,25.764895330112722,2.3550724637681157,0.5233494363929146,
92,28.052871712292003,26.838432635534083,5.669618894256575,3.3950617283950617,4.696725711218465,28.267579173376276,2.5563607085346214,0.5233494363929146,
93,28.428609769189478,26.576757917337627,5.844068706387547,3.3413848631239937,4.636339237788513,27.925389157273216,2.7241009125067097,0.5233494363929146,
94,28.683574879227052,25.221417069243156,5.501878690284487,4.736983360171766,4.898013955984971,27.831454643048847,2.6033279656468062,0.5233494363929146,
95,28.884863123993558,24.993290391841118,5.723295759527644,4.736983360171766,4.898013955984971,27.636876006441224,2.6033279656468062,0.5233494363929146,
96,28.455448201825014,24.322329575952764,5.548845947396672,4.824208266237251,4.569243156199678,28.972088030059044,2.7844873859366612,0.5233494363929146,
97,28.690284487385938,24.10762211486849,5.783682232957595,5.0993022007514766,4.723564143853999,28.361513687600645,2.7106816961889426,0.5233494363929146,
98,29.139828234031132,23.89291465378422,5.756843800322061,5.059044551798175,4.810789049919484,28.133387010198604,2.6838432635534084,0.5233494363929146,
99,29.455179817498657,23.409822866344605,7.212828770799785,5.260332796564681,4.810789049919484,26.663982823403114,2.6637144390767578,0.5233494363929146,
100,29.99194847020934,23.141438539989263,6.213097155126141,5.233494363929147,4.750402576489533,27.49597423510467,2.6502952227589907,0.5233494363929146,
101,30.535426731078903,22.926731078904993,6.172839506172839,5.193236714975845,4.87788513150832,27.120236178207193,2.6502952227589907,0.5233494363929146,
102,30.9447128287708,21.973966720343533,6.904186795491143,5.179817498658078,4.824208266237251,27.01959205582394,2.6301663982823404,0.5233494363929146,
103,31.4345142243693,21.732420826623724,7.0450885668276975,5.132850241545894,4.74369296833065,26.764626945786365,2.623456790123457,0.5233494363929146,
104,32.045088566827694,21.571390230810522,7.239667203435319,5.065754159957058,4.569243156199678,26.382179280730007,2.6033279656468062,0.5233494363929146,
105,30.911164787976382,22.966988727858293,7.1725711218464845,5.032206119162641,4.555823939881911,25.751476113794954,2.844873859366613,0.7648953301127214,
106,31.21309715512614,22.7187332259796,7.353730542136339,4.9718196457326895,4.508856682769726,25.637412775093935,2.831454643048846,0.7648953301127214,
107,31.219806763285025,22.23564143853999,7.353730542136339,5.186527106816962,4.40150295222759,25.281803542673106,3.4688674181427803,0.8521202361782072,
108,31.602254428341386,21.886741814278047,7.367149758454106,5.146269457863661,4.5893719806763285,25.147611379495437,3.408480944712829,0.8521202361782072,
109,30.931293612453032,21.256038647342994,7.347020933977456,5.340848094471283,4.522275899087493,26.37546967257112,3.374932903918411,0.8521202361782072,
110,27.569779924852387,29.55582393988191,6.468062265163715,6.635802469135802,4.314278046162104,21.07487922705314,3.5292538915727323,0.8521202361782072,
111,27.334943639291467,28.388352120236178,6.407675791733762,6.78341384863124,4.019055287171229,22.685185185185187,3.5292538915727323,0.8521202361782072,
112,26.90552871712292,27.945517981749866,8.420558239398819,6.816961889425658,4.019055287171229,21.3768115942029,3.5292538915727323,0.9863123993558777,
113,27.36849168008588,27.83816425120773,8.172302737520129,6.736446591519055,4.213633923778851,21.22249060654858,3.4621578099838968,0.9863123993558777,
114,27.140365002683843,27.34836285560923,7.62211486849168,6.5485775630703165,4.186795491143317,22.799248523886206,3.3682232957595275,0.9863123993558777,
115,27.509393451422437,27.059849704777243,7.836822329575953,6.481481481481482,4.166666666666667,22.571121846484164,3.388352120236178,0.9863123993558777,
116,27.408749329039185,26.476113794954376,10.789049919484702,5.199946323134729,3.9452495974235107,21.833064949006978,3.361513687600644,0.9863123993558777,
117,27.885131508319915,26.039989264626946,10.916532474503489,5.267042404723564,4.072732152442297,21.537842190016104,3.294417606011809,0.9863123993558777,
118,28.529253891572733,25.91250670960816,10.795759527643586,5.246913580246914,4.025764895330113,21.26945786366076,3.2340311325818574,0.9863123993558777,
119,28.77750939345142,25.657541599570585,10.7085346215781,5.233494363929147,4.066022544283414,21.054750402576488,3.2340311325818574,1.2681159420289856,
120,28.26086956521739,25.107353730542137,14.687332259796028,5.2066559312936125,3.911701556629093,18.471551261406333,3.227321524422974,1.1272141706924315,
121,28.428609769189478,25.006709608158882,14.345142243692969,5.139559849704777,4.005636070853462,18.813741277509394,3.1333870101986045,1.1272141706924315,
122,28.85131508319914,24.872517444981213,14.231078904991948,5.0993022007514766,4.005636070853462,18.726516371443907,3.099838969404187,1.1137949543746646,
123,29.159957058507782,24.422973698336016,13.962694578636608,5.347557702630167,4.361245303274289,18.54535695115405,3.0864197530864197,1.1137949543746646,
124,29.11969940955448,24.18142780461621,13.79495437466452,5.441492216854535,4.428341384863124,18.84728931830381,3.0730005367686526,1.1137949543746646,
125,29.24718196457327,23.825818572195384,13.7211486849168,5.609232420826624,4.42163177670424,18.927804616210413,3.1333870101986045,1.1137949543746646,
126,29.180085882984432,23.577563070316693,13.593666129898015,5.528717122920021,4.468599033816425,19.0955448201825,3.5292538915727323,1.0265700483091786,
127,28.938539989264626,23.221953837895867,13.459473966720344,7.320182501341922,4.448470209339774,18.06897477187332,3.515834675254965,1.0265700483091786,
128,29.448470209339774,23.067632850241544,13.123993558776167,7.2933440687063875,4.441760601180891,18.115942028985508,3.4822866344605474,1.0265700483091786,
129,29.931561996779386,22.832796564680624,13.117283950617283,7.340311325818572,4.441760601180891,17.96833064949007,3.3413848631239937,1.0265700483091786,
130,29.810789049919485,21.591519055287172,14.915458937198068,7.340311325818572,4.300858829844337,17.733494363929147,3.280998389694042,1.0265700483091786,
131,30.233494363929147,21.215780998389693,14.861782071927,7.1658615136876005,4.394793344068707,17.887815351583466,3.227321524422974,1.0131508319914118,
132,30.421363392377884,21.101717659688674,14.982555018786902,7.581857219538379,4.3545356951154055,17.411433172302736,3.207192699946323,0.9393451422436929,
133,30.823939881910896,20.967525496511005,14.660493827160494,7.541599570585078,4.609500805152979,17.28395061728395,3.207192699946323,0.9057971014492754,
134,31.17283950617284,20.833333333333332,14.579978529253891,7.521470746108427,4.609500805152979,17.16988727858293,3.207192699946323,0.9057971014492754,
135,31.394256575415994,20.75281803542673,14.553140096618357,7.675791733762749,4.582662372517445,17.06924315619968,3.0730005367686526,0.8990874932903918,
136,31.52173913043478,20.598497047772412,14.553140096618357,8.031400966183575,4.549114331723027,16.78743961352657,3.0595813204508855,0.8990874932903918,
137,31.582125603864736,20.437466451959207,14.418947933440688,8.172302737520129,4.542404723564144,16.626409017713364,3.3279656468062266,0.8923778851315083,
138,30.810520665593128,20.202630166398283,17.780461621041333,8.004562533548041,3.670155662909286,15.351583467525497,3.3279656468062266,0.8521202361782072,
139,31.092324208266238,20.128824476650564,17.70665593129361,7.971014492753623,3.656736446591519,15.28448738593666,3.3279656468062266,0.8319914117015567,
140,31.30703166935051,20.061728395061728,17.498658078368223,7.950885668276973,3.8311862587224907,15.009393451422437,3.5091250670960816,0.8319914117015567,
141,31.622383252818036,19.961084272678477,17.357756307031668,7.991143317230274,3.8043478260869565,14.922168545356952,3.5091250670960816,0.8319914117015567,
142,32.03166935050993,19.75979602791197,17.3040794417606,7.924047235641439,3.797638217928073,14.848362855609233,3.502415458937198,0.8319914117015567,
143,28.92512077294686,29.663177670424048,15.60654857756307,6.823671497584541,3.126677402039721,12.030327428878154,3.1870638754696725,0.6374127750939346,
144,29.280730005367687,29.582662372517444,15.458937198067632,6.796833064949007,3.126677402039721,11.943102522812667,3.1736446591519054,0.6374127750939346,
145,29.817498658078367,29.24718196457327,15.35829307568438,6.790123456790123,3.1065485775630703,11.889425657541599,3.1535158346752548,0.6374127750939346,
146,28.958668813741276,28.972088030059044,17.56575415995706,6.769994632313473,2.8650026838432634,11.708266237251744,2.885131508319914,0.27509393451422437,
147,29.461889425657542,28.73725174449812,17.28395061728395,6.729736983360172,2.791196994095545,11.842458400429415,2.8784219001610305,0.27509393451422437,
148,29.757112184648417,28.482286634460547,17.418142780461622,6.729736983360172,2.771068169618894,11.721685453569512,2.8650026838432634,0.2549651100375738,
149,30.233494363929147,28.173644659151904,17.351046698872786,6.6760601180891035,2.844873859366613,11.627750939345143,2.8381642512077296,0.2549651100375738,
150,30.35426731078905,27.697262479871174,17.23027375201288,6.655931293612453,3.0595813204508855,11.90955448201825,2.8381642512077296,0.2549651100375738,
151,30.723295759527645,25.711218464841654,16.901502952227588,6.830381105743425,4.864465915190553,11.896135265700483,2.818035426731079,0.2549651100375738,
152,30.891035963499732,25.684380032206118,16.97530864197531,6.810252281266774,4.8443370907139025,11.75523349436393,2.7844873859366612,0.2549651100375738,
153,30.62265163714439,25.34219001610306,16.190284487385938,6.729736983360172,4.830917874396135,13.459473966720344,2.5697799248523885,0.2549651100375738,
154,30.837359098228664,25.0402576489533,16.049382716049383,7.0450885668276975,4.87788513150832,13.385668276972625,2.5429414922168547,0.2214170692431562,
155,31.146001073537306,24.94632313472893,16.21712292002147,6.904186795491143,4.830917874396135,13.197799248523886,2.536231884057971,0.2214170692431562,
156,31.30703166935051,24.651100375738057,16.371443907675793,7.011540526033279,4.810789049919484,13.056897477187333,2.5697799248523885,0.2214170692431562,
157,31.246645195920557,24.06736446591519,16.29092860976919,6.971282877079979,5.038915727321524,13.003220611916264,3.1602254428341383,0.2214170692431562,
158,31.333870101986044,22.27589908749329,16.150026838432634,8.742619431025227,5.186527106816962,12.93612453032743,3.1535158346752548,0.2214170692431562,
159,31.568706387546968,22.24235104669887,16.06280193236715,8.715780998389693,5.179817498658078,12.895866881374127,3.113258185721954,0.2214170692431562,
160,32.1658615136876,22.067901234567902,15.821256038647343,8.641975308641975,5.132850241545894,12.835480407944177,3.113258185721954,0.2214170692431562,
161,32.60198604401503,21.973966720343533,15.539452495974235,8.541331186258722,5.092592592592593,12.761674718196458,3.2675791733762747,0.2214170692431562,
162,32.01154052603328,21.43719806763285,16.854535695115406,8.07836822329576,4.830917874396135,13.20450885668277,3.361513687600644,0.2214170692431562,
163,32.1658615136876,21.370101986044016,16.67337627482555,7.917337627482555,4.817498658078368,13.177670424047236,3.656736446591519,0.2214170692431562,
164,32.340311325818575,21.088298443370906,16.61969940955448,7.843531937734836,4.804079441760601,13.123993558776167,3.9586688137412773,0.2214170692431562,
165,32.7361782071927,20.913848631239937,16.545893719806763,7.7898550724637685,4.7638217928073,13.117283950617283,3.911701556629093,0.2214170692431562,
166,32.991143317230275,20.79307568438003,16.404991948470208,7.809983896940419,4.669887278582931,13.117283950617283,3.992216854535695,0.2214170692431562,
167,33.15888352120236,20.52469135802469,16.203703703703702,7.7898550724637685,4.87788513150832,12.915995705850777,4.314278046162104,0.2147074610842727,
168,32.038378958668815,19.826892109500804,15.022812667740205,7.320182501341922,4.824208266237251,16.458668813741276,4.294149221685454,0.2147074610842727,
169,32.47450348899624,19.73966720343532,14.895330112721417,7.179280730005368,4.817498658078368,16.398282340311326,4.28743961352657,0.20799785292538917,
170,32.27992485238862,19.444444444444443,14.80810520665593,7.1658615136876005,4.74369296833065,16.109769189479334,5.24020397208803,0.20799785292538917,
171,32.749597423510465,19.256575415995705,14.700751476113794,7.132313472893183,4.736983360171766,16.015834675254965,5.199946323134729,0.20799785292538917,
172,33.05823939881911,19.249865807836823,14.231078904991948,7.219538378958669,4.7101449275362315,15.74074074074074,5.340848094471283,0.4495437466451959,
173,33.1454643048846,19.07541599570585,14.11701556629093,7.25979602791197,4.777241009125067,15.653515834675256,5.522007514761138,0.4495437466451959,
174,33.24610842726785,18.98148148148148,13.754696725711218,7.917337627482555,4.7638217928073,15.418679549114332,5.46833064949007,0.4495437466451959,
175,33.360171765968865,18.947933440687063,13.734567901234568,8.105206655931294,4.736983360171766,15.230810520665592,5.434782608695652,0.4495437466451959,
176,33.373590982286636,18.276972624798713,13.687600644122384,8.091787439613526,5.662909286097692,15.150295222758992,5.307300053676865,0.4495437466451959,
177,33.803005904455176,18.223295759527645,13.560118089103597,7.997852925389157,5.649490069779925,15.063070316693505,5.287171229200215,0.41599570585077833,
178,34.13848631239936,18.149490069779926,13.43263553408481,7.937466451959206,5.5689747718733225,14.895330112721417,5.387815351583468,0.48980139559849706,
179,34.33977455716586,18.00858829844337,13.372249060654857,7.917337627482555,5.542136339237788,14.828234031132581,5.508588298443371,0.4830917874396135,
180,33.782877079978526,17.867686527106816,13.137412775093935,7.716049382716049,5.656199677938808,15.801127214170693,5.555555555555555,0.4830917874396135,
181,33.293075684380035,19.296833064949006,12.828770799785293,7.675791733762749,5.669618894256575,15.197262479871176,5.555555555555555,0.4830917874396135,
182,33.58829844337091,19.155931293612454,13.117283950617283,7.568438003220612,5.535426731078905,15.029522275899087,5.522007514761138,0.4830917874396135,
183,33.984165324745035,18.84728931830381,13.097155126140633,7.454374664519592,5.535426731078905,14.982555018786902,5.615942028985507,0.4830917874396135,
184,34.19216317767042,18.793612453032743,13.050187869028449,7.347020933977456,5.481749865807837,15.083199141170155,5.5689747718733225,0.4830917874396135,
185,34.72893183038111,18.592324208266238,12.848899624261943,7.300053676865271,5.4616210413311865,15.042941492216855,5.542136339237788,0.4830917874396135,
186,34.876543209876544,18.4849704777241,12.453032742887816,7.48792270531401,5.434782608695652,15.26435856146001,5.515297906602254,0.4830917874396135,
187,35.07783145464305,18.095813204508858,12.426194310252281,7.628824476650563,5.58239398819109,15.217391304347826,5.488459473966721,0.4830917874396135,
188,35.037573805689746,18.323939881910896,12.634192163177671,7.608695652173913,5.501878690284487,15.069779924852389,5.340848094471283,0.4830917874396135,
189,35.27241009125067,18.263553408480945,12.600644122383253,7.6623725174449815,5.481749865807837,14.895330112721417,5.340848094471283,0.4830917874396135,
190,35.560923242082666,18.17632850241546,12.667740203972087,7.588566827697263,5.428073000536768,14.794685990338165,5.314009661835748,0.46967257112184646,
191,35.73537305421363,18.14278046162104,12.614063338701019,7.575147611379496,5.421363392377885,14.76784755770263,5.273752012882448,0.46967257112184646,
192,31.226516371443907,14.895330112721417,11.366076221148685,6.561996779388084,5.025496511003757,25.49651100375738,4.958400429414922,0.46967257112184646,
193,31.427804616210413,14.754428341384862,11.446591519055287,6.461352657004831,5.01207729468599,25.033548040794418,5.394524959742351,0.46967257112184646,
194,31.682769726247987,14.727589908749328,11.399624261943103,6.5552871712292005,4.9718196457326895,24.691358024691358,5.522007514761138,0.4495437466451959,
195,31.5955448201825,14.620236178207193,11.231884057971014,6.944444444444445,4.918142780461621,24.644390767579175,5.595813204508857,0.4495437466451959,
196,31.91760601180891,14.553140096618357,11.16478797638218,6.890767579173376,4.891304347826087,24.537037037037038,5.595813204508857,0.4495437466451959,
197,32.17928073000537,14.331723027375201,11.07085346215781,6.877348362855609,5.092592592592593,24.261943102522814,5.736714975845411,0.4495437466451959,
198,32.41411701556629,14.31159420289855,11.05072463768116,6.870638754696726,5.065754159957058,24.114331723027377,5.723295759527644,0.4495437466451959,
199,32.70263016639828,14.298174986580785,11.017176596886742,6.843800322061192,5.065754159957058,23.91304347826087,5.709876543209877,0.4495437466451959,
200,33.02469135802469,14.264626945786366,10.970209339774557,6.8035426731078905,4.978529253891573,23.758722490606548,5.750134192163178,0.4495437466451959,
201,33.52120236178207,14.244498121309716,10.748792270531402,6.776704240472356,4.9651100375738055,23.57085346215781,5.723295759527644,0.4495437466451959,
202,33.89023081052066,14.204240472356414,10.621309715512615,6.716317767042405,4.9651100375738055,23.201825013419217,5.9514224369296835,0.4495437466451959,
203,33.56816961889426,13.560118089103597,10.326086956521738,6.629092860976919,4.810789049919484,23.081052066559312,7.575147611379496,0.4495437466451959,
204,33.95061728395062,13.493022007514762,10.238862050456254,6.615673644659152,4.74369296833065,22.79253891572732,7.575147611379496,0.5904455179817498,
205,34.346484165324746,13.385668276972625,10.19189479334407,6.528448738593666,4.74369296833065,22.550993022007514,7.6623725174449815,0.5904455179817498,
206,34.09151905528717,13.325281803542673,10.23215244229737,5.991680085882985,4.723564143853999,23.382984433709073,7.6623725174449815,0.5904455179817498,
207,34.23913043478261,13.130703166935051,10.151637144390767,6.494900697799249,4.656468062265164,23.201825013419217,7.5348899624261945,0.5904455179817498,
208,33.49436392914654,12.788513150831992,10.11808910359635,5.984970477724101,3.743961352657005,26.113794954374665,7.1658615136876005,0.5904455179817498,
209,34.29951690821256,12.721417069243156,9.957058507783145,5.958132045088567,3.6902844873859366,25.623993558776167,7.159151905528717,0.5904455179817498,
210,34.46725711218465,12.634192163177671,10.050993022007514,5.958132045088567,3.6634460547504024,25.503220611916262,7.132313472893183,0.5904455179817498,
211,34.68867418142781,12.526838432635534,10.030864197530864,5.783682232957595,3.6097691894793345,25.221417069243156,7.226247987117552,0.9125067096081588,
212,34.594739667203434,12.372517444981213,10.144927536231885,6.273483628556092,3.488996242619431,24.9194847020934,7.2933440687063875,0.9125067096081588,
213,34.88996242619431,12.184648416532475,10.305958132045088,6.219806763285024,3.455448201825013,24.718196457326894,7.253086419753086,0.9728931830381106,
214,35.037573805689746,12.130971551261407,10.245571658615138,6.219806763285024,3.455448201825013,24.738325281803544,7.199409554482019,0.9728931830381106,
215,35.20531400966183,11.936392914653783,10.205314009661835,6.494900697799249,3.6097691894793345,24.48336017176597,7.105475040257649,0.9594739667203436,
216,34.90338164251208,11.77536231884058,9.903381642512077,6.246645195920558,3.8177670424047236,25.59044551798175,6.6827697262479875,1.0802469135802468,
217,35.07112184648417,11.728395061728396,9.903381642512077,6.233225979602791,3.797638217928073,25.5300590445518,6.66935050993022,1.06682769726248,
218,35.567632850241544,11.54723564143854,10.091250670960816,6.132581857219538,3.9049919484702094,25.127482555018787,6.575415995705851,1.0534084809447128,
219,35.84272678475577,11.29898013955985,10.037573805689748,6.125872249060655,3.878153515834675,24.993290391841118,6.8035426731078905,1.0198604401502953,
220,36.171497584541065,11.231884057971014,9.977187332259795,6.125872249060655,3.878153515834675,24.872517444981213,6.736446591519055,1.0064412238325282,
221,36.540526033279654,11.191626409017713,9.863123993558776,6.099033816425121,3.9519592055823938,24.52361782071927,6.830381105743425,0.9997316156736447,
222,36.78878153515835,11.137949543746645,9.957058507783145,6.045356951154052,3.9184111647879765,24.40955448201825,6.756575415995706,0.9863123993558777,
223,37.07058507783145,11.131239935587761,9.863123993558776,6.011808910359635,4.3545356951154055,24.00697799248524,6.602254428341385,0.9594739667203436,
224,36.79549114331723,10.581052066559312,9.588030059044552,5.595813204508857,4.30756843800322,25.603864734299517,6.568706387546968,0.9594739667203436,
225,36.963231347289316,10.520665593129362,9.742351046698873,5.58239398819109,4.294149221685454,25.335480407944175,6.615673644659152,0.9460547504025765,
226,37.32555018786903,10.446859903381643,9.675254965110037,5.542136339237788,4.26731078904992,25.214707461084274,6.582125603864735,0.9460547504025765,
227,37.5402576489533,10.299248523886206,9.802737520128824,5.515297906602254,4.3478260869565215,25.0,6.5485775630703165,0.9460547504025765,
228,37.68115942028985,10.23215244229737,10.339506172839506,5.689747718733226,4.656468062265164,24.36929683306495,6.099033816425121,0.9326355340848095,
229,37.3389694041868,10.198604401502953,10.735373054213634,5.4549114331723025,4.622920021470746,24.315619967793882,6.400966183574879,0.9326355340848095,
230,37.57380568974772,10.178475577026301,10.916532474503489,5.253623188405797,4.575952764358561,24.20155662909286,6.367418142780462,0.9326355340848095,
231,37.895866881374126,10.077831454643048,10.82259796027912,5.24020397208803,4.871175523349437,23.89291465378422,6.353998926462695,0.8454106280193237,
232,38.05018786902845,10.02415458937198,10.950080515297907,5.146269457863661,4.7638217928073,23.926462694578635,6.293612453032743,0.8454106280193237,
233,38.238056897477186,9.990606548577563,10.950080515297907,5.119431025228127,4.750402576489533,23.812399355877616,6.293612453032743,0.8454106280193237,
234,38.446054750402574,9.990606548577563,10.916532474503489,5.119431025228127,4.750402576489533,23.65136876006441,6.280193236714976,0.8454106280193237,
235,36.36607622114869,9.004294149221685,13.969404186795492,5.01207729468599,4.851046698872786,24.268652710681696,5.709876543209877,0.8185721953837896,
236,36.38620504562534,8.82313472893183,14.083467525496511,5.01207729468599,5.139559849704777,23.758722490606548,5.978260869565218,0.8185721953837896,
237,36.22517444981213,8.675523349436393,14.398819108964037,4.978529253891573,4.944981213097155,23.55072463768116,6.4345142243692965,0.7917337627482555,
238,36.460010735373054,8.621846484165324,14.345142243692969,5.038915727321524,4.898013955984971,23.503757380568974,6.340579710144928,0.7917337627482555,
239,36.42646269457864,8.601717659688674,14.264626945786366,5.300590445517981,4.871175523349437,23.483628556092324,6.260064412238325,0.7917337627482555,
240,36.808910359635,8.57487922705314,14.17740203972088,5.293880837359098,4.797369833601718,23.30246913580247,6.253354804079442,0.7917337627482555,
241,36.983360171765966,8.507783145464305,14.11701556629093,5.441492216854535,4.757112184648417,23.242082662372518,6.159420289855072,0.7917337627482555,
242,37.3792270531401,8.433977455716587,13.996242619431026,5.401234567901234,4.9718196457326895,22.893183038110575,6.132581857219538,0.7917337627482555,
243,37.63419216317767,8.319914117015566,14.070048309178745,5.783682232957595,4.871175523349437,22.544283413848632,6.0654857756307035,0.7112184648416533,
244,38.02334943639291,8.313204508856682,13.942565754159958,5.763553408480945,4.911433172302737,22.322866344605476,6.038647342995169,0.6843800322061192,
245,38.33199141170156,8.293075684380032,13.855340848094471,5.756843800322061,4.898013955984971,22.208803005904453,5.971551261406334,0.6843800322061192,
246,38.64734299516908,8.172302737520129,13.808373590982287,5.669618894256575,4.817498658078368,22.24235104669887,5.958132045088567,0.6843800322061192,
247,38.88217928073001,8.172302737520129,13.727858293075684,5.629361245303274,4.817498658078368,22.168545356951153,5.917874396135265,0.6843800322061192,
248,38.87546967257112,8.158883521202362,13.70101986044015,5.736714975845411,4.804079441760601,21.967257112184647,6.072195383789587,0.6843800322061192,
249,39.15727321524423,8.13875469672571,13.607085346215781,5.71658615136876,4.797369833601718,21.85990338164251,6.038647342995169,0.6843800322061192,
250,39.130434782608695,8.09849704777241,13.768115942028986,5.656199677938808,4.790660225442834,21.926999463231347,5.9447128287707995,0.6843800322061192,
251,39.351851851851855,8.05823939881911,13.83521202361782,5.589103596349974,4.74369296833065,21.81964573268921,5.917874396135265,0.6843800322061192,
252,39.19753086419753,8.011272141706923,13.754696725711218,5.662909286097692,4.74369296833065,22.0276435856146,5.783682232957595,0.8185721953837896,
253,39.49946323134729,7.950885668276973,13.79495437466452,5.589103596349974,4.676596886741814,21.89345142243693,5.783682232957595,0.8118625872249061,
254,39.761137949543745,7.937466451959206,13.848631239935587,5.649490069779925,4.656468062265164,21.578099838969404,5.756843800322061,0.8118625872249061,
255,40.02952227589909,7.9039184111647875,13.707729468599034,5.622651637144391,4.62962962962963,21.484165324745035,5.810520665593129,0.8118625872249061,
256,40.05636070853462,7.816693505099302,13.6808910359635,5.810520665593129,4.609500805152979,21.464036500268385,5.750134192163178,0.8118625872249061,
257,40.23081052066559,7.769726247987117,13.6406333870102,5.763553408480945,4.555823939881911,21.35668276972625,5.870907139023081,0.8118625872249061,
258,40.39855072463768,7.763016639828234,13.613794954374665,5.763553408480945,4.542404723564144,21.296296296296298,5.810520665593129,0.8118625872249061,
259,40.72061191626409,7.749597423510467,13.546698872785829,5.756843800322061,4.51556629092861,21.115136876006442,5.783682232957595,0.8118625872249061,
260,39.86849168008588,7.742887815351583,12.902576489533011,5.595813204508857,4.51556629092861,23.013955984970476,5.548845947396672,0.8118625872249061,
261,40.11003757380569,7.669082125603865,12.754965110037574,5.46833064949007,4.569243156199678,22.893183038110575,5.723295759527644,0.8118625872249061,
262,40.17042404723564,7.608695652173913,12.661030595813205,5.434782608695652,4.542404723564144,23.047504025764894,5.723295759527644,0.8118625872249061,
263,39.83494363929147,7.467793880837359,12.640901771336553,5.488459473966721,4.4753086419753085,22.839506172839506,6.4412238325281805,0.8118625872249061,
264,40.09661835748792,7.467793880837359,12.533548040794418,5.495169082125604,4.4753086419753085,22.7187332259796,6.400966183574879,0.8118625872249061,
265,40.53274288781535,7.347020933977456,12.526838432635534,5.35426731078905,4.394793344068707,22.644927536231883,6.387546967257112,0.8118625872249061,
266,40.83467525496511,7.320182501341922,12.466451959205582,5.314009661835748,4.367954911433173,22.48389694041868,6.400966183574879,0.8118625872249061,
267,40.98899624261943,7.273215244229737,12.406065485775631,5.4616210413311865,4.320987654320987,22.38996242619431,6.347289318303811,0.8118625872249061,
268,41.156736446591516,7.266505636070853,12.372517444981213,5.46833064949007,4.30756843800322,22.302737520128826,6.3137412775093935,0.8118625872249061,
269,39.418947933440684,6.870638754696726,11.822329575952764,5.186527106816962,3.1736446591519054,26.623725174449813,6.206387546967257,0.6977992485238862,
270,39.62023617820719,6.863929146537842,11.681427804616211,5.12614063338701,3.1736446591519054,26.41572732152442,6.421095008051529,0.6977992485238862,
271,39.982555018786904,6.823671497584541,11.66129898013956,5.112721417069243,3.1468062265163717,26.227858293075684,6.347289318303811,0.6977992485238862,
272,39.56655931293612,6.8035426731078905,11.574074074074074,4.944981213097155,3.1468062265163717,27.012882447665056,6.253354804079442,0.6977992485238862,
