,45,50,51,55,52,57,56,53,54,60,58,59,61
0,92.53891572732152,7.461084272678476,,,,,,,,,,,
1,84.62157809983897,15.378421900161031,,,,,,,,,,,
2,79.60279119699409,16.284219001610307,3.9519592055823938,0.1610305958132045,,,,,,,,,
3,77.08668813741278,18.800322061191626,3.9519592055823938,0.1610305958132045,,,,,,,,,
4,75.83199141170155,18.853998926462694,3.9519592055823938,0.2281266774020397,1.107085346215781,0.026838432635534086,,,,,,,
5,56.81025228126678,37.01690821256039,4.750402576489533,0.2885131508319914,1.107085346215781,0.026838432635534086,,,,,,,
6,56.796833064949006,37.03032742887815,4.750402576489533,0.2885131508319914,1.107085346215781,0.026838432635534086,,,,,,,
7,56.21980676328502,37.513419216317764,4.777241009125067,0.35560923242082665,1.107085346215781,0.026838432635534086,,,,,,,
8,55.58239398819109,38.06360708534621,4.777241009125067,0.4428341384863124,1.107085346215781,0.026838432635534086,,,,,,,
9,50.84541062801932,42.73349436392915,4.7638217928073,0.5233494363929146,1.107085346215781,0.026838432635534086,,,,,,,
10,50.88566827697262,42.639559849704774,4.703435319377348,0.6105743424584005,1.107085346215781,0.026838432635534086,0.026838432635534086,,,,,,
11,50.91250670960816,40.5126140633387,4.690016103059581,2.7241009125067097,1.107085346215781,0.026838432635534086,0.026838432635534086,,,,,,
12,50.64412238325282,36.2385936661299,4.690016103059581,2.7308105206655933,1.5096618357487923,0.026838432635534086,0.026838432635534086,4.106280193236715,0.026838432635534086,,,,
13,50.56360708534621,36.06414385399893,4.690016103059581,2.6838432635534084,1.5096618357487923,0.026838432635534086,0.026838432635534086,4.106280193236715,0.32877079978529256,,,,
14,50.4495437466452,36.178207192699944,4.622920021470746,2.6838432635534084,1.5096618357487923,0.026838432635534086,0.0939345142243693,4.106280193236715,0.32877079978529256,,,,
15,46.09500805152979,40.5126140633387,4.622920021470746,2.7106816961889426,1.5096618357487923,0.026838432635534086,0.0939345142243693,4.0995705850778315,0.32877079978529256,,,,
16,46.101717659688674,40.50590445517982,4.622920021470746,2.7106816961889426,1.4224369296833066,0.11406333870101985,0.0939345142243693,4.0995705850778315,0.32877079978529256,,,,
17,45.880300590445515,39.378690284487384,5.112721417069243,2.7308105206655933,1.4224369296833066,0.11406333870101985,0.12077294685990338,3.7640901771336552,1.4761137949543746,,,,
18,45.57836822329576,39.418947933440684,5.112721417069243,3.0059044551798175,1.4224369296833066,0.11406333870101985,0.12077294685990338,3.750670960815888,1.4761137949543746,,,,
19,45.370370370370374,39.61352657004831,5.112721417069243,3.0193236714975846,1.4224369296833066,0.11406333870101985,0.12077294685990338,3.750670960815888,1.4761137949543746,,,,
20,45.42404723564144,39.55984970477724,5.112721417069243,3.0193236714975846,1.4224369296833066,0.11406333870101985,0.12077294685990338,3.750670960815888,1.4761137949543746,,,,
21,45.13553408480945,39.70746108427268,5.253623188405797,3.0193236714975846,1.4224369296833066,0.11406333870101985,0.12077294685990338,3.750670960815888,1.4761137949543746,,,,
22,45.16237251744498,39.00295222758991,5.226784755770263,2.3483628556092326,1.710950080515298,0.11406333870101985,0.14761137949543746,3.7238325281803544,2.5496511003757383,0.013419216317767043,,,
23,43.98819108964037,40.22410091250671,5.213365539452496,2.314814814814815,1.710950080515298,0.11406333870101985,0.14761137949543746,3.6097691894793345,2.5496511003757383,0.013419216317767043,0.11406333870101985,,
24,44.02173913043478,40.19055287171229,5.213365539452496,2.314814814814815,1.710950080515298,0.11406333870101985,0.14761137949543746,3.6097691894793345,2.5496511003757383,0.013419216317767043,0.11406333870101985,,
25,40.94873859366613,40.92860976918948,4.683306494900698,2.2208803005904456,1.6170155662909287,0.11406333870101985,0.14761137949543746,3.6097691894793345,5.60252281266774,0.013419216317767043,0.11406333870101985,,
26,40.53274288781535,41.34460547504026,4.669887278582931,2.2342995169082127,1.6170155662909287,0.11406333870101985,0.14761137949543746,3.6097691894793345,5.60252281266774,0.013419216317767043,0.11406333870101985,,
27,40.52603327965647,41.35131508319914,4.669887278582931,2.2342995169082127,1.6170155662909287,0.11406333870101985,0.14761137949543746,3.6097691894793345,5.60252281266774,0.013419216317767043,0.11406333870101985,,
28,40.66022544283414,41.22383252818035,4.669887278582931,2.2074610842726785,1.6170155662909287,0.11406333870101985,0.14761137949543746,3.6097691894793345,5.622651637144391,0.013419216317767043,0.11406333870101985,,
29,35.990338164251206,46.23590982286635,4.260601180891036,2.281266774020397,1.6170155662909287,0.11406333870101985,0.14761137949543746,3.6097691894793345,5.615942028985507,0.013419216317767043,0.11406333870101985,,
30,36.14465915190553,46.12855609232421,4.2203435319377345,2.301395598497048,1.6170155662909287,0.11406333870101985,0.14761137949543746,3.6097691894793345,5.589103596349974,0.013419216317767043,0.11406333870101985,,
31,35.96349973161568,44.015029522275896,7.50805152979066,2.13365539452496,1.6170155662909287,0.11406333870101985,0.14761137949543746,2.7979066022544283,5.5756843800322065,0.013419216317767043,0.11406333870101985,,
32,35.98362855609233,44.00161030595813,7.474503488996243,2.13365539452496,1.6170155662909287,0.11406333870101985,0.18115942028985507,2.7979066022544283,5.5689747718733225,0.013419216317767043,0.11406333870101985,,
33,36.11782071926999,43.09581320450886,7.4006977992485234,2.9924852388620504,1.6170155662909287,0.11406333870101985,0.18115942028985507,2.7979066022544283,5.555555555555555,0.013419216317767043,0.11406333870101985,,
34,32.41411701556629,38.969404186795494,15.868223295759528,3.1602254428341383,1.6170155662909287,0.11406333870101985,0.18115942028985507,2.7979066022544283,4.750402576489533,0.013419216317767043,0.11406333870101985,,
35,26.27482555018787,51.006441223832525,10.674986580783683,3.1468062265163717,0.9259259259259259,0.11406333870101985,0.18115942028985507,2.7979066022544283,4.750402576489533,0.013419216317767043,0.11406333870101985,,
36,26.268115942028984,50.83870101986044,10.654857756307031,3.227321524422974,0.9259259259259259,0.11406333870101985,0.20128824476650564,2.7979066022544283,4.8443370907139025,0.013419216317767043,0.11406333870101985,,
37,26.34863123993559,50.717928073000536,10.648148148148149,3.2340311325818574,0.9259259259259259,0.11406333870101985,0.23483628556092323,2.804616210413312,4.8443370907139025,0.013419216317767043,0.11406333870101985,,
38,26.288244766505635,48.993558776167475,10.547504025764896,4.944981213097155,0.9326355340848095,0.11406333870101985,0.2683843263553409,2.804616210413312,4.978529253891573,0.013419216317767043,0.11406333870101985,,
39,26.362050456253353,42.09608158883521,10.426731078904991,4.884594739667204,0.9326355340848095,0.11406333870101985,0.2683843263553409,9.809447128287708,4.978529253891573,0.013419216317767043,0.11406333870101985,,
40,25.979602791196996,36.2385936661299,22.249060654857757,3.1468062265163717,0.322061191626409,,0.08722490606548577,9.03113258185722,2.677133655394525,0.013419216317767043,0.14090177133655393,0.11406333870101985,
41,26.133923778851315,36.15807836822329,22.228931830381107,3.1602254428341383,0.322061191626409,,0.08722490606548577,8.964036500268385,2.677133655394525,0.013419216317767043,0.14090177133655393,0.11406333870101985,
42,25.979602791196996,36.272141706924316,21.18894256575416,3.1602254428341383,0.322061191626409,,0.08722490606548577,10.044283413848632,2.677133655394525,0.013419216317767043,0.14090177133655393,0.11406333870101985,
43,25.979602791196996,36.08427267847558,20.41062801932367,3.1602254428341383,1.3217928073000538,,0.0939345142243693,9.849704777241008,2.677133655394525,0.013419216317767043,0.2952227589908749,0.11406333870101985,
44,26.019860440150296,35.77563070316693,20.41062801932367,3.44873859366613,1.3217928073000538,,0.0939345142243693,9.829575952764358,2.677133655394525,0.013419216317767043,0.2952227589908749,0.11406333870101985,
45,20.108695652173914,41.29092860976919,20.35024154589372,3.9049919484702094,1.3217928073000538,,0.0939345142243693,9.829575952764358,2.677133655394525,0.013419216317767043,0.2952227589908749,0.11406333870101985,
46,17.753623188405797,36.01717659688674,27.66371443907676,3.992216854535695,1.8384326355340848,,0.0939345142243693,9.816156736446592,2.4020397208803006,0.013419216317767043,0.2952227589908749,0.11406333870101985,
47,17.216854535695116,28.743961352657006,28.408480944712828,3.743961352657005,9.172034353193773,,0.0939345142243693,9.802737520128824,2.395330112721417,0.013419216317767043,0.2952227589908749,0.11406333870101985,
48,17.391304347826086,28.63660762211487,28.30112721417069,3.784219001610306,9.172034353193773,,0.0939345142243693,9.762479871175524,2.395330112721417,0.013419216317767043,0.33548040794417605,0.11406333870101985,
49,16.888083735909824,23.812399355877616,28.27428878153516,2.2410091250670963,9.145195920558239,0.026838432635534086,0.07380568974771873,18.820450885668276,0.33548040794417605,,0.2683843263553409,0.11406333870101985,
50,17.022275899087493,23.74530327428878,27.81803542673108,2.5496511003757383,9.037842190016104,0.12077294685990338,0.18115942028985507,18.760064412238325,0.33548040794417605,,0.3153515834675255,0.11406333870101985,
51,17.042404723564143,22.15512614063339,38.17096081588835,1.9592055823939882,8.259527643585615,0.15432098765432098,0.18115942028985507,11.540526033279656,0.33548040794417605,,0.20128824476650564,,
52,15.76086956521739,16.525764895330113,46.786097691894796,1.8115942028985508,3.589640365002684,0.0939345142243693,0.3153515834675255,14.579978529253891,0.33548040794417605,,0.20128824476650564,,
53,15.787707997852925,16.525764895330113,46.67203435319377,1.7646269457863661,3.589640365002684,0.0939345142243693,0.4495437466451959,14.579978529253891,0.33548040794417605,,0.20128824476650564,,
54,15.942028985507246,16.451959205582394,46.00107353730542,1.7914653784219001,3.589640365002684,0.12077294685990338,1.0064412238325282,14.55984970477724,0.33548040794417605,,0.20128824476650564,,
55,14.486044015029522,15.539452495974235,41.51905528717123,1.737788513150832,10.849436392914654,0.12077294685990338,1.0064412238325282,14.204240472356414,0.33548040794417605,,0.20128824476650564,,
56,14.573268921095009,15.499194847020934,41.46537842190016,1.778046162104133,10.815888352120236,0.14761137949543746,0.9930220075147611,14.190821256038648,0.33548040794417605,,0.20128824476650564,,
57,14.110305958132045,15.318035426731079,43.13607085346216,1.778046162104133,10.789049919484702,0.14761137949543746,0.9930220075147611,13.16425120772947,0.33548040794417605,,0.2281266774020397,,
58,14.090177133655395,15.405260332796564,42.921363392377884,1.7713365539452497,10.809178743961352,0.14761137949543746,1.1272141706924315,13.130703166935051,0.33548040794417605,,0.2616747181964573,,
59,13.144122383252817,16.451959205582394,42.66639828234031,1.7713365539452497,10.782340311325818,0.4428341384863124,1.1943102522812667,12.929414922168545,0.33548040794417605,,0.28180354267310787,,
60,13.231347289318304,16.445249597423512,42.58588298443371,1.7713365539452497,10.782340311325818,0.4428341384863124,1.2412775093934514,12.882447665056361,0.32877079978529256,,0.2885131508319914,,
61,13.271604938271604,15.841384863123993,38.446054750402574,1.710950080515298,10.674986580783683,0.4428341384863124,1.2010198604401503,17.767042404723565,0.32877079978529256,,0.3153515834675255,,
62,13.258185721953838,15.801127214170693,38.55340848094471,1.710950080515298,10.674986580783683,0.4428341384863124,1.1674718196457328,17.746913580246915,0.32877079978529256,,0.3153515834675255,,
63,13.352120236178207,15.787707997852925,38.52657004830918,1.710950080515298,10.661567364465915,0.4428341384863124,1.1943102522812667,17.659688674181428,0.32877079978529256,,0.33548040794417605,,
64,12.788513150831992,15.942028985507246,38.989533011272144,1.710950080515298,10.57434245840043,0.4428341384863124,1.2278582930756843,17.659688674181428,0.32877079978529256,,0.33548040794417605,,
65,8.55475040257649,22.537573805689746,36.513687600644126,1.7176596886741815,10.560923242082662,0.4428341384863124,1.261406333870102,17.74020397208803,0.24825550187869028,,0.4227053140096618,,
66,8.588298443370908,22.450348899624263,36.45330112721417,1.7176596886741815,10.560923242082662,0.4428341384863124,1.3150831991411702,17.800590445517983,0.24825550187869028,,0.4227053140096618,,
67,8.80300590445518,22.436929683306495,36.312399355877616,1.7176596886741815,10.513955984970478,0.4428341384863124,1.3217928073000538,17.780461621041333,0.24825550187869028,,0.4227053140096618,,
68,8.863392377885132,22.41009125067096,36.111111111111114,1.7176596886741815,10.513955984970478,0.4428341384863124,1.5096618357487923,17.76033279656468,0.24825550187869028,,0.4227053140096618,,
69,6.273483628556092,26.818303811057433,33.85668276972625,4.012345679012346,10.339506172839506,0.4428341384863124,2.073268921095008,15.5126140633387,0.24825550187869028,,0.4227053140096618,,
70,6.367418142780462,26.69753086419753,33.8365539452496,4.045893719806763,10.339506172839506,0.4428341384863124,2.0933977455716586,15.4723564143854,0.28180354267310787,,0.4227053140096618,,
71,6.515029522275899,26.570048309178745,33.742619431025226,4.186795491143317,10.326086956521738,0.43612453032742887,2.1403650026838434,15.378421900161031,0.28180354267310787,,0.4227053140096618,,
72,6.629092860976919,26.308373590982285,33.21926999463231,4.341116478797638,10.299248523886206,0.43612453032742887,2.7844873859366612,15.304616210413311,0.28180354267310787,,0.39586688137412773,,
73,6.8035426731078905,26.234567901234566,33.16559312936125,4.341116478797638,10.299248523886206,0.43612453032742887,2.7844873859366612,15.257648953301127,0.28180354267310787,,0.39586688137412773,,
74,6.904186795491143,26.167471819645733,33.13875469672571,4.3545356951154055,10.299248523886206,0.43612453032742887,2.7844873859366612,15.237520128824476,0.28180354267310787,,0.39586688137412773,,
75,6.9243156199677935,26.140633387010197,33.071658615136876,4.38137412775094,10.299248523886206,0.49651100375738055,2.9119699409554483,15.096618357487923,0.28180354267310787,,0.39586688137412773,,
76,6.998121309715513,26.120504562533547,33.031400966183575,4.38137412775094,10.285829307568438,0.49651100375738055,2.9119699409554483,14.982555018786902,0.28180354267310787,,0.5099302200751477,,
77,7.0450885668276975,26.100375738056897,33.011272141706925,4.38137412775094,10.285829307568438,0.49651100375738055,2.9052603327965647,14.982555018786902,0.28180354267310787,,0.5099302200751477,,
78,7.125603864734299,26.060118089103597,32.9777241009125,4.374664519592056,10.285829307568438,0.49651100375738055,2.9052603327965647,14.982555018786902,0.28180354267310787,,0.5099302200751477,,
79,6.816961889425658,25.95276435856146,42.88781535158347,3.0193236714975846,6.515029522275899,0.48980139559849706,2.3081052066559313,11.325818572195384,0.28180354267310787,,0.4025764895330113,,
80,6.951154052603328,25.650831991411703,42.68652710681696,3.0595813204508855,6.515029522275899,0.48980139559849706,2.368491680085883,11.594202898550725,0.28180354267310787,,0.4025764895330113,,
81,7.051798174986581,25.603864734299517,42.592592592592595,3.046162104133119,6.515029522275899,0.48980139559849706,2.4221685453569513,11.594202898550725,0.28180354267310787,,0.4025764895330113,,
82,7.152442297369833,25.543478260869566,42.45169082125604,3.046162104133119,6.488191089640365,0.48980139559849706,2.522812667740204,11.178207192699947,0.8387010198604401,,0.2885131508319914,,
83,7.380568974771873,25.503220611916262,42.35775630703167,3.046162104133119,6.461352657004831,0.4830917874396135,2.462426194310252,11.158078368223295,0.8387010198604401,,0.30864197530864196,,
84,7.481213097155126,25.462962962962962,42.33762748255502,3.046162104133119,6.4345142243692965,0.4830917874396135,2.4355877616747184,11.097691894793345,0.8387010198604401,,0.3824476650563607,,
85,7.313472893183038,25.409286097691894,40.03623188405797,2.952227589908749,9.346484165324744,0.4830917874396135,2.1604938271604937,11.097691894793345,0.8185721953837896,,0.3824476650563607,,
86,7.447665056360709,25.355609232420825,39.81481481481482,2.952227589908749,9.31964573268921,0.4830917874396135,2.3215244229736984,11.003757380568974,0.8454106280193237,,0.4562533548040794,,
87,7.555018786902845,25.308641975308642,39.56655931293612,3.2474503488996245,9.31964573268921,0.4830917874396135,2.24771873322598,10.963499731615673,0.8454106280193237,,0.46296296296296297,,
88,7.615405260332796,25.268384326355342,39.53972088030059,3.2541599570585076,9.31964573268921,0.4830917874396135,2.24771873322598,10.963499731615673,0.8789586688137413,,0.4294149221685454,,
89,7.75630703166935,25.161030595813205,39.53972088030059,3.2340311325818574,9.306226516371444,0.49651100375738055,2.24771873322598,10.916532474503489,0.8789586688137413,,0.46296296296296297,,
90,7.461084272678476,25.147611379495437,34.54777241009125,3.227321524422974,15.069779924852389,0.6709608158883521,1.8183038110574343,10.681696188942565,0.8789586688137413,,0.49651100375738055,,
91,7.50805152979066,25.120772946859905,33.071658615136876,3.207192699946323,16.51905528717123,0.6709608158883521,1.8451422436929683,10.681696188942565,0.8789586688137413,,0.49651100375738055,,
92,6.796833064949007,22.832796564680624,36.68142780461621,3.0193236714975846,16.344605475040257,0.8521202361782072,1.6438539989264627,10.507246376811594,0.8252818035426731,,0.49651100375738055,,
93,6.816961889425658,22.73215244229737,36.65458937198068,3.066290928609769,16.358024691358025,0.8789586688137413,1.6438539989264627,10.50053676865271,0.8521202361782072,,0.49651100375738055,,
94,6.9243156199677935,22.69189479334407,36.621041331186255,3.066290928609769,16.337895866881375,0.8789586688137413,1.7646269457863661,10.36634460547504,0.8521202361782072,,0.49651100375738055,,
95,7.14573268921095,22.65834675254965,36.50697799248524,3.0595813204508855,16.13660762211487,0.9326355340848095,1.865271068169619,10.34621578099839,0.8789586688137413,,0.46967257112184646,,
96,7.273215244229737,22.638217928073,36.40633387010199,3.046162104133119,16.1231884057971,0.9326355340848095,1.8988191089640365,10.332796564680622,0.8789586688137413,,0.46967257112184646,,
97,7.39398819108964,22.450348899624263,36.33923778851315,3.207192699946323,16.109769189479334,0.9326355340848095,1.8988191089640365,10.319377348362856,0.8789586688137413,,0.46967257112184646,,
98,7.50805152979066,22.443639291465377,35.98362855609233,3.549382716049383,15.901771336553946,0.9326355340848095,2.046430488459474,10.285829307568438,0.8789586688137413,,0.46967257112184646,,
99,7.434245840042942,21.564680622651636,35.829307568438004,3.5628019323671496,17.398013955984972,0.9057971014492754,2.046430488459474,9.91009125067096,0.8789586688137413,,0.46967257112184646,,
100,7.4006977992485234,21.631776704240472,35.789049919484704,3.5762211486849167,17.391304347826086,0.9057971014492754,2.046430488459474,9.91009125067096,0.8789586688137413,,0.46967257112184646,,
101,7.454374664519592,21.604938271604937,35.74208266237252,3.5963499731615673,17.391304347826086,0.9057971014492754,2.046430488459474,9.91009125067096,0.8789586688137413,,0.46967257112184646,,
102,7.601986044015029,21.598228663446054,35.601180891035966,3.629898013955985,17.391304347826086,0.9057971014492754,2.033011272141707,9.88996242619431,0.8789586688137413,,0.46967257112184646,,
103,7.62211486849168,21.571390230810522,35.57434245840043,3.656736446591519,17.391304347826086,0.9057971014492754,2.059849704777241,9.86983360171766,0.8789586688137413,,0.46967257112184646,,
104,7.689210950080516,21.497584541062803,35.57434245840043,3.730542136339238,17.344337090713903,0.8923778851315083,2.0933977455716586,9.829575952764358,0.8789586688137413,,0.46967257112184646,,
105,7.763016639828234,21.517713365539453,35.54079441760601,3.730542136339238,17.23027375201288,0.8923778851315083,2.0933977455716586,9.829575952764358,0.9326355340848095,,0.46967257112184646,,
106,7.7898550724637685,21.517713365539453,35.46027911969941,3.730542136339238,17.216854535695116,0.9057971014492754,2.147074610842727,9.829575952764358,0.9326355340848095,,0.46967257112184646,,
107,7.830112721417069,20.591787439613526,35.28582930756844,3.851315083199141,17.12962962962963,0.8722490606548577,2.147074610842727,9.77589908749329,2.01959205582394,,0.49651100375738055,,
108,7.494632313472893,18.84728931830381,35.198604401502955,3.7238325281803544,19.37734836285561,0.9326355340848095,2.147074610842727,9.762479871175524,2.01959205582394,,0.49651100375738055,,
109,7.447665056360709,18.5654857756307,34.655126140633385,4.455179817498658,19.135802469135804,1.0534084809447128,2.147074610842727,9.762479871175524,2.281266774020397,,0.49651100375738055,,
110,6.964573268921095,18.377616747181964,41.324476650563604,5.092592592592593,14.338432635534085,1.0064412238325282,1.8384326355340848,8.870101986044014,1.724369296833065,,0.46296296296296297,,
111,6.642512077294686,18.364197530864196,45.22275899087493,4.62962962962963,11.855877616747183,0.8118625872249061,1.4761137949543746,8.735909822866345,1.6774020397208802,,0.5837359098228664,,
112,6.662640901771336,18.364197530864196,44.598765432098766,5.3274288781535155,11.849168008588299,0.7648953301127214,1.4626945786366077,8.709071390230811,1.6774020397208802,,0.5837359098228664,,
113,6.6760601180891035,18.075684380032207,44.41089640365003,5.3274288781535155,11.761943102522812,0.7648953301127214,1.4626945786366077,8.641975308641975,2.2946859903381642,,0.5837359098228664,,
114,6.743156199677939,18.075684380032207,44.32367149758454,5.3274288781535155,11.735104669887278,0.785024154589372,1.4895330112721417,8.641975308641975,2.2946859903381642,,0.5837359098228664,,
115,6.790123456790123,18.075684380032207,44.20960815888352,5.3274288781535155,11.634460547504025,0.8521202361782072,1.5901771336553945,8.641975308641975,2.2946859903381642,,0.5837359098228664,,
116,6.850509930220075,18.075684380032207,44.03515834675255,5.3274288781535155,11.634460547504025,0.8252818035426731,1.737788513150832,8.608427267847558,2.2946859903381642,,0.6105743424584005,,
117,6.944444444444445,17.753623188405797,43.525228126677405,6.0587761674718195,11.634460547504025,0.8252818035426731,1.737788513150832,8.581588835212024,2.328234031132582,,0.6105743424584005,,
118,6.984702093397746,17.49194847020934,43.47155126140633,6.340579710144928,11.634460547504025,0.8252818035426731,1.737788513150832,8.57487922705314,2.328234031132582,,0.6105743424584005,,
119,7.125603864734299,17.485238862050455,43.364197530864196,6.300322061191626,11.60762211486849,0.8252818035426731,1.7444981213097155,8.541331186258722,2.328234031132582,,0.6776704240472357,,
120,7.051798174986581,17.478529253891573,42.77375201288245,6.280193236714976,11.58749329039184,0.8252818035426731,2.462426194310252,8.53462157809984,2.328234031132582,,0.6776704240472357,,
121,7.152442297369833,17.47181964573269,42.54562533548041,6.327160493827161,11.560654857756306,0.785024154589372,2.5496511003757383,8.68894256575416,2.328234031132582,,0.5904455179817498,,
122,7.192699946323135,17.398013955984972,42.49194847020934,6.400966183574879,11.506977992485238,0.785024154589372,2.6033279656468062,8.702361782071927,2.328234031132582,,0.5904455179817498,,
123,7.024959742351046,17.330917874396135,42.09608158883521,6.360708534621578,12.164519592055823,0.785024154589372,2.6301663982823404,8.68894256575416,2.328234031132582,,0.5904455179817498,,
124,7.118894256575416,17.297369833601717,42.03569511540526,6.333870101986044,12.164519592055823,0.8118625872249061,2.6637144390767578,8.655394524959743,2.328234031132582,,0.5904455179817498,,
125,7.179280730005368,17.297369833601717,41.948470209339774,6.333870101986044,12.144390767579173,0.798443370907139,2.7241009125067097,8.655394524959743,2.328234031132582,,0.5904455179817498,,
126,7.407407407407407,17.270531400966185,41.78073000536769,6.320450885668277,12.144390767579173,0.8588298443370908,2.657004830917874,8.655394524959743,2.314814814814815,,0.5904455179817498,,
127,7.548309178743962,17.16988727858293,41.75389157273215,6.380837359098229,12.144390767579173,0.8588298443370908,2.657004830917874,8.655394524959743,2.254428341384863,,0.5770263016639828,,
128,7.695920558239399,17.122920021470748,41.706924315619965,6.380837359098229,12.130971551261407,0.8588298443370908,2.657004830917874,8.641975308641975,2.227589908749329,,0.5770263016639828,,
129,7.776435856146001,17.082662372517444,41.659957058507786,6.380837359098229,12.110842726784755,0.8588298443370908,2.6838432635534084,8.641975308641975,2.227589908749329,,0.5770263016639828,,
130,7.87037037037037,17.028985507246375,41.44524959742351,6.380837359098229,12.104133118625873,1.0198604401502953,2.8650026838432634,8.507783145464305,2.200751476113795,,0.5770263016639828,,
131,7.957595276435856,17.028985507246375,41.38486312399356,6.360708534621578,12.104133118625873,1.0466988727858293,2.8650026838432634,8.474235104669887,2.200751476113795,,0.5770263016639828,,
132,8.09849704777241,16.948470209339774,41.33118625872249,6.347289318303811,12.104133118625873,1.0198604401502953,2.8918411164787976,8.474235104669887,2.2074610842726785,,0.5770263016639828,,
133,8.32662372517445,16.908212560386474,41.19028448738594,6.360708534621578,11.990069779924852,1.0198604401502953,2.8918411164787976,8.527911969940956,2.2074610842726785,,0.5770263016639828,,
134,8.353462157809984,16.908212560386474,40.693773483628554,6.340579710144928,11.949812130971551,1.0601180891035964,3.388352120236178,8.514492753623188,2.1940418679549114,0.020128824476650563,0.5770263016639828,,
135,8.561460010735374,16.867954911433173,40.57300053676865,6.320450885668277,11.922973698336017,1.0601180891035964,3.388352120236178,8.514492753623188,2.1940418679549114,0.020128824476650563,0.5770263016639828,,
136,8.454106280193237,16.59957058507783,40.29790660225443,6.3137412775093935,14.204240472356414,1.1943102522812667,3.5628019323671496,6.951154052603328,1.8585614600107354,0.020128824476650563,0.5434782608695652,,
137,8.55475040257649,16.51905528717123,40.24422973698336,6.347289318303811,14.056629092860977,1.3419216317767042,3.5628019323671496,6.951154052603328,1.8585614600107354,0.020128824476650563,0.5434782608695652,,
138,8.541331186258722,16.505636070853463,39.774557165861516,6.246645195920558,14.700751476113794,1.2949543746645196,3.5628019323671496,6.951154052603328,1.8585614600107354,0.020128824476650563,0.5434782608695652,,
139,8.61513687600644,16.431830381105744,39.70746108427268,6.233225979602791,14.694041867954912,1.3150831991411702,3.629898013955985,6.951154052603328,1.8585614600107354,0.020128824476650563,0.5434782608695652,,
140,7.930756843800322,15.378421900161031,41.35131508319914,6.427804616210413,14.694041867954912,1.3150831991411702,3.629898013955985,6.951154052603328,1.7579173376274826,0.020128824476650563,0.5434782608695652,,
141,7.729468599033816,15.277777777777779,46.13526570048309,6.360708534621578,12.761674718196458,1.2681159420289856,3.683574879227053,4.757112184648417,1.596886741814278,0.020128824476650563,0.4092860976918948,,
142,7.675791733762749,14.949006977992486,45.90713902308105,6.427804616210413,12.419484702093397,1.402308105206656,3.7037037037037037,5.548845947396672,1.5365002683843263,0.020128824476650563,0.4092860976918948,,
143,7.856951154052603,14.928878153515834,45.833333333333336,6.394256575415996,12.372517444981213,1.4358561460010735,3.6902844873859366,5.522007514761138,1.5365002683843263,0.020128824476650563,0.4092860976918948,,
144,7.924047235641439,14.9020397208803,45.799785292538914,6.421095008051529,12.365807836822329,1.4358561460010735,3.6768652710681695,5.508588298443371,1.5365002683843263,0.020128824476650563,0.4092860976918948,,
145,7.997852925389157,14.875201288244767,45.60520665593129,6.421095008051529,12.318840579710145,1.4358561460010735,3.8714439076757916,5.508588298443371,1.5365002683843263,0.020128824476650563,0.4092860976918948,,
146,8.085077831454644,14.848362855609233,45.410628019323674,6.387546967257112,12.318840579710145,1.4358561460010735,4.019055287171229,5.528717122920021,1.5365002683843263,0.020128824476650563,0.4092860976918948,,
147,8.152173913043478,14.727589908749328,45.34353193773484,6.387546967257112,13.003220611916264,1.4358561460010735,4.019055287171229,4.978529253891573,1.5230810520665594,0.020128824476650563,0.4092860976918948,,
148,8.205850778314547,14.700751476113794,45.29656468062265,6.394256575415996,12.949543746645196,1.4358561460010735,4.019055287171229,4.911433172302737,1.5230810520665594,0.020128824476650563,0.5434782608695652,,
149,8.219269994632313,14.700751476113794,45.289855072463766,6.394256575415996,12.949543746645196,1.4358561460010735,4.012345679012346,4.911433172302737,1.5230810520665594,0.020128824476650563,0.5434782608695652,,
150,8.36688137412775,14.700751476113794,45.22275899087493,6.394256575415996,12.795222758990874,1.4358561460010735,4.1129898013955986,4.884594739667204,1.5230810520665594,0.020128824476650563,0.5434782608695652,,
151,8.36688137412775,14.700751476113794,45.22275899087493,6.488191089640365,12.647611379495437,1.4358561460010735,4.1129898013955986,4.85775630703167,1.570048309178744,0.020128824476650563,0.5434782608695652,,0.03354804079441761
152,8.460815888352121,14.53972088030059,45.1556629092861,6.622383252818035,12.634192163177671,1.4358561460010735,4.139828234031133,4.8443370907139025,1.570048309178744,0.020128824476650563,0.5434782608695652,,0.03354804079441761
153,8.494363929146537,14.432367149758454,44.907407407407405,6.884057971014493,12.627482555018787,1.4358561460010735,4.186795491143317,4.8443370907139025,1.5901771336553945,0.020128824476650563,0.5434782608695652,,0.03354804079441761
154,8.561460010735374,14.184111647879764,44.880568974771876,6.696188942565755,12.587224906065487,1.4358561460010735,4.206924315619967,4.8443370907139025,2.006172839506173,0.020128824476650563,0.5434782608695652,,0.03354804079441761
155,8.61513687600644,14.150563607085346,44.47128287707998,6.662640901771336,12.573805689747719,1.4358561460010735,4.64975845410628,4.8376274825550185,2.006172839506173,0.020128824476650563,0.5434782608695652,,0.03354804079441761
156,8.702361782071927,14.130434782608695,43.974771873322595,6.662640901771336,12.573805689747719,1.4358561460010735,5.045625335480408,4.8443370907139025,2.006172839506173,0.020128824476650563,0.5703166935050993,,0.03354804079441761
157,8.943907675791733,14.11701556629093,43.84057971014493,6.662640901771336,12.466451959205582,1.4224369296833066,5.0993022007514766,4.8443370907139025,1.9793344068706387,0.020128824476650563,0.5703166935050993,,0.03354804079441761
158,8.997584541062801,14.103596349973161,43.74664519592056,6.662640901771336,12.466451959205582,1.4224369296833066,5.186527106816962,4.810789049919484,1.9793344068706387,0.020128824476650563,0.5703166935050993,,0.03354804079441761
159,9.057971014492754,14.083467525496511,43.69296833064949,6.736446591519055,12.419484702093397,1.4090177133655395,5.186527106816962,4.810789049919484,1.9793344068706387,0.020128824476650563,0.5703166935050993,,0.03354804079441761
160,9.091519055287172,14.083467525496511,43.69296833064949,6.736446591519055,12.392646269457863,1.4358561460010735,5.159688674181428,4.804079441760601,1.9793344068706387,0.020128824476650563,0.5703166935050993,,0.03354804079441761
161,9.185453569511541,14.023081052066559,43.53193773483628,6.729736983360172,12.379227053140097,1.4895330112721417,5.307300053676865,4.804079441760601,1.9256575415995705,0.020128824476650563,0.5703166935050993,,0.03354804079441761
162,9.286097691894794,13.828502415458937,43.484970477724104,6.857219538378959,12.379227053140097,1.4895330112721417,5.3274288781535155,4.804079441760601,1.9256575415995705,0.020128824476650563,0.5636070853462157,,0.03354804079441761
163,9.447128287707997,13.801663982823403,43.39774557165862,6.796833064949007,12.352388620504563,1.402308105206656,5.307300053676865,4.891304347826087,1.9860440150295222,0.020128824476650563,0.5636070853462157,,0.03354804079441761
164,9.473966720343531,13.801663982823403,43.37090713902308,6.796833064949007,12.352388620504563,1.402308105206656,5.287171229200215,4.891304347826087,1.9860440150295222,0.020128824476650563,0.5636070853462157,,0.05367686527106817
165,9.64170692431562,13.774825550187868,43.16961889425657,6.8035426731078905,12.325550187869029,1.402308105206656,5.394524959742351,4.864465915190553,1.9860440150295222,0.020128824476650563,0.5636070853462157,,0.05367686527106817
166,9.688674181427805,13.774825550187868,42.86768652710682,6.729736983360172,12.29200214707461,1.442565754159957,5.119431025228127,5.495169082125604,1.9524959742351047,0.020128824476650563,0.5636070853462157,,0.05367686527106817
167,9.722222222222221,13.774825550187868,42.8341384863124,6.729736983360172,12.29200214707461,1.4694041867954912,5.092592592592593,5.495169082125604,1.9524959742351047,0.020128824476650563,0.5636070853462157,,0.05367686527106817
168,9.829575952764358,13.747987117552334,42.78046162104133,6.723027375201288,12.27187332259796,1.4694041867954912,5.092592592592593,5.46833064949007,1.9524959742351047,0.020128824476650563,0.5904455179817498,,0.05367686527106817
169,9.863123993558776,13.747987117552334,42.76033279656468,6.709608158883521,12.164519592055823,1.583467525496511,5.0858829844337095,5.46833064949007,1.9524959742351047,0.020128824476650563,0.5904455179817498,,0.05367686527106817
170,9.943639291465379,13.707729468599034,42.7133655394525,6.709608158883521,12.164519592055823,1.583467525496511,5.112721417069243,5.448201825013419,1.9524959742351047,0.020128824476650563,0.5904455179817498,,0.05367686527106817
171,10.030864197530864,13.6808910359635,42.612721417069245,6.709608158883521,12.164519592055823,1.583467525496511,5.139559849704777,5.428073000536768,1.9524959742351047,0.020128824476650563,0.6239935587761675,,0.05367686527106817
172,10.091250670960816,13.6808910359635,42.53891572732152,6.723027375201288,12.171229200214707,1.5767579173376274,5.139559849704777,5.428073000536768,1.9524959742351047,0.020128824476650563,0.6239935587761675,,0.05367686527106817
173,10.225442834138486,13.6808910359635,42.43827160493827,6.709608158883521,12.050456253354804,1.6170155662909287,5.199946323134729,5.428073000536768,1.9524959742351047,0.020128824476650563,0.6239935587761675,,0.05367686527106817
174,10.339506172839506,13.674181427804616,42.03569511540526,6.709608158883521,12.050456253354804,1.6170155662909287,5.522007514761138,5.407944176060118,1.9457863660762211,0.020128824476650563,0.6239935587761675,,0.05367686527106817
175,10.25228126677402,13.191089640365004,42.028985507246375,7.2933440687063875,12.02361782071927,1.6304347826086956,5.522007514761138,5.407944176060118,1.9524959742351047,0.020128824476650563,0.6239935587761675,,0.05367686527106817
176,10.225442834138486,13.177670424047236,40.304616210413315,7.266505636070853,13.81508319914117,1.6438539989264627,5.508588298443371,5.407944176060118,1.9524959742351047,0.020128824476650563,0.6239935587761675,,0.05367686527106817
177,10.185185185185185,12.00348899624262,40.163714439076756,6.266774020397209,13.808373590982287,1.6438539989264627,5.555555555555555,5.434782608695652,4.240472356414386,0.020128824476650563,0.6239935587761675,,0.05367686527106817
178,10.279119699409554,11.990069779924852,39.942297369833604,6.347289318303811,13.79495437466452,1.6438539989264627,5.6964573268921095,5.367686527106817,4.240472356414386,0.020128824476650563,0.6239935587761675,,0.05367686527106817
179,10.292538915727322,11.976650563607086,39.50617283950617,6.347289318303811,13.79495437466452,1.6438539989264627,6.132581857219538,5.367686527106817,4.240472356414386,0.020128824476650563,0.6239935587761675,,0.05367686527106817
180,10.426731078904991,11.969940955448202,39.439076757917334,6.333870101986044,13.687600644122384,1.6438539989264627,6.125872249060655,5.367686527106817,4.30756843800322,0.020128824476650563,0.6239935587761675,,0.05367686527106817
181,10.48040794417606,11.969940955448202,39.110305958132045,6.582125603864735,13.687600644122384,1.6438539989264627,6.152710681696189,5.367686527106817,4.30756843800322,0.020128824476650563,0.6239935587761675,,0.05367686527106817
182,10.61460010735373,11.956521739130435,38.81508319914117,6.508319914117015,13.539989264626946,1.6438539989264627,6.333870101986044,5.58239398819109,4.30756843800322,0.020128824476650563,0.6239935587761675,,0.05367686527106817
183,10.654857756307031,11.956521739130435,38.74127750939345,6.528448738593666,13.533279656468062,1.6438539989264627,6.327160493827161,5.60252281266774,4.280730005367687,0.020128824476650563,0.630703166935051,0.026838432635534086,0.05367686527106817
184,10.661567364465915,11.916264090177133,38.29844337090714,6.655931293612453,13.499731615673644,1.6572732152442298,6.286902844873859,6.025228126677402,4.26731078904992,0.020128824476650563,0.630703166935051,0.026838432635534086,0.05367686527106817
185,10.473698336017177,11.446591519055287,38.27160493827161,6.488191089640365,14.579978529253891,1.6304347826086956,6.273483628556092,5.864197530864198,4.240472356414386,0.020128824476650563,0.630703166935051,0.026838432635534086,0.05367686527106817
186,10.63472893183038,11.372785829307569,38.197799248523886,6.454643048845948,14.586688137412775,1.6371443907675791,6.266774020397209,5.844068706387547,4.240472356414386,0.020128824476650563,0.630703166935051,0.026838432635534086,0.08722490606548577
187,10.7085346215781,11.312399355877616,38.08373590982286,7.601986044015029,13.560118089103597,1.6371443907675791,6.246645195920558,5.844068706387547,4.240472356414386,0.020128824476650563,0.630703166935051,0.026838432635534086,0.08722490606548577
188,10.775630703166936,11.312399355877616,37.94283413848631,7.628824476650563,13.425925925925926,1.6371443907675791,6.447933440687064,5.844068706387547,4.2203435319377345,0.020128824476650563,0.630703166935051,0.026838432635534086,0.08722490606548577
189,10.84272678475577,11.312399355877616,37.875738056897475,7.628824476650563,13.425925925925926,1.6371443907675791,6.447933440687064,5.844068706387547,4.2203435319377345,0.020128824476650563,0.630703166935051,0.026838432635534086,0.08722490606548577
190,10.84272678475577,11.285560923242082,37.61406333870102,7.863660762211487,13.425925925925926,1.6371443907675791,6.515029522275899,5.83064949006978,4.2203435319377345,0.020128824476650563,0.630703166935051,0.026838432635534086,0.08722490606548577
191,10.909822866344605,11.245303274288782,37.60735373054214,7.843531937734836,13.419216317767042,1.6170155662909287,6.541867954911433,5.83064949006978,4.2203435319377345,0.020128824476650563,0.630703166935051,0.026838432635534086,0.08722490606548577
192,10.93666129898014,11.238593666129898,37.60735373054214,7.823403113258186,13.419216317767042,1.6103059581320451,6.541867954911433,5.864197530864198,4.193505099302201,0.020128824476650563,0.630703166935051,0.026838432635534086,0.08722490606548577
193,10.970209339774557,11.225174449812132,37.5402576489533,7.7831454643048845,13.419216317767042,1.5365002683843263,6.575415995705851,5.991680085882985,4.193505099302201,0.020128824476650563,0.630703166935051,0.026838432635534086,0.08722490606548577
194,11.044015029522276,11.211755233494364,37.52012882447665,7.769726247987117,13.372249060654857,1.5633387010198605,6.575415995705851,5.984970477724101,4.193505099302201,0.020128824476650563,0.630703166935051,0.026838432635534086,0.08722490606548577
195,10.413311862587225,10.44015029522276,39.801395598497045,7.058507783145465,13.352120236178207,1.583467525496511,6.582125603864735,5.877616747181965,4.066022544283414,0.020128824476650563,0.6910896403650026,0.026838432635534086,0.08722490606548577
196,10.399892646269459,10.44015029522276,39.66720343531938,7.226247987117552,13.352120236178207,1.583467525496511,6.561996779388084,5.877616747181965,4.066022544283414,0.020128824476650563,0.6910896403650026,0.026838432635534086,0.08722490606548577
