,45,50,54,51,55,52,53,56,57
0,85.33279656468062,14.667203435319378,,,,,,,
1,82.13902308105207,17.860976918947934,,,,,,,
2,82.13902308105207,17.860976918947934,,,,,,,
3,80.07917337627482,19.920826623725173,,,,,,,
4,78.28099838969405,21.430488459473967,0.2885131508319914,,,,,,
5,77.87171229200214,21.83977455716586,0.2885131508319914,,,,,,
6,64.60681696188942,35.10466988727858,0.2885131508319914,,,,,,
7,63.70101986044015,32.44095544820183,0.2885131508319914,3.4621578099838968,0.10735373054213634,,,,
8,59.07139023081052,37.76167471819646,0.2885131508319914,2.771068169618894,0.10735373054213634,,,,
9,59.15861513687601,37.67444981213097,0.2885131508319914,2.771068169618894,0.10735373054213634,,,,
10,59.252549651100374,37.5805152979066,0.2885131508319914,2.771068169618894,0.10735373054213634,,,,
11,59.33977455716586,37.493290391841114,0.2885131508319914,2.771068169618894,0.10735373054213634,,,,
12,50.436124530327426,46.4975845410628,0.2885131508319914,2.6704240472356413,0.10735373054213634,,,,
13,41.41170155662909,42.70665593129361,0.2885131508319914,15.485775630703166,0.10735373054213634,,,,
14,41.63311862587225,42.51878690284487,0.2885131508319914,15.45222758990875,0.10735373054213634,,,,
15,41.686795491143315,40.94202898550725,0.2885131508319914,14.673913043478262,0.10735373054213634,2.301395598497048,,,
16,38.64734299516908,43.25684380032206,0.2885131508319914,15.418679549114332,0.10735373054213634,2.281266774020397,,,
17,32.52818035426731,40.365002683843265,0.2885131508319914,20.068438003220614,2.7442297369833604,4.005636070853462,,,
18,27.120236178207193,46.02120236178207,0.28180354267310787,19.860440150295222,2.7106816961889426,4.005636070853462,,,
19,20.759527643585614,41.606280193236714,,30.038915727321523,0.9460547504025765,5.984970477724101,0.6642512077294686,,
20,19.484702093397747,49.89935587761675,,23.711755233494365,0.9460547504025765,5.958132045088567,,,
21,17.59259259259259,40.47906602254428,,36.882716049382715,0.8387010198604401,4.206924315619967,,,
22,17.773752012882447,36.37278582930757,,34.44041867954911,0.8387010198604401,4.206924315619967,6.367418142780462,,
23,18.08239398819109,35.158346752549654,,34.245840042941495,1.9793344068706387,4.186795491143317,6.347289318303811,,
24,13.043478260869565,27.274557165861513,,47.779119699409556,1.9793344068706387,3.5762211486849167,6.347289318303811,,
25,13.378958668813741,27.214170692431562,,47.57112184648417,1.9524959742351047,3.5762211486849167,6.3070316693505095,,
26,11.43317230273752,24.315619967793882,,52.39533011272142,2.0531400966183573,3.549382716049383,6.253354804079442,,
27,11.621041331186259,24.255233494363928,,52.26784755770263,2.0531400966183573,3.549382716049383,6.253354804079442,,
28,12.090713902308105,24.10091250670961,,51.952495974235106,2.0531400966183573,3.549382716049383,6.253354804079442,,
29,12.338969404186795,24.053945249597422,,51.75791733762748,2.0531400966183573,3.549382716049383,6.246645195920558,,
30,12.325550187869029,23.96672034353194,,53.86473429951691,2.0531400966183573,3.5292538915727323,4.260601180891036,,
31,12.640901771336553,23.93317230273752,,53.48228663446055,2.033011272141707,3.5292538915727323,4.38137412775094,,
32,12.600644122383253,22.785829307568438,,48.16156736446592,1.4492753623188406,10.621309715512615,4.38137412775094,,
33,11.741814278046162,24.08078368223296,,47.765700483091784,1.4492753623188406,10.59447128287708,4.367954911433173,,
34,12.204777241009126,23.95330112721417,,47.61137949543747,1.3352120236178207,10.527375201288244,4.367954911433173,,
35,12.506709608158884,23.91304347826087,,47.376543209876544,1.3352120236178207,10.50053676865271,4.367954911433173,,
36,8.641975308641975,30.636070853462158,2.15378421900161,42.03569511540526,1.1540526033279657,12.164519592055823,3.2139023081052067,,
37,8.856682769726248,30.575684380032207,2.15378421900161,41.92163177670424,1.133923778851315,12.151100375738057,3.207192699946323,,
38,9.286097691894794,30.293880837359097,2.15378421900161,41.7740203972088,1.133923778851315,12.151100375738057,3.207192699946323,,
39,9.561191626409018,30.193236714975846,2.15378421900161,41.680085882984436,1.133923778851315,12.097423510466989,3.180354267310789,,
40,9.078099838969404,26.32850241545894,2.1269457863660763,49.664519592055825,1.556629092860977,8.132045088566828,3.113258185721954,,
41,9.192163177670425,23.65136876006441,2.1269457863660763,46.53113258185722,1.556629092860977,11.178207192699947,5.763553408480945,,
42,9.594739667203436,23.49033816425121,2.1269457863660763,46.3768115942029,1.556629092860977,11.124530327428879,5.730005367686527,,
43,7.246376811594203,18.5654857756307,2.1269457863660763,51.878690284487384,2.4020397208803006,11.07085346215781,6.709608158883521,,
44,7.440955448201825,18.511808910359633,2.1269457863660763,51.73778851315083,2.4020397208803006,11.07085346215781,6.709608158883521,,
45,7.763016639828234,18.397745571658614,2.1068169618894257,49.8792270531401,2.4020397208803006,10.997047772410092,8.454106280193237,,
46,7.957595276435856,18.377616747181964,2.1068169618894257,48.98684916800859,3.166935050993022,10.950080515297907,8.454106280193237,,
47,7.950885668276973,18.344068706387546,2.1068169618894257,47.376543209876544,3.166935050993022,10.305958132045088,10.50053676865271,0.24825550187869028,
48,8.272946859903382,18.223295759527645,2.1068169618894257,47.235641438539986,3.166935050993022,10.305958132045088,10.44015029522276,0.24825550187869028,
49,8.3467525496511,18.169618894256576,3.4286097691894795,45.94068706387547,3.1468062265163717,10.305958132045088,10.413311862587225,0.24825550187869028,
50,8.440687063875469,18.095813204508858,4.8443370907139025,45.22275899087493,3.1468062265163717,9.64170692431562,10.359634997316157,0.24825550187869028,
51,7.541599570585078,16.190284487385938,4.777241009125067,46.92699946323135,2.871712292002147,10.970209339774557,10.453569511540525,0.2683843263553409,
52,7.75630703166935,16.163446054750402,4.750402576489533,46.846484165324746,2.871712292002147,10.943370907139023,10.399892646269459,0.2683843263553409,
53,8.064949006977992,16.022544283413847,4.750402576489533,46.57139023081052,2.871712292002147,10.916532474503489,10.399892646269459,0.4025764895330113,
54,8.319914117015566,15.96886741814278,4.750402576489533,46.41035963499731,2.885131508319914,10.916532474503489,10.34621578099839,0.4025764895330113,
55,8.55475040257649,15.915190552871712,4.750402576489533,46.27616747181965,2.85829307568438,10.916532474503489,10.326086956521738,0.4025764895330113,
56,8.943907675791733,15.901771336553946,4.750402576489533,45.99436392914654,2.85829307568438,10.896403650026839,10.25228126677402,0.4025764895330113,
57,8.36688137412775,13.821792807300053,4.005636070853462,52.15378421900161,3.166935050993022,7.877079978529254,10.205314009661835,0.4025764895330113,
58,8.219269994632313,11.688137412775093,8.55475040257649,50.415995705850776,3.166935050993022,7.863660762211487,9.688674181427805,0.4025764895330113,
59,8.373590982286634,11.66129898013956,8.55475040257649,50.30864197530864,3.166935050993022,7.843531937734836,9.688674181427805,0.4025764895330113,
60,8.769457863660762,11.66129898013956,8.420558239398819,50.18786902844874,3.166935050993022,7.716049382716049,9.675254965110037,0.4025764895330113,
61,8.715780998389693,11.647879763821793,8.373590982286634,44.35050993022008,1.9457863660762211,14.969135802469136,9.594739667203436,0.4025764895330113,
62,9.151905528717123,11.621041331186259,8.239398819108963,44.22302737520129,1.9457863660762211,14.861782071927,9.554482018250134,0.4025764895330113,
63,9.306226516371444,11.60762211486849,8.239398819108963,44.14922168545357,1.9256575415995705,14.828234031132581,9.541062801932368,0.4025764895330113,
64,9.789318303811058,11.52710681696189,7.548309178743962,43.41787439613527,1.892109500805153,15.895061728395062,9.433709071390231,0.49651100375738055,
65,9.856414385399892,11.18491680085883,6.488191089640365,43.31052066559313,1.892109500805153,20.001341921631777,6.9243156199677935,0.3421900161030596,
66,8.675523349436393,10.091250670960816,5.763553408480945,50.38244766505636,0.9393451422436929,19.612184648416534,4.193505099302201,0.3421900161030596,
67,9.064680622651638,10.044283413848632,5.709876543209877,50.19457863660762,0.9393451422436929,19.538378958668815,4.166666666666667,0.3421900161030596,
68,9.648416532474503,9.601449275362318,5.709876543209877,50.07380568974772,0.9393451422436929,19.524959742351047,4.166666666666667,0.33548040794417605,
69,9.91009125067096,9.541062801932368,6.870638754696726,48.772141706924316,0.9393451422436929,19.464573268921097,4.166666666666667,0.33548040794417605,
70,10.36634460547504,9.39345142243693,6.850509930220075,48.51717659688674,0.9393451422436929,19.43773483628556,4.159957058507783,0.33548040794417605,
71,10.534084809447128,9.39345142243693,6.850509930220075,48.45679012345679,0.9393451422436929,19.330381105743424,4.159957058507783,0.33548040794417605,
72,10.285829307568438,6.9310252281266775,6.850509930220075,51.670692431561996,0.38915727321524424,18.50509930220075,5.032206119162641,0.33548040794417605,
73,10.735373054213634,6.9310252281266775,6.823671497584541,51.36205045625336,0.38915727321524424,17.371175523349436,5.032206119162641,1.3553408480944713,
74,11.044015029522276,6.8035426731078905,6.823671497584541,50.919216317767045,0.38915727321524424,18.38432635534085,4.280730005367687,1.3553408480944713,
75,11.144659151905529,6.494900697799249,6.823671497584541,50.456253354804076,0.38915727321524424,19.37734836285561,3.9586688137412773,1.3553408480944713,
76,10.943370907139023,6.347289318303811,6.796833064949007,51.36205045625336,0.38915727321524424,18.867418142780462,3.9452495974235107,1.3486312399355878,
77,10.929951690821255,6.347289318303811,5.3274288781535155,50.82528180354267,0.38915727321524424,17.270531400966185,7.118894256575416,1.7914653784219001,
78,11.057434245840042,5.441492216854535,6.910896403650026,50.09393451422437,0.3824476650563607,17.216854535695116,7.105475040257649,1.7914653784219001,
79,11.272141706924316,5.428073000536768,6.89747718733226,49.953032742887814,0.3824476650563607,17.196725711218466,7.078636607622115,1.7914653784219001,
80,11.392914653784219,5.401234567901234,6.89747718733226,49.3894256575416,0.8722490606548577,17.176596886741816,7.078636607622115,1.7914653784219001,
81,9.359903381642512,4.26731078904992,6.89747718733226,61.902844873859365,0.2683843263553409,12.04374664519592,3.5963499731615673,1.6639828234031133,
82,9.668545356951155,4.26731078904992,7.434245840042942,61.09769189479334,0.2683843263553409,12.010198604401502,3.5963499731615673,1.6572732152442298,
83,10.124798711755233,4.253891572732153,7.434245840042942,60.89640365002684,0.2683843263553409,11.808910359634996,3.5829307568438002,1.6304347826086956,
84,10.507246376811594,4.247181964573269,7.4006977992485234,60.53408480944713,0.2683843263553409,11.741814278046162,3.556092324208266,1.7444981213097155,
85,10.735373054213634,4.159957058507783,7.326892109500805,59.82957595276436,0.9594739667203436,11.688137412775093,3.556092324208266,1.7444981213097155,
86,11.044015029522276,4.159957058507783,7.273215244229737,59.6081588835212,1.7981749865807837,10.983628556092324,3.388352120236178,1.7444981213097155,
87,11.231884057971014,4.159957058507783,7.273215244229737,59.447128287708,1.7981749865807837,10.963499731615673,3.3816425120772946,1.7444981213097155,
88,11.33923778851315,4.066022544283414,8.3467525496511,58.72920021470746,1.5633387010198605,10.93666129898014,3.2742887815351582,1.7444981213097155,
89,11.621041331186259,4.045893719806763,8.333333333333334,58.07836822329576,1.5633387010198605,10.909822866344605,3.2742887815351582,2.1739130434782608,
90,11.117820719269995,3.670155662909286,8.038110574342458,55.87761674718197,1.5633387010198605,14.741009125067096,3.2742887815351582,1.7176596886741815,
91,10.950080515297907,3.3480944712828773,8.017981749865807,56.97128287707998,1.5633387010198605,14.163982823403114,3.2675791733762747,1.7176596886741815,
92,11.11111111111111,3.3413848631239937,7.971014492753623,56.89747718733226,1.5633387010198605,14.150563607085346,3.2474503488996245,1.7176596886741815,
93,11.399624261943103,3.321256038647343,7.957595276435856,56.78341384863124,1.5633387010198605,14.009661835748792,3.2474503488996245,1.7176596886741815,
94,11.761943102522812,3.321256038647343,7.856951154052603,56.58883521202362,1.5633387010198605,13.942565754159958,3.2474503488996245,1.7176596886741815,
95,12.110842726784755,3.3011272141706924,7.830112721417069,56.25335480407944,1.6774020397208802,13.875469672571121,3.2340311325818574,1.7176596886741815,
96,12.332259796027913,3.3011272141706924,7.809983896940419,56.105743424584006,1.6774020397208802,13.83521202361782,3.2206119162640903,1.7176596886741815,
97,10.292538915727322,2.985775630703167,7.387278582930757,60.83601717659689,1.6774020397208802,11.949812130971551,3.2206119162640903,1.6505636070853462,
98,10.695115405260333,2.9388083735909825,7.387278582930757,60.527375201288244,1.6774020397208802,11.922973698336017,3.2206119162640903,1.6304347826086956,
99,10.762211486849168,2.9052603327965647,7.387278582930757,56.76999463231347,1.8115942028985508,15.5126140633387,3.2206119162640903,1.6304347826086956,
100,11.003757380568974,2.9052603327965647,7.387278582930757,56.66935050993022,1.778046162104133,15.411969940955448,3.2206119162640903,1.6237251744498122,
101,11.406333870101985,2.9052603327965647,7.37385936661299,55.49516908212561,1.710950080515298,15.28448738593666,3.2206119162640903,2.6033279656468062,
102,10.44015029522276,2.9052603327965647,7.856951154052603,59.45383789586688,1.710950080515298,12.29200214707461,3.2206119162640903,2.120236178207193,
103,10.7085346215781,2.898550724637681,7.856951154052603,59.21229200214707,1.710950080515298,12.29200214707461,3.2004830917874396,2.120236178207193,
104,10.789049919484702,2.898550724637681,7.856951154052603,58.28636607622115,2.5966183574879227,12.27187332259796,3.1870638754696725,2.1135265700483092,
105,11.117820719269995,2.898550724637681,7.823403113258186,58.051529790660226,2.5831991411701556,12.224906065485776,3.1870638754696725,2.1135265700483092,
106,11.171497584541063,2.8650026838432634,7.461084272678476,56.48148148148148,4.1532474503489,12.177938808373591,3.1870638754696725,2.5026838432635534,
107,9.997316156736447,2.771068169618894,7.1725711218464845,62.09742351046699,4.1532474503489,7.742887815351583,4.0995705850778315,1.9659151905528718,
108,10.285829307568438,2.771068169618894,7.1658615136876005,61.12453032742888,4.260601180891036,7.742887815351583,4.066022544283414,2.5831991411701556,
109,10.534084809447128,2.7442297369833604,7.152442297369833,60.94337090713902,4.247181964573269,7.729468599033816,4.066022544283414,2.5831991411701556,
110,10.151637144390767,2.7442297369833604,7.14573268921095,61.99677938808374,4.247181964573269,7.112184648416532,4.032474503488996,2.5697799248523885,
111,10.071121846484166,2.657004830917874,7.454374664519592,62.775093934514224,4.240472356414386,7.011540526033279,4.019055287171229,1.7713365539452497,
112,10.399892646269459,2.6435856146001075,7.4141170155662905,62.533548040794415,4.240472356414386,6.977992485238862,4.019055287171229,1.7713365539452497,
113,10.748792270531402,2.6435856146001075,7.4006977992485234,62.25845410628019,4.180085882984434,6.977992485238862,4.019055287171229,1.7713365539452497,
114,10.997047772410092,2.623456790123457,9.044551798174986,60.581052066559316,4.180085882984434,6.944444444444445,4.019055287171229,1.6103059581320451,
115,11.3191089640365,2.623456790123457,8.984165324745035,60.36634460547504,4.166666666666667,6.944444444444445,3.9855072463768115,1.6103059581320451,
116,9.5276435856146,2.61003757380569,7.64224369296833,65.88164251207729,4.03918411164788,5.656199677938808,3.5762211486849167,1.06682769726248,
117,9.621578099838969,2.61003757380569,7.64224369296833,65.81454643048846,4.03918411164788,5.629361245303274,3.5762211486849167,1.06682769726248,
118,10.00402576489533,2.61003757380569,7.494632313472893,65.25764895330113,4.851046698872786,5.273752012882448,3.4420289855072466,1.06682769726248,
119,10.131508319914117,2.61003757380569,7.481213097155126,64.12372517444982,4.851046698872786,4.99194847020934,4.87788513150832,0.9326355340848095,
120,10.46027911969941,2.61003757380569,7.440955448201825,63.94256575415996,4.783950617283951,4.951690821256038,4.87788513150832,0.9326355340848095,
121,10.876274825550189,2.61003757380569,7.367149758454106,62.6610305958132,4.783950617283951,4.951690821256038,4.87788513150832,1.8719806763285025,
122,11.312399355877616,2.5966183574879227,7.320182501341922,62.3792270531401,4.696725711218465,4.944981213097155,4.87788513150832,1.8719806763285025,
123,11.60762211486849,2.5966183574879227,7.37385936661299,62.07058507783145,4.696725711218465,4.931561996779388,4.864465915190553,1.8585614600107354,
124,11.171497584541063,2.2074610842726785,7.461084272678476,57.60198604401503,4.388083735909823,3.9184111647879765,11.392914653784219,1.8585614600107354,
125,11.466720343531938,2.1604938271604937,7.440955448201825,57.29334406870639,4.4753086419753085,3.9184111647879765,11.392914653784219,1.8518518518518519,
126,11.641170155662909,2.147074610842727,7.440955448201825,57.19269994632314,4.4753086419753085,3.9184111647879765,11.33923778851315,1.8451422436929683,
127,11.77536231884058,2.147074610842727,7.4141170155662905,57.10547504025765,4.468599033816425,3.9049919484702094,11.33923778851315,1.8451422436929683,
128,12.130971551261407,2.147074610842727,7.4141170155662905,56.857219538378956,4.40150295222759,3.8848631239935587,11.3191089640365,1.8451422436929683,
129,12.06387546967257,2.147074610842727,7.4141170155662905,55.75684380032206,4.40150295222759,6.105743424584004,10.265700483091788,1.8451422436929683,
130,12.446323134728932,2.1068169618894257,7.380568974771873,54.36124530327429,5.689747718733226,6.078904991948471,10.091250670960816,1.8451422436929683,
131,12.647611379495437,2.1068169618894257,7.37385936661299,54.220343531937736,5.656199677938808,6.078904991948471,10.071121846484166,1.8451422436929683,
132,12.989801395598498,2.1068169618894257,7.340311325818572,54.099570585077835,5.542136339237788,6.072195383789587,10.017444981213098,1.8317230273752012,
133,13.117283950617283,2.1068169618894257,7.326892109500805,53.98550724637681,5.542136339237788,6.072195383789587,10.017444981213098,1.8317230273752012,
134,13.331991411701557,2.1068169618894257,7.326892109500805,53.7037037037037,5.528717122920021,6.038647342995169,9.98389694041868,1.9793344068706387,
135,12.895866881374127,2.086688137412775,6.743156199677939,43.927804616210416,7.521470746108427,15.123456790123457,9.930220075147611,1.7713365539452497,
136,13.16425120772947,2.086688137412775,6.743156199677939,43.72651637144391,7.514761137949543,15.11003757380569,9.883252818035427,1.7713365539452497,
137,13.506441223832528,2.086688137412775,6.635802469135802,43.585614600107355,7.4208266237251745,15.11003757380569,9.883252818035427,1.7713365539452497,
138,13.513150831991412,1.6505636070853462,7.98443370907139,43.203166935050994,7.065217391304348,14.928878153515834,9.883252818035427,1.7713365539452497,
139,13.882179280730005,1.6505636070853462,7.977724100912507,43.02871712292002,7.018250134192163,14.868491680085883,9.802737520128824,1.7713365539452497,
140,14.184111647879764,1.6505636070853462,7.977724100912507,42.84084809447128,6.964573268921095,14.834943639291465,9.802737520128824,1.7444981213097155,
141,14.754428341384862,1.6237251744498122,7.883789586688137,42.58588298443371,6.944444444444445,14.794685990338165,9.695383789586689,1.7176596886741815,
142,15.049651100375739,1.6237251744498122,7.803274288781535,42.47852925389157,6.944444444444445,14.74771873322598,9.634997316156737,1.7176596886741815,
143,15.277777777777779,1.6103059581320451,7.803274288781535,42.330917874396135,6.91760601180891,14.727589908749328,9.614868491680086,1.7176596886741815,
144,15.445517981749866,1.6103059581320451,7.763016639828234,42.25711218464841,6.904186795491143,14.687332259796028,9.614868491680086,1.7176596886741815,
145,15.747450348899624,1.6103059581320451,7.7361782071927,42.08266237251745,6.89747718733226,14.640365002683843,9.567901234567902,1.7176596886741815,
146,15.881642512077295,1.6103059581320451,7.7361782071927,41.86124530327429,6.884057971014493,14.626945786366075,9.567901234567902,1.8317230273752012,
147,13.754696725711218,1.6103059581320451,6.501610305958132,45.52469135802469,6.810252281266774,14.452495974235104,9.561191626409018,1.7847557702630166,
148,13.848631239935587,1.6103059581320451,6.501610305958132,45.4374664519592,6.877348362855609,14.452495974235104,9.520933977455716,1.751207729468599,
149,13.446054750402576,0.8655394524959742,4.609500805152979,48.68491680085883,6.689479334406871,14.412238325281804,9.541062801932368,1.751207729468599,
150,12.332259796027913,0.8655394524959742,4.522275899087493,53.83118625872249,5.884326355340848,11.654589371980677,9.420289855072463,1.4895330112721417,
151,9.71551261406334,0.17444981213097155,2.898550724637681,44.83360171765969,5.374396135265701,26.56333870101986,9.29951690821256,1.0064412238325282,0.13419216317767044
152,10.00402576489533,0.17444981213097155,2.8650026838432634,44.67257112184648,5.22007514761138,26.40901771336554,9.514224369296834,1.0064412238325282,0.13419216317767044
153,10.272410091250672,0.17444981213097155,2.8650026838432634,44.498121309715515,5.199946323134729,26.221148684916802,9.494095544820183,1.0064412238325282,0.2683843263553409
154,10.487117552334944,0.17444981213097155,2.8650026838432634,43.545356951154055,5.065754159957058,26.167471819645733,9.420289855072463,2.006172839506173,0.2683843263553409
155,9.66183574879227,0.17444981213097155,2.5429414922168547,40.915190552871714,5.065754159957058,26.04669887278583,13.345410628019323,1.9793344068706387,0.2683843263553409
156,9.957058507783145,0.17444981213097155,2.5429414922168547,40.80112721417069,4.978529253891573,25.979602791196996,13.318572195383789,1.9793344068706387,0.2683843263553409
157,10.473698336017177,0.17444981213097155,2.5429414922168547,40.673644659151904,4.9718196457326895,25.63070316693505,13.318572195383789,1.9457863660762211,0.2683843263553409
158,10.748792270531402,0.17444981213097155,2.5429414922168547,40.5931293612453,4.944981213097155,25.5703166935051,13.217928073000536,1.9390767579173376,0.2683843263553409
159,11.11111111111111,0.17444981213097155,2.5429414922168547,39.78797638217928,4.944981213097155,25.5703166935051,13.144122383252817,2.4557165861513686,0.2683843263553409
160,11.56736446591519,0.17444981213097155,2.5429414922168547,39.49946323134729,4.944981213097155,25.49651100375738,13.050187869028449,2.4557165861513686,0.2683843263553409
161,11.949812130971551,0.15432098765432098,2.5429414922168547,39.30488459473967,6.112453032742888,25.275093934514224,11.936392914653783,2.4557165861513686,0.2683843263553409
162,12.29200214707461,0.15432098765432098,2.522812667740204,39.09688674181428,6.072195383789587,25.207997852925388,11.936392914653783,2.4490069779924855,0.2683843263553409
163,12.587224906065487,0.15432098765432098,3.9184111647879765,38.21121846484165,5.5689747718733225,25.127482555018787,11.721685453569512,2.442297369833602,0.2683843263553409
164,12.104133118625873,0.15432098765432098,4.522275899087493,39.720880300590444,5.528717122920021,24.04723564143854,11.721685453569512,1.932367149758454,0.2683843263553409
165,12.426194310252281,0.15432098765432098,4.455179817498658,39.46591519055287,5.522007514761138,23.96672034353194,11.721685453569512,2.01959205582394,0.2683843263553409
166,12.593934514224369,0.15432098765432098,4.435050993022007,39.351851851851855,5.522007514761138,23.832528180354267,11.681427804616211,2.1604938271604937,0.2683843263553409
167,12.801932367149758,0.15432098765432098,4.435050993022007,38.909017713365536,5.522007514761138,23.79898013955985,11.681427804616211,2.428878153515835,0.2683843263553409
168,13.191089640365004,0.15432098765432098,3.9318303811057436,38.58695652173913,5.293880837359098,25.006709608158882,11.097691894793345,2.3617820719269993,0.3757380568974772
169,13.331991411701557,0.15432098765432098,3.569511540526033,38.519860440150296,5.293880837359098,22.879763821792807,13.519860440150294,2.3550724637681157,0.3757380568974772
170,12.681159420289855,0.15432098765432098,3.569511540526033,42.77375201288245,5.166398282340311,20.477724100912507,12.640901771336553,2.2946859903381642,0.24154589371980675
171,12.895866881374127,0.15432098765432098,3.3816425120772946,42.54562533548041,5.226784755770263,20.933977455716587,12.325550187869029,2.2946859903381642,0.24154589371980675
172,13.123993558776167,0.15432098765432098,3.3548040794417604,42.43827160493827,5.226784755770263,20.90042941492217,12.265163714439076,2.2946859903381642,0.24154589371980675
173,13.16425120772947,0.14090177133655393,3.3548040794417604,43.18974771873322,6.078904991948471,19.639023081052066,11.902844873859367,2.2879763821792807,0.24154589371980675
174,13.674181427804616,0.14090177133655393,3.3279656468062266,42.914653784219,6.0654857756307035,19.538378958668815,11.842458400429415,2.254428341384863,0.24154589371980675
175,13.989533011272142,0.14090177133655393,3.3011272141706924,42.7133655394525,6.025228126677402,19.49141170155663,11.842458400429415,2.254428341384863,0.24154589371980675
176,14.392109500805153,0.14090177133655393,3.2742887815351582,42.411433172302736,6.025228126677402,19.444444444444443,11.81561996779388,2.254428341384863,0.24154589371980675
177,14.76784755770263,0.13419216317767044,3.2675791733762747,42.13633923778851,5.978260869565218,19.41760601180891,11.808910359634996,2.24771873322598,0.24154589371980675
178,14.942297369833602,0.13419216317767044,3.2675791733762747,42.049114331723025,5.958132045088567,19.350509930220074,11.808910359634996,2.24771873322598,0.24154589371980675
179,14.875201288244767,0.13419216317767044,3.2675791733762747,43.51851851851852,4.918142780461621,19.135802469135804,11.79549114331723,2.24771873322598,0.10735373054213634
180,15.539452495974235,0.1274825550187869,3.2675791733762747,43.15619967793881,4.911433172302737,19.028448738593667,11.694847020933977,2.167203435319377,0.10735373054213634
181,15.83467525496511,0.1274825550187869,3.2675791733762747,42.90794417606012,4.871175523349437,18.92109500805153,11.641170155662909,2.3215244229736984,0.10735373054213634
182,16.659957058507782,0.1274825550187869,3.2675791733762747,42.43156199677939,4.871175523349437,18.370907139023082,11.540526033279656,2.623456790123457,0.10735373054213634
183,16.874664519592056,0.1274825550187869,3.260869565217391,42.14975845410628,4.864465915190553,18.310520665593128,11.540526033279656,2.7643585614600106,0.10735373054213634
184,17.03569511540526,0.1274825550187869,3.260869565217391,42.008856682769725,4.864465915190553,18.310520665593128,11.520397208803006,2.7643585614600106,0.10735373054213634
185,17.310789049919485,0.1274825550187869,3.2206119162640903,41.8142780461621,4.864465915190553,18.297101449275363,11.493558776167472,2.7643585614600106,0.10735373054213634
186,17.733494363929147,0.1274825550187869,3.2206119162640903,41.42512077294686,4.864465915190553,18.243424584004295,11.466720343531938,2.8113258185721954,0.10735373054213634
187,18.10252281266774,0.1274825550187869,3.2206119162640903,41.277509393451425,4.864465915190553,18.06226516371444,11.426462694578637,2.8113258185721954,0.10735373054213634
188,18.531937734836287,0.1274825550187869,3.1870638754696725,41.0426731078905,4.864465915190553,17.934782608695652,11.41304347826087,2.791196994095545,0.10735373054213634
189,18.71309715512614,0.1274825550187869,3.1870638754696725,40.98228663446055,4.85775630703167,17.921363392377884,11.312399355877616,2.791196994095545,0.10735373054213634
190,19.0150295222759,0.1274825550187869,3.1870638754696725,40.82125603864734,4.8376274825550185,17.800590445517983,11.312399355877616,2.791196994095545,0.10735373054213634
191,19.155931293612454,0.1274825550187869,3.1870638754696725,40.78770799785293,4.8376274825550185,17.767042404723565,11.245303274288782,2.7844873859366612,0.10735373054213634
192,19.410896403650028,0.1274825550187869,3.1333870101986045,40.734031132581855,4.8376274825550185,17.64626945786366,11.218464841653248,2.7844873859366612,0.10735373054213634
193,19.75979602791197,0.1274825550187869,3.1333870101986045,40.51932367149758,4.810789049919484,17.60601180891036,11.151368760064413,2.7844873859366612,0.10735373054213634
194,19.961084272678477,0.1274825550187869,3.1065485775630703,40.3918411164788,4.810789049919484,17.59259259259259,11.117820719269995,2.7844873859366612,0.10735373054213634
195,20.115405260332796,0.1274825550187869,3.0730005367686526,40.23081052066559,4.911433172302737,17.56575415995706,11.084272678475577,2.7844873859366612,0.10735373054213634
196,19.766505636070853,0.1274825550187869,3.0730005367686526,42.29736983360172,4.7168545356951155,16.203703703703702,10.923242082662373,2.7844873859366612,0.10735373054213634
197,19.223027375201287,0.1274825550187869,2.677133655394525,41.88137412775094,4.5893719806763285,15.619967793880837,13.003220611916264,2.771068169618894,0.10735373054213634
198,19.49141170155663,0.1274825550187869,2.6502952227589907,41.56602254428341,4.5893719806763285,15.619967793880837,12.962962962962964,2.885131508319914,0.10735373054213634
199,20.175791733762747,0.1274825550187869,2.6301663982823404,41.2842190016103,4.5893719806763285,15.445517981749866,12.775093934514224,2.8650026838432634,0.10735373054213634
200,20.417337627482556,0.12077294685990338,2.6301663982823404,41.156736446591516,4.5893719806763285,15.405260332796564,12.70799785292539,2.8650026838432634,0.10735373054213634
201,20.638754696725712,0.12077294685990338,2.6033279656468062,41.076221148684915,4.441760601180891,15.519323671497585,12.654320987654321,2.8381642512077296,0.10735373054213634
202,20.79307568438003,0.12077294685990338,2.6033279656468062,41.00912506709608,4.703435319377348,15.24422973698336,12.580515297906603,2.8381642512077296,0.10735373054213634
203,21.101717659688674,0.12077294685990338,2.5966183574879227,40.76757917337628,4.703435319377348,15.217391304347826,12.546967257112184,2.8381642512077296,0.10735373054213634
204,21.316425120772948,0.12077294685990338,3.9184111647879765,39.44578636607622,4.656468062265164,15.083199141170155,12.513419216317766,2.8381642512077296,0.10735373054213634
205,21.578099838969404,0.12077294685990338,3.9184111647879765,39.33843263553408,4.64975845410628,14.97584541062802,12.473161567364466,2.8381642512077296,0.10735373054213634
206,21.68545356951154,0.12077294685990338,3.9184111647879765,39.24449812130972,4.64975845410628,14.97584541062802,12.4597423510467,2.8381642512077296,0.10735373054213634
207,21.276167471819647,0.12077294685990338,3.9184111647879765,38.45276435856146,4.64975845410628,14.949006977992486,14.27133655394525,2.254428341384863,0.10735373054213634
208,21.537842190016104,0.12077294685990338,3.911701556629093,38.258185721953836,4.64975845410628,14.949006977992486,14.251207729468598,2.214170692431562,0.10735373054213634
209,21.920289855072465,0.12077294685990338,3.911701556629093,38.02334943639291,4.64975845410628,14.888620504562533,14.170692431561998,2.2074610842726785,0.10735373054213634
210,22.168545356951153,0.12077294685990338,3.911701556629093,37.9092860976919,4.64975845410628,14.868491680085883,14.076757917337627,2.187332259796028,0.10735373054213634
211,22.457058507783145,0.12077294685990338,3.911701556629093,37.78851315083199,4.616210413311863,14.821524422973699,14.009661835748792,2.167203435319377,0.10735373054213634
212,22.644927536231883,0.12077294685990338,3.8177670424047236,37.38593666129898,4.569243156199678,14.727589908749328,13.962694578636608,2.6637144390767578,0.10735373054213634
213,22.81266774020397,0.12077294685990338,3.797638217928073,37.29200214707461,4.569243156199678,14.680622651637144,13.955984970477724,2.6637144390767578,0.10735373054213634
214,23.141438539989263,0.12077294685990338,3.7640901771336552,37.11755233494364,4.49543746645196,14.660493827160494,13.935856146001074,2.657004830917874,0.10735373054213634
215,23.30246913580247,0.12077294685990338,3.750670960815888,36.85587761674718,4.49543746645196,14.640365002683843,13.90901771336554,2.818035426731079,0.10735373054213634
216,23.544015029522274,0.12077294685990338,3.750670960815888,36.68813741277509,4.468599033816425,14.63365539452496,13.868760064412239,2.818035426731079,0.10735373054213634
217,23.93317230273752,0.12077294685990338,3.6902844873859366,36.580783682232955,4.468599033816425,14.465915190552872,13.841921631776705,2.791196994095545,0.10735373054213634
218,23.946591519055286,0.12077294685990338,3.6902844873859366,36.3191089640365,4.468599033816425,14.42565754159957,14.472624798711756,2.4490069779924855,0.10735373054213634
219,23.577563070316693,0.12077294685990338,3.6902844873859366,35.32608695652174,4.468599033816425,15.821256038647343,14.439076757917338,2.4490069779924855,0.10735373054213634
220,23.96672034353194,0.12077294685990338,3.656736446591519,35.10466988727858,4.468599033816425,15.76086956521739,14.36527106816962,2.4490069779924855,0.10735373054213634
221,24.241814278046164,0.12077294685990338,3.5963499731615673,34.94363929146538,4.455179817498658,15.747450348899624,14.36527106816962,2.4221685453569513,0.10735373054213634
222,24.329039184111647,0.12077294685990338,3.5762211486849167,34.76247987117552,4.555823939881911,15.35829307568438,14.76784755770263,2.4221685453569513,0.10735373054213634
223,24.630971551261407,0.12077294685990338,3.5628019323671496,34.58803005904455,4.7168545356951155,15.297906602254429,14.553140096618357,2.4221685453569513,0.10735373054213634
224,24.859098228663445,0.12077294685990338,3.7238325281803544,34.326355340848096,4.636339237788513,15.277777777777779,14.53972088030059,2.408749329039184,0.10735373054213634
225,25.254965110037574,0.12077294685990338,3.7238325281803544,34.14519592055824,4.602791196994096,15.230810520665592,14.42565754159957,2.3886205045625335,0.10735373054213634
226,25.503220611916262,0.12077294685990338,3.7238325281803544,34.05126140633387,4.575952764358561,15.230810520665592,14.318303811057435,2.368491680085883,0.10735373054213634
227,25.845410628019323,0.12077294685990338,3.717122920021471,33.82984433709071,4.549114331723027,15.22410091250671,14.237788513150832,2.368491680085883,0.10735373054213634
228,26.1808910359635,0.12077294685990338,3.670155662909286,33.62855609232421,4.549114331723027,15.217391304347826,14.204240472356414,2.3215244229736984,0.10735373054213634
229,26.167471819645733,0.12077294685990338,3.670155662909286,32.17928073000537,4.42163177670424,16.847826086956523,14.163982823403114,2.3215244229736984,0.10735373054213634
230,26.382179280730007,0.12077294685990338,3.6366076221148687,32.098765432098766,4.42163177670424,16.78743961352657,14.123725174449811,2.3215244229736984,0.10735373054213634
231,26.704240472356414,0.12077294685990338,3.629898013955985,31.97799248523886,4.394793344068707,16.646537842190018,14.096886741814279,2.3215244229736984,0.10735373054213634
232,26.818303811057433,0.12077294685990338,3.7372517444981215,31.91760601180891,4.394793344068707,16.55931293612453,14.096886741814279,2.24771873322598,0.10735373054213634
233,26.939076757917338,0.12077294685990338,3.7372517444981215,31.85721953837896,4.394793344068707,16.51905528717123,14.096886741814279,2.227589908749329,0.10735373054213634
234,27.234299516908212,0.12077294685990338,3.7372517444981215,31.749865807836823,4.394793344068707,16.472088030059044,13.955984970477724,2.227589908749329,0.10735373054213634
235,27.254428341384862,0.12077294685990338,4.294149221685454,31.45464304884595,4.388083735909823,16.21712292002147,13.935856146001074,2.227589908749329,0.10735373054213634
236,27.690552871712292,0.12077294685990338,4.28743961352657,31.32716049382716,4.388083735909823,15.995705850778315,13.862050456253355,2.2208803005904456,0.10735373054213634
237,28.052871712292003,0.12077294685990338,4.253891572732153,31.092324208266238,4.388083735909823,15.94873859366613,13.821792807300053,2.214170692431562,0.10735373054213634
238,28.10654857756307,0.12077294685990338,4.253891572732153,31.0654857756307,4.388083735909823,15.94873859366613,13.79495437466452,2.214170692431562,0.10735373054213634
239,28.193773483628558,0.12077294685990338,4.240472356414386,31.04535695115405,4.374664519592056,15.921900161030596,13.781535158346752,2.214170692431562,0.10735373054213634
240,28.341384863123995,0.12077294685990338,4.2270531400966185,30.97826086956522,4.435050993022007,15.821256038647343,13.754696725711218,2.214170692431562,0.10735373054213634
241,28.509125067096083,0.12077294685990338,4.2270531400966185,30.9044551798175,4.428341384863124,15.767579173376275,13.727858293075684,2.2074610842726785,0.10735373054213634
242,28.60305958132045,0.12077294685990338,4.2270531400966185,30.857487922705314,4.428341384863124,15.767579173376275,13.694310252281268,2.1940418679549114,0.10735373054213634
243,28.710413311862588,0.12077294685990338,4.213633923778851,30.844068706387546,4.388083735909823,15.747450348899624,13.674181427804616,2.1940418679549114,0.10735373054213634
244,28.784219001610307,0.0939345142243693,4.200214707461084,30.743424584004295,4.522275899087493,15.707192699946322,13.674181427804616,2.167203435319377,0.10735373054213634
245,29.1935050993022,0.0939345142243693,4.186795491143317,30.52871712292002,4.522275899087493,15.633387010198604,13.580246913580247,2.15378421900161,0.10735373054213634
246,28.837895866881375,0.0939345142243693,4.180085882984434,30.454911433172303,4.522275899087493,16.881374127750938,12.76838432635534,2.15378421900161,0.10735373054213634
247,28.958668813741276,0.0939345142243693,4.180085882984434,30.367686527106816,4.522275899087493,16.861245303274288,12.754965110037574,2.15378421900161,0.10735373054213634
248,29.408212560386474,0.0939345142243693,4.166666666666667,30.327428878153516,4.502147074610843,16.59957058507783,12.640901771336553,2.15378421900161,0.10735373054213634
249,29.64975845410628,0.0939345142243693,4.1129898013955986,30.300590445517983,4.502147074610843,16.55931293612453,12.573805689747719,2.100107353730542,0.10735373054213634
250,29.924852388620504,0.0939345142243693,4.092860976918948,30.267042404723565,4.488727858293076,16.35131508319914,12.573805689747719,2.100107353730542,0.10735373054213634
251,29.542404723564143,0.0939345142243693,4.092860976918948,30.233494363929147,4.488727858293076,15.485775630703166,13.962694578636608,1.9927536231884058,0.10735373054213634
252,29.562533548040793,0.0939345142243693,4.086151368760064,29.931561996779386,4.723564143853999,15.445517981749866,14.090177133655395,1.9592055823939882,0.10735373054213634
253,29.770531400966185,0.0939345142243693,4.086151368760064,29.790660225442835,4.703435319377348,15.418679549114332,14.070048309178745,1.9592055823939882,0.10735373054213634
254,29.750402576489535,0.0939345142243693,4.086151368760064,29.502147074610843,5.059044551798175,15.385131508319914,13.935856146001074,2.0799785292538915,0.10735373054213634
255,29.562533548040793,0.0939345142243693,4.327697262479871,28.408480944712828,4.62962962962963,16.941760601180892,13.855340848094471,2.073268921095008,0.10735373054213634
256,29.78395061728395,0.0939345142243693,4.314278046162104,28.29441760601181,4.62962962962963,16.874664519592056,13.828502415458937,2.073268921095008,0.10735373054213634
257,29.931561996779386,0.0939345142243693,4.314278046162104,28.22061191626409,4.616210413311863,16.841116478797638,13.808373590982287,2.073268921095008,0.10064412238325282
258,30.139559849704778,0.0939345142243693,4.314278046162104,28.012614063338702,4.616210413311863,16.841116478797638,13.808373590982287,2.073268921095008,0.10064412238325282
259,30.16639828234031,0.0939345142243693,4.260601180891036,27.74422973698336,5.46833064949007,16.800858829844337,13.298443370907139,2.0665593129361244,0.10064412238325282
260,30.56226516371444,0.0939345142243693,4.253891572732153,27.697262479871174,5.4549114331723025,16.6532474503489,12.962962962962964,2.2208803005904456,0.10064412238325282
