,45,50,51,52,55,54,57,59,53,58,56,60,61,46
0,99.29549114331724,0.7045088566827697,,,,,,,,,,,,
1,98.84594739667203,1.1540526033279657,,,,,,,,,,,,
2,97.65163714439076,2.2074610842726785,0.14090177133655393,,,,,,,,,,,
3,97.29602791196994,2.563070316693505,0.14090177133655393,,,,,,,,,,,
4,96.60493827160494,3.2541599570585076,0.14090177133655393,,,,,,,,,,,
5,95.47101449275362,4.388083735909823,0.14090177133655393,,,,,,,,,,,
6,94.34380032206118,5.428073000536768,0.14090177133655393,0.08722490606548577,,,,,,,,,,
7,82.72275899087494,16.337895866881375,,0.08722490606548577,0.8521202361782072,,,,,,,,,
8,82.07863660762212,16.961889425657542,0.020128824476650563,0.08722490606548577,0.8521202361782072,,,,,,,,,
9,68.7265163714439,30.253623188405797,0.013419216317767043,0.08722490606548577,0.9192163177670424,,,,,,,,,
10,68.31052066559313,30.56226516371444,0.013419216317767043,0.08722490606548577,1.0265700483091786,,,,,,,,,
11,67.0558239398819,31.5552871712292,0.05367686527106817,0.08722490606548577,1.247987117552335,,,,,,,,,
12,62.13768115942029,35.75550187869028,0.05367686527106817,0.1878690284487386,1.865271068169619,,,,,,,,,
13,61.65458937198068,36.07756307031669,0.05367686527106817,0.1878690284487386,2.0263016639828235,,,,,,,,,
14,40.4320987654321,57.648953301127214,0.12077294685990338,0.17444981213097155,1.6237251744498122,,,,,,,,,
15,40.351583467525494,57.13231347289318,0.12077294685990338,0.17444981213097155,2.2208803005904456,,,,,,,,,
16,39.741009125067094,56.66264090177134,0.19457863660762212,1.1137949543746646,2.2879763821792807,,,,,,,,,
17,33.051529790660226,57.52147074610843,1.107085346215781,1.0735373054213635,2.167203435319377,4.938271604938271,0.040257648953301126,0.10064412238325282,,,,,,
18,32.085346215781,58.299785292538914,1.0869565217391304,1.0735373054213635,2.341653247450349,4.898013955984971,0.040257648953301126,0.14090177133655393,0.03354804079441761,,,,,
19,31.796833064949006,57.950885668276975,1.0869565217391304,1.06682769726248,2.6435856146001075,4.931561996779388,0.27509393451422437,0.14090177133655393,0.10735373054213634,,,,,
20,29.468599033816425,52.21417069243156,1.2546967257112185,10.077831454643048,2.6033279656468062,3.8580246913580245,0.27509393451422437,0.14090177133655393,0.10735373054213634,,,,,
21,28.207192699946322,51.48282340311326,6.944444444444445,6.139291465378422,2.844873859366613,3.8580246913580245,0.27509393451422437,0.14090177133655393,0.10735373054213634,,,,,
22,28.18035426731079,51.301663982823406,6.944444444444445,5.9514224369296835,3.052871712292002,4.086151368760064,0.23483628556092323,0.14090177133655393,0.10735373054213634,,,,,
23,28.039452495974235,51.09366612989801,6.944444444444445,5.9514224369296835,3.3548040794417604,4.086151368760064,0.23483628556092323,0.14090177133655393,0.15432098765432098,,,,,
24,8.890230810520666,84.71551261406334,0.9997316156736447,0.08722490606548577,1.3821792807300053,,,,3.92512077294686,,,,,
25,9.118357487922705,84.47396672034353,0.9997316156736447,0.08722490606548577,1.3955984970477724,,,,3.7909286097691894,0.13419216317767044,,,,
26,9.198872785829307,83.68223295759528,0.9997316156736447,0.08722490606548577,2.1068169618894257,,,,3.7909286097691894,0.13419216317767044,,,,
27,9.198872785829307,82.85695115405261,0.8655394524959742,0.08722490606548577,2.9388083735909825,,,,3.7909286097691894,0.13419216317767044,0.1274825550187869,,,
28,9.219001610305957,81.5955448201825,0.8789586688137413,0.08722490606548577,4.086151368760064,0.08051529790660225,,,3.7909286097691894,0.13419216317767044,0.1274825550187869,,,
29,7.729468599033816,80.40123456790124,3.2340311325818574,0.08722490606548577,4.414922168545357,0.08051529790660225,,,3.7573805689747717,0.16774020397208803,0.1274825550187869,,,
30,7.803274288781535,70.41733762748255,3.2206119162640903,10.0979602791197,4.180085882984434,0.08051529790660225,0.14761137949543746,,3.7573805689747717,0.16774020397208803,0.1274825550187869,,,
31,7.823403113258186,70.276435856146,3.2004830917874396,10.071121846484166,4.294149221685454,0.08051529790660225,0.17444981213097155,,3.784219001610306,0.16774020397208803,0.1274825550187869,,,
32,5.797101449275362,37.0101986044015,53.11325818572195,1.2412775093934514,2.4355877616747184,0.08051529790660225,0.020128824476650563,,0.07380568974771873,,0.2281266774020397,,,
33,5.83064949006978,36.963231347289316,40.042941492216855,1.2412775093934514,2.4355877616747184,0.08051529790660225,0.020128824476650563,,12.895866881374127,0.28180354267310787,0.20799785292538917,,,
34,5.730005367686527,36.090982286634464,39.231078904991946,0.9326355340848095,2.5563607085346214,0.08051529790660225,0.020128824476650563,,13.821792807300053,0.39586688137412773,1.1406333870101986,,,
35,5.931293612453032,35.36634460547504,38.7614063338701,0.9326355340848095,3.2139023081052067,0.20128824476650564,0.020128824476650563,,13.774825550187868,0.39586688137412773,1.402308105206656,,,
36,6.038647342995169,34.35990338164251,36.48684916800859,0.9326355340848095,7.320182501341922,0.20128824476650564,0.020128824476650563,,12.305421363392378,0.5166398282340311,1.8183038110574343,,,
37,5.971551261406334,33.73590982286635,36.36607622114869,0.9326355340848095,7.944176060118089,0.20128824476650564,0.020128824476650563,,12.285292538915728,0.5166398282340311,2.0263016639828235,,,
38,6.085614600107354,33.675523349436396,36.10440150295223,0.9326355340848095,7.897208803005904,0.20128824476650564,0.020128824476650563,,12.278582930756844,0.5166398282340311,2.200751476113795,0.08722490606548577,,
39,6.139291465378422,33.353462157809986,36.05072463768116,0.9326355340848095,8.239398819108963,0.20128824476650564,0.020128824476650563,,12.104133118625873,0.6709608158883521,2.200751476113795,0.08722490606548577,,
40,6.239935587761675,32.03166935050993,37.57380568974772,0.9326355340848095,8.507783145464305,0.20128824476650564,0.020128824476650563,,11.131239935587761,0.6776704240472357,2.5697799248523885,0.11406333870101985,,
41,6.3070316693505095,30.669618894256576,37.446323134728935,0.9326355340848095,9.822866344605474,0.20128824476650564,0.020128824476650563,,11.084272678475577,0.6776704240472357,2.7241009125067097,0.11406333870101985,,
42,6.206387546967257,29.998658078368223,29.542404723564143,13.6808910359635,9.997316156736447,0.5568974771873323,0.020128824476650563,0.12077294685990338,6.575415995705851,0.7045088566827697,2.4825550187869028,0.11406333870101985,,
43,6.327160493827161,29.851046698872786,29.51556629092861,13.674181427804616,10.0979602791197,0.5568974771873323,0.020128824476650563,0.12077294685990338,6.521739130434782,0.7045088566827697,2.4825550187869028,0.1274825550187869,,
44,6.327160493827161,29.528985507246375,29.180085882984432,13.533279656468062,10.399892646269459,0.5568974771873323,0.020128824476650563,0.12077294685990338,6.595544820182502,0.7045088566827697,2.9052603327965647,0.1274825550187869,,
45,6.353998926462695,29.146537842190018,27.455716586151368,15.425389157273216,10.44015029522276,0.5300590445517982,0.10735373054213634,0.12077294685990338,6.642512077294686,0.7447665056360708,2.9052603327965647,0.1274825550187869,,
46,6.474771873322598,28.891572732152444,27.355072463768117,15.35829307568438,10.681696188942565,0.5233494363929146,0.10735373054213634,0.12077294685990338,6.642512077294686,0.7447665056360708,2.9723564143853998,0.1274825550187869,,
47,6.608964036500268,27.85829307568438,27.26784755770263,15.271068169618895,11.822329575952764,0.5233494363929146,0.10735373054213634,0.12077294685990338,6.535158346752549,0.7447665056360708,3.012614063338701,0.1274825550187869,,
48,6.790123456790123,26.88539989264627,26.455984970477726,15.123456790123457,13.264895330112722,0.5233494363929146,0.18115942028985507,0.12077294685990338,6.481481481481482,0.7447665056360708,3.126677402039721,0.30193236714975846,,
49,6.796833064949007,26.858561460010737,26.362050456253353,14.915458937198068,13.378958668813741,0.5166398282340311,0.41599570585077833,0.12077294685990338,6.407675791733762,0.785024154589372,3.140096618357488,0.30193236714975846,,
50,6.602254428341385,23.47691894793344,23.65136876006441,14.949006977992486,14.459205582393988,0.5166398282340311,0.3757380568974772,0.12077294685990338,11.83574879227053,0.9796027911969941,2.7442297369833604,0.2885131508319914,,
51,6.642512077294686,23.13472893183038,23.537305421363392,14.935587761674718,14.814814814814815,0.5166398282340311,0.3757380568974772,0.12077294685990338,11.83574879227053,0.9796027911969941,2.818035426731079,0.2885131508319914,,
52,6.790123456790123,23.10789049919485,23.483628556092324,14.680622651637144,14.88191089640365,0.5166398282340311,0.3757380568974772,0.12077294685990338,11.81561996779388,1.1473429951690821,2.791196994095545,0.2885131508319914,,
53,6.756575415995706,23.040794417606012,23.295759527643586,16.1231884057971,15.116747181964573,0.5166398282340311,0.3757380568974772,0.12077294685990338,10.332796564680622,1.1876006441223832,2.844873859366613,0.2885131508319914,,
54,6.629092860976919,21.4170692431562,23.15485775630703,20.175791733762747,12.895866881374127,0.3824476650563607,0.6642512077294686,0.12077294685990338,10.171765968867419,1.2546967257112185,2.844873859366613,0.2885131508319914,,
55,6.615673644659152,21.256038647342994,22.893183038110575,20.075147611379496,12.74825550187869,0.7246376811594203,0.6642512077294686,0.12077294685990338,10.0979602791197,1.3754696725711217,3.140096618357488,0.2885131508319914,,
56,6.729736983360172,21.014492753623188,22.61808910359635,19.592055823939884,12.808641975308642,0.7246376811594203,1.596886741814278,0.12077294685990338,9.782608695652174,1.4626945786366077,3.1535158346752548,0.39586688137412773,,
57,6.501610305958132,20.74610842726785,20.397208803005906,18.511808910359633,12.466451959205582,0.7581857219538379,1.7176596886741815,0.12077294685990338,13.506441223832528,1.3083735909822867,3.475577026301664,0.48980139559849706,,
58,6.213097155126141,20.263016639828233,19.28341384863124,16.63311862587225,11.097691894793345,4.086151368760064,1.4492753623188406,0.12077294685990338,14.13714439076758,1.5297906602254427,4.804079441760601,0.3824476650563607,,
59,6.333870101986044,20.249597423510465,18.887546967257112,15.60654857756307,11.11111111111111,4.133118625872249,1.4090177133655395,0.12077294685990338,14.083467525496511,1.4626945786366077,6.219806763285024,0.3824476650563607,,
60,6.501610305958132,19.87385936661299,17.344337090713903,15.385131508319914,13.144122383252817,4.119699409554482,1.4761137949543746,0.12077294685990338,14.029790660225443,1.5230810520665594,6.099033816425121,0.3824476650563607,,
61,6.528448738593666,19.867149758454108,17.223564143854,15.35829307568438,13.077026301663983,4.30756843800322,1.4761137949543746,0.12077294685990338,14.06333870101986,1.5230810520665594,6.072195383789587,0.3824476650563607,,
62,6.6827697262479875,19.632313472893184,17.04911433172303,14.895330112721417,13.298443370907139,4.206924315619967,2.0799785292538915,0.12077294685990338,14.04320987654321,1.6639828234031133,5.9447128287707995,0.3824476650563607,,
63,6.696188942565755,19.53166935050993,16.961889425657542,14.78797638217928,13.41250670960816,4.186795491143317,2.0799785292538915,0.12077294685990338,14.076757917337627,1.7713365539452497,5.991680085882985,0.3824476650563607,,
64,6.662640901771336,19.189479334406872,20.28985507246377,14.526301663982823,12.325550187869029,4.253891572732153,2.086688137412775,0.2549651100375738,12.157809983896941,1.8518518518518519,6.031937734836285,0.36902844873859364,,
65,6.561996779388084,18.907675791733762,17.54562533548041,17.787171229200215,11.79549114331723,6.521739130434782,1.9860440150295222,0.2549651100375738,12.104133118625873,1.8183038110574343,4.3478260869565215,0.36902844873859364,,
66,6.608964036500268,18.59903381642512,17.196725711218466,17.66639828234031,12.318840579710145,6.508319914117015,1.9860440150295222,0.2549651100375738,11.916264090177133,2.033011272141707,4.542404723564144,0.36902844873859364,,
67,6.6760601180891035,18.59903381642512,17.196725711218466,17.66639828234031,12.318840579710145,6.4412238325281805,1.9860440150295222,0.322061191626409,11.855877616747183,2.0263016639828235,4.542404723564144,0.36902844873859364,,
68,6.729736983360172,18.283682232957595,16.76731078904992,17.47181964573269,12.218196457326892,6.488191089640365,2.3886205045625335,0.322061191626409,11.976650563607086,2.0263016639828235,4.958400429414922,0.36902844873859364,,
69,6.736446591519055,18.149490069779926,16.76731078904992,17.05582393988191,12.285292538915728,6.488191089640365,2.576489533011272,0.322061191626409,11.916264090177133,2.0397208803005906,5.293880837359098,0.36902844873859364,,
70,6.561996779388084,17.68652710681696,17.11621041331186,16.7337627482555,12.372517444981213,6.353998926462695,2.985775630703167,0.38915727321524424,12.00348899624262,1.9994632313472893,5.428073000536768,0.36902844873859364,,
71,6.380837359098229,16.63311862587225,16.485507246376812,14.868491680085883,13.358829844337091,8.977455716586151,2.831454643048846,0.4830917874396135,11.976650563607086,2.046430488459474,5.589103596349974,0.36902844873859364,,
72,6.387546967257112,16.606280193236714,16.445249597423512,14.74771873322598,13.318572195383789,8.943907675791733,3.066290928609769,0.4830917874396135,11.855877616747183,2.1739130434782608,5.642780461621041,0.32877079978529256,,
73,6.152710681696189,15.868223295759528,16.586151368760063,15.391841116478798,13.446054750402576,9.05126140633387,3.1065485775630703,0.46967257112184646,11.842458400429415,2.13365539452496,5.622651637144391,0.32877079978529256,,
74,6.172839506172839,15.83467525496511,16.411701556629094,15.385131508319914,13.593666129898015,9.05126140633387,3.1065485775630703,0.46967257112184646,11.761943102522812,2.2074610842726785,5.676328502415459,0.32877079978529256,,
75,6.320450885668277,15.713902308105206,16.418411164787976,15.405260332796564,13.506441223832528,9.158615136876007,2.9924852388620504,0.46967257112184646,11.58749329039184,2.3349436392914655,5.763553408480945,0.32877079978529256,,
76,6.340579710144928,15.693773483628556,16.418411164787976,15.391841116478798,13.506441223832528,9.212292002147075,3.1333870101986045,0.46967257112184646,11.43317230273752,2.3081052066559313,5.763553408480945,0.32877079978529256,,
77,6.360708534621578,15.653515834675256,16.29092860976919,15.049651100375739,12.95625335480408,9.212292002147075,3.2541599570585076,0.46967257112184646,11.104401502952227,2.6033279656468062,6.582125603864735,0.46296296296296297,,
78,6.146001073537305,15.975577026301664,15.982286634460548,14.398819108964037,13.264895330112722,9.252549651100376,3.938539989264627,0.46967257112184646,11.010466988727858,2.536231884057971,6.561996779388084,0.46296296296296297,,
79,5.991680085882985,15.5126140633387,15.257648953301127,14.002952227589908,12.808641975308642,8.863392377885132,3.898282340311326,0.46967257112184646,13.385668276972625,2.576489533011272,6.642512077294686,0.5904455179817498,,
80,6.045356951154052,15.385131508319914,15.136876006441224,13.747987117552334,12.74825550187869,9.131776704240472,3.898282340311326,0.5233494363929146,13.43263553408481,2.6502952227589907,6.709608158883521,0.5904455179817498,,
81,5.984970477724101,12.875738056897477,15.123456790123457,13.714439076757918,11.889425657541599,9.158615136876007,3.8580246913580245,0.5233494363929146,16.941760601180892,2.6502952227589907,6.689479334406871,0.5904455179817498,,
82,6.0587761674718195,12.52012882447665,15.08990874932904,15.60654857756307,11.708266237251744,9.158615136876007,4.213633923778851,0.5233494363929146,15.163714439076758,2.6301663982823404,6.736446591519055,0.5904455179817498,,
83,5.904455179817498,12.392646269457863,15.08990874932904,14.97584541062802,12.614063338701019,9.426999463231347,4.213633923778851,0.5233494363929146,15.163714439076758,2.4691358024691357,6.635802469135802,0.5904455179817498,,
84,5.790391841116479,12.104133118625873,15.324745034889963,14.982555018786902,12.721417069243156,9.426999463231347,4.314278046162104,0.5233494363929146,15.116747181964573,2.442297369833602,6.635802469135802,0.6172839506172839,,
85,5.790391841116479,12.084004294149223,15.183843263553408,14.908749329039184,12.72812667740204,9.614868491680086,4.361245303274289,0.5233494363929146,15.11003757380569,2.3483628556092326,6.729736983360172,0.6172839506172839,,
86,5.750134192163178,12.144390767579173,15.056360708534621,14.908749329039184,12.848899624261943,9.614868491680086,4.3478260869565215,0.5233494363929146,14.848362855609233,2.5831991411701556,6.756575415995706,0.6172839506172839,,
87,6.0587761674718195,12.06387546967257,14.955716586151368,14.801395598497047,12.640901771336553,9.957058507783145,4.388083735909823,0.4227053140096618,14.801395598497047,2.5831991411701556,6.816961889425658,0.5099302200751477,,
88,6.018518518518518,12.00348899624262,14.861782071927,14.834943639291465,12.721417069243156,9.829575952764358,4.374664519592056,0.4830917874396135,14.714170692431562,2.737520128824477,6.857219538378959,0.5099302200751477,0.05367686527106817,
89,6.119162640901771,11.936392914653783,14.834943639291465,14.794685990338165,12.674449812130971,9.997316156736447,4.334406870638754,0.5703166935050993,14.479334406870638,2.6167471819645733,7.092055823939882,0.5099302200751477,0.040257648953301126,
90,6.031937734836285,11.77536231884058,14.78797638217928,14.687332259796028,12.86231884057971,9.930220075147611,4.562533548040794,0.5703166935050993,14.472624798711756,2.717391304347826,7.051798174986581,0.5099302200751477,0.040257648953301126,
91,6.092324208266238,11.735104669887278,14.761137949543746,14.673913043478262,12.835480407944177,9.896672034353195,4.53569511540526,0.6038647342995169,14.439076757917338,2.818035426731079,7.112184648416532,0.4562533548040794,0.040257648953301126,
92,5.515297906602254,10.373054213633925,26.737788513150832,11.600912506709609,11.010466988727858,5.723295759527644,4.374664519592056,0.5568974771873323,14.130434782608695,2.818035426731079,6.5552871712292005,0.5636070853462157,0.040257648953301126,
93,5.60252281266774,10.057702630166398,23.013955984970476,15.458937198067632,10.976918947933441,5.71658615136876,4.53569511540526,0.5568974771873323,14.197530864197532,2.818035426731079,6.461352657004831,0.5636070853462157,0.040257648953301126,
94,5.60252281266774,9.943639291465379,23.013955984970476,15.35829307568438,10.929951690821255,5.636070853462158,4.690016103059581,0.6508319914117016,14.257917337627482,2.8784219001610305,6.461352657004831,0.5367686527106817,0.040257648953301126,
95,5.71658615136876,9.681964573268921,22.819377348362856,15.311325818572195,11.064143853998926,5.743424584004294,4.690016103059581,0.6508319914117016,14.231078904991948,2.9052603327965647,6.608964036500268,0.5367686527106817,0.040257648953301126,
96,5.776972624798712,9.628287707997853,22.685185185185187,15.203972088030058,11.285560923242082,5.656199677938808,4.643048845947397,0.6642512077294686,14.036500268384327,3.0327428878153517,6.810252281266774,0.5367686527106817,0.040257648953301126,
97,5.864197530864198,9.541062801932368,22.564412238325282,15.116747181964573,11.2788513150832,5.750134192163178,4.730273752012883,0.6642512077294686,14.016371443907676,3.066290928609769,6.830381105743425,0.5367686527106817,0.040257648953301126,
98,5.83064949006978,8.809715512614064,21.517713365539453,14.969135802469136,10.768921095008052,8.272946859903382,4.804079441760601,0.8051529790660226,13.79495437466452,3.0394524959742353,6.790123456790123,0.5367686527106817,0.040257648953301126,0.020128824476650563
99,5.931293612453032,8.695652173913043,21.027911969940956,14.841653247450349,11.084272678475577,8.085077831454644,4.830917874396135,0.8051529790660226,14.06333870101986,3.026033279656468,6.998121309715513,0.5367686527106817,0.040257648953301126,0.03354804079441761
100,6.025228126677402,8.648684916800859,20.913848631239937,14.814814814814815,11.191626409017713,8.011272141706923,4.938271604938271,0.8319914117015567,14.304884594739667,2.8918411164787976,6.823671497584541,0.5367686527106817,0.03354804079441761,0.03354804079441761
101,5.381105743424584,8.608427267847558,30.790391841116477,13.687600644122384,8.84326355340848,7.219538378958669,3.8714439076757916,0.8185721953837896,12.439613526570048,2.2410091250670963,5.723295759527644,0.30864197530864196,0.03354804079441761,0.03354804079441761
102,5.233494363929147,7.689210950080516,30.776972624798713,13.714439076757918,8.011272141706923,9.07139023081052,3.8714439076757916,0.8588298443370908,12.352388620504563,2.2410091250670963,5.803811057434245,0.30864197530864196,0.03354804079441761,0.03354804079441761
103,5.307300053676865,7.689210950080516,30.407944176060116,12.526838432635534,9.333064949006978,9.07139023081052,3.770799785292539,0.8588298443370908,12.352388620504563,2.2410091250670963,6.0654857756307035,0.30864197530864196,0.03354804079441761,0.03354804079441761
104,5.414653784219001,7.601986044015029,30.159688674181428,12.546967257112184,9.514224369296834,9.057971014492754,3.7909286097691894,0.8454106280193237,12.305421363392378,2.2410091250670963,6.146001073537305,0.30864197530864196,0.03354804079441761,0.03354804079441761
105,5.495169082125604,7.5348899624261945,30.04562533548041,12.513419216317766,9.27938808373591,9.178743961352657,3.8043478260869565,0.8454106280193237,12.352388620504563,2.2410091250670963,6.333870101986044,0.30864197530864196,0.03354804079441761,0.03354804079441761
106,5.548845947396672,7.313472893183038,29.944981213097154,12.466451959205582,9.346484165324744,9.104938271604938,3.750670960815888,0.9326355340848095,12.567096081588835,2.3215244229736984,6.327160493827161,0.30864197530864196,0.03354804079441761,0.03354804079441761
107,5.5756843800322065,7.273215244229737,29.824208266237253,12.399355877616747,9.29951690821256,9.01100375738057,3.643317230273752,0.9326355340848095,13.150831991411701,2.3483628556092326,6.085614600107354,0.38915727321524424,0.03354804079441761,0.03354804079441761
108,5.649490069779925,7.232957595276436,29.622920021470748,12.211486849168008,9.380032206119163,9.01100375738057,3.6097691894793345,0.9326355340848095,13.130703166935051,2.2879763821792807,6.474771873322598,0.38915727321524424,0.03354804079441761,0.03354804079441761
109,4.240472356414386,12.526838432635534,28.16022544283414,10.695115405260333,9.185453569511541,9.017713365539452,3.6097691894793345,0.9326355340848095,12.419484702093397,2.200751476113795,6.488191089640365,0.38915727321524424,0.10064412238325282,0.03354804079441761
110,4.341116478797638,12.506709608158884,27.9723564143854,10.225442834138486,9.849704777241008,8.977455716586151,3.6634460547504024,0.9326355340848095,12.06387546967257,2.187332259796028,6.702898550724638,0.38915727321524424,0.14090177133655393,0.04696725711218465
111,4.40150295222759,12.426194310252281,27.91867954911433,10.185185185185185,9.675254965110037,9.098228663446054,3.8580246913580245,1.0265700483091786,11.822329575952764,2.3081052066559313,6.702898550724638,0.38915727321524424,0.14090177133655393,0.04696725711218465
112,3.4957058507783145,11.486849168008588,30.770263016639827,9.896672034353195,11.406333870101985,8.957326892109501,3.5292538915727323,1.0265700483091786,10.393183038110575,1.583467525496511,6.877348362855609,0.38915727321524424,0.14090177133655393,0.04696725711218465
113,3.5292538915727323,11.473429951690822,30.67632850241546,9.708803005904455,11.533816425120772,8.943907675791733,3.750670960815888,1.0265700483091786,10.23215244229737,1.583467525496511,6.964573268921095,0.38915727321524424,0.14090177133655393,0.04696725711218465
114,3.6097691894793345,11.446591519055287,30.475040257648953,9.648416532474503,11.513687600644122,8.93719806763285,3.7909286097691894,1.0869565217391304,10.238862050456254,1.583467525496511,7.092055823939882,0.38915727321524424,0.14090177133655393,0.04696725711218465
115,3.69699409554482,11.332528180354267,30.3743961352657,9.5276435856146,11.654589371980677,9.084809447128288,3.8378958668813743,1.0601180891035964,10.23215244229737,1.583467525496511,7.065217391304348,0.38915727321524424,0.13419216317767044,0.026838432635534086
116,3.8848631239935587,11.231884057971014,30.22007514761138,9.400161030595813,11.614331723027375,8.964036500268385,3.8378958668813743,1.3016639828234031,10.23215244229737,1.5767579173376274,7.152442297369833,0.38915727321524424,0.16774020397208803,0.026838432635534086
117,3.9049919484702094,11.231884057971014,30.16639828234031,9.400161030595813,11.574074074074074,8.977455716586151,3.8378958668813743,1.3419216317767042,10.23215244229737,1.5767579173376274,7.1725711218464845,0.38915727321524424,0.16774020397208803,0.026838432635534086
118,4.159957058507783,11.044015029522276,29.891304347826086,9.312936124530328,11.748523886205046,8.964036500268385,3.670155662909286,1.3150831991411702,10.473698336017177,1.5432098765432098,7.27992485238862,0.33548040794417605,0.24154589371980675,0.020128824476650563
119,4.2203435319377345,10.916532474503489,29.61621041331186,9.232420826623725,11.829039184111648,8.903650026838433,3.844605475040258,1.3150831991411702,10.46027911969941,1.6035963499731616,7.461084272678476,0.33548040794417605,0.24154589371980675,0.020128824476650563
120,4.38137412775094,10.896403650026839,27.932098765432098,11.18491680085883,11.553945249597424,8.997584541062801,3.824476650563607,1.1808910359634996,10.279119699409554,1.5901771336553945,7.601986044015029,0.33548040794417605,0.2214170692431562,0.020128824476650563
121,4.119699409554482,10.782340311325818,36.08427267847558,8.11862587224906,10.466988727858293,9.017713365539452,3.421900161030596,1.2412775093934514,8.440687063875469,1.0802469135802468,6.776704240472356,0.27509393451422437,0.17444981213097155,
122,4.300858829844337,10.782340311325818,35.68169618894257,8.064949006977992,10.312667740203972,9.004294149221685,3.421900161030596,1.2412775093934514,8.440687063875469,1.0802469135802468,7.219538378958669,0.27509393451422437,0.17444981213097155,
123,4.448470209339774,10.782340311325818,35.54079441760601,8.004562533548041,10.292538915727322,9.158615136876007,3.388352120236178,1.2412775093934514,8.440687063875469,1.0802469135802468,7.1725711218464845,0.27509393451422437,0.17444981213097155,
124,4.562533548040794,10.762211486849168,35.138217928073,8.044820182501342,10.23215244229737,9.158615136876007,3.475577026301664,1.2412775093934514,8.36688137412775,1.0802469135802468,7.50805152979066,0.27509393451422437,0.15432098765432098,
125,4.770531400966184,10.715244229736983,34.72893183038111,8.044820182501342,10.171765968867419,9.212292002147075,3.475577026301664,1.2345679012345678,8.36688137412775,1.0802469135802468,7.769726247987117,0.27509393451422437,0.15432098765432098,
126,4.777241009125067,10.701825013419215,34.46725711218465,7.997852925389157,10.198604401502953,9.212292002147075,3.4957058507783145,1.2345679012345678,8.36688137412775,1.1943102522812667,7.924047235641439,0.27509393451422437,0.15432098765432098,
127,4.770531400966184,10.755501878690284,34.252549651100374,8.152173913043478,10.185185185185185,9.198872785829307,3.629898013955985,1.2345679012345678,8.313204508856682,1.1943102522812667,7.883789586688137,0.27509393451422437,0.15432098765432098,
128,4.74369296833065,10.661567364465915,33.9975845410628,8.152173913043478,10.044283413848632,9.353193773483628,3.6231884057971016,1.2345679012345678,8.387010198604402,1.2144390767579174,8.158883521202362,0.27509393451422437,0.15432098765432098,
129,4.783950617283951,10.621309715512615,33.76945786366076,8.59500805152979,9.769189479334408,9.346484165324744,3.515834675254965,1.093666129898014,8.420558239398819,1.133923778851315,8.527911969940956,0.27509393451422437,0.14761137949543746,
130,4.911433172302737,10.560923242082662,33.13204508856683,8.588298443370908,9.930220075147611,9.333064949006978,3.6097691894793345,1.093666129898014,8.420558239398819,1.133923778851315,8.863392377885132,0.27509393451422437,0.14761137949543746,
131,4.978529253891573,10.493827160493828,30.07246376811594,7.897208803005904,10.071121846484166,8.984165324745035,3.5628019323671496,1.093666129898014,12.855609232420827,1.133923778851315,8.487654320987655,0.27509393451422437,0.0939345142243693,
132,5.0858829844337095,10.399892646269459,30.01207729468599,7.897208803005904,10.165056360708535,8.950617283950617,3.535963499731616,1.093666129898014,12.855609232420827,1.133923778851315,8.501073537305421,0.27509393451422437,0.0939345142243693,
133,5.132850241545894,10.373054213633925,29.757112184648417,7.877079978529254,10.017444981213098,9.037842190016104,3.535963499731616,1.093666129898014,12.95625335480408,1.133923778851315,8.715780998389693,0.27509393451422437,0.0939345142243693,
134,5.22007514761138,10.25228126677402,29.64975845410628,7.937466451959206,11.023886205045626,8.896940418679549,3.4822866344605474,1.2345679012345678,12.305421363392378,0.95276435856146,8.608427267847558,0.27509393451422437,0.1610305958132045,
135,5.24020397208803,10.238862050456254,29.56924315619968,7.843531937734836,10.943370907139023,8.729200214707461,3.616478797638218,1.2345679012345678,12.580515297906603,0.95276435856146,8.61513687600644,0.27509393451422437,0.1610305958132045,
136,5.253623188405797,10.11808910359635,29.367954911433173,7.843531937734836,10.970209339774557,8.950617283950617,3.616478797638218,1.2345679012345678,12.600644122383253,0.95276435856146,8.655394524959743,0.27509393451422437,0.1610305958132045,
137,5.314009661835748,10.02415458937198,29.2337627482555,7.9039184111647875,11.104401502952227,8.890230810520666,3.743961352657005,1.2345679012345678,12.600644122383253,0.95276435856146,8.561460010735374,0.27509393451422437,0.1610305958132045,
138,5.3274288781535155,9.903381642512077,29.13311862587225,7.856951154052603,11.030595813204508,8.950617283950617,3.797638217928073,1.2345679012345678,12.560386473429952,0.966183574879227,8.80300590445518,0.27509393451422437,0.1610305958132045,
139,5.072463768115942,9.23913043478261,28.938539989264626,7.065217391304348,10.82259796027912,8.715780998389693,3.730542136339238,1.2345679012345678,14.647074610842727,0.966183574879227,9.131776704240472,0.27509393451422437,0.1610305958132045,
140,5.146269457863661,9.23913043478261,28.77079978529254,7.024959742351046,10.789049919484702,8.890230810520666,3.730542136339238,1.2345679012345678,14.49946323134729,1.0399892646269457,9.198872785829307,0.27509393451422437,0.1610305958132045,
141,5.246913580246914,9.098228663446054,28.609769189479334,6.957863660762212,10.802469135802468,8.890230810520666,3.844605475040258,1.2345679012345678,14.687332259796028,1.0399892646269457,9.151905528717123,0.27509393451422437,0.1610305958132045,
142,5.35426731078905,9.098228663446054,28.515834675254965,6.91760601180891,10.829307568438002,8.82313472893183,3.797638217928073,1.2748255501878691,14.700751476113794,1.0601180891035964,9.192163177670425,0.27509393451422437,0.1610305958132045,
143,5.441492216854535,9.024422973698336,28.502415458937197,6.863929146537842,10.63472893183038,8.816425120772946,3.797638217928073,1.261406333870102,14.687332259796028,1.0601180891035964,9.480676328502415,0.2683843263553409,0.1610305958132045,
144,5.441492216854535,9.024422973698336,28.415190552871714,6.870638754696726,10.748792270531402,8.776167471819646,3.797638217928073,1.261406333870102,14.65378421900161,1.0601180891035964,9.480676328502415,0.30864197530864196,0.1610305958132045,
145,5.4616210413311865,8.923778851315083,28.35480407944176,6.796833064949007,10.782340311325818,9.16532474503489,3.750670960815888,1.221148684916801,14.586688137412775,1.107085346215781,9.380032206119163,0.30864197530864196,0.1610305958132045,
146,5.428073000536768,8.923778851315083,28.247450348899623,6.863929146537842,10.742082662372518,9.198872785829307,3.750670960815888,1.221148684916801,14.55984970477724,1.107085346215781,9.4873859366613,0.30864197530864196,0.1610305958132045,
147,5.320719269994632,8.662104133118627,28.026033279656467,8.192431561996779,10.144927536231885,9.212292002147075,3.69699409554482,1.2010198604401503,14.11701556629093,1.1406333870101986,9.816156736446592,0.30864197530864196,0.1610305958132045,
148,5.394524959742351,8.548040794417606,27.697262479871174,8.038110574342458,10.205314009661835,9.252549651100376,3.69699409554482,1.2010198604401503,14.090177133655395,1.2077294685990339,10.198604401502953,0.30864197530864196,0.1610305958132045,
149,5.535426731078905,8.514492753623188,27.220880300590444,7.991143317230274,10.185185185185185,9.380032206119163,3.9184111647879765,1.2010198604401503,13.982823403113258,1.2077294685990339,10.393183038110575,0.30864197530864196,0.1610305958132045,
150,5.421363392377885,5.005367686527107,26.73107890499195,12.775093934514224,9.561191626409018,9.125067096081589,3.9184111647879765,1.2010198604401503,14.197530864197532,1.2077294685990339,10.38647342995169,0.30864197530864196,0.1610305958132045,
151,5.5756843800322065,4.898013955984971,26.308373590982285,12.580515297906603,9.957058507783145,9.078099838969404,4.032474503488996,1.2010198604401503,14.184111647879764,1.2077294685990339,10.507246376811594,0.30864197530864196,0.1610305958132045,
152,5.723295759527644,4.884594739667204,26.29495437466452,12.52012882447665,9.71551261406334,9.131776704240472,4.05931293612453,1.2010198604401503,14.17740203972088,1.3016639828234031,10.507246376811594,0.30864197530864196,0.1610305958132045,0.013419216317767043
153,5.770263016639828,4.884594739667204,26.03327965646806,12.493290391841116,9.695383789586689,9.07139023081052,4.045893719806763,1.1943102522812667,14.13714439076758,1.4224369296833066,10.768921095008052,0.30864197530864196,0.1610305958132045,0.013419216317767043
154,5.770263016639828,4.871175523349437,25.87224906065486,12.399355877616747,9.883252818035427,9.07139023081052,4.025764895330113,1.1943102522812667,14.190821256038648,1.3352120236178207,10.903113258185721,0.30864197530864196,0.1610305958132045,0.013419216317767043
155,5.850778314546431,4.757112184648417,25.805152979066023,12.325550187869029,9.957058507783145,8.977455716586151,4.17337627482555,1.1943102522812667,14.130434782608695,1.3352120236178207,11.010466988727858,0.30864197530864196,0.1610305958132045,0.013419216317767043
156,5.9514224369296835,4.696725711218465,25.650831991411703,12.379227053140097,10.017444981213098,8.870101986044014,4.139828234031133,1.1943102522812667,13.862050456253355,1.3754696725711217,11.379495437466453,0.30864197530864196,0.1610305958132045,0.013419216317767043
157,6.105743424584004,4.643048845947397,25.49651100375738,12.23161567364466,10.017444981213098,8.84326355340848,4.327697262479871,1.1943102522812667,13.788244766505636,1.3083735909822867,11.560654857756306,0.30864197530864196,0.1610305958132045,0.013419216317767043
158,6.172839506172839,4.62962962962963,25.42270531400966,12.204777241009126,10.050993022007514,8.796296296296296,4.213633923778851,1.2815351583467525,13.546698872785829,1.3553408480944713,11.842458400429415,0.30864197530864196,0.1610305958132045,0.013419216317767043
159,6.320450885668277,4.569243156199678,25.187869028448738,12.151100375738057,10.050993022007514,8.84326355340848,4.213633923778851,1.2815351583467525,13.533279656468062,1.3553408480944713,12.010198604401502,0.30864197530864196,0.1610305958132045,0.013419216317767043
160,6.367418142780462,4.549114331723027,24.02710681696189,12.016908212560386,9.863123993558776,9.708803005904455,4.28743961352657,1.2949543746645196,13.439345142243694,1.4626945786366077,12.5,0.30864197530864196,0.1610305958132045,0.013419216317767043
161,6.474771873322598,4.502147074610843,23.68491680085883,11.943102522812667,9.809447128287708,9.769189479334408,4.180085882984434,1.2949543746645196,13.419216317767042,1.6237251744498122,12.815351583467525,0.30864197530864196,0.1610305958132045,0.013419216317767043
162,6.622383252818035,4.4820182501341925,23.523886205045624,11.936392914653783,9.883252818035427,9.688674181427805,4.374664519592056,1.2815351583467525,13.345410628019323,1.583467525496511,12.795222758990874,0.30864197530864196,0.1610305958132045,0.013419216317767043
163,6.615673644659152,4.4753086419753085,23.483628556092324,11.936392914653783,9.96376811594203,9.64170692431562,4.374664519592056,1.2815351583467525,13.345410628019323,1.583467525496511,12.781803542673108,0.3421900161030596,0.1610305958132045,0.013419216317767043
164,6.763285024154589,4.388083735909823,23.275630703166936,11.77536231884058,9.96376811594203,9.608158883521202,4.448470209339774,1.2815351583467525,13.41250670960816,1.583467525496511,12.969672571121846,0.3421900161030596,0.1610305958132045,0.026838432635534086
165,6.850509930220075,4.025764895330113,23.161567364465917,11.56736446591519,10.433440687063875,9.541062801932368,4.448470209339774,1.2815351583467525,13.446054750402576,1.583467525496511,13.130703166935051,0.3421900161030596,0.1610305958132045,0.026838432635534086
166,6.8035426731078905,4.025764895330113,21.309715512614062,14.928878153515834,10.674986580783683,8.870101986044014,4.9651100375738055,1.2815351583467525,13.399087493290391,1.5499194847020934,11.701556629092861,0.30193236714975846,0.1610305958132045,0.026838432635534086
167,6.830381105743425,3.965378421900161,20.933977455716587,14.888620504562533,10.923242082662373,8.809715512614064,5.24020397208803,1.2412775093934514,13.191089640365004,1.5499194847020934,11.936392914653783,0.30193236714975846,0.1610305958132045,0.026838432635534086
168,6.89747718733226,3.965378421900161,20.833333333333332,14.774557165861514,10.997047772410092,8.910359634997317,5.293880837359098,1.2412775093934514,13.043478260869565,1.6975308641975309,11.90955448201825,0.24825550187869028,0.1610305958132045,0.026838432635534086
169,6.870638754696726,3.965378421900161,19.826892109500804,14.53972088030059,12.533548040794418,8.816425120772946,5.233494363929147,1.2412775093934514,12.86231884057971,1.724369296833065,11.83574879227053,0.36231884057971014,0.1610305958132045,0.026838432635534086
170,6.863929146537842,3.9318303811057436,19.80005367686527,14.27133655394525,12.305421363392378,8.333333333333334,5.3274288781535155,1.288244766505636,13.808373590982287,1.724369296833065,11.714975845410628,0.4428341384863124,0.1610305958132045,0.026838432635534086
171,6.816961889425658,3.8043478260869565,19.773215244229736,14.184111647879764,12.526838432635534,8.299785292538916,5.374396135265701,1.3150831991411702,13.808373590982287,1.724369296833065,11.728395061728396,0.46967257112184646,0.1610305958132045,0.013419216317767043
172,6.877348362855609,3.770799785292539,19.732957595276435,14.284755770263017,12.47987117552335,8.165593129361245,5.407944176060118,1.288244766505636,13.935856146001074,1.7444981213097155,11.721685453569512,0.41599570585077833,0.1610305958132045,0.013419216317767043
173,6.937734836285561,3.743961352657005,19.652442297369834,14.210950080515298,12.365807836822329,8.152173913043478,5.407944176060118,1.288244766505636,14.11701556629093,1.7444981213097155,11.788781535158346,0.41599570585077833,0.1610305958132045,0.013419216317767043
174,7.071926999463232,3.69699409554482,19.565217391304348,14.210950080515298,12.392646269457863,8.179012345679013,5.401234567901234,1.288244766505636,14.002952227589908,1.8250134192163177,11.748523886205046,0.4428341384863124,0.1610305958132045,0.013419216317767043
175,7.105475040257649,3.670155662909286,19.484702093397747,13.754696725711218,12.31213097155126,8.433977455716587,5.314009661835748,1.2681159420289856,13.868760064412239,1.8250134192163177,12.352388620504563,0.43612453032742887,0.1610305958132045,0.013419216317767043
176,7.212828770799785,3.656736446591519,19.16935050993022,13.647342995169081,12.352388620504563,8.454106280193237,5.448201825013419,1.2681159420289856,13.841921631776705,1.8250134192163177,12.513419216317766,0.43612453032742887,0.1610305958132045,0.013419216317767043
177,7.300053676865271,3.616478797638218,18.947933440687063,13.573537305421363,12.419484702093397,8.548040794417606,5.448201825013419,1.2681159420289856,13.801663982823403,1.8250134192163177,12.640901771336553,0.43612453032742887,0.1610305958132045,0.013419216317767043
