,45,50,52,55,53,51,54,56,57,58,60,59,61,47,46,62
0,98.49704777241008,1.5029522275899088,,,,,,,,,,,,,,
1,95.74610842726784,4.253891572732153,,,,,,,,,,,,,,
2,89.56655931293612,10.433440687063875,,,,,,,,,,,,,,
3,88.80837359098228,11.158078368223295,0.013419216317767043,0.020128824476650563,,,,,,,,,,,,
4,80.3341384863124,19.028448738593667,0.013419216317767043,0.06038647342995169,0.5636070853462157,,,,,,,,,,,
5,77.76435856146001,19.585346215780998,0.013419216317767043,0.0939345142243693,0.5636070853462157,1.9793344068706387,,,,,,,,,,
6,77.61674718196457,19.612184648416534,0.013419216317767043,0.14090177133655393,0.5636070853462157,1.9793344068706387,0.07380568974771873,,,,,,,,,
7,58.299785292538914,30.64278046162104,8.272946859903382,0.15432098765432098,0.5636070853462157,1.9457863660762211,0.08722490606548577,0.03354804079441761,,,,,,,,
8,50.677670424047236,38.191089640365,8.293075684380032,0.20799785292538917,0.5636070853462157,1.9457863660762211,0.08722490606548577,0.03354804079441761,,,,,,,,
9,49.973161567364464,36.520397208803004,8.293075684380032,0.20799785292538917,2.831454643048846,1.9457863660762211,0.19457863660762212,0.03354804079441761,,,,,,,,
10,48.24208266237252,38.21121846484165,8.239398819108963,0.27509393451422437,2.831454643048846,1.9457863660762211,0.19457863660762212,0.03354804079441761,0.026838432635534086,,,,,,,
11,44.826892109500804,35.30595813204509,8.232689210950081,0.30864197530864196,2.8247450348899625,8.259527643585615,0.17444981213097155,0.03354804079441761,0.026838432635534086,0.0067096081588835215,,,,,,
12,44.67257112184648,33.97745571658615,7.427536231884058,2.563070316693505,2.8247450348899625,8.279656468062266,0.17444981213097155,0.03354804079441761,0.026838432635534086,,0.020128824476650563,,,,,
13,33.742619431025226,44.927536231884055,7.367149758454106,2.576489533011272,2.8247450348899625,8.279656468062266,0.17444981213097155,0.03354804079441761,0.026838432635534086,,0.04696725711218465,,,,,
14,33.24610842726785,45.37707997852925,7.353730542136339,2.6435856146001075,2.7844873859366612,8.259527643585615,0.17444981213097155,0.06038647342995169,0.040257648953301126,0.013419216317767043,0.04696725711218465,,,,,
15,29.341116478797638,47.0679012345679,9.037842190016104,2.7442297369833604,3.227321524422974,8.246108427267847,0.17444981213097155,0.06038647342995169,0.040257648953301126,0.013419216317767043,0.04696725711218465,,,,,
16,28.64331723027375,43.45142243692968,13.050187869028449,0.7514761137949544,2.690552871712292,10.144927536231885,1.221148684916801,0.03354804079441761,,0.013419216317767043,,,,,,
17,22.25577026301664,36.151368760064415,16.035963499731615,0.7380568974771873,2.690552871712292,20.92055823939882,1.1003757380568975,0.0939345142243693,,0.013419216317767043,,,,,,
18,20.336822329575952,34.98389694041868,13.305152979066023,0.7783145464304885,4.260601180891036,25.087224906065487,1.1003757380568975,0.10064412238325282,,0.04696725711218465,,,,,,
19,19.51154052603328,33.63526570048309,13.211218464841654,1.402308105206656,4.26731078904992,26.744498121309714,1.1003757380568975,0.08051529790660225,,0.04696725711218465,,,,,,
20,19.51154052603328,33.59500805152979,13.157541599570585,1.4559849704777241,4.240472356414386,26.744498121309714,1.1003757380568975,0.11406333870101985,0.03354804079441761,0.04696725711218465,,,,,,
21,17.780461621041333,37.27858293075684,11.614331723027375,1.5230810520665594,4.240472356414386,26.33521202361782,1.0131508319914118,0.13419216317767044,0.03354804079441761,0.04696725711218465,,,,,,
22,17.599302200751477,33.9975845410628,11.614331723027375,1.5163714439076759,8.205850778314547,25.47638217928073,1.3754696725711217,0.13419216317767044,0.03354804079441761,0.04696725711218465,,,,,,
23,17.599302200751477,33.9573268921095,11.614331723027375,1.5767579173376274,8.199141170155663,25.45625335480408,1.3754696725711217,0.13419216317767044,0.03354804079441761,0.05367686527106817,,,,,,
24,17.297369833601717,33.373590982286636,11.614331723027375,1.6908212560386473,8.179012345679013,26.247987117552334,1.3754696725711217,0.13419216317767044,0.03354804079441761,0.05367686527106817,,,,,,
25,17.290660225442835,32.387278582930755,13.358829844337091,2.254428341384863,6.823671497584541,26.20101986044015,1.3754696725711217,0.14761137949543746,0.06038647342995169,0.10064412238325282,,,,,,
26,17.07595276435856,29.643048845947398,17.74020397208803,2.395330112721417,5.736714975845411,25.650831991411703,1.3687600644122384,0.14761137949543746,0.11406333870101985,0.1274825550187869,,,,,,
27,10.158346752549651,38.6003757380569,17.122920021470748,2.3215244229736984,5.736714975845411,24.22168545356951,1.3687600644122384,0.17444981213097155,0.16774020397208803,0.1274825550187869,,,,,,
28,10.158346752549651,38.506441223832525,17.122920021470748,2.5295222758990876,5.723295759527644,24.08749329039184,1.3687600644122384,0.19457863660762212,0.16774020397208803,0.14090177133655393,,,,,,
29,7.836822329575953,36.25872249060655,15.445517981749866,2.38191089640365,3.643317230273752,32.628824476650564,1.3150831991411702,0.15432098765432098,0.20128824476650564,0.13419216317767044,,,,,,
30,7.809983896940419,36.218464841653244,15.45222758990875,2.49597423510467,3.643317230273752,32.54830917874396,1.3150831991411702,0.18115942028985507,0.20128824476650564,0.13419216317767044,,,,,,
31,6.884057971014493,34.33977455716586,15.391841116478798,2.522812667740204,5.884326355340848,32.50805152979066,1.9189479334406871,0.20799785292538917,0.20799785292538917,0.13419216317767044,,,,,,
32,6.884057971014493,34.27938808373591,15.35829307568438,2.5161030595813205,8.568169618894256,29.904723564143854,1.9189479334406871,0.2147074610842727,0.2214170692431562,0.13419216317767044,,,,,,
33,6.890767579173376,34.252549651100374,14.895330112721417,2.522812667740204,9.024422973698336,29.87788513150832,1.8853998926462694,0.2214170692431562,0.2549651100375738,0.17444981213097155,,,,,,
34,6.910896403650026,34.17874396135266,14.888620504562533,2.589908749329039,9.017713365539452,29.87788513150832,1.8853998926462694,0.2214170692431562,0.2549651100375738,0.17444981213097155,,,,,,
35,6.904186795491143,32.018250134192165,16.51905528717123,2.5966183574879227,8.870101986044014,31.146001073537306,1.3217928073000538,0.20128824476650564,0.2885131508319914,0.13419216317767044,,,,,,
36,6.810252281266774,29.71014492753623,20.52469135802469,2.8113258185721954,7.5348899624261945,30.636070853462158,1.3150831991411702,0.20128824476650564,0.2885131508319914,0.16774020397208803,,,,,,
37,6.810252281266774,29.622920021470748,20.101986044015028,2.945517981749866,7.5348899624261945,30.575684380032207,1.3150831991411702,0.5233494363929146,0.4025764895330113,0.16774020397208803,,,,,,
38,6.763285024154589,29.354535695115406,20.101986044015028,3.260869565217391,8.11862587224906,29.938271604938272,1.3016639828234031,0.5770263016639828,0.4025764895330113,0.16774020397208803,0.013419216317767043,,,,,
39,6.629092860976919,28.61647879763822,19.867149758454108,2.952227589908749,8.480944712828771,30.783682232957595,1.3016639828234031,0.7313472893183038,0.43612453032742887,0.1878690284487386,0.013419216317767043,,,,,
40,6.602254428341385,28.395061728395063,19.04186795491143,2.965646806226516,7.729468599033816,32.360440150295226,1.4492753623188406,0.7716049382716049,0.46967257112184646,0.20128824476650564,0.013419216317767043,,,,,
41,6.588835212023618,28.31454643048846,19.04186795491143,3.0595813204508855,7.729468599033816,32.360440150295226,1.4492753623188406,0.798443370907139,0.46967257112184646,0.17444981213097155,0.013419216317767043,,,,,
42,6.588835212023618,27.979066022544284,19.753086419753085,3.3816425120772946,7.702630166398282,31.635802469135804,1.4492753623188406,0.8252818035426731,0.46967257112184646,0.20128824476650564,0.013419216317767043,,,,,
43,6.588835212023618,27.958937198067634,19.578636607622116,3.44873859366613,7.702630166398282,31.568706387546968,1.4492753623188406,0.8319914117015567,0.6575415995705851,0.20128824476650564,0.013419216317767043,,,,,
44,6.615673644659152,27.89855072463768,19.49812130971551,3.8378958668813743,7.628824476650563,31.273483628556093,1.4492753623188406,0.8387010198604401,0.7380568974771873,0.20799785292538917,0.013419216317767043,,,,,
45,6.353998926462695,27.542941492216855,13.533279656468062,3.8580246913580245,6.327160493827161,39.52630166398282,1.4224369296833066,0.798443370907139,0.5233494363929146,0.10064412238325282,0.013419216317767043,,,,,
46,3.515834675254965,41.15002683843264,15.70048309178744,3.69699409554482,7.353730542136339,26.113794954374665,1.2546967257112185,0.630703166935051,0.46967257112184646,0.10064412238325282,0.013419216317767043,,,,,
47,3.5292538915727323,41.116478797638216,15.626677402039721,3.717122920021471,7.353730542136339,26.113794954374665,1.2546967257112185,0.630703166935051,0.5434782608695652,0.10064412238325282,0.013419216317767043,,,,,
48,3.5225442834138487,38.479602791196996,15.626677402039721,4.790660225442834,7.353730542136339,25.751476113794954,3.1870638754696725,0.630703166935051,0.5434782608695652,0.10064412238325282,0.013419216317767043,,,,,
49,3.515834675254965,29.656468062265162,15.063070316693505,4.797369833601718,7.353730542136339,34.99060654857756,3.1870638754696725,0.7313472893183038,0.5904455179817498,0.10064412238325282,0.013419216317767043,,,,,
50,3.5628019323671496,29.159957058507782,15.613258185721953,4.8443370907139025,7.313472893183038,34.39345142243693,3.5963499731615673,0.7648953301127214,0.5904455179817498,0.1274825550187869,0.03354804079441761,,,,,
51,2.8247450348899625,24.490069779924852,15.465646806226516,4.5960815888352125,6.662640901771336,41.6532474503489,2.61003757380569,0.8521202361782072,0.6843800322061192,0.1274825550187869,0.03354804079441761,,,,,
52,2.8113258185721954,24.282071926999464,15.418679549114332,5.931293612453032,6.662640901771336,40.3918411164788,2.7509393451422435,0.8521202361782072,0.7380568974771873,0.1274825550187869,0.03354804079441761,,,,,
53,2.7643585614600106,23.05421363392378,15.405260332796564,5.857487922705314,8.883521202361782,37.88915727321525,4.126409017713366,1.0131508319914118,0.785024154589372,0.14761137949543746,0.03354804079441761,0.026838432635534086,0.013419216317767043,,,
54,2.7241009125067097,21.537842190016104,14.673913043478262,5.723295759527644,8.735909822866345,40.57300053676865,4.146537842190016,1.0198604401502953,0.6709608158883521,0.12077294685990338,0.03354804079441761,0.026838432635534086,0.013419216317767043,,,
55,2.006172839506173,17.20343531937735,14.17740203972088,5.978260869565218,8.59500805152979,43.71980676328502,6.226516371443908,1.2345679012345678,0.6642512077294686,0.12077294685990338,0.03354804079441761,0.026838432635534086,0.013419216317767043,,,
56,2.0263016639828235,15.70048309178744,14.143853998926463,7.494632313472893,8.59500805152979,43.59903381642512,6.213097155126141,1.3352120236178207,0.6977992485238862,0.12077294685990338,0.03354804079441761,0.026838432635534086,0.013419216317767043,,,
57,2.01959205582394,15.653515834675256,14.170692431561998,7.481213097155126,8.55475040257649,43.525228126677405,6.172839506172839,1.4090177133655395,0.6977992485238862,0.16774020397208803,0.10064412238325282,0.026838432635534086,0.020128824476650563,,,
58,1.9390767579173376,15.177133655394526,22.490606548577563,6.877348362855609,9.31964573268921,35.929951690821255,6.085614600107354,1.2412775093934514,0.5568974771873323,0.16774020397208803,0.10064412238325282,0.0939345142243693,0.020128824476650563,,,
59,1.9524959742351047,15.177133655394526,22.436929683306495,6.870638754696726,9.31964573268921,35.929951690821255,6.112453032742888,1.221148684916801,0.5971551261406334,0.16774020397208803,0.10064412238325282,0.0939345142243693,0.020128824476650563,,,
60,1.932367149758454,15.143585614600108,20.44417606011809,6.588835212023618,9.31964573268921,38.31186258722491,6.105743424584004,1.1674718196457328,0.6038647342995169,0.16774020397208803,0.10735373054213634,0.0939345142243693,0.013419216317767043,,,
61,1.9390767579173376,15.150295222758992,20.41062801932367,6.588835212023618,9.286097691894794,38.238056897477186,6.078904991948471,1.2010198604401503,0.630703166935051,0.20128824476650564,0.10735373054213634,0.1274825550187869,0.040257648953301126,,,
62,1.710950080515298,13.01663982823403,19.33709071390231,6.347289318303811,13.915727321524423,36.20504562533548,7.078636607622115,1.288244766505636,0.5971551261406334,0.20128824476650564,0.10735373054213634,0.13419216317767044,0.06038647342995169,,,
63,1.7310789049919484,12.97638217928073,19.330381105743424,6.427804616210413,13.88888888888889,36.131239935587764,7.078636607622115,1.3083735909822867,0.5971551261406334,0.2281266774020397,0.10735373054213634,0.13419216317767044,0.06038647342995169,,,
64,1.737788513150832,12.057165861513688,18.98148148148148,5.0993022007514766,13.667471819645733,38.888888888888886,7.078636607622115,1.2748255501878691,0.7447665056360708,0.2281266774020397,0.10735373054213634,0.13419216317767044,,,,
65,1.6639828234031133,11.252012882447666,18.82716049382716,5.374396135265701,11.708266237251744,40.70048309178744,8.09849704777241,1.2010198604401503,0.7447665056360708,0.15432098765432098,0.14090177133655393,0.13419216317767044,,,,
66,1.6774020397208802,11.151368760064413,18.766774020397207,5.35426731078905,11.79549114331723,40.58641975308642,8.09849704777241,1.3083735909822867,0.8387010198604401,0.14761137949543746,0.14090177133655393,0.13419216317767044,,,,
67,1.5633387010198605,9.118357487922705,18.5654857756307,5.689747718733226,11.782071926999464,41.12989801395599,9.5276435856146,1.3016639828234031,0.8387010198604401,0.1610305958132045,0.16774020397208803,0.14761137949543746,0.0067096081588835215,,,
68,1.0131508319914118,8.608427267847558,20.8467525496511,5.347557702630167,11.647879763821793,41.08964036500269,8.695652173913043,1.3419216317767042,0.8655394524959742,0.23483628556092323,0.16774020397208803,0.13419216317767044,0.0067096081588835215,,,
69,0.9997316156736447,8.57487922705314,20.813204508856682,5.629361245303274,11.332528180354267,40.673644659151904,8.641975308641975,1.8451422436929683,0.8789586688137413,0.2885131508319914,0.18115942028985507,0.13419216317767044,0.0067096081588835215,,,
70,1.0064412238325282,8.561460010735374,20.699141170155663,5.636070853462158,11.104401502952227,40.37842190016103,8.125335480407944,2.9388083735909825,0.9057971014492754,0.322061191626409,0.18115942028985507,0.1274825550187869,0.013419216317767043,,,
71,0.9326355340848095,7.601986044015029,17.136339237788512,5.857487922705314,8.715780998389693,47.718733225979605,8.568169618894256,2.086688137412775,0.798443370907139,0.2616747181964573,0.20799785292538917,0.10064412238325282,0.013419216317767043,,,
72,0.9326355340848095,7.601986044015029,20.591787439613526,5.857487922705314,8.715780998389693,44.176060118089104,8.541331186258722,2.15378421900161,0.8252818035426731,0.2616747181964573,0.20799785292538917,0.12077294685990338,0.013419216317767043,,,
73,0.95276435856146,7.575147611379496,20.558239398819108,5.857487922705314,8.715780998389693,41.78073000536769,10.782340311325818,2.2745571658615136,0.8521202361782072,0.2616747181964573,0.2549651100375738,0.12077294685990338,0.013419216317767043,,,
74,0.9192163177670424,7.118894256575416,20.544820182501343,5.884326355340848,11.372785829307569,39.30488459473967,10.567632850241546,2.818035426731079,0.8521202361782072,0.2281266774020397,0.2549651100375738,0.12077294685990338,0.013419216317767043,,,
75,0.9259259259259259,7.112184648416532,20.40391841116479,5.891035963499732,11.372785829307569,41.76060118089104,8.21256038647343,2.8784219001610305,0.8252818035426731,0.2281266774020397,0.2549651100375738,0.12077294685990338,0.013419216317767043,,,
76,0.9393451422436929,7.105475040257649,20.21604938271605,5.877616747181965,11.030595813204508,41.015834675254965,8.011272141706923,3.7573805689747717,1.0601180891035964,0.5300590445517982,0.2885131508319914,0.15432098765432098,0.013419216317767043,,,
77,0.9594739667203436,7.051798174986581,20.21604938271605,5.857487922705314,10.976918947933441,41.015834675254965,8.125335480407944,3.7573805689747717,1.0601180891035964,0.5636070853462157,0.2885131508319914,0.11406333870101985,0.013419216317767043,,,
78,0.9594739667203436,6.662640901771336,19.404186795491142,5.931293612453032,16.928341384863124,37.815351583467525,6.468062265163715,3.7640901771336552,1.1473429951690821,0.5636070853462157,0.2616747181964573,0.08051529790660225,0.013419216317767043,,,
79,0.9594739667203436,6.3137412775093935,19.196188942565755,5.9514224369296835,18.471551261406333,36.2788513150832,6.951154052603328,3.784219001610306,1.1473429951690821,0.5703166935050993,0.2281266774020397,0.10735373054213634,0.040257648953301126,,,
80,1.0064412238325282,5.891035963499732,16.82769726247987,8.59500805152979,17.54562533548041,37.52012882447665,6.951154052603328,3.5292538915727323,1.1205045625335481,0.6374127750939346,0.2281266774020397,0.10735373054213634,0.040257648953301126,,,
81,1.0869565217391304,5.891035963499732,16.74718196457327,8.293075684380032,19.410896403650028,35.98362855609233,7.206119162640902,3.113258185721954,1.2278582930756843,0.630703166935051,0.2616747181964573,0.10735373054213634,0.040257648953301126,,,
82,1.0869565217391304,5.83064949006978,16.686795491143318,8.293075684380032,19.363929146537842,35.889694041867955,7.179280730005368,3.3548040794417604,1.247987117552335,0.644122383252818,0.2616747181964573,0.12077294685990338,0.040257648953301126,,,
83,1.0735373054213635,5.736714975845411,19.64573268921095,7.159151905528717,18.773483628556093,35.40660225442834,6.910896403650026,2.999194847020934,1.288244766505636,0.630703166935051,0.23483628556092323,0.12077294685990338,0.020128824476650563,,,
84,1.1137949543746646,5.736714975845411,19.545088566827697,7.159151905528717,18.907675791733762,34.01771336553945,8.225979602791197,3.0394524959742353,1.247987117552335,0.630703166935051,0.23483628556092323,0.12077294685990338,0.020128824476650563,,,
85,1.1137949543746646,5.709876543209877,19.545088566827697,7.27992485238862,18.894256575415994,33.93048845947396,8.21256038647343,3.0595813204508855,1.247987117552335,0.6172839506172839,0.23483628556092323,0.13419216317767044,0.020128824476650563,,,
86,1.133923778851315,5.689747718733226,19.98792270531401,7.27992485238862,18.511808910359633,33.68894256575416,8.21256038647343,3.2139023081052067,1.2345679012345678,0.6575415995705851,0.23483628556092323,0.13419216317767044,0.020128824476650563,,,
87,1.0534084809447128,5.683038110574342,17.70665593129361,7.1658615136876005,18.183038110574344,36.42646269457864,8.21256038647343,3.5963499731615673,0.9057971014492754,0.6776704240472357,0.23483628556092323,0.13419216317767044,0.020128824476650563,,,
88,0.9259259259259259,5.669618894256575,19.37734836285561,7.239667203435319,18.129361245303276,35.25228126677402,8.105206655931294,3.488996242619431,0.7179280730005367,0.7045088566827697,0.23483628556092323,0.13419216317767044,0.020128824476650563,,,
89,0.9057971014492754,5.5689747718733225,20.598497047772412,7.333601717659689,17.337627482555018,34.96376811594203,7.856951154052603,3.488996242619431,0.8319914117015567,0.7380568974771873,0.2549651100375738,0.10064412238325282,0.020128824476650563,,,
90,0.9594739667203436,5.4549114331723025,20.29656468062265,7.347020933977456,17.297369833601717,34.272678475577024,8.809715512614064,3.556092324208266,0.8655394524959742,0.785024154589372,0.23483628556092323,0.10064412238325282,0.020128824476650563,,,
91,0.9796027911969941,5.4549114331723025,20.283145464304884,7.340311325818572,17.270531400966185,34.245840042941495,8.68894256575416,3.5628019323671496,0.9930220075147611,0.798443370907139,0.23483628556092323,0.11406333870101985,0.03354804079441761,,,
92,0.9192163177670424,5.059044551798175,22.5577026301664,7.50805152979066,16.566022544283413,33.05823939881911,8.628556092324208,3.5292538915727323,0.95276435856146,0.8118625872249061,0.23483628556092323,0.11406333870101985,0.06038647342995169,,,
93,0.9192163177670424,5.059044551798175,23.59098228663446,7.763016639828234,15.646806226516372,32.6556629092861,8.635265700483092,3.5762211486849167,0.9594739667203436,0.798443370907139,0.20799785292538917,0.11406333870101985,0.07380568974771873,,,
94,0.9393451422436929,5.025496511003757,23.51046698872786,7.809983896940419,15.613258185721953,32.6556629092861,8.601717659688674,3.569511540526033,1.0601180891035964,0.785024154589372,0.24154589371980675,0.11406333870101985,0.07380568974771873,,,
95,0.9460547504025765,5.005367686527107,23.43666129898014,7.843531937734836,15.626677402039721,32.59527643585615,8.581588835212024,3.616478797638218,1.1137949543746646,0.785024154589372,0.24154589371980675,0.13419216317767044,0.07380568974771873,,,
96,0.9460547504025765,4.918142780461621,23.409822866344605,7.816693505099302,15.626677402039721,32.51476113794954,8.581588835212024,3.7573805689747717,1.133923778851315,0.8118625872249061,0.27509393451422437,0.13419216317767044,0.07380568974771873,,,
97,1.0064412238325282,4.918142780461621,23.403113258185723,7.816693505099302,15.250939345142244,32.447665056360705,8.923778851315083,3.7573805689747717,1.1674718196457328,0.8185721953837896,0.27509393451422437,0.13419216317767044,0.08051529790660225,,,
98,1.0265700483091786,4.918142780461621,23.63123993558776,7.62211486849168,15.217391304347826,32.380568974771876,8.910359634997317,3.770799785292539,1.1674718196457328,0.8588298443370908,0.27509393451422437,0.13419216317767044,0.08722490606548577,,,
99,1.0534084809447128,4.918142780461621,23.59098228663446,7.601986044015029,15.190552871712292,32.35373054213634,8.923778851315083,3.770799785292539,1.2077294685990339,0.8722490606548577,0.27509393451422437,0.13419216317767044,0.10735373054213634,,,
100,1.0466988727858293,4.924852388620504,23.59098228663446,7.575147611379496,15.190552871712292,32.340311325818575,8.923778851315083,3.784219001610306,1.2077294685990339,0.8722490606548577,0.30193236714975846,0.13419216317767044,0.10735373054213634,,,
101,1.0265700483091786,4.911433172302737,23.087761674718198,7.340311325818572,14.418947933440688,31.280193236714975,11.252012882447666,3.9318303811057436,1.261406333870102,0.9326355340848095,0.30193236714975846,0.13419216317767044,0.12077294685990338,,,
102,1.0534084809447128,4.891304347826087,22.993827160493826,7.367149758454106,14.378690284487385,31.273483628556093,11.178207192699947,3.9318303811057436,1.328502415458937,0.966183574879227,0.30193236714975846,0.2147074610842727,0.12077294685990338,,,
103,0.9863123993558777,4.703435319377348,31.50161030595813,7.152442297369833,14.036500268384327,25.140901771336555,9.842995169082126,3.589640365002684,1.3419216317767042,0.9997316156736447,0.36902844873859364,0.2147074610842727,0.12077294685990338,,,
104,1.0131508319914118,4.019055287171229,33.9170692431562,7.0383789586688135,12.808641975308642,25.07380568974772,9.601449275362318,3.5963499731615673,1.3016639828234031,0.95276435856146,0.36231884057971014,0.18115942028985507,0.12077294685990338,0.013419216317767043,,
105,0.9863123993558777,3.9855072463768115,32.72275899087493,6.736446591519055,12.379227053140097,27.234299516908212,9.588030059044552,3.3548040794417604,1.2144390767579174,1.1137949543746646,0.36231884057971014,0.19457863660762212,0.11406333870101985,0.013419216317767043,,
106,0.9863123993558777,3.9184111647879765,32.59527643585615,6.790123456790123,12.587224906065487,27.18733225979603,9.567901234567902,3.227321524422974,1.247987117552335,1.1808910359634996,0.36231884057971014,0.19457863660762212,0.1274825550187869,0.013419216317767043,0.013419216317767043,
107,0.9863123993558777,3.9184111647879765,32.49463231347289,7.1658615136876005,12.553676865271068,26.82501341921632,9.5276435856146,3.2004830917874396,1.3419216317767042,1.2345679012345678,0.36231884057971014,0.23483628556092323,0.1274825550187869,0.013419216317767043,0.013419216317767043,
108,0.9728931830381106,3.911701556629093,32.46779388083736,7.635534084809447,12.305421363392378,26.65727321524423,9.386741814278047,3.2541599570585076,1.3687600644122384,1.2345679012345678,0.4025764895330113,0.23483628556092323,0.14090177133655393,0.013419216317767043,0.013419216317767043,
109,0.9997316156736447,3.911701556629093,32.41411701556629,7.568438003220612,12.29200214707461,26.617015566290927,9.386741814278047,3.33467525496511,1.4358561460010735,1.2345679012345678,0.4025764895330113,0.23483628556092323,0.14090177133655393,0.013419216317767043,0.013419216317767043,
110,0.8521202361782072,3.797638217928073,29.139828234031132,4.958400429414922,11.788781535158346,33.89023081052066,9.198872785829307,3.079710144927536,1.261406333870102,1.2278582930756843,0.4025764895330113,0.2214170692431562,0.14090177133655393,0.013419216317767043,0.026838432635534086,
111,0.6977992485238862,3.670155662909286,27.120236178207193,4.924852388620504,11.701556629092861,36.41975308641975,8.957326892109501,3.126677402039721,1.2815351583467525,1.3016639828234031,0.4025764895330113,0.2147074610842727,0.14090177133655393,0.013419216317767043,0.026838432635534086,
112,0.6374127750939346,3.670155662909286,24.932903918411164,4.53569511540526,10.68840579710145,40.61996779388084,9.25925925925926,2.7509393451422435,1.06682769726248,1.1003757380568975,0.4025764895330113,0.2147074610842727,0.08051529790660225,0.013419216317767043,0.026838432635534086,
113,0.6374127750939346,3.670155662909286,25.87224906065486,4.528985507246377,10.654857756307031,39.55984970477724,9.192163177670425,2.7844873859366612,1.1943102522812667,1.1607622114868492,0.4025764895330113,0.2214170692431562,0.08051529790660225,0.013419216317767043,0.026838432635534086,
114,0.6508319914117016,3.670155662909286,24.10091250670961,4.51556629092861,10.654857756307031,41.36473429951691,9.192163177670425,2.8113258185721954,1.1943102522812667,1.0869565217391304,0.4025764895330113,0.2214170692431562,0.0939345142243693,0.013419216317767043,0.026838432635534086,
115,0.6642512077294686,3.670155662909286,24.000268384326354,4.51556629092861,10.641438539989265,41.23054213633924,9.192163177670425,2.945517981749866,1.2949543746645196,1.0869565217391304,0.4025764895330113,0.2214170692431562,0.0939345142243693,0.013419216317767043,0.026838432635534086,
116,0.6575415995705851,3.643317230273752,23.939881910896403,4.280730005367687,10.258990874932904,40.552871712292,10.581052066559312,2.952227589908749,1.3016639828234031,1.0601180891035964,0.4025764895330113,0.23483628556092323,0.0939345142243693,0.013419216317767043,0.026838432635534086,
117,0.6843800322061192,3.643317230273752,23.79898013955985,4.280730005367687,10.111379495437467,40.4723564143854,10.567632850241546,3.0059044551798175,1.5432098765432098,1.107085346215781,0.4025764895330113,0.24825550187869028,0.0939345142243693,0.013419216317767043,0.026838432635534086,
118,0.7112184648416533,3.629898013955985,23.792270531400966,4.314278046162104,10.0979602791197,40.33145464304884,10.567632850241546,3.1065485775630703,1.5432098765432098,1.1205045625335481,0.4025764895330113,0.24825550187869028,0.0939345142243693,0.013419216317767043,0.026838432635534086,
119,0.7112184648416533,3.616478797638218,23.738593666129898,4.314278046162104,10.030864197530864,40.31803542673108,10.567632850241546,3.1333870101986045,1.6035963499731616,1.1808910359634996,0.4025764895330113,0.24825550187869028,0.0939345142243693,0.013419216317767043,0.026838432635534086,
120,0.7179280730005367,3.603059581320451,24.738325281803544,4.30756843800322,9.440418679549115,40.264358561460014,10.272410091250672,3.1602254428341383,1.4962426194310252,1.2144390767579174,0.4025764895330113,0.24825550187869028,0.0939345142243693,0.013419216317767043,0.026838432635534086,
121,0.7045088566827697,3.603059581320451,24.52361782071927,4.8443370907139025,9.426999463231347,39.89533011272142,10.245571658615138,3.1736446591519054,1.5365002683843263,1.2412775093934514,0.4025764895330113,0.2683843263553409,0.0939345142243693,0.013419216317767043,0.026838432635534086,
122,0.7447665056360708,3.3950617283950617,25.543478260869566,4.830917874396135,8.709071390230811,39.85507246376812,10.218733225979603,3.1535158346752548,1.5365002683843263,1.2077294685990339,0.4025764895330113,0.2683843263553409,0.0939345142243693,0.013419216317767043,0.026838432635534086,
123,0.7447665056360708,3.3950617283950617,28.488996242619432,4.669887278582931,8.715780998389693,37.23832528180354,10.245571658615138,2.9119699409554483,1.5365002683843263,1.2345679012345678,0.4025764895330113,0.2683843263553409,0.10735373054213634,0.013419216317767043,0.026838432635534086,
124,0.7447665056360708,3.3816425120772946,28.408480944712828,4.683306494900698,9.621578099838969,36.191626409017715,10.158346752549651,3.2139023081052067,1.5230810520665594,1.2345679012345678,0.4092860976918948,0.28180354267310787,0.10735373054213634,0.013419216317767043,0.026838432635534086,
125,0.7581857219538379,3.3816425120772946,28.06629092860977,4.663177670424047,9.594739667203436,34.94363929146538,11.614331723027375,3.33467525496511,1.5230810520665594,1.2681159420289856,0.4092860976918948,0.2952227589908749,0.10735373054213634,0.013419216317767043,0.026838432635534086,
126,0.7581857219538379,3.3816425120772946,28.918411164787976,4.64975845410628,10.38647342995169,33.353462157809986,11.56736446591519,3.361513687600644,1.442565754159957,1.2681159420289856,0.4227053140096618,0.3421900161030596,0.10735373054213634,0.013419216317767043,0.026838432635534086,
127,0.7581857219538379,3.3816425120772946,28.884863123993558,4.683306494900698,10.38647342995169,33.293075684380035,11.580783682232958,3.33467525496511,1.442565754159957,1.3217928073000538,0.4227053140096618,0.36231884057971014,0.10735373054213634,0.013419216317767043,0.026838432635534086,
128,0.798443370907139,3.3816425120772946,28.878153515834676,4.7101449275362315,10.185185185185185,32.769726247987116,12.110842726784755,3.5426731078904994,1.4492753623188406,1.3083735909822867,0.43612453032742887,0.28180354267310787,0.10735373054213634,0.013419216317767043,0.026838432635534086,
129,0.8185721953837896,3.3682232957595275,28.871443907675793,4.723564143853999,10.11808910359635,32.70263016639828,12.097423510466989,3.589640365002684,1.4492753623188406,1.3821792807300053,0.43612453032742887,0.2952227589908749,0.10735373054213634,0.013419216317767043,0.026838432635534086,
130,0.8319914117015567,3.3682232957595275,28.844605475040257,4.723564143853999,10.111379495437467,32.56172839506173,12.104133118625873,3.730542136339238,1.4626945786366077,1.3821792807300053,0.43612453032742887,0.2952227589908749,0.10735373054213634,0.013419216317767043,0.026838432635534086,
131,0.8521202361782072,3.3480944712828773,25.85212023617821,4.683306494900698,10.084541062801932,36.00375738056898,12.016908212560386,3.556092324208266,1.3419216317767042,1.3821792807300053,0.43612453032742887,0.2952227589908749,0.0939345142243693,0.026838432635534086,0.026838432635534086,
132,0.8588298443370908,3.3480944712828773,26.476113794954376,4.690016103059581,10.071121846484166,35.34621578099839,12.016908212560386,3.4957058507783145,1.3553408480944713,1.4626945786366077,0.43612453032742887,0.2952227589908749,0.0939345142243693,0.026838432635534086,0.026838432635534086,
133,0.8655394524959742,3.33467525496511,26.41572732152442,4.730273752012883,9.809447128287708,35.33279656468062,11.98336017176597,3.502415458937198,1.3754696725711217,1.7444981213097155,0.43612453032742887,0.322061191626409,0.0939345142243693,0.026838432635534086,0.026838432635534086,
134,0.8588298443370908,3.33467525496511,25.89908749329039,4.730273752012883,9.39345142243693,37.03703703703704,11.52710681696189,3.2675791733762747,1.4224369296833066,1.6035963499731616,0.43612453032742887,0.3421900161030596,0.0939345142243693,0.026838432635534086,0.026838432635534086,
135,0.8722490606548577,3.33467525496511,25.87224906065486,4.7638217928073,9.31964573268921,36.983360171765966,11.513687600644122,3.2742887815351582,1.5096618357487923,1.6237251744498122,0.43612453032742887,0.3488996242619431,0.0939345142243693,0.026838432635534086,0.026838432635534086,
136,0.8454106280193237,3.2675791733762747,27.502683843263554,4.851046698872786,9.41358024691358,35.487117552334944,11.218464841653248,3.2541599570585076,1.5365002683843263,1.6908212560386473,0.43612453032742887,0.3488996242619431,0.0939345142243693,0.026838432635534086,0.026838432635534086,
137,0.8789586688137413,3.240740740740741,28.31454643048846,4.830917874396135,9.406870638754697,35.30595813204509,10.721953837895867,3.1065485775630703,1.5633387010198605,1.6908212560386473,0.43612453032742887,0.35560923242082665,0.0939345142243693,0.026838432635534086,0.026838432635534086,
138,0.9057971014492754,3.240740740740741,28.30112721417069,4.85775630703167,9.406870638754697,35.20531400966183,10.701825013419215,3.140096618357488,1.5633387010198605,1.7042404723564144,0.43612453032742887,0.38915727321524424,0.0939345142243693,0.026838432635534086,0.026838432635534086,
139,0.9057971014492754,3.2139023081052067,29.51556629092861,4.790660225442834,8.809715512614064,35.11808910359635,10.373054213633925,3.166935050993022,1.6438539989264627,1.5230810520665594,0.43612453032742887,0.36902844873859364,0.0939345142243693,0.013419216317767043,0.026838432635534086,
140,0.9057971014492754,3.2139023081052067,29.441760601180892,4.790660225442834,8.809715512614064,35.037573805689746,10.352925389157273,3.2474503488996245,1.7176596886741815,1.5230810520665594,0.43612453032742887,0.38915727321524424,0.0939345142243693,0.013419216317767043,0.026838432635534086,
141,0.9057971014492754,3.2139023081052067,29.394793344068706,4.790660225442834,8.816425120772946,34.997316156736446,10.352925389157273,3.260869565217391,1.7444981213097155,1.5633387010198605,0.43612453032742887,0.38915727321524424,0.0939345142243693,0.013419216317767043,0.026838432635534086,
142,0.9057971014492754,3.2004830917874396,29.07944176060118,4.683306494900698,8.829844337090714,34.977187332259795,10.312667740203972,3.280998389694042,1.8786902844873858,1.892109500805153,0.43612453032742887,0.38915727321524424,0.0939345142243693,0.013419216317767043,0.026838432635534086,
143,0.9259259259259259,3.2004830917874396,28.965378421900162,4.683306494900698,8.76274825550188,34.90338164251208,10.373054213633925,3.307836822329576,2.046430488459474,1.8853998926462694,0.43612453032742887,0.38915727321524424,0.08051529790660225,0.013419216317767043,0.026838432635534086,
144,0.9259259259259259,3.2004830917874396,28.837895866881375,4.683306494900698,8.76274825550188,34.90338164251208,10.373054213633925,3.321256038647343,2.1739130434782608,1.8853998926462694,0.43612453032742887,0.3757380568974772,0.08051529790660225,0.013419216317767043,0.026838432635534086,
145,0.9393451422436929,3.193773483628556,28.73054213633924,4.7101449275362315,8.715780998389693,33.313204508856685,10.38647342995169,4.904723564143854,2.26784755770263,1.90552871712292,0.43612453032742887,0.3757380568974772,0.08051529790660225,0.013419216317767043,0.026838432635534086,
146,0.9796027911969941,3.166935050993022,28.529253891572733,4.696725711218465,8.68894256575416,33.05823939881911,10.433440687063875,5.199946323134729,2.328234031132582,1.90552871712292,0.43612453032742887,0.4562533548040794,0.08051529790660225,0.013419216317767043,0.026838432635534086,
147,0.798443370907139,8.158883521202362,27.992485238862052,4.253891572732153,7.132313472893183,31.280193236714975,10.265700483091788,5.2066559312936125,2.147074610842727,1.751207729468599,0.43612453032742887,0.4562533548040794,0.08051529790660225,0.013419216317767043,0.026838432635534086,
148,0.798443370907139,8.152173913043478,27.992485238862052,4.260601180891036,7.105475040257649,31.206387546967257,10.299248523886206,5.246913580246914,2.1604938271604937,1.7713365539452497,0.41599570585077833,0.46967257112184646,0.08051529790660225,0.013419216317767043,0.026838432635534086,
149,0.6575415995705851,7.353730542136339,33.42055823939882,3.502415458937198,5.877616747181965,29.97181964573269,9.796027911969942,4.998658078368224,2.033011272141707,1.442565754159957,0.36231884057971014,0.4562533548040794,0.08722490606548577,0.013419216317767043,0.026838432635534086,
150,0.6843800322061192,7.353730542136339,33.319914117015564,3.502415458937198,5.8239398819108965,29.864465915190554,9.762479871175524,5.10601180891036,2.15378421900161,1.4962426194310252,0.36231884057971014,0.4562533548040794,0.07380568974771873,0.013419216317767043,0.026838432635534086,
151,0.6843800322061192,7.353730542136339,33.299785292538914,3.4621578099838968,5.83064949006978,29.810789049919485,9.742351046698873,5.173107890499195,2.1604938271604937,1.5297906602254427,0.3824476650563607,0.4562533548040794,0.07380568974771873,0.013419216317767043,0.026838432635534086,
152,0.7179280730005367,7.2933440687063875,33.80971551261406,3.6768652710681695,5.83064949006978,29.01905528717123,9.829575952764358,5.112721417069243,2.254428341384863,1.5029522275899088,0.3824476650563607,0.4562533548040794,0.07380568974771873,0.013419216317767043,0.026838432635534086,
153,0.7581857219538379,7.27992485238862,33.76945786366076,3.6902844873859366,5.83064949006978,28.965378421900162,9.829575952764358,5.166398282340311,2.254428341384863,1.5029522275899088,0.3824476650563607,0.4562533548040794,0.07380568974771873,0.013419216317767043,0.026838432635534086,
154,0.7648953301127214,7.27992485238862,33.742619431025226,3.7372517444981215,5.8239398819108965,28.958668813741276,9.802737520128824,5.166398282340311,2.281266774020397,1.4962426194310252,0.3824476650563607,0.4495437466451959,0.07380568974771873,0.013419216317767043,0.026838432635534086,
155,0.7581857219538379,7.27992485238862,33.675523349436396,3.7372517444981215,7.0450885668276975,27.49597423510467,9.802737520128824,5.414653784219001,2.2946859903381642,1.5499194847020934,0.3824476650563607,0.4495437466451959,0.07380568974771873,0.013419216317767043,0.026838432635534086,
156,0.7246376811594203,7.226247987117552,32.76301663982824,3.535963499731616,7.024959742351046,28.884863123993558,9.681964573268921,5.267042404723564,2.3081052066559313,1.596886741814278,0.3824476650563607,0.47638217928073,0.08722490606548577,0.013419216317767043,0.026838432635534086,
157,0.7246376811594203,6.890767579173376,32.7361782071927,3.8580246913580245,7.024959742351046,28.85131508319914,9.64170692431562,5.253623188405797,2.3349436392914655,1.6505636070853462,0.3824476650563607,0.5099302200751477,0.10064412238325282,0.013419216317767043,0.026838432635534086,
158,0.5636070853462157,6.535158346752549,30.776972624798713,2.818035426731079,5.24020397208803,39.841653247450346,5.119431025228127,4.9718196457326895,2.2879763821792807,1.3352120236178207,0.19457863660762212,0.2281266774020397,0.08722490606548577,,,
159,0.5434782608695652,6.407675791733762,28.495705850778315,3.2877079978529253,5.24020397208803,42.82742887815352,4.891304347826087,4.938271604938271,1.5365002683843263,1.3217928073000538,0.19457863660762212,0.2281266774020397,0.08722490606548577,,,
160,0.5568974771873323,6.394256575415996,28.421900161030596,3.2742887815351582,5.24020397208803,42.73349436392915,4.891304347826087,5.018786902844874,1.570048309178744,1.3620504562533549,0.19457863660762212,0.2281266774020397,0.11406333870101985,,,
161,0.5703166935050993,6.367418142780462,28.348094471282877,3.2340311325818574,5.24020397208803,42.64626945786366,4.985238862050457,5.059044551798175,1.6505636070853462,1.3620504562533549,0.19457863660762212,0.2281266774020397,0.11406333870101985,,,
162,0.5703166935050993,6.367418142780462,28.348094471282877,3.2340311325818574,5.24020397208803,42.612721417069245,4.985238862050457,5.092592592592593,1.6505636070853462,1.3620504562533549,0.19457863660762212,0.2281266774020397,0.11406333870101985,,,
163,0.5703166935050993,6.367418142780462,28.307836822329577,3.2340311325818574,5.24020397208803,42.290660225442835,4.978529253891573,5.421363392377885,1.6908212560386473,1.3620504562533549,0.19457863660762212,0.2281266774020397,0.11406333870101985,,,
