,45,50,55,52,53,54,51,57,56,58,61,60,59
0,95.98094471282877,4.019055287171229,,,,,,,,,,,
1,95.92055823939882,4.079441760601181,,,,,,,,,,,
2,95.10198604401504,4.62962962962963,0.2683843263553409,,,,,,,,,,
3,95.02147074610842,4.7101449275362315,0.2683843263553409,,,,,,,,,,
4,86.65458937198068,13.077026301663983,0.2683843263553409,,,,,,,,,,
5,85.31266774020398,14.512882447665056,0.17444981213097155,,,,,,,,,,
6,82.72275899087494,17.008856682769725,0.2683843263553409,,,,,,,,,,
7,81.56199677938808,16.961889425657542,0.14090177133655393,1.2815351583467525,0.05367686527106817,,,,,,,,
8,79.9718196457327,18.4044551798175,0.2616747181964573,1.2815351583467525,0.05367686527106817,0.026838432635534086,,,,,,,
9,79.91814278046162,18.183038110574344,0.5434782608695652,1.2815351583467525,0.04696725711218465,0.026838432635534086,,,,,,,
10,76.69753086419753,21.36339237788513,0.5434782608695652,1.3217928073000538,0.04696725711218465,0.026838432635534086,,,,,,,
11,76.02657004830918,22.061191626409016,0.5166398282340311,1.3217928073000538,0.04696725711218465,0.026838432635534086,,,,,,,
12,70.47101449275362,27.61003757380569,0.5233494363929146,1.3217928073000538,0.04696725711218465,0.026838432635534086,,,,,,,
13,70.37037037037037,27.563070316693505,0.6709608158883521,1.3217928073000538,0.04696725711218465,0.026838432635534086,,,,,,,
14,70.36366076221148,27.415458937198068,0.6709608158883521,1.3217928073000538,0.04696725711218465,0.18115942028985507,,,,,,,
15,70.14224369296834,26.85185185185185,0.5568974771873323,1.3217928073000538,0.04696725711218465,0.18115942028985507,0.8990874932903918,,,,,,
16,66.90150295222759,30.01207729468599,0.6374127750939346,1.3016639828234031,0.04696725711218465,0.18115942028985507,0.8990874932903918,0.020128824476650563,,,,,
17,65.73403113258186,30.12614063338701,0.7514761137949544,2.2410091250670963,0.04696725711218465,0.18115942028985507,0.8990874932903918,0.020128824476650563,,,,,
18,65.68706387546968,30.173107890499196,0.7514761137949544,2.2410091250670963,0.04696725711218465,0.18115942028985507,0.8990874932903918,0.020128824476650563,,,,,
19,65.23752012882447,30.52871712292002,0.7514761137949544,2.200751476113795,0.04696725711218465,0.3153515834675255,0.8990874932903918,0.020128824476650563,,,,,
20,61.64117015566291,23.960010735373054,0.5837359098228664,2.167203435319377,0.04696725711218465,0.3153515834675255,11.231884057971014,0.05367686527106817,,,,,
21,61.68142780461621,23.8191089640365,0.6038647342995169,2.167203435319377,0.04696725711218465,0.4495437466451959,11.178207192699947,0.05367686527106817,,,,,
22,60.560923242082666,24.93961352657005,0.6038647342995169,2.167203435319377,0.04696725711218465,0.4495437466451959,11.178207192699947,0.05367686527106817,,,,,
23,60.621309715512616,24.879227053140095,0.6038647342995169,2.167203435319377,0.04696725711218465,0.4495437466451959,11.178207192699947,0.05367686527106817,,,,,
24,54.200214707461086,30.689747718733226,0.6038647342995169,2.15378421900161,0.04696725711218465,1.3888888888888888,10.88298443370907,0.03354804079441761,,,,,
25,43.76677402039721,31.49490069779925,0.7514761137949544,2.24771873322598,0.1878690284487386,1.6774020397208802,19.840311325818572,0.03354804079441761,,,,,
26,41.217122920021474,26.778046162104133,0.9460547504025765,2.15378421900161,0.1878690284487386,1.6505636070853462,27.059849704777243,0.0067096081588835215,,,,,
27,41.31105743424584,26.724369296833064,0.95276435856146,2.1940418679549114,0.1878690284487386,1.6505636070853462,26.972624798711756,0.0067096081588835215,,,,,
28,41.45195920558239,26.65727321524423,1.0198604401502953,2.1940418679549114,0.1878690284487386,1.6505636070853462,26.8317230273752,0.0067096081588835215,,,,,
29,19.900697799248523,68.15619967793882,1.596886741814278,0.8521202361782072,,1.3553408480944713,8.132045088566828,0.0067096081588835215,,,,,
30,20.04830917874396,67.94820182501341,1.6572732152442298,0.8521202361782072,,1.3553408480944713,8.132045088566828,0.0067096081588835215,,,,,
31,19.83360171765969,62.466451959205585,1.6304347826086956,7.065217391304348,1.8518518518518519,1.3553408480944713,5.790391841116479,0.0067096081588835215,,,,,
32,19.585346215780998,60.950080515297905,2.0665593129361244,6.709608158883521,2.0397208803005906,3.8378958668813743,3.9989264626945786,0.0067096081588835215,0.8051529790660226,,,,
33,18.17632850241546,59.916800858829845,2.214170692431562,6.702898550724638,2.0531400966183573,3.7909286097691894,6.333870101986044,0.0067096081588835215,0.8051529790660226,,,,
34,18.223295759527645,59.80273752012882,2.26784755770263,6.66935050993022,1.9994632313472893,3.8580246913580245,6.333870101986044,0.040257648953301126,0.8051529790660226,,,,
35,18.04884594739667,50.919216317767045,2.200751476113795,7.548309178743962,1.9994632313472893,12.218196457326892,6.219806763285024,0.040257648953301126,0.8051529790660226,,,,
36,18.06226516371444,50.46296296296296,2.1403650026838434,7.548309178743962,5.9447128287707995,9.829575952764358,5.139559849704777,0.040257648953301126,0.8051529790660226,0.026838432635534086,,,
37,18.06226516371444,49.3894256575416,3.2206119162640903,7.50805152979066,5.22007514761138,10.587761674718196,5.112721417069243,0.06709608158883522,0.7783145464304885,0.026838432635534086,0.026838432635534086,,
38,18.00187869028449,49.13446054750403,3.260869565217391,7.467793880837359,5.555555555555555,10.540794417606012,5.112721417069243,0.0939345142243693,0.7783145464304885,0.026838432635534086,0.026838432635534086,,
39,18.17632850241546,49.013687600644126,3.2541599570585076,7.6623725174449815,5.555555555555555,10.507246376811594,4.904723564143854,0.0939345142243693,0.7783145464304885,0.026838432635534086,0.026838432635534086,,
40,18.095813204508858,48.752012882447666,3.6097691894793345,7.628824476650563,5.555555555555555,10.48040794417606,4.904723564143854,0.0939345142243693,0.8051529790660226,0.026838432635534086,0.026838432635534086,0.020128824476650563,
41,18.14278046162104,48.62453032742888,3.743961352657005,7.588566827697263,5.555555555555555,10.373054213633925,4.891304347826087,0.14761137949543746,0.8051529790660226,0.026838432635534086,0.026838432635534086,0.020128824476650563,0.05367686527106817
42,14.445786366076222,52.79790660225443,3.8378958668813743,7.139023081052066,5.528717122920021,10.373054213633925,4.824208266237251,0.14761137949543746,0.7783145464304885,0.026838432635534086,0.026838432635534086,0.020128824476650563,0.05367686527106817
43,14.304884594739667,52.29468599033817,4.51556629092861,7.139023081052066,5.414653784219001,10.34621578099839,4.817498658078368,0.2281266774020397,0.7783145464304885,0.06038647342995169,0.026838432635534086,0.020128824476650563,0.05367686527106817
44,14.439076757917338,52.14707461084273,4.562533548040794,7.132313472893183,5.414653784219001,10.319377348362856,4.790660225442834,0.2281266774020397,0.7783145464304885,0.06038647342995169,0.026838432635534086,0.020128824476650563,0.08051529790660225
45,14.51959205582394,51.94578636607622,4.696725711218465,7.132313472893183,5.394524959742351,10.225442834138486,4.790660225442834,0.2281266774020397,0.7783145464304885,0.08051529790660225,0.026838432635534086,0.020128824476650563,0.1610305958132045
46,14.51959205582394,51.12050456253355,4.797369833601718,7.0383789586688135,5.475040257648954,10.950080515297907,4.74369296833065,0.2281266774020397,0.8387010198604401,0.08051529790660225,0.026838432635534086,0.020128824476650563,0.1610305958132045
47,13.117283950617283,49.44981213097155,4.871175523349437,6.743156199677939,5.2066559312936125,11.627750939345143,7.50805152979066,0.2147074610842727,0.9728931830381106,0.08051529790660225,0.026838432635534086,0.020128824476650563,0.1610305958132045
48,13.298443370907139,49.31561996779388,4.797369833601718,6.736446591519055,5.2066559312936125,11.647879763821793,7.521470746108427,0.2147074610842727,0.9728931830381106,0.08051529790660225,0.026838432635534086,0.020128824476650563,0.1610305958132045
49,13.117283950617283,47.75228126677402,3.5762211486849167,6.736446591519055,5.347557702630167,14.459205582393988,7.521470746108427,0.2147074610842727,0.9728931830381106,0.0939345142243693,0.026838432635534086,0.020128824476650563,0.1610305958132045
50,13.063607085346217,47.658346752549654,3.6366076221148687,6.723027375201288,5.320719269994632,15.076489533011273,7.0450885668276975,0.20128824476650564,0.9728931830381106,0.0939345142243693,0.026838432635534086,0.020128824476650563,0.1610305958132045
51,13.077026301663983,46.423778851315085,3.629898013955985,6.642512077294686,5.273752012882448,16.431830381105744,6.474771873322598,0.20128824476650564,1.5499194847020934,0.14090177133655393,0.026838432635534086,0.020128824476650563,0.10735373054213634
52,12.949543746645196,46.443907675791735,3.6634460547504024,6.642512077294686,5.267042404723564,16.384863123993558,6.4345142243692965,0.20128824476650564,1.5767579173376274,0.14761137949543746,0.026838432635534086,0.020128824476650563,0.24154589371980675
53,12.902576489533011,45.48443370907139,3.6366076221148687,7.675791733762749,4.864465915190553,16.076221148684915,6.421095008051529,0.20128824476650564,2.26784755770263,0.20799785292538917,0.026838432635534086,0.020128824476650563,0.2147074610842727
54,12.285292538915728,44.0552871712292,3.629898013955985,7.669082125603865,4.864465915190553,16.0426731078905,8.480944712828771,0.20128824476650564,2.26784755770263,0.20799785292538917,0.026838432635534086,0.020128824476650563,0.24825550187869028
55,12.473161567364466,43.86070853462158,3.7238325281803544,7.615405260332796,4.804079441760601,16.035963499731615,8.480944712828771,0.2616747181964573,2.2410091250670963,0.20799785292538917,0.026838432635534086,0.020128824476650563,0.24825550187869028
56,12.466451959205582,43.86070853462158,4.374664519592056,7.185990338164252,4.804079441760601,16.035963499731615,8.313204508856682,0.2281266774020397,2.227589908749329,0.20799785292538917,0.026838432635534086,0.020128824476650563,0.24825550187869028
57,12.580515297906603,43.84728931830381,4.374664519592056,7.14573268921095,4.770531400966184,15.94873859366613,8.299785292538916,0.2281266774020397,2.24771873322598,0.20799785292538917,0.026838432635534086,0.020128824476650563,0.30193236714975846
58,12.681159420289855,43.53864734299517,4.582662372517445,7.14573268921095,4.770531400966184,15.94873859366613,8.299785292538916,0.2281266774020397,2.2208803005904456,0.20799785292538917,0.05367686527106817,0.020128824476650563,0.30193236714975846
59,12.70799785292539,41.418411164787976,4.488727858293076,10.312667740203972,4.770531400966184,15.854804079441761,7.306763285024155,0.2683843263553409,2.24771873322598,0.20799785292538917,0.05367686527106817,0.020128824476650563,0.3421900161030596
60,11.741814278046162,41.458668813741276,5.515297906602254,10.258990874932904,4.736983360171766,15.707192699946322,7.306763285024155,0.2683843263553409,2.2342995169082127,0.32877079978529256,0.05367686527106817,0.020128824476650563,0.36902844873859364
61,11.493558776167472,40.11674718196457,5.984970477724101,11.782071926999464,4.723564143853999,15.693773483628556,6.998121309715513,0.24154589371980675,2.2208803005904456,0.32877079978529256,0.05367686527106817,0.020128824476650563,0.3421900161030596
62,10.88298443370907,39.88862050456253,5.984970477724101,11.768652710681696,4.723564143853999,15.660225442834138,7.863660762211487,0.24154589371980675,2.2208803005904456,0.32877079978529256,0.05367686527106817,0.020128824476650563,0.36231884057971014
63,10.909822866344605,39.05662909286098,6.796833064949007,11.768652710681696,4.7168545356951155,15.660225442834138,7.863660762211487,0.24154589371980675,2.2208803005904456,0.32877079978529256,0.05367686527106817,0.020128824476650563,0.36231884057971014
64,10.990338164251208,38.83521202361782,6.837090713902308,11.714975845410628,4.7168545356951155,15.848094471282877,7.830112721417069,0.24154589371980675,2.2208803005904456,0.32877079978529256,0.05367686527106817,0.020128824476650563,0.36231884057971014
65,11.044015029522276,38.7614063338701,6.904186795491143,11.721685453569512,4.7168545356951155,15.807836822329575,7.823403113258186,0.2885131508319914,2.167203435319377,0.32877079978529256,0.05367686527106817,0.020128824476650563,0.36231884057971014
66,10.970209339774557,38.801663982823406,6.9310252281266775,11.708266237251744,5.736714975845411,14.895330112721417,7.796564680622652,0.2885131508319914,2.1940418679549114,0.36902844873859364,0.05367686527106817,0.020128824476650563,0.23483628556092323
67,10.93666129898014,36.3996242619431,9.433709071390231,11.708266237251744,5.589103596349974,14.855072463768115,7.796564680622652,0.2885131508319914,2.1940418679549114,0.48980139559849706,0.05367686527106817,0.020128824476650563,0.23483628556092323
68,11.010466988727858,36.312399355877616,9.453837895866881,11.641170155662909,5.622651637144391,14.814814814814815,7.9106280193236715,0.2885131508319914,2.147074610842727,0.48980139559849706,0.05367686527106817,0.020128824476650563,0.23483628556092323
69,11.044015029522276,35.970209339774556,9.822866344605474,11.621041331186259,5.595813204508857,14.801395598497047,7.9106280193236715,0.2885131508319914,2.147074610842727,0.48980139559849706,0.05367686527106817,0.020128824476650563,0.23483628556092323
70,11.16478797638218,35.92324208266237,9.77589908749329,11.500268384326356,5.595813204508857,14.700751476113794,7.863660762211487,0.5434782608695652,2.147074610842727,0.47638217928073,0.05367686527106817,0.020128824476650563,0.23483628556092323
71,11.211755233494364,35.90311325818572,9.75577026301664,11.493558776167472,5.595813204508857,14.586688137412775,7.863660762211487,0.5434782608695652,2.147074610842727,0.47638217928073,0.05367686527106817,0.020128824476650563,0.3488996242619431
72,11.064143853998926,31.159420289855074,9.708803005904455,9.769189479334408,6.360708534621578,14.553140096618357,13.81508319914117,0.5233494363929146,2.147074610842727,0.47638217928073,0.05367686527106817,0.020128824476650563,0.3488996242619431
73,10.453569511540525,29.656468062265162,9.936929683306495,8.219269994632313,5.589103596349974,14.492753623188406,18.14278046162104,0.48980139559849706,2.147074610842727,0.4495437466451959,0.05367686527106817,0.020128824476650563,0.3488996242619431
74,10.473698336017177,29.60950080515298,9.950348899624261,8.21256038647343,5.71658615136876,14.371980676328503,18.115942028985508,0.5300590445517982,2.147074610842727,0.4495437466451959,0.05367686527106817,0.020128824476650563,0.3488996242619431
75,10.406602254428341,28.837895866881375,10.782340311325818,10.513955984970478,5.5689747718733225,14.325013419216317,15.841384863123993,0.5300590445517982,2.2946859903381642,0.47638217928073,0.05367686527106817,0.020128824476650563,0.3488996242619431
76,9.829575952764358,27.059849704777243,10.258990874932904,11.345947396672035,5.5689747718733225,16.760601180891037,15.4723564143854,0.5300590445517982,2.2946859903381642,0.47638217928073,0.05367686527106817,,0.3488996242619431
77,10.050993022007514,26.94578636607622,10.292538915727322,11.312399355877616,5.5689747718733225,16.59286097691895,15.438808373590982,0.6642512077294686,2.2745571658615136,0.47638217928073,0.06038647342995169,,0.322061191626409
78,10.00402576489533,27.113526570048307,10.272410091250672,11.171497584541063,5.669618894256575,16.532474503488995,15.418679549114332,0.6642512077294686,2.26784755770263,0.47638217928073,0.06038647342995169,,0.3488996242619431
79,9.990606548577563,27.033011272141707,10.185185185185185,12.526838432635534,5.669618894256575,16.485507246376812,14.217659688674182,0.6642512077294686,2.26784755770263,0.5501878690284487,0.06038647342995169,,0.3488996242619431
80,10.0979602791197,26.321792807300053,10.849436392914654,12.52012882447665,5.6964573268921095,16.445249597423512,14.17740203972088,0.6642512077294686,2.26784755770263,0.5501878690284487,0.06038647342995169,,0.3488996242619431
81,10.21202361782072,26.288244766505635,10.802469135802468,12.446323134728932,5.683038110574342,16.364734299516908,14.170692431561998,0.8454106280193237,2.227589908749329,0.5501878690284487,0.06038647342995169,,0.3488996242619431
82,10.084541062801932,25.939345142243692,10.721953837895867,13.298443370907139,5.662909286097692,16.532474503488995,13.620504562533547,0.8454106280193237,2.3349436392914655,0.5501878690284487,0.06038647342995169,,0.3488996242619431
83,10.071121846484166,25.41599570585078,10.721953837895867,11.272141706924316,5.662909286097692,16.15673644659152,16.404991948470208,0.8454106280193237,2.4020397208803006,0.6374127750939346,0.06038647342995169,,0.3488996242619431
84,10.25228126677402,25.39586688137413,10.7085346215781,11.238593666129898,5.676328502415459,16.14331723027375,16.29092860976919,0.8454106280193237,2.4020397208803006,0.6374127750939346,0.06038647342995169,,0.3488996242619431
85,8.742619431025227,19.900697799248523,10.21202361782072,25.033548040794418,5.508588298443371,12.828770799785293,13.801663982823403,0.8319914117015567,2.368491680085883,0.4830917874396135,0.06038647342995169,,0.2281266774020397
86,8.796296296296296,19.860440150295222,10.21202361782072,25.0,5.508588298443371,12.842190016103059,13.801663982823403,0.8655394524959742,2.341653247450349,0.4830917874396135,0.06038647342995169,,0.2281266774020397
87,8.870101986044014,19.81347289318304,10.258990874932904,24.973161567364468,5.508588298443371,12.815351583467525,13.774825550187868,0.8655394524959742,2.3483628556092326,0.4830917874396135,0.06038647342995169,,0.2281266774020397
88,7.722758990874933,23.396403650026837,10.312667740203972,24.771873322597962,5.401234567901234,12.674449812130971,11.77536231884058,0.8655394524959742,2.3215244229736984,0.4830917874396135,0.06038647342995169,,0.2147074610842727
89,7.883789586688137,23.282340311325818,10.19189479334407,24.52361782071927,5.367686527106817,12.97638217928073,11.714975845410628,0.9259259259259259,2.3483628556092326,0.5099302200751477,0.06038647342995169,,0.2147074610842727
90,7.830112721417069,23.18840579710145,9.668545356951155,27.42216854535695,4.30756843800322,12.385936661298981,11.54723564143854,0.7783145464304885,2.227589908749329,0.36902844873859364,0.06038647342995169,,0.2147074610842727
91,7.944176060118089,23.17498658078368,9.769189479334408,27.30810520665593,4.30756843800322,12.25174449812131,11.513687600644122,0.8051529790660226,2.2611379495437465,0.36902844873859364,0.06038647342995169,,0.23483628556092323
92,7.997852925389157,23.17498658078368,9.749060654857756,26.979334406870638,4.30756843800322,12.057165861513688,10.507246376811594,0.95276435856146,3.6097691894793345,0.36902844873859364,0.06038647342995169,,0.23483628556092323
93,8.09849704777241,23.161567364465917,9.749060654857756,26.84514224369297,4.30756843800322,11.90955448201825,10.23215244229737,1.0735373054213635,3.9049919484702094,0.36902844873859364,0.06038647342995169,,0.2885131508319914
94,8.011272141706923,22.624798711755233,9.232420826623725,28.858024691358025,4.28743961352657,11.11111111111111,10.23215244229737,1.1406333870101986,3.9049919484702094,0.2885131508319914,0.06038647342995169,,0.24825550187869028
95,7.501341921631776,22.785829307568438,11.272141706924316,28.227321524422972,4.280730005367687,11.077563070316694,9.192163177670425,1.1406333870101986,3.898282340311326,0.28180354267310787,0.06038647342995169,,0.28180354267310787
96,7.48792270531401,19.806763285024154,8.655394524959743,28.931830381105744,8.353462157809984,11.963231347289318,9.185453569511541,1.1607622114868492,3.8043478260869565,0.30864197530864196,0.06038647342995169,,0.28180354267310787
97,7.447665056360709,19.598765432098766,8.279656468062266,29.03918411164788,6.226516371443908,14.828234031132581,9.084809447128288,1.0332796564680622,3.8915727321524423,0.2616747181964573,0.06038647342995169,,0.24825550187869028
98,7.48792270531401,19.585346215780998,8.279656468062266,29.032474503488995,6.226516371443908,14.821524422973699,9.064680622651638,1.0332796564680622,3.864734299516908,0.2952227589908749,0.06038647342995169,,0.24825550187869028
99,7.669082125603865,19.51154052603328,7.018250134192163,30.327428878153516,6.213097155126141,14.76784755770263,8.722490606548577,1.1272141706924315,4.005636070853462,0.32877079978529256,0.06038647342995169,,0.24825550187869028
100,7.843531937734836,19.47128287707998,6.957863660762212,30.26033279656468,6.1929683306494905,14.741009125067096,8.709071390230811,1.1876006441223832,3.9989264626945786,0.32877079978529256,0.06038647342995169,,0.24825550187869028
101,7.353730542136339,17.357756307031668,5.307300053676865,22.685185185185187,6.159420289855072,12.47987117552335,23.577563070316693,1.0131508319914118,3.5628019323671496,0.2952227589908749,0.06038647342995169,,0.14761137949543746
102,7.427536231884058,17.330917874396135,5.293880837359098,22.63150831991412,6.159420289855072,12.466451959205582,23.55072463768116,1.0534084809447128,3.5628019323671496,0.3153515834675255,0.06038647342995169,,0.14761137949543746
103,7.601986044015029,17.297369833601717,5.307300053676865,22.584541062801932,6.146001073537305,12.4597423510467,23.49033816425121,1.0534084809447128,3.535963499731616,0.3153515834675255,0.06038647342995169,,0.14761137949543746
104,7.568438003220612,16.982018250134193,5.300590445517981,25.201288244766506,6.447933440687064,12.4597423510467,21.115136876006442,1.0534084809447128,3.3279656468062266,0.33548040794417605,0.06038647342995169,,0.14761137949543746
105,7.266505636070853,16.203703703703702,4.9718196457326895,26.29495437466452,6.4345142243692965,12.359098228663447,20.685721953837895,1.932367149758454,3.307836822329576,0.33548040794417605,0.06038647342995169,,0.14761137949543746
106,7.347020933977456,16.17686527106817,5.24020397208803,26.1808910359635,6.4345142243692965,12.325550187869029,20.544820182501343,1.932367149758454,3.2742887815351582,0.33548040794417605,0.06038647342995169,,0.14761137949543746
107,7.387278582930757,16.14331723027375,5.24020397208803,27.30810520665593,6.427804616210413,12.29200214707461,20.50456253354804,0.8051529790660226,3.3480944712828773,0.33548040794417605,0.06038647342995169,,0.14761137949543746
108,7.353730542136339,15.982286634460548,5.387815351583468,27.28797638217928,6.427804616210413,12.412775093934513,20.497852925389157,0.7581857219538379,3.3480944712828773,0.33548040794417605,0.06038647342995169,,0.14761137949543746
109,7.474503488996243,15.693773483628556,5.562265163714439,26.86527106816962,7.648953301127214,12.184648416532475,19.0955448201825,0.7380568974771873,4.159957058507783,0.36902844873859364,0.06038647342995169,,0.14761137949543746
110,7.501341921631776,15.666935050993022,5.5689747718733225,26.78475577026302,7.561728395061729,12.157809983896941,19.00161030595813,0.9460547504025765,4.186795491143317,0.41599570585077833,0.06038647342995169,,0.14761137949543746
111,7.514761137949543,15.579710144927537,5.71658615136876,26.78475577026302,7.561728395061729,12.117552334943639,18.99490069779925,0.9460547504025765,4.133118625872249,0.41599570585077833,0.06038647342995169,,0.17444981213097155
112,7.648953301127214,15.573000536768653,5.71658615136876,26.8317230273752,7.541599570585078,12.050456253354804,18.80703166935051,0.9460547504025765,4.233762748255502,0.41599570585077833,0.06038647342995169,,0.17444981213097155
113,7.682501341921632,15.573000536768653,6.977992485238862,26.704240472356414,6.474771873322598,11.976650563607086,18.686258722490606,0.9460547504025765,4.327697262479871,0.3824476650563607,0.06038647342995169,,0.20799785292538917
114,7.695920558239399,15.526033279656469,7.071926999463232,27.093397745571657,6.474771873322598,11.869296833064949,18.08239398819109,1.2077294685990339,4.294149221685454,0.3824476650563607,0.06038647342995169,,0.24154589371980675
115,7.333601717659689,14.620236178207193,6.991411701556629,24.651100375738057,6.468062265163715,11.352657004830919,22.564412238325282,1.1808910359634996,4.05931293612453,0.5032206119162641,0.03354804079441761,,0.24154589371980675
116,7.37385936661299,14.667203435319378,6.971282877079979,24.63768115942029,6.461352657004831,11.352657004830919,22.517444981213096,1.1808910359634996,4.045893719806763,0.5166398282340311,0.03354804079441761,,0.24154589371980675
117,7.253086419753086,13.7211486849168,5.790391841116479,29.60950080515298,5.911164787976382,10.406602254428341,21.40365002683843,1.1808910359634996,3.965378421900161,0.4830917874396135,0.03354804079441761,,0.24154589371980675
118,7.367149758454106,13.694310252281268,5.770263016639828,29.59608158883521,5.911164787976382,10.379763821792807,21.3768115942029,1.1808910359634996,3.965378421900161,0.4830917874396135,0.03354804079441761,,0.24154589371980675
119,7.447665056360709,13.694310252281268,5.736714975845411,29.59608158883521,5.924584004294149,10.359634997316157,21.349973161567366,1.1808910359634996,3.965378421900161,0.46967257112184646,0.03354804079441761,,0.24154589371980675
120,7.521470746108427,13.506441223832528,5.877616747181965,29.59608158883521,5.924584004294149,10.38647342995169,21.349973161567366,1.1808910359634996,3.938539989264627,0.4428341384863124,0.03354804079441761,,0.24154589371980675
121,7.467793880837359,13.459473966720344,5.092592592592593,31.03864734299517,5.864197530864198,9.936929683306495,21.316425120772948,1.1674718196457328,3.938539989264627,0.4428341384863124,0.03354804079441761,,0.24154589371980675
122,7.568438003220612,13.459473966720344,5.018786902844874,30.96484165324745,5.837359098228664,9.930220075147611,21.26945786366076,1.2278582930756843,3.938539989264627,0.5099302200751477,0.03354804079441761,,0.24154589371980675
123,7.595276435856146,13.459473966720344,5.314009661835748,30.62265163714439,5.8172302737520125,9.896672034353195,21.24932903918411,1.261406333870102,3.938539989264627,0.5099302200751477,0.06038647342995169,,0.27509393451422437
124,7.561728395061729,13.459473966720344,5.293880837359098,31.11916264090177,5.522007514761138,9.708803005904455,21.235909822866343,1.3016639828234031,3.92512077294686,0.5367686527106817,0.06038647342995169,,0.27509393451422437
125,7.555018786902845,13.352120236178207,5.293880837359098,32.48121309715513,5.428073000536768,8.695652173913043,21.135265700483092,1.3016639828234031,3.8848631239935587,0.5367686527106817,0.08051529790660225,,0.2549651100375738
126,7.62211486849168,13.311862587224907,5.320719269994632,32.15915190552872,5.683038110574342,8.635265700483092,21.135265700483092,1.3419216317767042,3.8848631239935587,0.5367686527106817,0.08051529790660225,,0.2885131508319914
127,7.689210950080516,13.197799248523886,5.340848094471283,32.045088566827694,5.662909286097692,8.628556092324208,21.054750402576488,1.3754696725711217,4.0995705850778315,0.5367686527106817,0.08051529790660225,,0.2885131508319914
128,7.769726247987117,13.18438003220612,5.307300053676865,31.97799248523886,5.662909286097692,8.628556092324208,20.98094471282877,1.3754696725711217,4.17337627482555,0.5367686527106817,0.08051529790660225,0.03354804079441761,0.2885131508319914
129,7.796564680622652,13.137412775093935,5.3341384863123995,31.64922168545357,5.689747718733226,8.628556092324208,20.94068706387547,1.5163714439076759,4.38137412775094,0.5233494363929146,0.08051529790660225,0.03354804079441761,0.2885131508319914
130,7.856951154052603,13.09044551798175,5.3341384863123995,32.76301663982824,5.689747718733226,8.628556092324208,19.806763285024154,1.5096618357487923,4.40150295222759,0.5166398282340311,0.08051529790660225,0.03354804079441761,0.2885131508319914
131,7.917337627482555,13.09044551798175,5.3341384863123995,32.7361782071927,5.656199677938808,8.628556092324208,19.766505636070853,1.5096618357487923,4.441760601180891,0.5166398282340311,0.08051529790660225,0.03354804079441761,0.2885131508319914
132,7.937466451959206,12.808641975308642,4.810789049919484,32.045088566827694,7.118894256575416,8.648684916800859,19.699409554482017,1.5432098765432098,4.468599033816425,0.5166398282340311,0.08051529790660225,0.03354804079441761,0.2885131508319914
133,8.051529790660226,12.788513150831992,4.810789049919484,32.00483091787439,7.105475040257649,8.57487922705314,19.659151905528716,1.5432098765432098,4.468599033816425,0.5904455179817498,0.08051529790660225,0.03354804079441761,0.2885131508319914
134,6.977992485238862,11.305689747718732,3.9452495974235107,27.66371443907676,7.078636607622115,8.353462157809984,29.51556629092861,1.1473429951690821,3.140096618357488,0.5501878690284487,,0.03354804079441761,0.2885131508319914
135,6.843800322061192,11.29898013955985,4.05931293612453,28.69699409554482,6.743156199677939,8.09849704777241,29.502147074610843,1.1808910359634996,2.7777777777777777,0.47638217928073,,0.03354804079441761,0.2885131508319914
136,6.910896403650026,11.29898013955985,4.2270531400966185,28.663446054750402,6.736446591519055,8.09849704777241,29.381374127750938,1.1808910359634996,2.677133655394525,0.5032206119162641,,0.03354804079441761,0.2885131508319914
137,7.018250134192163,11.292270531400966,4.408212560386473,28.522544283413847,6.535158346752549,8.219269994632313,29.320987654320987,1.2010198604401503,2.6167471819645733,0.5434782608695652,,0.03354804079441761,0.2885131508319914
138,7.125603864734299,11.252012882447666,4.40150295222759,28.408480944712828,6.528448738593666,8.21256038647343,29.24718196457327,1.2748255501878691,2.6838432635534084,0.5434782608695652,,0.03354804079441761,0.2885131508319914
139,7.152442297369833,11.252012882447666,4.40150295222759,28.381642512077295,6.528448738593666,8.21256038647343,29.180085882984432,1.2748255501878691,2.7509393451422435,0.5434782608695652,,0.03354804079441761,0.2885131508319914
140,7.306763285024155,11.20504562533548,4.448470209339774,28.24074074074074,6.528448738593666,8.21256038647343,29.025764895330113,1.3016639828234031,2.8650026838432634,0.5434782608695652,,0.03354804079441761,0.2885131508319914
141,7.4141170155662905,11.265432098765432,4.441760601180891,28.052871712292003,6.528448738593666,8.299785292538916,28.938539989264626,1.3016639828234031,2.8918411164787976,0.5434782608695652,,0.03354804079441761,0.2885131508319914
142,7.434245840042942,11.231884057971014,4.488727858293076,29.757112184648417,6.5485775630703165,8.299785292538916,27.28797638217928,1.3016639828234031,2.818035426731079,0.5233494363929146,,0.020128824476650563,0.2885131508319914
143,7.541599570585078,11.198336017176597,4.488727858293076,29.582662372517444,6.561996779388084,8.272946859903382,27.24771873322598,1.402308105206656,2.871712292002147,0.5233494363929146,,0.020128824476650563,0.2885131508319914
144,7.50805152979066,10.990338164251208,5.394524959742351,29.562533548040793,7.03166935050993,7.957595276435856,26.603596349973163,1.3888888888888888,2.7442297369833604,0.5099302200751477,,0.020128824476650563,0.2885131508319914
145,7.380568974771873,10.762211486849168,5.132850241545894,32.63553408480945,6.971282877079979,5.367686527106817,26.529790660225444,1.7042404723564144,2.7509393451422435,0.5099302200751477,,0.020128824476650563,0.23483628556092323
146,7.454374664519592,10.762211486849168,5.119431025228127,32.628824476650564,7.018250134192163,5.381105743424584,26.422436929683307,1.7042404723564144,2.7509393451422435,0.5032206119162641,,0.020128824476650563,0.23483628556092323
147,7.326892109500805,10.272410091250672,5.059044551798175,32.57514761137949,7.729468599033816,5.421363392377885,26.27482555018787,1.7042404723564144,2.8784219001610305,0.5032206119162641,,0.020128824476650563,0.23483628556092323
148,7.320182501341922,10.420021470746109,5.0791733762748255,32.60198604401503,7.695920558239399,5.414653784219001,26.147342995169083,1.7444981213097155,2.844873859366613,0.5032206119162641,,0.020128824476650563,0.20799785292538917
149,5.924584004294149,39.21765968867418,4.0995705850778315,19.598765432098766,6.112453032742888,4.851046698872786,17.09608158883521,1.0869565217391304,1.5901771336553945,0.24825550187869028,,0.020128824476650563,0.15432098765432098
150,6.052066559312936,39.210950080515296,4.072732152442297,19.464573268921097,6.099033816425121,4.851046698872786,17.04911433172303,1.133923778851315,1.6103059581320451,0.28180354267310787,,0.020128824476650563,0.15432098765432098
151,6.1862587224906065,39.15727321524423,4.045893719806763,19.424315619967793,6.052066559312936,4.810789049919484,17.04911433172303,1.2077294685990339,1.6103059581320451,0.28180354267310787,,0.020128824476650563,0.15432098765432098
152,6.286902844873859,39.07675791733763,4.05931293612453,19.404186795491142,6.052066559312936,4.810789049919484,17.03569511540526,1.2077294685990339,1.6103059581320451,0.28180354267310787,,0.020128824476650563,0.15432098765432098
153,6.387546967257112,39.009661835748794,4.045893719806763,19.390767579173378,6.045356951154052,4.851046698872786,17.03569511540526,1.1674718196457328,1.6103059581320451,0.28180354267310787,,0.020128824476650563,0.15432098765432098
154,6.508319914117015,38.88217928073001,4.1532474503489,19.310252281266774,6.045356951154052,5.917874396135265,15.982286634460548,1.1674718196457328,1.5767579173376274,0.28180354267310787,,0.020128824476650563,0.15432098765432098
155,6.447933440687064,38.707729468599034,4.1532474503489,19.26328502415459,5.917874396135265,6.535158346752549,15.096618357487923,1.0064412238325282,2.4490069779924855,0.2683843263553409,,0.020128824476650563,0.13419216317767044
156,6.508319914117015,38.66076221148685,4.159957058507783,19.216317767042405,5.9447128287707995,6.488191089640365,15.096618357487923,0.9796027911969941,2.49597423510467,0.2683843263553409,,0.020128824476650563,0.1610305958132045
157,6.575415995705851,38.62721417069243,4.159957058507783,19.182769726247987,5.9447128287707995,6.481481481481482,15.063070316693505,0.9796027911969941,2.536231884057971,0.2683843263553409,,0.020128824476650563,0.1610305958132045
158,6.6827697262479875,38.539989264626946,4.17337627482555,19.16935050993022,5.9447128287707995,6.468062265163715,15.042941492216855,0.9930220075147611,2.536231884057971,0.2683843263553409,,0.020128824476650563,0.1610305958132045
159,6.729736983360172,37.88915727321525,5.092592592592593,18.927804616210413,5.938003220611916,6.340579710144928,15.029522275899087,0.9930220075147611,2.5831991411701556,0.2952227589908749,,0.020128824476650563,0.1610305958132045
160,6.816961889425658,37.754965110037574,5.12614063338701,18.927804616210413,5.971551261406334,6.233225979602791,15.002683843263553,0.9930220075147611,2.5831991411701556,0.2952227589908749,,0.020128824476650563,0.27509393451422437
161,6.863929146537842,37.64090177133655,5.152979066022544,18.907675791733762,5.924584004294149,6.226516371443908,15.002683843263553,1.1406333870101986,2.5563607085346214,0.2885131508319914,,0.020128824476650563,0.27509393451422437
162,6.810252281266774,36.822329575952764,5.24020397208803,18.08239398819109,5.964841653247451,7.917337627482555,15.002683843263553,1.0802469135802468,2.49597423510467,0.2885131508319914,,0.020128824476650563,0.27509393451422437
163,6.6760601180891035,36.2788513150832,5.038915727321524,20.44417606011809,5.837359098228664,7.816693505099302,13.707729468599034,1.0869565217391304,2.49597423510467,0.2885131508319914,,0.05367686527106817,0.27509393451422437
164,6.729736983360172,35.99704777241009,5.636070853462158,20.35024154589372,5.837359098228664,7.803274288781535,13.378958668813741,1.1205045625335481,2.5295222758990876,0.2885131508319914,,0.05367686527106817,0.27509393451422437
165,6.790123456790123,35.869565217391305,5.723295759527644,20.336822329575952,5.864197530864198,7.803274288781535,13.345410628019323,1.1205045625335481,2.5295222758990876,0.2885131508319914,,0.05367686527106817,0.27509393451422437
166,6.877348362855609,35.63472893183038,6.702898550724638,20.303274288781534,5.857487922705314,7.776435856146001,12.593934514224369,1.1272141706924315,2.509393451422437,0.2885131508319914,,0.05367686527106817,0.27509393451422437
167,6.951154052603328,35.50053676865271,6.816961889425658,20.263016639828233,5.844068706387547,7.776435856146001,12.560386473429952,1.1272141706924315,2.5429414922168547,0.2885131508319914,,0.05367686527106817,0.27509393451422437
168,7.232957595276436,35.37976382179281,6.776704240472356,20.263016639828233,5.83064949006978,7.749597423510467,12.419484702093397,1.1272141706924315,2.5966183574879227,0.2885131508319914,,0.06709608158883522,0.2683843263553409
169,7.320182501341922,35.037573805689746,7.085346215780999,20.142243692968332,5.83064949006978,7.6556629092860975,12.392646269457863,1.1876006441223832,2.757648953301127,0.2549651100375738,,0.06709608158883522,0.2683843263553409
170,7.474503488996243,34.856414385399894,7.185990338164252,20.242887815351583,5.6964573268921095,7.6556629092860975,12.332259796027913,1.221148684916801,2.7509393451422435,0.2549651100375738,,0.06038647342995169,0.2683843263553409
171,7.461084272678476,34.29951690821256,7.232957595276436,20.169082125603865,5.689747718733226,8.266237251744498,12.332259796027913,1.221148684916801,2.7442297369833604,0.2549651100375738,,0.06038647342995169,0.2683843263553409
172,7.575147611379496,34.225711218464845,7.212828770799785,20.014761137949545,5.689747718733226,8.266237251744498,12.285292538915728,1.402308105206656,2.7442297369833604,0.2549651100375738,,0.06038647342995169,0.2683843263553409
173,7.39398819108964,39.371980676328505,6.884057971014493,15.96886741814278,5.636070853462158,8.172302737520129,11.949812130971551,1.288244766505636,2.7509393451422435,0.2549651100375738,,0.06038647342995169,0.2683843263553409
174,7.5281803542673105,39.28475577026302,6.904186795491143,15.94873859366613,5.636070853462158,8.165593129361245,11.922973698336017,1.288244766505636,2.737520128824477,0.2549651100375738,,0.06038647342995169,0.2683843263553409
175,7.776435856146001,39.25791733762748,6.904186795491143,15.881642512077295,5.636070853462158,8.091787439613526,11.855877616747183,1.288244766505636,2.737520128824477,0.24154589371980675,,0.06038647342995169,0.2683843263553409
176,7.917337627482555,39.190821256038646,6.89747718733226,15.814546430488459,5.636070853462158,8.091787439613526,11.855877616747183,1.288244766505636,2.737520128824477,0.24154589371980675,,0.06038647342995169,0.2683843263553409
177,7.98443370907139,39.110305958132045,6.9243156199677935,15.787707997852925,5.904455179817498,7.937466451959206,11.688137412775093,1.3150831991411702,2.737520128824477,0.28180354267310787,,0.06038647342995169,0.2683843263553409
178,8.111916264090176,39.049919484702095,6.944444444444445,15.747450348899624,5.877616747181965,7.917337627482555,11.688137412775093,1.2949543746645196,2.7241009125067097,0.3153515834675255,,0.06038647342995169,0.2683843263553409
179,8.252818035426731,39.049919484702095,6.937734836285561,15.707192699946322,5.864197530864198,7.917337627482555,11.627750939345143,1.2949543746645196,2.703972088030059,0.3153515834675255,,0.06038647342995169,0.2683843263553409
180,8.3064949006978,38.92914653784219,7.018250134192163,15.707192699946322,5.857487922705314,7.883789586688137,11.614331723027375,1.2949543746645196,2.703972088030059,0.3153515834675255,,0.06038647342995169,0.30864197530864196
181,8.32662372517445,38.888888888888886,6.984702093397746,15.687063875469672,5.8239398819108965,7.9106280193236715,11.151368760064413,1.2949543746645196,3.2139023081052067,0.3488996242619431,,0.06038647342995169,0.30864197530864196
182,8.165593129361245,36.91626409017714,6.877348362855609,14.801395598497047,5.8239398819108965,10.23215244229737,12.171229200214707,1.1272141706924315,3.166935050993022,0.3488996242619431,,0.06038647342995169,0.30864197530864196
183,8.179012345679013,35.889694041867955,7.924047235641439,14.76784755770263,5.8239398819108965,10.23215244229737,12.157809983896941,1.1272141706924315,3.180354267310789,0.3488996242619431,,0.06038647342995169,0.30864197530864196
184,8.225979602791197,35.809178743961354,7.957595276435856,14.700751476113794,5.790391841116479,10.36634460547504,12.110842726784755,1.1272141706924315,3.193773483628556,0.3488996242619431,,0.06038647342995169,0.30864197530864196
185,8.272946859903382,35.67498658078368,8.105206655931294,14.700751476113794,5.763553408480945,10.339506172839506,12.097423510466989,1.1540526033279657,3.1736446591519054,0.3488996242619431,,0.06038647342995169,0.30864197530864196
