,45,50,55,51,52,54,53,56,57,58,59,60,61,46
0,96.21578099838969,3.743961352657005,0.040257648953301126,,,,,,,,,,,
1,94.7463768115942,5.0993022007514766,0.040257648953301126,0.11406333870101985,,,,,,,,,,
2,93.6460010735373,6.018518518518518,0.040257648953301126,0.17444981213097155,0.12077294685990338,,,,,,,,,
3,92.33762748255502,7.286634460547504,0.06709608158883522,0.1878690284487386,0.12077294685990338,,,,,,,,,
4,89.87520128824477,9.440418679549115,0.06709608158883522,0.1878690284487386,0.14090177133655393,0.2885131508319914,,,,,,,,
5,88.93585614600107,10.292538915727322,0.11406333870101985,0.1878690284487386,0.15432098765432098,0.3153515834675255,,,,,,,,
6,87.64761137949544,11.2788513150832,0.14761137949543746,0.3824476650563607,0.15432098765432098,0.3153515834675255,0.07380568974771873,,,,,,,
7,85.60789049919485,13.137412775093935,0.14761137949543746,0.5636070853462157,0.15432098765432098,0.3153515834675255,0.07380568974771873,,,,,,,
8,85.12479871175523,13.439345142243694,0.23483628556092323,0.6172839506172839,0.19457863660762212,0.3153515834675255,0.07380568974771873,,,,,,,
9,84.48067632850241,14.029790660225443,0.23483628556092323,0.6575415995705851,0.20799785292538917,0.3153515834675255,0.07380568974771873,,,,,,,
10,79.4753086419753,18.894256575415994,0.2683843263553409,0.7917337627482555,0.10064412238325282,0.30864197530864196,0.1610305958132045,,,,,,,
11,73.0475040257649,25.107353730542137,0.2281266774020397,0.7514761137949544,0.24825550187869028,0.4562533548040794,0.1610305958132045,,,,,,,
12,69.43102522812667,28.549382716049383,0.49651100375738055,0.6508319914117016,0.2281266774020397,0.4830917874396135,0.1610305958132045,,,,,,,
13,65.19726247987117,32.10547504025765,0.7045088566827697,0.8185721953837896,0.2281266774020397,0.7581857219538379,0.1878690284487386,,,,,,,
14,64.17740203972087,32.79656468062265,0.7917337627482555,0.8856682769726248,0.2952227589908749,0.7045088566827697,0.3488996242619431,,,,,,,
15,63.66076221148685,32.54159957058508,0.9594739667203436,0.9796027911969941,0.6709608158883521,0.8118625872249061,0.3757380568974772,,,,,,,
16,59.03113258185722,35.628019323671495,1.2949543746645196,2.24771873322598,0.5904455179817498,0.8118625872249061,0.39586688137412773,,,,,,,
17,57.15244229736983,37.15780998389694,1.3486312399355878,2.3215244229736984,0.6374127750939346,0.9594739667203436,0.4227053140096618,,,,,,,
18,56.60896403650027,36.64117015566291,2.033011272141707,2.428878153515835,0.7179280730005367,1.107085346215781,0.46296296296296297,,,,,,,
19,54.730273752012884,36.72168545356951,2.046430488459474,4.166666666666667,0.785024154589372,0.9930220075147611,0.5166398282340311,0.040257648953301126,,,,,,
20,53.64331723027375,37.03703703703704,2.0933977455716586,4.4820182501341925,0.8252818035426731,1.0869565217391304,0.6709608158883521,0.1610305958132045,,,,,,
21,53.40848094471283,36.983360171765966,2.187332259796028,4.53569511540526,0.8923778851315083,1.1473429951690821,0.6575415995705851,0.1878690284487386,,,,,,
22,53.03274288781535,36.87600644122383,2.3349436392914655,4.676596886741814,0.9326355340848095,1.2144390767579174,0.7447665056360708,0.1878690284487386,,,,,,
23,47.779119699409556,42.24369296833065,2.5295222758990876,4.435050993022007,1.0601180891035964,1.1607622114868492,0.5837359098228664,0.20799785292538917,,,,,,
24,46.061460010735374,41.46537842190016,2.9253891572732154,6.488191089640365,1.0869565217391304,1.1607622114868492,0.5770263016639828,0.23483628556092323,,,,,,
25,45.67901234567901,41.48550724637681,2.9924852388620504,6.729736983360172,1.0802469135802468,1.1473429951690821,0.6508319914117016,0.23483628556092323,,,,,,
26,45.531400966183575,41.15002683843264,3.0059044551798175,6.743156199677939,1.1003757380568975,1.3620504562533549,0.8521202361782072,0.2549651100375738,,,,,,
27,45.088566827697264,40.94202898550725,3.166935050993022,6.662640901771336,1.1003757380568975,1.3553408480944713,1.288244766505636,0.39586688137412773,,,,,,
28,44.867149758454104,40.915190552871714,3.321256038647343,6.66935050993022,1.1406333870101986,1.3687600644122384,1.288244766505636,0.41599570585077833,0.013419216317767043,,,,,
29,44.256575415995705,38.37224906065486,3.1468062265163717,6.78341384863124,2.737520128824477,3.0193236714975846,1.2144390767579174,0.4562533548040794,0.013419216317767043,,,,,
30,43.49168008588298,38.61379495437466,3.515834675254965,6.857219538378959,2.6704240472356413,3.0931293612453032,1.2278582930756843,0.4830917874396135,0.013419216317767043,0.03354804079441761,,,,
31,42.975040257648956,38.37224906065486,3.69699409554482,7.0383789586688135,3.012614063338701,3.099838969404187,1.247987117552335,0.5099302200751477,0.013419216317767043,0.03354804079441761,,,,
32,41.38486312399356,37.875738056897475,3.9720880300590444,8.722490606548577,3.113258185721954,3.026033279656468,1.3419216317767042,0.49651100375738055,0.040257648953301126,0.026838432635534086,,,,
33,40.5126140633387,38.258185721953836,4.025764895330113,8.608427267847558,3.3548040794417604,3.0193236714975846,1.596886741814278,0.5568974771873323,0.040257648953301126,0.026838432635534086,,,,
34,36.83574879227053,41.08964036500269,4.0995705850778315,9.4873859366613,3.180354267310789,3.0193236714975846,1.6572732152442298,0.5501878690284487,0.040257648953301126,0.026838432635534086,0.013419216317767043,,,
35,36.62775093934514,40.88835212023618,4.334406870638754,9.440418679549115,3.240740740740741,3.0059044551798175,1.737788513150832,0.6105743424584005,0.07380568974771873,0.026838432635534086,0.013419216317767043,,,
36,31.689479334406872,44.538378958668815,4.05931293612453,11.419753086419753,2.9119699409554483,3.1535158346752548,1.4626945786366077,0.6642512077294686,0.06038647342995169,0.026838432635534086,0.013419216317767043,,,
37,31.622383252818036,44.10225442834138,4.260601180891036,11.473429951690822,3.0595813204508855,3.193773483628556,1.482823403113258,0.7045088566827697,0.06038647342995169,0.026838432635534086,0.013419216317767043,,,
38,31.53515834675255,44.07541599570585,4.3478260869565215,11.460010735373054,3.0327428878153517,3.180354267310789,1.482823403113258,0.7380568974771873,0.08051529790660225,0.026838432635534086,0.040257648953301126,,,
39,31.226516371443907,43.71309715512614,4.736983360171766,11.446591519055287,2.965646806226516,3.3950617283950617,1.6371443907675791,0.7313472893183038,0.08051529790660225,0.026838432635534086,0.040257648953301126,,,
40,28.408480944712828,46.37010198604401,4.730273752012883,11.245303274288782,2.952227589908749,3.488996242619431,1.892109500805153,0.7514761137949544,0.08051529790660225,0.040257648953301126,0.040257648953301126,,,
41,28.073000536768653,46.262748255501876,4.918142780461621,11.33923778851315,2.9723564143853998,3.44873859366613,1.9457863660762211,0.8387010198604401,0.08051529790660225,0.040257648953301126,0.08051529790660225,,,
42,28.073000536768653,45.52469135802469,5.12614063338701,11.466720343531938,2.9790660225442833,3.8311862587224907,1.932367149758454,0.8655394524959742,0.08051529790660225,0.040257648953301126,0.08051529790660225,,,
43,25.47638217928073,48.698336017176594,5.407944176060118,11.003757380568974,2.965646806226516,3.5829307568438002,1.8250134192163177,0.8387010198604401,0.08051529790660225,0.040257648953301126,0.08051529790660225,,,
44,25.295222758990874,48.26221148684917,5.347557702630167,11.18491680085883,3.046162104133119,3.844605475040258,1.9256575415995705,0.8655394524959742,0.08051529790660225,0.040257648953301126,0.10735373054213634,,,
45,23.906333870101985,49.63768115942029,5.421363392377885,10.976918947933441,3.0193236714975846,3.9586688137412773,1.9256575415995705,0.9259259259259259,0.08051529790660225,0.040257648953301126,0.10735373054213634,,,
46,23.242082662372518,51.25469672571122,4.978529253891573,10.815888352120236,2.85829307568438,3.784219001610306,1.892109500805153,0.95276435856146,0.08051529790660225,0.03354804079441761,0.10735373054213634,,,
47,23.18840579710145,49.765163714439076,4.757112184648417,12.835480407944177,2.8650026838432634,3.6500268384326353,1.8451422436929683,0.8722490606548577,0.08051529790660225,0.03354804079441761,0.10735373054213634,,,
48,22.638217928073,50.28851315083199,4.9651100375738055,12.52012882447665,2.945517981749866,3.4957058507783145,2.0128824476650564,0.8923778851315083,0.08051529790660225,0.05367686527106817,0.10735373054213634,,,
49,22.604669887278583,49.986580783682236,5.10601180891036,12.352388620504563,3.0394524959742353,3.6366076221148687,1.9793344068706387,1.0735373054213635,0.0939345142243693,0.05367686527106817,0.07380568974771873,,,
50,22.457058507783145,48.59769189479334,5.394524959742351,12.412775093934513,3.9855072463768115,3.8311862587224907,2.0263016639828235,1.0735373054213635,0.0939345142243693,0.05367686527106817,0.07380568974771873,,,
51,20.558239398819108,55.703166935050994,5.038915727321524,8.266237251744498,3.750670960815888,3.7104133118625873,2.15378421900161,0.5971551261406334,0.0939345142243693,0.05367686527106817,0.07380568974771873,,,
52,20.705850778314545,55.152979066022546,5.340848094471283,8.3467525496511,3.7238325281803544,3.797638217928073,2.1269457863660763,0.5770263016639828,0.0939345142243693,0.05367686527106817,0.08051529790660225,,,
53,20.517981749865807,54.33440687063875,6.052066559312936,8.192431561996779,3.911701556629093,3.8580246913580245,2.1269457863660763,0.7783145464304885,0.12077294685990338,0.05367686527106817,0.05367686527106817,,,
54,20.39049919484702,53.73054213633924,6.541867954911433,8.165593129361245,4.1129898013955986,3.92512077294686,2.1403650026838434,0.7648953301127214,0.12077294685990338,0.05367686527106817,0.05367686527106817,,,
55,18.746645195920557,50.12748255501879,6.481481481481482,13.144122383252817,4.079441760601181,4.126409017713366,2.2342995169082127,0.8051529790660226,0.14761137949543746,0.05367686527106817,0.05367686527106817,,,
56,18.364197530864196,47.38325281803543,6.910896403650026,14.204240472356414,4.045893719806763,5.750134192163178,2.2611379495437465,0.8051529790660226,0.16774020397208803,0.05367686527106817,0.05367686527106817,,,
57,18.109232420826622,45.16237251744498,6.629092860976919,17.257112184648417,3.911701556629093,5.756843800322061,1.9994632313472893,0.9057971014492754,0.18115942028985507,0.03354804079441761,0.05367686527106817,,,
58,17.183306494900698,45.65217391304348,6.729736983360172,17.59259259259259,3.898282340311326,5.6964573268921095,1.9659151905528718,0.9796027911969941,0.20799785292538917,0.03354804079441761,0.06038647342995169,,,
59,16.97530864197531,45.06172839506173,7.427536231884058,17.330917874396135,4.032474503488996,5.622651637144391,2.187332259796028,1.0064412238325282,0.24825550187869028,0.03354804079441761,0.07380568974771873,,,
60,16.988727858293075,44.96108427267848,7.689210950080516,17.042404723564143,4.079441760601181,5.669618894256575,2.187332259796028,1.0534084809447128,0.2214170692431562,0.03354804079441761,0.07380568974771873,,,
61,17.08937198067633,44.545088566827694,7.98443370907139,16.901502952227588,4.126409017713366,5.790391841116479,2.15378421900161,1.0802469135802468,0.2214170692431562,0.03354804079441761,0.07380568974771873,,,
62,16.948470209339774,44.30354267310789,8.252818035426731,16.75389157273215,4.146537842190016,5.971551261406334,2.2074610842726785,1.06682769726248,0.2214170692431562,0.03354804079441761,0.0939345142243693,,,
63,16.72705314009662,43.15619967793881,8.749329039184111,18.089103596349972,3.6902844873859366,5.998389694041868,2.1135265700483092,1.1607622114868492,0.16774020397208803,0.03354804079441761,0.11406333870101985,,,
64,16.800858829844337,42.64626945786366,9.024422973698336,17.96833064949007,3.7775093934514223,5.884326355340848,2.301395598497048,1.2681159420289856,0.14761137949543746,0.03354804079441761,0.14761137949543746,,,
65,16.861245303274288,42.351046698872786,8.977455716586151,17.867686527106816,3.81105743424584,6.139291465378422,2.4020397208803006,1.247987117552335,0.14761137949543746,0.03354804079441761,0.1610305958132045,,,
66,17.01556629092861,40.41867954911433,10.326086956521738,17.538915727321523,3.81105743424584,6.857219538378959,2.3886205045625335,1.2681159420289856,0.14761137949543746,0.03354804079441761,0.19457863660762212,,,
67,17.01556629092861,38.419216317767045,10.044283413848632,19.89398819108964,3.784219001610306,6.790123456790123,2.167203435319377,1.4895330112721417,0.18115942028985507,0.03354804079441761,0.18115942028985507,,,
68,16.63311862587225,37.27858293075684,9.86983360171766,21.4170692431562,3.643317230273752,6.723027375201288,2.1940418679549114,1.7847557702630166,0.2214170692431562,0.03354804079441761,0.16774020397208803,0.03354804079441761,,
69,16.794149221685455,35.70182501341922,9.655126140633387,21.32313472893183,5.35426731078905,6.6827697262479875,2.2745571658615136,1.7444981213097155,0.2214170692431562,0.03354804079441761,0.14761137949543746,0.06709608158883522,,
70,16.680085882984432,35.47369833601718,9.708803005904455,21.095008051529792,5.314009661835748,6.9310252281266775,2.49597423510467,1.7981749865807837,0.2549651100375738,0.03354804079441761,0.14761137949543746,0.06709608158883522,,
71,16.532474503488995,33.782877079978526,9.41358024691358,20.813204508856682,5.387815351583468,7.320182501341922,4.300858829844337,1.8585614600107354,0.2952227589908749,0.06709608158883522,0.15432098765432098,0.07380568974771873,,
72,16.59957058507783,33.44739667203435,9.500805152979066,20.78636607622115,5.3341384863123995,7.367149758454106,4.40150295222759,1.8317230273752012,0.322061191626409,0.18115942028985507,0.15432098765432098,0.07380568974771873,,
73,16.532474503488995,32.340311325818575,9.212292002147075,20.30998389694042,6.380837359098229,7.856951154052603,4.696725711218465,1.8451422436929683,0.4092860976918948,0.18115942028985507,0.15432098765432098,0.08051529790660225,,
74,16.606280193236714,31.91760601180891,9.380032206119163,20.148953301127214,6.374127750939345,8.07836822329576,4.7168545356951155,1.8518518518518519,0.43612453032742887,0.2549651100375738,0.15432098765432098,0.08051529790660225,,
75,16.6935050993022,31.219806763285025,9.205582393988191,19.92753623188406,6.427804616210413,8.158883521202362,5.428073000536768,1.932367149758454,0.4830917874396135,0.2885131508319914,0.15432098765432098,0.08051529790660225,,
76,16.6129898013956,30.83064949006978,9.802737520128824,19.732957595276435,6.407675791733762,8.132045088566828,5.495169082125604,1.932367149758454,0.5166398282340311,0.3153515834675255,0.14090177133655393,0.08051529790660225,,
77,16.512345679012345,29.837627482555018,8.581588835212024,22.41009125067096,6.266774020397209,8.299785292538916,5.092592592592593,1.9860440150295222,0.5434782608695652,0.28180354267310787,0.13419216317767044,0.05367686527106817,,
78,16.59286097691895,28.817767042404725,8.454106280193237,21.638486312399355,7.669082125603865,8.420558239398819,5.246913580246914,1.9994632313472893,0.6709608158883521,0.30193236714975846,0.13419216317767044,0.05367686527106817,,
79,16.411701556629094,28.5829307568438,8.548040794417606,20.90042941492217,8.548040794417606,8.541331186258722,5.139559849704777,1.9994632313472893,0.7716049382716049,0.3421900161030596,0.1610305958132045,0.05367686527106817,,
80,16.035963499731615,29.7638217928073,8.32662372517445,20.491143317230275,8.373590982286634,8.53462157809984,5.146269457863661,2.006172839506173,0.7716049382716049,0.3421900161030596,0.15432098765432098,0.05367686527106817,,
81,16.049382716049383,29.55582393988191,8.715780998389693,20.021470746108427,8.259527643585615,8.53462157809984,5.360976918947934,2.0799785292538915,0.8521202361782072,0.3421900161030596,0.15432098765432098,0.07380568974771873,,
82,13.45276435856146,21.85319377348363,7.004830917874396,38.49302200751476,5.770263016639828,6.380837359098229,4.180085882984434,1.7713365539452497,0.630703166935051,0.32877079978529256,0.06038647342995169,0.07380568974771873,,
83,13.425925925925926,21.880032206119164,7.018250134192163,38.177670424047236,5.656199677938808,6.3137412775093935,4.26731078904992,1.9659151905528718,0.7380568974771873,0.4227053140096618,0.06038647342995169,0.07380568974771873,,
84,13.47289318303811,21.732420826623724,7.481213097155126,37.7012882447665,5.629361245303274,6.461352657004831,4.2203435319377345,2.006172839506173,0.7447665056360708,0.4227053140096618,0.05367686527106817,0.07380568974771873,,
85,12.95625335480408,20.43075684380032,7.776435856146001,39.76784755770263,5.481749865807837,6.078904991948471,4.052603327965647,2.1604938271604937,0.7313472893183038,0.4495437466451959,0.05367686527106817,0.06038647342995169,,
86,11.943102522812667,30.97826086956522,7.078636607622115,32.68250134192163,7.219538378958669,4.03918411164788,3.2877079978529253,1.5297906602254427,0.6977992485238862,0.4495437466451959,0.03354804079441761,0.06038647342995169,,
87,12.144390767579173,30.50187869028449,7.6623725174449815,32.15244229736983,7.185990338164252,4.213633923778851,3.4017713365539453,1.5029522275899088,0.6977992485238862,0.4428341384863124,0.03354804079441761,0.06038647342995169,,
88,12.211486849168008,30.267042404723565,7.9039184111647875,31.769994632313473,7.219538378958669,4.320987654320987,3.5225442834138487,1.5029522275899088,0.7246376811594203,0.4428341384863124,0.05367686527106817,0.06038647342995169,,
89,12.29200214707461,29.790660225442835,8.064949006977992,31.4747718733226,7.286634460547504,4.488727858293076,3.5963499731615673,1.6304347826086956,0.7179280730005367,0.5636070853462157,0.05367686527106817,0.040257648953301126,,
90,12.426194310252281,28.784219001610307,8.105206655931294,30.64278046162104,7.132313472893183,6.152710681696189,3.6097691894793345,1.7444981213097155,0.6843800322061192,0.6105743424584005,0.06709608158883522,0.040257648953301126,,
91,12.426194310252281,28.475577026301664,8.225979602791197,30.575684380032207,7.212828770799785,6.159420289855072,3.5762211486849167,1.8518518518518519,0.7246376811594203,0.6642512077294686,0.06709608158883522,0.040257648953301126,,
92,12.486580783682234,28.24074074074074,8.494363929146537,30.340848094471284,7.199409554482019,6.239935587761675,3.556092324208266,1.9726247987117553,0.7045088566827697,0.644122383252818,0.08051529790660225,0.040257648953301126,,
93,12.593934514224369,28.099838969404185,8.769457863660762,30.04562533548041,7.192699946323135,6.286902844873859,3.475577026301664,1.9927536231884058,0.7581857219538379,0.6508319914117016,0.08051529790660225,0.040257648953301126,0.013419216317767043,
94,11.198336017176597,30.42807300053677,8.917069243156199,29.421631776704242,6.951154052603328,6.414385399892646,3.2877079978529253,1.8384326355340848,0.785024154589372,0.6239935587761675,0.08051529790660225,0.040257648953301126,0.013419216317767043,
95,9.460547504025765,42.36446591519055,6.723027375201288,21.141975308641975,9.73564143853999,4.53569511540526,3.052871712292002,1.5096618357487923,0.7514761137949544,0.6172839506172839,0.05367686527106817,0.040257648953301126,0.013419216317767043,
96,9.520933977455716,41.79414922168545,7.367149758454106,20.88030059044552,9.621578099838969,4.777241009125067,3.0595813204508855,1.5096618357487923,0.785024154589372,0.5770263016639828,0.05367686527106817,0.040257648953301126,0.013419216317767043,
97,9.588030059044552,40.747450348899626,7.944176060118089,20.229468599033815,10.889694041867955,4.8376274825550185,3.0327428878153517,1.3821792807300053,0.630703166935051,0.6105743424584005,0.05367686527106817,0.040257648953301126,0.013419216317767043,
98,9.75577026301664,40.25093934514224,8.3467525496511,20.202630166398283,10.755501878690284,4.85775630703167,3.046162104133119,1.3687600644122384,0.7045088566827697,0.6038647342995169,0.05367686527106817,0.040257648953301126,0.013419216317767043,
99,9.829575952764358,39.962426194310254,8.507783145464305,20.034889962426195,10.7085346215781,5.018786902844874,3.0327428878153517,1.442565754159957,0.7246376811594203,0.6038647342995169,0.08051529790660225,0.040257648953301126,0.013419216317767043,
100,9.896672034353195,39.70746108427268,8.742619431025227,19.847020933977454,10.715244229736983,5.119431025228127,3.052871712292002,1.4694041867954912,0.7246376811594203,0.5971551261406334,0.07380568974771873,0.040257648953301126,0.013419216317767043,
101,10.0979602791197,39.009661835748794,9.339774557165862,19.712828770799785,10.567632850241546,5.112721417069243,3.1535158346752548,1.442565754159957,0.8118625872249061,0.6239935587761675,0.04696725711218465,0.06709608158883522,0.013419216317767043,
102,10.319377348362856,38.506441223832525,9.916800858829845,19.45786366076221,10.305958132045088,5.112721417069243,3.166935050993022,1.4559849704777241,0.9796027911969941,0.6508319914117016,0.04696725711218465,0.06709608158883522,0.013419216317767043,
103,9.950348899624261,28.710413311862588,9.333064949006978,29.998658078368223,10.124798711755233,5.179817498658078,3.2004830917874396,1.5767579173376274,1.093666129898014,0.6642512077294686,0.04696725711218465,0.10735373054213634,0.013419216317767043,
104,9.970477724100913,28.723832528180353,9.353193773483628,29.723564143854,9.950348899624261,5.314009661835748,3.2474503488996245,1.7981749865807837,1.133923778851315,0.630703166935051,0.04696725711218465,0.10735373054213634,,
105,10.00402576489533,28.522544283413847,9.400161030595813,29.455179817498657,9.829575952764358,5.481749865807837,3.3950617283950617,1.9189479334406871,1.221148684916801,0.6172839506172839,0.04696725711218465,0.10735373054213634,,
106,10.111379495437467,28.133387010198604,9.634997316156737,29.106280193236714,9.849704777241008,5.428073000536768,3.455448201825013,2.2879763821792807,1.2077294685990339,0.630703166935051,0.04696725711218465,0.10735373054213634,,
107,10.144927536231885,27.83816425120773,9.816156736446592,28.79092860976919,9.782608695652174,5.595813204508857,3.569511540526033,2.368491680085883,1.3083735909822867,0.630703166935051,0.04696725711218465,0.10735373054213634,,
108,10.0979602791197,27.42216854535695,9.896672034353195,28.784219001610307,9.842995169082126,5.730005367686527,3.69699409554482,2.4020397208803006,1.3352120236178207,0.6374127750939346,0.04696725711218465,0.10735373054213634,,
109,10.091250670960816,27.01959205582394,10.420021470746109,28.428609769189478,9.816156736446592,5.709876543209877,3.743961352657005,2.690552871712292,1.2815351583467525,0.644122383252818,0.04696725711218465,0.10735373054213634,,
110,10.238862050456254,26.764626945786365,10.534084809447128,28.227321524422972,9.73564143853999,5.730005367686527,3.797638217928073,2.898550724637681,1.2748255501878691,0.644122383252818,0.04696725711218465,0.10735373054213634,,
111,9.594739667203436,22.33628556092324,8.890230810520666,39.32501341921632,8.11862587224906,4.683306494900698,2.9253891572732154,2.7643585614600106,1.1540526033279657,0.13419216317767044,0.04696725711218465,0.026838432635534086,,
112,9.809447128287708,22.17525496511004,9.178743961352657,38.90230810520666,8.152173913043478,4.669887278582931,3.0193236714975846,2.717391304347826,1.1741814278046163,0.11406333870101985,0.06038647342995169,0.026838432635534086,,
113,9.930220075147611,22.034353193773484,9.333064949006978,38.419216317767045,8.199141170155663,4.636339237788513,3.1736446591519054,2.8918411164787976,1.1808910359634996,0.11406333870101985,0.06038647342995169,0.026838432635534086,,
114,10.111379495437467,21.75925925925926,9.29951690821256,38.21121846484165,8.158883521202362,5.032206119162641,3.1535158346752548,2.8784219001610305,1.1808910359634996,0.11406333870101985,0.07380568974771873,0.026838432635534086,,
115,10.185185185185185,21.618357487922705,9.534353193773484,37.94283413848631,7.997852925389157,5.132850241545894,3.3011272141706924,2.8650026838432634,1.2077294685990339,0.11406333870101985,0.07380568974771873,0.026838432635534086,,
116,10.272410091250672,21.564680622651636,9.809447128287708,37.38593666129898,8.038110574342458,5.10601180891036,3.455448201825013,2.9589371980676327,1.1808910359634996,0.1274825550187869,0.07380568974771873,0.026838432635534086,,
117,10.433440687063875,21.309715512614062,10.379763821792807,37.124261943102525,7.944176060118089,5.199946323134729,3.361513687600644,2.9589371980676327,1.0601180891035964,0.1274825550187869,0.07380568974771873,0.026838432635534086,,
118,10.487117552334944,21.088298443370906,10.587761674718196,36.65458937198068,8.044820182501342,5.132850241545894,3.6366076221148687,3.099838969404187,1.0399892646269457,0.1274825550187869,0.07380568974771873,0.026838432635534086,,
119,10.446859903381643,21.014492753623188,11.956521739130435,35.11137949543747,7.96430488459474,5.146269457863661,3.7372517444981215,3.260869565217391,1.0869565217391304,0.1274825550187869,0.08051529790660225,0.05367686527106817,0.013419216317767043,
120,10.668276972624799,20.853462157809982,12.057165861513688,34.70209339774557,7.98443370907139,5.2066559312936125,3.589640365002684,3.475577026301664,1.1943102522812667,0.1274825550187869,0.07380568974771873,0.05367686527106817,0.013419216317767043,
121,10.896403650026839,20.52469135802469,12.191358024691358,34.42699946323135,7.917337627482555,5.300590445517981,3.743961352657005,3.5091250670960816,1.221148684916801,0.1274825550187869,0.07380568974771873,0.05367686527106817,0.013419216317767043,
122,10.661567364465915,20.055018786902846,12.097423510466989,35.668276972624795,7.427536231884058,5.515297906602254,3.6097691894793345,3.5762211486849167,1.1205045625335481,0.1274825550187869,0.07380568974771873,0.05367686527106817,0.013419216317767043,
123,10.44015029522276,19.558507783145465,12.070585077831455,38.0300590445518,6.280193236714976,5.434782608695652,3.629898013955985,3.4017713365539453,0.8789586688137413,0.10735373054213634,0.06709608158883522,0.08722490606548577,0.013419216317767043,
124,10.326086956521738,19.236446591519055,11.18491680085883,35.84272678475577,9.373322597960279,5.790391841116479,3.603059581320451,3.408480944712829,0.9728931830381106,0.0939345142243693,0.06709608158883522,0.08722490606548577,0.013419216317767043,
125,10.111379495437467,18.089103596349972,10.795759527643586,38.39237788513151,8.883521202361782,5.60252281266774,3.629898013955985,3.2206119162640903,1.0064412238325282,0.08051529790660225,0.08722490606548577,0.08722490606548577,0.013419216317767043,
126,10.332796564680622,17.941492216854535,10.768921095008052,38.09044551798175,8.78287707997853,5.756843800322061,3.6768652710681695,3.3279656468062266,1.0534084809447128,0.08051529790660225,0.08722490606548577,0.08722490606548577,0.013419216317767043,
127,10.19189479334407,17.995169082125603,10.61460010735373,37.875738056897475,8.896940418679549,5.8239398819108965,3.7775093934514223,3.4420289855072466,1.0869565217391304,0.08051529790660225,0.11406333870101985,0.08722490606548577,0.013419216317767043,
128,10.178475577026301,17.881105743424584,10.896403650026839,37.2987117552335,8.896940418679549,5.924584004294149,3.81105743424584,3.7104133118625873,1.0869565217391304,0.10064412238325282,0.11406333870101985,0.08722490606548577,0.013419216317767043,
129,9.91009125067096,17.28395061728395,11.064143853998926,37.875738056897475,8.883521202361782,5.911164787976382,3.7640901771336552,3.878153515834675,1.1406333870101986,0.10064412238325282,0.11406333870101985,0.06038647342995169,0.013419216317767043,
130,9.98389694041868,17.08937198067633,11.198336017176597,37.74154589371981,8.735909822866345,5.756843800322061,4.072732152442297,3.9318303811057436,1.2010198604401503,0.10064412238325282,0.11406333870101985,0.06038647342995169,0.013419216317767043,
131,10.030864197530864,16.76731078904992,11.144659151905529,37.38593666129898,9.158615136876007,5.870907139023081,4.019055287171229,4.079441760601181,1.1808910359634996,0.17444981213097155,0.11406333870101985,0.06038647342995169,0.013419216317767043,
132,10.185185185185185,16.431830381105744,11.292270531400966,37.25845410628019,9.057971014492754,5.978260869565218,4.1129898013955986,4.166666666666667,1.1272141706924315,0.17444981213097155,0.11406333870101985,0.06038647342995169,0.040257648953301126,
133,10.38647342995169,16.297638217928075,11.600912506709609,36.54723564143854,9.145195920558239,5.991680085882985,4.159957058507783,4.3545356951154055,1.1272141706924315,0.17444981213097155,0.11406333870101985,0.06038647342995169,0.040257648953301126,
134,10.178475577026301,16.465378421900162,11.54723564143854,36.3593666129898,9.138486312399356,6.099033816425121,4.334406870638754,4.40150295222759,1.1003757380568975,0.1610305958132045,0.11406333870101985,0.06038647342995169,0.040257648953301126,
135,10.225442834138486,16.284219001610307,11.681427804616211,36.252012882447666,9.104938271604938,6.286902844873859,4.341116478797638,4.38137412775094,1.06682769726248,0.1610305958132045,0.11406333870101985,0.06038647342995169,0.040257648953301126,
136,10.433440687063875,16.170155662909288,11.889425657541599,35.86285560923242,9.064680622651638,6.233225979602791,4.42163177670424,4.582662372517445,1.0064412238325282,0.1610305958132045,0.07380568974771873,0.06038647342995169,0.040257648953301126,
137,10.393183038110575,16.0426731078905,11.849168008588299,35.77563070316693,9.037842190016104,6.394256575415996,4.522275899087493,4.663177670424047,0.9863123993558777,0.1610305958132045,0.07380568974771873,0.06038647342995169,0.040257648953301126,
138,10.272410091250672,15.995705850778315,12.06387546967257,35.198604401502955,9.078099838969404,6.575415995705851,4.528985507246377,4.851046698872786,1.1003757380568975,0.1610305958132045,0.07380568974771873,0.06038647342995169,0.040257648953301126,
139,10.258990874932904,15.92860976918948,12.144390767579173,35.05099302200752,9.07139023081052,6.6760601180891035,4.542404723564144,4.864465915190553,1.1272141706924315,0.1610305958132045,0.07380568974771873,0.06038647342995169,0.040257648953301126,
140,10.091250670960816,15.787707997852925,15.344873859366613,32.09205582393988,9.05126140633387,6.535158346752549,4.528985507246377,5.01207729468599,1.221148684916801,0.17444981213097155,0.06038647342995169,0.06038647342995169,0.040257648953301126,
141,10.071121846484166,15.70048309178744,15.405260332796564,31.810252281266774,9.145195920558239,6.649221685453569,4.616210413311863,5.032206119162641,1.221148684916801,0.1878690284487386,0.06038647342995169,0.06038647342995169,0.040257648953301126,
142,10.071121846484166,15.573000536768653,15.479066022544284,31.528448738593667,9.225711218464841,6.78341384863124,4.730273752012883,5.01207729468599,1.2144390767579174,0.1878690284487386,0.06038647342995169,0.0939345142243693,0.040257648953301126,
143,10.258990874932904,15.365002683843263,14.371980676328503,31.092324208266238,10.72866344605475,6.870638754696726,4.643048845947397,5.045625335480408,1.2144390767579174,0.20128824476650564,0.0939345142243693,0.07380568974771873,0.040257648953301126,
144,10.111379495437467,15.311325818572195,14.42565754159957,30.9447128287708,10.607890499194847,7.0450885668276975,4.8443370907139025,5.12614063338701,1.1741814278046163,0.20128824476650564,0.0939345142243693,0.07380568974771873,0.040257648953301126,
145,10.185185185185185,15.063070316693505,14.55984970477724,30.461621041331185,10.621309715512615,7.051798174986581,5.092592592592593,5.267042404723564,1.288244766505636,0.20128824476650564,0.0939345142243693,0.07380568974771873,0.040257648953301126,
146,10.077831454643048,14.922168545356952,14.553140096618357,30.367686527106816,10.46027911969941,7.37385936661299,5.132850241545894,5.401234567901234,1.247987117552335,0.20128824476650564,0.0939345142243693,0.11406333870101985,0.05367686527106817,
147,10.104669887278583,14.828234031132581,14.533011272141707,30.14626945786366,10.393183038110575,7.347020933977456,5.340848094471283,5.508588298443371,1.247987117552335,0.20128824476650564,0.08722490606548577,0.20799785292538917,0.05367686527106817,
148,9.104938271604938,27.4422973698336,12.359098228663447,21.75925925925926,12.741545893719806,6.635802469135802,4.736983360171766,4.032474503488996,0.6642512077294686,0.16774020397208803,0.07380568974771873,0.20128824476650564,0.08051529790660225,
149,9.118357487922705,27.26113794954375,12.466451959205582,21.72571121846484,12.640901771336553,6.588835212023618,4.9718196457326895,3.9720880300590444,0.6910896403650026,0.20799785292538917,0.07380568974771873,0.20128824476650564,0.08051529790660225,
150,9.057971014492754,27.079978529253893,12.204777241009126,22.25577026301664,12.473161567364466,6.6760601180891035,4.944981213097155,3.9049919484702094,0.7447665056360708,0.27509393451422437,0.07380568974771873,0.2147074610842727,0.0939345142243693,
151,9.131776704240472,25.89908749329039,13.922436929683306,21.973966720343533,12.258454106280194,6.696188942565755,4.8443370907139025,3.824476650563607,0.7447665056360708,0.2885131508319914,0.06709608158883522,0.2549651100375738,0.0939345142243693,
152,9.138486312399356,25.697799248523886,13.976113794954374,21.81964573268921,12.27187332259796,6.662640901771336,4.958400429414922,3.938539989264627,0.7447665056360708,0.32877079978529256,0.06709608158883522,0.30193236714975846,0.0939345142243693,
153,8.99087493290392,25.248255501878692,12.815351583467525,21.235909822866343,12.392646269457863,6.575415995705851,7.7898550724637685,3.6500268384326353,0.6709608158883521,0.2952227589908749,0.06709608158883522,0.2683843263553409,,
154,9.037842190016104,24.9194847020934,13.170960815888352,21.115136876006442,12.27187332259796,6.66935050993022,7.796564680622652,3.7104133118625873,0.6910896403650026,0.2952227589908749,0.05367686527106817,0.2683843263553409,,
155,8.876811594202898,24.14117015566291,13.217928073000536,20.759527643585614,13.345410628019323,6.353998926462695,8.192431561996779,3.629898013955985,0.8185721953837896,0.3421900161030596,0.05367686527106817,0.2683843263553409,,
156,9.017713365539452,23.899624261943103,13.325281803542673,20.585077831454644,13.217928073000536,6.327160493827161,8.3467525496511,3.7640901771336552,0.8118625872249061,0.4025764895330113,0.05367686527106817,0.24825550187869028,,
157,9.104938271604938,23.463499731615673,13.365539452495975,20.276435856146,13.291733762748256,6.541867954911433,8.514492753623188,3.9184111647879765,0.8185721953837896,0.4025764895330113,0.05367686527106817,0.24825550187869028,,
158,9.138486312399356,23.201825013419217,13.580246913580247,20.276435856146,13.197799248523886,6.655931293612453,8.487654320987655,3.9049919484702094,0.8118625872249061,0.4294149221685454,0.05367686527106817,0.2616747181964573,,
159,9.27938808373591,22.96027911969941,13.915727321524423,20.148953301127214,13.110574342458401,6.5485775630703165,8.675523349436393,3.750670960815888,0.8118625872249061,0.4830917874396135,0.05367686527106817,0.2616747181964573,,
160,9.426999463231347,22.69860440150295,14.06333870101986,20.169082125603865,13.137412775093935,6.595544820182502,8.641975308641975,3.69699409554482,0.785024154589372,0.46967257112184646,0.05367686527106817,0.2616747181964573,,
161,9.541062801932368,22.342995169082126,13.996242619431026,20.82662372517445,13.023349436392914,6.447933440687064,8.225979602791197,3.9049919484702094,0.7648953301127214,0.5703166935050993,0.10735373054213634,0.24825550187869028,,
162,9.675254965110037,22.148416532474503,14.17740203972088,20.544820182501343,12.949543746645196,6.790123456790123,7.98443370907139,3.9720880300590444,0.798443370907139,0.6239935587761675,0.11406333870101985,0.2214170692431562,,
163,9.46725711218465,21.93370907139023,14.04320987654321,22.04777241009125,12.25174449812131,6.78341384863124,7.944176060118089,3.965378421900161,0.5099302200751477,0.7246376811594203,0.11406333870101985,0.2147074610842727,,
164,9.192163177670425,21.557971014492754,13.915727321524423,23.26892109500805,11.889425657541599,6.561996779388084,7.809983896940419,4.133118625872249,0.5770263016639828,0.7648953301127214,0.11406333870101985,0.2147074610842727,,
165,9.172034353193773,21.430488459473967,14.016371443907676,23.047504025764894,11.768652710681696,6.662640901771336,7.937466451959206,4.30756843800322,0.5367686527106817,0.7917337627482555,0.11406333870101985,0.2147074610842727,,
166,9.292807300053678,21.16881374127751,14.204240472356414,22.5979602791197,11.869296833064949,6.729736983360172,7.950885668276973,4.488727858293076,0.5300590445517982,0.8051529790660226,0.11406333870101985,0.24825550187869028,,
167,9.426999463231347,21.014492753623188,13.996242619431026,22.530864197530864,11.81561996779388,6.991411701556629,8.044820182501342,4.4820182501341925,0.5367686527106817,0.798443370907139,0.11406333870101985,0.24825550187869028,,
168,9.07139023081052,19.41760601180891,13.305152979066023,22.71202361782072,12.587224906065487,9.219001610305957,7.930756843800322,4.455179817498658,0.5367686527106817,0.4227053140096618,0.11406333870101985,0.2281266774020397,,
169,9.158615136876007,19.0552871712292,13.311862587224907,22.65834675254965,12.587224906065487,9.480676328502415,7.87037037037037,4.562533548040794,0.5367686527106817,0.38915727321524424,0.14090177133655393,0.24825550187869028,,
170,9.292807300053678,18.55877616747182,13.6406333870102,22.50402576489533,12.68786902844874,9.460547504025765,7.9106280193236715,4.569243156199678,0.5904455179817498,0.38915727321524424,0.14090177133655393,0.2549651100375738,,
171,9.265968867418144,18.297101449275363,14.009661835748792,22.10144927536232,12.734836285560924,9.574610842726784,7.98443370907139,4.569243156199678,0.630703166935051,0.4025764895330113,0.17444981213097155,0.2549651100375738,,
172,9.366612989801396,17.746913580246915,14.036500268384327,21.786097691894792,12.801932367149758,9.118357487922705,9.178743961352657,4.622920021470746,0.630703166935051,0.3824476650563607,0.14761137949543746,0.18115942028985507,,
173,9.380032206119163,17.599302200751477,14.016371443907676,21.578099838969404,12.701288244766506,9.158615136876007,9.232420826623725,4.978529253891573,0.6508319914117016,0.38915727321524424,0.13419216317767044,0.18115942028985507,,
174,9.621578099838969,17.579173376274827,14.130434782608695,21.35668276972625,12.754965110037574,8.984165324745035,9.145195920558239,5.025496511003757,0.630703166935051,0.41599570585077833,0.17444981213097155,0.18115942028985507,,
175,9.722222222222221,17.51207729468599,14.083467525496511,21.296296296296298,12.701288244766506,9.057971014492754,9.07139023081052,5.0858829844337095,0.6508319914117016,0.4025764895330113,0.23483628556092323,0.18115942028985507,,
176,9.896672034353195,17.28395061728395,14.123725174449811,21.26945786366076,12.714707461084272,9.057971014492754,9.098228663446054,5.018786902844874,0.6575415995705851,0.43612453032742887,0.2281266774020397,0.2147074610842727,,
177,10.084541062801932,16.961889425657542,14.392109500805153,21.16881374127751,12.513419216317766,8.997584541062801,9.27938808373591,4.924852388620504,0.7648953301127214,0.4495437466451959,0.2281266774020397,0.23483628556092323,,
178,10.158346752549651,16.841116478797638,14.371980676328503,21.014492753623188,12.466451959205582,8.99087493290392,9.339774557165862,5.045625335480408,0.8521202361782072,0.47638217928073,0.2214170692431562,0.2214170692431562,,
179,10.245571658615138,16.74718196457327,14.345142243692969,20.860171765968868,12.419484702093397,8.964036500268385,9.534353193773484,5.0791733762748255,0.8521202361782072,0.46296296296296297,0.2683843263553409,0.2214170692431562,,
180,10.178475577026301,16.59286097691895,14.472624798711756,20.52469135802469,12.47987117552335,8.930488459473967,9.742351046698873,5.065754159957058,0.8789586688137413,0.5971551261406334,0.3153515834675255,0.2214170692431562,,
181,10.23215244229737,16.358024691358025,14.53972088030059,20.571658615136876,12.5,9.084809447128288,9.541062801932368,5.059044551798175,0.9259259259259259,0.644122383252818,0.30864197530864196,0.23483628556092323,,
182,10.312667740203972,16.264090177133657,14.553140096618357,20.42404723564144,12.486580783682234,9.091519055287172,9.500805152979066,5.0858829844337095,0.9728931830381106,0.7581857219538379,0.33548040794417605,0.2147074610842727,,
183,10.406602254428341,16.170155662909288,14.49946323134729,20.336822329575952,12.533548040794418,9.16532474503489,9.406870638754697,5.119431025228127,1.0265700483091786,0.7716049382716049,0.36902844873859364,0.19457863660762212,,
