,45,50,55,51,53,52,54,58,56,57,60,59,61,62
0,96.90016103059581,3.066290928609769,0.03354804079441761,,,,,,,,,,,
1,95.33682232957595,4.5960815888352125,0.026838432635534086,0.03354804079441761,0.0067096081588835215,,,,,,,,,
2,89.82823403113258,9.997316156736447,0.06038647342995169,0.08051529790660225,0.03354804079441761,,,,,,,,,
3,89.13714439076757,10.61460010735373,0.07380568974771873,0.08051529790660225,0.03354804079441761,0.06038647342995169,,,,,,,,
4,87.88915727321525,11.788781535158346,0.08722490606548577,0.10735373054213634,0.03354804079441761,0.0939345142243693,,,,,,,,
5,84.2860976918948,15.405260332796564,0.10064412238325282,0.08051529790660225,0.04696725711218465,0.08051529790660225,,,,,,,,
6,81.53515834675255,18.06226516371444,0.13419216317767044,0.0939345142243693,0.06038647342995169,0.11406333870101985,,,,,,,,
7,80.88432635534085,18.49838969404187,0.18115942028985507,0.1274825550187869,0.06709608158883522,0.24154589371980675,,,,,,,,
8,80.72329575952764,17.223564143854,0.16774020397208803,0.20799785292538917,1.3821792807300053,0.2683843263553409,0.026838432635534086,,,,,,,
9,80.43478260869566,17.411433172302736,0.24154589371980675,0.2214170692431562,1.3687600644122384,0.28180354267310787,0.026838432635534086,0.013419216317767043,,,,,,
10,76.04669887278583,21.651905528717123,0.30193236714975846,0.2616747181964573,1.328502415458937,0.30193236714975846,0.05367686527106817,0.05367686527106817,,,,,,
11,69.81347289318303,27.710681696188942,0.32877079978529256,0.3153515834675255,1.3687600644122384,0.35560923242082665,0.05367686527106817,0.05367686527106817,,,,,,
12,69.43773483628556,27.885131508319915,0.4495437466451959,0.35560923242082665,1.3687600644122384,0.39586688137412773,0.05367686527106817,0.05367686527106817,,,,,,
13,67.21014492753623,29.891304347826086,0.5099302200751477,0.5636070853462157,1.3419216317767042,0.3757380568974772,0.05367686527106817,0.05367686527106817,,,,,,
14,67.25040257648953,29.62962962962963,0.644122383252818,0.5904455179817498,1.402308105206656,0.3757380568974772,0.05367686527106817,0.05367686527106817,,,,,,
15,66.08964036500268,30.575684380032207,0.7179280730005367,0.5904455179817498,1.402308105206656,0.4025764895330113,0.16774020397208803,0.05367686527106817,,,,,,
16,65.80112721417069,30.723295759527645,0.7380568974771873,0.6575415995705851,1.402308105206656,0.39586688137412773,0.2281266774020397,0.05367686527106817,,,,,,
17,65.29790660225443,30.9447128287708,0.8185721953837896,0.7179280730005367,1.42914653784219,0.4562533548040794,0.28180354267310787,0.05367686527106817,,,,,,
18,64.85507246376811,31.11916264090177,0.9259259259259259,0.7581857219538379,1.5029522275899088,0.4562533548040794,0.32877079978529256,0.05367686527106817,,,,,,
19,63.399087493290395,29.260601180891037,1.0064412238325282,3.9184111647879765,1.4694041867954912,0.5770263016639828,0.2952227589908749,0.05367686527106817,0.020128824476650563,,,,,
20,63.26489533011272,29.159957058507782,1.1137949543746646,3.9586688137412773,1.482823403113258,0.6105743424584005,0.2952227589908749,0.07380568974771873,0.040257648953301126,,,,,
21,62.82206119162641,29.47530864197531,1.0802469135802468,3.9989264626945786,1.5029522275899088,0.6709608158883521,0.2952227589908749,0.06038647342995169,0.06709608158883522,0.026838432635534086,,,,
22,53.38164251207729,38.6003757380569,1.1137949543746646,4.032474503488996,1.596886741814278,0.7380568974771873,0.3824476650563607,0.06038647342995169,0.06709608158883522,0.026838432635534086,,,,
23,53.20048309178744,38.18438003220612,1.442565754159957,3.992216854535695,1.6371443907675791,0.8185721953837896,0.48980139559849706,0.06038647342995169,0.14761137949543746,0.026838432635534086,,,,
24,52.04643048845947,38.96269457863661,1.482823403113258,4.126409017713366,1.596886741814278,0.9594739667203436,0.5837359098228664,0.040257648953301126,0.17444981213097155,0.026838432635534086,,,,
25,51.932367149758456,38.69431025228127,1.5633387010198605,4.106280193236715,1.6841116478797638,1.0534084809447128,0.7380568974771873,0.040257648953301126,0.1610305958132045,0.026838432635534086,,,,
26,49.993290391841114,36.91626409017714,1.6774020397208802,7.27992485238862,1.7176596886741815,1.3821792807300053,0.7716049382716049,0.040257648953301126,0.19457863660762212,0.026838432635534086,,,,
27,49.684648416532475,36.90955448201825,1.7310789049919484,7.467793880837359,1.7847557702630166,1.402308105206656,0.7447665056360708,0.040257648953301126,0.20799785292538917,0.026838432635534086,,,,
28,48.97342995169082,37.43961352657005,1.778046162104133,7.454374664519592,1.8250134192163177,1.4492753623188406,0.7514761137949544,0.040257648953301126,0.2616747181964573,0.026838432635534086,,,,
29,48.772141706924316,37.41277509393451,1.90552871712292,7.481213097155126,1.8183038110574343,1.4895330112721417,0.7917337627482555,0.040257648953301126,0.2616747181964573,0.026838432635534086,,,,
30,48.64465915190553,37.1309715512614,2.0799785292538915,7.5281803542673105,1.8115942028985508,1.5432098765432098,0.9057971014492754,0.040257648953301126,0.2885131508319914,0.026838432635534086,,,,
31,34.634997316156735,53.817767042404725,1.4559849704777241,6.286902844873859,1.5230810520665594,1.402308105206656,0.5636070853462157,0.040257648953301126,0.24825550187869028,0.026838432635534086,,,,
32,32.17928073000537,55.9044551798175,1.8115942028985508,6.179549114331723,1.6371443907675791,1.3888888888888888,0.5837359098228664,0.040257648953301126,0.24825550187869028,0.026838432635534086,,,,
33,32.23966720343532,54.54240472356415,3.052871712292002,6.206387546967257,1.6170155662909287,1.4090177133655395,0.5837359098228664,0.040257648953301126,0.2683843263553409,0.040257648953301126,,,,
34,32.11218464841653,54.39479334406871,3.1468062265163717,6.226516371443908,1.7042404723564144,1.3955984970477724,0.6374127750939346,0.040257648953301126,0.30193236714975846,0.040257648953301126,,,,
35,31.99141170155663,53.97879763821793,3.4017713365539453,6.233225979602791,1.737788513150832,1.42914653784219,0.8118625872249061,0.040257648953301126,0.30193236714975846,0.040257648953301126,0.03354804079441761,,,
36,31.85721953837896,53.6634460547504,3.717122920021471,6.3070316693505095,1.7981749865807837,1.415727321524423,0.8252818035426731,0.040257648953301126,0.27509393451422437,0.040257648953301126,0.03354804079441761,0.026838432635534086,,
37,31.82367149758454,53.207192699946326,4.166666666666667,6.374127750939345,1.7981749865807837,1.415727321524423,0.8252818035426731,0.013419216317767043,0.27509393451422437,0.040257648953301126,0.03354804079441761,0.026838432635534086,,
38,31.729736983360173,52.15378421900161,4.408212560386473,6.353998926462695,2.690552871712292,1.3620504562533549,0.8655394524959742,0.013419216317767043,0.322061191626409,0.040257648953301126,0.03354804079441761,0.026838432635534086,,
39,23.161567364465917,63.5601180891036,4.17337627482555,6.031937734836285,0.630703166935051,1.2546967257112185,0.798443370907139,,0.30193236714975846,0.013419216317767043,0.04696725711218465,0.026838432635534086,,
40,23.10789049919485,63.20450885668277,4.42163177670424,6.078904991948471,0.6508319914117016,1.2681159420289856,0.8118625872249061,,0.36902844873859364,0.013419216317767043,0.04696725711218465,0.026838432635534086,,
41,22.839506172839506,61.48684916800859,4.7101449275362315,6.119162640901771,0.7112184648416533,1.2345679012345678,2.4490069779924855,,0.36231884057971014,0.013419216317767043,0.04696725711218465,0.026838432635534086,,
42,22.84621578099839,60.950080515297905,5.032206119162641,6.146001073537305,0.7581857219538379,1.2681159420289856,2.5496511003757383,,0.36231884057971014,0.013419216317767043,0.04696725711218465,0.026838432635534086,,
43,22.611379495437465,60.00402576489533,6.125872249060655,6.099033816425121,0.7380568974771873,1.328502415458937,2.6637144390767578,,0.3421900161030596,0.013419216317767043,0.04696725711218465,0.026838432635534086,,
44,22.463768115942027,59.534353193773484,6.642512077294686,6.038647342995169,0.7380568974771873,1.3620504562533549,2.636876006441224,0.020128824476650563,0.4092860976918948,0.013419216317767043,0.07380568974771873,0.05367686527106817,0.013419216317767043,
45,22.289318303811058,51.409017713365536,6.427804616210413,6.0587761674718195,0.7380568974771873,9.722222222222221,2.7106816961889426,0.020128824476650563,0.4092860976918948,0.07380568974771873,0.07380568974771873,0.05367686527106817,0.013419216317767043,
46,21.77938808373591,50.013419216317764,6.810252281266774,6.092324208266238,2.4490069779924855,9.695383789586689,2.509393451422437,0.03354804079441761,0.3757380568974772,0.07380568974771873,0.07380568974771873,0.08051529790660225,0.013419216317767043,
47,19.692699946323135,42.17659688674181,5.059044551798175,18.08239398819109,2.314814814814815,9.514224369296834,2.4892646269457863,0.020128824476650563,0.4227053140096618,0.08722490606548577,0.04696725711218465,0.08051529790660225,0.013419216317767043,
48,19.840311325818572,41.89479334406871,5.213365539452496,17.901234567901234,2.3349436392914655,9.50751476113795,2.5496511003757383,0.020128824476650563,0.4830917874396135,0.0939345142243693,0.06709608158883522,0.08051529790660225,0.013419216317767043,
49,19.94766505636071,40.9621578099839,5.260332796564681,17.746913580246915,2.3617820719269993,9.380032206119163,3.4420289855072466,0.020128824476650563,0.49651100375738055,0.17444981213097155,0.06709608158883522,0.1274825550187869,0.013419216317767043,
50,20.021470746108427,40.35829307568438,5.253623188405797,17.70665593129361,2.3886205045625335,9.708803005904455,3.5091250670960816,0.06709608158883522,0.5837359098228664,0.19457863660762212,0.06709608158883522,0.1274825550187869,0.013419216317767043,
51,20.189210950080515,40.19726247987118,5.314009661835748,17.52549651100376,2.38191089640365,9.634997316156737,3.5292538915727323,0.06709608158883522,0.7179280730005367,0.23483628556092323,0.06709608158883522,0.1274825550187869,0.013419216317767043,
52,20.283145464304884,39.87520128824477,5.421363392377885,17.351046698872786,2.395330112721417,9.634997316156737,3.5292538915727323,0.06709608158883522,0.9326355340848095,0.2683843263553409,0.07380568974771873,0.15432098765432098,0.013419216317767043,
53,20.249597423510465,38.439345142243695,5.897745571658615,17.310789049919485,2.38191089640365,9.608158883521202,4.555823939881911,0.06709608158883522,0.95276435856146,0.2549651100375738,0.11406333870101985,0.15432098765432098,0.013419216317767043,
54,20.242887815351583,37.56038647342995,5.797101449275362,15.707192699946322,4.797369833601718,9.567901234567902,4.367954911433173,0.10064412238325282,1.1205045625335481,0.4294149221685454,0.14090177133655393,0.15432098765432098,0.013419216317767043,
55,20.43075684380032,36.312399355877616,6.9243156199677935,15.60654857756307,4.663177670424047,9.601449275362318,4.240472356414386,0.14090177133655393,1.1137949543746646,0.6508319914117016,0.15432098765432098,0.14761137949543746,0.013419216317767043,
56,20.397208803005906,36.151368760064415,7.018250134192163,14.700751476113794,4.62962962962963,9.614868491680086,5.059044551798175,0.1878690284487386,1.1876006441223832,0.7045088566827697,0.1878690284487386,0.14761137949543746,0.013419216317767043,
57,20.25630703166935,35.25228126677402,6.9243156199677935,18.377616747181964,3.294417606011809,9.594739667203436,4.1532474503489,0.18115942028985507,1.0399892646269457,0.6038647342995169,0.17444981213097155,0.14761137949543746,,
58,20.263016639828233,35.0979602791197,7.159151905528717,18.297101449275363,3.3145464304884595,9.588030059044552,3.9519592055823938,0.20799785292538917,1.1406333870101986,0.6575415995705851,0.1878690284487386,0.13419216317767044,,
59,19.87385936661299,34.292807300053674,7.997852925389157,19.290123456790123,3.2675791733762747,8.957326892109501,3.9519592055823938,0.2214170692431562,1.1876006441223832,0.5904455179817498,0.2214170692431562,0.13419216317767044,0.013419216317767043,
60,19.766505636070853,33.23939881910896,7.843531937734836,20.893719806763286,2.8784219001610305,8.876811594202898,3.9184111647879765,0.2214170692431562,1.3620504562533549,0.5904455179817498,0.2214170692431562,0.13419216317767044,0.05367686527106817,
61,19.719538378958667,32.930756843800324,7.803274288781535,20.8064949006978,3.1736446591519054,8.80300590445518,3.978797638217928,0.2214170692431562,1.5365002683843263,0.5971551261406334,0.19457863660762212,0.18115942028985507,0.05367686527106817,
62,19.847020933977454,32.71604938271605,7.716049382716049,20.685721953837895,3.260869565217391,8.635265700483092,4.025764895330113,0.24154589371980675,1.6304347826086956,0.7716049382716049,0.23483628556092323,0.18115942028985507,0.05367686527106817,
63,20.034889962426195,32.52818035426731,7.722758990874933,20.558239398819108,3.3480944712828773,8.279656468062266,4.032474503488996,0.24154589371980675,1.778046162104133,0.9796027911969941,0.2616747181964573,0.18115942028985507,0.05367686527106817,
64,20.021470746108427,32.48121309715513,7.682501341921632,20.618625872249062,3.4151905528717124,8.219269994632313,4.045893719806763,0.24154589371980675,1.7713365539452497,0.9930220075147611,0.2616747181964573,0.19457863660762212,0.05367686527106817,
65,20.155662909286097,32.367149758454104,7.716049382716049,20.598497047772412,3.408480944712829,8.21256038647343,3.9989264626945786,0.24154589371980675,1.7914653784219001,1.0198604401502953,0.2147074610842727,0.2214170692431562,0.05367686527106817,
66,19.330381105743424,30.88432635534085,7.199409554482019,19.860440150295222,4.830917874396135,10.359634997316157,3.8915727321524423,0.24154589371980675,1.932367149758454,1.0064412238325282,0.2147074610842727,0.19457863660762212,0.05367686527106817,
67,19.390767579173378,30.750134192163177,7.246376811594203,19.672571121846484,4.817498658078368,10.305958132045088,3.911701556629093,0.24154589371980675,2.100107353730542,1.06682769726248,0.24825550187869028,0.19457863660762212,0.05367686527106817,
68,19.30354267310789,30.636070853462158,7.353730542136339,19.639023081052066,4.87788513150832,10.245571658615138,4.005636070853462,0.24154589371980675,2.0799785292538915,1.1003757380568975,0.2683843263553409,0.19457863660762212,0.05367686527106817,
69,19.310252281266774,30.42807300053677,7.434245840042942,19.618894256575416,4.918142780461621,10.198604401502953,4.012345679012346,0.24154589371980675,2.1739130434782608,1.1473429951690821,0.2683843263553409,0.19457863660762212,0.05367686527106817,
70,19.43102522812668,30.233494363929147,7.39398819108964,19.53166935050993,4.938271604938271,10.23215244229737,4.032474503488996,0.24154589371980675,2.2946859903381642,1.1540526033279657,0.2683843263553409,0.19457863660762212,0.05367686527106817,
71,19.47128287707998,30.038915727321523,7.4006977992485234,19.612184648416534,4.918142780461621,10.151637144390767,4.005636070853462,0.24154589371980675,2.2879763821792807,1.3083735909822867,0.28180354267310787,0.2281266774020397,0.05367686527106817,
72,19.51154052603328,29.924852388620504,7.461084272678476,19.02173913043478,4.951690821256038,10.815888352120236,3.9989264626945786,0.24154589371980675,2.167203435319377,1.3419216317767042,0.28180354267310787,0.2281266774020397,0.05367686527106817,
73,19.578636607622116,29.938271604938272,7.333601717659689,18.800322061191626,4.978529253891573,10.72866344605475,3.9989264626945786,0.2616747181964573,2.3081052066559313,1.4492753623188406,0.3421900161030596,0.2281266774020397,0.05367686527106817,
74,19.598765432098766,29.844337090713903,7.39398819108964,18.63929146537842,4.938271604938271,10.768921095008052,4.032474503488996,0.30864197530864196,2.3886205045625335,1.4626945786366077,0.3421900161030596,0.2281266774020397,0.05367686527106817,
75,19.618894256575416,29.777241009125067,7.924047235641439,18.00187869028449,4.9651100375738055,10.68840579710145,4.159957058507783,0.30864197530864196,2.462426194310252,1.4694041867954912,0.3421900161030596,0.2281266774020397,0.05367686527106817,
76,19.612184648416534,29.47530864197531,8.05823939881911,17.894524959742352,5.139559849704777,10.567632850241546,4.139828234031133,0.30193236714975846,2.7442297369833604,1.4962426194310252,0.322061191626409,0.19457863660762212,0.05367686527106817,
77,13.976113794954374,37.42619431025228,8.93719806763285,16.337895866881375,4.723564143853999,9.75577026301664,3.898282340311326,0.30193236714975846,2.6167471819645733,1.442565754159957,0.33548040794417605,0.19457863660762212,0.05367686527106817,
78,13.18438003220612,35.83601717659689,8.514492753623188,16.438539989264626,4.62962962962963,14.197530864197532,2.717391304347826,0.30193236714975846,2.6704240472356413,1.0802469135802468,0.23483628556092323,0.14090177133655393,0.05367686527106817,
79,13.399087493290391,35.09125067096082,8.930488459473967,16.19699409554482,4.656468062265164,14.130434782608695,2.999194847020934,0.30193236714975846,2.7844873859366612,1.0534084809447128,0.23483628556092323,0.14090177133655393,0.08051529790660225,
80,13.439345142243694,34.88325281803543,9.03113258185722,16.1231884057971,4.723564143853999,14.103596349973161,2.999194847020934,0.30193236714975846,2.8381642512077296,1.1137949543746646,0.2214170692431562,0.14090177133655393,0.08051529790660225,
81,4.87788513150832,82.45437466451959,4.985238862050457,1.724369296833065,1.724369296833065,1.8853998926462694,1.5432098765432098,0.1878690284487386,0.322061191626409,0.1610305958132045,0.06709608158883522,0.06709608158883522,,
82,4.200214707461084,82.78985507246377,5.3341384863123995,1.6975308641975309,1.710950080515298,1.8719806763285025,1.5901771336553945,0.17444981213097155,0.33548040794417605,0.1610305958132045,0.06709608158883522,0.06709608158883522,,
83,4.260601180891036,81.19296833064949,6.796833064949007,1.6841116478797638,1.7310789049919484,1.8719806763285025,1.6170155662909287,0.17444981213097155,0.33548040794417605,0.20128824476650564,0.06709608158883522,0.06709608158883522,,
84,4.314278046162104,80.68974771873323,7.011540526033279,1.1808910359634996,1.710950080515298,2.8381642512077296,1.4962426194310252,0.20128824476650564,0.2549651100375738,0.16774020397208803,0.06709608158883522,0.06709608158883522,,
85,4.555823939881911,79.83091787439614,7.6556629092860975,1.1808910359634996,1.724369296833065,2.7979066022544283,1.5096618357487923,0.20128824476650564,0.2281266774020397,0.18115942028985507,0.06709608158883522,0.06709608158883522,,
86,4.636339237788513,79.36124530327429,7.957595276435856,1.1741814278046163,1.7579173376274826,2.8247450348899625,1.5297906602254427,0.20128824476650564,0.2281266774020397,0.18115942028985507,0.06709608158883522,0.08051529790660225,,
87,4.898013955984971,78.72383252818035,8.246108427267847,1.1876006441223832,1.7646269457863661,2.8381642512077296,1.5230810520665594,0.2683843263553409,0.2281266774020397,0.17444981213097155,0.06709608158883522,0.08051529790660225,,
88,5.059044551798175,72.61808910359635,8.091787439613526,1.1876006441223832,7.85024154589372,2.8650026838432634,1.4962426194310252,0.2683843263553409,0.2281266774020397,0.1878690284487386,0.06709608158883522,0.08051529790660225,,
89,5.260332796564681,72.03435319377348,8.460815888352121,1.1808910359634996,7.816693505099302,2.85829307568438,1.5230810520665594,0.2683843263553409,0.2281266774020397,0.1878690284487386,0.06709608158883522,0.11406333870101985,,
90,5.3274288781535155,69.8268921095008,10.245571658615138,1.1741814278046163,8.111916264090176,2.9253891572732154,1.5297906602254427,0.2683843263553409,0.2549651100375738,0.1878690284487386,0.06709608158883522,0.08051529790660225,,
91,5.307300053676865,69.65244229736983,10.393183038110575,1.0869565217391304,8.004562533548041,2.885131508319914,1.6438539989264627,0.36902844873859364,0.2683843263553409,0.2281266774020397,0.06709608158883522,0.0939345142243693,,
92,5.448201825013419,69.24315619967794,10.513955984970478,1.0735373054213635,8.085077831454644,2.8918411164787976,1.6572732152442298,0.36902844873859364,0.30193236714975846,0.2281266774020397,0.07380568974771873,0.11406333870101985,,
93,5.3274288781535155,62.80193236714976,16.988727858293075,1.093666129898014,8.071658615136876,2.885131508319914,1.6706924315619969,0.4294149221685454,0.3153515834675255,0.2147074610842727,0.07380568974771873,0.11406333870101985,0.013419216317767043,
94,5.4616210413311865,62.164519592055825,17.411433172302736,1.093666129898014,8.091787439613526,2.831454643048846,1.737788513150832,0.43612453032742887,0.3153515834675255,0.2147074610842727,0.07380568974771873,0.11406333870101985,0.05367686527106817,
95,5.649490069779925,61.54723564143854,17.67981749865808,1.093666129898014,8.064949006977992,2.9119699409554483,1.7713365539452497,0.4025764895330113,0.36902844873859364,0.2281266774020397,0.07380568974771873,0.11406333870101985,0.0939345142243693,
96,5.683038110574342,60.92324208266237,18.04884594739667,1.0735373054213635,8.051529790660226,2.932098765432099,1.9189479334406871,0.41599570585077833,0.3488996242619431,0.24154589371980675,0.14090177133655393,0.11406333870101985,0.10735373054213634,
97,5.783682232957595,54.34111647879764,16.626409017713364,1.0869565217391304,7.830112721417069,10.721953837895867,2.0128824476650564,0.6038647342995169,0.3488996242619431,0.2683843263553409,0.16774020397208803,0.10064412238325282,0.10735373054213634,
98,5.891035963499732,53.84460547504026,16.908212560386474,1.0802469135802468,7.877079978529254,10.621309715512615,2.100107353730542,0.6038647342995169,0.3488996242619431,0.3488996242619431,0.16774020397208803,0.10064412238325282,0.10735373054213634,
99,5.971551261406334,53.5829307568438,16.97530864197531,1.107085346215781,7.877079978529254,10.59447128287708,2.100107353730542,0.6575415995705851,0.3488996242619431,0.3757380568974772,0.16774020397208803,0.10064412238325282,0.14090177133655393,
100,5.978260869565218,51.81830381105743,15.539452495974235,1.2144390767579174,10.903113258185721,10.34621578099839,2.2074610842726785,0.6977992485238862,0.36902844873859364,0.5501878690284487,0.07380568974771873,0.13419216317767044,0.16774020397208803,
101,6.011808910359635,50.15432098765432,16.57944176060118,1.1876006441223832,11.178207192699947,10.332796564680622,2.254428341384863,0.7783145464304885,0.38915727321524424,0.7313472893183038,0.07380568974771873,0.13419216317767044,0.19457863660762212,
102,6.159420289855072,49.302200751476114,17.12962962962963,1.2010198604401503,11.131239935587761,10.138217928073,2.227589908749329,0.8454106280193237,0.6374127750939346,0.8252818035426731,0.07380568974771873,0.13419216317767044,0.19457863660762212,
103,6.226516371443908,49.15458937198068,17.20343531937735,1.1741814278046163,11.07085346215781,10.091250670960816,2.2879763821792807,0.8655394524959742,0.6642512077294686,0.8521202361782072,0.07380568974771873,0.13419216317767044,0.20128824476650564,
104,6.327160493827161,47.725442834138484,17.297369833601717,1.1674718196457328,11.030595813204508,10.064412238325282,3.5091250670960816,0.9057971014492754,0.6642512077294686,0.8454106280193237,0.07380568974771873,0.15432098765432098,0.23483628556092323,
105,6.327160493827161,45.42404723564144,18.230005367686527,1.1674718196457328,11.11111111111111,10.044283413848632,3.4822866344605474,0.9326355340848095,1.8719806763285025,0.8588298443370908,0.07380568974771873,0.18115942028985507,0.2952227589908749,
106,6.414385399892646,45.1154052603328,18.23671497584541,1.2345679012345678,10.997047772410092,10.044283413848632,3.5963499731615673,0.9728931830381106,1.8988191089640365,0.9393451422436929,0.07380568974771873,0.18115942028985507,0.2952227589908749,
107,6.588835212023618,44.14922168545357,19.00161030595813,1.261406333870102,11.09098228663446,9.957058507783145,3.603059581320451,0.9728931830381106,1.7646269457863661,0.9796027911969941,0.0939345142243693,0.2214170692431562,0.3153515834675255,
108,6.756575415995706,43.874127750939344,18.9747718733226,1.2748255501878691,10.950080515297907,9.950348899624261,3.5963499731615673,1.0869565217391304,1.7579173376274826,0.9796027911969941,0.24825550187869028,0.2281266774020397,0.322061191626409,
109,6.9243156199677935,43.69967793880837,18.914385399892645,1.2681159420289856,10.95679012345679,9.91009125067096,3.643317230273752,1.093666129898014,1.7713365539452497,0.9863123993558777,0.24825550187869028,0.2281266774020397,0.35560923242082665,
110,6.964573268921095,43.35077831454643,19.0955448201825,1.2681159420289856,10.86285560923242,9.876543209876543,3.717122920021471,1.1607622114868492,1.8585614600107354,1.0064412238325282,0.28180354267310787,0.20128824476650564,0.35560923242082665,
111,7.1658615136876005,42.901234567901234,19.088835212023618,1.2681159420289856,10.84272678475577,9.728931830381105,3.7372517444981215,1.261406333870102,1.8988191089640365,1.1473429951690821,0.30193236714975846,0.23483628556092323,0.4227053140096618,
112,7.239667203435319,42.639559849704774,18.92109500805153,1.2546967257112185,10.896403650026839,9.789318303811058,3.844605475040258,1.2278582930756843,1.9256575415995705,1.288244766505636,0.3153515834675255,0.23483628556092323,0.4227053140096618,
113,7.253086419753086,40.96886741814278,18.780193236714975,1.2546967257112185,10.695115405260333,11.674718196457327,3.8848631239935587,1.3016639828234031,1.9659151905528718,1.288244766505636,0.30864197530864196,0.20128824476650564,0.4227053140096618,
114,7.266505636070853,39.492753623188406,18.4849704777241,1.2681159420289856,10.61460010735373,11.265432098765432,6.031937734836285,1.3016639828234031,1.9457863660762211,1.3888888888888888,0.30864197530864196,0.1610305958132045,0.46967257112184646,
115,7.340311325818572,39.28475577026302,18.5654857756307,1.2681159420289856,10.587761674718196,11.252012882447666,5.904455179817498,1.402308105206656,1.9457863660762211,1.4761137949543746,0.30864197530864196,0.1610305958132045,0.5032206119162641,
116,7.27992485238862,38.00993022007515,20.759527643585614,1.2546967257112185,9.802737520128824,11.097691894793345,5.897745571658615,1.3620504562533549,1.9457863660762211,1.5297906602254427,0.32877079978529256,0.2214170692431562,0.5099302200751477,
117,7.353730542136339,37.5805152979066,20.94068706387547,1.2546967257112185,9.842995169082126,10.997047772410092,5.964841653247451,1.3821792807300053,1.9726247987117553,1.5767579173376274,0.32877079978529256,0.2683843263553409,0.5367686527106817,
118,7.608695652173913,37.2987117552335,20.699141170155663,1.2546967257112185,9.856414385399892,10.869565217391305,6.112453032742888,1.4224369296833066,2.1269457863660763,1.5767579173376274,0.36902844873859364,0.2683843263553409,0.5367686527106817,
119,7.796564680622652,37.043746645195924,20.725979602791195,1.2815351583467525,9.822866344605474,10.849436392914654,6.239935587761675,1.4224369296833066,2.13365539452496,1.5096618357487923,0.3488996242619431,0.24825550187869028,0.5770263016639828,
120,7.917337627482555,36.822329575952764,20.658883521202362,1.2815351583467525,9.802737520128824,10.802469135802468,6.353998926462695,1.4626945786366077,2.1403650026838434,1.596886741814278,0.3488996242619431,0.24825550187869028,0.5636070853462157,
121,8.051529790660226,36.66800858829844,20.598497047772412,1.2815351583467525,9.796027911969942,10.809178743961352,6.380837359098229,1.4962426194310252,2.120236178207193,1.6170155662909287,0.3488996242619431,0.24825550187869028,0.5837359098228664,
122,8.105206655931294,36.574074074074076,20.48443370907139,1.2815351583467525,9.541062801932368,10.802469135802468,6.400966183574879,1.8719806763285025,2.046430488459474,1.6505636070853462,0.4227053140096618,0.2683843263553409,0.5501878690284487,
123,8.158883521202362,35.567632850241544,19.753086419753085,1.2815351583467525,9.400161030595813,10.715244229736983,8.145464304884594,1.9457863660762211,2.0128824476650564,1.7646269457863661,0.4294149221685454,0.28180354267310787,0.5434782608695652,
124,8.225979602791197,34.80944712828771,19.343800322061192,1.3083735909822867,9.930220075147611,10.44015029522276,8.903650026838433,1.90552871712292,2.1940418679549114,1.7444981213097155,0.4428341384863124,0.2616747181964573,0.48980139559849706,
125,8.407139023081053,34.60144927536232,19.32367149758454,1.328502415458937,9.923510466988727,10.406602254428341,8.890230810520666,1.9524959742351047,2.2410091250670963,1.7444981213097155,0.4227053140096618,0.28180354267310787,0.47638217928073,
126,8.601717659688674,34.49409554482018,19.223027375201287,1.288244766505636,9.96376811594203,10.399892646269459,8.849973161567364,1.9524959742351047,2.2946859903381642,1.7579173376274826,0.4227053140096618,0.2683843263553409,0.4830917874396135,
127,8.749329039184111,34.29951690821256,19.108964036500268,1.288244766505636,9.990606548577563,10.426731078904991,8.849973161567364,1.932367149758454,2.2946859903381642,1.778046162104133,0.47638217928073,0.32877079978529256,0.47638217928073,
128,8.930488459473967,34.09151905528717,19.07541599570585,1.288244766505636,10.00402576489533,10.420021470746109,8.776167471819646,1.8853998926462694,2.2946859903381642,1.8183038110574343,0.5099302200751477,0.41599570585077833,0.48980139559849706,
129,9.037842190016104,33.93719806763285,19.04186795491143,1.3016639828234031,10.071121846484166,10.373054213633925,8.76274825550188,1.8317230273752012,2.281266774020397,1.865271068169619,0.48980139559849706,0.46967257112184646,0.5367686527106817,
130,9.252549651100376,33.72920021470746,19.11567364465915,1.2815351583467525,10.077831454643048,10.379763821792807,8.796296296296296,1.8183038110574343,2.281266774020397,1.7981749865807837,0.4495437466451959,0.49651100375738055,0.5233494363929146,
131,9.353193773483628,33.40713902308105,19.202898550724637,1.2546967257112185,10.171765968867419,10.265700483091788,8.78287707997853,1.8317230273752012,2.3483628556092326,1.8853998926462694,0.4428341384863124,0.5300590445517982,0.5233494363929146,
132,9.5276435856146,33.2662372517445,19.11567364465915,1.2546967257112185,10.218733225979603,10.23215244229737,8.80300590445518,1.8048845947396672,2.3349436392914655,1.892109500805153,0.4227053140096618,0.5703166935050993,0.5568974771873323,
133,9.581320450885668,33.04482018250134,19.189479334406872,1.2546967257112185,10.292538915727322,10.144927536231885,8.742619431025227,1.7914653784219001,2.4355877616747184,1.865271068169619,0.4562533548040794,0.5568974771873323,0.644122383252818,
134,9.789318303811058,32.91733762748255,19.108964036500268,1.2278582930756843,10.279119699409554,10.0979602791197,8.668813741277509,1.90552871712292,2.4557165861513686,1.9122383252818036,0.4830917874396135,0.5367686527106817,0.6172839506172839,
135,9.695383789586689,32.76301663982824,19.223027375201287,1.2278582930756843,10.352925389157273,10.077831454643048,8.796296296296296,1.9122383252818036,2.475845410628019,1.9390767579173376,0.48980139559849706,0.5568974771873323,0.48980139559849706,
136,9.722222222222221,32.43424584004294,18.9747718733226,1.2278582930756843,10.742082662372518,10.010735373054214,8.903650026838433,1.9457863660762211,2.6033279656468062,1.9122383252818036,0.4294149221685454,0.6038647342995169,0.48980139559849706,
137,9.742351046698873,32.045088566827694,19.07541599570585,1.2278582930756843,10.735373054213634,9.96376811594203,9.024422973698336,1.9726247987117553,2.589908749329039,2.0665593129361244,0.4495437466451959,0.6172839506172839,0.48980139559849706,
138,9.829575952764358,30.857487922705314,19.07541599570585,1.0265700483091786,12.352388620504563,9.863123993558776,8.84326355340848,2.006172839506173,2.5563607085346214,2.046430488459474,0.46296296296296297,0.5904455179817498,0.48980139559849706,
139,9.849704777241008,30.750134192163177,18.9747718733226,1.0131508319914118,12.204777241009126,9.876543209876543,8.789586688137414,2.301395598497048,2.5563607085346214,2.0799785292538915,0.48980139559849706,0.6239935587761675,0.48980139559849706,
140,9.433709071390231,31.246645195920557,19.02173913043478,0.9057971014492754,12.171229200214707,9.863123993558776,8.78287707997853,2.3349436392914655,2.5697799248523885,2.0531400966183573,0.5032206119162641,0.6239935587761675,0.48980139559849706,
141,9.534353193773484,31.132581857219538,18.552066559312937,0.8789586688137413,12.74825550187869,9.708803005904455,8.776167471819646,2.328234031132582,2.5563607085346214,2.167203435319377,0.5032206119162641,0.6239935587761675,0.48980139559849706,
142,9.574610842726784,30.844068706387546,18.733225979602793,0.8856682769726248,12.741545893719806,9.722222222222221,8.749329039184111,2.3081052066559313,2.5563607085346214,2.187332259796028,0.5434782608695652,0.6642512077294686,0.48980139559849706,
143,9.75577026301664,30.783682232957595,18.733225979602793,0.8722490606548577,12.828770799785293,9.722222222222221,8.709071390230811,2.2946859903381642,2.4691358024691357,2.1604938271604937,0.5233494363929146,0.6843800322061192,0.46296296296296297,
144,9.842995169082126,30.629361245303276,18.733225979602793,0.8722490606548577,12.775093934514224,9.71551261406334,8.76274825550188,2.281266774020397,2.49597423510467,2.1604938271604937,0.5367686527106817,0.6977992485238862,0.49651100375738055,
145,9.896672034353195,30.54213633923779,18.733225979602793,0.8655394524959742,13.077026301663983,9.581320450885668,8.695652173913043,2.301395598497048,2.5161030595813205,2.1135265700483092,0.5099302200751477,0.6977992485238862,0.46967257112184646,
146,10.084541062801932,30.44820182501342,18.63929146537842,0.9057971014492754,13.01663982823403,9.567901234567902,8.735909822866345,2.341653247450349,2.5563607085346214,2.0531400966183573,0.47638217928073,0.7045088566827697,0.46967257112184646,
147,10.010735373054214,30.19994632313473,18.54535695115405,0.9057971014492754,13.070316693505099,9.561191626409018,8.997584541062801,2.2946859903381642,2.589908749329039,2.1806226516371443,0.48980139559849706,0.6977992485238862,0.4562533548040794,
148,10.198604401502953,29.924852388620504,18.820450885668276,0.8990874932903918,13.050187869028449,9.473966720343531,8.984165324745035,2.3349436392914655,2.428878153515835,2.26784755770263,0.4830917874396135,0.6776704240472357,0.4562533548040794,
149,9.23913043478261,27.200751476113794,17.773752012882447,0.8789586688137413,22.21551261406334,7.890499194847021,6.91760601180891,2.1068169618894257,2.26784755770263,2.0397208803005906,0.5032206119162641,0.5300590445517982,0.43612453032742887,
150,9.286097691894794,27.160493827160494,17.827428878153516,0.8789586688137413,22.074610842726784,7.843531937734836,6.89747718733226,2.1739130434782608,2.26784755770263,2.0933977455716586,0.5032206119162641,0.5300590445517982,0.46296296296296297,
151,9.373322597960279,27.093397745571657,17.814009661835748,0.8789586688137413,22.007514761137948,7.897208803005904,6.884057971014493,2.2074610842726785,2.26784755770263,2.13365539452496,0.47638217928073,0.5300590445517982,0.43612453032742887,
152,9.440418679549115,26.94578636607622,17.726784755770264,0.8990874932903918,21.806226516371442,7.856951154052603,6.884057971014493,2.200751476113795,2.5831991411701556,2.1806226516371443,0.5166398282340311,0.5434782608695652,0.41599570585077833,
153,9.5276435856146,26.80488459473967,17.64626945786366,0.9259259259259259,21.74584004294149,7.7831454643048845,6.984702093397746,2.2342995169082127,2.6033279656468062,2.26784755770263,0.5099302200751477,0.5568974771873323,0.4092860976918948,
154,9.50751476113795,26.52308105206656,17.102791196994094,0.9259259259259259,22.77241009125067,7.722758990874933,7.011540526033279,2.0933977455716586,2.576489533011272,2.26784755770263,0.49651100375738055,0.5904455179817498,0.4092860976918948,
155,9.205582393988191,24.9194847020934,15.485775630703166,0.9259259259259259,22.34970477724101,8.3467525496511,10.332796564680622,2.0933977455716586,2.475845410628019,2.4221685453569513,0.47638217928073,0.6239935587761675,0.3421900161030596,
156,9.359903381642512,24.798711755233494,15.579710144927537,0.9259259259259259,22.309447128287708,8.407139023081053,10.352925389157273,2.147074610842727,2.341653247450349,2.314814814814815,0.46296296296296297,0.6239935587761675,0.3757380568974772,
157,9.561191626409018,24.771873322597962,15.505904455179817,0.9259259259259259,22.17525496511004,8.380300590445518,10.332796564680622,2.1739130434782608,2.4490069779924855,2.2946859903381642,0.46296296296296297,0.5904455179817498,0.3757380568974772,
158,9.373322597960279,24.4699409554482,15.24422973698336,0.9259259259259259,23.577563070316693,8.400429414922169,9.75577026301664,2.227589908749329,2.4355877616747184,2.2208803005904456,0.3824476650563607,0.6239935587761675,0.36231884057971014,
159,9.4873859366613,24.342458400429415,15.324745034889963,0.8789586688137413,23.443370907139023,8.400429414922169,9.86983360171766,2.24771873322598,2.4020397208803006,2.1806226516371443,0.36231884057971014,0.6374127750939346,0.4227053140096618,
160,9.541062801932368,24.12104133118626,15.318035426731079,0.8789586688137413,23.537305421363392,8.387010198604402,9.796027911969942,2.2611379495437465,2.462426194310252,2.1806226516371443,0.39586688137412773,0.7112184648416533,0.4092860976918948,
161,9.73564143853999,24.08749329039184,15.203972088030058,0.8923778851315083,23.463499731615673,8.420558239398819,9.655126140633387,2.24771873322598,2.623456790123457,2.1403650026838434,0.4227053140096618,0.7246376811594203,0.3824476650563607,
162,9.88996242619431,23.96672034353194,15.163714439076758,0.9192163177670424,23.443370907139023,8.353462157809984,9.675254965110037,2.3215244229736984,2.623456790123457,2.100107353730542,0.4227053140096618,0.7380568974771873,0.3824476650563607,
163,10.010735373054214,23.879495437466453,15.049651100375739,0.966183574879227,23.262211486849168,8.353462157809984,9.796027911969942,2.4221685453569513,2.6301663982823404,2.0665593129361244,0.4294149221685454,0.785024154589372,0.3488996242619431,
164,10.044283413848632,23.845947396672035,15.029522275899087,1.0131508319914118,23.17498658078368,8.279656468062266,9.88996242619431,2.49597423510467,2.636876006441224,2.0531400966183573,0.43612453032742887,0.7514761137949544,0.3488996242619431,
165,10.00402576489533,23.55072463768116,15.163714439076758,1.0399892646269457,22.993827160493826,8.3064949006978,10.198604401502953,2.5697799248523885,2.6502952227589907,1.8719806763285025,0.4495437466451959,0.8521202361782072,0.3488996242619431,
166,9.977187332259795,23.53059581320451,15.116747181964573,0.95276435856146,23.262211486849168,8.225979602791197,10.178475577026301,2.589908749329039,2.636876006441224,1.8585614600107354,0.4294149221685454,0.8923778851315083,0.3488996242619431,
167,10.050993022007514,23.416532474503487,15.08990874932904,0.9863123993558777,23.161567364465917,8.205850778314547,10.158346752549651,2.657004830917874,2.703972088030059,1.8786902844873858,0.4294149221685454,0.9057971014492754,0.35560923242082665,
168,10.124798711755233,23.295759527643586,14.942297369833602,0.9997316156736447,23.255501878690286,8.239398819108963,10.11808910359635,2.6704240472356413,2.737520128824477,1.9122383252818036,0.4227053140096618,0.9259259259259259,0.35560923242082665,
169,10.084541062801932,23.1682769726248,15.009393451422437,1.0131508319914118,23.255501878690286,8.192431561996779,10.138217928073,2.7241009125067097,2.7777777777777777,1.9189479334406871,0.43612453032742887,0.9259259259259259,0.35560923242082665,
170,10.218733225979603,23.03408480944713,14.982555018786902,1.0131508319914118,23.101180891035963,8.21256038647343,10.104669887278583,2.8247450348899625,2.844873859366613,1.9659151905528718,0.43612453032742887,0.9259259259259259,0.33548040794417605,
171,10.185185185185185,22.966988727858293,14.97584541062802,1.0265700483091786,23.013955984970476,8.219269994632313,10.151637144390767,2.8918411164787976,2.8784219001610305,2.006172839506173,0.43612453032742887,0.9125067096081588,0.33548040794417605,
172,10.225442834138486,22.758990874932906,15.35829307568438,1.0198604401502953,22.7187332259796,8.272946859903382,10.138217928073,2.818035426731079,2.932098765432099,2.0665593129361244,0.4495437466451959,0.9057971014492754,0.33548040794417605,
173,10.319377348362856,22.6784755770263,15.33816425120773,1.0198604401502953,22.638217928073,8.266237251744498,10.178475577026301,2.7777777777777777,2.9253891572732154,2.15378421900161,0.4495437466451959,0.9057971014492754,0.3488996242619431,
