,45,50,55,51,53,54,52,56,57,58,59,60
0,90.43880837359099,9.426999463231347,0.13419216317767044,,,,,,,,,
1,67.24369296833065,18.90096618357488,0.2683843263553409,13.47289318303811,0.11406333870101985,,,,,,,
2,58.722490606548575,25.89237788513151,0.32877079978529256,13.446054750402576,0.06038647342995169,1.5499194847020934,,,,,,
3,56.22651637144391,27.34165324745035,0.32877079978529256,13.425925925925926,0.06038647342995169,1.7042404723564144,0.9125067096081588,,,,,
4,55.97155126140633,27.462426194310254,0.39586688137412773,13.39237788513151,0.06038647342995169,1.8048845947396672,0.9125067096081588,,,,,
5,46.4170692431562,36.822329575952764,0.6843800322061192,13.325281803542673,0.06038647342995169,1.778046162104133,0.9125067096081588,,,,,
6,42.92807300053677,28.871443907675793,0.4830917874396135,23.376274825550187,0.020128824476650563,2.522812667740204,1.7981749865807837,,,,,
7,43.00858829844337,28.878153515834676,0.4830917874396135,23.30246913580247,0.020128824476650563,2.509393451422437,1.7981749865807837,,,,,
8,41.49892646269458,28.92512077294686,0.5770263016639828,17.59259259259259,2.214170692431562,2.6033279656468062,6.588835212023618,,,,,
9,4.622920021470746,66.51234567901234,0.39586688137412773,17.53220611916264,3.5292538915727323,1.8384326355340848,4.260601180891036,1.2077294685990339,0.10064412238325282,,,
10,4.898013955984971,65.54616210413312,1.1540526033279657,17.49194847020934,3.5292538915727323,1.8384326355340848,4.072732152442297,1.1808910359634996,0.2885131508319914,,,
11,5.005367686527107,65.3515834675255,2.341653247450349,16.089640365002683,3.4420289855072466,1.8384326355340848,3.388352120236178,2.4557165861513686,,0.08722490606548577,,
12,5.340848094471283,62.56038647342995,4.871175523349437,15.908480944712828,2.757648953301127,1.7981749865807837,4.186795491143317,2.4892646269457863,,0.08722490606548577,,
13,5.783682232957595,62.07729468599034,4.985238862050457,15.861513687600644,2.7442297369833604,1.6505636070853462,4.186795491143317,2.5295222758990876,,0.18115942028985507,,
14,6.253354804079442,61.01717659688674,5.844068706387547,15.552871712292003,2.6972624798711755,1.751207729468599,4.17337627482555,2.5295222758990876,,0.18115942028985507,,
15,5.730005367686527,54.01234567901235,5.522007514761138,15.445517981749866,10.547504025764896,1.751207729468599,4.17337627482555,2.636876006441224,,0.18115942028985507,,
16,6.407675791733762,53.40848094471283,5.636070853462158,15.277777777777779,10.547504025764896,1.751207729468599,4.1532474503489,2.636876006441224,,0.18115942028985507,,
17,5.998389694041868,43.646001073537306,4.696725711218465,14.694041867954912,21.504294149221685,1.8988191089640365,4.1532474503489,3.1602254428341383,,0.24825550187869028,,
18,6.293612453032743,43.51851851851852,4.730273752012883,14.694041867954912,21.423778851315085,1.8988191089640365,4.1532474503489,3.0394524959742353,,0.24825550187869028,,
19,6.085614600107354,37.38593666129898,5.528717122920021,14.734299516908212,15.344873859366613,1.9390767579173376,15.693773483628556,3.0394524959742353,,0.24825550187869028,,
20,6.045356951154052,29.139828234031132,4.555823939881911,14.378690284487385,12.372517444981213,2.6167471819645733,27.241009125067094,3.3279656468062266,0.14090177133655393,0.18115942028985507,,
21,6.092324208266238,27.395330112721417,4.213633923778851,12.285292538915728,12.13768115942029,2.999194847020934,31.85721953837896,2.368491680085883,0.2214170692431562,0.4294149221685454,,
22,5.508588298443371,24.06736446591519,2.3752012882447664,22.302737520128826,11.117820719269995,7.360440150295223,25.087224906065487,1.5432098765432098,0.2214170692431562,0.41599570585077833,,
23,5.448201825013419,21.651905528717123,1.8384326355340848,21.987385936661298,11.077563070316694,6.9243156199677935,28.670155662909288,1.7646269457863661,0.2214170692431562,0.41599570585077833,,
24,5.112721417069243,19.766505636070853,3.4286097691894795,15.063070316693505,11.064143853998926,8.038110574342458,36.312399355877616,0.48980139559849706,0.4495437466451959,0.27509393451422437,,
25,5.132850241545894,18.92109500805153,1.8719806763285025,24.490069779924852,9.782608695652174,5.515297906602254,31.293612453032743,2.0933977455716586,0.5770263016639828,0.322061191626409,,
26,5.495169082125604,18.92109500805153,3.3480944712828773,24.214975845410628,9.762479871175524,5.609232420826624,29.58937198067633,2.033011272141707,0.7045088566827697,0.322061191626409,,
27,5.776972624798712,18.894256575415994,3.3413848631239937,23.678207192699947,9.608158883521202,5.589103596349974,29.341116478797638,2.49597423510467,0.8118625872249061,0.46296296296296297,,
28,5.756843800322061,15.841384863123993,3.0730005367686526,23.235373054213635,18.256843800322063,3.408480944712829,26.56333870101986,2.49597423510467,0.9057971014492754,0.46296296296296297,,
29,5.374396135265701,12.640901771336553,2.7777777777777777,28.039452495974235,18.06897477187332,2.885131508319914,26.10708534621578,2.757648953301127,0.8856682769726248,0.46296296296296297,,
30,5.132850241545894,11.044015029522276,2.7979066022544283,32.70263016639828,16.847826086956523,2.885131508319914,24.342458400429415,2.563070316693505,1.221148684916801,0.46296296296296297,,
31,5.260332796564681,10.916532474503489,9.004294149221685,29.180085882984432,16.72705314009662,2.8784219001610305,21.692163177670423,2.6033279656468062,1.2949543746645196,0.4428341384863124,,
32,5.555555555555555,10.856146001073537,8.890230810520666,29.07944176060118,16.63311862587225,2.952227589908749,21.504294149221685,2.737520128824477,1.2949543746645196,0.49651100375738055,,
33,5.548845947396672,10.493827160493828,9.078099838969404,24.00697799248524,14.023081052066559,4.85775630703167,28.569511540526033,2.2342995169082127,0.8923778851315083,0.2952227589908749,,
34,5.803811057434245,10.158346752549651,9.07139023081052,22.302737520128826,12.808641975308642,5.60252281266774,30.152979066022546,2.8113258185721954,0.9930220075147611,0.2952227589908749,,
35,6.011808910359635,10.104669887278583,8.21256038647343,22.14170692431562,12.754965110037574,5.60252281266774,30.97826086956522,2.8113258185721954,1.093666129898014,0.2885131508319914,,
36,6.139291465378422,9.681964573268921,8.923778851315083,22.061191626409016,11.714975845410628,5.60252281266774,30.50858829844337,3.3682232957595275,1.093666129898014,0.9057971014492754,,
37,6.239935587761675,9.588030059044552,9.05126140633387,22.007514761137948,11.681427804616211,5.60252281266774,30.46833064949007,3.361513687600644,1.093666129898014,0.9057971014492754,,
38,6.494900697799249,9.145195920558239,8.950617283950617,21.309715512614062,12.177938808373591,4.622920021470746,31.49490069779925,3.9452495974235107,0.95276435856146,0.9057971014492754,,
39,6.78341384863124,9.118357487922705,8.829844337090714,21.195652173913043,12.097423510466989,4.602791196994096,30.9849704777241,3.9452495974235107,1.4694041867954912,0.9728931830381106,,
40,7.139023081052066,9.024422973698336,8.742619431025227,21.088298443370906,11.936392914653783,4.602791196994096,30.555555555555557,4.133118625872249,1.6706924315619969,1.107085346215781,,
41,7.615405260332796,8.943907675791733,8.675523349436393,21.07487922705314,11.936392914653783,4.602791196994096,30.099302200751477,4.133118625872249,1.8115942028985508,1.107085346215781,,
42,7.843531937734836,8.84326355340848,8.085077831454644,16.834406870638755,13.217928073000536,4.253891572732153,34.49409554482018,3.784219001610306,1.5767579173376274,1.06682769726248,,
43,8.239398819108963,8.648684916800859,8.07836822329576,16.438539989264626,12.47987117552335,5.146269457863661,34.38003220611916,3.864734299516908,1.5767579173376274,1.1473429951690821,,
44,7.434245840042942,7.212828770799785,6.884057971014493,25.704508856682768,11.694847020933977,7.367149758454106,27.26784755770263,3.824476650563607,1.5230810520665594,1.0869565217391304,,
45,7.830112721417069,7.159151905528717,6.877348362855609,25.597155126140635,11.594202898550725,7.353730542136339,26.90552871712292,3.8378958668813743,1.6438539989264627,1.2010198604401503,,
46,7.6623725174449815,5.656199677938808,8.756038647342995,25.509930220075148,12.110842726784755,7.467793880837359,26.241277509393452,3.7238325281803544,1.6975308641975309,1.1741814278046163,,
47,7.75630703166935,5.656199677938808,8.749329039184111,25.39586688137413,12.110842726784755,7.467793880837359,26.167471819645733,3.824476650563607,1.6975308641975309,1.1741814278046163,,
48,8.199141170155663,5.448201825013419,8.93719806763285,24.993290391841118,12.057165861513688,7.333601717659689,25.41599570585078,4.636339237788513,1.8048845947396672,1.1741814278046163,,
49,7.742887815351583,3.7238325281803544,6.4412238325281805,20.477724100912507,23.946591519055286,7.239667203435319,22.966988727858293,4.5893719806763285,1.5365002683843263,1.3352120236178207,,
50,7.669082125603865,3.643317230273752,6.407675791733762,20.148953301127214,25.221417069243156,7.206119162640902,21.618357487922705,5.260332796564681,1.4224369296833066,1.402308105206656,,
51,8.179012345679013,3.589640365002684,6.595544820182502,19.712828770799785,24.9194847020934,7.206119162640902,21.256038647342994,5.267042404723564,1.7646269457863661,1.5096618357487923,,
52,8.702361782071927,3.5829307568438002,6.689479334406871,19.236446591519055,24.859098228663445,7.467793880837359,21.048040794417606,5.186527106816962,1.7646269457863661,1.4626945786366077,,
53,7.286634460547504,2.563070316693505,5.441492216854535,31.49490069779925,18.075684380032207,7.971014492753623,20.82662372517445,3.911701556629093,1.1473429951690821,1.2815351583467525,,
54,7.474503488996243,2.5966183574879227,4.871175523349437,30.864197530864196,17.961621041331185,7.9039184111647875,21.55126140633387,3.9586688137412773,1.5365002683843263,1.2815351583467525,,
55,7.843531937734836,2.5966183574879227,4.871175523349437,30.629361245303276,17.961621041331185,7.877079978529254,21.329844337090712,4.092860976918948,1.5163714439076759,1.2815351583467525,,
56,6.273483628556092,2.475845410628019,4.488727858293076,38.39237788513151,16.894793344068706,6.615673644659152,18.4447128287708,3.5762211486849167,1.556629092860977,1.2815351583467525,,
57,6.6760601180891035,2.475845410628019,4.461889425657541,38.27831454643049,16.847826086956523,6.615673644659152,17.98845947396672,3.549382716049383,1.7847557702630166,1.3217928073000538,,
58,7.092055823939882,2.475845410628019,4.441760601180891,37.9898013955985,16.51905528717123,6.615673644659152,17.726784755770264,3.683574879227053,1.8988191089640365,1.556629092860977,,
59,7.219538378958669,2.475845410628019,4.367954911433173,36.231884057971016,18.283682232957595,6.582125603864735,17.478529253891573,3.9452495974235107,1.8585614600107354,1.556629092860977,,
60,7.555018786902845,2.475845410628019,4.367954911433173,36.03730542136339,18.19645732689211,7.071926999463232,16.847826086956523,4.032474503488996,1.8585614600107354,1.556629092860977,,
61,7.890499194847021,2.4490069779924855,4.38137412775094,34.534353193773484,17.961621041331185,7.139023081052066,18.344068706387546,3.8848631239935587,1.9122383252818036,1.5029522275899088,,
62,8.145464304884594,2.4490069779924855,4.367954911433173,34.35990338164251,17.840848094471284,7.139023081052066,18.223295759527645,3.8848631239935587,1.9726247987117553,1.6170155662909287,,
63,8.071658615136876,2.301395598497048,3.92512077294686,40.06977992485239,17.384594739667204,6.541867954911433,15.103327965646805,3.0394524959742353,1.9659151905528718,1.596886741814278,,
64,8.192431561996779,2.2342995169082127,3.92512077294686,40.002683843263554,17.881105743424584,5.407944176060118,15.344873859366613,3.33467525496511,1.9256575415995705,1.751207729468599,,
65,7.7361782071927,2.2074610842726785,4.851046698872786,36.28556092324208,18.947933440687063,4.87788513150832,18.16290928609769,3.207192699946323,1.9726247987117553,1.751207729468599,,
66,8.13875469672571,2.167203435319377,4.851046698872786,35.93666129898014,18.53864734299517,4.891304347826087,18.055555555555557,3.3145464304884595,2.3550724637681157,1.751207729468599,,
67,8.373590982286634,2.167203435319377,4.851046698872786,35.90311325818572,18.33064949006978,4.891304347826087,17.834138486312398,3.2541599570585076,2.5026838432635534,1.892109500805153,,
68,8.246108427267847,2.13365539452496,5.360976918947934,35.30595813204509,17.807300053676865,4.622920021470746,18.95464304884595,3.3682232957595275,2.3617820719269993,1.8384326355340848,,
69,8.232689210950081,2.13365539452496,5.12614063338701,34.856414385399894,18.50509930220075,4.622920021470746,18.867418142780462,3.589640365002684,2.3349436392914655,1.7310789049919484,,
70,8.514492753623188,2.1135265700483092,5.3341384863123995,34.4068706387547,18.50509930220075,4.5893719806763285,18.686258722490606,3.81105743424584,2.3081052066559313,1.7310789049919484,,
71,8.57487922705314,2.0531400966183573,5.320719269994632,34.10493827160494,18.431293612453032,4.669887278582931,18.57890499194847,4.193505099302201,2.2879763821792807,1.7847557702630166,,
72,9.272678475577026,2.01959205582394,5.401234567901234,33.74932903918411,18.263553408480945,4.656468062265164,18.310520665593128,4.213633923778851,2.3550724637681157,1.7579173376274826,,
73,9.333064949006978,1.9592055823939882,5.8239398819108965,32.830112721417066,18.04884594739667,4.5960815888352125,17.92807300053677,5.293880837359098,2.3550724637681157,1.8317230273752012,,
74,9.440418679549115,1.9592055823939882,6.508319914117015,32.23966720343532,17.98845947396672,5.407944176060118,17.19001610305958,5.199946323134729,2.2611379495437465,1.8048845947396672,,
75,9.601449275362318,1.8988191089640365,6.830381105743425,31.99141170155663,17.847557702630166,5.3274288781535155,17.183306494900698,5.253623188405797,2.2611379495437465,1.8048845947396672,,
76,10.050993022007514,1.8988191089640365,6.870638754696726,31.568706387546968,17.814009661835748,5.246913580246914,16.97530864197531,5.475040257648954,2.2946859903381642,1.8048845947396672,,
77,10.064412238325282,1.8988191089640365,7.997852925389157,31.206387546967257,17.639559849704778,5.22007514761138,16.364734299516908,5.428073000536768,2.3886205045625335,1.7914653784219001,,
78,8.756038647342995,1.8988191089640365,6.119162640901771,22.725442834138487,18.679549114331724,4.092860976918948,29.341116478797638,4.240472356414386,2.3617820719269993,1.7847557702630166,,
79,9.138486312399356,1.892109500805153,6.119162640901771,22.436929683306495,19.639023081052066,4.079441760601181,28.29441760601181,4.435050993022007,2.1806226516371443,1.7847557702630166,,
80,9.380032206119163,1.7847557702630166,6.119162640901771,22.356414385399894,19.290123456790123,4.025764895330113,28.31454643048846,4.461889425657541,2.2946859903381642,1.9726247987117553,,
81,9.88996242619431,1.7847557702630166,6.702898550724638,21.544551798174986,19.176060118089104,4.025764895330113,28.032742887815353,4.448470209339774,2.4221685453569513,1.9726247987117553,,
82,10.171765968867419,1.6774020397208802,6.756575415995706,21.470746108427267,18.99490069779925,3.992216854535695,26.986044015029524,5.662909286097692,2.3215244229736984,1.9659151905528718,,
83,10.695115405260333,1.6572732152442298,6.884057971014493,21.155394524959743,18.874127750939344,3.9184111647879765,26.798174986580783,5.756843800322061,2.4154589371980677,1.8451422436929683,,
84,10.829307568438002,1.6572732152442298,6.991411701556629,20.8870101986044,18.793612453032743,3.9184111647879765,26.8719806763285,5.636070853462158,2.5697799248523885,1.8451422436929683,,
85,11.131239935587761,1.6572732152442298,6.977992485238862,25.744766505636072,18.646001073537306,3.9184111647879765,21.712292002147073,5.756843800322061,2.49597423510467,1.9592055823939882,,
86,10.963499731615673,1.6304347826086956,6.977992485238862,23.79898013955985,21.484165324745035,4.066022544283414,21.135265700483092,5.508588298443371,2.623456790123457,1.8115942028985508,,
87,10.95679012345679,1.6304347826086956,7.105475040257649,23.349436392914654,22.16183574879227,4.05931293612453,21.128556092324207,5.515297906602254,2.3349436392914655,1.7579173376274826,,
88,11.171497584541063,1.5767579173376274,6.662640901771336,23.845947396672035,21.162104133118625,4.05931293612453,22.228931830381107,5.179817498658078,2.3550724637681157,1.7579173376274826,,
89,10.997047772410092,1.5767579173376274,6.5485775630703165,31.36070853462158,21.054750402576488,3.9720880300590444,16.21712292002147,4.26731078904992,2.24771873322598,1.7579173376274826,,
90,11.345947396672035,1.5499194847020934,5.931293612453032,30.112721417069242,20.994363929146537,3.9452495974235107,17.941492216854535,4.260601180891036,2.1739130434782608,1.7444981213097155,,
91,11.231884057971014,1.5432098765432098,5.555555555555555,29.166666666666668,19.961084272678477,4.582662372517445,19.940955448201827,4.092860976918948,2.254428341384863,1.6706924315619969,,
92,11.668008588298443,1.5432098765432098,5.555555555555555,28.837895866881375,19.679280730005367,4.51556629092861,19.91411701556629,4.186795491143317,2.328234031132582,1.6572732152442298,0.11406333870101985,
93,11.56736446591519,1.5767579173376274,5.555555555555555,28.576221148684915,19.082125603864736,4.549114331723027,21.26945786366076,3.6231884057971016,2.408749329039184,1.737788513150832,0.05367686527106817,
94,11.721685453569512,1.5767579173376274,5.548845947396672,27.375201288244767,17.814009661835748,6.863929146537842,21.014492753623188,3.6231884057971016,2.6838432635534084,1.724369296833065,0.05367686527106817,
95,11.708266237251744,1.5767579173376274,5.535426731078905,26.52308105206656,19.92753623188406,5.797101449275362,20.92055823939882,3.455448201825013,2.6838432635534084,1.724369296833065,0.14761137949543746,
96,12.298711755233494,1.5767579173376274,5.394524959742351,26.247987117552334,19.719538378958667,5.83064949006978,20.578368223295758,3.44873859366613,3.0327428878153517,1.724369296833065,0.14761137949543746,
97,12.674449812130971,1.5767579173376274,5.421363392377885,26.080246913580247,19.45786366076221,5.884326355340848,20.52469135802469,3.488996242619431,3.0327428878153517,1.710950080515298,0.14761137949543746,
98,13.16425120772947,1.5767579173376274,5.394524959742351,25.939345142243692,19.343800322061192,5.850778314546431,20.46430488459474,3.4420289855072466,2.9924852388620504,1.6841116478797638,0.14761137949543746,
99,12.406065485775631,1.328502415458937,6.568706387546968,21.22249060654858,20.04830917874396,5.783682232957595,24.402844873859365,3.374932903918411,2.945517981749866,1.7713365539452497,0.14761137949543746,
100,11.647879763821793,1.328502415458937,6.300322061191626,26.41572732152442,20.551529790660226,6.078904991948471,20.115405260332796,3.260869565217391,2.4557165861513686,1.7042404723564144,0.14090177133655393,
101,11.728395061728396,1.328502415458937,6.246645195920558,25.127482555018787,21.973966720343533,5.998389694041868,19.981213097155127,3.3816425120772946,2.4490069779924855,1.6438539989264627,0.14090177133655393,
102,12.258454106280194,1.328502415458937,6.219806763285024,24.993290391841118,21.72571121846484,6.031937734836285,19.826892109500804,3.408480944712829,2.4221685453569513,1.6438539989264627,0.14090177133655393,
103,11.79549114331723,1.3217928073000538,5.9447128287707995,30.56226516371444,20.67230273752013,6.005099302200751,16.069511540526033,3.388352120236178,2.4557165861513686,1.6438539989264627,0.14090177133655393,
104,12.04374664519592,1.2815351583467525,5.891035963499732,30.50187869028449,20.618625872249062,5.991680085882985,15.94873859366613,3.388352120236178,2.509393451422437,1.6438539989264627,0.18115942028985507,
105,12.077294685990339,1.2278582930756843,5.837359098228664,25.744766505636072,20.41062801932367,5.911164787976382,20.974235104669887,3.5091250670960816,2.4825550187869028,1.6438539989264627,0.18115942028985507,
106,11.788781535158346,1.133923778851315,5.669618894256575,25.462962962962962,22.22222222222222,5.689747718733226,20.29656468062265,3.730542136339238,2.2745571658615136,1.5499194847020934,0.18115942028985507,
107,12.06387546967257,1.133923778851315,5.797101449275362,24.053945249597422,22.000805152979066,7.071926999463232,20.222758990874933,3.69699409554482,2.2611379495437465,1.5163714439076759,0.18115942028985507,
108,12.553676865271068,1.1137949543746646,5.488459473966721,23.805689747718734,22.208803005904453,7.185990338164252,19.712828770799785,3.7775093934514223,2.4557165861513686,1.5163714439076759,0.18115942028985507,
109,12.27187332259796,1.1003757380568975,5.548845947396672,27.84487385936661,20.175791733762747,5.495169082125604,19.652442297369834,3.8311862587224907,2.38191089640365,1.5163714439076759,0.18115942028985507,
110,12.338969404186795,1.1003757380568975,5.676328502415459,27.75764895330113,20.061728395061728,5.495169082125604,19.53166935050993,3.784219001610306,2.4892646269457863,1.583467525496511,0.18115942028985507,
111,12.694578636607622,1.0601180891035964,5.595813204508857,27.160493827160494,19.94766505636071,5.8239398819108965,19.746376811594203,3.898282340311326,2.3483628556092326,1.5432098765432098,0.18115942028985507,
112,12.681159420289855,1.0601180891035964,5.508588298443371,27.033011272141707,20.182501341921633,5.8239398819108965,19.592055823939884,4.045893719806763,2.368491680085883,1.5230810520665594,0.18115942028985507,
113,12.915995705850777,1.0601180891035964,5.508588298443371,26.78475577026302,20.101986044015028,5.6964573268921095,19.592055823939884,4.314278046162104,2.368491680085883,1.4895330112721417,0.16774020397208803,
114,13.217928073000536,0.9930220075147611,5.535426731078905,26.482823403113258,20.12211486849168,5.6964573268921095,19.47799248523886,4.569243156199678,2.24771873322598,1.4895330112721417,0.16774020397208803,
115,11.272141706924316,10.789049919484702,4.783950617283951,29.367954911433173,17.94820182501342,4.394793344068707,14.61352657004831,4.03918411164788,1.5767579173376274,1.0735373054213635,0.14090177133655393,
116,11.600912506709609,10.668276972624799,4.851046698872786,29.126409017713364,18.04884594739667,4.388083735909823,14.40552871712292,4.03918411164788,1.6706924315619969,1.0735373054213635,0.1274825550187869,
117,9.96376811594203,9.205582393988191,4.28743961352657,39.40552871712292,16.317767042404725,5.246913580246914,9.675254965110037,3.5225442834138487,1.3083735909822867,0.9728931830381106,0.0939345142243693,
118,10.198604401502953,9.145195920558239,4.414922168545357,39.10359634997316,16.210413311862588,5.246913580246914,9.588030059044552,3.6500268384326353,1.3754696725711217,0.9728931830381106,0.0939345142243693,
119,10.513955984970478,9.057971014492754,4.300858829844337,39.03650026838432,16.076221148684915,5.360976918947934,9.588030059044552,3.629898013955985,1.3687600644122384,0.9728931830381106,0.0939345142243693,
120,10.735373054213634,9.044551798174986,4.1532474503489,38.7614063338701,15.801127214170693,6.045356951154052,9.494095544820183,3.69699409554482,1.2010198604401503,0.9728931830381106,0.0939345142243693,
121,11.09098228663446,8.836553945249598,4.40150295222759,38.486312399355874,15.687063875469672,5.984970477724101,9.4873859366613,3.69699409554482,1.261406333870102,0.9728931830381106,0.0939345142243693,
122,11.198336017176597,8.816425120772946,4.602791196994096,38.24476650563607,15.573000536768653,5.9514224369296835,9.39345142243693,4.019055287171229,1.2345679012345678,0.8990874932903918,0.06709608158883522,
123,11.057434245840042,8.76274825550188,5.562265163714439,37.33225979602791,14.714170692431562,5.904455179817498,10.104669887278583,4.17337627482555,1.288244766505636,1.0332796564680622,0.06709608158883522,
124,11.43317230273752,8.76274825550188,5.495169082125604,37.1309715512614,14.606816961889425,5.904455179817498,10.104669887278583,4.17337627482555,1.288244766505636,1.0332796564680622,0.06709608158883522,
125,11.211755233494364,8.641975308641975,5.246913580246914,37.9898013955985,14.465915190552872,6.890767579173376,9.111647879763822,4.079441760601181,1.2748255501878691,1.0198604401502953,0.06709608158883522,
126,10.21202361782072,4.609500805152979,4.435050993022007,46.524422973698336,12.473161567364466,6.702898550724638,8.849973161567364,3.844605475040258,1.261406333870102,1.0198604401502953,0.06709608158883522,
127,10.339506172839506,4.5893719806763285,4.53569511540526,45.41733762748255,12.446323134728932,7.380568974771873,9.16532474503489,3.7775093934514223,1.261406333870102,1.0198604401502953,0.06709608158883522,
128,10.950080515297907,4.468599033816425,4.656468062265164,44.867149758454104,12.399355877616747,7.454374664519592,9.03113258185722,3.824476650563607,1.261406333870102,1.0198604401502953,0.06709608158883522,
129,10.82259796027912,4.435050993022007,5.01207729468599,43.55877616747182,12.365807836822329,7.2933440687063875,9.433709071390231,4.730273752012883,1.261406333870102,1.0198604401502953,0.06709608158883522,
130,10.970209339774557,4.435050993022007,5.12614063338701,42.82071926999463,12.305421363392378,7.232957595276436,10.426731078904991,4.334406870638754,1.261406333870102,1.0198604401502953,0.06709608158883522,
131,9.272678475577026,10.265700483091788,5.10601180891036,41.99543746645196,11.05072463768116,6.239935587761675,9.628287707997853,4.361245303274289,1.0802469135802468,0.9460547504025765,0.05367686527106817,
132,9.561191626409018,10.151637144390767,4.8443370907139025,41.23054213633924,10.896403650026839,6.3070316693505095,10.413311862587225,4.549114331723027,1.0601180891035964,0.9326355340848095,0.05367686527106817,
133,9.668545356951155,10.151637144390767,4.8443370907139025,41.19028448738594,10.735373054213634,6.447933440687064,10.399892646269459,4.51556629092861,1.0601180891035964,0.9326355340848095,0.05367686527106817,
134,9.75577026301664,10.124798711755233,5.025496511003757,40.49919484702093,10.668276972624799,7.051798174986581,10.238862050456254,4.455179817498658,1.0601180891035964,1.06682769726248,0.05367686527106817,
135,9.594739667203436,10.144927536231885,4.3545356951154055,38.781535158346756,12.325550187869029,6.971282877079979,11.238593666129898,4.542404723564144,1.0064412238325282,0.9863123993558777,0.05367686527106817,
136,9.86983360171766,10.111379495437467,4.542404723564144,38.34541062801932,12.385936661298981,6.944444444444445,11.11111111111111,4.643048845947397,1.0064412238325282,0.9863123993558777,0.05367686527106817,
137,10.138217928073,9.997316156736447,4.62962962962963,37.855609232420825,12.506709608158884,6.9310252281266775,11.017176596886742,4.770531400966184,1.1137949543746646,0.9863123993558777,0.05367686527106817,
138,10.245571658615138,9.98389694041868,4.53569511540526,37.60735373054214,12.4597423510467,6.9310252281266775,10.95679012345679,4.958400429414922,1.1741814278046163,1.093666129898014,0.05367686527106817,
139,10.171765968867419,9.98389694041868,5.448201825013419,35.889694041867955,12.318840579710145,5.964841653247451,12.882447665056361,5.018786902844874,1.1741814278046163,1.093666129898014,0.05367686527106817,
140,10.238862050456254,9.98389694041868,5.448201825013419,35.74208266237252,12.31213097155126,5.938003220611916,12.882447665056361,5.132850241545894,1.1741814278046163,1.093666129898014,0.05367686527106817,
141,10.420021470746109,9.98389694041868,5.448201825013419,35.54079441760601,12.27187332259796,5.877616747181965,12.788513150831992,5.307300053676865,1.2144390767579174,1.093666129898014,0.05367686527106817,
142,10.943370907139023,9.957058507783145,6.776704240472356,33.923778851315085,12.164519592055823,5.931293612453032,12.634192163177671,5.307300053676865,1.2144390767579174,1.093666129898014,0.05367686527106817,
143,11.238593666129898,9.836285560923242,6.904186795491143,33.621846484165324,12.164519592055823,6.025228126677402,12.5402576489533,5.307300053676865,1.2144390767579174,1.093666129898014,0.05367686527106817,
144,11.345947396672035,9.836285560923242,7.011540526033279,33.011272141706925,12.070585077831455,7.407407407407407,11.936392914653783,5.139559849704777,1.1741814278046163,1.0399892646269457,0.026838432635534086,
145,11.929683306494901,9.742351046698873,7.098765432098766,32.78314546430489,12.050456253354804,7.427536231884058,11.641170155662909,5.12614063338701,1.1741814278046163,0.9997316156736447,0.026838432635534086,
146,12.432903918411165,9.608158883521202,7.159151905528717,32.14573268921095,11.929683306494901,7.555018786902845,11.600912506709609,5.314009661835748,1.2278582930756843,0.9997316156736447,0.026838432635534086,
147,12.822061191626409,9.608158883521202,7.212828770799785,31.790123456790123,11.896135265700483,7.709339774557166,11.426462694578637,5.260332796564681,1.247987117552335,0.9997316156736447,0.026838432635534086,
148,12.76838432635534,9.608158883521202,7.212828770799785,31.696188942565755,11.949812130971551,7.709339774557166,11.345947396672035,5.434782608695652,1.247987117552335,0.9997316156736447,0.026838432635534086,
149,12.285292538915728,9.46725711218465,7.1725711218464845,31.09903381642512,11.33923778851315,6.260064412238325,14.955716586151368,5.320719269994632,1.1003757380568975,0.9728931830381106,0.026838432635534086,
150,12.453032742887816,9.46725711218465,7.226247987117552,31.01851851851852,11.258722490606548,6.239935587761675,14.915458937198068,5.320719269994632,1.1003757380568975,0.9728931830381106,0.026838432635534086,
151,11.922973698336017,7.6623725174449815,7.0383789586688135,29.797369833601717,15.546162104133119,6.320450885668277,14.694041867954912,4.736983360171766,1.2278582930756843,1.0265700483091786,0.026838432635534086,
152,12.130971551261407,7.64224369296833,7.246376811594203,29.58937198067633,15.505904455179817,6.400966183574879,14.51959205582394,4.7101449275362315,1.2278582930756843,0.9997316156736447,0.026838432635534086,
153,12.090713902308105,7.4141170155662905,7.454374664519592,29.502147074610843,15.505904455179817,5.441492216854535,15.666935050993022,4.676596886741814,1.221148684916801,0.9997316156736447,0.026838432635534086,
154,12.399355877616747,7.353730542136339,7.434245840042942,29.05931293612453,15.069779924852389,5.589103596349974,15.58641975308642,5.092592592592593,1.3754696725711217,1.0131508319914118,0.026838432635534086,
155,12.701288244766506,7.2933440687063875,7.4141170155662905,28.92512077294686,15.210681696188942,5.5756843800322065,15.411969940955448,5.052334943639291,1.3754696725711217,1.0131508319914118,0.026838432635534086,
156,12.815351583467525,7.273215244229737,7.39398819108964,28.502415458937197,14.935587761674718,4.9718196457326895,16.545893719806763,5.173107890499195,1.3486312399355878,1.0131508319914118,0.026838432635534086,
157,12.922705314009661,7.273215244229737,7.199409554482019,28.30112721417069,15.660225442834138,4.696725711218465,16.472088030059044,5.0858829844337095,1.3486312399355878,1.0131508319914118,0.026838432635534086,
158,13.103864734299517,7.192699946323135,7.360440150295223,28.213902308105208,15.613258185721953,4.696725711218465,16.371443907675793,5.059044551798175,1.3486312399355878,1.0131508319914118,0.026838432635534086,
159,13.372249060654857,7.179280730005368,7.407407407407407,28.10654857756307,15.438808373590982,4.797369833601718,16.223832528180353,5.12614063338701,1.3217928073000538,0.9997316156736447,0.026838432635534086,
160,13.446054750402576,7.152442297369833,7.5348899624261945,27.74422973698336,16.06280193236715,4.643048845947397,15.92860976918948,5.139559849704777,1.3217928073000538,0.9997316156736447,0.026838432635534086,
161,13.56682769726248,7.125603864734299,8.21256038647343,27.147074610842726,16.049382716049383,4.528985507246377,15.841384863123993,5.267042404723564,1.3217928073000538,0.9125067096081588,0.026838432635534086,
162,12.93612453032743,7.018250134192163,7.648953301127214,25.489801395598498,15.92860976918948,4.3478260869565215,19.55179817498658,5.038915727321524,1.1540526033279657,0.8588298443370908,0.026838432635534086,
163,13.285024154589372,6.957863660762212,7.682501341921632,25.201288244766506,15.92860976918948,4.253891572732153,19.538378958668815,5.112721417069243,1.1540526033279657,0.8588298443370908,0.026838432635534086,
164,13.667471819645733,6.910896403650026,7.809983896940419,24.932903918411164,15.801127214170693,4.394793344068707,19.223027375201287,5.12614063338701,1.288244766505636,0.8185721953837896,0.026838432635534086,
165,13.855340848094471,6.910896403650026,7.944176060118089,24.84567901234568,15.754159957058508,4.374664519592056,19.189479334406872,4.99194847020934,1.288244766505636,0.8185721953837896,0.026838432635534086,
166,14.110305958132045,6.810252281266774,8.004562533548041,24.805421363392377,15.60654857756307,4.374664519592056,18.92109500805153,4.9718196457326895,1.5499194847020934,0.8185721953837896,0.026838432635534086,
167,14.398819108964037,6.716317767042405,8.044820182501342,24.745034889962426,15.546162104133119,4.38137412775094,18.853998926462694,4.918142780461621,1.5499194847020934,0.8185721953837896,0.026838432635534086,
168,14.479334406870638,6.662640901771336,7.991143317230274,24.537037037037038,15.11003757380569,4.159957058507783,19.900697799248523,4.830917874396135,1.5230810520665594,0.7783145464304885,0.026838432635534086,
169,14.9020397208803,6.662640901771336,7.877079978529254,24.302200751476114,15.13016639828234,4.30756843800322,19.726247987117553,4.7638217928073,1.5230810520665594,0.7783145464304885,0.026838432635534086,
170,15.210681696188942,6.662640901771336,7.877079978529254,24.14117015566291,15.08990874932904,4.274020397208803,19.51825013419216,4.85775630703167,1.5230810520665594,0.8185721953837896,0.026838432635534086,
171,15.432098765432098,6.360708534621578,8.179012345679013,23.926462694578635,15.022812667740205,4.247181964573269,19.390767579173378,4.898013955984971,1.6975308641975309,0.8185721953837896,0.026838432635534086,
172,15.304616210413311,6.360708534621578,9.420289855072463,23.11460010735373,14.908749329039184,4.213633923778851,19.26328502415459,4.810789049919484,1.7579173376274826,0.8185721953837896,0.026838432635534086,
173,15.465646806226516,6.333870101986044,9.346484165324744,22.638217928073,14.908749329039184,4.4820182501341925,19.008319914117017,5.213365539452496,1.7579173376274826,0.8185721953837896,0.026838432635534086,
174,15.566290928609769,6.320450885668277,9.4873859366613,22.537573805689746,14.781266774020397,4.4820182501341925,18.914385399892645,5.213365539452496,1.7914653784219001,0.8789586688137413,0.026838432635534086,
175,14.579978529253891,6.206387546967257,8.655394524959743,27.49597423510467,14.15727321524423,4.528985507246377,17.04911433172303,4.951690821256038,1.4694041867954912,0.8789586688137413,0.026838432635534086,
176,14.99597423510467,5.984970477724101,8.903650026838433,27.30139559849705,14.123725174449811,4.388083735909823,16.961889425657542,4.9651100375738055,1.4694041867954912,0.8789586688137413,0.026838432635534086,
177,15.371712292002147,5.9447128287707995,8.78287707997853,27.033011272141707,14.217659688674182,4.294149221685454,16.901502952227588,4.9651100375738055,1.583467525496511,0.8789586688137413,0.026838432635534086,
178,14.868491680085883,5.9447128287707995,8.715780998389693,30.293880837359097,12.318840579710145,4.206924315619967,16.284219001610307,4.931561996779388,1.583467525496511,0.8252818035426731,0.026838432635534086,
179,15.277777777777779,5.884326355340848,8.829844337090714,29.817498658078367,12.211486849168008,4.28743961352657,16.150026838432634,5.038915727321524,1.6505636070853462,0.8252818035426731,0.026838432635534086,
180,15.653515834675256,5.884326355340848,9.205582393988191,29.32769726247987,12.171229200214707,4.2203435319377345,15.881642512077295,5.12614063338701,1.6774020397208802,0.8252818035426731,0.026838432635534086,
181,15.942028985507246,5.884326355340848,9.205582393988191,29.0727321524423,12.00348899624262,4.260601180891036,15.881642512077295,5.24020397208803,1.6103059581320451,0.8722490606548577,0.026838432635534086,
182,15.479066022544284,5.8239398819108965,8.769457863660762,26.918947933440688,11.721685453569512,4.28743961352657,19.35721953837896,5.273752012882448,1.5297906602254427,0.8118625872249061,0.026838432635534086,
183,15.68035426731079,5.8239398819108965,8.910359634997317,26.590177133655395,11.594202898550725,4.448470209339774,19.182769726247987,5.287171229200215,1.5297906602254427,0.9259259259259259,0.026838432635534086,
184,15.841384863123993,5.736714975845411,8.870101986044014,26.516371443907676,11.58749329039184,4.562533548040794,19.0150295222759,5.3274288781535155,1.5901771336553945,0.9259259259259259,0.026838432635534086,
185,16.076221148684915,5.6964573268921095,8.742619431025227,26.435856146001072,11.520397208803006,4.555823939881911,18.968062265163713,5.4616210413311865,1.5901771336553945,0.9259259259259259,0.026838432635534086,
186,13.486312399355878,5.58239398819109,7.380568974771873,39.774557165861516,8.997584541062801,4.341116478797638,15.26435856146001,3.2877079978529253,1.2345679012345678,0.6239935587761675,0.026838432635534086,
187,12.177938808373591,3.3145464304884595,6.837090713902308,46.53113258185722,9.4873859366613,4.012345679012346,12.761674718196458,3.2541599570585076,0.9997316156736447,0.5971551261406334,0.026838432635534086,
188,12.473161567364466,3.3145464304884595,7.266505636070853,45.78636607622115,9.386741814278047,4.066022544283414,12.647611379495437,3.44873859366613,0.9863123993558777,0.5971551261406334,0.026838432635534086,
189,12.882447665056361,3.180354267310789,7.25979602791197,45.32340311325819,9.326355340848094,4.05931293612453,12.593934514224369,3.7640901771336552,0.9863123993558777,0.5971551261406334,0.026838432635534086,
190,13.271604938271604,3.180354267310789,7.232957595276436,44.900697799248526,9.145195920558239,4.05931293612453,12.580515297906603,4.052603327965647,0.9863123993558777,0.5636070853462157,0.026838432635534086,
191,13.499731615673644,3.166935050993022,7.1658615136876005,44.33038110574343,9.292807300053678,4.005636070853462,12.419484702093397,4.280730005367687,1.2077294685990339,0.6038647342995169,0.026838432635534086,
192,13.915727321524423,3.1602254428341383,7.004830917874396,44.07541599570585,8.910359634997317,4.4820182501341925,12.224906065485776,4.461889425657541,1.1540526033279657,0.5837359098228664,0.026838432635534086,
193,13.92914653784219,3.1468062265163717,7.367149758454106,44.618894256575416,8.950617283950617,4.3545356951154055,11.54723564143854,4.253891572732153,1.221148684916801,0.5837359098228664,0.026838432635534086,
194,14.083467525496511,3.140096618357488,7.326892109500805,44.40418679549114,8.99087493290392,4.341116478797638,11.506977992485238,4.38137412775094,1.2144390767579174,0.5837359098228664,0.026838432635534086,
195,14.076757917337627,3.079710144927536,7.380568974771873,44.196188942565755,9.03113258185722,4.260601180891036,11.520397208803006,4.62962962962963,1.2144390767579174,0.5837359098228664,0.026838432635534086,
196,14.076757917337627,3.079710144927536,7.306763285024155,43.572195383789584,8.930488459473967,4.274020397208803,11.735104669887278,5.199946323134729,1.2144390767579174,0.5837359098228664,0.026838432635534086,
197,14.432367149758454,3.0730005367686526,7.273215244229737,43.06897477187332,8.809715512614064,4.247181964573269,11.634460547504025,5.669618894256575,1.1808910359634996,0.5837359098228664,0.026838432635534086,
198,14.942297369833602,3.0730005367686526,7.25979602791197,42.74020397208803,8.776167471819646,4.247181964573269,11.614331723027375,5.555555555555555,1.1808910359634996,0.5837359098228664,0.026838432635534086,
199,15.056360708534621,3.0730005367686526,7.199409554482019,41.988727858293075,8.668813741277509,4.247181964573269,12.010198604401502,5.837359098228664,1.1741814278046163,0.7179280730005367,0.026838432635534086,
200,15.163714439076758,3.0730005367686526,7.199409554482019,41.680085882984436,9.01100375738057,4.180085882984434,11.936392914653783,5.837359098228664,1.1741814278046163,0.7179280730005367,0.026838432635534086,
201,15.311325818572195,3.0730005367686526,8.997584541062801,39.55984970477724,8.836553945249598,4.17337627482555,11.90955448201825,6.1929683306494905,1.1741814278046163,0.7447665056360708,0.026838432635534086,
202,15.45222758990875,2.999194847020934,8.977455716586151,39.44578636607622,8.662104133118627,4.17337627482555,11.90955448201825,6.3137412775093935,1.3016639828234031,0.7380568974771873,0.026838432635534086,
