,45,50,52,55,51,53,54,56,59,57,58,60,46,61,48
0,99.77858293075684,0.2214170692431562,,,,,,,,,,,,,
1,99.46323134728932,0.5367686527106817,,,,,,,,,,,,,
2,96.24932903918412,3.750670960815888,,,,,,,,,,,,,
3,95.88030059044551,4.119699409554482,,,,,,,,,,,,,
4,95.564949006978,4.435050993022007,,,,,,,,,,,,,
5,95.45759527643585,4.4753086419753085,0.026838432635534086,0.040257648953301126,,,,,,,,,,,
6,90.44551798174986,9.4873859366613,0.026838432635534086,0.040257648953301126,,,,,,,,,,,
7,90.35829307568439,9.50751476113795,0.026838432635534086,0.040257648953301126,0.06709608158883522,,,,,,,,,,
8,87.03703703703704,12.808641975308642,0.026838432635534086,0.040257648953301126,0.08722490606548577,,,,,,,,,,
9,83.1857219538379,16.61969940955448,0.026838432635534086,0.08051529790660225,0.08722490606548577,,,,,,,,,,
10,82.92404723564144,16.867954911433173,0.026838432635534086,0.0939345142243693,0.08722490606548577,,,,,,,,,,
11,82.76301663982824,17.028985507246375,0.026838432635534086,0.0939345142243693,0.08722490606548577,,,,,,,,,,
12,82.4476650563607,17.317498658078367,0.026838432635534086,0.12077294685990338,0.08722490606548577,,,,,,,,,,
13,80.17981749865808,19.47799248523886,0.13419216317767044,0.12077294685990338,0.08722490606548577,,,,,,,,,,
14,78.03274288781535,19.07541599570585,0.13419216317767044,0.08051529790660225,2.677133655394525,,,,,,,,,,
15,77.87171229200214,19.108964036500268,0.13419216317767044,0.08051529790660225,2.6637144390767578,0.14090177133655393,,,,,,,,,
16,77.55636070853463,19.424315619967793,0.13419216317767044,0.10064412238325282,2.6435856146001075,0.14090177133655393,,,,,,,,,
17,77.38191089640365,19.538378958668815,0.13419216317767044,0.1610305958132045,2.6435856146001075,0.14090177133655393,,,,,,,,,
18,77.06655931293612,19.692699946323135,0.13419216317767044,0.1610305958132045,2.7643585614600106,0.15432098765432098,0.026838432635534086,,,,,,,,
19,76.4626945786366,20.095276435856146,0.13419216317767044,0.1610305958132045,2.7643585614600106,0.17444981213097155,0.20799785292538917,,,,,,,,
20,71.5848094471283,22.33628556092324,0.13419216317767044,0.1610305958132045,5.213365539452496,0.17444981213097155,0.39586688137412773,,,,,,,,
21,71.39023081052066,22.50402576489533,0.13419216317767044,0.1610305958132045,5.24020397208803,0.17444981213097155,0.39586688137412773,,,,,,,,
22,67.58588298443371,27.408749329039185,0.13419216317767044,0.15432098765432098,4.146537842190016,0.17444981213097155,0.39586688137412773,,,,,,,,
23,67.13633923778852,27.85829307568438,0.13419216317767044,0.15432098765432098,4.146537842190016,0.17444981213097155,0.39586688137412773,,,,,,,,
24,65.552871712292,29.448470209339774,0.13419216317767044,0.15432098765432098,4.139828234031133,0.17444981213097155,0.39586688137412773,,,,,,,,
25,65.25093934514224,29.736983360171767,0.13419216317767044,0.16774020397208803,4.126409017713366,0.17444981213097155,0.39586688137412773,0.013419216317767043,,,,,,,
26,47.22222222222222,50.19457863660762,0.13419216317767044,0.16774020397208803,1.710950080515298,0.17444981213097155,0.39586688137412773,,,,,,,,
27,46.69887278582931,49.503488996242616,0.13419216317767044,0.15432098765432098,2.9388083735909825,0.17444981213097155,0.39586688137412773,,,,,,,,
28,46.43719806763285,48.00053676865271,0.13419216317767044,0.2147074610842727,2.9388083735909825,0.2214170692431562,2.0531400966183573,,,,,,,,
29,46.3768115942029,44.41760601180891,0.13419216317767044,0.24154589371980675,2.9388083735909825,0.28180354267310787,5.609232420826624,,,,,,,,
30,44.00831991411702,46.765968867418145,0.13419216317767044,0.2616747181964573,2.9388083735909825,0.28180354267310787,5.595813204508857,,0.013419216317767043,,,,,,
31,43.71980676328502,47.0276435856146,0.1610305958132045,0.2616747181964573,2.9388083735909825,0.28180354267310787,5.595813204508857,,0.013419216317767043,,,,,,
32,41.47208803005905,49.3491680085883,0.040257648953301126,0.32877079978529256,2.918679549114332,0.28180354267310787,5.595813204508857,,0.013419216317767043,,,,,,
33,41.50563607085346,49.2686527106817,0.040257648953301126,0.3421900161030596,2.918679549114332,0.3153515834675255,5.595813204508857,,0.013419216317767043,,,,,,
34,41.51905528717123,49.25523349436393,0.040257648953301126,0.3421900161030596,2.918679549114332,0.3153515834675255,5.595813204508857,,0.013419216317767043,,,,,,
35,39.62694578636608,51.1003757380569,0.040257648953301126,0.38915727321524424,2.918679549114332,0.3153515834675255,5.595813204508857,,0.013419216317767043,,,,,,
36,39.432367149758456,50.986312399355874,0.06038647342995169,0.46296296296296297,3.1065485775630703,0.3421900161030596,5.595813204508857,,0.013419216317767043,,,,,,
37,39.150563607085346,51.207729468599034,0.06038647342995169,0.5233494363929146,3.1065485775630703,0.3421900161030596,5.595813204508857,,0.013419216317767043,,,,,,
38,35.73537305421363,51.42914653784219,0.06038647342995169,0.6172839506172839,5.924584004294149,0.6239935587761675,5.595813204508857,,0.013419216317767043,,,,,,
39,33.675523349436396,53.26086956521739,0.06038647342995169,0.9326355340848095,5.917874396135265,0.7581857219538379,5.381105743424584,,0.013419216317767043,,,,,,
40,33.68894256575416,53.12667740203972,0.06038647342995169,0.9259259259259259,5.917874396135265,0.7581857219538379,5.508588298443371,,0.013419216317767043,,,,,,
41,33.60842726784756,51.68411164787977,0.10064412238325282,0.9259259259259259,5.917874396135265,2.2611379495437465,5.488459473966721,,0.013419216317767043,,,,,,
42,33.55475040257649,51.549919484702095,0.10064412238325282,0.9796027911969941,5.938003220611916,2.3752012882447664,5.488459473966721,,0.013419216317767043,,,,,,
43,32.1658615136876,49.33574879227053,5.253623188405797,0.9594739667203436,5.481749865807837,1.2144390767579174,5.448201825013419,,0.026838432635534086,0.11406333870101985,,,,,
44,32.06521739130435,48.960010735373054,5.253623188405797,1.0064412238325282,5.515297906602254,2.2342995169082127,4.824208266237251,,0.026838432635534086,0.11406333870101985,,,,,
45,32.03166935050993,48.98684916800859,5.253623188405797,1.0064412238325282,5.535426731078905,2.2342995169082127,4.810789049919484,,0.026838432635534086,0.11406333870101985,,,,,
46,31.944444444444443,45.63875469672571,8.400429414922169,1.0064412238325282,5.535426731078905,2.214170692431562,5.025496511003757,,0.026838432635534086,0.18115942028985507,0.026838432635534086,,,,
47,31.0654857756307,43.06897477187332,8.36688137412775,0.9393451422436929,5.555555555555555,5.709876543209877,5.025496511003757,,0.026838432635534086,0.2147074610842727,0.026838432635534086,,,,
48,30.776972624798713,42.16317767042405,4.361245303274289,0.9930220075147611,13.137412775093935,5.320719269994632,3.126677402039721,0.06038647342995169,,0.06038647342995169,,,,,
49,30.750134192163177,42.24369296833065,4.361245303274289,0.9930220075147611,13.137412775093935,5.267042404723564,3.1199677938808374,0.06038647342995169,0.0067096081588835215,0.06038647342995169,,,,,
50,29.857756307031668,43.01529790660226,4.374664519592056,1.0802469135802468,13.137412775093935,5.267042404723564,3.099838969404187,0.10064412238325282,0.0067096081588835215,0.06038647342995169,,,,,
51,29.871175523349436,42.99516908212561,4.374664519592056,1.1003757380568975,13.103864734299517,5.267042404723564,3.0864197530864197,0.13419216317767044,0.0067096081588835215,0.06038647342995169,,,,,
52,29.025764895330113,33.313204508856685,1.8518518518518519,0.7917337627482555,31.353998926462694,1.596886741814278,1.7310789049919484,0.2683843263553409,0.0067096081588835215,0.06038647342995169,,,,,
53,28.415190552871714,34.044551798174986,1.8988191089640365,0.7045088566827697,30.730005367686527,1.5767579173376274,1.6774020397208802,0.8856682769726248,0.0067096081588835215,0.06038647342995169,,,,,
54,28.381642512077295,34.044551798174986,1.8988191089640365,0.6910896403650026,30.730005367686527,1.5767579173376274,1.724369296833065,0.8856682769726248,0.0067096081588835215,0.06038647342995169,,,,,
55,28.133387010198604,34.10493827160494,5.414653784219001,0.6910896403650026,27.938808373590984,1.6103059581320451,1.724369296833065,0.27509393451422437,0.0067096081588835215,0.10064412238325282,,,,,
56,28.14680622651637,30.97826086956522,9.01100375738057,0.630703166935051,27.83816425120773,1.6103059581320451,1.3687600644122384,0.3153515834675255,,0.10064412238325282,,,,,
57,21.26945786366076,41.50563607085346,8.977455716586151,0.5636070853462157,24.92619431025228,1.1943102522812667,1.1607622114868492,0.30193236714975846,,0.10064412238325282,,,,,
58,17.53220611916264,45.41733762748255,8.910359634997317,0.5904455179817498,24.879227053140095,1.0534084809447128,1.1607622114868492,0.32877079978529256,,0.1274825550187869,,,,,
59,17.54562533548041,45.41733762748255,8.749329039184111,0.5904455179817498,24.86580783682233,1.0534084809447128,1.1607622114868492,0.32877079978529256,,0.2885131508319914,,,,,
60,16.203703703703702,43.927804616210416,8.749329039184111,0.5434782608695652,27.710681696188942,1.0534084809447128,1.1607622114868492,0.36231884057971014,,0.2885131508319914,,,,,
61,16.203703703703702,43.914385399892645,8.749329039184111,0.5568974771873323,27.710681696188942,1.0534084809447128,1.1607622114868492,0.36231884057971014,,0.2885131508319914,,,,,
62,16.21712292002147,43.84728931830381,8.749329039184111,1.0802469135802468,27.220880300590444,1.0534084809447128,1.1607622114868492,0.3824476650563607,,0.2885131508319914,,,,,
63,16.243961352657006,40.96886741814278,8.749329039184111,1.4224369296833066,26.992753623188406,1.0534084809447128,3.898282340311326,0.3824476650563607,,0.2885131508319914,,,,,
64,14.969135802469136,42.28395061728395,8.749329039184111,1.3955984970477724,26.992753623188406,1.0399892646269457,3.898282340311326,0.3824476650563607,,0.2885131508319914,,,,,
65,15.009393451422437,42.23698336017176,8.68894256575416,1.570048309178744,26.704240472356414,1.0399892646269457,3.898282340311326,0.5636070853462157,,0.2885131508319914,,,,,
66,15.03623188405797,42.1833064949007,8.675523349436393,1.6103059581320451,26.496242619431026,1.0399892646269457,3.898282340311326,0.7716049382716049,,0.2885131508319914,,,,,
67,15.029522275899087,42.00214707461084,9.306226516371444,1.6572732152442298,26.402308105206657,1.0601180891035964,3.207192699946323,1.0735373054213635,,0.2616747181964573,,,,,
68,15.096618357487923,41.84782608695652,9.306226516371444,1.7713365539452497,26.35534084809447,1.0332796564680622,3.2340311325818574,1.093666129898014,,0.2616747181964573,,,,,
69,15.063070316693505,41.30434782608695,9.333064949006978,1.7713365539452497,26.77133655394525,0.9796027911969941,3.3145464304884595,1.2010198604401503,,0.2616747181964573,,,,,
70,14.955716586151368,41.10976918947934,9.326355340848094,2.0799785292538915,26.710950080515296,0.9796027911969941,3.2877079978529253,1.288244766505636,,0.2616747181964573,,,,,
71,14.949006977992486,41.10976918947934,9.326355340848094,2.1068169618894257,26.690821256038646,0.9796027911969941,3.2877079978529253,1.288244766505636,,0.2616747181964573,,,,,
72,14.928878153515834,40.88835212023618,9.326355340848094,3.9184111647879765,24.825550187869027,1.2815351583467525,3.2877079978529253,1.2815351583467525,,0.2616747181964573,,,,,
73,14.962426194310252,38.39237788513151,11.996779388083736,3.730542136339238,24.792002147074612,1.2815351583467525,3.2877079978529253,1.2949543746645196,,0.2616747181964573,,,,,
74,14.962426194310252,38.00993022007515,11.996779388083736,3.743961352657005,24.765163714439076,1.6505636070853462,3.2541599570585076,1.3217928073000538,0.03354804079441761,0.2616747181964573,,,,,
75,14.969135802469136,37.98309178743961,12.104133118625873,3.743961352657005,24.67793880837359,1.6505636070853462,3.227321524422974,1.3217928073000538,0.06038647342995169,0.2616747181964573,,,,,
76,13.513150831991412,39.42565754159957,11.741814278046162,3.7775093934514223,24.60413311862587,1.6505636070853462,3.227321524422974,1.3754696725711217,0.06038647342995169,0.6239935587761675,,,,,
77,12.27187332259796,34.18545356951154,8.601717659688674,3.6097691894793345,35.66156736446592,1.1272141706924315,3.0931293612453032,0.9796027911969941,0.06038647342995169,0.4092860976918948,,,,,
78,11.963231347289318,33.702361782071925,12.379227053140097,2.6301663982823404,33.77616747181965,1.1406333870101986,3.0864197530864197,0.8521202361782072,0.06038647342995169,0.4092860976918948,,,,,
79,11.594202898550725,35.59447128287708,12.647611379495437,2.6301663982823404,31.984702093397747,1.1406333870101986,3.0864197530864197,0.8387010198604401,0.06038647342995169,0.4092860976918948,,0.013419216317767043,,,
80,11.600912506709609,35.27241009125067,12.627482555018787,2.8515834675254963,31.95786366076221,1.1406333870101986,3.2004830917874396,0.8521202361782072,0.06038647342995169,0.4227053140096618,,0.013419216317767043,,,
81,11.694847020933977,35.13150831991412,12.627482555018787,2.932098765432099,30.911164787976382,2.1739130434782608,3.2004830917874396,0.8319914117015567,0.06038647342995169,0.4227053140096618,,0.013419216317767043,,,
82,11.674718196457327,35.14492753623188,12.600644122383253,2.932098765432099,30.911164787976382,2.1739130434782608,3.2004830917874396,0.8454106280193237,0.06038647342995169,0.4428341384863124,,0.013419216317767043,,,
83,11.714975845410628,35.12479871175523,12.52012882447665,2.918679549114332,30.85077831454643,2.1604938271604937,3.2004830917874396,0.9057971014492754,0.06038647342995169,0.5300590445517982,,0.013419216317767043,,,
84,11.708266237251744,35.10466988727858,12.506709608158884,2.945517981749866,30.85077831454643,2.1604938271604937,3.2004830917874396,0.9057971014492754,0.06038647342995169,0.5434782608695652,,0.013419216317767043,,,
85,11.513687600644122,32.87707997852925,12.419484702093397,2.918679549114332,31.689479334406872,1.9927536231884058,4.924852388620504,0.9393451422436929,0.06038647342995169,0.5703166935050993,0.08051529790660225,0.013419216317767043,,,
86,11.52710681696189,32.809983896940416,12.406065485775631,2.985775630703167,31.655931293612454,1.9927536231884058,4.904723564143854,0.9728931830381106,0.04696725711218465,0.6038647342995169,0.08051529790660225,0.013419216317767043,,,
87,11.419753086419753,32.83682232957595,12.392646269457863,3.0730005367686526,31.45464304884595,1.9927536231884058,4.898013955984971,1.1741814278046163,0.04696725711218465,0.6172839506172839,0.08051529790660225,0.013419216317767043,,,
88,9.373322597960279,32.27321524422974,17.351046698872786,3.2139023081052067,29.1129898013956,1.8250134192163177,4.9718196457326895,1.1272141706924315,0.04696725711218465,0.6105743424584005,0.08051529790660225,0.013419216317767043,,,
89,9.373322597960279,32.25979602791197,17.3040794417606,3.227321524422974,29.032474503488995,1.8250134192163177,4.9718196457326895,1.2077294685990339,0.04696725711218465,0.6575415995705851,0.08051529790660225,0.013419216317767043,,,
90,9.339774557165862,32.2866344605475,17.3040794417606,3.2675791733762747,28.985507246376812,1.8250134192163177,4.958400429414922,1.2077294685990339,0.07380568974771873,0.644122383252818,0.08051529790660225,0.013419216317767043,0.013419216317767043,,
91,9.380032206119163,32.25979602791197,17.3040794417606,3.2675791733762747,28.945249597423512,1.8250134192163177,4.958400429414922,1.2345679012345678,0.07380568974771873,0.644122383252818,0.08051529790660225,0.013419216317767043,0.013419216317767043,,
92,9.473966720343531,30.387815351583466,17.270531400966185,3.2742887815351582,28.83118625872249,3.743961352657005,4.898013955984971,1.247987117552335,0.13419216317767044,0.630703166935051,0.08051529790660225,0.013419216317767043,0.013419216317767043,,
93,9.31964573268921,30.16639828234031,17.270531400966185,3.3011272141706924,28.609769189479334,4.294149221685454,4.898013955984971,1.2681159420289856,0.13419216317767044,0.630703166935051,0.08051529790660225,0.013419216317767043,0.013419216317767043,,
94,9.353193773483628,30.08588298443371,17.12962962962963,3.502415458937198,28.522544283413847,4.294149221685454,4.898013955984971,1.3419216317767042,0.13419216317767044,0.630703166935051,0.08051529790660225,0.013419216317767043,0.013419216317767043,,
95,9.380032206119163,30.059044551798173,17.12962962962963,3.502415458937198,28.522544283413847,4.294149221685454,4.898013955984971,1.3419216317767042,0.13419216317767044,0.630703166935051,0.08051529790660225,0.013419216317767043,0.013419216317767043,,
96,9.373322597960279,29.025764895330113,17.995169082125603,3.4017713365539453,28.522544283413847,4.562533548040794,4.783950617283951,1.3419216317767042,0.2549651100375738,0.630703166935051,0.08051529790660225,0.013419216317767043,0.013419216317767043,,
97,9.380032206119163,28.911701556629094,15.707192699946322,2.8918411164787976,28.14680622651637,7.843531937734836,4.783950617283951,1.402308105206656,0.2549651100375738,0.5703166935050993,0.08051529790660225,0.013419216317767043,0.013419216317767043,,
98,9.326355340848094,28.844605475040257,15.767579173376275,2.9790660225442833,28.026033279656467,7.763016639828234,4.783950617283951,1.5230810520665594,0.2549651100375738,0.5434782608695652,0.1610305958132045,0.013419216317767043,0.013419216317767043,,
99,9.292807300053678,28.710413311862588,15.727321524422974,3.052871712292002,27.791196994095547,7.615405260332796,5.260332796564681,1.5230810520665594,0.2549651100375738,0.5837359098228664,0.1610305958132045,0.013419216317767043,0.013419216317767043,,
100,9.306226516371444,28.690284487385938,15.673644659151906,3.0730005367686526,27.737520128824478,7.615405260332796,5.260332796564681,1.5365002683843263,0.2549651100375738,0.6642512077294686,0.1610305958132045,0.013419216317767043,0.013419216317767043,,
101,9.326355340848094,28.670155662909288,15.673644659151906,3.1065485775630703,27.643585614600106,7.561728395061729,5.246913580246914,1.6103059581320451,0.2549651100375738,0.6642512077294686,0.2147074610842727,0.013419216317767043,0.013419216317767043,,
102,9.333064949006978,28.576221148684915,15.653515834675256,3.113258185721954,27.616747181964573,7.548309178743962,5.35426731078905,1.6103059581320451,0.2549651100375738,0.6977992485238862,0.2147074610842727,0.013419216317767043,0.013419216317767043,,
103,9.359903381642512,28.529253891572733,15.640096618357488,3.1199677938808374,27.502683843263554,7.548309178743962,5.340848094471283,1.7310789049919484,0.2549651100375738,0.7313472893183038,0.2147074610842727,0.013419216317767043,0.013419216317767043,,
104,9.326355340848094,27.65029522275899,15.619967793880837,4.502147074610843,28.495705850778315,6.280193236714976,5.307300053676865,1.6706924315619969,0.2549651100375738,0.7313472893183038,0.13419216317767044,0.013419216317767043,0.013419216317767043,,
105,9.326355340848094,27.65029522275899,15.599838969404187,4.502147074610843,28.361513687600645,6.266774020397209,5.307300053676865,1.8384326355340848,0.2549651100375738,0.7179280730005367,0.14761137949543746,0.013419216317767043,0.013419216317767043,,
106,9.339774557165862,27.623456790123456,15.599838969404187,4.528985507246377,28.361513687600645,6.266774020397209,5.381105743424584,1.8250134192163177,0.2549651100375738,0.6374127750939346,0.14761137949543746,0.020128824476650563,0.013419216317767043,,
107,9.306226516371444,27.542941492216855,15.573000536768653,4.864465915190553,27.958937198067634,6.266774020397209,5.508588298443371,1.8786902844873858,0.2549651100375738,0.6642512077294686,0.14761137949543746,0.020128824476650563,0.013419216317767043,,
108,9.346484165324744,27.435587761674718,15.4723564143854,4.951690821256038,27.945517981749866,6.260064412238325,5.508588298443371,1.8786902844873858,0.2549651100375738,0.7648953301127214,0.14761137949543746,0.020128824476650563,0.013419216317767043,,
109,7.823403113258186,40.27106816961889,8.93719806763285,4.730273752012883,24.27536231884058,5.750134192163178,5.267042404723564,1.7981749865807837,0.2549651100375738,0.6977992485238862,0.1610305958132045,0.020128824476650563,0.013419216317767043,,
110,7.843531937734836,40.24422973698336,8.93719806763285,4.736983360171766,24.27536231884058,5.615942028985507,5.401234567901234,1.7981749865807837,0.2549651100375738,0.6977992485238862,0.1610305958132045,0.020128824476650563,0.013419216317767043,,
111,7.836822329575953,40.25764895330113,8.923778851315083,4.757112184648417,24.261943102522814,5.615942028985507,5.401234567901234,1.7981749865807837,0.2549651100375738,0.6977992485238862,0.1610305958132045,0.020128824476650563,0.013419216317767043,,
112,7.830112721417069,40.21068169618894,8.896940418679549,4.790660225442834,24.12775093934514,5.636070853462158,5.401234567901234,1.932367149758454,0.2549651100375738,0.7246376811594203,0.1610305958132045,0.020128824476650563,0.013419216317767043,,
113,7.803274288781535,40.103327965646805,8.950617283950617,4.750402576489533,23.785560923242084,5.636070853462158,5.441492216854535,2.24771873322598,0.27509393451422437,0.8118625872249061,0.1610305958132045,0.020128824476650563,0.013419216317767043,,
114,7.823403113258186,39.942297369833604,8.950617283950617,4.891304347826087,23.785560923242084,5.770263016639828,5.441492216854535,2.120236178207193,0.27509393451422437,0.8118625872249061,0.1610305958132045,0.013419216317767043,0.013419216317767043,,
115,7.830112721417069,39.72758990874933,8.950617283950617,5.10601180891036,23.772141706924316,5.783682232957595,5.401234567901234,2.120236178207193,0.30864197530864196,0.8118625872249061,0.1610305958132045,0.013419216317767043,0.013419216317767043,,
116,7.843531937734836,39.69404186795491,8.950617283950617,5.10601180891036,23.758722490606548,5.783682232957595,5.394524959742351,2.13365539452496,0.30864197530864196,0.8118625872249061,0.1610305958132045,0.040257648953301126,0.013419216317767043,,
117,7.87037037037037,39.60681696188943,8.950617283950617,5.159688674181428,23.752012882447666,5.783682232957595,5.394524959742351,2.147074610842727,0.30864197530864196,0.8118625872249061,0.1610305958132045,0.040257648953301126,0.013419216317767043,,
118,7.830112721417069,38.57353730542136,10.768921095008052,5.01207729468599,23.013955984970476,5.750134192163178,5.542136339237788,2.15378421900161,0.30864197530864196,0.8319914117015567,0.1610305958132045,0.040257648953301126,0.013419216317767043,,
119,7.863660762211487,38.54669887278583,10.768921095008052,5.01207729468599,23.007246376811594,5.750134192163178,5.542136339237788,2.15378421900161,0.30864197530864196,0.8319914117015567,0.1610305958132045,0.040257648953301126,0.013419216317767043,,
120,7.6623725174449815,37.30542136339238,8.420558239398819,4.985238862050457,26.959205582393988,5.723295759527644,5.501878690284487,2.0799785292538915,0.30864197530864196,0.7514761137949544,0.24825550187869028,0.040257648953301126,0.013419216317767043,,
121,7.682501341921632,37.23832528180354,7.830112721417069,4.958400429414922,26.89210950080515,6.5485775630703165,5.387815351583468,2.0799785292538915,0.30864197530864196,0.7380568974771873,0.28180354267310787,0.040257648953301126,0.013419216317767043,,
122,7.769726247987117,37.23832528180354,7.816693505099302,4.958400429414922,26.7512077294686,6.5485775630703165,5.360976918947934,2.1604938271604937,0.30864197530864196,0.7514761137949544,0.28180354267310787,0.040257648953301126,0.013419216317767043,,
123,7.823403113258186,37.21148684916801,7.816693505099302,4.958400429414922,26.704240472356414,6.535158346752549,5.360976918947934,2.1940418679549114,0.30864197530864196,0.7514761137949544,0.28180354267310787,0.040257648953301126,0.013419216317767043,,
124,7.830112721417069,36.08427267847558,11.580783682232958,4.9718196457326895,25.577026301663984,6.535158346752549,4.17337627482555,1.7579173376274826,0.18115942028985507,0.6374127750939346,0.6172839506172839,0.040257648953301126,0.013419216317767043,,
125,7.843531937734836,36.010466988727856,11.54723564143854,5.065754159957058,25.563607085346217,6.535158346752549,4.17337627482555,1.7579173376274826,0.18115942028985507,0.6374127750939346,0.6172839506172839,0.05367686527106817,0.013419216317767043,,
126,7.843531937734836,35.909822866344605,11.54723564143854,5.193236714975845,25.563607085346217,6.515029522275899,4.166666666666667,1.7579173376274826,0.18115942028985507,0.6374127750939346,0.6172839506172839,0.05367686527106817,0.013419216317767043,,
127,7.85024154589372,35.017444981213096,12.526838432635534,5.260332796564681,25.38244766505636,6.4345142243692965,4.166666666666667,1.8719806763285025,0.18115942028985507,0.6239935587761675,0.6172839506172839,0.05367686527106817,0.013419216317767043,,
128,7.85024154589372,34.99060654857756,12.493290391841116,6.937734836285561,23.691626409017715,6.4345142243692965,4.166666666666667,1.9390767579173376,0.18115942028985507,0.5971551261406334,0.6508319914117016,0.05367686527106817,0.013419216317767043,,
129,7.830112721417069,34.896672034353195,12.560386473429952,7.018250134192163,23.658078368223297,6.414385399892646,4.166666666666667,1.9390767579173376,0.20128824476650564,0.5971551261406334,0.6508319914117016,0.05367686527106817,0.013419216317767043,,
130,6.957863660762212,48.48362855609233,9.004294149221685,5.783682232957595,18.00187869028449,6.3070316693505095,2.999194847020934,1.247987117552335,0.18115942028985507,0.5971551261406334,0.36902844873859364,0.05367686527106817,0.013419216317767043,,
131,6.957863660762212,48.37627482555019,9.004294149221685,5.917874396135265,17.96833064949007,6.293612453032743,2.999194847020934,1.247987117552335,0.18115942028985507,0.5971551261406334,0.38915727321524424,0.05367686527106817,0.013419216317767043,,
132,6.280193236714976,46.59822866344606,8.360171765968868,5.776972624798712,21.316425120772948,6.226516371443908,2.9253891572732154,1.288244766505636,0.18115942028985507,0.5971551261406334,0.3824476650563607,0.05367686527106817,0.013419216317767043,,
133,6.286902844873859,46.59822866344606,8.360171765968868,5.776972624798712,21.296296296296298,6.226516371443908,2.9253891572732154,1.3016639828234031,0.18115942028985507,0.5971551261406334,0.3824476650563607,0.05367686527106817,0.013419216317767043,,
134,6.286902844873859,46.4170692431562,8.420558239398819,5.783682232957595,21.296296296296298,6.340579710144928,2.9253891572732154,1.3016639828234031,0.18115942028985507,0.5971551261406334,0.3824476650563607,0.05367686527106817,0.013419216317767043,,
135,6.199677938808374,45.30327428878154,6.481481481481482,5.750134192163178,24.48336017176597,6.340579710144928,2.8784219001610305,1.3352120236178207,0.18115942028985507,0.5971551261406334,0.3824476650563607,0.05367686527106817,0.013419216317767043,,
136,6.246645195920558,45.26301663982824,6.447933440687064,5.783682232957595,24.4296833064949,6.340579710144928,2.8784219001610305,1.3620504562533549,0.18115942028985507,0.6172839506172839,0.3824476650563607,0.05367686527106817,0.013419216317767043,,
137,6.280193236714976,45.22275899087493,6.360708534621578,5.783682232957595,23.91304347826087,6.863929146537842,2.8784219001610305,1.3620504562533549,0.18115942028985507,0.7045088566827697,0.3824476650563607,0.05367686527106817,0.013419216317767043,,
138,6.280193236714976,44.887278582930755,6.360708534621578,6.078904991948471,23.899624261943103,6.863929146537842,2.932098765432099,1.3620504562533549,0.18115942028985507,0.7045088566827697,0.3824476650563607,0.05367686527106817,0.013419216317767043,,
139,6.273483628556092,44.80005367686527,6.360708534621578,6.146001073537305,23.845947396672035,6.863929146537842,2.9589371980676327,1.415727321524423,0.18115942028985507,0.7045088566827697,0.3824476650563607,0.05367686527106817,0.013419216317767043,,
140,6.293612453032743,44.59205582393988,6.353998926462695,6.286902844873859,23.57085346215781,6.790123456790123,3.1333870101986045,1.570048309178744,0.17444981213097155,0.7045088566827697,0.46296296296296297,0.05367686527106817,0.013419216317767043,,
141,6.293612453032743,44.49141170155663,6.327160493827161,6.387546967257112,23.557434245840042,6.790123456790123,3.1333870101986045,1.583467525496511,0.17444981213097155,0.7313472893183038,0.46296296296296297,0.05367686527106817,0.013419216317767043,,
142,6.280193236714976,44.41760601180891,6.327160493827161,6.407675791733762,23.369565217391305,6.790123456790123,3.1065485775630703,1.865271068169619,0.17444981213097155,0.7313472893183038,0.46296296296296297,0.05367686527106817,0.013419216317767043,,
143,6.333870101986044,44.39076757917338,6.327160493827161,6.407675791733762,23.262211486849168,6.763285024154589,3.079710144927536,1.9726247987117553,0.17444981213097155,0.7313472893183038,0.46296296296296297,0.08051529790660225,0.013419216317767043,,
144,6.374127750939345,44.37063875469673,6.300322061191626,6.414385399892646,23.13472893183038,6.763285024154589,3.0931293612453032,2.086688137412775,0.17444981213097155,0.7313472893183038,0.46296296296296297,0.08051529790660225,0.013419216317767043,,
145,6.387546967257112,44.08883521202362,6.300322061191626,6.723027375201288,23.11460010735373,6.749865807836822,3.0931293612453032,2.0799785292538915,0.17444981213097155,0.7313472893183038,0.46296296296296297,0.08051529790660225,0.013419216317767043,,
146,6.394256575415996,43.98819108964037,6.300322061191626,6.823671497584541,22.16183574879227,6.749865807836822,3.0931293612453032,3.026033279656468,0.17444981213097155,0.7313472893183038,0.46296296296296297,0.08051529790660225,0.013419216317767043,,
147,6.427804616210413,43.927804616210416,6.300322061191626,6.991411701556629,22.04777241009125,6.749865807836822,3.0931293612453032,2.999194847020934,0.17444981213097155,0.7313472893183038,0.46296296296296297,0.08051529790660225,0.013419216317767043,,
148,6.427804616210413,43.81374127750939,6.139291465378422,6.870638754696726,21.692163177670423,7.75630703166935,3.0931293612453032,2.9723564143853998,0.1878690284487386,0.5032206119162641,0.46296296296296297,0.08051529790660225,,,
149,6.461352657004831,43.505099302200755,6.112453032742888,7.199409554482019,21.631776704240472,7.749597423510467,3.1199677938808374,2.999194847020934,0.1878690284487386,0.48980139559849706,0.46296296296296297,0.08051529790660225,,,
150,6.474771873322598,43.47155126140633,6.0654857756307035,7.232957595276436,21.578099838969404,7.675791733762749,3.1199677938808374,3.052871712292002,0.1878690284487386,0.5971551261406334,0.46296296296296297,0.08051529790660225,,,
151,6.474771873322598,43.41787439613527,6.0654857756307035,7.286634460547504,21.578099838969404,7.675791733762749,3.1199677938808374,3.026033279656468,0.2147074610842727,0.5971551261406334,0.46296296296296297,0.08051529790660225,,,
152,6.515029522275899,43.4044551798175,6.052066559312936,7.273215244229737,21.578099838969404,7.675791733762749,3.1065485775630703,3.026033279656468,0.2147074610842727,0.5971551261406334,0.46296296296296297,0.0939345142243693,,,
153,6.521739130434782,43.29710144927536,6.052066559312936,7.286634460547504,21.390230810520666,7.6556629092860975,3.1065485775630703,3.3011272141706924,0.2147074610842727,0.5971551261406334,0.4830917874396135,0.0939345142243693,,,
154,6.407675791733762,42.76704240472356,5.595813204508857,7.14573268921095,22.779119699409556,7.521470746108427,3.1065485775630703,3.33467525496511,0.2147074610842727,0.5501878690284487,0.4830917874396135,0.0939345142243693,,,
155,6.414385399892646,41.17015566290929,5.522007514761138,8.641975308641975,22.805958132045088,7.521470746108427,3.1065485775630703,3.475577026301664,0.2147074610842727,0.5501878690284487,0.4830917874396135,0.0939345142243693,,,
156,6.427804616210413,41.15002683843264,5.522007514761138,8.641975308641975,22.745571658615138,7.50805152979066,3.126677402039721,3.535963499731616,0.2147074610842727,0.5501878690284487,0.4830917874396135,0.0939345142243693,,,
157,6.481481481481482,40.264358561460014,5.522007514761138,9.473966720343531,22.745571658615138,7.50805152979066,3.126677402039721,3.535963499731616,0.2147074610842727,0.5501878690284487,0.4830917874396135,0.0939345142243693,,,
158,6.494900697799249,40.21068169618894,5.522007514761138,9.514224369296834,22.745571658615138,7.427536231884058,3.180354267310789,3.535963499731616,0.2147074610842727,0.5501878690284487,0.5099302200751477,0.0939345142243693,,,
159,6.5485775630703165,40.143585614600106,5.522007514761138,9.742351046698873,22.50402576489533,7.367149758454106,3.2877079978529253,3.455448201825013,0.2147074610842727,0.5501878690284487,0.5703166935050993,0.0939345142243693,,,
160,6.642512077294686,40.13687600644123,5.515297906602254,9.688674181427805,22.50402576489533,7.353730542136339,3.2742887815351582,3.455448201825013,0.2147074610842727,0.5501878690284487,0.5703166935050993,0.0939345142243693,,,
161,6.474771873322598,39.861782071927,8.588298443370908,9.628287707997853,19.91411701556629,7.333601717659689,3.260869565217391,3.374932903918411,0.33548040794417605,0.5501878690284487,0.5837359098228664,0.0939345142243693,,,
162,6.474771873322598,39.82823403113258,8.581588835212024,9.64170692431562,19.91411701556629,7.320182501341922,3.2877079978529253,3.374932903918411,0.33548040794417605,0.5501878690284487,0.5971551261406334,0.0939345142243693,,,
163,6.468062265163715,39.82823403113258,8.581588835212024,9.675254965110037,19.887278582930758,7.320182501341922,3.2877079978529253,3.374932903918411,0.33548040794417605,0.5501878690284487,0.5971551261406334,0.0939345142243693,,,
164,6.501610305958132,39.720880300590444,8.57487922705314,10.165056360708535,19.464573268921097,7.333601717659689,3.2877079978529253,3.4017713365539453,0.30864197530864196,0.5501878690284487,0.5971551261406334,0.0939345142243693,,,
165,6.515029522275899,39.392109500805155,8.57487922705314,10.487117552334944,19.363929146537842,7.192699946323135,3.5225442834138487,3.4286097691894795,0.30864197530864196,0.5233494363929146,0.5971551261406334,0.0939345142243693,,,
166,6.5485775630703165,39.24449812130972,8.57487922705314,10.674986580783683,19.330381105743424,7.118894256575416,3.5225442834138487,3.4621578099838968,0.30864197530864196,0.5233494363929146,0.5971551261406334,0.0939345142243693,,,
167,6.582125603864735,39.07675791733763,8.57487922705314,10.809178743961352,19.290123456790123,7.118894256575416,3.5225442834138487,3.475577026301664,0.30864197530864196,0.5233494363929146,0.5971551261406334,0.0939345142243693,,0.026838432635534086,
168,6.642512077294686,39.07675791733763,8.57487922705314,10.809178743961352,19.276704240472355,7.098765432098766,3.556092324208266,3.4151905528717124,0.30864197530864196,0.5233494363929146,0.5971551261406334,0.0939345142243693,,0.026838432635534086,
169,6.561996779388084,37.915995705850776,8.601717659688674,12.02361782071927,19.276704240472355,7.098765432098766,3.556092324208266,3.4151905528717124,0.30864197530864196,0.5233494363929146,0.5971551261406334,0.0939345142243693,,0.026838432635534086,
170,6.608964036500268,37.848899624261946,8.527911969940956,12.110842726784755,19.243156199677937,7.085346215780999,3.556092324208266,3.374932903918411,0.30864197530864196,0.6172839506172839,0.5971551261406334,0.0939345142243693,,0.026838432635534086,
171,6.575415995705851,37.84219001610306,8.521202361782072,12.144390767579173,19.209608158883523,7.058507783145465,3.556092324208266,3.408480944712829,0.30864197530864196,0.6172839506172839,0.6374127750939346,0.0939345142243693,,0.026838432635534086,
172,6.595544820182502,37.67444981213097,8.507783145464305,12.191358024691358,18.988191089640367,7.071926999463232,3.5225442834138487,3.629898013955985,0.30864197530864196,0.7246376811594203,0.6374127750939346,0.0939345142243693,,0.05367686527106817,
173,6.602254428341385,37.64090177133655,8.474235104669887,12.265163714439076,18.820450885668276,7.058507783145465,3.5225442834138487,3.797638217928073,0.30864197530864196,0.7246376811594203,0.6374127750939346,0.0939345142243693,,0.05367686527106817,
174,6.602254428341385,37.64090177133655,8.454106280193237,12.265163714439076,18.793612453032743,7.058507783145465,3.5225442834138487,3.844605475040258,0.30864197530864196,0.7246376811594203,0.6374127750939346,0.0939345142243693,,0.05367686527106817,
175,6.629092860976919,37.61406333870102,8.454106280193237,12.265163714439076,18.733225979602793,7.058507783145465,3.5225442834138487,3.9049919484702094,0.30864197530864196,0.7246376811594203,0.6374127750939346,0.0939345142243693,,0.05367686527106817,
176,6.642512077294686,37.60735373054214,8.454106280193237,12.27187332259796,18.71309715512614,7.058507783145465,3.5292538915727323,3.9049919484702094,0.30864197530864196,0.7246376811594203,0.6239935587761675,0.10735373054213634,,0.05367686527106817,
177,6.689479334406871,37.52012882447665,8.454106280193237,12.245034889962426,18.632581857219538,7.058507783145465,3.5292538915727323,4.052603327965647,0.30864197530864196,0.7246376811594203,0.6239935587761675,0.10735373054213634,,0.05367686527106817,
178,6.696188942565755,37.47987117552335,7.96430488459474,12.258454106280194,18.585614600107355,7.018250134192163,3.5292538915727323,4.656468062265164,0.30864197530864196,0.7179280730005367,0.6239935587761675,0.10735373054213634,,0.05367686527106817,
179,6.6760601180891035,37.39935587761675,7.957595276435856,12.285292538915728,18.57890499194847,7.004830917874396,3.5292538915727323,4.696725711218465,0.30864197530864196,0.7648953301127214,0.6374127750939346,0.10735373054213634,,0.05367686527106817,
180,6.709608158883521,37.3792270531401,7.957595276435856,12.258454106280194,18.572195383789587,6.991411701556629,3.5426731078904994,4.696725711218465,0.30864197530864196,0.7648953301127214,0.6374127750939346,0.10735373054213634,,0.07380568974771873,
181,6.736446591519055,37.3792270531401,7.957595276435856,12.23161567364466,18.572195383789587,6.991411701556629,3.5426731078904994,4.696725711218465,0.30864197530864196,0.7648953301127214,0.6374127750939346,0.10735373054213634,,0.07380568974771873,
182,6.696188942565755,36.37949543746645,7.930756843800322,12.030327428878154,18.572195383789587,8.621846484165324,3.1199677938808374,4.690016103059581,0.33548040794417605,0.7783145464304885,0.6508319914117016,0.10735373054213634,,0.08722490606548577,
183,6.702898550724638,36.35265700483092,7.930756843800322,12.050456253354804,18.54535695115405,8.621846484165324,3.1199677938808374,4.7168545356951155,0.33548040794417605,0.7783145464304885,0.6508319914117016,0.10735373054213634,,0.08722490606548577,
184,6.629092860976919,36.171497584541065,7.930756843800322,12.057165861513688,18.54535695115405,8.568169618894256,3.3950617283950617,4.676596886741814,0.33548040794417605,0.7783145464304885,0.7179280730005367,0.10735373054213634,,0.08722490606548577,
185,6.629092860976919,36.16478797638218,7.930756843800322,12.030327428878154,18.54535695115405,8.568169618894256,3.4151905528717124,4.676596886741814,0.33548040794417605,0.7783145464304885,0.7179280730005367,0.12077294685990338,,0.08722490606548577,
186,6.655931293612453,35.47369833601718,7.9039184111647875,12.681159420289855,18.5252281266774,8.588298443370908,3.4151905528717124,4.696725711218465,0.33548040794417605,0.7783145464304885,0.7045088566827697,0.15432098765432098,,0.08722490606548577,
187,6.629092860976919,35.05099302200752,7.360440150295223,12.412775093934513,18.14278046162104,8.514492753623188,5.280461621041331,4.62962962962963,0.33548040794417605,0.6977992485238862,0.7045088566827697,0.15432098765432098,,0.08722490606548577,
188,6.629092860976919,35.00402576489533,7.360440150295223,12.4597423510467,17.907944176060116,8.514492753623188,5.280461621041331,4.864465915190553,0.33548040794417605,0.6977992485238862,0.7045088566827697,0.15432098765432098,,0.08722490606548577,
189,6.508319914117015,34.50751476113795,7.360440150295223,12.25174449812131,17.67981749865808,9.856414385399892,5.280461621041331,4.643048845947397,0.33548040794417605,0.6977992485238862,0.644122383252818,0.14761137949543746,,0.08722490606548577,
190,6.588835212023618,34.45383789586688,7.360440150295223,12.365807836822329,17.60601180891036,9.816156736446592,5.307300053676865,4.5893719806763285,0.33548040794417605,0.6977992485238862,0.644122383252818,0.14761137949543746,,0.08722490606548577,
191,6.649221685453569,34.42699946323135,7.273215244229737,12.419484702093397,17.56575415995706,9.809447128287708,5.307300053676865,4.616210413311863,0.33548040794417605,0.6977992485238862,0.5971551261406334,0.2147074610842727,,0.08722490606548577,
