,45,50,55,51,52,54,53,56,57,58,59,60,62,61,64
0,98.63794954374664,1.3620504562533549,,,,,,,,,,,,,
1,98.12130971551261,1.8786902844873858,,,,,,,,,,,,,
2,92.60601180891035,7.360440150295223,0.03354804079441761,,,,,,,,,,,,
3,92.2638217928073,7.702630166398282,0.03354804079441761,,,,,,,,,,,,
4,83.25281803542673,16.606280193236714,0.08722490606548577,0.020128824476650563,0.03354804079441761,,,,,,,,,,
5,61.81561996779388,31.092324208266238,0.2214170692431562,6.837090713902308,0.03354804079441761,,,,,,,,,,
6,61.574074074074076,31.031937734836287,0.3153515834675255,6.857219538378959,0.06038647342995169,0.1610305958132045,,,,,,,,,
7,61.42646269457864,30.95813204508857,0.5233494363929146,6.850509930220075,0.06038647342995169,0.1610305958132045,0.013419216317767043,0.0067096081588835215,,,,,,,
8,59.43370907139023,32.83682232957595,0.49651100375738055,6.991411701556629,0.06038647342995169,0.1610305958132045,0.013419216317767043,0.0067096081588835215,,,,,,,
9,52.99919484702093,39.130434782608695,0.6105743424584005,6.957863660762212,0.06038647342995169,0.1610305958132045,0.013419216317767043,0.06709608158883522,,,,,,,
10,46.00107353730542,43.853998926462694,0.8252818035426731,8.984165324745035,0.06038647342995169,0.1610305958132045,0.013419216317767043,0.10064412238325282,,,,,,,
11,44.33038110574343,45.26301663982824,1.0534084809447128,8.984165324745035,0.06038647342995169,0.1610305958132045,0.04696725711218465,0.10064412238325282,,,,,,,
12,44.16935050993022,45.18250134192163,1.2010198604401503,8.943907675791733,0.06038647342995169,0.2952227589908749,0.04696725711218465,0.10064412238325282,,,,,,,
13,43.05555555555556,43.666129898013956,1.5163714439076759,8.870101986044014,2.509393451422437,0.19457863660762212,0.04696725711218465,0.14090177133655393,,,,,,,
14,42.68652710681696,43.16961889425657,1.5901771336553945,8.84326355340848,2.509393451422437,0.9728931830381106,0.04696725711218465,0.15432098765432098,0.026838432635534086,,,,,,
15,40.80783682232958,43.4044551798175,1.596886741814278,8.11862587224906,4.757112184648417,1.0198604401502953,0.04696725711218465,0.20128824476650564,0.04696725711218465,,,,,,
16,40.324745034889965,39.80810520665593,1.4962426194310252,7.467793880837359,6.588835212023618,1.0198604401502953,3.0864197530864197,0.17444981213097155,0.026838432635534086,0.0067096081588835215,,,,,
17,39.26462694578637,40.707192699946326,1.6774020397208802,7.4141170155662905,6.588835212023618,0.9930220075147611,3.0864197530864197,0.23483628556092323,0.026838432635534086,0.0067096081588835215,,,,,
18,39.11701556629093,39.29817498658078,1.6706924315619969,7.340311325818572,8.856682769726248,0.9930220075147611,2.3886205045625335,0.30864197530864196,0.026838432635534086,,,,,,
19,38.79495437466452,39.27804616210413,1.751207729468599,7.333601717659689,8.809715512614064,1.1674718196457328,2.4355877616747184,0.322061191626409,0.07380568974771873,0.03354804079441761,,,,,
20,38.54669887278583,39.20424047235642,2.1068169618894257,7.219538378958669,8.769457863660762,1.1876006441223832,2.4355877616747184,0.36902844873859364,0.1274825550187869,0.03354804079441761,,,,,
21,38.38566827697262,38.96269457863661,2.4892646269457863,7.199409554482019,8.769457863660762,1.1876006441223832,2.4490069779924855,0.39586688137412773,0.1274825550187869,0.03354804079441761,,,,,
22,34.76918947933441,42.129629629629626,2.5429414922168547,8.380300590445518,8.031400966183575,1.1607622114868492,2.4355877616747184,0.41599570585077833,0.07380568974771873,0.03354804079441761,0.026838432635534086,,,,
23,34.574610842726784,42.1430488459474,2.677133655394525,8.373590982286634,8.05823939881911,1.1607622114868492,2.4355877616747184,0.4428341384863124,0.07380568974771873,0.03354804079441761,0.026838432635534086,,,,
24,34.52093397745572,41.91492216854536,3.307836822329576,8.373590982286634,7.575147611379496,1.1741814278046163,2.4355877616747184,0.48980139559849706,0.14761137949543746,0.03354804079441761,0.026838432635534086,,,,
25,34.44041867954911,39.452495974235106,3.126677402039721,11.097691894793345,7.575147611379496,1.1741814278046163,2.4221685453569513,0.48980139559849706,0.14761137949543746,0.04696725711218465,0.026838432635534086,,,,
26,34.326355340848096,38.768115942028984,3.079710144927536,11.969940955448202,7.575147611379496,0.8252818035426731,2.7308105206655933,0.48980139559849706,0.1878690284487386,0.04696725711218465,,,,,
27,33.00456253354804,39.97584541062802,3.361513687600644,11.916264090177133,7.555018786902845,0.8319914117015567,2.6167471819645733,0.49651100375738055,0.19457863660762212,0.04696725711218465,,,,,
28,32.689210950080515,39.93558776167472,3.3480944712828773,11.916264090177133,7.803274288781535,0.8923778851315083,2.6301663982823404,0.5434782608695652,0.18115942028985507,0.06038647342995169,,,,,
29,32.58185721953838,39.76784755770263,3.488996242619431,11.916264090177133,7.87037037037037,0.9326355340848095,2.6435856146001075,0.5568974771873323,0.18115942028985507,0.06038647342995169,,,,,
30,30.589103596349972,37.61406333870102,2.4825550187869028,17.310789049919485,7.440955448201825,0.966183574879227,2.5966183574879227,0.6977992485238862,0.24154589371980675,0.06038647342995169,,,,,
31,28.63660762211487,35.581052066559316,2.522812667740204,21.121846484165324,7.4141170155662905,0.966183574879227,2.690552871712292,0.7380568974771873,0.2683843263553409,0.06038647342995169,,,,,
32,26.154052603327965,36.621041331186255,2.5697799248523885,18.283682232957595,11.829039184111648,0.9594739667203436,2.576489533011272,0.5166398282340311,0.4294149221685454,0.06038647342995169,,,,,
33,24.84567901234568,35.621309715512616,2.7308105206655933,19.95437466451959,11.600912506709609,0.8252818035426731,3.2139023081052067,0.6910896403650026,0.4562533548040794,0.06038647342995169,,,,,
34,21.880032206119164,38.989533011272144,2.4691358024691357,19.77992485238862,11.178207192699947,0.6776704240472357,3.388352120236178,0.7179280730005367,0.8588298443370908,0.06038647342995169,,,,,
35,21.792807300053678,38.99624261943102,2.5563607085346214,19.672571121846484,11.16478797638218,0.6776704240472357,3.388352120236178,0.8185721953837896,0.8722490606548577,0.06038647342995169,,,,,
36,21.64519592055824,37.76838432635534,2.4020397208803006,18.98148148148148,10.849436392914654,0.6709608158883521,5.844068706387547,0.7581857219538379,1.0198604401502953,0.06038647342995169,,,,,
37,20.632045088566827,35.339506172839506,2.408749329039184,18.927804616210413,14.036500268384327,0.8185721953837896,5.8172302737520125,0.8521202361782072,1.0802469135802468,0.08722490606548577,,,,,
38,20.564949006977994,35.38647342995169,2.428878153515835,18.813741277509394,13.882179280730005,0.8185721953837896,5.803811057434245,1.0601180891035964,1.1406333870101986,0.10064412238325282,,,,,
39,20.377079978529252,35.45356951154053,2.442297369833602,18.800322061191626,13.875469672571121,0.8185721953837896,5.897745571658615,1.0869565217391304,1.1473429951690821,0.10064412238325282,,,,,
40,20.343531937734838,35.35292538915727,2.4355877616747184,17.901234567901234,13.855340848094471,1.9994632313472893,5.884326355340848,0.9594739667203436,1.1674718196457328,0.10064412238325282,,,,,
41,20.115405260332796,34.93022007514761,2.61003757380569,17.156468062265162,14.821524422973699,2.0263016639828235,5.877616747181965,1.1473429951690821,1.2144390767579174,0.10064412238325282,,,,,
42,20.061728395061728,34.86983360171766,2.7106816961889426,17.136339237788512,14.727589908749328,2.0665593129361244,5.850778314546431,1.1406333870101986,1.3083735909822867,0.1274825550187869,,,,,
43,20.034889962426195,34.816156736446594,2.7777777777777777,19.43102522812668,12.855609232420827,1.9927536231884058,5.683038110574342,1.0601180891035964,1.2010198604401503,0.14761137949543746,,,,,
44,17.98174986580784,37.03703703703704,2.61003757380569,19.296833064949006,12.822061191626409,2.01959205582394,5.6964573268921095,1.1607622114868492,1.2278582930756843,0.14761137949543746,,,,,
45,13.982823403113258,39.492753623188406,2.563070316693505,25.6105743424584,10.68840579710145,1.2815351583467525,4.119699409554482,1.1607622114868492,0.9997316156736447,0.10064412238325282,,,,,
46,13.92914653784219,39.45920558239399,2.636876006441224,25.5300590445518,10.68840579710145,1.2815351583467525,4.146537842190016,1.221148684916801,0.9997316156736447,0.10064412238325282,,0.0067096081588835215,,,
47,13.902308105206655,39.11701556629093,2.6502952227589907,26.227858293075684,10.238862050456254,1.2815351583467525,4.213633923778851,1.3217928073000538,0.9393451422436929,0.10064412238325282,,0.0067096081588835215,,,
48,13.902308105206655,38.788244766505635,2.945517981749866,26.194310252281266,10.21202361782072,1.2681159420289856,4.1532474503489,1.3620504562533549,1.0466988727858293,0.10064412238325282,0.020128824476650563,0.0067096081588835215,,,
49,13.801663982823403,38.446054750402574,3.012614063338701,28.415190552871714,9.98389694041868,1.2815351583467525,2.4154589371980677,1.4492753623188406,1.1137949543746646,0.05367686527106817,0.020128824476650563,0.0067096081588835215,,,
50,13.7211486849168,38.29173376274826,3.140096618357488,28.381642512077295,9.936929683306495,1.4224369296833066,2.395330112721417,1.482823403113258,1.1406333870101986,0.05367686527106817,0.020128824476650563,0.013419216317767043,,,
51,12.97638217928073,34.715512614063336,3.079710144927536,27.012882447665056,16.06280193236715,1.3083735909822867,2.3550724637681157,1.247987117552335,1.1406333870101986,0.06709608158883522,0.020128824476650563,0.013419216317767043,,,
52,12.929414922168545,34.614868491680085,3.1736446591519054,26.959205582393988,16.17686527106817,1.2815351583467525,2.314814814814815,1.2815351583467525,1.1674718196457328,0.06709608158883522,0.020128824476650563,0.013419216317767043,,,
53,12.929414922168545,34.52093397745572,3.260869565217391,26.94578636607622,16.17686527106817,1.2815351583467525,2.314814814814815,1.2949543746645196,1.1674718196457328,0.06709608158883522,0.020128824476650563,0.020128824476650563,,,
54,12.882447665056361,34.49409554482018,3.3816425120772946,26.80488459473967,16.089640365002683,1.2949543746645196,2.301395598497048,1.442565754159957,1.2010198604401503,0.06709608158883522,0.020128824476650563,0.020128824476650563,,,
55,12.808641975308642,34.31964573268921,3.670155662909286,26.724369296833064,16.049382716049383,1.2949543746645196,2.301395598497048,1.4895330112721417,1.2345679012345678,0.06709608158883522,0.020128824476650563,0.020128824476650563,,,
56,12.781803542673108,34.17874396135266,3.844605475040258,26.724369296833064,15.955448201825014,1.3150831991411702,2.2879763821792807,1.5096618357487923,1.2949543746645196,0.06709608158883522,0.020128824476650563,0.020128824476650563,,,
57,12.754965110037574,33.9975845410628,3.8714439076757916,26.65727321524423,15.794417606011809,1.6975308641975309,2.26784755770263,1.556629092860977,1.2546967257112185,0.08722490606548577,0.020128824476650563,0.040257648953301126,,,
58,10.554213633923778,33.20585077831455,3.743961352657005,29.636339237788512,14.794685990338165,1.6908212560386473,3.3480944712828773,1.570048309178744,1.2949543746645196,0.10064412238325282,0.020128824476650563,0.040257648953301126,,,
59,10.554213633923778,33.13875469672571,3.784219001610306,29.528985507246375,14.78797638217928,1.6908212560386473,3.3480944712828773,1.6908212560386473,1.3016639828234031,0.11406333870101985,0.020128824476650563,0.040257648953301126,,,
60,10.554213633923778,33.02469135802469,3.8714439076757916,29.314278046162105,14.741009125067096,1.737788513150832,3.3279656468062266,1.90552871712292,1.3754696725711217,0.08722490606548577,0.020128824476650563,0.040257648953301126,,,
61,9.655126140633387,31.97799248523886,3.8580246913580245,31.226516371443907,14.720880300590446,1.6908212560386473,3.321256038647343,2.006172839506173,1.3888888888888888,0.0939345142243693,0.020128824476650563,0.040257648953301126,,,
62,8.132045088566828,34.38003220611916,3.784219001610306,30.669618894256576,14.439076757917338,1.6170155662909287,3.3480944712828773,2.0665593129361244,1.4090177133655395,0.0939345142243693,0.020128824476650563,0.040257648953301126,,,
63,8.132045088566828,34.13177670424047,3.9720880300590444,30.615942028985508,14.439076757917338,1.6639828234031133,3.3413848631239937,2.1269457863660763,1.4090177133655395,0.0939345142243693,0.020128824476650563,0.05367686527106817,,,
64,8.111916264090176,34.01100375738057,3.9049919484702094,30.233494363929147,14.761137949543746,1.90552871712292,3.260869565217391,2.227589908749329,1.4090177133655395,0.10735373054213634,0.020128824476650563,0.04696725711218465,,,
65,8.05823939881911,34.01771336553945,3.978797638217928,30.16639828234031,14.74771873322598,1.9189479334406871,3.207192699946323,2.26784755770263,1.4090177133655395,0.1610305958132045,0.020128824476650563,0.04696725711218465,,,
66,7.313472893183038,32.6556629092861,4.186795491143317,32.024959742351044,14.700751476113794,1.9189479334406871,3.1870638754696725,2.3215244229736984,1.4492753623188406,0.17444981213097155,0.020128824476650563,0.04696725711218465,,,
67,7.313472893183038,32.55501878690284,4.166666666666667,31.99141170155663,14.626945786366075,2.0263016639828235,3.193773483628556,2.3550724637681157,1.5297906602254427,0.17444981213097155,0.020128824476650563,0.04696725711218465,,,
68,7.2933440687063875,32.45437466451959,4.280730005367687,31.696188942565755,14.579978529253891,2.120236178207193,3.193773483628556,2.536231884057971,1.5767579173376274,0.20128824476650564,0.020128824476650563,0.04696725711218465,,,
69,6.984702093397746,32.118894256575416,4.240472356414386,32.6959205582394,14.284755770263017,2.1135265700483092,3.0595813204508855,2.636876006441224,1.6103059581320451,0.1878690284487386,0.020128824476650563,0.04696725711218465,,,
70,6.957863660762212,32.045088566827694,4.327697262479871,32.58185721953838,14.2914653784219,2.1739130434782608,3.046162104133119,2.6972624798711755,1.6035963499731616,0.20799785292538917,0.020128824476650563,0.04696725711218465,,,
71,6.568706387546968,31.427804616210413,4.428341384863124,32.09205582393988,15.626677402039721,2.147074610842727,3.046162104133119,2.7442297369833604,1.6438539989264627,0.20799785292538917,0.020128824476650563,0.04696725711218465,,,
72,6.481481481481482,31.36070853462158,4.435050993022007,33.360171765968865,14.949006977992486,2.167203435319377,3.0059044551798175,2.4221685453569513,1.5432098765432098,0.20799785292538917,0.020128824476650563,0.04696725711218465,,,
73,6.421095008051529,31.239935587761675,4.602791196994096,33.380300590445515,14.915458937198068,2.1604938271604937,3.0059044551798175,2.442297369833602,1.556629092860977,0.20799785292538917,0.020128824476650563,0.04696725711218465,,,
74,5.844068706387547,32.48121309715513,4.87788513150832,33.02469135802469,14.486044015029522,2.073268921095008,2.8650026838432634,2.4691358024691357,1.5901771336553945,0.2214170692431562,0.020128824476650563,0.04696725711218465,,,
75,5.562265163714439,31.99141170155663,4.898013955984971,35.158346752549654,13.291733762748256,2.0799785292538915,2.85829307568438,2.4557165861513686,1.415727321524423,0.2214170692431562,0.020128824476650563,0.04696725711218465,,,
76,5.562265163714439,31.91760601180891,4.9718196457326895,35.037573805689746,13.217928073000536,2.0799785292538915,2.871712292002147,2.576489533011272,1.4761137949543746,0.2214170692431562,0.020128824476650563,0.04696725711218465,,,
77,5.562265163714439,31.843800322061192,5.045625335480408,34.95034889962426,13.217928073000536,2.1068169618894257,2.8515834675254963,2.61003757380569,1.4761137949543746,0.24154589371980675,0.03354804079441761,0.06038647342995169,,,
78,4.542404723564144,30.951422436929683,5.025496511003757,34.5276435856146,15.640096618357488,2.046430488459474,2.8113258185721954,2.6033279656468062,1.5163714439076759,0.24154589371980675,0.03354804079441761,0.06038647342995169,,,
79,4.51556629092861,30.817230273752013,5.059044551798175,33.25281803542673,16.854535695115406,2.200751476113795,2.8515834675254963,2.6167471819645733,1.4962426194310252,0.24154589371980675,0.03354804079441761,0.06038647342995169,,,
80,4.508856682769726,30.629361245303276,5.267042404723564,33.23939881910896,16.834406870638755,2.2074610842726785,2.8650026838432634,2.5966183574879227,1.5029522275899088,0.24154589371980675,0.04696725711218465,0.06038647342995169,,,
81,4.4820182501341925,30.656199677938808,5.287171229200215,33.1857219538379,16.820987654320987,2.200751476113795,2.8381642512077296,2.623456790123457,1.5499194847020934,0.24154589371980675,0.05367686527106817,0.06038647342995169,,,
82,4.4753086419753085,30.56226516371444,5.360976918947934,33.05823939881911,16.71363392377885,2.2410091250670963,2.8381642512077296,2.717391304347826,1.6505636070853462,0.2616747181964573,0.05367686527106817,0.06038647342995169,0.0067096081588835215,,
83,4.4753086419753085,30.44820182501342,5.407944176060118,32.92404723564144,16.378153515834676,2.2410091250670963,3.2340311325818574,2.8515834675254963,1.6371443907675791,0.27509393451422437,0.06709608158883522,0.06038647342995169,,,
84,4.461889425657541,30.42807300053677,5.475040257648954,32.55501878690284,16.700214707461082,2.254428341384863,3.227321524422974,2.831454643048846,1.6639828234031133,0.27509393451422437,0.06709608158883522,0.06038647342995169,,,
85,4.461889425657541,30.314009661835748,5.58239398819109,32.420826623725176,16.61969940955448,2.2745571658615136,3.307836822329576,2.8381642512077296,1.7579173376274826,0.2952227589908749,0.06709608158883522,0.06038647342995169,,,
86,4.05931293612453,30.401234567901234,5.810520665593129,32.870370370370374,16.458668813741276,2.1739130434782608,3.0864197530864197,2.945517981749866,1.7713365539452497,0.28180354267310787,0.06709608158883522,0.07380568974771873,,,
87,4.05931293612453,30.02549651100376,6.400966183574879,32.63553408480945,16.431830381105744,2.1739130434782608,3.0595813204508855,3.0931293612453032,1.6774020397208802,0.28180354267310787,0.08722490606548577,0.07380568974771873,,,
88,4.05931293612453,29.884594739667204,6.501610305958132,33.08507783145464,16.411701556629094,2.0128824476650564,2.831454643048846,3.099838969404187,1.6841116478797638,0.2683843263553409,0.08722490606548577,0.07380568974771873,,,
89,4.025764895330113,27.791196994095547,6.085614600107354,32.92404723564144,18.605743424584006,2.509393451422437,2.8381642512077296,3.099838969404187,1.6841116478797638,0.2683843263553409,0.08722490606548577,0.08051529790660225,,,
90,4.025764895330113,27.730810520665592,6.132581857219538,32.88378958668814,18.552066559312937,2.49597423510467,2.8515834675254963,3.1535158346752548,1.737788513150832,0.2683843263553409,0.08722490606548577,0.08051529790660225,,,
91,4.025764895330113,27.657004830917874,6.159420289855072,32.54830917874396,18.511808910359633,2.885131508319914,2.8515834675254963,3.126677402039721,1.8048845947396672,0.2616747181964573,0.08722490606548577,0.08051529790660225,,,
92,4.025764895330113,27.643585614600106,6.239935587761675,32.45437466451959,18.4447128287708,2.885131508319914,2.831454643048846,3.1736446591519054,1.8719806763285025,0.2616747181964573,0.08722490606548577,0.08051529790660225,,,
93,3.9318303811057436,28.549382716049383,6.280193236714976,35.74208266237252,15.942028985507246,2.636876006441224,1.5901771336553945,3.240740740740741,1.6706924315619969,0.2214170692431562,0.12077294685990338,0.07380568974771873,,,
94,3.475577026301664,26.778046162104133,6.025228126677402,40.123456790123456,14.533011272141707,2.6033279656468062,1.0198604401502953,3.488996242619431,1.583467525496511,0.17444981213097155,0.12077294685990338,0.07380568974771873,,,
95,3.475577026301664,26.663982823403114,6.031937734836285,39.84836285560923,14.472624798711756,2.737520128824477,1.0802469135802468,3.643317230273752,1.6774020397208802,0.17444981213097155,0.12077294685990338,0.07380568974771873,,,
96,3.475577026301664,26.50295222758991,6.072195383789587,39.398819108964034,14.439076757917338,2.7777777777777777,1.3754696725711217,3.824476650563607,1.7310789049919484,0.17444981213097155,0.12077294685990338,0.10735373054213634,,,
97,3.4621578099838968,26.308373590982285,6.380837359098229,38.95598497047772,14.331723027375201,3.0931293612453032,1.4090177133655395,3.8177670424047236,1.8384326355340848,0.17444981213097155,0.12077294685990338,0.10735373054213634,,,
98,3.388352120236178,26.33521202361782,6.447933440687064,38.92243692968331,14.31159420289855,3.0931293612453032,1.4358561460010735,3.797638217928073,1.8585614600107354,0.17444981213097155,0.12077294685990338,0.11406333870101985,,,
99,3.3145464304884595,26.187600644122384,6.521739130434782,38.32528180354267,14.734299516908212,3.0931293612453032,1.3821792807300053,4.025764895330113,2.01959205582394,0.1610305958132045,0.12077294685990338,0.11406333870101985,,,
100,3.3145464304884595,26.100375738056897,6.541867954911433,38.18438003220612,14.694041867954912,3.0595813204508855,1.482823403113258,4.1532474503489,2.046430488459474,0.1878690284487386,0.12077294685990338,0.11406333870101985,,,
101,2.7643585614600106,25.449543746645197,6.481481481481482,40.98228663446055,13.821792807300053,2.945517981749866,1.6975308641975309,3.7104133118625873,1.7981749865807837,0.12077294685990338,0.12077294685990338,0.10735373054213634,,,
102,2.7643585614600106,25.295222758990874,6.655931293612453,40.707192699946326,13.768115942028986,3.0394524959742353,1.6908212560386473,3.8848631239935587,1.7981749865807837,0.12077294685990338,0.14090177133655393,0.13419216317767044,,,
103,2.6502952227589907,25.187869028448738,6.8035426731078905,40.64680622651637,13.741277509393452,3.126677402039721,1.6706924315619969,3.9519592055823938,1.8183038110574343,0.12077294685990338,0.14761137949543746,0.13419216317767044,,,
104,2.6502952227589907,25.05367686527107,7.548309178743962,40.063070316693505,13.607085346215781,3.1468062265163717,1.6706924315619969,4.019055287171229,1.8585614600107354,0.10064412238325282,0.14761137949543746,0.13419216317767044,,,
105,2.6502952227589907,23.1682769726248,7.608695652173913,42.05582393988191,12.882447665056361,3.113258185721954,2.15378421900161,4.072732152442297,1.9122383252818036,0.10064412238325282,0.14761137949543746,0.13419216317767044,,,
106,2.623456790123457,23.087761674718198,7.62211486849168,42.00214707461084,12.828770799785293,3.2340311325818574,2.1403650026838434,4.126409017713366,1.9524959742351047,0.10064412238325282,0.14761137949543746,0.13419216317767044,,,
107,2.536231884057971,21.886741814278047,6.515029522275899,42.68652710681696,15.257648953301127,2.999194847020934,2.059849704777241,3.864734299516908,1.8518518518518519,0.10064412238325282,0.10735373054213634,0.13419216317767044,,,
108,2.536231884057971,21.826355340848096,6.602254428341385,42.40472356414385,15.22410091250671,2.999194847020934,2.046430488459474,4.133118625872249,1.8719806763285025,0.11406333870101985,0.10735373054213634,0.13419216317767044,,,
109,2.5295222758990876,21.470746108427267,7.1658615136876005,42.19672571121846,15.183843263553408,3.012614063338701,2.086688137412775,4.119699409554482,1.8786902844873858,0.11406333870101985,0.10735373054213634,0.13419216317767044,,,
110,2.5295222758990876,21.336553945249598,7.360440150295223,42.11621041331186,15.150295222758992,2.985775630703167,2.100107353730542,4.1532474503489,1.8988191089640365,0.11406333870101985,0.12077294685990338,0.13419216317767044,,,
111,1.7042404723564144,18.69296833064949,6.756575415995706,48.09447128287708,14.734299516908212,2.2946859903381642,1.9592055823939882,3.656736446591519,1.7713365539452497,0.11406333870101985,0.12077294685990338,0.10064412238325282,,,
112,1.7042404723564144,18.666129898013956,6.790123456790123,48.027375201288244,14.734299516908212,2.3081052066559313,1.9592055823939882,3.6902844873859366,1.7713365539452497,0.11406333870101985,0.13419216317767044,0.10064412238325282,,,
113,1.7042404723564144,18.666129898013956,6.830381105743425,47.71202361782072,14.714170692431562,2.3081052066559313,1.9592055823939882,3.9586688137412773,1.7847557702630166,0.1274825550187869,0.13419216317767044,0.10064412238325282,,,
114,1.5297906602254427,17.8743961352657,6.380837359098229,46.725711218464845,16.552603327965645,2.1604938271604937,2.4020397208803006,4.280730005367687,1.7444981213097155,0.1274825550187869,0.13419216317767044,0.08722490606548577,,,
115,1.5230810520665594,17.85426731078905,6.494900697799249,46.55126140633387,16.411701556629094,2.1604938271604937,2.4020397208803006,4.408212560386473,1.8451422436929683,0.1274825550187869,0.14761137949543746,0.07380568974771873,,,
116,1.5230810520665594,17.733494363929147,6.66935050993022,46.07487922705314,16.67337627482555,2.167203435319377,2.4020397208803006,4.49543746645196,1.8786902844873858,0.16774020397208803,0.14761137949543746,0.06709608158883522,,,
117,1.4694041867954912,16.874664519592056,6.454643048845948,48.58427267847558,14.526301663982823,2.6704240472356413,2.408749329039184,4.783950617283951,1.8250134192163177,0.1878690284487386,0.14761137949543746,0.06709608158883522,,,
118,1.4559849704777241,16.659957058507782,6.535158346752549,45.772946859903385,13.808373590982287,2.61003757380569,6.172839506172839,4.64975845410628,1.9189479334406871,0.20799785292538917,0.14090177133655393,0.06709608158883522,,,
119,1.4559849704777241,16.552603327965645,6.427804616210413,44.316961889425656,13.405797101449275,2.589908749329039,8.313204508856682,4.5960815888352125,1.9256575415995705,0.20799785292538917,0.14090177133655393,0.06709608158883522,,,
120,1.4559849704777241,16.297638217928075,6.4345142243692965,44.04857756307032,13.378958668813741,3.099838969404187,8.299785292538916,4.5893719806763285,1.9524959742351047,0.23483628556092323,0.14090177133655393,0.06709608158883522,,,
121,1.4090177133655395,16.25067096081589,6.769994632313473,43.16961889425657,13.372249060654857,3.6500268384326353,8.313204508856682,4.643048845947397,1.9524959742351047,0.23483628556092323,0.16774020397208803,0.06709608158883522,,,
122,1.4090177133655395,16.11647879763822,6.951154052603328,43.09581320450886,13.278314546430488,3.6500268384326353,8.299785292538916,4.643048845947397,2.086688137412775,0.23483628556092323,0.16774020397208803,0.06709608158883522,,,
123,1.4090177133655395,16.06280193236715,7.071926999463232,42.77375201288245,13.197799248523886,3.69699409554482,8.36688137412775,4.830917874396135,2.120236178207193,0.23483628556092323,0.16774020397208803,0.06709608158883522,,,
124,1.4090177133655395,16.06280193236715,7.199409554482019,42.53891572732152,12.835480407944177,3.992216854535695,8.3467525496511,4.9718196457326895,2.1739130434782608,0.23483628556092323,0.16774020397208803,0.06709608158883522,,,
125,1.4090177133655395,15.982286634460548,7.1658615136876005,42.089371980676326,12.848899624261943,4.052603327965647,8.789586688137414,4.998658078368224,2.1739130434782608,0.23483628556092323,0.16774020397208803,0.08722490606548577,,,
126,1.4090177133655395,15.955448201825014,7.1658615136876005,41.96188942565754,12.808641975308642,4.139828234031133,8.776167471819646,5.038915727321524,2.2074610842726785,0.2616747181964573,0.18115942028985507,0.08722490606548577,0.0067096081588835215,,
127,1.4090177133655395,15.92860976918948,7.232957595276436,41.79414922168545,12.801932367149758,4.146537842190016,8.749329039184111,5.173107890499195,2.200751476113795,0.27509393451422437,0.19457863660762212,0.08722490606548577,0.0067096081588835215,,
128,1.4090177133655395,15.92860976918948,7.246376811594203,41.74047235641439,12.775093934514224,4.1532474503489,8.729200214707461,5.186527106816962,2.254428341384863,0.2952227589908749,0.19457863660762212,0.08722490606548577,,,
129,1.3754696725711217,15.854804079441761,7.353730542136339,41.6935050993022,12.775093934514224,4.146537842190016,8.742619431025227,5.24020397208803,2.214170692431562,0.322061191626409,0.19457863660762212,0.08722490606548577,,,
130,1.3754696725711217,15.794417606011809,7.467793880837359,41.4922168545357,12.795222758990874,4.0995705850778315,8.729200214707461,5.320719269994632,2.24771873322598,0.33548040794417605,0.2281266774020397,0.11406333870101985,,,
131,1.3754696725711217,15.780998389694043,7.4141170155662905,41.42512077294686,12.741545893719806,4.092860976918948,8.76274825550188,5.3341384863123995,2.2879763821792807,0.35560923242082665,0.2885131508319914,0.14090177133655393,,,
132,1.3486312399355878,15.747450348899624,7.709339774557166,41.23054213633924,12.741545893719806,4.092860976918948,8.749329039184111,5.280461621041331,2.314814814814815,0.35560923242082665,0.2885131508319914,0.14090177133655393,,,
133,1.3486312399355878,15.217391304347826,8.333333333333334,41.10305958132045,12.741545893719806,4.045893719806763,8.796296296296296,5.287171229200215,2.3349436392914655,0.36231884057971014,0.2885131508319914,0.14090177133655393,,,
134,1.3486312399355878,15.183843263553408,8.420558239398819,41.02254428341385,12.714707461084272,4.045893719806763,8.76274825550188,5.347557702630167,2.3215244229736984,0.3757380568974772,0.3153515834675255,0.14090177133655393,,,
135,1.3486312399355878,15.163714439076758,8.561460010735374,40.82796564680623,12.694578636607622,4.086151368760064,8.769457863660762,5.374396135265701,2.3349436392914655,0.3757380568974772,0.322061191626409,0.14090177133655393,,,
136,1.3486312399355878,14.700751476113794,9.057971014492754,40.60654857756307,12.68786902844874,4.086151368760064,8.769457863660762,5.522007514761138,2.408749329039184,0.3757380568974772,0.2952227589908749,0.14090177133655393,,,
137,1.2748255501878691,14.63365539452496,8.836553945249598,40.203972088030056,12.453032742887816,4.139828234031133,9.796027911969942,5.448201825013419,2.328234031132582,0.4428341384863124,0.30193236714975846,0.14090177133655393,,,
138,1.2748255501878691,14.553140096618357,9.004294149221685,40.00939345142244,12.318840579710145,4.133118625872249,9.769189479334408,5.622651637144391,2.3550724637681157,0.5099302200751477,0.27509393451422437,0.15432098765432098,,0.020128824476650563,
139,1.2748255501878691,14.512882447665056,9.064680622651638,39.95571658615137,12.265163714439076,4.1129898013955986,9.73564143853999,5.642780461621041,2.408749329039184,0.5837359098228664,0.2616747181964573,0.15432098765432098,,0.026838432635534086,
140,1.2748255501878691,14.40552871712292,9.111647879763822,39.83494363929147,12.265163714439076,4.206924315619967,9.702093397745571,5.709876543209877,2.462426194310252,0.5837359098228664,0.2616747181964573,0.15432098765432098,,0.026838432635534086,
141,1.2681159420289856,14.31159420289855,9.46725711218465,37.80864197530864,11.81561996779388,6.635802469135802,9.702093397745571,5.475040257648954,2.428878153515835,0.5636070853462157,0.3421900161030596,0.15432098765432098,,0.026838432635534086,
142,1.2681159420289856,14.27133655394525,9.54777241009125,37.734836285560924,11.728395061728396,6.622383252818035,9.588030059044552,5.689747718733226,2.395330112721417,0.6172839506172839,0.35560923242082665,0.15432098765432098,,0.026838432635534086,
143,1.2681159420289856,13.976113794954374,9.353193773483628,37.6610305958132,11.674718196457327,7.232957595276436,9.601449275362318,5.689747718733226,2.442297369833602,0.6172839506172839,0.322061191626409,0.13419216317767044,,0.026838432635534086,
144,1.2681159420289856,13.969404186795492,9.286097691894794,37.493290391841114,11.668008588298443,7.595276435856146,9.373322597960279,5.750134192163178,2.4490069779924855,0.644122383252818,0.3421900161030596,0.13419216317767044,,0.026838432635534086,
145,1.2681159420289856,13.841921631776705,9.440418679549115,37.32555018786903,11.553945249597424,7.467793880837359,9.41358024691358,6.105743424584004,2.408749329039184,0.644122383252818,0.3421900161030596,0.13419216317767044,,0.05367686527106817,
146,1.2681159420289856,13.801663982823403,9.588030059044552,37.204777241009126,11.553945249597424,7.440955448201825,9.447128287707997,6.112453032742888,2.38191089640365,0.644122383252818,0.36902844873859364,0.13419216317767044,,0.05367686527106817,
147,1.2546967257112185,13.627214170692431,9.27938808373591,36.04401502952228,13.358829844337091,7.440955448201825,9.333064949006978,6.072195383789587,2.3215244229736984,0.6910896403650026,0.38915727321524424,0.13419216317767044,,0.05367686527106817,
148,1.2546967257112185,13.627214170692431,9.359903381642512,35.89640365002684,13.291733762748256,7.427536231884058,9.373322597960279,6.099033816425121,2.3752012882447664,0.7179280730005367,0.38915727321524424,0.13419216317767044,,0.05367686527106817,
149,1.2345679012345678,13.466183574879228,9.380032206119163,35.849436392914654,13.291733762748256,7.722758990874933,9.312936124530328,6.0587761674718195,2.3886205045625335,0.7179280730005367,0.38915727321524424,0.13419216317767044,,0.05367686527106817,
150,1.2345679012345678,13.466183574879228,9.39345142243693,35.78234031132582,13.291733762748256,7.749597423510467,9.326355340848094,6.099033816425121,2.3886205045625335,0.6910896403650026,0.38915727321524424,0.13419216317767044,,0.05367686527106817,
151,1.2345679012345678,13.405797101449275,9.628287707997853,35.567632850241544,13.291733762748256,7.796564680622652,9.31964573268921,6.152710681696189,2.3617820719269993,0.6642512077294686,0.38915727321524424,0.13419216317767044,,0.05367686527106817,
152,1.1808910359634996,13.365539452495975,9.634997316156737,35.57434245840043,13.211218464841654,7.796564680622652,9.131776704240472,6.3137412775093935,2.5026838432635534,0.7313472893183038,0.36902844873859364,0.13419216317767044,,0.05367686527106817,
153,1.1808910359634996,13.311862587224907,9.648416532474503,35.49382716049383,13.170960815888352,7.809983896940419,9.05126140633387,6.374127750939345,2.6167471819645733,0.7648953301127214,0.36902844873859364,0.13419216317767044,,0.07380568974771873,
154,1.1808910359634996,13.311862587224907,9.688674181427805,35.42673107890499,13.170960815888352,7.823403113258186,9.057971014492754,6.380837359098229,2.6033279656468062,0.7648953301127214,0.3824476650563607,0.13419216317767044,,0.07380568974771873,
155,1.1808910359634996,13.298443370907139,9.883252818035427,35.17176596886742,13.16425120772947,7.883789586688137,9.004294149221685,6.394256575415996,2.61003757380569,0.8185721953837896,0.3824476650563607,0.13419216317767044,,0.07380568974771873,
156,1.1808910359634996,13.211218464841654,9.88996242619431,35.138217928073,13.130703166935051,7.971014492753623,8.970746108427267,6.4345142243692965,2.6167471819645733,0.8521202361782072,0.39586688137412773,0.13419216317767044,,0.07380568974771873,
157,1.1808910359634996,13.20450885668277,9.856414385399892,35.07112184648417,13.117283950617283,7.991143317230274,9.098228663446054,6.501610305958132,2.4825550187869028,0.8722490606548577,0.4025764895330113,0.14761137949543746,,0.07380568974771873,
158,1.1674718196457328,13.077026301663983,9.96376811594203,34.82957595276436,13.58695652173913,7.75630703166935,9.05126140633387,6.541867954911433,2.4892646269457863,0.9326355340848095,0.3824476650563607,0.14761137949543746,,0.07380568974771873,
159,1.1674718196457328,13.077026301663983,10.02415458937198,34.735641438539986,13.546698872785829,7.729468599033816,9.064680622651638,6.608964036500268,2.5026838432635534,0.9192163177670424,0.38915727321524424,0.1610305958132045,,0.07380568974771873,
160,1.1674718196457328,13.043478260869565,10.030864197530864,34.58132045088567,13.546698872785829,7.776435856146001,9.078099838969404,6.702898550724638,2.5161030595813205,0.9192163177670424,0.4025764895330113,0.1610305958132045,,0.07380568974771873,
161,1.1674718196457328,12.426194310252281,9.77589908749329,34.39345142243693,15.217391304347826,7.48792270531401,8.849973161567364,6.635802469135802,2.5161030595813205,0.9057971014492754,0.38915727321524424,0.1610305958132045,,0.07380568974771873,
162,1.1674718196457328,12.365807836822329,9.816156736446592,34.286097691894796,15.022812667740205,7.461084272678476,8.829844337090714,6.870638754696726,2.6167471819645733,0.9326355340848095,0.4025764895330113,0.15432098765432098,,0.07380568974771873,
163,1.133923778851315,11.647879763821793,9.447128287707997,38.969404186795494,13.962694578636608,7.0383789586688135,7.823403113258186,6.1862587224906065,2.2745571658615136,0.8454106280193237,0.46967257112184646,0.14090177133655393,,0.06038647342995169,
164,1.133923778851315,11.60762211486849,9.433709071390231,38.88217928073001,13.922436929683306,7.0383789586688135,7.843531937734836,6.286902844873859,2.328234031132582,0.8454106280193237,0.47638217928073,0.14090177133655393,,0.06038647342995169,
165,1.133923778851315,11.52710681696189,9.473966720343531,38.86205045625336,13.882179280730005,7.0383789586688135,7.836822329575953,6.3137412775093935,2.3550724637681157,0.8990874932903918,0.47638217928073,0.14090177133655393,,0.06038647342995169,
166,1.133923778851315,11.473429951690822,9.50751476113795,38.73456790123457,13.882179280730005,6.991411701556629,7.796564680622652,6.468062265163715,2.3550724637681157,0.9930220075147611,0.46296296296296297,0.14090177133655393,,0.06038647342995169,
167,1.133923778851315,11.332528180354267,9.541062801932368,38.479602791196996,13.79495437466452,7.112184648416532,7.9106280193236715,6.629092860976919,2.314814814814815,1.0064412238325282,0.5434782608695652,0.14090177133655393,,0.06038647342995169,
168,1.133923778851315,11.332528180354267,9.534353193773484,38.39237788513151,13.768115942028986,7.078636607622115,7.937466451959206,6.6827697262479875,2.3752012882447664,1.0064412238325282,0.5501878690284487,0.14090177133655393,,0.06709608158883522,
169,1.133923778851315,11.332528180354267,9.634997316156737,38.25147611379496,13.694310252281268,7.092055823939882,7.930756843800322,6.709608158883521,2.4490069779924855,1.0064412238325282,0.5568974771873323,0.14090177133655393,,0.06709608158883522,
170,1.133923778851315,11.305689747718732,9.722222222222221,38.117283950617285,13.70101986044015,7.132313472893183,7.950885668276973,6.6760601180891035,2.475845410628019,1.0064412238325282,0.5568974771873323,0.14761137949543746,0.0067096081588835215,0.06709608158883522,
171,1.0869565217391304,11.272141706924316,9.728931830381105,38.1105743424584,13.66076221148685,7.14573268921095,7.96430488459474,6.743156199677939,2.5161030595813205,0.9930220075147611,0.5568974771873323,0.14761137949543746,0.0067096081588835215,0.06709608158883522,
172,1.0869565217391304,11.238593666129898,9.816156736446592,37.9898013955985,13.66076221148685,7.132313472893183,7.883789586688137,6.749865807836822,2.6637144390767578,1.0131508319914118,0.5568974771873323,0.13419216317767044,0.0067096081588835215,0.06709608158883522,
173,1.0869565217391304,11.225174449812132,9.950348899624261,37.915995705850776,13.6406333870102,7.14573268921095,7.9106280193236715,6.709608158883521,2.636876006441224,1.0131508319914118,0.5568974771873323,0.13419216317767044,0.0067096081588835215,0.06709608158883522,
174,1.0802469135802468,11.198336017176597,10.057702630166398,37.60735373054214,13.600375738056897,7.313472893183038,7.87037037037037,6.870638754696726,2.6301663982823404,1.0131508319914118,0.5568974771873323,0.1274825550187869,0.0067096081588835215,0.06709608158883522,
175,1.0802469135802468,11.16478797638218,10.138217928073,37.3389694041868,13.573537305421363,7.37385936661299,7.897208803005904,7.0383789586688135,2.657004830917874,0.9930220075147611,0.5568974771873323,0.11406333870101985,0.0067096081588835215,0.06709608158883522,
176,1.0802469135802468,11.158078368223295,10.225442834138486,37.23161567364466,13.513150831991412,7.353730542136339,7.977724100912507,7.085346215780999,2.6502952227589907,0.9796027911969941,0.5568974771873323,0.11406333870101985,0.0067096081588835215,0.06709608158883522,
177,1.0802469135802468,11.144659151905529,10.393183038110575,37.38593666129898,13.278314546430488,7.387278582930757,7.856951154052603,7.098765432098766,2.6301663982823404,0.966183574879227,0.5904455179817498,0.11406333870101985,0.0067096081588835215,0.06709608158883522,
178,1.0802469135802468,11.144659151905529,10.420021470746109,37.27187332259796,13.271604938271604,7.427536231884058,7.830112721417069,7.112184648416532,2.677133655394525,0.966183574879227,0.6105743424584005,0.11406333870101985,0.0067096081588835215,0.06709608158883522,
