,45,50,53,52,55,51,54,56
0,98.22195383789587,1.778046162104133,,,,,,
1,96.38352120236178,3.616478797638218,,,,,,
2,95.94739667203436,4.052603327965647,,,,,,
3,96.11513687600645,3.8848631239935587,,,,,,
4,95.22275899087494,4.777241009125067,,,,,,
5,94.51154052603329,5.488459473966721,,,,,,
6,91.35131508319914,8.648684916800859,,,,,,
7,86.4398819108964,13.560118089103597,,,,,,
8,80.10601180891035,19.89398819108964,,,,,,
9,80.12614063338701,19.87385936661299,,,,,,
10,60.99704777241009,38.12399355877617,0.8789586688137413,,,,,
11,59.03113258185722,39.42565754159957,0.8789586688137413,0.6642512077294686,,,,
12,57.62211486849168,40.83467525496511,0.8789586688137413,0.6642512077294686,,,,
13,57.66237251744498,39.61352657004831,0.8789586688137413,1.8451422436929683,,,,
14,57.7361782071927,39.40552871712292,1.0131508319914118,1.8451422436929683,,,,
15,57.628824476650564,39.512882447665056,1.0131508319914118,1.8451422436929683,,,,
16,57.58185721953838,38.92243692968331,1.0131508319914118,2.4825550187869028,,,,
17,53.858024691358025,42.78046162104133,1.0131508319914118,2.3483628556092326,,,,
18,51.301663982823406,45.94068706387547,1.0131508319914118,1.7444981213097155,,,,
19,51.388888888888886,45.853462157809986,1.0131508319914118,1.7444981213097155,,,,
20,51.388888888888886,45.772946859903385,1.0131508319914118,1.7444981213097155,0.08051529790660225,,,
21,49.33574879227053,45.8870101986044,1.0131508319914118,1.7444981213097155,0.08051529790660225,1.9390767579173376,,
22,49.53032742887815,45.73939881910896,1.0131508319914118,1.6975308641975309,0.08051529790660225,1.9390767579173376,,
23,49.52361782071927,44.24986580783682,2.509393451422437,1.6975308641975309,0.08051529790660225,1.9390767579173376,,
24,49.45652173913044,43.612453032742884,3.240740740740741,1.6975308641975309,0.08051529790660225,1.9122383252818036,,
25,45.57836822329576,48.45679012345679,3.052871712292002,1.6975308641975309,0.08051529790660225,0.43612453032742887,0.6977992485238862,
26,45.276435856146,46.99409554482018,4.676596886741814,1.6975308641975309,0.08051529790660225,0.43612453032742887,0.8387010198604401,
27,45.370370370370374,46.19565217391305,5.381105743424584,1.6975308641975309,0.08051529790660225,0.43612453032742887,0.8387010198604401,
28,38.55340848094471,47.92673107890499,5.609232420826624,3.3682232957595275,0.08051529790660225,3.6231884057971016,0.8387010198604401,
29,32.326892109500804,54.200214707461086,5.609232420826624,3.321256038647343,0.08051529790660225,3.6231884057971016,0.8387010198604401,
30,30.280461621041333,48.17498658078368,5.609232420826624,3.321256038647343,0.08051529790660225,11.694847020933977,0.8387010198604401,
31,30.280461621041333,48.17498658078368,5.609232420826624,3.321256038647343,0.08051529790660225,11.694847020933977,0.8387010198604401,
32,30.367686527106816,47.68518518518518,5.407944176060118,3.321256038647343,0.6977992485238862,11.681427804616211,0.8387010198604401,
33,30.441492216854535,47.61137949543747,5.407944176060118,3.321256038647343,0.6977992485238862,11.681427804616211,0.8387010198604401,
34,24.282071926999464,53.02603327965647,5.367686527106817,3.280998389694042,1.751207729468599,11.681427804616211,0.6105743424584005,
35,24.322329575952764,53.0126140633387,5.340848094471283,3.280998389694042,1.865271068169619,11.56736446591519,0.6105743424584005,
36,24.396135265700483,52.9723564143854,5.307300053676865,3.280998389694042,1.865271068169619,11.56736446591519,0.6105743424584005,
37,24.62426194310252,52.844873859366615,5.307300053676865,3.280998389694042,1.7914653784219001,11.540526033279656,0.6105743424584005,
38,25.013419216317768,52.35507246376812,5.005367686527107,3.280998389694042,1.7579173376274826,11.238593666129898,1.3486312399355878,
39,25.261674718196456,51.92565754159957,5.213365539452496,3.2541599570585076,1.7579173376274826,11.238593666129898,1.3486312399355878,
40,25.348899624261943,51.851851851851855,5.213365539452496,3.2541599570585076,1.7579173376274826,11.225174449812132,1.3486312399355878,
41,24.44310252281267,39.31830381105743,5.2066559312936125,2.657004830917874,0.7716049382716049,25.301932367149757,2.301395598497048,
42,24.56387546967257,38.60708534621578,5.2066559312936125,2.657004830917874,0.7716049382716049,25.275093934514224,2.918679549114332,
43,24.84567901234568,38.60708534621578,5.2066559312936125,2.657004830917874,0.7716049382716049,24.993290391841118,2.918679549114332,
44,25.281803542673106,38.34541062801932,5.2066559312936125,2.804616210413312,0.7716049382716049,24.771873322597962,2.818035426731079,
45,24.48336017176597,38.89559849704777,5.2066559312936125,2.6704240472356413,1.6908212560386473,24.235104669887278,2.818035426731079,
46,24.537037037037038,38.868760064412236,5.2066559312936125,2.6704240472356413,1.6908212560386473,24.22168545356951,2.804616210413312,
47,24.46323134728932,38.117283950617285,7.125603864734299,2.61003757380569,1.6706924315619969,23.30246913580247,2.7106816961889426,
48,24.530327428878152,37.74154589371981,7.809983896940419,2.61003757380569,1.4358561460010735,23.30246913580247,2.5697799248523885,
49,24.684648416532475,37.69457863660762,7.809983896940419,2.61003757380569,1.4358561460010735,23.19511540526033,2.5697799248523885,
50,24.892646269457863,37.567096081588836,7.742887815351583,2.61003757380569,1.4358561460010735,23.181696188942567,2.5697799248523885,
51,21.443907675791735,35.53408480944713,9.212292002147075,2.61003757380569,1.42914653784219,27.200751476113794,2.5697799248523885,
52,21.658615136876005,35.48040794417606,9.212292002147075,2.61003757380569,1.42914653784219,27.066559312936125,2.5429414922168547,
53,21.672034353193773,35.46698872785829,9.212292002147075,2.61003757380569,1.42914653784219,27.066559312936125,2.5429414922168547,
54,21.72571121846484,35.45356951154053,9.172034353193773,2.61003757380569,1.42914653784219,27.066559312936125,2.5429414922168547,
55,21.826355340848096,35.299248523886206,9.172034353193773,2.6033279656468062,1.5633387010198605,27.066559312936125,2.4691358024691357,
56,21.926999463231347,34.916800858829845,9.172034353193773,2.6033279656468062,2.3752012882447664,26.536500268384327,2.4691358024691357,
57,21.349973161567366,33.19914117015566,9.836285560923242,2.2074610842726785,2.2342995169082127,28.85131508319914,2.3215244229736984,
58,21.477455716586153,33.13875469672571,9.836285560923242,2.2074610842726785,2.2342995169082127,28.784219001610307,2.3215244229736984,
59,21.611647879763822,33.12533548040794,9.829575952764358,2.1940418679549114,2.2342995169082127,28.683574879227052,2.3215244229736984,
60,21.658615136876005,33.12533548040794,9.809447128287708,2.1806226516371443,2.2342995169082127,28.670155662909288,2.3215244229736984,
61,21.900161030595815,33.071658615136876,9.769189479334408,2.1806226516371443,2.2342995169082127,28.522544283413847,2.3215244229736984,
62,22.27589908749329,33.03811057434246,9.728931830381105,2.0531400966183573,2.2342995169082127,28.348094471282877,2.3215244229736984,
63,22.685185185185187,32.9777241009125,9.728931830381105,2.0531400966183573,2.2342995169082127,27.999194847020934,2.3215244229736984,
64,22.7187332259796,32.96430488459474,9.722222222222221,2.0531400966183573,2.2342995169082127,27.999194847020934,2.3081052066559313,
65,22.22222222222222,33.60842726784756,9.722222222222221,2.033011272141707,2.2342995169082127,27.871712292002147,2.3081052066559313,
66,21.786097691894792,34.05797101449275,9.722222222222221,2.033011272141707,2.2208803005904456,27.871712292002147,2.3081052066559313,
67,18.438003220611915,32.46779388083736,8.662104133118627,2.771068169618894,1.2815351583467525,34.07139023081052,2.3081052066559313,
68,18.337359098228664,31.0252281266774,8.360171765968868,2.771068169618894,1.2412775093934514,35.95679012345679,2.3081052066559313,
69,18.511808910359633,29.461889425657542,7.595276435856146,2.771068169618894,1.2412775093934514,38.1105743424584,2.3081052066559313,
70,17.09608158883521,26.7512077294686,5.300590445517981,1.1473429951690821,1.2345679012345678,46.61835748792271,1.8518518518518519,
71,17.10950080515298,26.7512077294686,5.300590445517981,1.1473429951690821,1.2345679012345678,46.60493827160494,1.8518518518518519,
72,17.216854535695116,26.7512077294686,5.300590445517981,1.1473429951690821,1.2345679012345678,46.4975845410628,1.8518518518518519,
73,16.914922168545356,27.086688137412775,5.300590445517981,1.1473429951690821,1.2345679012345678,46.464036500268385,1.8518518518518519,
74,17.028985507246375,26.972624798711756,5.300590445517981,1.1473429951690821,1.2345679012345678,44.77992485238862,3.535963499731616,
75,17.062533548040793,26.972624798711756,5.293880837359098,1.1473429951690821,1.2345679012345678,44.75308641975309,3.535963499731616,
76,17.270531400966185,26.85185185185185,5.293880837359098,1.1473429951690821,1.2010198604401503,44.72624798711755,3.5091250670960816,
77,17.431561996779386,26.798174986580783,5.293880837359098,1.1473429951690821,1.2010198604401503,44.639023081052066,3.488996242619431,
78,17.08937198067633,26.798174986580783,4.797369833601718,2.623456790123457,1.2010198604401503,44.00161030595813,3.488996242619431,
79,17.431561996779386,26.764626945786365,4.797369833601718,2.623456790123457,1.2010198604401503,42.81400966183575,3.455448201825013,0.9125067096081588
80,17.498658078368223,26.7512077294686,4.797369833601718,2.623456790123457,2.187332259796028,41.7740203972088,3.455448201825013,0.9125067096081588
81,17.51207729468599,26.7512077294686,4.797369833601718,2.623456790123457,2.1739130434782608,41.7740203972088,3.455448201825013,0.9125067096081588
82,18.00187869028449,26.549919484702095,4.736983360171766,3.0394524959742353,2.1604938271604937,41.176865271068166,3.421900161030596,0.9125067096081588
83,17.746913580246915,26.90552871712292,4.736983360171766,3.0394524959742353,2.1604938271604937,41.076221148684915,3.421900161030596,0.9125067096081588
84,17.773752012882447,26.90552871712292,4.736983360171766,3.0394524959742353,2.1604938271604937,41.04938271604938,3.421900161030596,0.9125067096081588
85,17.961621041331185,26.858561460010737,4.736983360171766,3.0394524959742353,2.1604938271604937,40.90848094471283,3.421900161030596,0.9125067096081588
86,18.4849704777241,26.54320987654321,4.683306494900698,3.0394524959742353,2.2745571658615136,40.64009661835749,3.421900161030596,0.9125067096081588
87,16.70692431561997,24.832259796027913,3.965378421900161,10.34621578099839,2.5295222758990876,37.5402576489533,3.166935050993022,0.9125067096081588
88,16.894793344068706,24.771873322597962,3.965378421900161,10.265700483091788,2.522812667740204,37.5,3.166935050993022,0.9125067096081588
89,17.357756307031668,24.745034889962426,3.7238325281803544,10.225442834138486,3.44873859366613,36.82903918411165,3.166935050993022,0.5032206119162641
90,17.277241009125067,24.630971551261407,4.528985507246377,10.258990874932904,3.435319377348363,36.218464841653244,3.166935050993022,0.4830917874396135
91,17.498658078368223,24.630971551261407,4.528985507246377,10.23215244229737,3.435319377348363,36.13794954374664,3.052871712292002,0.4830917874396135
92,17.860976918947934,24.48336017176597,4.528985507246377,13.264895330112722,2.0665593129361244,33.77616747181965,3.898282340311326,0.12077294685990338
93,16.82769726247987,33.15217391304348,3.9989264626945786,12.76838432635534,2.690552871712292,26.952495974235106,3.488996242619431,0.12077294685990338
94,16.861245303274288,33.13204508856683,3.9855072463768115,12.76838432635534,2.690552871712292,26.952495974235106,3.488996242619431,0.12077294685990338
95,16.861245303274288,33.13204508856683,3.9855072463768115,12.76838432635534,2.690552871712292,26.952495974235106,3.488996242619431,0.12077294685990338
96,16.861245303274288,33.13204508856683,3.9855072463768115,12.76838432635534,2.690552871712292,26.952495974235106,3.488996242619431,0.12077294685990338
97,15.935319377348362,34.084809447128286,3.9855072463768115,12.72812667740204,2.509393451422437,26.221148684916802,4.414922168545357,0.12077294685990338
98,15.747450348899624,33.61513687600644,3.9855072463768115,12.721417069243156,2.1403650026838434,27.32823403113258,4.341116478797638,0.12077294685990338
99,15.874932903918411,33.561460010735374,3.9855072463768115,12.661030595813205,2.1403650026838434,27.314814814814813,4.341116478797638,0.12077294685990338
100,15.92860976918948,33.541331186258724,3.9855072463768115,12.640901771336553,2.13365539452496,27.30810520665593,4.341116478797638,0.12077294685990338
101,16.009125067096083,32.84353193773484,3.9855072463768115,12.640901771336553,2.046430488459474,27.30810520665593,5.045625335480408,0.12077294685990338
102,16.06280193236715,32.84353193773484,3.9586688137412773,12.640901771336553,2.046430488459474,27.294685990338163,5.032206119162641,0.12077294685990338
103,16.15673644659152,32.830112721417066,3.9586688137412773,12.640901771336553,2.046430488459474,27.214170692431562,5.032206119162641,0.12077294685990338
104,16.23725174449812,32.809983896940416,3.9586688137412773,12.640901771336553,2.0263016639828235,27.17391304347826,5.032206119162641,0.12077294685990338
105,16.472088030059044,32.71604938271605,3.9586688137412773,12.560386473429952,2.0263016639828235,27.167203435319376,4.978529253891573,0.12077294685990338
106,15.183843263553408,32.59527643585615,3.9586688137412773,4.7638217928073,1.6103059581320451,36.312399355877616,5.5756843800322065,
107,14.99597423510467,32.078636607622116,4.904723564143854,4.7638217928073,1.6103059581320451,36.07085346215781,5.5756843800322065,
108,15.11003757380569,32.018250134192165,4.904723564143854,4.7638217928073,1.6103059581320451,36.01717659688674,5.5756843800322065,
109,15.123456790123457,32.00483091787439,4.904723564143854,4.7638217928073,1.6103059581320451,36.01717659688674,5.5756843800322065,
110,15.552871712292003,31.80354267310789,4.904723564143854,4.7638217928073,1.6103059581320451,35.789049919484704,5.5756843800322065,
111,15.157004830917874,30.96484165324745,4.891304347826087,4.38137412775094,2.1604938271604937,39.821524422973695,2.623456790123457,
112,15.385131508319914,30.864197530864196,4.824208266237251,4.374664519592056,2.1604938271604937,37.9092860976919,3.4017713365539453,1.0802469135802468
113,15.713902308105206,29.300858829844337,4.810789049919484,5.6964573268921095,2.1604938271604937,37.835480407944175,3.4017713365539453,1.0802469135802468
114,16.458668813741276,28.978797638217927,5.146269457863661,5.360976918947934,2.1604938271604937,37.41277509393451,3.4017713365539453,1.0802469135802468
115,16.63311862587225,28.938539989264626,5.146269457863661,5.360976918947934,2.13365539452496,37.30542136339238,3.4017713365539453,1.0802469135802468
116,16.935050993022006,28.73725174449812,5.139559849704777,5.360976918947934,2.13365539452496,37.30542136339238,3.307836822329576,1.0802469135802468
117,16.841116478797638,29.139828234031132,4.9718196457326895,5.340848094471283,2.120236178207193,37.19806763285024,3.307836822329576,1.0802469135802468
118,16.961889425657542,29.139828234031132,4.9651100375738055,5.340848094471283,2.1806226516371443,37.02361782071927,3.307836822329576,1.0802469135802468
119,17.09608158883521,29.01905528717123,4.9651100375738055,5.3341384863123995,2.1806226516371443,37.01690821256039,3.307836822329576,1.0802469135802468
120,17.330917874396135,28.92512077294686,4.9651100375738055,5.3341384863123995,2.1806226516371443,36.87600644122383,3.307836822329576,1.0802469135802468
121,17.324208266237253,28.73054213633924,4.9651100375738055,5.3341384863123995,2.4020397208803006,36.85587761674718,3.307836822329576,1.0802469135802468
122,17.485238862050455,28.65673644659152,4.958400429414922,5.3341384863123995,2.4020397208803006,36.77536231884058,3.307836822329576,1.0802469135802468
123,17.57246376811594,27.20746108427268,4.958400429414922,5.3274288781535155,3.864734299516908,36.68142780461621,3.307836822329576,1.0802469135802468
124,17.639559849704778,27.073268921095007,4.958400429414922,5.4616210413311865,3.8177670424047236,36.66129898013956,3.307836822329576,1.0802469135802468
125,17.64626945786366,27.073268921095007,4.958400429414922,5.441492216854535,4.186795491143317,34.957058507783145,2.7509393451422435,2.985775630703167
126,17.887815351583466,26.48953301127214,4.958400429414922,5.441492216854535,4.03918411164788,34.816156736446594,3.3816425120772946,2.985775630703167
127,17.92807300053677,26.476113794954376,4.958400429414922,5.441492216854535,4.03918411164788,34.816156736446594,3.3816425120772946,2.9589371980676327
128,18.06226516371444,26.455984970477726,4.958400429414922,5.495169082125604,3.898282340311326,34.78931830381106,3.3816425120772946,2.9589371980676327
129,18.169618894256576,26.422436929683307,4.911433172302737,5.495169082125604,3.898282340311326,34.76247987117552,3.3816425120772946,2.9589371980676327
130,18.250134192163177,26.422436929683307,4.911433172302737,5.495169082125604,3.898282340311326,34.68196457326892,3.3816425120772946,2.9589371980676327
131,15.653515834675256,19.008319914117017,4.898013955984971,7.018250134192163,3.7775093934514223,43.887546967257116,2.7979066022544283,2.9589371980676327
132,15.955448201825014,18.96135265700483,4.898013955984971,7.018250134192163,3.7775093934514223,43.71980676328502,2.7106816961889426,2.9589371980676327
133,16.015834675254965,18.96135265700483,4.898013955984971,7.018250134192163,3.7775093934514223,43.65942028985507,2.7106816961889426,2.9589371980676327
134,16.35131508319914,18.833870101986044,5.005367686527107,6.877348362855609,3.911701556629093,42.639559849704774,2.7106816961889426,3.670155662909286
135,16.465378421900162,18.833870101986044,5.005367686527107,6.877348362855609,3.8848631239935587,42.579173376274824,2.6838432635534084,3.670155662909286
136,16.512345679012345,18.833870101986044,5.005367686527107,6.863929146537842,3.8848631239935587,42.04240472356415,2.6838432635534084,4.17337627482555
137,16.57944176060118,18.833870101986044,5.005367686527107,6.850509930220075,3.8848631239935587,41.988727858293075,2.6838432635534084,4.17337627482555
138,16.908212560386474,18.69296833064949,5.005367686527107,6.850509930220075,3.8848631239935587,41.80085882984434,2.6838432635534084,4.17337627482555
139,17.196725711218466,18.21658615136876,5.005367686527107,6.595544820182502,4.448470209339774,41.680085882984436,2.6838432635534084,4.17337627482555
140,17.371175523349436,18.189747718733226,5.005367686527107,6.528448738593666,4.448470209339774,41.599570585077835,2.6838432635534084,4.17337627482555
141,17.351046698872786,18.075684380032207,5.005367686527107,6.3070316693505095,4.3545356951154055,41.297638217928075,3.435319377348363,4.17337627482555
142,17.418142780461622,18.055555555555557,4.985238862050457,6.3070316693505095,4.341116478797638,41.2842190016103,3.435319377348363,4.17337627482555
143,17.418142780461622,17.914653784219002,5.260332796564681,6.3070316693505095,4.468599033816425,41.25067096081589,3.207192699946323,4.17337627482555
144,17.03569511540526,17.008856682769725,7.5281803542673105,5.837359098228664,4.448470209339774,40.76086956521739,3.207192699946323,4.17337627482555
145,17.223564143854,16.982018250134193,7.5281803542673105,5.837359098228664,4.448470209339774,38.989533011272144,4.9718196457326895,4.019055287171229
146,17.310789049919485,16.955179817498657,7.5281803542673105,5.837359098228664,4.448470209339774,38.94256575415996,4.9718196457326895,4.005636070853462
147,17.364465915190554,16.955179817498657,7.521470746108427,5.837359098228664,4.448470209339774,38.89559849704777,4.9718196457326895,4.005636070853462
148,17.11621041331186,16.76731078904992,7.018250134192163,5.8239398819108965,4.448470209339774,38.1508319914117,6.66935050993022,4.005636070853462
149,17.424852388620504,16.72705314009662,7.018250134192163,5.8239398819108965,4.38137412775094,38.097155126140635,6.521739130434782,4.005636070853462
150,16.82769726247987,16.646537842190018,6.011808910359635,13.278314546430488,4.327697262479871,33.70907139023081,6.481481481481482,2.717391304347826
151,16.21712292002147,15.734031132581856,5.810520665593129,13.278314546430488,4.106280193236715,34.19216317767042,7.944176060118089,2.717391304347826
152,16.015834675254965,15.519323671497585,5.810520665593129,14.680622651637144,3.9720880300590444,32.52147074610843,7.85024154589372,3.629898013955985
153,16.035963499731615,15.519323671497585,5.810520665593129,14.680622651637144,3.9720880300590444,32.50134192163178,7.85024154589372,3.629898013955985
154,16.324476650563607,15.519323671497585,5.810520665593129,14.170692431561998,3.9720880300590444,32.27321524422974,8.299785292538916,3.629898013955985
155,16.371443907675793,15.45222758990875,5.924584004294149,14.170692431561998,3.9720880300590444,32.17928073000537,8.299785292538916,3.629898013955985
156,16.51905528717123,15.445517981749866,5.924584004294149,14.150563607085346,3.9586688137412773,32.07192699946323,8.299785292538916,3.629898013955985
157,16.532474503488995,15.432098765432098,5.924584004294149,14.150563607085346,3.9586688137412773,32.07192699946323,8.299785292538916,3.629898013955985
158,16.948470209339774,15.291196994095545,5.924584004294149,13.989533011272142,3.9586688137412773,31.984702093397747,8.272946859903382,3.629898013955985
159,16.76731078904992,15.291196994095545,6.689479334406871,13.902308105206655,3.9586688137412773,30.877616747181964,9.212292002147075,3.3011272141706924
160,16.854535695115406,15.237520128824476,6.689479334406871,13.902308105206655,3.9586688137412773,30.857487922705314,9.198872785829307,3.3011272141706924
161,16.666666666666668,15.170424047235642,7.387278582930757,13.882179280730005,3.9586688137412773,30.226784755770264,9.406870638754697,3.3011272141706924
162,16.71363392377885,15.170424047235642,7.729468599033816,13.6808910359635,3.9452495974235107,30.20665593129361,9.252549651100376,3.3011272141706924
163,16.847826086956523,14.962426194310252,7.729468599033816,13.513150831991412,3.9049919484702094,30.401234567901234,9.359903381642512,3.280998389694042
164,16.874664519592056,14.962426194310252,7.729468599033816,13.486312399355878,3.9049919484702094,30.401234567901234,9.359903381642512,3.280998389694042
165,16.921631776704242,14.962426194310252,7.729468599033816,13.486312399355878,3.9049919484702094,30.367686527106816,9.346484165324744,3.280998389694042
166,17.04911433172303,14.962426194310252,7.729468599033816,13.446054750402576,3.9049919484702094,30.327428878153516,9.31964573268921,3.260869565217391
167,17.04911433172303,14.962426194310252,7.729468599033816,13.446054750402576,3.9049919484702094,30.327428878153516,9.31964573268921,3.260869565217391
168,17.12962962962963,14.962426194310252,7.729468599033816,13.41250670960816,3.8580246913580245,30.327428878153516,9.31964573268921,3.260869565217391
169,17.250402576489535,14.935587761674718,7.729468599033816,13.345410628019323,3.8580246913580245,30.300590445517983,9.31964573268921,3.260869565217391
170,17.478529253891573,14.935587761674718,7.709339774557166,13.345410628019323,3.8580246913580245,30.09259259259259,9.31964573268921,3.260869565217391
171,17.57246376811594,14.922168545356952,8.246108427267847,12.97638217928073,3.8580246913580245,29.844337090713903,9.31964573268921,3.260869565217391
172,17.64626945786366,14.895330112721417,8.246108427267847,12.97638217928073,3.8311862587224907,29.824208266237253,9.31964573268921,3.260869565217391
173,17.907944176060116,14.895330112721417,8.246108427267847,12.97638217928073,3.8311862587224907,29.656468062265162,9.225711218464841,3.260869565217391
174,17.840848094471284,14.88191089640365,9.520933977455716,12.962962962962964,3.784219001610306,28.119967793880836,9.628287707997853,3.260869565217391
175,17.022275899087493,15.599838969404187,9.366612989801396,12.5,4.636339237788513,27.3215244229737,10.292538915727322,3.260869565217391
176,16.99543746645196,15.203972088030058,9.86983360171766,12.5,4.575952764358561,27.3215244229737,10.272410091250672,3.260869565217391
177,16.941760601180892,15.049651100375739,9.856414385399892,13.22463768115942,4.569243156199678,26.82501341921632,10.272410091250672,3.260869565217391
178,16.99543746645196,15.03623188405797,9.829575952764358,13.22463768115942,4.569243156199678,26.81159420289855,10.272410091250672,3.260869565217391
179,17.384594739667204,15.03623188405797,9.829575952764358,12.97638217928073,4.569243156199678,26.69753086419753,10.245571658615138,3.260869565217391
180,17.58588298443371,15.002683843263553,9.782608695652174,12.949543746645196,4.569243156199678,26.637144390767578,10.23215244229737,3.240740740740741
181,17.753623188405797,14.962426194310252,9.769189479334408,12.949543746645196,4.569243156199678,26.52308105206656,10.23215244229737,3.240740740740741
182,18.14278046162104,14.935587761674718,9.608158883521202,12.922705314009661,4.569243156199678,26.52308105206656,10.057702630166398,3.240740740740741
183,18.511808910359633,14.922168545356952,9.453837895866881,12.795222758990874,4.569243156199678,26.50295222758991,10.017444981213098,3.227321524422974
184,16.720343531937736,17.54562533548041,9.453837895866881,12.164519592055823,4.569243156199678,26.301663982823403,10.017444981213098,3.227321524422974
185,16.894793344068706,17.52549651100376,9.366612989801396,12.090713902308105,5.542136339237788,25.34219001610306,10.010735373054214,3.227321524422974
186,17.14975845410628,17.478529253891573,9.312936124530328,12.070585077831455,5.535426731078905,25.248255501878692,9.977187332259795,3.227321524422974
187,17.143048845947398,17.14975845410628,9.312936124530328,12.070585077831455,5.683038110574342,25.207997852925388,10.23215244229737,3.2004830917874396
188,17.183306494900698,17.14975845410628,9.312936124530328,11.761943102522812,5.649490069779925,25.174449812130973,10.567632850241546,3.2004830917874396
189,17.236983360171767,17.10950080515298,9.312936124530328,11.748523886205046,5.649490069779925,25.174449812130973,10.567632850241546,3.2004830917874396
190,17.290660225442835,17.10950080515298,9.306226516371444,11.748523886205046,5.649490069779925,25.174449812130973,10.527375201288244,3.193773483628556
191,17.371175523349436,17.10950080515298,9.306226516371444,11.735104669887278,5.622651637144391,25.13419216317767,10.527375201288244,3.193773483628556
192,17.391304347826086,17.10950080515298,9.306226516371444,11.728395061728396,5.622651637144391,25.13419216317767,10.513955984970478,3.193773483628556
193,17.56575415995706,17.09608158883521,9.306226516371444,11.728395061728396,5.622651637144391,25.087224906065487,10.513955984970478,3.079710144927536
194,17.800590445517983,17.09608158883521,9.306226516371444,11.701556629092861,5.622651637144391,24.90606548577563,10.487117552334944,3.079710144927536
195,17.96833064949007,17.04911433172303,9.306226516371444,11.701556629092861,5.535426731078905,24.879227053140095,10.48040794417606,3.079710144927536
196,18.203166935050994,16.982018250134193,9.306226516371444,11.701556629092861,5.495169082125604,24.751744498121308,10.48040794417606,3.079710144927536
197,18.21658615136876,16.968599033816425,9.306226516371444,11.701556629092861,5.495169082125604,24.751744498121308,10.48040794417606,3.079710144927536
198,18.377616747181964,16.914922168545356,9.306226516371444,11.688137412775093,5.475040257648954,24.67793880837359,10.48040794417606,3.079710144927536
199,18.438003220611915,16.888083735909824,9.306226516371444,11.654589371980677,5.475040257648954,24.67793880837359,10.48040794417606,3.079710144927536
200,18.820450885668276,16.78743961352657,9.29951690821256,11.480139559849706,5.414653784219001,24.644390767579175,10.48040794417606,3.0730005367686526
201,18.914385399892645,16.76731078904992,9.252549651100376,11.453301127214171,5.414653784219001,24.644390767579175,10.48040794417606,3.0730005367686526
202,19.14922168545357,16.76731078904992,9.064680622651638,11.426462694578637,5.414653784219001,24.62426194310252,10.48040794417606,3.0730005367686526
203,19.216317767042405,16.76731078904992,8.997584541062801,11.426462694578637,5.414653784219001,24.62426194310252,10.48040794417606,3.0730005367686526
204,19.269994632313473,16.760601180891037,8.997584541062801,11.332528180354267,5.414653784219001,24.56387546967257,10.587761674718196,3.0730005367686526
205,19.363929146537842,16.70692431561997,8.984165324745035,11.332528180354267,5.414653784219001,24.56387546967257,10.560923242082662,3.0730005367686526
206,19.51825013419216,16.686795491143318,8.957326892109501,11.3191089640365,5.387815351583468,24.27536231884058,10.473698336017177,3.3816425120772946
207,19.860440150295222,16.552603327965645,8.930488459473967,11.29898013955985,5.387815351583468,24.053945249597422,10.393183038110575,3.5225442834138487
208,19.867149758454108,16.552603327965645,8.930488459473967,11.29898013955985,5.387815351583468,24.04723564143854,10.393183038110575,3.5225442834138487
209,20.202630166398283,16.478797638217927,8.863392377885132,11.272141706924316,5.226784755770263,24.040526033279658,10.393183038110575,3.5225442834138487
210,20.417337627482556,16.465378421900162,8.849973161567364,11.272141706924316,5.173107890499195,23.960010735373054,10.339506172839506,3.5225442834138487
211,20.551529790660226,16.451959205582394,8.836553945249598,11.20504562533548,5.159688674181428,23.93317230273752,10.339506172839506,3.5225442834138487
212,20.679012345679013,16.337895866881375,8.836553945249598,11.20504562533548,5.159688674181428,23.919753086419753,10.339506172839506,3.5225442834138487
213,20.90713902308105,16.284219001610307,8.82313472893183,11.16478797638218,5.038915727321524,23.919753086419753,10.339506172839506,3.5225442834138487
214,17.773752012882447,33.06494900697799,6.696188942565755,8.608427267847558,1.9390767579173376,19.33709071390231,9.057971014492754,3.5225442834138487
215,17.907944176060116,33.051529790660226,6.696188942565755,8.608427267847558,1.9390767579173376,19.216317767042405,9.057971014492754,3.5225442834138487
216,18.055555555555557,32.72275899087493,6.696188942565755,8.581588835212024,1.9122383252818036,19.0955448201825,9.420289855072463,3.515834675254965
217,17.995169082125603,32.72275899087493,6.696188942565755,8.581588835212024,1.8585614600107354,18.968062265163713,9.66183574879227,3.515834675254965
218,17.98174986580784,32.52147074610843,6.501610305958132,8.581588835212024,1.8585614600107354,19.55179817498658,9.608158883521202,3.3950617283950617
219,18.397745571658614,32.360440150295226,6.501610305958132,8.440687063875469,1.8585614600107354,19.43773483628556,9.608158883521202,3.3950617283950617
220,18.59903381642512,32.19940955448202,6.501610305958132,8.440687063875469,1.8585614600107354,19.296833064949006,9.588030059044552,3.515834675254965
221,18.632581857219538,32.1658615136876,6.501610305958132,8.440687063875469,1.8585614600107354,19.296833064949006,9.588030059044552,3.515834675254965
222,18.820450885668276,31.17283950617284,6.501610305958132,8.440687063875469,2.7979066022544283,19.162640901771336,9.588030059044552,3.515834675254965
223,18.887546967257112,31.146001073537306,6.501610305958132,8.440687063875469,2.7979066022544283,19.14922168545357,9.561191626409018,3.515834675254965
224,19.028448738593667,31.05877616747182,6.501610305958132,8.413848631239935,2.7979066022544283,19.135802469135804,9.54777241009125,3.515834675254965
225,18.88083735909823,31.05877616747182,6.501610305958132,8.360171765968868,2.7979066022544283,19.135802469135804,9.749060654857756,3.515834675254965
226,19.0150295222759,31.0252281266774,6.474771873322598,8.333333333333334,2.7844873859366612,19.102254428341386,9.749060654857756,3.515834675254965
227,18.9345142243693,30.797101449275363,6.837090713902308,8.319914117015566,2.7844873859366612,19.088835212023618,9.722222222222221,3.515834675254965
228,18.9345142243693,30.797101449275363,6.837090713902308,8.319914117015566,2.7844873859366612,19.088835212023618,9.722222222222221,3.515834675254965
229,19.189479334406872,30.783682232957595,6.837090713902308,8.319914117015566,2.7844873859366612,18.92109500805153,9.648416532474503,3.515834675254965
230,19.39747718733226,30.656199677938808,6.837090713902308,8.319914117015566,2.7844873859366612,18.840579710144926,9.648416532474503,3.515834675254965
231,19.558507783145465,30.62265163714439,6.830381105743425,8.272946859903382,2.7844873859366612,18.766774020397207,9.648416532474503,3.515834675254965
232,19.732957595276435,30.595813204508858,6.6827697262479875,8.272946859903382,2.7844873859366612,18.766774020397207,9.648416532474503,3.515834675254965
233,19.75979602791197,30.595813204508858,6.6827697262479875,8.272946859903382,2.7844873859366612,18.766774020397207,9.628287707997853,3.5091250670960816
234,19.85373054213634,30.595813204508858,6.66935050993022,8.252818035426731,2.7844873859366612,18.739935587761675,9.594739667203436,3.5091250670960816
235,20.108695652173914,30.387815351583466,6.66935050993022,8.252818035426731,2.7844873859366612,18.69296833064949,9.594739667203436,3.5091250670960816
236,20.155662909286097,29.448470209339774,6.66935050993022,9.695383789586689,2.965646806226516,18.666129898013956,8.890230810520666,3.5091250670960816
237,20.182501341921633,29.435050993022006,6.66935050993022,9.681964573268921,2.965646806226516,18.666129898013956,8.890230810520666,3.5091250670960816
238,20.437466451959207,29.421631776704242,6.568706387546968,9.681964573268921,2.965646806226516,18.511808910359633,8.930488459473967,3.4822866344605474
239,20.25630703166935,29.408212560386474,7.152442297369833,9.681964573268921,2.965646806226516,18.12265163714439,8.930488459473967,3.4822866344605474
240,20.437466451959207,29.25389157273215,7.152442297369833,9.681964573268921,2.965646806226516,18.095813204508858,8.930488459473967,3.4822866344605474
241,20.497852925389157,29.220343531937736,7.152442297369833,9.681964573268921,2.965646806226516,18.06897477187332,8.930488459473967,3.4822866344605474
242,20.511272141706925,29.220343531937736,7.152442297369833,9.668545356951155,2.965646806226516,18.06897477187332,8.930488459473967,3.4822866344605474
243,20.551529790660226,28.784219001610307,7.152442297369833,9.514224369296834,3.6366076221148687,18.035426731078903,8.917069243156199,3.408480944712829
244,20.96081588835212,28.428609769189478,7.132313472893183,9.514224369296834,3.629898013955985,18.02871712292002,8.903650026838433,3.4017713365539453
245,21.316425120772948,28.368223295759528,7.092055823939882,9.514224369296834,3.629898013955985,18.00858829844337,8.729200214707461,3.3413848631239937
246,21.430488459473967,28.327965646806227,7.092055823939882,9.50751476113795,3.589640365002684,17.995169082125603,8.715780998389693,3.3413848631239937
247,21.571390230810522,28.307836822329577,7.058507783145465,9.50751476113795,3.589640365002684,17.914653784219002,8.709071390230811,3.3413848631239937
248,21.571390230810522,28.307836822329577,7.058507783145465,9.50751476113795,3.589640365002684,17.914653784219002,8.709071390230811,3.3413848631239937
249,21.68545356951154,28.307836822329577,7.058507783145465,9.494095544820183,3.5762211486849167,17.85426731078905,8.709071390230811,3.3145464304884595
250,21.91358024691358,28.247450348899623,7.03166935050993,9.46725711218465,3.5762211486849167,17.74020397208803,8.709071390230811,3.3145464304884595
251,22.24235104669887,28.073000536768653,7.03166935050993,9.460547504025765,3.5628019323671496,17.612721417069242,8.702361782071927,3.3145464304884595
252,22.29602791196994,28.073000536768653,7.03166935050993,9.460547504025765,3.5628019323671496,17.58588298443371,8.702361782071927,3.2877079978529253
253,21.994095544820183,27.542941492216855,6.937734836285561,9.453837895866881,3.5628019323671496,18.51851851851852,8.702361782071927,3.2877079978529253
254,21.994095544820183,27.542941492216855,6.937734836285561,9.453837895866881,3.5628019323671496,18.51851851851852,8.702361782071927,3.2877079978529253
255,22.16183574879227,27.542941492216855,6.937734836285561,9.426999463231347,3.5628019323671496,18.417874396135264,8.695652173913043,3.2541599570585076
256,22.376543209876544,27.462426194310254,6.937734836285561,9.406870638754697,3.5628019323671496,18.417874396135264,8.581588835212024,3.2541599570585076
257,22.537573805689746,27.462426194310254,6.910896403650026,9.339774557165862,3.5628019323671496,18.377616747181964,8.55475040257649,3.2541599570585076
258,22.69860440150295,27.32823403113258,6.910896403650026,9.312936124530328,3.5628019323671496,18.21658615136876,8.55475040257649,3.4151905528717124
259,22.993827160493826,27.274557165861513,6.816961889425658,9.265968867418144,3.5628019323671496,18.169618894256576,8.521202361782072,3.3950617283950617
260,23.027375201288244,27.17391304347826,6.816961889425658,9.245840042941492,3.5628019323671496,18.169618894256576,8.608427267847558,3.3950617283950617
261,23.040794417606012,27.17391304347826,6.816961889425658,9.245840042941492,3.5628019323671496,18.156199677938808,8.608427267847558,3.3950617283950617
262,23.11460010735373,27.17391304347826,6.816961889425658,9.212292002147075,3.5628019323671496,18.12265163714439,8.601717659688674,3.3950617283950617
263,23.34272678475577,27.073268921095007,6.749865807836822,9.178743961352657,3.5628019323671496,18.12265163714439,8.59500805152979,3.374932903918411
264,23.463499731615673,27.01959205582394,6.749865807836822,9.178743961352657,3.5628019323671496,18.055555555555557,8.59500805152979,3.374932903918411
265,23.020665593129362,26.979334406870638,6.481481481481482,10.782340311325818,3.535963499731616,17.23027375201288,8.59500805152979,3.374932903918411
266,22.785829307568438,26.737788513150832,6.474771873322598,10.782340311325818,3.535963499731616,17.23027375201288,9.078099838969404,3.374932903918411
267,22.933440687063875,26.737788513150832,6.468062265163715,10.782340311325818,3.535963499731616,17.23027375201288,8.970746108427267,3.3413848631239937
268,22.987117552334944,26.710950080515296,6.4412238325281805,10.782340311325818,3.535963499731616,17.23027375201288,8.970746108427267,3.3413848631239937
269,23.221953837895867,26.710950080515296,6.4412238325281805,10.648148148148149,3.535963499731616,17.156468062265162,8.943907675791733,3.3413848631239937
270,23.141438539989263,26.69753086419753,6.4412238325281805,11.18491680085883,3.535963499731616,16.720343531937736,8.93719806763285,3.3413848631239937
271,23.201825013419217,26.69753086419753,6.4412238325281805,11.18491680085883,3.535963499731616,16.666666666666668,8.930488459473967,3.3413848631239937
272,23.22866344605475,26.684111647879764,6.4412238325281805,11.18491680085883,3.535963499731616,16.666666666666668,8.917069243156199,3.3413848631239937
273,23.43666129898014,26.516371443907676,6.421095008051529,11.178207192699947,3.535963499731616,16.6532474503489,8.917069243156199,3.3413848631239937
274,23.26892109500805,26.50966183574879,6.387546967257112,10.950080515297907,3.535963499731616,16.23054213633924,9.829575952764358,3.2877079978529253
275,23.26892109500805,26.50966183574879,6.387546967257112,10.950080515297907,3.535963499731616,16.23054213633924,9.829575952764358,3.2877079978529253
276,22.6784755770263,27.22758990874933,6.360708534621578,10.950080515297907,3.5091250670960816,16.170155662909288,9.816156736446592,3.2877079978529253
277,22.21551261406334,27.214170692431562,5.884326355340848,12.553676865271068,3.5091250670960816,16.049382716049383,9.16532474503489,3.408480944712829
278,22.20209339774557,26.48953301127214,5.884326355340848,12.526838432635534,4.28743961352657,16.0426731078905,9.158615136876007,3.408480944712829
279,22.228931830381107,26.48953301127214,6.333870101986044,12.526838432635534,3.8378958668813743,16.035963499731615,9.158615136876007,3.388352120236178
280,22.29602791196994,26.482823403113258,6.327160493827161,12.526838432635534,3.8378958668813743,15.975577026301664,9.500805152979066,3.052871712292002
281,22.302737520128826,26.442565754159958,6.327160493827161,12.4597423510467,4.0995705850778315,15.83467525496511,9.500805152979066,3.0327428878153517
282,22.61808910359635,26.40901771336554,6.320450885668277,12.4597423510467,4.03918411164788,15.807836822329575,9.4873859366613,2.85829307568438
283,22.79253891572732,26.268115942028984,6.320450885668277,12.453032742887816,4.03918411164788,15.780998389694043,9.4873859366613,2.85829307568438
