,45,50,55,51,56,52,57,53,58,59,60,54,46,61
0,99.24181427804616,0.7581857219538379,,,,,,,,,,,,
1,81.78341384863124,18.115942028985508,0.10064412238325282,,,,,,,,,,,
2,74.40955448201825,25.469672571121848,0.10064412238325282,0.020128824476650563,,,,,,,,,,
3,74.46994095544821,25.409286097691894,0.10064412238325282,0.020128824476650563,,,,,,,,,,
4,62.96296296296296,25.006709608158882,0.10064412238325282,11.929683306494901,,,,,,,,,,
5,50.81857219538379,29.790660225442835,0.10064412238325282,19.249865807836823,0.040257648953301126,,,,,,,,,
6,50.84541062801932,29.408212560386474,0.8454106280193237,13.298443370907139,0.040257648953301126,5.562265163714439,,,,,,,,
7,46.99409554482018,27.522812667740205,0.9057971014492754,18.9747718733226,0.040257648953301126,5.562265163714439,,,,,,,,
8,46.745840042941495,27.643585614600106,0.6374127750939346,18.820450885668276,0.18115942028985507,5.938003220611916,0.03354804079441761,,,,,,,
9,40.143585614600106,20.974235104669887,0.5367686527106817,32.39398819108964,,5.917874396135265,0.03354804079441761,,,,,,,
10,40.163714439076756,20.8467525496511,0.5367686527106817,32.098765432098766,0.4025764895330113,5.917874396135265,0.03354804079441761,,,,,,,
11,39.754428341384866,20.605206655931294,0.5367686527106817,32.058507783145465,0.4025764895330113,6.608964036500268,0.03354804079441761,,,,,,,
12,39.774557165861516,20.564949006977994,0.5636070853462157,31.91760601180891,0.5367686527106817,6.608964036500268,0.03354804079441761,,,,,,,
13,39.87520128824477,20.538110574342458,0.5636070853462157,31.87734836285561,0.5367686527106817,6.575415995705851,0.03354804079441761,,,,,,,
14,8.232689210950081,53.11325818572195,0.5636070853462157,23.65136876006441,0.7514761137949544,13.654052603327965,0.03354804079441761,,,,,,,
15,8.293075684380032,53.10654857756307,0.5636070853462157,23.597691894793343,0.7514761137949544,13.654052603327965,0.03354804079441761,,,,,,,
16,6.561996779388084,48.72517444981213,0.8051529790660226,30.48174986580784,0.18115942028985507,13.211218464841654,0.03354804079441761,,,,,,,
17,6.655931293612453,48.56414385399893,0.9796027911969941,24.966451959205582,0.2214170692431562,18.57890499194847,0.03354804079441761,,,,,,,
18,6.662640901771336,40.975577026301664,0.9460547504025765,24.93961352657005,0.2214170692431562,18.5654857756307,0.03354804079441761,7.6556629092860975,,,,,,
19,6.843800322061192,33.57487922705314,8.28636607622115,24.838969404186795,0.2616747181964573,18.51851851851852,0.03354804079441761,7.64224369296833,,,,,,
20,6.9243156199677935,33.44739667203435,8.158883521202362,24.805421363392377,0.2952227589908749,18.511808910359633,0.03354804079441761,7.5348899624261945,0.1274825550187869,0.1610305958132045,,,,
21,7.112184648416532,33.373590982286636,8.145464304884594,24.778582930756844,0.2952227589908749,18.438003220611915,0.03354804079441761,7.5348899624261945,0.1274825550187869,0.1610305958132045,,,,
22,7.199409554482019,33.01798174986581,8.400429414922169,24.56387546967257,0.5434782608695652,18.38432635534085,0.03354804079441761,7.5348899624261945,0.1274825550187869,0.1610305958132045,0.03354804079441761,,,
23,7.320182501341922,32.66237251744498,8.648684916800859,24.550456253354803,0.5434782608695652,18.38432635534085,0.03354804079441761,7.5348899624261945,0.1274825550187869,0.1610305958132045,0.03354804079441761,,,
24,7.266505636070853,32.6556629092861,8.648684916800859,27.905260332796566,0.6642512077294686,14.97584541062802,0.03354804079441761,7.065217391304348,0.15432098765432098,0.5971551261406334,0.03354804079441761,,,
25,7.185990338164252,31.662640901771336,8.61513687600644,24.912775093934513,0.9796027911969941,14.432367149758454,0.03354804079441761,11.392914653784219,0.15432098765432098,0.5971551261406334,0.03354804079441761,,,
26,6.374127750939345,29.810789049919485,7.065217391304348,29.240472356414386,0.7783145464304885,14.418947933440688,0.14761137949543746,11.379495437466453,0.15432098765432098,0.5971551261406334,0.03354804079441761,,,
27,6.515029522275899,29.49543746645196,7.098765432098766,28.77750939345142,1.7042404723564144,14.096886741814279,0.14761137949543746,11.379495437466453,0.15432098765432098,0.5971551261406334,0.03354804079441761,,,
28,6.5485775630703165,29.488727858293075,7.092055823939882,28.166935050993022,1.6170155662909287,13.285024154589372,0.14761137949543746,12.869028448738593,0.15432098765432098,0.5971551261406334,0.03354804079441761,,,
29,6.749865807836822,29.25389157273215,7.2933440687063875,25.87224906065486,1.6170155662909287,13.251476113794954,0.14761137949543746,15.042941492216855,0.15432098765432098,0.5837359098228664,0.03354804079441761,,,
30,6.843800322061192,29.159957058507782,7.347020933977456,25.831991411701555,1.6170155662909287,13.238056897477188,0.14761137949543746,15.042941492216855,0.15432098765432098,0.5837359098228664,0.03354804079441761,,,
31,6.837090713902308,29.11969940955448,7.333601717659689,30.495169082125603,1.3821792807300053,11.372785829307569,0.14761137949543746,12.5402576489533,0.15432098765432098,0.5837359098228664,0.03354804079441761,,,
32,4.247181964573269,15.901771336553946,1.5029522275899088,57.25308641975309,0.9192163177670424,15.841384863123993,,4.072732152442297,,0.2616747181964573,,,,
33,3.5628019323671496,10.802469135802468,1.4626945786366077,52.885131508319915,1.4694041867954912,20.50456253354804,,2.589908749329039,0.05367686527106817,,,6.66935050993022,,
34,3.656736446591519,10.802469135802468,1.4626945786366077,52.804616210413315,1.4694041867954912,20.497852925389157,,2.563070316693505,0.08051529790660225,,,6.662640901771336,,
35,1.0601180891035964,5.964841653247451,1.247987117552335,51.12721417069243,1.3486312399355878,29.97181964573269,,2.563070316693505,0.08051529790660225,,,6.635802469135802,,
36,1.1943102522812667,5.9514224369296835,1.247987117552335,50.946054750402574,1.42914653784219,29.965110037573805,,2.5496511003757383,0.08051529790660225,,,6.635802469135802,,
37,0.9796027911969941,4.891304347826087,0.43612453032742887,69.33709071390231,1.583467525496511,15.009393451422437,,2.5496511003757383,0.08051529790660225,,,5.132850241545894,,
38,1.0064412238325282,4.891304347826087,0.43612453032742887,69.47128287707997,1.5096618357487923,15.009393451422437,,2.475845410628019,0.08051529790660225,,,5.119431025228127,,
39,1.1674718196457328,4.8376274825550185,0.43612453032742887,69.37734836285561,1.5096618357487923,14.982555018786902,0.026838432635534086,2.462426194310252,0.08051529790660225,,,5.119431025228127,,
40,1.3955984970477724,4.8376274825550185,0.8454106280193237,68.49168008588299,1.8585614600107354,14.949006977992486,0.026838432635534086,2.395330112721417,0.08051529790660225,,,5.119431025228127,,
41,1.5432098765432098,4.804079441760601,0.630703166935051,61.13794954374664,3.670155662909286,21.108427267847556,0.026838432635534086,1.8853998926462694,0.08051529790660225,,,5.112721417069243,,
42,1.4090177133655395,4.790660225442834,0.630703166935051,72.45705850778315,3.361513687600644,9.359903381642512,0.026838432635534086,1.8786902844873858,0.08051529790660225,,,6.005099302200751,,
43,1.570048309178744,4.542404723564144,0.630703166935051,70.00805152979066,4.139828234031133,12.93612453032743,0.10735373054213634,0.06038647342995169,,,,6.005099302200751,,
44,1.6841116478797638,4.53569511540526,0.630703166935051,69.90069779924852,4.193505099302201,12.882447665056361,0.10735373054213634,0.06038647342995169,,,,6.005099302200751,,
45,1.7847557702630166,4.51556629092861,0.630703166935051,66.43853998926463,7.682501341921632,12.76838432635534,0.10735373054213634,0.06038647342995169,,0.13419216317767044,,5.877616747181965,,
46,1.7646269457863661,4.51556629092861,1.4761137949543746,62.13768115942029,7.071926999463232,16.854535695115406,0.10735373054213634,0.06038647342995169,,0.13419216317767044,,5.877616747181965,,
47,1.865271068169619,4.51556629092861,2.227589908749329,61.211755233494365,7.152442297369833,16.780730005367687,0.17444981213097155,0.06038647342995169,,0.13419216317767044,,5.877616747181965,,
48,2.0128824476650564,4.51556629092861,2.227589908749329,61.090982286634464,7.185990338164252,16.6935050993022,0.20799785292538917,0.06038647342995169,,0.13419216317767044,,5.870907139023081,,
49,2.1269457863660763,4.374664519592056,3.3950617283950617,57.07192699946323,6.66935050993022,16.6935050993022,0.20799785292538917,4.562533548040794,,0.13419216317767044,0.13419216317767044,4.62962962962963,,
50,2.214170692431562,4.367954911433173,3.3950617283950617,56.87734836285561,6.78341384863124,16.6935050993022,0.20799785292538917,4.562533548040794,,0.13419216317767044,0.13419216317767044,4.62962962962963,,
51,2.3483628556092326,4.367954911433173,3.3950617283950617,56.635802469135804,6.951154052603328,16.666666666666668,0.20799785292538917,4.528985507246377,,0.13419216317767044,0.13419216317767044,4.62962962962963,,
52,2.4355877616747184,4.361245303274289,3.3950617283950617,54.67659688674181,6.8035426731078905,16.666666666666668,0.20799785292538917,6.561996779388084,,0.13419216317767044,0.13419216317767044,4.622920021470746,,
53,2.281266774020397,4.327697262479871,3.1535158346752548,50.87224906065486,7.125603864734299,15.378421900161031,0.20799785292538917,13.39237788513151,,0.013419216317767043,0.13419216317767044,3.113258185721954,,
54,2.200751476113795,4.327697262479871,7.709339774557166,52.261137949543745,6.89747718733226,11.520397208803006,0.10735373054213634,11.714975845410628,,0.013419216317767043,0.13419216317767044,3.113258185721954,,
55,2.3349436392914655,4.314278046162104,7.843531937734836,52.02630166398282,6.884057971014493,11.506977992485238,0.10735373054213634,11.688137412775093,0.03354804079441761,0.013419216317767043,0.13419216317767044,3.113258185721954,,
56,2.4221685453569513,4.314278046162104,7.843531937734836,50.697799248523886,6.884057971014493,12.882447665056361,0.2214170692431562,11.681427804616211,0.03354804079441761,0.013419216317767043,0.13419216317767044,2.871712292002147,,
57,2.6033279656468062,4.314278046162104,7.7898550724637685,50.56360708534621,6.904186795491143,12.875738056897477,0.2214170692431562,11.647879763821793,0.03354804079441761,0.040257648953301126,0.13419216317767044,2.871712292002147,,
58,2.033011272141707,1.9592055823939882,6.870638754696726,38.67418142780462,10.23215244229737,18.612453032742888,0.2549651100375738,18.344068706387546,0.03354804079441761,0.026838432635534086,0.13419216317767044,2.8247450348899625,,
59,2.1403650026838434,1.9592055823939882,6.870638754696726,38.5601180891036,10.285829307568438,18.50509930220075,0.3153515834675255,18.183038110574344,0.19457863660762212,0.026838432635534086,0.13419216317767044,2.8247450348899625,,
60,2.200751476113795,1.9592055823939882,6.870638754696726,38.506441223832525,10.319377348362856,18.250134192163177,0.5703166935050993,18.169618894256576,0.19457863660762212,0.026838432635534086,0.13419216317767044,2.7979066022544283,,
61,2.341653247450349,1.9592055823939882,6.830381105743425,38.28502415458937,10.560923242082662,18.156199677938808,0.5703166935050993,17.98174986580784,0.3757380568974772,0.026838432635534086,0.13419216317767044,2.7777777777777777,,
62,2.3483628556092326,1.9592055823939882,6.830381105743425,38.2313472893183,9.668545356951155,19.108964036500268,0.5703166935050993,17.894524959742352,0.4495437466451959,0.026838432635534086,0.13419216317767044,2.7777777777777777,,
63,1.7914653784219001,0.8789586688137413,6.850509930220075,41.94176060118089,7.219538378958669,16.552603327965645,0.4562533548040794,15.183843263553408,0.41599570585077833,0.026838432635534086,0.10064412238325282,8.581588835212024,,
64,1.9793344068706387,0.8789586688137413,6.850509930220075,41.89479334406871,7.1725711218464845,16.42512077294686,0.5367686527106817,15.170424047235642,0.41599570585077833,0.026838432635534086,0.10064412238325282,8.548040794417606,,
65,1.8786902844873858,0.7917337627482555,6.3070316693505095,51.56333870101986,3.8714439076757916,18.67283950617284,0.5367686527106817,9.125067096081589,0.18115942028985507,0.020128824476650563,,7.051798174986581,,
66,1.9860440150295222,0.7917337627482555,6.293612453032743,51.489533011272144,3.8714439076757916,18.67283950617284,0.5367686527106817,9.111647879763822,0.18115942028985507,0.020128824476650563,,7.0450885668276975,,
67,1.9659151905528718,0.7917337627482555,5.46833064949007,51.187600644122384,4.005636070853462,18.605743424584006,0.5367686527106817,10.19189479334407,0.18115942028985507,0.020128824476650563,,7.0450885668276975,,
68,2.147074610842727,0.7917337627482555,6.199677938808374,50.67096081588835,4.019055287171229,18.209876543209877,0.5367686527106817,10.19189479334407,0.18115942028985507,0.020128824476650563,,7.03166935050993,,
69,2.341653247450349,0.7917337627482555,6.199677938808374,50.56360708534621,4.019055287171229,18.136070853462158,0.5233494363929146,10.19189479334407,0.18115942028985507,0.020128824476650563,,7.03166935050993,,
70,2.4355877616747184,0.7917337627482555,6.199677938808374,50.50322061191626,4.03918411164788,18.10252281266774,0.5233494363929146,10.185185185185185,0.18115942028985507,0.020128824476650563,,7.018250134192163,,
71,1.9457863660762211,0.6642512077294686,5.783682232957595,39.02308105206656,3.388352120236178,43.183038110574344,0.5233494363929146,2.844873859366613,0.18115942028985507,0.020128824476650563,,2.442297369833602,,
72,1.9994632313472893,0.6642512077294686,4.146537842190016,34.37332259796028,3.2742887815351582,49.84567901234568,0.5233494363929146,2.9790660225442833,0.18115942028985507,0.020128824476650563,,1.9927536231884058,,
73,2.15378421900161,0.6642512077294686,4.146537842190016,34.27938808373591,3.307836822329576,49.75174449812131,0.5233494363929146,2.9790660225442833,0.18115942028985507,0.04696725711218465,,1.9659151905528718,,
74,1.9927536231884058,0.6642512077294686,4.079441760601181,25.147611379495437,2.999194847020934,49.61084272678475,0.5568974771873323,12.781803542673108,0.19457863660762212,0.04696725711218465,,1.9256575415995705,,
75,2.1604938271604937,0.6642512077294686,4.079441760601181,25.033548040794418,3.026033279656468,49.19484702093398,0.5904455179817498,12.74825550187869,0.19457863660762212,0.04696725711218465,,2.2611379495437465,,
76,2.254428341384863,0.6642512077294686,4.079441760601181,25.006709608158882,3.026033279656468,49.100912506709605,0.6508319914117016,12.285292538915728,0.6508319914117016,0.04696725711218465,,2.2342995169082127,,
77,2.214170692431562,0.6642512077294686,4.072732152442297,23.336017176596886,2.8515834675254963,57.84353193773484,0.6508319914117016,6.078904991948471,0.2281266774020397,0.04696725711218465,,2.0128824476650564,,
78,2.3617820719269993,0.6642512077294686,4.072732152442297,23.309178743961354,2.8515834675254963,57.68250134192163,0.6910896403650026,5.897745571658615,0.4092860976918948,0.04696725711218465,,2.0128824476650564,,
79,2.442297369833602,0.6642512077294686,4.072732152442297,23.309178743961354,2.8515834675254963,57.57514761137949,0.7179280730005367,5.897745571658615,0.4092860976918948,0.04696725711218465,,2.0128824476650564,,
80,2.623456790123457,0.6642512077294686,4.072732152442297,22.96027911969941,2.831454643048846,57.74288781535159,0.7716049382716049,5.770263016639828,0.5032206119162641,0.04696725711218465,,2.0128824476650564,,
81,2.6033279656468062,0.6642512077294686,3.7372517444981215,22.638217928073,2.428878153515835,54.75711218464841,0.8923778851315083,9.158615136876007,0.5032206119162641,0.04696725711218465,,2.5697799248523885,,
82,2.6838432635534084,0.6642512077294686,3.7238325281803544,22.63150831991412,2.395330112721417,54.66317767042405,0.9192163177670424,9.05126140633387,0.6172839506172839,0.04696725711218465,,2.6033279656468062,,
83,2.8247450348899625,0.6642512077294686,3.7238325281803544,22.5979602791197,2.690552871712292,54.26060118089104,0.9192163177670424,9.05126140633387,0.6172839506172839,0.04696725711218465,,2.6033279656468062,,
84,2.8784219001610305,0.6642512077294686,4.944981213097155,22.5577026301664,2.690552871712292,52.83816425120773,1.1137949543746646,9.044551798174986,0.6172839506172839,0.04696725711218465,,2.6033279656468062,,
85,3.0059044551798175,0.6642512077294686,4.944981213097155,22.550993022007514,2.690552871712292,52.77106816961889,1.1137949543746646,8.977455716586151,0.630703166935051,0.04696725711218465,,2.6033279656468062,,
86,3.0193236714975846,0.6642512077294686,4.944981213097155,22.517444981213096,2.6972624798711755,52.683843263553406,1.2144390767579174,8.950617283950617,0.6575415995705851,0.04696725711218465,,2.6033279656468062,,
87,3.0864197530864197,0.6575415995705851,4.3545356951154055,26.50295222758991,2.657004830917874,49.2686527106817,1.2144390767579174,8.883521202361782,0.7246376811594203,0.04696725711218465,,2.6033279656468062,,
88,3.3413848631239937,0.6575415995705851,4.3545356951154055,26.35534084809447,2.804616210413312,49.060654857756305,1.2144390767579174,8.883521202361782,0.7246376811594203,0.04696725711218465,,2.5563607085346214,,
89,3.0864197530864197,0.6575415995705851,3.6902844873859366,38.45276435856146,2.4490069779924855,39.81481481481482,1.1003757380568975,8.59500805152979,0.7246376811594203,0.026838432635534086,,1.402308105206656,,
90,3.2206119162640903,0.6575415995705851,3.6902844873859366,38.405797101449274,2.4490069779924855,39.69404186795491,1.133923778851315,8.59500805152979,0.7246376811594203,0.026838432635534086,,1.402308105206656,,
91,3.3145464304884595,0.6575415995705851,3.6902844873859366,38.35212023617821,2.4490069779924855,39.65378421900161,1.133923778851315,8.59500805152979,0.7246376811594203,0.026838432635534086,,1.402308105206656,,
92,3.3011272141706924,0.6508319914117016,3.683574879227053,29.240472356414386,2.5831991411701556,47.42351046698873,1.107085346215781,9.856414385399892,0.7246376811594203,0.026838432635534086,,1.402308105206656,,
93,3.307836822329576,0.6508319914117016,3.683574879227053,29.139828234031132,3.6366076221148687,46.464036500268385,1.107085346215781,9.856414385399892,0.7246376811594203,0.026838432635534086,,1.402308105206656,,
94,3.3950617283950617,0.6508319914117016,3.750670960815888,29.07944176060118,3.6097691894793345,46.4170692431562,1.107085346215781,9.856414385399892,0.7045088566827697,0.026838432635534086,,1.402308105206656,,
95,3.535963499731616,0.6508319914117016,3.750670960815888,28.415190552871714,4.233762748255502,46.31642512077295,1.107085346215781,9.856414385399892,0.7045088566827697,0.026838432635534086,,1.402308105206656,,
96,3.683574879227053,0.6508319914117016,3.750670960815888,28.348094471282877,4.200214707461084,46.26945786366076,1.107085346215781,9.856414385399892,0.7045088566827697,0.026838432635534086,,1.402308105206656,,
97,3.8378958668813743,0.6508319914117016,3.750670960815888,28.33467525496511,4.200214707461084,46.18894256575416,1.107085346215781,9.796027911969942,0.7045088566827697,0.026838432635534086,,1.402308105206656,,
98,4.025764895330113,0.644122383252818,3.750670960815888,28.32125603864734,4.186795491143317,46.06816961889426,1.107085346215781,9.762479871175524,0.7045088566827697,0.026838432635534086,,1.402308105206656,,
99,4.2203435319377345,0.644122383252818,3.750670960815888,28.23403113258186,4.186795491143317,45.96081588835212,1.107085346215781,9.762479871175524,0.7045088566827697,0.026838432635534086,,1.402308105206656,,
100,4.280730005367687,0.644122383252818,3.750670960815888,28.23403113258186,4.186795491143317,45.90713902308105,1.1003757380568975,9.762479871175524,0.7045088566827697,0.026838432635534086,,1.402308105206656,,
101,4.3478260869565215,0.644122383252818,3.750670960815888,28.14680622651637,4.186795491143317,45.853462157809986,1.2345679012345678,9.702093397745571,0.7045088566827697,0.026838432635534086,,1.402308105206656,,
102,4.414922168545357,0.644122383252818,3.750670960815888,28.046162104133117,4.159957058507783,45.74610842726785,1.4559849704777241,9.648416532474503,0.7045088566827697,0.026838432635534086,,1.402308105206656,,
103,4.461889425657541,0.644122383252818,3.770799785292539,27.979066022544284,4.159957058507783,44.947665056360705,1.482823403113258,9.614868491680086,0.7045088566827697,0.026838432635534086,,2.2074610842726785,,
104,4.622920021470746,0.644122383252818,3.770799785292539,27.80461621041331,3.844605475040258,44.907407407407405,1.4962426194310252,9.601449275362318,0.7045088566827697,0.026838432635534086,,2.576489533011272,,
105,4.636339237788513,0.644122383252818,3.851315083199141,27.77777777777778,4.139828234031133,44.02844873859367,1.9994632313472893,9.594739667203436,0.7045088566827697,0.026838432635534086,,2.5966183574879227,,
106,4.770531400966184,0.644122383252818,3.851315083199141,27.771068169618893,4.139828234031133,43.907675791733766,2.033011272141707,9.554482018250134,0.7045088566827697,0.026838432635534086,,2.5966183574879227,,
107,4.911433172302737,0.644122383252818,3.92512077294686,27.750939345142243,4.139828234031133,43.74664519592056,2.0128824476650564,9.41358024691358,0.8319914117015567,0.026838432635534086,,2.5966183574879227,,
108,4.951690821256038,0.644122383252818,3.92512077294686,27.690552871712292,4.139828234031133,43.08239398819109,2.7106816961889426,9.41358024691358,0.8319914117015567,0.026838432635534086,,2.5831991411701556,,
109,5.092592592592593,0.644122383252818,3.92512077294686,27.623456790123456,4.139828234031133,43.01529790660226,2.7106816961889426,9.406870638754697,0.8319914117015567,0.026838432635534086,,2.5831991411701556,,
110,5.287171229200215,0.644122383252818,3.9184111647879765,27.536231884057973,4.26731078904992,42.7536231884058,2.757648953301127,9.406870638754697,0.8319914117015567,0.026838432635534086,,2.5697799248523885,,
111,5.347557702630167,0.644122383252818,3.9184111647879765,27.4422973698336,4.394793344068707,42.659688674181425,2.757648953301127,9.406870638754697,0.8319914117015567,0.026838432635534086,,2.5697799248523885,,
112,5.032206119162641,0.644122383252818,4.770531400966184,29.57595276435856,4.341116478797638,42.16317767042405,2.9119699409554483,7.702630166398282,0.6508319914117016,0.06709608158883522,,2.1403650026838434,,
113,5.166398282340311,0.644122383252818,4.757112184648417,29.49543746645196,4.341116478797638,42.129629629629626,2.9119699409554483,7.695920558239399,0.6508319914117016,0.06709608158883522,,2.1403650026838434,,
114,5.347557702630167,0.644122383252818,4.757112184648417,29.435050993022006,4.314278046162104,42.028985507246375,2.9119699409554483,7.695920558239399,0.6508319914117016,0.06709608158883522,,2.147074610842727,,
115,5.542136339237788,0.644122383252818,4.74369296833065,29.394793344068706,4.314278046162104,41.8545356951154,3.052871712292002,7.615405260332796,0.644122383252818,0.06709608158883522,,2.1269457863660763,,
116,5.783682232957595,0.6239935587761675,4.7168545356951155,29.260601180891037,4.30756843800322,41.78743961352657,3.066290928609769,7.615405260332796,0.644122383252818,0.06709608158883522,,2.1269457863660763,,
117,5.850778314546431,0.6239935587761675,4.7168545356951155,29.22705314009662,4.30756843800322,41.727053140096615,3.0931293612453032,7.615405260332796,0.644122383252818,0.06709608158883522,,2.1269457863660763,,
118,5.917874396135265,0.6239935587761675,4.7168545356951155,29.052603327965645,4.51556629092861,41.599570585077835,3.1199677938808374,7.615405260332796,0.644122383252818,0.06709608158883522,,2.1269457863660763,,
119,5.998389694041868,0.6239935587761675,4.7168545356951155,29.03918411164788,4.51556629092861,41.58615136876006,3.1065485775630703,7.575147611379496,0.644122383252818,0.06709608158883522,,2.1269457863660763,,
120,5.622651637144391,0.6239935587761675,4.49543746645196,35.66156736446592,4.53569511540526,36.83574879227053,3.0059044551798175,6.172839506172839,0.5166398282340311,0.06709608158883522,,2.462426194310252,,
121,5.877616747181965,0.6239935587761675,4.49543746645196,35.547504025764894,4.53569511540526,36.70826623725174,3.0059044551798175,6.159420289855072,0.5166398282340311,0.06709608158883522,,2.462426194310252,,
122,5.9447128287707995,0.6239935587761675,4.522275899087493,35.23215244229737,4.817498658078368,36.64787976382179,3.0059044551798175,6.159420289855072,0.5166398282340311,0.06709608158883522,,2.462426194310252,,
123,5.595813204508857,0.6239935587761675,4.455179817498658,39.398819108964034,4.864465915190553,33.70907139023081,2.9723564143853998,6.0654857756307035,0.5166398282340311,0.06709608158883522,,1.7310789049919484,,
124,5.683038110574342,0.6239935587761675,4.777241009125067,38.969404186795494,4.85775630703167,33.47423510466989,3.2474503488996245,6.0654857756307035,0.5166398282340311,0.06709608158883522,,1.7176596886741815,,
125,5.763553408480945,0.6239935587761675,4.7638217928073,38.51315083199141,5.522007514761138,33.19243156199678,3.2742887815351582,6.045356951154052,0.5166398282340311,0.06709608158883522,,1.7176596886741815,,
126,5.642780461621041,0.6239935587761675,4.7638217928073,41.86795491143317,4.864465915190553,30.938003220611915,3.227321524422974,5.998389694041868,0.6508319914117016,0.06709608158883522,,1.3553408480944713,,
127,5.756843800322061,0.6239935587761675,4.7638217928073,41.75389157273215,4.864465915190553,30.938003220611915,3.227321524422974,5.998389694041868,0.6508319914117016,0.06709608158883522,,1.3553408480944713,,
128,5.984970477724101,0.6239935587761675,4.777241009125067,41.700214707461086,4.804079441760601,30.823939881910896,3.227321524422974,5.984970477724101,0.6508319914117016,0.06709608158883522,,1.3553408480944713,,
129,5.152979066022544,0.2147074610842727,4.025764895330113,49.074074074074076,3.898282340311326,26.96591519055287,3.1736446591519054,5.535426731078905,0.6239935587761675,0.06709608158883522,,1.2681159420289856,,
130,5.233494363929147,0.2147074610842727,4.025764895330113,49.02710681696189,3.898282340311326,26.8317230273752,3.294417606011809,5.515297906602254,0.6239935587761675,0.06709608158883522,,1.2681159420289856,,
131,5.3341384863123995,0.2147074610842727,4.025764895330113,48.980139559849704,3.844605475040258,26.80488459473967,3.321256038647343,5.515297906602254,0.6239935587761675,0.06709608158883522,,1.2681159420289856,,
132,5.448201825013419,0.2147074610842727,4.005636070853462,47.46376811594203,3.844605475040258,26.630434782608695,3.3682232957595275,5.515297906602254,0.6239935587761675,0.06709608158883522,,2.818035426731079,,
133,5.5689747718733225,0.2147074610842727,4.032474503488996,47.41009125067096,3.8311862587224907,26.576757917337627,3.3950617283950617,5.4616210413311865,0.6239935587761675,0.06709608158883522,,2.818035426731079,,
134,5.683038110574342,0.2147074610842727,4.032474503488996,47.36312399355877,3.7909286097691894,26.56333870101986,3.3548040794417604,5.448201825013419,0.6642512077294686,0.06709608158883522,,2.818035426731079,,
135,5.730005367686527,0.2147074610842727,4.126409017713366,48.2085346215781,3.770799785292539,26.482823403113258,3.3816425120772946,5.448201825013419,0.6642512077294686,0.06709608158883522,,1.90552871712292,,
136,5.844068706387547,0.2147074610842727,4.126409017713366,48.168276972624795,3.770799785292539,26.40901771336554,3.3816425120772946,5.448201825013419,0.6642512077294686,0.06709608158883522,,1.90552871712292,,
137,5.9447128287707995,0.2147074610842727,4.126409017713366,48.121309715512616,3.770799785292539,26.382179280730007,3.3816425120772946,5.421363392377885,0.6642512077294686,0.06709608158883522,,1.90552871712292,,
138,5.958132045088567,0.2147074610842727,4.126409017713366,48.11460010735373,3.770799785292539,26.37546967257112,3.3816425120772946,5.421363392377885,0.6642512077294686,0.06709608158883522,,1.90552871712292,,
139,6.119162640901771,0.2147074610842727,4.086151368760064,48.04079441760601,3.770799785292539,26.33521202361782,3.3816425120772946,5.421363392377885,0.6642512077294686,0.06709608158883522,,1.8988191089640365,,
140,6.360708534621578,0.2147074610842727,4.086151368760064,47.84621578099839,3.9184111647879765,26.187600644122384,3.374932903918411,5.401234567901234,0.644122383252818,0.06709608158883522,,1.8988191089640365,,
141,6.474771873322598,0.2147074610842727,4.086151368760064,47.82608695652174,3.9184111647879765,26.140633387010197,3.3413848631239937,5.387815351583468,0.644122383252818,0.06709608158883522,,1.8988191089640365,,
142,6.541867954911433,0.2147074610842727,4.086151368760064,47.78582930756844,3.9586688137412773,26.073537305421365,3.374932903918411,5.387815351583468,0.644122383252818,0.06709608158883522,,1.865271068169619,,
143,6.561996779388084,0.2147074610842727,4.086151368760064,47.78582930756844,3.9586688137412773,26.060118089103597,3.374932903918411,5.381105743424584,0.644122383252818,0.06709608158883522,,1.865271068169619,,
144,6.629092860976919,0.2147074610842727,4.388083735909823,47.57783145464305,3.9452495974235107,25.89908749329039,3.374932903918411,5.367686527106817,0.644122383252818,0.06709608158883522,0.026838432635534086,1.865271068169619,,
145,6.709608158883521,0.2147074610842727,4.569243156199678,47.175254965110035,4.086151368760064,25.89237788513151,3.3816425120772946,5.367686527106817,0.644122383252818,0.06709608158883522,0.026838432635534086,1.865271068169619,,
146,6.756575415995706,0.2147074610842727,4.569243156199678,47.1081588835212,4.126409017713366,25.87224906065486,3.3816425120772946,5.367686527106817,0.644122383252818,0.06709608158883522,0.026838432635534086,1.865271068169619,,
147,6.830381105743425,0.2147074610842727,4.602791196994096,46.11513687600644,5.032206119162641,25.87224906065486,3.3816425120772946,5.367686527106817,0.6239935587761675,0.06709608158883522,0.026838432635534086,1.865271068169619,,
148,6.951154052603328,0.2147074610842727,4.51556629092861,46.04804079441761,5.052334943639291,25.791733762748255,3.388352120236178,5.360976918947934,0.6239935587761675,0.06709608158883522,0.026838432635534086,1.9592055823939882,,
149,7.192699946323135,0.2147074610842727,4.51556629092861,45.62533548040794,5.018786902844874,25.751476113794954,3.388352120236178,5.22007514761138,0.6239935587761675,0.06709608158883522,0.026838432635534086,2.3550724637681157,,
150,7.326892109500805,0.2147074610842727,4.555823939881911,45.24288781535159,5.213365539452496,25.664251207729468,3.3682232957595275,5.072463768115942,0.6239935587761675,0.06709608158883522,0.026838432635534086,2.623456790123457,,
151,7.320182501341922,0.2147074610842727,4.555823939881911,45.21604938271605,5.246913580246914,25.603864734299517,3.4017713365539453,5.072463768115942,0.6239935587761675,0.06709608158883522,0.026838432635534086,2.6502952227589907,,
152,7.380568974771873,0.2147074610842727,4.656468062265164,44.457863660762214,5.891035963499732,25.563607085346217,3.4017713365539453,5.072463768115942,0.5904455179817498,0.06709608158883522,0.026838432635534086,2.677133655394525,,
153,7.5281803542673105,0.2147074610842727,4.64975845410628,44.39747718733226,5.891035963499732,25.53676865271068,3.4017713365539453,5.045625335480408,0.5904455179817498,0.06709608158883522,0.026838432635534086,2.6502952227589907,,
154,7.669082125603865,0.2147074610842727,4.64975845410628,44.28341384863124,5.837359098228664,25.389157273215243,3.5762211486849167,5.045625335480408,0.5904455179817498,0.06709608158883522,0.026838432635534086,2.6502952227589907,,
155,7.615405260332796,0.2147074610842727,4.64975845410628,44.28341384863124,5.837359098228664,25.107353730542137,3.92512077294686,5.045625335480408,0.5770263016639828,0.06709608158883522,0.026838432635534086,2.6502952227589907,,
156,7.25979602791197,0.2147074610842727,4.810789049919484,48.02066559312936,5.475040257648954,22.906602254428343,3.616478797638218,4.562533548040794,0.5770263016639828,0.040257648953301126,0.026838432635534086,2.4892646269457863,,
157,7.246376811594203,0.2147074610842727,5.139559849704777,47.61137949543747,5.595813204508857,22.839506172839506,3.656736446591519,4.562533548040794,0.5770263016639828,0.040257648953301126,0.026838432635534086,2.4892646269457863,,
158,7.300053676865271,0.2147074610842727,5.132850241545894,47.54428341384863,5.656199677938808,22.799248523886206,3.656736446591519,4.562533548040794,0.5770263016639828,0.040257648953301126,0.026838432635534086,2.4892646269457863,,
159,7.353730542136339,0.2147074610842727,5.8172302737520125,47.034353193773484,5.649490069779925,22.604669887278583,3.656736446591519,4.53569511540526,0.5770263016639828,0.040257648953301126,0.026838432635534086,2.4892646269457863,,
160,7.440955448201825,0.2147074610842727,5.8172302737520125,46.98067632850242,5.629361245303274,22.571121846484164,3.683574879227053,4.53569511540526,0.5770263016639828,0.040257648953301126,0.026838432635534086,2.4825550187869028,,
161,7.6556629092860975,0.2147074610842727,5.964841653247451,46.79951690821256,5.414653784219001,21.967257112184647,3.629898013955985,5.293880837359098,0.5971551261406334,0.040257648953301126,,2.4221685453569513,,
162,7.709339774557166,0.2147074610842727,5.877616747181965,46.752549651100374,5.414653784219001,21.511003757380568,4.186795491143317,5.260332796564681,0.5837359098228664,0.040257648953301126,,2.4221685453569513,0.026838432635534086,
163,7.749597423510467,0.2147074610842727,5.864197530864198,46.70558239398819,5.414653784219001,21.72571121846484,4.019055287171229,5.260332796564681,0.5837359098228664,0.040257648953301126,,2.395330112721417,0.026838432635534086,
164,7.917337627482555,0.2147074610842727,5.864197530864198,46.5378421900161,5.515297906602254,21.66532474503489,3.992216854535695,5.246913580246914,0.5837359098228664,0.040257648953301126,,2.395330112721417,0.026838432635534086,
165,7.96430488459474,0.2147074610842727,6.790123456790123,46.121846484165324,5.555555555555555,21.28287707997853,3.7909286097691894,5.233494363929147,0.5837359098228664,0.040257648953301126,,2.395330112721417,0.026838432635534086,
166,8.011272141706923,0.2147074610842727,7.085346215780999,45.772946859903385,5.562265163714439,21.28287707997853,3.7909286097691894,5.233494363929147,0.5837359098228664,0.040257648953301126,,2.395330112721417,0.026838432635534086,
167,8.192431561996779,0.2147074610842727,7.816693505099302,44.887278582930755,5.555555555555555,21.068169618894256,3.7775093934514223,5.441492216854535,0.5837359098228664,0.040257648953301126,,2.395330112721417,0.026838432635534086,
168,8.380300590445518,0.20128824476650564,7.796564680622652,44.76650563607085,5.589103596349974,21.041331186258724,3.7640901771336552,5.414653784219001,0.5837359098228664,0.040257648953301126,,2.395330112721417,0.026838432635534086,
169,8.447396672034353,0.20128824476650564,7.769726247987117,44.538378958668815,5.8172302737520125,21.00107353730542,3.7640901771336552,5.414653784219001,0.5837359098228664,0.040257648953301126,,2.395330112721417,0.026838432635534086,
170,8.561460010735374,0.20128824476650564,7.836822329575953,44.37063875469673,5.9514224369296835,20.86688137412775,3.7640901771336552,5.414653784219001,0.5837359098228664,0.040257648953301126,,2.38191089640365,0.026838432635534086,
171,8.494363929146537,0.20128824476650564,7.836822329575953,44.0955448201825,6.179549114331723,20.222758990874933,4.555823939881911,5.381105743424584,0.5837359098228664,0.040257648953301126,,2.38191089640365,0.026838432635534086,
172,8.648684916800859,0.20128824476650564,7.863660762211487,43.94122383252818,6.172839506172839,20.182501341921633,4.575952764358561,5.381105743424584,0.5837359098228664,0.040257648953301126,,2.38191089640365,0.026838432635534086,
173,8.695652173913043,0.20128824476650564,7.863660762211487,43.71980676328502,6.146001073537305,19.598765432098766,4.643048845947397,6.105743424584004,0.5837359098228664,0.040257648953301126,,2.3752012882447664,0.026838432635534086,
174,8.776167471819646,0.20128824476650564,8.004562533548041,43.65271068169619,6.146001073537305,19.384057971014492,4.703435319377348,6.105743424584004,0.5837359098228664,0.040257648953301126,,2.3752012882447664,0.026838432635534086,
175,8.816425120772946,0.20128824476650564,8.789586688137414,42.80730005367686,6.233225979602791,19.269994632313473,4.750402576489533,6.105743424584004,0.5837359098228664,0.040257648953301126,,2.3752012882447664,0.026838432635534086,
176,8.93719806763285,0.20128824476650564,8.756038647342995,42.78717122920021,6.166129898013956,19.256575415995705,4.817498658078368,6.052066559312936,0.5837359098228664,0.040257648953301126,,2.3752012882447664,0.026838432635534086,
177,8.977455716586151,0.20128824476650564,8.729200214707461,42.78717122920021,6.152710681696189,19.223027375201287,4.817498658078368,6.052066559312936,0.5837359098228664,0.040257648953301126,,2.408749329039184,0.026838432635534086,
178,9.064680622651638,0.20128824476650564,8.702361782071927,42.652979066022546,6.166129898013956,19.223027375201287,4.810789049919484,6.052066559312936,0.6172839506172839,0.040257648953301126,,2.442297369833602,0.026838432635534086,
179,8.487654320987655,0.20128824476650564,7.856951154052603,39.009661835748794,4.300858829844337,26.77133655394525,4.320987654320987,6.045356951154052,0.6172839506172839,0.040257648953301126,,2.3215244229736984,0.026838432635534086,
180,8.55475040257649,0.20128824476650564,7.856951154052603,38.99624261943102,4.28743961352657,26.757917337627482,4.30756843800322,6.038647342995169,0.6172839506172839,0.040257648953301126,,2.314814814814815,0.026838432635534086,
181,8.61513687600644,0.20128824476650564,7.9039184111647875,38.93585614600107,4.28743961352657,26.710950080515296,4.30756843800322,6.011808910359635,0.644122383252818,0.040257648953301126,,2.314814814814815,0.026838432635534086,
182,8.668813741277509,0.20128824476650564,7.9039184111647875,38.86205045625336,4.314278046162104,26.704240472356414,4.30756843800322,6.011808910359635,0.644122383252818,0.040257648953301126,,2.314814814814815,0.026838432635534086,
183,8.789586688137414,0.20128824476650564,7.883789586688137,38.85534084809447,4.314278046162104,26.67740203972088,4.294149221685454,6.011808910359635,0.644122383252818,0.040257648953301126,,2.2611379495437465,0.026838432635534086,
184,8.849973161567364,0.20128824476650564,8.380300590445518,38.54669887278583,4.314278046162104,26.549919484702095,4.159957058507783,6.025228126677402,0.644122383252818,0.040257648953301126,,2.2611379495437465,0.026838432635534086,
185,8.849973161567364,0.20128824476650564,8.702361782071927,37.9092860976919,4.3545356951154055,26.898819108964037,4.180085882984434,6.025228126677402,0.644122383252818,0.040257648953301126,,2.167203435319377,0.026838432635534086,
186,8.943907675791733,0.20128824476650564,9.017713365539452,37.68115942028985,4.28743961352657,26.704240472356414,4.28743961352657,6.045356951154052,0.630703166935051,0.040257648953301126,,2.13365539452496,0.026838432635534086,
187,9.03113258185722,0.20128824476650564,7.930756843800322,39.01637144390767,4.38137412775094,26.643853998926463,4.280730005367687,6.045356951154052,0.6105743424584005,0.040257648953301126,,1.7914653784219001,0.026838432635534086,
188,9.05126140633387,0.20128824476650564,7.930756843800322,38.43263553408481,4.38137412775094,26.455984970477726,4.28743961352657,6.790123456790123,0.6105743424584005,0.040257648953301126,,1.7914653784219001,0.026838432635534086,
189,9.138486312399356,0.20128824476650564,7.917337627482555,38.399087493290395,4.38137412775094,26.442565754159958,4.274020397208803,6.776704240472356,0.6105743424584005,0.040257648953301126,,1.7914653784219001,0.026838432635534086,
190,9.265968867418144,0.20128824476650564,7.897208803005904,38.27831454643049,4.461889425657541,26.40901771336554,4.274020397208803,6.743156199677939,0.6105743424584005,0.040257648953301126,,1.7914653784219001,0.026838432635534086,
191,9.286097691894794,0.20128824476650564,8.07836822329576,37.98309178743961,4.569243156199678,26.36876006441224,4.300858829844337,6.743156199677939,0.6105743424584005,0.040257648953301126,,1.7914653784219001,0.026838432635534086,
192,9.39345142243693,0.20128824476650564,8.071658615136876,37.915995705850776,4.549114331723027,26.36876006441224,4.300858829844337,6.743156199677939,0.6105743424584005,0.040257648953301126,,1.778046162104133,0.026838432635534086,
193,9.433709071390231,0.20128824476650564,8.105206655931294,37.848899624261946,4.542404723564144,26.36876006441224,4.300858829844337,6.743156199677939,0.6105743424584005,0.040257648953301126,,1.778046162104133,0.026838432635534086,
