,45,50,54,52,55,57,51,53,56,58,60,59,61,64,63
0,98.2085346215781,1.724369296833065,0.06709608158883522,,,,,,,,,,,,
1,96.6653247450349,2.7643585614600106,0.013419216317767043,0.5568974771873323,,,,,,,,,,,
2,94.33709071390231,5.092592592592593,0.013419216317767043,0.5568974771873323,,,,,,,,,,,
3,93.82716049382717,5.555555555555555,0.013419216317767043,0.5770263016639828,0.020128824476650563,0.0067096081588835215,,,,,,,,,
4,91.24396135265701,8.13875469672571,0.013419216317767043,0.5770263016639828,0.020128824476650563,0.0067096081588835215,,,,,,,,,
5,86.96994095544821,12.345679012345679,0.013419216317767043,0.6038647342995169,0.026838432635534086,0.0067096081588835215,0.03354804079441761,,,,,,,,
6,83.19914117015567,15.821256038647343,0.2952227589908749,0.6038647342995169,0.040257648953301126,0.0067096081588835215,0.03354804079441761,,,,,,,,
7,64.68062265163715,35.11808910359635,0.08051529790660225,0.026838432635534086,0.06038647342995169,,0.03354804079441761,,,,,,,,
8,63.75469672571122,36.01717659688674,0.08051529790660225,0.026838432635534086,0.06038647342995169,,0.06038647342995169,,,,,,,,
9,59.695383789586685,40.063070316693505,0.08051529790660225,0.026838432635534086,0.07380568974771873,,0.06038647342995169,,,,,,,,
10,59.614868491680085,39.92216854535695,0.08051529790660225,0.026838432635534086,0.2952227589908749,,0.06038647342995169,,,,,,,,
11,59.514224369296834,39.87520128824477,0.08051529790660225,0.026838432635534086,0.4428341384863124,,0.06038647342995169,,,,,,,,
12,58.863392377885134,40.47906602254428,0.08051529790660225,0.026838432635534086,0.48980139559849706,,0.06038647342995169,,,,,,,,
13,54.830917874396135,35.75550187869028,0.06709608158883522,0.026838432635534086,0.46296296296296297,,8.856682769726248,,,,,,,,
14,53.37493290391841,36.41975308641975,0.08051529790660225,0.026838432635534086,0.48980139559849706,,9.608158883521202,,,,,,,,
15,53.11325818572195,36.600912506709605,0.11406333870101985,0.026838432635534086,0.5568974771873323,,9.588030059044552,,,,,,,,
16,52.603327965646805,36.95652173913044,0.11406333870101985,0.026838432635534086,0.5636070853462157,,9.608158883521202,0.1274825550187869,,,,,,,
17,50.85882984433709,38.57353730542136,0.15432098765432098,0.026838432635534086,0.6709608158883521,,9.588030059044552,0.1274825550187869,,,,,,,
18,49.033816425120776,39.25791733762748,0.15432098765432098,0.040257648953301126,0.8722490606548577,,10.513955984970478,0.1274825550187869,,,,,,,
19,47.819377348362856,40.3918411164788,0.15432098765432098,0.040257648953301126,0.9728931830381106,,10.493827160493828,0.1274825550187869,,,,,,,
20,47.53086419753087,40.53274288781535,0.17444981213097155,0.040257648953301126,1.0265700483091786,,10.567632850241546,0.1274825550187869,,,,,,,
21,47.0276435856146,40.87493290391841,0.17444981213097155,0.040257648953301126,1.2748255501878691,,10.48040794417606,0.1274825550187869,,,,,,,
22,46.09500805152979,40.915190552871714,0.17444981213097155,0.05367686527106817,1.3083735909822867,,11.325818572195384,0.1274825550187869,,,,,,,
23,46.02120236178207,40.21068169618894,0.7447665056360708,0.06709608158883522,1.4761137949543746,,11.3191089640365,0.15432098765432098,0.0067096081588835215,,,,,,
24,44.77992485238862,39.51959205582394,0.7447665056360708,1.8048845947396672,1.6706924315619969,0.0067096081588835215,11.312399355877616,0.15432098765432098,0.0067096081588835215,,,,,,
25,44.64573268921095,39.54643048845947,0.8118625872249061,1.8048845947396672,1.710950080515298,0.0067096081588835215,11.312399355877616,0.15432098765432098,0.0067096081588835215,,,,,,
26,44.64573268921095,39.331723027375205,0.9997316156736447,1.8048845947396672,1.7042404723564144,0.0067096081588835215,11.272141706924316,0.15432098765432098,0.08051529790660225,,,,,,
27,44.57192699946323,39.25791733762748,0.9997316156736447,1.8048845947396672,1.8518518518518519,0.0067096081588835215,11.272141706924316,0.15432098765432098,0.08051529790660225,,,,,,
28,44.524959742351044,39.24449812130972,0.9997316156736447,1.865271068169619,1.8518518518518519,0.0067096081588835215,11.272141706924316,0.15432098765432098,0.08051529790660225,,,,,,
29,44.457863660762214,39.28475577026302,0.9997316156736447,1.865271068169619,2.0128824476650564,0.0067096081588835215,11.137949543746645,0.15432098765432098,0.08051529790660225,,,,,,
30,44.30354267310789,39.30488459473967,0.9997316156736447,1.865271068169619,2.147074610842727,0.0067096081588835215,11.137949543746645,0.15432098765432098,0.08051529790660225,,,,,,
31,44.24986580783682,38.36553945249597,0.9997316156736447,2.6637144390767578,2.187332259796028,0.0067096081588835215,11.124530327428879,0.15432098765432098,0.24825550187869028,,,,,,
32,44.16264090177134,37.7012882447665,0.9997316156736447,2.6301663982823404,2.9790660225442833,0.0067096081588835215,11.117820719269995,0.15432098765432098,0.24825550187869028,,,,,,
33,44.06199677938808,37.66774020397209,0.9997316156736447,2.6301663982823404,3.066290928609769,0.0067096081588835215,11.16478797638218,0.15432098765432098,0.24825550187869028,,,,,,
34,42.78046162104133,38.28502415458937,0.9997316156736447,2.522812667740204,3.5628019323671496,0.1274825550187869,11.124530327428879,0.33548040794417605,0.2616747181964573,,,,,,
35,42.64626945786366,38.378958668813745,1.0064412238325282,2.522812667740204,3.616478797638218,0.1274825550187869,11.05072463768116,0.33548040794417605,0.2885131508319914,0.026838432635534086,,,,,
36,42.28395061728395,38.62721417069243,1.0064412238325282,2.5026838432635534,3.556092324208266,0.14761137949543746,9.883252818035427,1.6975308641975309,0.2683843263553409,0.026838432635534086,,,,,
37,41.217122920021474,39.44578636607622,0.8856682769726248,2.5026838432635534,3.569511540526033,0.14761137949543746,10.279119699409554,1.583467525496511,0.2549651100375738,0.11406333870101985,,,,,
38,41.08964036500269,38.70101986044015,1.415727321524423,2.522812667740204,3.5426731078904994,0.14761137949543746,9.997316156736447,2.214170692431562,0.2549651100375738,0.11406333870101985,,,,,
39,39.351851851851855,40.49919484702093,1.4358561460010735,2.281266774020397,3.4621578099838968,0.38915727321524424,9.997316156736447,2.214170692431562,0.2549651100375738,0.11406333870101985,,,,,
40,39.15727321524423,40.29119699409554,1.570048309178744,2.281266774020397,3.294417606011809,0.38915727321524424,10.010735373054214,2.6301663982823404,0.2616747181964573,0.11406333870101985,,,,,
41,38.18438003220612,40.59983896940419,1.5230810520665594,3.2541599570585076,3.240740740740741,0.49651100375738055,9.71551261406334,2.61003757380569,0.2616747181964573,0.11406333870101985,,,,,
42,37.265163714439076,41.237251744498124,1.5633387010198605,3.361513687600644,3.3413848631239937,0.46967257112184646,9.675254965110037,2.6435856146001075,0.32877079978529256,0.11406333870101985,,,,,
43,36.70155662909286,41.680085882984436,1.5633387010198605,3.2742887815351582,3.4621578099838968,0.5568974771873323,9.66183574879227,2.6435856146001075,0.3421900161030596,0.11406333870101985,,,,,
44,34.74906065485776,41.8545356951154,1.5633387010198605,3.0193236714975846,3.7037037037037037,0.5636070853462157,11.574074074074074,2.509393451422437,0.3421900161030596,0.11406333870101985,0.0067096081588835215,,,,
45,34.70209339774557,41.78073000536769,1.5633387010198605,3.0394524959742353,3.8043478260869565,0.5636070853462157,11.500268384326356,2.509393451422437,0.41599570585077833,0.11406333870101985,0.0067096081588835215,,,,
46,28.589640365002683,48.691626409017715,1.3419216317767042,3.026033279656468,3.6634460547504024,0.5636070853462157,11.131239935587761,2.4557165861513686,0.41599570585077833,0.11406333870101985,0.0067096081588835215,,,,
47,27.750939345142243,49.4296833064949,1.3217928073000538,3.0193236714975846,3.743961352657005,0.5703166935050993,10.104669887278583,3.44873859366613,0.4562533548040794,0.11406333870101985,0.0067096081588835215,0.03354804079441761,,,
48,27.730810520665592,48.87278582930757,1.1540526033279657,5.857487922705314,3.6634460547504024,0.5703166935050993,8.78287707997853,2.7509393451422435,0.4562533548040794,0.12077294685990338,0.0067096081588835215,0.03354804079441761,,,
49,27.603327965646805,47.94685990338164,1.1473429951690821,6.850509930220075,3.6902844873859366,0.5837359098228664,8.749329039184111,2.804616210413312,0.46296296296296297,0.12077294685990338,0.0067096081588835215,0.03354804079441761,,,
50,27.455716586151368,47.765700483091784,1.6035963499731616,6.622383252818035,3.878153515834675,0.5837359098228664,8.675523349436393,2.7643585614600106,0.47638217928073,0.13419216317767044,0.0067096081588835215,0.03354804079441761,,,
51,27.30810520665593,47.73215244229737,1.5901771336553945,6.642512077294686,4.025764895330113,0.5837359098228664,8.675523349436393,2.7509393451422435,0.47638217928073,0.1610305958132045,0.0067096081588835215,0.04696725711218465,,,
52,27.28797638217928,47.62479871175523,1.5901771336553945,6.595544820182502,4.146537842190016,0.6374127750939346,8.675523349436393,2.7509393451422435,0.47638217928073,0.1610305958132045,0.0067096081588835215,0.04696725711218465,,,
53,27.20746108427268,47.5979602791197,1.442565754159957,6.763285024154589,4.186795491143317,0.6508319914117016,8.662104133118627,2.7777777777777777,0.49651100375738055,0.1610305958132045,0.0067096081588835215,0.04696725711218465,,,
54,27.086688137412775,47.56441223832528,1.4224369296833066,6.998121309715513,4.30756843800322,0.6508319914117016,8.467525496511003,2.818035426731079,0.46967257112184646,0.1610305958132045,0.0067096081588835215,0.04696725711218465,,,
55,26.952495974235106,47.396672034353195,1.415727321524423,6.769994632313473,4.5960815888352125,0.6239935587761675,9.125067096081589,2.4825550187869028,0.43612453032742887,0.14761137949543746,0.0067096081588835215,0.04696725711218465,,,
56,26.630434782608695,47.557702630166396,1.4761137949543746,6.763285024154589,4.736983360171766,0.630703166935051,9.111647879763822,2.4490069779924855,0.4227053140096618,0.16774020397208803,0.0067096081588835215,0.04696725711218465,,,
57,25.07380568974772,46.564680622651636,1.06682769726248,8.870101986044014,4.74369296833065,0.6575415995705851,10.037573805689748,2.341653247450349,0.4227053140096618,0.16774020397208803,0.0067096081588835215,0.04696725711218465,,,
58,25.07380568974772,46.4170692431562,1.06682769726248,8.997584541062801,4.777241009125067,0.6575415995705851,9.943639291465379,2.4221685453569513,0.4227053140096618,0.16774020397208803,0.0067096081588835215,0.04696725711218465,,,
59,24.040526033279658,44.77321524422974,1.0735373054213635,8.36688137412775,4.7101449275362315,0.6508319914117016,13.6406333870102,2.1269457863660763,0.4227053140096618,0.14090177133655393,0.0067096081588835215,0.04696725711218465,,,
60,23.845947396672035,44.558507783145465,1.0601180891035964,8.501073537305421,5.367686527106817,0.6508319914117016,13.009930220075148,2.3752012882447664,0.4227053140096618,0.14090177133655393,0.0067096081588835215,0.06038647342995169,,,
61,23.778851315083198,42.47852925389157,1.0198604401502953,8.3467525496511,5.199946323134729,0.7045088566827697,15.519323671497585,2.3081052066559313,0.4428341384863124,0.13419216317767044,0.0067096081588835215,0.06038647342995169,,,
62,23.70504562533548,42.371175523349436,1.0869565217391304,8.3467525496511,5.300590445517981,0.7045088566827697,15.465646806226516,2.3215244229736984,0.49651100375738055,0.13419216317767044,0.0067096081588835215,0.06038647342995169,,,
63,23.691626409017715,42.35775630703167,1.0869565217391304,8.3467525496511,5.3274288781535155,0.7045088566827697,15.465646806226516,2.3215244229736984,0.49651100375738055,0.13419216317767044,0.0067096081588835215,0.06038647342995169,,,
64,23.64465915190553,42.223564143854,1.0869565217391304,8.28636607622115,5.481749865807837,0.7648953301127214,15.465646806226516,2.3215244229736984,0.5166398282340311,0.13419216317767044,0.0067096081588835215,0.06709608158883522,,,
65,23.617820719269993,42.15646806226516,1.1205045625335481,8.28636607622115,5.481749865807837,0.7648953301127214,15.526033279656469,2.3215244229736984,0.5166398282340311,0.13419216317767044,0.0067096081588835215,0.06709608158883522,,,
66,23.416532474503487,39.60681696188943,0.966183574879227,6.233225979602791,5.267042404723564,0.8118625872249061,20.860171765968868,2.2074610842726785,0.5032206119162641,0.05367686527106817,0.0067096081588835215,0.06709608158883522,,,
67,23.242082662372518,39.680622651637144,0.9796027911969941,6.300322061191626,5.287171229200215,0.8118625872249061,20.813204508856682,2.2074610842726785,0.5501878690284487,0.05367686527106817,0.0067096081588835215,0.06709608158883522,,,
68,23.1682769726248,39.57997852925389,0.9796027911969941,6.790123456790123,5.246913580246914,0.7514761137949544,20.819914117015568,1.8786902844873858,0.6038647342995169,0.10735373054213634,0.0067096081588835215,0.06709608158883522,,,
69,22.67176596886742,39.48604401502952,1.5633387010198605,6.468062265163715,5.347557702630167,0.7246376811594203,21.068169618894256,1.8518518518518519,0.6374127750939346,0.10735373054213634,0.0067096081588835215,0.06709608158883522,,,
70,22.65834675254965,39.398819108964034,1.5633387010198605,6.501610305958132,5.367686527106817,0.7246376811594203,20.90042941492217,1.8988191089640365,0.8051529790660226,0.10735373054213634,0.0067096081588835215,0.06709608158883522,,,
71,22.262479871175522,39.26462694578637,1.5633387010198605,7.139023081052066,5.475040257648954,0.7246376811594203,20.591787439613526,1.8988191089640365,0.8990874932903918,0.10735373054213634,0.0067096081588835215,0.06709608158883522,,,
72,22.114868491680085,39.31830381105743,1.4962426194310252,6.790123456790123,5.542136339237788,0.6910896403650026,19.39747718733226,3.535963499731616,0.9326355340848095,0.10735373054213634,0.0067096081588835215,0.06709608158883522,,,
73,22.020933977455716,39.110305958132045,1.5432098765432098,6.790123456790123,5.649490069779925,0.7179280730005367,19.384057971014492,3.603059581320451,0.9997316156736447,0.10735373054213634,0.0067096081588835215,0.06709608158883522,,,
74,20.155662909286097,42.7938808373591,1.442565754159957,6.561996779388084,5.5756843800322065,0.7179280730005367,18.089103596349972,3.3480944712828773,1.133923778851315,0.10735373054213634,0.0067096081588835215,0.06709608158883522,,,
75,20.142243692968332,42.73349436392915,1.4761137949543746,6.582125603864735,5.595813204508857,0.7179280730005367,18.089103596349972,3.3480944712828773,1.133923778851315,0.10735373054213634,0.0067096081588835215,0.06709608158883522,,,
76,19.981213097155127,42.69994632313473,1.6639828234031133,6.541867954911433,5.5756843800322065,0.7581857219538379,18.089103596349972,3.374932903918411,1.133923778851315,0.10735373054213634,0.0067096081588835215,0.06709608158883522,,,
77,19.249865807836823,43.303811057434245,1.6639828234031133,6.5552871712292005,5.750134192163178,0.7581857219538379,18.015297906602253,3.3480944712828773,1.1741814278046163,0.10735373054213634,0.0067096081588835215,0.06709608158883522,,,
78,19.196188942565755,43.15619967793881,1.7310789049919484,6.5485775630703165,5.810520665593129,0.798443370907139,18.00187869028449,3.3548040794417604,1.221148684916801,0.10735373054213634,0.0067096081588835215,0.06709608158883522,,,
79,19.061996779388085,43.303811057434245,1.7579173376274826,6.521739130434782,5.797101449275362,0.8252818035426731,17.881105743424584,3.321256038647343,1.3486312399355878,0.10735373054213634,0.0067096081588835215,0.06709608158883522,,,
80,18.86070853462158,42.36446591519055,1.7444981213097155,7.702630166398282,5.703166935050993,0.8387010198604401,18.055555555555557,3.260869565217391,1.3016639828234031,0.0939345142243693,0.0067096081588835215,0.06709608158883522,,,
81,18.746645195920557,42.1430488459474,1.7444981213097155,7.702630166398282,5.790391841116479,0.8051529790660226,18.297101449275363,3.260869565217391,1.3419216317767042,0.0939345142243693,0.0067096081588835215,0.06709608158883522,,,
82,18.54535695115405,41.398282340311326,1.8585614600107354,8.413848631239935,5.877616747181965,0.8051529790660226,18.377616747181964,3.207192699946323,1.3486312399355878,0.0939345142243693,0.0067096081588835215,0.06709608158883522,,,
83,18.4044551798175,41.39157273215244,1.8786902844873858,8.373590982286634,5.884326355340848,0.8118625872249061,18.511808910359633,3.207192699946323,1.3687600644122384,0.0939345142243693,0.0067096081588835215,0.06709608158883522,,,
84,16.129898013955984,45.65888352120236,1.7713365539452497,8.353462157809984,5.374396135265701,0.7716049382716049,16.740472356414386,3.6902844873859366,1.3553408480944713,0.08051529790660225,0.0067096081588835215,0.06709608158883522,,,
85,16.022544283413847,45.73939881910896,1.7713365539452497,8.333333333333334,5.394524959742351,0.7716049382716049,16.740472356414386,3.6902844873859366,1.3486312399355878,0.10735373054213634,0.0067096081588835215,0.07380568974771873,,,
86,15.96886741814278,45.209339774557165,2.281266774020397,8.225979602791197,5.307300053676865,0.8588298443370908,16.774020397208805,3.784219001610306,1.3486312399355878,0.14761137949543746,0.020128824476650563,0.07380568974771873,,,
87,15.378421900161031,45.65217391304348,2.7308105206655933,8.225979602791197,5.35426731078905,0.8588298443370908,16.532474503488995,3.69699409554482,1.3150831991411702,0.14761137949543746,0.020128824476650563,0.08722490606548577,,,
88,15.351583467525497,45.44417606011809,2.7106816961889426,8.259527643585615,5.515297906602254,0.8588298443370908,16.445249597423512,3.7372517444981215,1.3955984970477724,0.14761137949543746,0.020128824476650563,0.11406333870101985,,,
89,15.217391304347826,45.128824476650564,2.6704240472356413,8.21256038647343,5.562265163714439,0.8454106280193237,16.867954911433173,3.824476650563607,1.3754696725711217,0.14761137949543746,0.020128824476650563,0.1274825550187869,,,
90,15.210681696188942,44.97450348899624,2.61003757380569,8.085077831454644,5.642780461621041,0.6843800322061192,17.411433172302736,3.7104133118625873,1.3754696725711217,0.14761137949543746,0.020128824476650563,0.1274825550187869,,,
91,15.210681696188942,44.518250134192165,2.61003757380569,8.051529790660226,6.0654857756307035,0.6910896403650026,17.391304347826086,3.7104133118625873,1.4559849704777241,0.14761137949543746,0.013419216317767043,0.1274825550187869,0.0067096081588835215,,
92,15.203972088030058,43.43800322061192,2.6502952227589907,9.400161030595813,5.9514224369296835,0.6910896403650026,17.163177670424048,3.7037037037037037,1.4694041867954912,0.18115942028985507,0.013419216317767043,0.1274825550187869,0.0067096081588835215,,
93,15.083199141170155,43.35748792270532,2.85829307568438,9.326355340848094,6.018518518518518,0.7246376811594203,16.881374127750938,3.750670960815888,1.6237251744498122,0.2147074610842727,0.013419216317767043,0.14090177133655393,0.0067096081588835215,,
94,14.928878153515834,43.10252281266774,2.8515834675254963,9.286097691894794,6.018518518518518,0.7581857219538379,16.586151368760063,4.428341384863124,1.6639828234031133,0.19457863660762212,0.013419216317767043,0.1610305958132045,0.0067096081588835215,,
95,14.479334406870638,44.04857756307032,2.757648953301127,9.333064949006978,5.931293612453032,0.7581857219538379,15.566290928609769,4.978529253891573,1.7713365539452497,0.19457863660762212,0.013419216317767043,0.1610305958132045,0.0067096081588835215,,
96,13.976113794954374,44.45115405260333,2.771068169618894,9.25925925925926,6.179549114331723,0.7581857219538379,15.539452495974235,4.904723564143854,1.7981749865807837,0.19457863660762212,,0.1610305958132045,0.0067096081588835215,,
97,13.976113794954374,44.03515834675255,2.536231884057971,9.125067096081589,5.971551261406334,0.7917337627482555,16.67337627482555,4.777241009125067,1.7646269457863661,0.19457863660762212,,0.14761137949543746,0.0067096081588835215,,
98,13.942565754159958,43.78690284487386,2.5295222758990876,9.064680622651638,6.233225979602791,0.798443370907139,16.6532474503489,4.804079441760601,1.8250134192163177,0.19457863660762212,,0.1610305958132045,0.0067096081588835215,,
99,13.848631239935587,43.82045088566828,2.985775630703167,8.675523349436393,6.286902844873859,0.8588298443370908,16.478797638217927,4.804079441760601,1.8853998926462694,0.19457863660762212,,0.15432098765432098,0.0067096081588835215,,
100,13.821792807300053,43.67954911433172,3.2004830917874396,8.568169618894256,6.414385399892646,0.8655394524959742,16.445249597423512,4.797369833601718,1.8786902844873858,0.16774020397208803,,0.15432098765432098,0.0067096081588835215,,
101,13.774825550187868,43.65271068169619,3.2139023081052067,8.561460010735374,6.4345142243692965,0.8856682769726248,16.458668813741276,4.797369833601718,1.892109500805153,0.16774020397208803,,0.15432098765432098,0.0067096081588835215,,
102,13.768115942028986,43.41787439613527,3.260869565217391,8.541331186258722,6.608964036500268,0.9057971014492754,16.465378421900162,4.797369833601718,1.90552871712292,0.16774020397208803,,0.15432098765432098,0.0067096081588835215,,
103,13.747987117552334,43.223295759527645,3.012614063338701,8.447396672034353,6.776704240472356,0.8789586688137413,16.344605475040257,5.3341384863123995,1.90552871712292,0.16774020397208803,,0.15432098765432098,0.0067096081588835215,,
104,11.399624261943103,45.57836822329576,3.099838969404187,8.272946859903382,6.769994632313473,0.9863123993558777,16.049382716049383,5.609232420826624,1.8853998926462694,0.16774020397208803,0.020128824476650563,0.15432098765432098,0.0067096081588835215,,
105,11.379495437466453,45.56494900697799,3.099838969404187,8.246108427267847,6.756575415995706,1.0735373054213635,16.035963499731615,5.676328502415459,1.8719806763285025,0.14090177133655393,0.020128824476650563,0.1274825550187869,0.0067096081588835215,,
106,11.084272678475577,45.05501878690284,3.099838969404187,8.199141170155663,6.78341384863124,1.0869565217391304,17.223564143854,5.314009661835748,1.8585614600107354,0.14090177133655393,0.020128824476650563,0.1274825550187869,0.0067096081588835215,,
107,10.93666129898014,44.60547504025765,3.0864197530864197,8.185721953837897,7.367149758454106,1.1003757380568975,17.223564143854,5.3274288781535155,1.8585614600107354,0.14090177133655393,0.020128824476650563,0.14090177133655393,0.0067096081588835215,,
108,10.929951690821255,44.48470209339774,3.140096618357488,8.21256038647343,7.4141170155662905,1.1003757380568975,17.223564143854,5.3274288781535155,1.8585614600107354,0.14090177133655393,0.020128824476650563,0.14090177133655393,0.0067096081588835215,,
109,10.869565217391305,44.176060118089104,3.2742887815351582,8.21256038647343,7.615405260332796,1.1003757380568975,17.176596886741816,5.407944176060118,1.8585614600107354,0.14090177133655393,0.020128824476650563,0.14090177133655393,0.0067096081588835215,,
110,10.218733225979603,43.59903381642512,3.1602254428341383,8.199141170155663,7.6623725174449815,1.1003757380568975,18.45813204508857,5.407944176060118,1.8853998926462694,0.14090177133655393,0.020128824476650563,0.14090177133655393,0.0067096081588835215,,
111,10.185185185185185,43.545356951154055,3.140096618357488,8.199141170155663,7.769726247987117,1.1003757380568975,18.45813204508857,5.421363392377885,1.8451422436929683,0.16774020397208803,0.020128824476650563,0.14090177133655393,0.0067096081588835215,,
112,10.151637144390767,43.323939881910896,3.2541599570585076,8.185721953837897,7.9106280193236715,1.1137949543746646,18.357487922705314,5.475040257648954,1.865271068169619,0.19457863660762212,0.020128824476650563,0.14090177133655393,0.0067096081588835215,,
113,10.144927536231885,42.975040257648956,3.2675791733762747,8.185721953837897,8.219269994632313,1.1137949543746646,18.290391841116477,5.441492216854535,1.932367149758454,0.2616747181964573,0.020128824476650563,0.14090177133655393,0.0067096081588835215,,
114,10.044283413848632,42.8743961352657,3.2541599570585076,8.319914117015566,8.373590982286634,1.1137949543746646,18.209876543209877,5.414653784219001,1.9524959742351047,0.2616747181964573,0.020128824476650563,0.15432098765432098,0.0067096081588835215,,
115,10.044283413848632,50.0402576489533,2.5026838432635534,7.024959742351046,7.749597423510467,0.6508319914117016,15.848094471282877,4.213633923778851,1.6237251744498122,0.17444981213097155,0.020128824476650563,0.10735373054213634,,,
116,10.02415458937198,49.953032742887814,2.5026838432635534,7.024959742351046,7.7898550724637685,0.6508319914117016,15.821256038647343,4.280730005367687,1.596886741814278,0.20128824476650564,0.020128824476650563,0.13419216317767044,,,
117,9.822866344605474,44.98121309715513,2.49597423510467,7.024959742351046,7.608695652173913,0.6508319914117016,21.235909822866343,4.2270531400966185,1.596886741814278,0.20128824476650564,0.020128824476650563,0.13419216317767044,,,
118,9.822866344605474,44.6658615136876,2.576489533011272,6.998121309715513,7.85024154589372,0.6776704240472357,21.121846484165324,4.253891572732153,1.6774020397208802,0.20128824476650564,0.020128824476650563,0.13419216317767044,,,
119,9.822866344605474,44.50483091787439,2.677133655394525,6.998121309715513,7.930756843800322,0.6776704240472357,21.095008051529792,4.260601180891036,1.6774020397208802,0.20128824476650564,0.020128824476650563,0.13419216317767044,,,
120,9.822866344605474,44.45115405260333,2.677133655394525,6.998121309715513,7.977724100912507,0.6776704240472357,21.061460010735374,4.260601180891036,1.7176596886741815,0.20128824476650564,0.020128824476650563,0.13419216317767044,,,
121,9.822866344605474,43.59903381642512,2.563070316693505,8.930488459473967,7.9106280193236715,0.5367686527106817,19.75979602791197,4.918142780461621,1.6908212560386473,0.16774020397208803,0.020128824476650563,0.08051529790660225,,,
122,9.822866344605474,43.08910359634997,2.589908749329039,8.816425120772946,8.641975308641975,0.5501878690284487,19.612184648416534,4.918142780461621,1.6908212560386473,0.16774020397208803,0.020128824476650563,0.08051529790660225,,,
123,9.749060654857756,42.90794417606012,2.623456790123457,8.789586688137414,8.856682769726248,0.5501878690284487,19.64573268921095,4.904723564143854,1.6975308641975309,0.16774020397208803,0.020128824476650563,0.08722490606548577,,,
124,9.749060654857756,41.6532474503489,3.7775093934514223,8.789586688137414,8.997584541062801,0.5501878690284487,19.524959742351047,4.898013955984971,1.7646269457863661,0.16774020397208803,0.020128824476650563,0.10735373054213634,,,
125,9.722222222222221,41.4922168545357,3.7775093934514223,8.863392377885132,9.158615136876007,0.46296296296296297,19.51825013419216,4.924852388620504,1.7847557702630166,0.16774020397208803,0.020128824476650563,0.10735373054213634,,,
126,9.648416532474503,41.57944176060118,3.8043478260869565,8.84326355340848,9.158615136876007,0.46296296296296297,19.47128287707998,4.924852388620504,1.8115942028985508,0.16774020397208803,0.020128824476650563,0.10735373054213634,,,
127,9.648416532474503,41.096349973161566,3.8043478260869565,8.836553945249598,9.614868491680086,0.5166398282340311,19.384057971014492,4.8376274825550185,1.9659151905528718,0.16774020397208803,0.020128824476650563,0.10735373054213634,,,
128,9.219001610305957,40.203972088030056,3.824476650563607,9.816156736446592,9.77589908749329,0.5636070853462157,19.37734836285561,4.817498658078368,2.1068169618894257,0.16774020397208803,0.020128824476650563,0.10735373054213634,,,
129,9.104938271604938,39.841653247450346,3.9049919484702094,9.816156736446592,10.25228126677402,0.5636070853462157,19.33709071390231,4.74369296833065,2.13365539452496,0.17444981213097155,0.020128824476650563,0.10735373054213634,,,
130,9.104938271604938,39.55314009661836,3.911701556629093,9.802737520128824,10.393183038110575,0.5770263016639828,19.37734836285561,4.8443370907139025,2.13365539452496,0.17444981213097155,0.020128824476650563,0.10735373054213634,,,
131,9.03113258185722,39.36527106816962,3.978797638217928,9.796027911969942,10.426731078904991,0.5770263016639828,18.887546967257112,5.005367686527107,2.5831991411701556,0.1878690284487386,0.020128824476650563,0.13419216317767044,0.0067096081588835215,,
132,9.03113258185722,39.31159420289855,4.032474503488996,9.789318303811058,10.473698336017177,0.5837359098228664,18.78690284487386,5.025496511003757,2.563070316693505,0.24154589371980675,0.020128824476650563,0.13419216317767044,0.0067096081588835215,,
133,8.984165324745035,38.60708534621578,4.032474503488996,9.789318303811058,10.547504025764896,0.5837359098228664,18.46484165324745,5.978260869565218,2.5966183574879227,0.2549651100375738,0.020128824476650563,0.13419216317767044,0.0067096081588835215,,
134,8.957326892109501,38.56682769726248,4.092860976918948,9.769189479334408,10.567632850241546,0.5904455179817498,18.391035963499732,5.978260869565218,2.6704240472356413,0.2549651100375738,0.020128824476650563,0.13419216317767044,0.0067096081588835215,,
135,8.930488459473967,38.54669887278583,4.9651100375738055,9.782608695652174,10.648148148148149,0.6038647342995169,17.733494363929147,5.803811057434245,2.5697799248523885,0.2549651100375738,0.020128824476650563,0.13419216317767044,0.0067096081588835215,,
136,8.923778851315083,38.258185721953836,4.951690821256038,9.71551261406334,10.889694041867955,0.6709608158883521,17.74020397208803,5.837359098228664,2.5966183574879227,0.2549651100375738,0.020128824476650563,0.13419216317767044,0.0067096081588835215,,
137,8.923778851315083,38.16425120772947,4.985238862050457,9.71551261406334,10.903113258185721,0.6709608158883521,17.62614063338701,5.803811057434245,2.791196994095545,0.2549651100375738,0.020128824476650563,0.13419216317767044,0.0067096081588835215,,
138,8.890230810520666,37.74154589371981,4.696725711218465,9.460547504025765,11.238593666129898,0.7716049382716049,19.316961889425656,5.260332796564681,2.2410091250670963,0.2281266774020397,0.020128824476650563,0.13419216317767044,,,
139,8.890230810520666,37.67444981213097,4.810789049919484,9.380032206119163,11.292270531400966,0.7716049382716049,19.28341384863124,5.24020397208803,2.2611379495437465,0.24154589371980675,0.020128824476650563,0.13419216317767044,,,
140,8.890230810520666,37.61406333870102,4.8376274825550185,9.225711218464841,11.305689747718732,0.7783145464304885,19.269994632313473,5.2066559312936125,2.4355877616747184,0.27509393451422437,0.020128824476650563,0.14090177133655393,,,
141,8.863392377885132,37.42619431025228,4.985238862050457,9.225711218464841,11.238593666129898,0.7783145464304885,19.16935050993022,5.3274288781535155,2.5496511003757383,0.27509393451422437,0.020128824476650563,0.14090177133655393,,,
142,8.836553945249598,37.31213097155126,5.065754159957058,9.25925925925926,11.218464841653248,0.7917337627482555,19.16935050993022,5.3274288781535155,2.5697799248523885,0.27509393451422437,0.020128824476650563,0.15432098765432098,,,
143,8.836553945249598,36.70155662909286,5.025496511003757,9.25925925925926,11.79549114331723,0.8252818035426731,19.16935050993022,5.314009661835748,2.5697799248523885,0.28180354267310787,0.020128824476650563,0.20128824476650564,,,
144,8.76274825550188,36.65458937198068,5.072463768115942,9.675254965110037,11.761943102522812,0.8252818035426731,18.92109500805153,5.300590445517981,2.522812667740204,0.28180354267310787,0.020128824476650563,0.20128824476650564,,,
145,8.722490606548577,36.54723564143854,5.072463768115942,9.675254965110037,11.949812130971551,0.8252818035426731,18.773483628556093,5.300590445517981,2.6301663982823404,0.28180354267310787,0.020128824476650563,0.20128824476650564,,,
146,8.702361782071927,36.500268384326354,5.092592592592593,9.628287707997853,11.902844873859367,0.8521202361782072,18.760064412238325,5.407944176060118,2.6301663982823404,0.30193236714975846,0.020128824476650563,0.20128824476650564,,,
147,8.702361782071927,34.447128287708,5.0791733762748255,12.426194310252281,11.486849168008588,0.7179280730005367,18.760064412238325,5.367686527106817,2.509393451422437,0.30193236714975846,,0.20128824476650564,,,
148,8.588298443370908,34.366612989801396,5.0993022007514766,13.157541599570585,11.533816425120772,0.7179280730005367,18.08239398819109,5.535426731078905,2.38191089640365,0.30864197530864196,,0.20128824476650564,0.026838432635534086,,
149,8.561460010735374,34.292807300053674,5.0993022007514766,13.130703166935051,11.426462694578637,0.7179280730005367,18.075684380032207,5.562265163714439,2.5161030595813205,0.3824476650563607,0.0067096081588835215,0.20128824476650564,0.026838432635534086,,
150,8.53462157809984,34.23242082662372,5.0993022007514766,13.01663982823403,11.580783682232958,0.7380568974771873,18.08239398819109,5.562265163714439,2.536231884057971,0.3824476650563607,0.0067096081588835215,0.20128824476650564,0.026838432635534086,,
151,8.514492753623188,34.004294149221685,5.233494363929147,13.009930220075148,11.741814278046162,0.7380568974771873,18.04213633923779,5.562265163714439,2.536231884057971,0.3824476650563607,0.0067096081588835215,0.20128824476650564,0.026838432635534086,,
152,8.480944712828771,33.923778851315085,5.267042404723564,12.915995705850777,11.869296833064949,0.8454106280193237,17.914653784219002,5.589103596349974,2.536231884057971,0.4227053140096618,0.0067096081588835215,0.20128824476650564,0.026838432635534086,,
153,8.480944712828771,33.8365539452496,5.300590445517981,12.909286097691895,11.896135265700483,0.8185721953837896,17.881105743424584,5.6964573268921095,2.522812667740204,0.4227053140096618,0.0067096081588835215,0.20128824476650564,0.026838432635534086,,
154,8.205850778314547,33.340042941492214,5.273752012882448,12.587224906065487,11.728395061728396,0.798443370907139,19.410896403650028,5.475040257648954,2.509393451422437,0.4227053140096618,,0.2214170692431562,0.026838432635534086,,
155,8.125335480407944,32.64224369296833,5.22007514761138,12.587224906065487,11.714975845410628,0.798443370907139,19.35721953837896,6.286902844873859,2.5563607085346214,0.41599570585077833,,0.2683843263553409,0.026838432635534086,,
156,7.702630166398282,32.95759527643585,5.22007514761138,12.23161567364466,11.79549114331723,0.798443370907139,19.350509930220074,6.635802469135802,2.589908749329039,0.4227053140096618,,0.2683843263553409,0.026838432635534086,,
157,7.5348899624261945,32.87707997852925,5.24020397208803,12.104133118625873,11.936392914653783,0.9460547504025765,19.316961889425656,6.6760601180891035,2.61003757380569,0.4227053140096618,,0.30864197530864196,0.026838432635534086,,
158,7.48792270531401,32.79656468062265,5.24020397208803,12.084004294149223,11.98336017176597,0.95276435856146,19.39747718733226,6.6760601180891035,2.623456790123457,0.4227053140096618,,0.30864197530864196,0.026838432635534086,,
159,7.467793880837359,32.63553408480945,5.501878690284487,12.037037037037036,12.050456253354804,1.0466988727858293,19.243156199677937,6.6760601180891035,2.623456790123457,0.4227053140096618,,0.2683843263553409,0.026838432635534086,,
160,7.454374664519592,32.37385936661299,5.555555555555555,12.02361782071927,12.285292538915728,1.0802469135802468,19.209608158883523,6.66935050993022,2.6301663982823404,0.4227053140096618,,0.2683843263553409,0.026838432635534086,,
161,7.4006977992485234,32.387278582930755,5.522007514761138,12.010198604401502,12.352388620504563,1.0802469135802468,19.182769726247987,6.702898550724638,2.6435856146001075,0.4227053140096618,,0.2683843263553409,0.026838432635534086,,
162,7.4006977992485234,32.09205582393988,5.790391841116479,12.077294685990339,12.29200214707461,1.0802469135802468,19.135802469135804,6.588835212023618,2.8247450348899625,0.4227053140096618,,0.2683843263553409,0.026838432635534086,,
163,7.4006977992485234,31.52173913043478,5.756843800322061,12.097423510466989,11.862587224906065,1.0869565217391304,19.135802469135804,7.897208803005904,2.522812667740204,0.4227053140096618,,0.2683843263553409,0.026838432635534086,,
164,7.367149758454106,31.36070853462158,5.770263016639828,12.057165861513688,12.037037037037036,1.1272141706924315,19.082125603864736,7.883789586688137,2.5966183574879227,0.4227053140096618,,0.2683843263553409,0.026838432635534086,,
165,7.367149758454106,31.300322061191626,5.884326355340848,12.016908212560386,12.010198604401502,1.1674718196457328,18.988191089640367,7.856951154052603,2.6637144390767578,0.4495437466451959,,0.2683843263553409,0.026838432635534086,,
166,7.078636607622115,30.776972624798713,5.844068706387547,11.949812130971551,12.211486849168008,1.1674718196457328,19.887278582930758,7.75630703166935,2.623456790123457,0.4092860976918948,,0.2683843263553409,0.026838432635534086,,
167,6.991411701556629,30.71658615136876,5.837359098228664,11.936392914653783,12.338969404186795,1.1540526033279657,19.826892109500804,7.742887815351583,2.737520128824477,0.41599570585077833,,0.27509393451422437,0.026838432635534086,,
168,6.951154052603328,30.709876543209877,5.850778314546431,11.929683306494901,12.332259796027913,1.1540526033279657,19.826892109500804,7.729468599033816,2.771068169618894,0.4428341384863124,,0.27509393451422437,0.026838432635534086,,
169,6.9243156199677935,30.62265163714439,5.837359098228664,11.721685453569512,12.801932367149758,1.1540526033279657,19.685990338164252,7.669082125603865,2.8113258185721954,0.46967257112184646,,0.27509393451422437,0.026838432635534086,,
170,6.89747718733226,30.60252281266774,5.877616747181965,11.721685453569512,12.808641975308642,1.1540526033279657,19.672571121846484,7.669082125603865,2.7979066022544283,0.49651100375738055,,0.27509393451422437,0.026838432635534086,,
171,6.89747718733226,30.347557702630166,6.099033816425121,11.688137412775093,12.889157273215245,1.2278582930756843,19.605475040257648,7.581857219538379,2.8650026838432634,0.49651100375738055,,0.27509393451422437,0.026838432635534086,,
172,6.884057971014493,30.314009661835748,6.099033816425121,11.694847020933977,12.949543746645196,1.2278582930756843,19.57192699946323,7.581857219538379,2.8784219001610305,0.49651100375738055,,0.27509393451422437,0.026838432635534086,,
173,6.884057971014493,30.314009661835748,6.092324208266238,11.674718196457327,13.023349436392914,1.247987117552335,19.49812130971551,7.595276435856146,2.8650026838432634,0.5099302200751477,,0.2683843263553409,0.026838432635534086,,
174,6.884057971014493,30.267042404723565,6.078904991948471,11.735104669887278,13.050187869028449,1.261406333870102,19.404186795491142,7.601986044015029,2.898550724637681,0.5099302200751477,,0.28180354267310787,0.026838432635534086,,
175,6.884057971014493,30.12614063338701,6.099033816425121,11.761943102522812,13.144122383252817,1.2949543746645196,19.384057971014492,7.601986044015029,2.885131508319914,0.5099302200751477,,0.28180354267310787,0.026838432635534086,,
176,6.884057971014493,30.09259259259259,6.0587761674718195,11.748523886205046,13.560118089103597,1.3083735909822867,19.102254428341386,7.581857219538379,2.818035426731079,0.5300590445517982,0.013419216317767043,0.27509393451422437,0.026838432635534086,,
177,6.837090713902308,29.64975845410628,6.119162640901771,11.688137412775093,14.029790660225443,1.3486312399355878,19.129092860976918,7.548309178743962,2.804616210413312,0.5300590445517982,0.013419216317767043,0.27509393451422437,0.026838432635534086,,
178,6.743156199677939,29.663177670424048,6.273483628556092,11.83574879227053,13.996242619431026,1.3486312399355878,18.90096618357488,7.588566827697263,2.791196994095545,0.5300590445517982,0.026838432635534086,0.27509393451422437,0.026838432635534086,,
179,6.696188942565755,29.636339237788512,6.260064412238325,11.829039184111648,14.04320987654321,1.3687600644122384,18.894256575415994,7.588566827697263,2.8247450348899625,0.5300590445517982,0.026838432635534086,0.27509393451422437,0.026838432635534086,,
180,6.696188942565755,29.59608158883521,6.3137412775093935,11.829039184111648,14.016371443907676,1.3687600644122384,18.746645195920557,7.548309178743962,2.985775630703167,0.5703166935050993,0.026838432635534086,0.27509393451422437,0.026838432635534086,,
181,6.696188942565755,29.428341384863124,6.374127750939345,11.862587224906065,14.056629092860977,1.3687600644122384,18.61916264090177,7.5348899624261945,3.126677402039721,0.5703166935050993,0.026838432635534086,0.30864197530864196,0.026838432635534086,,
