,45,50,53,52,55,51,54,56,57
0,100.0,,,,,,,,
1,99.8389694041868,0.1610305958132045,,,,,,,
2,97.1886741814278,2.8113258185721954,,,,,,,
3,97.25577026301664,2.7442297369833604,,,,,,,
4,91.01583467525496,8.984165324745035,,,,,,,
5,90.70048309178743,9.29951690821256,,,,,,,
6,81.97128287707997,18.02871712292002,,,,,,,
7,82.06521739130434,17.934782608695652,,,,,,,
8,61.983360171765966,30.837359098228664,7.179280730005368,,,,,,
9,62.42619431025228,30.66290928609769,6.910896403650026,,,,,,
10,53.00590445517982,40.203972088030056,6.790123456790123,,,,,,
11,53.38164251207729,39.660493827160494,6.0654857756307035,0.8923778851315083,,,,,
12,53.58964036500269,39.02308105206656,6.199677938808374,0.8923778851315083,0.2952227589908749,,,,
13,53.91170155662909,38.71443907675792,6.1862587224906065,0.8923778851315083,0.2952227589908749,,,,
14,51.09366612989801,41.83440687063875,5.884326355340848,0.8923778851315083,0.2952227589908749,,,,
15,51.51637144390767,41.48550724637681,5.709876543209877,0.8923778851315083,0.39586688137412773,,,,
16,51.7914653784219,41.21041331186259,5.709876543209877,0.8923778851315083,0.39586688137412773,,,,
17,51.05340848094471,41.80085882984434,5.709876543209877,0.8923778851315083,0.5434782608695652,,,,
18,47.5979602791197,43.94122383252818,5.709876543209877,0.8923778851315083,0.5434782608695652,1.3150831991411702,,,
19,47.779119699409556,43.80703166935051,5.689747718733226,0.8923778851315083,0.5434782608695652,1.288244766505636,,,
20,48.067632850241544,43.63929146537842,5.5689747718733225,0.8923778851315083,0.5434782608695652,1.288244766505636,,,
21,48.31588835212023,43.25684380032206,5.5689747718733225,0.8923778851315083,0.6776704240472357,1.288244766505636,,,
22,48.59769189479334,42.68652710681696,5.481749865807837,0.8789586688137413,1.0802469135802468,1.2748255501878691,,,
23,47.58454106280193,43.914385399892645,5.267042404723564,0.8789586688137413,1.0802469135802468,1.2748255501878691,,,
24,34.95034889962426,56.977992485238865,5.267042404723564,0.8789586688137413,0.6776704240472357,1.247987117552335,,,
25,35.75550187869028,55.27375201288245,6.1862587224906065,0.8655394524959742,0.6709608158883521,1.247987117552335,,,
26,36.211755233494365,54.85775630703167,6.146001073537305,0.8655394524959742,0.6709608158883521,1.247987117552335,,,
27,37.11755233494364,53.696994095544824,5.891035963499732,0.8655394524959742,1.1808910359634996,1.247987117552335,,,
28,32.2061191626409,44.03515834675255,5.891035963499732,0.8588298443370908,1.1540526033279657,15.854804079441761,,,
29,32.8166935050993,40.86822329575953,8.031400966183575,0.7917337627482555,2.006172839506173,15.485775630703166,,,
30,26.570048309178745,30.85077831454643,6.582125603864735,0.7045088566827697,1.261406333870102,34.03113258185722,,,
31,27.254428341384862,30.414653784219002,6.561996779388084,0.7045088566827697,1.261406333870102,33.803005904455176,,,
32,27.361782071927,30.16639828234031,6.6760601180891035,0.7045088566827697,1.221148684916801,33.74932903918411,0.12077294685990338,,
33,27.657004830917874,29.891304347826086,6.588835212023618,0.7045088566827697,1.3217928073000538,33.7157809983897,0.12077294685990338,,
34,28.079710144927535,29.696725711218466,6.367418142780462,0.7045088566827697,2.5697799248523885,32.46108427267848,0.12077294685990338,,
35,25.738056897477186,41.63311862587225,6.353998926462695,0.7581857219538379,1.9122383252818036,23.483628556092324,0.12077294685990338,,
36,26.053408480944714,41.37144390767579,6.347289318303811,0.8118625872249061,1.9927536231884058,23.30246913580247,0.12077294685990338,,
37,26.583467525496513,41.237251744498124,6.333870101986044,0.8118625872249061,1.9524959742351047,22.96027911969941,0.12077294685990338,,
38,27.34836285560923,40.70048309178744,6.280193236714976,0.8118625872249061,1.9390767579173376,22.799248523886206,0.12077294685990338,,
39,27.925389157273216,40.002683843263554,6.246645195920558,0.8118625872249061,2.2745571658615136,22.61808910359635,0.12077294685990338,,
40,28.59634997316157,39.53972088030059,6.219806763285024,0.8118625872249061,2.4020397208803006,21.792807300053678,0.12077294685990338,0.5166398282340311,
41,29.052603327965645,39.2512077294686,6.199677938808374,0.7917337627482555,2.3349436392914655,21.732420826623724,0.12077294685990338,0.5166398282340311,
42,29.62962962962963,39.00295222758991,6.159420289855072,0.785024154589372,2.3349436392914655,21.289586688137412,0.12077294685990338,0.6776704240472357,
43,27.026301663982824,41.86124530327429,6.125872249060655,0.785024154589372,2.3349436392914655,21.115136876006442,0.12077294685990338,0.630703166935051,
44,27.697262479871174,41.646537842190014,6.099033816425121,0.785024154589372,2.328234031132582,20.739398819108963,0.07380568974771873,0.630703166935051,
45,27.63016639828234,41.38486312399356,6.0654857756307035,0.785024154589372,3.81105743424584,19.47799248523886,0.07380568974771873,0.7716049382716049,
46,25.369028448738593,44.91411701556629,5.0791733762748255,0.785024154589372,3.6500268384326353,19.43102522812668,,0.7716049382716049,
47,25.885668276972623,44.50483091787439,5.059044551798175,0.785024154589372,3.898282340311326,19.0955448201825,,0.7716049382716049,
48,26.529790660225444,44.03515834675255,5.059044551798175,0.785024154589372,3.878153515834675,18.96135265700483,,0.7514761137949544,
49,27.059849704777243,43.10252281266774,5.038915727321524,0.785024154589372,4.435050993022007,18.82716049382716,,0.7514761137949544,
50,27.556360708534623,42.673107890499196,5.018786902844874,0.785024154589372,4.488727858293076,18.726516371443907,,0.7514761137949544,
51,28.099838969404185,42.39801395598497,4.998658078368224,0.785024154589372,4.4753086419753085,18.337359098228664,,0.9057971014492754,
52,28.864734299516908,41.86795491143317,4.998658078368224,0.785024154589372,4.414922168545357,18.16290928609769,,0.9057971014492754,
53,29.51556629092861,41.40499194847021,4.830917874396135,0.785024154589372,4.408212560386473,18.00187869028449,0.14761137949543746,0.9057971014492754,
54,29.441760601180892,41.27079978529254,4.830917874396135,0.7045088566827697,5.750134192163178,17.20343531937735,0.14761137949543746,0.6508319914117016,
55,29.166666666666668,41.55931293612453,4.790660225442834,0.7045088566827697,5.709876543209877,17.11621041331186,0.30193236714975846,0.6508319914117016,
56,29.408212560386474,41.43183038110574,4.790660225442834,0.6709608158883521,5.6964573268921095,17.062533548040793,0.30193236714975846,0.6374127750939346,
57,30.253623188405797,40.747450348899626,4.696725711218465,0.6709608158883521,5.6964573268921095,16.901502952227588,0.28180354267310787,0.7514761137949544,
58,30.703166935050994,39.94900697799248,4.5960815888352125,0.6709608158883521,6.293612453032743,16.67337627482555,0.36902844873859364,0.7447665056360708,
59,31.206387546967257,39.55984970477724,4.5960815888352125,0.6709608158883521,6.213097155126141,16.639828234031132,0.36902844873859364,0.7447665056360708,
60,31.83709071390231,39.28475577026302,4.461889425657541,0.6709608158883521,6.005099302200751,16.626409017713364,0.36902844873859364,0.7447665056360708,
61,31.884057971014492,37.848899624261946,4.394793344068707,2.3617820719269993,5.964841653247451,16.445249597423512,0.36902844873859364,0.7313472893183038,
62,32.32018250134192,37.473161567364464,4.394793344068707,2.3550724637681157,5.931293612453032,16.42512077294686,0.36902844873859364,0.7313472893183038,
63,32.6556629092861,37.23161567364466,4.3545356951154055,2.328234031132582,5.924584004294149,16.404991948470208,0.36902844873859364,0.7313472893183038,
64,31.45464304884595,36.26543209876543,4.3545356951154055,8.319914117015566,5.797101449275362,13.009930220075148,0.36231884057971014,0.43612453032742887,
65,31.716317767042405,36.111111111111114,4.3545356951154055,8.279656468062266,5.797101449275362,12.949543746645196,0.35560923242082665,0.43612453032742887,
66,32.2061191626409,36.00375738056898,4.247181964573269,8.225979602791197,5.770263016639828,12.754965110037574,0.35560923242082665,0.43612453032742887,
67,32.91733762748255,35.567632850241544,4.200214707461084,8.185721953837897,5.783682232957595,12.553676865271068,0.35560923242082665,0.43612453032742887,
68,30.360976918947934,29.944981213097154,15.874932903918411,7.991143317230274,4.240472356414386,10.983628556092324,0.23483628556092323,0.36902844873859364,
69,31.125872249060656,29.770531400966185,15.74074074074074,7.863660762211487,4.213633923778851,10.681696188942565,0.23483628556092323,0.36902844873859364,
70,29.522275899087493,26.67740203972088,14.908749329039184,7.85024154589372,4.045893719806763,16.478797638217927,0.14761137949543746,0.36902844873859364,
71,27.03972088030059,29.757112184648417,14.318303811057435,7.716049382716049,3.978797638217928,15.546162104133119,1.2748255501878691,0.36902844873859364,
72,27.67042404723564,29.47530864197531,14.184111647879764,7.581857219538379,4.106280193236715,15.385131508319914,1.2748255501878691,0.322061191626409,
73,27.992485238862052,29.280730005367687,13.922436929683306,7.581857219538379,4.28743961352657,15.371712292002147,1.2748255501878691,0.2885131508319914,
74,28.764090177133657,28.837895866881375,13.855340848094471,7.4006977992485234,4.374664519592056,15.103327965646805,1.261406333870102,0.4025764895330113,
75,29.126409017713364,28.569511540526033,13.714439076757918,7.380568974771873,4.213633923778851,15.042941492216855,1.5633387010198605,0.38915727321524424,
76,29.522275899087493,28.428609769189478,13.674181427804616,7.226247987117552,4.045893719806763,14.895330112721417,1.5365002683843263,0.6709608158883521,
77,30.04562533548041,28.06629092860977,13.620504562533547,6.561996779388084,4.891304347826087,14.606816961889425,1.5365002683843263,0.6709608158883521,
78,30.683038110574344,27.710681696188942,13.419216317767042,6.5485775630703165,4.8443370907139025,14.586688137412775,1.5365002683843263,0.6709608158883521,
79,28.965378421900162,24.54374664519592,11.506977992485238,6.5485775630703165,4.30756843800322,22.034353193773484,1.5297906602254427,0.5636070853462157,
80,29.086151368760063,24.241814278046164,11.506977992485238,6.515029522275899,4.468599033816425,21.980676328502415,1.5230810520665594,0.6776704240472357,
81,29.47530864197531,24.04723564143854,11.506977992485238,6.474771873322598,4.455179817498658,21.85990338164251,1.5230810520665594,0.6575415995705851,
82,29.8040794417606,23.778851315083198,11.60762211486849,6.253354804079442,4.7638217928073,21.638486312399355,1.4962426194310252,0.6575415995705851,
83,30.226784755770264,23.597691894793343,11.52710681696189,6.159420289855072,4.750402576489533,21.584809447128286,1.4962426194310252,0.6575415995705851,
84,30.723295759527645,23.382984433709073,11.513687600644122,6.052066559312936,4.750402576489533,21.430488459473967,1.4895330112721417,0.6575415995705851,
85,31.568706387546968,23.15485775630703,11.352657004830919,6.005099302200751,4.622920021470746,21.027911969940956,1.4895330112721417,0.7783145464304885,
86,31.273483628556093,22.758990874932906,11.151368760064413,4.817498658078368,4.488727858293076,23.26892109500805,1.4895330112721417,0.7514761137949544,
87,32.058507783145465,22.644927536231883,11.245303274288782,4.797369833601718,4.435050993022007,22.5979602791197,1.4694041867954912,0.7514761137949544,
88,32.44095544820183,22.423510466988727,11.594202898550725,4.797369833601718,4.428341384863124,22.094739667203434,1.4694041867954912,0.7514761137949544,
89,32.910628019323674,22.34970477724101,11.392914653784219,4.797369833601718,4.414922168545357,21.93370907139023,1.4492753623188406,0.7514761137949544,
90,33.24610842726785,22.108158883521202,11.325818572195384,4.777241009125067,4.408212560386473,21.792807300053678,1.5901771336553945,0.7514761137949544,
91,33.93719806763285,21.900161030595815,11.171497584541063,4.777241009125067,4.38137412775094,21.490874932903917,1.5901771336553945,0.7514761137949544,
92,34.265968867418145,21.806226516371442,11.124530327428879,4.723564143853999,4.327697262479871,21.410359634997317,1.5901771336553945,0.7514761137949544,
93,34.56119162640902,21.70558239398819,10.95679012345679,4.723564143853999,4.320987654320987,21.155394524959743,1.710950080515298,0.8655394524959742,
94,35.138217928073,21.390230810520666,10.943370907139023,4.723564143853999,4.260601180891036,20.967525496511005,1.710950080515298,0.8655394524959742,
95,35.265700483091784,20.74610842726785,10.393183038110575,6.360708534621578,4.213633923778851,20.457595276435857,1.710950080515298,0.8521202361782072,
96,35.74208266237252,20.658883521202362,10.285829307568438,6.260064412238325,4.206924315619967,20.283145464304884,1.710950080515298,0.8521202361782072,
97,36.580783682232955,20.316693505099302,10.272410091250672,6.085614600107354,4.28743961352657,19.93424584004294,1.710950080515298,0.8118625872249061,
98,37.003488996242616,20.162372517444982,10.23215244229737,6.072195383789587,4.260601180891036,19.80005367686527,1.710950080515298,0.7581857219538379,
99,37.21819645732689,19.96779388083736,10.050993022007514,6.011808910359635,4.260601180891036,19.685990338164252,2.046430488459474,0.7581857219538379,
100,37.513419216317764,19.860440150295222,10.044283413848632,5.964841653247451,4.159957058507783,19.424315619967793,2.341653247450349,0.6910896403650026,
101,38.036768652710684,19.766505636070853,10.02415458937198,5.897745571658615,4.1129898013955986,19.216317767042405,2.3215244229736984,0.6239935587761675,
102,38.6003757380569,19.424315619967793,9.936929683306495,5.703166935050993,4.233762748255502,19.155931293612454,2.3215244229736984,0.6239935587761675,
103,31.28690284487386,13.499731615673644,9.057971014492754,5.622651637144391,3.5091250670960816,34.648416532474506,1.751207729468599,0.6239935587761675,
104,31.91760601180891,13.358829844337091,8.943907675791733,5.58239398819109,3.3816425120772946,34.447128287708,1.751207729468599,0.6172839506172839,
105,32.46108427267848,13.231347289318304,8.856682769726248,5.481749865807837,3.3816425120772946,34.21900161030596,1.751207729468599,0.6172839506172839,
106,33.2259796027912,13.150831991411701,8.776167471819646,5.448201825013419,3.166935050993022,33.863392377885134,1.751207729468599,0.6172839506172839,
107,33.46081588835212,12.808641975308642,8.76274825550188,5.448201825013419,3.321256038647343,33.82984433709071,1.751207729468599,0.6172839506172839,
108,33.89023081052066,12.661030595813205,8.76274825550188,5.428073000536768,3.307836822329576,33.7157809983897,1.751207729468599,0.4830917874396135,
109,33.54804079441761,11.399624261943103,8.675523349436393,5.347557702630167,3.166935050993022,32.66237251744498,4.7168545356951155,0.4830917874396135,
110,34.19216317767042,11.272141706924316,8.3064949006978,5.166398282340311,3.1535158346752548,32.53488996242619,4.898013955984971,0.47638217928073,
111,34.80273752012882,11.258722490606548,8.272946859903382,5.166398282340311,3.0931293612453032,32.058507783145465,4.871175523349437,0.47638217928073,
112,34.66183574879227,10.983628556092324,14.55984970477724,5.166398282340311,3.0931293612453032,26.214439076757916,4.8443370907139025,0.47638217928073,
113,34.957058507783145,10.869565217391305,14.492753623188406,5.166398282340311,3.0595813204508855,26.133923778851315,4.8443370907139025,0.47638217928073,
114,35.225442834138484,10.856146001073537,14.465915190552872,5.0993022007514766,3.0595813204508855,25.99302200751476,4.824208266237251,0.47638217928073,
115,35.71524422973698,10.721953837895867,14.439076757917338,5.025496511003757,3.0595813204508855,25.771604938271604,4.790660225442834,0.47638217928073,
116,36.18491680085883,10.61460010735373,14.345142243692969,4.998658078368224,3.3011272141706924,25.36231884057971,4.723564143853999,0.46967257112184646,
117,36.574074074074076,10.527375201288244,14.210950080515298,4.99194847020934,3.2877079978529253,25.241545893719806,4.696725711218465,0.46967257112184646,
118,37.084004294149224,10.507246376811594,13.996242619431026,4.938271604938271,3.2877079978529253,25.0402576489533,4.676596886741814,0.46967257112184646,
119,37.0101986044015,10.044283413848632,13.841921631776705,4.918142780461621,3.2742887815351582,24.630971551261407,5.810520665593129,0.46967257112184646,
120,37.486580783682236,9.970477724100913,13.707729468599034,4.770531400966184,3.2742887815351582,24.52361782071927,5.797101449275362,0.46967257112184646,
121,37.8690284487386,9.863123993558776,13.56682769726248,4.770531400966184,3.2675791733762747,24.396135265700483,5.797101449275362,0.46967257112184646,
122,38.22463768115942,9.836285560923242,13.499731615673644,4.770531400966184,3.260869565217391,24.255233494363928,5.683038110574342,0.46967257112184646,
123,38.33870101986044,9.769189479334408,13.365539452495975,4.723564143853999,3.260869565217391,23.63123993558776,6.4412238325281805,0.46967257112184646,
124,34.15861513687601,9.198872785829307,13.150831991411701,1.9122383252818036,2.2342995169082127,32.769726247987116,6.427804616210413,0.14761137949543746,
125,34.695383789586685,9.185453569511541,12.969672571121846,1.9122383252818036,2.214170692431562,32.380568974771876,6.387546967257112,0.2549651100375738,
126,34.96376811594203,9.172034353193773,12.962962962962964,1.8988191089640365,2.214170692431562,30.46833064949007,8.07836822329576,0.24154589371980675,
127,35.67498658078368,9.084809447128288,12.855609232420827,1.8988191089640365,2.2611379495437465,29.904723564143854,8.07836822329576,0.24154589371980675,
128,35.581052066559316,9.017713365539452,12.74825550187869,2.4221685453569513,2.15378421900161,29.824208266237253,8.011272141706923,0.24154589371980675,
129,36.500268384326354,8.849973161567364,12.647611379495437,2.368491680085883,2.15378421900161,29.294149221685455,7.944176060118089,0.24154589371980675,
130,35.91653247450349,7.729468599033816,12.560386473429952,2.3349436392914655,4.126409017713366,29.22705314009662,7.863660762211487,0.24154589371980675,
131,36.29898013955985,7.628824476650563,12.815351583467525,2.301395598497048,3.92512077294686,28.978797638217927,7.809983896940419,0.24154589371980675,
132,36.81561996779388,7.555018786902845,12.721417069243156,2.301395598497048,4.0995705850778315,28.488996242619432,7.776435856146001,0.24154589371980675,
133,36.808910359635,7.4141170155662905,12.667740203972087,2.24771873322598,4.924852388620504,27.985775630703166,7.709339774557166,0.24154589371980675,
134,35.64143853998927,9.03113258185722,12.567096081588835,2.2074610842726785,4.904723564143854,27.710681696188942,7.695920558239399,0.24154589371980675,
135,36.46672034353194,8.870101986044014,12.446323134728932,2.2074610842726785,4.884594739667204,27.241009125067094,7.64224369296833,0.24154589371980675,
136,36.42646269457864,8.836553945249598,11.77536231884058,2.1940418679549114,6.863929146537842,26.147342995169083,7.514761137949543,0.24154589371980675,
137,36.39291465378422,8.400429414922169,11.594202898550725,3.3816425120772946,6.582125603864735,25.959473966720342,7.447665056360709,0.24154589371980675,
138,36.600912506709605,8.3467525496511,11.540526033279656,3.33467525496511,6.582125603864735,25.93263553408481,7.4208266237251745,0.24154589371980675,
139,36.922973698336016,8.21256038647343,11.52710681696189,3.33467525496511,6.561996779388084,25.805152979066023,7.39398819108964,0.24154589371980675,
140,37.104133118625874,8.11862587224906,11.466720343531938,3.844605475040258,6.561996779388084,25.523349436392916,7.139023081052066,0.24154589371980675,
141,37.003488996242616,7.273215244229737,11.41304347826087,3.844605475040258,6.447933440687064,26.78475577026302,6.991411701556629,0.24154589371980675,
142,37.4194847020934,7.253086419753086,11.352657004830919,3.8311862587224907,6.447933440687064,26.583467525496513,6.870638754696726,0.24154589371980675,
143,37.64761137949544,7.387278582930757,11.29898013955985,3.8311862587224907,6.260064412238325,26.48953301127214,6.843800322061192,0.24154589371980675,
144,38.157541599570585,7.326892109500805,11.272141706924316,3.8177670424047236,6.246645195920558,26.154052603327965,6.78341384863124,0.24154589371980675,
145,38.60708534621578,7.1658615136876005,11.211755233494364,3.8177670424047236,6.535158346752549,25.72463768115942,6.696188942565755,0.24154589371980675,
146,38.989533011272144,7.14573268921095,11.198336017176597,3.81105743424584,6.515029522275899,25.503220611916262,6.595544820182502,0.24154589371980675,
147,39.512882447665056,7.139023081052066,11.097691894793345,3.7573805689747717,6.394256575415996,25.32206119162641,6.535158346752549,0.24154589371980675,
148,39.87520128824477,7.051798174986581,11.211755233494364,3.7573805689747717,6.501610305958132,25.033548040794418,6.327160493827161,0.24154589371980675,
149,40.13016639828234,7.03166935050993,11.191626409017713,3.7573805689747717,6.481481481481482,24.838969404186795,6.327160493827161,0.24154589371980675,
150,40.445517981749866,6.984702093397746,11.030595813204508,3.717122920021471,6.615673644659152,24.651100375738057,6.3137412775093935,0.24154589371980675,
151,40.55958132045089,6.971282877079979,11.030595813204508,3.717122920021471,6.588835212023618,24.60413311862587,6.286902844873859,0.24154589371980675,
152,40.86822329575953,6.937734836285561,10.916532474503489,3.717122920021471,6.568706387546968,24.4699409554482,6.280193236714976,0.24154589371980675,
153,41.02254428341385,6.91760601180891,10.896403650026839,4.3545356951154055,6.367418142780462,23.946591519055286,6.253354804079442,0.24154589371980675,
154,41.53918411164788,6.857219538378959,10.896403650026839,4.2270531400966185,6.300322061191626,23.61111111111111,6.327160493827161,0.24154589371980675,
155,41.968599033816425,6.816961889425658,10.856146001073537,4.200214707461084,6.286902844873859,23.396403650026837,6.233225979602791,0.24154589371980675,
156,42.270531400966185,6.763285024154589,10.789049919484702,4.341116478797638,6.219806763285024,23.15485775630703,6.219806763285024,0.24154589371980675,
157,43.27697262479871,6.749865807836822,10.661567364465915,4.341116478797638,6.038647342995169,22.604669887278583,6.085614600107354,0.24154589371980675,
158,43.41787439613527,6.736446591519055,10.601180891035963,4.314278046162104,6.011808910359635,22.591250670960815,6.085614600107354,0.24154589371980675,
159,43.68625872249061,6.702898550724638,10.554213633923778,4.314278046162104,6.005099302200751,22.423510466988727,6.072195383789587,0.24154589371980675,
160,44.30354267310789,6.635802469135802,10.399892646269459,4.300858829844337,5.891035963499732,22.22222222222222,6.005099302200751,0.24154589371980675,
161,44.50483091787439,6.575415995705851,10.305958132045088,4.28743961352657,5.877616747181965,22.074610842726784,6.132581857219538,0.24154589371980675,
162,45.07514761137949,6.414385399892646,10.19189479334407,4.213633923778851,5.756843800322061,21.994095544820183,6.112453032742888,0.24154589371980675,
163,45.33682232957595,6.300322061191626,10.185185185185185,4.106280193236715,5.756843800322061,21.960547504025765,6.112453032742888,0.24154589371980675,
164,45.6857219538379,6.293612453032743,10.158346752549651,3.978797638217928,5.984970477724101,21.544551798174986,6.112453032742888,0.24154589371980675,
165,46.02791196994095,6.266774020397209,10.144927536231885,3.978797638217928,5.964841653247451,21.26274825550188,6.112453032742888,0.24154589371980675,
166,46.383521202361784,6.246645195920558,9.950348899624261,3.978797638217928,5.964841653247451,21.128556092324207,6.105743424584004,0.24154589371980675,
167,47.04106280193237,6.233225979602791,9.916800858829845,3.978797638217928,5.864197530864198,20.82662372517445,5.897745571658615,0.24154589371980675,
168,47.356414385399894,6.146001073537305,9.883252818035427,3.9720880300590444,5.864197530864198,20.638754696725712,5.897745571658615,0.24154589371980675,
169,47.87305421363392,6.099033816425121,9.809447128287708,3.938539989264627,5.850778314546431,20.37037037037037,5.8172302737520125,0.24154589371980675,
170,48.15485775630703,6.099033816425121,9.782608695652174,3.938539989264627,5.850778314546431,20.2361782071927,5.6964573268921095,0.24154589371980675,
171,48.128019323671495,5.984970477724101,9.742351046698873,3.9318303811057436,6.333870101986044,19.961084272678477,5.676328502415459,0.24154589371980675,
172,48.27563070316693,5.9447128287707995,9.614868491680086,3.9318303811057436,6.843800322061192,19.47799248523886,5.669618894256575,0.24154589371980675,
173,48.369565217391305,5.917874396135265,9.601449275362318,3.9318303811057436,6.823671497584541,19.45115405260333,5.662909286097692,0.24154589371980675,
174,48.698336017176594,5.917874396135265,9.54777241009125,3.9318303811057436,6.78341384863124,19.316961889425656,5.562265163714439,0.24154589371980675,
175,48.18169618894257,5.642780461621041,9.50751476113795,4.7638217928073,6.696188942565755,19.236446591519055,5.730005367686527,0.24154589371980675,
176,48.711755233494365,5.548845947396672,9.46725711218465,4.723564143853999,6.582125603864735,19.03515834675255,5.689747718733226,0.24154589371980675,
177,48.812399355877616,5.522007514761138,9.447128287707997,4.703435319377348,6.5552871712292005,19.028448738593667,5.689747718733226,0.24154589371980675,
178,49.422973698336016,5.387815351583468,9.380032206119163,4.663177670424047,6.400966183574879,18.813741277509394,5.689747718733226,0.24154589371980675,
179,49.79200214707461,5.307300053676865,9.359903381642512,4.643048845947397,6.394256575415996,18.686258722490606,5.656199677938808,0.1610305958132045,
180,50.006709608158886,5.340848094471283,9.306226516371444,4.7101449275362315,6.3070316693505095,18.511808910359633,5.656199677938808,0.1610305958132045,
181,50.46967257112185,5.293880837359098,9.27938808373591,4.703435319377348,6.3070316693505095,18.129361245303276,5.656199677938808,0.1610305958132045,
182,50.67096081588835,5.287171229200215,9.232420826623725,4.703435319377348,6.3070316693505095,17.995169082125603,5.642780461621041,0.1610305958132045,
183,50.80515297906602,5.253623188405797,9.212292002147075,4.703435319377348,6.300322061191626,17.934782608695652,5.629361245303274,0.1610305958132045,
184,50.986312399355874,5.186527106816962,9.192163177670425,4.703435319377348,6.246645195920558,17.894524959742352,5.629361245303274,0.1610305958132045,
185,51.321792807300056,5.152979066022544,9.272678475577026,4.622920021470746,6.132581857219538,17.74020397208803,5.595813204508857,0.1610305958132045,
186,51.61701556629093,5.119431025228127,9.172034353193773,4.569243156199678,6.266774020397209,17.53220611916264,5.428073000536768,0.2952227589908749,
187,52.00617283950617,5.032206119162641,9.078099838969404,4.4753086419753085,6.253354804079442,17.438271604938272,5.428073000536768,0.2885131508319914,
188,52.09339774557166,4.85775630703167,9.064680622651638,4.4753086419753085,6.5485775630703165,17.250402576489535,5.421363392377885,0.2885131508319914,
189,51.43585614600107,4.851046698872786,8.923778851315083,4.461889425657541,6.89747718733226,16.834406870638755,6.3070316693505095,0.2885131508319914,
190,51.851851851851855,4.851046698872786,8.76274825550188,4.575952764358561,6.749865807836822,16.70692431561997,6.213097155126141,0.2885131508319914,
191,52.04643048845947,4.851046698872786,8.722490606548577,4.575952764358561,6.729736983360172,16.5727321524423,6.213097155126141,0.2885131508319914,
192,52.51610305958132,4.790660225442834,8.641975308641975,4.575952764358561,6.488191089640365,16.51905528717123,6.179549114331723,0.2885131508319914,
193,52.63016639828234,4.669887278582931,8.722490606548577,4.461889425657541,6.756575415995706,16.31105743424584,6.159420289855072,0.2885131508319914,
194,41.76060118089104,3.5426731078904994,8.682232957595277,4.133118625872249,5.10601180891036,31.80354267310789,4.690016103059581,0.28180354267310787,
195,42.05582393988191,3.5292538915727323,8.568169618894256,4.186795491143317,5.065754159957058,31.642512077294686,4.669887278582931,0.28180354267310787,
196,42.3040794417606,3.515834675254965,8.494363929146537,4.166666666666667,5.038915727321524,31.53515834675255,4.663177670424047,0.28180354267310787,
197,42.76033279656468,3.475577026301664,8.427267847557703,4.166666666666667,5.005367686527107,31.266774020397207,4.616210413311863,0.28180354267310787,
198,43.15619967793881,3.4151905528717124,8.353462157809984,4.159957058507783,4.9651100375738055,31.052066559312937,4.616210413311863,0.28180354267310787,
199,43.77348362855609,3.3145464304884595,9.178743961352657,4.032474503488996,4.8443370907139025,30.01207729468599,4.562533548040794,0.28180354267310787,
200,44.155931293612454,3.294417606011809,9.111647879763822,4.025764895330113,4.8443370907139025,29.817498658078367,4.468599033816425,0.28180354267310787,
201,44.558507783145465,3.2877079978529253,9.091519055287172,3.978797638217928,4.757112184648417,29.58937198067633,4.455179817498658,0.28180354267310787,
202,44.558507783145465,3.240740740740741,8.876811594202898,3.9452495974235107,4.7168545356951155,30.213365539452496,4.166666666666667,0.28180354267310787,
203,45.1556629092861,3.2340311325818574,8.756038647342995,3.8848631239935587,4.690016103059581,29.95169082125604,4.045893719806763,0.28180354267310787,
204,45.289855072463766,3.2206119162640903,8.742619431025227,3.8848631239935587,4.663177670424047,29.723564143854,4.193505099302201,0.28180354267310787,
205,45.6857219538379,3.2206119162640903,8.641975308641975,3.8848631239935587,4.62962962962963,29.522275899087493,4.133118625872249,0.28180354267310787,
206,46.041331186258724,3.193773483628556,8.61513687600644,3.851315083199141,4.616210413311863,29.26731078904992,4.133118625872249,0.28180354267310787,
207,46.363392377885134,3.193773483628556,8.514492753623188,3.851315083199141,4.730273752012883,28.958668813741276,4.106280193236715,0.28180354267310787,
208,46.63848631239936,3.180354267310789,8.480944712828771,3.851315083199141,4.730273752012883,28.743961352657006,4.092860976918948,0.28180354267310787,
209,46.826355340848096,3.166935050993022,8.447396672034353,3.824476650563607,4.730273752012883,28.629898013955984,4.092860976918948,0.28180354267310787,
210,47.28260869565217,3.099838969404187,8.360171765968868,3.9184111647879765,4.636339237788513,28.33467525496511,4.086151368760064,0.28180354267310787,
211,47.316156736446594,3.0730005367686526,8.608427267847558,3.7372517444981215,4.636339237788513,28.287707997852927,4.05931293612453,0.28180354267310787,
212,47.638217928073,3.046162104133119,8.57487922705314,3.7372517444981215,4.636339237788513,28.026033279656467,4.05931293612453,0.28180354267310787,
213,48.26221148684917,3.046162104133119,8.440687063875469,3.7238325281803544,4.562533548040794,27.623456790123456,4.05931293612453,0.28180354267310787,
214,48.55743424584004,3.0394524959742353,8.387010198604402,3.7238325281803544,4.555823939881911,27.455716586151368,3.9989264626945786,0.28180354267310787,
215,48.7385936661299,3.0394524959742353,8.387010198604402,3.7238325281803544,4.4820182501341925,27.34836285560923,3.9989264626945786,0.28180354267310787,
216,48.87949543746645,3.0394524959742353,9.601449275362318,3.717122920021471,4.4820182501341925,26.127214170692433,3.8714439076757916,0.28180354267310787,
217,49.013687600644126,3.0059044551798175,9.581320450885668,3.717122920021471,4.4820182501341925,25.91921631776704,3.9989264626945786,0.28180354267310787,
218,49.4296833064949,2.9924852388620504,9.440418679549115,3.717122920021471,4.461889425657541,25.697799248523886,3.978797638217928,0.28180354267310787,
219,49.664519592055825,2.9924852388620504,9.27938808373591,3.851315083199141,4.448470209339774,25.503220611916262,3.978797638217928,0.28180354267310787,
220,49.89264626945786,2.9924852388620504,9.23913043478261,3.8177670424047236,4.448470209339774,25.348899624261943,3.978797638217928,0.28180354267310787,
221,50.15432098765432,2.965646806226516,9.185453569511541,3.81105743424584,4.448470209339774,25.181159420289855,3.9720880300590444,0.28180354267310787,
222,50.42941492216855,2.965646806226516,9.03113258185722,3.743961352657005,4.448470209339774,25.02012882447665,4.086151368760064,0.27509393451422437,
223,51.16747181964573,2.945517981749866,8.816425120772946,3.7104133118625873,4.428341384863124,24.758454106280194,3.9049919484702094,0.2683843263553409,
224,51.58346752549651,2.9052603327965647,8.749329039184111,3.603059581320451,4.388083735909823,24.711486849168008,3.7909286097691894,0.2683843263553409,
225,52.20746108427268,2.898550724637681,8.742619431025227,3.556092324208266,4.294149221685454,24.322329575952764,3.7104133118625873,0.2683843263553409,
226,52.542941492216855,2.898550724637681,8.695652173913043,3.535963499731616,4.294149221685454,24.06736446591519,3.69699409554482,0.2683843263553409,
227,52.67713365539453,2.8918411164787976,8.628556092324208,3.515834675254965,4.294149221685454,24.040526033279658,3.683574879227053,0.2683843263553409,
228,53.06629092860977,2.8918411164787976,8.57487922705314,3.515834675254965,4.294149221685454,23.72517444981213,3.6634460547504024,0.2683843263553409,
229,53.35480407944176,2.831454643048846,8.548040794417606,3.515834675254965,4.2270531400966185,23.47691894793344,3.6231884057971016,0.4227053140096618,
230,52.95893719806763,2.6972624798711755,8.494363929146537,4.394793344068707,4.052603327965647,23.376274825550187,3.603059581320451,0.4227053140096618,
231,53.133387010198604,2.6972624798711755,8.635265700483092,4.394793344068707,4.012345679012346,23.13472893183038,3.5762211486849167,0.41599570585077833,
232,54.02576489533011,2.657004830917874,8.413848631239935,4.106280193236715,3.9855072463768115,22.82608695652174,3.569511540526033,0.41599570585077833,
233,54.28743961352657,2.636876006441224,8.400429414922169,4.092860976918948,3.9184111647879765,22.69860440150295,3.549382716049383,0.41599570585077833,
234,54.609500805152976,2.61003757380569,8.232689210950081,4.092860976918948,3.8848631239935587,22.463768115942027,3.549382716049383,0.5568974771873323,
235,54.891304347826086,2.61003757380569,8.179012345679013,4.092860976918948,3.8848631239935587,22.24235104669887,3.549382716049383,0.5501878690284487,
236,55.16639828234031,2.61003757380569,8.145464304884594,4.092860976918948,3.844605475040258,21.651905528717123,3.9452495974235107,0.5434782608695652,
237,55.36768652710682,2.61003757380569,8.219269994632313,4.012345679012346,3.797638217928073,21.578099838969404,3.8714439076757916,0.5434782608695652,
238,55.71658615136876,2.5831991411701556,8.185721953837897,3.9855072463768115,3.784219001610306,21.195652173913043,3.824476650563607,0.7246376811594203,
239,55.46833064949007,2.5831991411701556,8.125335480407944,4.092860976918948,3.7573805689747717,21.068169618894256,4.180085882984434,0.7246376811594203,
240,55.75013419216318,2.5697799248523885,8.051529790660226,4.092860976918948,3.7104133118625873,20.96081588835212,4.146537842190016,0.7179280730005367,
241,55.9044551798175,2.5697799248523885,7.971014492753623,4.052603327965647,3.7909286097691894,20.74610842726785,4.247181964573269,0.7179280730005367,
242,56.333870101986044,2.522812667740204,7.924047235641439,4.03918411164788,3.750670960815888,20.511272141706925,4.200214707461084,0.7179280730005367,
243,56.54186795491143,2.522812667740204,7.863660762211487,3.9989264626945786,3.750670960815888,20.477724100912507,4.126409017713366,0.7179280730005367,
244,56.696188942565755,2.522812667740204,7.796564680622652,3.9855072463768115,3.730542136339238,20.471014492753625,4.079441760601181,0.7179280730005367,
245,57.07192699946323,2.522812667740204,7.796564680622652,3.9855072463768115,3.7037037037037037,20.169082125603865,4.05931293612453,0.6910896403650026,
246,57.038378958668815,2.522812667740204,7.924047235641439,3.9519592055823938,3.7037037037037037,20.108695652173914,4.05931293612453,0.6910896403650026,
247,57.22624798711755,2.522812667740204,7.9039184111647875,3.938539989264627,3.616478797638218,20.04830917874396,4.052603327965647,0.6910896403650026,
248,57.48121309715513,2.522812667740204,7.843531937734836,3.938539989264627,3.549382716049383,19.961084272678477,4.012345679012346,0.6910896403650026,
249,57.84353193773484,2.522812667740204,7.689210950080516,3.938539989264627,3.549382716049383,19.77992485238862,3.9855072463768115,0.6910896403650026,
250,58.25952764358561,2.522812667740204,7.635534084809447,3.938539989264627,3.683574879227053,19.296833064949006,3.9720880300590444,0.6910896403650026,
251,58.54804079441761,2.475845410628019,7.608695652173913,3.938539989264627,3.6768652710681695,19.129092860976918,3.9720880300590444,0.6508319914117016,
252,58.78958668813741,2.475845410628019,7.568438003220612,3.898282340311326,3.670155662909286,18.99490069779925,3.9519592055823938,0.6508319914117016,
253,59.11835748792271,2.428878153515835,7.5281803542673105,3.8043478260869565,3.5762211486849167,18.96135265700483,3.9318303811057436,0.6508319914117016,
254,58.984165324745035,2.428878153515835,7.863660762211487,3.743961352657005,3.535963499731616,18.726516371443907,4.066022544283414,0.6508319914117016,
255,59.286097691894796,2.3617820719269993,7.843531937734836,3.616478797638218,3.535963499731616,18.65271068169619,4.052603327965647,0.6508319914117016,
256,59.38674181427805,2.3617820719269993,7.98443370907139,3.616478797638218,3.4688674181427803,18.47826086956522,4.052603327965647,0.6508319914117016,
257,59.634997316156735,2.3617820719269993,8.105206655931294,3.5091250670960816,3.4688674181427803,18.243424584004295,4.025764895330113,0.6508319914117016,
258,59.876543209876544,2.328234031132582,8.071658615136876,3.6366076221148687,3.44873859366613,18.17632850241546,3.81105743424584,0.6508319914117016,
259,60.0979602791197,2.3215244229736984,7.96430488459474,3.6097691894793345,3.44873859366613,18.12265163714439,3.784219001610306,0.6508319914117016,
260,60.319377348362856,2.3215244229736984,7.96430488459474,3.569511540526033,3.4151905528717124,18.02200751476114,3.7372517444981215,0.6508319914117016,
261,60.560923242082666,2.3215244229736984,7.937466451959206,3.556092324208266,3.7238325281803544,17.58588298443371,3.6634460547504024,0.6508319914117016,
262,60.17176596886742,2.3215244229736984,8.467525496511003,3.4688674181427803,3.7238325281803544,17.54562533548041,3.6500268384326353,0.6508319914117016,
263,60.30595813204509,2.3081052066559313,8.447396672034353,3.4688674181427803,3.7238325281803544,17.47181964573269,3.6231884057971016,0.6508319914117016,
264,60.33279656468062,2.2611379495437465,8.380300590445518,3.4688674181427803,3.7238325281803544,17.14975845410628,4.032474503488996,0.6508319914117016,
265,60.44015029522276,2.2611379495437465,8.380300590445518,3.4688674181427803,3.7104133118625873,17.05582393988191,4.032474503488996,0.6508319914117016,
266,60.339506172839506,2.059849704777241,8.152173913043478,4.072732152442297,3.7104133118625873,16.982018250134193,4.032474503488996,0.6508319914117016,
267,60.43344068706388,2.0531400966183573,7.971014492753623,4.072732152442297,3.5762211486849167,17.008856682769725,4.166666666666667,0.6508319914117016,0.06709608158883522
268,60.73537305421363,1.9927536231884058,7.944176060118089,4.03918411164788,3.5628019323671496,16.841116478797638,4.166666666666667,0.6508319914117016,0.06709608158883522
269,60.789049919484704,1.9927536231884058,7.897208803005904,4.03918411164788,3.556092324208266,16.841116478797638,4.166666666666667,0.6508319914117016,0.06709608158883522
270,60.98362855609233,1.9457863660762211,7.87037037037037,3.9855072463768115,3.683574879227053,16.680085882984432,4.133118625872249,0.6508319914117016,0.06709608158883522
271,61.15807836822329,1.9457863660762211,7.85024154589372,3.9855072463768115,3.6768652710681695,16.532474503488995,4.133118625872249,0.6508319914117016,0.06709608158883522
272,61.4398819108964,1.9457863660762211,7.769726247987117,3.9452495974235107,3.6634460547504024,16.364734299516908,4.1532474503489,0.6508319914117016,0.06709608158883522
273,61.61433172302738,1.9457863660762211,7.709339774557166,3.9318303811057436,3.6634460547504024,16.264090177133657,4.1532474503489,0.6508319914117016,0.06709608158883522
274,61.8894256575416,1.9390767579173376,7.709339774557166,3.898282340311326,3.603059581320451,16.14331723027375,4.0995705850778315,0.6508319914117016,0.06709608158883522
275,62.1309715512614,1.9122383252818036,7.568438003220612,3.9855072463768115,3.603059581320451,15.962157809983896,4.119699409554482,0.6508319914117016,0.06709608158883522
