,45,50,52,55,51,54,53,57,56
0,99.53703703703704,0.46296296296296297,,,,,,,
1,94.03515834675255,5.964841653247451,,,,,,,
2,93.21658615136876,6.78341384863124,,,,,,,
3,74.25523349436394,23.58427267847558,2.1604938271604937,,,,,,
4,74.36258722490606,23.181696188942567,2.1604938271604937,0.2952227589908749,,,,,
5,74.43639291465378,23.10789049919485,2.1604938271604937,0.2952227589908749,,,,,
6,74.52361782071927,23.05421363392378,2.1403650026838434,0.28180354267310787,,,,,
7,74.55716586151368,23.020665593129362,2.1403650026838434,0.28180354267310787,,,,,
8,70.86017176596887,26.288244766505635,1.9256575415995705,0.28180354267310787,0.644122383252818,,,,
9,70.6857219538379,26.462694578636608,1.9256575415995705,0.28180354267310787,0.644122383252818,,,,
10,68.70638754696726,28.20048309178744,1.9256575415995705,0.5233494363929146,0.644122383252818,,,,
11,68.57219538378959,28.33467525496511,1.9256575415995705,0.5233494363929146,0.644122383252818,,,,
12,68.10923242082663,28.804347826086957,1.9256575415995705,0.5166398282340311,0.644122383252818,,,,
13,56.93102522812668,31.83709071390231,1.9256575415995705,0.5166398282340311,8.789586688137414,,,,
14,55.12614063338701,33.51449275362319,1.9256575415995705,0.49651100375738055,8.621846484165324,0.3153515834675255,,,
15,53.6231884057971,35.265700483091784,1.9256575415995705,0.49651100375738055,8.373590982286634,0.3153515834675255,,,
16,53.213902308105204,35.48040794417606,1.9256575415995705,0.7313472893183038,8.3467525496511,0.30193236714975846,,,
17,53.32796564680623,35.19189479334407,1.9256575415995705,0.9997316156736447,8.252818035426731,0.30193236714975846,,,
18,52.9723564143854,34.648416532474506,1.8988191089640365,1.1674718196457328,9.01100375738057,0.30193236714975846,,,
19,43.33064949006978,42.411433172302736,1.8988191089640365,1.3419216317767042,8.970746108427267,2.046430488459474,,,
20,40.17713365539453,44.42431561996779,3.589640365002684,1.1406333870101986,8.655394524959743,2.0128824476650564,,,
21,39.65378421900161,42.572463768115945,3.5292538915727323,1.1406333870101986,8.59500805152979,4.508856682769726,,,
22,39.761137949543745,42.49865807836822,3.5292538915727323,1.1205045625335481,8.59500805152979,4.49543746645196,,,
23,39.88191089640365,42.411433172302736,3.5225442834138487,1.1205045625335481,8.588298443370908,4.4753086419753085,,,
24,38.89559849704777,43.022007514761135,3.5225442834138487,1.1205045625335481,7.112184648416532,4.4753086419753085,1.8518518518518519,,
25,37.33225979602791,44.545088566827694,3.81105743424584,1.107085346215781,6.877348362855609,4.4753086419753085,1.8518518518518519,,
26,36.99006977992485,44.907407407407405,3.7909286097691894,1.107085346215781,6.877348362855609,4.4753086419753085,1.8518518518518519,,
27,33.05823939881911,49.342458400429415,4.146537842190016,1.107085346215781,6.206387546967257,4.28743961352657,1.8518518518518519,,
28,33.15217391304348,48.14143853998927,4.146537842190016,2.24771873322598,6.206387546967257,4.253891572732153,1.8518518518518519,,
29,27.3215244229737,56.87063875469673,3.046162104133119,2.24771873322598,6.152710681696189,2.509393451422437,1.8518518518518519,,
30,26.27482555018787,55.71658615136876,3.046162104133119,2.24771873322598,8.353462157809984,2.509393451422437,1.8518518518518519,,
31,26.476113794954376,55.64949006977992,3.0193236714975846,2.2410091250670963,8.252818035426731,2.509393451422437,1.8518518518518519,,
32,26.757917337627482,55.401234567901234,3.0193236714975846,2.214170692431562,8.246108427267847,2.509393451422437,1.8518518518518519,,
33,26.556629092860977,54.099570585077835,4.944981213097155,2.0397208803005906,8.024691358024691,2.4825550187869028,1.8518518518518519,,
34,26.89210950080515,53.91170155662909,4.87788513150832,2.0128824476650564,8.011272141706923,2.4557165861513686,1.8384326355340848,,
35,25.999731615673646,55.00536768652711,4.723564143853999,1.9994632313472893,7.977724100912507,2.4557165861513686,1.8384326355340848,,
36,26.080246913580247,53.40177133655394,4.723564143853999,2.677133655394525,7.977724100912507,3.3011272141706924,1.8384326355340848,,
37,25.335480407944175,52.08668813741278,4.723564143853999,2.677133655394525,10.037573805689748,3.3011272141706924,1.8384326355340848,,
38,25.543478260869566,52.012882447665056,4.723564143853999,2.677133655394525,10.037573805689748,3.3011272141706924,1.7042404723564144,,
39,24.731615673644658,50.14761137949544,4.723564143853999,3.260869565217391,12.130971551261407,3.3011272141706924,1.7042404723564144,,
40,24.698067632850243,49.8792270531401,4.723564143853999,3.260869565217391,11.976650563607086,3.2742887815351582,2.187332259796028,,
41,24.724906065485776,47.457058507783145,9.628287707997853,1.3553408480944713,11.372785829307569,3.2742887815351582,2.187332259796028,,
42,24.745034889962426,46.43048845947396,11.104401502952227,1.3553408480944713,10.742082662372518,3.4420289855072466,2.1806226516371443,,
43,24.362587224906065,45.853462157809986,10.7085346215781,1.3553408480944713,12.117552334943639,3.421900161030596,2.1806226516371443,,
44,24.248523886205046,45.53811057434246,11.178207192699947,1.3553408480944713,11.574074074074074,3.388352120236178,2.717391304347826,,
45,24.214975845410628,44.96108427267848,10.923242082662373,1.3553408480944713,12.580515297906603,3.388352120236178,2.576489533011272,,
46,23.2085346215781,43.02871712292002,10.815888352120236,1.2077294685990339,16.472088030059044,2.5697799248523885,2.6972624798711755,,
47,23.18840579710145,40.143585614600106,10.701825013419215,1.2077294685990339,16.431830381105744,1.8853998926462694,6.4412238325281805,,
48,21.36339237788513,42.109500805152976,10.668276972624799,1.2077294685990339,16.324476650563607,1.8853998926462694,6.4412238325281805,,
49,21.658615136876005,42.008856682769725,10.654857756307031,1.2077294685990339,16.14331723027375,1.8853998926462694,6.4412238325281805,,
50,22.054482018250134,41.700214707461086,10.654857756307031,1.2077294685990339,16.089640365002683,1.8853998926462694,6.407675791733762,,
51,21.87332259796028,41.33118625872249,10.587761674718196,1.2077294685990339,16.70692431561997,1.8853998926462694,6.031937734836285,0.3757380568974772,
52,21.812936124530328,38.77482555018787,10.587761674718196,3.851315083199141,16.680085882984432,1.8853998926462694,6.031937734836285,0.3757380568974772,
53,21.43719806763285,37.21819645732689,14.63365539452496,3.556092324208266,16.57944176060118,1.3419216317767042,5.119431025228127,0.11406333870101985,
54,21.618357487922705,37.05716586151369,14.63365539452496,3.556092324208266,16.55931293612453,1.3419216317767042,5.119431025228127,0.11406333870101985,
55,21.71900161030596,36.922973698336016,14.070048309178745,3.556092324208266,16.35131508319914,1.3419216317767042,5.924584004294149,0.11406333870101985,
56,19.840311325818572,27.482555018786904,13.774825550187868,3.938539989264627,29.220343531937736,1.5767579173376274,4.052603327965647,0.11406333870101985,
57,20.25630703166935,26.717659688674182,13.378958668813741,4.455179817498658,28.25415995705851,1.5767579173376274,4.7168545356951155,0.644122383252818,
58,20.517981749865807,26.56333870101986,13.331991411701557,4.40150295222759,28.247450348899623,1.5767579173376274,4.7168545356951155,0.644122383252818,
59,20.632045088566827,26.496242619431026,13.305152979066023,4.40150295222759,28.247450348899623,1.556629092860977,4.7168545356951155,0.644122383252818,
60,19.155931293612454,21.578099838969404,18.46484165324745,0.6038647342995169,34.94363929146538,1.5499194847020934,3.046162104133119,0.27509393451422437,0.3824476650563607
61,19.162640901771336,21.77938808373591,18.370907139023082,0.6038647342995169,34.82957595276436,1.5499194847020934,3.046162104133119,0.27509393451422437,0.3824476650563607
62,19.26328502415459,21.76596886741814,18.323939881910896,0.6038647342995169,34.75577026301664,1.3217928073000538,3.307836822329576,0.27509393451422437,0.3824476650563607
63,17.538915727321523,23.66478797638218,18.16290928609769,0.6038647342995169,34.74235104669887,1.3217928073000538,3.307836822329576,0.27509393451422437,0.3824476650563607
64,17.780461621041333,23.396403650026837,18.149490069779926,0.6038647342995169,34.78260869565217,1.3217928073000538,3.307836822329576,0.27509393451422437,0.3824476650563607
65,17.914653784219002,23.382984433709073,18.06897477187332,0.6038647342995169,34.74235104669887,1.3217928073000538,3.307836822329576,0.27509393451422437,0.3824476650563607
66,18.10252281266774,23.382984433709073,18.035426731078903,0.6038647342995169,34.62157809983897,1.3217928073000538,3.2742887815351582,0.27509393451422437,0.3824476650563607
67,18.33064949006978,23.356146001073537,18.02200751476114,0.6038647342995169,34.43370907139023,1.3217928073000538,3.2742887815351582,0.27509393451422437,0.3824476650563607
68,18.209876543209877,22.61808910359635,19.639023081052066,0.6038647342995169,33.803005904455176,0.9393451422436929,3.046162104133119,0.27509393451422437,0.8655394524959742
69,18.33064949006978,22.537573805689746,19.632313472893184,0.6038647342995169,33.76945786366076,0.9393451422436929,3.046162104133119,0.27509393451422437,0.8655394524959742
70,18.14278046162104,20.74610842726785,19.981213097155127,0.6038647342995169,35.43344068706388,0.9393451422436929,3.012614063338701,0.27509393451422437,0.8655394524959742
71,18.59903381642512,20.625335480407944,19.93424584004294,0.6038647342995169,35.43344068706388,0.9393451422436929,2.7241009125067097,0.27509393451422437,0.8655394524959742
72,18.632581857219538,20.336822329575952,20.79307568438003,0.6038647342995169,34.98389694041868,0.9393451422436929,2.717391304347826,0.27509393451422437,0.7179280730005367
73,18.99490069779925,20.142243692968332,20.73268921095008,0.6038647342995169,33.742619431025226,0.9393451422436929,2.717391304347826,0.27509393451422437,1.8518518518518519
74,19.249865807836823,20.101986044015028,18.23671497584541,0.6038647342995169,33.561460010735374,0.9393451422436929,5.179817498658078,0.27509393451422437,1.8518518518518519
75,19.632313472893184,20.075147611379496,18.10252281266774,0.6038647342995169,32.709339774557165,0.9393451422436929,5.810520665593129,0.27509393451422437,1.8518518518518519
76,19.773215244229736,20.055018786902846,18.04884594739667,0.6038647342995169,32.64224369296833,0.9393451422436929,5.810520665593129,0.27509393451422437,1.8518518518518519
77,20.471014492753625,20.041599570585078,17.726784755770264,0.6038647342995169,32.52147074610843,0.9393451422436929,5.5689747718733225,0.27509393451422437,1.8518518518518519
78,20.148953301127214,19.91411701556629,17.612721417069242,0.5770263016639828,32.058507783145465,1.5767579173376274,5.984970477724101,0.27509393451422437,1.8518518518518519
79,20.202630166398283,19.900697799248523,17.612721417069242,0.5770263016639828,32.024959742351044,1.5767579173376274,5.978260869565218,0.27509393451422437,1.8518518518518519
80,20.28985507246377,19.900697799248523,17.579173376274827,0.5770263016639828,32.00483091787439,1.5767579173376274,5.9447128287707995,0.27509393451422437,1.8518518518518519
81,20.323403113258184,19.363929146537842,17.156468062265162,0.5770263016639828,33.4272678475577,1.5767579173376274,5.448201825013419,0.27509393451422437,1.8518518518518519
82,20.417337627482556,19.363929146537842,17.102791196994094,0.5770263016639828,33.42055823939882,1.5767579173376274,5.414653784219001,0.27509393451422437,1.8518518518518519
83,20.598497047772412,19.28341384863124,17.062533548040793,0.5770263016639828,33.36688137412775,1.5767579173376274,5.407944176060118,0.27509393451422437,1.8518518518518519
84,21.068169618894256,19.276704240472355,17.062533548040793,0.5770263016639828,32.930756843800324,1.5633387010198605,5.394524959742351,0.27509393451422437,1.8518518518518519
85,21.101717659688674,18.659420289855074,17.002147074610843,1.8317230273752012,32.139023081052066,1.8317230273752012,5.307300053676865,0.27509393451422437,1.8518518518518519
86,21.22920021470746,18.659420289855074,16.968599033816425,1.8317230273752012,32.045088566827694,1.8317230273752012,5.307300053676865,0.27509393451422437,1.8518518518518519
87,21.484165324745035,18.646001073537306,16.968599033816425,1.8317230273752012,31.810252281266774,1.8317230273752012,5.307300053676865,0.27509393451422437,1.8451422436929683
88,21.55126140633387,18.612453032742888,16.955179817498657,1.8317230273752012,31.790123456790123,1.8317230273752012,5.307300053676865,0.27509393451422437,1.8451422436929683
89,21.692163177670423,18.612453032742888,16.874664519592056,1.8317230273752012,31.729736983360173,1.8317230273752012,5.307300053676865,0.27509393451422437,1.8451422436929683
90,21.16881374127751,18.887546967257112,15.351583467525497,1.8048845947396672,31.61567364465915,3.4957058507783145,5.555555555555555,0.27509393451422437,1.8451422436929683
91,20.35024154589372,20.41062801932367,15.351583467525497,1.8048845947396672,30.911164787976382,3.4957058507783145,5.555555555555555,0.27509393451422437,1.8451422436929683
92,20.491143317230275,20.303274288781534,15.344873859366613,1.8048845947396672,30.891035963499732,3.4957058507783145,5.548845947396672,0.27509393451422437,1.8451422436929683
93,20.819914117015568,18.646001073537306,15.331454643048845,1.7914653784219001,32.447665056360705,3.294417606011809,5.548845947396672,0.27509393451422437,1.8451422436929683
94,20.77294685990338,18.16290928609769,15.774288781535159,1.7914653784219001,32.56172839506173,3.294417606011809,5.522007514761138,0.27509393451422437,1.8451422436929683
95,20.913848631239937,18.14278046162104,15.666935050993022,1.7914653784219001,31.91760601180891,3.180354267310789,6.474771873322598,0.27509393451422437,1.6371443907675791
96,21.76596886741814,18.14278046162104,15.60654857756307,1.7914653784219001,31.884057971014492,3.180354267310789,5.71658615136876,0.27509393451422437,1.6371443907675791
97,21.85990338164251,18.089103596349972,14.949006977992486,1.7914653784219001,31.743156199677937,3.180354267310789,6.474771873322598,0.27509393451422437,1.6371443907675791
98,21.91358024691358,18.089103596349972,14.949006977992486,1.7914653784219001,31.729736983360173,3.180354267310789,6.4345142243692965,0.27509393451422437,1.6371443907675791
99,21.960547504025765,18.06897477187332,14.741009125067096,1.7914653784219001,31.42109500805153,3.180354267310789,6.414385399892646,0.19457863660762212,2.227589908749329
100,22.16183574879227,18.06897477187332,14.620236178207193,1.7847557702630166,31.34728931830381,3.180354267310789,6.414385399892646,0.19457863660762212,2.227589908749329
101,22.208803005904453,18.06897477187332,14.586688137412775,1.7847557702630166,31.333870101986044,3.180354267310789,6.414385399892646,0.19457863660762212,2.227589908749329
102,22.396672034353195,18.055555555555557,14.566559312936125,1.7847557702630166,31.19296833064949,3.166935050993022,6.414385399892646,0.19457863660762212,2.227589908749329
103,22.604669887278583,18.015297906602253,14.51959205582394,1.7847557702630166,31.125872249060656,3.140096618357488,6.387546967257112,0.19457863660762212,2.227589908749329
104,23.040794417606012,17.98174986580784,14.465915190552872,1.6103059581320451,30.951422436929683,2.9790660225442833,6.5485775630703165,0.19457863660762212,2.227589908749329
105,23.32259796027912,17.76033279656468,14.36527106816962,1.6103059581320451,30.750134192163177,2.9790660225442833,6.850509930220075,0.19457863660762212,2.167203435319377
106,20.632045088566827,14.009661835748792,13.647342995169081,0.3488996242619431,38.06360708534621,2.8515834675254963,6.615673644659152,0.16774020397208803,3.6634460547504024
107,21.007783145464305,13.788244766505636,12.922705314009661,0.3488996242619431,37.754965110037574,2.8515834675254963,6.615673644659152,0.16774020397208803,4.542404723564144
108,21.26274825550188,13.231347289318304,12.439613526570048,0.3488996242619431,38.66747181964573,2.8515834675254963,6.830381105743425,0.16774020397208803,4.200214707461084
109,21.477455716586153,13.20450885668277,12.406065485775631,0.3488996242619431,38.6003757380569,2.8247450348899625,6.769994632313473,0.16774020397208803,4.200214707461084
110,20.967525496511005,13.399087493290391,12.372517444981213,0.3488996242619431,37.92270531400966,2.8247450348899625,7.286634460547504,0.16774020397208803,4.7101449275362315
111,21.048040794417606,13.39237788513151,12.345679012345679,0.3488996242619431,37.875738056897475,2.8247450348899625,7.286634460547504,0.16774020397208803,4.7101449275362315
112,20.954106280193237,13.318572195383789,12.332259796027913,0.3488996242619431,37.432903918411164,3.81105743424584,7.286634460547504,0.16774020397208803,4.3478260869565215
113,20.665593129361245,12.74825550187869,12.473161567364466,0.3488996242619431,37.60735373054214,3.81105743424584,7.286634460547504,0.16774020397208803,4.891304347826087
114,20.578368223295758,12.721417069243156,12.822061191626409,0.3488996242619431,37.59393451422437,3.784219001610306,7.118894256575416,0.16774020397208803,4.864465915190553
115,20.544820182501343,12.70799785292539,12.432903918411165,1.1137949543746646,38.016639828234034,3.3816425120772946,6.769994632313473,0.16774020397208803,4.864465915190553
116,20.591787439613526,12.694578636607622,12.419484702093397,1.1137949543746646,37.996511003757384,3.3816425120772946,6.769994632313473,0.16774020397208803,4.864465915190553
117,20.699141170155663,12.661030595813205,12.406065485775631,1.1137949543746646,37.96296296296296,3.3816425120772946,6.743156199677939,0.16774020397208803,4.864465915190553
118,20.73268921095008,12.661030595813205,12.406065485775631,1.1137949543746646,37.92941492216855,3.3816425120772946,6.743156199677939,0.16774020397208803,4.864465915190553
119,20.665593129361245,12.654320987654321,12.110842726784755,1.9592055823939882,37.21148684916801,3.6902844873859366,6.6760601180891035,0.16774020397208803,4.864465915190553
120,20.86688137412775,12.546967257112184,12.097423510466989,1.9592055823939882,37.1309715512614,3.6902844873859366,6.6760601180891035,0.16774020397208803,4.864465915190553
121,21.095008051529792,12.486580783682234,11.943102522812667,1.9592055823939882,36.99677938808374,3.6902844873859366,6.6760601180891035,0.30193236714975846,4.851046698872786
122,21.135265700483092,12.4597423510467,11.943102522812667,1.9592055823939882,36.983360171765966,3.6902844873859366,6.6760601180891035,0.30193236714975846,4.851046698872786
123,20.598497047772412,12.00348899624262,13.882179280730005,1.9189479334406871,36.131239935587764,3.6902844873859366,6.622383252818035,0.30193236714975846,4.851046698872786
124,20.705850778314545,12.00348899624262,13.83521202361782,1.9189479334406871,36.08427267847558,3.6902844873859366,6.608964036500268,0.30193236714975846,4.851046698872786
125,20.853462157809982,11.949812130971551,13.821792807300053,1.9189479334406871,36.010466988727856,3.6902844873859366,6.602254428341385,0.30193236714975846,4.851046698872786
126,21.034621578099838,11.889425657541599,13.781535158346752,1.9189479334406871,35.93666129898014,3.6902844873859366,6.602254428341385,0.30193236714975846,4.8443370907139025
127,21.20907139023081,11.855877616747183,13.781535158346752,1.9189479334406871,35.849436392914654,3.6902844873859366,6.5485775630703165,0.30193236714975846,4.8443370907139025
128,21.101717659688674,11.647879763821793,13.627214170692431,1.90552871712292,36.33923778851315,3.6902844873859366,6.541867954911433,0.30193236714975846,4.8443370907139025
129,21.4170692431562,11.533816425120772,13.539989264626946,1.90552871712292,36.2788513150832,3.6500268384326353,6.528448738593666,0.30193236714975846,4.8443370907139025
130,21.73913043478261,11.466720343531938,13.526570048309178,1.90552871712292,35.55421363392378,3.6500268384326353,6.501610305958132,0.30193236714975846,5.35426731078905
131,22.034353193773484,11.392914653784219,13.378958668813741,1.90552871712292,35.48040794417606,3.6500268384326353,6.501610305958132,0.30193236714975846,5.35426731078905
132,22.17525496511004,11.386205045625335,13.264895330112722,1.90552871712292,35.46698872785829,3.6500268384326353,6.494900697799249,0.30193236714975846,5.35426731078905
133,22.14170692431562,11.292270531400966,13.24476650563607,1.90552871712292,35.61460010735373,3.6500268384326353,6.494900697799249,0.30193236714975846,5.35426731078905
134,22.517444981213096,11.211755233494364,13.231347289318304,1.90552871712292,35.45356951154053,3.5426731078904994,6.481481481481482,0.30193236714975846,5.35426731078905
135,22.765700483091788,11.191626409017713,13.197799248523886,1.90552871712292,35.38647342995169,3.5292538915727323,6.380837359098229,0.2885131508319914,5.35426731078905
136,22.966988727858293,11.18491680085883,13.16425120772947,1.90552871712292,35.27241009125067,3.5292538915727323,6.367418142780462,0.2885131508319914,5.320719269994632
137,23.18840579710145,11.05072463768116,12.97638217928073,1.90552871712292,34.78260869565217,3.5091250670960816,6.367418142780462,0.2885131508319914,5.931293612453032
138,23.235373054213635,11.05072463768116,12.97638217928073,1.90552871712292,34.735641438539986,3.5091250670960816,6.367418142780462,0.2885131508319914,5.931293612453032
139,23.315888352120236,11.05072463768116,12.962962962962964,1.892109500805153,34.72893183038111,3.5091250670960816,6.340579710144928,0.2885131508319914,5.911164787976382
140,23.34272678475577,10.93666129898014,13.177670424047236,1.892109500805153,34.62157809983897,3.488996242619431,6.340579710144928,0.2885131508319914,5.911164787976382
141,23.443370907139023,10.929951690821255,13.170960815888352,1.892109500805153,34.56119162640902,3.488996242619431,6.340579710144928,0.2616747181964573,5.911164787976382
142,24.14117015566291,10.903113258185721,13.144122383252817,1.892109500805153,34.16532474503489,3.488996242619431,6.152710681696189,0.2616747181964573,5.850778314546431
143,24.86580783682233,10.836017176596886,13.09044551798175,1.556629092860977,33.93048845947396,3.488996242619431,6.119162640901771,0.2616747181964573,5.850778314546431
144,25.006709608158882,10.768921095008052,13.09044551798175,1.556629092860977,33.883521202361784,3.488996242619431,6.105743424584004,0.2616747181964573,5.837359098228664
145,25.288513150831992,10.674986580783683,13.063607085346217,1.556629092860977,33.722490606548575,3.488996242619431,6.105743424584004,0.2616747181964573,5.837359098228664
146,25.355609232420825,10.674986580783683,13.063607085346217,1.556629092860977,33.682232957595275,3.4822866344605474,6.085614600107354,0.2616747181964573,5.837359098228664
147,25.409286097691894,10.567632850241546,13.063607085346217,1.556629092860977,33.601717659688674,3.616478797638218,6.085614600107354,0.2616747181964573,5.837359098228664
148,25.308641975308642,10.534084809447128,13.539989264626946,1.556629092860977,33.25952764358561,3.616478797638218,6.085614600107354,0.2616747181964573,5.837359098228664
149,25.214707461084274,10.527375201288244,13.123993558776167,2.1403650026838434,33.21256038647343,3.616478797638218,6.072195383789587,0.2616747181964573,5.83064949006978
150,25.261674718196456,10.520665593129362,13.123993558776167,2.1403650026838434,33.21256038647343,3.616478797638218,6.031937734836285,0.2616747181964573,5.83064949006978
151,25.02012882447665,10.38647342995169,13.560118089103597,2.100107353730542,33.21256038647343,3.616478797638218,6.011808910359635,0.2616747181964573,5.83064949006978
152,25.523349436392916,10.38647342995169,13.560118089103597,2.0933977455716586,32.776435856146,3.616478797638218,6.005099302200751,0.2616747181964573,5.776972624798712
153,25.704508856682768,10.359634997316157,13.291733762748256,2.0933977455716586,33.44068706387547,3.5963499731615673,5.475040257648954,0.2616747181964573,5.776972624798712
154,25.738056897477186,10.292538915727322,13.553408480944713,2.0933977455716586,33.23268921095008,3.5963499731615673,5.4616210413311865,0.2616747181964573,5.770263016639828
155,25.764895330112722,10.292538915727322,13.553408480944713,2.0933977455716586,33.20585077831455,3.5963499731615673,5.4616210413311865,0.2616747181964573,5.770263016639828
156,25.44283413848631,10.292538915727322,13.553408480944713,2.0933977455716586,31.89747718733226,5.287171229200215,5.448201825013419,0.2616747181964573,5.723295759527644
157,25.670960815888353,10.292538915727322,13.45276435856146,2.0933977455716586,31.83709071390231,5.273752012882448,5.407944176060118,0.2616747181964573,5.709876543209877
158,25.87895866881374,10.171765968867419,13.271604938271604,2.0933977455716586,31.716317767042405,5.10601180891036,5.857487922705314,0.2616747181964573,5.642780461621041
159,25.831991411701555,10.151637144390767,13.157541599570585,2.0933977455716586,31.11916264090177,5.897745571658615,5.857487922705314,0.2616747181964573,5.629361245303274
160,25.865539452495973,10.151637144390767,13.157541599570585,2.0933977455716586,31.085614600107355,5.897745571658615,5.857487922705314,0.2616747181964573,5.629361245303274
161,25.946054750402578,10.151637144390767,13.110574342458401,2.0933977455716586,31.07890499194847,5.897745571658615,5.857487922705314,0.2616747181964573,5.60252281266774
162,26.04669887278583,10.151637144390767,13.097155126140633,2.0933977455716586,30.991680085882983,5.897745571658615,5.857487922705314,0.2616747181964573,5.60252281266774
163,26.536500268384327,10.111379495437467,13.097155126140633,2.0933977455716586,30.723295759527645,5.743424584004294,5.837359098228664,0.2616747181964573,5.595813204508857
164,26.67740203972088,10.111379495437467,13.09044551798175,2.0933977455716586,30.589103596349972,5.743424584004294,5.837359098228664,0.2616747181964573,5.595813204508857
165,26.878690284487387,10.104669887278583,13.050187869028449,2.0933977455716586,30.515297906602253,5.743424584004294,5.8239398819108965,0.2616747181964573,5.528717122920021
166,27.106816961889425,10.02415458937198,13.023349436392914,2.328234031132582,30.20665593129361,5.723295759527644,5.797101449275362,0.2616747181964573,5.528717122920021
167,27.126945786366075,10.02415458937198,13.023349436392914,2.328234031132582,30.18652710681696,5.723295759527644,5.797101449275362,0.2616747181964573,5.528717122920021
168,26.878690284487387,10.017444981213098,12.573805689747719,2.2342995169082127,31.95786366076221,5.723295759527644,5.072463768115942,0.2616747181964573,5.280461621041331
169,26.898819108964037,10.017444981213098,12.546967257112184,2.3886205045625335,31.82367149758454,5.723295759527644,5.059044551798175,0.2616747181964573,5.280461621041331
170,26.90552871712292,10.017444981213098,12.546967257112184,2.3886205045625335,31.82367149758454,5.71658615136876,5.059044551798175,0.2616747181964573,5.280461621041331
171,26.78475577026302,9.722222222222221,12.533548040794418,2.3886205045625335,32.26650563607085,5.71658615136876,5.059044551798175,0.2616747181964573,5.267042404723564
172,27.053140096618357,9.702093397745571,12.52012882447665,2.3752012882447664,32.078636607622116,5.71658615136876,5.025496511003757,0.2616747181964573,5.267042404723564
173,27.435587761674718,9.668545356951155,12.52012882447665,2.3752012882447664,31.82367149758454,5.709876543209877,5.025496511003757,0.2616747181964573,5.179817498658078
174,27.462426194310254,9.494095544820183,12.419484702093397,2.3752012882447664,32.1658615136876,5.703166935050993,5.025496511003757,0.2616747181964573,5.092592592592593
175,27.375201288244767,9.460547504025765,12.419484702093397,2.3752012882447664,31.93773483628556,5.703166935050993,5.374396135265701,0.2616747181964573,5.092592592592593
176,27.556360708534623,9.433709071390231,12.399355877616747,2.368491680085883,31.890767579173378,5.636070853462158,5.374396135265701,0.2616747181964573,5.0791733762748255
177,27.75764895330113,9.359903381642512,12.372517444981213,2.368491680085883,31.85721953837896,5.636070853462158,5.374396135265701,0.2616747181964573,5.01207729468599
178,27.542941492216855,9.648416532474503,12.365807836822329,2.368491680085883,31.796833064949006,5.636070853462158,5.367686527106817,0.2616747181964573,5.01207729468599
179,27.690552871712292,9.621578099838969,12.359098228663447,2.5429414922168547,31.723027375201287,5.609232420826624,5.367686527106817,0.2616747181964573,4.824208266237251
180,27.78448738593666,9.614868491680086,12.359098228663447,2.5161030595813205,31.676060118089104,5.609232420826624,5.367686527106817,0.2616747181964573,4.810789049919484
181,27.851583467525497,9.594739667203436,12.318840579710145,2.4825550187869028,31.233225979602793,5.609232420826624,5.367686527106817,0.2616747181964573,5.280461621041331
182,27.885131508319915,9.594739667203436,12.318840579710145,2.4825550187869028,31.233225979602793,5.609232420826624,5.3341384863123995,0.2616747181964573,5.280461621041331
183,28.187063875469672,9.588030059044552,12.245034889962426,2.4490069779924855,31.166129898013956,5.488459473966721,5.3341384863123995,0.2616747181964573,5.280461621041331
184,28.381642512077295,9.581320450885668,12.245034889962426,2.4490069779924855,31.03864734299517,5.4616210413311865,5.320719269994632,0.2616747181964573,5.260332796564681
185,28.408480944712828,9.581320450885668,12.218196457326892,3.1333870101986045,30.575684380032207,5.414653784219001,5.320719269994632,0.2616747181964573,5.0858829844337095
186,28.73054213633924,9.581320450885668,12.164519592055823,3.1333870101986045,30.461621041331185,5.307300053676865,5.273752012882448,0.2616747181964573,5.0858829844337095
187,28.79092860976919,9.581320450885668,12.151100375738057,3.1065485775630703,30.119431025228128,4.85775630703167,5.273752012882448,0.2616747181964573,5.857487922705314
188,28.75067096081589,9.514224369296834,12.097423510466989,3.6500268384326353,29.757112184648417,4.85775630703167,5.253623188405797,0.2616747181964573,5.857487922705314
189,28.710413311862588,9.514224369296834,11.922973698336017,3.9452495974235107,29.676596886741816,4.85775630703167,5.253623188405797,0.2616747181964573,5.857487922705314
190,28.67686527106817,9.27938808373591,11.922973698336017,3.9452495974235107,30.10601180891036,4.730273752012883,5.22007514761138,0.2616747181964573,5.857487922705314
191,29.005636070853463,9.265968867418144,11.876006441223833,3.9318303811057436,30.02549651100376,4.64975845410628,5.193236714975845,0.20128824476650564,5.850778314546431
192,28.837895866881375,9.77589908749329,11.876006441223833,3.9318303811057436,29.723564143854,4.62962962962963,5.193236714975845,0.20128824476650564,5.83064949006978
193,28.911701556629094,9.77589908749329,11.876006441223833,3.9318303811057436,29.683306494900698,4.5960815888352125,5.193236714975845,0.20128824476650564,5.83064949006978
194,28.951959205582394,9.749060654857756,11.876006441223833,3.9318303811057436,29.66988727858293,4.5960815888352125,5.193236714975845,0.20128824476650564,5.83064949006978
195,29.09286097691895,9.702093397745571,11.876006441223833,3.9049919484702094,29.602791196994094,4.5960815888352125,5.193236714975845,0.20128824476650564,5.83064949006978
196,29.052603327965645,9.588030059044552,11.386205045625335,3.9049919484702094,30.287171229200215,4.5960815888352125,5.159688674181428,0.20128824476650564,5.8239398819108965
197,29.159957058507782,9.588030059044552,11.3191089640365,3.9049919484702094,30.280461621041333,4.5960815888352125,5.146269457863661,0.20128824476650564,5.803811057434245
198,29.522275899087493,9.561191626409018,11.2788513150832,3.9049919484702094,30.04562533548041,4.5960815888352125,5.112721417069243,0.20128824476650564,5.776972624798712
199,29.468599033816425,9.561191626409018,11.16478797638218,3.898282340311326,29.71014492753623,5.22007514761138,5.0993022007514766,0.12077294685990338,5.756843800322061
200,29.200214707461082,9.54777241009125,11.855877616747183,3.4957058507783145,29.70343531937735,5.22007514761138,5.0993022007514766,0.12077294685990338,5.756843800322061
201,29.294149221685455,9.541062801932368,11.822329575952764,3.4957058507783145,29.69001610305958,5.179817498658078,5.0993022007514766,0.12077294685990338,5.756843800322061
202,29.441760601180892,9.514224369296834,11.808910359634996,3.4957058507783145,29.62962962962963,5.179817498658078,5.0858829844337095,0.12077294685990338,5.723295759527644
203,29.696725711218466,9.480676328502415,11.808910359634996,3.3548040794417604,29.59608158883521,5.179817498658078,5.052334943639291,0.12077294685990338,5.709876543209877
204,29.757112184648417,9.480676328502415,11.768652710681696,3.3548040794417604,29.582662372517444,5.173107890499195,5.052334943639291,0.12077294685990338,5.709876543209877
205,29.562533548040793,9.426999463231347,11.621041331186259,3.3413848631239937,29.797369833601717,5.173107890499195,5.038915727321524,0.12077294685990338,5.917874396135265
206,29.790660225442835,9.346484165324744,11.580783682232958,3.3413848631239937,29.696725711218466,5.166398282340311,5.038915727321524,0.12077294685990338,5.917874396135265
207,29.944981213097154,9.333064949006978,11.426462694578637,3.321256038647343,29.30756843800322,5.615942028985507,5.025496511003757,0.12077294685990338,5.904455179817498
208,29.200214707461082,10.258990874932904,11.41304347826087,3.321256038647343,29.139828234031132,5.615942028985507,5.025496511003757,0.12077294685990338,5.904455179817498
209,29.388083735909824,10.258990874932904,11.41304347826087,3.307836822329576,28.972088030059044,5.609232420826624,5.025496511003757,0.12077294685990338,5.904455179817498
210,29.28743961352657,10.23215244229737,11.386205045625335,3.294417606011809,28.938539989264626,6.146001073537305,5.025496511003757,0.12077294685990338,5.5689747718733225
211,29.421631776704242,10.23215244229737,11.386205045625335,3.2675791733762747,28.871443907675793,6.146001073537305,5.025496511003757,0.12077294685990338,5.528717122920021
212,29.51556629092861,10.23215244229737,11.345947396672035,3.2675791733762747,28.83118625872249,6.139291465378422,5.018786902844874,0.12077294685990338,5.528717122920021
213,29.32769726247987,10.131508319914117,11.325818572195384,3.2675791733762747,29.13311862587225,6.0654857756307035,5.10601180891036,0.12077294685990338,5.522007514761138
214,29.502147074610843,10.131508319914117,11.325818572195384,3.2340311325818574,29.045893719806763,6.0654857756307035,5.052334943639291,0.12077294685990338,5.522007514761138
215,29.58937198067633,10.071121846484166,11.325818572195384,3.2340311325818574,29.045893719806763,6.038647342995169,5.052334943639291,0.12077294685990338,5.522007514761138
216,29.750402576489535,10.071121846484166,11.20504562533548,3.2340311325818574,29.005636070853463,6.038647342995169,5.052334943639291,0.12077294685990338,5.522007514761138
217,29.911433172302736,10.037573805689748,11.20504562533548,3.2340311325818574,28.918411164787976,6.025228126677402,5.032206119162641,0.12077294685990338,5.515297906602254
218,30.381105743424584,9.970477724100913,11.191626409017713,3.2340311325818574,28.482286634460547,6.347289318303811,5.005367686527107,0.12077294685990338,5.267042404723564
219,30.60252281266774,9.950348899624261,11.151368760064413,3.2340311325818574,28.468867418142782,6.206387546967257,4.998658078368224,0.12077294685990338,5.267042404723564
220,30.703166935050994,9.950348899624261,11.117820719269995,3.2340311325818574,28.435319377348364,6.199677938808374,4.9718196457326895,0.12077294685990338,5.267042404723564
221,31.0252281266774,9.930220075147611,11.09098228663446,3.2340311325818574,28.27428878153516,6.1862587224906065,4.871175523349437,0.12077294685990338,5.267042404723564
222,31.146001073537306,9.923510466988727,11.030595813204508,3.2340311325818574,28.23403113258186,6.172839506172839,4.871175523349437,0.12077294685990338,5.267042404723564
223,31.226516371443907,9.923510466988727,11.010466988727858,3.2139023081052067,28.193773483628558,6.172839506172839,4.871175523349437,0.12077294685990338,5.267042404723564
224,30.475040257648953,9.849704777241008,10.970209339774557,3.1333870101986045,29.53569511540526,6.172839506172839,4.602791196994096,0.12077294685990338,5.139559849704777
225,30.54884594739667,9.836285560923242,10.970209339774557,3.1333870101986045,29.49543746645196,6.152710681696189,4.602791196994096,0.12077294685990338,5.139559849704777
226,30.434782608695652,9.822866344605474,11.05072463768116,3.0193236714975846,28.992216854535695,6.146001073537305,5.273752012882448,0.12077294685990338,5.139559849704777
227,30.64278046162104,9.73564143853999,11.037305421363392,3.0193236714975846,28.898282340311326,6.146001073537305,5.273752012882448,0.12077294685990338,5.12614063338701
228,30.69645732689211,9.73564143853999,11.010466988727858,3.0193236714975846,28.878153515834676,6.139291465378422,5.273752012882448,0.12077294685990338,5.12614063338701
229,30.334138486312398,9.695383789586689,10.963499731615673,3.0193236714975846,29.32769726247987,6.139291465378422,5.273752012882448,0.12077294685990338,5.12614063338701
230,30.119431025228128,9.695383789586689,11.674718196457327,3.0193236714975846,29.086151368760063,6.139291465378422,5.059044551798175,0.12077294685990338,5.0858829844337095
231,30.26033279656468,9.695383789586689,11.634460547504025,2.999194847020934,29.005636070853463,6.139291465378422,5.059044551798175,0.12077294685990338,5.0858829844337095
232,30.394524959742352,9.648416532474503,11.668008588298443,2.999194847020934,28.898282340311326,6.125872249060655,5.059044551798175,0.12077294685990338,5.0858829844337095
233,30.615942028985508,9.64170692431562,11.614331723027375,2.999194847020934,28.81105743424584,6.105743424584004,5.059044551798175,0.12077294685990338,5.032206119162641
234,30.67632850241546,9.628287707997853,11.614331723027375,2.9790660225442833,28.784219001610307,6.105743424584004,5.059044551798175,0.12077294685990338,5.032206119162641
235,30.803811057434245,9.574610842726784,11.600912506709609,2.9790660225442833,28.73725174449812,6.105743424584004,5.045625335480408,0.12077294685990338,5.032206119162641
236,30.938003220611915,9.567901234567902,11.574074074074074,2.9790660225442833,28.663446054750402,6.078904991948471,5.045625335480408,0.12077294685990338,5.032206119162641
237,31.052066559312937,9.567901234567902,11.486849168008588,2.9790660225442833,28.650026838432634,6.0654857756307035,5.045625335480408,0.12077294685990338,5.032206119162641
238,30.730005367686527,9.567901234567902,12.406065485775631,3.408480944712829,27.84487385936661,5.897745571658615,5.038915727321524,0.12077294685990338,4.985238862050457
239,30.709876543209877,9.5276435856146,12.734836285560924,3.408480944712829,27.84487385936661,5.897745571658615,4.891304347826087,0.12077294685990338,4.864465915190553
240,31.03864734299517,9.50751476113795,12.701288244766506,3.2742887815351582,27.75764895330113,5.897745571658615,4.864465915190553,0.12077294685990338,4.8376274825550185
241,30.535426731078903,9.50751476113795,12.674449812130971,3.569511540526033,27.079978529253893,5.897745571658615,5.776972624798712,0.12077294685990338,4.8376274825550185
242,30.26033279656468,10.379763821792807,12.513419216317766,3.569511540526033,26.69753086419753,5.870907139023081,5.776972624798712,0.12077294685990338,4.810789049919484
243,30.535426731078903,10.379763821792807,12.345679012345679,3.911701556629093,26.48953301127214,5.870907139023081,5.60252281266774,0.08051529790660225,4.783950617283951
244,30.515297906602253,10.258990874932904,12.318840579710145,4.193505099302201,26.37546967257112,5.870907139023081,5.60252281266774,0.08051529790660225,4.783950617283951
245,30.421363392377884,10.258990874932904,12.285292538915728,4.193505099302201,26.710950080515296,5.669618894256575,5.595813204508857,0.08051529790660225,4.783950617283951
246,30.461621041331185,10.258990874932904,12.285292538915728,4.193505099302201,26.684111647879764,5.669618894256575,5.58239398819109,0.08051529790660225,4.783950617283951
247,30.52871712292002,10.258990874932904,12.365807836822329,4.146537842190016,26.650563607085346,5.669618894256575,5.515297906602254,0.08051529790660225,4.783950617283951
248,30.750134192163177,10.258990874932904,12.338969404186795,4.146537842190016,26.462694578636608,5.669618894256575,5.515297906602254,0.08051529790660225,4.777241009125067
249,30.3743961352657,10.245571658615138,13.177670424047236,4.126409017713366,26.321792807300053,5.609232420826624,5.300590445517981,0.08051529790660225,4.7638217928073
