,45,50,53,55,51,54,52,56,57,58,59,60,61
0,85.46027911969941,14.11701556629093,0.33548040794417605,0.08722490606548577,,,,,,,,,
1,85.27911969940955,14.224369296833064,0.33548040794417605,0.1610305958132045,,,,,,,,,
2,67.76033279656468,29.837627482555018,0.322061191626409,0.20799785292538917,0.8655394524959742,1.0064412238325282,,,,,,,
3,64.12372517444982,31.45464304884595,0.3488996242619431,0.24825550187869028,2.818035426731079,1.0064412238325282,,,,,,,
4,62.35238862050456,33.16559312936125,0.3488996242619431,0.32877079978529256,2.7777777777777777,1.0064412238325282,0.020128824476650563,,,,,,
5,59.23913043478261,36.882716049382715,0.026838432635534086,0.1610305958132045,2.6637144390767578,1.0064412238325282,0.020128824476650563,,,,,,
6,56.72302737520129,39.27133655394525,0.026838432635534086,0.2952227589908749,2.636876006441224,1.0064412238325282,0.040257648953301126,,,,,,
7,56.17954911433172,39.69404186795491,0.026838432635534086,0.3824476650563607,2.6704240472356413,1.0064412238325282,0.040257648953301126,,,,,,
8,56.112453032742884,39.398819108964034,0.3824476650563607,0.5703166935050993,2.6435856146001075,0.8521202361782072,0.040257648953301126,,,,,,
9,55.83064949006978,39.60010735373054,0.4092860976918948,0.6239935587761675,2.6435856146001075,0.8521202361782072,0.040257648953301126,,,,,,
10,55.66961889425657,39.57326892109501,0.4092860976918948,0.6709608158883521,2.791196994095545,0.8454106280193237,0.040257648953301126,,,,,,
11,47.62479871175523,32.2866344605475,0.18115942028985507,0.35560923242082665,12.453032742887816,0.41599570585077833,6.421095008051529,0.2281266774020397,0.03354804079441761,,,,
12,41.27079978529254,37.90257648953301,2.0933977455716586,0.36231884057971014,12.365807836822329,0.41599570585077833,5.287171229200215,0.2549651100375738,0.026838432635534086,0.020128824476650563,,,
13,38.077026301663984,36.171497584541065,2.006172839506173,0.39586688137412773,17.277241009125067,0.41599570585077833,5.300590445517981,0.28180354267310787,0.026838432635534086,0.04696725711218465,,,
14,38.06360708534621,36.252012882447666,1.9860440150295222,0.4025764895330113,16.99543746645196,0.41599570585077833,5.287171229200215,0.48980139559849706,0.06038647342995169,0.04696725711218465,,,
15,34.13177670424047,40.264358561460014,1.9659151905528718,0.5501878690284487,16.820987654320987,0.41599570585077833,5.253623188405797,0.48980139559849706,0.06038647342995169,0.04696725711218465,,,
16,33.44068706387547,38.49302200751476,1.9659151905528718,0.5971551261406334,19.129092860976918,0.41599570585077833,5.213365539452496,0.6105743424584005,0.08722490606548577,0.04696725711218465,,,
17,29.21363392377885,32.420826623725176,0.8185721953837896,0.5300590445517982,31.93102522812668,0.14090177133655393,4.240472356414386,0.6642512077294686,0.026838432635534086,0.013419216317767043,,,
18,29.468599033816425,32.14573268921095,0.7581857219538379,0.644122383252818,31.870638754696724,0.14090177133655393,4.240472356414386,0.6910896403650026,0.026838432635534086,0.013419216317767043,,,
19,29.49543746645196,32.35373054213634,0.7581857219538379,0.5971551261406334,31.696188942565755,0.14090177133655393,4.200214707461084,0.7045088566827697,0.040257648953301126,0.013419216317767043,,,
20,29.414922168545356,31.97128287707998,1.8853998926462694,0.6038647342995169,30.891035963499732,0.020128824476650563,4.186795491143317,0.9728931830381106,0.040257648953301126,0.013419216317767043,,,
21,29.448470209339774,30.02549651100376,2.0531400966183573,0.6105743424584005,30.52200751476114,0.24154589371980675,6.045356951154052,0.9997316156736447,0.040257648953301126,0.013419216317767043,,,
22,29.61621041331186,29.750402576489535,2.033011272141707,0.7716049382716049,30.320719269994633,0.28180354267310787,6.0587761674718195,1.1272141706924315,0.040257648953301126,,,,
23,29.314278046162105,29.334406870638755,2.046430488459474,0.8118625872249061,30.938003220611915,0.30864197530864196,6.031937734836285,1.1473429951690821,0.06709608158883522,,,,
24,29.582662372517444,29.13311862587225,2.033011272141707,1.0064412238325282,30.703166935050994,0.33548040794417605,5.984970477724101,1.1540526033279657,0.06709608158883522,,,,
25,29.146537842190018,28.804347826086957,1.9860440150295222,1.1003757380568975,31.427804616210413,0.33548040794417605,5.897745571658615,1.2077294685990339,0.0939345142243693,,,,
26,29.09286097691895,28.522544283413847,3.1535158346752548,1.2278582930756843,31.353998926462694,0.36231884057971014,4.938271604938271,1.261406333870102,0.08722490606548577,,,,
27,28.59634997316157,27.58990874932904,3.0931293612453032,1.0869565217391304,32.91733762748255,0.3757380568974772,4.898013955984971,1.261406333870102,0.15432098765432098,0.026838432635534086,,,
28,28.864734299516908,27.428878153515836,3.0931293612453032,1.0869565217391304,32.66237251744498,0.4830917874396135,4.830917874396135,1.328502415458937,0.19457863660762212,0.026838432635534086,,,
29,28.529253891572733,27.925389157273216,3.113258185721954,1.3754696725711217,32.326892109500804,0.47638217928073,4.703435319377348,1.3486312399355878,0.17444981213097155,0.026838432635534086,,,
30,28.703703703703702,27.4020397208803,3.0931293612453032,1.4626945786366077,32.19940955448202,0.47638217928073,4.85775630703167,1.5767579173376274,0.20128824476650564,0.026838432635534086,,,
31,28.891572732152444,27.30139559849705,3.052871712292002,1.6304347826086956,31.97128287707998,0.47638217928073,4.8376274825550185,1.5767579173376274,0.20128824476650564,0.06038647342995169,,,
32,25.44283413848631,28.026033279656467,3.052871712292002,1.724369296833065,33.87010198604401,0.3488996242619431,5.662909286097692,1.6103059581320451,0.20128824476650564,0.06038647342995169,,,
33,24.44981213097155,27.033011272141707,1.4761137949543746,1.6237251744498122,39.51959205582394,0.3488996242619431,3.965378421900161,1.442565754159957,0.14090177133655393,,,,
34,24.724906065485776,26.90552871712292,1.4761137949543746,1.6438539989264627,39.19753086419753,0.3488996242619431,3.9452495974235107,1.6170155662909287,0.14090177133655393,,,,
35,19.28341384863124,31.93102522812668,6.152710681696189,1.3150831991411702,35.319377348362856,0.27509393451422437,3.8915727321524423,1.583467525496511,0.1878690284487386,0.06038647342995169,,,
36,18.263553408480945,31.45464304884595,4.783950617283951,1.5901771336553945,37.567096081588836,0.28180354267310787,4.294149221685454,1.6103059581320451,0.0939345142243693,0.06038647342995169,,,
37,18.739935587761675,31.0654857756307,4.7638217928073,1.7444981213097155,36.69484702093398,1.0735373054213635,4.253891572732153,1.5096618357487923,0.0939345142243693,0.06038647342995169,,,
38,19.03515834675255,30.96484165324745,2.932098765432099,1.737788513150832,36.39291465378422,1.0735373054213635,6.152710681696189,1.6170155662909287,0.0939345142243693,,,,
39,18.243424584004295,30.394524959742352,2.9589371980676327,2.2208803005904456,34.94363929146538,1.2949543746645196,8.232689210950081,1.6170155662909287,0.0939345142243693,,,,
40,18.19645732689211,30.099302200751477,2.8650026838432634,2.428878153515835,31.4345142243693,0.9863123993558777,12.661030595813205,1.2345679012345678,0.0939345142243693,,,,
41,18.605743424584006,29.911433172302736,2.885131508319914,2.5026838432635534,31.031937734836287,0.9728931830381106,12.47987117552335,1.3888888888888888,0.19457863660762212,0.026838432635534086,,,
42,19.048577563070317,29.663177670424048,2.8650026838432634,2.5563607085346214,30.797101449275363,0.9728931830381106,12.406065485775631,1.4694041867954912,0.19457863660762212,0.026838432635534086,,,
43,19.504830917874397,29.414922168545356,2.9052603327965647,2.5429414922168547,30.495169082125603,1.247987117552335,12.171229200214707,1.4962426194310252,0.19457863660762212,0.026838432635534086,,,
44,18.733225979602793,26.362050456253353,3.140096618357488,2.214170692431562,34.48067632850242,1.2412775093934514,12.117552334943639,1.4895330112721417,0.2214170692431562,,,,
45,17.12962962962963,27.811325818572197,3.0931293612453032,2.462426194310252,34.4068706387547,1.2748255501878691,12.010198604401502,1.5901771336553945,0.2214170692431562,,,,
46,16.928341384863124,27.47584541062802,3.140096618357488,2.408749329039184,34.97047772410091,1.2681159420289856,12.037037037037036,1.5499194847020934,0.2214170692431562,,,,
47,17.216854535695116,27.167203435319376,3.1199677938808374,2.9119699409554483,34.514224369296834,1.2681159420289856,11.929683306494901,1.6639828234031133,0.20799785292538917,,,,
48,14.982555018786902,32.588566827697264,3.026033279656468,2.7979066022544283,29.408212560386474,1.1876006441223832,14.163982823403114,1.6237251744498122,0.20799785292538917,0.013419216317767043,,,
49,15.425389157273216,32.22624798711755,2.999194847020934,3.207192699946323,28.012614063338702,1.1406333870101986,15.163714439076758,1.583467525496511,0.20799785292538917,0.03354804079441761,,,
50,15.727321524422974,31.904186795491142,2.9253891572732154,3.3011272141706924,27.72410091250671,1.3955984970477724,15.11003757380569,1.570048309178744,0.30193236714975846,0.040257648953301126,,,
51,15.854804079441761,31.367418142780462,2.9253891572732154,3.3480944712828773,27.03972088030059,2.8515834675254963,14.687332259796028,1.583467525496511,0.30193236714975846,0.040257648953301126,,,
52,14.814814814814815,35.19189479334407,2.885131508319914,3.4420289855072466,24.912775093934513,2.804616210413312,14.016371443907676,1.5633387010198605,0.32877079978529256,0.040257648953301126,,,
53,15.150295222758992,34.936929683306495,2.831454643048846,3.5628019323671496,24.785292538915726,2.7979066022544283,13.969404186795492,1.596886741814278,0.32877079978529256,0.040257648953301126,,,
54,15.042941492216855,34.292807300053674,4.730273752012883,3.2206119162640903,24.651100375738057,3.099838969404187,13.01663982823403,1.583467525496511,0.322061191626409,0.040257648953301126,,,
55,12.399355877616747,27.67042404723564,2.2611379495437465,2.7308105206655933,33.9573268921095,3.656736446591519,16.129898013955984,0.9125067096081588,0.2147074610842727,0.06709608158883522,,,
56,12.587224906065487,27.388620504562535,3.3682232957595275,2.6838432635534084,33.15888352120236,3.44873859366613,15.780998389694043,1.1674718196457328,0.3488996242619431,0.06709608158883522,,,
57,13.050187869028449,27.079978529253893,3.3548040794417604,3.0394524959742353,32.9777241009125,3.2004830917874396,15.687063875469672,1.1943102522812667,0.3488996242619431,0.06709608158883522,,,
58,13.211218464841654,26.7512077294686,3.3682232957595275,3.2742887815351582,32.84353193773484,2.8650026838432634,15.96886741814278,1.2815351583467525,0.36902844873859364,0.06709608158883522,,,
59,13.358829844337091,26.362050456253353,3.4621578099838968,3.643317230273752,32.64224369296833,2.85829307568438,15.83467525496511,1.3687600644122384,0.4025764895330113,0.06709608158883522,,,
60,13.399087493290391,26.147342995169083,2.3886205045625335,3.6768652710681695,34.447128287708,2.818035426731079,15.539452495974235,1.0869565217391304,0.4025764895330113,0.0939345142243693,,,
61,13.768115942028986,25.946054750402578,2.368491680085883,3.7372517444981215,34.333064949006975,2.7442297369833604,15.479066022544284,1.107085346215781,0.4227053140096618,0.0939345142243693,,,
62,14.090177133655395,25.751476113794954,2.395330112721417,3.8177670424047236,33.78958668813741,3.0595813204508855,15.076489533011273,1.4694041867954912,0.4562533548040794,0.0939345142243693,,,
63,12.04374664519592,34.41358024691358,2.536231884057971,2.8918411164787976,29.95169082125604,2.8381642512077296,13.446054750402576,1.3553408480944713,0.4294149221685454,0.0939345142243693,,,
64,12.211486849168008,34.333064949006975,2.5295222758990876,2.9052603327965647,29.857756307031668,2.8650026838432634,13.33870101986044,1.4358561460010735,0.4294149221685454,0.0939345142243693,,,
65,11.829039184111648,33.95061728395062,3.2139023081052067,2.6704240472356413,31.689479334406872,2.2946859903381642,12.318840579710145,1.5432098765432098,0.39586688137412773,0.0939345142243693,,,
66,8.809715512614064,42.99516908212561,2.214170692431562,1.9927536231884058,28.37493290391841,2.38191089640365,11.3593666129898,1.3419216317767042,0.4025764895330113,0.1274825550187869,,,
67,9.178743961352657,42.68652710681696,2.1604938271604937,2.01959205582394,28.113258185721953,2.4020397208803006,11.345947396672035,1.5365002683843263,0.4294149221685454,0.1274825550187869,,,
68,8.80300590445518,41.237251744498124,2.059849704777241,1.583467525496511,30.387815351583466,2.227589908749329,11.493558776167472,1.6371443907675791,0.4428341384863124,0.1274825550187869,,,
69,9.473966720343531,40.80112721417069,2.033011272141707,1.6438539989264627,30.06575415995706,2.227589908749329,11.419753086419753,1.751207729468599,0.4562533548040794,0.1274825550187869,,,
70,9.789318303811058,40.4320987654321,2.6637144390767578,1.8183038110574343,29.220343531937736,2.214170692431562,11.325818572195384,1.9189479334406871,0.48980139559849706,0.1274825550187869,,,
71,10.104669887278583,40.29790660225443,2.677133655394525,2.086688137412775,28.891572732152444,2.214170692431562,11.16478797638218,1.9390767579173376,0.49651100375738055,0.1274825550187869,,,
72,9.977187332259795,33.15888352120236,9.789318303811058,2.120236178207193,28.395061728395063,2.8918411164787976,11.057434245840042,1.9927536231884058,0.46967257112184646,0.1274825550187869,0.020128824476650563,,
73,10.178475577026301,32.9777241009125,9.822866344605474,2.5161030595813205,28.019323671497585,2.85829307568438,11.037305421363392,1.9927536231884058,0.4495437466451959,0.1274825550187869,0.020128824476650563,,
74,10.50053676865271,32.76301663982824,9.75577026301664,2.6167471819645733,27.80461621041331,2.8650026838432634,10.983628556092324,2.1135265700483092,0.4562533548040794,0.12077294685990338,0.020128824476650563,,
75,10.916532474503489,31.944444444444443,9.614868491680086,3.3145464304884595,27.576489533011273,2.8650026838432634,10.976918947933441,2.187332259796028,0.4294149221685454,0.15432098765432098,0.020128824476650563,,
76,10.245571658615138,27.053140096618357,9.326355340848094,2.576489533011272,22.14170692431562,4.052603327965647,21.886741814278047,1.90552871712292,0.41599570585077833,0.3757380568974772,0.020128824476650563,,
77,10.768921095008052,26.663982823403114,7.152442297369833,2.6301663982823404,21.712292002147073,4.374664519592056,24.04723564143854,2.0128824476650564,0.41599570585077833,0.20128824476650564,0.020128824476650563,,
78,11.017176596886742,26.40901771336554,7.112184648416532,3.1199677938808374,21.07487922705314,4.367954911433173,23.993558776167472,2.26784755770263,0.41599570585077833,0.20128824476650564,0.020128824476650563,,
79,11.292270531400966,26.073537305421365,8.004562533548041,3.3682232957595275,20.229468599033815,4.341116478797638,23.852657004830917,2.1068169618894257,0.5099302200751477,0.20128824476650564,0.020128824476650563,,
80,11.627750939345143,25.87224906065486,8.165593129361245,3.670155662909286,19.699409554482017,4.314278046162104,23.772141706924316,2.120236178207193,0.5367686527106817,0.20128824476650564,0.020128824476650563,,
81,11.117820719269995,23.03408480944713,9.01100375738057,3.8177670424047236,18.156199677938808,8.702361782071927,23.05421363392378,2.3483628556092326,0.5367686527106817,0.20128824476650564,0.020128824476650563,,
82,11.439881910896403,22.799248523886206,8.943907675791733,3.938539989264627,18.06897477187332,8.695652173913043,22.879763821792807,2.408749329039184,0.5703166935050993,0.20128824476650564,0.020128824476650563,0.03354804079441761,
83,11.77536231884058,22.611379495437465,8.903650026838433,3.965378421900161,18.00187869028449,8.655394524959743,22.638217928073,2.563070316693505,0.6038647342995169,0.20128824476650564,0.020128824476650563,0.06038647342995169,
84,11.929683306494901,22.571121846484164,8.93719806763285,3.978797638217928,17.92807300053677,8.608427267847558,22.510735373054214,2.5966183574879227,0.630703166935051,0.20128824476650564,0.020128824476650563,0.08722490606548577,
85,12.218196457326892,22.52415458937198,8.849973161567364,3.978797638217928,17.807300053676865,8.648684916800859,22.41009125067096,2.6502952227589907,0.630703166935051,0.20128824476650564,0.020128824476650563,0.06038647342995169,
86,11.708266237251744,19.269994632313473,8.588298443370908,3.8580246913580245,30.10601180891036,7.997852925389157,15.022812667740205,2.6435856146001075,0.5166398282340311,0.2281266774020397,0.020128824476650563,0.040257648953301126,
87,11.902844873859367,17.98174986580784,8.581588835212024,3.784219001610306,26.972624798711756,12.5,14.834943639291465,2.61003757380569,0.5166398282340311,0.2147074610842727,0.020128824476650563,0.08051529790660225,
88,11.996779388083736,17.921363392377884,8.55475040257649,3.7775093934514223,27.126945786366075,12.466451959205582,14.492753623188406,2.8247450348899625,0.49651100375738055,0.20799785292538917,0.05367686527106817,0.08051529790660225,
89,11.681427804616211,17.659688674181428,8.205850778314547,3.629898013955985,26.8719806763285,12.238325281803542,16.29092860976919,2.589908749329039,0.5032206119162641,0.20128824476650564,0.04696725711218465,0.08051529790660225,
90,11.949812130971551,17.57246376811594,8.071658615136876,3.6768652710681695,26.69753086419753,12.198067632850242,16.17686527106817,2.677133655394525,0.5300590445517982,0.2952227589908749,0.04696725711218465,0.10735373054213634,
91,11.79549114331723,17.921363392377884,8.011272141706923,3.7104133118625873,26.590177133655395,12.124261943102523,16.069511540526033,2.6972624798711755,0.5636070853462157,0.36231884057971014,0.04696725711218465,0.10735373054213634,
92,11.560654857756306,17.317498658078367,4.3478260869565215,3.8043478260869565,25.6105743424584,11.862587224906065,21.571390230810522,2.690552871712292,0.8521202361782072,0.19457863660762212,0.04696725711218465,0.14090177133655393,
93,11.131239935587761,14.566559312936125,4.193505099302201,4.643048845947397,19.92753623188406,9.192163177670425,33.1454643048846,2.187332259796028,0.6642512077294686,0.18115942028985507,0.026838432635534086,0.14090177133655393,
94,11.057434245840042,14.452495974235104,4.193505099302201,4.696725711218465,20.081857219538378,9.23913043478261,32.971014492753625,2.2611379495437465,0.6977992485238862,0.18115942028985507,0.026838432635534086,0.14090177133655393,
95,11.29898013955985,14.304884594739667,4.200214707461084,4.757112184648417,19.940955448201827,9.232420826623725,32.83682232957595,2.301395598497048,0.7447665056360708,0.18115942028985507,0.06038647342995169,0.14090177133655393,
96,11.540526033279656,14.278046162104133,4.200214707461084,5.025496511003757,19.860440150295222,8.964036500268385,32.6154052603328,2.3483628556092326,0.7716049382716049,0.18115942028985507,0.06038647342995169,0.13419216317767044,0.020128824476650563
97,11.802200751476114,14.257917337627482,4.394793344068707,5.018786902844874,19.538378958668815,8.93719806763285,32.15244229736983,2.6972624798711755,0.8051529790660226,0.18115942028985507,0.06038647342995169,0.13419216317767044,0.020128824476650563
98,12.184648416532475,14.204240472356414,4.260601180891036,5.025496511003757,19.51154052603328,8.82313472893183,31.91760601180891,2.6435856146001075,0.9192163177670424,0.2683843263553409,0.06038647342995169,0.13419216317767044,0.04696725711218465
99,12.573805689747719,13.982823403113258,4.314278046162104,5.045625335480408,19.350509930220074,8.890230810520666,31.723027375201287,2.6637144390767578,0.9192163177670424,0.2683843263553409,0.05367686527106817,0.16774020397208803,0.04696725711218465
100,12.734836285560924,13.808373590982287,4.26731078904992,5.059044551798175,19.310252281266774,9.111647879763822,31.5150295222759,2.6637144390767578,0.9930220075147611,0.2683843263553409,0.05367686527106817,0.16774020397208803,0.04696725711218465
101,11.198336017176597,11.29898013955985,6.769994632313473,4.555823939881911,28.683574879227052,5.421363392377885,28.401771336553946,2.38191089640365,0.9863123993558777,0.23483628556092323,0.03354804079441761,0.013419216317767043,0.020128824476650563
102,9.111647879763822,6.951154052603328,6.092324208266238,3.0931293612453032,40.264358561460014,4.74369296833065,25.986312399355878,2.4154589371980677,1.0064412238325282,0.2885131508319914,0.03354804079441761,0.013419216317767043,
103,9.373322597960279,6.937734836285561,6.025228126677402,3.1065485775630703,38.87546967257112,4.7638217928073,25.93263553408481,3.616478797638218,0.9796027911969941,0.3421900161030596,0.03354804079441761,0.013419216317767043,
104,9.574610842726784,6.9310252281266775,5.9447128287707995,3.140096618357488,38.466183574879224,4.74369296833065,25.79844337090714,3.978797638217928,1.0064412238325282,0.36902844873859364,0.03354804079441761,0.013419216317767043,
105,9.836285560923242,6.89747718733226,5.917874396135265,3.126677402039721,38.27160493827161,4.64975845410628,25.5300590445518,4.045893719806763,0.9930220075147611,0.6843800322061192,0.03354804079441761,0.013419216317767043,
106,10.030864197530864,6.884057971014493,5.911164787976382,3.1333870101986045,37.5805152979066,4.5893719806763285,25.37573805689748,4.703435319377348,1.0265700483091786,0.7179280730005367,0.03354804079441761,0.013419216317767043,
107,10.433440687063875,6.837090713902308,5.5756843800322065,3.166935050993022,37.3792270531401,4.562533548040794,25.328770799785293,4.891304347826087,1.0601180891035964,0.7179280730005367,0.03354804079441761,0.013419216317767043,
108,10.701825013419215,6.837090713902308,6.152710681696189,3.1535158346752548,37.05716586151369,4.3478260869565215,25.006709608158882,4.8443370907139025,1.0802469135802468,0.8051529790660226,,0.013419216317767043,
109,11.023886205045626,6.716317767042405,6.125872249060655,3.166935050993022,36.2788513150832,5.038915727321524,24.288781535158346,5.320719269994632,1.1943102522812667,0.8319914117015567,,0.013419216317767043,
110,11.352657004830919,6.454643048845948,5.609232420826624,3.4957058507783145,34.58803005904455,4.830917874396135,25.44283413848631,6.179549114331723,1.2412775093934514,0.8051529790660226,,,
111,11.52710681696189,6.347289318303811,5.548845947396672,4.898013955984971,33.702361782071925,4.797369833601718,25.147611379495437,5.991680085882985,1.2412775093934514,0.798443370907139,,,
112,11.580783682232958,6.347289318303811,7.991143317230274,4.884594739667204,32.80327428878154,4.797369833601718,24.241814278046164,5.35426731078905,1.1808910359634996,0.8185721953837896,,,
113,11.802200751476114,6.233225979602791,7.937466451959206,4.918142780461621,32.30005367686527,4.851046698872786,24.060654857756308,5.857487922705314,1.221148684916801,0.8185721953837896,,,
114,12.070585077831455,6.199677938808374,7.897208803005904,5.132850241545894,32.098765432098766,4.8376274825550185,23.859366612989803,5.8239398819108965,1.261406333870102,0.8185721953837896,,,
115,12.238325281803542,6.132581857219538,7.87037037037037,5.401234567901234,31.870638754696724,4.804079441760601,23.47691894793344,6.085614600107354,1.3016639828234031,0.8185721953837896,,,
116,12.426194310252281,6.132581857219538,7.863660762211487,5.421363392377885,31.42109500805153,4.824208266237251,23.34272678475577,6.353998926462695,1.3352120236178207,0.8789586688137413,,,
117,11.869296833064949,5.689747718733226,17.236983360171767,5.4549114331723025,30.320719269994633,4.260601180891036,18.276972624798713,4.898013955984971,1.1272141706924315,0.8655394524959742,,,
118,11.60762211486849,5.662909286097692,17.11621041331186,5.770263016639828,30.152979066022546,4.166666666666667,18.840579710144926,4.683306494900698,1.107085346215781,0.8923778851315083,,,
119,11.768652710681696,5.609232420826624,17.01556629092861,6.179549114331723,29.71014492753623,4.40150295222759,18.50509930220075,4.783950617283951,1.0802469135802468,0.9460547504025765,,,
120,12.164519592055823,5.535426731078905,13.305152979066023,6.139291465378422,29.394793344068706,4.30756843800322,21.900161030595815,5.12614063338701,1.1540526033279657,0.9728931830381106,,,
121,12.406065485775631,5.522007514761138,13.264895330112722,6.078904991948471,29.26731078904992,4.280730005367687,21.880032206119164,5.132850241545894,1.1943102522812667,0.9728931830381106,,,
122,12.822061191626409,5.495169082125604,13.150831991411701,6.052066559312936,29.032474503488995,4.247181964573269,21.76596886741814,5.24020397208803,1.1943102522812667,0.9997316156736447,,,
123,12.969672571121846,5.495169082125604,12.969672571121846,6.018518518518518,28.670155662909288,4.3545356951154055,21.175523349436393,6.099033816425121,1.1943102522812667,1.0534084809447128,,,
124,12.13768115942029,5.475040257648954,12.298711755233494,5.891035963499732,33.803005904455176,3.750670960815888,18.853998926462694,5.8172302737520125,1.0064412238325282,0.966183574879227,,,
125,12.399355877616747,5.374396135265701,12.258454106280194,6.159420289855072,33.373590982286636,3.7372517444981215,18.719806763285025,5.857487922705314,1.1003757380568975,1.0198604401502953,,,
126,11.506977992485238,4.367954911433173,10.319377348362856,5.5689747718733225,37.1309715512614,3.207192699946323,20.38378958668814,5.4549114331723025,1.1003757380568975,0.9594739667203436,,,
127,11.75523349436393,4.367954911433173,10.238862050456254,5.60252281266774,36.74852388620504,3.166935050993022,20.343531937734838,5.750134192163178,1.1003757380568975,0.9259259259259259,,,
128,12.057165861513688,4.367954911433173,10.25228126677402,5.870907139023081,36.553945249597426,3.166935050993022,20.00805152979066,5.723295759527644,1.0735373054213635,0.9259259259259259,,,
129,9.903381642512077,3.535963499731616,10.34621578099839,4.824208266237251,48.92646269457864,2.4825550187869028,13.707729468599034,4.830917874396135,0.5166398282340311,0.9259259259259259,,,
130,8.28636607622115,3.3279656468062266,9.943639291465379,3.44873859366613,59.896672034353195,1.9793344068706387,9.004294149221685,2.932098765432099,0.33548040794417605,0.8454106280193237,,,
131,8.13875469672571,3.099838969404187,10.943370907139023,3.240740740740741,60.889694041867955,1.9122383252818036,8.360171765968868,2.2074610842726785,0.36902844873859364,0.8387010198604401,,,
132,8.413848631239935,3.0864197530864197,10.876274825550189,3.240740740740741,60.44015029522276,1.9256575415995705,8.28636607622115,2.536231884057971,0.36902844873859364,0.8252818035426731,,,
133,8.668813741277509,3.079710144927536,10.064412238325282,5.394524959742351,60.950080515297905,1.8518518518518519,6.521739130434782,2.2611379495437465,0.38915727321524424,0.8185721953837896,,,
134,8.896940418679549,3.079710144927536,10.044283413848632,5.414653784219001,60.61460010735373,1.8518518518518519,6.521739130434782,2.368491680085883,0.38915727321524424,0.8185721953837896,,,
135,9.192163177670425,3.079710144927536,10.064412238325282,5.9514224369296835,59.35319377348363,1.8518518518518519,6.488191089640365,2.6838432635534084,0.5166398282340311,0.8185721953837896,,,
136,9.447128287707997,3.079710144927536,15.707192699946322,6.743156199677939,52.50939345142244,1.8317230273752012,6.454643048845948,2.844873859366613,0.5300590445517982,0.8521202361782072,,,
137,9.702093397745571,3.0595813204508855,15.626677402039721,6.709608158883521,52.19404186795491,1.8853998926462694,6.481481481481482,2.9388083735909825,0.5300590445517982,0.8722490606548577,,,
138,9.943639291465379,2.8515834675254963,11.56736446591519,6.756575415995706,50.878958668813745,2.200751476113795,11.305689747718732,3.0931293612453032,0.5300590445517982,0.8722490606548577,,,
139,9.581320450885668,1.8988191089640365,11.426462694578637,6.696188942565755,50.56360708534621,1.9793344068706387,13.352120236178207,3.1736446591519054,0.5300590445517982,0.798443370907139,,,
140,9.86983360171766,1.9189479334406871,11.16478797638218,6.6827697262479875,50.26838432635534,2.0128824476650564,13.211218464841654,3.3816425120772946,0.5233494363929146,0.966183574879227,,,
141,9.292807300053678,1.8853998926462694,11.52710681696189,6.353998926462695,50.83199141170156,2.214170692431562,13.144122383252817,3.1333870101986045,0.6575415995705851,0.9594739667203436,,,
142,8.28636607622115,1.8853998926462694,8.588298443370908,5.736714975845411,56.125872249060656,3.0595813204508855,12.13768115942029,2.9924852388620504,0.5636070853462157,0.6239935587761675,,,
143,6.474771873322598,0.630703166935051,7.830112721417069,4.53569511540526,62.96967257112185,2.6033279656468062,10.923242082662373,2.7509393451422435,0.5636070853462157,0.7179280730005367,,,
144,6.843800322061192,0.6239935587761675,7.7898550724637685,4.53569511540526,62.533548040794415,2.5966183574879227,10.869565217391305,2.9253891572732154,0.5636070853462157,0.7179280730005367,,,
145,7.139023081052066,0.6239935587761675,7.823403113258186,4.555823939881911,62.19806763285024,2.61003757380569,10.755501878690284,2.9790660225442833,0.5636070853462157,0.7514761137949544,,,
146,7.326892109500805,0.6172839506172839,7.716049382716049,4.757112184648417,61.9296833064949,2.623456790123457,10.681696188942565,3.0595813204508855,0.5367686527106817,0.7514761137949544,,,
147,7.427536231884058,0.6172839506172839,8.501073537305421,4.62962962962963,61.3191089640365,2.623456790123457,10.037573805689748,3.488996242619431,0.6709608158883521,0.6843800322061192,,,
148,7.9039184111647875,0.6172839506172839,8.474235104669887,4.62962962962963,60.158346752549654,2.952227589908749,9.977187332259795,3.9318303811057436,0.6709608158883521,0.6843800322061192,,,
149,8.172302737520129,0.6172839506172839,8.407139023081053,4.609500805152979,58.319914117015564,3.140096618357488,9.91009125067096,5.4616210413311865,0.6709608158883521,0.6642512077294686,0.026838432635534086,,
150,8.601717659688674,0.6172839506172839,8.373590982286634,4.891304347826087,57.769726247987116,3.079710144927536,9.782608695652174,5.4549114331723025,0.7380568974771873,0.6642512077294686,0.026838432635534086,,
151,8.910359634997317,0.6172839506172839,8.393719806763285,4.871175523349437,57.27321524422974,3.052871712292002,9.762479871175524,5.689747718733226,0.7380568974771873,0.6642512077294686,0.026838432635534086,,
152,9.400161030595813,0.6105743424584005,8.387010198604402,4.824208266237251,56.52844873859367,3.066290928609769,9.675254965110037,6.112453032742888,0.7045088566827697,0.6642512077294686,0.026838432635534086,,
153,9.614868491680086,0.6105743424584005,8.99087493290392,4.696725711218465,55.683038110574344,3.2541599570585076,9.581320450885668,6.078904991948471,0.7380568974771873,0.6977992485238862,0.026838432635534086,0.026838432635534086,
154,9.930220075147611,0.6105743424584005,8.930488459473967,4.690016103059581,55.421363392377884,3.2541599570585076,9.574610842726784,6.025228126677402,0.7783145464304885,0.7313472893183038,0.026838432635534086,0.026838432635534086,
155,10.205314009661835,0.6105743424584005,8.876811594202898,4.891304347826087,54.468599033816425,3.2877079978529253,9.50751476113795,6.494900697799249,0.7716049382716049,0.8319914117015567,0.026838432635534086,0.026838432635534086,
156,10.151637144390767,0.49651100375738055,8.393719806763285,4.817498658078368,54.629629629629626,3.294417606011809,10.057702630166398,6.461352657004831,0.798443370907139,0.8454106280193237,0.026838432635534086,0.026838432635534086,
157,10.205314009661835,0.4495437466451959,8.400429414922169,4.777241009125067,54.37466451959206,3.2877079978529253,10.030864197530864,6.723027375201288,0.8252818035426731,0.8387010198604401,0.06038647342995169,0.026838432635534086,
158,10.520665593129362,0.4495437466451959,8.279656468062266,4.777241009125067,53.69028448738594,4.575952764358561,9.192163177670425,6.743156199677939,0.7783145464304885,0.8722490606548577,0.0939345142243693,0.026838432635534086,
159,10.836017176596886,0.4495437466451959,8.225979602791197,4.985238862050457,53.28099838969404,4.522275899087493,9.16532474503489,6.756575415995706,0.7783145464304885,0.8789586688137413,0.0939345142243693,0.026838432635534086,
160,11.084272678475577,0.4495437466451959,8.225979602791197,5.045625335480408,52.69055287171229,4.703435319377348,9.131776704240472,6.904186795491143,0.7648953301127214,0.8789586688137413,0.0939345142243693,0.026838432635534086,
161,11.252012882447666,0.4495437466451959,8.172302737520129,5.032206119162641,52.47584541062802,4.770531400966184,9.084809447128288,6.9243156199677935,0.8051529790660226,0.9125067096081588,0.0939345142243693,0.026838432635534086,
162,11.708266237251744,0.4495437466451959,8.085077831454644,4.9718196457326895,52.12694578636608,4.797369833601718,9.057971014492754,6.904186795491143,0.8454106280193237,0.9326355340848095,0.0939345142243693,0.026838432635534086,
163,12.070585077831455,0.4495437466451959,8.024691358024691,4.931561996779388,51.48282340311326,4.783950617283951,9.004294149221685,7.367149758454106,0.8454106280193237,0.9326355340848095,0.08051529790660225,0.026838432635534086,
164,12.298711755233494,0.43612453032742887,7.7831454643048845,5.193236714975845,51.0601180891036,4.810789049919484,8.957326892109501,7.575147611379496,0.8454106280193237,0.9326355340848095,0.08051529790660225,0.026838432635534086,
165,12.580515297906603,0.43612453032742887,7.6556629092860975,5.293880837359098,50.59044551798175,5.146269457863661,8.776167471819646,7.675791733762749,0.8118625872249061,0.9057971014492754,0.10064412238325282,0.026838432635534086,
166,12.848899624261943,0.43612453032742887,7.541599570585078,5.307300053676865,50.19457863660762,5.233494363929147,8.76274825550188,7.749597423510467,0.8990874932903918,0.8990874932903918,0.10064412238325282,0.026838432635534086,
167,12.855609232420827,0.43612453032742887,7.883789586688137,5.314009661835748,49.69135802469136,5.46833064949007,8.715780998389693,7.763016639828234,0.8789586688137413,0.8990874932903918,0.06709608158883522,0.026838432635534086,
168,13.103864734299517,0.43612453032742887,7.816693505099302,5.320719269994632,49.37600644122383,5.535426731078905,8.682232957595277,7.809983896940419,0.9460547504025765,0.8789586688137413,0.06709608158883522,0.026838432635534086,
169,13.41250670960816,0.43612453032742887,7.742887815351583,5.4549114331723025,48.57085346215781,5.522007514761138,8.628556092324208,8.3064949006978,0.9728931830381106,0.8722490606548577,0.05367686527106817,0.026838432635534086,
170,13.821792807300053,0.43612453032742887,7.514761137949543,5.535426731078905,48.00053676865271,5.448201825013419,9.125067096081589,8.11862587224906,1.107085346215781,0.8454106280193237,0.020128824476650563,0.026838432635534086,
171,14.056629092860977,0.43612453032742887,7.568438003220612,5.46833064949007,47.16854535695116,6.159420289855072,9.05126140633387,8.085077831454644,1.107085346215781,0.8521202361782072,0.020128824476650563,0.026838432635534086,
172,14.036500268384327,0.4227053140096618,7.246376811594203,5.407944176060118,46.96054750402576,6.018518518518518,9.950348899624261,8.125335480407944,0.9460547504025765,0.8118625872249061,0.04696725711218465,0.026838432635534086,
173,14.143853998926463,0.4227053140096618,7.25979602791197,5.374396135265701,46.725711218464845,5.9514224369296835,9.936929683306495,8.360171765968868,0.9192163177670424,0.7917337627482555,0.08722490606548577,0.026838432635534086,
174,14.412238325281804,0.4227053140096618,7.246376811594203,5.35426731078905,46.564680622651636,5.924584004294149,9.86983360171766,8.3467525496511,0.95276435856146,0.7917337627482555,0.08722490606548577,0.026838432635534086,
175,14.445786366076222,0.4227053140096618,7.206119162640902,5.3341384863123995,45.78636607622115,7.14573268921095,9.71551261406334,8.111916264090176,0.95276435856146,0.7648953301127214,0.08722490606548577,0.026838432635534086,
176,14.620236178207193,0.4227053140096618,7.179280730005368,5.683038110574342,45.21604938271605,7.1658615136876005,9.742351046698873,8.158883521202362,0.9326355340848095,0.7648953301127214,0.08722490606548577,0.026838432635534086,
177,14.754428341384862,0.4227053140096618,7.159151905528717,5.589103596349974,45.08185721953838,7.139023081052066,9.923510466988727,8.111916264090176,0.9326355340848095,0.7716049382716049,0.08722490606548577,0.026838432635534086,
178,14.734299516908212,0.4227053140096618,8.655394524959743,5.535426731078905,44.256575415995705,7.139023081052066,9.225711218464841,8.192431561996779,0.9460547504025765,0.7514761137949544,0.08722490606548577,0.05367686527106817,
179,14.626945786366075,0.4227053140096618,8.641975308641975,6.977992485238862,42.99516908212561,7.14573268921095,9.192163177670425,8.132045088566828,0.9460547504025765,0.7514761137949544,0.11406333870101985,0.05367686527106817,
180,13.446054750402576,0.24154589371980675,8.420558239398819,5.978260869565218,47.356414385399894,6.635802469135802,8.756038647342995,7.4006977992485234,0.9393451422436929,0.7112184648416533,0.06038647342995169,0.05367686527106817,
181,13.613794954374665,0.24154589371980675,8.460815888352121,5.9514224369296835,47.00751476113795,6.843800322061192,8.695652173913043,7.4208266237251745,0.9393451422436929,0.7112184648416533,0.06038647342995169,0.05367686527106817,
182,13.982823403113258,0.24154589371980675,8.494363929146537,5.864197530864198,46.725711218464845,6.810252281266774,8.655394524959743,7.467793880837359,0.9594739667203436,0.6843800322061192,0.06038647342995169,0.05367686527106817,
183,13.92914653784219,0.24154589371980675,8.494363929146537,6.172839506172839,48.21524422973698,5.615942028985507,8.514492753623188,7.152442297369833,0.9594739667203436,0.5904455179817498,0.06038647342995169,0.05367686527106817,
184,14.036500268384327,0.24154589371980675,8.57487922705314,6.166129898013956,47.99382716049383,5.676328502415459,8.460815888352121,7.1725711218464845,0.9930220075147611,0.5703166935050993,0.06038647342995169,0.05367686527106817,
185,14.184111647879764,0.24154589371980675,8.870101986044014,6.099033816425121,46.91358024691358,5.508588298443371,9.41358024691358,7.132313472893183,0.95276435856146,0.5703166935050993,0.06038647342995169,0.05367686527106817,
186,14.318303811057435,0.24154589371980675,8.340042941492216,6.025228126677402,46.31642512077295,6.421095008051529,9.440418679549115,7.273215244229737,0.95276435856146,0.5703166935050993,0.06038647342995169,0.040257648953301126,
187,14.573268921095009,0.24154589371980675,8.266237251744498,5.991680085882985,46.14868491680086,6.521739130434782,9.380032206119163,7.199409554482019,0.9594739667203436,0.6172839506172839,0.06038647342995169,0.040257648953301126,
188,14.465915190552872,0.24154589371980675,7.87037037037037,6.025228126677402,45.779656468062264,6.5552871712292005,10.373054213633925,7.14573268921095,0.9259259259259259,0.5166398282340311,0.06038647342995169,0.040257648953301126,
189,14.231078904991948,0.24154589371980675,7.883789586688137,6.266774020397209,44.94095544820183,7.75630703166935,10.218733225979603,7.024959742351046,0.8454106280193237,0.5032206119162641,0.04696725711218465,0.040257648953301126,
190,14.51959205582394,0.23483628556092323,7.863660762211487,6.300322061191626,44.56521739130435,7.722758990874933,10.171765968867419,7.212828770799785,0.8185721953837896,0.5032206119162641,0.04696725711218465,0.040257648953301126,
191,14.714170692431562,0.23483628556092323,7.823403113258186,6.521739130434782,44.236446591519055,7.702630166398282,10.111379495437467,7.253086419753086,0.8454106280193237,0.49651100375738055,0.020128824476650563,0.040257648953301126,
192,14.606816961889425,0.23483628556092323,7.37385936661299,6.615673644659152,44.015029522275896,7.716049382716049,10.748792270531402,7.27992485238862,0.8521202361782072,0.49651100375738055,0.020128824476650563,0.040257648953301126,
193,14.74771873322598,0.23483628556092323,7.39398819108964,6.843800322061192,43.33064949006978,7.96430488459474,10.681696188942565,7.434245840042942,0.8521202361782072,0.4562533548040794,0.020128824476650563,0.040257648953301126,
194,14.969135802469136,0.23483628556092323,7.454374664519592,6.749865807836822,43.162909286097694,7.917337627482555,10.63472893183038,7.48792270531401,0.8521202361782072,0.47638217928073,0.020128824476650563,0.040257648953301126,
195,15.318035426731079,0.23483628556092323,7.4208266237251745,6.890767579173376,42.89452495974235,7.85024154589372,10.59447128287708,7.4141170155662905,0.8722490606548577,0.47638217928073,0.020128824476650563,0.013419216317767043,
