,45,50,55,51,52,54,53,56,57,58,59,61,60
0,99.54374664519592,0.4562533548040794,,,,,,,,,,,
1,99.16129898013956,0.8387010198604401,,,,,,,,,,,
2,93.06897477187333,6.91760601180891,0.013419216317767043,,,,,,,,,,
3,88.40579710144928,11.292270531400966,0.27509393451422437,0.026838432635534086,,,,,,,,,
4,81.42109500805152,18.276972624798713,0.27509393451422437,0.026838432635534086,,,,,,,,,
5,77.71739130434783,21.940418679549115,0.3153515834675255,0.026838432635534086,,,,,,,,,
6,77.10681696188942,22.517444981213096,0.3488996242619431,0.026838432635534086,,,,,,,,,
7,74.06736446591519,25.51663982823403,0.38915727321524424,0.026838432635534086,,,,,,,,,
8,73.2487922705314,25.925925925925927,0.41599570585077833,0.3421900161030596,0.06709608158883522,,,,,,,,
9,68.16290928609769,30.817230273752013,0.5837359098228664,0.3421900161030596,0.06709608158883522,0.026838432635534086,,,,,,,
10,54.37466451959206,44.50483091787439,0.644122383252818,0.3421900161030596,0.06709608158883522,0.026838432635534086,0.040257648953301126,,,,,,
11,48.30246913580247,41.52576489533011,0.48980139559849706,9.333064949006978,0.0939345142243693,,0.040257648953301126,0.2147074610842727,,,,,
12,42.48523886205046,45.09527643585615,0.5099302200751477,11.312399355877616,0.3421900161030596,,0.040257648953301126,0.2147074610842727,,,,,
13,41.84111647879764,45.18250134192163,0.7380568974771873,11.258722490606548,0.6843800322061192,0.040257648953301126,0.040257648953301126,0.2147074610842727,,,,,
14,40.693773483628554,45.893719806763286,1.221148684916801,11.332528180354267,0.6843800322061192,0.040257648953301126,,0.13419216317767044,,,,,
15,39.371980676328505,46.826355340848096,1.2748255501878691,11.332528180354267,0.6843800322061192,0.3757380568974772,,0.13419216317767044,,,,,
16,38.137412775093935,47.95356951154053,1.221148684916801,11.20504562533548,0.6642512077294686,0.6910896403650026,,0.1274825550187869,,,,,
17,37.546967257112186,48.450080515297905,1.2949543746645196,11.18491680085883,0.6709608158883521,0.6642512077294686,,0.1274825550187869,0.06038647342995169,,,,
18,37.11755233494364,47.80595813204509,1.4694041867954912,11.614331723027375,0.6709608158883521,0.7917337627482555,0.3421900161030596,0.1274825550187869,0.06038647342995169,,,,
19,36.090982286634464,46.85990338164251,1.3150831991411702,10.104669887278583,4.072732152442297,0.4830917874396135,0.6709608158883521,0.3421900161030596,0.06038647342995169,,,,
20,35.92324208266237,46.67874396135266,1.5230810520665594,10.245571658615138,4.072732152442297,0.4830917874396135,0.6709608158883521,0.3421900161030596,0.06038647342995169,,,,
21,30.555555555555557,47.28260869565217,1.42914653784219,15.311325818572195,4.012345679012346,0.15432098765432098,0.8655394524959742,0.36902844873859364,0.020128824476650563,,,,
22,28.052871712292003,45.92055823939882,1.6639828234031133,15.53274288781535,7.6556629092860975,0.2281266774020397,0.5300590445517982,0.39586688137412773,0.020128824476650563,,,,
23,28.005904455179817,45.93397745571659,1.6237251744498122,15.505904455179817,7.675791733762749,0.2281266774020397,0.5703166935050993,0.4227053140096618,0.03354804079441761,,,,
24,27.82474503488996,53.03274288781535,1.3620504562533549,8.514492753623188,4.757112184648417,0.3757380568974772,4.019055287171229,0.10064412238325282,0.013419216317767043,,,,
25,27.730810520665592,53.0126140633387,1.42914653784219,8.541331186258722,4.736983360171766,0.36902844873859364,4.025764895330113,0.10064412238325282,0.03354804079441761,0.020128824476650563,,,
26,26.992753623188406,53.166935050993025,1.4492753623188406,8.59500805152979,5.253623188405797,0.35560923242082665,4.025764895330113,0.1274825550187869,0.03354804079441761,,,,
27,26.88539989264627,52.61003757380569,1.5901771336553945,8.57487922705314,5.24020397208803,0.3757380568974772,4.522275899087493,0.16774020397208803,0.03354804079441761,,,,
28,25.603864734299517,52.38191089640365,1.8048845947396672,10.185185185185185,4.9718196457326895,0.3421900161030596,4.49543746645196,0.15432098765432098,0.03354804079441761,0.026838432635534086,,,
29,24.44310252281267,54.099570585077835,1.9122383252818036,10.19189479334407,4.180085882984434,0.4092860976918948,4.549114331723027,0.15432098765432098,0.03354804079441761,0.026838432635534086,,,
30,23.429951690821255,54.200214707461086,2.26784755770263,10.721953837895867,4.025764895330113,0.4830917874396135,4.575952764358561,0.15432098765432098,0.11406333870101985,0.026838432635534086,,,
31,23.22866344605475,53.6231884057971,2.885131508319914,10.554213633923778,3.938539989264627,0.49651100375738055,4.851046698872786,0.2885131508319914,0.10735373054213634,0.026838432635534086,,,
32,23.2085346215781,53.32796564680623,3.240740740740741,10.527375201288244,3.938539989264627,0.49651100375738055,4.8376274825550185,0.2885131508319914,0.10735373054213634,0.026838432635534086,,,
33,23.101180891035963,52.79790660225443,3.8311862587224907,10.507246376811594,3.9586688137412773,0.49651100375738055,4.757112184648417,0.30193236714975846,0.10735373054213634,0.14090177133655393,,,
34,23.040794417606012,52.442297369833604,3.938539989264627,10.473698336017177,3.9586688137412773,0.5568974771873323,4.904723564143854,0.30193236714975846,0.24154589371980675,0.14090177133655393,,,
35,22.946859903381643,51.48282340311326,4.468599033816425,10.23215244229737,4.247181964573269,0.5300590445517982,4.904723564143854,0.7716049382716049,0.2616747181964573,0.15432098765432098,,,
36,22.302737520128826,48.21524422973698,4.502147074610843,13.633923778851315,4.206924315619967,0.48980139559849706,5.535426731078905,0.6709608158883521,0.2885131508319914,0.15432098765432098,,,
37,22.067901234567902,46.081588835212024,4.918142780461621,13.600375738056897,6.025228126677402,0.6239935587761675,5.595813204508857,0.6038647342995169,0.32877079978529256,0.15432098765432098,,,
38,22.007514761137948,45.73939881910896,5.2066559312936125,13.600375738056897,6.025228126677402,0.6239935587761675,5.60252281266774,0.7514761137949544,0.32877079978529256,0.11406333870101985,,,
39,21.74584004294149,43.974771873322595,5.152979066022544,16.57944176060118,5.522007514761138,0.5770263016639828,5.0858829844337095,0.9192163177670424,0.32877079978529256,0.11406333870101985,,,
40,21.72571121846484,42.43827160493827,4.904723564143854,17.47181964573269,5.421363392377885,1.6438539989264627,4.958400429414922,0.9863123993558777,0.3488996242619431,0.10064412238325282,,,
41,20.893719806763286,42.90794417606012,5.173107890499195,17.47181964573269,5.360976918947934,1.8317230273752012,4.911433172302737,1.0131508319914118,0.33548040794417605,0.10064412238325282,,,
42,20.90042941492217,42.78717122920021,5.24020397208803,17.364465915190554,5.360976918947934,1.8183038110574343,4.931561996779388,1.1607622114868492,0.33548040794417605,0.10064412238325282,,,
43,19.773215244229736,43.49838969404187,5.642780461621041,17.3040794417606,5.360976918947934,1.892109500805153,4.931561996779388,1.1607622114868492,0.33548040794417605,0.10064412238325282,,,
44,19.732957595276435,43.41787439613527,5.71658615136876,17.297369833601717,5.360976918947934,1.9256575415995705,4.931561996779388,1.1808910359634996,0.33548040794417605,0.10064412238325282,,,
45,19.659151905528716,42.50536768652711,5.736714975845411,16.78743961352657,7.024959742351046,1.6438539989264627,4.938271604938271,1.2412775093934514,0.36231884057971014,0.10064412238325282,,,
46,19.659151905528716,42.330917874396135,5.844068706387547,16.720343531937736,7.098765432098766,1.6438539989264627,4.87788513150832,1.3016639828234031,0.36231884057971014,0.1610305958132045,,,
47,17.726784755770264,43.71980676328502,5.642780461621041,16.941760601180892,7.125603864734299,1.6438539989264627,5.166398282340311,1.4761137949543746,0.36231884057971014,0.19457863660762212,,,
48,16.150026838432634,45.40391841116479,5.589103596349974,16.921631776704242,7.125603864734299,1.6438539989264627,5.112721417069243,1.4761137949543746,0.36231884057971014,0.2147074610842727,,,
49,15.445517981749866,46.262748255501876,5.776972624798712,16.720343531937736,6.9243156199677935,1.6505636070853462,5.139559849704777,1.5029522275899088,0.36231884057971014,0.2147074610842727,,,
50,13.023349436392914,50.46296296296296,5.515297906602254,16.867954911433173,5.3274288781535155,1.6438539989264627,5.139559849704777,1.4761137949543746,0.30193236714975846,0.2147074610842727,0.026838432635534086,,
51,11.963231347289318,41.29092860976919,3.3011272141706924,34.554482018250134,3.978797638217928,1.247987117552335,2.2745571658615136,1.247987117552335,0.14090177133655393,,,,
52,10.017444981213098,44.927536231884055,2.999194847020934,32.21953837895867,5.24020397208803,1.247987117552335,2.006172839506173,1.2010198604401503,0.14090177133655393,,,,
53,10.050993022007514,44.79334406870639,3.1468062265163717,32.13231347289318,5.24020397208803,1.261406333870102,2.006172839506173,1.2278582930756843,0.14090177133655393,,,,
54,10.064412238325282,40.371712292002144,3.3682232957595275,36.231884057971016,5.199946323134729,1.261406333870102,2.006172839506173,1.3553408480944713,0.14090177133655393,,,,
55,10.077831454643048,40.25764895330113,3.475577026301664,35.87627482555019,5.260332796564681,1.2815351583467525,2.006172839506173,1.6237251744498122,0.14090177133655393,,,,
56,8.849973161567364,33.41384863123994,2.999194847020934,45.169082125603865,4.730273752012883,1.1674718196457328,1.7579173376274826,1.7444981213097155,0.16774020397208803,,,,
57,8.930488459473967,32.9777241009125,3.4621578099838968,44.93424584004294,4.723564143853999,1.2681159420289856,1.7579173376274826,1.778046162104133,0.16774020397208803,,,,
58,9.05126140633387,32.809983896940416,3.589640365002684,44.75979602791197,4.7168545356951155,1.2681159420289856,1.7579173376274826,1.8786902844873858,0.16774020397208803,,,,
59,8.474235104669887,28.287707997852927,3.260869565217391,50.006709608158886,4.703435319377348,1.2010198604401503,1.751207729468599,2.147074610842727,0.16774020397208803,,,,
60,8.259527643585615,27.80461621041331,3.44873859366613,50.026838432635536,4.455179817498658,1.42914653784219,1.751207729468599,2.6637144390767578,0.1610305958132045,,,,
61,8.091787439613526,26.080246913580247,4.012345679012346,50.07380568974772,4.898013955984971,1.442565754159957,1.6908212560386473,3.549382716049383,0.1610305958132045,,,,
62,6.387546967257112,28.28099838969404,4.139828234031133,49.16129898013956,5.22007514761138,1.6103059581320451,1.5230810520665594,3.549382716049383,0.1274825550187869,,,,
63,6.374127750939345,27.78448738593666,4.092860976918948,46.08829844337091,8.53462157809984,1.3955984970477724,1.865271068169619,3.7037037037037037,0.1610305958132045,,,,
64,6.380837359098229,26.717659688674182,4.663177670424047,45.9272678475577,8.467525496511003,1.8451422436929683,1.8250134192163177,3.9452495974235107,0.2281266774020397,,,,
65,6.421095008051529,26.684111647879764,4.696725711218465,45.75281803542673,8.460815888352121,1.8115942028985508,1.8183038110574343,4.066022544283414,0.2281266774020397,0.03354804079441761,,0.026838432635534086,
66,6.521739130434782,26.590177133655395,4.750402576489533,45.6454643048846,8.460815888352121,1.8250134192163177,1.8250134192163177,4.092860976918948,0.2281266774020397,0.03354804079441761,,0.026838432635534086,
67,6.568706387546968,26.496242619431026,4.74369296833065,45.269726247987116,8.413848631239935,1.9524959742351047,1.8250134192163177,4.394793344068707,0.27509393451422437,0.03354804079441761,,0.026838432635534086,
68,6.642512077294686,26.382179280730007,4.810789049919484,45.17579173376275,8.299785292538916,2.046430488459474,1.90552871712292,4.40150295222759,0.27509393451422437,0.03354804079441761,,0.026838432635534086,
69,6.575415995705851,26.06682769726248,4.871175523349437,44.71953837895867,8.487654320987655,2.059849704777241,2.3550724637681157,4.508856682769726,0.2952227589908749,0.03354804079441761,,0.026838432635534086,
70,6.468062265163715,25.97289318303811,4.830917874396135,44.75979602791197,8.467525496511003,2.120236178207193,2.2745571658615136,4.750402576489533,0.2952227589908749,0.03354804079441761,,0.026838432635534086,
71,6.588835212023618,25.597155126140635,4.99194847020934,44.639023081052066,8.407139023081053,2.13365539452496,2.4825550187869028,4.804079441760601,0.2952227589908749,0.03354804079441761,,0.026838432635534086,
72,6.575415995705851,25.49651100375738,5.186527106816962,44.44444444444444,8.407139023081053,2.1604938271604937,2.4825550187869028,4.898013955984971,0.2885131508319914,0.03354804079441761,,0.026838432635534086,
73,6.535158346752549,25.41599570585078,5.441492216854535,43.37761674718197,9.23913043478261,2.2208803005904456,2.3886205045625335,4.978529253891573,0.3153515834675255,0.03354804079441761,0.026838432635534086,0.026838432635534086,
74,6.595544820182502,25.268384326355342,5.548845947396672,41.6129898013956,9.158615136876007,3.3145464304884595,2.9052603327965647,5.193236714975845,0.3153515834675255,0.03354804079441761,0.026838432635534086,0.026838432635534086,
75,6.608964036500268,25.194578636607623,5.622651637144391,41.606280193236714,8.997584541062801,3.502415458937198,2.9253891572732154,5.12614063338701,0.32877079978529256,0.03354804079441761,0.026838432635534086,0.026838432635534086,
76,6.5552871712292005,24.94632313472893,5.810520665593129,41.015834675254965,9.339774557165862,3.824476650563607,2.999194847020934,5.059044551798175,0.32877079978529256,0.06709608158883522,0.026838432635534086,0.026838432635534086,
77,5.763553408480945,22.987117552334944,5.797101449275362,43.65271068169619,9.326355340848094,3.911701556629093,3.012614063338701,5.0993022007514766,0.32877079978529256,0.06709608158883522,0.026838432635534086,0.026838432635534086,
78,5.709876543209877,21.69887278582931,5.736714975845411,43.47826086956522,10.648148148148149,4.05931293612453,2.985775630703167,5.233494363929147,0.32877079978529256,0.06709608158883522,0.026838432635534086,0.026838432635534086,
79,5.535426731078905,21.511003757380568,5.850778314546431,43.4447128287708,10.607890499194847,4.032474503488996,3.2004830917874396,5.3274288781535155,0.36902844873859364,0.06709608158883522,0.026838432635534086,0.026838432635534086,
80,5.515297906602254,21.43719806763285,6.011808910359635,43.13607085346216,10.581052066559312,4.032474503488996,3.1736446591519054,5.60252281266774,0.39586688137412773,0.06709608158883522,0.026838432635534086,0.020128824476650563,
81,5.656199677938808,21.068169618894256,5.891035963499732,42.693236714975846,10.379763821792807,4.435050993022007,3.6500268384326353,5.683038110574342,0.4294149221685454,0.06709608158883522,0.026838432635534086,0.020128824476650563,
82,5.662909286097692,20.471014492753625,5.850778314546431,43.68625872249061,10.292538915727322,4.260601180891036,3.4957058507783145,5.676328502415459,0.48980139559849706,0.06709608158883522,0.026838432635534086,0.020128824476650563,
83,5.662909286097692,19.64573268921095,5.609232420826624,43.45813204508857,11.419753086419753,4.253891572732153,3.6500268384326353,5.615942028985507,0.5434782608695652,0.0939345142243693,0.026838432635534086,0.020128824476650563,
84,5.615942028985507,18.78690284487386,5.864197530864198,42.659688674181425,13.258185721953838,4.139828234031133,3.3413848631239937,5.58239398819109,0.5636070853462157,0.14090177133655393,0.026838432635534086,0.020128824476650563,
85,5.4549114331723025,18.632581857219538,6.052066559312936,44.36392914653784,12.345679012345679,3.8915727321524423,3.207192699946323,5.3274288781535155,0.5636070853462157,0.11406333870101985,0.026838432635534086,0.020128824476650563,
86,5.542136339237788,18.53864734299517,6.125872249060655,44.20960815888352,11.782071926999464,3.8848631239935587,3.7640901771336552,5.428073000536768,0.5636070853462157,0.11406333870101985,0.026838432635534086,0.020128824476650563,
87,5.508588298443371,18.42458400429415,6.146001073537305,44.24986580783682,11.77536231884058,3.898282340311326,3.730542136339238,5.501878690284487,0.5703166935050993,0.14761137949543746,0.026838432635534086,0.020128824476650563,
88,5.535426731078905,18.397745571658614,6.199677938808374,43.42458400429415,11.721685453569512,4.106280193236715,3.770799785292539,6.025228126677402,0.6038647342995169,0.13419216317767044,0.06038647342995169,0.020128824476650563,
89,5.407944176060118,18.263553408480945,6.179549114331723,42.33762748255502,12.526838432635534,4.119699409554482,3.7640901771336552,6.5485775630703165,0.6374127750939346,0.13419216317767044,0.06038647342995169,0.020128824476650563,
90,5.4616210413311865,18.189747718733226,6.293612453032743,42.00214707461084,12.674449812130971,3.9989264626945786,3.7238325281803544,6.823671497584541,0.6172839506172839,0.13419216317767044,0.06038647342995169,0.020128824476650563,
91,5.515297906602254,17.995169082125603,6.380837359098229,42.129629629629626,12.634192163177671,3.978797638217928,3.6902844873859366,6.823671497584541,0.6374127750939346,0.13419216317767044,0.06038647342995169,0.020128824476650563,
92,5.589103596349974,17.975040257648953,6.353998926462695,41.82098765432099,12.614063338701019,3.978797638217928,3.6902844873859366,7.105475040257649,0.6575415995705851,0.13419216317767044,0.06038647342995169,0.020128824476650563,
93,5.548845947396672,17.599302200751477,6.602254428341385,41.358024691358025,12.466451959205582,4.079441760601181,3.938539989264627,7.50805152979066,0.6843800322061192,0.13419216317767044,0.06038647342995169,0.020128824476650563,
94,4.2203435319377345,16.458668813741276,6.266774020397209,44.598765432098766,12.325550187869029,4.052603327965647,3.7037037037037037,7.387278582930757,0.7447665056360708,0.13419216317767044,0.06038647342995169,0.04696725711218465,
95,4.28743961352657,15.895061728395062,6.528448738593666,44.44444444444444,12.157809983896941,4.4820182501341925,3.717122920021471,7.427536231884058,0.8185721953837896,0.13419216317767044,0.06038647342995169,0.04696725711218465,
96,4.374664519592056,15.626677402039721,6.427804616210413,44.16935050993022,11.963231347289318,4.683306494900698,4.05931293612453,7.541599570585078,0.9125067096081588,0.13419216317767044,0.06038647342995169,0.04696725711218465,
97,4.435050993022007,15.505904455179817,6.622383252818035,44.04186795491143,11.882716049382717,4.669887278582931,4.079441760601181,7.601986044015029,0.9192163177670424,0.13419216317767044,0.06038647342995169,0.04696725711218465,
98,4.461889425657541,15.210681696188942,7.232957595276436,43.37761674718197,11.882716049382717,4.622920021470746,4.079441760601181,7.950885668276973,0.9393451422436929,0.13419216317767044,0.06038647342995169,0.04696725711218465,
99,4.549114331723027,14.888620504562533,7.776435856146001,43.10923242082662,11.869296833064949,4.656468062265164,4.005636070853462,7.98443370907139,0.9192163177670424,0.13419216317767044,0.06038647342995169,0.04696725711218465,
100,4.542404723564144,14.801395598497047,7.742887815351583,42.98845947396672,11.90955448201825,4.797369833601718,3.992216854535695,8.09849704777241,0.8789586688137413,0.13419216317767044,0.06709608158883522,0.04696725711218465,
101,4.4820182501341925,14.103596349973161,7.232957595276436,42.12292002147075,13.79495437466452,4.770531400966184,4.522275899087493,7.816693505099302,0.9057971014492754,0.13419216317767044,0.06709608158883522,0.04696725711218465,
102,4.49543746645196,14.04320987654321,7.25979602791197,42.01556629092861,13.841921631776705,4.730273752012883,4.575952764358561,7.863660762211487,0.8856682769726248,0.17444981213097155,0.06709608158883522,0.04696725711218465,
103,4.522275899087493,14.029790660225443,7.219538378958669,41.666666666666664,13.955984970477724,4.696725711218465,4.582662372517445,8.011272141706923,0.8856682769726248,0.2549651100375738,0.1274825550187869,0.04696725711218465,
104,4.455179817498658,13.613794954374665,7.024959742351046,41.5727321524423,13.882179280730005,4.99194847020934,4.944981213097155,8.172302737520129,0.8856682769726248,0.28180354267310787,0.1274825550187869,0.04696725711218465,
105,4.488727858293076,13.58695652173913,7.051798174986581,41.02925389157273,14.298174986580785,4.99194847020934,4.891304347826087,8.219269994632313,0.9259259259259259,0.30864197530864196,0.14761137949543746,0.04696725711218465,0.013419216317767043
106,4.408212560386473,12.942834138486312,7.065217391304348,40.653515834675254,15.24422973698336,5.0791733762748255,4.884594739667204,8.246108427267847,0.9594739667203436,0.30864197530864196,0.14761137949543746,0.04696725711218465,0.013419216317767043
107,4.4753086419753085,12.909286097691895,7.132313472893183,40.55958132045089,15.24422973698336,5.0791733762748255,4.938271604938271,8.199141170155663,0.9594739667203436,0.30864197530864196,0.13419216317767044,0.04696725711218465,0.013419216317767043
108,4.4820182501341925,12.359098228663447,6.756575415995706,40.74074074074074,16.814278046162105,5.092592592592593,4.542404723564144,7.803274288781535,0.9192163177670424,0.27509393451422437,0.15432098765432098,0.04696725711218465,0.013419216317767043
109,4.448470209339774,12.325550187869029,6.454643048845948,39.734299516908216,16.63311862587225,5.495169082125604,5.709876543209877,7.809983896940419,0.9125067096081588,0.2616747181964573,0.15432098765432098,0.04696725711218465,0.013419216317767043
110,4.213633923778851,23.758722490606548,5.810520665593129,32.588566827697264,15.297906602254429,5.132850241545894,4.3478260869565215,7.461084272678476,0.9125067096081588,0.2616747181964573,0.15432098765432098,0.04696725711218465,0.013419216317767043
111,4.126409017713366,18.183038110574344,5.052334943639291,30.287171229200215,25.033548040794418,4.8376274825550185,3.9049919484702094,7.246376811594203,0.9192163177670424,0.19457863660762212,0.15432098765432098,0.04696725711218465,0.013419216317767043
112,4.126409017713366,18.169618894256576,5.045625335480408,30.22007514761138,24.932903918411164,4.810789049919484,3.938539989264627,7.300053676865271,1.0131508319914118,0.2281266774020397,0.15432098765432098,0.04696725711218465,0.013419216317767043
113,4.233762748255502,18.06897477187332,5.381105743424584,29.898013955984972,24.731615673644658,4.804079441760601,3.9452495974235107,7.360440150295223,1.133923778851315,0.2281266774020397,0.15432098765432098,0.04696725711218465,0.013419216317767043
114,4.300858829844337,18.04884594739667,5.381105743424584,29.656468062265162,24.40955448201825,5.052334943639291,3.9452495974235107,7.568438003220612,1.1943102522812667,0.2281266774020397,0.15432098765432098,0.04696725711218465,0.013419216317767043
115,4.367954911433173,17.827428878153516,5.522007514761138,29.61621041331186,24.268652710681696,5.12614063338701,3.9452495974235107,7.615405260332796,1.2681159420289856,0.2281266774020397,0.15432098765432098,0.04696725711218465,0.013419216317767043
116,4.1129898013955986,18.183038110574344,5.448201825013419,29.54911433172303,23.852657004830917,5.414653784219001,4.045893719806763,7.682501341921632,1.2681159420289856,0.2281266774020397,0.15432098765432098,0.04696725711218465,0.013419216317767043
117,4.180085882984434,17.780461621041333,5.743424584004294,29.200214707461082,23.49033816425121,5.5756843800322065,4.17337627482555,8.132045088566828,1.2681159420289856,0.2147074610842727,0.15432098765432098,0.04696725711218465,0.040257648953301126
118,3.8177670424047236,12.76838432635534,5.273752012882448,39.12372517444981,20.819914117015568,5.0858829844337095,3.8714439076757916,7.588566827697263,1.1943102522812667,0.2147074610842727,0.15432098765432098,0.04696725711218465,0.040257648953301126
119,3.797638217928073,12.741545893719806,5.3341384863123995,37.94283413848631,20.725979602791195,5.0791733762748255,4.978529253891573,7.6623725174449815,1.2681159420289856,0.2281266774020397,0.15432098765432098,0.04696725711218465,0.040257648953301126
120,3.864734299516908,12.667740203972087,5.374396135265701,37.17122920021471,20.531400966183575,5.032206119162641,5.669618894256575,7.7898550724637685,1.3620504562533549,0.24825550187869028,0.20128824476650564,0.04696725711218465,0.040257648953301126
121,3.7909286097691894,12.412775093934513,5.374396135265701,36.72168545356951,21.470746108427267,4.871175523349437,5.636070853462158,7.7898550724637685,1.3955984970477724,0.24825550187869028,0.20128824476650564,0.04696725711218465,0.040257648953301126
122,3.81105743424584,12.278582930756844,5.367686527106817,35.560923242082666,22.993827160493826,4.871175523349437,5.58239398819109,7.595276435856146,1.402308105206656,0.24825550187869028,0.20128824476650564,0.04696725711218465,0.040257648953301126
123,3.556092324208266,11.674718196457327,5.233494363929147,37.63419216317767,22.50402576489533,4.582662372517445,6.421095008051529,6.588835212023618,1.2681159420289856,0.2549651100375738,0.19457863660762212,0.04696725711218465,0.040257648953301126
124,3.6097691894793345,11.621041331186259,5.622651637144391,37.224906065485776,22.48389694041868,4.602791196994096,6.407675791733762,6.635802469135802,1.2546967257112185,0.2549651100375738,0.19457863660762212,0.04696725711218465,0.040257648953301126
125,3.6097691894793345,11.366076221148685,5.770263016639828,37.0907139023081,22.48389694041868,4.736983360171766,6.333870101986044,6.709608158883521,1.3620504562533549,0.2549651100375738,0.19457863660762212,0.04696725711218465,0.040257648953301126
126,3.5762211486849167,11.33923778851315,5.9514224369296835,36.40633387010199,23.792270531400966,4.066022544283414,6.333870101986044,6.608964036500268,1.3620504562533549,0.28180354267310787,0.19457863660762212,0.04696725711218465,0.040257648953301126
127,3.6500268384326353,11.33923778851315,5.917874396135265,36.06414385399893,23.718464841653248,4.3478260869565215,6.253354804079442,6.756575415995706,1.3821792807300053,0.2885131508319914,0.19457863660762212,0.04696725711218465,0.040257648953301126
128,3.7238325281803544,11.285560923242082,5.971551261406334,35.7487922705314,23.67149758454106,4.3478260869565215,6.159420289855072,7.03166935050993,1.4895330112721417,0.2885131508319914,0.19457863660762212,0.04696725711218465,0.040257648953301126
129,3.750670960815888,11.265432098765432,6.239935587761675,35.45356951154053,23.617820719269993,4.38137412775094,6.199677938808374,6.977992485238862,1.5230810520665594,0.2885131508319914,0.19457863660762212,0.06709608158883522,0.040257648953301126
130,2.636876006441224,30.01207729468599,4.253891572732153,26.596886741814277,22.571121846484164,3.717122920021471,5.280461621041331,3.435319377348363,1.3486312399355878,0.14090177133655393,0.0067096081588835215,,
131,2.6167471819645733,29.716854535695116,4.374664519592056,26.50966183574879,22.48389694041868,3.6634460547504024,5.589103596349974,3.388352120236178,1.5096618357487923,0.14090177133655393,0.0067096081588835215,,
132,2.6838432635534084,29.30756843800322,4.703435319377348,26.482823403113258,22.430220075147613,3.6902844873859366,5.60252281266774,3.408480944712829,1.5432098765432098,0.14090177133655393,0.0067096081588835215,,
133,2.771068169618894,29.24718196457327,4.62962962962963,27.314814814814813,21.618357487922705,3.5762211486849167,5.83064949006978,3.33467525496511,1.5297906602254427,0.14090177133655393,0.0067096081588835215,,
134,2.771068169618894,29.139828234031132,4.643048845947397,27.220880300590444,21.531132581857218,3.603059581320451,5.83064949006978,3.5091250670960816,1.570048309178744,0.17444981213097155,0.0067096081588835215,,
135,2.7777777777777777,28.931830381105744,4.616210413311863,27.220880300590444,21.40365002683843,3.629898013955985,6.045356951154052,3.5091250670960816,1.6841116478797638,0.17444981213097155,0.0067096081588835215,,
136,2.7777777777777777,28.67686527106817,4.884594739667204,27.093397745571657,21.370101986044016,3.683574879227053,6.038647342995169,3.535963499731616,1.7579173376274826,0.17444981213097155,0.0067096081588835215,,
137,2.7643585614600106,28.59634997316157,4.918142780461621,27.079978529253893,21.155394524959743,3.878153515834675,6.038647342995169,3.5628019323671496,1.7914653784219001,0.1878690284487386,0.026838432635534086,,
138,2.7509393451422435,28.556092324208265,4.9651100375738055,26.972624798711756,21.095008051529792,3.938539989264627,6.011808910359635,3.6768652710681695,1.7914653784219001,0.2147074610842727,0.026838432635534086,,
139,2.7308105206655933,27.63016639828234,6.179549114331723,27.65029522275899,21.054750402576488,3.9452495974235107,5.448201825013419,3.488996242619431,1.6706924315619969,0.19457863660762212,0.0067096081588835215,,
140,2.7509393451422435,27.529522275899087,6.260064412238325,27.77777777777778,20.833333333333332,3.938539989264627,5.407944176060118,3.5762211486849167,1.724369296833065,0.19457863660762212,0.0067096081588835215,,
141,2.7979066022544283,27.22758990874933,6.394256575415996,27.710681696188942,20.74610842726785,3.8714439076757916,5.662909286097692,3.643317230273752,1.724369296833065,0.19457863660762212,0.0067096081588835215,,0.020128824476650563
142,2.8247450348899625,26.898819108964037,6.608964036500268,27.61003757380569,20.739398819108963,3.8714439076757916,5.83064949006978,3.670155662909286,1.724369296833065,0.19457863660762212,0.0067096081588835215,,0.020128824476650563
143,2.791196994095545,26.704240472356414,6.6827697262479875,27.77777777777778,20.799785292538918,3.8177670424047236,5.743424584004294,3.7372517444981215,1.724369296833065,0.19457863660762212,0.0067096081588835215,,0.020128824476650563
144,2.85829307568438,26.516371443907676,6.723027375201288,28.435319377348364,20.142243692968332,3.9855072463768115,5.736714975845411,3.7104133118625873,1.6706924315619969,0.19457863660762212,0.0067096081588835215,,0.020128824476650563
145,2.945517981749866,26.462694578636608,6.702898550724638,28.213902308105208,20.108695652173914,4.012345679012346,5.703166935050993,3.9184111647879765,1.710950080515298,0.19457863660762212,0.0067096081588835215,,0.020128824476650563
146,3.0059044551798175,26.32850241545894,6.877348362855609,28.093129361245303,20.055018786902846,3.978797638217928,5.736714975845411,3.9519592055823938,1.751207729468599,0.19457863660762212,0.0067096081588835215,,0.020128824476650563
147,3.046162104133119,26.241277509393452,6.937734836285561,28.012614063338702,20.02818035426731,4.03918411164788,5.71658615136876,3.978797638217928,1.778046162104133,0.19457863660762212,0.0067096081588835215,,0.020128824476650563
148,3.140096618357488,25.946054750402578,6.951154052603328,27.905260332796566,19.98792270531401,4.314278046162104,5.736714975845411,4.019055287171229,1.778046162104133,0.19457863660762212,0.0067096081588835215,,0.020128824476650563
149,3.1602254428341383,25.87895866881374,7.0450885668276975,27.81803542673108,19.994632313472895,4.361245303274289,5.709876543209877,4.019055287171229,1.7713365539452497,0.2147074610842727,0.0067096081588835215,,0.020128824476650563
150,3.1736446591519054,25.77831454643049,7.185990338164252,27.549651100375737,19.95437466451959,4.361245303274289,5.709876543209877,4.247181964573269,1.7981749865807837,0.2147074610842727,0.0067096081588835215,,0.020128824476650563
151,3.193773483628556,25.684380032206118,7.185990338164252,27.536231884057973,19.81347289318304,4.441760601180891,5.709876543209877,4.40150295222759,1.778046162104133,0.2147074610842727,0.0067096081588835215,0.013419216317767043,0.020128824476650563
152,3.207192699946323,25.429414922168544,7.615405260332796,27.254428341384862,19.53166935050993,4.562533548040794,5.6964573268921095,4.455179817498658,1.9927536231884058,0.2147074610842727,0.0067096081588835215,0.013419216317767043,0.020128824476650563
153,3.2541599570585076,25.194578636607623,7.769726247987117,27.086688137412775,19.49812130971551,4.562533548040794,5.938003220611916,4.441760601180891,2.01959205582394,0.19457863660762212,0.0067096081588835215,0.013419216317767043,0.020128824476650563
154,3.2541599570585076,25.194578636607623,7.769726247987117,26.88539989264627,19.350509930220074,4.562533548040794,5.911164787976382,4.824208266237251,2.0128824476650564,0.19457863660762212,0.0067096081588835215,0.013419216317767043,0.020128824476650563
155,3.2877079978529253,25.140901771336555,7.7898550724637685,26.73107890499195,19.310252281266774,4.656468062265164,5.938003220611916,4.911433172302737,1.9860440150295222,0.19457863660762212,0.020128824476650563,0.013419216317767043,0.020128824476650563
156,3.1602254428341383,24.302200751476114,8.293075684380032,28.891572732152444,17.94820182501342,4.87788513150832,5.448201825013419,4.904723564143854,1.892109500805153,0.2281266774020397,0.020128824476650563,0.013419216317767043,0.020128824476650563
157,3.2139023081052067,24.10762211486849,8.400429414922169,28.65673644659152,17.934782608695652,5.139559849704777,5.448201825013419,4.918142780461621,1.8853998926462694,0.24154589371980675,0.020128824476650563,0.013419216317767043,0.020128824476650563
158,3.2206119162640903,24.08078368223296,8.36688137412775,28.629898013955984,18.04884594739667,5.139559849704777,5.434782608695652,4.884594739667204,1.8988191089640365,0.24154589371980675,0.020128824476650563,0.013419216317767043,0.020128824476650563
159,3.2675791733762747,24.000268384326354,8.943907675791733,28.27428878153516,17.438271604938272,5.0993022007514766,5.615942028985507,4.998658078368224,1.9390767579173376,0.36902844873859364,0.020128824476650563,0.013419216317767043,0.020128824476650563
160,3.207192699946323,22.96027911969941,10.057702630166398,28.18035426731079,17.297369833601717,5.199946323134729,5.609232420826624,5.10601180891036,1.9726247987117553,0.3421900161030596,0.020128824476650563,0.013419216317767043,0.03354804079441761
161,3.294417606011809,22.82608695652174,10.158346752549651,28.079710144927535,17.257112184648417,5.186527106816962,5.60252281266774,5.199946323134729,1.9860440150295222,0.3421900161030596,0.020128824476650563,0.013419216317767043,0.03354804079441761
162,3.1870638754696725,21.886741814278047,10.00402576489533,27.851583467525497,18.471551261406333,5.703166935050993,5.528717122920021,5.0791733762748255,1.8786902844873858,0.3421900161030596,0.020128824476650563,0.013419216317767043,0.03354804079441761
163,3.207192699946323,21.826355340848096,9.977187332259795,27.851583467525497,18.47826086956522,5.750134192163178,5.528717122920021,5.052334943639291,1.8988191089640365,0.33548040794417605,0.04696725711218465,0.013419216317767043,0.03354804079441761
164,3.240740740740741,21.812936124530328,9.98389694041868,27.30139559849705,18.230005367686527,6.333870101986044,5.6964573268921095,5.10601180891036,1.865271068169619,0.33548040794417605,0.04696725711218465,0.013419216317767043,0.03354804079441761
165,3.3011272141706924,21.76596886741814,9.957058507783145,27.26784755770263,18.189747718733226,6.367418142780462,5.71658615136876,5.092592592592593,1.8853998926462694,0.33548040794417605,0.04696725711218465,0.013419216317767043,0.06038647342995169
166,3.3011272141706924,21.69887278582931,9.876543209876543,27.220880300590444,18.17632850241546,6.535158346752549,5.71658615136876,5.132850241545894,1.8853998926462694,0.33548040794417605,0.04696725711218465,0.013419216317767043,0.06038647342995169
167,3.2206119162640903,21.578099838969404,9.863123993558776,29.891304347826086,18.14278046162104,5.683038110574342,4.7638217928073,4.7101449275362315,1.8585614600107354,0.16774020397208803,0.04696725711218465,0.013419216317767043,0.06038647342995169
168,3.240740740740741,19.91411701556629,12.204777241009126,29.562533548040793,18.02200751476114,5.387815351583468,4.636339237788513,4.8443370907139025,1.8988191089640365,0.16774020397208803,0.04696725711218465,0.013419216317767043,0.06038647342995169
169,3.2675791733762747,19.840311325818572,12.02361782071927,29.562533548040793,17.96833064949007,5.414653784219001,4.656468062265164,4.817498658078368,1.932367149758454,0.16774020397208803,0.04696725711218465,0.013419216317767043,0.2885131508319914
170,3.2541599570585076,19.672571121846484,10.909822866344605,29.20692431561997,17.907944176060116,5.4616210413311865,6.219806763285024,4.891304347826087,1.9659151905528718,0.1610305958132045,0.05367686527106817,0.013419216317767043,0.28180354267310787
171,3.2541599570585076,19.524959742351047,10.903113258185721,29.0727321524423,17.921363392377884,5.629361245303274,6.454643048845948,4.750402576489533,1.9659151905528718,0.1610305958132045,0.05367686527106817,0.013419216317767043,0.2952227589908749
172,3.3011272141706924,19.484702093397747,10.93666129898014,29.025764895330113,17.8743961352657,5.629361245303274,6.461352657004831,4.783950617283951,1.9524959742351047,0.1878690284487386,0.05367686527106817,0.013419216317767043,0.2952227589908749
173,3.3682232957595275,19.45786366076221,10.943370907139023,28.965378421900162,17.834138486312398,5.662909286097692,6.4412238325281805,4.824208266237251,1.9524959742351047,0.1878690284487386,0.05367686527106817,0.013419216317767043,0.2952227589908749
174,3.361513687600644,19.404186795491142,11.285560923242082,28.904991948470208,17.458400429414922,5.730005367686527,6.367418142780462,4.931561996779388,2.01959205582394,0.1878690284487386,0.040257648953301126,0.013419216317767043,0.2952227589908749
175,3.3682232957595275,19.216317767042405,11.3593666129898,28.59634997316157,17.351046698872786,6.226516371443908,6.266774020397209,4.938271604938271,2.1403650026838434,0.1878690284487386,0.040257648953301126,0.013419216317767043,0.2952227589908749
176,3.3682232957595275,18.9747718733226,11.56736446591519,28.381642512077295,17.290660225442835,6.206387546967257,6.246645195920558,5.273752012882448,2.15378421900161,0.1878690284487386,0.040257648953301126,0.013419216317767043,0.2952227589908749
177,3.3950617283950617,18.9747718733226,11.876006441223833,28.059581320450885,16.941760601180892,6.213097155126141,6.253354804079442,5.293880837359098,2.442297369833602,0.1878690284487386,0.05367686527106817,0.013419216317767043,0.2952227589908749
178,3.3279656468062266,18.86070853462158,11.460010735373054,25.670960815888353,20.638754696725712,6.099033816425121,6.266774020397209,4.884594739667204,2.2410091250670963,0.1878690284487386,0.05367686527106817,0.013419216317767043,0.2952227589908749
179,3.3816425120772946,18.766774020397207,11.446591519055287,25.489801395598498,20.739398819108963,5.924584004294149,6.568706387546968,4.918142780461621,2.214170692431562,0.1878690284487386,0.05367686527106817,0.013419216317767043,0.2952227589908749
180,3.4017713365539453,18.739935587761675,11.392914653784219,24.90606548577563,20.69243156199678,6.528448738593666,6.568706387546968,4.918142780461621,2.214170692431562,0.20799785292538917,0.05367686527106817,0.026838432635534086,0.3488996242619431
181,3.515834675254965,18.357487922705314,11.741814278046162,24.718196457326894,20.665593129361245,6.528448738593666,6.696188942565755,4.944981213097155,2.1940418679549114,0.20799785292538917,0.05367686527106817,0.026838432635534086,0.3488996242619431
182,3.4822866344605474,18.35077831454643,11.768652710681696,24.55716586151369,20.209339774557165,6.508319914117015,7.548309178743962,4.7638217928073,2.1739130434782608,0.20799785292538917,0.05367686527106817,0.026838432635534086,0.3488996242619431
183,3.488996242619431,18.129361245303276,12.157809983896941,24.396135265700483,19.940955448201827,6.521739130434782,7.588566827697263,4.938271604938271,2.187332259796028,0.20799785292538917,0.05367686527106817,0.026838432635534086,0.36231884057971014
184,3.549382716049383,18.075684380032207,12.25174449812131,22.6784755770263,22.114868491680085,6.219806763285024,7.37385936661299,4.9718196457326895,2.1269457863660763,0.20799785292538917,0.040257648953301126,0.026838432635534086,0.36231884057971014
185,3.5292538915727323,17.767042404723565,12.426194310252281,22.665056360708533,22.034353193773484,6.246645195920558,7.159151905528717,5.401234567901234,2.13365539452496,0.20799785292538917,0.040257648953301126,0.026838432635534086,0.36231884057971014
186,3.5292538915727323,17.746913580246915,12.419484702093397,22.550993022007514,22.007514761137948,6.253354804079442,7.226247987117552,5.441492216854535,2.187332259796028,0.20799785292538917,0.040257648953301126,0.026838432635534086,0.36231884057971014
