,45,50,51,54,55,52,53,57,59,60,58,56,48,61,46,47,62
0,99.1411701556629,0.8588298443370908,,,,,,,,,,,,,,,
1,96.52442297369834,3.475577026301664,,,,,,,,,,,,,,,
2,91.62640901771337,8.279656468062266,0.03354804079441761,0.03354804079441761,0.026838432635534086,,,,,,,,,,,,
3,91.39828234031133,8.454106280193237,0.03354804079441761,0.03354804079441761,0.05367686527106817,0.026838432635534086,,,,,,,,,,,
4,91.19028448738594,8.628556092324208,0.03354804079441761,0.03354804079441761,0.06709608158883522,0.026838432635534086,0.020128824476650563,,,,,,,,,,
5,90.82796564680622,8.675523349436393,0.03354804079441761,0.35560923242082665,0.06038647342995169,0.026838432635534086,0.020128824476650563,,,,,,,,,,
6,90.42538915727322,8.930488459473967,0.040257648953301126,0.4830917874396135,0.05367686527106817,0.04696725711218465,0.020128824476650563,,,,,,,,,,
7,89.80139559849705,9.520933977455716,0.05367686527106817,0.4830917874396135,0.07380568974771873,0.04696725711218465,0.020128824476650563,,,,,,,,,,
8,89.20424047235642,10.091250670960816,0.08051529790660225,0.4830917874396135,0.07380568974771873,0.04696725711218465,0.020128824476650563,,,,,,,,,,
9,87.91599570585078,11.352657004830919,0.08051529790660225,0.4830917874396135,0.08722490606548577,0.04696725711218465,0.03354804079441761,,,,,,,,,,
10,87.38593666129898,11.808910359634996,0.1274825550187869,0.4830917874396135,0.08722490606548577,0.04696725711218465,0.06038647342995169,,,,,,,,,,
11,84.80273752012883,14.298174986580785,0.1878690284487386,0.47638217928073,0.11406333870101985,0.04696725711218465,0.06038647342995169,0.013419216317767043,,,,,,,,,
12,67.98845947396671,31.66935050993022,0.14761137949543746,0.03354804079441761,0.08051529790660225,0.04696725711218465,0.03354804079441761,,,,,,,,,,
13,67.67981749865808,31.769994632313473,0.1610305958132045,0.03354804079441761,0.27509393451422437,0.04696725711218465,0.03354804079441761,,,,,,,,,,
14,64.43907675791733,34.836285560923244,0.1610305958132045,0.03354804079441761,0.39586688137412773,0.08051529790660225,0.05367686527106817,,,,,,,,,,
15,64.39210950080515,34.648416532474506,0.1878690284487386,0.03354804079441761,0.6038647342995169,0.08051529790660225,0.05367686527106817,,,,,,,,,,
16,63.519860440150296,35.33279656468062,0.2549651100375738,0.03354804079441761,0.6977992485238862,0.10064412238325282,0.06038647342995169,,,,,,,,,,
17,54.40150295222759,44.24986580783682,0.36902844873859364,0.03354804079441761,0.7917337627482555,0.10064412238325282,0.05367686527106817,,,,,,,,,,
18,53.9922168545357,44.47128287707998,0.39586688137412773,0.03354804079441761,0.9393451422436929,0.10064412238325282,0.06709608158883522,,,,,,,,,,
19,52.08668813741278,42.69994632313473,0.4495437466451959,0.03354804079441761,1.9457863660762211,0.11406333870101985,2.6704240472356413,,,,,,,,,,
20,51.831723027375205,42.73349436392915,0.4495437466451959,0.03354804079441761,2.0933977455716586,0.1878690284487386,2.6435856146001075,,0.026838432635534086,,,,,,,,
21,48.49704777241009,46.02791196994095,0.38915727321524424,0.05367686527106817,2.1739130434782608,0.1878690284487386,2.49597423510467,,0.1610305958132045,0.013419216317767043,,,,,,,
22,36.030595813204506,56.17283950617284,0.36231884057971014,2.7308105206655933,2.2879763821792807,0.16774020397208803,2.0128824476650564,,0.1878690284487386,0.013419216317767043,0.03354804079441761,,,,,,
23,35.46027911969941,56.46135265700483,0.39586688137412773,2.7509393451422435,2.4691358024691357,0.18115942028985507,2.033011272141707,,0.20128824476650564,0.013419216317767043,0.03354804079441761,,,,,,
24,35.39989264626946,56.15942028985507,0.39586688137412773,2.952227589908749,2.5496511003757383,0.2147074610842727,2.01959205582394,,0.2281266774020397,0.04696725711218465,0.03354804079441761,,,,,,
25,35.23215244229737,54.569243156199676,0.4227053140096618,5.5756843800322065,2.6301663982823404,0.20128824476650564,1.0735373054213635,,0.1878690284487386,0.04696725711218465,0.03354804079441761,0.026838432635534086,,,,,
26,35.0979602791197,54.448470209339774,0.4495437466451959,5.609232420826624,2.757648953301127,0.2147074610842727,1.1003757380568975,,0.1878690284487386,0.04696725711218465,0.03354804079441761,0.05367686527106817,,,,,
27,35.06441223832528,54.26060118089104,0.4495437466451959,5.595813204508857,2.945517981749866,0.24825550187869028,1.1003757380568975,,0.20128824476650564,0.04696725711218465,0.03354804079441761,0.05367686527106817,,,,,
28,35.03086419753087,54.09286097691895,0.47638217928073,5.542136339237788,3.0864197530864197,0.24825550187869028,1.133923778851315,,0.2549651100375738,0.04696725711218465,0.03354804079441761,0.05367686527106817,,,,,
29,34.96376811594203,53.85131508319914,0.49651100375738055,5.475040257648954,3.307836822329576,0.28180354267310787,1.1540526033279657,,0.30193236714975846,0.04696725711218465,0.06709608158883522,0.05367686527106817,,,,,
30,34.856414385399894,53.72383252818035,0.6038647342995169,5.501878690284487,3.3950617283950617,0.28180354267310787,1.1540526033279657,,0.3153515834675255,0.04696725711218465,0.06709608158883522,0.05367686527106817,,,,,
31,33.19914117015566,52.37520128824477,3.515834675254965,5.488459473966721,3.488996242619431,0.2549651100375738,1.1741814278046163,0.013419216317767043,0.30193236714975846,0.04696725711218465,0.08722490606548577,0.05367686527106817,,,,,
32,31.749865807836823,53.36822329575953,3.502415458937198,5.441492216854535,3.9049919484702094,0.2616747181964573,1.1876006441223832,0.040257648953301126,0.27509393451422437,0.04696725711218465,0.08722490606548577,0.13419216317767044,,,,,
33,31.662640901771336,53.0931293612453,3.5225442834138487,5.595813204508857,4.019055287171229,0.2616747181964573,1.2412775093934514,0.040257648953301126,0.2952227589908749,0.04696725711218465,0.08722490606548577,0.13419216317767044,,,,,
34,31.696188942565755,52.81132581857219,3.4957058507783145,5.595813204508857,4.274020397208803,0.2885131508319914,1.2345679012345678,0.040257648953301126,0.2952227589908749,0.04696725711218465,0.08722490606548577,0.13419216317767044,,,,,
35,31.57541599570585,52.29468599033817,3.4957058507783145,5.555555555555555,4.777241009125067,0.4428341384863124,1.247987117552335,0.040257648953301126,0.30864197530864196,0.06038647342995169,0.08722490606548577,0.11406333870101985,,,,,
36,31.48148148148148,52.07997852925389,3.5225442834138487,5.60252281266774,4.9718196457326895,0.46296296296296297,1.2546967257112185,0.05367686527106817,0.30864197530864196,0.06038647342995169,0.08722490606548577,0.11406333870101985,,,,,
37,31.374127750939344,51.912238325281805,3.5426731078904994,5.669618894256575,5.0993022007514766,0.5032206119162641,1.2681159420289856,0.05367686527106817,0.30864197530864196,0.06038647342995169,0.08722490606548577,0.12077294685990338,,,,,
38,31.300322061191626,51.85856146001073,3.556092324208266,5.669618894256575,5.132850241545894,0.5166398282340311,1.247987117552335,0.05367686527106817,0.33548040794417605,0.06038647342995169,0.12077294685990338,0.14761137949543746,,,,,
39,24.973161567364468,59.38674181427805,3.321256038647343,4.394793344068707,5.723295759527644,0.47638217928073,1.1272141706924315,0.05367686527106817,0.30193236714975846,0.06038647342995169,0.06038647342995169,0.12077294685990338,,,,,
40,24.033816425120772,56.957863660762214,3.2675791733762747,4.3478260869565215,5.743424584004294,3.8378958668813743,1.1137949543746646,0.05367686527106817,0.33548040794417605,0.06038647342995169,0.06038647342995169,0.1878690284487386,,,,,
41,23.886205045625335,51.44256575415996,3.260869565217391,1.8853998926462694,5.059044551798175,12.801932367149758,1.0466988727858293,0.06038647342995169,0.2616747181964573,0.06038647342995169,0.06709608158883522,0.16774020397208803,,,,,
42,23.886205045625335,51.321792807300056,3.2340311325818574,1.8786902844873858,5.159688674181428,12.74825550187869,1.0332796564680622,0.14090177133655393,0.27509393451422437,0.06038647342995169,0.06709608158883522,0.19457863660762212,,,,,
43,23.58427267847558,51.328502415458935,3.4286097691894795,1.892109500805153,5.253623188405797,12.714707461084272,1.0332796564680622,0.18115942028985507,0.27509393451422437,0.06038647342995169,0.06709608158883522,0.18115942028985507,,,,,
44,22.48389694041868,52.03301127214171,3.1870638754696725,1.751207729468599,5.401234567901234,12.600644122383253,1.6438539989264627,0.30864197530864196,0.2885131508319914,0.06038647342995169,0.06709608158883522,0.17444981213097155,,,,,
45,22.443639291465377,51.94578636607622,3.180354267310789,1.8585614600107354,5.381105743424584,12.513419216317766,1.6438539989264627,0.3824476650563607,0.2885131508319914,0.06038647342995169,0.06709608158883522,0.23483628556092323,,,,,
46,22.457058507783145,51.71765968867418,3.180354267310789,1.8853998926462694,5.46833064949007,12.453032742887816,1.6505636070853462,0.46967257112184646,0.30193236714975846,0.06038647342995169,0.06709608158883522,0.2885131508319914,,,,,
47,22.517444981213096,51.2211486849168,3.2004830917874396,1.9659151905528718,5.803811057434245,12.332259796027913,1.6237251744498122,0.5770263016639828,0.32877079978529256,0.06038647342995169,0.06709608158883522,0.30193236714975846,,,,,
48,20.068438003220614,41.5727321524423,15.915190552871712,1.6237251744498122,5.864197530864198,12.171229200214707,1.415727321524423,0.6038647342995169,0.2885131508319914,0.06038647342995169,0.06709608158883522,0.3488996242619431,,,,,
49,20.001341921631777,40.94873859366613,15.854804079441761,1.6841116478797638,5.891035963499732,12.681159420289855,1.4761137949543746,0.5971551261406334,0.2885131508319914,0.06038647342995169,0.08722490606548577,0.4294149221685454,,,,,
50,18.531937734836287,42.36446591519055,15.780998389694043,1.6706924315619969,5.998389694041868,12.647611379495437,1.4626945786366077,0.6239935587761675,0.2885131508319914,0.06038647342995169,0.08722490606548577,0.4830917874396135,,,,,
51,18.531937734836287,42.19672571121846,15.861513687600644,1.724369296833065,5.971551261406334,12.600644122383253,1.482823403113258,0.6977992485238862,0.2885131508319914,0.06038647342995169,0.08722490606548577,0.49651100375738055,,,,,
52,18.531937734836287,42.089371980676326,15.713902308105206,1.7981749865807837,5.991680085882985,12.600644122383253,1.482823403113258,0.6910896403650026,0.2616747181964573,0.06709608158883522,0.08722490606548577,0.6843800322061192,,,,,
53,18.50509930220075,41.82098765432099,15.70048309178744,1.8048845947396672,6.286902844873859,12.600644122383253,1.482823403113258,0.7045088566827697,0.2616747181964573,0.06709608158883522,0.08722490606548577,0.6776704240472357,,,,,
54,18.531937734836287,41.196994095544824,14.868491680085883,3.207192699946323,6.360708534621578,12.573805689747719,1.4358561460010735,0.7447665056360708,0.28180354267310787,0.08051529790660225,0.08722490606548577,0.630703166935051,,,,,
55,18.19645732689211,39.56655931293612,16.378153515834676,3.1736446591519054,6.414385399892646,12.842190016103059,1.4962426194310252,0.7716049382716049,0.28180354267310787,0.08051529790660225,0.08722490606548577,0.7112184648416533,,,,,
56,18.270263016639827,39.378690284487384,16.284219001610307,3.126677402039721,6.474771873322598,12.788513150831992,1.596886741814278,0.785024154589372,0.32877079978529256,0.10735373054213634,0.06709608158883522,0.7917337627482555,,,,,
57,18.169618894256576,39.26462694578637,16.27079978529254,3.1535158346752548,6.541867954911433,12.828770799785293,1.6035963499731616,0.8185721953837896,0.33548040794417605,0.10735373054213634,0.06709608158883522,0.8387010198604401,,,,,
58,16.881374127750938,37.754965110037574,19.276704240472355,3.193773483628556,6.353998926462695,12.72812667740204,1.596886741814278,0.8252818035426731,0.33548040794417605,0.10064412238325282,0.06709608158883522,0.8856682769726248,,,,,
59,16.894793344068706,37.6610305958132,19.202898550724637,3.227321524422974,6.374127750939345,12.600644122383253,1.6237251744498122,0.9259259259259259,0.33548040794417605,0.12077294685990338,0.06709608158883522,0.966183574879227,,,,,
60,14.023081052066559,38.768115942028984,21.336553945249598,2.918679549114332,6.367418142780462,12.325550187869029,1.5096618357487923,1.133923778851315,0.32877079978529256,0.12077294685990338,0.06709608158883522,1.1003757380568975,,,,,
61,14.002952227589908,38.39237788513151,21.128556092324207,2.9052603327965647,6.850509930220075,12.29200214707461,1.5096618357487923,1.1943102522812667,0.32877079978529256,0.12077294685990338,0.06709608158883522,1.2077294685990339,,,,,
62,14.009661835748792,36.480139559849704,14.27133655394525,2.24771873322598,6.78341384863124,21.973966720343533,1.4962426194310252,1.3553408480944713,0.30193236714975846,0.10735373054213634,0.06709608158883522,0.9057971014492754,,,,,
63,13.88888888888889,36.40633387010199,14.27133655394525,2.2745571658615136,6.890767579173376,22.041062801932366,1.5029522275899088,1.3620504562533549,0.30193236714975846,0.10735373054213634,0.06709608158883522,0.8856682769726248,,,,,
64,13.264895330112722,35.15163714439077,15.411969940955448,3.7238325281803544,6.877348362855609,21.39694041867955,1.5767579173376274,1.2748255501878691,0.33548040794417605,0.10735373054213634,0.06709608158883522,0.8118625872249061,,,,,
65,13.217928073000536,35.10466988727858,15.24422973698336,3.7104133118625873,6.89747718733226,21.30300590445518,1.6170155662909287,1.3821792807300053,0.3824476650563607,0.14090177133655393,0.06709608158883522,0.9326355340848095,,,,,
66,13.24476650563607,34.977187332259795,15.183843263553408,3.7104133118625873,7.078636607622115,21.215780998389693,1.5365002683843263,1.4090177133655395,0.3824476650563607,0.14090177133655393,0.06709608158883522,1.0534084809447128,,,,,
67,13.20450885668277,34.91009125067096,15.076489533011273,3.7104133118625873,7.139023081052066,21.162104133118625,1.583467525496511,1.4626945786366077,0.3488996242619431,0.14090177133655393,0.06709608158883522,1.1943102522812667,,,,,
68,13.191089640365004,34.76247987117552,14.982555018786902,3.784219001610306,7.1725711218464845,21.014492753623188,1.6103059581320451,1.583467525496511,0.3421900161030596,0.14761137949543746,0.06709608158883522,1.3419216317767042,,,,,
69,13.157541599570585,34.735641438539986,14.88191089640365,3.743961352657005,7.159151905528717,20.9272678475577,1.7042404723564144,1.6237251744498122,0.4092860976918948,0.16774020397208803,0.06709608158883522,1.4224369296833066,,,,,
70,13.170960815888352,34.628287707997856,14.814814814814815,3.743961352657005,7.27992485238862,20.48443370907139,1.7579173376274826,2.0397208803005906,0.4092860976918948,0.16774020397208803,0.06709608158883522,1.4358561460010735,,,,,
71,13.103864734299517,34.50080515297907,14.814814814814815,3.911701556629093,7.27992485238862,20.43075684380032,1.7646269457863661,2.0397208803005906,0.43612453032742887,0.16774020397208803,0.05367686527106817,1.4962426194310252,,,,,
72,13.083735909822867,34.5276435856146,14.774557165861514,3.898282340311326,7.286634460547504,20.38378958668814,1.7981749865807837,2.0397208803005906,0.4092860976918948,0.16774020397208803,0.08051529790660225,1.5499194847020934,,,,,
73,13.130703166935051,34.17874396135266,14.65378421900161,4.166666666666667,7.353730542136339,20.169082125603865,1.7914653784219001,2.0665593129361244,0.4227053140096618,0.17444981213097155,0.08051529790660225,1.8115942028985508,,,,,
74,13.144122383252817,34.13177670424047,14.579978529253891,4.166666666666667,7.380568974771873,20.1959205582394,1.7914653784219001,2.073268921095008,0.4227053140096618,0.17444981213097155,0.07380568974771873,1.865271068169619,,,,,
75,12.72812667740204,30.246913580246915,22.262479871175522,3.7775093934514223,5.723295759527644,19.14922168545357,1.7847557702630166,1.892109500805153,0.36902844873859364,0.11406333870101985,0.10064412238325282,1.8518518518518519,,,,,
76,12.23161567364466,29.086151368760063,22.403381642512077,3.7372517444981215,5.636070853462158,20.79307568438003,1.7981749865807837,1.7847557702630166,0.3824476650563607,0.11406333870101985,0.10064412238325282,1.932367149758454,,,,,
77,12.198067632850242,29.01905528717123,22.363123993558776,3.7909286097691894,5.683038110574342,20.719269994632313,1.7981749865807837,1.8183038110574343,0.41599570585077833,0.11406333870101985,0.10064412238325282,1.9793344068706387,,,,,
78,12.278582930756844,28.703703703703702,22.23564143853999,3.784219001610306,5.971551261406334,20.665593129361245,1.8451422436929683,1.8048845947396672,0.41599570585077833,0.10735373054213634,0.10064412238325282,2.0799785292538915,0.0067096081588835215,,,,
79,12.278582930756844,28.509125067096083,21.87332259796028,3.797638217928073,6.078904991948471,20.679012345679013,1.8853998926462694,1.8384326355340848,0.4092860976918948,0.10064412238325282,0.11406333870101985,2.4154589371980677,0.0067096081588835215,0.013419216317767043,,,
80,12.191358024691358,28.5426731078905,21.83977455716586,3.8043478260869565,6.052066559312936,20.86688137412775,1.7310789049919484,1.8317230273752012,0.4092860976918948,0.10064412238325282,0.14761137949543746,2.462426194310252,0.0067096081588835215,0.013419216317767043,,,
81,12.265163714439076,28.502415458937197,21.74584004294149,3.797638217928073,6.0654857756307035,20.860171765968868,1.6639828234031133,1.865271068169619,0.4428341384863124,0.10064412238325282,0.16774020397208803,2.5026838432635534,0.0067096081588835215,0.013419216317767043,,,
82,12.245034889962426,28.415190552871714,21.692163177670423,3.8378958668813743,6.112453032742888,20.90042941492217,1.6841116478797638,1.8786902844873858,0.4428341384863124,0.10064412238325282,0.16774020397208803,2.5026838432635534,0.0067096081588835215,0.013419216317767043,,,
83,12.184648416532475,28.435319377348364,21.215780998389693,3.770799785292539,6.052066559312936,19.082125603864736,4.3545356951154055,1.6438539989264627,0.47638217928073,0.10064412238325282,0.16774020397208803,2.49597423510467,0.0067096081588835215,0.013419216317767043,,,
84,12.198067632850242,28.368223295759528,21.175523349436393,3.770799785292539,6.119162640901771,19.0150295222759,4.300858829844337,1.724369296833065,0.5032206119162641,0.10064412238325282,0.14090177133655393,2.563070316693505,0.0067096081588835215,0.013419216317767043,,,
85,12.110842726784755,28.29441760601181,20.873590982286636,4.884594739667204,6.280193236714976,18.183038110574344,4.253891572732153,1.751207729468599,0.47638217928073,0.10064412238325282,0.10735373054213634,2.6637144390767578,0.0067096081588835215,0.013419216317767043,,,
86,12.04374664519592,28.33467525496511,20.853462157809982,4.985238862050457,6.233225979602791,18.129361245303276,4.1532474503489,1.7981749865807837,0.5770263016639828,0.10064412238325282,0.10735373054213634,2.6502952227589907,0.0067096081588835215,0.013419216317767043,0.013419216317767043,,
87,12.057165861513688,28.32125603864734,20.82662372517445,4.978529253891573,6.266774020397209,18.06897477187332,4.2270531400966185,1.8250134192163177,0.5904455179817498,0.10064412238325282,0.10735373054213634,2.5966183574879227,0.0067096081588835215,0.013419216317767043,0.013419216317767043,,
88,12.010198604401502,28.267579173376276,20.685721953837895,5.045625335480408,6.300322061191626,18.23671497584541,4.2270531400966185,1.7579173376274826,0.5904455179817498,0.10064412238325282,0.13419216317767044,2.61003757380569,0.0067096081588835215,0.013419216317767043,0.013419216317767043,,
89,11.996779388083736,28.20048309178744,20.558239398819108,5.12614063338701,6.327160493827161,18.16290928609769,4.200214707461084,1.8183038110574343,0.6508319914117016,0.10064412238325282,0.1610305958132045,2.6637144390767578,0.0067096081588835215,0.013419216317767043,0.013419216317767043,,
90,11.943102522812667,28.079710144927535,20.471014492753625,7.024959742351046,6.447933440687064,16.740472356414386,4.186795491143317,1.5901771336553945,0.6575415995705851,0.10064412238325282,0.1610305958132045,2.563070316693505,0.0067096081588835215,0.013419216317767043,0.013419216317767043,,
91,11.922973698336017,27.85829307568438,20.42404723564144,7.065217391304348,6.360708534621578,16.6935050993022,4.508856682769726,1.6170155662909287,0.6374127750939346,0.10064412238325282,0.1610305958132045,2.6167471819645733,0.0067096081588835215,0.013419216317767043,0.013419216317767043,,
92,11.896135265700483,27.75764895330113,20.29656468062265,7.118894256575416,6.481481481481482,16.700214707461082,4.51556629092861,1.6304347826086956,0.6709608158883521,0.10064412238325282,0.1610305958132045,2.636876006441224,0.0067096081588835215,0.013419216317767043,0.013419216317767043,,
93,11.842458400429415,27.66371443907676,20.209339774557165,7.105475040257649,6.481481481481482,16.76731078904992,4.602791196994096,1.6438539989264627,0.6709608158883521,0.11406333870101985,0.1610305958132045,2.703972088030059,0.0067096081588835215,0.013419216317767043,0.013419216317767043,,
94,11.916264090177133,27.51610305958132,20.12211486849168,7.058507783145465,6.535158346752549,16.75389157273215,4.582662372517445,1.6639828234031133,0.7179280730005367,0.11406333870101985,0.20128824476650564,2.7844873859366612,0.0067096081588835215,0.013419216317767043,0.013419216317767043,,
95,11.936392914653783,27.415458937198068,20.108695652173914,7.024959742351046,6.521739130434782,16.63311862587225,4.622920021470746,1.8317230273752012,0.7716049382716049,0.11406333870101985,0.20128824476650564,2.7844873859366612,0.0067096081588835215,0.013419216317767043,0.013419216317767043,,
96,11.876006441223833,27.4020397208803,20.12211486849168,7.03166935050993,6.521739130434782,16.552603327965645,4.636339237788513,1.8585614600107354,0.798443370907139,0.11406333870101985,0.20128824476650564,2.8515834675254963,0.0067096081588835215,0.013419216317767043,0.013419216317767043,,
97,11.90955448201825,26.623725174449813,20.04830917874396,7.85024154589372,6.387546967257112,16.545893719806763,4.62962962962963,1.8115942028985508,0.8051529790660226,0.1274825550187869,0.2616747181964573,2.965646806226516,0.0067096081588835215,0.013419216317767043,0.013419216317767043,,
98,11.889425657541599,26.570048309178745,20.001341921631777,9.359903381642512,6.3070316693505095,15.257648953301127,4.676596886741814,1.6706924315619969,0.8319914117015567,0.11406333870101985,0.27509393451422437,3.012614063338701,0.0067096081588835215,0.013419216317767043,0.013419216317767043,,
99,10.795759527643586,23.765432098765434,24.46323134728932,9.212292002147075,6.1862587224906065,14.942297369833602,4.609500805152979,1.7176596886741815,0.8588298443370908,0.11406333870101985,0.2549651100375738,3.046162104133119,0.0067096081588835215,0.013419216317767043,0.013419216317767043,,
100,10.86285560923242,23.678207192699947,24.402844873859365,8.809715512614064,6.239935587761675,16.076221148684915,4.139828234031133,1.4761137949543746,0.8588298443370908,0.11406333870101985,0.23483628556092323,3.0730005367686526,0.0067096081588835215,0.013419216317767043,0.013419216317767043,,
101,10.84272678475577,23.62453032742888,24.355877616747183,8.816425120772946,6.1862587224906065,16.009125067096083,4.1532474503489,1.5499194847020934,0.8856682769726248,0.11406333870101985,0.2549651100375738,3.1333870101986045,0.0067096081588835215,0.05367686527106817,0.013419216317767043,,
102,10.929951690821255,23.463499731615673,24.174718196457327,8.99087493290392,6.253354804079442,15.94873859366613,4.092860976918948,1.6170155662909287,0.8990874932903918,0.11406333870101985,0.28180354267310787,3.1535158346752548,0.0067096081588835215,0.06038647342995169,0.013419216317767043,,
103,10.990338164251208,23.423242082662373,23.91304347826087,8.890230810520666,6.206387546967257,15.942028985507246,4.1532474503489,1.6371443907675791,0.9393451422436929,0.14090177133655393,0.2683843263553409,3.4151905528717124,0.0067096081588835215,0.06038647342995169,0.013419216317767043,,
104,10.950080515297907,23.396403650026837,23.832528180354267,8.910359634997317,6.360708534621578,15.841384863123993,4.180085882984434,1.6438539989264627,0.9259259259259259,0.14090177133655393,0.2952227589908749,3.4420289855072466,0.0067096081588835215,0.06038647342995169,0.013419216317767043,,
105,10.963499731615673,23.349436392914654,23.738593666129898,8.903650026838433,6.387546967257112,15.767579173376275,4.206924315619967,1.6706924315619969,0.9259259259259259,0.14090177133655393,0.28180354267310787,3.5829307568438002,0.0067096081588835215,0.06038647342995169,0.013419216317767043,,
106,10.983628556092324,23.2085346215781,23.698336017176597,9.024422973698336,6.4345142243692965,15.713902308105206,4.213633923778851,1.6572732152442298,0.9259259259259259,0.14090177133655393,0.28180354267310787,3.6366076221148687,0.0067096081588835215,0.06038647342995169,0.013419216317767043,,
107,10.95679012345679,23.1682769726248,23.557434245840042,8.970746108427267,6.461352657004831,15.660225442834138,4.294149221685454,1.7310789049919484,0.9594739667203436,0.16774020397208803,0.28180354267310787,3.7104133118625873,0.0067096081588835215,0.06038647342995169,0.013419216317767043,,
108,10.976918947933441,22.725442834138487,23.242082662372518,8.957326892109501,6.4412238325281805,15.599838969404187,5.132850241545894,1.7579173376274826,0.9594739667203436,0.1878690284487386,0.24825550187869028,3.6902844873859366,0.0067096081588835215,0.06038647342995169,0.013419216317767043,,
109,10.976918947933441,22.638217928073,23.14814814814815,8.702361782071927,6.421095008051529,15.552871712292003,5.159688674181428,1.7646269457863661,1.0332796564680622,0.2147074610842727,0.3421900161030596,3.965378421900161,0.0067096081588835215,0.06038647342995169,0.013419216317767043,,
110,10.715244229736983,21.62506709608159,33.09849704777241,6.380837359098229,5.709876543209877,11.3593666129898,5.0858829844337095,1.1272141706924315,0.7783145464304885,0.11406333870101985,0.32877079978529256,3.616478797638218,,0.06038647342995169,,,
111,10.61460010735373,21.410359634997317,32.8166935050993,6.602254428341385,5.6964573268921095,11.560654857756306,5.0858829844337095,1.2010198604401503,0.8051529790660226,0.11406333870101985,0.32877079978529256,3.7037037037037037,,0.06038647342995169,,,
112,10.59447128287708,21.410359634997317,32.47450348899624,6.561996779388084,6.018518518518518,11.506977992485238,5.112721417069243,1.2278582930756843,0.8051529790660226,0.11406333870101985,0.32877079978529256,3.784219001610306,,0.06038647342995169,,,
113,10.527375201288244,21.336553945249598,32.49463231347289,6.6827697262479875,5.9447128287707995,11.466720343531938,5.166398282340311,1.2546967257112185,0.7917337627482555,0.11406333870101985,0.32877079978529256,3.8311862587224907,,0.06038647342995169,,,
114,10.527375201288244,21.329844337090712,32.41411701556629,6.702898550724638,6.011808910359635,11.439881910896403,5.139559849704777,1.2815351583467525,0.7581857219538379,0.11406333870101985,0.35560923242082665,3.864734299516908,,0.06038647342995169,,,
115,10.426731078904991,21.316425120772948,31.21309715512614,8.111916264090176,6.119162640901771,11.2788513150832,5.10601180891036,1.2546967257112185,0.7648953301127214,0.11406333870101985,0.4025764895330113,3.8311862587224907,,0.06038647342995169,,,
116,10.426731078904991,21.14868491680086,31.031937734836287,8.064949006977992,6.3137412775093935,11.312399355877616,5.10601180891036,1.288244766505636,0.7648953301127214,0.16774020397208803,0.4294149221685454,3.9049919484702094,,0.040257648953301126,,,
117,10.265700483091788,20.92055823939882,31.092324208266238,8.071658615136876,6.380837359098229,11.265432098765432,5.179817498658078,1.3217928073000538,0.7648953301127214,0.16774020397208803,0.4294149221685454,4.0995705850778315,,0.040257648953301126,,,
118,8.091787439613526,33.77616747181965,25.95276435856146,6.837090713902308,4.824208266237251,10.61460010735373,4.106280193236715,1.221148684916801,0.7246376811594203,0.14090177133655393,0.32877079978529256,3.3816425120772946,,,,,
119,8.05823939881911,33.52120236178207,25.72463768115942,6.830381105743425,5.173107890499195,10.701825013419215,4.1532474503489,1.2345679012345678,0.7246376811594203,0.14090177133655393,0.32877079978529256,3.408480944712829,,,,,
120,8.064949006977992,33.40713902308105,25.543478260869566,6.78341384863124,5.495169082125604,10.607890499194847,4.146537842190016,1.3217928073000538,0.7514761137949544,0.14090177133655393,0.32877079978529256,3.408480944712829,,,,,
121,8.085077831454644,33.28636607622115,25.41599570585078,6.8035426731078905,5.5689747718733225,10.695115405260333,4.092860976918948,1.3083735909822867,0.7514761137949544,0.14090177133655393,0.32877079978529256,3.5225442834138487,,,,,
122,8.085077831454644,33.13875469672571,25.214707461084274,6.816961889425658,5.750134192163178,10.668276972624799,4.066022544283414,1.3352120236178207,0.7514761137949544,0.16774020397208803,0.32877079978529256,3.6768652710681695,,,,,
123,8.05823939881911,32.930756843800324,25.10064412238325,6.89747718733226,5.984970477724101,10.68840579710145,4.03918411164788,1.3419216317767042,0.798443370907139,0.12077294685990338,0.3421900161030596,3.69699409554482,,,,,
124,8.105206655931294,32.8166935050993,25.0805152979066,6.823671497584541,6.0654857756307035,10.661567364465915,3.9720880300590444,1.3888888888888888,0.9594739667203436,0.12077294685990338,0.32877079978529256,3.6768652710681695,,,,,
125,8.13875469672571,32.669082125603865,23.852657004830917,6.877348362855609,6.0587761674718195,10.654857756307031,3.938539989264627,1.3754696725711217,0.9460547504025765,0.12077294685990338,0.32877079978529256,5.038915727321524,,,,,
126,8.192431561996779,32.360440150295226,23.752012882447666,7.065217391304348,6.119162640901771,10.641438539989265,3.9586688137412773,1.3754696725711217,0.9460547504025765,0.1610305958132045,0.32877079978529256,5.0993022007514766,,,,,
127,8.125335480407944,32.23966720343532,23.678207192699947,6.971282877079979,6.3137412775093935,10.513955984970478,4.1532474503489,1.3486312399355878,0.9594739667203436,0.1878690284487386,0.35560923242082665,5.152979066022544,,,,,
128,8.07836822329576,32.17928073000537,23.221953837895867,6.944444444444445,6.951154052603328,10.420021470746109,4.1532474503489,1.402308105206656,0.9728931830381106,0.20128824476650564,0.35560923242082665,5.119431025228127,,,,,
129,8.111916264090176,32.045088566827694,23.161567364465917,7.018250134192163,7.0450885668276975,10.399892646269459,4.159957058507783,1.442565754159957,0.9460547504025765,0.20128824476650564,0.3824476650563607,5.0858829844337095,,,,,
130,8.09849704777241,31.93102522812668,22.953569511540525,7.058507783145465,7.132313472893183,10.339506172839506,4.133118625872249,1.482823403113258,0.966183574879227,0.20128824476650564,0.3824476650563607,5.320719269994632,,,,,
131,8.004562533548041,31.816961889425656,22.477187332259795,7.461084272678476,7.219538378958669,10.265700483091788,4.133118625872249,1.5230810520665594,1.0064412238325282,0.20128824476650564,0.41599570585077833,5.46833064949007,,0.0067096081588835215,,,
132,7.997852925389157,31.736446591519055,22.41009125067096,7.461084272678476,7.132313472893183,10.238862050456254,4.30756843800322,1.5901771336553945,1.0265700483091786,0.20128824476650564,0.41599570585077833,5.475040257648954,,0.0067096081588835215,,,
133,7.98443370907139,31.702898550724637,22.41009125067096,7.494632313472893,7.132313472893183,10.23215244229737,4.233762748255502,1.5901771336553945,1.0399892646269457,0.23483628556092323,0.5032206119162641,5.434782608695652,,0.0067096081588835215,,,
134,7.977724100912507,31.61567364465915,22.188674181427803,7.64224369296833,7.367149758454106,10.205314009661835,4.233762748255502,1.6304347826086956,1.0131508319914118,0.23483628556092323,0.5032206119162641,5.381105743424584,,0.0067096081588835215,,,
135,7.944176060118089,31.5150295222759,22.128287707997853,7.722758990874933,7.467793880837359,10.198604401502953,4.17337627482555,1.7042404723564144,1.0064412238325282,0.27509393451422437,0.4562533548040794,5.401234567901234,,0.0067096081588835215,,,
136,7.98443370907139,31.353998926462694,22.114868491680085,7.716049382716049,7.561728395061729,10.23215244229737,4.139828234031133,1.7042404723564144,1.0332796564680622,0.30864197530864196,0.4562533548040794,5.387815351583468,,0.0067096081588835215,,,
137,7.977724100912507,31.226516371443907,22.134997316156735,7.763016639828234,7.64224369296833,10.258990874932904,4.1532474503489,1.6908212560386473,1.0198604401502953,0.30864197530864196,0.4562533548040794,5.360976918947934,,0.0067096081588835215,,,
138,8.011272141706923,31.105743424584006,22.114868491680085,7.742887815351583,7.742887815351583,10.198604401502953,4.1532474503489,1.7444981213097155,1.0332796564680622,0.30864197530864196,0.4562533548040794,5.381105743424584,,0.0067096081588835215,,,
139,8.05823939881911,31.072195383789587,22.094739667203434,7.776435856146001,7.682501341921632,10.131508319914117,4.180085882984434,1.7713365539452497,1.0332796564680622,0.3421900161030596,0.4562533548040794,5.381105743424584,,0.020128824476650563,,,
140,8.031400966183575,30.99838969404187,22.034353193773484,7.682501341921632,7.709339774557166,10.077831454643048,4.294149221685454,1.865271068169619,1.0601180891035964,0.36231884057971014,0.4562533548040794,5.407944176060118,,0.020128824476650563,,,
141,7.96430488459474,27.677133655394524,21.91358024691358,11.211755233494364,7.561728395061729,10.171765968867419,4.2203435319377345,1.865271068169619,1.0735373054213635,0.4025764895330113,0.4562533548040794,5.4616210413311865,,0.020128824476650563,,,
142,7.924047235641439,27.65029522275899,21.85319377348363,11.137949543746645,7.601986044015029,10.144927536231885,4.260601180891036,1.8786902844873858,1.093666129898014,0.4025764895330113,0.49651100375738055,5.535426731078905,,0.020128824476650563,,,
143,7.957595276435856,27.58990874932904,21.611647879763822,11.117820719269995,7.581857219538379,10.124798711755233,4.280730005367687,1.8115942028985508,1.1205045625335481,0.4025764895330113,0.5367686527106817,5.844068706387547,,0.020128824476650563,,,
144,7.98443370907139,27.542941492216855,21.3768115942029,11.178207192699947,7.877079978529254,10.064412238325282,4.240472356414386,1.8115942028985508,1.1406333870101986,0.4025764895330113,0.5367686527106817,5.8239398819108965,,0.020128824476650563,,,
145,7.98443370907139,27.395330112721417,21.36339237788513,11.18491680085883,7.930756843800322,10.11808910359635,4.274020397208803,1.8115942028985508,1.1607622114868492,0.4294149221685454,0.5367686527106817,5.790391841116479,,0.020128824476650563,,,
146,8.044820182501342,27.214170692431562,21.289586688137412,11.09098228663446,8.024691358024691,10.084541062801932,4.334406870638754,1.8115942028985508,1.261406333870102,0.4294149221685454,0.5568974771873323,5.837359098228664,,0.020128824476650563,,,
147,7.98443370907139,27.22758990874933,21.20907139023081,11.09098228663446,8.051529790660226,10.084541062801932,4.327697262479871,1.8115942028985508,1.2748255501878691,0.46967257112184646,0.5434782608695652,5.904455179817498,,0.020128824476650563,,,
148,7.4141170155662905,26.82501341921632,22.758990874932906,11.05072463768116,7.971014492753623,9.728931830381105,4.341116478797638,1.7914653784219001,1.2949543746645196,0.4562533548040794,0.5367686527106817,5.810520665593129,,0.020128824476650563,,,
149,7.185990338164252,27.77777777777778,22.517444981213096,11.131239935587761,7.944176060118089,9.219001610305957,4.260601180891036,1.8115942028985508,1.2748255501878691,0.47638217928073,0.5367686527106817,5.850778314546431,,0.013419216317767043,,,
150,7.212828770799785,27.717391304347824,22.443639291465377,11.084272678475577,8.004562533548041,9.198872785829307,4.320987654320987,1.7981749865807837,1.3083735909822867,0.47638217928073,0.5501878690284487,5.857487922705314,,0.026838432635534086,,,
151,7.232957595276436,26.241277509393452,22.396672034353195,12.828770799785293,7.776435856146001,9.212292002147075,4.28743961352657,1.8048845947396672,1.288244766505636,0.47638217928073,0.5501878690284487,5.877616747181965,,0.026838432635534086,,,
152,7.219538378958669,26.140633387010197,22.32957595276436,12.915995705850777,7.843531937734836,9.185453569511541,4.320987654320987,1.8115942028985508,1.2546967257112185,0.5032206119162641,0.6239935587761675,5.8239398819108965,,0.026838432635534086,,,
153,7.2933440687063875,26.006441223832528,22.269189479334408,12.909286097691895,8.004562533548041,9.098228663446054,4.314278046162104,1.7847557702630166,1.2546967257112185,0.47638217928073,0.6239935587761675,5.938003220611916,,0.026838432635534086,,,
154,7.340311325818572,25.825281803542673,22.14170692431562,12.915995705850777,8.105206655931294,9.07139023081052,4.28743961352657,1.8250134192163177,1.2815351583467525,0.46296296296296297,0.6038647342995169,6.112453032742888,,0.026838432635534086,,,
155,7.353730542136339,25.751476113794954,22.108158883521202,12.902576489533011,8.165593129361245,9.07139023081052,4.327697262479871,1.8250134192163177,1.2748255501878691,0.46296296296296297,0.6038647342995169,6.119162640901771,,0.03354804079441761,,,
156,7.353730542136339,25.295222758990874,21.524422973698336,14.392109500805153,7.977724100912507,8.99087493290392,4.139828234031133,1.8183038110574343,1.3419216317767042,0.46296296296296297,0.6038647342995169,6.0654857756307035,,0.03354804079441761,,,
157,7.313472893183038,25.275093934514224,21.464036500268385,14.486044015029522,7.830112721417069,8.99087493290392,4.314278046162104,1.8250134192163177,1.3150831991411702,0.4562533548040794,0.6038647342995169,6.092324208266238,,0.03354804079441761,,,
158,7.320182501341922,25.06038647342995,21.36339237788513,14.526301663982823,7.823403113258186,9.373322597960279,4.314278046162104,1.8183038110574343,1.288244766505636,0.4830917874396135,0.6038647342995169,5.978260869565218,,0.04696725711218465,,,
159,7.367149758454106,24.993290391841118,21.309715512614062,14.445786366076222,7.856951154052603,9.326355340848094,4.334406870638754,1.8451422436929683,1.3419216317767042,0.4830917874396135,0.6038647342995169,6.045356951154052,,0.04696725711218465,,,
160,7.347020933977456,24.88593666129898,21.289586688137412,14.36527106816962,8.279656468062266,9.312936124530328,4.247181964573269,1.865271068169619,1.2681159420289856,0.47638217928073,0.5501878690284487,6.072195383789587,,0.040257648953301126,,,
161,7.360440150295223,24.84567901234568,21.182232957595275,14.378690284487385,8.299785292538916,9.31964573268921,4.247181964573269,1.8988191089640365,1.3217928073000538,0.47638217928073,0.5501878690284487,6.078904991948471,,0.040257648953301126,,,
162,7.37385936661299,24.798711755233494,21.115136876006442,14.36527106816962,8.393719806763285,9.219001610305957,4.213633923778851,2.006172839506173,1.3553408480944713,0.47638217928073,0.5501878690284487,6.072195383789587,,0.06038647342995169,,,
163,7.387278582930757,24.704777241009126,21.115136876006442,14.278046162104133,8.460815888352121,9.172034353193773,4.320987654320987,2.1068169618894257,1.3016639828234031,0.4495437466451959,0.5703166935050993,6.072195383789587,,0.06038647342995169,,,
164,7.37385936661299,24.61755233494364,21.054750402576488,14.331723027375201,8.480944712828771,9.158615136876007,4.3545356951154055,2.0799785292538915,1.3083735909822867,0.4495437466451959,0.5971551261406334,6.132581857219538,,0.06038647342995169,,,
165,7.4208266237251745,24.490069779924852,20.967525496511005,14.331723027375201,8.601717659688674,9.118357487922705,4.435050993022007,2.0531400966183573,1.3083735909822867,0.4294149221685454,0.5971551261406334,6.1862587224906065,,0.06038647342995169,,,
166,7.434245840042942,24.476650563607084,20.90713902308105,14.244498121309716,8.568169618894256,9.111647879763822,4.42163177670424,2.059849704777241,1.3955984970477724,0.4495437466451959,0.5971551261406334,6.293612453032743,,0.040257648953301126,,,
167,7.4208266237251745,24.46323134728932,20.840042941492218,14.264626945786366,8.514492753623188,9.118357487922705,4.488727858293076,2.0665593129361244,1.3955984970477724,0.4495437466451959,0.5971551261406334,6.340579710144928,,0.040257648953301126,,,
168,7.461084272678476,24.3894256575416,20.759527643585614,14.398819108964037,8.400429414922169,9.078099838969404,4.562533548040794,2.086688137412775,1.3955984970477724,0.4495437466451959,0.5971551261406334,6.380837359098229,,0.040257648953301126,,,
