,45,50,52,53,55,51,57,54,56,58
0,86.64787976382179,13.352120236178207,,,,,,,,
1,81.23993558776168,18.760064412238325,,,,,,,,
2,81.28690284487386,18.71309715512614,,,,,,,,
3,69.31696188942566,30.683038110574344,,,,,,,,
4,64.71417069243157,35.04428341384863,0.24154589371980675,,,,,,,
5,52.38191089640365,47.376543209876544,0.24154589371980675,,,,,,,
6,44.357219538378956,54.70343531937735,0.24154589371980675,0.30864197530864196,0.38915727321524424,,,,,
7,42.82071926999463,54.723564143854,0.24154589371980675,0.30864197530864196,1.90552871712292,,,,,
8,29.280730005367687,58.60842726784756,0.24154589371980675,0.30864197530864196,0.2549651100375738,11.305689747718732,,,,
9,21.967257112184647,58.467525496511,8.32662372517445,0.30864197530864196,0.2549651100375738,10.674986580783683,,,,
10,22.33628556092324,55.95142243692968,10.36634460547504,0.30864197530864196,0.2549651100375738,10.641438539989265,0.14090177133655393,,,
11,21.631776704240472,56.66264090177134,10.332796564680622,0.30864197530864196,0.36231884057971014,10.560923242082662,0.14090177133655393,,,
12,21.061460010735374,56.427804616210416,11.466720343531938,0.30864197530864196,0.36231884057971014,10.23215244229737,0.14090177133655393,,,
13,21.195652173913043,56.333870101986044,11.426462694578637,0.30864197530864196,0.36231884057971014,10.23215244229737,0.14090177133655393,,,
14,21.276167471819647,55.34755770263017,9.534353193773484,3.2474503488996245,0.2549651100375738,10.198604401502953,0.14090177133655393,,,
15,21.443907675791735,54.200214707461086,9.400161030595813,3.2474503488996245,1.3687600644122384,10.198604401502953,0.14090177133655393,,,
16,19.679280730005367,53.08641975308642,9.681964573268921,4.106280193236715,3.1333870101986045,10.171765968867419,0.14090177133655393,,,
17,19.80005367686527,53.0126140633387,9.648416532474503,4.106280193236715,3.1333870101986045,10.158346752549651,0.14090177133655393,,,
18,19.504830917874397,49.85238862050456,7.742887815351583,7.924047235641439,4.320987654320987,10.158346752549651,0.14090177133655393,0.35560923242082665,,
19,16.847826086956523,39.982555018786904,6.843800322061192,9.292807300053678,3.911701556629093,21.77938808373591,0.1274825550187869,1.1406333870101986,0.07380568974771873,
20,15.076489533011273,39.754428341384866,6.790123456790123,9.292807300053678,3.8177670424047236,23.57085346215781,0.1274825550187869,1.4962426194310252,0.07380568974771873,
21,14.908749329039184,39.331723027375205,7.501341921631776,9.27938808373591,3.8177670424047236,23.141438539989263,0.1274825550187869,1.8183038110574343,0.07380568974771873,
22,14.197530864197532,38.86205045625336,9.306226516371444,9.27938808373591,3.8177670424047236,21.846484165324746,0.0939345142243693,2.522812667740204,0.07380568974771873,
23,14.083467525496511,35.21202361782072,11.486849168008588,6.005099302200751,3.8177670424047236,25.32206119162641,0.0939345142243693,2.5161030595813205,1.4626945786366077,
24,14.049919484702093,35.258990874932906,11.486849168008588,6.005099302200751,3.8043478260869565,25.32206119162641,0.0939345142243693,2.5161030595813205,1.4626945786366077,
25,14.432367149758454,34.48067632850242,11.3191089640365,5.991680085882985,4.260601180891036,24.86580783682233,0.0939345142243693,3.0931293612453032,1.4626945786366077,
26,14.51959205582394,34.46725711218465,11.3191089640365,5.9514224369296835,4.260601180891036,24.84567901234568,0.0939345142243693,3.079710144927536,1.4626945786366077,
27,13.070316693505099,25.06038647342995,23.329307568438004,5.9514224369296835,3.5963499731615673,24.94632313472893,0.0939345142243693,2.4892646269457863,1.4626945786366077,
28,10.0979602791197,22.859634997316157,23.289049919484704,5.9514224369296835,3.556092324208266,30.19994632313473,0.0939345142243693,2.4892646269457863,1.4626945786366077,
29,8.964036500268385,21.93370907139023,20.40391841116479,4.126409017713366,3.2474503488996245,38.56682769726248,,1.2949543746645196,1.4626945786366077,
30,9.118357487922705,21.93370907139023,20.242887815351583,4.260601180891036,3.2474503488996245,38.439345142243695,,1.2949543746645196,1.4626945786366077,
31,9.01100375738057,20.303274288781534,20.128824476650564,8.044820182501342,2.3349436392914655,37.69457863660762,,1.0198604401502953,1.4626945786366077,
32,9.138486312399356,20.209339774557165,20.075147611379496,8.038110574342458,2.3349436392914655,37.64090177133655,,1.1003757380568975,1.4626945786366077,
33,9.286097691894794,20.209339774557165,19.94766505636071,7.883789586688137,2.3349436392914655,37.513419216317764,0.14090177133655393,1.221148684916801,1.4626945786366077,
34,9.138486312399356,17.270531400966185,19.605475040257648,7.0383789586688135,2.3349436392914655,41.2037037037037,0.14090177133655393,1.8048845947396672,1.4626945786366077,
35,7.937466451959206,15.546162104133119,14.754428341384862,6.984702093397746,2.3349436392914655,49.033816425120776,0.14090177133655393,1.8048845947396672,1.4626945786366077,
36,7.206119162640902,15.01610305958132,14.170692431561998,3.1333870101986045,2.3081052066559313,55.85748792270532,,1.8048845947396672,0.5032206119162641,
37,7.347020933977456,15.01610305958132,14.170692431561998,3.1065485775630703,2.3081052066559313,55.743424584004295,,1.8048845947396672,0.5032206119162641,
38,7.568438003220612,14.982555018786902,16.532474503488995,3.1065485775630703,2.3081052066559313,53.22061191626409,,1.778046162104133,0.5032206119162641,
39,7.581857219538379,11.506977992485238,16.109769189479334,5.10601180891036,1.6170155662909287,55.79710144927536,,1.778046162104133,0.5032206119162641,
40,7.776435856146001,10.554213633923778,15.58641975308642,5.723295759527644,1.6170155662909287,54.186795491143315,,3.8311862587224907,0.7246376811594203,
41,7.836822329575953,10.554213633923778,15.5126140633387,5.6964573268921095,1.6170155662909287,53.837895866881375,0.04696725711218465,4.17337627482555,0.7246376811594203,
42,7.051798174986581,9.655126140633387,16.371443907675793,5.515297906602254,1.6170155662909287,54.851046698872786,0.04696725711218465,4.17337627482555,0.7179280730005367,
43,6.602254428341385,9.39345142243693,15.398550724637682,4.851046698872786,2.281266774020397,56.50831991411702,0.04696725711218465,4.012345679012346,0.9057971014492754,
44,6.89747718733226,9.333064949006978,15.351583467525497,7.709339774557166,2.281266774020397,53.37493290391841,0.04696725711218465,4.012345679012346,0.9930220075147611,
45,7.058507783145465,9.151905528717123,15.351583467525497,7.635534084809447,2.281266774020397,52.804616210413315,0.04696725711218465,4.676596886741814,0.9930220075147611,
46,3.9519592055823938,5.394524959742351,18.317230273752013,7.588566827697263,2.147074610842727,57.038378958668815,0.04696725711218465,4.448470209339774,1.06682769726248,
47,3.992216854535695,5.387815351583468,13.365539452495975,7.407407407407407,2.147074610842727,62.25174449812131,0.04696725711218465,4.334406870638754,1.06682769726248,
48,4.012345679012346,5.233494363929147,14.278046162104133,7.407407407407407,2.636876006441224,61.04401502952228,0.04696725711218465,4.334406870638754,1.0064412238325282,
49,4.206924315619967,5.213365539452496,14.278046162104133,7.37385936661299,2.636876006441224,60.92324208266237,0.04696725711218465,4.314278046162104,1.0064412238325282,
50,4.314278046162104,5.213365539452496,14.264626945786366,7.347020933977456,2.636876006441224,60.85614600107354,0.04696725711218465,4.314278046162104,1.0064412238325282,
51,4.690016103059581,5.065754159957058,14.264626945786366,7.326892109500805,2.636876006441224,60.648148148148145,0.04696725711218465,4.314278046162104,1.0064412238325282,
52,4.2203435319377345,2.898550724637681,12.399355877616747,5.756843800322061,1.6035963499731616,67.29736983360172,0.04696725711218465,4.770531400966184,1.0064412238325282,
53,3.569511540526033,2.4691358024691357,13.781535158346752,3.140096618357488,0.48980139559849706,71.6250670960816,0.04696725711218465,3.8714439076757916,1.0064412238325282,
54,3.770799785292539,2.4691358024691357,13.781535158346752,3.140096618357488,0.48980139559849706,71.42377885131508,0.04696725711218465,3.8714439076757916,1.0064412238325282,
55,3.8311862587224907,2.4691358024691357,13.197799248523886,3.140096618357488,1.1943102522812667,71.30300590445518,,3.8714439076757916,0.9930220075147611,
56,3.9989264626945786,2.4691358024691357,13.197799248523886,3.052871712292002,1.1741814278046163,71.24261943102523,,3.8714439076757916,0.9930220075147611,
57,3.898282340311326,2.4691358024691357,12.889157273215245,11.735104669887278,0.7045088566827697,63.29844337090714,,3.8311862587224907,1.1741814278046163,
58,4.052603327965647,2.4691358024691357,13.841921631776705,11.728395061728396,0.7045088566827697,62.224906065485776,,3.8043478260869565,1.1741814278046163,
59,3.455448201825013,2.4691358024691357,13.620504562533547,11.258722490606548,0.7045088566827697,63.51315083199141,,3.8043478260869565,1.1741814278046163,
60,3.307836822329576,2.408749329039184,28.60305958132045,10.446859903381643,0.6843800322061192,50.0805152979066,,3.8043478260869565,0.6642512077294686,
61,3.193773483628556,1.865271068169619,27.3215244229737,9.057971014492754,1.0534084809447128,53.09983896940419,,3.8043478260869565,0.6038647342995169,
62,3.280998389694042,1.865271068169619,27.28797638217928,9.057971014492754,2.7442297369833604,50.83199141170156,,3.8043478260869565,1.1272141706924315,
63,3.4420289855072466,1.865271068169619,26.932367149758456,9.057971014492754,2.7106816961889426,50.80515297906602,,3.7909286097691894,1.3955984970477724,
64,3.5628019323671496,1.865271068169619,26.932367149758456,8.668813741277509,2.7106816961889426,50.68438003220612,,4.180085882984434,1.3955984970477724,
65,3.1736446591519054,1.7847557702630166,27.395330112721417,8.668813741277509,2.301395598497048,51.59688674181428,,3.978797638217928,1.1003757380568975,
66,3.1870638754696725,1.7847557702630166,27.395330112721417,8.668813741277509,2.301395598497048,51.58346752549651,,3.978797638217928,1.1003757380568975,
67,3.3816425120772946,1.7847557702630166,27.355072463768117,8.668813741277509,2.301395598497048,51.44927536231884,,3.9586688137412773,1.1003757380568975,
68,3.4688674181427803,1.7847557702630166,27.3215244229737,8.668813741277509,2.301395598497048,51.39559849704777,,3.9586688137412773,1.1003757380568975,
69,3.6231884057971016,1.7847557702630166,27.234299516908212,8.668813741277509,2.301395598497048,51.328502415458935,,3.9586688137412773,1.1003757380568975,
70,3.8378958668813743,1.7847557702630166,29.884594739667204,8.655394524959743,2.2342995169082127,46.31642512077295,,5.723295759527644,1.5633387010198605,
71,4.066022544283414,1.7847557702630166,29.844337090713903,8.702361782071927,2.2342995169082127,46.12855609232421,,5.676328502415459,1.5633387010198605,
72,4.3478260869565215,1.7847557702630166,29.428341384863124,8.61513687600644,2.227589908749329,46.061460010735374,,5.629361245303274,1.90552871712292,
73,4.428341384863124,1.7713365539452497,29.401502952227588,8.61513687600644,2.227589908749329,45.54482018250134,,5.629361245303274,2.38191089640365,
74,4.757112184648417,1.7713365539452497,29.367954911433173,8.61513687600644,2.227589908749329,44.95437466451959,,5.60252281266774,2.703972088030059,
75,4.978529253891573,1.7713365539452497,29.086151368760063,8.943907675791733,2.227589908749329,44.40418679549114,0.14090177133655393,5.991680085882985,2.4557165861513686,
76,5.287171229200215,1.7713365539452497,28.951959205582394,8.943907675791733,2.227589908749329,44.02173913043478,0.14090177133655393,5.991680085882985,2.6637144390767578,
77,5.0993022007514766,1.7713365539452497,34.99060654857756,6.749865807836822,2.227589908749329,40.365002683843265,0.14090177133655393,5.991680085882985,2.6637144390767578,
78,5.314009661835748,1.7713365539452497,34.98389694041868,6.749865807836822,2.227589908749329,40.15700483091788,0.14090177133655393,5.991680085882985,2.6637144390767578,
79,5.401234567901234,1.7713365539452497,34.94363929146538,6.749865807836822,2.1940418679549114,40.15029522275899,0.14090177133655393,5.984970477724101,2.6637144390767578,
80,5.448201825013419,1.7713365539452497,34.82957595276436,6.729736983360172,2.1940418679549114,40.15029522275899,0.14090177133655393,5.978260869565218,2.757648953301127,
81,5.475040257648954,1.7713365539452497,34.80273752012882,6.729736983360172,2.1940418679549114,40.15029522275899,0.14090177133655393,5.978260869565218,2.757648953301127,
82,5.58239398819109,1.7713365539452497,34.76918947933441,6.689479334406871,2.1940418679549114,40.13016639828234,0.1274825550187869,5.978260869565218,2.757648953301127,
83,5.783682232957595,1.7713365539452497,35.7085346215781,6.6760601180891035,2.1068169618894257,39.20424047235642,0.1274825550187869,5.978260869565218,2.6435856146001075,
84,5.656199677938808,1.7579173376274826,33.3467525496511,6.293612453032743,2.1068169618894257,42.411433172302736,0.1274825550187869,5.978260869565218,2.3215244229736984,
85,5.897745571658615,1.7444981213097155,33.19914117015566,6.293612453032743,2.1068169618894257,41.58615136876006,0.1274825550187869,6.723027375201288,2.3215244229736984,
86,5.991680085882985,1.7444981213097155,32.910628019323674,5.991680085882985,2.1068169618894257,41.54589371980676,0.6642512077294686,6.723027375201288,2.3215244229736984,
87,5.730005367686527,1.7444981213097155,38.66076221148685,4.528985507246377,2.1068169618894257,37.57380568974772,0.6642512077294686,6.689479334406871,2.301395598497048,
88,5.783682232957595,1.6975308641975309,38.62050456253355,4.528985507246377,2.167203435319377,37.546967257112186,0.6642512077294686,6.689479334406871,2.301395598497048,
89,5.844068706387547,1.6975308641975309,38.58024691358025,4.528985507246377,2.3081052066559313,37.40606548577563,0.6642512077294686,6.689479334406871,2.281266774020397,
90,5.6964573268921095,1.6035963499731616,42.93478260869565,4.38137412775094,2.3081052066559313,33.13875469672571,0.6642512077294686,6.340579710144928,2.932098765432099,
91,5.750134192163178,1.6035963499731616,42.03569511540526,5.535426731078905,2.3081052066559313,33.09849704777241,0.7581857219538379,6.293612453032743,2.6167471819645733,
92,5.763553408480945,1.6035963499731616,40.063070316693505,10.534084809447128,2.26784755770263,31.219806763285025,0.7581857219538379,5.173107890499195,2.6167471819645733,
93,5.864197530864198,1.6035963499731616,37.466451959205585,10.487117552334944,2.26784755770263,33.81642512077295,0.7313472893183038,5.173107890499195,2.589908749329039,
94,6.005099302200751,1.6035963499731616,37.124261943102525,10.352925389157273,2.26784755770263,32.8166935050993,0.7313472893183038,5.152979066022544,3.9452495974235107,
95,6.179549114331723,1.6035963499731616,37.084004294149224,10.292538915727322,2.26784755770263,32.74288781535159,0.7313472893183038,5.152979066022544,3.9452495974235107,
96,6.582125603864735,1.6035963499731616,36.85587761674718,10.258990874932904,2.26784755770263,32.628824476650564,0.7313472893183038,5.152979066022544,3.9184111647879765,
97,6.582125603864735,1.583467525496511,36.75523349436393,10.245571658615138,2.408749329039184,32.628824476650564,0.7313472893183038,5.152979066022544,3.911701556629093,
98,6.709608158883521,1.583467525496511,35.75550187869028,10.245571658615138,2.408749329039184,32.37385936661299,1.1876006441223832,5.112721417069243,4.622920021470746,
99,6.246645195920558,1.583467525496511,34.23242082662372,8.80300590445518,2.3752012882447664,36.862587224906065,1.0869565217391304,4.119699409554482,4.690016103059581,
100,6.233225979602791,1.583467525496511,33.53462157809984,9.628287707997853,2.3752012882447664,36.77536231884058,1.0869565217391304,4.092860976918948,4.690016103059581,
101,6.394256575415996,1.583467525496511,33.3064949006978,9.621578099838969,2.3752012882447664,36.50697799248524,1.0869565217391304,4.951690821256038,4.17337627482555,
102,6.608964036500268,1.583467525496511,33.2259796027912,9.614868491680086,2.3752012882447664,36.42646269457864,1.06682769726248,4.951690821256038,4.146537842190016,
103,7.051798174986581,1.5767579173376274,33.393719806763286,9.272678475577026,2.3752012882447664,36.218464841653244,1.0534084809447128,4.911433172302737,4.146537842190016,
104,7.253086419753086,1.5767579173376274,33.3467525496511,9.272678475577026,2.3752012882447664,36.06414385399893,1.0534084809447128,4.911433172302737,4.146537842190016,
105,7.555018786902845,1.556629092860977,33.20585077831455,9.245840042941492,2.3752012882447664,35.950080515297905,1.0534084809447128,4.911433172302737,4.146537842190016,
106,7.561728395061729,1.556629092860977,32.22624798711755,8.675523349436393,2.3752012882447664,37.493290391841114,1.0534084809447128,4.911433172302737,4.146537842190016,
107,7.669082125603865,1.556629092860977,32.19269994632314,8.668813741277509,2.3617820719269993,37.43961352657005,1.0534084809447128,4.911433172302737,4.146537842190016,
108,7.816693505099302,1.556629092860977,32.15244229736983,8.668813741277509,2.3617820719269993,37.33225979602791,1.0534084809447128,4.911433172302737,4.146537842190016,
109,8.064949006977992,1.556629092860977,32.07192699946323,8.588298443370908,2.3617820719269993,37.17793880837359,1.133923778851315,4.911433172302737,4.133118625872249,
110,8.219269994632313,1.5432098765432098,32.03166935050993,8.57487922705314,2.3617820719269993,37.0907139023081,1.133923778851315,4.911433172302737,4.133118625872249,
111,8.319914117015566,1.5432098765432098,31.95786366076221,8.57487922705314,2.3617820719269993,37.0907139023081,1.133923778851315,4.884594739667204,4.133118625872249,
112,8.219269994632313,1.5432098765432098,33.08507783145464,8.57487922705314,2.301395598497048,35.76221148684917,1.133923778851315,4.884594739667204,4.49543746645196,
113,8.172302737520129,1.5365002683843263,35.72195383789587,8.333333333333334,2.301395598497048,33.74932903918411,1.0735373054213635,4.851046698872786,4.260601180891036,
114,7.87037037037037,1.5096618357487923,35.38647342995169,8.32662372517445,2.301395598497048,34.35319377348363,1.1406333870101986,4.851046698872786,4.260601180891036,
115,7.427536231884058,1.5096618357487923,31.367418142780462,6.870638754696726,2.509393451422437,40.29119699409554,1.06682769726248,4.696725711218465,4.260601180891036,
116,7.521470746108427,1.5096618357487923,31.159420289855074,6.615673644659152,2.509393451422437,39.19753086419753,1.06682769726248,5.642780461621041,4.260601180891036,0.5166398282340311
117,7.159151905528717,0.9393451422436929,27.13365539452496,6.5552871712292005,2.368491680085883,45.98094471282877,1.0466988727858293,4.240472356414386,4.066022544283414,0.5099302200751477
118,7.212828770799785,0.9393451422436929,27.113526570048307,6.535158346752549,2.368491680085883,45.8467525496511,1.0466988727858293,4.240472356414386,4.186795491143317,0.5099302200751477
119,7.306763285024155,0.9393451422436929,27.113526570048307,6.535158346752549,2.368491680085883,45.799785292538914,1.0466988727858293,4.240472356414386,4.139828234031133,0.5099302200751477
120,7.501341921631776,0.9393451422436929,27.079978529253893,6.535158346752549,2.563070316693505,45.50456253354804,1.0466988727858293,4.193505099302201,4.126409017713366,0.5099302200751477
121,7.937466451959206,0.9393451422436929,27.012882447665056,6.535158346752549,2.563070316693505,45.37707997852925,1.0466988727858293,4.086151368760064,3.992216854535695,0.5099302200751477
122,8.11862587224906,0.9393451422436929,26.972624798711756,6.535158346752549,2.5496511003757383,45.249597423510465,1.0466988727858293,4.086151368760064,3.992216854535695,0.5099302200751477
123,8.239398819108963,0.9393451422436929,26.972624798711756,6.528448738593666,2.5496511003757383,45.1556629092861,1.0466988727858293,4.086151368760064,3.978797638217928,0.5032206119162641
124,8.393719806763285,0.9393451422436929,26.959205582393988,6.528448738593666,2.5161030595813205,44.7463768115942,1.0466988727858293,4.757112184648417,3.629898013955985,0.4830917874396135
125,8.521202361782072,0.9393451422436929,26.918947933440688,6.508319914117015,2.5161030595813205,44.71282877079979,1.0265700483091786,4.74369296833065,3.629898013955985,0.4830917874396135
126,8.601717659688674,0.9393451422436929,26.73107890499195,6.468062265163715,2.7308105206655933,44.65244229736983,1.0265700483091786,4.736983360171766,3.629898013955985,0.4830917874396135
127,8.59500805152979,0.9393451422436929,26.617015566290927,6.468062265163715,2.7308105206655933,44.44444444444444,1.0265700483091786,4.730273752012883,3.965378421900161,0.4830917874396135
128,8.76274825550188,0.9393451422436929,26.462694578636608,6.400966183574879,3.2541599570585076,43.974771873322595,1.0265700483091786,4.730273752012883,3.965378421900161,0.4830917874396135
129,8.829844337090714,0.9393451422436929,29.03918411164788,6.260064412238325,3.1065485775630703,41.8545356951154,1.0265700483091786,4.683306494900698,3.7775093934514223,0.4830917874396135
130,8.957326892109501,0.9393451422436929,28.408480944712828,6.246645195920558,2.999194847020934,41.116478797638216,1.0265700483091786,4.74369296833065,5.0791733762748255,0.4830917874396135
131,9.111647879763822,0.9393451422436929,28.361513687600645,6.246645195920558,3.0730005367686526,40.98899624261943,1.0265700483091786,4.74369296833065,5.025496511003757,0.4830917874396135
132,9.292807300053678,0.9393451422436929,28.31454643048846,6.226516371443908,3.0730005367686526,40.80783682232958,1.0265700483091786,4.74369296833065,5.092592592592593,0.4830917874396135
133,9.500805152979066,0.9393451422436929,28.16022544283414,6.226516371443908,3.0730005367686526,40.76757917337628,1.0131508319914118,4.74369296833065,5.092592592592593,0.4830917874396135
134,9.460547504025765,0.9393451422436929,27.77777777777778,6.991411701556629,2.999194847020934,40.385131508319915,1.0131508319914118,4.85775630703167,5.092592592592593,0.4830917874396135
135,9.722222222222221,0.9393451422436929,27.697262479871174,7.2933440687063875,2.757648953301127,40.23081052066559,1.0131508319914118,4.770531400966184,5.092592592592593,0.4830917874396135
136,9.796027911969942,0.9393451422436929,27.68384326355341,7.27992485238862,2.757648953301127,40.183843263553406,1.0131508319914118,4.770531400966184,5.092592592592593,0.4830917874396135
137,9.876543209876543,0.9393451422436929,27.623456790123456,7.27992485238862,2.7509393451422435,40.17042404723564,1.0131508319914118,4.770531400966184,5.092592592592593,0.4830917874396135
138,10.305958132045088,0.9393451422436929,27.542941492216855,7.246376811594203,2.7509393451422435,39.761137949543745,1.0131508319914118,4.730273752012883,5.226784755770263,0.4830917874396135
139,10.916532474503489,0.9393451422436929,27.167203435319376,7.246376811594203,2.7308105206655933,39.54643048845947,1.0131508319914118,4.730273752012883,5.226784755770263,0.4830917874396135
140,11.057434245840042,0.9393451422436929,27.167203435319376,7.246376811594203,2.7308105206655933,39.412238325281805,1.0131508319914118,4.730273752012883,5.22007514761138,0.4830917874396135
141,11.231884057971014,0.9393451422436929,27.147074610842726,7.206119162640902,2.7308105206655933,39.29817498658078,1.0131508319914118,4.730273752012883,5.22007514761138,0.4830917874396135
142,11.245303274288782,0.9393451422436929,27.093397745571657,7.206119162640902,2.7308105206655933,38.97611379495437,1.0131508319914118,4.730273752012883,5.58239398819109,0.4830917874396135
143,11.3593666129898,0.9393451422436929,27.03972088030059,7.206119162640902,2.7308105206655933,38.91572732152442,1.0131508319914118,4.730273752012883,5.58239398819109,0.4830917874396135
144,11.694847020933977,0.9259259259259259,27.026301663982824,7.199409554482019,2.7308105206655933,38.67418142780462,1.0131508319914118,4.730273752012883,5.522007514761138,0.4830917874396135
145,10.93666129898014,0.9259259259259259,29.17337627482555,6.300322061191626,2.4490069779924855,39.392109500805155,0.5367686527106817,4.703435319377348,5.535426731078905,0.04696725711218465
146,10.943370907139023,0.9259259259259259,29.260601180891037,6.286902844873859,2.4490069779924855,39.36527106816962,0.4830917874396135,4.703435319377348,5.535426731078905,0.04696725711218465
147,11.044015029522276,0.9125067096081588,29.260601180891037,6.286902844873859,2.4490069779924855,39.17740203972088,0.4830917874396135,4.703435319377348,5.636070853462158,0.04696725711218465
148,11.500268384326356,0.9125067096081588,29.0727321524423,6.273483628556092,2.4490069779924855,38.96269457863661,0.4830917874396135,4.703435319377348,5.595813204508857,0.04696725711218465
149,10.829307568438002,0.9125067096081588,25.738056897477186,2.7979066022544283,2.4490069779924855,46.55126140633387,0.4830917874396135,4.62962962962963,5.5756843800322065,0.03354804079441761
150,10.916532474503489,0.8856682769726248,25.697799248523886,2.7979066022544283,2.4490069779924855,46.53113258185722,0.4830917874396135,4.62962962962963,5.5756843800322065,0.03354804079441761
151,10.970209339774557,0.8856682769726248,25.650831991411703,2.7979066022544283,2.4490069779924855,45.61862587224906,0.4830917874396135,5.535426731078905,5.5756843800322065,0.03354804079441761
152,11.003757380568974,0.8856682769726248,25.483091787439612,2.7979066022544283,2.4490069779924855,45.61862587224906,0.644122383252818,5.535426731078905,5.548845947396672,0.03354804079441761
153,11.11111111111111,0.8856682769726248,24.892646269457863,2.7777777777777777,4.05931293612453,44.30354267310789,0.644122383252818,5.522007514761138,5.803811057434245,
154,10.473698336017177,0.8856682769726248,23.698336017176597,8.32662372517445,2.9253891572732154,41.98201825013419,0.644122383252818,5.495169082125604,5.5689747718733225,
155,10.856146001073537,0.8856682769726248,23.517176596886742,8.32662372517445,2.9253891572732154,41.39157273215244,0.644122383252818,5.4549114331723025,5.998389694041868,
156,10.943370907139023,0.8856682769726248,23.503757380568974,8.172302737520129,2.898550724637681,41.36473429951691,0.644122383252818,5.589103596349974,5.998389694041868,
157,11.05072463768116,0.8789586688137413,23.503757380568974,8.172302737520129,2.804616210413312,41.29092860976919,0.644122383252818,5.589103596349974,6.0654857756307035,
158,11.151368760064413,0.8789586688137413,23.396403650026837,8.158883521202362,3.1199677938808374,40.955448201825014,0.644122383252818,5.589103596349974,6.105743424584004,
159,11.258722490606548,0.8789586688137413,23.396403650026837,8.13875469672571,3.0931293612453032,40.89506172839506,0.644122383252818,5.589103596349974,6.105743424584004,
160,11.728395061728396,0.8789586688137413,23.201825013419217,8.13875469672571,3.0931293612453032,40.734031132581855,0.5971551261406334,5.535426731078905,6.092324208266238,
161,11.842458400429415,0.8521202361782072,22.423510466988727,8.876811594202898,3.046162104133119,39.982555018786904,0.5904455179817498,6.025228126677402,6.360708534621578,
162,11.627750939345143,0.8521202361782072,22.15512614063339,9.373322597960279,3.012614063338701,39.78797638217928,0.5904455179817498,5.964841653247451,6.635802469135802,
163,11.694847020933977,0.8521202361782072,22.148416532474503,9.245840042941492,3.012614063338701,39.71417069243156,0.5904455179817498,6.105743424584004,6.635802469135802,
164,11.81561996779388,0.8521202361782072,21.960547504025765,9.245840042941492,3.012614063338701,39.67391304347826,0.7313472893183038,6.072195383789587,6.635802469135802,
165,11.902844873859367,0.8521202361782072,21.712292002147073,9.225711218464841,3.6634460547504024,38.63392377885131,0.7313472893183038,6.649221685453569,6.629092860976919,
166,12.077294685990339,0.8521202361782072,21.36339237788513,9.131776704240472,3.9184111647879765,38.31857219538379,0.7313472893183038,7.078636607622115,6.528448738593666,
167,11.976650563607086,0.8521202361782072,23.14814814814815,8.662104133118627,3.4688674181427803,37.848899624261946,0.7313472893183038,7.071926999463232,6.239935587761675,
168,12.117552334943639,0.8319914117015567,23.087761674718198,8.641975308641975,3.4688674181427803,37.84219001610306,0.7313472893183038,7.071926999463232,6.206387546967257,
169,12.345679012345679,0.8319914117015567,23.047504025764894,8.61513687600644,3.4688674181427803,37.69457863660762,0.7313472893183038,7.058507783145465,6.206387546967257,
170,12.453032742887816,0.8319914117015567,23.020665593129362,8.61513687600644,3.4688674181427803,37.61406333870102,0.7313472893183038,7.058507783145465,6.206387546967257,
171,12.5402576489533,0.8185721953837896,23.020665593129362,8.61513687600644,3.4688674181427803,37.567096081588836,0.7313472893183038,7.03166935050993,6.206387546967257,
172,12.694578636607622,0.8185721953837896,22.993827160493826,8.601717659688674,3.4688674181427803,37.453032742887814,0.7313472893183038,7.03166935050993,6.206387546967257,
173,12.486580783682234,0.8051529790660226,24.14117015566291,8.111916264090176,3.4688674181427803,37.01690821256039,0.7313472893183038,7.03166935050993,6.206387546967257,
174,12.734836285560924,0.8051529790660226,24.00697799248524,8.111916264090176,3.4688674181427803,36.842458400429415,0.7313472893183038,7.004830917874396,6.293612453032743,
175,12.084004294149223,0.630703166935051,22.403381642512077,9.178743961352657,3.180354267310789,38.83521202361782,0.7313472893183038,6.702898550724638,6.253354804079442,
176,11.936392914653783,0.630703166935051,22.33628556092324,9.178743961352657,3.180354267310789,37.084004294149224,0.7313472893183038,8.682232957595277,6.239935587761675,
177,12.050456253354804,0.630703166935051,22.322866344605476,9.178743961352657,3.180354267310789,36.99006977992485,0.7313472893183038,8.682232957595277,6.233225979602791,
178,12.157809983896941,0.630703166935051,22.799248523886206,9.098228663446054,2.8113258185721954,36.93639291465379,0.7313472893183038,8.641975308641975,6.1929683306494905,
179,12.245034889962426,0.6843800322061192,22.758990874932906,9.098228663446054,2.8113258185721954,36.83574879227053,0.7313472893183038,8.641975308641975,6.1929683306494905,
180,11.81561996779388,0.6843800322061192,22.48389694041868,9.098228663446054,2.8113258185721954,36.2788513150832,0.7313472893183038,10.064412238325282,6.031937734836285,
181,12.050456253354804,0.6843800322061192,22.48389694041868,9.07139023081052,2.8113258185721954,36.111111111111114,0.7313472893183038,10.064412238325282,5.991680085882985,
182,12.090713902308105,0.6843800322061192,22.48389694041868,9.044551798174986,2.918679549114332,35.70182501341922,0.7313472893183038,10.064412238325282,6.280193236714976,
183,12.117552334943639,0.6776704240472357,22.450348899624263,9.044551798174986,3.079710144927536,35.601180891035966,0.7313472893183038,10.064412238325282,6.233225979602791,
184,12.104133118625873,0.6776704240472357,23.09447128287708,8.99087493290392,3.079710144927536,35.46698872785829,0.7313472893183038,9.702093397745571,6.152710681696189,
185,12.191358024691358,0.6776704240472357,23.03408480944713,8.977455716586151,3.079710144927536,35.25228126677402,0.7313472893183038,9.688674181427805,6.367418142780462,
186,12.352388620504563,0.6776704240472357,23.020665593129362,8.964036500268385,3.079710144927536,35.00402576489533,0.7313472893183038,9.688674181427805,6.481481481481482,
187,12.587224906065487,0.6776704240472357,22.81266774020397,8.964036500268385,2.9924852388620504,34.997316156736446,0.7313472893183038,9.75577026301664,6.481481481481482,
188,12.97638217928073,0.6776704240472357,22.799248523886206,8.964036500268385,2.9589371980676327,34.74906065485776,0.7045088566827697,9.73564143853999,6.4345142243692965,
189,13.063607085346217,0.6776704240472357,22.785829307568438,8.957326892109501,2.9589371980676327,34.695383789586685,0.7045088566827697,9.722222222222221,6.4345142243692965,
190,13.231347289318304,0.6776704240472357,22.765700483091788,8.957326892109501,2.9589371980676327,34.614868491680085,0.7045088566827697,9.722222222222221,6.367418142780462,
191,13.331991411701557,0.6709608158883521,22.7187332259796,8.957326892109501,2.9589371980676327,34.5679012345679,0.7045088566827697,9.722222222222221,6.367418142780462,
192,13.466183574879228,0.644122383252818,22.69189479334407,8.494363929146537,2.9589371980676327,34.4873859366613,0.7045088566827697,10.185185185185185,6.367418142780462,
193,13.546698872785829,0.644122383252818,22.65163714439077,8.474235104669887,2.9589371980676327,34.292807300053674,0.7045088566827697,10.171765968867419,6.5552871712292005,
194,13.633923778851315,0.644122383252818,22.65163714439077,8.641975308641975,2.9589371980676327,34.20558239398819,0.7045088566827697,10.010735373054214,6.5485775630703165,
195,13.808373590982287,0.644122383252818,22.50402576489533,8.749329039184111,2.8918411164787976,34.15190552871712,0.7045088566827697,10.010735373054214,6.535158346752549,
196,14.412238325281804,0.644122383252818,22.41009125067096,8.729200214707461,2.8784219001610305,33.682232957595275,0.7045088566827697,10.00402576489533,6.535158346752549,
197,14.472624798711756,0.644122383252818,22.309447128287708,8.729200214707461,2.8784219001610305,33.601717659688674,0.7045088566827697,10.00402576489533,6.655931293612453,
198,12.546967257112184,0.06709608158883522,19.558507783145465,7.997852925389157,2.636876006441224,40.45893719806763,0.7045088566827697,9.50751476113795,6.521739130434782,
199,12.661030595813205,0.06709608158883522,19.484702093397747,7.98443370907139,2.623456790123457,40.45893719806763,0.7045088566827697,9.50751476113795,6.508319914117015,
200,12.909286097691895,0.06709608158883522,19.424315619967793,7.971014492753623,2.623456790123457,40.35829307568438,0.7045088566827697,9.453837895866881,6.488191089640365,
201,13.157541599570585,0.06709608158883522,19.243156199677937,7.96430488459474,2.623456790123457,40.29790660225443,0.7045088566827697,9.453837895866881,6.488191089640365,
202,13.352120236178207,0.06709608158883522,19.176060118089104,7.944176060118089,2.703972088030059,39.962426194310254,0.7045088566827697,9.614868491680086,6.474771873322598,
203,13.479602791196994,0.06709608158883522,19.176060118089104,7.944176060118089,2.703972088030059,39.92216854535695,0.7045088566827697,9.5276435856146,6.474771873322598,
204,13.613794954374665,0.06709608158883522,19.135802469135804,7.944176060118089,2.8515834675254963,39.720880300590444,0.7045088566827697,9.514224369296834,6.447933440687064,
205,13.647342995169081,0.06709608158883522,19.11567364465915,7.944176060118089,2.8515834675254963,39.70746108427268,0.7045088566827697,9.514224369296834,6.447933440687064,
206,13.271604938271604,0.06709608158883522,18.471551261406333,10.292538915727322,2.831454643048846,38.81508319914117,0.7045088566827697,9.50751476113795,6.038647342995169,
207,13.305152979066023,0.06709608158883522,18.71309715512614,10.258990874932904,2.7979066022544283,38.7614063338701,0.7447665056360708,9.473966720343531,5.877616747181965,
208,13.405797101449275,0.06709608158883522,18.57890499194847,10.178475577026301,2.791196994095545,38.71443907675792,0.7246376811594203,9.46725711218465,5.938003220611916,0.13419216317767044
209,12.97638217928073,0.06709608158883522,19.96779388083736,10.044283413848632,2.7442297369833604,37.84219001610306,0.6977992485238862,9.41358024691358,6.112453032742888,0.13419216317767044
210,13.150831991411701,0.06709608158883522,19.940955448201827,10.044283413848632,2.7442297369833604,37.69457863660762,0.6977992485238862,9.41358024691358,6.112453032742888,0.13419216317767044
211,13.20450885668277,0.06709608158883522,18.5252281266774,11.621041331186259,2.7442297369833604,37.59393451422437,0.6977992485238862,9.312936124530328,6.099033816425121,0.13419216317767044
212,12.902576489533011,0.06709608158883522,18.095813204508858,13.526570048309178,2.7442297369833604,36.882716049382715,0.6642512077294686,9.185453569511541,5.797101449275362,0.13419216317767044
213,13.197799248523886,0.06709608158883522,18.00858829844337,13.526570048309178,2.7241009125067097,36.70826623725174,0.6642512077294686,9.172034353193773,5.797101449275362,0.13419216317767044
214,13.291733762748256,0.06709608158883522,18.00187869028449,13.499731615673644,2.7241009125067097,36.68142780461621,0.6642512077294686,9.145195920558239,5.790391841116479,0.13419216317767044
215,13.258185721953838,0.06709608158883522,17.961621041331185,13.499731615673644,2.7241009125067097,36.211755233494365,0.6642512077294686,9.688674181427805,5.790391841116479,0.13419216317767044
216,13.352120236178207,0.06709608158883522,17.961621041331185,13.499731615673644,2.7241009125067097,36.171497584541065,0.6642512077294686,9.668545356951155,5.756843800322061,0.13419216317767044
217,13.519860440150294,0.06709608158883522,17.92807300053677,13.459473966720344,2.7241009125067097,35.87627482555019,0.6642512077294686,9.86983360171766,5.756843800322061,0.13419216317767044
218,13.667471819645733,0.06709608158883522,17.867686527106816,13.425925925925926,2.7241009125067097,35.849436392914654,0.6642512077294686,9.842995169082126,5.756843800322061,0.13419216317767044
219,13.654052603327965,0.06709608158883522,17.458400429414922,14.15727321524423,2.7241009125067097,35.70182501341922,0.6508319914117016,9.695383789586689,5.756843800322061,0.13419216317767044
220,13.66076221148685,0.06709608158883522,17.458400429414922,13.935856146001074,2.999194847020934,35.47369833601718,0.6508319914117016,9.802737520128824,5.8172302737520125,0.13419216317767044
221,13.895598497047773,0.06709608158883522,17.431561996779386,13.801663982823403,2.999194847020934,35.44685990338164,0.6172839506172839,9.802737520128824,5.803811057434245,0.13419216317767044
222,13.982823403113258,0.06709608158883522,17.404723564143854,13.788244766505636,3.4688674181427803,35.07112184648417,0.6172839506172839,9.802737520128824,5.662909286097692,0.13419216317767044
223,14.11701556629093,0.06709608158883522,17.3040794417606,13.761406333870102,3.455448201825013,34.997316156736446,0.6172839506172839,9.883252818035427,5.662909286097692,0.13419216317767044
224,14.244498121309716,0.06709608158883522,17.14975845410628,13.761406333870102,3.44873859366613,34.957058507783145,0.6172839506172839,9.957058507783145,5.662909286097692,0.13419216317767044
225,13.922436929683306,0.06709608158883522,19.73966720343532,13.654052603327965,3.307836822329576,34.45383789586688,0.6172839506172839,9.145195920558239,4.958400429414922,0.13419216317767044
226,14.002952227589908,0.06709608158883522,19.726247987117553,13.6406333870102,3.307836822329576,34.40016103059581,0.6172839506172839,9.145195920558239,4.958400429414922,0.13419216317767044
227,14.023081052066559,0.06709608158883522,19.726247987117553,13.6406333870102,3.307836822329576,34.38674181427805,0.6172839506172839,9.138486312399356,4.958400429414922,0.13419216317767044
228,14.325013419216317,0.06709608158883522,19.592055823939884,13.533279656468062,3.307836822329576,34.15190552871712,0.6172839506172839,9.118357487922705,5.152979066022544,0.13419216317767044
229,14.418947933440688,0.06709608158883522,19.565217391304348,13.519860440150294,3.2877079978529253,34.11835748792271,0.6172839506172839,9.118357487922705,5.152979066022544,0.13419216317767044
230,14.593397745571659,0.06709608158883522,19.538378958668815,13.519860440150294,3.2877079978529253,34.084809447128286,0.6172839506172839,9.004294149221685,5.152979066022544,0.13419216317767044
231,14.667203435319378,0.06709608158883522,19.538378958668815,13.493022007514762,3.2742887815351582,34.07809983896941,0.6172839506172839,8.977455716586151,5.152979066022544,0.13419216317767044
232,14.9020397208803,0.06709608158883522,19.53166935050993,13.479602791196994,3.2742887815351582,33.93048845947396,0.6172839506172839,8.93719806763285,5.12614063338701,0.13419216317767044
233,15.08990874932904,0.06709608158883522,19.45786366076221,13.479602791196994,3.2742887815351582,33.883521202361784,0.5837359098228664,8.93719806763285,5.092592592592593,0.13419216317767044
234,15.116747181964573,0.06709608158883522,19.45786366076221,13.479602791196994,3.2742887815351582,33.85668276972625,0.5837359098228664,8.93719806763285,5.092592592592593,0.13419216317767044
235,15.291196994095545,0.06709608158883522,19.37734836285561,13.352120236178207,3.2742887815351582,33.73590982286635,0.6709608158883521,8.917069243156199,5.179817498658078,0.13419216317767044
