,45,50,53,51,55,56,54,52,57
0,99.53703703703704,0.46296296296296297,,,,,,,
1,99.53703703703704,0.46296296296296297,,,,,,,
2,97.01422436929683,2.985775630703167,,,,,,,
3,97.0276435856146,2.9723564143853998,,,,,,,
4,97.03435319377348,2.965646806226516,,,,,,,
5,83.76945786366076,16.23054213633924,,,,,,,
6,82.97772410091251,17.022275899087493,,,,,,,
7,82.45437466451959,17.54562533548041,,,,,,,
8,82.02495974235104,17.860976918947934,0.11406333870101985,,,,,,
9,79.36795491143317,20.517981749865807,0.11406333870101985,,,,,,
10,79.46859903381643,20.417337627482556,0.11406333870101985,,,,,,
11,79.5558239398819,20.33011272141707,0.11406333870101985,,,,,,
12,76.74449812130972,23.141438539989263,0.11406333870101985,,,,,,
13,76.9122383252818,22.973698336017176,0.11406333870101985,,,,,,
14,76.95920558239399,22.926731078904993,0.11406333870101985,,,,,,
15,77.13365539452496,22.75228126677402,0.11406333870101985,,,,,,
16,77.18733225979602,22.69860440150295,0.11406333870101985,,,,,,
17,75.16774020397209,12.090713902308105,0.11406333870101985,12.627482555018787,,,,,
18,75.02012882447666,12.338969404186795,0.08051529790660225,12.560386473429952,,,,,
19,69.69269994632313,16.61969940955448,2.13365539452496,11.553945249597424,,,,,
20,69.63902308105207,15.378421900161031,3.455448201825013,11.52710681696189,,,,,
21,69.71282877079979,15.271068169618895,3.455448201825013,11.480139559849706,0.08051529790660225,,,,
22,70.14895330112721,15.01610305958132,3.3279656468062266,11.426462694578637,0.08051529790660225,,,,
23,70.41733762748255,14.80810520665593,3.3279656468062266,11.366076221148685,0.08051529790660225,,,,
24,65.85480407944176,19.55179817498658,3.3011272141706924,11.211755233494364,0.08051529790660225,,,,
25,66.08964036500268,19.343800322061192,3.3011272141706924,11.18491680085883,0.08051529790660225,,,,
26,65.08319914117016,17.082662372517444,3.2742887815351582,14.479334406870638,0.08051529790660225,,,,
27,65.15029522275898,17.19001610305958,3.2340311325818574,14.345142243692969,0.08051529790660225,,,,
28,65.28448738593666,17.09608158883521,3.2340311325818574,14.318303811057435,0.06709608158883522,,,,
29,59.90338164251208,19.538378958668815,3.2340311325818574,16.76731078904992,0.06709608158883522,0.48980139559849706,,,
30,59.997316156736446,19.45786366076221,3.2206119162640903,16.76731078904992,0.06709608158883522,0.48980139559849706,,,
31,50.1207729468599,29.62962962962963,3.2206119162640903,16.472088030059044,0.06709608158883522,0.48980139559849706,,,
32,49.5101986044015,30.314009661835748,3.180354267310789,16.445249597423512,0.06709608158883522,0.4830917874396135,,,
33,47.22893183038111,29.05931293612453,3.5963499731615673,19.565217391304348,0.06709608158883522,0.4830917874396135,,,
34,47.38325281803543,28.99892646269458,3.5829307568438002,19.39747718733226,0.15432098765432098,0.4830917874396135,,,
35,47.71202361782072,28.81105743424584,3.569511540526033,19.276704240472355,0.14761137949543746,0.4830917874396135,,,
36,45.22275899087493,28.79092860976919,1.8719806763285025,23.483628556092324,0.14761137949543746,0.4830917874396135,,,
37,45.56494900697799,28.71712292002147,1.8719806763285025,23.21524422973698,0.14761137949543746,0.4830917874396135,,,
38,45.71256038647343,28.119967793880836,1.1272141706924315,21.947128287707997,0.14761137949543746,0.4830917874396135,2.462426194310252,,
39,45.9272678475577,28.012614063338702,1.1272141706924315,21.85990338164251,0.14761137949543746,0.4830917874396135,2.442297369833602,,
40,46.10842726784756,27.911969940955448,1.1272141706924315,21.77938808373591,0.14761137949543746,0.4830917874396135,2.442297369833602,,
41,46.71900161030596,27.66371443907676,1.1272141706924315,21.4170692431562,0.14761137949543746,0.4830917874396135,2.442297369833602,,
42,47.08803005904455,27.3215244229737,1.1205045625335481,21.101717659688674,0.14761137949543746,0.4830917874396135,2.341653247450349,0.39586688137412773,
43,47.49060654857756,27.18733225979603,1.1205045625335481,20.893719806763286,0.14761137949543746,0.4830917874396135,2.314814814814815,0.36231884057971014,
44,47.66505636070853,27.167203435319376,1.1205045625335481,20.75281803542673,0.14761137949543746,0.4830917874396135,2.301395598497048,0.36231884057971014,
45,47.84621578099839,27.214170692431562,1.1205045625335481,20.52469135802469,0.14761137949543746,0.4830917874396135,2.301395598497048,0.36231884057971014,
46,48.31588835212023,27.059849704777243,1.0802469135802468,20.417337627482556,0.14761137949543746,0.46296296296296297,2.15378421900161,0.36231884057971014,
47,47.02093397745572,28.37493290391841,1.0735373054213635,20.356951154052602,0.2281266774020397,0.46296296296296297,2.120236178207193,0.36231884057971014,
48,46.95383789586688,27.066559312936125,1.0601180891035964,20.316693505099302,0.2281266774020397,0.46296296296296297,3.549382716049383,0.36231884057971014,
49,47.10144927536232,26.663982823403114,1.0601180891035964,20.115405260332796,0.2281266774020397,0.46296296296296297,4.005636070853462,0.36231884057971014,
50,47.316156736446594,26.549919484702095,1.0601180891035964,20.02818035426731,0.2281266774020397,0.46296296296296297,3.992216854535695,0.36231884057971014,
51,47.5979602791197,26.402308105206657,1.0601180891035964,19.920826623725173,0.2281266774020397,0.46296296296296297,3.9720880300590444,0.35560923242082665,
52,47.75228126677402,26.25469672571122,1.0601180891035964,19.91411701556629,0.2281266774020397,0.46296296296296297,3.9720880300590444,0.35560923242082665,
53,47.92002147074611,25.85882984433709,1.0601180891035964,19.524959742351047,0.2281266774020397,0.46296296296296297,4.5893719806763285,0.35560923242082665,
54,46.16881374127751,27.65029522275899,1.0601180891035964,19.49812130971551,0.2281266774020397,0.46296296296296297,4.575952764358561,0.35560923242082665,
55,46.363392377885134,27.616747181964573,1.0601180891035964,19.33709071390231,0.2281266774020397,0.46296296296296297,4.575952764358561,0.35560923242082665,
56,46.69216317767042,27.469135802469136,1.0601180891035964,19.189479334406872,0.2281266774020397,0.46296296296296297,4.542404723564144,0.35560923242082665,
57,46.9068706387547,27.355072463768117,1.0332796564680622,19.122383252818036,0.2281266774020397,0.46296296296296297,4.53569511540526,0.35560923242082665,
58,46.77938808373591,24.308910359634996,4.555823939881911,19.03515834675255,0.2281266774020397,0.46296296296296297,4.274020397208803,0.35560923242082665,
59,47.128287707997856,24.10762211486849,4.555823939881911,18.96135265700483,0.2281266774020397,0.46296296296296297,4.200214707461084,0.35560923242082665,
60,47.356414385399894,23.96672034353194,4.53569511540526,18.894256575415994,0.2281266774020397,0.46296296296296297,4.200214707461084,0.35560923242082665,
61,45.13553408480945,26.92565754159957,4.394793344068707,18.65271068169619,0.2281266774020397,0.46296296296296297,3.421900161030596,0.7783145464304885,
62,44.900697799248526,26.690821256038646,4.38137412775094,19.048577563070317,0.2281266774020397,0.46296296296296297,3.421900161030596,0.8655394524959742,
63,41.10305958132045,21.289586688137412,1.0332796564680622,31.407675791733762,0.2281266774020397,0.2147074610842727,3.8580246913580245,0.8655394524959742,
64,41.51905528717123,21.235909822866343,1.0332796564680622,31.04535695115405,0.14761137949543746,0.2147074610842727,3.8580246913580245,0.9460547504025765,
65,42.03569511540526,21.041331186258724,1.0332796564680622,30.756843800322063,0.14761137949543746,0.2147074610842727,3.8311862587224907,0.9393451422436929,
66,42.28395061728395,20.954106280193237,1.0332796564680622,30.609232420826622,0.14761137949543746,0.2147074610842727,3.8177670424047236,0.9393451422436929,
67,42.03569511540526,19.384057971014492,1.0198604401502953,29.53569511540526,0.19457863660762212,0.2147074610842727,3.7775093934514223,3.8378958668813743,
68,40.90177133655394,20.913848631239937,1.0198604401502953,29.220343531937736,0.19457863660762212,0.2147074610842727,3.69699409554482,3.8378958668813743,
69,40.80112721417069,21.14868491680086,1.0198604401502953,29.09957058507783,0.19457863660762212,0.2147074610842727,3.69699409554482,3.824476650563607,
70,41.176865271068166,21.034621578099838,1.0198604401502953,28.918411164787976,0.19457863660762212,0.2147074610842727,3.643317230273752,3.797638217928073,
71,40.445517981749866,20.873590982286636,1.0198604401502953,30.26033279656468,0.19457863660762212,0.2147074610842727,3.616478797638218,3.374932903918411,
72,40.666935050993025,20.799785292538918,1.0198604401502953,30.12614063338701,0.19457863660762212,0.2147074610842727,3.603059581320451,3.374932903918411,
73,41.06280193236715,20.658883521202362,1.0064412238325282,29.904723564143854,0.19457863660762212,0.19457863660762212,3.603059581320451,3.374932903918411,
74,39.11701556629093,23.262211486849168,2.13365539452496,27.82474503488996,0.4495437466451959,0.19457863660762212,3.603059581320451,3.4151905528717124,
75,39.2914653784219,23.255501878690286,2.1068169618894257,27.70397208803006,0.4495437466451959,0.19457863660762212,3.5829307568438002,3.4151905528717124,
76,39.62023617820719,23.141438539989263,2.1068169618894257,27.509393451422437,0.4495437466451959,0.19457863660762212,3.5829307568438002,3.3950617283950617,
77,39.92216854535695,22.993827160493826,2.2342995169082127,27.15378421900161,0.6105743424584005,0.19457863660762212,3.502415458937198,3.388352120236178,
78,40.063070316693505,22.926731078904993,2.2074610842726785,27.106816961889425,0.6105743424584005,0.19457863660762212,3.502415458937198,3.388352120236178,
79,40.425389157273216,22.77241009125067,2.1806226516371443,26.92565754159957,0.6105743424584005,0.19457863660762212,3.502415458937198,3.388352120236178,
80,40.31132581857219,23.013955984970476,2.1739130434782608,26.630434782608695,0.8319914117015567,0.19457863660762212,3.455448201825013,3.388352120236178,
81,40.365002683843265,21.69887278582931,4.341116478797638,25.791733762748255,0.8319914117015567,0.19457863660762212,3.455448201825013,3.321256038647343,
82,40.55958132045089,21.68545356951154,4.314278046162104,25.637412775093935,0.8319914117015567,0.19457863660762212,3.455448201825013,3.321256038647343,
83,39.07675791733763,23.443370907139023,4.300858829844337,25.38244766505636,0.8252818035426731,0.19457863660762212,3.455448201825013,3.321256038647343,
84,36.37949543746645,20.108695652173914,4.0995705850778315,22.16183574879227,0.7112184648416533,0.14761137949543746,1.7176596886741815,14.673913043478262,
85,36.540526033279654,19.504830917874397,4.079441760601181,22.114868491680085,0.7112184648416533,0.14761137949543746,1.6908212560386473,15.210681696188942,
86,36.902844873859365,19.45786366076221,4.019055287171229,21.980676328502415,0.7112184648416533,0.14761137949543746,1.6639828234031133,15.116747181964573,
87,35.59447128287708,18.417874396135264,3.978797638217928,24.644390767579175,0.6977992485238862,0.14761137949543746,1.6103059581320451,14.908749329039184,
88,36.030595813204506,18.243424584004295,3.8714439076757916,24.516908212560388,0.6977992485238862,0.14761137949543746,1.583467525496511,14.908749329039184,
89,36.500268384326354,18.14278046162104,3.7775093934514223,24.355877616747183,0.6977992485238862,0.14761137949543746,1.583467525496511,14.794685990338165,
90,36.72168545356951,18.10252281266774,3.770799785292539,23.939881910896403,0.9997316156736447,0.14761137949543746,1.583467525496511,14.734299516908212,
91,37.043746645195924,17.961621041331185,3.7640901771336552,23.79898013955985,0.9997316156736447,0.14761137949543746,1.583467525496511,14.700751476113794,
92,37.31213097155126,17.867686527106816,3.7640901771336552,23.691626409017715,0.9930220075147611,0.2952227589908749,1.5767579173376274,14.49946323134729,
93,34.94363929146538,20.316693505099302,3.750670960815888,23.65136876006441,0.9930220075147611,0.2952227589908749,1.5767579173376274,14.472624798711756,
94,34.6081588835212,19.90740740740741,2.7844873859366612,25.55018786902845,0.9930220075147611,0.2952227589908749,1.5633387010198605,14.298174986580785,
95,34.35990338164251,19.296833064949006,4.7638217928073,24.58400429414922,0.9594739667203436,0.2952227589908749,1.5633387010198605,14.17740203972088,
96,34.98389694041868,19.162640901771336,4.690016103059581,24.288781535158346,1.093666129898014,0.28180354267310787,1.5297906602254427,13.969404186795492,
97,35.35963499731616,19.02173913043478,4.643048845947397,24.194847020933977,1.0601180891035964,0.28180354267310787,1.5029522275899088,13.935856146001074,
98,35.81588835212023,18.766774020397207,4.636339237788513,24.040526033279658,1.1808910359634996,0.28180354267310787,1.5029522275899088,13.774825550187868,
99,36.030595813204506,18.733225979602793,4.5960815888352125,24.02710681696189,1.1473429951690821,0.28180354267310787,1.4761137949543746,13.707729468599034,
100,36.15807836822329,18.59903381642512,4.582662372517445,23.825818572195384,1.5163714439076759,0.28180354267310787,1.4761137949543746,13.560118089103597,
101,35.94337090713902,18.256843800322063,4.528985507246377,24.50348899624262,1.5163714439076759,0.28180354267310787,1.4626945786366077,13.506441223832528,
102,36.14465915190553,18.10252281266774,4.4820182501341925,24.54374664519592,1.5163714439076759,0.28180354267310787,1.4626945786366077,13.466183574879228,
103,36.37278582930757,18.075684380032207,4.441760601180891,24.416264090177133,1.5163714439076759,0.28180354267310787,1.4626945786366077,13.43263553408481,
104,36.61433172302738,18.02200751476114,4.408212560386473,24.174718196457327,1.6505636070853462,0.28180354267310787,1.4626945786366077,13.385668276972625,
105,35.99704777241009,19.03515834675255,4.408212560386473,23.839237788513152,1.6505636070853462,0.28180354267310787,1.4358561460010735,13.352120236178207,
106,36.11782071926999,19.061996779388085,4.408212560386473,23.772141706924316,1.6438539989264627,0.28180354267310787,1.4358561460010735,13.278314546430488,
107,36.40633387010199,19.008319914117017,4.408212560386473,23.658078368223297,1.6438539989264627,0.28180354267310787,1.3955984970477724,13.197799248523886,
108,36.574074074074076,18.92109500805153,4.408212560386473,23.597691894793343,1.6304347826086956,0.28180354267310787,1.3955984970477724,13.191089640365004,
109,36.38620504562534,18.364197530864196,6.260064412238325,22.61808910359635,1.6170155662909287,0.28180354267310787,1.3955984970477724,13.077026301663983,
110,35.93666129898014,18.06897477187332,6.246645195920558,23.557434245840042,1.5633387010198605,0.28180354267310787,1.3955984970477724,12.949543746645196,
111,32.62211486849168,13.378958668813741,6.743156199677939,31.622383252818036,1.5297906602254427,0.28180354267310787,1.3687600644122384,12.305421363392378,0.14761137949543746
112,31.273483628556093,16.002415458937197,6.729736983360172,30.783682232957595,1.5230810520665594,0.28180354267310787,1.3687600644122384,11.889425657541599,0.14761137949543746
113,31.49490069779925,15.995705850778315,6.729736983360172,30.669618894256576,1.5230810520665594,0.28180354267310787,1.3687600644122384,11.788781535158346,0.14761137949543746
114,31.66935050993022,16.190284487385938,6.649221685453569,30.46833064949007,1.4895330112721417,0.28180354267310787,1.3687600644122384,11.735104669887278,0.14761137949543746
115,31.57541599570585,16.532474503488995,6.649221685453569,30.307300053676865,1.4895330112721417,0.28180354267310787,1.3687600644122384,11.647879763821793,0.14761137949543746
116,32.038378958668815,16.478797638217927,6.568706387546968,29.884594739667204,1.4559849704777241,0.28180354267310787,1.5901771336553945,11.553945249597424,0.14761137949543746
117,31.36070853462158,15.4723564143854,6.501610305958132,31.756575415995705,1.42914653784219,0.28180354267310787,1.5365002683843263,11.513687600644122,0.14761137949543746
118,31.810252281266774,15.391841116478798,6.454643048845948,31.608964036500268,1.2949543746645196,0.28180354267310787,1.5365002683843263,11.473429951690822,0.14761137949543746
119,31.93102522812668,15.331454643048845,6.454643048845948,31.53515834675255,1.2949543746645196,0.49651100375738055,1.5297906602254427,11.2788513150832,0.14761137949543746
120,31.5150295222759,15.24422973698336,6.4345142243692965,31.97799248523886,1.4761137949543746,0.49651100375738055,1.5029522275899088,11.20504562533548,0.14761137949543746
121,31.80354267310789,15.177133655394526,6.407675791733762,31.528448738593667,1.4559849704777241,0.4830917874396135,1.5029522275899088,11.493558776167472,0.14761137949543746
122,31.97128287707998,15.11003757380569,6.407675791733762,31.44122383252818,1.4559849704777241,0.4830917874396135,1.4895330112721417,11.3593666129898,0.28180354267310787
123,32.03166935050993,15.069779924852389,6.407675791733762,30.776972624798713,2.100107353730542,0.4830917874396135,1.4895330112721417,11.3593666129898,0.28180354267310787
124,31.582125603864736,14.42565754159957,8.796296296296296,30.636070853462158,1.9659151905528718,0.4830917874396135,1.4358561460010735,10.393183038110575,0.28180354267310787
125,31.850509930220074,14.42565754159957,8.715780998389693,30.50187869028449,1.9524959742351047,0.4830917874396135,1.4358561460010735,10.352925389157273,0.28180354267310787
126,29.562533548040793,13.687600644122384,6.991411701556629,36.32581857219538,0.9326355340848095,0.4830917874396135,1.4358561460010735,10.299248523886206,0.28180354267310787
127,29.857756307031668,13.627214170692431,6.964573268921095,36.18491680085883,0.9326355340848095,0.4830917874396135,1.4090177133655395,10.258990874932904,0.28180354267310787
128,30.18652710681696,13.593666129898015,6.9243156199677935,35.96349973161568,0.9326355340848095,0.4830917874396135,1.3955984970477724,10.238862050456254,0.28180354267310787
129,30.96484165324745,13.539989264626946,6.857219538378959,35.487117552334944,0.9125067096081588,0.4830917874396135,1.3955984970477724,10.077831454643048,0.28180354267310787
130,31.34728931830381,13.47289318303811,6.823671497584541,35.25228126677402,0.9125067096081588,0.46296296296296297,1.3955984970477724,10.050993022007514,0.28180354267310787
131,31.508319914117017,13.41250670960816,7.239667203435319,34.78931830381106,0.8789586688137413,0.46296296296296297,1.3955984970477724,10.030864197530864,0.28180354267310787
132,31.850509930220074,13.345410628019323,7.232957595276436,34.574610842726784,0.8789586688137413,0.46296296296296297,1.3955984970477724,9.977187332259795,0.28180354267310787
133,32.19269994632314,13.271604938271604,7.266505636070853,34.31964573268921,0.8789586688137413,0.46296296296296297,1.3821792807300053,9.943639291465379,0.28180354267310787
134,32.45437466451959,13.103864734299517,7.266505636070853,33.87010198604401,0.8789586688137413,0.8185721953837896,1.3821792807300053,9.943639291465379,0.28180354267310787
135,32.59527643585615,13.056897477187333,7.266505636070853,33.82984433709071,0.8789586688137413,0.8185721953837896,1.3821792807300053,9.88996242619431,0.28180354267310787
136,32.9374664519592,13.036768652710682,7.219538378958669,33.66881374127751,0.8789586688137413,0.8185721953837896,1.3620504562533549,9.796027911969942,0.28180354267310787
137,33.19243156199678,13.003220611916264,7.192699946323135,33.49436392914654,0.8722490606548577,0.8051529790660226,1.3620504562533549,9.796027911969942,0.28180354267310787
138,33.400429414922165,12.915995705850777,7.14573268921095,33.43397745571659,0.8722490606548577,0.8051529790660226,1.3620504562533549,9.782608695652174,0.28180354267310787
139,33.662104133118625,12.882447665056361,7.14573268921095,33.21926999463231,0.8722490606548577,0.8051529790660226,1.3620504562533549,9.769189479334408,0.28180354267310787
140,33.81642512077295,12.882447665056361,7.139023081052066,33.091787439613526,0.8655394524959742,0.8051529790660226,1.3620504562533549,9.75577026301664,0.28180354267310787
141,34.07139023081052,12.855609232420827,7.118894256575416,32.971014492753625,0.8655394524959742,0.8051529790660226,1.3620504562533549,9.668545356951155,0.28180354267310787
142,33.702361782071925,12.634192163177671,5.58239398819109,32.729468599033815,0.8655394524959742,0.8051529790660226,1.3620504562533549,12.037037037037036,0.28180354267310787
143,34.11835748792271,12.553676865271068,5.5689747718733225,32.52147074610843,0.8319914117015567,0.8051529790660226,1.3620504562533549,11.956521739130435,0.28180354267310787
144,34.56119162640902,12.506709608158884,5.495169082125604,32.27992485238862,0.8252818035426731,0.7716049382716049,1.3620504562533549,11.916264090177133,0.28180354267310787
145,34.74906065485776,12.432903918411165,5.481749865807837,32.22624798711755,0.8252818035426731,0.7716049382716049,1.3620504562533549,11.869296833064949,0.28180354267310787
146,34.977187332259795,12.392646269457863,5.4549114331723025,32.17257112184648,0.8252818035426731,0.7716049382716049,1.2681159420289856,11.855877616747183,0.28180354267310787
147,35.42673107890499,12.224906065485776,5.542136339237788,31.99141170155663,0.8252818035426731,0.7581857219538379,1.2681159420289856,11.681427804616211,0.28180354267310787
148,35.547504025764894,12.157809983896941,5.522007514761138,31.99141170155663,0.8252818035426731,0.7581857219538379,1.261406333870102,11.654589371980677,0.28180354267310787
149,35.65485775630703,12.318840579710145,5.4616210413311865,31.83709071390231,0.8252818035426731,0.7581857219538379,1.261406333870102,11.600912506709609,0.28180354267310787
150,35.82259796027912,12.285292538915728,5.428073000536768,31.568706387546968,0.8252818035426731,0.9259259259259259,1.261406333870102,11.600912506709609,0.28180354267310787
151,36.03730542136339,12.285292538915728,5.414653784219001,31.447933440687063,0.7917337627482555,0.9259259259259259,1.261406333870102,11.553945249597424,0.28180354267310787
152,36.45330112721417,12.211486849168008,5.401234567901234,31.239935587761675,0.7917337627482555,0.9259259259259259,1.2546967257112185,11.439881910896403,0.28180354267310787
153,36.89613526570049,12.171229200214707,5.193236714975845,30.951422436929683,0.7917337627482555,0.9259259259259259,1.2546967257112185,11.533816425120772,0.28180354267310787
154,37.27858293075684,12.164519592055823,5.193236714975845,30.689747718733226,0.7917337627482555,0.8856682769726248,1.2546967257112185,11.473429951690822,0.2683843263553409
155,37.62748255501879,12.077294685990339,5.12614063338701,30.56897477187332,0.7917337627482555,0.8588298443370908,1.2546967257112185,11.426462694578637,0.2683843263553409
156,37.775093934514224,12.06387546967257,5.119431025228127,30.495169082125603,0.7917337627482555,0.8588298443370908,1.2546967257112185,11.372785829307569,0.2683843263553409
157,38.09044551798175,12.00348899624262,5.065754159957058,30.08588298443371,0.7917337627482555,0.8588298443370908,1.2546967257112185,11.580783682232958,0.2683843263553409
158,38.24476650563607,11.929683306494901,4.918142780461621,29.931561996779386,1.0332796564680622,0.8588298443370908,1.2546967257112185,11.560654857756306,0.2683843263553409
159,38.439345142243695,11.882716049382717,4.918142780461621,29.824208266237253,1.0332796564680622,0.8588298443370908,1.2546967257112185,11.520397208803006,0.2683843263553409
160,38.55340848094471,11.849168008588299,4.918142780461621,29.757112184648417,1.0332796564680622,0.8588298443370908,1.2546967257112185,11.506977992485238,0.2683843263553409
161,38.539989264626946,11.81561996779388,4.918142780461621,29.274020397208805,1.0332796564680622,0.8319914117015567,1.4492753623188406,11.869296833064949,0.2683843263553409
162,38.2313472893183,11.75523349436393,4.750402576489533,28.958668813741276,1.0332796564680622,0.8319914117015567,1.5432098765432098,12.627482555018787,0.2683843263553409
163,38.51315083199141,11.668008588298443,4.736983360171766,28.81105743424584,1.0198604401502953,0.8319914117015567,1.5432098765432098,12.607353730542137,0.2683843263553409
164,38.62050456253355,11.641170155662909,4.736983360171766,28.75067096081589,1.0198604401502953,0.8319914117015567,1.5230810520665594,12.607353730542137,0.2683843263553409
165,38.91572732152442,11.560654857756306,4.636339237788513,28.435319377348364,1.0198604401502953,0.8319914117015567,1.7646269457863661,12.567096081588835,0.2683843263553409
166,38.95598497047772,11.43317230273752,4.622920021470746,28.37493290391841,1.0198604401502953,0.8252818035426731,1.7579173376274826,12.741545893719806,0.2683843263553409
167,39.231078904991946,11.43317230273752,4.609500805152979,28.153515834675254,1.0198604401502953,0.8252818035426731,1.7444981213097155,12.714707461084272,0.2683843263553409
168,39.84836285560923,11.366076221148685,4.528985507246377,27.771068169618893,1.0198604401502953,0.8252818035426731,1.7444981213097155,12.627482555018787,0.2683843263553409
169,39.94900697799248,11.225174449812132,4.502147074610843,27.355072463768117,1.3955984970477724,0.9393451422436929,1.7444981213097155,12.620772946859903,0.2683843263553409
170,40.29119699409554,11.18491680085883,4.502147074610843,27.234299516908212,1.3754696725711217,0.9393451422436929,1.6908212560386473,12.513419216317766,0.2683843263553409
171,40.68035426731079,11.16478797638218,4.441760601180891,27.120236178207193,1.2748255501878691,0.9393451422436929,1.6908212560386473,12.419484702093397,0.2683843263553409
172,41.0024154589372,11.137949543746645,4.428341384863124,26.912238325281802,1.2748255501878691,0.9326355340848095,1.6908212560386473,12.352388620504563,0.2683843263553409
173,41.17015566290929,11.124530327428879,4.40150295222759,26.798174986580783,1.2748255501878691,0.9326355340848095,1.6908212560386473,12.338969404186795,0.2683843263553409
174,41.33118625872249,11.09098228663446,4.40150295222759,26.67740203972088,1.2546967257112185,0.9326355340848095,1.892109500805153,12.151100375738057,0.2683843263553409
175,41.948470209339774,10.95679012345679,4.334406870638754,26.583467525496513,1.2546967257112185,0.9326355340848095,1.865271068169619,11.855877616747183,0.2683843263553409
176,42.2638217928073,10.929951690821255,4.294149221685454,26.402308105206657,1.2412775093934514,0.8990874932903918,1.865271068169619,11.83574879227053,0.2683843263553409
177,42.44498121309716,10.923242082662373,4.274020397208803,26.29495437466452,1.2412775093934514,0.8990874932903918,1.865271068169619,11.788781535158346,0.2683843263553409
178,42.579173376274824,10.829307568438002,4.274020397208803,26.31508319914117,1.2412775093934514,0.8923778851315083,1.8585614600107354,11.741814278046162,0.2683843263553409
179,42.82071926999463,10.775630703166936,4.240472356414386,26.207729468599034,1.2412775093934514,0.8923778851315083,1.8585614600107354,11.694847020933977,0.2683843263553409
180,42.98845947396672,10.721953837895867,4.240472356414386,26.080246913580247,1.2412775093934514,1.0735373054213635,1.8585614600107354,11.52710681696189,0.2683843263553409
181,41.50563607085346,10.7085346215781,4.200214707461084,25.187869028448738,4.253891572732153,0.95276435856146,1.6505636070853462,11.272141706924316,0.2683843263553409
182,41.84111647879764,10.587761674718196,4.186795491143317,25.127482555018787,4.253891572732153,0.95276435856146,1.6505636070853462,11.131239935587761,0.2683843263553409
183,42.3040794417606,10.554213633923778,4.119699409554482,24.90606548577563,4.253891572732153,0.9460547504025765,1.6505636070853462,10.997047772410092,0.2683843263553409
184,42.48523886205046,10.534084809447128,4.079441760601181,24.711486849168008,4.2203435319377345,0.9460547504025765,1.778046162104133,10.976918947933441,0.2683843263553409
185,42.81400966183575,10.507246376811594,4.005636070853462,24.57729468599034,4.200214707461084,0.9460547504025765,1.778046162104133,10.903113258185721,0.2683843263553409
186,43.08239398819109,10.493827160493828,4.005636070853462,24.46323134728932,4.17337627482555,0.9460547504025765,1.778046162104133,10.789049919484702,0.2683843263553409
187,42.310789049919485,10.473698336017177,4.005636070853462,27.22758990874933,4.146537842190016,0.9460547504025765,1.778046162104133,8.84326355340848,0.2683843263553409
188,42.659688674181425,10.393183038110575,4.005636070853462,27.079978529253893,4.106280193236715,0.9326355340848095,1.778046162104133,8.776167471819646,0.2683843263553409
189,42.981749865807835,10.379763821792807,4.005636070853462,26.8719806763285,4.106280193236715,0.9326355340848095,1.7646269457863661,8.68894256575416,0.2683843263553409
190,43.15619967793881,10.352925389157273,4.005636070853462,26.764626945786365,4.106280193236715,0.9326355340848095,1.7444981213097155,8.668813741277509,0.2683843263553409
191,43.303811057434245,10.34621578099839,3.992216854535695,26.643853998926463,4.253891572732153,0.9326355340848095,1.7444981213097155,8.541331186258722,0.24154589371980675
192,43.53864734299517,10.319377348362856,3.992216854535695,26.50966183574879,4.2203435319377345,0.9259259259259259,1.7444981213097155,8.507783145464305,0.24154589371980675
193,43.79361245303274,10.319377348362856,3.9720880300590444,26.32850241545894,4.2203435319377345,0.9259259259259259,1.7176596886741815,8.480944712828771,0.24154589371980675
194,43.88083735909823,10.319377348362856,3.9720880300590444,26.301663982823403,4.2203435319377345,0.9259259259259259,1.7176596886741815,8.420558239398819,0.24154589371980675
195,43.96135265700483,10.312667740203972,3.9720880300590444,26.25469672571122,4.206924315619967,0.9259259259259259,1.7176596886741815,8.407139023081053,0.24154589371980675
196,44.26999463231347,10.272410091250672,3.938539989264627,26.060118089103597,4.206924315619967,0.9259259259259259,1.6975308641975309,8.387010198604402,0.24154589371980675
197,44.65915190552872,10.25228126677402,3.938539989264627,25.785024154589372,4.186795491143317,0.9057971014492754,1.6706924315619969,8.360171765968868,0.24154589371980675
198,43.72651637144391,10.25228126677402,3.589640365002684,24.510198604401502,4.260601180891036,0.5568974771873323,4.555823939881911,8.3064949006978,0.24154589371980675
199,44.08212560386473,10.238862050456254,3.4957058507783145,24.295491143317232,4.260601180891036,0.5568974771873323,4.522275899087493,8.3064949006978,0.24154589371980675
200,44.12909286097692,10.138217928073,3.4957058507783145,24.241814278046164,4.414922168545357,0.5568974771873323,4.502147074610843,8.279656468062266,0.24154589371980675
201,44.40418679549114,10.057702630166398,3.4957058507783145,24.14117015566291,4.394793344068707,0.5568974771873323,4.4820182501341925,8.252818035426731,0.2147074610842727
202,44.639023081052066,9.977187332259795,3.4957058507783145,24.053945249597422,4.240472356414386,0.6910896403650026,4.4820182501341925,8.205850778314547,0.2147074610842727
203,44.31025228126678,9.75577026301664,3.4822866344605474,23.51046698872786,4.240472356414386,0.6776704240472357,4.468599033816425,9.339774557165862,0.2147074610842727
204,44.30354267310789,9.73564143853999,3.294417606011809,23.201825013419217,4.2270531400966185,0.6508319914117016,4.468599033816425,9.903381642512077,0.2147074610842727
205,43.46484165324745,9.695383789586689,3.294417606011809,25.355609232420825,4.213633923778851,0.5568974771873323,4.461889425657541,8.742619431025227,0.2147074610842727
206,43.70638754696726,9.681964573268921,3.2877079978529253,25.241545893719806,4.213633923778851,0.5568974771873323,4.441760601180891,8.655394524959743,0.2147074610842727
207,43.07568438003221,9.655126140633387,3.240740740740741,26.65727321524423,4.206924315619967,0.5568974771873323,4.233762748255502,8.158883521202362,0.2147074610842727
208,43.37761674718197,9.614868491680086,3.207192699946323,26.54320987654321,4.206924315619967,0.5568974771873323,4.2203435319377345,8.05823939881911,0.2147074610842727
209,43.53193773483628,9.601449275362318,3.166935050993022,26.52308105206656,4.186795491143317,0.644122383252818,4.1532474503489,7.977724100912507,0.2147074610842727
210,43.74664519592056,9.601449275362318,3.1602254428341383,26.435856146001072,4.146537842190016,0.644122383252818,4.119699409554482,7.930756843800322,0.2147074610842727
211,42.85426731078905,9.473966720343531,5.6964573268921095,25.207997852925388,4.086151368760064,0.644122383252818,3.9855072463768115,7.836822329575953,0.2147074610842727
212,43.162909286097694,9.453837895866881,5.609232420826624,25.087224906065487,4.005636070853462,0.644122383252818,3.9855072463768115,7.836822329575953,0.2147074610842727
213,43.41116478797638,9.406870638754697,5.562265163714439,24.993290391841118,4.005636070853462,0.644122383252818,3.9855072463768115,7.776435856146001,0.2147074610842727
214,43.53864734299517,9.373322597960279,5.548845947396672,24.94632313472893,4.005636070853462,0.644122383252818,3.9855072463768115,7.742887815351583,0.2147074610842727
215,43.74664519592056,9.353193773483628,5.548845947396672,24.838969404186795,3.9519592055823938,0.644122383252818,3.9855072463768115,7.716049382716049,0.2147074610842727
216,43.887546967257116,9.353193773483628,5.535426731078905,24.805421363392377,3.9318303811057436,0.644122383252818,3.9855072463768115,7.64224369296833,0.2147074610842727
217,44.0955448201825,9.326355340848094,5.501878690284487,24.751744498121308,3.9318303811057436,0.644122383252818,3.9855072463768115,7.548309178743962,0.2147074610842727
218,44.316961889425656,9.245840042941492,5.475040257648954,24.738325281803544,3.9318303811057436,0.644122383252818,3.9452495974235107,7.48792270531401,0.2147074610842727
219,44.40418679549114,9.07139023081052,5.46833064949007,24.9194847020934,3.9184111647879765,0.644122383252818,3.92512077294686,7.434245840042942,0.2147074610842727
220,44.518250134192165,9.07139023081052,5.421363392377885,24.86580783682233,3.9049919484702094,0.644122383252818,3.92512077294686,7.434245840042942,0.2147074610842727
221,44.80005367686527,9.037842190016104,5.401234567901234,24.798711755233494,3.844605475040258,0.630703166935051,3.851315083199141,7.4208266237251745,0.2147074610842727
222,45.00134192163178,9.004294149221685,5.367686527106817,24.698067632850243,3.8378958668813743,0.630703166935051,3.824476650563607,7.4208266237251745,0.2147074610842727
223,43.585614600107355,8.59500805152979,5.367686527106817,26.69753086419753,3.797638217928073,0.630703166935051,3.81105743424584,7.300053676865271,0.2147074610842727
224,43.947933440687066,8.59500805152979,5.280461621041331,26.529790660225444,3.797638217928073,0.630703166935051,3.784219001610306,7.246376811594203,0.1878690284487386
225,44.22302737520129,8.53462157809984,5.246913580246914,26.41572732152442,3.7909286097691894,0.630703166935051,3.7775093934514223,7.192699946323135,0.1878690284487386
226,44.538378958668815,8.480944712828771,5.22007514761138,26.227858293075684,3.7573805689747717,0.630703166935051,3.770799785292539,7.185990338164252,0.1878690284487386
227,44.73295759527644,8.480944712828771,5.186527106816962,26.127214170692433,3.730542136339238,0.630703166935051,3.770799785292539,7.152442297369833,0.1878690284487386
228,44.867149758454104,8.480944712828771,5.186527106816962,26.019860440150296,3.7037037037037037,0.630703166935051,3.770799785292539,7.152442297369833,0.1878690284487386
229,45.1556629092861,8.480944712828771,5.166398282340311,25.946054750402578,3.589640365002684,0.5971551261406334,3.770799785292539,7.105475040257649,0.1878690284487386
230,45.37707997852925,8.474235104669887,5.152979066022544,25.83870101986044,3.5628019323671496,0.5971551261406334,3.7372517444981215,7.071926999463232,0.1878690284487386
231,45.51798174986581,8.474235104669887,5.152979066022544,25.791733762748255,3.5426731078904994,0.5971551261406334,3.6902844873859366,7.0450885668276975,0.1878690284487386
232,45.62533548040794,8.454106280193237,5.132850241545894,25.72463768115942,3.5426731078904994,0.5971551261406334,3.6902844873859366,7.0450885668276975,0.1878690284487386
233,45.853462157809986,8.433977455716587,5.0791733762748255,25.650831991411703,3.5426731078904994,0.5971551261406334,3.6366076221148687,7.018250134192163,0.1878690284487386
234,46.03462157809984,8.427267847557703,5.045625335480408,25.55018786902845,3.5426731078904994,0.5971551261406334,3.6366076221148687,6.977992485238862,0.1878690284487386
235,46.141975308641975,8.427267847557703,5.025496511003757,25.489801395598498,3.5426731078904994,0.5971551261406334,3.6097691894793345,6.977992485238862,0.1878690284487386
236,46.303005904455176,8.400429414922169,5.018786902844874,25.41599570585078,3.5292538915727323,0.5971551261406334,3.569511540526033,6.977992485238862,0.1878690284487386
237,46.403650026838434,8.36688137412775,4.99194847020934,25.194578636607623,3.5292538915727323,0.5971551261406334,3.556092324208266,7.1725711218464845,0.1878690284487386
238,46.60493827160494,8.353462157809984,4.99194847020934,25.067096081588836,3.5225442834138487,0.5971551261406334,3.535963499731616,7.139023081052066,0.1878690284487386
239,46.786097691894796,8.353462157809984,4.9718196457326895,24.90606548577563,3.5225442834138487,0.5971551261406334,3.535963499731616,7.139023081052066,0.1878690284487386
240,46.85990338164251,8.353462157809984,4.958400429414922,24.84567901234568,3.5225442834138487,0.5971551261406334,3.535963499731616,7.139023081052066,0.1878690284487386
241,46.95383789586688,8.3467525496511,4.931561996779388,24.812130971551262,3.5225442834138487,0.5971551261406334,3.535963499731616,7.112184648416532,0.1878690284487386
242,47.014224369296834,8.319914117015566,4.898013955984971,24.812130971551262,3.5225442834138487,0.5971551261406334,3.535963499731616,7.112184648416532,0.1878690284487386
243,46.423778851315085,9.494095544820183,4.804079441760601,24.530327428878152,3.5091250670960816,0.5971551261406334,3.5292538915727323,6.9243156199677935,0.1878690284487386
244,46.61164787976382,9.41358024691358,4.804079441760601,24.4296833064949,3.5091250670960816,0.5971551261406334,3.5225442834138487,6.9243156199677935,0.1878690284487386
245,46.786097691894796,9.39345142243693,4.804079441760601,24.355877616747183,3.5091250670960816,0.5971551261406334,3.5762211486849167,6.790123456790123,0.1878690284487386
246,46.947128287708,9.359903381642512,4.777241009125067,24.114331723027377,3.5091250670960816,0.5971551261406334,3.643317230273752,6.863929146537842,0.1878690284487386
247,46.812936124530324,9.359903381642512,5.340848094471283,23.879495437466453,3.5091250670960816,0.5971551261406334,3.589640365002684,6.723027375201288,0.1878690284487386
248,46.99409554482018,9.31964573268921,5.340848094471283,23.765432098765434,3.5091250670960816,0.5971551261406334,3.5829307568438002,6.702898550724638,0.1878690284487386
249,47.27589908749329,9.245840042941492,5.340848094471283,23.61111111111111,3.4822866344605474,0.5971551261406334,3.5829307568438002,6.6760601180891035,0.1878690284487386
250,47.537573805689746,9.131776704240472,5.340848094471283,23.49033816425121,3.475577026301664,0.5971551261406334,3.5628019323671496,6.6760601180891035,0.1878690284487386
251,47.89989264626946,9.104938271604938,5.340848094471283,23.18840579710145,3.475577026301664,0.5971551261406334,3.535963499731616,6.66935050993022,0.1878690284487386
252,47.477187332259795,9.722222222222221,5.340848094471283,23.013955984970476,3.4621578099838968,0.5971551261406334,3.5292538915727323,6.66935050993022,0.1878690284487386
253,47.537573805689746,9.71551261406334,5.360976918947934,22.98040794417606,3.4621578099838968,0.5971551261406334,3.5225442834138487,6.635802469135802,0.1878690284487386
254,47.77241009125067,9.681964573268921,5.3274288781535155,22.873054213633925,3.455448201825013,0.5971551261406334,3.502415458937198,6.602254428341385,0.1878690284487386
255,48.14143853998927,9.648416532474503,5.3274288781535155,22.517444981213096,3.4017713365539453,0.5971551261406334,3.589640365002684,6.588835212023618,0.1878690284487386
256,48.11460010735373,9.588030059044552,5.3274288781535155,22.430220075147613,3.3950617283950617,0.5971551261406334,3.6634460547504024,6.696188942565755,0.1878690284487386
257,48.26221148684917,9.554482018250134,5.3274288781535155,22.376543209876544,3.3682232957595275,0.5971551261406334,3.629898013955985,6.696188942565755,0.1878690284487386
258,48.490338164251206,9.534353193773484,5.314009661835748,22.22222222222222,3.3548040794417604,0.5837359098228664,3.616478797638218,6.696188942565755,0.1878690284487386
259,48.55743424584004,9.494095544820183,5.314009661835748,22.208803005904453,3.3548040794417604,0.5837359098228664,3.616478797638218,6.696188942565755,0.17444981213097155
