,45,50,51,52,54,55,53,56,57
0,98.64465915190553,1.3553408480944713,,,,,,,
1,98.64465915190553,1.3553408480944713,,,,,,,
2,98.64465915190553,1.3553408480944713,,,,,,,
3,96.32984433709072,3.670155662909286,,,,,,,
4,96.32984433709072,3.670155662909286,,,,,,,
5,95.57836822329575,2.999194847020934,1.4224369296833066,,,,,,
6,92.60601180891035,5.971551261406334,1.4224369296833066,,,,,,
7,92.42485238862051,6.152710681696189,1.4224369296833066,,,,,,
8,88.66747181964573,9.923510466988727,1.4090177133655395,,,,,,
9,87.87573805689748,10.715244229736983,1.4090177133655395,,,,,,
10,87.88915727321525,10.701825013419215,1.4090177133655395,,,,,,
11,87.94954374664519,10.641438539989265,1.4090177133655395,,,,,,
12,84.92351046698873,13.667471819645733,1.4090177133655395,,,,,,
13,84.95705850778315,13.633923778851315,1.4090177133655395,,,,,,
14,76.64385399892646,22.933440687063875,0.4227053140096618,,,,,,
15,76.7914653784219,22.785829307568438,0.4227053140096618,,,,,,
16,76.54320987654322,23.03408480944713,0.4227053140096618,,,,,,
17,76.48282340311326,23.09447128287708,0.4227053140096618,,,,,,
18,76.28824476650564,22.363123993558776,0.4227053140096618,0.8185721953837896,0.10735373054213634,,,,
19,76.46940418679549,22.18196457326892,0.4227053140096618,0.8185721953837896,0.10735373054213634,,,,
20,76.57675791733763,20.323403113258184,0.4227053140096618,0.8185721953837896,0.10735373054213634,1.751207729468599,,,
21,76.69753086419753,20.202630166398283,0.4227053140096618,0.8185721953837896,0.10735373054213634,1.751207729468599,,,
22,76.69753086419753,20.202630166398283,0.4227053140096618,0.8185721953837896,0.10735373054213634,1.751207729468599,,,
23,74.67122920021471,19.129092860976918,3.5225442834138487,0.8185721953837896,0.10735373054213634,1.751207729468599,,,
24,71.10842726784756,22.69189479334407,3.5225442834138487,0.8185721953837896,0.10735373054213634,1.751207729468599,,,
25,70.8064949006978,22.33628556092324,3.2139023081052067,1.7847557702630166,0.10735373054213634,1.751207729468599,,,
26,59.5679012345679,33.682232957595275,3.2139023081052067,1.7847557702630166,,1.751207729468599,,,
27,59.634997316156735,33.61513687600644,3.2139023081052067,1.7847557702630166,,1.751207729468599,,,
28,59.35990338164251,33.43397745571659,3.670155662909286,1.7847557702630166,,1.751207729468599,,,
29,59.41358024691358,33.24610842726785,3.670155662909286,1.7847557702630166,0.13419216317767044,1.751207729468599,,,
30,59.46054750402576,33.20585077831455,3.6634460547504024,1.7847557702630166,0.13419216317767044,1.751207729468599,,,
31,56.32045088566828,36.39291465378422,3.616478797638218,1.7847557702630166,0.13419216317767044,1.751207729468599,,,
32,56.407675791733766,36.36607622114869,3.556092324208266,1.7847557702630166,0.13419216317767044,1.751207729468599,,,
33,56.474771873322595,36.312399355877616,3.549382716049383,1.778046162104133,0.13419216317767044,1.751207729468599,,,
34,56.21309715512614,36.574074074074076,3.549382716049383,1.778046162104133,0.13419216317767044,1.751207729468599,,,
35,56.07890499194847,36.25872249060655,3.2139023081052067,2.6301663982823404,0.13419216317767044,1.6841116478797638,,,
36,54.54240472356415,33.53462157809984,7.816693505099302,2.3081052066559313,0.13419216317767044,1.6639828234031133,,,
37,53.73054213633924,28.71712292002147,7.769726247987117,7.98443370907139,0.13419216317767044,1.6639828234031133,,,
38,53.83118625872249,28.629898013955984,7.769726247987117,7.971014492753623,0.13419216317767044,1.6639828234031133,,,
39,53.837895866881375,28.6231884057971,7.769726247987117,7.971014492753623,0.13419216317767044,1.6639828234031133,,,
40,52.03972088030059,29.790660225442835,7.75630703166935,7.971014492753623,0.13419216317767044,1.6639828234031133,0.644122383252818,,
41,52.08668813741278,29.74369296833065,7.75630703166935,7.971014492753623,0.13419216317767044,1.6639828234031133,0.644122383252818,,
42,48.74530327428878,25.744766505636072,16.774020397208805,6.910896403650026,0.13419216317767044,1.1741814278046163,0.5166398282340311,,
43,48.22866344605475,26.133923778851315,16.74718196457327,7.065217391304348,0.13419216317767044,1.1741814278046163,0.5166398282340311,,
44,44.97450348899624,29.220343531937736,16.72705314009662,7.253086419753086,0.13419216317767044,1.1741814278046163,0.5166398282340311,,
45,43.45813204508857,29.938271604938272,16.51905528717123,7.957595276435856,0.24154589371980675,1.3687600644122384,0.5166398282340311,,
46,43.47826086956522,29.74369296833065,16.431830381105744,7.957595276435856,0.35560923242082665,1.5163714439076759,0.5166398282340311,,
47,43.45142243692968,29.884594739667204,16.35131508319914,7.957595276435856,0.35560923242082665,1.482823403113258,0.5166398282340311,,
48,40.82796564680623,32.447665056360705,16.337895866881375,7.917337627482555,0.46967257112184646,1.482823403113258,0.5166398282340311,,
49,40.88835212023618,32.427536231884055,16.337895866881375,7.890499194847021,0.46967257112184646,1.4694041867954912,0.5166398282340311,,
50,40.88164251207729,31.407675791733762,16.243961352657006,9.01100375738057,0.46967257112184646,1.4694041867954912,0.5166398282340311,,
51,41.076221148684915,31.125872249060656,16.09634997316157,9.004294149221685,0.7112184648416533,1.4694041867954912,0.5166398282340311,,
52,39.81481481481482,32.57514761137949,16.029253891572733,8.943907675791733,0.5703166935050993,1.4694041867954912,0.5971551261406334,,
53,39.83494363929147,32.57514761137949,16.009125067096083,8.943907675791733,0.5703166935050993,1.4694041867954912,0.5971551261406334,,
54,39.16398282340311,31.723027375201287,18.136070853462158,8.501073537305421,0.4092860976918948,1.4694041867954912,0.5971551261406334,,
55,39.17740203972088,31.49490069779925,17.733494363929147,9.27938808373591,0.4092860976918948,1.3083735909822867,0.5971551261406334,,
56,38.95598497047772,29.66988727858293,17.726784755770264,9.27938808373591,2.7509393451422435,0.5971551261406334,1.0198604401502953,,
57,29.61621041331186,39.398819108964034,17.364465915190554,9.272678475577026,2.7308105206655933,0.5971551261406334,1.0198604401502953,,
58,28.965378421900162,36.3191089640365,21.470746108427267,8.930488459473967,2.6972624798711755,0.5971551261406334,1.0198604401502953,,
59,28.992216854535695,33.56816961889426,21.470746108427267,8.930488459473967,2.703972088030059,0.5971551261406334,3.7372517444981215,,
60,26.482823403113258,43.81374127750939,17.424852388620504,8.064949006977992,2.6301663982823404,0.5971551261406334,0.9863123993558777,,
61,26.50966183574879,43.625872249060656,17.424852388620504,8.064949006977992,2.791196994095545,0.5971551261406334,0.9863123993558777,,
62,25.979602791196996,44.18947933440687,17.404723564143854,8.051529790660226,2.791196994095545,0.5971551261406334,0.9863123993558777,,
63,25.301932367149757,43.19645732689211,19.51154052603328,8.051529790660226,2.6301663982823404,0.5971551261406334,0.7112184648416533,,
64,25.40257648953301,43.17632850241546,19.43102522812668,8.051529790660226,2.6301663982823404,0.5971551261406334,0.7112184648416533,,
65,25.45625335480408,42.3845947396672,19.28341384863124,8.051529790660226,2.6301663982823404,0.5971551261406334,1.596886741814278,,
66,25.51663982823403,42.411433172302736,19.269994632313473,7.219538378958669,3.388352120236178,0.5971551261406334,1.596886741814278,,
67,25.41599570585078,42.41814278046162,19.129092860976918,7.454374664519592,3.388352120236178,0.5971551261406334,1.596886741814278,,
68,25.85212023617821,42.23698336017176,19.129092860976918,7.320182501341922,3.3816425120772946,0.5971551261406334,1.482823403113258,,
69,26.04669887278583,42.1833064949007,19.048577563070317,7.320182501341922,3.3480944712828773,0.5971551261406334,1.4559849704777241,,
70,26.160762211486848,41.84111647879764,19.290123456790123,7.320182501341922,3.3480944712828773,0.5971551261406334,1.442565754159957,,
71,26.20101986044015,41.8142780461621,19.276704240472355,7.320182501341922,3.3480944712828773,0.5971551261406334,1.442565754159957,,
72,26.147342995169083,41.646537842190014,15.633387010198604,11.20504562533548,3.3279656468062266,0.5971551261406334,1.442565754159957,,
73,26.187600644122384,41.606280193236714,15.633387010198604,11.20504562533548,3.3279656468062266,0.5971551261406334,1.442565754159957,,
74,26.060118089103597,41.398282340311326,13.103864734299517,13.942565754159958,3.455448201825013,0.5971551261406334,1.442565754159957,,
75,26.37546967257112,41.31105743424584,13.09044551798175,13.734567901234568,3.455448201825013,0.5971551261406334,1.4358561460010735,,
76,26.496242619431026,41.277509393451425,13.056897477187333,13.6808910359635,3.455448201825013,0.5971551261406334,1.4358561460010735,,
77,26.89210950080515,40.79441760601181,13.043478260869565,13.6808910359635,3.589640365002684,0.5971551261406334,1.402308105206656,,
78,26.435856146001072,41.36473429951691,12.942834138486312,13.667471819645733,3.589640365002684,0.5971551261406334,1.402308105206656,,
79,26.50295222758991,41.337895866881375,12.942834138486312,13.627214170692431,3.589640365002684,0.5971551261406334,1.402308105206656,,
80,26.744498121309714,41.015834675254965,12.895866881374127,13.627214170692431,3.589640365002684,0.7246376811594203,1.402308105206656,,
81,25.41599570585078,43.12265163714439,12.5402576489533,13.20450885668277,3.589640365002684,0.7246376811594203,1.402308105206656,,
82,25.791733762748255,42.72678475577026,12.473161567364466,13.177670424047236,3.589640365002684,0.8655394524959742,1.3754696725711217,,
83,22.38996242619431,35.299248523886206,28.61647879763822,7.877079978529254,3.5762211486849167,0.8655394524959742,1.3754696725711217,,
84,22.38996242619431,35.33279656468062,28.589640365002683,7.87037037037037,3.5762211486849167,0.8655394524959742,1.3754696725711217,,
85,22.785829307568438,35.08454106280193,28.442028985507246,7.87037037037037,3.5762211486849167,0.8655394524959742,1.3754696725711217,,
86,21.061460010735374,40.80112721417069,27.254428341384862,4.998658078368224,3.4822866344605474,1.0265700483091786,1.3754696725711217,,
87,21.349973161567366,40.64009661835749,27.126945786366075,4.998658078368224,3.4822866344605474,1.0265700483091786,1.3754696725711217,,
88,19.981213097155127,40.11003757380569,29.052603327965645,4.9718196457326895,3.4822866344605474,1.0265700483091786,1.3754696725711217,,
89,20.38378958668814,39.87520128824477,28.931830381105744,4.9651100375738055,3.44873859366613,1.0198604401502953,1.3754696725711217,,
90,20.417337627482556,39.781266774020395,28.784219001610307,4.938271604938271,3.44873859366613,1.2546967257112185,1.3754696725711217,,
91,20.52469135802469,39.48604401502952,28.71712292002147,4.938271604938271,3.4420289855072466,1.5297906602254427,1.3620504562533549,,
92,20.893719806763286,39.14385399892646,28.589640365002683,4.918142780461621,3.4420289855072466,1.6505636070853462,1.3620504562533549,,
93,20.994363929146537,39.06333870101986,28.569511540526033,4.918142780461621,3.4420289855072466,1.6505636070853462,1.3620504562533549,,
94,21.24932903918411,38.85534084809447,28.522544283413847,4.918142780461621,3.4420289855072466,1.6505636070853462,1.3620504562533549,,
95,21.578099838969404,38.70101986044015,28.348094471282877,4.918142780461621,3.4420289855072466,1.6505636070853462,1.3620504562533549,,
96,21.477455716586153,38.27831454643049,28.884863123993558,4.918142780461621,3.4420289855072466,1.6371443907675791,1.3620504562533549,,
97,21.517713365539453,38.238056897477186,28.884863123993558,4.918142780461621,3.4420289855072466,1.6371443907675791,1.3620504562533549,,
98,21.651905528717123,38.177670424047236,28.844605475040257,4.884594739667204,3.4420289855072466,1.6371443907675791,1.3620504562533549,,
99,22.22222222222222,37.78851315083199,28.663446054750402,4.884594739667204,3.3950617283950617,1.6841116478797638,1.3620504562533549,,
100,22.342995169082126,36.902844873859365,28.683574879227052,4.830917874396135,3.3950617283950617,2.3550724637681157,1.4895330112721417,,
101,22.457058507783145,36.81561996779388,28.65673644659152,4.830917874396135,3.3950617283950617,2.3550724637681157,1.4895330112721417,,
102,22.6784755770263,36.52710681696189,28.65673644659152,4.830917874396135,3.4621578099838968,2.3550724637681157,1.4895330112721417,,
103,22.987117552334944,36.22517444981213,28.535963499731615,4.830917874396135,3.4621578099838968,2.3483628556092326,1.6103059581320451,,
104,22.517444981213096,33.340042941492214,28.535963499731615,7.64224369296833,3.992216854535695,2.3752012882447664,1.596886741814278,,
105,22.879763821792807,33.25952764358561,28.25415995705851,7.64224369296833,3.992216854535695,2.3752012882447664,1.596886741814278,,
106,23.00053676865271,33.23939881910896,28.22061191626409,7.575147611379496,3.9519592055823938,2.3617820719269993,1.6505636070853462,,
107,22.946859903381643,31.427804616210413,27.51610305958132,7.863660762211487,3.8714439076757916,3.0394524959742353,3.33467525496511,,
108,23.356146001073537,31.05877616747182,27.24771873322598,7.823403113258186,3.8311862587224907,3.3480944712828773,3.33467525496511,,
109,23.503757380568974,31.031937734836287,27.126945786366075,7.823403113258186,3.8311862587224907,3.3480944712828773,3.33467525496511,,
110,23.678207192699947,30.96484165324745,27.046430488459475,7.823403113258186,3.8043478260869565,3.3480944712828773,3.33467525496511,,
111,23.845947396672035,30.897745571658614,26.99946323134729,7.796564680622652,3.8043478260869565,3.321256038647343,3.33467525496511,,
112,23.993558776167472,30.709876543209877,26.690821256038646,7.763016639828234,4.166666666666667,3.3413848631239937,3.33467525496511,,
113,23.262211486849168,29.87788513150832,27.74422973698336,7.447665056360709,4.166666666666667,3.4822866344605474,4.019055287171229,,
114,23.262211486849168,29.87788513150832,27.74422973698336,7.447665056360709,4.166666666666667,3.4822866344605474,4.019055287171229,,
115,23.369565217391305,29.87788513150832,27.657004830917874,7.447665056360709,4.146537842190016,3.4822866344605474,4.019055287171229,,
116,23.443370907139023,29.918142780461622,27.569779924852387,7.387278582930757,4.1129898013955986,3.556092324208266,4.012345679012346,,
117,22.61808910359635,28.307836822329577,27.361782071927,10.976918947933441,3.978797638217928,3.5225442834138487,3.2340311325818574,,
118,22.705314009661837,28.247450348899623,27.334943639291467,10.950080515297907,4.53569511540526,3.5225442834138487,2.703972088030059,,
119,23.013955984970476,28.073000536768653,27.24771873322598,10.950080515297907,4.522275899087493,3.488996242619431,2.703972088030059,,
120,23.101180891035963,27.91867954911433,26.878690284487387,10.903113258185721,4.522275899087493,3.8378958668813743,2.6838432635534084,0.15432098765432098,
121,22.517444981213096,27.26784755770263,26.663982823403114,12.587224906065487,4.522275899087493,3.603059581320451,2.6838432635534084,0.15432098765432098,
122,22.591250670960815,27.22758990874933,26.516371443907676,12.573805689747719,4.522275899087493,3.730542136339238,2.6838432635534084,0.15432098765432098,
123,22.591250670960815,26.858561460010737,26.455984970477726,12.553676865271068,4.522275899087493,4.253891572732153,2.61003757380569,0.15432098765432098,
124,22.779119699409556,26.818303811057433,26.37546967257112,12.52012882447665,4.488727858293076,4.253891572732153,2.61003757380569,0.15432098765432098,
125,23.00053676865271,26.7914653784219,26.268115942028984,12.513419216317766,4.488727858293076,4.17337627482555,2.61003757380569,0.15432098765432098,
126,22.953569511540525,26.536500268384327,26.147342995169083,12.513419216317766,4.663177670424047,4.314278046162104,2.717391304347826,0.15432098765432098,
127,22.879763821792807,26.093666129898015,26.080246913580247,12.513419216317766,4.51556629092861,4.300858829844337,3.4621578099838968,0.15432098765432098,
128,22.913311862587225,26.019860440150296,26.060118089103597,12.513419216317766,4.51556629092861,4.361245303274289,3.4621578099838968,0.15432098765432098,
129,23.15485775630703,25.91250670960816,25.966183574879228,12.506709608158884,4.51556629092861,4.327697262479871,3.4621578099838968,0.15432098765432098,
130,23.376274825550187,25.885668276972623,25.885668276972623,12.211486849168008,4.777241009125067,4.327697262479871,3.3816425120772946,0.15432098765432098,
131,23.43666129898014,25.885668276972623,25.77831454643049,12.211486849168008,4.864465915190553,4.314278046162104,3.3548040794417604,0.15432098765432098,
132,23.70504562533548,25.697799248523886,25.72463768115942,12.184648416532475,4.864465915190553,4.314278046162104,3.3548040794417604,0.15432098765432098,
133,23.93317230273752,25.429414922168544,25.79844337090714,12.151100375738057,4.864465915190553,4.314278046162104,3.3548040794417604,0.15432098765432098,
134,24.094202898550726,25.36231884057971,25.744766505636072,12.016908212560386,4.830917874396135,4.314278046162104,3.3548040794417604,0.15432098765432098,0.1274825550187869
135,24.422973698336016,25.308641975308642,25.691089640365004,11.79549114331723,4.830917874396135,4.314278046162104,3.3548040794417604,0.15432098765432098,0.1274825550187869
136,24.510198604401502,25.308641975308642,25.603864734299517,11.79549114331723,4.830917874396135,4.314278046162104,3.3548040794417604,0.15432098765432098,0.1274825550187869
137,24.60413311862587,25.261674718196456,25.55689747718733,11.79549114331723,4.830917874396135,4.314278046162104,3.3548040794417604,0.15432098765432098,0.1274825550187869
138,24.838969404186795,25.261674718196456,25.469672571121848,11.761943102522812,4.830917874396135,4.314278046162104,3.240740740740741,0.15432098765432098,0.1274825550187869
139,24.295491143317232,25.09393451422437,26.207729468599034,11.761943102522812,4.830917874396135,4.28743961352657,3.240740740740741,0.15432098765432098,0.1274825550187869
140,24.355877616747183,25.09393451422437,26.187600644122384,11.75523349436393,4.817498658078368,4.274020397208803,3.240740740740741,0.15432098765432098,0.12077294685990338
141,24.798711755233494,24.84567901234568,25.89237788513151,11.714975845410628,4.817498658078368,4.414922168545357,3.240740740740741,0.15432098765432098,0.12077294685990338
142,25.0805152979066,24.771873322597962,25.791733762748255,11.60762211486849,4.810789049919484,4.455179817498658,3.207192699946323,0.15432098765432098,0.12077294685990338
143,24.9597423510467,24.758454106280194,25.0402576489533,11.16478797638218,4.783950617283951,4.40150295222759,4.616210413311863,0.15432098765432098,0.12077294685990338
144,25.05367686527107,24.698067632850243,24.745034889962426,11.265432098765432,4.7638217928073,4.40150295222759,4.830917874396135,0.12077294685990338,0.12077294685990338
145,25.120772946859905,24.698067632850243,24.711486849168008,11.265432098765432,4.730273752012883,4.40150295222759,4.830917874396135,0.12077294685990338,0.12077294685990338
146,25.228126677402038,24.67793880837359,24.382716049382715,11.245303274288782,4.730273752012883,4.663177670424047,4.830917874396135,0.12077294685990338,0.12077294685990338
147,25.41599570585078,24.60413311862587,24.134460547504027,11.218464841653248,4.783950617283951,4.770531400966184,4.830917874396135,0.12077294685990338,0.12077294685990338
148,25.664251207729468,24.537037037037038,24.000268384326354,11.191626409017713,4.783950617283951,4.750402576489533,4.830917874396135,0.12077294685990338,0.12077294685990338
149,25.684380032206118,24.516908212560388,24.000268384326354,11.057434245840042,4.770531400966184,4.750402576489533,4.830917874396135,0.12077294685990338,0.2683843263553409
150,26.147342995169083,23.89291465378422,23.70504562533548,10.950080515297907,4.757112184648417,5.35426731078905,4.804079441760601,0.12077294685990338,0.2683843263553409
151,25.89237788513151,23.63123993558776,24.114331723027377,10.889694041867955,4.74369296833065,5.642780461621041,4.703435319377348,0.12077294685990338,0.2616747181964573
152,26.08695652173913,23.58427267847558,24.06736446591519,10.789049919484702,4.696725711218465,5.642780461621041,4.703435319377348,0.16774020397208803,0.2616747181964573
153,26.247987117552334,23.564143853998928,24.000268384326354,10.789049919484702,4.696725711218465,5.5689747718733225,4.703435319377348,0.16774020397208803,0.2616747181964573
154,26.42914653784219,23.49704777241009,23.886205045625335,10.789049919484702,4.696725711218465,5.5689747718733225,4.703435319377348,0.16774020397208803,0.2616747181964573
155,26.1808910359635,23.2085346215781,23.711755233494365,11.178207192699947,4.757112184648417,5.555555555555555,4.703435319377348,0.4495437466451959,0.2549651100375738
156,26.35534084809447,23.2085346215781,23.63123993558776,11.09098228663446,4.750402576489533,5.555555555555555,4.703435319377348,0.4495437466451959,0.2549651100375738
157,26.583467525496513,23.14814814814815,23.564143853998928,11.023886205045626,4.750402576489533,5.542136339237788,4.703435319377348,0.4495437466451959,0.23483628556092323
158,26.69753086419753,22.940150295222757,23.53059581320451,11.023886205045626,4.736983360171766,5.71658615136876,4.669887278582931,0.4495437466451959,0.23483628556092323
159,26.7512077294686,22.282608695652176,23.356146001073537,10.983628556092324,5.9447128287707995,5.267042404723564,4.730273752012883,0.4495437466451959,0.23483628556092323
160,26.744498121309714,22.249060654857757,23.101180891035963,11.325818572195384,5.9447128287707995,5.24020397208803,4.7101449275362315,0.4495437466451959,0.23483628556092323
161,27.220880300590444,22.067901234567902,22.758990874932906,11.325818572195384,5.870907139023081,5.394524959742351,4.676596886741814,0.4495437466451959,0.23483628556092323
162,27.22758990874933,21.658615136876005,22.705314009661837,11.3191089640365,6.66935050993022,5.065754159957058,4.669887278582931,0.4495437466451959,0.23483628556092323
163,27.126945786366075,20.242887815351583,22.69860440150295,12.929414922168545,6.66935050993022,4.978529253891573,4.669887278582931,0.4495437466451959,0.23483628556092323
164,27.32823403113258,20.1959205582394,22.443639291465377,12.929414922168545,6.649221685453569,5.0993022007514766,4.669887278582931,0.4495437466451959,0.23483628556092323
165,27.66371443907676,20.182501341921633,22.19538378958669,12.882447665056361,6.541867954911433,5.0993022007514766,4.64975845410628,0.5501878690284487,0.23483628556092323
166,27.80461621041331,20.182501341921633,22.128287707997853,12.882447665056361,6.528448738593666,5.065754159957058,4.622920021470746,0.5501878690284487,0.23483628556092323
167,27.985775630703166,19.699409554482017,22.108158883521202,12.506709608158884,6.474771873322598,5.065754159957058,5.374396135265701,0.5501878690284487,0.23483628556092323
168,28.24074074074074,19.639023081052066,22.108158883521202,12.506709608158884,6.4412238325281805,5.059044551798175,5.22007514761138,0.5501878690284487,0.23483628556092323
169,28.495705850778315,19.612184648416534,22.074610842726784,12.352388620504563,6.4412238325281805,5.038915727321524,5.199946323134729,0.5501878690284487,0.23483628556092323
170,28.77079978529254,19.47128287707998,22.020933977455716,12.352388620504563,6.582125603864735,4.817498658078368,5.199946323134729,0.5501878690284487,0.23483628556092323
171,29.012345679012345,19.444444444444443,21.926999463231347,12.338969404186795,6.575415995705851,4.730273752012883,5.186527106816962,0.5501878690284487,0.23483628556092323
172,29.200214707461082,19.32367149758454,22.041062801932366,12.318840579710145,6.427804616210413,4.730273752012883,5.173107890499195,0.5501878690284487,0.23483628556092323
173,29.025764895330113,17.887815351583466,24.235104669887278,12.238325281803542,6.374127750939345,4.730273752012883,4.723564143853999,0.5501878690284487,0.23483628556092323
174,29.17337627482555,17.887815351583466,24.22168545356951,12.104133118625873,6.374127750939345,4.730273752012883,4.723564143853999,0.5501878690284487,0.23483628556092323
175,29.314278046162105,17.887815351583466,24.188137412775095,11.996779388083736,6.374127750939345,4.730273752012883,4.723564143853999,0.5501878690284487,0.23483628556092323
176,29.25389157273215,17.867686527106816,24.59742351046699,11.996779388083736,6.374127750939345,4.582662372517445,4.542404723564144,0.5501878690284487,0.23483628556092323
177,29.47530864197531,17.659688674181428,24.54374664519592,11.943102522812667,6.280193236714976,4.582662372517445,4.730273752012883,0.5501878690284487,0.23483628556092323
178,29.341116478797638,17.632850241545892,24.54374664519592,11.849168008588299,5.9447128287707995,4.28743961352657,5.615942028985507,0.5501878690284487,0.23483628556092323
179,29.57595276435856,17.56575415995706,24.268652710681696,11.849168008588299,5.9447128287707995,4.300858829844337,5.709876543209877,0.5501878690284487,0.23483628556092323
180,29.683306494900698,17.56575415995706,24.22168545356951,11.849168008588299,5.924584004294149,4.300858829844337,5.709876543209877,0.5166398282340311,0.2281266774020397
181,29.817498658078367,17.54562533548041,24.12104133118626,11.849168008588299,5.924584004294149,4.300858829844337,5.6964573268921095,0.5166398282340311,0.2281266774020397
182,30.08588298443371,17.51207729468599,23.96672034353194,11.829039184111648,5.924584004294149,4.300858829844337,5.636070853462158,0.5166398282340311,0.2281266774020397
183,28.428609769189478,16.223832528180353,29.20692431561997,11.325818572195384,4.904723564143854,4.106280193236715,5.059044551798175,0.5166398282340311,0.2281266774020397
184,28.556092324208265,16.223832528180353,29.106280193236714,11.312399355877616,4.891304347826087,4.106280193236715,5.059044551798175,0.5166398282340311,0.2281266774020397
185,28.529253891572733,16.223832528180353,29.05931293612453,11.29898013955985,4.891304347826087,4.0995705850778315,5.152979066022544,0.5166398282340311,0.2281266774020397
186,28.75738056897477,16.14331723027375,28.965378421900162,11.09098228663446,4.891304347826087,4.260601180891036,5.146269457863661,0.5166398282340311,0.2281266774020397
187,28.985507246376812,16.10305958132045,28.951959205582394,11.023886205045626,4.864465915190553,4.260601180891036,5.065754159957058,0.5166398282340311,0.2281266774020397
188,29.106280193236714,16.056092324208265,28.864734299516908,11.023886205045626,4.864465915190553,4.2270531400966185,5.112721417069243,0.5166398282340311,0.2281266774020397
189,29.180085882984432,16.035963499731615,28.85131508319914,10.983628556092324,4.864465915190553,4.2270531400966185,5.112721417069243,0.5166398282340311,0.2281266774020397
190,29.69001610305958,15.98899624261943,28.56280193236715,10.896403650026839,4.864465915190553,4.17337627482555,5.0791733762748255,0.5166398282340311,0.2281266774020397
191,29.736983360171767,15.955448201825014,28.56280193236715,10.896403650026839,4.864465915190553,4.166666666666667,5.0791733762748255,0.5166398282340311,0.2214170692431562
192,30.02549651100376,15.955448201825014,28.522544283413847,10.782340311325818,4.864465915190553,4.166666666666667,4.944981213097155,0.5166398282340311,0.2214170692431562
193,30.099302200751477,15.908480944712828,28.31454643048846,11.057434245840042,4.770531400966184,4.166666666666667,4.944981213097155,0.5166398282340311,0.2214170692431562
194,30.173107890499196,15.908480944712828,28.247450348899623,11.05072463768116,4.770531400966184,4.166666666666667,4.944981213097155,0.5166398282340311,0.2214170692431562
195,30.06575415995706,15.042941492216855,28.153515834675254,11.05072463768116,4.723564143853999,5.280461621041331,4.944981213097155,0.5166398282340311,0.2214170692431562
196,30.20665593129361,15.03623188405797,27.979066022544284,11.030595813204508,4.918142780461621,5.24020397208803,4.851046698872786,0.5166398282340311,0.2214170692431562
197,30.293880837359097,14.99597423510467,27.932098765432098,11.030595813204508,4.918142780461621,5.24020397208803,4.851046698872786,0.5166398282340311,0.2214170692431562
198,30.394524959742352,14.982555018786902,27.717391304347824,11.003757380568974,4.904723564143854,5.407944176060118,4.851046698872786,0.5166398282340311,0.2214170692431562
199,30.64278046162104,14.888620504562533,27.482555018786904,10.970209339774557,4.904723564143854,5.522007514761138,4.851046698872786,0.5166398282340311,0.2214170692431562
200,30.656199677938808,14.888620504562533,27.482555018786904,10.970209339774557,4.891304347826087,5.522007514761138,4.851046698872786,0.5166398282340311,0.2214170692431562
201,30.877616747181964,14.861782071927,27.42216854535695,10.970209339774557,4.7638217928073,5.522007514761138,4.8443370907139025,0.5166398282340311,0.2214170692431562
202,31.031937734836287,14.774557165861514,27.395330112721417,10.849436392914654,4.7638217928073,5.60252281266774,4.8443370907139025,0.5166398282340311,0.2214170692431562
203,31.04535695115405,14.761137949543746,27.395330112721417,10.849436392914654,4.7638217928073,5.60252281266774,4.8443370907139025,0.5166398282340311,0.2214170692431562
204,31.367418142780462,14.727589908749328,27.194041867954912,10.84272678475577,4.7638217928073,5.60252281266774,4.7638217928073,0.5166398282340311,0.2214170692431562
205,31.468062265163713,14.727589908749328,27.167203435319376,10.768921095008052,4.7638217928073,5.60252281266774,4.7638217928073,0.5166398282340311,0.2214170692431562
206,31.468062265163713,14.398819108964037,28.06629092860977,10.547504025764896,4.7638217928073,5.253623188405797,4.7638217928073,0.5166398282340311,0.2214170692431562
207,31.447933440687063,14.358561460010735,27.583199141170155,10.453569511540525,4.7638217928073,5.891035963499732,4.7638217928073,0.5166398282340311,0.2214170692431562
208,31.54186795491143,14.2914653784219,27.583199141170155,10.453569511540525,4.750402576489533,5.877616747181965,4.7638217928073,0.5166398282340311,0.2214170692431562
209,31.676060118089104,14.204240472356414,27.556360708534623,10.453569511540525,4.750402576489533,5.864197530864198,4.757112184648417,0.5166398282340311,0.2214170692431562
210,31.729736983360173,14.15727321524423,27.47584541062802,10.950080515297907,4.582662372517445,5.642780461621041,4.723564143853999,0.5166398282340311,0.2214170692431562
211,31.870638754696724,14.103596349973161,27.395330112721417,10.950080515297907,4.582662372517445,5.642780461621041,4.7168545356951155,0.5166398282340311,0.2214170692431562
212,31.910896403650028,14.076757917337627,27.395330112721417,10.93666129898014,4.582662372517445,5.642780461621041,4.7168545356951155,0.5166398282340311,0.2214170692431562
213,31.91760601180891,13.962694578636608,27.355072463768117,10.93666129898014,4.730273752012883,5.642780461621041,4.7168545356951155,0.5166398282340311,0.2214170692431562
214,32.17928073000537,13.962694578636608,27.113526570048307,10.896403650026839,4.7101449275362315,5.60252281266774,4.797369833601718,0.5166398282340311,0.2214170692431562
215,32.2866344605475,13.493022007514762,26.8317230273752,11.748523886205046,4.602791196994096,5.562265163714439,4.736983360171766,0.5166398282340311,0.2214170692431562
216,32.44095544820183,13.39237788513151,26.818303811057433,11.735104669887278,4.602791196994096,5.535426731078905,4.736983360171766,0.5166398282340311,0.2214170692431562
217,32.55501878690284,13.365539452495975,26.757917337627482,11.735104669887278,4.602791196994096,5.535426731078905,4.7101449275362315,0.5166398282340311,0.2214170692431562
218,32.44095544820183,12.734836285560924,26.717659688674182,11.735104669887278,4.602791196994096,6.333870101986044,4.696725711218465,0.5166398282340311,0.2214170692431562
219,32.018250134192165,12.701288244766506,27.469135802469136,11.600912506709609,4.49543746645196,6.333870101986044,4.643048845947397,0.5166398282340311,0.2214170692431562
220,32.2866344605475,12.701288244766506,27.220880300590444,11.580783682232958,4.49543746645196,6.333870101986044,4.643048845947397,0.5166398282340311,0.2214170692431562
221,32.51476113794954,12.701288244766506,27.160493827160494,11.580783682232958,4.42163177670424,6.300322061191626,4.582662372517445,0.5166398282340311,0.2214170692431562
222,32.56172839506173,12.701288244766506,27.126945786366075,11.580783682232958,4.42163177670424,6.300322061191626,4.569243156199678,0.5166398282340311,0.2214170692431562
223,32.59527643585615,12.674449812130971,27.059849704777243,11.54723564143854,4.42163177670424,6.300322061191626,4.569243156199678,0.6105743424584005,0.2214170692431562
224,32.648953301127214,12.647611379495437,26.94578636607622,11.54723564143854,4.394793344068707,6.300322061191626,4.683306494900698,0.6105743424584005,0.2214170692431562
225,32.809983896940416,12.607353730542137,26.94578636607622,11.520397208803006,4.367954911433173,6.300322061191626,4.616210413311863,0.6105743424584005,0.2214170692431562
226,33.091787439613526,12.439613526570048,26.912238325281802,11.439881910896403,4.367954911433173,6.300322061191626,4.616210413311863,0.6105743424584005,0.2214170692431562
227,33.2259796027912,12.419484702093397,26.818303811057433,11.43317230273752,4.367954911433173,6.300322061191626,4.602791196994096,0.6105743424584005,0.2214170692431562
228,33.51449275362319,12.419484702093397,26.556629092860977,11.265432098765432,4.3478260869565215,6.286902844873859,4.562533548040794,0.7045088566827697,0.3421900161030596
229,33.63526570048309,12.419484702093397,26.44927536231884,11.252012882447666,4.3478260869565215,6.286902844873859,4.562533548040794,0.7045088566827697,0.3421900161030596
230,33.69565217391305,12.419484702093397,26.44927536231884,11.211755233494364,4.3478260869565215,6.280193236714976,4.549114331723027,0.7045088566827697,0.3421900161030596
231,33.85668276972625,11.842458400429415,26.402308105206657,11.131239935587761,4.26731078904992,6.984702093397746,4.468599033816425,0.7045088566827697,0.3421900161030596
232,34.05126140633387,11.79549114331723,26.25469672571122,11.131239935587761,4.26731078904992,6.984702093397746,4.468599033816425,0.7045088566827697,0.3421900161030596
233,34.10493827160494,11.77536231884058,26.221148684916802,11.131239935587761,4.26731078904992,6.984702093397746,4.468599033816425,0.7045088566827697,0.3421900161030596
234,34.19216317767042,11.761943102522812,26.154052603327965,11.124530327428879,4.26731078904992,6.984702093397746,4.468599033816425,0.7045088566827697,0.3421900161030596
235,34.31964573268921,11.75523349436393,26.039989264626946,11.117820719269995,4.26731078904992,6.984702093397746,4.468599033816425,0.7045088566827697,0.3421900161030596
236,34.40016103059581,11.748523886205046,25.986312399355878,11.117820719269995,4.247181964573269,6.984702093397746,4.468599033816425,0.7045088566827697,0.3421900161030596
237,34.50080515297907,11.748523886205046,25.89908749329039,11.117820719269995,4.240472356414386,6.977992485238862,4.468599033816425,0.7045088566827697,0.3421900161030596
238,34.675254965110035,11.674718196457327,25.670960815888353,11.151368760064413,4.240472356414386,6.957863660762212,4.468599033816425,0.8185721953837896,0.3421900161030596
239,34.836285560923244,11.627750939345143,25.563607085346217,11.151368760064413,4.233762748255502,6.957863660762212,4.468599033816425,0.8185721953837896,0.3421900161030596
240,35.02415458937198,11.621041331186259,25.348899624261943,11.151368760064413,4.280730005367687,6.957863660762212,4.455179817498658,0.8185721953837896,0.3421900161030596
241,35.138217928073,11.574074074074074,25.281803542673106,11.151368760064413,4.280730005367687,6.957863660762212,4.455179817498658,0.8185721953837896,0.3421900161030596
242,35.50053676865271,11.56736446591519,24.9597423510467,11.16478797638218,4.180085882984434,7.092055823939882,4.374664519592056,0.8185721953837896,0.3421900161030596
243,35.601180891035966,11.654589371980677,24.90606548577563,11.084272678475577,4.180085882984434,7.0383789586688135,4.374664519592056,0.8185721953837896,0.3421900161030596
244,35.74208266237252,11.513687600644122,24.90606548577563,11.084272678475577,4.180085882984434,7.0383789586688135,4.374664519592056,0.8185721953837896,0.3421900161030596
245,35.71524422973698,11.621041331186259,24.805421363392377,11.084272678475577,4.119699409554482,7.0383789586688135,4.367954911433173,0.9057971014492754,0.3421900161030596
246,35.81588835212023,11.621041331186259,24.745034889962426,11.044015029522276,4.119699409554482,7.0383789586688135,4.367954911433173,0.9057971014492754,0.3421900161030596
247,35.909822866344605,11.621041331186259,24.745034889962426,10.997047772410092,4.119699409554482,7.0383789586688135,4.320987654320987,0.9057971014492754,0.3421900161030596
248,36.08427267847558,11.58749329039184,24.63768115942029,10.997047772410092,4.045893719806763,7.078636607622115,4.320987654320987,0.9057971014492754,0.3421900161030596
249,36.12453032742888,11.58749329039184,24.59742351046699,10.997047772410092,4.045893719806763,7.078636607622115,4.320987654320987,0.9057971014492754,0.3421900161030596
250,36.191626409017715,11.513687600644122,24.550456253354803,10.950080515297907,4.032474503488996,7.058507783145465,4.320987654320987,1.0399892646269457,0.3421900161030596
251,36.198336017176594,11.506977992485238,24.550456253354803,10.950080515297907,4.032474503488996,7.058507783145465,4.320987654320987,1.0399892646269457,0.3421900161030596
252,36.33923778851315,11.473429951690822,24.48336017176597,10.943370907139023,4.032474503488996,7.03166935050993,4.314278046162104,1.0399892646269457,0.3421900161030596
253,36.43317230273752,11.460010735373054,24.329039184111647,11.044015029522276,4.032474503488996,7.004830917874396,4.314278046162104,1.0399892646269457,0.3421900161030596
254,36.594202898550726,11.439881910896403,24.261943102522814,10.970209339774557,4.032474503488996,7.004830917874396,4.314278046162104,1.0399892646269457,0.3421900161030596
255,36.70155662909286,11.439881910896403,24.261943102522814,10.889694041867955,4.032474503488996,6.977992485238862,4.314278046162104,1.0399892646269457,0.3421900161030596
256,36.70826623725174,11.439881910896403,24.188137412775095,10.889694041867955,4.032474503488996,6.977992485238862,4.300858829844337,1.1205045625335481,0.3421900161030596
257,36.782071926999464,11.439881910896403,24.12775093934514,10.876274825550189,4.032474503488996,6.977992485238862,4.300858829844337,1.1205045625335481,0.3421900161030596
258,36.82903918411165,11.43317230273752,24.053945249597422,10.809178743961352,4.032474503488996,7.112184648416532,4.26731078904992,1.1205045625335481,0.3421900161030596
259,36.822329575952764,11.426462694578637,23.960010735373054,10.809178743961352,4.032474503488996,7.112184648416532,4.374664519592056,1.1205045625335481,0.3421900161030596
260,37.01690821256039,11.41304347826087,23.691626409017715,10.795759527643586,4.005636070853462,7.112184648416532,4.502147074610843,1.1205045625335481,0.3421900161030596
261,37.124261943102525,11.41304347826087,23.58427267847558,10.795759527643586,4.005636070853462,7.112184648416532,4.502147074610843,1.1205045625335481,0.3421900161030596
262,37.27187332259796,11.386205045625335,23.523886205045624,10.735373054213634,4.005636070853462,7.112184648416532,4.502147074610843,1.1205045625335481,0.3421900161030596
263,37.39935587761675,11.3593666129898,23.309178743961354,10.661567364465915,4.005636070853462,7.239667203435319,4.502147074610843,1.1876006441223832,0.33548040794417605
264,37.506709608158886,11.312399355877616,23.17498658078368,10.63472893183038,4.005636070853462,7.340311325818572,4.502147074610843,1.1876006441223832,0.33548040794417605
265,37.64090177133655,11.18491680085883,23.101180891035963,10.61460010735373,4.146537842190016,7.286634460547504,4.502147074610843,1.1876006441223832,0.33548040794417605
266,37.80193236714976,11.158078368223295,23.047504025764894,10.59447128287708,4.146537842190016,7.226247987117552,4.502147074610843,1.1876006441223832,0.33548040794417605
267,37.98309178743961,11.003757380568974,22.6784755770263,11.003757380568974,4.0995705850778315,7.219538378958669,4.488727858293076,1.1876006441223832,0.33548040794417605
268,38.238056897477186,10.82259796027912,22.644927536231883,11.044015029522276,4.03918411164788,7.266505636070853,4.435050993022007,1.1876006441223832,0.322061191626409
269,38.405797101449274,10.795759527643586,22.644927536231883,11.044015029522276,4.03918411164788,7.139023081052066,4.42163177670424,1.1876006441223832,0.322061191626409
270,38.43263553408481,10.795759527643586,22.61808910359635,11.044015029522276,4.03918411164788,7.139023081052066,4.42163177670424,1.1876006441223832,0.322061191626409
