,45,50,51,53,54,55,52,57,56,58,59
0,100.0,,,,,,,,,,
1,99.89264626945787,0.10735373054213634,,,,,,,,,
2,96.7055823939882,3.294417606011809,,,,,,,,,
3,96.4975845410628,3.502415458937198,,,,,,,,,
4,96.27616747181965,3.7238325281803544,,,,,,,,,
5,96.31642512077295,3.683574879227053,,,,,,,,,
6,91.3714439076758,8.628556092324208,,,,,,,,,
7,91.3714439076758,8.561460010735374,0.06709608158883522,,,,,,,,
8,88.54669887278583,11.386205045625335,0.06709608158883522,,,,,,,,
9,84.91009125067096,15.022812667740205,0.06709608158883522,,,,,,,,
10,84.76247987117553,15.170424047235642,0.06709608158883522,,,,,,,,
11,84.77589908749329,15.157004830917874,0.06709608158883522,,,,,,,,
12,84.64170692431561,15.291196994095545,0.06709608158883522,,,,,,,,
13,82.43424584004295,17.498658078368223,0.06709608158883522,,,,,,,,
14,80.19323671497584,17.14975845410628,2.657004830917874,,,,,,,,
15,80.07246376811594,17.12962962962963,2.657004830917874,0.14090177133655393,,,,,,,
16,79.8040794417606,17.418142780461622,2.636876006441224,0.14090177133655393,,,,,,,
17,79.73027375201288,17.49194847020934,2.636876006441224,0.14090177133655393,,,,,,,
18,79.56253354804079,17.538915727321523,2.757648953301127,0.14090177133655393,,,,,,,
19,79.03918411164788,17.881105743424584,2.757648953301127,0.14090177133655393,0.18115942028985507,,,,,,
20,74.16129898013956,20.095276435856146,5.2066559312936125,0.14090177133655393,0.39586688137412773,,,,,,
21,74.02710681696189,20.229468599033815,5.2066559312936125,0.14090177133655393,0.39586688137412773,,,,,,
22,70.20933977455717,25.174449812130973,4.079441760601181,0.14090177133655393,0.39586688137412773,,,,,,
23,69.94095544820182,25.44283413848631,4.079441760601181,0.14090177133655393,0.39586688137412773,,,,,,
24,68.3641975308642,27.053140096618357,4.045893719806763,0.14090177133655393,0.39586688137412773,,,,,,
25,68.12265163714439,27.30810520665593,4.032474503488996,0.14090177133655393,0.39586688137412773,,,,,,
26,49.24852388620504,48.54401502952228,1.6706924315619969,0.14090177133655393,0.39586688137412773,,,,,,
27,48.75872249060655,47.80595813204509,2.898550724637681,0.14090177133655393,0.39586688137412773,,,,,,
28,48.65807836822329,46.24932903918411,2.898550724637681,0.14090177133655393,2.0531400966183573,,,,,,
29,48.66478797638218,42.62614063338701,2.898550724637681,0.20128824476650564,5.609232420826624,,,,,,
30,46.282877079978526,45.02147074610843,2.898550724637681,0.20128824476650564,5.595813204508857,,,,,,
31,46.2157809983897,45.088566827697264,2.898550724637681,0.20128824476650564,5.595813204508857,,,,,,
32,43.84728931830381,47.457058507783145,2.898550724637681,0.20128824476650564,5.595813204508857,,,,,,
33,43.92109500805153,47.38325281803543,2.898550724637681,0.20128824476650564,5.595813204508857,,,,,,
34,43.934514224369295,47.36983360171766,2.898550724637681,0.20128824476650564,5.595813204508857,,,,,,
35,42.1833064949007,49.121041331186255,2.898550724637681,0.20128824476650564,5.595813204508857,,,,,,
36,42.129629629629626,48.98684916800859,3.0595813204508855,0.2281266774020397,5.595813204508857,,,,,,
37,41.90150295222759,49.14117015566291,3.0595813204508855,0.2281266774020397,5.595813204508857,0.07380568974771873,,,,,
38,38.419216317767045,49.52361782071927,5.877616747181965,0.5099302200751477,5.595813204508857,0.07380568974771873,,,,,
39,36.37949543746645,51.41572732152442,5.877616747181965,0.644122383252818,5.381105743424584,0.30193236714975846,,,,,
40,36.513687600644126,51.281535158346756,5.877616747181965,0.644122383252818,5.381105743424584,0.30193236714975846,,,,,
41,36.553945249597426,49.75845410628019,5.877616747181965,2.147074610842727,5.360976918947934,0.30193236714975846,,,,,
42,36.72168545356951,49.604133118625874,5.864197530864198,2.147074610842727,5.360976918947934,0.30193236714975846,,,,,
43,35.32608695652174,47.45034889962426,5.394524959742351,1.0466988727858293,5.320719269994632,0.30193236714975846,5.159688674181428,,,,
44,35.299248523886206,47.08132045088567,5.394524959742351,2.0665593129361244,4.696725711218465,0.30193236714975846,5.159688674181428,,,,
45,35.30595813204509,47.074610842726784,5.394524959742351,2.0665593129361244,4.696725711218465,0.30193236714975846,5.159688674181428,,,,
46,35.34621578099839,43.71309715512614,5.394524959742351,2.046430488459474,4.824208266237251,0.30193236714975846,8.3064949006978,0.06709608158883522,,,
47,34.48067632850242,41.19028448738594,5.394524959742351,5.542136339237788,4.824208266237251,0.2281266774020397,8.272946859903382,0.06709608158883522,,,
48,34.25925925925926,40.22410091250671,12.97638217928073,5.152979066022544,2.898550724637681,0.2281266774020397,4.260601180891036,,,,
49,34.252549651100374,40.29119699409554,12.97638217928073,5.0993022007514766,2.8918411164787976,0.2281266774020397,4.260601180891036,,,,
50,33.44739667203435,41.116478797638216,12.97638217928073,5.0993022007514766,2.871712292002147,0.2281266774020397,4.260601180891036,,,,
51,33.52791196994095,41.0829307568438,12.942834138486312,5.0993022007514766,2.85829307568438,0.2281266774020397,4.260601180891036,,,,
52,32.306763285024154,31.44122383252818,31.219806763285025,1.42914653784219,1.6304347826086956,0.08722490606548577,1.751207729468599,,0.13419216317767044,,
53,31.54186795491143,32.1658615136876,30.595813204508858,1.42914653784219,1.6304347826086956,0.08722490606548577,1.7981749865807837,,0.7514761137949544,,
54,31.528448738593667,32.13231347289318,30.595813204508858,1.42914653784219,1.6774020397208802,0.08722490606548577,1.7981749865807837,,0.7514761137949544,,
55,31.407675791733762,32.15244229736983,27.80461621041331,1.42914653784219,1.6774020397208802,0.08722490606548577,5.314009661835748,,0.1274825550187869,,
56,31.407675791733762,29.03918411164788,27.690552871712292,1.42914653784219,1.3217928073000538,0.08722490606548577,8.896940418679549,,0.1274825550187869,,
57,23.879495437466453,40.022812667740205,24.84567901234568,1.0466988727858293,1.1406333870101986,0.08722490606548577,8.849973161567364,,0.1274825550187869,,
58,20.034889962426195,44.06199677938808,24.818840579710145,0.9057971014492754,1.1406333870101986,0.08722490606548577,8.82313472893183,,0.1274825550187869,,
59,20.209339774557165,44.06199677938808,24.805421363392377,0.9057971014492754,1.1406333870101986,0.08722490606548577,8.662104133118627,,0.1274825550187869,,
60,18.773483628556093,42.68652710681696,27.65029522275899,0.9057971014492754,1.1406333870101986,0.05367686527106817,8.662104133118627,,0.1274825550187869,,
61,18.78690284487386,42.673107890499196,27.65029522275899,0.9057971014492754,1.1406333870101986,0.05367686527106817,8.662104133118627,,0.1274825550187869,,
62,18.84728931830381,42.62614063338701,27.15378421900161,0.9057971014492754,1.1406333870101986,0.5367686527106817,8.662104133118627,,0.1274825550187869,,
63,18.874127750939344,39.74771873322598,26.92565754159957,0.9057971014492754,3.878153515834675,0.8789586688137413,8.662104133118627,,0.1274825550187869,,
64,17.45169082125604,41.17015566290929,26.92565754159957,0.9057971014492754,3.878153515834675,0.8789586688137413,8.662104133118627,,0.1274825550187869,,
65,17.579173376274827,41.1231884057971,26.637144390767578,0.9057971014492754,3.878153515834675,1.0064412238325282,8.601717659688674,,0.2683843263553409,,
66,17.619431025228128,41.06951154052604,26.42914653784219,0.9057971014492754,3.878153515834675,1.0064412238325282,8.601717659688674,,0.48980139559849706,,
67,17.713365539452496,40.88835212023618,26.33521202361782,0.9057971014492754,3.1736446591519054,1.0064412238325282,9.219001610305957,,0.7581857219538379,,
68,17.827428878153516,40.727321524422976,26.29495437466452,0.8789586688137413,3.1736446591519054,1.1205045625335481,9.219001610305957,,0.7581857219538379,,
69,18.02200751476114,40.17713365539453,26.710950080515296,0.8252818035426731,3.2541599570585076,0.9326355340848095,9.245840042941492,,0.8319914117015567,,
70,17.995169082125603,39.982555018786904,26.650563607085346,0.8252818035426731,3.227321524422974,1.247987117552335,9.23913043478261,,0.8319914117015567,,
71,18.04213633923779,39.95571658615137,26.630434782608695,0.8252818035426731,3.227321524422974,1.247987117552335,9.23913043478261,,0.8319914117015567,,
72,18.08239398819109,39.734299516908216,24.765163714439076,1.1272141706924315,3.227321524422974,2.9924852388620504,9.23913043478261,,0.8319914117015567,,
73,18.02871712292002,37.23832528180354,24.731615673644658,1.1272141706924315,3.227321524422974,2.9924852388620504,11.822329575952764,,0.8319914117015567,,
74,18.10252281266774,36.85587761674718,24.704777241009126,1.4962426194310252,3.193773483628556,2.9924852388620504,11.822329575952764,,0.8319914117015567,,
75,18.136070853462158,36.842458400429415,24.60413311862587,1.4962426194310252,3.166935050993022,2.9924852388620504,11.929683306494901,,0.8319914117015567,,
76,16.6935050993022,38.33870101986044,24.550456253354803,1.4962426194310252,3.166935050993022,2.9924852388620504,11.56736446591519,0.36231884057971014,0.8319914117015567,,
77,14.9020397208803,33.1857219538379,35.628019323671495,0.9728931830381106,3.066290928609769,2.9924852388620504,8.440687063875469,0.30864197530864196,0.5032206119162641,,
78,14.546430488459475,32.68250134192163,33.742619431025226,0.9728931830381106,3.0595813204508855,2.0263016639828235,12.218196457326892,0.30864197530864196,0.4428341384863124,,
79,14.170692431561998,34.594739667203434,31.95115405260333,0.9728931830381106,3.0595813204508855,2.0263016639828235,12.486580783682234,0.30864197530864196,0.4294149221685454,,
80,14.38539989264627,34.272678475577024,31.924315619967793,0.9728931830381106,3.0595813204508855,2.1806226516371443,12.466451959205582,0.30864197530864196,0.4294149221685454,,
81,14.465915190552872,34.12506709608159,30.877616747181964,2.006172839506173,3.0595813204508855,2.2611379495437465,12.466451959205582,0.30864197530864196,0.4294149221685454,,
82,14.49946323134729,34.11835748792271,30.877616747181964,2.006172839506173,3.0595813204508855,2.2611379495437465,12.439613526570048,0.30864197530864196,0.4294149221685454,,
83,14.707461084272678,34.09822866344606,30.817230273752013,1.9927536231884058,3.0595813204508855,2.227589908749329,12.359098228663447,0.30864197530864196,0.4294149221685454,,
84,14.76784755770263,34.05126140633387,30.817230273752013,1.9927536231884058,3.0595813204508855,2.227589908749329,12.345679012345679,0.30864197530864196,0.4294149221685454,,
85,14.573268921095009,31.82367149758454,31.655931293612454,1.892109500805153,4.770531400966184,2.227589908749329,12.258454106280194,0.30864197530864196,0.48980139559849706,,
86,14.707461084272678,31.756575415995705,31.622383252818036,1.892109500805153,4.750402576489533,2.227589908749329,12.245034889962426,0.30864197530864196,0.48980139559849706,,
87,14.727589908749328,31.796833064949006,31.42109500805153,1.892109500805153,4.74369296833065,2.227589908749329,12.23161567364466,0.30864197530864196,0.6508319914117016,,
88,12.493290391841116,31.28690284487386,29.05931293612453,1.737788513150832,4.74369296833065,2.462426194310252,17.290660225442835,0.30864197530864196,0.6172839506172839,,
89,12.634192163177671,31.273483628556093,28.978797638217927,1.737788513150832,4.74369296833065,2.462426194310252,17.24369296833065,0.30864197530864196,0.6172839506172839,,
90,12.76838432635534,31.226516371443907,28.931830381105744,1.737788513150832,4.7168545356951155,2.462426194310252,17.24369296833065,0.2952227589908749,0.6172839506172839,,
91,12.835480407944177,31.199677938808374,28.891572732152444,1.737788513150832,4.7168545356951155,2.462426194310252,17.24369296833065,0.2952227589908749,0.6172839506172839,,
92,13.009930220075148,29.32769726247987,28.77750939345142,3.656736446591519,4.656468062265164,2.462426194310252,17.21014492753623,0.28180354267310787,0.6172839506172839,,
93,12.875738056897477,29.13311862587225,28.556092324208265,4.206924315619967,4.656468062265164,2.462426194310252,17.21014492753623,0.28180354267310787,0.6172839506172839,,
94,12.962962962962964,29.066022544283413,28.462157809983896,4.206924315619967,4.656468062265164,2.6033279656468062,17.06924315619968,0.28180354267310787,0.6910896403650026,,
95,12.99651100375738,29.066022544283413,28.428609769189478,4.206924315619967,4.656468062265164,2.6033279656468062,17.06924315619968,0.28180354267310787,0.6910896403650026,,
96,13.130703166935051,28.019323671497585,28.428609769189478,4.4753086419753085,4.542404723564144,2.49597423510467,17.934782608695652,0.28180354267310787,0.6910896403650026,,
97,13.251476113794954,27.905260332796566,28.052871712292003,7.75630703166935,4.542404723564144,1.8719806763285025,15.646806226516372,0.28180354267310787,0.6910896403650026,,
98,13.278314546430488,27.81803542673108,27.932098765432098,7.675791733762749,4.542404723564144,1.9524959742351047,15.707192699946322,0.28180354267310787,0.8118625872249061,,
99,13.43263553408481,27.70397208803006,27.697262479871174,7.434245840042942,5.018786902844874,1.9524959742351047,15.666935050993022,0.28180354267310787,0.8118625872249061,,
100,13.560118089103597,27.697262479871174,27.63016639828234,7.434245840042942,5.018786902844874,1.9524959742351047,15.613258185721953,0.28180354267310787,0.8118625872249061,,
101,13.687600644122384,27.677133655394524,27.536231884057973,7.380568974771873,5.018786902844874,1.9524959742351047,15.613258185721953,0.28180354267310787,0.8521202361782072,,
102,13.741277509393452,27.576489533011273,27.509393451422437,7.367149758454106,5.12614063338701,1.9524959742351047,15.593129361245303,0.28180354267310787,0.8521202361782072,,
103,13.808373590982287,27.529522275899087,27.395330112721417,7.367149758454106,5.112721417069243,1.9524959742351047,15.579710144927537,0.28180354267310787,0.9728931830381106,,
104,13.620504562533547,26.650563607085346,28.388352120236178,6.112453032742888,5.112721417069243,3.3011272141706924,15.559581320450885,0.28180354267310787,0.9728931830381106,,
105,13.727858293075684,26.650563607085346,28.25415995705851,6.099033816425121,5.112721417069243,3.3011272141706924,15.539452495974235,0.23483628556092323,1.0802469135802468,,
106,13.768115942028986,26.623725174449813,28.25415995705851,6.099033816425121,5.10601180891036,3.3011272141706924,15.539452495974235,0.23483628556092323,1.0735373054213635,,
107,13.83521202361782,26.54320987654321,27.851583467525497,6.099033816425121,5.233494363929147,3.5628019323671496,15.5126140633387,0.23483628556092323,1.1272141706924315,,
108,13.989533011272142,26.435856146001072,27.83816425120773,6.092324208266238,5.233494363929147,3.6366076221148687,15.411969940955448,0.23483628556092323,1.1272141706924315,,
109,12.00348899624262,39.45920558239399,24.18142780461621,5.58239398819109,5.025496511003757,3.5292538915727323,8.876811594202898,0.23483628556092323,1.107085346215781,,
110,12.030327428878154,39.432367149758456,24.18142780461621,5.448201825013419,5.159688674181428,3.5292538915727323,8.876811594202898,0.23483628556092323,1.107085346215781,,
111,12.13768115942029,39.351851851851855,24.168008588298445,5.448201825013419,5.159688674181428,3.5292538915727323,8.863392377885132,0.23483628556092323,1.107085346215781,,
112,12.238325281803542,39.30488459473967,24.033816425120772,5.448201825013419,5.159688674181428,3.5292538915727323,8.836553945249598,0.23483628556092323,1.2144390767579174,,
113,12.278582930756844,39.20424047235642,23.698336017176597,5.448201825013419,5.132850241545894,3.488996242619431,8.890230810520666,0.30193236714975846,1.556629092860977,,
114,12.453032742887816,39.02308105206656,23.698336017176597,5.58239398819109,5.132850241545894,3.488996242619431,8.890230810520666,0.30193236714975846,1.42914653784219,,
115,12.5402576489533,38.808373590982285,23.68491680085883,5.58239398819109,5.0993022007514766,3.6634460547504024,8.890230810520666,0.30193236714975846,1.42914653784219,,
116,12.607353730542137,38.781535158346756,23.67149758454106,5.58239398819109,5.0993022007514766,3.6366076221148687,8.890230810520666,0.30193236714975846,1.42914653784219,,
117,12.68786902844874,38.707729468599034,23.66478797638218,5.58239398819109,5.0993022007514766,3.6366076221148687,8.890230810520666,0.30193236714975846,1.42914653784219,,
118,12.74825550187869,37.67444981213097,22.926731078904993,5.548845947396672,5.246913580246914,3.5225442834138487,10.7085346215781,0.30193236714975846,1.3217928073000538,,
119,12.781803542673108,37.64761137949544,22.920021470746107,5.548845947396672,5.246913580246914,3.5225442834138487,10.7085346215781,0.30193236714975846,1.3217928073000538,,
120,12.379227053140097,36.42646269457864,26.878690284487387,5.522007514761138,5.233494363929147,3.556092324208266,8.360171765968868,0.30193236714975846,1.3419216317767042,,
121,12.359098228663447,36.3593666129898,26.81159420289855,6.347289318303811,5.199946323134729,3.5091250670960816,7.769726247987117,0.30193236714975846,1.3419216317767042,,
122,12.506709608158884,36.3593666129898,26.704240472356414,6.347289318303811,5.173107890499195,3.5091250670960816,7.75630703166935,0.30193236714975846,1.3419216317767042,,
123,12.587224906065487,36.33923778851315,26.65727321524423,6.333870101986044,5.173107890499195,3.5091250670960816,7.75630703166935,0.30193236714975846,1.3419216317767042,,
124,12.5402576489533,35.21202361782072,25.5300590445518,6.333870101986044,3.9855072463768115,3.5091250670960816,11.520397208803006,0.23483628556092323,1.0064412238325282,0.1274825550187869,
125,12.620772946859903,35.18518518518518,25.523349436392916,6.333870101986044,3.9855072463768115,3.4957058507783145,11.486849168008588,0.23483628556092323,1.0064412238325282,0.1274825550187869,
126,12.634192163177671,35.08454106280193,25.523349436392916,6.3137412775093935,3.978797638217928,3.6097691894793345,11.486849168008588,0.23483628556092323,1.0064412238325282,0.1274825550187869,
127,12.795222758990874,34.19216317767042,25.34219001610306,6.233225979602791,3.978797638217928,3.6097691894793345,12.47987117552335,0.23483628556092323,1.0064412238325282,0.1274825550187869,
128,12.949543746645196,34.15190552871712,23.65136876006441,6.233225979602791,3.9519592055823938,5.273752012882448,12.446323134728932,0.23483628556092323,0.9796027911969941,0.1274825550187869,
129,13.097155126140633,34.05797101449275,23.617820719269993,6.213097155126141,3.9519592055823938,5.273752012882448,12.446323134728932,0.23483628556092323,0.9796027911969941,0.1274825550187869,
130,11.144659151905529,47.68518518518518,17.961621041331185,6.125872249060655,2.7844873859366612,4.3545356951154055,8.977455716586151,0.23483628556092323,0.7112184648416533,0.020128824476650563,
131,11.29898013955985,47.57783145464305,17.92807300053677,6.112453032742888,2.7844873859366612,4.3545356951154055,8.977455716586151,0.23483628556092323,0.7112184648416533,0.020128824476650563,
132,10.339506172839506,45.893719806763286,21.26945786366076,6.105743424584004,2.7777777777777777,4.314278046162104,8.333333333333334,0.23483628556092323,0.7112184648416533,0.020128824476650563,
133,10.352925389157273,45.893719806763286,21.256038647342994,6.105743424584004,2.7777777777777777,4.314278046162104,8.333333333333334,0.23483628556092323,0.7112184648416533,0.020128824476650563,
134,10.332796564680622,45.71256038647343,21.256038647342994,6.239935587761675,2.7777777777777777,4.320987654320987,8.393719806763285,0.23483628556092323,0.7112184648416533,0.020128824476650563,
135,10.238862050456254,44.598765432098766,24.44310252281267,6.239935587761675,2.7509393451422435,4.320987654320987,6.4412238325281805,0.23483628556092323,0.7112184648416533,0.020128824476650563,
136,10.36634460547504,44.558507783145465,24.3894256575416,6.239935587761675,2.7509393451422435,4.320987654320987,6.407675791733762,0.23483628556092323,0.7112184648416533,0.020128824476650563,
137,10.393183038110575,44.524959742351044,23.872785829307567,6.763285024154589,2.7509393451422435,4.320987654320987,6.320450885668277,0.322061191626409,0.7112184648416533,0.020128824476650563,
138,10.473698336017177,44.18276972624799,23.872785829307567,6.763285024154589,2.7442297369833604,4.5893719806763285,6.320450885668277,0.322061191626409,0.7112184648416533,0.020128824476650563,
139,10.63472893183038,44.0955448201825,23.8191089640365,6.763285024154589,2.7442297369833604,4.5893719806763285,6.320450885668277,0.30193236714975846,0.7112184648416533,0.020128824476650563,
140,10.762211486849168,43.887546967257116,23.544015029522274,6.689479334406871,2.918679549114332,4.723564143853999,6.3137412775093935,0.30193236714975846,0.8387010198604401,0.020128824476650563,
141,10.903113258185721,43.78690284487386,23.53059581320451,6.689479334406871,2.918679549114332,4.723564143853999,6.286902844873859,0.30193236714975846,0.8387010198604401,0.020128824476650563,
142,10.889694041867955,43.73322597960279,23.336017176596886,6.655931293612453,2.918679549114332,4.723564143853999,6.286902844873859,0.30193236714975846,1.133923778851315,0.020128824476650563,
143,10.970209339774557,43.70638754696726,23.22866344605475,6.629092860976919,2.8918411164787976,4.723564143853999,6.286902844873859,0.30193236714975846,1.2412775093934514,0.020128824476650563,
144,11.158078368223295,43.68625872249061,23.101180891035963,6.629092860976919,2.8918411164787976,4.7101449275362315,6.260064412238325,0.30193236714975846,1.2412775093934514,0.020128824476650563,
145,11.198336017176597,43.41116478797638,23.081052066559312,6.615673644659152,2.8918411164787976,4.978529253891573,6.260064412238325,0.30193236714975846,1.2412775093934514,0.020128824476650563,
146,11.325818572195384,43.31052066559313,22.12157809983897,6.615673644659152,2.8918411164787976,4.978529253891573,6.260064412238325,0.30193236714975846,2.1739130434782608,0.020128824476650563,
147,11.386205045625335,43.263553408480945,22.000805152979066,6.615673644659152,2.8918411164787976,5.112721417069243,6.260064412238325,0.30193236714975846,2.147074610842727,0.020128824476650563,
148,11.379495437466453,43.162909286097694,21.64519592055824,7.62211486849168,2.8918411164787976,4.911433172302737,6.099033816425121,0.12077294685990338,2.147074610842727,0.020128824476650563,
149,11.808910359634996,42.84084809447128,21.584809447128286,7.615405260332796,2.8918411164787976,4.898013955984971,6.072195383789587,0.12077294685990338,2.147074610842727,0.020128824476650563,
150,11.90955448201825,42.80730005367686,21.531132581857218,7.541599570585078,2.8918411164787976,4.898013955984971,6.025228126677402,0.2281266774020397,2.147074610842727,0.020128824476650563,
151,11.990069779924852,42.7536231884058,21.531132581857218,7.541599570585078,2.8918411164787976,4.898013955984971,6.025228126677402,0.2281266774020397,2.120236178207193,0.020128824476650563,
152,12.030327428878154,42.74020397208803,21.531132581857218,7.541599570585078,2.8784219001610305,4.898013955984971,6.011808910359635,0.2281266774020397,2.120236178207193,0.020128824476650563,
153,12.104133118625873,42.632850241545896,21.34326355340848,7.521470746108427,2.8784219001610305,4.898013955984971,6.011808910359635,0.2281266774020397,2.3617820719269993,0.020128824476650563,
154,11.782071926999464,42.16317767042405,22.73215244229737,7.4208266237251745,2.8784219001610305,4.7638217928073,5.555555555555555,0.2281266774020397,2.4557165861513686,0.020128824476650563,
155,11.849168008588299,40.5931293612453,22.73215244229737,7.4208266237251745,2.8784219001610305,6.239935587761675,5.481749865807837,0.2281266774020397,2.5563607085346214,0.020128824476650563,
156,11.869296833064949,40.57300053676865,22.67176596886742,7.4208266237251745,2.8784219001610305,6.239935587761675,5.481749865807837,0.2281266774020397,2.6167471819645733,0.020128824476650563,
157,11.876006441223833,39.68733225979603,22.67176596886742,7.4208266237251745,2.8784219001610305,7.118894256575416,5.481749865807837,0.2281266774020397,2.6167471819645733,0.020128824476650563,
158,11.969940955448202,39.63365539452496,22.67176596886742,7.340311325818572,2.932098765432099,7.105475040257649,5.481749865807837,0.2281266774020397,2.6167471819645733,0.020128824476650563,
159,12.184648416532475,39.56655931293612,22.430220075147613,7.27992485238862,3.0394524959742353,7.2933440687063875,5.481749865807837,0.2281266774020397,2.475845410628019,0.020128824476650563,
160,12.298711755233494,39.56655931293612,22.430220075147613,7.239667203435319,2.999194847020934,7.266505636070853,5.475040257648954,0.2281266774020397,2.475845410628019,0.020128824476650563,
161,12.030327428878154,39.32501341921632,19.82018250134192,7.226247987117552,2.999194847020934,7.206119162640902,8.548040794417606,0.2281266774020397,2.475845410628019,0.020128824476650563,0.12077294685990338
162,12.084004294149223,39.2914653784219,19.82018250134192,7.212828770799785,2.999194847020934,7.206119162640902,8.541331186258722,0.2281266774020397,2.475845410628019,0.020128824476650563,0.12077294685990338
163,12.117552334943639,39.2914653784219,19.79334406870639,7.212828770799785,2.999194847020934,7.199409554482019,8.541331186258722,0.2281266774020397,2.475845410628019,0.020128824476650563,0.12077294685990338
164,12.265163714439076,39.190821256038646,19.370638754696724,7.212828770799785,2.999194847020934,7.608695652173913,8.53462157809984,0.2281266774020397,2.475845410628019,0.020128824476650563,0.0939345142243693
165,12.338969404186795,38.86205045625336,19.269994632313473,7.098765432098766,3.207192699946323,7.87037037037037,8.53462157809984,0.2281266774020397,2.475845410628019,0.020128824476650563,0.0939345142243693
166,12.432903918411165,38.707729468599034,19.236446591519055,7.024959742351046,3.207192699946323,8.038110574342458,8.53462157809984,0.2281266774020397,2.475845410628019,0.020128824476650563,0.0939345142243693
167,12.560386473429952,38.539989264626946,19.196188942565755,7.024959742351046,3.207192699946323,8.145464304884594,8.53462157809984,0.2281266774020397,2.4490069779924855,0.020128824476650563,0.0939345142243693
168,12.607353730542137,38.539989264626946,19.182769726247987,7.024959742351046,3.207192699946323,8.145464304884594,8.53462157809984,0.2281266774020397,2.4154589371980677,0.020128824476650563,0.0939345142243693
169,12.5,37.3792270531401,19.182769726247987,7.024959742351046,3.207192699946323,9.380032206119163,8.568169618894256,0.2281266774020397,2.4154589371980677,0.020128824476650563,0.0939345142243693
170,12.714707461084272,37.31213097155126,19.14922168545357,7.011540526033279,3.207192699946323,9.380032206119163,8.467525496511003,0.2281266774020397,2.4154589371980677,0.020128824476650563,0.0939345142243693
171,12.775093934514224,37.32555018786903,19.11567364465915,6.984702093397746,3.207192699946323,9.373322597960279,8.460815888352121,0.2281266774020397,2.4154589371980677,0.020128824476650563,0.0939345142243693
172,12.889157273215245,37.15780998389694,18.894256575415994,6.984702093397746,3.1736446591519054,9.460547504025765,8.447396672034353,0.322061191626409,2.5563607085346214,0.020128824476650563,0.0939345142243693
173,13.123993558776167,37.124261943102525,18.739935587761675,6.971282877079979,3.1736446591519054,9.460547504025765,8.413848631239935,0.322061191626409,2.5563607085346214,0.020128824476650563,0.0939345142243693
174,13.170960815888352,37.124261943102525,18.71309715512614,6.971282877079979,3.1736446591519054,9.460547504025765,8.393719806763285,0.322061191626409,2.5563607085346214,0.020128824476650563,0.0939345142243693
175,13.24476650563607,37.11084272678475,18.65271068169619,6.971282877079979,3.1736446591519054,9.460547504025765,8.393719806763285,0.322061191626409,2.5563607085346214,0.020128824476650563,0.0939345142243693
176,13.285024154589372,37.104133118625874,18.632581857219538,6.971282877079979,3.1602254428341383,9.460547504025765,8.393719806763285,0.322061191626409,2.5563607085346214,0.020128824476650563,0.0939345142243693
177,13.399087493290391,37.01690821256039,18.55877616747182,6.971282877079979,3.1602254428341383,9.420289855072463,8.393719806763285,0.322061191626409,2.6435856146001075,0.020128824476650563,0.0939345142243693
178,13.499731615673644,36.97665056360709,18.511808910359633,6.91760601180891,3.1602254428341383,9.420289855072463,7.9039184111647875,0.322061191626409,3.1736446591519054,0.020128824476650563,0.0939345142243693
179,13.593666129898015,36.902844873859365,18.47826086956522,6.904186795491143,3.1602254428341383,9.406870638754697,7.897208803005904,0.36902844873859364,3.1736446591519054,0.020128824476650563,0.0939345142243693
180,13.66076221148685,36.882716049382715,18.471551261406333,6.890767579173376,3.1535158346752548,9.386741814278047,7.897208803005904,0.36902844873859364,3.1736446591519054,0.020128824476650563,0.0939345142243693
181,13.687600644122384,36.882716049382715,18.471551261406333,6.890767579173376,3.1535158346752548,9.359903381642512,7.897208803005904,0.36902844873859364,3.1736446591519054,0.020128824476650563,0.0939345142243693
182,13.58695652173913,35.87627482555019,18.471551261406333,8.507783145464305,2.7509393451422435,9.292807300053678,7.87037037037037,0.36902844873859364,3.1736446591519054,0.020128824476650563,0.08051529790660225
183,13.654052603327965,35.83601717659689,18.4447128287708,8.507783145464305,2.7509393451422435,9.292807300053678,7.87037037037037,0.36902844873859364,3.1736446591519054,0.020128824476650563,0.08051529790660225
184,13.7211486849168,35.65485775630703,18.417874396135264,8.454106280193237,3.026033279656468,9.27938808373591,7.87037037037037,0.36902844873859364,3.1065485775630703,0.020128824476650563,0.08051529790660225
185,13.741277509393452,35.648148148148145,18.417874396135264,8.454106280193237,3.026033279656468,9.265968867418144,7.87037037037037,0.36902844873859364,3.1065485775630703,0.020128824476650563,0.08051529790660225
186,13.774825550187868,34.957058507783145,18.397745571658614,8.454106280193237,3.026033279656468,9.98389694041868,7.843531937734836,0.36902844873859364,3.0931293612453032,0.020128824476650563,0.08051529790660225
187,13.781535158346752,34.534353193773484,17.98845947396672,8.380300590445518,4.891304347826087,9.71551261406334,7.300053676865271,0.28180354267310787,3.026033279656468,0.020128824476650563,0.08051529790660225
188,13.821792807300053,34.4873859366613,17.773752012882447,8.380300590445518,4.891304347826087,9.71551261406334,7.300053676865271,0.28180354267310787,3.2474503488996245,0.020128824476650563,0.08051529790660225
189,13.553408480944713,33.99087493290392,17.54562533548041,9.722222222222221,4.891304347826087,9.494095544820183,7.300053676865271,0.28180354267310787,3.1199677938808374,0.020128824476650563,0.08051529790660225
190,13.667471819645733,33.95061728395062,17.47181964573269,9.681964573268921,4.891304347826087,9.594739667203436,7.300053676865271,0.28180354267310787,3.0595813204508855,0.020128824476650563,0.08051529790660225
191,13.81508319914117,33.923778851315085,17.431561996779386,9.681964573268921,4.891304347826087,9.648416532474503,7.1658615136876005,0.28180354267310787,3.0595813204508855,0.020128824476650563,0.08051529790660225
192,13.90901771336554,33.823134728931834,16.72705314009662,9.681964573268921,4.891304347826087,10.359634997316157,7.1658615136876005,0.28180354267310787,3.0595813204508855,0.020128824476650563,0.08051529790660225
193,13.875469672571121,33.70907139023081,16.6532474503489,9.681964573268921,5.005367686527107,10.466988727858293,7.1658615136876005,0.28180354267310787,3.0595813204508855,0.020128824476650563,0.08051529790660225
194,13.94927536231884,33.68894256575416,16.606280193236714,9.681964573268921,4.998658078368224,10.466988727858293,7.1658615136876005,0.28180354267310787,3.0595813204508855,0.020128824476650563,0.08051529790660225
195,14.049919484702093,33.662104133118625,16.512345679012345,9.681964573268921,4.944981213097155,10.453569511540525,7.1658615136876005,0.28180354267310787,3.1468062265163717,0.020128824476650563,0.08051529790660225
196,14.04320987654321,33.662104133118625,16.512345679012345,9.762479871175524,4.944981213097155,10.373054213633925,7.03166935050993,0.4227053140096618,3.1468062265163717,0.020128824476650563,0.08051529790660225
197,13.862050456253355,33.68894256575416,16.472088030059044,9.997316156736447,4.944981213097155,10.373054213633925,6.991411701556629,0.4227053140096618,3.1468062265163717,0.020128824476650563,0.08051529790660225
198,13.942565754159958,33.581588835212024,16.344605475040257,9.950348899624261,4.944981213097155,10.487117552334944,6.964573268921095,0.4227053140096618,3.260869565217391,0.020128824476650563,0.08051529790660225
199,14.049919484702093,33.55475040257649,16.317767042404725,9.950348899624261,4.944981213097155,10.279119699409554,7.051798174986581,0.4227053140096618,3.240740740740741,0.10735373054213634,0.08051529790660225
200,14.06333870101986,33.51449275362319,16.31105743424584,10.091250670960816,4.944981213097155,10.171765968867419,7.051798174986581,0.4227053140096618,3.240740740740741,0.10735373054213634,0.08051529790660225
201,13.754696725711218,33.46081588835212,16.21712292002147,10.084541062801932,4.931561996779388,10.171765968867419,7.568438003220612,0.4227053140096618,3.2004830917874396,0.10735373054213634,0.08051529790660225
202,13.828502415458937,33.3064949006978,16.21712292002147,9.903381642512077,5.213365539452496,10.171765968867419,7.548309178743962,0.4227053140096618,3.2004830917874396,0.10735373054213634,0.08051529790660225
203,13.841921631776705,33.3064949006978,16.210413311862588,9.614868491680086,5.0791733762748255,10.171765968867419,7.997852925389157,0.41599570585077833,3.1736446591519054,0.10735373054213634,0.08051529790660225
204,13.862050456253355,33.3064949006978,16.19699409554482,9.614868491680086,5.0791733762748255,10.171765968867419,7.997852925389157,0.41599570585077833,3.166935050993022,0.10735373054213634,0.08051529790660225
205,13.996242619431026,33.2662372517445,16.10305958132045,9.614868491680086,5.0791733762748255,10.171765968867419,7.997852925389157,0.41599570585077833,3.166935050993022,0.10735373054213634,0.08051529790660225
206,13.66076221148685,31.89747718733226,16.069511540526033,12.184648416532475,4.616210413311863,9.836285560923242,7.96430488459474,0.41599570585077833,3.166935050993022,0.10735373054213634,0.08051529790660225
207,13.714439076757918,31.89747718733226,16.056092324208265,12.164519592055823,4.616210413311863,9.836285560923242,7.950885668276973,0.41599570585077833,3.1602254428341383,0.10735373054213634,0.08051529790660225
208,13.761406333870102,31.850509930220074,15.794417606011809,12.037037037037036,4.616210413311863,9.836285560923242,7.950885668276973,0.41599570585077833,3.435319377348363,0.2214170692431562,0.08051529790660225
209,13.667471819645733,31.468062265163713,15.794417606011809,12.037037037037036,4.609500805152979,10.319377348362856,7.950885668276973,0.41599570585077833,3.435319377348363,0.2214170692431562,0.08051529790660225
210,13.573537305421363,30.08588298443371,15.794417606011809,11.694847020933977,4.609500805152979,12.191358024691358,7.917337627482555,0.41599570585077833,3.4151905528717124,0.2214170692431562,0.08051529790660225
211,13.674181427804616,30.119431025228128,15.754159957058508,11.634460547504025,4.609500805152979,12.191358024691358,7.890499194847021,0.41599570585077833,3.408480944712829,0.2214170692431562,0.08051529790660225
212,13.92914653784219,29.837627482555018,15.673644659151906,11.634460547504025,4.609500805152979,12.379227053140097,7.856951154052603,0.41599570585077833,3.361513687600644,0.2214170692431562,0.08051529790660225
213,14.070048309178745,29.582662372517444,15.552871712292003,11.627750939345143,4.609500805152979,12.647611379495437,7.856951154052603,0.41599570585077833,3.33467525496511,0.2214170692431562,0.08051529790660225
214,14.11701556629093,29.53569511540526,15.552871712292003,11.580783682232958,4.730273752012883,12.647611379495437,7.803274288781535,0.39586688137412773,3.33467525496511,0.2214170692431562,0.08051529790660225
215,14.257917337627482,29.461889425657542,15.552871712292003,11.560654857756306,4.683306494900698,12.647611379495437,7.803274288781535,0.39586688137412773,3.33467525496511,0.2214170692431562,0.08051529790660225
216,14.231078904991948,29.461889425657542,15.485775630703166,11.513687600644122,4.683306494900698,12.647611379495437,7.803274288781535,0.39586688137412773,3.475577026301664,0.2214170692431562,0.08051529790660225
217,14.257917337627482,29.17337627482555,15.304616210413311,11.486849168008588,4.64975845410628,12.909286097691895,7.85024154589372,0.39586688137412773,3.670155662909286,0.2214170692431562,0.08051529790660225
218,14.231078904991948,28.341384863123995,15.304616210413311,11.466720343531938,4.64975845410628,13.788244766505636,7.85024154589372,0.39586688137412773,3.670155662909286,0.2214170692431562,0.08051529790660225
219,14.378690284487385,27.945517981749866,15.291196994095545,11.399624261943103,4.622920021470746,14.036500268384327,7.823403113258186,0.39586688137412773,3.8043478260869565,0.2214170692431562,0.08051529790660225
220,14.418947933440688,27.945517981749866,15.291196994095545,11.399624261943103,4.5960815888352125,14.036500268384327,7.809983896940419,0.39586688137412773,3.8043478260869565,0.2214170692431562,0.08051529790660225
221,14.55984970477724,27.885131508319915,15.26435856146001,11.29898013955985,4.582662372517445,14.110305958132045,7.809983896940419,0.39586688137412773,3.7909286097691894,0.2214170692431562,0.08051529790660225
222,14.626945786366075,27.74422973698336,15.210681696188942,11.2788513150832,4.582662372517445,14.2914653784219,7.809983896940419,0.39586688137412773,3.7573805689747717,0.2214170692431562,0.08051529790660225
223,14.626945786366075,27.737520128824478,15.203972088030058,11.2788513150832,4.582662372517445,14.392109500805153,7.809983896940419,0.39586688137412773,3.670155662909286,0.2214170692431562,0.08051529790660225
224,14.707461084272678,27.737520128824478,15.170424047235642,11.2788513150832,4.582662372517445,14.38539989264627,7.769726247987117,0.39586688137412773,3.670155662909286,0.2214170692431562,0.08051529790660225
225,14.78797638217928,27.697262479871174,15.170424047235642,11.272141706924316,4.582662372517445,14.351851851851851,7.769726247987117,0.39586688137412773,3.670155662909286,0.2214170692431562,0.08051529790660225
226,14.855072463768115,27.657004830917874,15.170424047235642,11.265432098765432,4.582662372517445,14.351851851851851,7.763016639828234,0.39586688137412773,3.656736446591519,0.2214170692431562,0.08051529790660225
227,15.009393451422437,27.623456790123456,15.150295222758992,11.225174449812132,4.582662372517445,14.304884594739667,7.75630703166935,0.39586688137412773,3.6500268384326353,0.2214170692431562,0.08051529790660225
228,15.177133655394526,27.49597423510467,14.982555018786902,11.225174449812132,4.522275899087493,14.351851851851851,7.709339774557166,0.39586688137412773,3.8378958668813743,0.2214170692431562,0.08051529790660225
229,15.250939345142244,27.455716586151368,14.928878153515834,11.225174449812132,4.522275899087493,14.38539989264627,7.695920558239399,0.39586688137412773,3.8378958668813743,0.2214170692431562,0.08051529790660225
230,15.250939345142244,27.435587761674718,14.97584541062802,11.198336017176597,4.522275899087493,14.38539989264627,7.695920558239399,0.39586688137412773,3.8378958668813743,0.2214170692431562,0.08051529790660225
231,15.398550724637682,27.408749329039185,14.942297369833602,11.178207192699947,4.502147074610843,14.351851851851851,7.695920558239399,0.39586688137412773,3.824476650563607,0.2214170692431562,0.08051529790660225
232,15.546162104133119,27.388620504562535,14.868491680085883,11.178207192699947,4.502147074610843,14.351851851851851,7.64224369296833,0.39586688137412773,3.824476650563607,0.2214170692431562,0.08051529790660225
233,15.304616210413311,27.34165324745035,14.586688137412775,11.117820719269995,4.502147074610843,14.351851851851851,8.32662372517445,0.39586688137412773,3.770799785292539,0.2214170692431562,0.08051529790660225
234,15.35829307568438,27.30139559849705,14.526301663982823,11.07085346215781,4.394793344068707,14.331723027375201,8.32662372517445,0.5032206119162641,3.8848631239935587,0.2214170692431562,0.08051529790660225
235,15.60654857756307,27.26113794954375,14.486044015029522,10.976918947933441,4.367954911433173,14.398819108964037,8.239398819108963,0.5032206119162641,3.8580246913580245,0.2214170692431562,0.08051529790660225
