,45,50,51,53,55,52,54,57,56,60,58,61,59,46,62
0,98.97342995169082,1.0131508319914118,0.013419216317767043,,,,,,,,,,,,
1,92.78717122920021,7.1725711218464845,0.040257648953301126,,,,,,,,,,,,
2,89.68733225979602,10.044283413848632,0.16774020397208803,0.05367686527106817,0.04696725711218465,,,,,,,,,,
3,88.7614063338701,10.755501878690284,0.16774020397208803,0.11406333870101985,0.10064412238325282,0.10064412238325282,,,,,,,,,
4,81.48819108964037,17.847557702630166,0.20799785292538917,0.11406333870101985,0.24154589371980675,0.10064412238325282,,,,,,,,,
5,80.87090713902307,18.303811057434245,0.2952227589908749,0.11406333870101985,0.30193236714975846,0.11406333870101985,,,,,,,,,
6,78.455448201825,20.618625872249062,0.32877079978529256,0.11406333870101985,0.36902844873859364,0.11406333870101985,,,,,,,,,
7,76.63714439076757,22.208803005904453,0.3488996242619431,0.15432098765432098,0.4495437466451959,0.1878690284487386,0.013419216317767043,,,,,,,,
8,70.98094471282877,27.334943639291467,0.41599570585077833,0.3153515834675255,0.7179280730005367,0.19457863660762212,0.040257648953301126,,,,,,,,
9,69.12909286097693,28.81105743424584,0.46967257112184646,0.32877079978529256,1.0131508319914118,0.20799785292538917,0.040257648953301126,,,,,,,,
10,64.90874932903918,32.400697799248526,0.5770263016639828,0.3421900161030596,1.2278582930756843,0.47638217928073,0.06709608158883522,,,,,,,,
11,61.99006977992485,32.19269994632314,0.6105743424584005,0.3421900161030596,0.9192163177670424,3.851315083199141,0.0939345142243693,,,,,,,,
12,61.191626409017715,32.63553408480945,0.7313472893183038,0.36902844873859364,1.0466988727858293,3.864734299516908,0.13419216317767044,0.026838432635534086,,,,,,,
13,60.789049919484704,32.47450348899624,0.7716049382716049,0.7648953301127214,1.2278582930756843,3.7909286097691894,0.1274825550187869,0.05367686527106817,,,,,,,
14,58.28636607622115,34.655126140633385,0.966183574879227,0.785024154589372,1.4090177133655395,3.6366076221148687,0.20799785292538917,0.05367686527106817,,,,,,,
15,53.40848094471283,39.734299516908216,1.0332796564680622,0.49651100375738055,1.4358561460010735,3.629898013955985,0.20799785292538917,0.05367686527106817,,,,,,,
16,53.14680622651637,39.44578636607622,1.0332796564680622,0.5367686527106817,1.6304347826086956,3.7104133118625873,0.4428341384863124,0.05367686527106817,,,,,,,
17,52.91196994095545,38.95598497047772,1.1741814278046163,0.5501878690284487,1.9726247987117553,3.743961352657005,0.5434782608695652,0.12077294685990338,0.026838432635534086,,,,,,
18,51.871980676328505,39.19753086419753,1.2345679012345678,0.5636070853462157,2.3550724637681157,3.743961352657005,0.8655394524959742,0.14090177133655393,0.026838432635534086,,,,,,
19,49.69135802469136,40.94873859366613,1.3955984970477724,0.5568974771873323,2.5295222758990876,3.7775093934514223,0.8722490606548577,0.1610305958132045,0.05367686527106817,0.013419216317767043,,,,,
20,48.7788513150832,40.19726247987118,1.3620504562533549,0.5971551261406334,2.6435856146001075,5.193236714975845,0.9393451422436929,0.2214170692431562,0.05367686527106817,0.013419216317767043,,,,,
21,48.09447128287708,40.351583467525494,1.4358561460010735,0.6977992485238862,2.7308105206655933,5.253623188405797,1.1473429951690821,0.2214170692431562,0.05367686527106817,0.013419216317767043,,,,,
22,47.22893183038111,40.61996779388084,1.8115942028985508,0.6776704240472357,2.844873859366613,5.307300053676865,1.1808910359634996,0.24825550187869028,0.05367686527106817,0.026838432635534086,,,,,
23,46.23590982286635,41.30434782608695,1.8183038110574343,0.7179280730005367,3.012614063338701,5.387815351583468,1.1808910359634996,0.24825550187869028,0.06709608158883522,0.026838432635534086,,,,,
24,44.920826623725176,40.49248523886205,3.6634460547504024,0.6709608158883521,3.307836822329576,5.394524959742351,1.1808910359634996,0.27509393451422437,0.06709608158883522,0.026838432635534086,,,,,
25,44.41760601180891,39.150563607085346,5.045625335480408,0.7313472893183038,3.260869565217391,5.4549114331723025,1.5230810520665594,0.2885131508319914,0.10064412238325282,0.026838432635534086,,,,,
26,43.994900697799245,39.029790660225444,5.367686527106817,0.7447665056360708,3.3816425120772946,5.481749865807837,1.556629092860977,0.27509393451422437,0.14090177133655393,0.026838432635534086,,,,,
27,42.552334943639295,40.23081052066559,5.267042404723564,0.8319914117015567,3.5628019323671496,5.448201825013419,1.6035963499731616,0.30864197530864196,0.16774020397208803,0.026838432635534086,,,,,
28,40.687063875469676,39.55984970477724,7.112184648416532,0.8319914117015567,3.421900161030596,4.777241009125067,3.166935050993022,0.27509393451422437,0.14090177133655393,0.026838432635534086,,,,,
29,40.17042404723564,39.55984970477724,7.273215244229737,0.9930220075147611,3.3950617283950617,4.783950617283951,3.3279656468062266,0.28180354267310787,0.1878690284487386,0.026838432635534086,,,,,
30,32.06521739130435,48.047504025764894,6.937734836285561,0.966183574879227,3.475577026301664,4.636339237788513,3.3279656468062266,0.322061191626409,0.19457863660762212,0.026838432635534086,,,,,
31,30.454911433172303,47.32286634460547,10.567632850241546,0.9796027911969941,3.475577026301664,4.4820182501341925,2.1269457863660763,0.3153515834675255,0.24825550187869028,0.026838432635534086,,,,,
32,29.21363392377885,48.18840579710145,10.560923242082662,1.0064412238325282,3.643317230273752,4.508856682769726,2.200751476113795,0.32877079978529256,0.30864197530864196,0.026838432635534086,0.013419216317767043,,,,
33,25.41599570585078,53.717122920021474,9.930220075147611,0.8252818035426731,2.8918411164787976,4.42163177670424,2.059849704777241,0.33548040794417605,0.3757380568974772,0.013419216317767043,0.013419216317767043,,,,
34,24.329039184111647,54.710144927536234,9.796027911969942,0.8655394524959742,3.012614063338701,4.455179817498658,2.100107353730542,0.33548040794417605,0.36902844873859364,0.013419216317767043,0.013419216317767043,,,,
35,24.329039184111647,54.32098765432099,9.628287707997853,0.9259259259259259,3.321256038647343,4.448470209339774,2.1739130434782608,0.322061191626409,0.5032206119162641,0.013419216317767043,0.013419216317767043,,,,
36,24.27536231884058,53.7842190016103,9.668545356951155,0.95276435856146,3.7104133118625873,4.414922168545357,2.3483628556092326,0.3421900161030596,0.47638217928073,0.013419216317767043,0.013419216317767043,,,,
37,23.939881910896403,51.68411164787977,9.131776704240472,1.9592055823939882,3.9049919484702094,5.904455179817498,2.5563607085346214,0.35560923242082665,0.5367686527106817,0.013419216317767043,0.013419216317767043,,,,
38,23.886205045625335,51.321792807300056,8.668813741277509,2.059849704777241,4.119699409554482,5.971551261406334,2.965646806226516,0.3488996242619431,0.630703166935051,0.013419216317767043,0.013419216317767043,,,,
39,22.054482018250134,52.865002683843265,8.474235104669887,2.0933977455716586,4.4753086419753085,5.884326355340848,3.140096618357488,0.3421900161030596,0.644122383252818,0.013419216317767043,0.013419216317767043,,,,
40,21.85990338164251,52.41545893719807,8.527911969940956,2.522812667740204,4.602791196994096,5.857487922705314,3.1602254428341383,0.36902844873859364,0.6575415995705851,0.013419216317767043,0.013419216317767043,,,,
41,21.69887278582931,51.75791733762748,8.796296296296296,2.576489533011272,4.87788513150832,5.911164787976382,3.2206119162640903,0.36902844873859364,0.7648953301127214,0.013419216317767043,0.013419216317767043,,,,
42,21.578099838969404,51.21443907675792,8.84326355340848,2.7106816961889426,5.005367686527107,5.9514224369296835,3.2474503488996245,0.36231884057971014,1.0332796564680622,0.013419216317767043,0.040257648953301126,,,,
43,21.336553945249598,50.30864197530864,9.473966720343531,3.012614063338701,5.119431025228127,5.897745571658615,3.2675791733762747,0.4428341384863124,1.0869565217391304,0.013419216317767043,0.040257648953301126,,,,
44,20.90042941492217,47.58454106280193,9.789318303811058,2.462426194310252,5.615942028985507,8.440687063875469,3.5829307568438002,0.5166398282340311,1.0802469135802468,0.013419216317767043,0.013419216317767043,,,,
45,20.377079978529252,41.99543746645196,17.196725711218466,2.475845410628019,5.152979066022544,8.038110574342458,3.5762211486849167,0.43612453032742887,0.7112184648416533,0.013419216317767043,0.026838432635534086,,,,
46,19.0150295222759,40.485775630703166,20.92055823939882,2.368491680085883,4.99194847020934,7.467793880837359,3.5225442834138487,0.3824476650563607,0.798443370907139,,0.026838432635534086,0.020128824476650563,,,
47,18.51851851851852,40.163714439076756,22.5577026301664,2.328234031132582,4.790660225442834,6.890767579173376,3.361513687600644,0.41599570585077833,0.9259259259259259,,0.026838432635534086,0.020128824476650563,,,
48,18.263553408480945,39.96913580246913,22.41009125067096,2.408749329039184,5.10601180891036,6.977992485238862,3.3816425120772946,0.4294149221685454,1.0064412238325282,,0.026838432635534086,0.020128824476650563,,,
49,18.10252281266774,38.466183574879224,23.97342995169082,2.4355877616747184,4.918142780461621,6.984702093397746,3.4822866344605474,0.47638217928073,1.1137949543746646,,0.026838432635534086,0.020128824476650563,,,
50,18.129361245303276,37.98309178743961,23.805689747718734,2.4221685453569513,5.246913580246914,7.03166935050993,3.589640365002684,0.5166398282340311,1.2144390767579174,,0.040257648953301126,0.020128824476650563,,,
51,17.907944176060116,37.915995705850776,23.731884057971016,2.4355877616747184,5.434782608695652,7.011540526033279,3.643317230273752,0.5568974771873323,1.3016639828234031,,0.040257648953301126,0.020128824476650563,,,
52,17.820719269994633,37.164519592055825,24.14787976382179,2.6704240472356413,5.434782608695652,6.89747718733226,3.9586688137412773,0.5904455179817498,1.2681159420289856,,0.026838432635534086,0.020128824476650563,,,
53,17.800590445517983,37.043746645195924,23.97342995169082,2.6637144390767578,5.501878690284487,6.937734836285561,4.106280193236715,0.5904455179817498,1.328502415458937,,0.03354804079441761,0.020128824476650563,,,
54,17.478529253891573,35.950080515297905,25.301932367149757,2.6301663982823404,5.4616210413311865,6.66935050993022,4.455179817498658,0.5770263016639828,1.402308105206656,,0.03354804079441761,0.020128824476650563,0.020128824476650563,,
55,17.444981213097154,35.33279656468062,23.295759527643586,3.3480944712828773,5.629361245303274,6.769994632313473,6.018518518518518,0.5770263016639828,1.4761137949543746,0.0067096081588835215,0.03354804079441761,0.020128824476650563,0.04696725711218465,,
56,17.06924315619968,32.62211486849168,25.429414922168544,4.851046698872786,5.381105743424584,6.709608158883521,5.763553408480945,0.5770263016639828,1.4895330112721417,0.0067096081588835215,0.03354804079441761,0.020128824476650563,0.04696725711218465,,
57,17.05582393988191,32.25979602791197,25.275093934514224,4.898013955984971,5.5756843800322065,6.66935050993022,5.931293612453032,0.5770263016639828,1.6237251744498122,0.0067096081588835215,0.06038647342995169,0.020128824476650563,0.04696725711218465,,
58,16.532474503488995,33.02469135802469,23.450080515297905,4.441760601180891,7.300053676865271,6.5552871712292005,5.911164787976382,0.6105743424584005,2.006172839506173,0.0067096081588835215,0.0939345142243693,0.020128824476650563,0.04696725711218465,,
59,15.499194847020934,36.58749329039184,22.5979602791197,4.341116478797638,6.575415995705851,6.327160493827161,5.381105743424584,0.5099302200751477,1.9860440150295222,0.0067096081588835215,0.08722490606548577,0.020128824476650563,0.08051529790660225,,
60,15.519323671497585,36.26543209876543,22.564412238325282,4.213633923778851,6.709608158883521,6.367418142780462,5.360976918947934,0.5837359098228664,2.1269457863660763,0.0067096081588835215,0.15432098765432098,0.020128824476650563,0.10735373054213634,,
61,15.378421900161031,36.4398819108964,22.38996242619431,4.193505099302201,6.769994632313473,6.293612453032743,5.407944176060118,0.6105743424584005,2.227589908749329,0.0067096081588835215,0.15432098765432098,0.020128824476650563,0.10735373054213634,,
62,15.063070316693505,36.48684916800859,22.38996242619431,4.247181964573269,6.910896403650026,6.253354804079442,5.394524959742351,0.7112184648416533,2.214170692431562,0.0067096081588835215,0.19457863660762212,0.020128824476650563,0.10735373054213634,,
63,15.08990874932904,36.02388620504563,22.269189479334408,4.274020397208803,7.253086419753086,6.239935587761675,5.481749865807837,0.7447665056360708,2.2946859903381642,0.0067096081588835215,0.19457863660762212,0.020128824476650563,0.10735373054213634,,
64,14.673913043478262,36.39291465378422,21.89345142243693,4.3545356951154055,7.340311325818572,6.233225979602791,5.542136339237788,0.7447665056360708,2.475845410628019,0.0067096081588835215,0.19457863660762212,0.020128824476650563,0.1274825550187869,,
65,13.714439076757918,37.473161567364464,21.68545356951154,4.327697262479871,7.333601717659689,6.172839506172839,5.689747718733226,0.7447665056360708,2.462426194310252,0.0067096081588835215,0.24154589371980675,0.020128824476650563,0.1274825550187869,,
66,13.211218464841654,36.07756307031669,22.852925389157274,4.320987654320987,7.937466451959206,6.132581857219538,5.917874396135265,0.7179280730005367,2.4355877616747184,0.0067096081588835215,0.24154589371980675,0.020128824476650563,0.1274825550187869,,
67,12.52012882447665,35.20531400966183,24.805421363392377,4.435050993022007,7.7898550724637685,6.119162640901771,5.548845947396672,0.7246376811594203,2.462426194310252,0.020128824476650563,0.2616747181964573,,0.10735373054213634,,
68,12.453032742887816,34.876543209876544,24.537037037037038,4.455179817498658,8.044820182501342,6.172839506172839,5.622651637144391,0.7447665056360708,2.636876006441224,0.06709608158883522,0.28180354267310787,,0.10735373054213634,,
69,12.412775093934513,34.39345142243693,24.36929683306495,4.690016103059581,8.3064949006978,6.1929683306494905,5.589103596349974,0.7447665056360708,2.8113258185721954,0.06709608158883522,0.28180354267310787,,0.14090177133655393,,
70,11.3191089640365,38.197799248523886,20.46430488459474,5.0858829844337095,7.937466451959206,8.313204508856682,4.904723564143854,0.7179280730005367,2.5697799248523885,0.06709608158883522,0.2952227589908749,,0.1274825550187869,,
71,10.701825013419215,37.69457863660762,21.4573268921095,4.884594739667204,8.454106280193237,8.05823939881911,4.810789049919484,0.7112184648416533,2.7308105206655933,0.06709608158883522,0.2952227589908749,,0.13419216317767044,,
72,10.654857756307031,37.36580783682233,21.430488459473967,4.918142780461621,8.715780998389693,8.071658615136876,4.804079441760601,0.7246376811594203,2.7509393451422435,0.06709608158883522,0.32877079978529256,,0.16774020397208803,,
73,10.668276972624799,37.01690821256039,21.30300590445518,4.9718196457326895,9.01100375738057,8.004562533548041,4.911433172302737,0.7648953301127214,2.7442297369833604,0.06709608158883522,0.39586688137412773,,0.14090177133655393,,
74,10.547504025764896,35.47369833601718,22.879763821792807,4.8376274825550185,8.984165324745035,8.3064949006978,4.810789049919484,0.7783145464304885,2.7643585614600106,0.08051529790660225,0.39586688137412773,,0.14090177133655393,,
75,10.661567364465915,35.15163714439077,22.20209339774557,4.8376274825550185,9.541062801932368,8.340042941492216,5.045625335480408,0.7917337627482555,2.818035426731079,0.08051529790660225,0.38915727321524424,,0.14090177133655393,,
76,10.091250670960816,33.15217391304348,24.094202898550726,6.427804616210413,9.286097691894794,7.669082125603865,5.0858829844337095,0.8789586688137413,2.677133655394525,0.08051529790660225,0.41599570585077833,,0.14090177133655393,,
77,10.104669887278583,32.950885668276975,23.45679012345679,6.5485775630703165,9.346484165324744,8.259527643585615,5.025496511003757,0.8923778851315083,2.717391304347826,0.08051529790660225,0.4294149221685454,,0.1878690284487386,,
78,10.151637144390767,32.7361782071927,23.49704777241009,6.474771873322598,9.440418679549115,8.199141170155663,5.038915727321524,0.9259259259259259,2.804616210413312,0.08051529790660225,0.4294149221685454,,0.2214170692431562,,
79,9.970477724100913,32.648953301127214,23.242082662372518,6.474771873322598,9.64170692431562,8.13875469672571,5.12614063338701,0.9930220075147611,2.985775630703167,0.08051529790660225,0.4495437466451959,0.013419216317767043,0.23483628556092323,,
80,9.460547504025765,30.461621041331185,29.61621041331186,5.495169082125604,9.131776704240472,6.810252281266774,4.918142780461621,0.966183574879227,2.536231884057971,0.08722490606548577,0.2952227589908749,0.013419216317767043,0.20799785292538917,,
81,8.192431561996779,32.07192699946323,29.1129898013956,5.448201825013419,9.232420826623725,6.709608158883521,4.958400429414922,0.95276435856146,2.5831991411701556,0.12077294685990338,0.4025764895330113,0.013419216317767043,0.20128824476650564,,
82,8.05823939881911,31.61567364465915,28.898282340311326,5.387815351583468,9.856414385399892,6.749865807836822,5.045625335480408,0.9997316156736447,2.6704240472356413,0.12077294685990338,0.4025764895330113,0.013419216317767043,0.18115942028985507,,
83,8.024691358024691,31.45464304884595,28.670155662909288,5.8172302737520125,9.581320450885668,7.1658615136876005,4.790660225442834,0.9930220075147611,2.804616210413312,0.10735373054213634,0.4092860976918948,0.013419216317767043,0.16774020397208803,,
84,7.991143317230274,31.132581857219538,28.348094471282877,5.870907139023081,9.930220075147611,7.139023081052066,4.911433172302737,1.0265700483091786,2.9119699409554483,0.10735373054213634,0.4495437466451959,0.013419216317767043,0.16774020397208803,,
85,7.253086419753086,32.21282877079979,27.556360708534623,5.58239398819109,9.896672034353195,7.823403113258186,4.99194847020934,1.1205045625335481,2.804616210413312,0.12077294685990338,0.4562533548040794,0.013419216317767043,0.16774020397208803,,
86,7.367149758454106,32.01154052603328,27.079978529253893,5.689747718733226,10.218733225979603,7.648953301127214,5.045625335480408,1.133923778851315,3.066290928609769,0.12077294685990338,0.4227053140096618,0.013419216317767043,0.18115942028985507,,
87,7.0383789586688135,31.132581857219538,28.247450348899623,5.783682232957595,10.111379495437467,7.48792270531401,5.246913580246914,1.1137949543746646,3.1065485775630703,0.14090177133655393,0.41599570585077833,0.013419216317767043,0.1610305958132045,,
88,7.112184648416532,30.870907139023082,27.78448738593666,5.83064949006978,10.527375201288244,7.514761137949543,5.267042404723564,1.1876006441223832,3.1870638754696725,0.14090177133655393,0.4025764895330113,0.013419216317767043,0.1610305958132045,,
89,7.139023081052066,30.56897477187332,27.529522275899087,5.991680085882985,10.715244229736983,7.39398819108964,5.314009661835748,1.3620504562533549,3.2474503488996245,0.14090177133655393,0.4227053140096618,0.013419216317767043,0.1610305958132045,,
90,6.991411701556629,30.18652710681696,27.26113794954375,6.172839506172839,11.144659151905529,7.39398819108964,5.428073000536768,1.3553408480944713,3.3279656468062266,0.14090177133655393,0.4227053140096618,0.013419216317767043,0.1610305958132045,,
91,7.078636607622115,29.931561996779386,26.898819108964037,6.105743424584004,11.29898013955985,7.25979602791197,5.5756843800322065,1.3955984970477724,3.616478797638218,0.14090177133655393,0.5099302200751477,0.026838432635534086,0.1610305958132045,,
92,6.944444444444445,27.95222758990875,29.374664519592056,6.038647342995169,11.064143853998926,6.944444444444445,5.810520665593129,1.3553408480944713,3.6768652710681695,0.14090177133655393,0.5099302200751477,0.026838432635534086,0.1610305958132045,,
93,6.823671497584541,27.87842190016103,29.005636070853463,6.025228126677402,11.003757380568974,7.139023081052066,6.031937734836285,1.4090177133655395,3.797638217928073,0.15432098765432098,0.5166398282340311,0.026838432635534086,0.1878690284487386,,
94,6.8035426731078905,26.54320987654321,28.858024691358025,7.427536231884058,11.218464841653248,6.78341384863124,6.166129898013956,1.4694041867954912,3.8378958668813743,0.15432098765432098,0.5367686527106817,0.013419216317767043,0.1878690284487386,,
95,6.877348362855609,26.31508319914117,28.60305958132045,7.595276435856146,11.225174449812132,7.03166935050993,6.1862587224906065,1.415727321524423,3.864734299516908,0.15432098765432098,0.5367686527106817,0.013419216317767043,0.18115942028985507,,
96,6.776704240472356,25.59044551798175,29.904723564143854,7.481213097155126,10.84272678475577,6.843800322061192,6.360708534621578,1.3754696725711217,3.9318303811057436,0.15432098765432098,0.5367686527106817,0.020128824476650563,0.18115942028985507,,
97,6.78341384863124,25.37573805689748,29.28743961352657,7.75630703166935,10.88298443370907,7.132313472893183,6.266774020397209,1.3754696725711217,4.2270531400966185,0.15432098765432098,0.5568974771873323,0.020128824476650563,0.18115942028985507,,
98,6.595544820182502,25.147611379495437,29.032474503488995,7.924047235641439,11.057434245840042,7.360440150295223,6.347289318303811,1.3955984970477724,4.2270531400966185,0.17444981213097155,0.5367686527106817,0.020128824476650563,0.18115942028985507,,
99,6.521739130434782,24.664519592055825,27.576489533011273,8.13875469672571,11.191626409017713,8.856682769726248,6.5485775630703165,1.4224369296833066,4.166666666666667,0.17444981213097155,0.5233494363929146,0.020128824476650563,0.19457863660762212,,
100,6.588835212023618,24.396135265700483,28.361513687600645,8.252818035426731,11.097691894793345,7.843531937734836,6.823671497584541,1.3821792807300053,4.341116478797638,0.17444981213097155,0.5233494363929146,0.020128824476650563,0.19457863660762212,,
101,6.582125603864735,24.168008588298445,28.019323671497585,8.185721953837897,11.225174449812132,7.9039184111647875,6.957863660762212,1.3821792807300053,4.636339237788513,0.19457863660762212,0.5300590445517982,0.020128824476650563,0.19457863660762212,,
102,6.588835212023618,23.2085346215781,27.95222758990875,8.185721953837897,11.18491680085883,8.78287707997853,7.058507783145465,1.3754696725711217,4.690016103059581,0.19457863660762212,0.5568974771873323,0.026838432635534086,0.19457863660762212,,
103,6.588835212023618,22.933440687063875,27.717391304347824,8.199141170155663,11.20504562533548,9.05126140633387,7.27992485238862,1.3352120236178207,4.669887278582931,0.20799785292538917,0.5904455179817498,0.026838432635534086,0.19457863660762212,,
104,6.582125603864735,22.73215244229737,27.469135802469136,8.373590982286634,11.077563070316694,9.219001610305957,7.387278582930757,1.3821792807300053,4.74369296833065,0.19457863660762212,0.6172839506172839,0.026838432635534086,0.19457863660762212,,
105,5.931293612453032,23.731884057971016,26.717659688674182,8.420558239398819,11.003757380568974,9.078099838969404,7.669082125603865,1.3754696725711217,5.032206119162641,0.19457863660762212,0.6374127750939346,0.026838432635534086,0.18115942028985507,,
106,5.904455179817498,23.483628556092324,26.610305958132045,8.380300590445518,10.990338164251208,9.29951690821256,7.830112721417069,1.3821792807300053,5.045625335480408,0.18115942028985507,0.6709608158883521,0.026838432635534086,0.19457863660762212,,
107,5.870907139023081,23.00053676865271,26.221148684916802,8.668813741277509,10.923242082662373,9.333064949006978,8.36688137412775,1.3620504562533549,5.199946323134729,0.18115942028985507,0.6776704240472357,0.026838432635534086,0.16774020397208803,,
108,5.877616747181965,22.65163714439077,26.093666129898015,8.628556092324208,11.252012882447666,9.420289855072463,8.353462157809984,1.3553408480944713,5.260332796564681,0.18115942028985507,0.6977992485238862,0.026838432635534086,0.20128824476650564,,
109,5.9447128287707995,22.000805152979066,27.274557165861513,8.715780998389693,10.970209339774557,9.400161030595813,8.239398819108963,1.2144390767579174,5.092592592592593,0.18115942028985507,0.6709608158883521,0.040257648953301126,0.2549651100375738,,
110,5.3341384863123995,30.22007514761138,21.947128287707997,9.561191626409018,10.131508319914117,8.158883521202362,7.729468599033816,1.2144390767579174,4.5893719806763285,0.1610305958132045,0.6776704240472357,0.040257648953301126,0.23483628556092323,,
111,5.22007514761138,29.052603327965645,23.57085346215781,9.634997316156737,9.782608695652174,8.038110574342458,7.950885668276973,1.2278582930756843,4.40150295222759,0.1610305958132045,0.6910896403650026,0.06709608158883522,0.20128824476650564,,
112,5.132850241545894,28.59634997316157,22.322866344605476,9.675254965110037,9.802737520128824,9.997316156736447,7.930756843800322,1.1943102522812667,4.253891572732153,0.1610305958132045,0.6910896403650026,0.06709608158883522,0.17444981213097155,,
113,5.199946323134729,28.462157809983896,22.188674181427803,9.66183574879227,10.151637144390767,9.802737520128824,7.7898550724637685,1.3217928073000538,4.28743961352657,0.17444981213097155,0.7045088566827697,0.06709608158883522,0.1878690284487386,,
114,5.038915727321524,27.932098765432098,23.70504562533548,9.473966720343531,10.111379495437467,9.272678475577026,7.675791733762749,1.3486312399355878,4.367954911433173,0.17444981213097155,0.6709608158883521,0.06709608158883522,0.1610305958132045,,
115,5.0858829844337095,27.643585614600106,23.49704777241009,9.4873859366613,10.138217928073,9.534353193773484,7.689210950080516,1.402308105206656,4.441760601180891,0.17444981213097155,0.6776704240472357,0.06709608158883522,0.1610305958132045,,
116,5.112721417069243,27.059849704777243,22.758990874932906,8.152173913043478,9.829575952764358,12.5,7.75630703166935,1.3352120236178207,4.4753086419753085,0.16774020397208803,0.6374127750939346,0.06709608158883522,0.14761137949543746,,
117,5.059044551798175,26.590177133655395,22.463768115942027,8.259527643585615,10.292538915727322,12.661030595813205,7.816693505099302,1.3553408480944713,4.49543746645196,0.14761137949543746,0.6374127750939346,0.06709608158883522,0.15432098765432098,,
118,5.059044551798175,26.442565754159958,22.23564143853999,8.333333333333334,10.245571658615138,12.52012882447665,7.9039184111647875,1.4492753623188406,4.783950617283951,0.14761137949543746,0.630703166935051,0.0939345142243693,0.15432098765432098,,
119,5.038915727321524,26.187600644122384,22.054482018250134,8.360171765968868,10.433440687063875,12.446323134728932,7.971014492753623,1.3687600644122384,5.0993022007514766,0.14761137949543746,0.644122383252818,0.0939345142243693,0.15432098765432098,,
120,4.998658078368224,25.637412775093935,19.558507783145465,8.373590982286634,10.198604401502953,16.458668813741276,7.863660762211487,1.3217928073000538,4.569243156199678,0.14761137949543746,0.6374127750939346,0.0939345142243693,0.14090177133655393,,
121,4.87788513150832,25.53676865271068,19.83360171765969,8.373590982286634,10.326086956521738,16.163446054750402,7.716049382716049,1.3687600644122384,4.703435319377348,0.1610305958132045,0.6709608158883521,0.0939345142243693,0.17444981213097155,,
122,4.938271604938271,25.40257648953301,19.719538378958667,8.480944712828771,10.433440687063875,16.056092324208265,7.608695652173913,1.4694041867954912,4.757112184648417,0.1610305958132045,0.6910896403650026,0.10735373054213634,0.17444981213097155,,
123,4.938271604938271,24.92619431025228,19.538378958668815,8.80300590445518,10.829307568438002,15.83467525496511,7.635534084809447,1.5432098765432098,4.810789049919484,0.1610305958132045,0.6776704240472357,0.1274825550187869,0.17444981213097155,,
124,4.74369296833065,24.65780998389694,19.867149758454108,8.84326355340848,11.16478797638218,15.74074074074074,7.615405260332796,1.5297906602254427,4.750402576489533,0.14761137949543746,0.6910896403650026,0.11406333870101985,0.13419216317767044,,
125,4.663177670424047,24.295491143317232,19.85373054213634,8.910359634997317,11.446591519055287,15.754159957058508,7.588566827697263,1.5901771336553945,4.783950617283951,0.17444981213097155,0.6910896403650026,0.11406333870101985,0.13419216317767044,,
126,4.750402576489533,24.04723564143854,20.00805152979066,8.78287707997853,11.439881910896403,15.74074074074074,7.9039184111647875,1.6170155662909287,4.663177670424047,0.17444981213097155,0.6642512077294686,0.07380568974771873,0.13419216317767044,,
127,4.736983360171766,23.68491680085883,18.9747718733226,10.621309715512615,11.265432098765432,15.613258185721953,7.997852925389157,1.583467525496511,4.455179817498658,0.17444981213097155,0.6709608158883521,0.07380568974771873,0.14761137949543746,,
128,4.770531400966184,23.53059581320451,19.0552871712292,10.668276972624799,11.33923778851315,15.257648953301127,8.13875469672571,1.6304347826086956,4.549114331723027,0.17444981213097155,0.6709608158883521,0.06709608158883522,0.14761137949543746,,
129,4.824208266237251,23.262211486849168,18.894256575415994,10.748792270531402,11.493558776167472,15.291196994095545,8.031400966183575,1.6908212560386473,4.690016103059581,0.18115942028985507,0.6776704240472357,0.06709608158883522,0.14761137949543746,,
130,4.616210413311863,22.04777241009125,18.531937734836287,10.755501878690284,11.520397208803006,17.062533548040793,7.98443370907139,1.710950080515298,4.703435319377348,0.18115942028985507,0.6709608158883521,0.06709608158883522,0.14761137949543746,,
131,4.663177670424047,21.658615136876005,18.659420289855074,10.57434245840043,11.574074074074074,16.988727858293075,8.125335480407944,1.9793344068706387,4.736983360171766,0.18115942028985507,0.6642512077294686,0.06709608158883522,0.1274825550187869,,
132,4.5893719806763285,21.557971014492754,18.209876543209877,11.030595813204508,11.533816425120772,17.23027375201288,8.13875469672571,2.0128824476650564,4.562533548040794,0.18115942028985507,0.7246376811594203,0.06709608158883522,0.1610305958132045,,
133,4.53569511540526,21.43719806763285,18.095813204508858,11.010466988727858,12.070585077831455,16.988727858293075,8.085077831454644,2.0799785292538915,4.5893719806763285,0.18115942028985507,0.6977992485238862,0.06709608158883522,0.1610305958132045,,
134,4.508856682769726,21.32313472893183,17.98174986580784,10.963499731615673,12.211486849168008,16.982018250134193,8.125335480407944,2.13365539452496,4.656468062265164,0.18115942028985507,0.7045088566827697,0.06709608158883522,0.1610305958132045,,
135,4.49543746645196,21.24261943102523,17.94820182501342,11.191626409017713,12.258454106280194,16.928341384863124,7.971014492753623,2.1068169618894257,4.723564143853999,0.20799785292538917,0.7045088566827697,0.06709608158883522,0.15432098765432098,,
136,4.528985507246377,21.081588835212024,17.659688674181428,11.580783682232958,12.27187332259796,16.948470209339774,7.950885668276973,2.073268921095008,4.810789049919484,0.19457863660762212,0.6642512077294686,0.08051529790660225,0.15432098765432098,,
137,4.4753086419753085,20.947396672034355,17.51207729468599,11.79549114331723,12.332259796027913,16.82769726247987,8.219269994632313,2.059849704777241,4.736983360171766,0.19457863660762212,0.6642512077294686,0.08051529790660225,0.15432098765432098,,
138,4.408212560386473,20.699141170155663,16.27750939345142,11.52710681696189,11.171497584541063,20.108695652173914,8.145464304884594,2.15378421900161,4.569243156199678,0.10735373054213634,0.5770263016639828,0.10064412238325282,0.15432098765432098,,
139,4.455179817498658,20.618625872249062,16.19699409554482,11.574074074074074,11.198336017176597,20.075147611379496,8.219269994632313,2.1739130434782608,4.5893719806763285,0.0939345142243693,0.5568974771873323,0.06709608158883522,0.18115942028985507,,
140,4.428341384863124,20.551529790660226,15.942028985507246,11.54723564143854,11.466720343531938,19.920826623725173,8.407139023081053,2.2342995169082127,4.582662372517445,0.0939345142243693,0.5770263016639828,0.06709608158883522,0.18115942028985507,,
141,4.448470209339774,20.45088566827697,15.854804079441761,11.728395061728396,11.3191089640365,19.766505636070853,8.61513687600644,2.2879763821792807,4.5893719806763285,0.0939345142243693,0.5971551261406334,0.06709608158883522,0.18115942028985507,,
142,4.528985507246377,20.222758990874933,15.787707997852925,11.708266237251744,11.540526033279656,19.679280730005367,8.709071390230811,2.3550724637681157,4.508856682769726,0.0939345142243693,0.6172839506172839,0.06709608158883522,0.18115942028985507,,
143,4.180085882984434,30.018786902844873,12.801932367149758,10.292538915727322,10.393183038110575,17.64626945786366,8.051529790660226,1.9860440150295222,3.81105743424584,0.06709608158883522,0.5300590445517982,,0.2214170692431562,,
144,4.2203435319377345,29.924852388620504,12.72812667740204,10.413311862587225,10.413311862587225,17.518786902844873,8.085077831454644,2.0799785292538915,3.81105743424584,0.06709608158883522,0.5166398282340311,,0.2214170692431562,,
145,4.30756843800322,29.582662372517444,12.681159420289855,10.413311862587225,10.674986580783683,17.458400429414922,8.132045088566828,2.100107353730542,3.844605475040258,0.06709608158883522,0.5166398282340311,,0.2214170692431562,,
146,4.213633923778851,29.30756843800322,12.453032742887816,10.299248523886206,10.399892646269459,19.685990338164252,7.669082125603865,2.0128824476650564,3.2340311325818574,0.040257648953301126,0.5367686527106817,,0.14761137949543746,,
147,4.240472356414386,29.05931293612453,12.640901771336553,10.21202361782072,10.36634460547504,19.47799248523886,7.950885668276973,2.0397208803005906,3.2877079978529253,0.040257648953301126,0.5367686527106817,,0.14761137949543746,,
148,4.300858829844337,28.804347826086957,12.546967257112184,10.299248523886206,10.520665593129362,19.659151905528716,7.991143317230274,2.01959205582394,3.1602254428341383,0.026838432635534086,0.5233494363929146,,0.14761137949543746,,
149,4.42163177670424,28.482286634460547,12.453032742887816,10.272410091250672,10.775630703166936,19.612184648416534,8.091787439613526,2.0263016639828235,3.193773483628556,0.026838432635534086,0.49651100375738055,,0.14761137949543746,,
150,4.253891572732153,27.9723564143854,12.694578636607622,10.285829307568438,11.117820719269995,19.49141170155663,8.145464304884594,2.0799785292538915,3.3011272141706924,0.026838432635534086,0.4830917874396135,,0.14761137949543746,,
151,4.2270531400966185,25.999731615673646,12.761674718196458,10.560923242082662,12.93612453032743,19.196188942565755,8.165593129361245,2.086688137412775,3.374932903918411,0.013419216317767043,0.5300590445517982,,0.14761137949543746,,
152,4.233762748255502,25.966183574879228,12.640901771336553,10.674986580783683,12.842190016103059,19.269994632313473,8.246108427267847,2.1135265700483092,3.3011272141706924,0.03354804079441761,0.5300590445517982,,0.14761137949543746,,
153,4.1532474503489,25.63070316693505,14.345142243692969,10.628019323671497,12.661030595813205,18.438003220611915,7.997852925389157,2.214170692431562,3.193773483628556,0.040257648953301126,0.5233494363929146,,0.17444981213097155,,
154,4.17337627482555,25.328770799785293,14.251207729468598,10.95679012345679,12.855609232420827,18.270263016639827,7.991143317230274,2.227589908749329,3.1065485775630703,0.040257648953301126,0.6172839506172839,,0.18115942028985507,,
155,4.17337627482555,25.228126677402038,14.06333870101986,10.896403650026839,12.76838432635534,18.47826086956522,8.13875469672571,2.2410091250670963,3.1199677938808374,0.06709608158883522,0.6374127750939346,,0.1878690284487386,,
156,4.17337627482555,24.90606548577563,13.895598497047773,10.970209339774557,12.775093934514224,18.67283950617284,8.239398819108963,2.328234031132582,3.113258185721954,0.06709608158883522,0.644122383252818,,0.2147074610842727,,
157,4.240472356414386,24.322329575952764,13.841921631776705,10.876274825550189,12.869028448738593,18.612453032742888,8.856682769726248,2.368491680085883,3.0864197530864197,0.08051529790660225,0.630703166935051,,0.2147074610842727,,
158,4.294149221685454,22.530864197530864,13.788244766505636,12.580515297906603,12.909286097691895,18.47826086956522,8.876811594202898,2.4825550187869028,3.079710144927536,0.10064412238325282,0.6575415995705851,,0.2214170692431562,,
159,4.394793344068707,22.497316156736446,13.761406333870102,12.607353730542137,12.848899624261943,18.411164787976382,8.93719806763285,2.475845410628019,3.0864197530864197,0.14090177133655393,0.6508319914117016,,0.1878690284487386,,
160,4.388083735909823,22.31615673644659,13.66076221148685,12.701288244766506,12.93612453032743,18.16290928609769,9.037842190016104,2.5429414922168547,3.2877079978529253,0.13419216317767044,0.644122383252818,,0.1878690284487386,,
161,4.468599033816425,22.20209339774557,13.607085346215781,12.600644122383253,12.795222758990874,17.8743961352657,9.25925925925926,2.7643585614600106,3.421900161030596,0.13419216317767044,0.6843800322061192,,0.1878690284487386,,
162,4.367954911433173,21.64519592055824,14.110305958132045,12.325550187869029,12.238325281803542,19.14922168545357,9.312936124530328,2.6301663982823404,3.2474503488996245,0.13419216317767044,0.6642512077294686,,0.17444981213097155,,
163,4.327697262479871,21.578099838969404,14.070048309178745,12.258454106280194,12.198067632850242,19.03515834675255,9.708803005904455,2.6637144390767578,3.2206119162640903,0.13419216317767044,0.644122383252818,,0.1610305958132045,,
164,4.361245303274289,21.28287707997853,14.029790660225443,12.224906065485776,12.090713902308105,18.968062265163713,10.171765968867419,2.6502952227589907,3.260869565217391,0.1274825550187869,0.6709608158883521,,0.1610305958132045,,
165,4.334406870638754,21.108427267847556,14.04320987654321,12.278582930756844,12.117552334943639,18.96135265700483,10.151637144390767,2.6637144390767578,3.3816425120772946,0.14090177133655393,0.6642512077294686,,0.15432098765432098,,
166,4.367954911433173,20.987654320987655,14.070048309178745,12.338969404186795,11.976650563607086,18.853998926462694,10.238862050456254,2.6838432635534084,3.455448201825013,0.2214170692431562,0.6642512077294686,,0.14090177133655393,,
167,4.374664519592056,20.719269994632313,13.88888888888889,12.318840579710145,12.037037037037036,18.753354804079443,10.7085346215781,2.703972088030059,3.4957058507783145,0.2214170692431562,0.6508319914117016,,0.1274825550187869,,
168,4.146537842190016,19.887278582930758,17.424852388620504,11.627750939345143,11.98336017176597,17.52549651100376,10.520665593129362,2.576489533011272,3.3548040794417604,0.2214170692431562,0.6038647342995169,,0.1274825550187869,,
169,4.17337627482555,19.81347289318304,17.37788513150832,11.460010735373054,12.010198604401502,17.458400429414922,10.581052066559312,2.563070316693505,3.455448201825013,0.2214170692431562,0.7581857219538379,,0.1274825550187869,,
170,4.186795491143317,19.524959742351047,17.09608158883521,11.345947396672035,11.963231347289318,17.364465915190554,11.406333870101985,2.5429414922168547,3.4822866344605474,0.2214170692431562,0.7380568974771873,,0.1274825550187869,,
171,4.260601180891036,19.33709071390231,16.99543746645196,11.399624261943103,12.110842726784755,17.270531400966185,11.386205045625335,2.6502952227589907,3.488996242619431,0.2281266774020397,0.7313472893183038,,0.14090177133655393,,
172,4.253891572732153,19.330381105743424,16.7337627482555,11.453301127214171,12.338969404186795,16.97530864197531,11.446591519055287,2.6704240472356413,3.730542136339238,0.2281266774020397,0.6977992485238862,,0.14090177133655393,,
173,4.428341384863124,19.155931293612454,16.639828234031132,11.466720343531938,12.446323134728932,16.955179817498657,11.594202898550725,2.623456790123457,3.6366076221148687,0.2281266774020397,0.6709608158883521,,0.15432098765432098,,
174,4.435050993022007,19.061996779388085,16.458668813741276,12.218196457326892,12.439613526570048,16.59957058507783,11.480139559849706,2.5831991411701556,3.629898013955985,0.2281266774020397,0.7112184648416533,,0.15432098765432098,,
175,4.414922168545357,19.03515834675255,16.284219001610307,12.385936661298981,12.52012882447665,16.586151368760063,11.533816425120772,2.509393451422437,3.603059581320451,0.2281266774020397,0.7447665056360708,,0.15432098765432098,,
176,4.4753086419753085,18.364197530864196,16.190284487385938,12.5,13.305152979066023,16.512345679012345,11.466720343531938,2.5161030595813205,3.549382716049383,0.20128824476650564,0.7447665056360708,,0.17444981213097155,,
