,45,50,51,55,54,52,57,53,56
0,98.13472893183038,1.865271068169619,,,,,,,
1,98.13472893183038,1.865271068169619,,,,,,,
2,98.13472893183038,1.865271068169619,,,,,,,
3,95.81320450885669,4.186795491143317,,,,,,,
4,95.67230273752013,4.327697262479871,,,,,,,
5,94.57863660762212,5.421363392377885,,,,,,,
6,94.41089640365003,5.589103596349974,,,,,,,
7,94.41089640365003,5.589103596349974,,,,,,,
8,94.4243156199678,5.5756843800322065,,,,,,,
9,92.38459473966721,7.615405260332796,,,,,,,
10,91.71363392377886,8.28636607622115,,,,,,,
11,90.59983896940419,9.400161030595813,,,,,,,
12,90.33145464304884,9.668545356951155,,,,,,,
13,90.12345679012346,9.876543209876543,,,,,,,
14,89.60681696188942,10.393183038110575,,,,,,,
15,88.3185721953838,11.681427804616211,,,,,,,
16,88.1508319914117,11.849168008588299,,,,,,,
17,88.21121846484165,11.788781535158346,,,,,,,
18,88.21792807300054,11.782071926999464,,,,,,,
19,88.22463768115942,11.77536231884058,,,,,,,
20,88.10386473429952,11.896135265700483,,,,,,,
21,88.12399355877616,11.876006441223833,,,,,,,
22,87.66774020397209,12.332259796027913,,,,,,,
23,86.01717659688674,13.982823403113258,,,,,,,
24,85.68169618894257,14.318303811057435,,,,,,,
25,84.27267847557702,15.505904455179817,0.2214170692431562,,,,,,
26,76.43585614600107,22.36983360171766,1.1943102522812667,,,,,,
27,73.9801395598497,20.913848631239937,5.10601180891036,,,,,,
28,74.17471819645732,20.74610842726785,5.0791733762748255,,,,,,
29,73.93317230273752,21.00107353730542,5.065754159957058,,,,,,
30,36.802200751476114,61.741814278046164,1.1674718196457328,0.2885131508319914,,,,,
31,37.546967257112186,59.75577026301664,1.7042404723564144,0.8588298443370908,0.13419216317767044,,,,
32,37.74154589371981,59.292807300053674,1.7042404723564144,0.8588298443370908,0.13419216317767044,0.2683843263553409,,,
33,29.830917874396135,67.20343531937735,1.7042404723564144,0.8588298443370908,0.13419216317767044,0.2683843263553409,,,
34,29.965110037573805,54.911433172302736,1.7042404723564144,1.1943102522812667,0.13419216317767044,12.090713902308105,,,
35,30.300590445517983,54.57595276435856,1.7042404723564144,1.1943102522812667,0.13419216317767044,12.090713902308105,,,
36,30.750134192163177,54.186795491143315,1.7042404723564144,1.1808910359634996,0.13419216317767044,12.04374664519592,,,
37,30.19994632313473,47.765700483091784,1.3821792807300053,0.8521202361782072,0.13419216317767044,19.665861513687602,,,
38,30.58239398819109,47.44363929146538,1.3821792807300053,2.7777777777777777,0.2952227589908749,17.518786902844873,,,
39,30.535426731078903,47.56441223832528,1.3821792807300053,2.7777777777777777,0.2952227589908749,17.444981213097154,,,
40,31.266774020397207,46.88674181427805,1.3821792807300053,2.8515834675254963,0.2616747181964573,17.351046698872786,,,
41,31.676060118089104,46.121846484165324,1.3821792807300053,3.4151905528717124,0.2616747181964573,17.143048845947398,,,
42,30.595813204508858,41.89479334406871,7.058507783145465,3.4017713365539453,0.24825550187869028,16.800858829844337,,,
43,31.052066559312937,41.74718196457327,7.024959742351046,3.33467525496511,0.24825550187869028,16.404991948470208,0.1878690284487386,,
44,31.427804616210413,41.55931293612453,6.716317767042405,3.321256038647343,0.24825550187869028,16.25738056897477,0.1878690284487386,0.28180354267310787,
45,31.816961889425656,41.317767042404725,6.6827697262479875,3.2206119162640903,0.36231884057971014,16.129898013955984,0.1878690284487386,0.28180354267310787,
46,31.736446591519055,40.23752012882448,8.024691358024691,3.2206119162640903,0.36231884057971014,16.015834675254965,0.1878690284487386,0.2147074610842727,
47,32.50134192163178,39.720880300590444,7.890499194847021,3.207192699946323,0.36231884057971014,15.915190552871712,0.1878690284487386,0.2147074610842727,
48,32.809983896940416,39.55984970477724,7.890499194847021,3.207192699946323,0.36231884057971014,15.767579173376275,0.1878690284487386,0.2147074610842727,
49,31.09903381642512,41.337895866881375,7.6556629092860975,3.4151905528717124,0.36231884057971014,15.727321524422974,0.1878690284487386,0.2147074610842727,
50,31.53515834675255,40.774288781535155,7.48792270531401,3.126677402039721,0.24825550187869028,15.83467525496511,0.1878690284487386,0.8051529790660226,
51,30.387815351583466,44.22973698336017,6.025228126677402,3.126677402039721,0.2147074610842727,15.022812667740205,0.1878690284487386,0.8051529790660226,
52,30.71658615136876,43.94122383252818,6.005099302200751,3.126677402039721,0.2147074610842727,15.002683843263553,0.1878690284487386,0.8051529790660226,
53,31.04535695115405,43.84728931830381,5.978260869565218,3.126677402039721,0.2147074610842727,14.861782071927,0.1878690284487386,0.7380568974771873,
54,30.69645732689211,43.833870101986044,6.146001073537305,3.408480944712829,0.2147074610842727,14.774557165861514,0.1878690284487386,0.7380568974771873,
55,30.454911433172303,42.17659688674181,6.146001073537305,3.3816425120772946,0.2147074610842727,13.895598497047773,,3.388352120236178,0.3421900161030596
56,31.125872249060656,41.88137412775094,5.938003220611916,3.3816425120772946,0.20128824476650564,13.788244766505636,,3.3413848631239937,0.3421900161030596
57,31.629092860976918,41.418411164787976,5.904455179817498,3.374932903918411,0.20128824476650564,13.788244766505636,,3.3413848631239937,0.3421900161030596
58,32.2866344605475,40.915190552871714,5.629361245303274,3.33467525496511,0.7581857219538379,13.513150831991412,,3.2206119162640903,0.3421900161030596
59,31.266774020397207,37.58722490606549,10.225442834138486,3.2340311325818574,0.7581857219538379,13.365539452495975,,3.2206119162640903,0.3421900161030596
60,31.488191089640367,37.4597423510467,10.198604401502953,3.2340311325818574,0.7581857219538379,13.305152979066023,,3.2139023081052067,0.3421900161030596
61,31.776704240472355,37.224906065485776,10.171765968867419,3.2340311325818574,0.7581857219538379,13.291733762748256,,3.2004830917874396,0.3421900161030596
62,32.19269994632314,37.13768115942029,9.936929683306495,3.2340311325818574,0.7581857219538379,13.197799248523886,,3.2004830917874396,0.3421900161030596
63,30.42807300053677,39.01637144390767,9.88996242619431,3.2004830917874396,0.7581857219538379,12.560386473429952,,3.180354267310789,0.966183574879227
64,30.615942028985508,39.10359634997316,9.809447128287708,3.193773483628556,0.7447665056360708,12.399355877616747,,3.166935050993022,0.966183574879227
65,30.810520665593128,38.39237788513151,9.789318303811058,4.26731078904992,0.7447665056360708,11.876006441223833,,3.1535158346752548,0.966183574879227
66,29.448470209339774,39.83494363929147,9.789318303811058,4.233762748255502,0.7179280730005367,11.876006441223833,,3.1333870101986045,0.966183574879227
67,29.817498658078367,39.02308105206656,9.75577026301664,4.2203435319377345,1.2748255501878691,11.869296833064949,,3.0730005367686526,0.966183574879227
68,29.87788513150832,38.56682769726248,9.728931830381105,4.193505099302201,1.1406333870101986,11.634460547504025,,3.8915727321524423,0.966183574879227
69,29.066022544283413,39.472624798711756,9.702093397745571,4.193505099302201,1.1406333870101986,11.594202898550725,,3.8915727321524423,0.9393451422436929
70,29.696725711218466,39.31830381105743,9.675254965110037,4.186795491143317,1.1205045625335481,11.386205045625335,,3.743961352657005,0.8722490606548577
71,29.985238862050455,38.989533011272144,9.856414385399892,4.1532474503489,1.1205045625335481,11.312399355877616,,3.7104133118625873,0.8722490606548577
72,29.683306494900698,36.963231347289316,9.842995169082126,6.709608158883521,1.1205045625335481,11.11111111111111,,3.7037037037037037,0.8655394524959742
73,30.18652710681696,36.56736446591519,9.500805152979066,6.769994632313473,1.3888888888888888,11.044015029522276,,3.6768652710681695,0.8655394524959742
74,30.018786902844873,35.547504025764894,11.124530327428879,6.89747718733226,0.6977992485238862,11.191626409017713,,3.656736446591519,0.8655394524959742
75,30.48174986580784,34.95034889962426,11.117820719269995,6.89747718733226,0.6709608158883521,11.151368760064413,,3.864734299516908,0.8655394524959742
76,30.844068706387546,34.796027911969944,11.037305421363392,6.816961889425658,0.6642512077294686,10.82259796027912,,3.8177670424047236,1.2010198604401503
77,30.340848094471284,35.47369833601718,10.896403650026839,6.8035426731078905,0.6642512077294686,10.802469135802468,,3.8177670424047236,1.2010198604401503
78,30.54884594739667,35.05099302200752,10.547504025764896,7.226247987117552,0.6642512077294686,10.63472893183038,,3.7909286097691894,1.5365002683843263
79,30.817230273752013,34.796027911969944,10.413311862587225,7.092055823939882,0.8051529790660226,10.554213633923778,,3.784219001610306,1.737788513150832
80,31.333870101986044,34.39345142243693,10.540794417606012,6.884057971014493,0.8051529790660226,10.520665593129362,,3.784219001610306,1.737788513150832
81,30.01207729468599,31.790123456790123,15.22410091250671,6.702898550724638,0.3153515834675255,10.487117552334944,,3.730542136339238,1.737788513150832
82,30.381105743424584,31.57541599570585,15.157004830917874,6.622383252818035,0.3153515834675255,10.48040794417606,,3.730542136339238,1.737788513150832
83,30.589103596349972,31.48148148148148,15.076489533011273,6.622383252818035,0.3153515834675255,10.48040794417606,,3.69699409554482,1.737788513150832
84,31.226516371443907,31.333870101986044,14.714170692431562,6.541867954911433,0.30864197530864196,10.453569511540525,,3.69699409554482,1.724369296833065
85,30.152979066022546,30.16639828234031,17.290660225442835,6.494900697799249,0.30864197530864196,10.406602254428341,,3.4688674181427803,1.710950080515298
86,30.461621041331185,29.99194847020934,17.082662372517444,6.474771873322598,0.30864197530864196,10.030864197530864,,3.4688674181427803,2.1806226516371443
87,30.609232420826622,29.61621041331186,17.06924315619968,6.407675791733762,0.6977992485238862,9.950348899624261,,3.4688674181427803,2.1806226516371443
88,31.239935587761675,29.388083735909824,16.411701556629094,6.380837359098229,0.6977992485238862,10.279119699409554,,3.421900161030596,2.1806226516371443
89,31.622383252818036,29.139828234031132,16.23054213633924,6.629092860976919,0.6977992485238862,10.151637144390767,,3.408480944712829,2.120236178207193
90,30.991680085882983,28.958668813741276,16.17686527106817,6.172839506172839,4.448470209339774,8.179012345679013,,3.3950617283950617,1.6774020397208802
91,31.226516371443907,28.804347826086957,16.163446054750402,6.4345142243692965,4.28743961352657,8.017981749865807,,3.3950617283950617,1.6706924315619969
92,31.45464304884595,28.73054213633924,16.150026838432634,6.4345142243692965,4.260601180891036,7.98443370907139,,3.3145464304884595,1.6706924315619969
93,31.49490069779925,28.368223295759528,15.854804079441761,6.4345142243692965,4.730273752012883,7.944176060118089,,3.2541599570585076,1.9189479334406871
94,31.5150295222759,28.535963499731615,15.767579173376275,6.394256575415996,4.730273752012883,7.883789586688137,,3.2541599570585076,1.9189479334406871
95,31.790123456790123,28.348094471282877,15.827965646806227,6.360708534621578,4.64975845410628,7.85024154589372,,3.2541599570585076,1.9189479334406871
96,31.394256575415994,28.032742887815353,15.787707997852925,9.406870638754697,3.8848631239935587,6.8035426731078905,,3.2541599570585076,1.4358561460010735
97,31.810252281266774,27.85829307568438,15.72061191626409,9.406870638754697,3.878153515834675,6.662640901771336,,3.2541599570585076,1.4090177133655395
98,32.05179817498658,27.76435856146001,15.693773483628556,9.366612989801396,3.864734299516908,6.635802469135802,,3.2139023081052067,1.4090177133655395
99,32.407407407407405,27.61003757380569,15.573000536768653,9.31964573268921,3.851315083199141,6.615673644659152,,3.2139023081052067,1.4090177133655395
100,32.79656468062265,27.4422973698336,15.479066022544284,9.4873859366613,3.730542136339238,6.535158346752549,,3.1199677938808374,1.4090177133655395
101,33.13204508856683,27.294685990338163,15.405260332796564,9.406870638754697,3.730542136339238,6.501610305958132,,3.1199677938808374,1.4090177133655395
102,33.25952764358561,26.90552871712292,13.110574342458401,9.554482018250134,3.6902844873859366,9.037842190016104,,3.0327428878153517,1.4090177133655395
103,33.641975308641975,26.710950080515296,13.083735909822867,9.473966720343531,3.670155662909286,9.01100375738057,,2.999194847020934,1.4090177133655395
104,33.42055823939882,25.85212023617821,12.95625335480408,9.333064949006978,3.603059581320451,10.359634997316157,,3.1065485775630703,1.3687600644122384
105,33.62855609232421,25.81857219538379,12.922705314009661,9.286097691894794,3.603059581320451,10.299248523886206,,3.1065485775630703,1.3352120236178207
106,33.46081588835212,25.214707461084274,12.869028448738593,9.03113258185722,4.783950617283951,10.406602254428341,,3.0327428878153517,1.2010198604401503
107,33.722490606548575,25.06038647342995,12.815351583467525,9.004294149221685,4.783950617283951,10.379763821792807,,3.0327428878153517,1.2010198604401503
108,34.48067632850242,24.953032742887814,12.607353730542137,8.93719806763285,4.750402576489533,10.158346752549651,,2.965646806226516,1.1473429951690821
109,34.76247987117552,24.912775093934513,12.546967257112184,8.870101986044014,4.736983360171766,10.091250670960816,,2.9388083735909825,1.1406333870101986
110,35.08454106280193,24.825550187869027,12.47987117552335,8.742619431025227,4.736983360171766,9.88996242619431,,2.8918411164787976,1.3486312399355878
111,35.09125067096082,24.644390767579175,12.754965110037574,8.628556092324208,4.824208266237251,9.816156736446592,,2.8918411164787976,1.3486312399355878
112,35.23215244229737,24.550456253354803,12.587224906065487,8.53462157809984,5.065754159957058,9.802737520128824,,2.8918411164787976,1.3352120236178207
113,35.55421363392378,24.44310252281267,12.359098228663447,8.628556092324208,5.052334943639291,9.73564143853999,,2.8918411164787976,1.3352120236178207
114,35.07112184648417,24.396135265700483,11.761943102522812,8.84326355340848,6.528448738593666,9.172034353193773,,2.8918411164787976,1.3352120236178207
115,35.51395598497048,24.14787976382179,11.748523886205046,8.568169618894256,6.649221685453569,9.145195920558239,,2.8918411164787976,1.3352120236178207
116,35.65485775630703,23.859366612989803,11.674718196457327,8.091787439613526,5.984970477724101,10.601180891035963,,2.8918411164787976,1.2412775093934514
117,35.950080515297905,23.772141706924316,11.654589371980677,8.038110574342458,5.924584004294149,10.560923242082662,,2.8918411164787976,1.2077294685990339
118,36.26543209876543,23.564143853998928,11.58749329039184,7.997852925389157,6.078904991948471,10.413311862587225,,2.885131508319914,1.2077294685990339
119,36.40633387010199,23.07434245840043,11.406333870101985,8.360171765968868,6.078904991948471,10.473698336017177,,2.999194847020934,1.2010198604401503
120,36.45330112721417,23.020665593129362,11.406333870101985,8.910359634997317,5.984970477724101,10.084541062801932,,2.999194847020934,1.1406333870101986
121,36.87600644122383,22.571121846484164,11.3191089640365,8.78287707997853,6.333870101986044,9.98389694041868,,2.9924852388620504,1.1406333870101986
122,37.144390767579175,22.463768115942027,11.292270531400966,8.76274825550188,6.300322061191626,9.903381642512077,,2.9924852388620504,1.1406333870101986
123,37.43961352657005,22.356414385399894,11.231884057971014,8.76274825550188,6.246645195920558,9.849704777241008,,2.9723564143853998,1.1406333870101986
124,37.754965110037574,22.04777241009125,11.198336017176597,9.017713365539452,6.078904991948471,9.789318303811058,,2.9723564143853998,1.1406333870101986
125,37.446323134728935,21.497584541062803,11.352657004830919,8.695652173913043,5.924584004294149,9.71551261406334,,4.2270531400966185,1.1406333870101986
126,37.56038647342995,21.22249060654858,11.312399355877616,8.849973161567364,5.991680085882985,9.702093397745571,,4.2270531400966185,1.133923778851315
127,37.78180354267311,21.128556092324207,11.285560923242082,8.836553945249598,5.978260869565218,9.648416532474503,,4.206924315619967,1.133923778851315
128,37.9898013955985,21.061460010735374,11.272141706924316,8.796296296296296,5.978260869565218,9.608158883521202,,4.159957058507783,1.133923778851315
129,36.72839506172839,22.584541062801932,11.077563070316694,8.769457863660762,5.971551261406334,9.601449275362318,,4.133118625872249,1.133923778851315
130,36.922973698336016,22.57783145464305,10.997047772410092,8.722490606548577,5.917874396135265,9.594739667203436,,4.133118625872249,1.133923778851315
131,37.33225979602791,22.510735373054214,10.95679012345679,8.548040794417606,5.884326355340848,9.514224369296834,,4.119699409554482,1.133923778851315
132,37.23161567364466,22.249060654857757,10.929951690821255,8.514492753623188,5.884326355340848,9.96376811594203,,4.092860976918948,1.133923778851315
133,37.546967257112186,22.19538378958669,10.82259796027912,8.474235104669887,5.850778314546431,9.88996242619431,,4.086151368760064,1.133923778851315
134,38.2313472893183,22.114868491680085,10.701825013419215,8.440687063875469,5.844068706387547,9.675254965110037,,4.052603327965647,0.9393451422436929
135,38.00322061191626,20.705850778314545,11.81561996779388,8.3467525496511,5.911164787976382,9.608158883521202,,4.690016103059581,0.9192163177670424
136,38.117283950617285,20.645464304884594,11.81561996779388,8.3467525496511,5.891035963499732,9.5276435856146,,4.609500805152979,1.0466988727858293
137,38.238056897477186,20.303274288781534,11.996779388083736,8.494363929146537,5.864197530864198,9.473966720343531,,4.609500805152979,1.0198604401502953
138,38.43263553408481,20.26972624798712,11.963231347289318,8.353462157809984,5.83064949006978,9.520933977455716,,4.609500805152979,1.0198604401502953
139,38.65405260332797,20.209339774557165,11.929683306494901,8.28636607622115,5.83064949006978,9.4873859366613,,4.582662372517445,1.0198604401502953
140,39.150563607085346,19.98792270531401,11.66129898013956,8.13875469672571,6.045356951154052,9.41358024691358,,4.582662372517445,1.0198604401502953
141,39.398819108964034,19.80005367686527,11.66129898013956,8.13875469672571,6.025228126677402,9.373322597960279,,4.582662372517445,1.0198604401502953
142,39.492753623188406,19.726247987117553,11.647879763821793,7.85024154589372,6.025228126677402,8.99087493290392,,5.340848094471283,0.9259259259259259
143,38.969404186795494,20.491143317230275,11.352657004830919,7.776435856146001,6.018518518518518,8.816425120772946,,5.649490069779925,0.9259259259259259
144,38.92243692968331,19.961084272678477,11.178207192699947,7.575147611379496,7.0450885668276975,8.76274825550188,,5.649490069779925,0.9057971014492754
145,39.090177133655395,19.659151905528716,11.151368760064413,7.50805152979066,6.991411701556629,8.749329039184111,,5.9447128287707995,0.9057971014492754
146,39.48604401502952,19.545088566827697,11.057434245840042,7.501341921631776,6.521739130434782,9.078099838969404,,5.904455179817498,0.9057971014492754
147,39.46591519055287,19.598765432098766,10.903113258185721,7.481213097155126,6.481481481481482,9.017713365539452,,6.146001073537305,0.9057971014492754
148,39.472624798711756,19.53166935050993,10.88298443370907,7.447665056360709,6.608964036500268,9.01100375738057,,6.139291465378422,0.9057971014492754
149,40.25764895330113,19.310252281266774,10.735373054213634,7.139023081052066,6.561996779388084,8.997584541062801,,6.105743424584004,0.8923778851315083
150,40.653515834675254,19.162640901771336,10.681696188942565,7.058507783145465,6.521739130434782,8.943907675791733,,6.092324208266238,0.8856682769726248
151,41.18357487922705,19.028448738593667,10.453569511540525,7.058507783145465,6.608964036500268,8.749329039184111,,6.0654857756307035,0.8521202361782072
152,41.0024154589372,18.894256575415994,10.399892646269459,7.018250134192163,6.615673644659152,7.695920558239399,,7.246376811594203,1.1272141706924315
153,41.0024154589372,18.686258722490606,10.352925389157273,6.998121309715513,6.9310252281266775,7.689210950080516,,7.212828770799785,1.1272141706924315
154,41.27079978529254,18.49838969404187,10.352925389157273,6.998121309715513,6.890767579173376,7.682501341921632,,7.192699946323135,1.1137949543746646
155,41.58615136876006,18.417874396135264,10.171765968867419,6.998121309715513,6.857219538378959,7.6623725174449815,,7.192699946323135,1.1137949543746646
156,41.84111647879764,18.10252281266774,10.071121846484166,6.998121309715513,6.843800322061192,7.709339774557166,,7.1725711218464845,1.261406333870102
157,41.55260332796565,17.518786902844873,9.98389694041868,6.964573268921095,7.924047235641439,7.6623725174449815,,7.132313472893183,1.261406333870102
158,41.52576489533011,17.465110037573805,9.91009125067096,6.951154052603328,7.769726247987117,8.252818035426731,,7.078636607622115,1.0466988727858293
159,41.8142780461621,17.290660225442835,9.796027911969942,6.870638754696726,7.991143317230274,8.158883521202362,,7.03166935050993,1.0466988727858293
160,41.626409017713364,17.21014492753623,9.668545356951155,6.427804616210413,7.816693505099302,9.27938808373591,,6.957863660762212,1.0131508319914118
161,41.74718196457327,17.21014492753623,9.634997316156737,6.427804616210413,7.769726247987117,9.27938808373591,,6.91760601180891,1.0131508319914118
162,42.1833064949007,17.143048845947398,9.520933977455716,6.414385399892646,7.729468599033816,9.145195920558239,,6.857219538378959,1.0064412238325282
163,42.3845947396672,16.982018250134193,9.46725711218465,6.561996779388084,7.6556629092860975,9.104938271604938,,6.837090713902308,1.0064412238325282
164,42.579173376274824,16.894793344068706,9.265968867418144,6.414385399892646,7.561728395061729,9.104938271604938,,7.179280730005368,0.9997316156736447
165,42.51878690284487,16.6935050993022,9.252549651100376,6.588835212023618,7.796564680622652,9.366612989801396,,6.78341384863124,0.9997316156736447
166,42.58588298443371,16.505636070853463,9.312936124530328,6.588835212023618,7.776435856146001,9.554482018250134,,6.6760601180891035,0.9997316156736447
167,42.82071926999463,16.404991948470208,9.265968867418144,6.588835212023618,7.763016639828234,9.514224369296834,,6.642512077294686,0.9997316156736447
168,42.93478260869565,16.23725174449812,9.03113258185722,6.837090713902308,7.856951154052603,9.473966720343531,,6.629092860976919,0.9997316156736447
169,42.572463768115945,15.58641975308642,8.93719806763285,6.736446591519055,9.178743961352657,9.380032206119163,,6.629092860976919,0.9796027911969941
170,42.8743961352657,15.58641975308642,8.910359634997317,6.615673644659152,9.125067096081589,9.359903381642512,,6.5485775630703165,0.9796027911969941
171,43.062265163714436,15.505904455179817,8.84326355340848,6.602254428341385,9.111647879763822,9.346484165324744,,6.5485775630703165,0.9796027911969941
172,43.27026301663983,15.45222758990875,8.82313472893183,6.588835212023618,9.057971014492754,9.27938808373591,,6.5485775630703165,0.9796027911969941
173,43.41116478797638,15.385131508319914,8.621846484165324,7.092055823939882,9.05126140633387,9.118357487922705,,6.340579710144928,0.9796027911969941
174,43.57890499194847,15.351583467525497,8.581588835212024,7.058507783145465,9.024422973698336,9.098228663446054,,6.327160493827161,0.9796027911969941
175,43.84057971014493,15.324745034889963,8.447396672034353,7.0383789586688135,9.004294149221685,9.064680622651638,,6.300322061191626,0.9796027911969941
176,44.16935050993022,15.237520128824476,8.400429414922169,7.024959742351046,8.984165324745035,8.923778851315083,,6.286902844873859,0.9728931830381106
177,41.96188942565754,21.91358024691358,6.749865807836822,6.421095008051529,8.340042941492216,7.467793880837359,,6.172839506172839,0.9728931830381106
178,41.076221148684915,21.631776704240472,7.595276435856146,6.508319914117015,8.709071390230811,7.467793880837359,,6.038647342995169,0.9728931830381106
179,41.29092860976919,21.517713365539453,7.568438003220612,6.333870101986044,8.621846484165324,7.434245840042942,,6.286902844873859,0.9460547504025765
180,41.44524959742351,21.336553945249598,7.5348899624261945,6.494900697799249,8.59500805152979,7.360440150295223,,6.286902844873859,0.9460547504025765
181,41.48550724637681,21.048040794417606,7.7831454643048845,6.655931293612453,8.541331186258722,7.300053676865271,,6.239935587761675,0.9460547504025765
182,41.680085882984436,21.021202361782073,7.769726247987117,6.635802469135802,8.487654320987655,7.300053676865271,,6.159420289855072,0.9460547504025765
183,41.89479334406871,20.954106280193237,7.7361782071927,6.635802469135802,8.454106280193237,7.266505636070853,,6.119162640901771,0.9393451422436929
184,42.1430488459474,20.873590982286636,7.669082125603865,6.595544820182502,8.433977455716587,7.253086419753086,,6.092324208266238,0.9393451422436929
185,42.270531400966185,20.860171765968868,7.648953301127214,6.582125603864735,8.420558239398819,7.185990338164252,,6.092324208266238,0.9393451422436929
186,42.37788513150832,20.71256038647343,7.635534084809447,6.582125603864735,8.413848631239935,7.246376811594203,,6.092324208266238,0.9393451422436929
187,42.652979066022546,20.605206655931294,7.628824476650563,6.528448738593666,8.407139023081053,7.232957595276436,,6.005099302200751,0.9393451422436929
188,42.89452495974235,20.48443370907139,7.5281803542673105,6.508319914117015,8.407139023081053,7.232957595276436,,6.005099302200751,0.9393451422436929
189,41.968599033816425,20.25630703166935,8.682232957595277,6.494900697799249,8.333333333333334,7.494632313472893,,5.83064949006978,0.9393451422436929
190,42.27724100912507,20.068438003220614,8.641975308641975,6.494900697799249,8.299785292538916,7.454374664519592,,5.8239398819108965,0.9393451422436929
191,41.82098765432099,19.384057971014492,8.568169618894256,6.870638754696726,8.225979602791197,8.36688137412775,,5.8239398819108965,0.9393451422436929
192,42.270531400966185,19.35721953837896,8.246108427267847,6.810252281266774,8.225979602791197,8.259527643585615,,5.904455179817498,0.9259259259259259
193,42.73349436392915,19.209608158883523,8.085077831454644,6.776704240472356,8.199141170155663,8.259527643585615,,5.810520665593129,0.9259259259259259
194,42.941492216854535,19.16935050993022,8.05823939881911,6.743156199677939,8.172302737520129,8.252818035426731,,5.736714975845411,0.9259259259259259
195,43.23671497584541,19.11567364465915,7.991143317230274,6.729736983360172,8.091787439613526,8.219269994632313,,5.689747718733226,0.9259259259259259
196,43.47155126140633,18.99490069779925,7.950885668276973,6.696188942565755,8.091787439613526,8.192431561996779,,5.676328502415459,0.9259259259259259
197,43.12265163714439,18.78690284487386,7.635534084809447,6.904186795491143,8.836553945249598,8.158883521202362,,5.629361245303274,0.9259259259259259
198,43.45813204508857,18.706387546967257,7.561728395061729,6.904186795491143,8.722490606548577,8.105206655931294,,5.615942028985507,0.9259259259259259
199,43.001878690284485,18.491680085882983,7.4006977992485234,7.7831454643048845,8.68894256575416,7.809983896940419,,5.548845947396672,1.2748255501878691
200,43.00858829844337,18.397745571658614,7.387278582930757,7.763016639828234,8.36688137412775,7.776435856146001,,6.025228126677402,1.2748255501878691
201,43.17632850241546,18.344068706387546,7.387278582930757,7.601986044015029,8.32662372517445,7.6623725174449815,,6.226516371443908,1.2748255501878691
202,43.86070853462158,18.323939881910896,7.232957595276436,7.481213097155126,8.13875469672571,7.601986044015029,,6.152710681696189,1.2077294685990339
203,44.24315619967794,18.223295759527645,7.1725711218464845,7.454374664519592,8.07836822329576,7.548309178743962,,6.072195383789587,1.2077294685990339
204,44.558507783145465,18.12265163714439,7.132313472893183,7.440955448201825,8.044820182501342,7.5348899624261945,,5.958132045088567,1.2077294685990339
205,44.457863660762214,18.06226516371444,7.03166935050993,7.212828770799785,8.192431561996779,7.48792270531401,,6.347289318303811,1.2077294685990339
206,44.03515834675255,18.129361245303276,6.870638754696726,7.14573268921095,8.655394524959743,7.25979602791197,,6.830381105743425,1.0735373054213635
207,44.518250134192165,17.921363392377884,6.863929146537842,7.098765432098766,8.621846484165324,7.232957595276436,,6.6827697262479875,1.0601180891035964
208,44.79334406870639,17.840848094471284,6.857219538378959,7.071926999463232,8.581588835212024,7.212828770799785,,6.582125603864735,1.0601180891035964
209,44.96779388083736,17.814009661835748,6.971282877079979,7.065217391304348,8.527911969940956,7.199409554482019,,6.461352657004831,0.9930220075147611
210,45.02147074610843,17.807300053676865,6.964573268921095,7.0450885668276975,8.521202361782072,7.199409554482019,,6.447933440687064,0.9930220075147611
211,45.276435856146,17.68652710681696,6.910896403650026,7.159151905528717,8.507783145464305,7.0383789586688135,,6.427804616210413,0.9930220075147611
212,45.03488996242619,17.424852388620504,6.863929146537842,7.118894256575416,8.32662372517445,7.011540526033279,,7.246376811594203,0.9728931830381106
213,45.108695652173914,17.002147074610843,7.313472893183038,7.078636607622115,8.53462157809984,6.816961889425658,,7.179280730005368,0.966183574879227
214,45.3569511540526,16.894793344068706,7.306763285024155,7.0450885668276975,8.501073537305421,6.790123456790123,,7.14573268921095,0.9594739667203436
215,43.17632850241546,19.961084272678477,6.9310252281266775,7.024959742351046,8.494363929146537,6.380837359098229,,7.071926999463232,0.9594739667203436
216,43.53864734299517,19.746376811594203,6.89747718733226,6.937734836285561,8.494363929146537,6.374127750939345,,7.065217391304348,0.9460547504025765
217,44.02173913043478,19.706119162640903,6.877348362855609,6.769994632313473,8.353462157809984,6.508319914117015,,6.816961889425658,0.9460547504025765
218,44.26999463231347,19.558507783145465,6.870638754696726,6.749865807836822,8.246108427267847,6.501610305958132,,6.857219538378959,0.9460547504025765
219,44.115673644659154,18.867418142780462,6.830381105743425,6.481481481481482,8.192431561996779,6.4412238325281805,,8.145464304884594,0.9259259259259259
220,44.35050993022008,18.80703166935051,6.823671497584541,6.4412238325281805,8.145464304884594,6.407675791733762,,8.09849704777241,0.9259259259259259
221,43.37761674718197,18.19645732689211,9.359903381642512,6.179549114331723,7.830112721417069,6.394256575415996,,7.7361782071927,0.9259259259259259
222,43.65942028985507,18.149490069779926,9.359903381642512,6.152710681696189,7.830112721417069,6.246645195920558,,7.675791733762749,0.9259259259259259
223,44.07541599570585,18.055555555555557,9.138486312399356,6.105743424584004,7.830112721417069,6.199677938808374,,7.669082125603865,0.9259259259259259
224,44.33038110574343,18.04884594739667,9.111647879763822,6.0587761674718195,7.716049382716049,6.166129898013956,,7.64224369296833,0.9259259259259259
225,44.56521739130435,17.94820182501342,9.091519055287172,6.031937734836285,7.689210950080516,6.038647342995169,,7.716049382716049,0.9192163177670424
226,44.518250134192165,18.035426731078903,9.064680622651638,6.018518518518518,7.6556629092860975,6.166129898013956,,7.62211486849168,0.9192163177670424
227,44.69269994632314,17.914653784219002,9.05126140633387,5.924584004294149,7.6556629092860975,6.139291465378422,,7.702630166398282,0.9192163177670424
228,44.93424584004294,17.659688674181428,8.943907675791733,6.139291465378422,7.628824476650563,6.099033816425121,,7.675791733762749,0.9192163177670424
229,45.06843800322061,17.337627482555018,8.917069243156199,6.139291465378422,7.595276435856146,6.575415995705851,,7.447665056360709,0.9192163177670424
230,45.10198604401503,17.290660225442835,8.68894256575416,6.125872249060655,7.716049382716049,6.521739130434782,,7.635534084809447,0.9192163177670424
231,45.430756843800324,17.2638217928073,8.353462157809984,5.964841653247451,7.96430488459474,6.521739130434782,,7.588566827697263,0.9125067096081588
232,45.772946859903385,17.062533548040793,8.3064949006978,5.938003220611916,7.9106280193236715,6.521739130434782,,7.575147611379496,0.9125067096081588
233,46.03462157809984,16.988727858293075,8.185721953837897,5.911164787976382,7.890499194847021,6.501610305958132,,7.575147611379496,0.9125067096081588
234,46.121846484165324,16.955179817498657,7.830112721417069,5.904455179817498,7.87037037037037,6.4345142243692965,,7.971014492753623,0.9125067096081588
235,46.262748255501876,16.948470209339774,7.803274288781535,5.897745571658615,7.836822329575953,6.427804616210413,,7.917337627482555,0.9057971014492754
236,46.39694041867955,16.5727321524423,7.561728395061729,6.0654857756307035,7.930756843800322,6.649221685453569,,7.917337627482555,0.9057971014492754
237,46.96054750402576,16.203703703703702,7.561728395061729,6.005099302200751,7.997852925389157,6.575415995705851,,7.877079978529254,0.8185721953837896
238,47.08803005904455,16.183574879227052,7.541599570585078,6.005099302200751,7.971014492753623,6.535158346752549,,7.877079978529254,0.798443370907139
239,47.36983360171766,16.11647879763822,7.689210950080516,5.750134192163178,7.890499194847021,6.508319914117015,,7.877079978529254,0.798443370907139
240,46.9873859366613,15.935319377348362,7.494632313472893,6.052066559312936,8.13875469672571,6.743156199677939,,7.85024154589372,0.798443370907139
241,47.195383789586685,15.888352120236178,7.440955448201825,6.038647342995169,8.13875469672571,6.6827697262479875,,7.816693505099302,0.798443370907139
242,47.175254965110035,15.807836822329575,7.427536231884058,6.038647342995169,8.017981749865807,6.951154052603328,,7.7831454643048845,0.798443370907139
243,47.67176596886742,15.613258185721953,7.427536231884058,6.018518518518518,7.877079978529254,6.857219538378959,,7.7361782071927,0.798443370907139
244,47.839506172839506,15.479066022544284,7.387278582930757,5.991680085882985,7.6623725174449815,6.850509930220075,,7.991143317230274,0.798443370907139
245,47.94685990338164,15.458937198067632,7.333601717659689,5.991680085882985,7.6556629092860975,6.850509930220075,,7.96430488459474,0.798443370907139
246,48.121309715512616,15.445517981749866,7.326892109500805,5.991680085882985,7.608695652173913,6.823671497584541,,7.883789586688137,0.798443370907139
247,48.54401502952228,15.277777777777779,7.2933440687063875,5.991680085882985,7.5281803542673105,6.810252281266774,,7.763016639828234,0.7917337627482555
248,48.70504562533548,15.230810520665592,7.266505636070853,5.964841653247451,7.521470746108427,6.78341384863124,,7.742887815351583,0.785024154589372
249,48.64465915190553,15.009393451422437,7.266505636070853,6.280193236714976,7.4208266237251745,6.78341384863124,,7.830112721417069,0.7648953301127214
250,48.83923778851315,14.962426194310252,7.25979602791197,6.239935587761675,7.367149758454106,6.743156199677939,,7.823403113258186,0.7648953301127214
251,49.060654857756305,14.841653247450349,7.253086419753086,6.1862587224906065,7.360440150295223,6.729736983360172,,7.803274288781535,0.7648953301127214
252,49.422973698336016,14.781266774020397,7.14573268921095,6.125872249060655,7.360440150295223,6.696188942565755,,7.716049382716049,0.7514761137949544
253,48.309178743961354,14.660493827160494,8.55475040257649,5.676328502415459,7.347020933977456,6.991411701556629,,7.709339774557166,0.7514761137949544
254,48.121309715512616,14.61352657004831,8.32662372517445,6.407675791733762,7.25979602791197,6.863929146537842,,7.689210950080516,0.7179280730005367
255,48.17498658078368,14.479334406870638,8.548040794417606,6.400966183574879,7.1658615136876005,6.863929146537842,,7.648953301127214,0.7179280730005367
256,48.711755233494365,14.345142243692969,8.480944712828771,6.387546967257112,6.964573268921095,6.743156199677939,,7.648953301127214,0.7179280730005367
257,48.8996242619431,14.304884594739667,8.447396672034353,6.380837359098229,6.951154052603328,6.6827697262479875,,7.628824476650563,0.7045088566827697
258,49.20826623725174,14.264626945786366,8.21256038647343,6.260064412238325,7.1725711218464845,6.608964036500268,,7.568438003220612,0.7045088566827697
259,49.14787976382179,14.244498121309716,8.527911969940956,6.260064412238325,7.14573268921095,6.488191089640365,,7.501341921631776,0.6843800322061192
260,49.20826623725174,14.15727321524423,8.527911969940956,6.226516371443908,7.0450885668276975,6.421095008051529,,7.729468599033816,0.6843800322061192
261,49.17471819645733,14.023081052066559,8.527911969940956,6.092324208266238,7.434245840042942,6.360708534621578,,7.702630166398282,0.6843800322061192
262,49.040526033279654,13.439345142243694,8.668813741277509,6.078904991948471,7.353730542136339,6.179549114331723,,8.55475040257649,0.6843800322061192
263,49.35587761674718,13.399087493290391,8.662104133118627,6.078904991948471,7.313472893183038,6.092324208266238,,8.440687063875469,0.6575415995705851
264,49.443102522812666,13.358829844337091,8.57487922705314,6.072195383789587,7.4141170155662905,6.038647342995169,,8.440687063875469,0.6575415995705851
265,49.69135802469136,13.197799248523886,8.548040794417606,5.991680085882985,7.467793880837359,6.018518518518518,,8.427267847557703,0.6575415995705851
266,49.7987117552335,13.117283950617283,8.474235104669887,5.991680085882985,7.461084272678476,6.199677938808374,,8.3064949006978,0.6508319914117016
267,50.17444981213097,13.030059044551798,8.447396672034353,5.891035963499732,7.367149758454106,6.179549114331723,,8.279656468062266,0.630703166935051
268,50.42270531400966,12.962962962962964,8.393719806763285,5.891035963499732,7.353730542136339,6.139291465378422,,8.205850778314547,0.630703166935051
269,50.80515297906602,12.929414922168545,8.3467525496511,5.803811057434245,7.2933440687063875,6.099033816425121,,8.091787439613526,0.630703166935051
270,49.422973698336016,12.104133118625873,8.299785292538916,5.837359098228664,9.863123993558776,5.857487922705314,,7.98443370907139,0.630703166935051
271,49.52361782071927,12.097423510466989,8.232689210950081,5.8239398819108965,9.863123993558776,5.857487922705314,,7.971014492753623,0.630703166935051
272,49.63768115942029,12.097423510466989,8.232689210950081,5.736714975845411,9.836285560923242,5.857487922705314,,7.971014492753623,0.630703166935051
273,48.82581857219538,12.875738056897477,7.997852925389157,5.562265163714439,9.802737520128824,6.561996779388084,,7.742887815351583,0.630703166935051
274,49.121041331186255,12.842190016103059,7.944176060118089,5.4616210413311865,9.722222222222221,6.5485775630703165,,7.729468599033816,0.630703166935051
275,49.382716049382715,12.761674718196458,7.648953301127214,5.4616210413311865,9.66183574879227,6.461352657004831,,7.991143317230274,0.630703166935051
276,49.000268384326354,12.74825550187869,7.588566827697263,5.5689747718733225,9.4873859366613,6.333870101986044,,8.641975308641975,0.630703166935051
277,49.21497584541063,12.661030595813205,7.575147611379496,5.522007514761138,9.473966720343531,6.3137412775093935,,8.608427267847558,0.630703166935051
278,49.2686527106817,12.661030595813205,7.561728395061729,5.475040257648954,9.46725711218465,6.380837359098229,,8.561460010735374,0.6239935587761675
279,49.47665056360709,12.614063338701019,7.548309178743962,5.414653784219001,9.460547504025765,6.353998926462695,,8.507783145464305,0.6239935587761675
280,49.53703703703704,12.399355877616747,7.494632313472893,5.394524959742351,9.809447128287708,6.273483628556092,,8.467525496511003,0.6239935587761675
281,48.369565217391305,12.365807836822329,10.084541062801932,5.387815351583468,9.782608695652174,6.152710681696189,,7.300053676865271,0.5568974771873323
282,48.62453032742888,12.29200214707461,10.017444981213098,5.374396135265701,9.75577026301664,6.152710681696189,,7.226247987117552,0.5568974771873323
283,48.98684916800859,12.184648416532475,9.86983360171766,5.226784755770263,10.071121846484166,6.099033816425121,,7.139023081052066,0.4227053140096618
284,49.27536231884058,12.050456253354804,9.628287707997853,5.280461621041331,10.037573805689748,6.199677938808374,,7.105475040257649,0.4227053140096618
285,49.624261943102525,11.929683306494901,9.541062801932368,5.253623188405797,10.02415458937198,6.119162640901771,,7.085346215780999,0.4227053140096618
286,49.73832528180354,11.896135265700483,9.541062801932368,5.213365539452496,9.997316156736447,6.112453032742888,,7.078636607622115,0.4227053140096618
