,45,50,51,53,54,52,55,56,58
0,98.34943639291465,1.6505636070853462,,,,,,,
1,96.63177670424047,3.3682232957595275,,,,,,,
2,96.63177670424047,3.3682232957595275,,,,,,,
3,94.9476650563607,5.052334943639291,,,,,,,
4,94.75308641975309,4.42163177670424,0.6843800322061192,0.14090177133655393,,,,,
5,92.85426731078906,6.347289318303811,0.6575415995705851,0.14090177133655393,,,,,
6,90.89506172839506,6.904186795491143,2.059849704777241,0.14090177133655393,,,,,
7,90.90848094471284,6.890767579173376,2.059849704777241,0.14090177133655393,,,,,
8,90.90848094471284,6.890767579173376,2.059849704777241,0.14090177133655393,,,,,
9,87.55367686527107,10.359634997316157,1.9457863660762211,0.14090177133655393,,,,,
10,87.58722490606549,10.326086956521738,1.9457863660762211,0.14090177133655393,,,,,
11,83.92377885131508,5.810520665593129,10.124798711755233,0.14090177133655393,,,,,
12,83.92377885131508,5.810520665593129,10.124798711755233,0.14090177133655393,,,,,
13,83.93719806763285,5.810520665593129,10.111379495437467,0.14090177133655393,,,,,
14,82.09205582393989,7.6556629092860975,10.111379495437467,0.14090177133655393,,,,,
15,82.42082662372518,7.581857219538379,9.856414385399892,0.14090177133655393,,,,,
16,82.45437466451959,7.548309178743962,9.856414385399892,0.14090177133655393,,,,,
17,77.64358561460011,12.359098228663447,9.856414385399892,0.14090177133655393,,,,,
18,73.80568974771873,16.324476650563607,9.728931830381105,0.14090177133655393,,,,,
19,72.91331186258722,16.982018250134193,9.96376811594203,0.14090177133655393,,,,,
20,73.02066559312937,16.874664519592056,9.96376811594203,0.14090177133655393,,,,,
21,72.74557165861513,16.874664519592056,10.238862050456254,0.14090177133655393,,,,,
22,72.926731078905,16.841116478797638,10.091250670960816,0.14090177133655393,,,,,
23,71.4573268921095,16.264090177133657,12.13768115942029,0.14090177133655393,,,,,
24,69.24986580783683,18.471551261406333,12.13768115942029,0.14090177133655393,,,,,
25,69.25657541599571,18.471551261406333,12.130971551261407,0.14090177133655393,,,,,
26,69.34380032206118,18.38432635534085,12.130971551261407,0.14090177133655393,,,,,
27,69.35050993022007,18.377616747181964,12.130971551261407,0.14090177133655393,,,,,
28,68.94122383252818,17.371175523349436,13.546698872785829,0.14090177133655393,,,,,
29,68.98819108964037,17.337627482555018,11.882716049382717,0.14090177133655393,1.6505636070853462,,,,
30,66.24396135265701,20.041599570585078,11.634460547504025,0.14090177133655393,1.9390767579173376,,,,
31,66.13660762211487,17.136339237788512,13.707729468599034,0.14090177133655393,1.9390767579173376,0.9393451422436929,,,
32,66.19699409554482,17.122920021470748,13.66076221148685,0.14090177133655393,1.9390767579173376,0.9393451422436929,,,
33,66.26409017713365,17.122920021470748,13.593666129898015,0.14090177133655393,1.9390767579173376,0.9393451422436929,,,
34,65.90848094471284,17.391304347826086,12.962962962962964,0.14090177133655393,1.9390767579173376,1.6572732152442298,,,
35,65.89506172839506,16.337895866881375,14.029790660225443,0.14090177133655393,1.9390767579173376,1.6572732152442298,,,
36,63.65405260332797,18.947933440687063,13.774825550187868,0.026838432635534086,1.9390767579173376,1.6572732152442298,,,
37,63.85534084809447,18.9345142243693,13.58695652173913,0.026838432635534086,1.9390767579173376,1.6572732152442298,,,
38,63.90230810520666,18.92109500805153,13.560118089103597,0.026838432635534086,1.9390767579173376,1.6505636070853462,,,
39,61.08427267847558,21.73913043478261,13.560118089103597,0.026838432635534086,1.9390767579173376,1.6505636070853462,,,
40,60.32608695652174,20.632045088566827,15.68035426731079,0.026838432635534086,1.6841116478797638,1.6505636070853462,,,
41,60.32608695652174,20.632045088566827,15.68035426731079,0.026838432635534086,1.6841116478797638,1.6505636070853462,,,
42,57.50805152979066,20.42404723564144,17.002147074610843,0.026838432635534086,1.6841116478797638,3.3548040794417604,,,
43,57.628824476650564,20.42404723564144,16.881374127750938,0.026838432635534086,1.6841116478797638,3.3548040794417604,,,
44,57.74288781535159,20.38378958668814,16.834406870638755,0.026838432635534086,1.6841116478797638,3.3279656468062266,,,
45,55.01878690284487,23.141438539989263,16.814278046162105,0.026838432635534086,1.6706924315619969,3.3279656468062266,,,
46,53.97879763821793,21.390230810520666,19.632313472893184,0.026838432635534086,1.6706924315619969,3.3011272141706924,,,
47,51.59688674181428,23.792270531400966,19.612184648416534,0.026838432635534086,1.6706924315619969,3.3011272141706924,,,
48,50.56360708534621,24.852388620504563,19.612184648416534,0.026838432635534086,1.6706924315619969,3.2742887815351582,,,
49,50.234836285560924,22.82608695652174,21.980676328502415,0.026838432635534086,1.6572732152442298,3.2742887815351582,,,
50,50.3690284487386,22.758990874932906,21.91358024691358,0.026838432635534086,1.6572732152442298,3.2742887815351582,,,
51,50.42270531400966,22.745571658615138,21.900161030595815,0.026838432635534086,1.6304347826086956,3.2742887815351582,,,
52,50.46967257112185,22.73886205045625,21.87332259796028,0.026838432635534086,1.6304347826086956,3.260869565217391,,,
53,50.496511003757384,22.71202361782072,21.87332259796028,0.026838432635534086,1.6304347826086956,3.260869565217391,,,
54,48.168276972624795,25.067096081588836,21.846484165324746,0.026838432635534086,1.6304347826086956,3.260869565217391,,,
55,48.30246913580247,24.9597423510467,21.81964573268921,0.026838432635534086,1.6304347826086956,3.260869565217391,,,
56,46.826355340848096,24.953032742887814,23.329307568438004,,1.6304347826086956,3.260869565217391,,,
57,45.29656468062265,25.40257648953301,23.19511540526033,1.4559849704777241,1.6304347826086956,3.0193236714975846,,,
58,45.3569511540526,25.37573805689748,23.161567364465917,1.4559849704777241,1.6304347826086956,3.0193236714975846,,,
59,44.0955448201825,26.48953301127214,23.161567364465917,1.4559849704777241,1.6304347826086956,3.166935050993022,,,
60,43.37090713902308,25.946054750402578,24.4296833064949,1.4559849704777241,1.6304347826086956,3.166935050993022,,,
61,43.49168008588298,25.85882984433709,24.402844873859365,1.4492753623188406,1.6304347826086956,3.166935050993022,,,
62,41.84782608695652,27.596618357487923,24.308910359634996,1.4492753623188406,1.6304347826086956,3.166935050993022,,,
63,40.163714439076756,28.522544283413847,25.11406333870102,1.4492753623188406,1.6304347826086956,3.1199677938808374,,,
64,24.416264090177133,59.245840042941495,10.983628556092324,1.4492753623188406,0.9326355340848095,2.9723564143853998,,,
65,24.610842726784757,59.05126140633387,10.983628556092324,1.4492753623188406,0.9326355340848095,2.9723564143853998,,,
66,24.684648416532475,58.964036500268385,10.312667740203972,1.4492753623188406,0.9326355340848095,3.656736446591519,,,
67,24.758454106280194,58.89023081052066,10.312667740203972,1.4492753623188406,0.9326355340848095,3.656736446591519,,,
68,24.805421363392377,56.74315619967794,10.285829307568438,1.4492753623188406,0.9259259259259259,3.656736446591519,2.13365539452496,,
69,24.993290391841118,56.58212560386473,10.285829307568438,1.4492753623188406,0.9259259259259259,3.629898013955985,2.13365539452496,,
70,25.187869028448738,56.454643048845945,10.218733225979603,1.4492753623188406,0.9259259259259259,3.629898013955985,2.13365539452496,,
71,25.006709608158882,56.635802469135804,10.218733225979603,1.4492753623188406,0.9259259259259259,3.629898013955985,2.13365539452496,,
72,25.07380568974772,56.57541599570585,10.21202361782072,1.4492753623188406,0.9259259259259259,3.629898013955985,2.13365539452496,,
73,22.510735373054214,59.15190552871712,10.198604401502953,1.4492753623188406,0.9259259259259259,3.629898013955985,2.13365539452496,,
74,22.537573805689746,59.15190552871712,10.171765968867419,1.4492753623188406,0.9259259259259259,3.629898013955985,2.13365539452496,,
75,22.490606548577563,62.84219001610306,7.601986044015029,1.415727321524423,0.5703166935050993,2.945517981749866,2.13365539452496,,
76,22.6784755770263,60.319377348362856,7.581857219538379,1.415727321524423,0.5703166935050993,2.9052603327965647,4.528985507246377,,
77,22.705314009661837,59.514224369296834,7.581857219538379,1.415727321524423,1.3486312399355878,2.9052603327965647,4.528985507246377,,
78,22.765700483091788,59.48067632850242,7.555018786902845,1.415727321524423,1.3486312399355878,2.9052603327965647,4.528985507246377,,
79,22.906602254428343,59.366612989801396,7.555018786902845,1.3888888888888888,1.3486312399355878,2.9052603327965647,4.528985507246377,,
80,22.973698336017176,59.326355340848096,7.555018786902845,1.3888888888888888,1.3486312399355878,2.9052603327965647,4.502147074610843,,
81,23.11460010735373,59.20558239398819,7.5348899624261945,1.3888888888888888,1.3486312399355878,2.9052603327965647,4.502147074610843,,
82,22.490606548577563,60.35963499731616,7.011540526033279,1.3888888888888888,1.3419216317767042,2.9052603327965647,4.502147074610843,,
83,21.812936124530328,58.601717659688674,9.4873859366613,1.3888888888888888,1.3419216317767042,2.9052603327965647,4.461889425657541,,
84,20.108695652173914,55.35426731078905,11.668008588298443,1.3888888888888888,1.3419216317767042,2.9052603327965647,7.232957595276436,,
85,20.148953301127214,55.31400966183575,11.668008588298443,1.3888888888888888,1.3419216317767042,2.9052603327965647,7.232957595276436,,
86,20.169082125603865,55.10601180891036,11.225174449812132,1.3888888888888888,1.3419216317767042,3.535963499731616,7.232957595276436,,
87,20.471014492753625,55.10601180891036,11.211755233494364,1.3888888888888888,1.3016639828234031,3.535963499731616,6.984702093397746,,
88,19.773215244229736,54.03918411164788,12.99651100375738,1.3888888888888888,1.3016639828234031,3.535963499731616,6.964573268921095,,
89,19.840311325818572,52.39533011272142,12.895866881374127,1.3888888888888888,1.3016639828234031,3.535963499731616,8.641975308641975,,
90,20.001341921631777,52.28797638217928,12.895866881374127,1.3888888888888888,1.3016639828234031,3.5225442834138487,8.601717659688674,,
91,19.41760601180891,53.247450348899626,12.52012882447665,1.3888888888888888,1.3016639828234031,3.5225442834138487,8.601717659688674,,
92,14.110305958132045,61.33252818035427,11.292270531400966,1.3888888888888888,1.3016639828234031,1.9726247987117553,8.601717659688674,,
93,14.143853998926463,60.25228126677402,14.264626945786366,0.040257648953301126,1.2949543746645196,1.4224369296833066,8.581588835212024,,
94,14.506172839506172,59.99060654857756,14.264626945786366,0.040257648953301126,1.221148684916801,1.4224369296833066,8.55475040257649,,
95,14.714170692431562,59.84299516908212,14.237788513150832,0.040257648953301126,1.221148684916801,1.4224369296833066,8.521202361782072,,
96,14.714170692431562,57.54830917874396,14.143853998926463,,1.6639828234031133,3.435319377348363,8.494363929146537,,
97,14.821524422973699,57.44095544820183,14.143853998926463,,1.6639828234031133,3.435319377348363,8.494363929146537,,
98,15.096618357487923,57.09205582393988,14.110305958132045,,1.6572732152442298,3.7037037037037037,8.340042941492216,,
99,15.177133655394526,56.90418679549114,14.076757917337627,,1.6572732152442298,3.7037037037037037,8.480944712828771,,
100,15.291196994095545,56.82367149758454,14.04320987654321,,1.6572732152442298,3.7037037037037037,8.480944712828771,,
101,15.33816425120773,56.776704240472355,14.04320987654321,,1.6572732152442298,3.7037037037037037,8.480944712828771,,
102,15.391841116478798,55.05904455179817,14.04320987654321,,1.6572732152442298,3.7037037037037037,10.144927536231885,,
103,15.371712292002147,54.58266237251745,14.04320987654321,,1.6572732152442298,3.670155662909286,10.674986580783683,,
104,15.257648953301127,52.33494363929147,13.935856146001074,,1.6505636070853462,3.670155662909286,13.150831991411701,,
105,15.24422973698336,52.254428341384866,13.915727321524423,,1.6505636070853462,3.670155662909286,13.264895330112722,,
106,14.278046162104133,51.21443907675792,13.7211486849168,,1.6505636070853462,5.8172302737520125,13.318572195383789,,
107,14.371980676328503,51.15405260332797,13.694310252281268,,1.6505636070853462,5.8172302737520125,13.311862587224907,,
108,14.40552871712292,51.1406333870102,13.694310252281268,,1.6505636070853462,5.8172302737520125,13.291733762748256,,
109,14.445786366076222,51.12721417069243,13.667471819645733,,1.6505636070853462,5.8172302737520125,13.291733762748256,,
110,14.720880300590446,50.95276435856146,13.56682769726248,,1.6505636070853462,5.8172302737520125,13.291733762748256,,
111,15.26435856146001,50.50993022007515,13.539989264626946,,1.6505636070853462,5.743424584004294,13.291733762748256,,
112,15.432098765432098,50.48309178743961,13.539989264626946,,1.6505636070853462,5.736714975845411,13.157541599570585,,
113,15.653515834675256,50.4092860976919,13.539989264626946,,1.6505636070853462,5.589103596349974,13.157541599570585,,
114,15.754159957058508,50.32877079978529,13.519860440150294,,1.6505636070853462,5.589103596349974,13.157541599570585,,
115,15.901771336553946,50.24154589371981,13.506441223832528,,1.6170155662909287,5.589103596349974,13.144122383252817,,
116,15.962157809983896,50.22812667740204,13.459473966720344,,1.6170155662909287,5.589103596349974,13.144122383252817,,
117,15.58641975308642,50.0402576489533,13.459473966720344,0.8051529790660226,1.4090177133655395,5.58239398819109,13.117283950617283,,
118,15.58641975308642,50.0402576489533,13.459473966720344,0.8051529790660226,1.4090177133655395,5.58239398819109,13.117283950617283,,
119,15.727321524422974,49.953032742887814,13.459473966720344,0.8051529790660226,1.4090177133655395,5.58239398819109,13.063607085346217,,
120,15.901771336553946,49.85909822866345,13.459473966720344,0.8051529790660226,1.4090177133655395,5.58239398819109,12.983091787439614,,
121,15.96886741814278,49.63768115942029,13.459473966720344,1.3821792807300053,1.4090177133655395,5.58239398819109,12.560386473429952,,
122,16.015834675254965,49.63768115942029,13.41250670960816,1.3821792807300053,1.4090177133655395,5.58239398819109,12.560386473429952,,
123,16.0829307568438,49.5907139023081,13.39237788513151,1.3821792807300053,1.4090177133655395,5.58239398819109,12.560386473429952,,
124,16.109769189479334,49.563875469672574,13.39237788513151,1.3821792807300053,1.4090177133655395,5.58239398819109,12.560386473429952,,
125,16.27750939345142,49.282071926999464,13.345410628019323,1.3821792807300053,1.4090177133655395,5.58239398819109,12.721417069243156,,
126,16.431830381105744,48.530595813204506,13.345410628019323,1.3821792807300053,1.4090177133655395,5.320719269994632,13.33870101986044,0.24154589371980675,
127,16.451959205582394,48.510466988727856,13.345410628019323,1.3821792807300053,1.3352120236178207,5.394524959742351,13.33870101986044,0.24154589371980675,
128,16.61969940955448,48.389694041867955,13.305152979066023,1.3821792807300053,1.3352120236178207,5.394524959742351,13.331991411701557,0.24154589371980675,
129,16.6935050993022,48.31588835212023,13.305152979066023,1.3821792807300053,1.3352120236178207,5.394524959742351,13.331991411701557,0.24154589371980675,
130,16.982018250134193,48.07434245840043,13.271604938271604,1.3821792807300053,1.3352120236178207,5.394524959742351,13.318572195383789,0.24154589371980675,
131,17.06924315619968,47.416800858829845,13.868760064412239,1.3821792807300053,1.3352120236178207,5.394524959742351,13.291733762748256,0.24154589371980675,
132,16.78743961352657,47.97369833601718,13.593666129898015,1.3821792807300053,1.3352120236178207,5.394524959742351,13.291733762748256,0.24154589371980675,
133,16.19699409554482,46.68545356951154,15.848094471282877,1.3821792807300053,1.3352120236178207,4.851046698872786,13.459473966720344,0.24154589371980675,
134,15.58641975308642,44.71953837895867,16.894793344068706,1.3821792807300053,1.3352120236178207,4.8443370907139025,14.99597423510467,0.24154589371980675,
135,15.780998389694043,44.67928073000537,16.867954911433173,1.3821792807300053,1.3352120236178207,4.8443370907139025,14.868491680085883,0.24154589371980675,
136,16.243961352657006,44.357219538378956,16.834406870638755,1.288244766505636,1.3352120236178207,4.830917874396135,14.868491680085883,0.24154589371980675,
137,16.35131508319914,44.357219538378956,16.72705314009662,1.288244766505636,1.3352120236178207,4.830917874396135,14.868491680085883,0.24154589371980675,
138,16.465378421900162,43.914385399892645,16.700214707461082,1.288244766505636,1.3150831991411702,4.830917874396135,15.24422973698336,0.24154589371980675,
139,16.59286097691895,43.81374127750939,16.700214707461082,1.288244766505636,1.3150831991411702,4.830917874396135,15.22410091250671,0.23483628556092323,
140,16.666666666666668,43.78690284487386,16.680085882984432,1.288244766505636,1.3150831991411702,4.830917874396135,15.197262479871176,0.23483628556092323,
141,16.720343531937736,43.76006441223833,16.680085882984432,1.288244766505636,1.3150831991411702,4.830917874396135,15.170424047235642,0.23483628556092323,
142,16.99543746645196,43.65942028985507,16.552603327965645,1.288244766505636,1.3150831991411702,4.830917874396135,15.123456790123457,0.23483628556092323,
143,17.04911433172303,43.63258185721954,16.525764895330113,1.288244766505636,1.3150831991411702,4.830917874396135,15.123456790123457,0.23483628556092323,
144,17.236983360171767,43.47155126140633,16.49892646269458,1.288244766505636,1.3150831991411702,4.830917874396135,15.123456790123457,0.23483628556092323,
145,16.478797638217927,42.50536768652711,16.358024691358025,0.5904455179817498,1.0735373054213635,9.588030059044552,13.238056897477188,0.16774020397208803,
146,16.505636070853463,42.49865807836822,16.337895866881375,0.5904455179817498,1.0735373054213635,9.588030059044552,13.238056897477188,0.16774020397208803,
147,16.57944176060118,42.49194847020934,16.29092860976919,0.5904455179817498,1.0735373054213635,9.588030059044552,13.217928073000536,0.16774020397208803,
148,16.67337627482555,42.48523886205046,16.210413311862588,0.5904455179817498,1.0735373054213635,9.588030059044552,13.211218464841654,0.16774020397208803,
149,16.67337627482555,42.48523886205046,16.210413311862588,0.5904455179817498,1.0735373054213635,9.588030059044552,13.211218464841654,0.16774020397208803,
150,16.841116478797638,42.41814278046162,16.210413311862588,0.5904455179817498,1.0735373054213635,9.4873859366613,13.211218464841654,0.16774020397208803,
151,17.10950080515298,42.250402576489535,16.17686527106817,0.5904455179817498,1.0735373054213635,9.373322597960279,13.258185721953838,0.16774020397208803,
152,17.431561996779386,42.03569511540526,16.163446054750402,0.5904455179817498,1.0735373054213635,9.27938808373591,13.258185721953838,0.16774020397208803,
153,13.768115942028986,49.06736446591519,13.345410628019323,0.8655394524959742,1.0735373054213635,8.662104133118627,13.050187869028449,0.16774020397208803,
154,12.969672571121846,48.32259796027912,14.922168545356952,0.8655394524959742,1.0735373054213635,8.628556092324208,13.050187869028449,0.16774020397208803,
155,13.130703166935051,48.289049919484704,14.922168545356952,0.8655394524959742,1.0735373054213635,8.588298443370908,12.962962962962964,0.16774020397208803,
156,13.217928073000536,48.087761674718195,14.868491680085883,0.8655394524959742,1.0735373054213635,8.57487922705314,13.144122383252817,0.16774020397208803,
157,13.45276435856146,48.060923242082666,14.687332259796028,0.8655394524959742,1.0735373054213635,8.561460010735374,13.130703166935051,0.16774020397208803,
158,13.781535158346752,48.03408480944713,14.65378421900161,0.8655394524959742,1.0735373054213635,8.527911969940956,12.895866881374127,0.16774020397208803,
159,13.828502415458937,48.00053676865271,14.65378421900161,0.8655394524959742,1.0735373054213635,8.527911969940956,12.882447665056361,0.16774020397208803,
160,13.90901771336554,47.92002147074611,14.65378421900161,0.8655394524959742,1.0735373054213635,8.527911969940956,12.882447665056361,0.16774020397208803,
161,14.023081052066559,47.83279656468062,14.626945786366075,0.8655394524959742,1.0735373054213635,8.527911969940956,12.882447665056361,0.16774020397208803,
162,14.056629092860977,47.799248523886206,14.626945786366075,0.8655394524959742,1.0735373054213635,8.527911969940956,12.882447665056361,0.16774020397208803,
163,13.969404186795492,46.55126140633387,14.626945786366075,0.8655394524959742,2.9790660225442833,8.527911969940956,12.31213097155126,0.16774020397208803,
164,13.982823403113258,46.5378421900161,14.626945786366075,0.8655394524959742,2.9790660225442833,8.527911969940956,12.31213097155126,0.16774020397208803,
165,14.143853998926463,46.464036500268385,14.606816961889425,0.8655394524959742,2.9790660225442833,8.527911969940956,12.245034889962426,0.16774020397208803,
166,14.257917337627482,46.3768115942029,14.593397745571659,0.8655394524959742,2.9790660225442833,8.527911969940956,12.23161567364466,0.16774020397208803,
167,14.351851851851851,46.34997316156736,14.526301663982823,0.8655394524959742,2.9790660225442833,8.527911969940956,12.23161567364466,0.16774020397208803,
168,14.55984970477724,46.323134728931834,14.36527106816962,0.8655394524959742,2.9790660225442833,8.507783145464305,12.23161567364466,0.16774020397208803,
169,14.553140096618357,46.31642512077295,13.862050456253355,2.1940418679549114,2.9790660225442833,8.085077831454644,11.842458400429415,0.16774020397208803,
170,14.640365002683843,46.26945786366076,13.83521202361782,2.187332259796028,2.9790660225442833,8.07836822329576,11.842458400429415,0.16774020397208803,
171,14.720880300590446,44.477992485238865,13.620504562533547,3.7238325281803544,3.683574879227053,8.07836822329576,11.52710681696189,0.16774020397208803,
172,14.841653247450349,44.43102522812668,13.593666129898015,3.7238325281803544,3.683574879227053,8.051529790660226,11.506977992485238,0.16774020397208803,
173,14.935587761674718,44.41760601180891,13.56682769726248,3.670155662909286,3.683574879227053,8.051529790660226,11.506977992485238,0.16774020397208803,
174,15.009393451422437,44.39076757917338,13.56682769726248,3.670155662909286,3.656736446591519,8.031400966183575,11.506977992485238,0.16774020397208803,
175,15.116747181964573,44.30354267310789,13.56682769726248,3.670155662909286,3.656736446591519,8.031400966183575,11.486849168008588,0.16774020397208803,
176,15.177133655394526,44.28341384863124,13.546698872785829,3.670155662909286,3.656736446591519,8.031400966183575,11.466720343531938,0.16774020397208803,
177,15.297906602254429,44.256575415995705,13.546698872785829,3.670155662909286,3.656736446591519,7.98443370907139,11.419753086419753,0.16774020397208803,
178,15.425389157273216,44.176060118089104,13.526570048309178,3.656736446591519,3.656736446591519,7.971014492753623,11.419753086419753,0.16774020397208803,
179,15.646806226516372,44.02844873859367,13.513150831991412,3.643317230273752,3.656736446591519,7.950885668276973,11.392914653784219,0.16774020397208803,
180,15.673644659151906,44.00161030595813,13.513150831991412,3.643317230273752,3.656736446591519,7.950885668276973,11.392914653784219,0.16774020397208803,
181,15.868223295759528,43.853998926462694,13.499731615673644,3.643317230273752,3.656736446591519,7.944176060118089,11.366076221148685,0.16774020397208803,
182,15.881642512077295,43.84057971014493,13.499731615673644,3.643317230273752,3.656736446591519,7.944176060118089,11.366076221148685,0.16774020397208803,
183,16.15673644659152,43.78690284487386,13.439345142243694,3.643317230273752,3.6231884057971016,7.930756843800322,11.252012882447666,0.16774020397208803,
184,16.23725174449812,43.78690284487386,13.43263553408481,3.643317230273752,3.6231884057971016,7.856951154052603,11.252012882447666,0.16774020397208803,
185,16.304347826086957,43.77348362855609,13.419216317767042,3.643317230273752,3.6231884057971016,7.816693505099302,11.252012882447666,0.16774020397208803,
186,16.35131508319914,43.69967793880837,13.419216317767042,3.3413848631239937,3.6231884057971016,7.803274288781535,11.594202898550725,0.16774020397208803,
187,16.67337627482555,43.46484165324745,13.345410628019323,3.3413848631239937,3.6231884057971016,7.803274288781535,11.580783682232958,0.16774020397208803,
188,16.841116478797638,43.16961889425657,13.311862587224907,3.81105743424584,3.6231884057971016,7.6623725174449815,11.580783682232958,,
189,16.921631776704242,43.08910359634997,13.311862587224907,3.81105743424584,3.6231884057971016,7.6623725174449815,11.580783682232958,,
190,17.324208266237253,42.23698336017176,12.721417069243156,5.904455179817498,3.9586688137412773,7.648953301127214,10.205314009661835,,
191,17.384594739667204,42.11621041331186,12.714707461084272,5.904455179817498,3.9586688137412773,7.75630703166935,10.165056360708535,,
192,17.820719269994633,41.8142780461621,12.640901771336553,5.904455179817498,3.9586688137412773,7.749597423510467,10.111379495437467,,
193,17.85426731078905,41.659957058507786,12.620772946859903,5.904455179817498,3.9586688137412773,7.749597423510467,10.25228126677402,,
194,17.894524959742352,41.38486312399356,12.600644122383253,5.904455179817498,4.294149221685454,7.709339774557166,10.21202361782072,,
195,17.98845947396672,41.378153515834676,12.600644122383253,5.877616747181965,4.280730005367687,7.682501341921632,10.19189479334407,,
196,18.02200751476114,40.22410091250671,12.057165861513688,5.877616747181965,4.274020397208803,9.373322597960279,10.171765968867419,,
197,18.47826086956522,40.13687600644123,11.990069779924852,5.877616747181965,4.274020397208803,9.265968867418144,9.977187332259795,,
198,18.733225979602793,39.982555018786904,11.990069779924852,5.877616747181965,4.200214707461084,9.23913043478261,9.977187332259795,,
199,18.632581857219538,39.88191089640365,11.003757380568974,5.548845947396672,4.166666666666667,10.789049919484702,9.977187332259795,,
200,18.256843800322063,39.57326892109501,11.003757380568974,5.548845947396672,5.434782608695652,10.789049919484702,9.39345142243693,,
201,18.438003220611915,39.412238325281805,11.003757380568974,5.548845947396672,5.434782608695652,10.768921095008052,9.39345142243693,,
202,18.417874396135264,39.36527106816962,11.003757380568974,5.548845947396672,5.434782608695652,10.836017176596886,9.39345142243693,,
203,18.47826086956522,39.36527106816962,10.943370907139023,5.548845947396672,5.434782608695652,10.836017176596886,9.39345142243693,,
204,18.686258722490606,39.34514224369297,10.795759527643586,5.548845947396672,5.407944176060118,10.82259796027912,9.39345142243693,,
205,18.54535695115405,39.26462694578637,10.795759527643586,6.327160493827161,5.407944176060118,10.82259796027912,8.836553945249598,,
206,18.572195383789587,39.26462694578637,10.795759527643586,6.327160493827161,5.381105743424584,10.82259796027912,8.836553945249598,,
207,18.585614600107355,39.26462694578637,10.782340311325818,6.327160493827161,5.381105743424584,10.82259796027912,8.836553945249598,,
208,18.726516371443907,39.22436929683307,10.782340311325818,6.3070316693505095,5.35426731078905,10.795759527643586,8.809715512614064,,
209,18.511808910359633,37.65432098765432,10.742082662372518,6.206387546967257,5.35426731078905,12.76838432635534,8.76274825550188,,
210,18.59903381642512,37.6207729468599,10.742082662372518,6.206387546967257,5.35426731078905,12.721417069243156,8.756038647342995,,
211,18.45813204508857,37.0907139023081,10.641438539989265,8.588298443370908,3.8848631239935587,12.721417069243156,8.61513687600644,,
212,18.666129898013956,36.943102522812666,10.641438539989265,8.588298443370908,3.864734299516908,12.681159420289855,8.61513687600644,,
213,18.86070853462158,36.81561996779388,10.641438539989265,8.568169618894256,3.864734299516908,12.634192163177671,8.61513687600644,,
214,18.988191089640367,36.540526033279654,10.61460010735373,8.568169618894256,3.864734299516908,12.634192163177671,8.454106280193237,0.33548040794417605,
215,19.108964036500268,36.50697799248524,10.554213633923778,8.568169618894256,3.864734299516908,12.620772946859903,8.440687063875469,0.33548040794417605,
216,19.269994632313473,36.44659151905529,10.493827160493828,8.568169618894256,3.864734299516908,12.620772946859903,8.400429414922169,0.33548040794417605,
217,19.14922168545357,36.26543209876543,10.48040794417606,8.943907675791733,3.864734299516908,12.439613526570048,8.521202361782072,0.33548040794417605,
218,19.64573268921095,35.88298443370907,10.48040794417606,8.923778851315083,3.864734299516908,12.432903918411165,8.433977455716587,0.33548040794417605,
219,19.51825013419216,35.29253891572732,10.453569511540525,8.923778851315083,4.804079441760601,12.419484702093397,8.252818035426731,0.33548040794417605,
220,19.585346215780998,35.258990874932906,10.453569511540525,8.923778851315083,4.804079441760601,12.419484702093397,8.219269994632313,0.33548040794417605,
221,19.665861513687602,35.19189479334407,10.453569511540525,8.923778851315083,4.804079441760601,12.419484702093397,8.205850778314547,0.33548040794417605,
222,19.981213097155127,34.88996242619431,10.453569511540525,8.910359634997317,4.804079441760601,12.419484702093397,8.205850778314547,0.33548040794417605,
223,20.101986044015028,34.66183574879227,10.38647342995169,8.407139023081053,5.689747718733226,12.385936661298981,8.031400966183575,0.33548040794417605,
224,20.101986044015028,34.66183574879227,10.38647342995169,8.407139023081053,5.689747718733226,12.385936661298981,8.031400966183575,0.33548040794417605,
225,20.283145464304884,34.614868491680085,10.38647342995169,8.380300590445518,5.629361245303274,12.365807836822329,8.004562533548041,0.33548040794417605,
226,20.67230273752013,34.514224369296834,10.131508319914117,8.380300590445518,5.622651637144391,12.338969404186795,8.004562533548041,0.33548040794417605,
227,20.759527643585614,34.50751476113795,10.131508319914117,8.380300590445518,5.622651637144391,12.318840579710145,7.944176060118089,0.33548040794417605,
228,21.095008051529792,34.38674181427805,10.00402576489533,8.299785292538916,5.615942028985507,12.318840579710145,7.944176060118089,0.33548040794417605,
229,21.141975308641975,34.38003220611916,10.00402576489533,8.299785292538916,5.58239398819109,12.31213097155126,7.944176060118089,0.33548040794417605,
230,21.289586688137412,34.38003220611916,9.923510466988727,8.272946859903382,5.58239398819109,12.27187332259796,7.944176060118089,0.33548040794417605,
231,21.410359634997317,34.286097691894796,9.923510466988727,8.272946859903382,5.58239398819109,12.245034889962426,7.944176060118089,0.33548040794417605,
232,21.43719806763285,34.25925925925926,9.923510466988727,8.272946859903382,5.58239398819109,12.245034889962426,7.944176060118089,0.33548040794417605,
233,21.557971014492754,34.23913043478261,9.91009125067096,8.246108427267847,5.58239398819109,12.245034889962426,7.944176060118089,0.27509393451422437,
234,21.87332259796028,34.15190552871712,9.836285560923242,8.246108427267847,5.58239398819109,12.245034889962426,7.7898550724637685,0.27509393451422437,
235,21.994095544820183,34.0378421900161,9.923510466988727,8.246108427267847,5.548845947396672,12.184648416532475,7.7898550724637685,0.27509393451422437,
236,22.014224369296834,33.40713902308105,9.91009125067096,8.246108427267847,5.522007514761138,12.184648416532475,8.440687063875469,0.27509393451422437,
237,22.34970477724101,33.340042941492214,9.883252818035427,8.246108427267847,5.522007514761138,11.943102522812667,8.440687063875469,0.27509393451422437,
238,22.416800858829845,33.333333333333336,9.842995169082126,8.246108427267847,5.522007514761138,11.943102522812667,8.420558239398819,0.27509393451422437,
239,22.69860440150295,33.21256038647343,9.842995169082126,8.3467525496511,5.522007514761138,11.916264090177133,8.185721953837897,0.27509393451422437,
240,22.564412238325282,32.88378958668814,9.842995169082126,9.353193773483628,5.522007514761138,11.668008588298443,7.890499194847021,0.27509393451422437,
241,22.584541062801932,32.88378958668814,9.842995169082126,9.353193773483628,5.522007514761138,11.647879763821793,7.890499194847021,0.27509393451422437,
242,23.03408480944713,32.75630703166935,9.75577026301664,9.23913043478261,5.522007514761138,11.245303274288782,8.172302737520129,0.27509393451422437,
243,23.11460010735373,32.6959205582394,9.75577026301664,9.23913043478261,5.522007514761138,11.245303274288782,8.172302737520129,0.2549651100375738,
244,23.15485775630703,32.6959205582394,9.75577026301664,9.23913043478261,5.522007514761138,11.245303274288782,8.132045088566828,0.2549651100375738,
245,23.262211486849168,32.648953301127214,9.75577026301664,9.23913043478261,5.522007514761138,11.18491680085883,8.132045088566828,0.2549651100375738,
246,23.329307568438004,32.60198604401503,9.75577026301664,9.225711218464841,5.515297906602254,11.18491680085883,8.132045088566828,0.2549651100375738,
247,23.443370907139023,32.55501878690284,9.628287707997853,9.353193773483628,5.515297906602254,11.117820719269995,8.132045088566828,0.2549651100375738,
248,23.845947396672035,32.47450348899624,9.554482018250134,9.353193773483628,5.475040257648954,10.909822866344605,8.132045088566828,0.2549651100375738,
249,24.000268384326354,32.43424584004294,9.554482018250134,9.339774557165862,5.4616210413311865,10.849436392914654,8.105206655931294,0.2549651100375738,
250,24.000268384326354,32.43424584004294,9.554482018250134,9.339774557165862,5.4616210413311865,10.849436392914654,8.105206655931294,0.2549651100375738,
251,24.074074074074073,32.41411701556629,9.554482018250134,9.339774557165862,5.4616210413311865,10.795759527643586,8.105206655931294,0.2549651100375738,
252,23.879495437466453,32.2061191626409,9.23913043478261,9.292807300053678,5.441492216854535,11.560654857756306,7.997852925389157,0.2549651100375738,0.1274825550187869
253,23.97342995169082,32.17257112184648,9.23913043478261,9.111647879763822,5.441492216854535,11.681427804616211,7.997852925389157,0.2549651100375738,0.1274825550187869
254,23.852657004830917,32.139023081052066,9.23913043478261,9.453837895866881,5.441492216854535,11.493558776167472,7.997852925389157,0.2549651100375738,0.1274825550187869
255,24.12775093934514,32.13231347289318,9.205582393988191,9.453837895866881,5.441492216854535,11.292270531400966,7.96430488459474,0.2549651100375738,0.1274825550187869
256,24.282071926999464,31.870638754696724,9.185453569511541,9.453837895866881,5.441492216854535,11.292270531400966,8.091787439613526,0.2549651100375738,0.1274825550187869
257,23.96672034353194,31.333870101986044,8.749329039184111,9.453837895866881,6.729736983360172,11.29898013955985,8.085077831454644,0.2549651100375738,0.1274825550187869
258,24.013687600644122,31.300322061191626,8.420558239398819,9.453837895866881,7.065217391304348,11.29898013955985,8.064949006977992,0.2549651100375738,0.1274825550187869
259,24.174718196457327,31.186258722490606,8.420558239398819,9.447128287707997,7.0383789586688135,11.29898013955985,8.051529790660226,0.2549651100375738,0.1274825550187869
260,23.678207192699947,30.770263016639827,8.199141170155663,9.433709071390231,6.937734836285561,12.76838432635534,7.843531937734836,0.24154589371980675,0.1274825550187869
261,23.792270531400966,30.730005367686527,8.185721953837897,9.380032206119163,6.937734836285561,12.76838432635534,7.836822329575953,0.24154589371980675,0.1274825550187869
262,23.852657004830917,30.649490069779926,8.125335480407944,9.380032206119163,7.0450885668276975,12.741545893719806,7.836822329575953,0.24154589371980675,0.1274825550187869
263,23.98684916800859,30.595813204508858,8.125335480407944,9.359903381642512,7.018250134192163,12.714707461084272,7.830112721417069,0.24154589371980675,0.1274825550187869
264,24.040526033279658,30.54884594739667,8.125335480407944,9.359903381642512,7.018250134192163,12.70799785292539,7.830112721417069,0.24154589371980675,0.1274825550187869
265,24.174718196457327,30.414653784219002,8.125335480407944,9.359903381642512,7.018250134192163,12.70799785292539,7.830112721417069,0.24154589371980675,0.1274825550187869
266,24.261943102522814,30.414653784219002,8.105206655931294,9.359903381642512,7.004830917874396,12.681159420289855,7.803274288781535,0.24154589371980675,0.1274825550187869
267,24.396135265700483,30.414653784219002,8.105206655931294,9.359903381642512,6.971282877079979,12.580515297906603,7.803274288781535,0.24154589371980675,0.1274825550187869
268,24.65780998389694,30.360976918947934,8.105206655931294,9.359903381642512,6.944444444444445,12.419484702093397,7.7831454643048845,0.24154589371980675,0.1274825550187869
269,24.912775093934513,30.273752012882447,8.105206655931294,9.265968867418144,6.944444444444445,12.359098228663447,7.769726247987117,0.24154589371980675,0.1274825550187869
270,25.13419216317767,30.14626945786366,8.105206655931294,9.265968867418144,6.944444444444445,12.265163714439076,7.769726247987117,0.24154589371980675,0.1274825550187869
271,25.0402576489533,29.911433172302736,8.105206655931294,9.265968867418144,6.944444444444445,12.25174449812131,8.111916264090176,0.24154589371980675,0.1274825550187869
272,25.140901771336555,29.824208266237253,8.091787439613526,9.265968867418144,6.944444444444445,12.25174449812131,8.111916264090176,0.24154589371980675,0.1274825550187869
273,25.389157273215243,29.73027375201288,8.091787439613526,9.232420826623725,6.944444444444445,12.151100375738057,8.091787439613526,0.24154589371980675,0.1274825550187869
274,25.5703166935051,29.582662372517444,8.091787439613526,9.225711218464841,6.944444444444445,12.151100375738057,8.064949006977992,0.24154589371980675,0.1274825550187869
275,25.704508856682768,29.582662372517444,8.091787439613526,9.125067096081589,6.910896403650026,12.151100375738057,8.064949006977992,0.24154589371980675,0.1274825550187869
276,25.885668276972623,29.461889425657542,8.091787439613526,9.111647879763822,6.863929146537842,12.151100375738057,8.064949006977992,0.24154589371980675,0.1274825550187869
277,25.905797101449274,29.17337627482555,8.091787439613526,9.39345142243693,6.850509930220075,12.151100375738057,8.064949006977992,0.24154589371980675,0.1274825550187869
278,25.95276435856146,29.17337627482555,8.091787439613526,9.39345142243693,6.850509930220075,12.104133118625873,8.064949006977992,0.24154589371980675,0.1274825550187869
279,26.04669887278583,29.166666666666668,8.05823939881911,9.39345142243693,6.796833064949007,12.104133118625873,8.064949006977992,0.24154589371980675,0.1274825550187869
280,26.167471819645733,29.066022544283413,8.05823939881911,9.373322597960279,6.796833064949007,12.104133118625873,8.064949006977992,0.24154589371980675,0.1274825550187869
281,26.160762211486848,28.965378421900162,8.05823939881911,9.514224369296834,6.796833064949007,12.070585077831455,8.064949006977992,0.24154589371980675,0.1274825550187869
282,26.247987117552334,28.951959205582394,8.044820182501342,9.514224369296834,6.756575415995706,12.070585077831455,8.044820182501342,0.24154589371980675,0.1274825550187869
283,26.50295222758991,28.844605475040257,8.024691358024691,9.447128287707997,6.756575415995706,12.037037037037036,8.017981749865807,0.24154589371980675,0.1274825550187869
284,26.78475577026302,28.64331723027375,8.024691358024691,9.440418679549115,6.696188942565755,12.037037037037036,8.004562533548041,0.24154589371980675,0.1274825550187869
285,27.012882447665056,28.502415458937197,8.024691358024691,9.440418679549115,6.642512077294686,12.00348899624262,8.004562533548041,0.24154589371980675,0.1274825550187869
286,27.214170692431562,28.32125603864734,8.024691358024691,9.977187332259795,6.608964036500268,11.654589371980677,7.856951154052603,0.2147074610842727,0.1274825550187869
287,27.214170692431562,27.690552871712292,8.957326892109501,9.923510466988727,6.608964036500268,11.453301127214171,7.809983896940419,0.2147074610842727,0.1274825550187869
288,27.643585614600106,27.690552871712292,8.923778851315083,9.883252818035427,6.608964036500268,11.097691894793345,7.809983896940419,0.2147074610842727,0.1274825550187869
289,27.945517981749866,27.636876006441224,8.923778851315083,9.883252818035427,6.367418142780462,11.097691894793345,7.803274288781535,0.2147074610842727,0.1274825550187869
290,28.06629092860977,27.636876006441224,8.890230810520666,9.856414385399892,6.340579710144928,11.097691894793345,7.776435856146001,0.2147074610842727,0.12077294685990338
