,45,50,53,55,51,52,56,54,58,57,60,59,61,63,62
0,96.01449275362319,3.9855072463768115,,,,,,,,,,,,,
1,95.70585077831454,4.294149221685454,,,,,,,,,,,,,
2,95.41062801932367,4.569243156199678,0.013419216317767043,0.0067096081588835215,,,,,,,,,,,
3,87.07058507783145,12.754965110037574,0.013419216317767043,0.13419216317767044,0.026838432635534086,,,,,,,,,,
4,85.06441223832527,14.761137949543746,0.013419216317767043,0.13419216317767044,0.026838432635534086,,,,,,,,,,
5,83.60171765968867,16.19699409554482,0.013419216317767043,0.13419216317767044,0.05367686527106817,,,,,,,,,,
6,76.66398282340312,23.060923242082662,0.013419216317767043,0.20799785292538917,0.05367686527106817,,,,,,,,,,
7,75.14761137949544,19.404186795491142,0.013419216317767043,0.2616747181964573,5.159688674181428,0.013419216317767043,,,,,,,,,
8,57.038378958668815,38.10386473429951,,0.4428341384863124,4.40150295222759,0.013419216317767043,,,,,,,,,
9,56.57541599570585,36.54723564143854,2.871712292002147,0.32877079978529256,3.6634460547504024,0.013419216317767043,,,,,,,,,
10,56.48148148148148,36.500268384326354,2.9589371980676327,0.3824476650563607,3.603059581320451,0.013419216317767043,0.06038647342995169,,,,,,,,
11,56.333870101986044,36.48684916800859,2.9589371980676327,0.5233494363929146,3.6231884057971016,0.013419216317767043,0.06038647342995169,,,,,,,,
12,56.092324208266234,36.553945249597426,2.9589371980676327,0.6374127750939346,3.6231884057971016,0.07380568974771873,0.06038647342995169,,,,,,,,
13,56.03864734299517,36.36607622114869,2.985775630703167,0.798443370907139,3.656736446591519,0.06038647342995169,0.06038647342995169,0.03354804079441761,,,,,,,
14,55.763553408480945,36.44659151905529,2.985775630703167,0.9057971014492754,3.717122920021471,0.06038647342995169,0.08722490606548577,0.03354804079441761,,,,,,,
15,55.68974771873322,36.46672034353194,2.985775630703167,0.9594739667203436,3.717122920021471,0.06038647342995169,0.08722490606548577,0.03354804079441761,,,,,,,
16,55.43478260869565,36.60762211486849,2.985775630703167,1.0198604401502953,3.750670960815888,0.06038647342995169,0.10735373054213634,0.03354804079441761,,,,,,,
17,55.34755770263017,36.574074074074076,2.952227589908749,1.0332796564680622,3.750670960815888,0.0939345142243693,0.10735373054213634,0.10735373054213634,0.03354804079441761,,,,,,
18,55.20665593129361,36.66800858829844,2.952227589908749,1.0265700483091786,3.7640901771336552,0.0939345142243693,0.10735373054213634,0.14761137949543746,0.03354804079441761,,,,,,
19,54.830917874396135,35.35292538915727,2.952227589908749,1.0198604401502953,3.717122920021471,1.8384326355340848,0.10735373054213634,0.14761137949543746,0.03354804079441761,,,,,,
20,54.770531400966185,35.319377348362856,2.952227589908749,1.1137949543746646,3.717122920021471,1.8384326355340848,0.10735373054213634,0.14761137949543746,0.03354804079441761,,,,,,
21,53.81105743424584,36.13794954374664,2.952227589908749,1.1943102522812667,3.743961352657005,1.8719806763285025,0.10735373054213634,0.14761137949543746,0.03354804079441761,,,,,,
22,43.57890499194847,46.323134728931834,2.8650026838432634,1.415727321524423,3.7037037037037037,1.8250134192163177,0.10735373054213634,0.14761137949543746,0.03354804079441761,,,,,,
23,43.47826086956522,44.68599033816425,2.9052603327965647,3.113258185721954,3.7037037037037037,1.8250134192163177,0.10735373054213634,0.14761137949543746,0.03354804079441761,,,,,,
24,43.33064949006978,44.65244229736983,2.8918411164787976,3.294417606011809,3.717122920021471,1.8115942028985508,0.10735373054213634,0.14761137949543746,0.04696725711218465,,,,,,
25,42.01556629092861,42.78717122920021,2.8515834675254963,3.2139023081052067,3.717122920021471,5.112721417069243,0.10735373054213634,0.14761137949543746,0.04696725711218465,,,,,,
26,41.96188942565754,42.80059044551798,2.804616210413312,3.207192699946323,3.743961352657005,5.112721417069243,0.1274825550187869,0.14761137949543746,0.0939345142243693,,,,,,
27,41.7740203972088,42.24369296833065,2.804616210413312,3.4286097691894795,3.7372517444981215,5.642780461621041,0.1274825550187869,0.14761137949543746,0.0939345142243693,,,,,,
28,41.626409017713364,42.03569511540526,3.0595813204508855,3.5091250670960816,3.743961352657005,5.642780461621041,0.14090177133655393,0.14761137949543746,0.0939345142243693,,,,,,
29,39.53301127214171,44.7866344605475,3.0595813204508855,3.5829307568438002,3.7104133118625873,4.911433172302737,0.17444981213097155,0.14761137949543746,0.0939345142243693,,,,,,
30,37.25845410628019,46.96725711218465,3.0327428878153517,3.7037037037037037,3.683574879227053,4.864465915190553,0.17444981213097155,0.14761137949543746,0.12077294685990338,0.04696725711218465,,,,,
31,37.21819645732689,43.86741814278046,3.0327428878153517,3.6097691894793345,3.683574879227053,8.085077831454644,0.1878690284487386,0.14761137949543746,0.12077294685990338,0.04696725711218465,,,,,
32,35.487117552334944,40.21739130434783,3.0327428878153517,3.556092324208266,9.380032206119163,7.796564680622652,0.19457863660762212,0.15432098765432098,0.12077294685990338,0.06038647342995169,,,,,
33,35.39318303811057,40.203972088030056,3.0327428878153517,3.6231884057971016,9.406870638754697,7.7898550724637685,0.20799785292538917,0.15432098765432098,0.12077294685990338,0.06709608158883522,,,,,
34,35.28582930756844,40.19726247987118,2.952227589908749,3.7238325281803544,9.373322597960279,7.796564680622652,0.24825550187869028,0.15432098765432098,0.20128824476650564,0.06709608158883522,,,,,
35,35.07783145464305,39.96913580246913,2.952227589908749,3.7372517444981215,10.071121846484166,7.353730542136339,0.3488996242619431,0.18115942028985507,0.20128824476650564,0.10735373054213634,,,,,
36,34.13848631239936,40.94202898550725,2.9052603327965647,3.8177670424047236,10.057702630166398,7.212828770799785,0.4092860976918948,0.18115942028985507,0.2281266774020397,0.10735373054213634,,,,,
37,34.05797101449275,40.79441760601181,2.9589371980676327,3.978797638217928,10.02415458937198,7.212828770799785,0.4227053140096618,0.19457863660762212,0.2281266774020397,0.1274825550187869,,,,,
38,31.226516371443907,43.37090713902308,3.3011272141706924,3.938539989264627,8.964036500268385,7.212828770799785,1.4090177133655395,0.2214170692431562,0.2281266774020397,0.1274825550187869,,,,,
39,31.199677938808374,43.25013419216318,3.3011272141706924,4.012345679012346,8.997584541062801,7.192699946323135,1.4090177133655395,0.2616747181964573,0.2281266774020397,0.14761137949543746,,,,,
40,31.159420289855074,42.11621041331186,3.33467525496511,4.052603327965647,7.930756843800322,10.279119699409554,0.46967257112184646,0.2616747181964573,0.2281266774020397,0.16774020397208803,,,,,
41,31.11916264090177,42.028985507246375,3.33467525496511,4.052603327965647,7.957595276435856,10.23215244229737,0.5770263016639828,0.30193236714975846,0.2281266774020397,0.16774020397208803,,,,,
42,29.522275899087493,36.09769189479334,3.207192699946323,3.7037037037037037,7.877079978529254,18.16290928609769,0.6172839506172839,0.2214170692431562,0.32877079978529256,0.2616747181964573,,,,,
43,29.294149221685455,36.090982286634464,3.2004830917874396,3.743961352657005,7.816693505099302,18.303811057434245,0.7380568974771873,0.2214170692431562,0.32877079978529256,0.2616747181964573,,,,,
44,29.22705314009662,36.04401502952228,3.2004830917874396,3.81105743424584,7.816693505099302,18.283682232957595,0.8051529790660226,0.2214170692431562,0.32877079978529256,0.2616747181964573,,,,,
45,25.805152979066023,39.56655931293612,3.126677402039721,3.81105743424584,7.803274288781535,18.16290928609769,0.8051529790660226,0.2214170692431562,0.32877079978529256,0.36902844873859364,,,,,
46,25.704508856682768,39.58668813741278,3.1468062265163717,3.8311862587224907,7.7361782071927,18.115942028985508,0.8990874932903918,0.23483628556092323,0.32877079978529256,0.41599570585077833,,,,,
47,25.697799248523886,39.492753623188406,3.052871712292002,3.8848631239935587,7.749597423510467,18.075684380032207,0.8990874932903918,0.23483628556092323,0.4562533548040794,0.4562533548040794,,,,,
48,25.6105743424584,39.512882447665056,3.052871712292002,3.8848631239935587,7.729468599033816,17.98174986580784,0.9594739667203436,0.2616747181964573,0.4562533548040794,0.5501878690284487,,,,,
49,23.79898013955985,37.815351583467525,3.052871712292002,3.81105743424584,11.406333870101985,17.867686527106816,0.9728931830381106,0.2616747181964573,0.4562533548040794,0.5568974771873323,,,,,
50,23.658078368223297,37.795222758990874,3.0394524959742353,3.770799785292539,11.218464841653248,17.807300053676865,0.9594739667203436,0.6508319914117016,0.46967257112184646,0.6172839506172839,0.013419216317767043,,,,
51,23.64465915190553,37.39264626945786,4.998658078368224,3.851315083199141,11.07085346215781,16.304347826086957,0.9057971014492754,0.6374127750939346,0.49651100375738055,0.5770263016639828,0.013419216317767043,0.10735373054213634,,,
52,23.63123993558776,37.31884057971015,4.998658078368224,3.9049919484702094,9.688674181427805,16.304347826086957,2.428878153515835,0.49651100375738055,0.49651100375738055,0.6105743424584005,0.013419216317767043,0.10735373054213634,,,
53,23.61111111111111,37.245034889962426,4.944981213097155,3.9184111647879765,9.675254965110037,16.304347826086957,2.4221685453569513,0.5099302200751477,0.5501878690284487,0.6977992485238862,0.013419216317767043,0.10735373054213634,,,
54,20.705850778314545,36.513687600644126,4.555823939881911,3.8714439076757916,15.116747181964573,15.009393451422437,2.3483628556092326,0.5099302200751477,0.5501878690284487,0.6977992485238862,0.013419216317767043,0.10735373054213634,,,
55,20.652173913043477,35.42673107890499,4.5893719806763285,3.743961352657005,14.841653247450349,16.639828234031132,2.368491680085883,0.5099302200751477,0.5300590445517982,0.5770263016639828,0.013419216317767043,0.10735373054213634,,,
56,20.517981749865807,29.663177670424048,4.166666666666667,3.079710144927536,22.000805152979066,16.59957058507783,2.3081052066559313,0.4562533548040794,0.49651100375738055,0.6038647342995169,,0.10735373054213634,,,
57,20.26972624798712,29.864465915190554,4.193505099302201,3.140096618357488,21.900161030595815,16.59957058507783,2.3483628556092326,0.46296296296296297,0.49651100375738055,0.6038647342995169,,0.12077294685990338,,,
58,20.142243692968332,29.924852388620504,4.193505099302201,3.2139023081052067,21.85319377348363,16.59286097691895,2.3886205045625335,0.46296296296296297,0.5032206119162641,0.6038647342995169,,0.12077294685990338,,,
59,20.075147611379496,29.944981213097154,4.193505099302201,3.260869565217391,21.772678475577028,16.42512077294686,2.49597423510467,0.48980139559849706,0.5300590445517982,0.6910896403650026,,0.12077294685990338,,,
60,17.767042404723565,27.911969940955448,2.7241009125067097,3.046162104133119,30.92458400429415,13.694310252281268,2.3886205045625335,0.4495437466451959,0.5166398282340311,0.4562533548040794,,0.12077294685990338,,,
61,16.861245303274288,26.737788513150832,2.7241009125067097,2.831454643048846,34.19887278582931,12.801932367149758,2.3550724637681157,0.43612453032742887,0.5233494363929146,0.4092860976918948,,0.12077294685990338,,,
62,16.438539989264626,25.684380032206118,2.408749329039184,2.9052603327965647,33.984165324745035,14.78797638217928,2.328234031132582,0.43612453032742887,0.4830917874396135,0.4092860976918948,,0.12077294685990338,0.013419216317767043,,
63,9.440418679549115,32.387278582930755,2.0531400966183573,2.5496511003757383,33.84997316156736,14.49946323134729,2.3550724637681157,1.7444981213097155,0.4830917874396135,0.5032206119162641,,0.12077294685990338,0.013419216317767043,,
64,9.39345142243693,32.37385936661299,2.073268921095008,2.576489533011272,36.93639291465379,11.41304347826087,2.3752012882447664,1.7444981213097155,0.47638217928073,0.5032206119162641,,0.12077294685990338,0.013419216317767043,,
65,9.39345142243693,30.48174986580784,2.073268921095008,6.139291465378422,35.258990874932906,11.392914653784219,2.3752012882447664,1.7444981213097155,0.47638217928073,0.5300590445517982,,0.12077294685990338,0.013419216317767043,,
66,9.373322597960279,30.44820182501342,2.073268921095008,6.179549114331723,35.46027911969941,11.292270531400966,2.254428341384863,1.7310789049919484,0.5233494363929146,0.5300590445517982,,0.12077294685990338,0.013419216317767043,,
67,9.353193773483628,29.70343531937735,2.073268921095008,6.890767579173376,35.39318303811057,11.245303274288782,2.3617820719269993,1.7310789049919484,0.5233494363929146,0.5770263016639828,0.013419216317767043,0.12077294685990338,0.013419216317767043,,
68,9.306226516371444,29.66988727858293,2.073268921095008,7.1725711218464845,35.06441223832528,11.252012882447666,2.475845410628019,1.7310789049919484,0.5233494363929146,0.5770263016639828,0.013419216317767043,0.12077294685990338,0.020128824476650563,,
69,9.219001610305957,29.146537842190018,2.0665593129361244,7.4006977992485234,34.90338164251208,10.923242082662373,2.522812667740204,2.623456790123457,0.5233494363929146,0.48980139559849706,0.040257648953301126,0.12077294685990338,0.020128824476650563,,
70,9.198872785829307,29.07944176060118,2.0665593129361244,7.568438003220612,34.68196457326892,10.923242082662373,2.5496511003757383,2.6502952227589907,0.5233494363929146,0.48980139559849706,0.040257648953301126,0.20799785292538917,0.020128824476650563,,
71,8.76274825550188,28.92512077294686,2.0531400966183573,7.548309178743962,35.138217928073,10.909822866344605,2.657004830917874,2.6502952227589907,0.5233494363929146,0.5032206119162641,0.10064412238325282,0.20799785292538917,0.020128824476650563,,
72,8.749329039184111,28.797638217928075,2.059849704777241,7.702630166398282,35.11808910359635,10.82259796027912,2.6704240472356413,2.6838432635534084,0.5233494363929146,0.5434782608695652,0.10064412238325282,0.20799785292538917,0.020128824476650563,,
73,8.742619431025227,28.663446054750402,2.059849704777241,7.877079978529254,34.98389694041868,10.836017176596886,2.657004830917874,2.6838432635534084,0.5233494363929146,0.5770263016639828,0.1274825550187869,0.24825550187869028,0.020128824476650563,,
74,8.709071390230811,28.65673644659152,2.033011272141707,8.004562533548041,34.876543209876544,10.674986580783683,2.657004830917874,2.6838432635534084,0.5636070853462157,0.7380568974771873,0.13419216317767044,0.24825550187869028,0.020128824476650563,,
75,8.68894256575416,28.629898013955984,2.033011272141707,8.05823939881911,34.836285560923244,10.68840579710145,2.6704240472356413,2.6838432635534084,0.5636070853462157,0.7380568974771873,0.13419216317767044,0.24825550187869028,0.026838432635534086,,
76,8.68894256575416,28.5829307568438,2.033011272141707,8.192431561996779,34.70880300590446,10.668276972624799,2.6838432635534084,2.690552871712292,0.5904455179817498,0.7246376811594203,0.1610305958132045,0.24825550187869028,0.026838432635534086,,
77,8.675523349436393,28.509125067096083,2.033011272141707,8.393719806763285,34.46725711218465,10.621309715512615,2.7106816961889426,2.690552871712292,0.5904455179817498,0.8722490606548577,0.1610305958132045,0.24825550187869028,0.026838432635534086,,
78,7.548309178743962,41.41170155662909,0.32877079978529256,8.07836822329576,30.803811057434245,8.158883521202362,0.8051529790660226,1.4895330112721417,0.20799785292538917,0.8185721953837896,0.14761137949543746,0.19457863660762212,0.0067096081588835215,,
79,7.548309178743962,41.26409017713365,0.32877079978529256,8.28636607622115,30.689747718733226,8.145464304884594,0.8319914117015567,1.5297906602254427,0.2214170692431562,0.8051529790660226,0.14761137949543746,0.19457863660762212,0.0067096081588835215,,
80,7.548309178743962,41.15002683843264,0.36902844873859364,8.380300590445518,30.636070853462158,8.145464304884594,0.8655394524959742,1.5297906602254427,0.2214170692431562,0.798443370907139,0.14761137949543746,0.19457863660762212,0.013419216317767043,,
81,7.548309178743962,41.02254428341385,0.36902844873859364,8.507783145464305,30.575684380032207,8.125335480407944,0.8923778851315083,1.5633387010198605,0.2214170692431562,0.8185721953837896,0.14761137949543746,0.19457863660762212,0.013419216317767043,,
82,7.541599570585078,40.89506172839506,0.36902844873859364,8.641975308641975,30.421363392377884,8.11862587224906,1.0265700483091786,1.5432098765432098,0.2214170692431562,0.8521202361782072,0.14761137949543746,0.20799785292538917,0.013419216317767043,,
83,5.790391841116479,38.157541599570585,0.3153515834675255,8.501073537305421,35.258990874932906,8.044820182501342,0.9930220075147611,1.482823403113258,0.2549651100375738,0.8252818035426731,0.15432098765432098,0.20799785292538917,0.013419216317767043,,
84,5.790391841116479,38.14412238325282,0.33548040794417605,8.61513687600644,35.11137949543747,8.017981749865807,0.9930220075147611,1.482823403113258,0.2549651100375738,0.8521202361782072,0.15432098765432098,0.20799785292538917,0.040257648953301126,,
85,5.790391841116479,32.10547504025765,0.36231884057971014,8.601717659688674,35.057702630166396,8.024691358024691,0.9930220075147611,7.548309178743962,0.2549651100375738,0.8588298443370908,0.15432098765432098,0.20799785292538917,0.040257648953301126,,
86,5.790391841116479,32.07192699946323,0.39586688137412773,8.82313472893183,34.72222222222222,8.011272141706923,1.0466988727858293,7.541599570585078,0.2549651100375738,0.9125067096081588,0.18115942028985507,0.20799785292538917,0.040257648953301126,,
87,5.776972624798712,31.95115405260333,0.39586688137412773,9.138486312399356,34.38674181427805,8.011272141706923,1.133923778851315,7.521470746108427,0.28180354267310787,0.95276435856146,0.18115942028985507,0.2281266774020397,0.040257648953301126,,
88,5.770263016639828,31.87734836285561,0.4092860976918948,9.225711218464841,34.265968867418145,8.004562533548041,1.133923778851315,7.568438003220612,0.28180354267310787,0.9796027911969941,0.18115942028985507,0.2616747181964573,0.040257648953301126,,
89,5.770263016639828,31.810252281266774,0.4092860976918948,9.31964573268921,34.252549651100374,7.991143317230274,1.1205045625335481,7.568438003220612,0.28180354267310787,0.9930220075147611,0.18115942028985507,0.2616747181964573,0.040257648953301126,,
90,5.743424584004294,29.542404723564143,0.30193236714975846,8.32662372517445,39.48604401502952,7.004830917874396,1.0802469135802468,7.058507783145465,0.2281266774020397,0.8521202361782072,0.18115942028985507,0.15432098765432098,0.040257648953301126,,
91,5.730005367686527,29.280730005367687,0.30193236714975846,9.27938808373591,38.99624261943102,7.004830917874396,1.1003757380568975,6.843800322061192,0.24154589371980675,0.8454106280193237,0.18115942028985507,0.15432098765432098,0.040257648953301126,,
92,5.71658615136876,29.260601180891037,0.30193236714975846,9.252549651100376,38.95598497047772,7.004830917874396,1.1473429951690821,6.729736983360172,0.24154589371980675,0.9728931830381106,0.18115942028985507,0.19457863660762212,0.040257648953301126,,
93,5.689747718733226,28.35480407944176,0.2952227589908749,9.39345142243693,38.808373590982285,6.998121309715513,1.2546967257112185,7.548309178743962,0.24154589371980675,0.9997316156736447,0.18115942028985507,0.19457863660762212,0.040257648953301126,,
94,5.60252281266774,28.33467525496511,0.30864197530864196,9.46725711218465,38.70101986044015,6.977992485238862,1.3016639828234031,7.575147611379496,0.23483628556092323,0.9863123993558777,0.24825550187869028,0.19457863660762212,0.06709608158883522,,
95,5.60252281266774,27.30810520665593,0.322061191626409,10.61460010735373,38.56682769726248,6.977992485238862,1.3016639828234031,7.588566827697263,0.23483628556092323,0.9326355340848095,0.24825550187869028,0.19457863660762212,0.06709608158883522,0.040257648953301126,
96,5.60252281266774,27.241009125067094,0.33548040794417605,10.379763821792807,37.21819645732689,8.836553945249598,1.1406333870101986,7.561728395061729,0.24825550187869028,0.8923778851315083,0.24825550187869028,0.19457863660762212,0.06038647342995169,0.040257648953301126,
97,5.5756843800322065,27.167203435319376,0.33548040794417605,10.57434245840043,36.9699409554482,8.883521202361782,1.2681159420289856,7.5281803542673105,0.24825550187869028,0.8923778851315083,0.24825550187869028,0.19457863660762212,0.07380568974771873,0.040257648953301126,
98,5.5756843800322065,27.13365539452496,0.33548040794417605,10.628019323671497,36.8894256575416,8.883521202361782,1.3217928073000538,7.48792270531401,0.2549651100375738,0.8923778851315083,0.24825550187869028,0.23483628556092323,0.07380568974771873,0.040257648953301126,
99,5.522007514761138,27.13365539452496,0.33548040794417605,10.547504025764896,36.69484702093398,8.809715512614064,1.3821792807300053,7.702630166398282,0.2549651100375738,0.966183574879227,0.2683843263553409,0.24154589371980675,0.10064412238325282,0.040257648953301126,
100,5.508588298443371,27.106816961889425,0.36902844873859364,10.63472893183038,36.61433172302738,8.809715512614064,1.3821792807300053,7.702630166398282,0.2549651100375738,0.966183574879227,0.2683843263553409,0.24154589371980675,0.10064412238325282,0.040257648953301126,
101,5.495169082125604,27.106816961889425,0.36902844873859364,10.68840579710145,36.52710681696189,8.796296296296296,1.4492753623188406,7.702630166398282,0.2549651100375738,0.95276435856146,0.2683843263553409,0.24825550187869028,0.10064412238325282,0.040257648953301126,
102,5.481749865807837,27.059849704777243,0.36902844873859364,10.715244229736983,36.43317230273752,8.82313472893183,1.5096618357487923,7.628824476650563,0.24825550187869028,1.0466988727858293,0.2683843263553409,0.24825550187869028,0.1274825550187869,0.040257648953301126,
103,3.92512077294686,25.644122383252817,0.33548040794417605,9.225711218464841,41.23054213633924,8.722490606548577,1.402308105206656,7.75630703166935,0.19457863660762212,1.0198604401502953,0.2147074610842727,0.2147074610842727,0.07380568974771873,0.040257648953301126,
104,3.911701556629093,25.617283950617285,0.3488996242619431,9.219001610305957,41.19028448738594,8.715780998389693,1.4492753623188406,7.7831454643048845,0.19457863660762212,1.0265700483091786,0.2147074610842727,0.2147074610842727,0.07380568974771873,0.040257648953301126,
105,3.898282340311326,25.55018786902845,0.3757380568974772,9.292807300053678,41.15002683843264,8.709071390230811,1.5029522275899088,7.75630703166935,0.16774020397208803,1.0265700483091786,0.2147074610842727,0.24154589371980675,0.07380568974771873,0.040257648953301126,
106,3.898282340311326,25.483091787439612,0.3757380568974772,9.359903381642512,41.0829307568438,8.709071390230811,1.556629092860977,7.75630703166935,0.16774020397208803,1.0265700483091786,0.2147074610842727,0.2549651100375738,0.07380568974771873,0.040257648953301126,
107,3.898282340311326,25.39586688137413,0.3757380568974772,9.46725711218465,40.80112721417069,8.393719806763285,1.7176596886741815,7.776435856146001,0.20128824476650564,1.3754696725711217,0.2147074610842727,0.2683843263553409,0.07380568974771873,0.040257648953301126,
108,3.898282340311326,25.34219001610306,0.3757380568974772,9.608158883521202,40.64680622651637,8.380300590445518,1.7914653784219001,7.722758990874933,0.1878690284487386,1.42914653784219,0.2147074610842727,0.2952227589908749,0.06709608158883522,0.040257648953301126,
109,3.898282340311326,25.281803542673106,0.3757380568974772,9.702093397745571,40.31132581857219,8.380300590445518,2.033011272141707,7.75630703166935,0.1878690284487386,1.42914653784219,0.2147074610842727,0.30864197530864196,0.08051529790660225,0.040257648953301126,
110,3.898282340311326,25.207997852925388,1.9390767579173376,9.520933977455716,38.96269457863661,8.360171765968868,2.0531400966183573,7.75630703166935,0.1878690284487386,1.4694041867954912,0.2147074610842727,0.30864197530864196,0.08051529790660225,0.040257648953301126,
111,3.864734299516908,24.778582930756844,1.865271068169619,9.541062801932368,39.439076757917334,8.333333333333334,2.0665593129361244,7.722758990874933,0.2147074610842727,1.4761137949543746,0.24154589371980675,0.33548040794417605,0.08051529790660225,0.040257648953301126,
112,3.864734299516908,24.738325281803544,1.892109500805153,9.541062801932368,39.378690284487384,8.313204508856682,2.1068169618894257,7.722758990874933,0.2281266774020397,1.5163714439076759,0.24154589371980675,0.33548040794417605,0.08051529790660225,0.040257648953301126,
113,3.864734299516908,24.691358024691358,1.892109500805153,9.614868491680086,39.17740203972088,8.279656468062266,2.281266774020397,7.722758990874933,0.2281266774020397,1.5499194847020934,0.24154589371980675,0.33548040794417605,0.08051529790660225,0.040257648953301126,
114,3.864734299516908,24.335748792270532,1.9457863660762211,10.198604401502953,38.868760064412236,8.225979602791197,2.301395598497048,7.716049382716049,0.24154589371980675,1.583467525496511,0.24154589371980675,0.33548040794417605,0.10064412238325282,0.040257648953301126,
115,3.844605475040258,24.241814278046164,1.9256575415995705,10.326086956521738,38.62721417069243,8.219269994632313,2.5026838432635534,7.7361782071927,0.24154589371980675,1.6035963499731616,0.24154589371980675,0.3488996242619431,0.10064412238325282,0.040257648953301126,
116,3.844605475040258,24.168008588298445,1.9256575415995705,10.399892646269459,38.519860440150296,8.219269994632313,2.589908749329039,7.682501341921632,0.24825550187869028,1.6035963499731616,0.2549651100375738,0.4025764895330113,0.10064412238325282,0.040257648953301126,
117,3.8177670424047236,24.14787976382179,1.9256575415995705,10.433440687063875,38.41250670960816,8.219269994632313,2.6972624798711755,7.682501341921632,0.24825550187869028,1.6035963499731616,0.2683843263553409,0.4025764895330113,0.10064412238325282,0.040257648953301126,
118,3.8177670424047236,24.12104133118626,1.9726247987117553,10.466988727858293,38.117283950617285,8.219269994632313,2.8784219001610305,7.722758990874933,0.24825550187869028,1.6035963499731616,0.28180354267310787,0.4092860976918948,0.10064412238325282,0.040257648953301126,
119,3.8177670424047236,24.08078368223296,1.9994632313472893,10.527375201288244,37.92270531400966,8.219269994632313,3.046162104133119,7.709339774557166,0.24825550187869028,1.583467525496511,0.28180354267310787,0.4227053140096618,0.10064412238325282,0.040257648953301126,
120,3.8177670424047236,23.60440150295223,2.01959205582394,12.184648416532475,37.29200214707461,7.830112721417069,2.9589371980676327,7.669082125603865,0.2147074610842727,1.5230810520665594,0.28180354267310787,0.4495437466451959,0.10064412238325282,0.05367686527106817,
121,3.8177670424047236,23.557434245840042,2.0531400966183573,12.224906065485776,37.23161567364466,7.830112721417069,2.9388083735909825,7.716049382716049,0.2281266774020397,1.5230810520665594,0.27509393451422437,0.4495437466451959,0.10064412238325282,0.05367686527106817,
122,3.7909286097691894,23.396403650026837,2.0531400966183573,12.399355877616747,37.17122920021471,7.809983896940419,2.9790660225442833,7.716049382716049,0.2616747181964573,1.5432098765432098,0.27509393451422437,0.4495437466451959,0.10064412238325282,0.05367686527106817,
123,3.784219001610306,22.04777241009125,2.0397208803005906,13.761406333870102,37.124261943102525,7.796564680622652,2.999194847020934,7.689210950080516,0.28180354267310787,1.583467525496511,0.27509393451422437,0.46296296296296297,0.10064412238325282,0.05367686527106817,
124,3.784219001610306,21.980676328502415,2.0531400966183573,13.694310252281268,36.151368760064415,8.722490606548577,3.026033279656468,7.722758990874933,0.28180354267310787,1.6304347826086956,0.30864197530864196,0.48980139559849706,0.10064412238325282,0.05367686527106817,
125,3.784219001610306,21.967257112184647,2.0531400966183573,13.6406333870102,36.12453032742888,8.722490606548577,3.0394524959742353,7.722758990874933,0.27509393451422437,1.6438539989264627,0.3421900161030596,0.48980139559849706,0.14090177133655393,0.05367686527106817,
126,3.784219001610306,21.967257112184647,2.059849704777241,13.600375738056897,36.090982286634464,8.722490606548577,3.0595813204508855,7.75630703166935,0.27509393451422437,1.6438539989264627,0.35560923242082665,0.48980139559849706,0.14090177133655393,0.05367686527106817,
127,3.784219001610306,21.886741814278047,2.086688137412775,13.667471819645733,36.090982286634464,8.742619431025227,3.026033279656468,7.769726247987117,0.2616747181964573,1.6438539989264627,0.35560923242082665,0.48980139559849706,0.14090177133655393,0.05367686527106817,
128,3.5963499731615673,21.604938271604937,2.086688137412775,13.747987117552334,36.4398819108964,8.836553945249598,3.012614063338701,7.588566827697263,0.2616747181964573,1.6438539989264627,0.35560923242082665,0.630703166935051,0.14090177133655393,0.05367686527106817,
129,3.5829307568438002,20.8870101986044,2.1135265700483092,13.654052603327965,35.91653247450349,8.561460010735374,3.0730005367686526,9.192163177670425,0.2616747181964573,1.6237251744498122,0.35560923242082665,0.5837359098228664,0.14090177133655393,0.05367686527106817,
130,3.5829307568438002,20.86688137412775,2.1068169618894257,13.7211486849168,35.78234031132582,8.561460010735374,3.166935050993022,9.16532474503489,0.2616747181964573,1.6438539989264627,0.36902844873859364,0.5636070853462157,0.15432098765432098,0.05367686527106817,
131,3.5829307568438002,20.8467525496511,2.100107353730542,13.607085346215781,35.648148148148145,8.53462157809984,3.3145464304884595,9.232420826623725,0.2616747181964573,1.6706924315619969,0.4294149221685454,0.5636070853462157,0.15432098765432098,0.05367686527106817,
132,3.569511540526033,20.840042941492218,2.1403650026838434,12.694578636607622,32.57514761137949,13.741277509393452,2.703972088030059,8.61513687600644,0.2885131508319914,1.6035963499731616,0.43612453032742887,0.5703166935050993,0.16774020397208803,0.05367686527106817,
133,3.569511540526033,20.652173913043477,2.1403650026838434,12.828770799785293,32.55501878690284,13.734567901234568,2.7241009125067097,8.59500805152979,0.3153515834675255,1.6035963499731616,0.4562533548040794,0.6172839506172839,0.15432098765432098,0.05367686527106817,
134,3.535963499731616,20.611916264090176,2.1403650026838434,12.922705314009661,32.50134192163178,13.734567901234568,2.7241009125067097,8.588298443370908,0.3153515834675255,1.6438539989264627,0.4562533548040794,0.6172839506172839,0.15432098765432098,0.05367686527106817,
135,3.535963499731616,20.585077831454644,2.13365539452496,12.922705314009661,32.420826623725176,13.613794954374665,2.7979066022544283,8.57487922705314,0.4025764895330113,1.710950080515298,0.47638217928073,0.6172839506172839,0.15432098765432098,0.05367686527106817,
136,3.535963499731616,20.52469135802469,2.13365539452496,12.969672571121846,32.2866344605475,13.47289318303811,2.932098765432099,8.454106280193237,0.3824476650563607,2.0128824476650564,0.46296296296296297,0.630703166935051,0.14761137949543746,0.05367686527106817,
137,3.535963499731616,20.491143317230275,2.147074610842727,13.01663982823403,32.085346215781,13.372249060654857,3.1602254428341383,8.440687063875469,0.3824476650563607,2.059849704777241,0.47638217928073,0.630703166935051,0.14761137949543746,0.05367686527106817,
138,3.4151905528717124,20.477724100912507,2.147074610842727,12.949543746645196,31.353998926462694,13.56682769726248,3.0864197530864197,9.245840042941492,0.3824476650563607,2.0665593129361244,0.47638217928073,0.630703166935051,0.14761137949543746,0.05367686527106817,
139,3.4151905528717124,20.363660762211488,2.15378421900161,13.030059044551798,30.897745571658614,13.459473966720344,3.0394524959742353,9.856414385399892,0.4092860976918948,2.0799785292538915,0.46296296296296297,0.630703166935051,0.14761137949543746,0.05367686527106817,
140,3.4151905528717124,20.33011272141707,2.15378421900161,13.305152979066023,30.60252281266774,13.419216317767042,3.066290928609769,9.863123993558776,0.4092860976918948,2.1403650026838434,0.46296296296296297,0.630703166935051,0.14761137949543746,0.05367686527106817,
141,3.4151905528717124,20.303274288781534,2.15378421900161,13.305152979066023,30.56897477187332,13.352120236178207,3.0864197530864197,9.829575952764358,0.4092860976918948,2.2074610842726785,0.49651100375738055,0.644122383252818,0.17444981213097155,0.05367686527106817,
142,3.4151905528717124,20.21604938271605,2.1604938271604937,13.385668276972625,30.3743961352657,13.358829844337091,3.2742887815351582,9.829575952764358,0.4294149221685454,2.200751476113795,0.49651100375738055,0.644122383252818,0.1610305958132045,0.05367686527106817,
143,3.4151905528717124,20.202630166398283,2.1739130434782608,13.439345142243694,30.267042404723565,13.20450885668277,3.3413848631239937,9.769189479334408,0.46296296296296297,2.3349436392914655,0.49651100375738055,0.6776704240472357,0.1610305958132045,0.05367686527106817,
144,3.3950617283950617,20.209339774557165,2.147074610842727,13.378958668813741,30.18652710681696,12.889157273215245,3.4017713365539453,10.064412238325282,0.46967257112184646,2.3886205045625335,0.5300590445517982,0.6910896403650026,0.19457863660762212,0.05367686527106817,
145,3.3950617283950617,20.115405260332796,2.167203435319377,13.45276435856146,30.06575415995706,12.889157273215245,3.5225442834138487,10.064412238325282,0.46967257112184646,2.3886205045625335,0.5300590445517982,0.6910896403650026,0.19457863660762212,0.05367686527106817,
146,3.3950617283950617,20.034889962426195,2.1604938271604937,13.439345142243694,29.918142780461622,12.828770799785293,3.656736446591519,10.11808910359635,0.46967257112184646,2.5161030595813205,0.5300590445517982,0.6843800322061192,0.19457863660762212,0.05367686527106817,
147,1.0869565217391304,23.60440150295223,2.13365539452496,13.191089640365004,29.106280193236714,12.721417069243156,3.6366076221148687,10.084541062801932,0.4562533548040794,2.5161030595813205,0.5300590445517982,0.6843800322061192,0.19457863660762212,0.05367686527106817,
148,1.0869565217391304,23.60440150295223,2.1604938271604937,13.18438003220612,29.066022544283413,12.721417069243156,3.6097691894793345,10.091250670960816,0.4562533548040794,2.536231884057971,0.5300590445517982,0.7045088566827697,0.19457863660762212,0.05367686527106817,
149,1.0869565217391304,23.55072463768116,2.200751476113795,13.211218464841654,29.01905528717123,12.701288244766506,3.656736446591519,10.091250670960816,0.4562533548040794,2.5429414922168547,0.5300590445517982,0.7045088566827697,0.19457863660762212,0.05367686527106817,
150,1.0735373054213635,23.45679012345679,2.200751476113795,13.211218464841654,28.904991948470208,12.701288244766506,3.770799785292539,10.21202361782072,0.4562533548040794,2.5563607085346214,0.5032206119162641,0.7045088566827697,0.19457863660762212,0.05367686527106817,
151,1.0534084809447128,23.221953837895867,2.200751476113795,13.285024154589372,28.891572732152444,12.681159420289855,3.750670960815888,10.272410091250672,0.5434782608695652,2.5496511003757383,0.5636070853462157,0.7045088566827697,0.2281266774020397,0.05367686527106817,
152,1.0332796564680622,22.886473429951693,2.24771873322598,13.519860440150294,28.75067096081589,12.661030595813205,3.8915727321524423,10.285829307568438,0.5703166935050993,2.5831991411701556,0.5703166935050993,0.7179280730005367,0.2281266774020397,0.05367686527106817,
153,1.0332796564680622,22.819377348362856,2.147074610842727,12.969672571121846,31.83709071390231,11.741814278046162,3.1602254428341383,9.708803005904455,0.5434782608695652,2.522812667740204,0.5703166935050993,0.6910896403650026,0.20128824476650564,0.05367686527106817,
154,1.0332796564680622,22.819377348362856,2.1806226516371443,12.902576489533011,31.696188942565755,11.580783682232958,3.435319377348363,9.728931830381105,0.5434782608695652,2.5429414922168547,0.6038647342995169,0.6910896403650026,0.1878690284487386,0.05367686527106817,
155,1.0332796564680622,22.799248523886206,2.1806226516371443,13.030059044551798,31.635802469135804,11.500268384326356,3.515834675254965,9.702093397745571,0.5434782608695652,2.536231884057971,0.5904455179817498,0.7246376811594203,0.1878690284487386,0.013419216317767043,0.0067096081588835215
156,1.0332796564680622,22.79253891572732,2.1806226516371443,13.036768652710682,31.582125603864736,11.493558776167472,3.569511540526033,9.702093397745571,0.5434782608695652,2.5429414922168547,0.5904455179817498,0.7246376811594203,0.1878690284487386,0.013419216317767043,0.0067096081588835215
157,1.0332796564680622,22.745571658615138,2.2342995169082127,12.97638217928073,31.548577563070317,11.446591519055287,3.5762211486849167,9.73564143853999,0.5434782608695652,2.589908749329039,0.5904455179817498,0.7716049382716049,0.1878690284487386,0.013419216317767043,0.0067096081588835215
158,1.0332796564680622,22.73886205045625,2.2611379495437465,12.97638217928073,31.447933440687063,11.406333870101985,3.616478797638218,9.73564143853999,0.5434782608695652,2.6301663982823404,0.5904455179817498,0.8118625872249061,0.1878690284487386,0.013419216317767043,0.0067096081588835215
159,1.0332796564680622,22.544283413848632,2.368491680085883,13.157541599570585,31.28690284487386,11.345947396672035,3.730542136339238,9.749060654857756,0.5434782608695652,2.6301663982823404,0.5904455179817498,0.8118625872249061,0.1878690284487386,0.013419216317767043,0.0067096081588835215
160,1.0332796564680622,22.423510466988727,2.341653247450349,13.238056897477188,31.246645195920557,11.20504562533548,3.911701556629093,9.77589908749329,0.5703166935050993,2.6033279656468062,0.6172839506172839,0.8252818035426731,0.1878690284487386,0.013419216317767043,0.0067096081588835215
161,1.0332796564680622,22.423510466988727,2.341653247450349,13.123993558776167,31.239935587761675,10.836017176596886,3.911701556629093,10.34621578099839,0.5971551261406334,2.576489533011272,0.5971551261406334,0.7380568974771873,0.1878690284487386,0.013419216317767043,0.03354804079441761
162,1.0332796564680622,22.302737520128826,2.341653247450349,13.258185721953838,31.052066559312937,10.836017176596886,4.066022544283414,10.38647342995169,0.6172839506172839,2.536231884057971,0.5971551261406334,0.7380568974771873,0.1878690284487386,0.013419216317767043,0.03354804079441761
163,1.0332796564680622,22.269189479334408,2.3349436392914655,13.264895330112722,31.052066559312937,10.84272678475577,4.052603327965647,10.406602254428341,0.6172839506172839,2.536231884057971,0.6105743424584005,0.7447665056360708,0.1878690284487386,0.013419216317767043,0.03354804079441761
164,1.0332796564680622,22.020933977455716,2.328234031132582,13.20450885668277,30.817230273752013,10.540794417606012,4.53569511540526,10.748792270531402,0.6172839506172839,2.5831991411701556,0.5904455179817498,0.7447665056360708,0.1878690284487386,0.013419216317767043,0.03354804079441761
165,1.0198604401502953,22.000805152979066,2.328234031132582,13.197799248523886,30.683038110574344,10.466988727858293,4.7101449275362315,10.742082662372518,0.6172839506172839,2.677133655394525,0.5904455179817498,0.7581857219538379,0.1878690284487386,0.013419216317767043,0.0067096081588835215
166,1.0198604401502953,21.987385936661298,2.328234031132582,13.318572195383789,30.52200751476114,10.466988727858293,4.74369296833065,10.762211486849168,0.6172839506172839,2.657004830917874,0.6038647342995169,0.7581857219538379,0.1878690284487386,0.013419216317767043,0.013419216317767043
167,1.0131508319914118,21.93370907139023,2.328234031132582,13.318572195383789,30.407944176060116,10.446859903381643,4.871175523349437,10.7085346215781,0.6575415995705851,2.6972624798711755,0.6172839506172839,0.785024154589372,0.1878690284487386,0.013419216317767043,0.013419216317767043
168,1.0131508319914118,21.68545356951154,2.314814814814815,13.20450885668277,30.407944176060116,10.46027911969941,4.871175523349437,11.077563070316694,0.6575415995705851,2.6972624798711755,0.5904455179817498,0.8051529790660226,0.1878690284487386,0.013419216317767043,0.013419216317767043
169,1.0131508319914118,21.68545356951154,2.341653247450349,13.197799248523886,30.334138486312398,10.305958132045088,5.045625335480408,10.997047772410092,0.6575415995705851,2.6838432635534084,0.5904455179817498,0.9057971014492754,0.2147074610842727,0.013419216317767043,0.013419216317767043
