,45,50,51,55,53,56,59,52,58,54,57,60,61,62,63,47,46,48,65,64
0,92.02227589908749,7.977724100912507,,,,,,,,,,,,,,,,,,
1,83.5480407944176,16.431830381105744,0.020128824476650563,,,,,,,,,,,,,,,,,
2,78.94524959742351,20.967525496511005,0.020128824476650563,0.06709608158883522,,,,,,,,,,,,,,,,
3,76.31508319914117,23.58427267847558,0.026838432635534086,0.07380568974771873,,,,,,,,,,,,,,,,
4,76.02657004830918,23.698336017176597,0.026838432635534086,0.24825550187869028,,,,,,,,,,,,,,,,
5,74.46323134728932,21.732420826623724,0.026838432635534086,0.6709608158883521,2.9589371980676327,0.13419216317767044,0.013419216317767043,,,,,,,,,,,,,
6,72.926731078905,23.22866344605475,0.026838432635534086,0.7112184648416533,2.9589371980676327,0.13419216317767044,0.013419216317767043,,,,,,,,,,,,,
7,68.67954911433172,13.573537305421363,15.666935050993022,0.5233494363929146,1.5029522275899088,0.040257648953301126,0.013419216317767043,,,,,,,,,,,,,
8,65.62667740203972,13.217928073000536,11.3593666129898,0.5434782608695652,9.03113258185722,0.040257648953301126,0.013419216317767043,0.12077294685990338,0.04696725711218465,,,,,,,,,,,
9,65.25764895330113,13.533279656468062,11.372785829307569,0.5636070853462157,9.017713365539452,0.05367686527106817,0.026838432635534086,0.12077294685990338,0.05367686527106817,,,,,,,,,,,
10,54.32098765432099,24.48336017176597,11.305689747718732,0.5703166935050993,8.984165324745035,0.10064412238325282,0.026838432635534086,0.12077294685990338,0.08722490606548577,,,,,,,,,,,
11,45.62533548040794,34.16532474503489,11.151368760064413,0.7179280730005367,7.830112721417069,0.2549651100375738,0.026838432635534086,0.12077294685990338,0.10735373054213634,,,,,,,,,,,
12,45.50456253354804,34.084809447128286,11.137949543746645,0.7917337627482555,7.830112721417069,0.2683843263553409,0.026838432635534086,0.12077294685990338,0.10735373054213634,0.1274825550187869,,,,,,,,,,
13,36.922973698336016,42.41814278046162,11.137949543746645,0.8454106280193237,7.7898550724637685,0.2683843263553409,0.026838432635534086,0.12077294685990338,0.12077294685990338,0.3488996242619431,,,,,,,,,,
14,36.89613526570049,42.3845947396672,11.003757380568974,0.9057971014492754,7.763016639828234,0.3757380568974772,0.026838432635534086,0.12077294685990338,0.12077294685990338,0.3488996242619431,0.05367686527106817,,,,,,,,,
15,36.82903918411165,42.23698336017176,11.030595813204508,1.06682769726248,7.7361782071927,0.3757380568974772,0.026838432635534086,0.12077294685990338,0.14761137949543746,0.3757380568974772,0.05367686527106817,,,,,,,,,
16,36.78878153515835,42.169887278582934,9.286097691894794,1.1473429951690821,7.7361782071927,0.2147074610842727,0.026838432635534086,0.12077294685990338,0.14761137949543746,2.3081052066559313,0.05367686527106817,,,,,,,,,
17,36.70826623725174,41.968599033816425,9.16532474503489,1.4224369296833066,7.709339774557166,0.33548040794417605,0.026838432635534086,0.14090177133655393,0.1610305958132045,2.3081052066559313,0.05367686527106817,,,,,,,,,
18,32.17928073000537,26.462694578636608,32.48121309715513,1.1808910359634996,4.30756843800322,0.8118625872249061,0.026838432635534086,0.14090177133655393,0.0939345142243693,2.227589908749329,0.05367686527106817,0.03354804079441761,,,,,,,,
19,32.024959742351044,26.603596349973163,32.427536231884055,1.2144390767579174,4.30756843800322,0.8454106280193237,0.026838432635534086,0.14090177133655393,0.0939345142243693,2.227589908749329,0.05367686527106817,0.03354804079441761,,,,,,,,
20,31.716317767042405,25.563607085346217,32.17928073000537,1.442565754159957,4.274020397208803,1.107085346215781,0.026838432635534086,1.247987117552335,0.1274825550187869,2.227589908749329,0.05367686527106817,0.03354804079441761,,,,,,,,
21,31.689479334406872,22.852925389157274,31.48148148148148,1.3888888888888888,6.702898550724638,1.1406333870101986,0.026838432635534086,1.247987117552335,0.14090177133655393,3.2206119162640903,0.05367686527106817,0.05367686527106817,,,,,,,,
22,31.387546967257112,22.705314009661837,31.890767579173378,1.3821792807300053,6.6760601180891035,1.288244766505636,0.026838432635534086,1.1473429951690821,0.14090177133655393,3.2206119162640903,0.08051529790660225,0.05367686527106817,,,,,,,,
23,31.40096618357488,22.69189479334407,31.863929146537842,1.3821792807300053,6.635802469135802,1.3150831991411702,0.040257648953301126,1.1473429951690821,0.18115942028985507,3.207192699946323,0.08051529790660225,0.05367686527106817,,,,,,,,
24,26.992753623188406,33.9573268921095,25.127482555018787,1.5365002683843263,6.622383252818035,1.0198604401502953,0.040257648953301126,1.1473429951690821,0.18115942028985507,3.207192699946323,0.11406333870101985,0.05367686527106817,,,,,,,,
25,24.490069779924852,36.4398819108964,24.872517444981213,1.556629092860977,6.474771873322598,1.093666129898014,0.040257648953301126,1.1674718196457328,0.18115942028985507,3.515834675254965,0.11406333870101985,0.05367686527106817,,,,,,,,
26,23.597691894793343,36.71497584541063,24.832259796027913,1.6304347826086956,6.468062265163715,1.1540526033279657,0.040257648953301126,1.6975308641975309,0.18115942028985507,3.515834675254965,0.11406333870101985,0.05367686527106817,,,,,,,,
27,23.429951690821255,35.33279656468062,23.376274825550187,1.4895330112721417,8.373590982286634,1.1205045625335481,0.040257648953301126,1.6975308641975309,0.17444981213097155,4.797369833601718,0.08722490606548577,0.08051529790660225,,,,,,,,
28,22.034353193773484,36.73510466988728,23.315888352120236,1.5365002683843263,8.3467525496511,1.1473429951690821,0.06038647342995169,1.6975308641975309,0.17444981213097155,4.7638217928073,0.08722490606548577,0.10064412238325282,,,,,,,,
29,21.987385936661298,36.600912506709605,23.262211486849168,1.6774020397208802,8.380300590445518,1.1607622114868492,0.08051529790660225,1.7310789049919484,0.17444981213097155,4.757112184648417,0.08722490606548577,0.10064412238325282,,,,,,,,
30,18.411164787976382,40.9621578099839,22.966988727858293,1.6505636070853462,7.9106280193236715,1.133923778851315,0.11406333870101985,1.724369296833065,0.17444981213097155,4.777241009125067,0.07380568974771873,0.10064412238325282,,,,,,,,
31,18.283682232957595,40.94202898550725,22.785829307568438,1.6975308641975309,7.856951154052603,1.3754696725711217,0.15432098765432098,1.724369296833065,0.2281266774020397,4.770531400966184,0.07380568974771873,0.10735373054213634,,,,,,,,
32,18.23671497584541,40.304616210413315,24.731615673644658,1.6774020397208802,6.595544820182502,1.4559849704777241,0.07380568974771873,1.6975308641975309,0.24825550187869028,4.736983360171766,0.10064412238325282,0.14090177133655393,,,,,,,,
33,15.72061191626409,42.1833064949007,24.322329575952764,1.6572732152442298,7.548309178743962,1.5297906602254427,0.10064412238325282,1.6975308641975309,0.24154589371980675,4.750402576489533,0.10735373054213634,0.14090177133655393,,,,,,,,
34,14.606816961889425,37.0907139023081,29.26731078904992,2.38191089640365,7.004830917874396,1.1808910359634996,0.2616747181964573,1.6975308641975309,0.24154589371980675,6.052066559312936,0.10735373054213634,0.10735373054213634,,,,,,,,
35,14.130434782608695,30.059044551798173,35.339506172839506,2.15378421900161,7.051798174986581,2.7643585614600106,0.2616747181964573,1.6975308641975309,0.24154589371980675,6.052066559312936,0.14090177133655393,0.10735373054213634,,,,,,,,
36,13.479602791196994,29.656468062265162,36.30568974771873,2.1604938271604937,7.051798174986581,2.85829307568438,0.2616747181964573,1.6841116478797638,0.24154589371980675,6.052066559312936,0.14090177133655393,0.10735373054213634,,,,,,,,
37,13.459473966720344,29.55582393988191,35.339506172839506,3.4017713365539453,6.984702093397746,2.8113258185721954,0.28180354267310787,1.6841116478797638,0.2616747181964573,5.917874396135265,0.14090177133655393,0.1610305958132045,,,,,,,,
38,13.466183574879228,29.435050993022006,35.258990874932906,3.4420289855072466,6.984702093397746,2.8113258185721954,0.3153515834675255,1.6975308641975309,0.2616747181964573,6.025228126677402,0.14090177133655393,0.1610305958132045,,,,,,,,
39,12.318840579710145,30.48174986580784,35.225442834138484,3.515834675254965,6.937734836285561,2.85829307568438,0.35560923242082665,1.710950080515298,0.2952227589908749,5.9447128287707995,0.18115942028985507,0.17444981213097155,,,,,,,,
40,12.184648416532475,30.54884594739667,34.64170692431562,3.5829307568438002,6.857219538378959,3.4420289855072466,0.38915727321524424,1.710950080515298,0.3488996242619431,5.911164787976382,0.20799785292538917,0.17444981213097155,,,,,,,,
41,12.204777241009126,30.54884594739667,34.54777241009125,3.6097691894793345,6.830381105743425,3.4957058507783145,0.38915727321524424,1.7042404723564144,0.3757380568974772,5.904455179817498,0.20799785292538917,0.18115942028985507,,,,,,,,
42,12.13768115942029,29.78395061728395,33.923778851315085,3.603059581320451,6.857219538378959,3.5225442834138487,0.38915727321524424,1.7176596886741815,0.3757380568974772,7.25979602791197,0.20799785292538917,0.2214170692431562,,,,,,,,
43,11.352657004830919,29.428341384863124,42.25711218464841,3.8714439076757916,3.0394524959742353,1.5029522275899088,0.30864197530864196,1.7176596886741815,0.10064412238325282,6.132581857219538,0.13419216317767044,0.15432098765432098,,,,,,,,
44,11.245303274288782,29.240472356414386,41.076221148684915,4.005636070853462,4.361245303274289,1.5096618357487923,0.30864197530864196,1.6841116478797638,0.10064412238325282,6.112453032742888,0.16774020397208803,0.1878690284487386,,,,,,,,
45,11.245303274288782,28.77750939345142,37.25174449812131,3.9855072463768115,7.863660762211487,2.985775630703167,0.32877079978529256,1.6841116478797638,0.10064412238325282,5.401234567901234,0.1878690284487386,0.1878690284487386,,,,,,,,
46,11.265432098765432,28.710413311862588,37.23161567364466,4.025764895330113,7.863660762211487,2.9790660225442833,0.36231884057971014,1.6841116478797638,0.10064412238325282,5.367686527106817,0.1878690284487386,0.1878690284487386,0.03354804079441761,,,,,,,
47,11.144659151905529,28.65673644659152,34.72222222222222,4.1129898013955986,8.709071390230811,1.9860440150295222,0.36231884057971014,1.6706924315619969,0.13419216317767044,8.085077831454644,0.2281266774020397,0.1878690284487386,,,,,,,,
48,11.084272678475577,28.5426731078905,34.70880300590446,4.133118625872249,8.809715512614064,2.0263016639828235,0.38915727321524424,1.6706924315619969,0.13419216317767044,8.085077831454644,0.2281266774020397,0.1878690284487386,,,,,,,,
49,11.044015029522276,28.515834675254965,33.782877079978526,4.146537842190016,9.796027911969942,2.01959205582394,0.38915727321524424,1.6706924315619969,0.13419216317767044,8.085077831454644,0.2281266774020397,0.1878690284487386,,,,,,,,
50,11.044015029522276,28.488996242619432,33.69565217391305,4.119699409554482,9.789318303811058,2.100107353730542,0.38915727321524424,1.6706924315619969,0.14090177133655393,8.125335480407944,0.2281266774020397,0.20799785292538917,,,,,,,,
51,11.131239935587761,28.475577026301664,33.51449275362319,4.0995705850778315,9.802737520128824,2.214170692431562,0.3757380568974772,1.6706924315619969,0.14090177133655393,8.13875469672571,0.2281266774020397,0.20799785292538917,,,,,,,,
52,11.11111111111111,28.455448201825014,33.49436392914654,4.146537842190016,9.749060654857756,2.227589908749329,0.4025764895330113,1.6706924315619969,0.15432098765432098,8.11862587224906,0.2616747181964573,0.20799785292538917,,,,,,,,
53,11.104401502952227,28.415190552871714,33.1454643048846,4.1532474503489,8.662104133118627,2.2342995169082127,0.43612453032742887,3.1535158346752548,0.11406333870101985,8.111916264090176,0.2616747181964573,0.20799785292538917,,,,,,,,
54,10.970209339774557,28.019323671497585,32.43424584004294,4.200214707461084,9.829575952764358,2.301395598497048,0.4495437466451959,3.1333870101986045,0.11406333870101985,8.07836822329576,0.2616747181964573,0.20799785292538917,,,,,,,,
55,10.990338164251208,27.509393451422437,32.340311325818575,4.200214707461084,11.580783682232958,2.328234031132582,0.41599570585077833,3.1333870101986045,0.12077294685990338,6.977992485238862,0.2616747181964573,0.14090177133655393,,,,,,,,
56,10.111379495437467,31.239935587761675,30.50187869028449,4.260601180891036,10.453569511540525,2.341653247450349,0.41599570585077833,3.1468062265163717,0.12077294685990338,7.018250134192163,0.23483628556092323,0.15432098765432098,,,,,,,,
57,10.11808910359635,31.219806763285025,30.48174986580784,4.314278046162104,10.453569511540525,2.3550724637681157,0.41599570585077833,3.099838969404187,0.12077294685990338,7.004830917874396,0.2616747181964573,0.15432098765432098,,,,,,,,
58,8.05823939881911,29.1532474503489,36.7686527106817,4.2203435319377345,9.896672034353195,1.9793344068706387,0.4495437466451959,1.6639828234031133,0.15432098765432098,7.25979602791197,0.23483628556092323,0.15432098765432098,,0.0067096081588835215,,,,,,
59,8.05823939881911,29.066022544283413,36.560654857756305,4.30756843800322,9.883252818035427,2.167203435319377,0.4495437466451959,1.6371443907675791,0.16774020397208803,7.27992485238862,0.2616747181964573,0.15432098765432098,,0.0067096081588835215,,,,,,
60,8.07836822329576,28.992216854535695,35.42002147074611,5.689747718733226,9.782608695652174,2.100107353730542,0.4495437466451959,1.6371443907675791,0.17444981213097155,7.27992485238862,0.23483628556092323,0.15432098765432098,,0.0067096081588835215,,,,,,
61,8.064949006977992,28.951959205582394,35.39318303811057,5.6964573268921095,9.782608695652174,2.1403650026838434,0.46967257112184646,1.6371443907675791,0.20799785292538917,7.25979602791197,0.23483628556092323,0.15432098765432098,,0.0067096081588835215,,,,,,
62,7.991143317230274,27.449006977992486,36.66800858829844,5.662909286097692,10.755501878690284,2.3215244229736984,0.4562533548040794,1.6371443907675791,0.2281266774020397,6.4345142243692965,0.23483628556092323,0.15432098765432098,,0.0067096081588835215,,,,,,
63,7.87037037037037,27.428878153515836,36.131239935587764,5.71658615136876,10.84272678475577,2.818035426731079,0.4562533548040794,1.6371443907675791,0.2683843263553409,6.3137412775093935,0.23483628556092323,0.24825550187869028,,0.03354804079441761,,,,,,
64,7.944176060118089,27.361782071927,36.010466988727856,5.797101449275362,10.809178743961352,2.831454643048846,0.48980139559849706,1.6304347826086956,0.2683843263553409,6.286902844873859,0.2616747181964573,0.27509393451422437,,0.03354804079441761,,,,,,
65,7.199409554482019,21.40365002683843,47.28931830381106,5.005367686527107,8.769457863660762,3.066290928609769,0.24154589371980675,2.006172839506173,0.20799785292538917,4.468599033816425,0.23483628556092323,0.07380568974771873,,0.03354804079441761,,,,,,
66,7.179280730005368,21.38352120236178,46.91358024691358,4.777241009125067,9.286097691894794,3.1736446591519054,0.2549651100375738,1.9256575415995705,0.20799785292538917,4.488727858293076,0.2616747181964573,0.08051529790660225,0.040257648953301126,0.026838432635534086,,,,,,
67,7.219538378958669,21.32313472893183,45.471014492753625,4.750402576489533,9.286097691894794,3.2675791733762747,0.24825550187869028,3.5091250670960816,0.20799785292538917,4.294149221685454,0.27509393451422437,0.08051529790660225,0.040257648953301126,0.026838432635534086,,,,,,
68,7.004830917874396,21.162104133118625,45.03488996242619,4.824208266237251,9.265968867418144,3.488996242619431,0.24825550187869028,3.851315083199141,0.24154589371980675,4.455179817498658,0.27509393451422437,0.08051529790660225,0.040257648953301126,0.026838432635534086,,,,,,
69,7.0450885668276975,21.141975308641975,44.10225442834138,5.656199677938808,9.118357487922705,3.670155662909286,0.24825550187869028,3.851315083199141,0.27509393451422437,4.435050993022007,0.30864197530864196,0.08051529790660225,0.040257648953301126,0.026838432635534086,,,,,,
70,7.078636607622115,21.128556092324207,44.04857756307032,5.649490069779925,9.057971014492754,3.743961352657005,0.24825550187869028,3.851315083199141,0.27509393451422437,4.448470209339774,0.30864197530864196,0.0939345142243693,0.040257648953301126,0.026838432635534086,,,,,,
71,7.092055823939882,21.101717659688674,43.927804616210416,5.71658615136876,9.037842190016104,3.750670960815888,0.24154589371980675,3.851315083199141,0.33548040794417605,4.4820182501341925,0.30193236714975846,0.0939345142243693,0.040257648953301126,0.026838432635534086,,,,,,
72,7.004830917874396,20.101986044015028,46.564680622651636,5.783682232957595,7.575147611379496,3.643317230273752,0.24154589371980675,3.8311862587224907,0.322061191626409,4.435050993022007,0.33548040794417605,0.0939345142243693,0.040257648953301126,0.026838432635534086,,,,,,
73,5.038915727321524,25.194578636607623,45.12211486849168,4.7101449275362315,7.39398819108964,3.589640365002684,0.27509393451422437,3.475577026301664,0.322061191626409,4.38137412775094,0.3488996242619431,0.08051529790660225,0.040257648953301126,0.026838432635534086,,,,,,
74,5.038915727321524,25.067096081588836,44.93424584004294,4.87788513150832,7.380568974771873,3.7640901771336552,0.27509393451422437,3.475577026301664,0.3421900161030596,4.3478260869565215,0.3488996242619431,0.08051529790660225,0.040257648953301126,0.026838432635534086,,,,,,
75,5.005367686527107,24.88593666129898,44.53166935050993,5.367686527106817,7.4141170155662905,3.851315083199141,0.27509393451422437,3.475577026301664,0.3421900161030596,4.3545356951154055,0.3488996242619431,0.08051529790660225,0.040257648953301126,0.026838432635534086,,,,,,
76,4.9651100375738055,24.812130971551262,43.51180891035963,5.347557702630167,8.380300590445518,3.9519592055823938,0.27509393451422437,3.475577026301664,0.3757380568974772,4.388083735909823,0.36902844873859364,0.08051529790660225,0.040257648953301126,0.026838432635534086,,,,,,
77,4.938271604938271,24.758454106280194,43.4447128287708,5.381105743424584,8.199141170155663,4.032474503488996,0.27509393451422437,3.4822866344605474,0.5568974771873323,4.414922168545357,0.36902844873859364,0.08051529790660225,0.040257648953301126,0.026838432635534086,,,,,,
78,4.911433172302737,24.738325281803544,43.35748792270532,5.414653784219001,8.521202361782072,3.9318303811057436,0.2214170692431562,3.4822866344605474,0.5434782608695652,4.334406870638754,0.39586688137412773,0.08051529790660225,0.040257648953301126,0.026838432635534086,,,,,,
79,4.924852388620504,24.644390767579175,43.23671497584541,5.4616210413311865,8.487654320987655,4.005636070853462,0.2214170692431562,3.535963499731616,0.5770263016639828,4.374664519592056,0.3824476650563607,0.08051529790660225,0.040257648953301126,0.026838432635534086,,,,,,
80,4.918142780461621,24.053945249597422,40.707192699946326,5.481749865807837,8.474235104669887,3.81105743424584,0.2214170692431562,6.796833064949007,0.5770263016639828,4.414922168545357,0.4025764895330113,0.07380568974771873,0.040257648953301126,0.026838432635534086,,,,,,
81,4.9718196457326895,23.91304347826087,39.17740203972088,5.636070853462158,8.3064949006978,3.797638217928073,0.2214170692431562,8.474235104669887,0.5770263016639828,4.414922168545357,0.36231884057971014,0.08051529790660225,0.040257648953301126,0.026838432635534086,,,,,,
82,4.575952764358561,21.920289855072465,43.43129361245303,5.481749865807837,8.293075684380032,3.770799785292539,0.19457863660762212,6.944444444444445,0.5770263016639828,4.341116478797638,0.30864197530864196,0.0939345142243693,0.040257648953301126,0.026838432635534086,,,,,,
83,4.435050993022007,21.826355340848096,38.097155126140635,4.64975845410628,8.246108427267847,3.3548040794417604,0.1610305958132045,14.251207729468598,0.5568974771873323,3.911701556629093,0.3488996242619431,0.0939345142243693,0.040257648953301126,0.026838432635534086,,,,,,
84,4.441760601180891,21.81964573268921,38.00322061191626,4.643048845947397,8.272946859903382,3.44873859366613,0.19457863660762212,14.251207729468598,0.5568974771873323,3.8580246913580245,0.3488996242619431,0.0939345142243693,0.040257648953301126,0.026838432635534086,,,,,,
85,4.441760601180891,21.786097691894792,37.9495437466452,4.703435319377348,8.246108427267847,3.488996242619431,0.19457863660762212,14.197530864197532,0.5971551261406334,3.8848631239935587,0.3488996242619431,0.0939345142243693,0.040257648953301126,0.026838432635534086,,,,,,
86,4.435050993022007,21.786097691894792,36.594202898550726,4.676596886741814,9.39345142243693,3.6500268384326353,0.23483628556092323,14.17740203972088,0.5971551261406334,3.898282340311326,0.36902844873859364,0.12077294685990338,0.040257648953301126,0.026838432635534086,,,,,,
87,4.428341384863124,21.79951690821256,34.75577026301664,4.643048845947397,11.634460547504025,3.616478797638218,0.27509393451422437,13.727858293075684,0.6374127750939346,3.898282340311326,0.39586688137412773,0.12077294685990338,0.040257648953301126,0.026838432635534086,,,,,,
88,4.4820182501341925,21.631776704240472,34.66854535695116,4.7638217928073,11.66129898013956,3.730542136339238,0.28180354267310787,13.66076221148685,0.6374127750939346,3.878153515834675,0.41599570585077833,0.12077294685990338,0.040257648953301126,0.026838432635534086,,,,,,
89,4.233762748255502,20.101986044015028,35.97691894793344,4.260601180891036,11.627750939345143,3.797638217928073,0.28180354267310787,14.76784755770263,0.6977992485238862,3.6902844873859366,0.39586688137412773,0.10064412238325282,0.040257648953301126,0.026838432635534086,,,,,,
90,4.260601180891036,20.081857219538378,35.35963499731616,5.441492216854535,11.252012882447666,3.5963499731615673,0.28180354267310787,14.720880300590446,0.7246376811594203,3.6902844873859366,0.4495437466451959,0.10064412238325282,0.040257648953301126,,,,,,,
91,4.119699409554482,16.25738056897477,40.89506172839506,4.938271604938271,10.621309715512615,3.5426731078904994,0.19457863660762212,14.566559312936125,0.7514761137949544,3.535963499731616,0.43612453032742887,0.10064412238325282,0.040257648953301126,,,,,,,
92,4.092860976918948,15.767579173376275,42.0222758990875,4.663177670424047,10.607890499194847,3.307836822329576,0.20799785292538917,14.506172839506172,0.785024154589372,3.4621578099838968,0.43612453032742887,0.10064412238325282,0.040257648953301126,,,,,,,
93,3.6634460547504024,14.834943639291465,42.1430488459474,4.616210413311863,10.111379495437467,2.8918411164787976,0.20799785292538917,14.378690284487385,0.7581857219538379,5.803811057434245,0.43612453032742887,0.11406333870101985,0.040257648953301126,,,,,,,
94,3.6902844873859366,14.821524422973699,42.008856682769725,4.602791196994096,10.071121846484166,2.945517981749866,0.23483628556092323,14.351851851851851,0.7716049382716049,5.763553408480945,0.5837359098228664,0.11406333870101985,0.040257648953301126,,,,,,,
95,3.0595813204508855,9.145195920558239,59.35990338164251,3.140096618357488,6.293612453032743,2.3752012882447664,0.1610305958132045,12.211486849168008,0.6038647342995169,3.240740740740741,0.3421900161030596,0.026838432635534086,0.040257648953301126,,,,,,,
96,3.066290928609769,9.131776704240472,56.03193773483628,3.140096618357488,8.279656468062266,2.38191089640365,0.1878690284487386,13.466183574879228,0.6105743424584005,3.207192699946323,0.4294149221685454,0.026838432635534086,0.040257648953301126,,,,,,,
97,3.0394524959742353,9.16532474503489,55.844068706387546,3.1870638754696725,8.279656468062266,2.509393451422437,0.1878690284487386,13.439345142243694,0.6374127750939346,3.2004830917874396,0.4294149221685454,0.040257648953301126,0.040257648953301126,,,,,,,
98,2.9052603327965647,7.64224369296833,54.97181964573269,2.965646806226516,8.225979602791197,2.5966183574879227,0.1878690284487386,16.150026838432634,0.644122383252818,3.166935050993022,0.46296296296296297,0.040257648953301126,0.040257648953301126,,,,,,,
99,2.918679549114332,7.64224369296833,54.24047235641439,3.2742887815351582,8.205850778314547,2.9589371980676327,0.1878690284487386,16.13660762211487,0.6642512077294686,3.1870638754696725,0.5032206119162641,0.040257648953301126,0.040257648953301126,,,,,,,
100,2.932098765432099,7.64224369296833,53.50912506709608,3.7372517444981215,8.185721953837897,3.1535158346752548,0.27509393451422437,16.109769189479334,0.6642512077294686,3.1870638754696725,0.5233494363929146,0.040257648953301126,0.040257648953301126,,,,,,,
101,2.932098765432099,7.64224369296833,52.442297369833604,4.85775630703167,8.199141170155663,3.3950617283950617,0.27509393451422437,15.794417606011809,0.6709608158883521,3.1870638754696725,0.5233494363929146,0.040257648953301126,0.040257648953301126,,,,,,,
102,2.9119699409554483,7.548309178743962,52.34836285560923,4.891304347826087,8.192431561996779,3.730542136339238,0.27509393451422437,15.365002683843263,0.8990874932903918,3.2004830917874396,0.5568974771873323,0.040257648953301126,0.040257648953301126,,,,,,,
103,2.932098765432099,7.50805152979066,52.29468599033817,4.924852388620504,8.192431561996779,3.730542136339238,0.2683843263553409,15.324745034889963,0.8990874932903918,3.2340311325818574,0.6105743424584005,0.040257648953301126,0.040257648953301126,,,,,,,
104,2.952227589908749,7.454374664519592,52.12023617820719,4.99194847020934,8.205850778314547,3.8378958668813743,0.2616747181964573,15.237520128824476,0.9125067096081588,3.260869565217391,0.6843800322061192,0.040257648953301126,0.040257648953301126,,,,,,,
105,2.9924852388620504,7.454374664519592,52.02630166398282,5.112721417069243,8.125335480407944,3.8378958668813743,0.2885131508319914,15.190552871712292,0.966183574879227,3.240740740740741,0.6843800322061192,0.040257648953301126,0.040257648953301126,,,,,,,
106,2.9388083735909825,7.454374664519592,51.409017713365536,5.092592592592593,8.091787439613526,3.9184111647879765,0.28180354267310787,15.727321524422974,0.9728931830381106,3.260869565217391,0.7648953301127214,0.04696725711218465,0.040257648953301126,,,,,,,
107,2.898550724637681,7.4141170155662905,48.43666129898014,6.239935587761675,8.715780998389693,3.965378421900161,0.28180354267310787,15.633387010198604,1.0064412238325282,4.461889425657541,0.8454106280193237,0.04696725711218465,0.05367686527106817,,,,,,,
108,2.885131508319914,7.2933440687063875,47.034353193773484,6.689479334406871,8.695652173913043,3.8580246913580245,0.322061191626409,17.16988727858293,1.0064412238325282,4.072732152442297,0.8722490606548577,0.04696725711218465,0.05367686527106817,,,,,,,
109,2.8784219001610305,7.2933440687063875,45.591787439613526,6.595544820182502,10.95679012345679,3.750670960815888,0.30864197530864196,17.082662372517444,1.0735373054213635,3.5091250670960816,0.8655394524959742,0.04696725711218465,0.04696725711218465,,,,,,,
110,2.8784219001610305,7.313472893183038,45.41733762748255,6.629092860976919,10.963499731615673,3.8580246913580245,0.30864197530864196,16.968599033816425,1.0735373054213635,3.5091250670960816,0.9796027911969941,0.04696725711218465,0.05367686527106817,,,,,,,
111,2.717391304347826,7.112184648416532,45.6857219538379,6.642512077294686,10.990338164251208,3.8915727321524423,0.33548040794417605,16.914922168545356,1.1205045625335481,3.4822866344605474,0.9796027911969941,0.04696725711218465,0.08051529790660225,,,,,,,
112,2.757648953301127,7.105475040257649,45.4374664519592,6.749865807836822,10.970209339774557,3.978797638217928,0.36902844873859364,16.914922168545356,1.1137949543746646,3.535963499731616,0.9393451422436929,0.04696725711218465,0.08051529790660225,,,,,,,
113,2.771068169618894,7.105475040257649,45.16237251744498,6.8035426731078905,11.003757380568974,4.133118625872249,0.3824476650563607,16.888083735909824,1.1943102522812667,3.475577026301664,0.95276435856146,0.04696725711218465,0.08051529790660225,,,,,,,
114,2.804616210413312,7.098765432098766,45.07514761137949,6.790123456790123,10.983628556092324,4.186795491143317,0.3824476650563607,16.841116478797638,1.261406333870102,3.475577026301664,0.95276435856146,0.06709608158883522,0.08051529790660225,,,,,,,
115,2.442297369833602,5.649490069779925,53.56280193236715,4.4820182501341925,9.621578099838969,3.743961352657005,0.39586688137412773,14.445786366076222,1.221148684916801,3.3145464304884595,0.9997316156736447,0.06709608158883522,0.05367686527106817,,,,,,,
116,2.442297369833602,5.649490069779925,53.36822329575953,4.468599033816425,9.621578099838969,3.911701556629093,0.39586688137412773,14.445786366076222,1.221148684916801,3.3548040794417604,0.9997316156736447,0.06709608158883522,0.05367686527106817,,,,,,,
117,2.475845410628019,5.441492216854535,53.207192699946326,4.448470209339774,9.856414385399892,4.03918411164788,0.39586688137412773,14.338432635534085,1.288244766505636,3.3548040794417604,1.0332796564680622,0.06709608158883522,0.05367686527106817,,,,,,,
118,2.200751476113795,47.436929683306495,34.05797101449275,2.898550724637681,3.1736446591519054,1.8183038110574343,0.08722490606548577,6.286902844873859,0.2549651100375738,1.221148684916801,0.48980139559849706,0.040257648953301126,0.03354804079441761,,,,,,,
119,2.2208803005904456,45.1959205582394,29.07944176060118,3.421900161030596,2.61003757380569,1.8518518518518519,0.08051529790660225,12.406065485775631,0.2885131508319914,2.3215244229736984,0.43612453032742887,0.040257648953301126,0.04696725711218465,,,,,,,
120,2.2342995169082127,44.35050993022008,29.03918411164788,4.253891572732153,2.61003757380569,1.892109500805153,0.08051529790660225,12.406065485775631,0.2885131508319914,2.3215244229736984,0.43612453032742887,0.040257648953301126,0.04696725711218465,,,,,,,
121,2.2342995169082127,44.337090713902306,28.81105743424584,4.30756843800322,2.61003757380569,2.0531400966183573,0.08051529790660225,12.385936661298981,0.2885131508319914,2.3215244229736984,0.4830917874396135,0.040257648953301126,0.04696725711218465,,,,,,,
122,2.2410091250670963,44.22973698336017,28.71712292002147,4.441760601180891,2.61003757380569,2.1135265700483092,0.08051529790660225,12.204777241009126,0.2885131508319914,2.4154589371980677,0.5568974771873323,0.05367686527106817,0.04696725711218465,,,,,,,
123,2.2611379495437465,44.135802469135804,28.69699409554482,4.488727858293076,2.6167471819645733,2.1269457863660763,0.10735373054213634,12.191358024691358,0.2885131508319914,2.428878153515835,0.5568974771873323,0.05367686527106817,0.04696725711218465,,,,,,,
124,2.2342995169082127,44.14251207729468,28.670155662909288,4.461889425657541,2.6167471819645733,2.147074610842727,0.10735373054213634,12.191358024691358,0.2885131508319914,2.4355877616747184,0.5568974771873323,0.07380568974771873,0.07380568974771873,,,,,,,
125,1.9994632313472893,44.07541599570585,28.663446054750402,4.750402576489533,2.6167471819645733,2.15378421900161,0.10735373054213634,12.177938808373591,0.30864197530864196,2.4355877616747184,0.5636070853462157,0.07380568974771873,0.07380568974771873,,,,,,,
126,2.0397208803005906,43.77348362855609,28.589640365002683,5.018786902844874,2.6301663982823404,2.214170692431562,0.10735373054213634,12.130971551261407,0.30864197530864196,2.408749329039184,0.6038647342995169,0.10064412238325282,0.07380568974771873,,,,,,,
127,2.100107353730542,43.65271068169619,28.099838969404185,5.0993022007514766,2.623456790123457,2.6838432635534084,0.10735373054213634,12.077294685990339,0.3153515834675255,2.408749329039184,0.6575415995705851,0.10064412238325282,0.07380568974771873,,,,,,,
128,1.7444981213097155,43.04884594739667,27.717391304347824,6.427804616210413,2.563070316693505,2.757648953301127,0.10735373054213634,12.050456253354804,0.3153515834675255,2.408749329039184,0.6843800322061192,0.10064412238325282,0.07380568974771873,,,,,,,
129,1.7646269457863661,42.90794417606012,27.126945786366075,7.132313472893183,2.5295222758990876,2.7777777777777777,0.13419216317767044,12.030327428878154,0.3153515834675255,2.4020397208803006,0.7045088566827697,0.10064412238325282,0.07380568974771873,,,,,,,
130,1.7310789049919484,42.15646806226516,26.120504562533547,7.14573268921095,4.643048845947397,2.9119699409554483,0.0939345142243693,13.211218464841654,0.2952227589908749,0.9057971014492754,0.6239935587761675,0.07380568974771873,0.08722490606548577,,,,,,,
131,1.737788513150832,40.61325818572195,25.42270531400966,9.762479871175524,4.636339237788513,2.657004830917874,0.0939345142243693,13.036768652710682,0.2952227589908749,0.9259259259259259,0.6575415995705851,0.07380568974771873,0.08722490606548577,,,,,,,
132,1.6103059581320451,39.36527106816962,25.717928073000536,9.836285560923242,4.656468062265164,2.536231884057971,0.0939345142243693,13.036768652710682,0.30864197530864196,1.9927536231884058,0.6575415995705851,0.08051529790660225,0.10735373054213634,,,,,,,
133,1.6639828234031133,39.22436929683307,27.28797638217928,9.91009125067096,4.62962962962963,2.5966183574879227,0.14090177133655393,11.345947396672035,0.30864197530864196,1.9927536231884058,0.7112184648416533,0.08051529790660225,0.10735373054213634,,,,,,,
134,1.6505636070853462,39.06333870101986,27.20746108427268,10.044283413848632,4.636339237788513,2.6637144390767578,0.14090177133655393,11.3191089640365,0.322061191626409,2.0397208803005906,0.7246376811594203,0.08051529790660225,0.10735373054213634,,,,,,,
135,1.6706924315619969,38.74127750939345,26.912238325281802,10.0979602791197,4.5893719806763285,3.180354267310789,0.14090177133655393,11.305689747718732,0.3824476650563607,2.0397208803005906,0.7514761137949544,0.08051529790660225,0.10735373054213634,,,,,,,
136,1.6706924315619969,38.238056897477186,25.785024154589372,10.352925389157273,4.461889425657541,4.663177670424047,0.14090177133655393,11.272141706924316,0.3824476650563607,2.0397208803005906,0.785024154589372,0.08051529790660225,0.1274825550187869,,,,,,,
137,1.6841116478797638,38.036768652710684,24.986580783682232,10.493827160493828,5.8172302737520125,4.891304347826087,0.14090177133655393,10.534084809447128,0.36231884057971014,2.0397208803005906,0.8051529790660226,0.08051529790660225,0.1274825550187869,,,,,,,
138,1.6639828234031133,37.92941492216855,24.986580783682232,10.527375201288244,5.790391841116479,4.8376274825550185,0.14090177133655393,10.534084809447128,0.43612453032742887,2.100107353730542,0.8051529790660226,0.0939345142243693,0.15432098765432098,,,,,,,
139,1.5901771336553945,37.204777241009126,26.50966183574879,10.896403650026839,5.723295759527644,4.213633923778851,0.06709608158883522,10.426731078904991,0.39586688137412773,1.90552871712292,0.8588298443370908,0.05367686527106817,0.15432098765432098,,,,,,,
140,1.6103059581320451,37.17793880837359,26.44927536231884,10.815888352120236,5.709876543209877,4.274020397208803,0.08051529790660225,10.406602254428341,0.46967257112184646,1.9189479334406871,0.8588298443370908,0.10064412238325282,0.1274825550187869,,,,,,,
141,1.596886741814278,37.09742351046699,26.39559849704777,10.909822866344605,5.709876543209877,4.300858829844337,0.08051529790660225,10.332796564680622,0.46967257112184646,1.9256575415995705,0.9259259259259259,0.10064412238325282,0.15432098765432098,,,,,,,
142,1.6304347826086956,37.003488996242616,26.362050456253353,10.95679012345679,5.6964573268921095,4.3478260869565215,0.08051529790660225,10.279119699409554,0.4830917874396135,1.9256575415995705,0.9796027911969941,0.10064412238325282,0.15432098765432098,,,,,,,
143,1.4694041867954912,15.398550724637682,53.193773483628554,5.656199677938808,5.159688674181428,6.025228126677402,0.040257648953301126,9.796027911969942,0.3488996242619431,1.8451422436929683,0.95276435856146,0.05367686527106817,0.06038647342995169,,,,,,,
144,1.4492753623188406,15.371712292002147,52.764358561460014,5.6964573268921095,5.146269457863661,5.884326355340848,0.040257648953301126,9.77589908749329,0.36231884057971014,1.865271068169619,1.4761137949543746,0.05367686527106817,0.08722490606548577,,0.026838432635534086,,,,,
145,1.4559849704777241,15.331454643048845,52.63016639828234,5.709876543209877,5.146269457863661,5.998389694041868,0.06709608158883522,9.749060654857756,0.36231884057971014,1.865271068169619,1.5029522275899088,0.05367686527106817,0.10064412238325282,,0.026838432635534086,,,,,
146,1.5365002683843263,15.324745034889963,52.40874932903918,5.763553408480945,5.119431025228127,6.139291465378422,0.08051529790660225,9.702093397745571,0.3757380568974772,1.8518518518518519,1.5029522275899088,0.06709608158883522,0.10064412238325282,,0.026838432635534086,,,,,
147,1.5230810520665594,15.230810520665592,52.21417069243156,5.750134192163178,5.179817498658078,6.380837359098229,0.08051529790660225,9.695383789586689,0.3757380568974772,1.8518518518518519,1.5432098765432098,0.06709608158883522,0.08051529790660225,,0.026838432635534086,,,,,
148,1.5633387010198605,15.230810520665592,52.14707461084273,5.662909286097692,5.2066559312936125,6.427804616210413,0.08051529790660225,9.668545356951155,0.4294149221685454,1.8048845947396672,1.570048309178744,0.06709608158883522,0.11406333870101985,,0.026838432635534086,,,,,
149,1.583467525496511,15.170424047235642,52.03972088030059,5.709876543209877,5.2066559312936125,6.528448738593666,0.08051529790660225,9.668545356951155,0.4294149221685454,1.8048845947396672,1.570048309178744,0.06709608158883522,0.11406333870101985,,0.026838432635534086,,,,,
150,1.5767579173376274,15.136876006441224,51.892109500805155,5.810520665593129,5.2066559312936125,6.635802469135802,0.08051529790660225,9.614868491680086,0.4092860976918948,1.8115942028985508,1.6170155662909287,0.06709608158883522,0.11406333870101985,,0.026838432635534086,,,,,
151,1.583467525496511,15.136876006441224,48.671497584541065,5.750134192163178,5.193236714975845,8.702361782071927,0.08051529790660225,9.312936124530328,0.41599570585077833,3.3279656468062266,1.6170155662909287,0.06709608158883522,0.11406333870101985,,0.026838432635534086,,,,,
152,1.5230810520665594,14.338432635534085,47.91331186258722,5.662909286097692,5.2066559312936125,10.38647342995169,0.08051529790660225,9.312936124530328,0.41599570585077833,3.3011272141706924,1.6170155662909287,0.06709608158883522,0.11406333870101985,0.03354804079441761,0.026838432635534086,,,,,
153,1.5499194847020934,14.304884594739667,47.85292538915727,5.6964573268921095,5.2066559312936125,10.38647342995169,0.08051529790660225,9.312936124530328,0.41599570585077833,3.3011272141706924,1.6170155662909287,0.06709608158883522,0.14761137949543746,0.03354804079441761,0.026838432635534086,,,,,
154,1.5163714439076759,14.15727321524423,40.653515834675254,5.387815351583468,12.379227053140097,11.580783682232958,0.05367686527106817,8.957326892109501,0.38915727321524424,3.294417606011809,1.3620504562533549,0.06709608158883522,0.14090177133655393,0.03354804079441761,0.026838432635534086,,,,,
155,1.5163714439076759,14.13714439076758,40.13016639828234,5.367686527106817,12.399355877616747,12.02361782071927,0.05367686527106817,8.957326892109501,0.38915727321524424,3.33467525496511,1.3955984970477724,0.06709608158883522,0.16774020397208803,0.03354804079441761,0.026838432635534086,,,,,
156,1.482823403113258,14.13714439076758,39.55984970477724,5.394524959742351,12.399355877616747,12.580515297906603,0.05367686527106817,8.870101986044014,0.38915727321524424,3.3279656468062266,1.4694041867954912,0.06709608158883522,0.19457863660762212,0.03354804079441761,0.040257648953301126,,,,,
157,1.5029522275899088,14.123725174449811,39.48604401502952,5.4616210413311865,12.385936661298981,12.52012882447665,0.05367686527106817,8.836553945249598,0.4025764895330113,3.3480944712828773,1.5029522275899088,0.06709608158883522,0.23483628556092323,0.03354804079441761,0.040257648953301126,,,,,
158,1.5029522275899088,14.056629092860977,39.412238325281805,5.522007514761138,12.359098228663447,12.587224906065487,0.08051529790660225,8.836553945249598,0.4294149221685454,3.3413848631239937,1.5029522275899088,0.06038647342995169,0.23483628556092323,0.03354804079441761,0.040257648953301126,,,,,
159,1.5230810520665594,14.016371443907676,39.371980676328505,5.58239398819109,12.318840579710145,12.620772946859903,0.08051529790660225,8.809715512614064,0.4562533548040794,3.3413848631239937,1.5029522275899088,0.06038647342995169,0.24154589371980675,0.03354804079441761,0.040257648953301126,,,,,
160,1.570048309178744,13.88888888888889,39.11701556629093,5.609232420826624,12.31213097155126,12.855609232420827,0.08051529790660225,8.655394524959743,0.46967257112184646,3.374932903918411,1.6908212560386473,0.06038647342995169,0.24154589371980675,0.03354804079441761,0.040257648953301126,,,,,
