,45,50,55,53,52,51,54,56,57,58,60,59,46,61
0,99.31561996779388,0.6843800322061192,,,,,,,,,,,,
1,84.75577026301664,15.217391304347826,0.026838432635534086,,,,,,,,,,,
2,84.56119162640901,15.203972088030058,0.23483628556092323,,,,,,,,,,,
3,81.48148148148148,18.136070853462158,0.23483628556092323,0.14761137949543746,,,,,,,,,,
4,75.71792807300054,23.960010735373054,0.2952227589908749,,0.026838432635534086,,,,,,,,,
5,67.81400966183575,31.696188942565755,0.4428341384863124,,0.026838432635534086,0.020128824476650563,,,,,,,,
6,65.94873859366614,33.25281803542673,0.7514761137949544,,0.026838432635534086,0.020128824476650563,,,,,,,,
7,65.84138486312399,33.28636607622115,0.7581857219538379,0.06709608158883522,0.026838432635534086,0.020128824476650563,,,,,,,,
8,56.29361245303274,42.84755770263017,0.7447665056360708,0.06709608158883522,0.026838432635534086,0.020128824476650563,,,,,,,,
9,55.96484165324745,41.76731078904992,1.1876006441223832,0.30864197530864196,0.026838432635534086,0.020128824476650563,0.7246376811594203,,,,,,,
10,52.58990874932904,44.73295759527644,1.3419216317767042,0.30864197530864196,0.026838432635534086,0.020128824476650563,0.9796027911969941,,,,,,,
11,44.33038110574343,53.40848094471283,1.0332796564680622,0.30864197530864196,0.026838432635534086,0.06038647342995169,0.8319914117015567,,,,,,,
12,42.3040794417606,48.18169618894257,1.2546967257112185,0.30864197530864196,0.026838432635534086,7.092055823939882,0.8319914117015567,,,,,,,
13,37.19806763285024,53.42860976918948,1.1808910359634996,0.30864197530864196,,7.0383789586688135,0.8454106280193237,,,,,,,
14,37.0101986044015,53.31454643048846,1.3620504562533549,0.30864197530864196,,7.0383789586688135,0.966183574879227,,,,,,,
15,37.063875469672574,53.213902308105204,1.3955984970477724,0.30864197530864196,,7.058507783145465,0.9594739667203436,,,,,,,
16,34.306226516371446,55.75684380032206,1.6572732152442298,0.30864197530864196,,6.944444444444445,0.9594739667203436,0.06709608158883522,,,,,,
17,34.35319377348363,55.119431025228124,2.1135265700483092,0.30864197530864196,,6.9243156199677935,1.1137949543746646,0.06709608158883522,,,,,,
18,24.691358024691358,64.9422973698336,1.9390767579173376,0.30864197530864196,0.1274825550187869,6.89747718733226,1.0265700483091786,0.06709608158883522,,,,,,
19,16.948470209339774,64.4927536231884,2.3483628556092326,0.30864197530864196,,14.834943639291465,0.9125067096081588,0.15432098765432098,,,,,,
20,17.12962962962963,64.27133655394525,2.4221685453569513,0.30864197530864196,,14.506172839506172,0.9125067096081588,0.4495437466451959,,,,,,
21,14.304884594739667,59.13177670424047,2.26784755770263,0.30864197530864196,,22.75228126677402,0.7581857219538379,0.47638217928073,,,,,,
22,14.412238325281804,59.01100375738057,2.26784755770263,0.36902844873859364,,22.65834675254965,0.7581857219538379,0.5233494363929146,,,,,,
23,13.023349436392914,55.26704240472356,2.2946859903381642,0.36902844873859364,5.790391841116479,21.66532474503489,0.7313472893183038,0.7581857219538379,0.10064412238325282,,,,,
24,13.043478260869565,54.609500805152976,5.186527106816962,0.35560923242082665,5.790391841116479,19.424315619967793,0.7313472893183038,0.785024154589372,0.07380568974771873,,,,,
25,12.909286097691895,53.91170155662909,5.508588298443371,0.5099302200751477,5.636070853462158,19.216317767042405,1.2077294685990339,0.9997316156736447,0.07380568974771873,0.026838432635534086,,,,
26,13.110574342458401,52.87842190016103,6.239935587761675,0.5099302200751477,5.636070853462158,19.176060118089104,1.3486312399355878,0.9997316156736447,0.07380568974771873,0.026838432635534086,,,,
27,12.895866881374127,50.84541062801932,6.1862587224906065,4.17337627482555,5.562265163714439,17.68652710681696,1.3888888888888888,1.0399892646269457,0.13419216317767044,0.05367686527106817,0.03354804079441761,,,
28,11.81561996779388,46.833064949006975,5.864197530864198,3.7909286097691894,4.951690821256038,24.060654857756308,1.3754696725711217,1.0131508319914118,0.12077294685990338,0.14090177133655393,0.03354804079441761,,,
29,11.98336017176597,46.786097691894796,5.917874396135265,3.7909286097691894,4.918142780461621,23.711755233494365,1.415727321524423,1.1003757380568975,0.20128824476650564,0.14090177133655393,0.03354804079441761,,,
30,11.735104669887278,41.680085882984436,5.683038110574342,3.6366076221148687,3.012614063338701,31.642512077294686,0.9930220075147611,1.247987117552335,0.19457863660762212,0.14090177133655393,0.03354804079441761,,,
31,11.81561996779388,41.217122920021474,6.078904991948471,3.6366076221148687,3.012614063338701,31.266774020397207,1.3217928073000538,1.2815351583467525,0.19457863660762212,0.14090177133655393,0.03354804079441761,,,
32,11.943102522812667,41.0024154589372,6.1862587224906065,3.6366076221148687,2.9924852388620504,30.97826086956522,1.3217928073000538,1.570048309178744,0.19457863660762212,0.14090177133655393,0.03354804079441761,,,
33,11.963231347289318,40.17713365539453,6.347289318303811,3.6366076221148687,2.9924852388620504,30.743424584004295,2.0263016639828235,1.7444981213097155,0.19457863660762212,0.14090177133655393,0.03354804079441761,,,
34,12.090713902308105,39.821524422973695,6.608964036500268,3.6366076221148687,3.012614063338701,30.515297906602253,2.0263016639828235,1.9189479334406871,0.19457863660762212,0.14090177133655393,0.03354804079441761,,,
35,8.61513687600644,44.18947933440687,6.421095008051529,3.911701556629093,2.831454643048846,29.602791196994094,2.0128824476650564,2.046430488459474,0.19457863660762212,0.14090177133655393,0.03354804079441761,,,
36,8.78287707997853,43.874127750939344,6.5485775630703165,4.025764895330113,2.7777777777777777,29.320987654320987,2.01959205582394,2.254428341384863,0.2214170692431562,0.14090177133655393,0.03354804079441761,,,
37,8.99087493290392,43.37090713902308,6.689479334406871,4.025764895330113,2.7777777777777777,29.139828234031132,2.3550724637681157,2.254428341384863,0.2214170692431562,0.14090177133655393,0.03354804079441761,,,
38,9.098228663446054,43.06897477187332,6.796833064949007,4.025764895330113,3.079710144927536,28.69699409554482,2.3550724637681157,2.4825550187869028,0.2214170692431562,0.14090177133655393,0.03354804079441761,,,
39,8.930488459473967,42.290660225442835,6.957863660762212,6.400966183574879,2.509393451422437,27.710681696188942,2.147074610842727,2.4020397208803006,0.32877079978529256,0.2885131508319914,0.03354804079441761,,,
40,8.957326892109501,42.23698336017176,7.071926999463232,6.380837359098229,2.509393451422437,27.61003757380569,2.147074610842727,2.4355877616747184,0.32877079978529256,0.2885131508319914,0.03354804079441761,,,
41,9.131776704240472,41.47208803005905,6.998121309715513,6.850509930220075,2.509393451422437,27.18733225979603,2.1739130434782608,2.898550724637681,0.32877079978529256,0.41599570585077833,0.03354804079441761,,,
42,9.078099838969404,39.63365539452496,6.206387546967257,6.716317767042405,2.475845410628019,29.924852388620504,1.8183038110574343,3.2877079978529253,0.32877079978529256,0.4495437466451959,0.03354804079441761,0.04696725711218465,,
43,9.037842190016104,39.00295222758991,7.353730542136339,6.743156199677939,2.475845410628019,29.146537842190018,2.3617820719269993,3.0193236714975846,0.32877079978529256,0.4495437466451959,0.03354804079441761,0.04696725711218465,,
44,9.098228663446054,38.7614063338701,7.320182501341922,6.743156199677939,2.4557165861513686,29.032474503488995,2.3617820719269993,3.3682232957595275,0.32877079978529256,0.4495437466451959,0.03354804079441761,0.04696725711218465,,
45,9.232420826623725,38.58024691358025,7.447665056360709,6.709608158883521,2.4154589371980677,28.73725174449812,2.3349436392914655,3.656736446591519,0.32877079978529256,0.4495437466451959,0.03354804079441761,0.07380568974771873,,
46,9.23913043478261,38.21121846484165,7.340311325818572,6.696188942565755,2.408749329039184,28.576221148684915,2.871712292002147,3.770799785292539,0.32877079978529256,0.4495437466451959,0.03354804079441761,0.07380568974771873,,
47,9.339774557165862,38.157541599570585,7.333601717659689,6.863929146537842,2.408749329039184,28.455448201825014,2.871712292002147,3.844605475040258,0.3153515834675255,0.30193236714975846,0.03354804079441761,0.07380568974771873,,
48,9.386741814278047,38.137412775093935,7.333601717659689,6.863929146537842,2.408749329039184,28.381642512077295,2.871712292002147,3.8915727321524423,0.3153515834675255,0.30193236714975846,0.03354804079441761,0.07380568974771873,,
49,9.172034353193773,38.2313472893183,7.5281803542673105,6.877348362855609,2.408749329039184,28.22061191626409,2.871712292002147,3.9720880300590444,0.3153515834675255,0.2952227589908749,0.03354804079441761,0.07380568974771873,,
50,9.245840042941492,37.9495437466452,7.588566827697263,6.937734836285561,2.5026838432635534,28.22061191626409,2.8113258185721954,3.965378421900161,0.3153515834675255,0.35560923242082665,0.03354804079441761,0.07380568974771873,,
51,9.41358024691358,37.60064412238325,7.930756843800322,6.937734836285561,2.5026838432635534,27.999194847020934,2.8113258185721954,4.025764895330113,0.3153515834675255,0.35560923242082665,0.03354804079441761,0.07380568974771873,,
52,8.541331186258722,32.85024154589372,7.601986044015029,6.937734836285561,2.5026838432635534,34.024422973698336,2.6167471819645733,4.146537842190016,0.3153515834675255,0.35560923242082665,0.03354804079441761,0.07380568974771873,,
53,8.608427267847558,32.60198604401503,7.897208803005904,7.018250134192163,2.5026838432635534,33.8365539452496,2.536231884057971,4.2203435319377345,0.3153515834675255,0.35560923242082665,0.03354804079441761,0.07380568974771873,,
54,8.668813741277509,32.387278582930755,7.924047235641439,6.991411701556629,2.5026838432635534,33.675523349436396,2.818035426731079,4.253891572732153,0.3153515834675255,0.35560923242082665,0.03354804079441761,0.07380568974771873,,
55,8.809715512614064,31.816961889425656,8.427267847557703,6.984702093397746,2.5026838432635534,33.319914117015564,2.818035426731079,4.542404723564144,0.3153515834675255,0.35560923242082665,0.03354804079441761,0.07380568974771873,,
56,8.038110574342458,28.093129361245303,5.810520665593129,4.562533548040794,2.5026838432635534,43.90096618357488,2.61003757380569,3.9049919484702094,0.27509393451422437,0.2616747181964573,,0.040257648953301126,,
57,7.957595276435856,28.16022544283414,5.891035963499732,4.622920021470746,2.5026838432635534,43.78019323671498,2.61003757380569,3.898282340311326,0.27509393451422437,0.2616747181964573,,0.040257648953301126,,
58,8.031400966183575,27.408749329039185,6.468062265163715,4.569243156199678,4.2203435319377345,42.07595276435856,2.9052603327965647,3.7037037037037037,0.3153515834675255,0.2616747181964573,,0.040257648953301126,,
59,7.514761137949543,18.223295759527645,5.71658615136876,2.4825550187869028,4.139828234031133,56.19967793880837,1.7444981213097155,3.4621578099838968,0.3153515834675255,0.1610305958132045,,0.040257648953301126,,
60,7.669082125603865,18.089103596349972,6.353998926462695,2.5496511003757383,4.012345679012346,55.61594202898551,1.7444981213097155,3.321256038647343,0.4428341384863124,0.1610305958132045,,0.040257648953301126,,
61,7.722758990874933,18.055555555555557,6.414385399892646,2.5496511003757383,4.012345679012346,55.50858829844337,1.7444981213097155,3.3480944712828773,0.4428341384863124,0.1610305958132045,,0.040257648953301126,,
62,7.628824476650563,16.800858829844337,5.615942028985507,2.6838432635534084,4.012345679012346,55.173107890499196,4.146537842190016,3.294417606011809,0.4428341384863124,0.1610305958132045,,0.040257648953301126,,
63,7.628824476650563,16.71363392377885,5.501878690284487,2.6637144390767578,4.005636070853462,52.965646806226516,6.454643048845948,3.3816425120772946,0.4428341384863124,0.1610305958132045,,0.08051529790660225,,
64,7.776435856146001,16.6935050993022,5.522007514761138,2.6637144390767578,3.938539989264627,52.63016639828234,6.4412238325281805,3.5225442834138487,0.5703166935050993,0.1610305958132045,,0.08051529790660225,,
65,7.092055823939882,12.882447665056361,4.4820182501341925,2.5429414922168547,2.871712292002147,61.05072463768116,5.991680085882985,2.5026838432635534,0.41599570585077833,0.1274825550187869,,0.040257648953301126,,
66,7.192699946323135,12.721417069243156,4.575952764358561,2.5429414922168547,2.8918411164787976,60.73537305421363,6.031937734836285,2.7241009125067097,0.41599570585077833,0.1274825550187869,,0.040257648953301126,,
67,7.300053676865271,12.466451959205582,4.904723564143854,2.5429414922168547,2.885131508319914,60.52066559312936,6.031937734836285,2.7643585614600106,0.41599570585077833,0.1274825550187869,,0.040257648953301126,,
68,7.4006977992485234,12.493290391841116,5.870907139023081,2.5429414922168547,2.8247450348899625,59.42699946323135,6.018518518518518,2.8113258185721954,0.4428341384863124,0.1274825550187869,,0.040257648953301126,,
69,7.675791733762749,12.473161567364466,6.025228126677402,2.5697799248523885,2.8113258185721954,58.756038647343,5.904455179817498,3.1736446591519054,0.4428341384863124,0.1274825550187869,,0.040257648953301126,,
70,7.521470746108427,12.332259796027913,5.4549114331723025,2.5429414922168547,5.199946323134729,57.21953837895867,5.904455179817498,3.2004830917874396,0.4562533548040794,0.1274825550187869,,0.040257648953301126,,
71,7.803274288781535,12.177938808373591,5.763553408480945,2.5831991411701556,5.152979066022544,56.56199677938808,5.837359098228664,3.4621578099838968,0.4562533548040794,0.1610305958132045,,0.040257648953301126,,
72,7.816693505099302,12.097423510466989,5.931293612453032,3.166935050993022,5.199946323134729,56.03193773483628,5.689747718733226,3.408480944712829,0.4562533548040794,0.1610305958132045,,0.040257648953301126,,
73,7.96430488459474,11.996779388083736,6.179549114331723,3.046162104133119,5.032206119162641,55.93129361245303,5.669618894256575,3.408480944712829,0.5703166935050993,0.1610305958132045,,0.040257648953301126,,
74,7.944176060118089,12.02361782071927,6.327160493827161,3.1535158346752548,4.9651100375738055,55.743424584004295,5.501878690284487,3.515834675254965,0.5703166935050993,0.1610305958132045,,0.0939345142243693,,
75,8.017981749865807,12.010198604401502,6.394256575415996,3.140096618357488,4.9651100375738055,55.58910359634997,5.515297906602254,3.5426731078904994,0.5703166935050993,0.1610305958132045,,0.0939345142243693,,
76,7.273215244229737,11.855877616747183,5.508588298443371,3.361513687600644,15.13016639828234,48.84594739667203,4.783950617283951,2.4221685453569513,0.5032206119162641,0.2214170692431562,,0.0939345142243693,,
77,7.2933440687063875,11.728395061728396,5.615942028985507,3.3682232957595275,15.170424047235642,48.47691894793344,4.8443370907139025,2.5496511003757383,0.5032206119162641,0.2214170692431562,,0.2281266774020397,,
78,7.219538378958669,11.600912506709609,5.917874396135265,6.199677938808374,14.868491680085883,45.53811057434246,4.924852388620504,2.7777777777777777,0.5032206119162641,0.2214170692431562,,0.2281266774020397,,
79,7.253086419753086,11.600912506709609,6.099033816425121,6.146001073537305,14.76784755770263,45.32340311325819,4.8443370907139025,2.8515834675254963,0.5367686527106817,0.3488996242619431,,0.2281266774020397,,
80,7.266505636070853,11.520397208803006,5.743424584004294,8.13875469672571,14.345142243692969,43.53864734299517,4.736983360171766,3.193773483628556,0.9393451422436929,0.3488996242619431,,0.2281266774020397,,
81,7.39398819108964,11.500268384326356,5.736714975845411,8.125335480407944,14.318303811057435,43.263553408480945,4.817498658078368,3.3011272141706924,0.966183574879227,0.3488996242619431,,0.2281266774020397,,
82,5.9447128287707995,7.9039184111647875,4.864465915190553,4.951690821256038,16.29092860976919,51.898819108964034,3.750670960815888,3.0730005367686526,0.9460547504025765,0.1610305958132045,,0.2147074610842727,,
83,5.964841653247451,7.729468599033816,4.830917874396135,4.944981213097155,16.27079978529254,51.871980676328505,4.025764895330113,3.0394524959742353,0.9460547504025765,0.1610305958132045,,0.2147074610842727,,
84,6.085614600107354,7.702630166398282,5.152979066022544,5.01207729468599,16.190284487385938,51.268115942028984,3.9184111647879765,3.3480944712828773,0.9460547504025765,0.1610305958132045,,0.2147074610842727,,
85,6.105743424584004,7.615405260332796,5.199946323134729,5.0858829844337095,16.170155662909288,50.72463768115942,3.878153515834675,3.878153515834675,0.95276435856146,0.1610305958132045,,0.2281266774020397,,
86,6.333870101986044,7.615405260332796,5.199946323134729,4.958400429414922,16.10305958132045,50.44283413848631,3.9184111647879765,3.9452495974235107,0.9930220075147611,0.2885131508319914,,0.20128824476650564,,
87,6.535158346752549,7.501341921631776,5.555555555555555,4.958400429414922,15.915190552871712,49.443102522812666,3.864734299516908,4.7168545356951155,1.0198604401502953,0.2885131508319914,,0.20128824476650564,,
88,6.6827697262479875,7.367149758454106,5.797101449275362,4.978529253891573,15.841384863123993,48.960010735373054,3.851315083199141,4.998658078368224,1.0332796564680622,0.2885131508319914,,0.20128824476650564,,
89,6.850509930220075,7.25979602791197,6.447933440687064,5.038915727321524,15.767579173376275,48.09447128287708,3.750670960815888,5.24020397208803,1.0735373054213635,0.2885131508319914,,0.1878690284487386,,
90,6.998121309715513,7.206119162640902,6.508319914117015,4.985238862050457,15.083199141170155,47.66505636070853,3.8580246913580245,6.092324208266238,1.1272141706924315,0.2885131508319914,,0.1878690284487386,,
91,7.159151905528717,7.14573268921095,6.689479334406871,4.99194847020934,14.781266774020397,47.55099302200752,3.81105743424584,6.078904991948471,1.328502415458937,0.2885131508319914,,0.17444981213097155,,
92,7.1725711218464845,7.085346215780999,6.689479334406871,5.233494363929147,14.74771873322598,47.36312399355877,3.81105743424584,6.085614600107354,1.3486312399355878,0.2885131508319914,,0.17444981213097155,,
93,7.239667203435319,7.0450885668276975,6.615673644659152,5.199946323134729,14.61352657004831,47.175254965110035,3.965378421900161,6.213097155126141,1.3486312399355878,0.4092860976918948,,0.17444981213097155,,
94,7.4208266237251745,6.984702093397746,6.66935050993022,5.186527106816962,14.090177133655395,46.90016103059581,4.233762748255502,6.488191089640365,1.402308105206656,0.4495437466451959,,0.17444981213097155,,
95,7.467793880837359,6.971282877079979,6.830381105743425,5.186527106816962,14.029790660225443,46.57809983896941,4.2270531400966185,6.6827697262479875,1.402308105206656,0.4495437466451959,,0.17444981213097155,,
96,7.514761137949543,6.937734836285561,6.830381105743425,5.434782608695652,13.92914653784219,46.524422973698336,4.2203435319377345,6.702898550724638,1.2815351583467525,0.4495437466451959,,0.17444981213097155,,
97,6.716317767042405,8.319914117015566,6.998121309715513,5.414653784219001,13.747987117552334,45.71256038647343,4.200214707461084,7.024959742351046,1.2815351583467525,0.4092860976918948,,0.17444981213097155,,
98,6.796833064949007,8.165593129361245,6.957863660762212,5.428073000536768,13.365539452495975,45.330112721417066,4.643048845947397,7.333601717659689,1.3955984970477724,0.4092860976918948,,0.17444981213097155,,
99,6.857219538378959,8.091787439613526,7.340311325818572,5.428073000536768,13.144122383252817,45.12211486849168,4.64975845410628,7.514761137949543,1.2681159420289856,0.4092860976918948,,0.17444981213097155,,
100,6.89747718733226,8.071658615136876,7.340311325818572,5.676328502415459,13.110574342458401,44.93424584004294,4.643048845947397,7.481213097155126,1.2681159420289856,0.4025764895330113,,0.17444981213097155,,
101,6.850509930220075,8.024691358024691,6.790123456790123,5.320719269994632,11.963231347289318,46.65861513687601,4.502147074610843,7.997852925389157,1.1406333870101986,0.5770263016639828,,0.17444981213097155,,
102,6.743156199677939,8.011272141706923,6.595544820182502,4.656468062265164,10.829307568438002,48.51717659688674,4.944981213097155,7.937466451959206,1.0265700483091786,0.5636070853462157,,0.17444981213097155,,
103,6.937734836285561,7.937466451959206,6.608964036500268,4.656468062265164,10.829307568438002,48.2085346215781,4.944981213097155,8.111916264090176,1.0265700483091786,0.5636070853462157,,0.17444981213097155,,
104,6.991411701556629,7.722758990874933,6.535158346752549,4.508856682769726,10.534084809447128,48.64465915190553,5.293880837359098,8.07836822329576,0.95276435856146,0.5636070853462157,,0.17444981213097155,,
105,7.071926999463232,7.702630166398282,6.984702093397746,4.488727858293076,10.534084809447128,48.027375201288244,5.407944176060118,7.971014492753623,1.0735373054213635,0.5636070853462157,,0.17444981213097155,,
106,7.253086419753086,7.689210950080516,6.984702093397746,4.4753086419753085,10.534084809447128,47.77241009125067,5.374396135265701,8.071658615136876,1.0735373054213635,0.5971551261406334,,0.17444981213097155,,
107,7.320182501341922,7.689210950080516,7.0450885668276975,4.4753086419753085,10.493827160493828,47.638217928073,5.360976918947934,8.132045088566828,1.0735373054213635,0.5971551261406334,,0.17444981213097155,,
108,7.306763285024155,7.689210950080516,7.0383789586688135,4.461889425657541,10.493827160493828,47.336285560923244,5.360976918947934,8.440687063875469,1.0735373054213635,0.630703166935051,,0.16774020397208803,,
109,7.4208266237251745,7.581857219538379,7.152442297369833,4.414922168545357,10.46027911969941,47.22222222222222,5.360976918947934,8.460815888352121,1.0735373054213635,0.6843800322061192,,0.16774020397208803,,
110,7.669082125603865,7.568438003220612,7.125603864734299,4.414922168545357,10.38647342995169,46.22920021470746,5.971551261406334,8.682232957595277,1.1003757380568975,0.6843800322061192,,0.16774020397208803,,
111,7.823403113258186,7.367149758454106,7.4208266237251745,4.280730005367687,10.38647342995169,45.551529790660226,5.958132045088567,9.198872785829307,1.1003757380568975,0.7447665056360708,,0.16774020397208803,,
112,7.971014492753623,7.333601717659689,7.39398819108964,4.294149221685454,10.319377348362856,45.1959205582394,5.9447128287707995,9.561191626409018,1.0735373054213635,0.7447665056360708,,0.16774020397208803,,
113,7.96430488459474,7.25979602791197,7.64224369296833,4.294149221685454,10.050993022007514,44.68599033816425,6.025228126677402,10.037573805689748,1.0869565217391304,0.785024154589372,,0.16774020397208803,,
114,8.044820182501342,7.25979602791197,7.635534084809447,4.260601180891036,10.050993022007514,44.45115405260333,5.991680085882985,10.198604401502953,1.0869565217391304,0.8185721953837896,,0.20128824476650564,,
115,8.152173913043478,7.1658615136876005,7.729468599033816,4.260601180891036,10.02415458937198,44.04186795491143,6.266774020397209,10.25228126677402,1.0869565217391304,0.8185721953837896,,0.20128824476650564,,
116,8.172302737520129,7.058507783145465,7.769726247987117,4.253891572732153,10.037573805689748,43.65271068169619,6.239935587761675,10.695115405260333,1.0802469135802468,0.8118625872249061,,0.2281266774020397,,
117,8.205850778314547,7.0450885668276975,7.501341921631776,4.643048845947397,9.957058507783145,43.41787439613527,6.172839506172839,10.916532474503489,1.1003757380568975,0.8118625872249061,,0.2281266774020397,,
118,8.380300590445518,6.937734836285561,7.877079978529254,4.622920021470746,9.876543209876543,43.183038110574344,6.125872249060655,10.876274825550189,1.0802469135802468,0.8118625872249061,,0.2281266774020397,,
119,8.454106280193237,6.9310252281266775,8.78287707997853,4.616210413311863,9.863123993558776,42.28395061728395,6.125872249060655,10.815888352120236,1.0869565217391304,0.8118625872249061,,0.2281266774020397,,
120,8.541331186258722,6.91760601180891,8.997584541062801,4.616210413311863,9.809447128287708,42.069243156199676,6.125872249060655,10.748792270531402,1.0869565217391304,0.8588298443370908,,0.2281266774020397,,
121,8.796296296296296,6.91760601180891,9.03113258185722,4.575952764358561,9.621578099838969,41.54589371980676,6.172839506172839,11.05072463768116,1.2010198604401503,0.8588298443370908,,0.2281266774020397,,
122,8.997584541062801,6.89747718733226,8.99087493290392,4.562533548040794,9.567901234567902,41.056092324208265,6.166129898013956,11.446591519055287,1.2278582930756843,0.8588298443370908,,0.2281266774020397,,
123,8.105206655931294,4.180085882984434,7.199409554482019,4.327697262479871,9.514224369296834,49.25523349436393,4.4753086419753085,10.795759527643586,1.0802469135802468,0.8387010198604401,,0.2281266774020397,,
124,8.3064949006978,4.180085882984434,7.320182501341922,4.28743961352657,9.46725711218465,48.85265700483092,4.461889425657541,10.976918947933441,1.0802469135802468,0.8387010198604401,,0.2281266774020397,,
125,8.447396672034353,4.166666666666667,7.326892109500805,4.274020397208803,9.46725711218465,48.678207192699944,4.455179817498658,10.976918947933441,1.1473429951690821,0.8319914117015567,,0.2281266774020397,,
126,8.641975308641975,4.1532474503489,7.206119162640902,4.28743961352657,9.41358024691358,48.14143853998927,4.575952764358561,11.29898013955985,1.1943102522812667,0.8319914117015567,0.026838432635534086,0.2281266774020397,,
127,8.735909822866345,4.1532474503489,9.05126140633387,4.240472356414386,9.39345142243693,46.5378421900161,4.656468062265164,10.950080515297907,1.1943102522812667,0.8319914117015567,0.026838432635534086,0.2281266774020397,,
128,8.796296296296296,4.1532474503489,8.93719806763285,4.240472356414386,9.292807300053678,46.34997316156736,4.730273752012883,11.104401502952227,1.1808910359634996,0.8319914117015567,0.15432098765432098,0.2281266774020397,,
129,8.93719806763285,4.159957058507783,8.923778851315083,4.240472356414386,9.138486312399356,46.14868491680086,4.824208266237251,11.218464841653248,1.1741814278046163,0.8319914117015567,0.15432098765432098,0.24825550187869028,,
130,8.957326892109501,4.1532474503489,9.004294149221685,4.361245303274289,9.440418679549115,45.73939881910896,4.824208266237251,11.225174449812132,0.9796027911969941,0.8856682769726248,0.15432098765432098,0.27509393451422437,,
131,9.118357487922705,4.146537842190016,8.943907675791733,4.42163177670424,9.440418679549115,45.67230273752013,4.804079441760601,11.158078368223295,0.9796027911969941,0.8856682769726248,0.15432098765432098,0.27509393451422437,,
132,9.178743961352657,4.146537842190016,8.997584541062801,4.488727858293076,9.31964573268921,45.24288781535159,4.810789049919484,11.352657004830919,1.1137949543746646,0.8856682769726248,0.15432098765432098,0.30864197530864196,,
133,9.225711218464841,4.119699409554482,8.957326892109501,4.488727858293076,9.31964573268921,45.088566827697264,4.783950617283951,11.486849168008588,1.2144390767579174,0.8856682769726248,0.14761137949543746,0.28180354267310787,,
134,9.39345142243693,4.1129898013955986,8.930488459473967,4.488727858293076,9.23913043478261,44.75979602791197,4.891304347826087,11.647879763821793,1.2412775093934514,0.8655394524959742,0.14761137949543746,0.28180354267310787,,
135,9.386741814278047,4.005636070853462,9.064680622651638,4.461889425657541,9.373322597960279,44.69940955448202,4.8443370907139025,11.600912506709609,1.2681159420289856,0.8655394524959742,0.14761137949543746,0.28180354267310787,,
136,9.46725711218465,4.005636070853462,9.145195920558239,4.461889425657541,9.359903381642512,44.04857756307032,4.87788513150832,12.037037037037036,1.2681159420289856,0.8990874932903918,0.14761137949543746,0.28180354267310787,,
137,9.561191626409018,4.005636070853462,9.16532474503489,4.455179817498658,9.29951690821256,43.833870101986044,5.139559849704777,11.90955448201825,1.3016639828234031,0.8990874932903918,0.14761137949543746,0.28180354267310787,,
138,9.648416532474503,3.992216854535695,9.601449275362318,4.40150295222759,9.265968867418144,42.76033279656468,5.0791733762748255,12.580515297906603,1.3419216317767042,0.8990874932903918,0.14761137949543746,0.28180354267310787,,
139,9.836285560923242,3.992216854535695,9.561191626409018,4.40150295222759,9.178743961352657,42.3845947396672,5.092592592592593,12.889157273215245,1.3486312399355878,0.8856682769726248,0.14761137949543746,0.28180354267310787,,
140,9.98389694041868,3.965378421900161,9.541062801932368,4.40150295222759,9.178743961352657,42.3443370907139,5.092592592592593,12.869028448738593,1.3486312399355878,0.8454106280193237,0.14761137949543746,0.28180354267310787,,
141,10.050993022007514,3.9586688137412773,9.574610842726784,4.320987654320987,9.151905528717123,41.86795491143317,5.139559849704777,13.264895330112722,1.4090177133655395,0.8319914117015567,0.14761137949543746,0.28180354267310787,,
142,10.0979602791197,3.9586688137412773,9.702093397745571,4.428341384863124,9.138486312399356,41.40499194847021,5.139559849704777,13.459473966720344,1.4090177133655395,0.8319914117015567,0.14761137949543746,0.28180354267310787,,
143,10.144927536231885,3.9586688137412773,9.91009125067096,4.388083735909823,9.084809447128288,40.666935050993025,5.132850241545894,14.056629092860977,1.3955984970477724,0.8319914117015567,0.14761137949543746,0.28180354267310787,,
144,10.218733225979603,3.9452495974235107,9.990606548577563,4.388083735909823,8.896940418679549,40.103327965646805,5.199946323134729,14.553140096618357,1.3419216317767042,0.9326355340848095,0.14761137949543746,0.28180354267310787,,
145,10.393183038110575,3.92512077294686,10.339506172839506,4.388083735909823,8.890230810520666,39.71417069243156,5.2066559312936125,14.465915190552872,1.3419216317767042,0.9057971014492754,0.14761137949543746,0.28180354267310787,,
146,10.59447128287708,3.8311862587224907,10.23215244229737,4.361245303274289,8.816425120772946,39.398819108964034,5.307300053676865,14.727589908749328,1.415727321524423,0.8856682769726248,0.14761137949543746,0.28180354267310787,,
147,10.661567364465915,3.8311862587224907,10.36634460547504,4.361245303274289,8.789586688137414,38.92243692968331,5.307300053676865,14.989264626945786,1.4559849704777241,0.8856682769726248,0.14761137949543746,0.28180354267310787,,
148,10.755501878690284,3.8311862587224907,10.34621578099839,4.334406870638754,8.776167471819646,38.81508319914117,5.307300053676865,15.03623188405797,1.4559849704777241,0.9125067096081588,0.14761137949543746,0.28180354267310787,,
149,10.88298443370907,3.824476650563607,10.44015029522276,4.334406870638754,8.702361782071927,38.31857219538379,5.5689747718733225,15.177133655394526,1.4358561460010735,0.9125067096081588,0.12077294685990338,0.28180354267310787,,
150,11.231884057971014,3.824476650563607,10.567632850241546,4.38137412775094,8.601717659688674,38.0300590445518,5.555555555555555,15.056360708534621,1.4358561460010735,0.9125067096081588,0.12077294685990338,0.28180354267310787,,
151,11.285560923242082,3.7037037037037037,10.185185185185185,4.320987654320987,8.561460010735374,37.96967257112185,5.884326355340848,15.116747181964573,1.5432098765432098,1.0265700483091786,0.12077294685990338,0.28180354267310787,,
152,11.352657004830919,3.7037037037037037,10.0979602791197,4.320987654320987,8.57487922705314,37.84219001610306,6.005099302200751,15.13016639828234,1.5432098765432098,1.0265700483091786,0.12077294685990338,0.28180354267310787,,
153,11.708266237251744,3.7037037037037037,10.071121846484166,4.26731078904992,8.55475040257649,37.5805152979066,5.991680085882985,15.150295222758992,1.5432098765432098,1.0265700483091786,0.12077294685990338,0.28180354267310787,,
154,11.855877616747183,3.7037037037037037,9.883252818035427,4.468599033816425,8.480944712828771,37.32555018786903,6.105743424584004,15.22410091250671,1.5230810520665594,1.0265700483091786,0.12077294685990338,0.28180354267310787,,
155,11.849168008588299,3.4957058507783145,10.715244229736983,4.408212560386473,8.3467525496511,36.63446054750403,6.031937734836285,15.35829307568438,1.6706924315619969,1.0869565217391304,0.12077294685990338,0.28180354267310787,,
156,11.936392914653783,3.4957058507783145,10.654857756307031,4.408212560386473,8.333333333333334,36.39291465378422,6.172839506172839,15.378421900161031,1.737788513150832,1.0869565217391304,0.12077294685990338,0.28180354267310787,,
157,12.057165861513688,3.4957058507783145,10.654857756307031,4.408212560386473,8.333333333333334,36.3593666129898,6.125872249060655,15.351583467525497,1.737788513150832,1.0869565217391304,0.12077294685990338,0.2683843263553409,,
158,12.204777241009126,3.4957058507783145,10.856146001073537,4.40150295222759,8.3064949006978,36.171497584541065,6.206387546967257,15.123456790123457,1.7579173376274826,1.0869565217391304,0.12077294685990338,0.2683843263553409,,
159,12.25174449812131,3.488996242619431,10.82259796027912,4.394793344068707,8.319914117015566,36.09769189479334,6.239935587761675,15.150295222758992,1.7579173376274826,1.0869565217391304,0.12077294685990338,0.2683843263553409,,
160,12.426194310252281,3.488996242619431,10.775630703166936,4.468599033816425,8.3064949006978,35.98362855609233,6.266774020397209,15.049651100375739,1.7914653784219001,1.0534084809447128,0.12077294685990338,0.2683843263553409,,
161,12.52012882447665,3.488996242619431,10.889694041867955,4.562533548040794,8.185721953837897,35.7487922705314,6.1929683306494905,15.210681696188942,1.7914653784219001,1.0265700483091786,0.12077294685990338,0.2616747181964573,,
162,12.593934514224369,3.488996242619431,10.943370907139023,4.562533548040794,8.279656468062266,35.43344068706388,6.1929683306494905,15.311325818572195,1.7914653784219001,1.0198604401502953,0.12077294685990338,0.2616747181964573,,
163,12.701288244766506,3.488996242619431,11.097691894793345,4.643048845947397,8.252818035426731,35.16505636070853,6.132581857219538,15.230810520665592,1.8853998926462694,1.0198604401502953,0.12077294685990338,0.2616747181964573,,
164,12.822061191626409,3.488996242619431,11.144659151905529,4.602791196994096,8.246108427267847,34.95034889962426,6.092324208266238,15.304616210413311,1.8853998926462694,0.9997316156736447,0.12077294685990338,0.3421900161030596,,
165,12.915995705850777,3.488996242619431,11.117820719269995,4.5960815888352125,8.299785292538916,34.91009125067096,6.031937734836285,15.291196994095545,1.8853998926462694,0.9997316156736447,0.12077294685990338,0.3421900161030596,,
166,12.969672571121846,3.5225442834138487,11.211755233494364,4.5960815888352125,8.299785292538916,34.82286634460547,6.011808910359635,15.237520128824476,1.865271068169619,0.9997316156736447,0.12077294685990338,0.3421900161030596,,
167,12.902576489533011,3.5225442834138487,12.365807836822329,4.5893719806763285,8.172302737520129,33.964036500268385,5.978260869565218,15.203972088030058,1.8518518518518519,0.9863123993558777,0.12077294685990338,0.3421900161030596,,
168,13.117283950617283,3.515834675254965,12.238325281803542,4.602791196994096,8.125335480407944,33.68894256575416,6.085614600107354,15.311325818572195,1.8384326355340848,0.9863123993558777,0.12077294685990338,0.36902844873859364,,
169,13.077026301663983,3.502415458937198,12.164519592055823,4.602791196994096,8.091787439613526,33.57487922705314,6.3070316693505095,15.385131508319914,1.8317230273752012,0.9863123993558777,0.12077294685990338,0.35560923242082665,,
170,13.365539452495975,3.502415458937198,12.02361782071927,4.696725711218465,7.977724100912507,33.48765432098765,6.3070316693505095,15.378421900161031,1.8317230273752012,0.95276435856146,0.12077294685990338,0.35560923242082665,,
171,13.499731615673644,3.502415458937198,12.077294685990339,4.723564143853999,7.977724100912507,33.1857219538379,6.380837359098229,15.385131508319914,1.8317230273752012,0.966183574879227,0.12077294685990338,0.3488996242619431,,
172,13.539989264626946,3.502415458937198,12.245034889962426,4.683306494900698,7.944176060118089,32.588566827697264,6.414385399892646,15.70048309178744,1.9122383252818036,0.966183574879227,0.15432098765432098,0.3488996242619431,,
173,13.654052603327965,3.4621578099838968,12.224906065485776,4.790660225442834,7.930756843800322,32.47450348899624,6.353998926462695,15.727321524422974,1.9122383252818036,0.966183574879227,0.15432098765432098,0.3488996242619431,,
174,13.399087493290391,3.4017713365539453,12.171229200214707,4.622920021470746,8.76274825550188,32.26650563607085,6.394256575415996,15.626677402039721,1.8853998926462694,0.966183574879227,0.15432098765432098,0.3488996242619431,,
175,13.291733762748256,3.294417606011809,12.372517444981213,4.2270531400966185,8.76274825550188,31.93102522812668,6.347289318303811,16.59957058507783,1.8786902844873858,0.7917337627482555,0.15432098765432098,0.3488996242619431,,
176,13.325281803542673,3.2742887815351582,12.345679012345679,4.200214707461084,8.76274825550188,31.904186795491142,6.333870101986044,16.6532474503489,1.90552871712292,0.7917337627482555,0.15432098765432098,0.3488996242619431,,
177,13.47289318303811,3.2541599570585076,12.332259796027913,4.17337627482555,8.735909822866345,31.82367149758454,6.327160493827161,16.6532474503489,1.90552871712292,0.8185721953837896,0.15432098765432098,0.3488996242619431,,
178,13.613794954374665,3.2474503488996245,12.5402576489533,4.1532474503489,8.601717659688674,31.64922168545357,6.3070316693505095,16.71363392377885,1.865271068169619,0.8185721953837896,0.15432098765432098,0.33548040794417605,,
179,13.077026301663983,3.180354267310789,11.949812130971551,4.468599033816425,8.433977455716587,34.6081588835212,5.917874396135265,15.203972088030058,1.865271068169619,0.8051529790660226,0.15432098765432098,0.33548040794417605,,
180,13.217928073000536,3.1736446591519054,11.943102522812667,4.4820182501341925,8.36688137412775,34.52093397745572,5.924584004294149,15.177133655394526,1.9189479334406871,0.8051529790660226,0.15432098765432098,0.3153515834675255,,
181,13.425925925925926,3.166935050993022,11.936392914653783,4.468599033816425,8.3467525496511,34.38674181427805,5.9514224369296835,15.123456790123457,1.9189479334406871,0.8051529790660226,0.15432098765432098,0.3153515834675255,,
182,13.526570048309178,3.166935050993022,11.862587224906065,4.468599033816425,8.13875469672571,34.326355340848096,6.025228126677402,15.190552871712292,2.033011272141707,0.7917337627482555,0.15432098765432098,0.3153515834675255,,
183,13.580246913580247,3.166935050993022,11.969940955448202,4.441760601180891,8.13875469672571,34.19216317767042,6.0654857756307035,15.150295222758992,2.033011272141707,0.7917337627482555,0.15432098765432098,0.3153515834675255,,
184,13.7211486849168,3.166935050993022,11.916264090177133,4.616210413311863,8.111916264090176,33.843263553408484,6.125872249060655,15.170424047235642,2.033011272141707,0.7917337627482555,0.15432098765432098,0.3488996242619431,,
185,13.70101986044015,3.166935050993022,11.822329575952764,4.609500805152979,8.105206655931294,33.52791196994095,6.561996779388084,15.177133655394526,2.033011272141707,0.7917337627482555,0.15432098765432098,0.3488996242619431,,
186,13.79495437466452,2.9388083735909825,11.735104669887278,4.508856682769726,8.09849704777241,33.400429414922165,6.850509930220075,15.177133655394526,2.059849704777241,0.9326355340848095,0.15432098765432098,0.3488996242619431,,
187,13.821792807300053,2.9388083735909825,11.862587224906065,4.49543746645196,8.085077831454644,33.19243156199678,6.816961889425658,15.297906602254429,2.0531400966183573,0.9326355340848095,0.15432098765432098,0.3488996242619431,,
188,13.727858293075684,2.9723564143853998,11.708266237251744,4.522275899087493,8.863392377885132,32.6556629092861,6.816961889425658,15.22410091250671,2.073268921095008,0.9326355340848095,0.15432098765432098,0.3488996242619431,,
189,13.828502415458937,2.9723564143853998,11.701556629092861,4.555823939881911,8.769457863660762,32.60198604401503,6.749865807836822,15.26435856146001,2.0665593129361244,0.9997316156736447,0.15432098765432098,0.33548040794417605,,
190,13.841921631776705,2.952227589908749,11.681427804616211,4.575952764358561,9.017713365539452,32.41411701556629,6.622383252818035,15.391841116478798,2.0128824476650564,0.9997316156736447,0.15432098765432098,0.33548040794417605,,
191,13.788244766505636,2.952227589908749,11.681427804616211,4.575952764358561,8.917069243156199,32.387278582930755,6.850509930220075,15.35829307568438,1.9994632313472893,0.9997316156736447,0.15432098765432098,0.33548040794417605,,
