,45,50,51,53,55,54,52,57,58,56,59,60,61
0,99.82555018786903,0.17444981213097155,,,,,,,,,,,
1,99.64439076757917,0.35560923242082665,,,,,,,,,,,
2,96.46403650026838,3.535963499731616,,,,,,,,,,,
3,96.25603864734299,3.743961352657005,,,,,,,,,,,
4,96.03462157809984,3.965378421900161,,,,,,,,,,,
5,96.06816961889426,3.9318303811057436,,,,,,,,,,,
6,91.08964036500268,8.910359634997317,,,,,,,,,,,
7,91.0426731078905,8.890230810520666,0.06709608158883522,,,,,,,,,,
8,87.82877079978529,12.104133118625873,0.06709608158883522,,,,,,,,,,
9,84.1250670960816,15.807836822329575,0.06709608158883522,,,,,,,,,,
10,83.96403650026838,15.96886741814278,0.06709608158883522,,,,,,,,,,
11,83.97745571658615,15.955448201825014,0.06709608158883522,,,,,,,,,,
12,83.74932903918412,16.183574879227052,0.06709608158883522,,,,,,,,,,
13,81.54186795491144,18.391035963499732,0.06709608158883522,,,,,,,,,,
14,79.33440687063876,18.00858829844337,2.657004830917874,,,,,,,,,,
15,79.21363392377886,17.98845947396672,2.657004830917874,0.14090177133655393,,,,,,,,,
16,78.94524959742351,18.276972624798713,2.636876006441224,0.14090177133655393,,,,,,,,,
17,78.81105743424584,18.35077831454643,2.636876006441224,0.14090177133655393,0.06038647342995169,,,,,,,,
18,78.62989801395598,18.411164787976382,2.757648953301127,0.14090177133655393,0.06038647342995169,,,,,,,,
19,78.10654857756307,18.753354804079443,2.757648953301127,0.14090177133655393,0.06038647342995169,0.18115942028985507,,,,,,,
20,73.22866344605475,20.967525496511005,5.2066559312936125,0.14090177133655393,0.06038647342995169,0.39586688137412773,,,,,,,
21,73.09447128287708,21.101717659688674,5.2066559312936125,0.14090177133655393,0.06038647342995169,0.39586688137412773,,,,,,,
22,69.27670424047236,26.04669887278583,4.079441760601181,0.14090177133655393,0.06038647342995169,0.39586688137412773,,,,,,,
23,68.86741814278047,26.455984970477726,4.079441760601181,0.14090177133655393,0.06038647342995169,0.39586688137412773,,,,,,,
24,67.29066022544283,28.06629092860977,4.045893719806763,0.14090177133655393,0.06038647342995169,0.39586688137412773,,,,,,,
25,67.04911433172303,28.32125603864734,4.032474503488996,0.14090177133655393,0.06038647342995169,0.39586688137412773,,,,,,,
26,48.470209339774556,49.261943102522814,1.6706924315619969,0.14090177133655393,0.06038647342995169,0.39586688137412773,,,,,,,
27,47.97369833601718,48.530595813204506,2.898550724637681,0.14090177133655393,0.06038647342995169,0.39586688137412773,,,,,,,
28,47.82608695652174,46.97396672034353,2.898550724637681,0.1878690284487386,0.06038647342995169,2.0531400966183573,,,,,,,
29,47.83279656468062,43.35077831454643,2.898550724637681,0.24825550187869028,0.06038647342995169,5.609232420826624,,,,,,,
30,45.49785292538916,45.69914117015566,2.898550724637681,0.24825550187869028,0.06038647342995169,5.595813204508857,,,,,,,
31,45.45759527643585,45.73939881910896,2.898550724637681,0.24825550187869028,0.06038647342995169,5.595813204508857,,,,,,,
32,43.001878690284485,48.128019323671495,2.898550724637681,0.24825550187869028,0.1274825550187869,5.595813204508857,,,,,,,
33,43.042136339237786,48.05421363392378,2.898550724637681,0.28180354267310787,0.1274825550187869,5.595813204508857,,,,,,,
34,43.05555555555556,48.04079441760601,2.898550724637681,0.28180354267310787,0.1274825550187869,5.595813204508857,,,,,,,
35,41.06951154052604,49.97987117552335,2.898550724637681,0.28180354267310787,0.17444981213097155,5.595813204508857,,,,,,,
36,40.98899624261943,49.8389694041868,3.0595813204508855,0.30864197530864196,0.20799785292538917,5.595813204508857,,,,,,,
37,40.76086956521739,49.993290391841114,3.0595813204508855,0.30864197530864196,0.28180354267310787,5.595813204508857,,,,,,,
38,37.3389694041868,50.28851315083199,5.877616747181965,0.5904455179817498,0.30864197530864196,5.595813204508857,,,,,,,
39,35.30595813204509,52.17391304347826,5.877616747181965,0.7246376811594203,0.5367686527106817,5.381105743424584,,,,,,,
40,35.46027911969941,52.02630166398282,5.877616747181965,0.7246376811594203,0.5300590445517982,5.381105743424584,,,,,,,
41,35.40660225442834,50.556897477187334,5.877616747181965,2.227589908749329,0.5300590445517982,5.360976918947934,0.040257648953301126,,,,,,
42,35.57434245840043,50.40257648953301,5.864197530864198,2.227589908749329,0.5300590445517982,5.360976918947934,0.040257648953301126,,,,,,
43,34.18545356951154,48.23537305421363,5.394524959742351,1.1272141706924315,0.5367686527106817,5.320719269994632,5.199946323134729,,,,,,
44,34.14519592055824,47.87976382179281,5.394524959742351,2.147074610842727,0.5367686527106817,4.696725711218465,5.199946323134729,,,,,,
45,34.16532474503489,47.87305421363392,5.394524959742351,2.147074610842727,0.5367686527106817,4.683306494900698,5.199946323134729,,,,,,
46,34.16532474503489,44.524959742351044,5.394524959742351,2.1269457863660763,0.5367686527106817,4.810789049919484,8.3467525496511,0.06709608158883522,0.026838432635534086,,,,
47,33.313204508856685,42.01556629092861,5.394524959742351,5.622651637144391,0.43612453032742887,4.810789049919484,8.313204508856682,0.06709608158883522,0.026838432635534086,,,,
48,33.091787439613526,41.0426731078905,12.97638217928073,5.233494363929147,0.43612453032742887,2.885131508319914,4.300858829844337,,,0.03354804079441761,,,
49,33.071658615136876,41.1231884057971,12.97638217928073,5.179817498658078,0.43612453032742887,2.8784219001610305,4.300858829844337,,,0.03354804079441761,,,
50,32.139023081052066,41.948470209339774,12.97638217928073,5.179817498658078,0.5233494363929146,2.85829307568438,4.300858829844337,,,0.07380568974771873,,,
51,32.21953837895867,41.91492216854536,12.942834138486312,5.179817498658078,0.5233494363929146,2.844873859366613,4.300858829844337,,,0.07380568974771873,,,
52,31.07890499194847,32.22624798711755,31.219806763285025,1.5096618357487923,0.3488996242619431,1.6170155662909287,1.7914653784219001,,,0.20799785292538917,,,
53,30.314009661835748,32.950885668276975,30.595813204508858,1.5096618357487923,0.3488996242619431,1.6170155662909287,1.8384326355340848,,,0.8252818035426731,,,
54,30.314009661835748,32.91733762748255,30.595813204508858,1.5096618357487923,0.33548040794417605,1.6639828234031133,1.8384326355340848,,,0.8252818035426731,,,
55,30.193236714975846,32.9374664519592,27.80461621041331,1.5096618357487923,0.33548040794417605,1.6639828234031133,5.35426731078905,,,0.20128824476650564,,,
56,30.226784755770264,29.824208266237253,27.690552871712292,1.5096618357487923,0.30193236714975846,1.3083735909822867,8.93719806763285,,,0.20128824476650564,,,
57,22.933440687063875,40.60654857756307,24.84567901234568,1.093666129898014,0.30193236714975846,1.1272141706924315,8.890230810520666,,,0.20128824476650564,,,
58,19.155931293612454,44.618894256575416,24.818840579710145,0.95276435856146,0.30193236714975846,1.1272141706924315,8.82313472893183,,,0.20128824476650564,,,
59,19.16935050993022,44.618894256575416,24.805421363392377,0.95276435856146,0.30193236714975846,1.1272141706924315,8.662104133118627,0.1610305958132045,,0.20128824476650564,,,
60,17.820719269994633,43.15619967793881,27.65029522275899,0.95276435856146,0.2683843263553409,1.1272141706924315,8.662104133118627,0.1610305958132045,,0.20128824476650564,,,
61,17.834138486312398,43.142780461621044,27.65029522275899,0.95276435856146,0.2683843263553409,1.1272141706924315,8.662104133118627,0.1610305958132045,,0.20128824476650564,,,
62,17.894524959742352,43.09581320450886,27.15378421900161,0.95276435856146,0.7514761137949544,1.1272141706924315,8.662104133118627,0.1610305958132045,,0.20128824476650564,,,
63,17.921363392377884,40.21739130434783,26.92565754159957,0.95276435856146,1.093666129898014,3.864734299516908,8.662104133118627,0.1610305958132045,,0.20128824476650564,,,
64,16.639828234031132,41.532474503489,26.92565754159957,0.95276435856146,1.0601180891035964,3.864734299516908,8.662104133118627,0.1610305958132045,,0.20128824476650564,,,
65,16.76731078904992,41.48550724637681,26.637144390767578,0.95276435856146,1.1876006441223832,3.864734299516908,8.601717659688674,0.1610305958132045,,0.3421900161030596,,,
66,16.820987654320987,41.43183038110574,26.42914653784219,0.95276435856146,1.1876006441223832,3.864734299516908,8.588298443370908,0.1610305958132045,,0.5636070853462157,,,
67,16.854535695115406,41.25067096081589,26.33521202361782,0.95276435856146,1.1876006441223832,3.1736446591519054,9.219001610305957,0.1610305958132045,,0.8655394524959742,,,
68,16.97530864197531,41.08964036500269,26.288244766505635,0.9259259259259259,1.3016639828234031,3.1736446591519054,9.219001610305957,0.1610305958132045,,0.8655394524959742,,,
69,17.028985507246375,40.53945249597424,26.704240472356414,0.8722490606548577,1.2546967257112185,3.2541599570585076,9.245840042941492,0.1610305958132045,,0.9393451422436929,,,
70,17.002147074610843,40.344873859366615,26.643853998926463,0.8722490606548577,1.570048309178744,3.227321524422974,9.23913043478261,0.1610305958132045,,0.9393451422436929,,,
71,17.04911433172303,40.31803542673108,26.623725174449813,0.8722490606548577,1.570048309178744,3.227321524422974,9.23913043478261,0.1610305958132045,,0.9393451422436929,,,
72,17.08937198067633,40.09661835748792,24.758454106280194,1.1741814278046163,3.3145464304884595,3.227321524422974,9.23913043478261,0.1610305958132045,,0.9393451422436929,,,
73,17.08937198067633,37.60064412238325,24.724906065485776,1.1741814278046163,3.1736446591519054,3.227321524422974,11.90955448201825,0.1610305958132045,,0.9393451422436929,,,
74,17.102791196994094,37.21819645732689,24.698067632850243,1.5432098765432098,3.1736446591519054,3.193773483628556,11.90955448201825,0.1610305958132045,,0.966183574879227,0.03354804079441761,,
75,17.136339237788512,37.204777241009126,24.59742351046699,1.5432098765432098,3.1736446591519054,3.166935050993022,12.016908212560386,0.1610305958132045,,0.966183574879227,0.03354804079441761,,
76,15.68035426731079,38.69431025228127,24.54374664519592,1.5432098765432098,3.1736446591519054,3.166935050993022,11.654589371980677,0.5233494363929146,,0.9863123993558777,0.03354804079441761,,
77,14.110305958132045,33.541331186258724,35.621309715512616,1.0198604401502953,3.1736446591519054,3.066290928609769,8.527911969940956,0.30864197530864196,,0.5971551261406334,0.03354804079441761,,
78,13.694310252281268,33.03811057434246,33.73590982286635,1.0198604401502953,2.2342995169082127,3.0595813204508855,12.305421363392378,0.30864197530864196,,0.5703166935050993,0.03354804079441761,,
79,13.318572195383789,34.95034889962426,31.944444444444443,1.0198604401502953,2.2342995169082127,3.0595813204508855,12.573805689747719,0.30864197530864196,,0.5568974771873323,0.03354804079441761,,
80,13.419216317767042,34.628287707997856,31.91760601180891,1.0198604401502953,2.3886205045625335,3.1736446591519054,12.553676865271068,0.30864197530864196,,0.5568974771873323,0.03354804079441761,,
81,13.519860440150294,34.48067632850242,30.870907139023082,2.0531400966183573,2.4691358024691357,3.1736446591519054,12.553676865271068,0.30864197530864196,,0.5367686527106817,0.03354804079441761,,
82,13.553408480944713,34.47396672034353,30.870907139023082,2.0531400966183573,2.4691358024691357,3.1736446591519054,12.526838432635534,0.30864197530864196,,0.5367686527106817,0.03354804079441761,,
83,13.7211486849168,34.45383789586688,30.810520665593128,2.0397208803005906,2.4355877616747184,3.1736446591519054,12.446323134728932,0.30864197530864196,,0.5770263016639828,0.03354804079441761,,
84,13.734567901234568,34.42699946323135,30.810520665593128,2.0397208803005906,2.462426194310252,3.1736446591519054,12.432903918411165,0.30864197530864196,,0.5770263016639828,0.03354804079441761,,
85,13.6406333870102,32.19940955448202,31.64922168545357,1.892109500805153,2.4355877616747184,4.884594739667204,12.345679012345679,0.30864197530864196,,0.6105743424584005,0.03354804079441761,,
86,13.774825550187868,32.13231347289318,31.61567364465915,1.892109500805153,2.4355877616747184,4.864465915190553,12.332259796027913,0.30864197530864196,,0.6105743424584005,0.03354804079441761,,
87,13.741277509393452,32.15915190552872,31.414385399892645,1.892109500805153,2.5026838432635534,4.85775630703167,12.318840579710145,0.30864197530864196,,0.7716049382716049,0.03354804079441761,,
88,11.540526033279656,31.662640901771336,29.052603327965645,1.737788513150832,2.717391304347826,4.918142780461621,17.290660225442835,0.30864197530864196,,0.7380568974771873,0.03354804079441761,,
89,11.647879763821793,31.64922168545357,28.972088030059044,1.737788513150832,2.717391304347826,4.918142780461621,17.24369296833065,0.3421900161030596,,0.7380568974771873,0.03354804079441761,,
90,11.735104669887278,31.635802469135804,28.92512077294686,1.737788513150832,2.7308105206655933,4.891304347826087,17.24369296833065,0.32877079978529256,,0.7380568974771873,0.03354804079441761,,
91,11.802200751476114,31.608964036500268,28.884863123993558,1.737788513150832,2.7308105206655933,4.891304347826087,17.24369296833065,0.32877079978529256,,0.7380568974771873,0.03354804079441761,,
92,11.976650563607086,29.736983360171767,28.77079978529254,3.656736446591519,2.7308105206655933,4.830917874396135,17.21014492753623,0.3153515834675255,,0.7380568974771873,0.03354804079441761,,
93,11.869296833064949,29.51556629092861,28.549382716049383,4.206924315619967,2.7308105206655933,4.830917874396135,17.21014492753623,0.3153515834675255,,0.7380568974771873,0.03354804079441761,,
94,11.90955448201825,29.448470209339774,28.462157809983896,4.206924315619967,2.9119699409554483,4.830917874396135,17.06924315619968,0.3153515834675255,,0.8118625872249061,0.03354804079441761,,
95,11.943102522812667,29.448470209339774,28.428609769189478,4.206924315619967,2.9119699409554483,4.830917874396135,17.06924315619968,0.3153515834675255,,0.8118625872249061,0.03354804079441761,,
96,12.06387546967257,28.415190552871714,28.428609769189478,4.4753086419753085,2.804616210413312,4.7168545356951155,17.934782608695652,0.3153515834675255,,0.8118625872249061,0.03354804079441761,,
97,12.144390767579173,28.30112721417069,28.052871712292003,7.75630703166935,2.1806226516371443,4.7168545356951155,15.646806226516372,0.3153515834675255,,0.8521202361782072,0.03354804079441761,,
98,12.090713902308105,28.213902308105208,27.932098765432098,7.675791733762749,2.2611379495437465,4.7168545356951155,15.707192699946322,0.3153515834675255,0.08051529790660225,0.9728931830381106,0.03354804079441761,,
99,12.144390767579173,28.06629092860977,27.697262479871174,7.5281803542673105,2.2611379495437465,5.193236714975845,15.666935050993022,0.35560923242082665,0.08051529790660225,0.9728931830381106,0.03354804079441761,,
100,12.177938808373591,28.059581320450885,27.643585614600106,7.5281803542673105,2.2611379495437465,5.193236714975845,15.613258185721953,0.43612453032742887,0.08051529790660225,0.9728931830381106,0.03354804079441761,,
101,12.278582930756844,28.039452495974235,27.549651100375737,7.474503488996243,2.2611379495437465,5.193236714975845,15.613258185721953,0.43612453032742887,0.10735373054213634,1.0131508319914118,0.03354804079441761,,
102,12.332259796027913,27.938808373590984,27.522812667740205,7.461084272678476,2.2611379495437465,5.300590445517981,15.593129361245303,0.43612453032742887,0.10735373054213634,1.0131508319914118,0.03354804079441761,,
103,12.399355877616747,27.891841116478798,27.408749329039185,7.461084272678476,2.2611379495437465,5.287171229200215,15.579710144927537,0.43612453032742887,0.10735373054213634,1.133923778851315,0.03354804079441761,,
104,12.27187332259796,27.012882447665056,28.401771336553946,6.206387546967257,3.6366076221148687,5.253623188405797,15.559581320450885,0.43612453032742887,0.026838432635534086,1.1607622114868492,0.03354804079441761,,
105,12.285292538915728,27.012882447665056,28.267579173376276,6.1929683306494905,3.6366076221148687,5.253623188405797,15.539452495974235,0.4227053140096618,0.026838432635534086,1.328502415458937,0.03354804079441761,,
106,12.298711755233494,26.986044015029524,28.267579173376276,6.1929683306494905,3.6634460547504024,5.3274288781535155,15.539452495974235,0.3421900161030596,0.026838432635534086,1.3217928073000538,0.03354804079441761,,
107,12.29200214707461,26.90552871712292,27.865002683843265,6.1929683306494905,3.9989264626945786,5.4549114331723025,15.5126140633387,0.3421900161030596,0.026838432635534086,1.3754696725711217,0.03354804079441761,,
108,12.446323134728932,26.798174986580783,27.851583467525497,6.1862587224906065,4.072732152442297,5.4549114331723025,15.411969940955448,0.3421900161030596,0.026838432635534086,1.3754696725711217,0.03354804079441761,,
109,10.59447128287708,39.821524422973695,24.194847020933977,5.676328502415459,3.9049919484702094,5.213365539452496,8.876811594202898,0.3421900161030596,0.026838432635534086,1.3150831991411702,0.03354804079441761,,
110,10.621309715512615,39.79468599033817,24.194847020933977,5.542136339237788,3.9049919484702094,5.347557702630167,8.876811594202898,0.3421900161030596,0.026838432635534086,1.3150831991411702,0.03354804079441761,,
111,10.72866344605475,39.71417069243156,24.18142780461621,5.542136339237788,3.9049919484702094,5.347557702630167,8.863392377885132,0.3421900161030596,0.026838432635534086,1.3150831991411702,0.03354804079441761,,
112,10.829307568438002,39.66720343531938,24.04723564143854,5.542136339237788,3.9049919484702094,5.347557702630167,8.836553945249598,0.3421900161030596,0.026838432635534086,1.4224369296833066,0.03354804079441761,,
113,10.869565217391305,39.56655931293612,23.711755233494365,5.542136339237788,3.864734299516908,5.320719269994632,8.890230810520666,0.4092860976918948,0.026838432635534086,1.7646269457863661,0.03354804079441761,,
114,10.983628556092324,39.38539989264627,23.711755233494365,5.676328502415459,3.92512077294686,5.320719269994632,8.890230810520666,0.4092860976918948,0.026838432635534086,1.6371443907675791,0.03354804079441761,,
115,11.077563070316694,39.170692431561996,23.698336017176597,5.676328502415459,4.0995705850778315,5.280461621041331,8.890230810520666,0.4092860976918948,0.026838432635534086,1.6371443907675791,0.03354804079441761,,
116,11.158078368223295,39.13714439076758,23.68491680085883,5.676328502415459,4.072732152442297,5.273752012882448,8.890230810520666,0.4092860976918948,0.026838432635534086,1.6371443907675791,0.03354804079441761,,
117,11.238593666129898,39.06333870101986,23.678207192699947,5.676328502415459,4.072732152442297,5.273752012882448,8.890230810520666,0.4092860976918948,0.026838432635534086,1.6371443907675791,0.03354804079441761,,
118,11.325818572195384,38.0300590445518,22.940150295222757,5.642780461621041,3.9318303811057436,5.421363392377885,10.7085346215781,0.4092860976918948,0.026838432635534086,1.5297906602254427,0.03354804079441761,,
119,11.3593666129898,38.00322061191626,22.933440687063875,5.642780461621041,3.9318303811057436,5.421363392377885,10.7085346215781,0.4092860976918948,0.026838432635534086,1.5297906602254427,0.03354804079441761,,
120,10.943370907139023,36.79549114331723,26.89210950080515,5.615942028985507,3.965378421900161,5.381105743424584,8.360171765968868,0.4092860976918948,0.026838432635534086,1.5767579173376274,0.03354804079441761,,
121,10.976918947933441,36.72839506172839,26.82501341921632,6.4412238325281805,3.9452495974235107,5.267042404723564,7.769726247987117,0.4092860976918948,0.026838432635534086,1.5767579173376274,0.03354804079441761,,
122,11.07085346215781,36.72839506172839,26.717659688674182,6.4412238325281805,3.9452495974235107,5.24020397208803,7.75630703166935,0.4092860976918948,0.026838432635534086,1.6304347826086956,0.03354804079441761,,
123,11.158078368223295,36.70155662909286,26.670692431561996,6.427804616210413,3.9452495974235107,5.24020397208803,7.75630703166935,0.4092860976918948,0.026838432635534086,1.6304347826086956,0.03354804079441761,,
124,10.943370907139023,35.57434245840043,25.543478260869566,6.427804616210413,3.9318303811057436,4.052603327965647,11.520397208803006,0.3421900161030596,0.36231884057971014,1.2815351583467525,0.020128824476650563,,
125,10.916532474503489,35.547504025764894,25.53676865271068,6.427804616210413,4.025764895330113,4.052603327965647,11.486849168008588,0.3421900161030596,0.36231884057971014,1.2815351583467525,0.020128824476650563,,
126,10.929951690821255,35.44685990338164,25.53676865271068,6.407675791733762,4.139828234031133,4.045893719806763,11.486849168008588,0.3421900161030596,0.36231884057971014,1.2815351583467525,0.020128824476650563,,
127,11.057434245840042,34.554482018250134,25.355609232420825,6.327160493827161,4.17337627482555,4.045893719806763,12.47987117552335,0.3421900161030596,0.36231884057971014,1.2815351583467525,0.020128824476650563,,
128,11.191626409017713,34.50080515297907,23.66478797638218,6.327160493827161,5.837359098228664,4.019055287171229,12.446323134728932,0.3153515834675255,0.36231884057971014,1.3150831991411702,0.020128824476650563,,
129,11.272141706924316,34.4068706387547,23.63123993558776,6.3070316693505095,5.837359098228664,4.019055287171229,12.513419216317766,0.3153515834675255,0.36231884057971014,1.3150831991411702,0.020128824476650563,,
130,9.950348899624261,48.00053676865271,17.975040257648953,6.219806763285024,4.7638217928073,2.8515834675254963,8.977455716586151,0.3153515834675255,0.07380568974771873,0.8655394524959742,0.0067096081588835215,,
131,10.084541062801932,47.89318303811057,17.941492216854535,6.206387546967257,4.7638217928073,2.8515834675254963,8.977455716586151,0.3153515834675255,0.0939345142243693,0.8655394524959742,0.0067096081588835215,,
132,9.198872785829307,46.162104133118625,21.28287707997853,6.139291465378422,4.723564143853999,2.844873859366613,8.333333333333334,0.3153515834675255,0.0939345142243693,0.8990874932903918,0.0067096081588835215,,
133,9.212292002147075,46.162104133118625,21.26945786366076,6.139291465378422,4.723564143853999,2.844873859366613,8.333333333333334,0.3153515834675255,0.0939345142243693,0.8990874932903918,0.0067096081588835215,,
134,9.192163177670425,45.98094471282877,21.26945786366076,6.273483628556092,4.730273752012883,2.844873859366613,8.393719806763285,0.3153515834675255,0.0939345142243693,0.8990874932903918,0.0067096081588835215,,
135,9.098228663446054,44.867149758454104,24.456521739130434,6.273483628556092,4.730273752012883,2.818035426731079,6.4412238325281805,0.3153515834675255,0.0939345142243693,0.8990874932903918,0.0067096081588835215,,
136,9.198872785829307,44.826892109500804,24.402844873859365,6.273483628556092,4.730273752012883,2.818035426731079,6.407675791733762,0.3153515834675255,0.0939345142243693,0.9259259259259259,0.0067096081588835215,,
137,9.232420826623725,44.7866344605475,23.886205045625335,6.796833064949007,4.730273752012883,2.818035426731079,6.320450885668277,0.4025764895330113,0.0939345142243693,0.9259259259259259,0.0067096081588835215,,
138,9.286097691894794,44.45115405260333,23.872785829307567,6.796833064949007,4.998658078368224,2.844873859366613,6.320450885668277,0.4025764895330113,0.0939345142243693,0.9259259259259259,0.0067096081588835215,,
139,9.359903381642512,44.36392914653784,23.8191089640365,6.796833064949007,5.065754159957058,2.844873859366613,6.320450885668277,0.4025764895330113,0.0939345142243693,0.9259259259259259,0.0067096081588835215,,
140,9.433709071390231,44.155931293612454,23.544015029522274,6.723027375201288,5.179817498658078,3.0193236714975846,6.3137412775093935,0.4025764895330113,0.17444981213097155,1.0534084809447128,,,
141,9.520933977455716,44.0552871712292,23.53059581320451,6.723027375201288,5.233494363929147,3.0193236714975846,6.286902844873859,0.4025764895330113,0.17444981213097155,1.0534084809447128,,,
142,9.5276435856146,43.98148148148148,23.349436392914654,6.689479334406871,5.233494363929147,3.0193236714975846,6.286902844873859,0.4025764895330113,0.17444981213097155,1.3352120236178207,,,
143,9.608158883521202,43.954643048845945,23.242082662372518,6.662640901771336,5.233494363929147,2.9924852388620504,6.286902844873859,0.4025764895330113,0.17444981213097155,1.442565754159957,,,
144,9.796027911969942,43.934514224369295,23.11460010735373,6.662640901771336,5.22007514761138,2.9924852388620504,6.260064412238325,0.4025764895330113,0.17444981213097155,1.442565754159957,,,
145,9.836285560923242,43.65942028985507,23.09447128287708,6.649221685453569,5.488459473966721,2.9924852388620504,6.260064412238325,0.4025764895330113,0.17444981213097155,1.442565754159957,,,
146,9.96376811594203,43.55877616747182,22.134997316156735,6.649221685453569,5.488459473966721,2.9924852388620504,6.260064412238325,0.4025764895330113,0.17444981213097155,2.3752012882447664,,,
147,10.00402576489533,43.49838969404187,22.014224369296834,6.649221685453569,5.656199677938808,2.9924852388620504,6.260064412238325,0.4025764895330113,0.17444981213097155,2.3483628556092326,,,
148,10.050993022007514,43.384326355340846,21.658615136876005,7.6556629092860975,5.481749865807837,2.9924852388620504,6.099033816425121,0.17444981213097155,0.17444981213097155,2.328234031132582,,,
149,10.205314009661835,43.07568438003221,21.598228663446054,7.648953301127214,5.730005367686527,2.9924852388620504,6.072195383789587,0.17444981213097155,0.17444981213097155,2.328234031132582,,,
150,10.245571658615138,43.042136339237786,21.544551798174986,7.575147611379496,5.763553408480945,2.9924852388620504,6.025228126677402,0.28180354267310787,0.17444981213097155,2.3550724637681157,,,
151,10.326086956521738,42.98845947396672,21.544551798174986,7.575147611379496,5.763553408480945,2.9924852388620504,6.025228126677402,0.28180354267310787,0.17444981213097155,2.328234031132582,,,
152,10.36634460547504,42.975040257648956,21.544551798174986,7.575147611379496,5.763553408480945,2.9790660225442833,6.011808910359635,0.28180354267310787,0.17444981213097155,2.328234031132582,,,
153,10.406602254428341,42.86768652710682,21.35668276972625,7.555018786902845,5.763553408480945,2.9790660225442833,6.011808910359635,0.28180354267310787,0.17444981213097155,2.6033279656468062,,,
154,10.185185185185185,42.35775630703167,22.745571658615138,7.4208266237251745,5.629361245303274,2.9790660225442833,5.555555555555555,0.28180354267310787,0.17444981213097155,2.6704240472356413,,,
155,10.151637144390767,40.78770799785293,22.77241009125067,7.4208266237251745,7.139023081052066,2.9790660225442833,5.481749865807837,0.28180354267310787,0.17444981213097155,2.8113258185721954,,,
156,10.171765968867419,40.76757917337628,22.71202361782072,7.4208266237251745,7.139023081052066,2.9790660225442833,5.481749865807837,0.28180354267310787,0.17444981213097155,2.871712292002147,,,
157,10.178475577026301,39.88191089640365,22.71202361782072,7.4208266237251745,8.017981749865807,2.9790660225442833,5.481749865807837,0.28180354267310787,0.17444981213097155,2.871712292002147,,,
158,10.272410091250672,39.82823403113258,22.71202361782072,7.340311325818572,7.977724100912507,3.0327428878153517,5.481749865807837,0.28180354267310787,0.20128824476650564,2.871712292002147,,,
159,10.487117552334944,39.761137949543745,22.470477724100913,7.27992485238862,8.165593129361245,3.140096618357488,5.481749865807837,0.28180354267310787,0.20128824476650564,2.7308105206655933,,,
160,10.628019323671497,39.761137949543745,22.470477724100913,7.239667203435319,8.111916264090176,3.099838969404187,5.475040257648954,0.28180354267310787,0.20128824476650564,2.7308105206655933,,,
161,10.413311862587225,39.512882447665056,19.860440150295222,7.226247987117552,8.017981749865807,3.0864197530864197,8.548040794417606,0.28180354267310787,0.20128824476650564,2.7308105206655933,0.12077294685990338,,
162,10.466988727858293,39.47933440687064,19.860440150295222,7.212828770799785,8.017981749865807,3.0864197530864197,8.541331186258722,0.28180354267310787,0.20128824476650564,2.7308105206655933,0.12077294685990338,,
163,10.50053676865271,39.47933440687064,19.83360171765969,7.212828770799785,8.011272141706923,3.0864197530864197,8.541331186258722,0.28180354267310787,0.20128824476650564,2.7308105206655933,0.12077294685990338,,
164,10.554213633923778,39.378690284487384,19.410896403650028,7.212828770799785,8.514492753623188,3.0864197530864197,8.53462157809984,0.28180354267310787,0.20128824476650564,2.7308105206655933,0.0939345142243693,,
165,10.57434245840043,39.049919484702095,19.310252281266774,7.098765432098766,8.80300590445518,3.321256038647343,8.53462157809984,0.28180354267310787,0.20128824476650564,2.7308105206655933,0.0939345142243693,,
166,10.641438539989265,38.89559849704777,19.276704240472355,7.024959742351046,8.997584541062801,3.321256038647343,8.53462157809984,0.28180354267310787,0.20128824476650564,2.7308105206655933,0.0939345142243693,,
167,10.72866344605475,38.727858293075684,19.236446591519055,7.024959742351046,9.145195920558239,3.321256038647343,8.53462157809984,0.28180354267310787,0.20128824476650564,2.703972088030059,0.0939345142243693,,
168,10.762211486849168,38.727858293075684,19.223027375201287,7.004830917874396,9.145195920558239,3.3548040794417604,8.53462157809984,0.28180354267310787,0.20128824476650564,2.6704240472356413,0.0939345142243693,,
169,10.654857756307031,37.567096081588836,19.223027375201287,7.004830917874396,10.379763821792807,3.3548040794417604,8.568169618894256,0.28180354267310787,0.20128824476650564,2.6704240472356413,0.0939345142243693,,
170,10.869565217391305,37.5,19.189479334406872,6.991411701556629,10.379763821792807,3.3548040794417604,8.467525496511003,0.28180354267310787,0.20128824476650564,2.6704240472356413,0.0939345142243693,,
171,10.950080515297907,37.493290391841114,19.155931293612454,6.964573268921095,10.373054213633925,3.3548040794417604,8.460815888352121,0.28180354267310787,0.20128824476650564,2.6704240472356413,0.0939345142243693,,
172,11.010466988727858,37.32555018786903,18.9345142243693,6.964573268921095,10.433440687063875,3.321256038647343,8.447396672034353,0.3757380568974772,0.20128824476650564,2.8918411164787976,0.0939345142243693,,
173,11.104401502952227,37.29200214707461,18.766774020397207,6.951154052603328,10.433440687063875,3.321256038647343,8.413848631239935,0.3757380568974772,0.20128824476650564,3.046162104133119,0.0939345142243693,,
174,11.117820719269995,37.29200214707461,18.739935587761675,6.951154052603328,10.433440687063875,3.321256038647343,8.393719806763285,0.3757380568974772,0.20128824476650564,3.079710144927536,0.0939345142243693,,
175,11.131239935587761,37.27858293075684,18.679549114331724,6.951154052603328,10.433440687063875,3.321256038647343,8.393719806763285,0.3757380568974772,0.20128824476650564,3.140096618357488,0.0939345142243693,,
176,11.18491680085883,37.27187332259796,18.659420289855074,6.951154052603328,10.433440687063875,3.294417606011809,8.393719806763285,0.3757380568974772,0.20128824476650564,3.140096618357488,0.0939345142243693,,
177,11.305689747718732,37.184648416532475,18.57890499194847,6.951154052603328,10.393183038110575,3.294417606011809,8.393719806763285,0.3757380568974772,0.20128824476650564,3.227321524422974,0.0939345142243693,,
178,11.406333870101985,37.144390767579175,18.531937734836287,6.89747718733226,10.393183038110575,3.294417606011809,7.9039184111647875,0.3757380568974772,0.20128824476650564,3.7573805689747717,0.0939345142243693,,
179,11.480139559849706,37.063875469672574,18.5252281266774,6.884057971014493,10.379763821792807,3.294417606011809,7.897208803005904,0.4227053140096618,0.20128824476650564,3.7573805689747717,0.0939345142243693,,
180,11.553945249597424,37.043746645195924,18.51851851851852,6.870638754696726,10.352925389157273,3.2877079978529253,7.897208803005904,0.4227053140096618,0.20128824476650564,3.7573805689747717,0.0939345142243693,,
181,11.580783682232958,37.043746645195924,18.51851851851852,6.870638754696726,10.326086956521738,3.2877079978529253,7.897208803005904,0.4227053140096618,0.20128824476650564,3.7573805689747717,0.0939345142243693,,
182,11.486849168008588,36.04401502952228,18.51851851851852,8.487654320987655,10.21202361782072,2.885131508319914,7.87037037037037,0.4227053140096618,0.20128824476650564,3.750670960815888,0.12077294685990338,,
183,11.560654857756306,36.00375738056898,18.491680085882983,8.487654320987655,10.205314009661835,2.885131508319914,7.87037037037037,0.4227053140096618,0.20128824476650564,3.750670960815888,0.12077294685990338,,
184,11.627750939345143,35.82259796027912,18.46484165324745,8.433977455716587,10.19189479334407,3.1602254428341383,7.87037037037037,0.4227053140096618,0.20128824476650564,3.683574879227053,0.12077294685990338,,
185,11.647879763821793,35.81588835212023,18.46484165324745,8.433977455716587,10.178475577026301,3.1602254428341383,7.87037037037037,0.4227053140096618,0.20128824476650564,3.683574879227053,0.12077294685990338,,
186,11.741814278046162,35.12479871175523,18.4447128287708,8.433977455716587,10.849436392914654,3.1602254428341383,7.843531937734836,0.4227053140096618,0.1878690284487386,3.670155662909286,0.12077294685990338,,
187,11.735104669887278,34.70209339774557,18.035426731078903,8.360171765968868,10.57434245840043,5.025496511003757,7.300053676865271,0.35560923242082665,0.1878690284487386,3.603059581320451,0.12077294685990338,,
188,11.761943102522812,34.655126140633385,17.800590445517983,8.360171765968868,10.57434245840043,5.025496511003757,7.300053676865271,0.35560923242082665,0.1878690284487386,3.8580246913580245,0.12077294685990338,,
189,11.500268384326356,34.15861513687601,17.57246376811594,9.702093397745571,10.36634460547504,5.025496511003757,7.300053676865271,0.35560923242082665,0.1878690284487386,3.7104133118625873,0.12077294685990338,,
190,11.614331723027375,34.10493827160494,17.498658078368223,9.66183574879227,10.466988727858293,5.052334943639291,7.300053676865271,0.35560923242082665,0.1878690284487386,3.6366076221148687,0.12077294685990338,,
191,11.647879763821793,34.07809983896941,17.458400429414922,9.66183574879227,10.520665593129362,5.052334943639291,7.212828770799785,0.35560923242082665,0.1878690284487386,3.6366076221148687,0.12077294685990338,0.06709608158883522,
192,11.748523886205046,33.97745571658615,16.75389157273215,9.66183574879227,11.231884057971014,5.052334943639291,7.212828770799785,0.35560923242082665,0.1878690284487386,3.629898013955985,0.12077294685990338,0.06709608158883522,
193,11.721685453569512,33.85668276972625,16.680085882984432,9.66183574879227,11.33923778851315,5.166398282340311,7.212828770799785,0.35560923242082665,0.1878690284487386,3.629898013955985,0.12077294685990338,0.06709608158883522,
194,11.788781535158346,33.843263553408484,16.63311862587225,9.66183574879227,11.33923778851315,5.159688674181428,7.212828770799785,0.35560923242082665,0.1878690284487386,3.629898013955985,0.12077294685990338,0.06709608158883522,
195,11.802200751476114,33.81642512077295,16.53918411164788,9.66183574879227,11.3593666129898,5.10601180891036,7.212828770799785,0.35560923242082665,0.1878690284487386,3.717122920021471,0.12077294685990338,0.12077294685990338,
196,11.79549114331723,33.81642512077295,16.53918411164788,9.742351046698873,11.2788513150832,5.10601180891036,7.078636607622115,0.49651100375738055,0.1878690284487386,3.717122920021471,0.12077294685990338,0.12077294685990338,
197,11.654589371980677,33.81642512077295,16.49892646269458,9.977187332259795,11.312399355877616,5.10601180891036,7.0383789586688135,0.49651100375738055,0.1878690284487386,3.670155662909286,0.12077294685990338,0.12077294685990338,
198,11.708266237251744,33.70907139023081,16.371443907675793,9.930220075147611,11.419753086419753,5.10601180891036,7.011540526033279,0.5300590445517982,0.1878690284487386,3.784219001610306,0.12077294685990338,0.12077294685990338,
199,11.842458400429415,33.682232957595275,16.344605475040257,9.930220075147611,11.211755233494364,5.10601180891036,7.098765432098766,0.5300590445517982,0.27509393451422437,3.7372517444981215,0.12077294685990338,0.12077294685990338,
200,11.829039184111648,33.641975308641975,16.337895866881375,10.071121846484166,11.131239935587761,5.10601180891036,7.098765432098766,0.5300590445517982,0.27509393451422437,3.7372517444981215,0.12077294685990338,0.12077294685990338,
201,11.654589371980677,33.59500805152979,16.243961352657006,10.064412238325282,11.117820719269995,5.092592592592593,7.615405260332796,0.5300590445517982,0.27509393451422437,3.569511540526033,0.12077294685990338,0.12077294685990338,
202,11.741814278046162,33.44068706387547,16.243961352657006,9.883252818035427,11.104401502952227,5.374396135265701,7.595276435856146,0.5300590445517982,0.27509393451422437,3.569511540526033,0.12077294685990338,0.12077294685990338,
203,11.735104669887278,33.43397745571659,16.23725174449812,9.594739667203436,11.104401502952227,5.267042404723564,8.044820182501342,0.5233494363929146,0.27509393451422437,3.5426731078904994,0.12077294685990338,0.12077294685990338,
204,11.75523349436393,33.43397745571659,16.223832528180353,9.594739667203436,11.104401502952227,5.267042404723564,8.044820182501342,0.5233494363929146,0.27509393451422437,3.535963499731616,0.12077294685990338,0.12077294685990338,
205,11.768652710681696,33.393719806763286,16.129898013955984,9.594739667203436,11.131239935587761,5.267042404723564,8.044820182501342,0.5233494363929146,0.27509393451422437,3.629898013955985,0.12077294685990338,0.12077294685990338,
206,11.574074074074074,32.024959742351044,16.09634997316157,12.164519592055823,10.681696188942565,4.777241009125067,8.011272141706923,0.5233494363929146,0.27509393451422437,3.629898013955985,0.12077294685990338,0.12077294685990338,
207,11.627750939345143,32.024959742351044,16.0829307568438,12.144390767579173,10.681696188942565,4.777241009125067,7.997852925389157,0.5233494363929146,0.27509393451422437,3.6231884057971016,0.12077294685990338,0.12077294685990338,
208,11.674718196457327,31.97799248523886,15.821256038647343,12.016908212560386,10.681696188942565,4.777241009125067,7.997852925389157,0.5233494363929146,0.38915727321524424,3.898282340311326,0.12077294685990338,0.12077294685990338,
209,11.574074074074074,31.602254428341386,15.821256038647343,12.016908212560386,11.16478797638218,4.770531400966184,7.997852925389157,0.5233494363929146,0.38915727321524424,3.898282340311326,0.12077294685990338,0.12077294685990338,
210,11.460010735373054,30.22007514761138,15.821256038647343,11.708266237251744,13.023349436392914,4.770531400966184,7.96430488459474,0.5233494363929146,0.38915727321524424,3.878153515834675,0.12077294685990338,0.12077294685990338,
211,11.406333870101985,30.253623188405797,15.854804079441761,11.647879763821793,13.023349436392914,4.770531400966184,7.937466451959206,0.6038647342995169,0.38915727321524424,3.8714439076757916,0.12077294685990338,0.12077294685990338,
212,11.54723564143854,29.97181964573269,15.774288781535159,11.647879763821793,13.291733762748256,4.770531400966184,7.9039184111647875,0.6038647342995169,0.38915727321524424,3.8580246913580245,0.12077294685990338,0.12077294685990338,
213,11.594202898550725,29.716854535695116,15.653515834675256,11.641170155662909,13.539989264626946,4.770531400966184,7.9039184111647875,0.6038647342995169,0.38915727321524424,3.9452495974235107,0.12077294685990338,0.12077294685990338,
214,11.654589371980677,29.66988727858293,15.640096618357488,11.594202898550725,13.539989264626946,4.891304347826087,7.85024154589372,0.5837359098228664,0.38915727321524424,3.9452495974235107,0.12077294685990338,0.12077294685990338,
215,11.75523349436393,29.59608158883521,15.640096618357488,11.574074074074074,13.539989264626946,4.8443370907139025,7.85024154589372,0.5837359098228664,0.38915727321524424,3.9855072463768115,0.12077294685990338,0.12077294685990338,
216,11.728395061728396,29.59608158883521,15.573000536768653,11.52710681696189,13.539989264626946,4.8443370907139025,7.85024154589372,0.5837359098228664,0.38915727321524424,4.126409017713366,0.12077294685990338,0.12077294685990338,
217,11.748523886205046,29.30756843800322,15.391841116478798,11.500268384326356,13.801663982823403,4.810789049919484,7.883789586688137,0.6172839506172839,0.38915727321524424,4.30756843800322,0.12077294685990338,0.12077294685990338,
218,11.674718196457327,28.488996242619432,15.391841116478798,11.480139559849706,14.680622651637144,4.810789049919484,7.883789586688137,0.6172839506172839,0.38915727321524424,4.341116478797638,0.12077294685990338,0.12077294685990338,
