,45,50,55,52,54,51,53,56,57,59,58,61,60,46,62,47
0,96.20236178207193,3.797638217928073,,,,,,,,,,,,,,
1,91.76060118089103,8.239398819108963,,,,,,,,,,,,,,
2,88.7614063338701,11.191626409017713,0.04696725711218465,,,,,,,,,,,,,
3,85.61460010735372,14.298174986580785,0.020128824476650563,0.03354804079441761,0.03354804079441761,,,,,,,,,,,
4,76.1003757380569,23.785560923242084,0.020128824476650563,0.03354804079441761,0.03354804079441761,0.026838432635534086,,,,,,,,,,
5,75.86553945249598,23.470209339774556,0.19457863660762212,0.03354804079441761,0.03354804079441761,0.06038647342995169,0.3421900161030596,,,,,,,,,
6,63.36553945249597,35.89640365002684,0.30193236714975846,,0.03354804079441761,0.06038647342995169,0.3421900161030596,,,,,,,,,
7,63.26489533011272,35.89640365002684,0.3757380568974772,0.026838432635534086,0.03354804079441761,0.06038647342995169,0.3421900161030596,,,,,,,,,
8,62.90257648953301,36.11782071926999,0.47638217928073,0.06709608158883522,0.03354804079441761,0.06038647342995169,0.3421900161030596,,,,,,,,,
9,62.6207729468599,36.272141706924316,0.5971551261406334,0.06709608158883522,0.040257648953301126,0.06038647342995169,0.3421900161030596,,,,,,,,,
10,62.4597423510467,36.41304347826087,0.6172839506172839,0.06709608158883522,0.040257648953301126,0.06038647342995169,0.3421900161030596,,,,,,,,,
11,61.8491680085883,36.82903918411165,0.7917337627482555,0.06709608158883522,0.040257648953301126,0.08051529790660225,0.3421900161030596,,,,,,,,,
12,58.1857219538379,40.324745034889965,0.9393451422436929,0.08722490606548577,0.040257648953301126,0.08051529790660225,0.3421900161030596,,,,,,,,,
13,56.74315619967794,41.599570585077835,1.06682769726248,0.08722490606548577,0.040257648953301126,0.12077294685990338,0.3421900161030596,,,,,,,,,
14,56.54186795491143,40.94873859366613,1.3352120236178207,0.08722490606548577,0.3757380568974772,0.16774020397208803,0.5434782608695652,,,,,,,,,
15,55.32742887815352,40.002683843263554,1.556629092860977,0.10064412238325282,0.3757380568974772,2.086688137412775,0.5501878690284487,,,,,,,,,
16,52.321524422973695,42.82071926999463,1.6505636070853462,0.10064412238325282,0.4092860976918948,2.1135265700483092,0.5837359098228664,,,,,,,,,
17,51.40230810520666,44.0955448201825,1.6841116478797638,0.08722490606548577,0.4092860976918948,2.0799785292538915,0.24154589371980675,,,,,,,,,
18,50.6508319914117,44.73966720343532,1.7579173376274826,0.1274825550187869,0.39586688137412773,2.086688137412775,0.24154589371980675,,,,,,,,,
19,49.10762211486849,43.43129361245303,2.0128824476650564,0.1274825550187869,0.39586688137412773,4.636339237788513,0.2147074610842727,0.07380568974771873,,,,,,,,
20,45.330112721417066,45.22275899087493,1.4224369296833066,6.944444444444445,0.39586688137412773,0.4830917874396135,0.20128824476650564,,,,,,,,,
21,45.02147074610843,44.14251207729468,1.5365002683843263,6.971282877079979,1.6572732152442298,0.4830917874396135,0.1878690284487386,,,,,,,,,
22,35.10466988727858,53.636607622114866,1.4761137949543746,7.997852925389157,1.3150831991411702,0.4428341384863124,0.026838432635534086,,,,,,,,,
23,32.27992485238862,56.32045088566828,1.6438539989264627,7.944176060118089,1.3150831991411702,0.41599570585077833,0.026838432635534086,,0.05367686527106817,,,,,,,
24,31.66935050993022,56.44122383252818,1.7579173376274826,8.051529790660226,1.5633387010198605,0.4025764895330113,0.026838432635534086,,0.08722490606548577,,,,,,,
25,24.134460547504027,62.63419216317767,3.1736446591519054,7.997852925389157,1.5365002683843263,0.38915727321524424,0.04696725711218465,,0.08722490606548577,,,,,,,
26,24.14787976382179,62.4194847020934,3.3480944712828773,7.997852925389157,1.5633387010198605,0.38915727321524424,0.04696725711218465,,0.08722490606548577,,,,,,,
27,19.35721953837896,41.51905528717123,1.8115942028985508,7.971014492753623,1.5633387010198605,27.449006977992486,0.04696725711218465,0.16774020397208803,0.11406333870101985,,,,,,,
28,19.37734836285561,41.39157273215244,1.9256575415995705,7.930756843800322,1.6304347826086956,27.38191089640365,0.04696725711218465,0.16774020397208803,0.14761137949543746,,,,,,,
29,19.363929146537842,40.15700483091788,1.932367149758454,7.152442297369833,1.6304347826086956,29.341116478797638,0.04696725711218465,0.20799785292538917,0.16774020397208803,,,,,,,
30,18.572195383789587,39.52630166398282,1.9122383252818036,7.152442297369833,1.2278582930756843,30.54884594739667,0.07380568974771873,0.8185721953837896,0.16774020397208803,,,,,,,
31,18.5654857756307,39.432367149758456,1.9994632313472893,7.152442297369833,1.2278582930756843,30.495169082125603,0.08722490606548577,0.8722490606548577,0.16774020397208803,,,,,,,
32,18.243424584004295,39.54643048845947,2.200751476113795,7.118894256575416,1.2144390767579174,30.246913580246915,0.08722490606548577,1.1406333870101986,0.20128824476650564,,,,,,,
33,18.23671497584541,39.49946323134729,2.26784755770263,7.098765432098766,1.2144390767579174,30.193236714975846,0.08722490606548577,1.2010198604401503,0.20128824476650564,,,,,,,
34,13.88888888888889,46.61164787976382,2.395330112721417,6.910896403650026,0.39586688137412773,28.341384863123995,0.06709608158883522,1.2010198604401503,0.1878690284487386,,,,,,,
35,13.399087493290391,46.69216317767042,2.475845410628019,6.910896403650026,0.4294149221685454,28.589640365002683,0.06709608158883522,1.247987117552335,0.1878690284487386,,,,,,,
36,13.41250670960816,46.10842726784756,2.9924852388620504,6.9243156199677935,0.4294149221685454,25.637412775093935,2.657004830917874,1.596886741814278,0.20128824476650564,0.040257648953301126,,,,,,
37,13.439345142243694,46.05475040257649,3.0394524959742353,6.890767579173376,0.4294149221685454,25.45625335480408,2.6435856146001075,1.751207729468599,0.2549651100375738,0.040257648953301126,,,,,,
38,13.439345142243694,45.7662372517445,3.079710144927536,9.017713365539452,0.4495437466451959,23.95330112721417,2.24771873322598,1.751207729468599,0.2549651100375738,0.040257648953301126,,,,,,
39,13.09044551798175,45.840042941492214,3.3011272141706924,8.99087493290392,0.5099302200751477,23.886205045625335,2.24771873322598,1.7981749865807837,0.2683843263553409,0.040257648953301126,0.013419216317767043,0.013419216317767043,,,,
40,13.097155126140633,45.69243156199678,3.2340311325818574,10.064412238325282,0.4830917874396135,23.19511540526033,2.2946859903381642,1.710950080515298,0.1610305958132045,0.040257648953301126,0.013419216317767043,0.013419216317767043,,,,
41,13.110574342458401,45.59849704777241,3.33467525496511,9.98389694041868,0.46296296296296297,23.09447128287708,2.2879763821792807,1.8183038110574343,0.24154589371980675,0.040257648953301126,0.013419216317767043,0.013419216317767043,,,,
42,13.110574342458401,45.3972088030059,3.502415458937198,9.98389694041868,0.5099302200751477,23.07434245840043,2.2879763821792807,1.8250134192163177,0.24154589371980675,0.040257648953301126,0.013419216317767043,0.013419216317767043,,,,
43,11.252012882447666,47.34970477724101,3.408480944712829,9.856414385399892,0.5367686527106817,23.013955984970476,2.2879763821792807,1.865271068169619,0.36231884057971014,0.040257648953301126,0.013419216317767043,0.013419216317767043,,,,
44,11.218464841653248,46.866612989801396,3.8714439076757916,9.856414385399892,0.5636070853462157,22.966988727858293,2.314814814814815,1.9122383252818036,0.36231884057971014,0.040257648953301126,0.013419216317767043,0.013419216317767043,,,,
45,11.211755233494364,46.77938808373591,3.938539989264627,8.246108427267847,0.5636070853462157,24.60413311862587,2.314814814814815,2.0128824476650564,0.2616747181964573,0.040257648953301126,0.013419216317767043,0.013419216317767043,,,,
46,11.198336017176597,46.62506709608159,4.079441760601181,8.232689210950081,0.5904455179817498,24.590713902308106,2.314814814814815,2.01959205582394,0.28180354267310787,0.040257648953301126,0.013419216317767043,0.013419216317767043,,,,
47,11.231884057971014,46.39023081052066,4.186795491143317,8.225979602791197,0.6843800322061192,24.55716586151369,2.314814814814815,2.059849704777241,0.28180354267310787,0.040257648953301126,0.013419216317767043,0.013419216317767043,,,,
48,11.225174449812132,46.24932903918411,4.2270531400966185,8.225979602791197,0.8185721953837896,24.52361782071927,2.3617820719269993,2.01959205582394,0.28180354267310787,0.040257648953301126,0.013419216317767043,0.013419216317767043,,,,
49,11.225174449812132,46.081588835212024,4.374664519592056,8.192431561996779,0.8521202361782072,24.168008588298445,2.3349436392914655,2.395330112721417,0.28180354267310787,0.040257648953301126,0.040257648953301126,0.013419216317767043,,,,
50,11.218464841653248,45.1556629092861,4.99194847020934,5.273752012882448,0.8521202361782072,27.657004830917874,2.3349436392914655,2.200751476113795,0.2214170692431562,0.040257648953301126,0.040257648953301126,0.013419216317767043,,,,
51,11.023886205045626,45.03488996242619,5.032206119162641,5.226784755770263,0.8521202361782072,27.83816425120773,2.3349436392914655,2.3550724637681157,0.2147074610842727,0.040257648953301126,0.03354804079441761,0.013419216317767043,,,,
52,11.023886205045626,44.860440150295226,5.186527106816962,5.226784755770263,0.8856682769726248,27.616747181964573,2.3349436392914655,2.563070316693505,0.2147074610842727,0.040257648953301126,0.03354804079441761,0.013419216317767043,,,,
53,10.990338164251208,43.17632850241546,5.22007514761138,4.998658078368224,0.8252818035426731,26.04669887278583,5.763553408480945,2.677133655394525,0.2147074610842727,0.040257648953301126,0.03354804079441761,0.013419216317767043,,,,
54,10.829307568438002,43.283682232957595,6.5552871712292005,4.9651100375738055,0.8252818035426731,24.94632313472893,5.595813204508857,2.657004830917874,0.24154589371980675,0.040257648953301126,0.04696725711218465,0.013419216317767043,,,,
55,10.836017176596886,42.921363392377884,7.092055823939882,4.9651100375738055,0.8252818035426731,24.610842726784757,5.46833064949007,2.9388083735909825,0.24154589371980675,0.040257648953301126,0.04696725711218465,0.013419216317767043,,,,
56,10.82259796027912,42.881105743424584,7.139023081052066,4.904723564143854,0.8521202361782072,24.55716586151369,5.448201825013419,2.9388083735909825,0.30193236714975846,0.040257648953301126,0.10064412238325282,0.013419216317767043,,,,
57,10.82259796027912,42.84084809447128,7.1725711218464845,5.059044551798175,0.8722490606548577,24.355877616747183,5.414653784219001,2.9723564143853998,0.322061191626409,0.040257648953301126,0.11406333870101985,0.013419216317767043,,,,
58,10.802469135802468,42.50536768652711,7.514761137949543,5.052334943639291,0.8722490606548577,24.14117015566291,5.394524959742351,3.166935050993022,0.33548040794417605,0.040257648953301126,0.13419216317767044,0.040257648953301126,,,,
59,10.19189479334407,43.07568438003221,7.48792270531401,4.294149221685454,0.8454106280193237,22.966988727858293,7.380568974771873,3.2004830917874396,0.33548040794417605,0.040257648953301126,0.13419216317767044,0.040257648953301126,0.0067096081588835215,,,
60,10.205314009661835,42.860976918947934,7.635534084809447,4.294149221685454,0.8722490606548577,22.69189479334407,7.326892109500805,3.488996242619431,0.33548040794417605,0.040257648953301126,0.20128824476650564,0.040257648953301126,0.0067096081588835215,,,
61,10.138217928073,42.652979066022546,7.9106280193236715,4.139828234031133,0.8722490606548577,22.665056360708533,7.300053676865271,3.5426731078904994,0.33548040794417605,0.040257648953301126,0.35560923242082665,0.040257648953301126,0.0067096081588835215,,,
62,10.11808910359635,42.639559849704774,7.9039184111647875,4.139828234031133,0.8990874932903918,22.644927536231883,7.313472893183038,3.535963499731616,0.36231884057971014,0.040257648953301126,0.35560923242082665,0.040257648953301126,0.0067096081588835215,,,
63,10.131508319914117,42.48523886205046,8.091787439613526,4.139828234031133,0.8990874932903918,22.638217928073,7.2933440687063875,3.515834675254965,0.36231884057971014,0.040257648953301126,0.35560923242082665,0.040257648953301126,0.0067096081588835215,,,
64,10.144927536231885,42.29736983360172,8.252818035426731,4.139828234031133,0.8990874932903918,22.34970477724101,7.313472893183038,3.797638217928073,0.36231884057971014,0.040257648953301126,0.35560923242082665,0.040257648953301126,0.0067096081588835215,,,
65,10.171765968867419,42.15646806226516,8.313204508856682,4.139828234031133,0.8990874932903918,22.36983360171766,7.206119162640902,3.8378958668813743,0.4294149221685454,0.040257648953301126,0.38915727321524424,0.040257648953301126,0.0067096081588835215,,,
66,10.071121846484166,42.11621041331186,8.3064949006978,4.139828234031133,0.8454106280193237,22.088030059044552,7.387278582930757,4.159957058507783,0.4294149221685454,0.040257648953301126,0.36902844873859364,0.040257648953301126,0.0067096081588835215,,,
67,10.037573805689748,39.91545893719807,7.7831454643048845,3.5426731078904994,0.8454106280193237,21.980676328502415,10.802469135802468,4.28743961352657,0.322061191626409,0.040257648953301126,0.38915727321524424,0.040257648953301126,0.013419216317767043,,,
68,8.621846484165324,41.29092860976919,7.836822329575953,3.488996242619431,0.8990874932903918,21.584809447128286,10.721953837895867,4.643048845947397,0.322061191626409,0.040257648953301126,0.4830917874396135,0.05367686527106817,0.013419216317767043,,,
69,8.61513687600644,41.1231884057971,7.997852925389157,3.488996242619431,0.8990874932903918,21.027911969940956,10.721953837895867,5.24020397208803,0.322061191626409,0.040257648953301126,0.4830917874396135,0.026838432635534086,0.013419216317767043,,,
70,8.568169618894256,41.035963499731615,8.091787439613526,3.361513687600644,0.966183574879227,20.947396672034355,10.7085346215781,5.267042404723564,0.322061191626409,0.040257648953301126,0.6508319914117016,0.026838432635534086,0.013419216317767043,,,
71,5.763553408480945,42.74691358024691,8.487654320987655,3.3413848631239937,1.737788513150832,20.840042941492218,10.681696188942565,5.307300053676865,0.33548040794417605,0.040257648953301126,0.6776704240472357,0.026838432635534086,0.013419216317767043,,,
72,5.24020397208803,37.15780998389694,8.13875469672571,3.6500268384326353,4.985238862050457,24.27536231884058,10.104669887278583,5.374396135265701,0.3153515834675255,0.040257648953301126,0.6776704240472357,0.026838432635534086,0.013419216317767043,,,
73,5.233494363929147,34.82286634460547,7.648953301127214,7.2933440687063875,4.40150295222759,23.960010735373054,10.084541062801932,5.407944176060118,0.3153515834675255,0.040257648953301126,0.7514761137949544,0.026838432635534086,0.013419216317767043,,,
74,5.199946323134729,34.796027911969944,7.615405260332796,10.540794417606012,4.394793344068707,22.470477724100913,8.628556092324208,5.273752012882448,0.30193236714975846,0.04696725711218465,0.6910896403650026,0.026838432635534086,0.013419216317767043,,,
75,5.199946323134729,32.588566827697264,7.112184648416532,13.654052603327965,5.213365539452496,22.08132045088567,8.601717659688674,4.468599033816425,0.30193236714975846,0.0067096081588835215,0.7380568974771873,0.020128824476650563,0.013419216317767043,,,
76,5.253623188405797,32.49463231347289,7.1658615136876005,13.647342995169081,5.193236714975845,21.692163177670423,8.514492753623188,4.871175523349437,0.32877079978529256,0.0067096081588835215,0.798443370907139,0.020128824476650563,0.013419216317767043,,,
77,5.287171229200215,32.407407407407405,7.226247987117552,13.647342995169081,5.159688674181428,21.638486312399355,8.527911969940956,4.904723564143854,0.32877079978529256,0.040257648953301126,0.798443370907139,0.020128824476650563,0.013419216317767043,,,
78,5.280461621041331,31.97128287707998,7.286634460547504,14.04320987654321,5.132850241545894,21.256038647342994,8.870101986044014,4.8376274825550185,0.4092860976918948,0.040257648953301126,0.8118625872249061,0.020128824476650563,0.040257648953301126,,,
79,5.273752012882448,31.508319914117017,8.514492753623188,13.982823403113258,4.985238862050457,20.618625872249062,8.863392377885132,4.830917874396135,0.4562533548040794,0.08051529790660225,0.8185721953837896,0.026838432635534086,0.040257648953301126,,,
80,5.287171229200215,31.407675791733762,8.561460010735374,13.962694578636608,5.025496511003757,20.571658615136876,8.876811594202898,4.871175523349437,0.46967257112184646,0.08051529790660225,0.8252818035426731,0.026838432635534086,0.03354804079441761,,,
81,5.307300053676865,31.239935587761675,8.695652173913043,13.895598497047773,5.01207729468599,20.531400966183575,8.849973161567364,4.911433172302737,0.49651100375738055,0.08051529790660225,0.9192163177670424,0.026838432635534086,0.03354804079441761,,,
82,5.300590445517981,31.112453032742888,8.635265700483092,13.882179280730005,5.193236714975845,20.45088566827697,8.78287707997853,4.944981213097155,0.6374127750939346,0.08051529790660225,0.9192163177670424,0.026838432635534086,0.03354804079441761,,,
83,5.314009661835748,30.971551261406333,8.735909822866345,13.90901771336554,5.166398282340311,20.38378958668814,8.735909822866345,4.998658078368224,0.6374127750939346,0.12077294685990338,0.9393451422436929,0.026838432635534086,0.06038647342995169,,,
84,5.287171229200215,30.917874396135264,9.078099838969404,13.90901771336554,5.166398282340311,20.04830917874396,8.76274825550188,5.018786902844874,0.6374127750939346,0.14761137949543746,0.9393451422436929,0.026838432635534086,0.06038647342995169,,,
85,5.2066559312936125,30.589103596349972,10.34621578099839,13.83521202361782,5.152979066022544,19.51825013419216,8.715780998389693,4.736983360171766,0.7246376811594203,0.14761137949543746,0.9393451422436929,0.026838432635534086,0.06038647342995169,,,
86,5.226784755770263,30.48174986580784,10.413311862587225,13.862050456253355,5.10601180891036,19.404186795491142,8.709071390230811,4.8443370907139025,0.6977992485238862,0.2147074610842727,0.95276435856146,0.026838432635534086,0.06038647342995169,,,
87,5.260332796564681,30.387815351583466,10.44015029522276,13.862050456253355,5.092592592592593,19.33709071390231,8.735909822866345,4.851046698872786,0.6977992485238862,0.2616747181964573,0.9728931830381106,0.026838432635534086,0.07380568974771873,,,
88,5.267042404723564,30.320719269994633,10.520665593129362,13.855340848094471,5.119431025228127,19.30354267310789,8.729200214707461,4.8376274825550185,0.6977992485238862,0.2616747181964573,0.966183574879227,0.026838432635534086,0.0939345142243693,,,
89,5.005367686527107,30.226784755770264,10.527375201288244,13.828502415458937,5.146269457863661,19.55179817498658,8.702361782071927,4.884594739667204,0.7313472893183038,0.2616747181964573,0.9930220075147611,0.04696725711218465,0.0939345142243693,,,
90,5.032206119162641,30.038915727321523,10.554213633923778,13.828502415458937,5.314009661835748,19.504830917874397,8.702361782071927,4.904723564143854,0.7313472893183038,0.2616747181964573,0.9863123993558777,0.04696725711218465,0.0939345142243693,,,
91,4.998658078368224,29.898013955984972,10.695115405260333,13.707729468599034,5.958132045088567,18.760064412238325,8.675523349436393,4.985238862050457,0.8722490606548577,0.2952227589908749,1.0131508319914118,0.04696725711218465,0.0939345142243693,,,
92,4.9651100375738055,29.884594739667204,10.721953837895867,13.734567901234568,5.958132045088567,18.760064412238325,8.742619431025227,4.891304347826087,0.8923778851315083,0.2952227589908749,1.0131508319914118,0.04696725711218465,0.0939345142243693,,,
93,4.958400429414922,29.73027375201288,10.950080515297907,13.707729468599034,5.917874396135265,18.57890499194847,8.78287707997853,5.059044551798175,0.8655394524959742,0.2952227589908749,1.0131508319914118,0.04696725711218465,0.0939345142243693,,,
94,4.944981213097155,28.032742887815353,11.439881910896403,16.056092324208265,5.884326355340848,18.243424584004295,8.319914117015566,5.152979066022544,0.6105743424584005,0.2952227589908749,0.8789586688137413,0.04696725711218465,0.0939345142243693,,,
95,4.951690821256038,28.012614063338702,11.439881910896403,15.03623188405797,5.904455179817498,18.230005367686527,9.098228663446054,5.374396135265701,0.6575415995705851,0.2952227589908749,0.8185721953837896,0.06038647342995169,0.12077294685990338,,,
96,4.958400429414922,27.851583467525497,11.446591519055287,14.841653247450349,5.958132045088567,18.209876543209877,9.064680622651638,5.508588298443371,0.8454106280193237,0.2952227589908749,0.8387010198604401,0.06038647342995169,0.12077294685990338,,,
97,4.958400429414922,27.84487385936661,11.426462694578637,14.794685990338165,5.984970477724101,18.17632850241546,9.098228663446054,5.4549114331723025,0.9125067096081588,0.3153515834675255,0.8521202361782072,0.06038647342995169,0.12077294685990338,,,
98,4.944981213097155,27.583199141170155,11.621041331186259,14.754428341384862,5.9514224369296835,17.485238862050455,9.138486312399356,6.246645195920558,0.9057971014492754,0.3421900161030596,0.8454106280193237,0.06038647342995169,0.12077294685990338,,,
99,4.944981213097155,27.542941492216855,11.460010735373054,14.74771873322598,5.9447128287707995,17.444981213097154,8.863392377885132,6.709608158883521,0.9393451422436929,0.3421900161030596,0.8789586688137413,0.06038647342995169,0.12077294685990338,,,
100,4.958400429414922,27.522812667740205,11.480139559849706,14.734299516908212,5.9447128287707995,17.444981213097154,8.856682769726248,6.662640901771336,0.95276435856146,0.36231884057971014,0.8789586688137413,0.08051529790660225,0.12077294685990338,,,
101,4.944981213097155,27.4422973698336,11.124530327428879,14.673913043478262,6.253354804079442,17.404723564143854,8.82313472893183,6.816961889425658,1.0265700483091786,0.39586688137412773,0.8990874932903918,0.08051529790660225,0.11406333870101985,,,
102,4.958400429414922,27.42216854535695,11.064143853998926,14.640365002683843,6.3137412775093935,17.37788513150832,8.829844337090714,6.810252281266774,1.0869565217391304,0.39586688137412773,0.8990874932903918,0.08051529790660225,0.12077294685990338,,,
103,4.99194847020934,27.194041867954912,11.11111111111111,14.606816961889425,6.387546967257112,17.3040794417606,8.849973161567364,6.857219538378959,1.1205045625335481,0.46296296296296297,0.9125067096081588,0.08051529790660225,0.12077294685990338,,,
104,4.978529253891573,27.113526570048307,11.07085346215781,14.586688137412775,6.474771873322598,17.223564143854,8.890230810520666,6.964573268921095,1.1205045625335481,0.46296296296296297,0.9125067096081588,0.08051529790660225,0.12077294685990338,,,
105,4.998658078368224,27.073268921095007,11.11111111111111,14.506172839506172,6.474771873322598,17.223564143854,8.76274825550188,6.964573268921095,1.3150831991411702,0.46296296296296297,0.9057971014492754,0.08051529790660225,0.12077294685990338,,,
106,5.01207729468599,26.27482555018787,11.822329575952764,14.345142243692969,6.474771873322598,17.183306494900698,8.776167471819646,7.0383789586688135,1.3419216317767042,0.46296296296296297,1.0534084809447128,0.08051529790660225,0.13419216317767044,,,
107,5.065754159957058,26.214439076757916,11.822329575952764,14.244498121309716,6.4345142243692965,17.082662372517444,8.870101986044014,7.071926999463232,1.402308105206656,0.48980139559849706,1.0869565217391304,0.08051529790660225,0.13419216317767044,,,
108,5.119431025228127,26.147342995169083,11.882716049382717,14.13714439076758,6.454643048845948,17.03569511540526,8.876811594202898,7.226247987117552,1.3821792807300053,0.48980139559849706,1.0332796564680622,0.08051529790660225,0.13419216317767044,,,
109,5.12614063338701,26.01315083199141,11.916264090177133,14.150563607085346,6.4412238325281805,17.03569511540526,8.93719806763285,7.219538378958669,1.4224369296833066,0.48980139559849706,1.0332796564680622,0.08051529790660225,0.13419216317767044,,,
110,5.179817498658078,26.006441223832528,11.876006441223833,14.110305958132045,6.427804616210413,17.028985507246375,8.930488459473967,7.232957595276436,1.415727321524423,0.5166398282340311,1.0601180891035964,0.08051529790660225,0.13419216317767044,,,
111,4.8443370907139025,22.940150295222757,10.929951690821255,17.57246376811594,6.300322061191626,18.08239398819109,8.809715512614064,7.118894256575416,1.4962426194310252,0.5166398282340311,1.1205045625335481,0.10735373054213634,0.1610305958132045,,,
112,4.864465915190553,22.873054213633925,10.970209339774557,17.424852388620504,6.387546967257112,18.035426731078903,8.78287707997853,7.1658615136876005,1.5163714439076759,0.5166398282340311,1.1943102522812667,0.10735373054213634,0.1610305958132045,,,
113,4.911433172302737,22.859634997316157,10.963499731615673,17.28395061728395,6.414385399892646,17.92807300053677,8.776167471819646,7.212828770799785,1.710950080515298,0.5032206119162641,1.1674718196457328,0.10735373054213634,0.1610305958132045,,,
114,4.944981213097155,22.644927536231883,11.124530327428879,17.250402576489535,6.199677938808374,17.907944176060116,8.99087493290392,7.212828770799785,1.7646269457863661,0.5032206119162641,1.1674718196457328,0.10735373054213634,0.18115942028985507,,,
115,4.99194847020934,22.63150831991412,11.117820719269995,17.216854535695116,6.1929683306494905,17.860976918947934,9.01100375738057,7.199409554482019,1.7914653784219001,0.5032206119162641,1.1943102522812667,0.10735373054213634,0.18115942028985507,,,
116,4.99194847020934,22.61808910359635,11.238593666129898,17.062533548040793,6.286902844873859,17.820719269994633,9.01100375738057,7.159151905528717,1.8183038110574343,0.46296296296296297,1.2345679012345678,0.10735373054213634,0.1878690284487386,,,
117,4.944981213097155,22.48389694041868,11.33923778851315,16.914922168545356,6.286902844873859,17.820719269994633,8.903650026838433,7.192699946323135,2.0128824476650564,0.46296296296296297,1.328502415458937,0.12077294685990338,0.1878690284487386,,,
118,4.931561996779388,22.450348899624263,11.325818572195384,16.847826086956523,6.226516371443908,17.787171229200215,8.870101986044014,7.4141170155662905,2.01959205582394,0.5032206119162641,1.3150831991411702,0.12077294685990338,0.1878690284487386,,,
119,4.435050993022007,19.0955448201825,10.641438539989265,13.056897477187333,6.085614600107354,27.717391304347824,8.608427267847558,6.736446591519055,1.6035963499731616,0.5166398282340311,1.2546967257112185,0.08722490606548577,0.1610305958132045,,,
120,4.435050993022007,19.0552871712292,10.654857756307031,13.01663982823403,6.078904991948471,27.717391304347824,8.561460010735374,6.736446591519055,1.6639828234031133,0.5166398282340311,1.3150831991411702,0.08722490606548577,0.1610305958132045,,,
121,4.441760601180891,18.84728931830381,10.815888352120236,13.009930220075148,6.078904991948471,27.70397208803006,8.521202361782072,6.790123456790123,1.6841116478797638,0.5166398282340311,1.3419216317767042,0.08722490606548577,0.1610305958132045,,,
122,4.414922168545357,18.780193236714975,10.815888352120236,12.99651100375738,6.213097155126141,27.643585614600106,8.467525496511003,6.816961889425658,1.6841116478797638,0.5166398282340311,1.402308105206656,0.08722490606548577,0.1610305958132045,,,
123,4.428341384863124,18.746645195920557,10.849436392914654,12.969672571121846,6.206387546967257,27.563070316693505,8.433977455716587,6.904186795491143,1.6841116478797638,0.5233494363929146,1.4224369296833066,0.10735373054213634,0.1610305958132045,,,
124,4.455179817498658,18.686258722490606,10.829307568438002,12.895866881374127,6.152710681696189,27.536231884057973,8.514492753623188,6.904186795491143,1.7042404723564144,0.5233494363929146,1.5096618357487923,0.10735373054213634,0.18115942028985507,,,
125,4.374664519592056,18.659420289855074,10.829307568438002,12.875738056897477,6.125872249060655,27.32823403113258,8.501073537305421,7.27992485238862,1.6841116478797638,0.5233494363929146,1.5365002683843263,0.10064412238325282,0.18115942028985507,,,
126,4.3478260869565215,18.646001073537306,10.869565217391305,12.875738056897477,6.112453032742888,27.30139559849705,8.487654320987655,7.320182501341922,1.6841116478797638,0.5233494363929146,1.5499194847020934,0.10064412238325282,0.18115942028985507,,,
127,4.3478260869565215,18.632581857219538,10.856146001073537,12.86231884057971,6.112453032742888,27.254428341384862,8.487654320987655,7.387278582930757,1.7042404723564144,0.5233494363929146,1.5499194847020934,0.10064412238325282,0.18115942028985507,,,
128,4.367954911433173,18.4849704777241,10.809178743961352,13.043478260869565,5.984970477724101,27.180622651637144,8.474235104669887,7.427536231884058,1.7646269457863661,0.5434782608695652,1.6103059581320451,0.10064412238325282,0.20799785292538917,,,
129,4.314278046162104,18.46484165324745,10.815888352120236,13.043478260869565,5.971551261406334,27.033011272141707,8.467525496511003,7.62211486849168,1.7646269457863661,0.5568974771873323,1.6371443907675791,0.10064412238325282,0.20799785292538917,,,
130,4.30756843800322,18.451422436929683,10.815888352120236,13.137412775093935,5.931293612453032,26.89210950080515,8.427267847557703,7.722758990874933,1.7646269457863661,0.5904455179817498,1.6505636070853462,0.10064412238325282,0.20799785292538917,,,
131,4.314278046162104,18.397745571658614,10.815888352120236,13.09044551798175,5.931293612453032,26.84514224369297,8.380300590445518,7.836822329575953,1.7847557702630166,0.6172839506172839,1.6841116478797638,0.10064412238325282,0.20128824476650564,,,
132,4.327697262479871,18.35077831454643,10.836017176596886,13.023349436392914,5.931293612453032,26.8317230273752,8.32662372517445,7.836822329575953,1.8518518518518519,0.6172839506172839,1.751207729468599,0.10064412238325282,0.2147074610842727,,,
133,4.30756843800322,17.820719269994633,10.534084809447128,12.983091787439614,5.689747718733226,26.663982823403114,9.406870638754697,7.836822329575953,1.9390767579173376,0.644122383252818,1.8585614600107354,0.10064412238325282,0.2147074610842727,,,
134,4.320987654320987,17.793880837359097,10.473698336017177,11.18491680085883,5.703166935050993,25.986312399355878,11.641170155662909,8.152173913043478,1.892109500805153,0.6105743424584005,1.932367149758454,0.0939345142243693,0.2147074610842727,,,
135,4.320987654320987,17.619431025228128,10.628019323671497,11.18491680085883,5.703166935050993,25.946054750402578,11.668008588298443,8.179012345679013,1.892109500805153,0.6105743424584005,1.9189479334406871,0.0939345142243693,0.23483628556092323,,,
136,4.334406870638754,17.619431025228128,10.628019323671497,11.158078368223295,5.709876543209877,25.831991411701555,11.674718196457327,8.279656468062266,1.9189479334406871,0.6105743424584005,1.90552871712292,0.0939345142243693,0.23483628556092323,,,
137,4.320987654320987,17.599302200751477,10.721953837895867,11.09098228663446,5.776972624798712,25.717928073000536,11.66129898013956,8.246108427267847,1.9793344068706387,0.644122383252818,1.8988191089640365,0.10735373054213634,0.23483628556092323,,,
138,4.320987654320987,17.518786902844873,10.768921095008052,11.077563070316694,5.776972624798712,25.644122383252817,11.66129898013956,8.28636607622115,2.0128824476650564,0.644122383252818,1.9256575415995705,0.10735373054213634,0.2549651100375738,,,
139,4.3478260869565215,17.47181964573269,10.815888352120236,10.997047772410092,5.803811057434245,25.63070316693505,11.66129898013956,8.28636607622115,2.0665593129361244,0.644122383252818,1.9256575415995705,0.10735373054213634,0.24154589371980675,,,
140,4.367954911433173,17.404723564143854,10.896403650026839,10.95679012345679,5.803811057434245,25.51663982823403,11.600912506709609,8.433977455716587,2.1403650026838434,0.644122383252818,1.8853998926462694,0.10735373054213634,0.24154589371980675,,,
141,4.435050993022007,17.270531400966185,10.836017176596886,10.916532474503489,5.803811057434245,25.429414922168544,11.681427804616211,8.474235104669887,2.1403650026838434,0.6776704240472357,1.9390767579173376,0.10735373054213634,0.2885131508319914,,,
142,4.435050993022007,17.236983360171767,10.836017176596886,10.88298443370907,5.797101449275362,25.37573805689748,11.681427804616211,8.480944712828771,2.1739130434782608,0.7313472893183038,1.9256575415995705,0.1274825550187869,0.2885131508319914,0.026838432635534086,,
143,4.488727858293076,17.163177670424048,10.762211486849168,10.661567364465915,5.776972624798712,25.34219001610306,12.318840579710145,8.28636607622115,2.15378421900161,0.7313472893183038,1.8719806763285025,0.1274825550187869,0.2885131508319914,0.026838432635534086,,
144,4.488727858293076,17.12962962962963,10.836017176596886,10.63472893183038,5.776972624798712,25.228126677402038,12.177938808373591,8.373590982286634,2.147074610842727,0.7313472893183038,2.01959205582394,0.1274825550187869,0.30193236714975846,0.026838432635534086,,
145,4.51556629092861,17.07595276435856,10.352925389157273,12.614063338701019,5.83064949006978,25.11406333870102,11.07085346215781,8.313204508856682,2.1269457863660763,0.6977992485238862,1.8317230273752012,0.1274825550187869,0.30193236714975846,0.026838432635534086,,
146,4.49543746645196,16.941760601180892,10.34621578099839,12.593934514224369,5.857487922705314,24.644390767579175,11.332528180354267,8.682232957595277,2.1269457863660763,0.6910896403650026,1.8317230273752012,0.1274825550187869,0.30193236714975846,0.026838432635534086,,
147,4.51556629092861,16.80756843800322,10.507246376811594,12.546967257112184,5.8172302737520125,24.55716586151369,11.332528180354267,8.742619431025227,2.1604938271604937,0.7380568974771873,1.8317230273752012,0.1274825550187869,0.2885131508319914,0.026838432635534086,,
148,4.522275899087493,16.794149221685455,10.50053676865271,11.808910359634996,5.776972624798712,24.40955448201825,12.084004294149223,8.896940418679549,2.200751476113795,0.7112184648416533,1.8518518518518519,0.1274825550187869,0.2885131508319914,0.026838432635534086,,
149,4.502147074610843,16.794149221685455,13.654052603327965,11.231884057971014,5.743424584004294,22.430220075147613,11.761943102522812,8.668813741277509,2.0665593129361244,0.7179280730005367,1.9860440150295222,0.1274825550187869,0.2885131508319914,0.026838432635534086,,
150,4.468599033816425,16.70692431561997,13.526570048309178,11.198336017176597,5.743424584004294,22.383252818035427,11.77536231884058,8.789586688137414,2.227589908749329,0.7313472893183038,1.9726247987117553,0.1274825550187869,0.322061191626409,0.026838432635534086,,
151,4.448470209339774,16.5727321524423,13.573537305421363,11.131239935587761,5.884326355340848,22.36983360171766,11.77536231884058,8.809715512614064,2.2342995169082127,0.7514761137949544,1.9726247987117553,0.1274825550187869,0.322061191626409,0.026838432635534086,,
152,4.435050993022007,16.525764895330113,13.533279656468062,11.11111111111111,5.917874396135265,22.342995169082126,11.79549114331723,8.863392377885132,2.2342995169082127,0.7514761137949544,1.9726247987117553,0.1274825550187869,0.36231884057971014,0.026838432635534086,,
153,4.42163177670424,16.364734299516908,13.560118089103597,11.11111111111111,6.085614600107354,22.302737520128826,11.77536231884058,8.836553945249598,2.2611379495437465,0.7581857219538379,1.9726247987117553,0.1274825550187869,0.39586688137412773,0.026838432635534086,,
154,4.408212560386473,16.29092860976919,13.513150831991412,11.20504562533548,6.078904991948471,22.282608695652176,11.741814278046162,8.863392377885132,2.2879763821792807,0.785024154589372,1.9927536231884058,0.1274825550187869,0.39586688137412773,0.026838432635534086,,
155,4.146537842190016,15.653515834675256,13.45276435856146,12.016908212560386,6.025228126677402,22.282608695652176,12.258454106280194,8.735909822866345,2.254428341384863,0.7380568974771873,1.8988191089640365,0.11406333870101985,0.39586688137412773,0.026838432635534086,,
156,4.133118625872249,15.653515834675256,13.466183574879228,11.98336017176597,6.052066559312936,22.24235104669887,12.318840579710145,8.735909822866345,2.281266774020397,0.7380568974771873,1.8451422436929683,0.1274825550187869,0.39586688137412773,0.026838432635534086,,
157,4.133118625872249,15.552871712292003,13.47289318303811,11.996779388083736,6.085614600107354,22.108158883521202,12.245034889962426,8.950617283950617,2.314814814814815,0.7380568974771873,1.8384326355340848,0.14090177133655393,0.39586688137412773,0.026838432635534086,,
158,4.126409017713366,15.4723564143854,13.560118089103597,11.943102522812667,6.139291465378422,22.054482018250134,12.157809983896941,8.977455716586151,2.341653247450349,0.7380568974771873,1.9256575415995705,0.14090177133655393,0.39586688137412773,0.026838432635534086,,
159,4.1532474503489,15.371712292002147,13.546698872785829,11.922973698336017,6.273483628556092,21.987385936661298,12.13768115942029,8.910359634997317,2.3550724637681157,0.7380568974771873,1.9390767579173376,0.14090177133655393,0.49651100375738055,0.026838432635534086,,
160,4.17337627482555,15.35829307568438,13.553408480944713,11.956521739130435,6.260064412238325,21.960547504025765,12.104133118625873,8.93719806763285,2.3550724637681157,0.7380568974771873,1.9390767579173376,0.14090177133655393,0.49651100375738055,0.026838432635534086,,
161,4.180085882984434,15.096618357487923,13.88888888888889,11.855877616747183,6.159420289855072,21.926999463231347,12.084004294149223,8.950617283950617,2.3483628556092326,0.8722490606548577,1.9726247987117553,0.14090177133655393,0.49651100375738055,0.026838432635534086,,
162,4.213633923778851,15.083199141170155,13.942565754159958,11.79549114331723,6.152710681696189,21.906870638754697,12.030327428878154,8.890230810520666,2.4020397208803006,0.8789586688137413,2.0128824476650564,0.14090177133655393,0.5233494363929146,0.026838432635534086,,
163,4.213633923778851,15.049651100375739,13.92914653784219,11.674718196457327,6.179549114331723,21.87332259796028,11.929683306494901,9.017713365539452,2.536231884057971,0.8789586688137413,2.0263016639828235,0.14090177133655393,0.5233494363929146,0.026838432635534086,,
164,4.274020397208803,15.03623188405797,13.902308105206655,11.66129898013956,6.219806763285024,21.880032206119164,11.876006441223833,8.977455716586151,2.536231884057971,0.8789586688137413,2.0665593129361244,0.14090177133655393,0.5233494363929146,0.026838432635534086,,
165,4.213633923778851,14.855072463768115,12.734836285560924,14.579978529253891,6.367418142780462,21.598228663446054,11.43317230273752,8.80300590445518,2.281266774020397,0.8856682769726248,1.751207729468599,0.14090177133655393,0.35560923242082665,,,
166,4.240472356414386,14.834943639291465,12.721417069243156,14.492753623188406,6.367418142780462,21.524422973698336,11.406333870101985,8.829844337090714,2.3886205045625335,0.9326355340848095,1.7646269457863661,0.14090177133655393,0.35560923242082665,,,
167,4.233762748255502,14.78797638217928,12.835480407944177,14.49946323134729,6.300322061191626,21.39694041867955,11.379495437466453,8.923778851315083,2.4221685453569513,0.9594739667203436,1.7646269457863661,0.14090177133655393,0.35560923242082665,,,
168,4.200214707461084,14.774557165861514,12.895866881374127,14.492753623188406,6.300322061191626,21.256038647342994,11.480139559849706,8.816425120772946,2.536231884057971,0.9796027911969941,1.7713365539452497,0.14090177133655393,0.35560923242082665,,,
169,4.200214707461084,14.647074610842727,12.835480407944177,13.6808910359635,6.320450885668277,21.256038647342994,12.446323134728932,8.809715512614064,2.536231884057971,0.9796027911969941,1.7914653784219001,0.14090177133655393,0.35560923242082665,,,
170,4.186795491143317,14.459205582393988,12.754965110037574,13.862050456253355,6.400966183574879,21.068169618894256,12.553676865271068,8.876811594202898,2.49597423510467,1.0131508319914118,1.8183038110574343,0.14090177133655393,0.36902844873859364,,,
171,4.200214707461084,14.465915190552872,12.761674718196458,13.841921631776705,6.374127750939345,21.054750402576488,12.567096081588835,8.903650026838433,2.4892646269457863,1.0131508319914118,1.8183038110574343,0.14090177133655393,0.36902844873859364,,,
172,4.180085882984434,14.459205582393988,13.459473966720344,13.808373590982287,6.394256575415996,20.39049919484702,12.546967257112184,8.829844337090714,2.5496511003757383,1.0265700483091786,1.8250134192163177,0.14090177133655393,0.38915727321524424,,,
173,4.200214707461084,14.452495974235104,13.378958668813741,13.79495437466452,6.414385399892646,20.35024154589372,12.493290391841116,9.004294149221685,2.536231884057971,1.0265700483091786,1.8048845947396672,0.14090177133655393,0.4025764895330113,,,
