,45,50,51,52,55,53,54,56,57
0,98.62453032742887,1.3754696725711217,,,,,,,
1,98.63123993558776,1.3687600644122384,,,,,,,
2,97.1886741814278,2.8113258185721954,,,,,,,
3,93.55877616747182,6.4412238325281805,,,,,,,
4,93.20987654320987,6.790123456790123,,,,,,,
5,81.4747718733226,18.5252281266774,,,,,,,
6,79.3947933440687,20.605206655931294,,,,,,,
7,78.63660762211487,21.36339237788513,,,,,,,
8,72.76570048309179,27.234299516908212,,,,,,,
9,71.96725711218465,24.44981213097155,3.5829307568438002,,,,,,
10,55.63607085346216,40.80783682232958,3.556092324208266,,,,,,
11,52.462426194310254,44.015029522275896,3.5225442834138487,,,,,,
12,51.469404186795494,40.666935050993025,3.9720880300590444,3.569511540526033,0.322061191626409,,,,
13,51.2211486849168,39.20424047235642,3.9720880300590444,5.280461621041331,0.322061191626409,,,,
14,50.76489533011272,38.71443907675792,4.824208266237251,5.253623188405797,0.4428341384863124,,,,
15,49.14787976382179,38.96269457863661,7.071926999463232,4.374664519592056,0.4428341384863124,,,,
16,49.282071926999464,38.868760064412236,7.065217391304348,4.341116478797638,0.4428341384863124,,,,
17,48.960010735373054,37.92270531400966,7.219538378958669,4.508856682769726,0.4227053140096618,0.966183574879227,,,
18,44.545088566827694,40.33816425120773,10.144927536231885,3.5829307568438002,0.4227053140096618,0.966183574879227,,,
19,35.83601717659689,41.99543746645196,16.317767042404725,3.5829307568438002,0.5568974771873323,1.710950080515298,,,
20,35.44685990338164,38.92914653784219,17.008856682769725,3.455448201825013,0.5568974771873323,1.710950080515298,2.8918411164787976,,
21,35.621309715512616,38.30515297906602,16.982018250134193,3.4420289855072466,0.5568974771873323,2.200751476113795,2.8918411164787976,,
22,35.78234031132582,38.18438003220612,16.941760601180892,3.4420289855072466,0.5568974771873323,2.200751476113795,2.8918411164787976,,
23,36.010466988727856,37.84219001610306,16.874664519592056,3.4420289855072466,0.7380568974771873,2.200751476113795,2.8918411164787976,,
24,36.211755233494365,37.78180354267311,16.76731078904992,3.408480944712829,0.7380568974771873,2.200751476113795,2.8918411164787976,,
25,36.26543209876543,37.714707461084274,16.780730005367687,3.408480944712829,0.7380568974771873,2.200751476113795,2.8918411164787976,,
26,36.68142780461621,35.33279656468062,17.69994632313473,3.1602254428341383,1.2345679012345678,2.200751476113795,2.8918411164787976,0.798443370907139,
27,36.808910359635,35.238862050456255,17.673107890499196,3.1602254428341383,1.2278582930756843,2.200751476113795,2.8918411164787976,0.798443370907139,
28,37.003488996242616,34.95034889962426,17.62614063338701,3.1602254428341383,1.2278582930756843,2.200751476113795,3.0327428878153517,0.798443370907139,
29,37.124261943102525,34.17203435319377,16.894793344068706,3.1602254428341383,1.221148684916801,3.5963499731615673,3.0327428878153517,0.798443370907139,
30,35.279119699409556,32.48792270531401,19.652442297369834,4.28743961352657,1.221148684916801,3.240740740740741,3.0327428878153517,0.798443370907139,
31,35.35963499731616,32.347020933977454,19.605475040257648,4.253891572732153,1.3620504562533549,3.240740740740741,3.0327428878153517,0.798443370907139,
32,35.339506172839506,25.87224906065486,26.31508319914117,4.233762748255502,1.221148684916801,3.1602254428341383,3.0595813204508855,0.798443370907139,
33,33.48094471282877,27.75764895330113,26.32850241545894,4.193505099302201,1.221148684916801,3.1602254428341383,3.0595813204508855,0.798443370907139,
34,33.54804079441761,27.75764895330113,26.301663982823403,4.193505099302201,1.221148684916801,3.1602254428341383,3.0193236714975846,0.798443370907139,
35,33.65539452495974,27.482555018786904,26.684111647879764,4.193505099302201,1.1137949543746646,3.052871712292002,3.0193236714975846,0.798443370907139,
36,33.50107353730542,24.932903918411164,27.073268921095007,4.783950617283951,2.1940418679549114,3.052871712292002,3.7037037037037037,0.7581857219538379,
37,31.199677938808374,27.408749329039185,26.992753623188406,4.696725711218465,2.1940418679549114,3.052871712292002,3.69699409554482,0.7581857219538379,
38,31.179549114331724,27.294685990338163,22.75228126677402,8.55475040257649,2.1940418679549114,3.569511540526033,3.69699409554482,0.7581857219538379,
39,31.28690284487386,27.254428341384862,22.73886205045625,8.55475040257649,2.1940418679549114,3.5426731078904994,3.670155662909286,0.7581857219538379,
40,31.374127750939344,27.046430488459475,22.208803005904453,9.091519055287172,2.1940418679549114,3.2541599570585076,4.072732152442297,0.7581857219538379,
41,31.19296833064949,26.516371443907676,22.29602791196994,9.386741814278047,1.8250134192163177,4.4753086419753085,3.549382716049383,0.7581857219538379,
42,29.676596886741816,27.234299516908212,23.121309715512613,9.359903381642512,1.8250134192163177,4.4753086419753085,3.549382716049383,0.7581857219538379,
43,27.811325818572197,27.932098765432098,24.288781535158346,9.359903381642512,1.8250134192163177,4.4753086419753085,3.549382716049383,0.7581857219538379,
44,27.865002683843265,27.865002683843265,20.29656468062265,9.359903381642512,1.8250134192163177,8.480944712828771,3.549382716049383,0.7581857219538379,
45,27.771068169618893,27.78448738593666,20.50456253354804,9.339774557165862,1.8250134192163177,8.480944712828771,3.535963499731616,0.7581857219538379,
46,27.985775630703166,27.737520128824478,20.377079978529252,9.339774557165862,1.8250134192163177,8.474235104669887,3.502415458937198,0.7581857219538379,
47,25.885668276972623,38.85534084809447,16.264090177133657,6.528448738593666,1.8250134192163177,7.971014492753623,1.9122383252818036,0.7581857219538379,
48,23.68491680085883,36.67471819645733,17.62614063338701,9.561191626409018,1.8115942028985508,7.971014492753623,1.9122383252818036,0.7581857219538379,
49,23.765432098765434,36.63446054750403,19.692699946323135,7.997852925389157,1.8115942028985508,7.427536231884058,1.9122383252818036,0.7581857219538379,
50,24.04723564143854,36.3191089640365,19.786634460547504,7.96430488459474,1.8115942028985508,7.407407407407407,1.90552871712292,0.7581857219538379,
51,24.00697799248524,34.20558239398819,20.638754696725712,9.292807300053678,1.8115942028985508,7.380568974771873,1.90552871712292,0.7581857219538379,
52,24.08749329039184,34.09822866344606,19.47128287707998,9.286097691894794,1.8115942028985508,8.581588835212024,1.90552871712292,0.7581857219538379,
53,23.30246913580247,29.911433172302736,24.738325281803544,8.715780998389693,2.6972624798711755,7.971014492753623,1.90552871712292,0.7581857219538379,
54,23.349436392914654,29.797369833601717,24.684648416532475,8.68894256575416,2.6972624798711755,7.971014492753623,2.0531400966183573,0.7581857219538379,
55,22.624798711755233,26.798174986580783,34.82286634460547,6.78341384863124,1.6505636070853462,5.448201825013419,1.8719806763285025,,
56,22.805958132045088,26.7512077294686,34.68867418142781,6.78341384863124,1.6505636070853462,5.448201825013419,1.8719806763285025,,
57,22.21551261406334,27.17391304347826,34.86983360171766,6.78341384863124,1.6505636070853462,5.448201825013419,1.8585614600107354,,
58,21.833064949006978,25.87895866881374,36.77536231884058,7.62211486849168,1.415727321524423,4.918142780461621,1.556629092860977,,
59,19.806763285024154,23.242082662372518,41.532474503489,7.568438003220612,1.3754696725711217,4.918142780461621,1.556629092860977,,
60,16.867954911433173,21.68545356951154,44.880568974771876,7.863660762211487,1.3754696725711217,4.602791196994096,2.7241009125067097,,
61,16.190284487385938,21.135265700483092,46.43719806763285,7.555018786902845,1.3553408480944713,4.602791196994096,2.7241009125067097,,
62,12.895866881374127,30.334138486312398,44.33038110574343,3.878153515834675,1.3553408480944713,4.4820182501341925,2.7241009125067097,,
63,13.063607085346217,30.273752012882447,44.22302737520129,3.878153515834675,1.3553408480944713,4.4820182501341925,2.7241009125067097,,
64,13.305152979066023,30.246913580246915,44.04186795491143,3.878153515834675,1.3553408480944713,4.4820182501341925,2.690552871712292,,
65,13.513150831991412,30.173107890499196,43.94122383252818,3.844605475040258,1.3553408480944713,4.4820182501341925,2.690552871712292,,
66,12.419484702093397,35.04428341384863,40.88164251207729,3.1602254428341383,1.3553408480944713,4.4820182501341925,2.657004830917874,,
67,12.714707461084272,34.916800858829845,40.324745034889965,3.1602254428341383,1.3553408480944713,4.4820182501341925,2.657004830917874,0.38915727321524424,
68,12.962962962962964,34.76247987117552,40.123456790123456,3.126677402039721,1.3553408480944713,4.4820182501341925,2.657004830917874,0.5300590445517982,
69,13.117283950617283,34.655126140633385,39.45920558239399,3.1199677938808374,1.3553408480944713,4.4820182501341925,3.670155662909286,0.14090177133655393,
70,12.191358024691358,34.54777241009125,36.65458937198068,6.823671497584541,1.4895330112721417,4.4820182501341925,3.670155662909286,0.14090177133655393,
71,12.352388620504563,34.514224369296834,36.58749329039184,6.8035426731078905,1.4626945786366077,4.468599033816425,3.670155662909286,0.14090177133655393,
72,12.573805689747719,34.23913043478261,36.46672034353194,6.769994632313473,1.7042404723564144,4.435050993022007,3.670155662909286,0.14090177133655393,
73,12.674449812130971,34.17874396135266,36.42646269457864,6.769994632313473,1.7042404723564144,4.435050993022007,3.670155662909286,0.14090177133655393,
74,13.023349436392914,33.99087493290392,36.3191089640365,6.736446591519055,1.6908212560386473,4.428341384863124,3.670155662909286,0.14090177133655393,
75,13.24476650563607,33.91035963499731,36.198336017176594,6.642512077294686,1.8183038110574343,4.428341384863124,3.616478797638218,0.14090177133655393,
76,13.157541599570585,32.991143317230275,39.452495974235106,6.608964036500268,1.1137949543746646,2.918679549114332,3.616478797638218,0.14090177133655393,
77,13.191089640365004,32.1658615136876,37.41277509393451,9.561191626409018,1.1137949543746646,2.7979066022544283,3.616478797638218,0.14090177133655393,
78,13.45276435856146,32.018250134192165,37.32555018786903,9.534353193773484,1.1137949543746646,2.7979066022544283,3.616478797638218,0.14090177133655393,
79,13.754696725711218,31.910896403650028,37.19135802469136,9.420289855072463,1.06682769726248,2.7979066022544283,3.717122920021471,0.14090177133655393,
80,13.94927536231884,31.884057971014492,37.063875469672574,9.420289855072463,1.06682769726248,2.757648953301127,3.717122920021471,0.14090177133655393,
81,9.802737520128824,25.751476113794954,49.45652173913044,7.454374664519592,1.0601180891035964,2.7106816961889426,3.6231884057971016,0.14090177133655393,
82,9.675254965110037,25.677670424047236,48.98684916800859,7.37385936661299,1.8183038110574343,2.7106816961889426,3.616478797638218,0.14090177133655393,
83,9.286097691894794,24.798711755233494,47.61808910359635,7.37385936661299,1.8183038110574343,5.347557702630167,3.616478797638218,0.14090177133655393,
84,7.6623725174449815,24.27536231884058,47.62479871175523,11.641170155662909,1.8183038110574343,3.549382716049383,3.2877079978529253,0.14090177133655393,
85,7.85024154589372,24.248523886205046,47.50402576489533,11.634460547504025,1.8048845947396672,3.549382716049383,3.2675791733762747,0.14090177133655393,
86,8.158883521202362,24.208266237251745,50.878958668813745,8.393719806763285,1.9189479334406871,3.0931293612453032,3.207192699946323,0.14090177133655393,
87,8.125335480407944,21.38352120236178,54.33440687063875,8.340042941492216,1.0601180891035964,3.743961352657005,2.871712292002147,0.14090177133655393,
88,8.11862587224906,21.36339237788513,51.95920558239399,7.118894256575416,1.0601180891035964,7.447665056360709,2.791196994095545,0.14090177133655393,
89,8.259527643585615,21.316425120772948,51.878690284487384,7.105475040257649,1.0601180891035964,7.447665056360709,2.791196994095545,0.14090177133655393,
90,7.669082125603865,18.357487922705314,49.77187332259796,12.02361782071927,0.8319914117015567,7.065217391304348,4.139828234031133,0.14090177133655393,
91,7.601986044015029,18.115942028985508,49.73161567364466,11.969940955448202,0.8319914117015567,7.467793880837359,4.139828234031133,0.14090177133655393,
92,7.5281803542673105,18.06897477187332,47.94015029522276,13.077026301663983,1.6505636070853462,7.454374664519592,4.139828234031133,0.14090177133655393,
93,7.232957595276436,16.545893719806763,49.12775093934514,13.922436929683306,1.4761137949543746,7.427536231884058,4.126409017713366,0.14090177133655393,
94,6.78341384863124,16.243961352657006,51.29495437466452,13.862050456253355,1.4694041867954912,6.219806763285024,4.126409017713366,,
95,6.957863660762212,16.035963499731615,51.16747181964573,13.841921631776705,1.6774020397208802,6.219806763285024,4.0995705850778315,,
96,7.1725711218464845,16.029253891572733,51.04669887278583,13.781535158346752,1.6774020397208802,6.219806763285024,4.072732152442297,,
97,7.434245840042942,15.707192699946322,50.919216317767045,13.761406333870102,2.006172839506173,6.139291465378422,4.032474503488996,,
98,7.5348899624261945,15.660225442834138,50.89237788513151,13.734567901234568,2.006172839506173,6.139291465378422,4.032474503488996,,
99,7.588566827697263,15.593129361245303,50.355609232420825,14.284755770263017,2.006172839506173,6.139291465378422,4.032474503488996,,
100,7.769726247987117,14.821524422973699,49.5907139023081,14.264626945786366,3.4151905528717124,6.105743424584004,4.032474503488996,,
101,8.024691358024691,14.781266774020397,49.37600644122383,14.264626945786366,3.4151905528717124,6.105743424584004,4.032474503488996,,
102,8.085077831454644,14.694041867954912,48.168276972624795,14.318303811057435,3.3682232957595275,7.239667203435319,4.032474503488996,0.0939345142243693,
103,8.313204508856682,14.63365539452496,48.04079441760601,14.27133655394525,3.3682232957595275,7.1658615136876005,4.1129898013955986,0.0939345142243693,
104,7.185990338164252,15.009393451422437,53.26757917337628,13.808373590982287,3.3682232957595275,3.9184111647879765,3.2474503488996245,0.0939345142243693,0.10064412238325282
105,7.286634460547504,14.99597423510467,50.17444981213097,16.881374127750938,3.3011272141706924,3.9184111647879765,3.2474503488996245,0.0939345142243693,0.10064412238325282
106,7.4006977992485234,14.97584541062802,50.91250670960816,16.19699409554482,3.3011272141706924,3.9049919484702094,3.113258185721954,0.0939345142243693,0.10064412238325282
107,6.870638754696726,11.81561996779388,52.160493827160494,15.271068169618895,2.965646806226516,7.695920558239399,3.113258185721954,0.0939345142243693,0.013419216317767043
108,6.823671497584541,11.533816425120772,52.15378421900161,15.24422973698336,2.965646806226516,8.239398819108963,2.932098765432099,0.0939345142243693,0.013419216317767043
109,7.085346215780999,11.493558776167472,52.01959205582394,15.177133655394526,2.945517981749866,8.239398819108963,2.932098765432099,0.0939345142243693,0.013419216317767043
110,7.179280730005368,11.480139559849706,49.22839506172839,14.123725174449811,2.945517981749866,11.75523349436393,3.180354267310789,0.0939345142243693,0.013419216317767043
111,7.199409554482019,11.480139559849706,48.46349973161568,14.096886741814279,2.945517981749866,12.526838432635534,3.180354267310789,0.0939345142243693,0.013419216317767043
112,7.273215244229737,10.768921095008052,47.839506172839506,13.801663982823403,2.945517981749866,12.915995705850777,4.3478260869565215,0.0939345142243693,0.013419216317767043
113,6.152710681696189,12.218196457326892,47.87976382179281,13.43263553408481,2.945517981749866,12.915995705850777,4.3478260869565215,0.0939345142243693,0.013419216317767043
114,5.978260869565218,11.896135265700483,48.611111111111114,14.432367149758454,2.8650026838432634,11.842458400429415,4.26731078904992,0.0939345142243693,0.013419216317767043
115,6.099033816425121,11.553945249597424,49.604133118625874,14.190821256038648,2.8650026838432634,11.312399355877616,4.26731078904992,0.0939345142243693,0.013419216317767043
116,6.260064412238325,11.54723564143854,49.53703703703704,14.163982823403114,2.8650026838432634,11.272141706924316,4.247181964573269,0.0939345142243693,0.013419216317767043
117,6.454643048845948,11.513687600644122,47.36312399355877,14.103596349973161,2.8650026838432634,12.620772946859903,4.9718196457326895,0.0939345142243693,0.013419216317767043
118,6.66935050993022,11.453301127214171,47.30944712828771,14.036500268384327,2.8650026838432634,12.587224906065487,4.9718196457326895,0.0939345142243693,0.013419216317767043
119,6.823671497584541,11.41304347826087,47.215512614063336,14.029790660225443,2.8650026838432634,12.587224906065487,4.958400429414922,0.0939345142243693,0.013419216317767043
120,7.306763285024155,11.392914653784219,47.034353193773484,13.969404186795492,2.8650026838432634,12.392646269457863,4.931561996779388,0.0939345142243693,0.013419216317767043
121,7.548309178743962,11.325818572195384,46.73242082662372,14.264626945786366,2.85829307568438,12.258454106280194,4.904723564143854,0.0939345142243693,0.013419216317767043
122,7.702630166398282,10.305958132045088,46.584809447128286,13.88888888888889,2.771068169618894,12.245034889962426,6.394256575415996,0.0939345142243693,0.013419216317767043
123,7.877079978529254,10.292538915727322,46.51771336553945,13.88888888888889,2.7643585614600106,12.171229200214707,6.380837359098229,0.0939345142243693,0.013419216317767043
124,7.96430488459474,10.285829307568438,45.71926999463231,13.841921631776705,3.5292538915727323,12.171229200214707,6.380837359098229,0.0939345142243693,0.013419216317767043
125,8.044820182501342,10.272410091250672,45.45759527643585,13.828502415458937,3.502415458937198,12.077294685990339,6.588835212023618,0.2147074610842727,0.013419216317767043
126,7.890499194847021,10.00402576489533,49.013687600644126,11.708266237251744,3.3413848631239937,10.57434245840043,7.239667203435319,0.2147074610842727,0.013419216317767043
127,7.883789586688137,9.574610842726784,48.9398819108964,11.681427804616211,3.8848631239935587,10.567632850241546,7.239667203435319,0.2147074610842727,0.013419216317767043
128,8.179012345679013,9.346484165324744,48.33601717659689,11.553945249597424,3.8580246913580245,10.520665593129362,7.977724100912507,0.2147074610842727,0.013419216317767043
129,8.266237251744498,9.31964573268921,50.5300590445518,10.95679012345679,3.8580246913580245,8.957326892109501,7.897208803005904,0.2147074610842727,
130,8.480944712828771,9.286097691894794,50.3690284487386,10.95679012345679,3.965378421900161,8.870101986044014,7.856951154052603,0.2147074610842727,
131,8.61513687600644,9.286097691894794,49.97987117552335,10.929951690821255,3.9586688137412773,8.722490606548577,8.293075684380032,0.2147074610842727,
132,8.735909822866345,9.286097691894794,49.89935587761675,10.923242082662373,3.9519592055823938,8.722490606548577,8.293075684380032,0.1878690284487386,
133,8.896940418679549,9.286097691894794,49.77187332259796,10.923242082662373,3.9519592055823938,8.722490606548577,8.259527643585615,0.1878690284487386,
134,9.292807300053678,9.272678475577026,49.57729468599034,10.903113258185721,3.8043478260869565,8.702361782071927,8.259527643585615,0.1878690284487386,
135,9.25925925925926,9.25925925925926,50.234836285560924,10.715244229736983,3.4957058507783145,8.695652173913043,8.246108427267847,0.0939345142243693,
136,9.473966720343531,9.212292002147075,50.12748255501879,10.701825013419215,3.4957058507783145,8.675523349436393,8.219269994632313,0.0939345142243693,
137,9.554482018250134,9.205582393988191,50.067096081588836,10.701825013419215,3.4957058507783145,8.675523349436393,8.205850778314547,0.0939345142243693,
138,9.822866344605474,9.198872785829307,49.86580783682233,10.701825013419215,3.4957058507783145,8.628556092324208,8.192431561996779,0.0939345142243693,
139,9.98389694041868,9.198872785829307,49.765163714439076,11.11111111111111,3.4957058507783145,8.11862587224906,8.105206655931294,0.2214170692431562,
140,10.21202361782072,9.198872785829307,49.624261943102525,11.09098228663446,3.4957058507783145,8.038110574342458,8.11862587224906,0.2214170692431562,
141,9.86983360171766,9.198872785829307,50.44283413848631,11.017176596886742,3.4957058507783145,8.024691358024691,7.729468599033816,0.2214170692431562,
142,9.96376811594203,9.044551798174986,51.47611379495437,11.017176596886742,3.5963499731615673,7.601986044015029,7.078636607622115,0.2214170692431562,
143,9.73564143853999,8.28636607622115,53.817767042404725,10.319377348362856,3.569511540526033,7.601986044015029,6.447933440687064,0.2214170692431562,
144,9.977187332259795,8.28636607622115,53.68357487922705,10.292538915727322,3.5628019323671496,7.568438003220612,6.407675791733762,0.2214170692431562,
145,9.936929683306495,8.279656468062266,52.49597423510467,10.279119699409554,4.797369833601718,7.568438003220612,6.380837359098229,0.2616747181964573,
146,10.513955984970478,8.011272141706923,52.36849168008588,10.279119699409554,4.736983360171766,7.568438003220612,6.260064412238325,0.2616747181964573,
147,10.373054213633925,8.004562533548041,49.89264626945786,12.546967257112184,5.300590445517981,7.454374664519592,6.166129898013956,0.2616747181964573,
148,10.507246376811594,7.991143317230274,49.81213097155126,12.546967257112184,5.273752012882448,7.454374664519592,6.152710681696189,0.2616747181964573,
149,10.554213633923778,7.991143317230274,49.08749329039184,12.546967257112184,5.9514224369296835,7.454374664519592,6.152710681696189,0.2616747181964573,
150,10.903113258185721,7.937466451959206,48.88620504562534,12.506709608158884,5.9514224369296835,7.454374664519592,6.099033816425121,0.2616747181964573,
151,11.057434245840042,7.937466451959206,48.62453032742888,12.506709608158884,5.938003220611916,7.454374664519592,6.078904991948471,0.4025764895330113,
152,10.339506172839506,7.521470746108427,53.743961352657,10.38647342995169,4.924852388620504,7.0450885668276975,5.636070853462158,0.4025764895330113,
153,10.674986580783683,7.501341921631776,53.34138486312399,10.198604401502953,4.911433172302737,7.333601717659689,5.636070853462158,0.4025764895330113,
154,10.68840579710145,7.152442297369833,51.95920558239399,10.171765968867419,4.891304347826087,8.125335480407944,5.629361245303274,1.3821792807300053,
155,10.721953837895867,7.125603864734299,50.979602791196996,10.171765968867419,4.891304347826087,7.87037037037037,6.870638754696726,1.3687600644122384,
156,10.82259796027912,7.105475040257649,51.227858293075684,10.165056360708535,4.87788513150832,7.561728395061729,6.870638754696726,1.3687600644122384,
157,10.856146001073537,7.105475040257649,51.19431025228127,10.165056360708535,4.87788513150832,7.561728395061729,6.870638754696726,1.3687600644122384,
158,10.312667740203972,6.884057971014493,52.57648953301127,9.896672034353195,4.87788513150832,7.226247987117552,6.857219538378959,1.3687600644122384,
159,10.178475577026301,6.8035426731078905,51.71765968867418,11.117820719269995,4.87788513150832,7.139023081052066,6.796833064949007,1.3687600644122384,
160,10.466988727858293,6.776704240472356,51.39559849704777,11.077563070316694,4.87788513150832,7.105475040257649,6.78341384863124,1.5163714439076759,
161,10.768921095008052,6.776704240472356,51.14734299516908,11.05072463768116,4.87788513150832,7.078636607622115,6.78341384863124,1.5163714439076759,
162,11.057434245840042,6.763285024154589,50.919216317767045,11.023886205045626,4.85775630703167,7.078636607622115,6.78341384863124,1.5163714439076759,
163,11.191626409017713,6.756575415995706,50.81186258722491,11.017176596886742,4.85775630703167,7.078636607622115,6.769994632313473,1.5163714439076759,
164,11.144659151905529,6.709608158883521,51.83843263553408,10.95679012345679,4.85775630703167,7.078636607622115,5.897745571658615,1.5163714439076759,
165,11.171497584541063,6.709608158883521,51.81159420289855,10.95679012345679,4.85775630703167,7.078636607622115,5.897745571658615,1.5163714439076759,
166,11.3191089640365,6.709608158883521,51.64385399892646,10.82259796027912,4.8443370907139025,7.246376811594203,5.897745571658615,1.5163714439076759,
167,11.245303274288782,6.642512077294686,51.44256575415996,11.480139559849706,4.8443370907139025,7.206119162640902,5.629361245303274,1.5096618357487923,
168,11.305689747718732,6.642512077294686,51.42914653784219,11.453301127214171,4.8443370907139025,7.206119162640902,5.609232420826624,1.5096618357487923,
169,10.487117552334944,6.038647342995169,52.254428341384866,14.15727321524423,4.448470209339774,6.394256575415996,5.032206119162641,1.1876006441223832,
170,10.661567364465915,6.038647342995169,52.08668813741278,14.15727321524423,4.448470209339774,6.387546967257112,5.032206119162641,1.1876006441223832,
171,10.943370907139023,5.971551261406334,51.992753623188406,14.13714439076758,4.448470209339774,6.286902844873859,5.032206119162641,1.1876006441223832,
172,11.131239935587761,5.931293612453032,51.918947933440684,14.210950080515298,4.334406870638754,6.260064412238325,5.025496511003757,1.1876006441223832,
173,11.218464841653248,5.904455179817498,50.50993022007515,16.478797638217927,3.5292538915727323,6.146001073537305,5.025496511003757,1.1876006441223832,
174,11.252012882447666,5.904455179817498,50.395866881374126,15.53274288781535,3.5292538915727323,7.1725711218464845,5.025496511003757,1.1876006441223832,
175,11.11111111111111,5.709876543209877,48.8996242619431,16.17686527106817,3.435319377348363,7.03166935050993,5.441492216854535,2.1940418679549114,
176,11.218464841653248,5.6964573268921095,48.86607622114869,16.11647879763822,3.435319377348363,7.03166935050993,5.441492216854535,2.1940418679549114,
177,11.292270531400966,5.6964573268921095,48.55743424584004,16.11647879763822,3.670155662909286,7.03166935050993,5.441492216854535,2.1940418679549114,
178,11.520397208803006,5.6964573268921095,48.43666129898014,16.056092324208265,3.670155662909286,7.03166935050993,5.421363392377885,2.167203435319377,
179,11.728395061728396,5.6964573268921095,48.24208266237252,16.0426731078905,3.670155662909286,7.03166935050993,5.421363392377885,2.167203435319377,
180,11.882716049382717,5.683038110574342,48.15485775630703,16.002415458937197,3.670155662909286,7.0450885668276975,5.394524959742351,2.167203435319377,
181,12.016908212560386,5.683038110574342,48.067632850241544,15.975577026301664,3.670155662909286,7.0450885668276975,5.394524959742351,2.147074610842727,
182,12.245034889962426,5.683038110574342,47.84621578099839,15.96886741814278,3.670155662909286,7.0450885668276975,5.394524959742351,2.147074610842727,
183,12.392646269457863,5.662909286097692,47.799248523886206,15.92860976918948,3.670155662909286,7.0450885668276975,5.35426731078905,2.147074610842727,
184,12.68786902844874,5.5689747718733225,47.537573805689746,15.901771336553946,3.670155662909286,7.004830917874396,5.35426731078905,2.2745571658615136,
185,12.929414922168545,5.548845947396672,47.436929683306495,15.854804079441761,3.643317230273752,6.977992485238862,5.3341384863123995,2.2745571658615136,
186,12.869028448738593,5.542136339237788,48.067632850241544,15.693773483628556,3.629898013955985,6.588835212023618,5.3341384863123995,2.2745571658615136,
187,12.406065485775631,5.542136339237788,45.75281803542673,18.5252281266774,3.629898013955985,6.535158346752549,5.3341384863123995,2.2745571658615136,
188,12.506709608158884,5.542136339237788,45.69243156199678,18.50509930220075,3.629898013955985,6.535158346752549,5.3341384863123995,2.254428341384863,
189,12.754965110037574,5.441492216854535,45.61862587224906,18.47826086956522,3.616478797638218,6.535158346752549,5.300590445517981,2.254428341384863,
190,12.922705314009661,5.441492216854535,45.55823939881911,18.377616747181964,3.6097691894793345,6.535158346752549,5.300590445517981,2.254428341384863,
191,12.204777241009126,5.441492216854535,46.62506709608159,17.901234567901234,4.166666666666667,6.333870101986044,5.267042404723564,2.059849704777241,
192,12.385936661298981,5.441492216854535,46.51100375738057,17.793880837359097,4.166666666666667,6.3070316693505095,5.24020397208803,2.15378421900161,
193,12.4597423510467,5.441492216854535,46.464036500268385,17.793880837359097,4.139828234031133,6.3070316693505095,5.24020397208803,2.15378421900161,
194,12.654320987654321,5.441492216854535,46.343263553408484,17.780461621041333,4.139828234031133,6.286902844873859,5.199946323134729,2.15378421900161,
195,12.848899624261943,5.441492216854535,46.11513687600644,17.64626945786366,4.1129898013955986,6.253354804079442,5.193236714975845,2.3886205045625335,
196,12.493290391841116,5.199946323134729,46.9873859366613,18.45813204508857,3.1535158346752548,6.253354804079442,5.193236714975845,2.2611379495437465,
197,12.734836285560924,5.186527106816962,46.88003220611916,18.364197530864196,3.1535158346752548,6.253354804079442,5.166398282340311,2.2611379495437465,
198,12.661030595813205,5.173107890499195,46.04804079441761,19.558507783145465,2.918679549114332,6.213097155126141,5.166398282340311,2.2611379495437465,
199,12.869028448738593,5.173107890499195,45.873590982286636,19.538378958668815,2.918679549114332,6.213097155126141,5.152979066022544,2.2611379495437465,
200,13.01663982823403,5.173107890499195,44.860440150295226,19.45115405260333,2.918679549114332,6.863929146537842,5.669618894256575,2.046430488459474,
201,13.298443370907139,5.173107890499195,44.00831991411702,19.310252281266774,2.8381642512077296,6.850509930220075,5.669618894256575,2.8515834675254963,
202,13.47289318303811,5.173107890499195,43.853998926462694,19.28341384863124,2.8381642512077296,6.810252281266774,5.642780461621041,2.9253891572732154,
203,13.513150831991412,5.173107890499195,43.833870101986044,19.276704240472355,2.8381642512077296,6.810252281266774,5.642780461621041,2.9119699409554483,
204,13.761406333870102,5.152979066022544,43.72651637144391,19.256575415995705,2.8381642512077296,6.78341384863124,5.60252281266774,2.8784219001610305,
205,13.902308105206655,5.12614063338701,43.70638754696726,19.229736983360173,2.8381642512077296,6.729736983360172,5.589103596349974,2.8784219001610305,
206,14.13714439076758,5.12614063338701,43.59903381642512,19.122383252818036,2.8381642512077296,6.709608158883521,5.589103596349974,2.8784219001610305,
207,14.110305958132045,5.12614063338701,42.639559849704774,19.85373054213634,2.898550724637681,6.374127750939345,6.125872249060655,2.871712292002147,
208,14.264626945786366,4.9651100375738055,42.43827160493827,19.840311325818572,2.831454643048846,6.374127750939345,6.414385399892646,2.871712292002147,
209,14.36527106816962,4.958400429414922,42.41814278046162,19.826892109500804,2.831454643048846,6.374127750939345,6.387546967257112,2.8381642512077296,
210,14.42565754159957,4.938271604938271,42.3845947396672,19.80005367686527,2.831454643048846,6.394256575415996,6.387546967257112,2.8381642512077296,
211,14.553140096618357,4.938271604938271,41.55931293612453,19.786634460547504,2.831454643048846,6.367418142780462,6.387546967257112,3.5762211486849167,
212,14.506172839506172,4.938271604938271,41.00912506709608,19.598765432098766,2.831454643048846,7.306763285024155,6.260064412238325,3.549382716049383,
213,14.714170692431562,4.938271604938271,40.96886741814278,19.45786366076221,2.804616210413312,7.306763285024155,6.260064412238325,3.549382716049383,
214,14.566559312936125,4.817498658078368,40.351583467525494,20.189210950080515,2.804616210413312,7.306763285024155,6.414385399892646,3.549382716049383,
215,14.774557165861514,4.817498658078368,40.27106816961889,20.128824476650564,2.7979066022544283,7.27992485238862,6.380837359098229,3.549382716049383,
216,14.620236178207193,4.817498658078368,36.95652173913044,23.61111111111111,2.5697799248523885,7.273215244229737,6.528448738593666,3.6231884057971016,
217,14.794685990338165,4.817498658078368,36.882716049382715,23.557434245840042,2.5697799248523885,7.246376811594203,6.508319914117015,3.6231884057971016,
218,14.841653247450349,4.817498658078368,36.8491680085883,23.637949543746647,2.5697799248523885,7.226247987117552,6.4345142243692965,3.6231884057971016,
219,14.65378421900161,4.643048845947397,36.52710681696189,24.36929683306495,2.4557165861513686,7.50805152979066,6.293612453032743,3.549382716049383,
220,14.774557165861514,4.622920021470746,36.46672034353194,24.349168008588297,2.4557165861513686,7.494632313472893,6.293612453032743,3.5426731078904994,
221,14.9020397208803,4.622920021470746,36.36607622114869,24.335748792270532,2.4557165861513686,7.481213097155126,6.293612453032743,3.5426731078904994,
222,15.116747181964573,4.575952764358561,36.2385936661299,24.308910359634996,2.4557165861513686,7.467793880837359,6.293612453032743,3.5426731078904994,
223,15.230810520665592,4.53569511540526,36.05743424584004,24.248523886205046,2.4557165861513686,7.461084272678476,6.468062265163715,3.5426731078904994,
224,15.311325818572195,4.53569511540526,36.01717659688674,24.22168545356951,2.4557165861513686,7.461084272678476,6.468062265163715,3.5292538915727323,
225,15.411969940955448,4.53569511540526,35.970209339774556,24.194847020933977,2.4490069779924855,7.461084272678476,6.454643048845948,3.5225442834138487,
226,15.49248523886205,4.53569511540526,35.69511540526033,23.96672034353194,2.7308105206655933,7.461084272678476,6.615673644659152,3.502415458937198,
227,15.60654857756307,4.488727858293076,35.648148148148145,23.960010735373054,2.7308105206655933,7.461084272678476,6.615673644659152,3.488996242619431,
228,15.801127214170693,4.488727858293076,35.52066559312936,23.899624261943103,2.7241009125067097,7.461084272678476,6.615673644659152,3.488996242619431,
229,15.92860976918948,4.468599033816425,35.47369833601718,23.866076221148685,2.7241009125067097,7.447665056360709,6.602254428341385,3.488996242619431,
230,16.14331723027375,4.361245303274289,35.39318303811057,23.718464841653248,2.7241009125067097,7.447665056360709,6.910896403650026,3.3011272141706924,
231,16.404991948470208,4.294149221685454,35.38647342995169,23.617820719269993,2.677133655394525,7.440955448201825,6.877348362855609,3.3011272141706924,
232,16.42512077294686,4.294149221685454,35.38647342995169,23.597691894793343,2.677133655394525,7.440955448201825,6.877348362855609,3.3011272141706924,
233,15.801127214170693,4.280730005367687,37.754965110037574,22.000805152979066,2.4355877616747184,7.917337627482555,6.508319914117015,3.3011272141706924,
234,15.861513687600644,4.280730005367687,38.238056897477186,21.880032206119164,2.3617820719269993,7.890499194847021,6.199677938808374,3.2877079978529253,
235,16.129898013955984,4.247181964573269,38.238056897477186,21.64519592055824,2.3617820719269993,7.890499194847021,6.199677938808374,3.2877079978529253,
236,16.13660762211487,4.213633923778851,37.72141706924316,21.531132581857218,2.341653247450349,7.883789586688137,6.89747718733226,3.2742887815351582,
237,16.304347826086957,4.213633923778851,37.5805152979066,21.517713365539453,2.3349436392914655,7.883789586688137,6.890767579173376,3.2742887815351582,
238,16.53918411164788,4.213633923778851,37.184648416532475,21.450617283950617,2.3349436392914655,7.7898550724637685,7.212828770799785,3.2742887815351582,
239,16.5727321524423,4.213633923778851,37.151100375738054,21.450617283950617,2.3349436392914655,7.7898550724637685,7.212828770799785,3.2742887815351582,
240,16.6935050993022,4.213633923778851,37.144390767579175,21.36339237788513,2.3215244229736984,7.7898550724637685,7.206119162640902,3.2675791733762747,
241,16.794149221685455,4.213633923778851,37.124261943102525,21.34326355340848,2.3215244229736984,7.742887815351583,7.192699946323135,3.2675791733762747,
242,16.888083735909824,4.213633923778851,37.07058507783145,21.30300590445518,2.3215244229736984,7.742887815351583,7.192699946323135,3.2675791733762747,
243,16.586151368760063,4.193505099302201,38.727858293075684,20.853462157809982,2.314814814814815,7.440955448201825,6.702898550724638,3.180354267310789,
244,16.82769726247987,4.193505099302201,38.66747181964573,20.699141170155663,2.314814814814815,7.4141170155662905,6.702898550724638,3.180354267310789,
245,16.908212560386474,4.193505099302201,38.61379495437466,20.477724100912507,2.314814814814815,7.635534084809447,6.6760601180891035,3.180354267310789,
246,17.022275899087493,4.193505099302201,38.58024691358025,20.356951154052602,2.314814814814815,7.776435856146001,6.608964036500268,3.1468062265163717,
247,17.09608158883521,4.159957058507783,38.20450885668277,21.202361782071925,1.8384326355340848,7.776435856146001,6.608964036500268,3.113258185721954,
248,16.445249597423512,4.159957058507783,36.99677938808374,24.194847020933977,1.8384326355340848,6.6827697262479875,6.602254428341385,3.079710144927536,
249,16.445249597423512,4.159957058507783,37.32555018786903,24.060654857756308,1.8384326355340848,6.521739130434782,6.595544820182502,3.052871712292002,
250,16.512345679012345,4.159957058507783,37.27187332259796,24.060654857756308,1.8384326355340848,6.508319914117015,6.595544820182502,3.052871712292002,
251,16.398282340311326,3.898282340311326,36.50697799248524,24.825550187869027,1.8384326355340848,6.508319914117015,6.998121309715513,3.026033279656468,
252,16.57944176060118,3.898282340311326,36.45330112721417,24.778582930756844,1.8384326355340848,6.454643048845948,6.971282877079979,3.026033279656468,
253,16.552603327965645,3.8848631239935587,36.191626409017715,25.328770799785293,1.8384326355340848,6.213097155126141,6.964573268921095,3.026033279656468,
254,16.7337627482555,3.8580246913580245,36.16478797638218,25.228126677402038,1.8384326355340848,6.213097155126141,6.937734836285561,3.026033279656468,
255,16.80756843800322,3.8580246913580245,36.13794954374664,25.214707461084274,1.8384326355340848,6.206387546967257,6.910896403650026,3.026033279656468,
256,16.881374127750938,3.8378958668813743,35.929951690821255,25.214707461084274,1.8115942028985508,6.387546967257112,6.910896403650026,3.026033279656468,
257,17.028985507246375,3.8378958668813743,35.849436392914654,25.161030595813205,1.8115942028985508,6.387546967257112,6.910896403650026,3.012614063338701,
258,17.12962962962963,3.8378958668813743,35.80246913580247,25.120772946859905,1.8115942028985508,6.387546967257112,6.89747718733226,3.012614063338701,
259,17.458400429414922,3.8378958668813743,35.621309715512616,25.013419216317768,1.8115942028985508,6.347289318303811,6.89747718733226,3.012614063338701,
260,17.478529253891573,3.8311862587224907,35.178475577026305,25.41599570585078,1.9524959742351047,6.347289318303811,6.857219538378959,2.9388083735909825,
261,16.780730005367687,3.81105743424584,36.85587761674718,25.026838432635532,1.9457863660762211,6.219806763285024,6.266774020397209,3.0931293612453032,
262,16.841116478797638,3.81105743424584,36.808910359635,25.013419216317768,1.9457863660762211,6.219806763285024,6.266774020397209,3.0931293612453032,
263,16.948470209339774,3.8043478260869565,36.761943102522814,24.966451959205582,1.9457863660762211,6.219806763285024,6.260064412238325,3.0931293612453032,
264,16.948470209339774,3.8043478260869565,36.75523349436393,24.154589371980677,1.9457863660762211,6.206387546967257,7.092055823939882,3.0931293612453032,
265,17.082662372517444,3.8043478260869565,36.68142780461621,24.154589371980677,1.932367149758454,6.179549114331723,7.085346215780999,3.079710144927536,
266,17.143048845947398,3.8043478260869565,36.38620504562534,24.396135265700483,1.932367149758454,6.172839506172839,7.085346215780999,3.079710144927536,
267,17.337627482555018,3.743961352657005,36.292270531400966,24.36929683306495,1.932367149758454,6.172839506172839,7.085346215780999,3.066290928609769,
268,15.311325818572195,2.5161030595813205,41.626409017713364,22.376543209876544,1.5365002683843263,8.105206655931294,5.736714975845411,2.791196994095545,
269,15.418679549114332,2.5161030595813205,41.606280193236714,22.322866344605476,1.5365002683843263,8.071658615136876,5.736714975845411,2.791196994095545,
270,15.559581320450885,2.5161030595813205,41.53918411164788,22.262479871175522,1.5365002683843263,8.064949006977992,5.730005367686527,2.791196994095545,
271,15.593129361245303,2.5161030595813205,41.458668813741276,22.23564143853999,1.5365002683843263,8.152173913043478,5.71658615136876,2.791196994095545,
272,15.425389157273216,2.5161030595813205,40.94873859366613,22.725442834138487,1.5230810520665594,8.125335480407944,5.9447128287707995,2.791196994095545,
