,45,50,55,53,56,54,51,52,57
0,97.04777241009126,2.952227589908749,,,,,,,
1,97.04777241009126,2.9119699409554483,0.040257648953301126,,,,,,
2,97.04777241009126,2.9119699409554483,0.040257648953301126,,,,,,
3,97.04777241009126,2.9119699409554483,0.040257648953301126,,,,,,
4,88.09044551798175,10.782340311325818,0.040257648953301126,1.0869565217391304,,,,,
5,87.75496511003757,11.117820719269995,0.040257648953301126,1.0869565217391304,,,,,
6,87.64761137949544,11.225174449812132,0.040257648953301126,0.9326355340848095,0.15432098765432098,,,,
7,87.47316156736447,11.16478797638218,0.026838432635534086,1.0735373054213635,0.15432098765432098,0.10735373054213634,,,
8,84.74906065485776,13.88888888888889,0.026838432635534086,1.0735373054213635,0.15432098765432098,0.10735373054213634,,,
9,84.6886741814278,13.94927536231884,0.026838432635534086,1.0735373054213635,0.15432098765432098,0.10735373054213634,,,
10,84.6886741814278,13.94927536231884,0.026838432635534086,1.0735373054213635,0.15432098765432098,0.10735373054213634,,,
11,82.44095544820182,14.06333870101986,0.026838432635534086,1.0735373054213635,0.15432098765432098,0.10735373054213634,2.13365539452496,,
12,80.7836822329576,15.74074074074074,0.026838432635534086,1.0534084809447128,0.15432098765432098,0.10735373054213634,2.13365539452496,,
13,76.38888888888889,20.135534084809446,0.026838432635534086,1.0534084809447128,0.15432098765432098,0.10735373054213634,2.13365539452496,,
14,70.20933977455717,26.31508319914117,0.026838432635534086,1.0534084809447128,0.15432098765432098,0.10735373054213634,2.13365539452496,,
15,70.22946859903382,26.174181427804616,0.026838432635534086,1.0399892646269457,0.15432098765432098,0.10735373054213634,2.26784755770263,,
16,70.276435856146,26.127214170692433,0.026838432635534086,1.0399892646269457,0.15432098765432098,0.10735373054213634,2.26784755770263,,
17,70.276435856146,26.127214170692433,0.026838432635534086,1.0399892646269457,0.15432098765432098,0.10735373054213634,2.26784755770263,,
18,70.00805152979066,26.241277509393452,0.026838432635534086,1.0399892646269457,0.15432098765432098,0.10735373054213634,2.4221685453569513,,
19,70.04159957058508,26.154052603327965,0.08051529790660225,1.0399892646269457,0.15432098765432098,0.10735373054213634,2.4221685453569513,,
20,70.05501878690285,25.691089640365004,0.19457863660762212,1.3754696725711217,0.15432098765432098,0.10735373054213634,2.4221685453569513,,
21,70.08185721953838,25.664251207729468,0.19457863660762212,1.3754696725711217,0.15432098765432098,0.10735373054213634,2.4221685453569513,,
22,68.25684380032206,27.489264626945786,0.19457863660762212,1.3754696725711217,0.15432098765432098,0.10735373054213634,2.4221685453569513,,
23,68.09581320450886,27.66371443907676,0.19457863660762212,1.3754696725711217,0.15432098765432098,0.10735373054213634,2.408749329039184,,
24,67.44498121309715,28.32125603864734,0.19457863660762212,1.3754696725711217,0.14761137949543746,0.10735373054213634,2.408749329039184,,
25,67.46511003757381,28.32125603864734,0.19457863660762212,1.3553408480944713,0.14761137949543746,0.10735373054213634,2.408749329039184,,
26,67.46511003757381,28.32125603864734,0.19457863660762212,1.3553408480944713,0.14761137949543746,0.10735373054213634,2.408749329039184,,
27,67.48523886205045,28.166935050993022,0.19457863660762212,1.4895330112721417,0.14761137949543746,0.10735373054213634,2.408749329039184,,
28,67.48523886205045,28.166935050993022,0.19457863660762212,1.4895330112721417,0.14761137949543746,0.10735373054213634,2.408749329039184,,
29,66.39828234031133,27.979066022544284,0.19457863660762212,1.6035963499731616,0.14761137949543746,0.10735373054213634,3.569511540526033,,
30,57.68250134192163,35.51395598497048,0.19457863660762212,1.6035963499731616,0.14761137949543746,0.10735373054213634,4.750402576489533,,
31,57.75630703166935,35.487117552334944,0.19457863660762212,1.6035963499731616,0.14761137949543746,0.10735373054213634,4.703435319377348,,
32,57.80327428878154,35.245571658615134,0.28180354267310787,1.710950080515298,0.14761137949543746,0.10735373054213634,4.703435319377348,,
33,57.82340311325819,35.225442834138484,0.28180354267310787,1.710950080515298,0.14761137949543746,0.10735373054213634,4.703435319377348,,
34,56.91760601180891,33.943907675791735,0.28180354267310787,1.778046162104133,0.14761137949543746,0.10735373054213634,4.703435319377348,2.120236178207193,
35,56.87063875469673,33.93719806763285,0.35560923242082665,1.778046162104133,0.14761137949543746,0.10735373054213634,4.683306494900698,2.120236178207193,
36,56.353998926462694,34.45383789586688,0.35560923242082665,1.778046162104133,0.14761137949543746,0.10735373054213634,4.683306494900698,2.120236178207193,
37,55.93800322061192,33.756038647343,0.35560923242082665,1.778046162104133,0.14761137949543746,0.10735373054213634,5.797101449275362,2.120236178207193,
38,51.97933440687064,39.009661835748794,0.35560923242082665,1.6103059581320451,0.14761137949543746,0.10735373054213634,4.669887278582931,2.120236178207193,
39,52.05314009661836,38.821792807300056,0.46967257112184646,1.6103059581320451,0.14761137949543746,0.10735373054213634,4.669887278582931,2.120236178207193,
40,52.03301127214171,38.84192163177671,0.46967257112184646,1.6103059581320451,0.14761137949543746,0.10735373054213634,4.669887278582931,2.120236178207193,
41,51.53650026838432,33.11862587224906,0.39586688137412773,1.6103059581320451,0.14761137949543746,0.10735373054213634,11.124530327428879,1.9592055823939882,
42,51.489533011272144,33.16559312936125,0.39586688137412773,1.6103059581320451,0.14761137949543746,0.10735373054213634,11.124530327428879,1.9592055823939882,
43,51.49624261943102,33.15888352120236,0.39586688137412773,1.6103059581320451,0.14761137949543746,0.10735373054213634,11.124530327428879,1.9592055823939882,
44,51.56333870101986,33.10520665593129,0.39586688137412773,1.6103059581320451,0.14761137949543746,0.10735373054213634,11.11111111111111,1.9592055823939882,
45,51.47611379495437,32.99785292538916,0.39586688137412773,1.8988191089640365,0.14761137949543746,0.10735373054213634,11.11111111111111,1.865271068169619,
46,51.31508319914117,33.17230273752013,0.39586688137412773,1.8988191089640365,0.14761137949543746,0.10735373054213634,11.097691894793345,1.865271068169619,
47,51.40230810520666,33.091787439613526,0.4428341384863124,1.8988191089640365,0.14761137949543746,0.10735373054213634,11.044015029522276,1.865271068169619,
48,51.509661835748794,32.01154052603328,0.4428341384863124,3.1736446591519054,0.14761137949543746,0.10735373054213634,10.668276972624799,1.9390767579173376,
49,50.637412775093935,32.8972088030059,0.4428341384863124,3.1736446591519054,0.14761137949543746,0.10735373054213634,10.654857756307031,1.9390767579173376,
50,47.765700483091784,35.85614600107354,0.4428341384863124,3.1736446591519054,0.14761137949543746,0.10735373054213634,10.567632850241546,1.9390767579173376,
51,47.18196457326892,35.15163714439077,0.32877079978529256,3.1736446591519054,0.14761137949543746,0.10735373054213634,9.23913043478261,4.669887278582931,
52,47.28931830381106,35.057702630166396,0.32877079978529256,3.1736446591519054,0.14761137949543746,0.10735373054213634,9.23913043478261,4.656468062265164,
53,47.38996242619431,34.957058507783145,0.32877079978529256,3.1736446591519054,0.14761137949543746,0.10735373054213634,9.23913043478261,4.656468062265164,
54,47.38996242619431,34.957058507783145,0.32877079978529256,3.1736446591519054,0.14761137949543746,0.10735373054213634,9.23913043478261,4.656468062265164,
55,47.38996242619431,34.957058507783145,0.32877079978529256,3.1736446591519054,0.14761137949543746,0.10735373054213634,9.23913043478261,4.656468062265164,
56,47.34970477724101,34.675254965110035,0.5703166935050993,3.1736446591519054,0.27509393451422437,0.2214170692431562,9.205582393988191,4.528985507246377,
57,47.24906065485776,34.62157809983897,0.5703166935050993,3.1736446591519054,0.27509393451422437,0.2214170692431562,9.272678475577026,4.616210413311863,
58,47.20880300590446,34.50080515297907,0.5166398282340311,3.1736446591519054,0.27509393451422437,0.43612453032742887,9.272678475577026,4.616210413311863,
59,47.20880300590446,34.50080515297907,0.5166398282340311,3.1736446591519054,0.27509393451422437,0.43612453032742887,9.272678475577026,4.616210413311863,
60,47.24906065485776,34.4068706387547,0.5166398282340311,3.1736446591519054,0.43612453032742887,0.43612453032742887,9.272678475577026,4.508856682769726,
61,47.316156736446594,34.366612989801396,0.5166398282340311,3.1736446591519054,0.6642512077294686,0.43612453032742887,9.017713365539452,4.508856682769726,
62,47.28931830381106,34.084809447128286,0.6508319914117016,3.1602254428341383,0.6642512077294686,0.43612453032742887,8.78287707997853,4.931561996779388,
63,47.40338164251208,33.97074610842727,0.6508319914117016,3.1602254428341383,0.6642512077294686,0.43612453032742887,8.78287707997853,4.931561996779388,
64,47.537573805689746,33.93719806763285,0.6508319914117016,3.0595813204508855,0.6642512077294686,0.43612453032742887,8.78287707997853,4.931561996779388,
65,47.52415458937198,34.05126140633387,0.6374127750939346,3.046162104133119,0.6642512077294686,0.43612453032742887,8.709071390230811,4.931561996779388,
66,47.52415458937198,33.91035963499731,0.6374127750939346,3.046162104133119,0.6642512077294686,0.43612453032742887,8.709071390230811,5.072463768115942,
67,47.61137949543747,33.742619431025226,0.6977992485238862,3.046162104133119,0.6642512077294686,1.737788513150832,7.467793880837359,5.032206119162641,
68,47.658346752549654,33.73590982286635,0.6977992485238862,3.0193236714975846,0.6642512077294686,1.737788513150832,7.454374664519592,5.032206119162641,
69,47.738862050456255,33.682232957595275,0.6977992485238862,3.0193236714975846,0.6642512077294686,1.737788513150832,7.454374664519592,5.005367686527107,
70,47.67176596886742,33.662104133118625,0.6977992485238862,3.1199677938808374,0.6642512077294686,1.737788513150832,7.440955448201825,5.005367686527107,
71,47.70531400966183,33.64868491680086,0.6977992485238862,3.1199677938808374,0.6642512077294686,1.737788513150832,7.427536231884058,4.998658078368224,
72,47.725442834138484,33.621846484165324,0.6977992485238862,3.1199677938808374,0.6642512077294686,1.737788513150832,7.427536231884058,5.005367686527107,
73,47.725442834138484,33.621846484165324,0.6977992485238862,3.1199677938808374,0.6642512077294686,1.737788513150832,7.427536231884058,5.005367686527107,
74,46.64519592055824,34.70209339774557,0.6977992485238862,3.1199677938808374,0.6642512077294686,1.737788513150832,7.427536231884058,5.005367686527107,
75,46.792807300053674,34.648416532474506,0.6977992485238862,3.079710144927536,0.6642512077294686,1.737788513150832,7.37385936661299,5.005367686527107,
76,46.94041867954911,34.56119162640902,0.6977992485238862,3.0327428878153517,0.6642512077294686,1.737788513150832,7.37385936661299,4.99194847020934,
77,46.786097691894796,34.64170692431562,0.6977992485238862,3.0327428878153517,0.6642512077294686,1.737788513150832,7.37385936661299,5.065754159957058,
78,44.02844873859367,37.98309178743961,0.46967257112184646,2.804616210413312,0.6642512077294686,1.737788513150832,7.246376811594203,5.065754159957058,
79,44.0552871712292,37.98309178743961,0.46967257112184646,2.7979066022544283,0.6642512077294686,1.737788513150832,7.226247987117552,5.065754159957058,
80,44.06199677938808,37.88244766505636,0.4495437466451959,2.771068169618894,0.6508319914117016,1.6304347826086956,7.226247987117552,5.3274288781535155,
81,41.51905528717123,40.425389157273216,0.4495437466451959,2.771068169618894,0.6508319914117016,1.6304347826086956,7.226247987117552,5.3274288781535155,
82,41.51905528717123,40.425389157273216,0.4495437466451959,2.771068169618894,0.6508319914117016,1.6304347826086956,7.226247987117552,5.3274288781535155,
83,41.720343531937736,40.183843263553406,0.4495437466451959,2.771068169618894,0.6508319914117016,1.7042404723564144,7.226247987117552,5.293880837359098,
84,41.75389157273215,40.15029522275899,0.4495437466451959,2.771068169618894,0.6508319914117016,1.7042404723564144,7.226247987117552,5.293880837359098,
85,39.71417069243156,42.881105743424584,0.4428341384863124,2.5563607085346214,0.6508319914117016,1.6975308641975309,7.078636607622115,4.978529253891573,
86,39.83494363929147,42.76033279656468,0.4428341384863124,2.5563607085346214,0.6508319914117016,1.6975308641975309,7.078636607622115,4.978529253891573,
87,39.85507246376812,42.46511003757381,0.7179280730005367,2.5563607085346214,0.6508319914117016,1.6975308641975309,7.078636607622115,4.978529253891573,
88,39.774557165861516,42.15646806226516,0.7179280730005367,2.985775630703167,0.6239935587761675,1.6975308641975309,7.065217391304348,4.978529253891573,
89,39.754428341384866,42.0625335480408,0.7179280730005367,2.985775630703167,0.6239935587761675,1.778046162104133,7.179280730005368,4.898013955984971,
90,39.82823403113258,41.98201825013419,0.7179280730005367,2.965646806226516,0.7447665056360708,1.778046162104133,7.14573268921095,4.8376274825550185,
91,36.33923778851315,44.7463768115942,0.7179280730005367,2.6972624798711755,0.7447665056360708,1.6639828234031133,7.085346215780999,6.005099302200751,
92,34.836285560923244,44.06199677938808,0.6642512077294686,2.6972624798711755,0.7447665056360708,1.6639828234031133,9.326355340848094,6.005099302200751,
93,34.90338164251208,43.894256575415994,0.7648953301127214,2.6972624798711755,0.7447665056360708,1.6639828234031133,9.326355340848094,6.005099302200751,
94,34.997316156736446,43.84728931830381,0.7648953301127214,2.6972624798711755,0.7313472893183038,1.6639828234031133,9.292807300053678,6.005099302200751,
95,35.07112184648417,43.80703166935051,0.7648953301127214,2.6972624798711755,0.7313472893183038,1.6639828234031133,9.292807300053678,5.971551261406334,
96,34.957058507783145,43.82045088566828,0.8319914117015567,2.6972624798711755,0.7313472893183038,1.6639828234031133,9.39345142243693,5.904455179817498,
97,35.09125067096082,43.612453032742884,0.9326355340848095,2.6704240472356413,0.7313472893183038,1.6639828234031133,9.39345142243693,5.904455179817498,
98,35.15163714439077,43.552066559312934,0.9326355340848095,2.6704240472356413,0.7313472893183038,1.6639828234031133,9.39345142243693,5.904455179817498,
99,35.07112184648417,43.73993558776167,0.9326355340848095,2.6704240472356413,0.7313472893183038,1.6237251744498122,9.326355340848094,5.904455179817498,
100,34.92351046698873,43.77348362855609,2.623456790123457,2.6704240472356413,0.7313472893183038,1.3016639828234031,8.071658615136876,5.904455179817498,
101,35.02415458937198,43.67283950617284,2.623456790123457,2.6704240472356413,0.7313472893183038,1.3016639828234031,8.071658615136876,5.904455179817498,
102,35.07783145464305,43.525228126677405,2.7442297369833604,2.6704240472356413,0.7313472893183038,1.3016639828234031,8.044820182501342,5.904455179817498,
103,29.857756307031668,48.812399355877616,2.7844873859366612,2.6033279656468062,0.7313472893183038,1.3016639828234031,8.011272141706923,5.897745571658615,
104,29.884594739667204,48.64465915190553,2.9253891572732154,2.6033279656468062,0.7313472893183038,1.3016639828234031,8.011272141706923,5.897745571658615,
105,29.95169082125604,48.57756307031669,2.9253891572732154,2.6033279656468062,0.7313472893183038,1.3016639828234031,8.011272141706923,5.897745571658615,
106,30.038915727321523,48.51717659688674,2.9253891572732154,2.6033279656468062,0.7313472893183038,1.3016639828234031,7.98443370907139,5.897745571658615,
107,30.152979066022546,48.51717659688674,2.8650026838432634,2.6033279656468062,0.7313472893183038,1.288244766505636,7.96430488459474,5.877616747181965,
108,30.387815351583466,48.30246913580247,2.8650026838432634,2.5697799248523885,0.7313472893183038,1.328502415458937,7.96430488459474,5.850778314546431,
109,30.495169082125603,47.88647342995169,2.965646806226516,2.804616210413312,0.7313472893183038,1.328502415458937,7.96430488459474,5.8239398819108965,
110,30.54213633923779,47.87305421363392,2.703972088030059,2.804616210413312,0.785024154589372,1.5901771336553945,7.9106280193236715,5.790391841116479,
111,30.575684380032207,47.84621578099839,2.703972088030059,2.804616210413312,0.785024154589372,1.5901771336553945,7.9039184111647875,5.790391841116479,
112,30.535426731078903,47.67176596886742,2.918679549114332,2.804616210413312,0.785024154589372,1.5901771336553945,7.9039184111647875,5.790391841116479,
113,30.454911433172303,47.75228126677402,2.918679549114332,2.804616210413312,0.785024154589372,1.5901771336553945,7.9039184111647875,5.790391841116479,
114,30.709876543209877,47.59125067096082,2.8247450348899625,2.804616210413312,0.785024154589372,1.5901771336553945,7.608695652173913,6.085614600107354,
115,30.9447128287708,45.6454643048846,2.462426194310252,2.791196994095545,0.785024154589372,1.5901771336553945,7.568438003220612,8.21256038647343,
116,30.9447128287708,45.63204508856683,2.462426194310252,2.791196994095545,0.9192163177670424,1.5901771336553945,7.447665056360709,8.21256038647343,
117,31.00509930220075,45.591787439613526,2.462426194310252,2.771068169618894,0.9192163177670424,1.5901771336553945,7.447665056360709,8.21256038647343,
118,31.0654857756307,45.42404723564144,2.657004830917874,2.757648953301127,0.9192163177670424,1.556629092860977,7.407407407407407,8.21256038647343,
119,31.112453032742888,45.40391841116479,2.657004830917874,2.757648953301127,0.9192163177670424,1.556629092860977,7.407407407407407,8.185721953837897,
120,31.17283950617284,45.35024154589372,2.6033279656468062,2.757648953301127,0.9192163177670424,1.6035963499731616,7.407407407407407,8.185721953837897,
121,31.0654857756307,44.85373054213634,2.717391304347826,2.757648953301127,0.9192163177670424,2.1604938271604937,7.340311325818572,8.185721953837897,
122,30.589103596349972,44.71282877079979,2.1806226516371443,2.254428341384863,0.7447665056360708,2.1269457863660763,5.501878690284487,11.889425657541599,
123,29.69001610305958,39.08346752549651,2.100107353730542,2.1135265700483092,0.7447665056360708,2.1269457863660763,4.770531400966184,19.370638754696724,
124,29.757112184648417,38.848631239935585,2.314814814814815,2.1135265700483092,0.7447665056360708,2.1269457863660763,4.770531400966184,19.32367149758454,
125,29.341116478797638,38.6406333870102,2.314814814814815,2.1135265700483092,0.7447665056360708,2.1269457863660763,4.032474503488996,20.685721953837895,
126,29.28743961352657,38.466183574879224,2.314814814814815,2.1135265700483092,0.7447665056360708,2.1269457863660763,4.005636070853462,20.94068706387547,
127,29.341116478797638,38.08373590982286,2.677133655394525,2.1135265700483092,0.7447665056360708,2.1269457863660763,4.005636070853462,20.840042941492218,0.06709608158883522
128,29.502147074610843,38.02334943639291,2.6637144390767578,2.1135265700483092,0.7447665056360708,2.0799785292538915,3.965378421900161,20.840042941492218,0.06709608158883522
129,29.47530864197531,37.8690284487386,2.6637144390767578,2.2946859903381642,0.7447665056360708,2.0799785292538915,3.965378421900161,20.840042941492218,0.06709608158883522
130,29.57595276435856,37.82877079978529,2.6637144390767578,2.2946859903381642,0.7447665056360708,2.033011272141707,3.965378421900161,20.82662372517445,0.06709608158883522
131,29.62962962962963,37.6610305958132,2.871712292002147,2.281266774020397,0.7447665056360708,2.033011272141707,3.8848631239935587,20.82662372517445,0.06709608158883522
132,29.736983360171767,37.52012882447665,2.9388083735909825,2.281266774020397,0.7447665056360708,2.01959205582394,3.8848631239935587,20.8064949006978,0.06709608158883522
133,29.770531400966185,37.52012882447665,2.9119699409554483,2.281266774020397,1.0601180891035964,2.01959205582394,3.8848631239935587,20.48443370907139,0.06709608158883522
134,29.59608158883521,37.432903918411164,2.9119699409554483,2.885131508319914,1.0198604401502953,2.01959205582394,3.730542136339238,20.336822329575952,0.06709608158883522
135,29.723564143854,37.33225979602791,2.898550724637681,2.871712292002147,1.2278582930756843,2.01959205582394,3.730542136339238,20.128824476650564,0.06709608158883522
136,29.757112184648417,37.33225979602791,2.898550724637681,2.8650026838432634,1.2278582930756843,2.01959205582394,3.730542136339238,20.101986044015028,0.06709608158883522
137,29.70343531937735,37.38593666129898,2.898550724637681,2.8650026838432634,1.3754696725711217,2.01959205582394,3.730542136339238,19.95437466451959,0.06709608158883522
138,29.904723564143854,37.29200214707461,2.898550724637681,2.8650026838432634,1.3754696725711217,2.01959205582394,3.730542136339238,19.847020933977454,0.06709608158883522
139,30.005367686527105,37.25845410628019,2.898550724637681,2.8247450348899625,1.3754696725711217,2.01959205582394,3.7037037037037037,19.847020933977454,0.06709608158883522
140,29.777241009125067,36.922973698336016,2.965646806226516,2.717391304347826,1.3754696725711217,2.01959205582394,3.7037037037037037,20.45088566827697,0.06709608158883522
141,28.079710144927535,38.89559849704777,2.9388083735909825,2.717391304347826,1.3754696725711217,2.01959205582394,3.5762211486849167,20.33011272141707,0.06709608158883522
142,27.75764895330113,38.63392377885131,3.0931293612453032,2.717391304347826,1.3754696725711217,2.01959205582394,3.6097691894793345,20.725979602791195,0.06709608158883522
143,27.80461621041331,38.519860440150296,3.1602254428341383,2.7106816961889426,1.3754696725711217,2.059849704777241,3.5829307568438002,20.719269994632313,0.06709608158883522
144,27.82474503488996,38.499731615673646,3.1602254428341383,2.7106816961889426,1.3754696725711217,2.059849704777241,3.5829307568438002,20.719269994632313,0.06709608158883522
145,27.82474503488996,38.499731615673646,3.1602254428341383,2.7106816961889426,1.3754696725711217,2.059849704777241,3.5829307568438002,20.719269994632313,0.06709608158883522
146,27.63016639828234,37.96296296296296,2.9924852388620504,2.7106816961889426,1.3687600644122384,2.4557165861513686,3.5829307568438002,21.22920021470746,0.06709608158883522
147,27.334943639291467,35.25228126677402,2.9723564143853998,2.6435856146001075,1.3687600644122384,2.4557165861513686,3.569511540526033,24.335748792270532,0.06709608158883522
148,27.355072463768117,35.25228126677402,2.9723564143853998,2.6435856146001075,1.3687600644122384,2.4557165861513686,3.549382716049383,24.335748792270532,0.06709608158883522
149,27.455716586151368,35.178475577026305,2.965646806226516,2.6435856146001075,1.3687600644122384,2.4557165861513686,3.549382716049383,24.315619967793882,0.06709608158883522
150,27.482555018786904,35.09125067096082,2.965646806226516,2.831454643048846,1.3687600644122384,2.4557165861513686,3.4151905528717124,24.322329575952764,0.06709608158883522
151,27.49597423510467,35.09125067096082,2.965646806226516,2.831454643048846,1.3687600644122384,2.4557165861513686,3.4151905528717124,24.308910359634996,0.06709608158883522
152,27.65029522275899,34.977187332259795,2.9119699409554483,2.831454643048846,1.3687600644122384,2.4557165861513686,3.240740740740741,24.496779388083738,0.06709608158883522
153,27.737520128824478,34.916800858829845,2.885131508319914,2.831454643048846,1.3687600644122384,2.4557165861513686,3.240740740740741,24.496779388083738,0.06709608158883522
154,27.891841116478798,34.91009125067096,2.885131508319914,2.8113258185721954,1.4090177133655395,2.717391304347826,3.1468062265163717,24.16129898013956,0.06709608158883522
155,27.891841116478798,34.86983360171766,2.885131508319914,2.965646806226516,1.4090177133655395,2.623456790123457,3.126677402039721,24.16129898013956,0.06709608158883522
156,27.49597423510467,34.82286634460547,2.9723564143853998,2.965646806226516,1.3955984970477724,2.623456790123457,4.1129898013955986,23.483628556092324,0.1274825550187869
157,27.563070316693505,34.76918947933441,2.9723564143853998,2.952227589908749,1.3955984970477724,2.623456790123457,4.1129898013955986,23.483628556092324,0.1274825550187869
158,27.603327965646805,34.675254965110035,3.0394524959742353,2.952227589908749,1.3955984970477724,2.623456790123457,4.1129898013955986,23.470209339774556,0.1274825550187869
159,27.51610305958132,34.72222222222222,3.0394524959742353,2.952227589908749,1.3955984970477724,2.623456790123457,4.180085882984434,23.443370907139023,0.1274825550187869
160,27.489264626945786,34.70209339774557,2.8784219001610305,2.952227589908749,1.3955984970477724,2.8247450348899625,4.045893719806763,23.58427267847558,0.1274825550187869
161,27.65029522275899,34.5679012345679,2.8784219001610305,2.8113258185721954,1.3955984970477724,2.965646806226516,4.045893719806763,23.557434245840042,0.1274825550187869
162,27.76435856146001,34.17874396135266,2.9388083735909825,2.8113258185721954,1.3955984970477724,2.965646806226516,4.327697262479871,23.49033816425121,0.1274825550187869
163,27.905260332796566,34.11835748792271,2.9388083735909825,2.8113258185721954,1.3955984970477724,2.965646806226516,4.300858829844337,23.43666129898014,0.1274825550187869
164,21.22920021470746,41.988727858293075,3.180354267310789,2.6301663982823404,1.3955984970477724,2.965646806226516,3.8177670424047236,22.665056360708533,0.1274825550187869
165,20.994363929146537,42.07595276435856,3.3145464304884595,2.6301663982823404,1.5029522275899088,2.965646806226516,3.8177670424047236,22.571121846484164,0.1274825550187869
166,21.22920021470746,41.91492216854536,3.3145464304884595,2.6033279656468062,1.6103059581320451,2.965646806226516,3.8177670424047236,22.416800858829845,0.1274825550187869
167,21.26945786366076,41.67337627482555,3.535963499731616,2.6033279656468062,1.6103059581320451,2.965646806226516,3.8177670424047236,22.396672034353195,0.1274825550187869
168,21.088298443370906,41.45195920558239,3.535963499731616,2.6033279656468062,1.6103059581320451,2.965646806226516,4.247181964573269,22.36983360171766,0.1274825550187869
169,21.141975308641975,41.237251744498124,3.717122920021471,2.6033279656468062,1.6103059581320451,2.9589371980676327,4.247181964573269,22.356414385399894,0.1274825550187869
170,21.256038647342994,41.19028448738594,3.6902844873859366,2.589908749329039,1.6103059581320451,2.9589371980676327,4.247181964573269,22.32957595276436,0.1274825550187869
171,21.28287707997853,41.19028448738594,3.6902844873859366,2.589908749329039,1.6103059581320451,2.9589371980676327,4.247181964573269,22.302737520128826,0.1274825550187869
172,21.309715512614062,41.19028448738594,3.683574879227053,2.589908749329039,1.6103059581320451,2.9589371980676327,4.247181964573269,22.282608695652176,0.1274825550187869
173,21.3768115942029,41.1634460547504,3.7238325281803544,2.589908749329039,1.596886741814278,2.9589371980676327,4.247181964573269,22.21551261406334,0.1274825550187869
174,21.470746108427267,40.94202898550725,3.9049919484702094,2.589908749329039,1.596886741814278,2.9589371980676327,4.2203435319377345,22.188674181427803,0.1274825550187869
175,21.604938271604937,40.89506172839506,3.9049919484702094,2.576489533011272,1.6841116478797638,2.9589371980676327,4.17337627482555,22.074610842726784,0.1274825550187869
176,21.504294149221685,40.88835212023618,3.898282340311326,2.6704240472356413,2.368491680085883,2.9589371980676327,4.159957058507783,21.423778851315085,0.1274825550187869
177,21.584809447128286,40.83467525496511,3.898282340311326,2.657004830917874,2.368491680085883,2.9589371980676327,4.159957058507783,21.410359634997317,0.1274825550187869
178,20.679012345679013,39.86849168008588,3.898282340311326,2.6301663982823404,2.368491680085883,2.9589371980676327,6.508319914117015,20.96081588835212,0.1274825550187869
179,20.8064949006978,39.801395598497045,3.898282340311326,2.6301663982823404,2.368491680085883,2.9589371980676327,6.474771873322598,20.933977455716587,0.1274825550187869
180,20.860171765968868,39.74771873322598,3.898282340311326,2.6301663982823404,2.368491680085883,2.9589371980676327,6.474771873322598,20.933977455716587,0.1274825550187869
181,20.954106280193237,39.55984970477724,4.012345679012346,2.6301663982823404,2.368491680085883,2.9589371980676327,6.468062265163715,20.933977455716587,0.11406333870101985
182,21.155394524959743,39.47933440687064,3.9989264626945786,2.6301663982823404,2.368491680085883,2.945517981749866,6.454643048845948,20.853462157809982,0.11406333870101985
183,21.195652173913043,39.46591519055287,3.9720880300590444,2.6301663982823404,2.368491680085883,2.945517981749866,6.454643048845948,20.853462157809982,0.11406333870101985
184,21.276167471819647,39.432367149758456,3.9720880300590444,2.6301663982823404,2.368491680085883,2.945517981749866,6.454643048845948,20.8064949006978,0.11406333870101985
185,21.32313472893183,39.42565754159957,3.9720880300590444,2.6301663982823404,2.368491680085883,2.945517981749866,6.454643048845948,20.69243156199678,0.1878690284487386
186,21.35668276972625,39.150563607085346,4.253891572732153,2.6301663982823404,2.368491680085883,2.945517981749866,6.454643048845948,20.652173913043477,0.1878690284487386
187,21.4573268921095,39.04320987654321,4.314278046162104,2.6301663982823404,2.368491680085883,2.9388083735909825,6.454643048845948,20.605206655931294,0.1878690284487386
188,21.464036500268385,39.04320987654321,4.314278046162104,2.6301663982823404,2.368491680085883,2.9388083735909825,6.447933440687064,20.605206655931294,0.1878690284487386
189,21.578099838969404,38.96269457863661,4.314278046162104,2.6301663982823404,2.368491680085883,2.9388083735909825,6.447933440687064,20.571658615136876,0.1878690284487386
190,21.544551798174986,38.73456790123457,4.314278046162104,2.6033279656468062,2.368491680085883,3.260869565217391,6.447933440687064,20.538110574342458,0.1878690284487386
191,21.289586688137412,37.61406333870102,4.17337627482555,2.6033279656468062,2.15378421900161,2.871712292002147,10.681696188942565,18.42458400429415,0.1878690284487386
192,21.336553945249598,37.59393451422437,4.17337627482555,2.6033279656468062,2.15378421900161,2.871712292002147,10.681696188942565,18.397745571658614,0.1878690284487386
193,20.598497047772412,36.882716049382715,3.844605475040258,2.49597423510467,2.15378421900161,2.6972624798711755,12.74825550187869,18.391035963499732,0.1878690284487386
194,20.652173913043477,36.882716049382715,3.844605475040258,2.49597423510467,2.15378421900161,2.6972624798711755,12.70799785292539,18.377616747181964,0.1878690284487386
195,20.71256038647343,36.85587761674718,3.844605475040258,2.49597423510467,2.15378421900161,2.6972624798711755,12.694578636607622,18.357487922705314,0.1878690284487386
196,20.75281803542673,36.72839506172839,3.9452495974235107,2.49597423510467,2.15378421900161,2.6972624798711755,12.681159420289855,18.357487922705314,0.1878690284487386
197,20.88030059044552,36.69484702093398,3.9452495974235107,2.49597423510467,2.15378421900161,2.677133655394525,12.620772946859903,18.344068706387546,0.1878690284487386
198,20.9272678475577,36.67471819645733,3.9452495974235107,2.49597423510467,2.1403650026838434,2.677133655394525,12.620772946859903,18.33064949006978,0.1878690284487386
199,20.92055823939882,36.574074074074076,3.9452495974235107,2.49597423510467,2.1403650026838434,2.677133655394525,12.620772946859903,18.438003220611915,0.1878690284487386
200,19.900697799248523,37.65432098765432,3.9452495974235107,2.4355877616747184,2.1403650026838434,2.677133655394525,12.620772946859903,18.438003220611915,0.1878690284487386
201,19.89398819108964,37.74154589371981,4.012345679012346,2.4020397208803006,2.1739130434782608,2.677133655394525,12.573805689747719,18.337359098228664,0.1878690284487386
202,20.075147611379496,37.6610305958132,4.012345679012346,2.4020397208803006,2.1739130434782608,2.677133655394525,12.573805689747719,18.23671497584541,0.1878690284487386
203,20.28985507246377,37.56038647342995,3.9855072463768115,2.4020397208803006,2.1739130434782608,2.677133655394525,12.573805689747719,18.149490069779926,0.1878690284487386
204,20.242887815351583,37.35238862050456,3.9855072463768115,2.3617820719269993,2.1739130434782608,2.9723564143853998,12.573805689747719,18.149490069779926,0.1878690284487386
205,19.47799248523886,36.10440150295223,3.9855072463768115,2.281266774020397,2.1739130434782608,2.657004830917874,14.982555018786902,18.149490069779926,0.1878690284487386
206,19.41760601180891,35.869565217391305,4.455179817498658,2.281266774020397,2.1739130434782608,2.7844873859366612,14.962426194310252,17.867686527106816,0.1878690284487386
207,19.545088566827697,35.76221148684917,4.455179817498658,2.281266774020397,2.1739130434782608,2.7777777777777777,14.962426194310252,17.85426731078905,0.1878690284487386
208,19.618894256575416,35.7487922705314,4.428341384863124,2.281266774020397,2.1739130434782608,2.7777777777777777,14.928878153515834,17.85426731078905,0.1878690284487386
209,19.73966720343532,35.65485775630703,4.408212560386473,2.120236178207193,2.1739130434782608,2.8113258185721954,14.88191089640365,17.840848094471284,0.36902844873859364
210,19.880568974771872,35.581052066559316,4.408212560386473,2.120236178207193,2.1604938271604937,2.8113258185721954,14.88191089640365,17.787171229200215,0.36902844873859364
211,19.981213097155127,35.50053676865271,4.388083735909823,2.120236178207193,2.1604938271604937,2.8113258185721954,14.88191089640365,17.787171229200215,0.36902844873859364
212,20.081857219538378,35.48040794417606,4.448470209339774,2.1135265700483092,2.1604938271604937,2.8113258185721954,14.868491680085883,17.72007514761138,0.3153515834675255
213,20.229468599033815,35.45356951154053,4.448470209339774,2.1135265700483092,2.1604938271604937,2.8113258185721954,14.74771873322598,17.72007514761138,0.3153515834675255
214,20.276435856146,35.43344068706388,4.448470209339774,2.1135265700483092,2.1604938271604937,2.8113258185721954,14.74771873322598,17.693236714975846,0.3153515834675255
215,20.343531937734838,35.339506172839506,4.448470209339774,2.1135265700483092,2.1604938271604937,2.844873859366613,14.741009125067096,17.693236714975846,0.3153515834675255
216,20.155662909286097,35.138217928073,4.42163177670424,4.17337627482555,2.1604938271604937,2.844873859366613,13.097155126140633,17.693236714975846,0.3153515834675255
217,20.263016639828233,35.12479871175523,4.414922168545357,4.133118625872249,2.1269457863660763,2.844873859366613,13.083735909822867,17.59259259259259,0.41599570585077833
218,20.323403113258184,35.017444981213096,4.414922168545357,4.106280193236715,2.1269457863660763,2.844873859366613,13.083735909822867,17.66639828234031,0.41599570585077833
219,20.356951154052602,34.97047772410091,4.394793344068707,4.106280193236715,2.1135265700483092,2.8918411164787976,13.083735909822867,17.66639828234031,0.41599570585077833
220,20.544820182501343,34.896672034353195,4.38137412775094,4.106280193236715,2.1135265700483092,2.791196994095545,13.083735909822867,17.66639828234031,0.41599570585077833
221,20.71256038647343,34.80273752012882,4.374664519592056,4.106280193236715,2.1135265700483092,2.791196994095545,13.036768652710682,17.64626945786366,0.41599570585077833
222,20.94068706387547,34.72222222222222,4.361245303274289,4.106280193236715,2.1135265700483092,2.7643585614600106,12.929414922168545,17.64626945786366,0.41599570585077833
223,21.034621578099838,34.648416532474506,4.394793344068707,4.106280193236715,2.1068169618894257,2.7643585614600106,12.889157273215245,17.639559849704778,0.41599570585077833
224,21.14868491680086,34.56119162640902,4.394793344068707,4.106280193236715,2.1068169618894257,2.7643585614600106,12.86231884057971,17.639559849704778,0.41599570585077833
225,21.162104133118625,34.56119162640902,4.394793344068707,4.092860976918948,2.1068169618894257,2.7643585614600106,12.86231884057971,17.639559849704778,0.41599570585077833
226,21.175523349436393,34.54777241009125,4.388083735909823,4.092860976918948,2.1068169618894257,3.140096618357488,12.620772946859903,17.51207729468599,0.41599570585077833
227,21.256038647342994,34.5276435856146,4.388083735909823,4.092860976918948,2.086688137412775,3.1065485775630703,12.620772946859903,17.505367686527105,0.41599570585077833
228,21.26274825550188,34.4873859366613,4.367954911433173,4.146537842190016,2.086688137412775,3.1065485775630703,12.647611379495437,17.478529253891573,0.41599570585077833
229,21.35668276972625,34.44041867954911,4.361245303274289,4.146537842190016,2.086688137412775,3.079710144927536,12.634192163177671,17.478529253891573,0.41599570585077833
230,21.35668276972625,34.42028985507246,4.53569511540526,4.146537842190016,2.086688137412775,3.0730005367686526,12.627482555018787,17.337627482555018,0.41599570585077833
231,21.22249060654858,34.326355340848096,4.448470209339774,4.146537842190016,1.9994632313472893,3.0730005367686526,12.245034889962426,18.12265163714439,0.41599570585077833
232,21.24261943102523,34.31964573268921,4.448470209339774,4.146537842190016,1.9994632313472893,3.180354267310789,12.245034889962426,18.00187869028449,0.41599570585077833
233,21.4170692431562,34.05797101449275,4.569243156199678,3.851315083199141,1.9524959742351047,3.180354267310789,12.057165861513688,18.49838969404187,0.41599570585077833
234,21.497584541062803,33.99087493290392,4.569243156199678,3.8378958668813743,1.9524959742351047,3.180354267310789,12.057165861513688,18.49838969404187,0.41599570585077833
235,21.564680622651636,33.99087493290392,4.569243156199678,3.8378958668813743,1.9256575415995705,3.180354267310789,12.02361782071927,18.491680085882983,0.41599570585077833
236,21.651905528717123,33.984165324745035,4.542404723564144,3.8378958668813743,1.9256575415995705,3.180354267310789,11.996779388083736,18.46484165324745,0.41599570585077833
237,21.66532474503489,33.984165324745035,4.542404723564144,3.8378958668813743,1.9256575415995705,3.180354267310789,11.996779388083736,18.451422436929683,0.41599570585077833
238,21.672034353193773,33.964036500268385,4.643048845947397,3.8378958668813743,1.9256575415995705,3.1535158346752548,11.963231347289318,18.42458400429415,0.41599570585077833
239,21.786097691894792,33.93048845947396,4.736983360171766,3.8378958668813743,1.892109500805153,3.1535158346752548,11.963231347289318,18.283682232957595,0.41599570585077833
240,21.81964573268921,33.923778851315085,4.736983360171766,3.8378958668813743,1.892109500805153,3.1535158346752548,11.963231347289318,18.256843800322063,0.41599570585077833
241,21.87332259796028,33.7157809983897,4.783950617283951,3.8378958668813743,1.8719806763285025,3.435319377348363,11.90955448201825,18.156199677938808,0.41599570585077833
242,21.906870638754697,33.7157809983897,4.783950617283951,3.8378958668813743,1.8719806763285025,3.435319377348363,11.876006441223833,18.156199677938808,0.41599570585077833
243,21.926999463231347,33.7157809983897,4.7638217928073,3.8378958668813743,1.8719806763285025,3.435319377348363,11.876006441223833,18.156199677938808,0.41599570585077833
244,21.960547504025765,33.7157809983897,4.7638217928073,3.8311862587224907,1.9994632313472893,3.435319377348363,11.748523886205046,18.129361245303276,0.41599570585077833
245,22.0276435856146,33.69565217391305,4.7638217928073,3.8311862587224907,1.9994632313472893,3.435319377348363,11.721685453569512,18.109232420826622,0.41599570585077833
246,21.79951690821256,34.004294149221685,4.7638217928073,3.7640901771336552,1.9994632313472893,3.435319377348363,11.721685453569512,18.095813204508858,0.41599570585077833
247,21.76596886741814,33.675523349436396,4.676596886741814,3.7640901771336552,1.9994632313472893,3.938539989264627,11.694847020933977,18.06897477187332,0.41599570585077833
248,21.81964573268921,33.58829844337091,4.750402576489533,4.1129898013955986,1.8988191089640365,3.938539989264627,11.694847020933977,17.780461621041333,0.41599570585077833
249,21.81964573268921,33.58829844337091,4.750402576489533,4.1129898013955986,1.8988191089640365,3.938539989264627,11.694847020933977,17.780461621041333,0.41599570585077833
250,21.900161030595815,33.54804079441761,4.736983360171766,4.1129898013955986,1.8988191089640365,3.938539989264627,11.668008588298443,17.780461621041333,0.41599570585077833
251,21.960547504025765,33.467525496511,4.723564143853999,4.247181964573269,1.8988191089640365,3.938539989264627,11.668008588298443,17.67981749865808,0.41599570585077833
252,22.08132045088567,33.44068706387547,4.669887278582931,4.247181964573269,1.8988191089640365,3.9049919484702094,11.668008588298443,17.673107890499196,0.41599570585077833
