,45,50,51,53,52,54,55,56,57,58
0,96.7458400429415,3.2541599570585076,,,,,,,,
1,96.64519592055824,3.3548040794417604,,,,,,,,
2,92.9951690821256,7.004830917874396,,,,,,,,
3,74.13446054750402,24.818840579710145,1.0466988727858293,,,,,,,
4,71.81964573268921,22.27589908749329,5.904455179817498,,,,,,,
5,67.52549651100375,26.583467525496513,5.891035963499732,,,,,,,
6,65.72732152442298,28.63660762211487,5.636070853462158,,,,,,,
7,65.68035426731079,28.69699409554482,5.622651637144391,,,,,,,
8,53.28770799785293,41.08964036500269,5.622651637144391,,,,,,,
9,53.227321524422976,40.15700483091788,6.615673644659152,,,,,,,
10,51.59688674181428,40.11003757380569,6.488191089640365,1.8048845947396672,,,,,,
11,44.015029522275896,45.108695652173914,6.447933440687064,1.7713365539452497,2.3349436392914655,0.18115942028985507,0.14090177133655393,,,
12,44.41760601180891,44.598765432098766,6.4412238325281805,1.7713365539452497,2.3349436392914655,0.18115942028985507,0.2549651100375738,,,
13,43.84728931830381,45.22275899087493,6.387546967257112,1.7713365539452497,2.3349436392914655,0.18115942028985507,0.2549651100375738,,,
14,38.93585614600107,37.855609232420825,18.733225979602793,1.7713365539452497,2.26784755770263,0.18115942028985507,0.2549651100375738,,,
15,39.18411164787977,37.62748255501879,18.71309715512614,1.7713365539452497,2.26784755770263,0.18115942028985507,0.2549651100375738,,,
16,34.09151905528717,45.67230273752013,14.989264626945786,2.6637144390767578,2.147074610842727,0.18115942028985507,0.2549651100375738,,,
17,29.394793344068706,52.241009125067094,13.117283950617283,2.6637144390767578,2.147074610842727,0.18115942028985507,0.2549651100375738,,,
18,30.01207729468599,51.47611379495437,13.110574342458401,2.6637144390767578,2.147074610842727,0.18115942028985507,0.4092860976918948,,,
19,29.69001610305958,49.06736446591519,15.734031132581856,2.6301663982823404,2.147074610842727,0.33548040794417605,0.39586688137412773,,,
20,30.173107890499196,48.7385936661299,15.579710144927537,2.6301663982823404,2.147074610842727,0.33548040794417605,0.39586688137412773,,,
21,29.435050993022006,41.8545356951154,24.282071926999464,2.536231884057971,1.0399892646269457,0.4562533548040794,0.39586688137412773,,,
22,29.716854535695116,41.78743961352657,23.993558776167472,2.522812667740204,1.0399892646269457,0.4562533548040794,0.39586688137412773,0.08722490606548577,,
23,28.723832528180353,38.788244766505635,28.207192699946322,2.509393451422437,1.0399892646269457,0.33548040794417605,0.39586688137412773,,,
24,26.986044015029524,40.21739130434783,29.71014492753623,1.570048309178744,1.0399892646269457,0.33548040794417605,0.14090177133655393,,,
25,26.455984970477726,40.74074074074074,29.60950080515298,1.5633387010198605,1.0399892646269457,0.33548040794417605,0.2549651100375738,,,
26,26.92565754159957,40.02952227589909,28.32125603864734,3.140096618357488,0.9930220075147611,0.33548040794417605,0.2549651100375738,,,
27,26.704240472356414,35.85614600107354,32.54830917874396,3.1333870101986045,0.9460547504025765,0.47638217928073,0.2549651100375738,0.08051529790660225,,
28,26.690821256038646,33.071658615136876,32.47450348899624,3.1333870101986045,1.8988191089640365,2.395330112721417,0.2549651100375738,0.08051529790660225,,
29,26.92565754159957,32.9777241009125,32.37385936661299,3.0931293612453032,1.8988191089640365,2.395330112721417,0.2549651100375738,0.08051529790660225,,
30,27.482555018786904,32.76301663982824,32.03166935050993,3.0931293612453032,1.8988191089640365,2.395330112721417,0.2549651100375738,0.08051529790660225,,
31,25.63070316693505,35.909822866344605,30.776972624798713,3.0931293612453032,1.8988191089640365,2.3550724637681157,0.2549651100375738,0.08051529790660225,,
32,26.006441223832528,35.65485775630703,30.595813204508858,3.0327428878153517,1.892109500805153,2.3550724637681157,0.3824476650563607,0.08051529790660225,,
33,26.482823403113258,35.40660225442834,30.280461621041333,3.0327428878153517,1.892109500805153,2.3550724637681157,0.3824476650563607,0.16774020397208803,,
34,26.536500268384327,32.930756843800324,29.985238862050455,3.0059044551798175,1.892109500805153,5.0993022007514766,0.3824476650563607,0.16774020397208803,,
35,26.898819108964037,32.387278582930755,29.66988727858293,2.932098765432099,1.892109500805153,5.186527106816962,0.8655394524959742,0.16774020397208803,,
36,27.200751476113794,32.326892109500804,29.468599033816425,2.932098765432099,1.8719806763285025,5.173107890499195,0.8588298443370908,0.16774020397208803,,
37,27.093397745571657,31.769994632313473,29.904723564143854,2.8113258185721954,1.8250134192163177,5.166398282340311,1.1137949543746646,0.3153515834675255,,
38,25.577026301663984,33.48765432098765,29.817498658078367,2.771068169618894,1.7914653784219001,5.132850241545894,1.1137949543746646,0.30864197530864196,,
39,25.805152979066023,31.95786366076221,29.602791196994094,2.771068169618894,3.3145464304884595,5.12614063338701,1.1137949543746646,0.30864197530864196,,
40,26.35534084809447,31.76328502415459,29.488727858293075,2.771068169618894,3.2541599570585076,4.944981213097155,1.1137949543746646,0.30864197530864196,,
41,24.329039184111647,31.300322061191626,30.803811057434245,3.113258185721954,4.139828234031133,4.676596886741814,1.328502415458937,0.30864197530864196,,
42,24.691358024691358,31.166129898013956,30.669618894256576,3.1065485775630703,4.086151368760064,4.676596886741814,1.2949543746645196,0.30864197530864196,,
43,25.221417069243156,30.971551261406333,30.387815351583466,3.1065485775630703,4.05931293612453,4.676596886741814,1.2681159420289856,0.30864197530864196,,
44,25.5300590445518,30.783682232957595,29.32769726247987,3.1065485775630703,4.025764895330113,4.669887278582931,1.2681159420289856,1.288244766505636,,
45,24.664519592055825,31.508319914117017,29.394793344068706,3.099838969404187,4.025764895330113,4.669887278582931,1.4626945786366077,1.1741814278046163,,
46,18.67283950617284,44.24315619967794,24.241814278046164,1.8183038110574343,3.8848631239935587,4.4753086419753085,1.3083735909822867,1.3553408480944713,,
47,18.57890499194847,42.941492216854535,24.59742351046699,2.945517981749866,3.8848631239935587,4.455179817498658,1.2748255501878691,1.3217928073000538,,
48,19.068706387546968,42.632850241545896,24.362587224906065,2.945517981749866,3.8714439076757916,4.669887278582931,1.1272141706924315,1.3217928073000538,,
49,19.316961889425656,41.659957058507786,24.859098228663445,2.918679549114332,3.8580246913580245,4.656468062265164,1.2681159420289856,1.4626945786366077,,
50,19.155931293612454,39.55314009661836,26.402308105206657,3.8848631239935587,3.844605475040258,4.435050993022007,1.261406333870102,1.4626945786366077,,
51,19.79334406870639,39.28475577026302,26.113794954374665,3.851315083199141,3.81105743424584,4.320987654320987,1.261406333870102,1.5633387010198605,,
52,19.96779388083736,39.09688674181428,26.006441223832528,3.851315083199141,3.81105743424584,4.320987654320987,1.3821792807300053,1.5633387010198605,,
53,19.310252281266774,31.40096618357488,22.108158883521202,17.384594739667204,3.4420289855072466,4.274020397208803,1.5163714439076759,0.5636070853462157,,
54,19.605475040257648,30.414653784219002,21.967257112184647,18.06226516371444,3.421900161030596,4.274020397208803,1.710950080515298,0.5434782608695652,,
55,19.585346215780998,29.320987654320987,23.2085346215781,18.270263016639827,3.421900161030596,4.253891572732153,1.3955984970477724,0.5434782608695652,,
56,18.156199677938808,26.818303811057433,30.58239398819109,15.344873859366613,3.3950617283950617,4.03918411164788,1.1674718196457328,0.49651100375738055,,
57,18.726516371443907,26.50966183574879,33.883521202361784,11.949812130971551,3.2541599570585076,4.012345679012346,1.1674718196457328,0.49651100375738055,,
58,18.344068706387546,25.677670424047236,35.01073537305421,11.922973698336017,3.227321524422974,4.012345679012346,1.1674718196457328,0.6374127750939346,,
59,18.67283950617284,25.43612453032743,34.75577026301664,11.90955448201825,3.227321524422974,4.200214707461084,1.1607622114868492,0.6374127750939346,,
60,18.840579710144926,23.980139559849704,34.49409554482018,13.600375738056897,3.227321524422974,4.166666666666667,1.0534084809447128,0.6374127750939346,,
61,19.35721953837896,23.852657004830917,34.21900161030596,13.553408480944713,3.1602254428341383,4.166666666666667,1.0534084809447128,0.6374127750939346,,
62,19.249865807836823,21.940418679549115,33.923778851315085,15.626677402039721,3.1602254428341383,4.166666666666667,1.093666129898014,0.8387010198604401,,
63,19.51154052603328,21.70558239398819,34.084809447128286,15.505904455179817,3.1602254428341383,4.0995705850778315,1.093666129898014,0.8387010198604401,,
64,19.92753623188406,21.517713365539453,33.903650026838434,15.425389157273216,3.1065485775630703,4.0995705850778315,1.1876006441223832,0.8319914117015567,,
65,20.35024154589372,20.632045088566827,35.158346752549654,15.150295222758992,2.9388083735909825,3.784219001610306,1.1205045625335481,0.8655394524959742,,
66,21.014492753623188,20.564949006977994,34.594739667203434,15.123456790123457,2.9388083735909825,3.7775093934514223,1.1205045625335481,0.8655394524959742,,
67,20.873590982286636,20.477724100912507,31.890767579173378,16.626409017713364,2.918679549114332,3.7775093934514223,2.5697799248523885,0.8655394524959742,,
68,19.82018250134192,19.545088566827697,33.99087493290392,16.59957058507783,2.918679549114332,3.7640901771336552,2.49597423510467,0.8655394524959742,,
69,19.699409554482017,19.350509930220074,35.38647342995169,12.667740203972087,5.488459473966721,3.69699409554482,2.703972088030059,0.8655394524959742,0.14090177133655393,
70,19.753086419753085,18.53864734299517,34.997316156736446,12.338969404186795,6.588835212023618,3.6634460547504024,2.703972088030059,1.2748255501878691,0.14090177133655393,
71,20.323403113258184,18.323939881910896,32.95759527643585,12.25174449812131,8.501073537305421,3.5292538915727323,2.703972088030059,1.2681159420289856,0.14090177133655393,
72,20.96081588835212,18.035426731078903,32.71604938271605,11.990069779924852,8.527911969940956,3.5091250670960816,2.85829307568438,1.261406333870102,0.14090177133655393,
73,21.511003757380568,17.807300053676865,32.53488996242619,11.936392914653783,8.454106280193237,3.5091250670960816,2.8515834675254963,1.2546967257112185,0.14090177133655393,
74,21.85319377348363,17.59259259259259,32.27992485238862,11.963231347289318,8.393719806763285,3.4957058507783145,2.965646806226516,1.2278582930756843,0.14090177133655393,0.08722490606548577
75,22.342995169082126,17.444981213097154,32.23295759527644,11.768652710681696,8.293075684380032,3.4957058507783145,2.965646806226516,1.2278582930756843,0.14090177133655393,0.08722490606548577
76,22.84621578099839,17.10950080515298,30.917874396135264,12.989801395598498,8.279656468062266,3.4957058507783145,2.9052603327965647,1.2278582930756843,0.14090177133655393,0.08722490606548577
77,23.060923242082662,17.07595276435856,30.810520665593128,12.922705314009661,8.279656468062266,3.4957058507783145,2.9052603327965647,1.221148684916801,0.14090177133655393,0.08722490606548577
78,22.84621578099839,16.680085882984432,30.253623188405797,12.74825550187869,9.75577026301664,3.227321524422974,3.046162104133119,1.2144390767579174,0.14090177133655393,0.08722490606548577
79,23.03408480944713,16.0829307568438,29.32769726247987,12.620772946859903,10.68840579710145,4.159957058507783,2.6637144390767578,1.1943102522812667,0.14090177133655393,0.08722490606548577
80,23.58427267847558,15.915190552871712,29.086151368760063,12.526838432635534,10.641438539989265,4.159957058507783,2.6637144390767578,1.1943102522812667,0.14090177133655393,0.08722490606548577
81,23.845947396672035,15.767579173376275,28.945249597423512,12.513419216317766,10.607890499194847,4.1532474503489,2.7442297369833604,1.1943102522812667,0.14090177133655393,0.08722490606548577
82,24.282071926999464,15.573000536768653,28.844605475040257,12.338969404186795,10.59447128287708,4.126409017713366,2.737520128824477,1.1607622114868492,0.14090177133655393,0.20128824476650564
83,24.4296833064949,15.593129361245303,28.743961352657006,12.305421363392378,10.581052066559312,4.1129898013955986,2.7308105206655933,1.1607622114868492,0.14090177133655393,0.20128824476650564
84,25.046967257112186,15.271068169618895,28.556092324208265,12.238325281803542,10.540794417606012,4.1129898013955986,2.7308105206655933,1.1607622114868492,0.14090177133655393,0.20128824476650564
85,25.275093934514224,15.237520128824476,28.348094471282877,12.157809983896941,10.513955984970478,4.233762748255502,2.7308105206655933,1.1607622114868492,0.14090177133655393,0.20128824476650564
86,24.731615673644658,14.51959205582394,28.12667740203972,11.969940955448202,12.070585077831455,4.334406870638754,2.7442297369833604,1.1607622114868492,0.14090177133655393,0.20128824476650564
87,25.214707461084274,14.445786366076222,27.623456790123456,11.849168008588299,12.070585077831455,4.320987654320987,2.690552871712292,1.442565754159957,0.14090177133655393,0.20128824476650564
88,25.449543746645197,14.143853998926463,27.469135802469136,12.191358024691358,11.802200751476114,4.320987654320987,2.677133655394525,1.6035963499731616,0.14090177133655393,0.20128824476650564
89,25.623993558776167,14.143853998926463,27.026301663982824,12.184648416532475,11.56736446591519,4.320987654320987,2.6502952227589907,2.15378421900161,0.14090177133655393,0.1878690284487386
90,26.006441223832528,14.083467525496511,26.89210950080515,12.016908212560386,11.446591519055287,4.42163177670424,2.6502952227589907,2.15378421900161,0.14090177133655393,0.1878690284487386
91,26.234567901234566,14.06333870101986,26.818303811057433,11.882716049382717,11.386205045625335,4.394793344068707,2.6502952227589907,2.15378421900161,0.2281266774020397,0.1878690284487386
92,22.510735373054214,13.01663982823403,33.682232957595275,11.79549114331723,11.3593666129898,2.5563607085346214,2.509393451422437,2.15378421900161,0.2281266774020397,0.1878690284487386
93,21.846484165324746,12.72812667740204,37.7012882447665,11.037305421363392,10.131508319914117,2.6637144390767578,2.1940418679549114,1.402308105206656,0.10735373054213634,0.1878690284487386
94,22.20209339774557,12.627482555018787,36.90955448201825,10.124798711755233,11.56736446591519,2.6301663982823404,2.2879763821792807,1.3553408480944713,0.10735373054213634,0.1878690284487386
95,20.779656468062264,9.5276435856146,34.957058507783145,9.990606548577563,18.69296833064949,2.49597423510467,1.9256575415995705,1.2144390767579174,0.2281266774020397,0.1878690284487386
96,21.014492753623188,9.41358024691358,33.21926999463231,9.936929683306495,20.397208803005906,2.49597423510467,1.892109500805153,1.2144390767579174,0.2281266774020397,0.1878690284487386
97,20.94068706387547,9.39345142243693,32.890499194847024,10.466988727858293,20.37037037037037,2.49597423510467,1.8115942028985508,1.2144390767579174,0.2281266774020397,0.1878690284487386
98,21.504294149221685,9.359903381642512,32.57514761137949,10.453569511540525,20.25630703166935,2.4490069779924855,1.7847557702630166,1.2010198604401503,0.2281266774020397,0.1878690284487386
99,22.094739667203434,9.172034353193773,32.340311325818575,10.36634460547504,20.108695652173914,2.4355877616747184,1.8853998926462694,1.1808910359634996,0.2281266774020397,0.1878690284487386
100,22.624798711755233,9.024422973698336,32.23295759527644,10.21202361782072,19.90740740740741,2.4355877616747184,1.9659151905528718,1.1808910359634996,0.2281266774020397,0.1878690284487386
101,22.430220075147613,8.514492753623188,30.609232420826622,13.103864734299517,19.85373054213634,2.1403650026838434,1.751207729468599,1.1808910359634996,0.2281266774020397,0.1878690284487386
102,22.920021470746107,8.487654320987655,30.340848094471284,12.808641975308642,19.95437466451959,2.1403650026838434,1.751207729468599,1.1808910359634996,0.2281266774020397,0.1878690284487386
103,23.564143853998928,8.487654320987655,29.958400429414922,12.533548040794418,19.87385936661299,2.1403650026838434,1.8518518518518519,1.1808910359634996,0.2281266774020397,0.18115942028985507
104,23.8191089640365,7.7361782071927,28.442028985507246,12.345679012345679,20.336822329575952,3.8580246913580245,1.8853998926462694,1.1741814278046163,0.2214170692431562,0.18115942028985507
105,23.886205045625335,7.521470746108427,28.247450348899623,13.231347289318304,20.336822329575952,3.1736446591519054,2.0263016639828235,1.1741814278046163,0.2214170692431562,0.18115942028985507
106,24.362587224906065,7.514761137949543,28.093129361245303,13.18438003220612,20.189210950080515,3.052871712292002,2.0263016639828235,1.1741814278046163,0.2214170692431562,0.18115942028985507
107,24.60413311862587,7.50805152979066,27.905260332796566,13.157541599570585,20.04830917874396,3.052871712292002,2.0263016639828235,1.1741814278046163,0.3421900161030596,0.18115942028985507
108,25.033548040794418,7.4006977992485234,27.462426194310254,13.023349436392914,20.25630703166935,3.0059044551798175,2.120236178207193,1.1741814278046163,0.3421900161030596,0.18115942028985507
109,25.543478260869566,7.353730542136339,27.22758990874933,12.929414922168545,20.021470746108427,3.0059044551798175,2.0933977455716586,1.1741814278046163,0.46967257112184646,0.18115942028985507
110,25.785024154589372,7.340311325818572,26.912238325281802,12.855609232420827,19.786634460547504,2.9790660225442833,2.408749329039184,1.3083735909822867,0.4428341384863124,0.18115942028985507
111,26.227858293075684,7.246376811594203,26.798174986580783,12.835480407944177,19.598765432098766,2.9790660225442833,2.408749329039184,1.2815351583467525,0.4428341384863124,0.18115942028985507
112,26.221148684916802,7.051798174986581,27.791196994095547,12.446323134728932,19.350509930220074,2.818035426731079,2.3550724637681157,1.3419216317767042,0.4428341384863124,0.18115942028985507
113,26.529790660225444,6.776704240472356,27.583199141170155,12.573805689747719,19.182769726247987,2.818035426731079,2.475845410628019,1.4358561460010735,0.4428341384863124,0.18115942028985507
114,26.986044015029524,6.776704240472356,27.42216854535695,12.52012882447665,18.96135265700483,2.8113258185721954,2.462426194310252,1.4358561460010735,0.4428341384863124,0.18115942028985507
115,26.27482555018787,6.743156199677939,29.871175523349436,12.52012882447665,17.478529253891573,2.804616210413312,2.24771873322598,1.4358561460010735,0.4428341384863124,0.18115942028985507
116,26.637144390767578,6.729736983360172,29.750402576489535,12.573805689747719,17.163177670424048,2.7643585614600106,2.2342995169082127,1.5230810520665594,0.4428341384863124,0.18115942028985507
117,26.979334406870638,6.729736983360172,29.643048845947398,12.573805689747719,16.867954911433173,2.6972624798711755,2.3617820719269993,1.5230810520665594,0.4428341384863124,0.18115942028985507
118,27.180622651637144,6.716317767042405,29.57595276435856,12.560386473429952,16.800858829844337,2.6637144390767578,2.3617820719269993,1.5230810520665594,0.43612453032742887,0.18115942028985507
119,27.569779924852387,6.716317767042405,29.408212560386474,12.385936661298981,16.774020397208805,2.6435856146001075,2.3617820719269993,1.5230810520665594,0.43612453032742887,0.18115942028985507
120,27.95222758990875,6.716317767042405,29.126409017713364,12.278582930756844,16.700214707461082,2.6301663982823404,2.341653247450349,1.6371443907675791,0.43612453032742887,0.18115942028985507
121,28.073000536768653,6.568706387546968,28.784219001610307,12.184648416532475,16.55931293612453,2.6301663982823404,2.945517981749866,1.6371443907675791,0.43612453032742887,0.18115942028985507
122,28.408480944712828,6.494900697799249,28.56280193236715,12.097423510466989,16.53918411164788,2.6301663982823404,3.0193236714975846,1.6304347826086956,0.43612453032742887,0.18115942028985507
123,28.502415458937197,6.468062265163715,27.100107353730543,13.352120236178207,16.42512077294686,2.898550724637681,3.0059044551798175,1.6304347826086956,0.43612453032742887,0.18115942028985507
124,28.026033279656467,6.380837359098229,33.641975308641975,13.311862587224907,11.352657004830919,2.368491680085883,2.9790660225442833,1.5230810520665594,0.23483628556092323,0.18115942028985507
125,28.18035426731079,6.380837359098229,33.45410628019324,13.20450885668277,11.352657004830919,2.368491680085883,3.1199677938808374,1.5230810520665594,0.23483628556092323,0.18115942028985507
126,28.529253891572733,6.340579710144928,33.17901234567901,13.103864734299517,11.325818572195384,2.3550724637681157,3.0931293612453032,1.6572732152442298,0.23483628556092323,0.18115942028985507
127,28.348094471282877,6.273483628556092,32.8569511540526,12.265163714439076,12.922705314009661,2.3483628556092326,3.193773483628556,1.4761137949543746,0.23483628556092323,0.08051529790660225
128,28.509125067096083,6.146001073537305,32.789855072463766,12.06387546967257,12.815351583467525,2.576489533011272,3.307836822329576,1.4761137949543746,0.23483628556092323,0.08051529790660225
129,28.650026838432634,5.991680085882985,34.86983360171766,11.936392914653783,11.238593666129898,2.3349436392914655,3.207192699946323,1.4559849704777241,0.23483628556092323,0.08051529790660225
130,28.650026838432634,5.984970477724101,34.74235104669887,11.822329575952764,11.158078368223295,2.677133655394525,3.207192699946323,1.442565754159957,0.23483628556092323,0.08051529790660225
131,28.958668813741276,5.984970477724101,34.594739667203434,11.674718196457327,11.144659151905529,2.677133655394525,3.207192699946323,1.442565754159957,0.23483628556092323,0.08051529790660225
132,29.482018250134193,5.904455179817498,34.56119162640902,11.506977992485238,10.896403650026839,2.7241009125067097,3.207192699946323,1.442565754159957,0.19457863660762212,0.08051529790660225
133,29.70343531937735,5.877616747181965,34.35990338164251,11.486849168008588,10.836017176596886,2.8113258185721954,3.207192699946323,1.442565754159957,0.19457863660762212,0.08051529790660225
134,29.924852388620504,5.877616747181965,34.21900161030596,11.466720343531938,10.775630703166936,2.8113258185721954,3.207192699946323,1.442565754159957,0.19457863660762212,0.08051529790660225
135,29.770531400966185,5.837359098228664,34.17874396135266,11.439881910896403,10.762211486849168,2.9253891572732154,3.3682232957595275,1.442565754159957,0.19457863660762212,0.08051529790660225
136,30.159688674181428,5.837359098228664,33.89694041867955,11.345947396672035,10.520665593129362,2.9119699409554483,3.5292538915727323,1.5230810520665594,0.19457863660762212,0.08051529790660225
137,26.912238325281802,5.837359098228664,38.47289318303811,9.460547504025765,12.627482555018787,2.636876006441224,2.8247450348899625,1.0399892646269457,0.18115942028985507,0.0067096081588835215
138,27.482555018786904,5.803811057434245,38.036768652710684,9.46725711218465,12.546967257112184,2.636876006441224,2.7979066022544283,1.0399892646269457,0.18115942028985507,0.0067096081588835215
139,27.851583467525497,5.750134192163178,37.11755233494364,9.400161030595813,12.674449812130971,2.9253891572732154,2.9388083735909825,1.1607622114868492,0.17444981213097155,0.0067096081588835215
140,24.859098228663445,10.453569511540525,35.99704777241009,9.16532474503489,13.580246913580247,2.2879763821792807,2.5026838432635534,0.9728931830381106,0.17444981213097155,0.0067096081588835215
141,25.37573805689748,10.352925389157273,35.80246913580247,9.198872785829307,13.513150831991412,2.1940418679549114,2.408749329039184,0.9728931830381106,0.17444981213097155,0.0067096081588835215
142,25.731347289318304,10.25228126677402,35.67498658078368,9.185453569511541,13.378958668813741,2.2611379495437465,2.3617820719269993,0.9728931830381106,0.17444981213097155,0.0067096081588835215
143,26.25469672571122,9.916800858829845,35.601180891035966,9.07139023081052,13.258185721953838,2.24771873322598,2.49597423510467,0.9728931830381106,0.17444981213097155,0.0067096081588835215
144,26.623725174449813,9.73564143853999,35.50053676865271,9.017713365539452,13.251476113794954,2.24771873322598,2.4691358024691357,0.9728931830381106,0.17444981213097155,0.0067096081588835215
145,27.13365539452496,9.668545356951155,35.19189479334407,8.984165324745035,13.150831991411701,2.24771873322598,2.4691358024691357,0.9728931830381106,0.17444981213097155,0.0067096081588835215
146,27.72410091250671,9.588030059044552,34.98389694041868,8.876811594202898,13.01663982823403,2.227589908749329,2.428878153515835,0.9728931830381106,0.17444981213097155,0.0067096081588835215
147,28.166935050993022,9.520933977455716,34.82957595276436,8.870101986044014,12.848899624261943,2.227589908749329,2.38191089640365,0.9728931830381106,0.17444981213097155,0.0067096081588835215
148,28.522544283413847,9.520933977455716,34.64170692431562,8.856682769726248,12.842190016103059,2.2208803005904456,2.3617820719269993,0.8521202361782072,0.17444981213097155,0.0067096081588835215
149,29.20692431561997,9.426999463231347,34.14519592055824,8.816425120772946,12.808641975308642,2.200751476113795,2.3617820719269993,0.8521202361782072,0.17444981213097155,0.0067096081588835215
150,29.864465915190554,9.380032206119163,33.72920021470746,8.735909822866345,12.70799785292539,2.187332259796028,2.3617820719269993,0.8521202361782072,0.17444981213097155,0.0067096081588835215
151,30.139559849704778,9.373322597960279,33.57487922705314,8.635265700483092,12.701288244766506,2.1806226516371443,2.3617820719269993,0.8521202361782072,0.17444981213097155,0.0067096081588835215
152,30.71658615136876,9.23913043478261,33.467525496511,8.59500805152979,12.419484702093397,2.167203435319377,2.3617820719269993,0.8521202361782072,0.17444981213097155,0.0067096081588835215
153,31.159420289855074,9.23913043478261,33.24610842726785,8.527911969940956,12.27187332259796,2.1604938271604937,2.3617820719269993,0.8521202361782072,0.17444981213097155,0.0067096081588835215
154,31.5552871712292,9.172034353193773,32.91733762748255,8.521202361782072,12.224906065485776,2.1403650026838434,2.3081052066559313,0.9796027911969941,0.17444981213097155,0.0067096081588835215
155,31.629092860976918,9.138486312399356,32.776435856146,9.158615136876007,11.990069779924852,2.046430488459474,2.1135265700483092,0.966183574879227,0.17444981213097155,0.0067096081588835215
156,32.024959742351044,9.138486312399356,32.427536231884055,9.111647879763822,11.741814278046162,2.046430488459474,2.1068169618894257,1.221148684916801,0.17444981213097155,0.0067096081588835215
157,32.400697799248526,9.05126140633387,32.18599033816425,9.098228663446054,11.721685453569512,2.046430488459474,2.0933977455716586,1.221148684916801,0.17444981213097155,0.0067096081588835215
158,32.830112721417066,9.017713365539452,31.95786366076221,9.037842190016104,11.614331723027375,2.046430488459474,2.0933977455716586,1.221148684916801,0.17444981213097155,0.0067096081588835215
159,32.910628019323674,9.01100375738057,31.91760601180891,9.037842190016104,11.580783682232958,2.046430488459474,2.0933977455716586,1.221148684916801,0.17444981213097155,0.0067096081588835215
160,33.17230273752013,8.930488459473967,31.82367149758454,9.037842190016104,11.52710681696189,1.9457863660762211,2.033011272141707,1.3486312399355878,0.17444981213097155,0.0067096081588835215
161,33.53462157809984,8.80300590445518,31.66935050993022,9.004294149221685,11.513687600644122,1.9457863660762211,2.033011272141707,1.3486312399355878,0.14090177133655393,0.0067096081588835215
162,33.74932903918411,8.80300590445518,31.340579710144926,9.004294149221685,11.500268384326356,1.932367149758454,2.1739130434782608,1.3486312399355878,0.14090177133655393,0.0067096081588835215
163,30.783682232957595,7.246376811594203,38.7614063338701,8.09849704777241,10.876274825550189,1.0534084809447128,2.100107353730542,0.9326355340848095,0.14090177133655393,0.0067096081588835215
164,31.206387546967257,7.239667203435319,38.486312399355874,8.09849704777241,10.641438539989265,1.1674718196457328,2.100107353730542,0.9125067096081588,0.14090177133655393,0.0067096081588835215
165,31.427804616210413,7.226247987117552,38.238056897477186,8.09849704777241,10.628019323671497,1.2815351583467525,2.100107353730542,0.8521202361782072,0.14090177133655393,0.0067096081588835215
166,31.850509930220074,7.226247987117552,37.94283413848631,8.091787439613526,10.59447128287708,1.2748255501878691,2.0933977455716586,0.7783145464304885,0.14090177133655393,0.0067096081588835215
167,32.17257112184648,7.212828770799785,37.72141706924316,8.071658615136876,10.57434245840043,1.2546967257112185,2.0799785292538915,0.7783145464304885,0.1274825550187869,0.0067096081588835215
168,32.407407407407405,7.159151905528717,37.506709608158886,8.071658615136876,10.554213633923778,1.2546967257112185,2.0799785292538915,0.8319914117015567,0.1274825550187869,0.0067096081588835215
169,31.662640901771336,7.139023081052066,39.16398282340311,7.9106280193236715,10.11808910359635,1.1943102522812667,1.9860440150295222,0.6910896403650026,0.1274825550187869,0.0067096081588835215
170,31.816961889425656,7.024959742351046,38.781535158346756,7.75630703166935,10.0979602791197,1.6639828234031133,2.033011272141707,0.6910896403650026,0.1274825550187869,0.0067096081588835215
171,31.655931293612454,7.011540526033279,38.32528180354267,8.420558239398819,10.11808910359635,1.6639828234031133,1.9793344068706387,0.6910896403650026,0.1274825550187869,0.0067096081588835215
172,31.99141170155663,7.011540526033279,38.117283950617285,8.373590982286634,10.050993022007514,1.6639828234031133,1.9793344068706387,0.6776704240472357,0.1274825550187869,0.0067096081588835215
173,28.73725174449812,16.72705314009662,34.675254965110035,7.823403113258186,7.675791733762749,1.6639828234031133,1.8853998926462694,0.6776704240472357,0.1274825550187869,0.0067096081588835215
174,26.120504562533547,15.5126140633387,38.13070316693505,8.353462157809984,7.6556629092860975,1.6639828234031133,1.8183038110574343,0.6105743424584005,0.1274825550187869,0.0067096081588835215
175,25.711218464841654,15.33816425120773,34.977187332259795,8.3467525496511,11.493558776167472,1.6639828234031133,1.724369296833065,0.6105743424584005,0.1274825550187869,0.0067096081588835215
176,26.227858293075684,15.163714439076758,34.836285560923244,8.232689210950081,11.43317230273752,1.6639828234031133,1.6975308641975309,0.6105743424584005,0.1274825550187869,0.0067096081588835215
177,26.476113794954376,15.03623188405797,34.68867418142781,8.21256038647343,11.493558776167472,1.6639828234031133,1.6841116478797638,0.6105743424584005,0.1274825550187869,0.0067096081588835215
178,26.610305958132045,15.01610305958132,34.47396672034353,8.21256038647343,11.399624261943103,1.6639828234031133,1.6572732152442298,0.7447665056360708,0.2147074610842727,0.0067096081588835215
179,26.96591519055287,14.922168545356952,34.21900161030596,8.21256038647343,11.392914653784219,1.6639828234031133,1.6572732152442298,0.7447665056360708,0.2147074610842727,0.0067096081588835215
180,27.361782071927,14.855072463768115,34.05126140633387,8.125335480407944,11.345947396672035,1.6572732152442298,1.6371443907675791,0.7447665056360708,0.2147074610842727,0.0067096081588835215
181,27.603327965646805,14.600107353730541,33.95061728395062,8.11862587224906,11.325818572195384,1.6572732152442298,1.778046162104133,0.7447665056360708,0.2147074610842727,0.0067096081588835215
182,27.657004830917874,14.31159420289855,33.682232957595275,8.11862587224906,11.29898013955985,1.6572732152442298,2.100107353730542,0.95276435856146,0.2147074610842727,0.0067096081588835215
183,27.84487385936661,14.304884594739667,33.57487922705314,7.98443370907139,11.29898013955985,1.6237251744498122,2.1940418679549114,0.95276435856146,0.2147074610842727,0.0067096081588835215
184,28.14009661835749,14.217659688674182,33.279656468062264,7.98443370907139,11.29898013955985,1.6237251744498122,2.187332259796028,1.0466988727858293,0.2147074610842727,0.0067096081588835215
185,28.361513687600645,14.17740203972088,33.12533548040794,7.96430488459474,11.292270531400966,1.6237251744498122,2.187332259796028,1.0466988727858293,0.2147074610842727,0.0067096081588835215
186,28.27428878153516,14.04320987654321,31.46135265700483,7.917337627482555,11.137949543746645,1.8115942028985508,4.247181964573269,0.8856682769726248,0.2147074610842727,0.0067096081588835215
187,28.73725174449812,13.935856146001074,31.146001073537306,7.830112721417069,11.05072463768116,1.8115942028985508,4.38137412775094,0.8856682769726248,0.2147074610842727,0.0067096081588835215
188,26.67740203972088,13.311862587224907,38.97611379495437,7.447665056360709,7.555018786902845,1.8048845947396672,3.33467525496511,0.8856682769726248,,0.0067096081588835215
189,27.294685990338163,13.278314546430488,38.24476650563607,7.434245840042942,7.467793880837359,1.8048845947396672,3.33467525496511,1.133923778851315,,0.0067096081588835215
190,27.657004830917874,13.144122383252817,37.996511003757384,7.514761137949543,7.326892109500805,1.8048845947396672,3.33467525496511,1.2144390767579174,,0.0067096081588835215
191,27.905260332796566,13.238056897477188,37.775093934514224,7.514761137949543,7.232957595276436,1.8048845947396672,3.307836822329576,1.2144390767579174,,0.0067096081588835215
192,28.388352120236178,13.211218464841654,37.4194847020934,7.474503488996243,7.199409554482019,1.8048845947396672,3.280998389694042,1.2144390767579174,,0.0067096081588835215
193,28.898282340311326,13.030059044551798,37.2987117552335,7.407407407407407,7.179280730005368,1.7981749865807837,3.2675791733762747,1.1137949543746646,,0.0067096081588835215
194,29.55582393988191,12.721417069243156,36.90955448201825,7.407407407407407,7.239667203435319,1.7981749865807837,3.2474503488996245,1.1137949543746646,,0.0067096081588835215
195,30.03220611916264,12.593934514224369,36.460010735373054,7.380568974771873,7.132313472893183,1.7981749865807837,3.374932903918411,1.221148684916801,,0.0067096081588835215
196,30.461621041331185,12.318840579710145,35.63472893183038,7.581857219538379,7.085346215780999,1.7914653784219001,3.898282340311326,1.221148684916801,,0.0067096081588835215
197,30.66290928609769,12.224906065485776,34.916800858829845,7.581857219538379,7.071926999463232,1.7914653784219001,4.274020397208803,1.4694041867954912,,0.0067096081588835215
198,30.495169082125603,12.110842726784755,35.238862050456255,7.555018786902845,6.984702093397746,1.7914653784219001,4.233762748255502,1.583467525496511,,0.0067096081588835215
199,30.44820182501342,12.00348899624262,34.084809447128286,7.467793880837359,8.635265700483092,1.6371443907675791,4.186795491143317,1.5297906602254427,,0.0067096081588835215
200,29.57595276435856,13.298443370907139,33.675523349436396,7.340311325818572,8.735909822866345,1.7847557702630166,4.052603327965647,1.5297906602254427,,0.0067096081588835215
201,29.817498658078367,13.191089640365004,33.59500805152979,7.340311325818572,8.68894256575416,1.7847557702630166,4.045893719806763,1.5297906602254427,,0.0067096081588835215
202,30.018786902844873,13.144122383252817,33.340042941492214,7.27992485238862,8.628556092324208,1.8853998926462694,4.166666666666667,1.5297906602254427,,0.0067096081588835215
203,30.381105743424584,13.117283950617283,32.9777241009125,7.367149758454106,8.59500805152979,1.8786902844873858,4.072732152442297,1.6035963499731616,,0.0067096081588835215
204,30.756843800322063,13.097155126140633,32.769726247987116,7.320182501341922,8.588298443370908,1.7847557702630166,4.072732152442297,1.6035963499731616,,0.0067096081588835215
205,31.125872249060656,13.003220611916264,32.37385936661299,7.313472893183038,8.581588835212024,1.7847557702630166,4.206924315619967,1.6035963499731616,,0.0067096081588835215
206,31.387546967257112,12.969672571121846,32.19269994632314,7.27992485238862,8.501073537305421,1.7713365539452497,4.28743961352657,1.6035963499731616,,0.0067096081588835215
207,31.44122383252818,12.949543746645196,32.19940955448202,7.1658615136876005,8.447396672034353,1.7713365539452497,4.42163177670424,1.596886741814278,,0.0067096081588835215
208,31.756575415995705,12.942834138486312,31.97128287707998,7.1658615136876005,8.413848631239935,1.7713365539452497,4.374664519592056,1.596886741814278,,0.0067096081588835215
209,32.380568974771876,12.889157273215245,31.166129898013956,7.159151905528717,8.252818035426731,1.7176596886741815,4.341116478797638,2.086688137412775,,0.0067096081588835215
210,32.85024154589372,12.795222758990874,30.823939881910896,7.159151905528717,8.225979602791197,1.7176596886741815,4.334406870638754,2.086688137412775,,0.0067096081588835215
211,33.07836822329576,12.593934514224369,30.730005367686527,7.159151905528717,8.219269994632313,1.8451422436929683,4.334406870638754,2.033011272141707,,0.0067096081588835215
212,33.23939881910896,12.567096081588835,30.589103596349972,7.152442297369833,8.199141170155663,1.8451422436929683,4.294149221685454,2.1068169618894257,,0.0067096081588835215
213,32.930756843800324,12.31213097155126,30.119431025228128,6.964573268921095,8.111916264090176,3.4688674181427803,4.166666666666667,1.9189479334406871,,0.0067096081588835215
214,33.071658615136876,12.278582930756844,29.8040794417606,6.964573268921095,8.071658615136876,3.4621578099838968,4.42163177670424,1.9189479334406871,,0.0067096081588835215
215,33.65539452495974,12.084004294149223,29.636339237788512,6.837090713902308,8.038110574342458,3.455448201825013,4.414922168545357,1.8719806763285025,,0.0067096081588835215
216,33.97745571658615,12.050456253354804,29.448470209339774,6.763285024154589,8.017981749865807,3.455448201825013,4.414922168545357,1.865271068169619,,0.0067096081588835215
217,33.73590982286635,11.896135265700483,27.522812667740205,6.749865807836822,8.333333333333334,3.475577026301664,6.414385399892646,1.865271068169619,,0.0067096081588835215
218,33.25952764358561,11.855877616747183,24.57729468599034,6.736446591519055,8.32662372517445,7.25979602791197,6.400966183574879,1.5767579173376274,,0.0067096081588835215
219,33.47423510466989,11.81561996779388,24.510198604401502,6.702898550724638,8.3064949006978,7.340311325818572,6.3070316693505095,1.5365002683843263,,0.0067096081588835215
220,32.82340311325819,11.761943102522812,24.335748792270532,6.582125603864735,9.54777241009125,7.246376811594203,6.253354804079442,1.4492753623188406,,
221,33.313204508856685,11.714975845410628,24.094202898550726,6.568706387546968,9.460547504025765,7.212828770799785,6.239935587761675,1.3955984970477724,,
222,33.62855609232421,11.714975845410628,23.91304347826087,6.568706387546968,9.440418679549115,7.212828770799785,6.125872249060655,1.3955984970477724,,
223,33.984165324745035,11.621041331186259,23.758722490606548,6.535158346752549,9.406870638754697,7.1725711218464845,6.125872249060655,1.3955984970477724,,
224,34.18545356951154,11.506977992485238,23.62453032742888,6.501610305958132,9.400161030595813,7.159151905528717,6.226516371443908,1.3955984970477724,,
225,34.0378421900161,11.419753086419753,23.51046698872786,6.910896403650026,9.292807300053678,7.098765432098766,6.333870101986044,1.3955984970477724,,
226,33.2259796027912,11.406333870101985,21.68545356951154,6.904186795491143,9.232420826623725,7.0383789586688135,9.098228663446054,1.4090177133655395,,
227,33.74932903918411,11.272141706924316,21.604938271604937,6.749865807836822,9.138486312399356,7.03166935050993,9.044551798174986,1.4090177133655395,,
228,34.03113258185722,11.18491680085883,21.504294149221685,6.749865807836822,9.131776704240472,6.977992485238862,9.01100375738057,1.4090177133655395,,
229,34.292807300053674,11.16478797638218,21.464036500268385,6.729736983360172,9.091519055287172,6.863929146537842,9.004294149221685,1.3888888888888888,,
230,34.695383789586685,11.117820719269995,21.22249060654858,6.66935050993022,8.984165324745035,6.823671497584541,8.977455716586151,1.5096618357487923,,
231,34.78260869565217,10.923242082662373,21.175523349436393,6.66935050993022,8.930488459473967,7.132313472893183,8.876811594202898,1.5096618357487923,,
232,35.225442834138484,10.876274825550189,21.021202361782073,6.662640901771336,8.917069243156199,7.065217391304348,8.849973161567364,1.3821792807300053,,
233,35.02415458937198,10.82259796027912,21.450617283950617,6.662640901771336,8.78287707997853,7.065217391304348,8.809715512614064,1.3821792807300053,,
