,45,50,55,51,52,54,53,56,57,58,60,59
0,99.68464841653247,0.3153515834675255,,,,,,,,,,
1,99.68464841653247,0.3153515834675255,,,,,,,,,,
2,90.62667740203972,9.373322597960279,,,,,,,,,,
3,83.95061728395062,16.049382716049383,,,,,,,,,,
4,77.9723564143854,22.0276435856146,,,,,,,,,,
5,71.57139023081052,28.428609769189478,,,,,,,,,,
6,71.03462157809984,28.965378421900162,,,,,,,,,,
7,57.2463768115942,41.7740203972088,0.9796027911969941,,,,,,,,,
8,50.919216317767045,35.30595813204509,0.30193236714975846,13.47289318303811,,,,,,,,
9,47.457058507783145,38.768115942028984,0.30193236714975846,13.47289318303811,,,,,,,,
10,32.37385936661299,53.616478797638216,0.8051529790660226,13.20450885668277,,,,,,,,
11,31.5150295222759,49.282071926999464,0.7246376811594203,16.27750939345142,2.200751476113795,,,,,,,
12,21.900161030595815,60.69511540526033,0.7246376811594203,14.224369296833064,2.200751476113795,0.2549651100375738,,,,,,
13,22.000805152979066,59.35319377348363,0.7246376811594203,14.224369296833064,2.200751476113795,1.4962426194310252,,,,,,
14,20.558239398819108,62.473161567364464,0.9594739667203436,10.990338164251208,2.200751476113795,0.8118625872249061,2.006172839506173,,,,,
15,20.591787439613526,57.15915190552872,0.8454106280193237,16.06280193236715,2.254428341384863,1.1137949543746646,1.9726247987117553,,,,,
16,20.658883521202362,56.74986580783682,1.1876006441223832,16.06280193236715,2.254428341384863,1.1137949543746646,1.9726247987117553,,,,,
17,19.0955448201825,55.3743961352657,1.1876006441223832,19.00161030595813,2.254428341384863,1.1137949543746646,1.9726247987117553,,,,,
18,15.83467525496511,53.65002683843264,1.3553408480944713,18.968062265163713,7.219538378958669,1.0332796564680622,1.9390767579173376,,,,,
19,14.821524422973699,32.8166935050993,0.6910896403650026,36.02388620504563,7.219538378958669,6.588835212023618,1.8384326355340848,,,,,
20,12.02361782071927,31.756575415995705,0.47638217928073,43.907675791733766,4.253891572732153,5.743424584004294,1.8384326355340848,,,,,
21,11.29898013955985,27.26113794954375,0.7648953301127214,51.281535158346756,1.9994632313472893,5.555555555555555,1.8384326355340848,,,,,
22,10.171765968867419,26.8317230273752,0.7648953301127214,51.281535158346756,3.556092324208266,5.555555555555555,1.8384326355340848,,,,,
23,10.34621578099839,26.690821256038646,0.7648953301127214,51.247987117552334,3.556092324208266,5.555555555555555,1.8384326355340848,,,,,
24,10.165056360708535,26.060118089103597,0.7380568974771873,52.11352657004831,3.5292538915727323,5.555555555555555,1.8384326355340848,,,,,
25,10.205314009661835,26.060118089103597,0.7380568974771873,52.07326892109501,3.5292538915727323,5.555555555555555,1.8384326355340848,,,,,
26,7.5348899624261945,19.370638754696724,0.03354804079441761,52.10681696188943,18.19645732689211,1.2077294685990339,1.5499194847020934,,,,,
27,7.6623725174449815,19.370638754696724,0.03354804079441761,51.992753623188406,18.183038110574344,1.2077294685990339,1.5499194847020934,,,,,
28,6.407675791733762,14.351851851851851,0.03354804079441761,60.90311325818572,16.015834675254965,0.7380568974771873,1.5499194847020934,,,,,
29,6.561996779388084,14.298174986580785,0.03354804079441761,60.80246913580247,16.015834675254965,0.7380568974771873,1.5499194847020934,,,,,
30,6.286902844873859,13.24476650563607,0.30193236714975846,66.31776704240472,11.56736446591519,0.7380568974771873,1.5432098765432098,,,,,
31,6.642512077294686,12.962962962962964,0.6172839506172839,65.33145464304884,11.33923778851315,1.1473429951690821,1.5432098765432098,0.41599570585077833,,,,
32,6.689479334406871,12.962962962962964,0.6172839506172839,64.9422973698336,11.33923778851315,1.1473429951690821,1.5432098765432098,0.7581857219538379,,,,
33,6.796833064949007,12.949543746645196,0.6172839506172839,64.71417069243157,10.72866344605475,2.0799785292538915,1.0869565217391304,1.0265700483091786,,,,
34,7.219538378958669,12.875738056897477,0.5904455179817498,64.47262479871175,10.648148148148149,2.0799785292538915,1.0869565217391304,1.0265700483091786,,,,
35,7.447665056360709,12.198067632850242,0.5904455179817498,59.997316156736446,16.129898013955984,1.5230810520665594,1.0869565217391304,1.0265700483091786,,,,
36,7.454374664519592,12.164519592055823,0.7648953301127214,59.648416532474506,16.0829307568438,1.5230810520665594,1.3352120236178207,1.0265700483091786,,,,
37,7.776435856146001,12.157809983896941,0.7648953301127214,59.42699946323135,15.98899624261943,1.5230810520665594,1.3352120236178207,1.0265700483091786,,,,
38,7.675791733762749,9.749060654857756,0.7648953301127214,62.3792270531401,15.673644659151906,1.2010198604401503,1.3352120236178207,1.221148684916801,,,,
39,7.917337627482555,9.73564143853999,0.7648953301127214,62.245034889962426,15.579710144927537,1.2010198604401503,1.3352120236178207,1.221148684916801,,,,
40,7.434245840042942,9.614868491680086,0.4495437466451959,66.62640901771337,11.104401502952227,1.0064412238325282,2.5429414922168547,1.221148684916801,,,,
41,7.494632313472893,9.614868491680086,0.4495437466451959,65.57300053676865,11.044015029522276,1.8518518518518519,2.5429414922168547,1.42914653784219,,,,
42,7.2933440687063875,9.205582393988191,0.4495437466451959,63.781535158346756,13.45276435856146,1.8518518518518519,2.5429414922168547,1.4224369296833066,,,,
43,6.857219538378959,7.065217391304348,0.4495437466451959,60.668276972624795,13.45276435856146,1.7444981213097155,8.340042941492216,1.4224369296833066,,,,
44,6.796833064949007,6.830381105743425,0.4495437466451959,56.52173913043478,18.115942028985508,2.1604938271604937,7.924047235641439,1.2010198604401503,,,,
45,6.219806763285024,5.864197530864198,0.4495437466451959,60.10466988727858,16.076221148684915,2.1604938271604937,7.924047235641439,1.2010198604401503,,,,
46,6.226516371443908,5.864197530864198,0.5703166935050993,58.9975845410628,16.076221148684915,2.1604938271604937,7.924047235641439,2.1806226516371443,,,,
47,6.347289318303811,5.864197530864198,0.5703166935050993,58.89694041867955,16.056092324208265,2.1604938271604937,7.924047235641439,2.1806226516371443,,,,
48,6.736446591519055,5.864197530864198,0.5703166935050993,58.72920021470746,15.861513687600644,2.1604938271604937,7.924047235641439,2.15378421900161,,,,
49,6.769994632313473,5.864197530864198,0.5703166935050993,58.69565217391305,15.861513687600644,2.1604938271604937,7.924047235641439,2.15378421900161,,,,
50,6.655931293612453,5.864197530864198,0.5703166935050993,63.747987117552334,10.929951690821255,2.1604938271604937,7.917337627482555,2.15378421900161,,,,
51,6.843800322061192,5.864197530864198,0.8856682769726248,63.25147611379496,10.929951690821255,2.1604938271604937,7.917337627482555,2.147074610842727,,,,
52,6.380837359098229,5.803811057434245,0.7246376811594203,65.78099838969405,9.923510466988727,1.5432098765432098,7.729468599033816,2.1135265700483092,,,,
53,6.152710681696189,5.770263016639828,0.7112184648416533,65.7139023081052,9.816156736446592,1.5432098765432098,7.729468599033816,2.563070316693505,,,,
54,6.092324208266238,5.770263016639828,0.7112184648416533,65.96215780998389,8.836553945249598,1.5432098765432098,10.185185185185185,0.8990874932903918,,,,
55,6.139291465378422,5.770263016639828,0.6977992485238862,65.93531937734836,8.836553945249598,1.5365002683843263,10.185185185185185,0.8990874932903918,,,,
56,6.152710681696189,5.770263016639828,0.6977992485238862,65.92190016103059,8.836553945249598,1.5365002683843263,10.185185185185185,0.8990874932903918,,,,
57,6.474771873322598,5.743424584004294,0.6977992485238862,65.73403113258186,8.816425120772946,1.5365002683843263,10.0979602791197,0.8990874932903918,,,,
58,6.172839506172839,5.642780461621041,0.5770263016639828,68.90767579173377,6.300322061191626,1.4492753623188406,9.836285560923242,1.1137949543746646,,,,
59,6.280193236714976,5.642780461621041,0.5770263016639828,68.47155126140633,6.085614600107354,1.9927536231884058,9.836285560923242,1.1137949543746646,,,,
60,6.447933440687064,5.642780461621041,0.8454106280193237,68.01529790660226,6.085614600107354,1.9122383252818036,9.762479871175524,1.288244766505636,,,,
61,5.938003220611916,5.0858829844337095,2.522812667740204,64.60010735373054,8.769457863660762,1.9122383252818036,9.762479871175524,1.4090177133655395,,,,
62,5.340848094471283,5.032206119162641,2.49597423510467,58.52791196994095,16.378153515834676,1.2681159420289856,9.762479871175524,1.1943102522812667,,,,
63,5.052334943639291,4.253891572732153,2.4825550187869028,58.73590982286635,19.85373054213634,1.2681159420289856,7.159151905528717,1.1943102522812667,,,,
64,5.226784755770263,4.253891572732153,2.4825550187869028,58.73590982286635,19.679280730005367,1.2681159420289856,7.159151905528717,1.1943102522812667,,,,
65,5.743424584004294,4.2270531400966185,2.4825550187869028,58.319914117015564,19.605475040257648,1.2681159420289856,7.159151905528717,1.1943102522812667,,,,
66,5.803811057434245,4.2270531400966185,2.4825550187869028,54.53569511540526,24.16129898013956,1.2681159420289856,6.327160493827161,1.1943102522812667,,,,
67,6.172839506172839,4.2270531400966185,2.4825550187869028,53.9922168545357,23.637949543746647,1.2681159420289856,6.293612453032743,1.9256575415995705,,,,
68,5.978260869565218,4.2270531400966185,2.4490069779924855,57.118894256575416,21.061460010735374,1.0802469135802468,6.239935587761675,1.8451422436929683,,,,
69,4.696725711218465,12.359098228663447,2.187332259796028,54.95169082125604,18.833870101986044,0.7648953301127214,4.361245303274289,1.8451422436929683,,,,
70,4.49543746645196,11.245303274288782,2.059849704777241,56.54857756307032,18.679549114331724,0.7648953301127214,4.361245303274289,1.8451422436929683,,,,
71,4.180085882984434,11.225174449812132,1.9793344068706387,61.47342995169082,14.61352657004831,0.8454106280193237,4.361245303274289,1.3217928073000538,,,,
72,4.2203435319377345,11.225174449812132,1.9793344068706387,61.252012882447666,14.61352657004831,0.8454106280193237,4.3545356951154055,1.5096618357487923,,,,
73,4.85775630703167,11.225174449812132,1.9793344068706387,61.882716049382715,13.553408480944713,0.8454106280193237,4.3545356951154055,1.3016639828234031,,,,
74,4.938271604938271,9.943639291465379,1.9793344068706387,61.741814278046164,13.539989264626946,0.7917337627482555,5.763553408480945,1.3016639828234031,,,,
75,5.045625335480408,9.943639291465379,1.9793344068706387,61.64787976382179,13.533279656468062,0.7917337627482555,5.763553408480945,1.2949543746645196,,,,
76,5.260332796564681,9.943639291465379,1.9793344068706387,58.883521202361784,13.533279656468062,0.7917337627482555,5.662909286097692,3.9452495974235107,,,,
77,5.320719269994632,9.923510466988727,1.9793344068706387,58.843263553408484,13.533279656468062,0.7917337627482555,5.662909286097692,3.9452495974235107,,,,
78,5.407944176060118,9.923510466988727,1.9793344068706387,58.43397745571659,13.519860440150294,0.7917337627482555,5.662909286097692,4.280730005367687,,,,
79,5.60252281266774,9.876543209876543,1.9793344068706387,58.05823939881911,13.493022007514762,0.7917337627482555,5.649490069779925,4.549114331723027,,,,
80,5.723295759527644,9.876543209876543,2.3886205045625335,56.01851851851852,13.311862587224907,0.7917337627482555,7.340311325818572,4.549114331723027,,,,
81,5.8172302737520125,9.809447128287708,2.3886205045625335,56.01851851851852,13.311862587224907,0.7917337627482555,7.313472893183038,4.549114331723027,,,,
82,4.944981213097155,7.776435856146001,1.0534084809447128,63.26489533011272,10.305958132045088,0.7917337627482555,7.313472893183038,4.549114331723027,,,,
83,5.179817498658078,7.776435856146001,1.2546967257112185,63.16425120772947,10.091250670960816,0.7917337627482555,7.192699946323135,4.549114331723027,,,,
84,5.287171229200215,7.749597423510467,1.2546967257112185,63.12399355877617,10.091250670960816,0.7917337627482555,7.192699946323135,4.508856682769726,,,,
85,5.984970477724101,7.695920558239399,1.6103059581320451,62.17122920021471,10.091250670960816,0.7917337627482555,7.192699946323135,4.461889425657541,,,,
86,6.246645195920558,7.695920558239399,1.6103059581320451,60.581052066559316,10.030864197530864,0.7917337627482555,9.024422973698336,4.019055287171229,,,,
87,6.4412238325281805,7.695920558239399,1.6103059581320451,60.38647342995169,9.930220075147611,0.9259259259259259,8.99087493290392,4.019055287171229,,,,
88,6.723027375201288,7.695920558239399,1.7847557702630166,59.876543209876544,9.930220075147611,1.5029522275899088,8.695652173913043,3.7909286097691894,,,,
89,6.944444444444445,7.50805152979066,1.7847557702630166,59.86312399355877,9.91009125067096,1.5029522275899088,8.695652173913043,3.7909286097691894,,,,
90,7.118894256575416,7.50805152979066,1.3486312399355878,63.191089640365,9.809447128287708,1.5029522275899088,8.111916264090176,1.4090177133655395,,,,
91,7.595276435856146,7.48792270531401,1.3486312399355878,62.754965110037574,9.809447128287708,1.5029522275899088,8.105206655931294,1.3955984970477724,,,,
92,7.7831454643048845,7.461084272678476,1.3486312399355878,61.56736446591519,9.789318303811058,1.5029522275899088,9.151905528717123,1.3955984970477724,,,,
93,7.917337627482555,7.461084272678476,1.3486312399355878,61.47342995169082,9.749060654857756,1.5029522275899088,9.151905528717123,1.3955984970477724,,,,
94,8.004562533548041,7.461084272678476,2.757648953301127,60.198604401502955,9.554482018250134,1.5029522275899088,9.125067096081589,1.3955984970477724,,,,
95,8.044820182501342,5.971551261406334,2.757648953301127,59.366612989801396,9.420289855072463,1.5029522275899088,11.540526033279656,1.3955984970477724,,,,
96,8.232689210950081,5.971551261406334,2.757648953301127,59.19216317767042,9.420289855072463,1.5029522275899088,11.540526033279656,1.3821792807300053,,,,
97,7.863660762211487,5.9447128287707995,1.4559849704777241,63.59366612989801,7.065217391304348,1.1808910359634996,11.540526033279656,1.3553408480944713,,,,
98,7.843531937734836,5.9447128287707995,1.4090177133655395,61.20504562533548,9.520933977455716,1.1808910359634996,11.540526033279656,1.3553408480944713,,,,
99,8.051529790660226,5.931293612453032,1.3888888888888888,61.111111111111114,9.473966720343531,1.1808910359634996,11.506977992485238,1.3553408480944713,,,,
100,8.125335480407944,5.931293612453032,1.3888888888888888,61.03730542136339,9.473966720343531,1.1808910359634996,11.506977992485238,1.3553408480944713,,,,
101,7.890499194847021,5.917874396135265,1.3888888888888888,55.61594202898551,15.197262479871176,1.1607622114868492,11.480139559849706,1.3486312399355878,,,,
102,8.279656468062266,5.917874396135265,1.3888888888888888,55.32742887815352,15.197262479871176,1.1607622114868492,11.379495437466453,1.3486312399355878,,,,
103,8.836553945249598,5.917874396135265,1.3888888888888888,54.82420826623725,15.143585614600108,1.1607622114868492,11.379495437466453,1.3486312399355878,,,,
104,9.05126140633387,5.917874396135265,1.0332796564680622,54.1935050993022,15.619967793880837,1.1607622114868492,11.238593666129898,1.7847557702630166,,,,
105,9.25925925925926,5.917874396135265,1.0332796564680622,54.1129898013956,15.579710144927537,1.1607622114868492,11.151368760064413,1.7847557702630166,,,,
106,9.426999463231347,4.086151368760064,1.2412775093934514,52.57648953301127,17.418142780461622,2.38191089640365,11.117820719269995,1.751207729468599,,,,
107,9.849704777241008,4.05931293612453,1.4492753623188406,51.88539989264627,17.391304347826086,2.38191089640365,11.077563070316694,1.90552871712292,,,,
108,10.124798711755233,3.965378421900161,1.3217928073000538,50.62399355877617,18.61916264090177,2.38191089640365,11.057434245840042,1.90552871712292,,,,
109,10.144927536231885,2.1940418679549114,1.3217928073000538,50.496511003757384,20.987654320987655,2.38191089640365,10.567632850241546,1.90552871712292,,,,
110,10.138217928073,2.1940418679549114,1.3217928073000538,50.24154589371981,20.73268921095008,2.3617820719269993,10.567632850241546,2.442297369833602,,,,
111,10.285829307568438,2.1806226516371443,1.3217928073000538,49.8792270531401,20.135534084809446,2.3617820719269993,11.392914653784219,2.442297369833602,,,,
112,10.359634997316157,2.1806226516371443,1.3083735909822867,49.81884057971015,20.135534084809446,2.3617820719269993,11.392914653784219,2.442297369833602,,,,
113,10.218733225979603,2.1806226516371443,1.2681159420289856,49.77858293075684,20.108695652173914,2.61003757380569,11.392914653784219,2.442297369833602,,,,
114,10.171765968867419,2.1806226516371443,1.2681159420289856,49.29549114331723,20.108695652173914,3.140096618357488,11.392914653784219,2.442297369833602,,,,
115,10.34621578099839,2.167203435319377,1.2681159420289856,48.8593666129898,20.095276435856146,3.1199677938808374,11.392914653784219,2.7509393451422435,,,,
116,10.420021470746109,2.167203435319377,1.6572732152442298,48.60440150295223,20.055018786902846,3.0059044551798175,11.33923778851315,2.7509393451422435,,,,
117,9.608158883521202,2.167203435319377,1.0802469135802468,49.13446054750403,21.76596886741814,2.757648953301127,10.735373054213634,2.7509393451422435,,,,
118,10.178475577026301,2.167203435319377,1.0802469135802468,48.76543209876543,21.69887278582931,2.9924852388620504,10.36634460547504,2.7509393451422435,,,,
119,10.373054213633925,2.167203435319377,1.0802469135802468,48.65807836822329,21.611647879763822,2.9924852388620504,10.36634460547504,2.7509393451422435,,,,
120,10.272410091250672,2.167203435319377,1.0802469135802468,48.52388620504563,21.571390230810522,3.374932903918411,10.339506172839506,2.6704240472356413,,,,
121,10.889694041867955,2.1135265700483092,1.06682769726248,47.99382716049383,21.55126140633387,3.374932903918411,10.225442834138486,2.7844873859366612,,,,
122,10.93666129898014,2.1135265700483092,1.06682769726248,44.99463231347289,24.54374664519592,3.33467525496511,10.225442834138486,2.7844873859366612,,,,
123,10.93666129898014,2.100107353730542,1.06682769726248,44.98121309715513,24.295491143317232,3.33467525496511,10.165056360708535,3.1199677938808374,,,,
124,11.117820719269995,2.073268921095008,1.06682769726248,44.498121309715515,24.261943102522814,3.770799785292539,10.124798711755233,3.0864197530864197,,,,
125,2.428878153515835,78.455448201825,0.38915727321524424,6.910896403650026,4.87788513150832,0.785024154589372,5.629361245303274,0.5233494363929146,,,,
126,2.6167471819645733,78.2944176060118,0.38915727321524424,6.910896403650026,4.87788513150832,0.785024154589372,5.60252281266774,0.5233494363929146,,,,
127,3.321256038647343,65.02952227589908,12.97638217928073,6.910896403650026,4.87788513150832,0.785024154589372,5.5756843800322065,0.5233494363929146,,,,
128,3.5628019323671496,64.92216854535695,12.915995705850777,6.850509930220075,4.87788513150832,0.785024154589372,5.562265163714439,0.5233494363929146,,,,
129,3.629898013955985,62.956253354804076,14.814814814814815,6.850509930220075,4.87788513150832,0.785024154589372,5.562265163714439,0.5233494363929146,,,,
130,3.3682232957595275,59.88996242619431,14.781266774020397,6.481481481481482,11.272141706924316,0.6977992485238862,3.435319377348363,0.07380568974771873,,,,
131,3.4621578099838968,59.84299516908212,14.781266774020397,6.447933440687064,11.265432098765432,0.6977992485238862,3.4286097691894795,0.07380568974771873,,,,
132,3.6231884057971016,55.9044551798175,18.572195383789587,6.447933440687064,11.265432098765432,0.6843800322061192,3.4286097691894795,0.07380568974771873,,,,
133,3.656736446591519,55.87090713902308,18.572195383789587,6.447933440687064,11.265432098765432,0.6843800322061192,3.4286097691894795,0.07380568974771873,,,,
134,3.7037037037037037,55.823939881910896,18.572195383789587,6.447933440687064,11.178207192699947,0.6843800322061192,3.4286097691894795,0.1610305958132045,,,,
135,4.005636070853462,55.77697262479871,18.53864734299517,6.407675791733762,10.997047772410092,0.6843800322061192,3.4286097691894795,0.1610305958132045,,,,
136,4.072732152442297,55.70987654320987,18.53864734299517,6.360708534621578,10.742082662372518,0.8856682769726248,3.4151905528717124,0.1610305958132045,0.11406333870101985,,,
137,4.0995705850778315,55.69645732689211,18.53864734299517,6.360708534621578,10.72866344605475,0.8856682769726248,3.4151905528717124,0.1610305958132045,0.11406333870101985,,,
138,4.247181964573269,55.57568438003221,18.53864734299517,6.333870101986044,10.72866344605475,0.8856682769726248,3.4151905528717124,0.1610305958132045,0.11406333870101985,,,
139,4.40150295222759,55.43478260869565,18.53864734299517,6.320450885668277,10.59447128287708,0.8856682769726248,3.4151905528717124,0.1610305958132045,0.24825550187869028,,,
140,4.448470209339774,55.34084809447128,18.223295759527645,6.320450885668277,10.57434245840043,1.2815351583467525,3.4151905528717124,0.14761137949543746,0.24825550187869028,,,
141,4.428341384863124,54.97181964573269,18.223295759527645,6.320450885668277,10.57434245840043,1.2815351583467525,3.8043478260869565,0.14761137949543746,0.24825550187869028,,,
142,4.797369833601718,54.790660225442835,18.12265163714439,6.320450885668277,10.487117552334944,1.2815351583467525,3.8043478260869565,0.14761137949543746,0.24825550187869028,,,
143,4.958400429414922,54.69672571121846,18.055555555555557,6.320450885668277,10.487117552334944,1.2815351583467525,3.8043478260869565,0.14761137949543746,0.24825550187869028,,,
144,5.186527106816962,54.569243156199676,18.02200751476114,6.1929683306494905,9.88996242619431,1.9390767579173376,3.8043478260869565,0.14761137949543746,0.24825550187869028,,,
145,5.743424584004294,54.01234567901235,18.02200751476114,6.1929683306494905,9.88996242619431,1.9390767579173376,3.8043478260869565,0.14761137949543746,0.24825550187869028,,,
146,5.884326355340848,53.87144390767579,18.02200751476114,6.1929683306494905,9.88996242619431,1.9390767579173376,3.8043478260869565,0.14761137949543746,0.24825550187869028,,,
147,6.239935587761675,53.535963499731615,18.02200751476114,5.998389694041868,9.883252818035427,1.9390767579173376,3.8043478260869565,0.32877079978529256,0.24825550187869028,,,
148,7.125603864734299,53.11325818572195,17.54562533548041,5.783682232957595,9.883252818035427,1.9390767579173376,3.8043478260869565,0.5568974771873323,0.24825550187869028,,,
149,7.4006977992485234,45.86688137412775,17.867686527106816,3.717122920021471,9.883252818035427,1.9390767579173376,12.52012882447665,0.5568974771873323,0.24825550187869028,,,
150,7.501341921631776,45.8064949006978,17.847557702630166,3.717122920021471,9.883252818035427,1.9189479334406871,12.52012882447665,0.5568974771873323,0.24825550187869028,,,
151,7.581857219538379,45.8064949006978,17.820719269994633,3.6634460547504024,9.883252818035427,1.9189479334406871,12.52012882447665,0.5568974771873323,0.24825550187869028,,,
152,7.702630166398282,45.74610842726785,17.787171229200215,3.6634460547504024,9.883252818035427,1.9189479334406871,12.493290391841116,0.5568974771873323,0.24825550187869028,,,
153,7.830112721417069,45.71256038647343,17.465110037573805,3.6634460547504024,9.822866344605474,1.9189479334406871,12.4597423510467,0.5568974771873323,0.24825550187869028,0.322061191626409,,
154,7.87037037037037,45.67230273752013,17.465110037573805,3.6634460547504024,9.822866344605474,1.9189479334406871,12.4597423510467,0.5568974771873323,0.24825550187869028,0.322061191626409,,
155,7.883789586688137,45.67230273752013,17.45169082125604,3.6634460547504024,9.822866344605474,1.9189479334406871,12.4597423510467,0.5568974771873323,0.24825550187869028,0.322061191626409,,
156,7.85024154589372,45.38378958668814,17.391304347826086,3.6634460547504024,9.796027911969942,2.428878153515835,12.359098228663447,0.5568974771873323,0.24825550187869028,0.322061191626409,,
157,7.937466451959206,45.370370370370374,17.37788513150832,3.6634460547504024,9.54777241009125,2.428878153515835,12.298711755233494,0.5568974771873323,0.49651100375738055,0.322061191626409,,
158,8.246108427267847,45.1154052603328,17.37788513150832,3.6634460547504024,9.534353193773484,2.428878153515835,12.258454106280194,0.5568974771873323,0.49651100375738055,0.322061191626409,,
159,8.192431561996779,44.60547504025765,18.243424584004295,3.6634460547504024,9.064680622651638,2.5966183574879227,12.258454106280194,0.5568974771873323,0.49651100375738055,0.322061191626409,,
160,8.494363929146537,44.40418679549114,18.189747718733226,3.6634460547504024,9.03113258185722,2.5966183574879227,12.245034889962426,0.5568974771873323,0.49651100375738055,0.322061191626409,,
161,8.501073537305421,43.77348362855609,18.02200751476114,3.616478797638218,8.319914117015566,2.341653247450349,14.049919484702093,0.5568974771873323,0.49651100375738055,0.322061191626409,,
162,8.514492753623188,43.76006441223833,18.02200751476114,3.616478797638218,8.319914117015566,2.623456790123457,13.768115942028986,0.5568974771873323,0.49651100375738055,0.322061191626409,,
163,8.655394524959743,43.72651637144391,18.02200751476114,3.616478797638218,8.319914117015566,2.623456790123457,13.66076221148685,0.5568974771873323,0.49651100375738055,0.322061191626409,,
164,8.78287707997853,43.4044551798175,18.276972624798713,3.616478797638218,8.319914117015566,2.623456790123457,13.600375738056897,0.5568974771873323,0.49651100375738055,0.322061191626409,,
165,8.447396672034353,43.35748792270532,18.276972624798713,3.5829307568438002,8.28636607622115,3.0730005367686526,13.600375738056897,0.5568974771873323,0.49651100375738055,0.322061191626409,,
166,8.521202361782072,43.35748792270532,18.276972624798713,3.5829307568438002,8.28636607622115,3.0730005367686526,13.526570048309178,0.5568974771873323,0.49651100375738055,0.322061191626409,,
167,8.608427267847558,43.35077831454643,18.276972624798713,3.5829307568438002,8.205850778314547,3.0730005367686526,13.526570048309178,0.5568974771873323,0.49651100375738055,0.322061191626409,,
168,8.863392377885132,42.78717122920021,18.612453032742888,3.5829307568438002,8.179012345679013,3.0730005367686526,13.526570048309178,0.5568974771873323,0.49651100375738055,0.322061191626409,,
169,9.73564143853999,42.27724100912507,18.773483628556093,3.5628019323671496,8.11862587224906,2.7509393451422435,13.43263553408481,0.5568974771873323,0.46967257112184646,0.322061191626409,,
170,9.802737520128824,42.2638217928073,18.726516371443907,3.5628019323671496,8.11862587224906,2.7509393451422435,13.030059044551798,0.5568974771873323,0.8655394524959742,0.322061191626409,,
171,10.23215244229737,41.91492216854536,18.679549114331724,3.5628019323671496,8.11862587224906,2.7442297369833604,13.003220611916264,0.5568974771873323,0.8655394524959742,0.322061191626409,,
172,10.426731078904991,41.80756843800322,18.646001073537306,3.556092324208266,8.09849704777241,2.7442297369833604,13.003220611916264,0.5300590445517982,0.8655394524959742,0.322061191626409,,
173,10.466988727858293,41.79414922168545,18.632581857219538,3.556092324208266,8.085077831454644,2.7442297369833604,13.003220611916264,0.5300590445517982,0.8655394524959742,0.322061191626409,,
174,10.547504025764896,41.76731078904992,18.592324208266238,3.556092324208266,8.085077831454644,2.7442297369833604,12.989801395598498,0.5300590445517982,0.8655394524959742,0.322061191626409,,
175,10.72866344605475,41.619699409554485,18.4849704777241,3.556092324208266,8.051529790660226,2.7442297369833604,12.989801395598498,0.5300590445517982,0.8655394524959742,0.322061191626409,0.10735373054213634,
176,10.762211486849168,41.619699409554485,18.4849704777241,3.5225442834138487,8.051529790660226,2.7442297369833604,12.989801395598498,0.5300590445517982,0.8655394524959742,0.322061191626409,0.10735373054213634,
177,10.782340311325818,41.619699409554485,18.46484165324745,3.5225442834138487,8.051529790660226,2.7442297369833604,12.989801395598498,0.5300590445517982,0.8655394524959742,0.322061191626409,0.10735373054213634,
178,10.809178743961352,41.17015566290929,18.988191089640367,3.5225442834138487,8.051529790660226,2.7442297369833604,12.889157273215245,0.5300590445517982,0.8655394524959742,0.322061191626409,0.10735373054213634,
179,10.869565217391305,41.10976918947934,18.988191089640367,3.5225442834138487,8.051529790660226,2.7442297369833604,12.889157273215245,0.5300590445517982,0.8655394524959742,0.322061191626409,0.10735373054213634,
180,11.044015029522276,41.0426731078905,18.947933440687063,3.455448201825013,8.051529790660226,2.7442297369833604,12.889157273215245,0.5300590445517982,0.8655394524959742,0.322061191626409,0.10735373054213634,
181,11.43317230273752,40.666935050993025,19.32367149758454,3.321256038647343,8.011272141706923,2.5429414922168547,12.875738056897477,0.5300590445517982,0.8655394524959742,0.322061191626409,0.10735373054213634,
182,11.11111111111111,40.25093934514224,19.605475040257648,3.294417606011809,9.252549651100376,2.2410091250670963,12.419484702093397,0.5300590445517982,0.8655394524959742,0.322061191626409,0.10735373054213634,
183,11.137949543746645,40.17042404723564,19.57192699946323,3.294417606011809,9.252549651100376,2.2410091250670963,12.506709608158884,0.5300590445517982,0.8655394524959742,0.322061191626409,0.10735373054213634,
184,11.325818572195384,40.00939345142244,19.57192699946323,3.280998389694042,9.252549651100376,2.2410091250670963,12.493290391841116,0.5300590445517982,0.8655394524959742,0.322061191626409,0.10735373054213634,
185,11.688137412775093,39.720880300590444,19.538378958668815,3.280998389694042,9.23913043478261,2.2410091250670963,12.47987117552335,0.5300590445517982,0.8521202361782072,0.322061191626409,0.10735373054213634,
186,11.741814278046162,39.36527106816962,19.87385936661299,3.280998389694042,9.23913043478261,2.2410091250670963,12.4597423510467,0.5166398282340311,0.8521202361782072,0.322061191626409,0.10735373054213634,
187,11.889425657541599,39.21765968867418,19.87385936661299,3.280998389694042,9.23913043478261,2.2410091250670963,12.4597423510467,0.5166398282340311,0.8521202361782072,0.322061191626409,0.10735373054213634,
188,12.057165861513688,39.20424047235642,19.806763285024154,3.2340311325818574,9.212292002147075,2.2410091250670963,12.446323134728932,0.5166398282340311,0.8521202361782072,0.322061191626409,0.10735373054213634,
189,12.090713902308105,39.170692431561996,19.806763285024154,3.2340311325818574,9.212292002147075,2.2410091250670963,12.446323134728932,0.5166398282340311,0.8521202361782072,0.322061191626409,0.10735373054213634,
190,12.245034889962426,39.09688674181428,19.75979602791197,3.2340311325818574,9.205582393988191,2.2410091250670963,12.432903918411165,0.5166398282340311,0.8521202361782072,0.30864197530864196,0.10735373054213634,
191,12.258454106280194,39.09688674181428,19.746376811594203,3.2340311325818574,9.205582393988191,2.2410091250670963,12.432903918411165,0.5166398282340311,0.8521202361782072,0.30864197530864196,0.10735373054213634,
192,12.379227053140097,39.070048309178745,19.652442297369834,3.2340311325818574,9.205582393988191,2.2410091250670963,12.432903918411165,0.5166398282340311,0.8521202361782072,0.30864197530864196,0.10735373054213634,
193,12.426194310252281,39.03650026838432,19.350509930220074,3.2340311325818574,9.185453569511541,2.2410091250670963,12.432903918411165,0.5166398282340311,0.8521202361782072,0.30864197530864196,0.10735373054213634,0.30864197530864196
194,12.781803542673108,38.781535158346756,19.350509930220074,3.2340311325818574,9.084809447128288,2.2410091250670963,12.432903918411165,0.5166398282340311,0.8521202361782072,0.30864197530864196,0.10735373054213634,0.30864197530864196
195,12.714707461084272,38.56682769726248,19.350509930220074,3.2139023081052067,9.084809447128288,2.6838432635534084,12.325550187869029,0.4830917874396135,0.8521202361782072,0.30864197530864196,0.10735373054213634,0.30864197530864196
196,13.050187869028449,38.39237788513151,19.28341384863124,3.2139023081052067,9.03113258185722,2.6838432635534084,12.285292538915728,0.4830917874396135,0.8521202361782072,0.30864197530864196,0.10735373054213634,0.30864197530864196
197,13.077026301663983,37.69457863660762,20.148953301127214,3.1065485775630703,9.03113258185722,2.61003757380569,12.285292538915728,0.46967257112184646,0.8521202361782072,0.30864197530864196,0.10735373054213634,0.30864197530864196
198,13.103864734299517,37.69457863660762,20.148953301127214,3.1065485775630703,9.03113258185722,2.5831991411701556,12.285292538915728,0.46967257112184646,0.8521202361782072,0.30864197530864196,0.10735373054213634,0.30864197530864196
199,13.231347289318304,37.61406333870102,20.148953301127214,3.099838969404187,9.03113258185722,2.5496511003757383,12.285292538915728,0.46296296296296297,0.8521202361782072,0.30864197530864196,0.10735373054213634,0.30864197530864196
200,13.45276435856146,37.4597423510467,20.12211486849168,3.0730005367686526,9.03113258185722,2.536231884057971,12.285292538915728,0.46296296296296297,0.8521202361782072,0.30864197530864196,0.10735373054213634,0.30864197530864196
201,13.506441223832528,37.446323134728935,20.088566827697264,3.0730005367686526,9.03113258185722,2.536231884057971,12.278582930756844,0.46296296296296297,0.8521202361782072,0.30864197530864196,0.10735373054213634,0.30864197530864196
202,13.821792807300053,37.37251744498121,20.061728395061728,3.0730005367686526,8.836553945249598,2.536231884057971,12.258454106280194,0.46296296296296297,0.8521202361782072,0.30864197530864196,0.10735373054213634,0.30864197530864196
203,13.56682769726248,37.35238862050456,20.034889962426195,3.066290928609769,9.4873859366613,2.536231884057971,11.916264090177133,0.46296296296296297,0.8521202361782072,0.30864197530864196,0.10735373054213634,0.30864197530864196
204,13.45276435856146,37.34567901234568,20.276435856146,2.985775630703167,9.473966720343531,2.536231884057971,11.889425657541599,0.46296296296296297,0.8521202361782072,0.30864197530864196,0.10735373054213634,0.30864197530864196
205,13.734567901234568,37.25174449812131,20.148953301127214,2.985775630703167,9.440418679549115,2.509393451422437,11.889425657541599,0.46296296296296297,0.8521202361782072,0.30864197530864196,0.10735373054213634,0.30864197530864196
206,13.848631239935587,36.9699409554482,19.961084272678477,2.985775630703167,8.776167471819646,2.509393451422437,11.889425657541599,0.8185721953837896,1.5163714439076759,0.30864197530864196,0.10735373054213634,0.30864197530864196
207,13.955984970477724,36.9699409554482,19.90740740740741,2.985775630703167,8.776167471819646,2.4557165861513686,11.889425657541599,0.8185721953837896,1.5163714439076759,0.30864197530864196,0.10735373054213634,0.30864197530864196
208,13.781535158346752,36.94981213097155,20.115405260332796,2.9723564143853998,8.776167471819646,2.4557165861513686,11.889425657541599,0.8185721953837896,1.5163714439076759,0.30864197530864196,0.10735373054213634,0.30864197530864196
209,14.103596349973161,36.94981213097155,20.04830917874396,2.9723564143853998,8.521202361782072,2.4557165861513686,11.332528180354267,0.8185721953837896,1.4895330112721417,0.8923778851315083,0.10735373054213634,0.30864197530864196
210,14.184111647879764,36.922973698336016,19.994632313472895,2.9723564143853998,8.521202361782072,2.4557165861513686,11.332528180354267,0.8185721953837896,1.4895330112721417,0.8923778851315083,0.10735373054213634,0.30864197530864196
211,14.17740203972088,36.902844873859365,19.981213097155127,2.945517981749866,8.621846484165324,2.4557165861513686,11.29898013955985,0.8185721953837896,1.4895330112721417,0.8923778851315083,0.10735373054213634,0.30864197530864196
212,14.190821256038648,36.902844873859365,19.981213097155127,2.945517981749866,8.621846484165324,2.4557165861513686,11.097691894793345,0.8185721953837896,1.4895330112721417,1.0802469135802468,0.10735373054213634,0.30864197530864196
213,14.251207729468598,36.64117015566291,19.981213097155127,2.9253891572732154,8.621846484165324,2.677133655394525,11.097691894793345,0.8185721953837896,1.4895330112721417,1.0802469135802468,0.10735373054213634,0.30864197530864196
214,14.439076757917338,36.63446054750403,19.90740740740741,2.918679549114332,8.521202361782072,2.677133655394525,11.097691894793345,0.8185721953837896,1.4895330112721417,1.0802469135802468,0.10735373054213634,0.30864197530864196
215,14.593397745571659,36.50697799248524,19.585346215780998,2.918679549114332,8.487654320987655,3.166935050993022,10.93666129898014,0.8185721953837896,1.4895330112721417,1.0802469135802468,0.10735373054213634,0.30864197530864196
216,14.801395598497047,36.47342995169082,19.585346215780998,2.918679549114332,8.474235104669887,3.166935050993022,10.802469135802468,0.8185721953837896,1.4895330112721417,1.0534084809447128,0.10735373054213634,0.30864197530864196
217,14.841653247450349,36.4398819108964,19.585346215780998,2.918679549114332,8.474235104669887,3.166935050993022,10.795759527643586,0.8185721953837896,1.4895330112721417,1.0534084809447128,0.10735373054213634,0.30864197530864196
218,14.908749329039184,36.4398819108964,19.565217391304348,2.918679549114332,8.454106280193237,3.166935050993022,10.768921095008052,0.8185721953837896,1.4895330112721417,1.0534084809447128,0.10735373054213634,0.30864197530864196
219,15.143585614600108,36.211755233494365,19.565217391304348,2.918679549114332,8.454106280193237,3.166935050993022,10.762211486849168,0.8185721953837896,1.4895330112721417,1.0534084809447128,0.10735373054213634,0.30864197530864196
220,15.250939345142244,36.171497584541065,19.53166935050993,2.918679549114332,8.454106280193237,3.166935050993022,10.762211486849168,0.8185721953837896,1.4895330112721417,1.0198604401502953,0.10735373054213634,0.30864197530864196
221,15.318035426731079,36.14465915190553,19.49141170155663,2.918679549114332,8.454106280193237,3.166935050993022,10.762211486849168,0.8185721953837896,1.4895330112721417,1.0198604401502953,0.10735373054213634,0.30864197530864196
222,15.405260332796564,36.11782071926999,19.49141170155663,2.918679549114332,8.393719806763285,3.166935050993022,10.762211486849168,0.8185721953837896,1.4895330112721417,1.0198604401502953,0.10735373054213634,0.30864197530864196
223,15.405260332796564,35.96349973161568,19.64573268921095,2.918679549114332,8.393719806763285,3.166935050993022,10.762211486849168,0.8185721953837896,1.4895330112721417,1.0198604401502953,0.10735373054213634,0.30864197530864196
224,15.022812667740205,35.57434245840043,19.464573268921097,2.3550724637681157,8.36688137412775,4.730273752012883,10.762211486849168,0.798443370907139,1.4895330112721417,1.0198604401502953,0.10735373054213634,0.30864197530864196
225,15.157004830917874,35.46698872785829,19.43773483628556,2.3550724637681157,8.36688137412775,4.730273752012883,10.762211486849168,0.798443370907139,1.4895330112721417,1.0198604401502953,0.10735373054213634,0.30864197530864196
226,15.177133655394526,35.42002147074611,19.43102522812668,2.3550724637681157,8.36688137412775,4.904723564143854,10.621309715512615,0.798443370907139,1.4895330112721417,1.0198604401502953,0.10735373054213634,0.30864197530864196
227,15.271068169618895,35.37976382179281,19.410896403650028,2.3550724637681157,8.36688137412775,4.904723564143854,10.59447128287708,0.798443370907139,1.4895330112721417,1.0131508319914118,0.10735373054213634,0.30864197530864196
228,15.26435856146001,35.21202361782072,19.585346215780998,2.3550724637681157,8.36688137412775,4.904723564143854,10.59447128287708,0.798443370907139,1.4895330112721417,1.0131508319914118,0.10735373054213634,0.30864197530864196
229,15.398550724637682,35.15163714439077,19.585346215780998,2.3550724637681157,8.36688137412775,4.904723564143854,10.554213633923778,0.798443370907139,1.4895330112721417,0.9796027911969941,0.10735373054213634,0.30864197530864196
230,15.4723564143854,35.11808910359635,19.585346215780998,2.3349436392914655,8.353462157809984,4.904723564143854,10.554213633923778,0.7917337627482555,1.4895330112721417,0.9796027911969941,0.10735373054213634,0.30864197530864196
231,15.646806226516372,35.05099302200752,19.51154052603328,2.3349436392914655,8.319914117015566,4.904723564143854,10.554213633923778,0.7917337627482555,1.4895330112721417,0.9796027911969941,0.10735373054213634,0.30864197530864196
232,15.754159957058508,35.037573805689746,19.47128287707998,2.3349436392914655,8.293075684380032,4.884594739667204,10.547504025764896,0.7917337627482555,1.4895330112721417,0.9796027911969941,0.10735373054213634,0.30864197530864196
