,45,50,55,51,54,53,52,56,59,57,58
0,98.06763285024155,1.932367149758454,,,,,,,,,
1,98.03408480944712,1.9659151905528718,,,,,,,,,
2,97.77911969940955,2.2208803005904456,,,,,,,,,
3,82.48121309715512,16.988727858293075,0.5300590445517982,,,,,,,,
4,68.5252281266774,30.9447128287708,0.5300590445517982,,,,,,,,
5,64.5330112721417,32.930756843800324,0.5300590445517982,0.644122383252818,1.3620504562533549,,,,,,
6,63.75469672571122,32.769726247987116,0.5300590445517982,0.644122383252818,1.3620504562533549,0.9393451422436929,,,,,
7,63.781535158346756,32.74288781535159,0.5300590445517982,0.644122383252818,1.3620504562533549,0.9393451422436929,,,,,
8,62.493290391841114,34.064680622651636,0.5300590445517982,0.644122383252818,1.328502415458937,0.9393451422436929,,,,,
9,62.5,34.05797101449275,0.5300590445517982,0.644122383252818,1.328502415458937,0.9393451422436929,,,,,
10,62.513419216317764,34.044551798174986,0.5300590445517982,0.644122383252818,1.328502415458937,0.9393451422436929,,,,,
11,62.23161567364466,34.245840042941495,0.5300590445517982,0.644122383252818,1.3016639828234031,0.9393451422436929,0.10735373054213634,,,,
12,58.82984433709071,37.64761137949544,0.5300590445517982,0.644122383252818,1.3016639828234031,0.9393451422436929,0.10735373054213634,,,,
13,58.97745571658615,37.5,0.5300590445517982,0.644122383252818,1.3016639828234031,0.9393451422436929,0.10735373054213634,,,,
14,54.32769726247987,30.10601180891036,0.6642512077294686,0.644122383252818,1.3016639828234031,0.8387010198604401,12.117552334943639,,,,
15,54.26060118089104,30.26033279656468,0.6642512077294686,0.644122383252818,1.3016639828234031,0.8387010198604401,12.030327428878154,,,,
16,53.757380568974774,28.482286634460547,0.6172839506172839,0.644122383252818,1.3016639828234031,0.8387010198604401,14.358561460010735,,,,
17,46.484165324745035,35.601180891035966,0.6172839506172839,1.261406333870102,0.9057971014492754,0.8387010198604401,14.2914653784219,,,,
18,46.64519592055824,35.527375201288244,0.6172839506172839,1.261406333870102,0.9057971014492754,0.8387010198604401,14.204240472356414,,,,
19,45.94068706387547,33.36688137412775,0.5434782608695652,14.868491680085883,0.9057971014492754,0.8387010198604401,3.535963499731616,,,,
20,46.00107353730542,33.3870101986044,0.5434782608695652,14.660493827160494,0.9057971014492754,0.8387010198604401,3.535963499731616,0.1274825550187869,,,
21,43.18974771873322,33.21926999463231,0.5434782608695652,18.055555555555557,1.247987117552335,0.8387010198604401,2.7777777777777777,0.1274825550187869,,,
22,43.27026301663983,33.21926999463231,0.5434782608695652,17.975040257648953,1.247987117552335,0.8387010198604401,2.7777777777777777,0.1274825550187869,,,
23,42.84084809447128,32.588566827697264,0.5434782608695652,15.485775630703166,1.2412775093934514,4.723564143853999,2.0397208803005906,0.5367686527106817,,,
24,40.163714439076756,35.23215244229737,0.630703166935051,15.432098765432098,1.2412775093934514,4.723564143853999,2.0397208803005906,0.5367686527106817,,,
25,32.21282877079979,45.967525496511,0.630703166935051,12.654320987654321,1.2412775093934514,4.723564143853999,2.033011272141707,0.5367686527106817,,,
26,32.31347289318304,45.67901234567901,0.630703166935051,12.855609232420827,1.2412775093934514,4.7101449275362315,2.033011272141707,0.5367686527106817,,,
27,32.41411701556629,45.63204508856683,0.630703166935051,12.801932367149758,1.2412775093934514,4.7101449275362315,2.033011272141707,0.5367686527106817,,,
28,32.31347289318304,45.12211486849168,1.2412775093934514,12.801932367149758,1.2412775093934514,4.7101449275362315,2.033011272141707,0.5367686527106817,,,
29,31.870638754696724,38.88217928073001,1.0265700483091786,19.80005367686527,1.2412775093934514,4.7101449275362315,1.932367149758454,0.5367686527106817,,,
30,31.870638754696724,38.0300590445518,1.0265700483091786,19.80005367686527,2.1135265700483092,4.703435319377348,1.9189479334406871,0.5367686527106817,,,
31,31.676060118089104,36.533816425120776,2.7979066022544283,19.766505636070853,2.073268921095008,4.703435319377348,1.9189479334406871,0.5300590445517982,,,
32,31.749865807836823,35.567632850241544,2.7979066022544283,19.685990338164252,2.073268921095008,5.676328502415459,1.9189479334406871,0.5300590445517982,,,
33,23.309178743961354,44.18947933440687,2.965646806226516,19.33709071390231,2.073268921095008,5.676328502415459,1.9189479334406871,0.5300590445517982,,,
34,23.362855609232422,43.203166935050994,2.965646806226516,19.33709071390231,2.073268921095008,6.608964036500268,1.9189479334406871,0.5300590445517982,,,
35,22.819377348362856,39.378690284487384,2.965646806226516,19.202898550724637,1.9659151905528718,11.218464841653248,1.9189479334406871,0.5300590445517982,,,
36,22.094739667203434,37.9898013955985,2.898550724637681,17.062533548040793,1.9659151905528718,12.614063338701019,4.74369296833065,0.630703166935051,,,
37,22.52415458937198,37.8690284487386,2.7509393451422435,16.988727858293075,1.9659151905528718,12.546967257112184,4.723564143853999,0.630703166935051,,,
38,22.611379495437465,37.775093934514224,2.7509393451422435,16.955179817498657,1.9659151905528718,12.5,4.810789049919484,0.630703166935051,,,
39,22.67176596886742,37.775093934514224,2.7509393451422435,16.928341384863124,1.9659151905528718,12.466451959205582,4.810789049919484,0.630703166935051,,,
40,21.517713365539453,35.16505636070853,2.7308105206655933,21.598228663446054,1.9659151905528718,11.634460547504025,4.757112184648417,0.630703166935051,,,
41,19.85373054213634,33.756038647343,2.7308105206655933,25.261674718196456,1.9659151905528718,11.117820719269995,4.703435319377348,0.6105743424584005,,,
42,16.63311862587225,29.622920021470748,2.5429414922168547,34.19887278582931,3.33467525496511,11.117820719269995,1.556629092860977,0.9930220075147611,,,
43,16.948470209339774,29.622920021470748,2.5429414922168547,33.903650026838434,3.33467525496511,11.117820719269995,1.556629092860977,0.9728931830381106,,,
44,14.472624798711756,26.516371443907676,2.703972088030059,42.210144927536234,3.260869565217391,8.682232957595277,1.556629092860977,0.5971551261406334,,,
45,14.284755770263017,24.805421363392377,2.703972088030059,41.41170155662909,3.2139023081052067,11.426462694578637,1.556629092860977,0.5971551261406334,,,
46,14.593397745571659,24.758454106280194,2.703972088030059,41.15002683843264,3.2139023081052067,11.426462694578637,1.556629092860977,0.5971551261406334,,,
47,14.687332259796028,24.684648416532475,2.703972088030059,41.136607622114866,3.207192699946323,11.426462694578637,1.556629092860977,0.5971551261406334,,,
48,14.472624798711756,22.644927536231883,2.301395598497048,39.62694578636608,3.3548040794417604,10.654857756307031,6.347289318303811,0.5971551261406334,,,
49,14.673913043478262,22.5979602791197,2.301395598497048,39.51959205582394,3.3548040794417604,10.641438539989265,6.3137412775093935,0.5971551261406334,,,
50,14.667203435319378,22.31615673644659,2.6167471819645733,38.506441223832525,3.3548040794417604,11.627750939345143,6.3137412775093935,0.5971551261406334,,,
51,14.76784755770263,22.309447128287708,2.6167471819645733,38.378958668813745,3.3548040794417604,11.580783682232958,6.3137412775093935,0.6776704240472357,,,
52,15.24422973698336,21.443907675791735,2.6637144390767578,38.56682769726248,3.2541599570585076,10.38647342995169,6.910896403650026,1.5297906602254427,,,
53,15.237520128824476,21.14868491680086,2.9790660225442833,38.56682769726248,3.2541599570585076,10.38647342995169,6.89747718733226,1.5297906602254427,,,
54,15.599838969404187,20.893719806763286,3.1736446591519054,38.32528180354267,3.2541599570585076,10.332796564680622,6.890767579173376,1.5297906602254427,,,
55,15.827965646806227,20.658883521202362,3.1736446591519054,36.86929683306495,3.2541599570585076,11.902844873859367,6.890767579173376,1.4224369296833066,,,
56,16.022544283413847,20.571658615136876,3.1736446591519054,36.7686527106817,3.2541599570585076,11.902844873859367,6.884057971014493,1.4224369296833066,,,
57,15.780998389694043,20.336822329575952,3.1736446591519054,35.560923242082666,3.2474503488996245,11.741814278046162,8.735909822866345,1.4224369296833066,,,
58,15.955448201825014,20.276435856146,3.1736446591519054,33.803005904455176,3.2474503488996245,13.539989264626946,8.61513687600644,1.3888888888888888,,,
59,16.056092324208265,19.89398819108964,3.2340311325818574,33.675523349436396,3.2474503488996245,12.734836285560924,9.702093397745571,1.4559849704777241,,,
60,16.089640365002683,19.94766505636071,3.2340311325818574,33.44739667203435,3.2474503488996245,12.734836285560924,9.702093397745571,1.596886741814278,,,
61,16.17686527106817,19.82018250134192,2.9052603327965647,33.00456253354804,3.2474503488996245,13.580246913580247,9.668545356951155,1.596886741814278,,,
62,16.015834675254965,19.87385936661299,2.9052603327965647,34.13848631239936,3.3480944712828773,12.593934514224369,9.634997316156737,1.4895330112721417,,,
63,15.277777777777779,18.21658615136876,3.3480944712828773,39.50617283950617,3.3480944712828773,9.930220075147611,8.957326892109501,1.415727321524423,,,
64,15.26435856146001,17.652979066022546,3.911701556629093,35.889694041867955,6.977992485238862,9.930220075147611,8.957326892109501,1.415727321524423,,,
65,15.331454643048845,17.639559849704778,3.911701556629093,35.869565217391305,6.977992485238862,9.896672034353195,8.957326892109501,1.415727321524423,,,
66,14.814814814814815,16.13660762211487,3.8580246913580245,39.371980676328505,6.414385399892646,8.970746108427267,8.890230810520666,1.5432098765432098,,,
67,15.01610305958132,16.13660762211487,3.824476650563607,39.231078904991946,6.387546967257112,8.970746108427267,8.890230810520666,1.5432098765432098,,,
68,15.197262479871176,16.109769189479334,3.81105743424584,39.090177133655395,6.494900697799249,8.970746108427267,8.78287707997853,1.5432098765432098,,,
69,15.271068169618895,16.09634997316157,3.81105743424584,38.05018786902845,5.810520665593129,8.970746108427267,10.265700483091788,1.724369296833065,,,
70,13.801663982823403,14.358561460010735,3.207192699946323,41.78073000536769,5.2066559312936125,9.54777241009125,10.373054213633925,1.724369296833065,,,
71,13.774825550187868,14.358561460010735,4.025764895330113,40.995705850778315,5.199946323134729,9.54777241009125,10.373054213633925,1.724369296833065,,,
72,13.848631239935587,13.6808910359635,3.978797638217928,43.53193773483628,5.199946323134729,9.252549651100376,8.78287707997853,1.724369296833065,,,
73,14.13714439076758,13.654052603327965,4.549114331723027,42.94820182501342,5.052334943639291,9.219001610305957,8.662104133118627,1.778046162104133,,,
74,14.278046162104133,13.654052603327965,4.549114331723027,42.84755770263017,5.052334943639291,9.219001610305957,8.655394524959743,1.7444981213097155,,,
75,14.325013419216317,13.580246913580247,4.636339237788513,42.81400966183575,5.052334943639291,9.192163177670425,8.655394524959743,1.7444981213097155,,,
76,14.103596349973161,13.311862587224907,3.7372517444981215,42.50536768652711,4.998658078368224,9.192163177670425,10.473698336017177,1.6774020397208802,,,
77,14.11701556629093,12.989801395598498,4.49543746645196,38.58695652173913,4.998658078368224,9.118357487922705,13.935856146001074,1.7579173376274826,,,
78,14.150563607085346,12.882447665056361,4.49543746645196,38.5601180891036,5.146269457863661,9.084809447128288,13.935856146001074,1.7444981213097155,,,
79,13.499731615673644,12.86231884057971,4.884594739667204,37.7012882447665,5.146269457863661,11.392914653784219,12.909286097691895,1.6035963499731616,,,
80,13.56682769726248,12.848899624261943,4.884594739667204,37.65432098765432,5.146269457863661,11.392914653784219,12.902576489533011,1.6035963499731616,,,
81,13.600375738056897,12.848899624261943,4.884594739667204,37.65432098765432,5.146269457863661,11.3593666129898,12.902576489533011,1.6035963499731616,,,
82,14.04320987654321,12.822061191626409,4.884594739667204,37.57380568974772,5.146269457863661,11.325818572195384,12.600644122383253,1.6035963499731616,,,
83,13.962694578636608,12.117552334943639,4.300858829844337,40.975577026301664,5.146269457863661,11.325818572195384,10.57434245840043,1.596886741814278,,,
84,14.002952227589908,11.969940955448202,4.428341384863124,40.9621578099839,5.146269457863661,11.325818572195384,10.567632850241546,1.596886741814278,,,
85,10.869565217391305,33.353462157809986,4.193505099302201,30.723295759527645,10.25228126677402,2.4355877616747184,6.937734836285561,1.2345679012345678,,,
86,10.950080515297907,33.333333333333336,4.193505099302201,30.723295759527645,10.19189479334407,2.4355877616747184,6.937734836285561,1.2345679012345678,,,
87,11.023886205045626,33.2662372517445,4.1129898013955986,27.623456790123456,10.19189479334407,2.4355877616747184,10.165056360708535,1.1808910359634996,,,
88,11.238593666129898,33.21926999463231,4.1129898013955986,27.455716586151368,10.19189479334407,2.4355877616747184,10.165056360708535,1.1808910359634996,,,
89,11.312399355877616,33.07836822329576,4.012345679012346,26.932367149758456,10.19189479334407,2.4355877616747184,10.165056360708535,1.8719806763285025,,,
90,11.33923778851315,32.87707997852925,3.9989264626945786,26.838432635534083,10.373054213633925,2.4355877616747184,10.131508319914117,2.006172839506173,,,
91,11.627750939345143,32.71604938271605,3.9989264626945786,26.744498121309714,10.373054213633925,2.4355877616747184,10.0979602791197,2.006172839506173,,,
92,11.842458400429415,32.37385936661299,3.8714439076757916,24.268652710681696,9.957058507783145,2.4355877616747184,13.45276435856146,1.7981749865807837,,,
93,11.855877616747183,32.44095544820183,4.005636070853462,24.268652710681696,9.742351046698873,2.4355877616747184,13.45276435856146,1.7981749865807837,,,
94,11.996779388083736,31.756575415995705,4.609500805152979,24.235104669887278,9.581320450885668,2.4355877616747184,13.45276435856146,1.7981749865807837,0.13419216317767044,,
95,12.13768115942029,31.4345142243693,4.891304347826087,24.16129898013956,9.554482018250134,2.4355877616747184,13.45276435856146,1.7981749865807837,0.13419216317767044,,
96,12.372517444981213,31.266774020397207,4.891304347826087,24.094202898550726,9.554482018250134,2.4355877616747184,13.45276435856146,1.7981749865807837,0.13419216317767044,,
97,12.526838432635534,31.19296833064949,4.884594739667204,23.919753086419753,9.54777241009125,2.4355877616747184,13.45276435856146,1.90552871712292,0.13419216317767044,,
98,12.86231884057971,30.3743961352657,4.757112184648417,23.718464841653248,10.21202361782072,2.4355877616747184,13.425925925925926,2.0799785292538915,0.13419216317767044,,
99,12.989801395598498,30.300590445517983,4.757112184648417,23.718464841653248,10.158346752549651,2.4355877616747184,13.425925925925926,2.0799785292538915,0.13419216317767044,,
100,13.097155126140633,30.293880837359097,4.824208266237251,23.617820719269993,10.131508319914117,2.4355877616747184,13.41250670960816,2.0531400966183573,0.13419216317767044,,
101,13.271604938271604,30.213365539452496,4.824208266237251,23.537305421363392,10.11808910359635,2.4355877616747184,13.41250670960816,2.0531400966183573,0.13419216317767044,,
102,13.365539452495975,30.14626945786366,4.824208266237251,23.537305421363392,10.091250670960816,2.4355877616747184,13.41250670960816,2.0531400966183573,0.13419216317767044,,
103,13.023349436392914,30.689747718733226,4.824208266237251,23.34272678475577,10.091250670960816,2.4355877616747184,13.405797101449275,2.0531400966183573,0.13419216317767044,,
104,13.137412775093935,30.589103596349972,4.736983360171766,22.067901234567902,6.8035426731078905,3.81105743424584,16.82769726247987,2.0263016639828235,,,
105,13.150831991411701,30.50187869028449,4.8443370907139025,22.04777241009125,6.8035426731078905,3.81105743424584,16.814278046162105,2.0263016639828235,,,
106,13.18438003220612,30.48174986580784,4.951690821256038,21.866612989801396,6.8035426731078905,3.797638217928073,16.814278046162105,2.100107353730542,,,
107,13.298443370907139,30.46833064949007,5.092592592592593,21.85319377348363,6.8035426731078905,3.7909286097691894,16.59286097691895,2.100107353730542,,,
108,13.499731615673644,30.46833064949007,4.985238862050457,21.806226516371442,6.756575415995706,3.7909286097691894,16.59286097691895,2.100107353730542,,,
109,13.6406333870102,30.360976918947934,4.978529253891573,21.806226516371442,6.756575415995706,3.7909286097691894,16.566022544283413,2.100107353730542,,,
110,13.81508319914117,30.24020397208803,4.951690821256038,21.806226516371442,6.756575415995706,3.7909286097691894,16.53918411164788,2.100107353730542,,,
111,13.902308105206655,30.24020397208803,4.951690821256038,21.712292002147073,6.723027375201288,3.7909286097691894,16.465378421900162,2.100107353730542,,0.11406333870101985,
112,13.902308105206655,30.24020397208803,4.951690821256038,21.712292002147073,6.723027375201288,3.7909286097691894,16.465378421900162,2.100107353730542,,0.11406333870101985,
113,13.92914653784219,30.24020397208803,4.951690821256038,21.712292002147073,6.723027375201288,3.7640901771336552,16.465378421900162,2.100107353730542,,0.11406333870101985,
114,14.304884594739667,30.16639828234031,4.951690821256038,21.544551798174986,6.696188942565755,3.670155662909286,16.451959205582394,2.100107353730542,,0.11406333870101985,
115,14.452495974235104,29.58937198067633,5.542136339237788,21.390230810520666,6.696188942565755,3.670155662909286,16.451959205582394,2.0933977455716586,,0.11406333870101985,
116,14.660493827160494,29.54911433172303,5.662909286097692,20.564949006977994,6.535158346752549,3.6231884057971016,17.196725711218466,2.0933977455716586,,0.11406333870101985,
117,14.727589908749328,29.528985507246375,5.662909286097692,20.558239398819108,6.515029522275899,3.6231884057971016,17.19001610305958,2.0799785292538915,,0.11406333870101985,
118,14.579978529253891,28.6231884057971,5.730005367686527,21.155394524959743,4.884594739667204,3.603059581320451,19.310252281266774,1.9994632313472893,,0.11406333870101985,
119,14.486044015029522,28.589640365002683,5.475040257648954,19.558507783145465,4.884594739667204,6.139291465378422,18.760064412238325,1.9927536231884058,,0.11406333870101985,
120,14.687332259796028,28.509125067096083,5.4549114331723025,19.524959742351047,4.8443370907139025,6.139291465378422,18.733225979602793,1.9927536231884058,,0.11406333870101985,
121,14.761137949543746,28.428609769189478,5.535426731078905,19.47128287707998,4.8443370907139025,6.139291465378422,18.71309715512614,1.9927536231884058,,0.11406333870101985,
122,14.928878153515834,28.421900161030596,5.535426731078905,19.33709071390231,4.8443370907139025,6.125872249060655,18.699677938808374,1.9927536231884058,,0.11406333870101985,
123,15.24422973698336,28.10654857756307,5.434782608695652,19.249865807836823,5.421363392377885,6.099033816425121,18.337359098228664,1.9927536231884058,,0.11406333870101985,
124,15.365002683843263,27.992485238862052,5.434782608695652,19.176060118089104,5.407944176060118,6.327160493827161,18.203166935050994,1.9793344068706387,,0.11406333870101985,
125,15.49248523886205,28.039452495974235,5.589103596349974,19.04186795491143,5.246913580246914,6.320450885668277,18.17632850241546,1.9793344068706387,,0.11406333870101985,
126,15.58641975308642,28.039452495974235,5.589103596349974,18.99490069779925,5.246913580246914,6.320450885668277,18.129361245303276,1.9793344068706387,,0.11406333870101985,
127,15.633387010198604,28.005904455179817,5.589103596349974,18.99490069779925,5.233494363929147,6.320450885668277,18.129361245303276,1.9793344068706387,,0.11406333870101985,
128,15.640096618357488,27.89855072463768,5.562265163714439,18.99490069779925,5.548845947396672,6.132581857219538,18.129361245303276,1.9793344068706387,,0.11406333870101985,
129,15.734031132581856,27.84487385936661,5.562265163714439,18.95464304884595,5.548845947396672,6.132581857219538,18.129361245303276,1.9793344068706387,,0.11406333870101985,
130,16.022544283413847,27.750939345142243,5.522007514761138,18.92109500805153,5.548845947396672,6.125872249060655,18.08239398819109,1.9122383252818036,,0.11406333870101985,
131,16.06280193236715,27.24771873322598,5.320719269994632,18.853998926462694,7.7831454643048845,5.9514224369296835,16.75389157273215,1.9122383252818036,,0.11406333870101985,
132,16.284219001610307,27.24771873322598,5.2066559312936125,18.793612453032743,7.7831454643048845,5.9514224369296835,16.75389157273215,1.9122383252818036,,0.06709608158883522,
133,16.378153515834676,27.200751476113794,5.2066559312936125,18.78690284487386,7.7831454643048845,5.9514224369296835,16.71363392377885,1.9122383252818036,,0.06709608158883522,
134,16.418411164787976,27.200751476113794,5.2066559312936125,18.746645195920557,7.7831454643048845,5.9514224369296835,16.71363392377885,1.9122383252818036,,0.06709608158883522,
135,16.646537842190018,27.18733225979603,5.2066559312936125,18.297101449275363,7.7831454643048845,5.917874396135265,16.700214707461082,2.1940418679549114,,0.06709608158883522,
136,16.512345679012345,27.395330112721417,5.193236714975845,18.297101449275363,7.7831454643048845,5.911164787976382,16.646537842190018,2.1940418679549114,,0.06709608158883522,
137,16.324476650563607,27.22758990874933,5.307300053676865,18.203166935050994,7.7831454643048845,7.427536231884058,15.391841116478798,2.1940418679549114,,0.14090177133655393,
138,16.472088030059044,27.194041867954912,5.293880837359098,18.169618894256576,7.7831454643048845,7.776435856146001,14.97584541062802,2.1940418679549114,,0.14090177133655393,
139,16.720343531937736,27.120236178207193,5.293880837359098,18.089103596349972,7.7831454643048845,7.769726247987117,14.888620504562533,2.1940418679549114,,0.14090177133655393,
140,16.814278046162105,27.093397745571657,5.293880837359098,18.055555555555557,7.7831454643048845,7.769726247987117,14.855072463768115,2.1940418679549114,,0.14090177133655393,
141,16.820987654320987,27.086688137412775,5.287171229200215,18.04884594739667,7.669082125603865,7.769726247987117,14.761137949543746,2.328234031132582,,0.2281266774020397,
142,17.09608158883521,27.066559312936125,5.179817498658078,18.015297906602253,7.7361782071927,7.648953301127214,14.700751476113794,2.328234031132582,,0.2281266774020397,
143,17.236983360171767,26.94578636607622,5.307300053676865,17.954911433172303,7.702630166398282,7.648953301127214,14.647074610842727,2.328234031132582,,0.2281266774020397,
144,17.290660225442835,26.898819108964037,5.381105743424584,17.921363392377884,7.702630166398282,7.648953301127214,14.647074610842727,2.281266774020397,,0.2281266774020397,
145,17.317498658078367,26.918947933440688,5.46833064949007,17.881105743424584,7.702630166398282,7.628824476650563,14.573268921095009,2.281266774020397,,0.2281266774020397,
146,17.485238862050455,26.858561460010737,5.46833064949007,17.881105743424584,7.689210950080516,7.581857219538379,14.526301663982823,2.281266774020397,,0.2281266774020397,
147,17.498658078368223,26.617015566290927,5.448201825013419,17.881105743424584,7.977724100912507,7.561728395061729,14.51959205582394,2.26784755770263,,0.2281266774020397,
148,17.66639828234031,26.583467525496513,5.434782608695652,17.800590445517983,7.950885668276973,7.561728395061729,14.512882447665056,2.2611379495437465,,0.2281266774020397,
149,17.62614063338701,26.268115942028984,5.515297906602254,18.035426731078903,8.044820182501342,7.555018786902845,14.49946323134729,2.227589908749329,,0.2281266774020397,
150,17.746913580246915,26.25469672571122,5.562265163714439,18.02200751476114,8.152173913043478,7.367149758454106,14.445786366076222,2.2208803005904456,,0.2281266774020397,
151,17.834138486312398,26.25469672571122,5.542136339237788,17.914653784219002,8.13875469672571,7.300053676865271,14.432367149758454,2.3550724637681157,,0.2281266774020397,
152,17.941492216854535,26.25469672571122,5.649490069779925,17.827428878153516,8.13875469672571,7.300053676865271,14.325013419216317,2.3349436392914655,,0.2281266774020397,
153,18.149490069779926,26.133923778851315,5.770263016639828,17.726784755770264,8.13875469672571,7.25979602791197,14.325013419216317,2.26784755770263,,0.2281266774020397,
154,18.370907139023082,26.06682769726248,5.770263016639828,17.55233494363929,8.13875469672571,7.239667203435319,14.257917337627482,2.3752012882447664,,0.2281266774020397,
155,18.625872249060656,26.02657004830918,5.703166935050993,17.465110037573805,8.111916264090176,7.206119162640902,14.257917337627482,2.3752012882447664,,0.2281266774020397,
156,18.679549114331724,25.89908749329039,5.8172302737520125,17.465110037573805,8.044820182501342,7.206119162640902,14.13714439076758,2.522812667740204,,0.2281266774020397,
157,18.88083735909823,25.711218464841654,5.8172302737520125,17.45169082125604,8.044820182501342,7.206119162640902,14.13714439076758,2.522812667740204,,0.2281266774020397,
158,18.947933440687063,25.657541599570585,5.8172302737520125,17.45169082125604,8.031400966183575,7.206119162640902,14.13714439076758,2.522812667740204,,0.2281266774020397,
159,19.14922168545357,25.5300590445518,5.8172302737520125,17.37788513150832,8.031400966183575,7.206119162640902,14.13714439076758,2.522812667740204,,0.2281266774020397,
160,19.182769726247987,25.49651100375738,5.730005367686527,17.351046698872786,8.031400966183575,7.206119162640902,14.13714439076758,2.636876006441224,,0.2281266774020397,
161,19.048577563070317,25.295222758990874,5.857487922705314,21.121846484165324,6.78341384863124,7.192699946323135,11.90955448201825,2.636876006441224,,0.15432098765432098,
162,19.229736983360173,24.792002147074612,5.776972624798712,21.121846484165324,7.25979602791197,7.1658615136876005,11.862587224906065,2.636876006441224,,0.15432098765432098,
163,19.26328502415459,24.724906065485776,5.776972624798712,21.061460010735374,7.25979602791197,7.118894256575416,12.00348899624262,2.636876006441224,,0.15432098765432098,
164,19.49812130971551,24.56387546967257,5.891035963499732,20.833333333333332,7.253086419753086,6.414385399892646,12.647611379495437,2.7442297369833604,,0.15432098765432098,
165,19.706119162640903,24.44981213097155,5.83064949006978,20.779656468062264,7.360440150295223,6.400966183574879,12.573805689747719,2.7442297369833604,,0.15432098765432098,
166,19.80005367686527,24.402844873859365,5.6964573268921095,20.7662372517445,7.360440150295223,6.374127750939345,12.701288244766506,2.7442297369833604,,0.15432098765432098,
167,19.82018250134192,24.302200751476114,5.8239398819108965,20.7662372517445,7.313472893183038,6.374127750939345,12.701288244766506,2.7442297369833604,,0.15432098765432098,
168,19.91411701556629,24.208266237251745,5.8239398819108965,20.7662372517445,7.313472893183038,6.374127750939345,12.701288244766506,2.7442297369833604,,0.15432098765432098,
169,19.900697799248523,24.154589371980677,5.8239398819108965,20.7662372517445,7.380568974771873,6.374127750939345,12.701288244766506,2.7442297369833604,,0.15432098765432098,
170,20.041599570585078,24.08078368223296,5.8239398819108965,20.719269994632313,7.380568974771873,6.374127750939345,12.68786902844874,2.737520128824477,,0.15432098765432098,
171,20.242887815351583,23.872785829307567,5.770263016639828,19.753086419753085,7.333601717659689,6.374127750939345,13.714439076757918,2.8515834675254963,,0.08722490606548577,
172,20.477724100912507,23.718464841653248,5.897745571658615,19.732957595276435,7.27992485238862,6.353998926462695,13.667471819645733,2.7844873859366612,,0.08722490606548577,
173,20.477724100912507,23.718464841653248,5.9514224369296835,19.6256038647343,7.27992485238862,6.427804616210413,13.647342995169081,2.7844873859366612,,0.08722490606548577,
174,20.229468599033815,24.282071926999464,5.9514224369296835,19.424315619967793,7.27992485238862,6.427804616210413,13.533279656468062,2.7844873859366612,,0.08722490606548577,
175,20.04830917874396,24.08078368223296,5.924584004294149,18.45813204508857,7.27992485238862,7.877079978529254,13.533279656468062,2.7106816961889426,,0.08722490606548577,
176,20.316693505099302,24.06736446591519,5.924584004294149,18.323939881910896,7.239667203435319,7.87037037037037,13.22463768115942,2.8113258185721954,,0.2214170692431562,
177,20.491143317230275,23.886205045625335,6.005099302200751,18.310520665593128,7.179280730005368,7.87037037037037,13.22463768115942,2.8113258185721954,,0.2214170692431562,
178,20.517981749865807,23.859366612989803,6.005099302200751,18.310520665593128,7.179280730005368,7.87037037037037,13.137412775093935,2.8113258185721954,,0.30864197530864196,
179,19.880568974771872,24.174718196457327,5.998389694041868,17.773752012882447,7.159151905528717,7.856951154052603,14.036500268384327,2.8113258185721954,,0.30864197530864196,
180,20.02818035426731,23.517176596886742,6.9310252281266775,17.773752012882447,7.071926999463232,7.843531937734836,13.727858293075684,2.7979066022544283,,0.30864197530864196,
181,17.98174986580784,20.90042941492217,6.072195383789587,16.74718196457327,6.286902844873859,6.085614600107354,23.040794417606012,2.576489533011272,,0.30864197530864196,
182,18.183038110574344,20.799785292538918,6.052066559312936,16.686795491143318,6.213097155126141,6.085614600107354,23.09447128287708,2.576489533011272,,0.30864197530864196,
183,18.250134192163177,20.799785292538918,6.052066559312936,16.6532474503489,6.213097155126141,6.085614600107354,23.060923242082662,2.576489533011272,,0.30864197530864196,
184,16.210413311862588,19.296833064949006,4.683306494900698,25.805152979066023,4.851046698872786,5.783682232957595,20.605206655931294,2.5429414922168547,,0.2214170692431562,
185,16.210413311862588,19.202898550724637,4.656468062265164,25.55689747718733,4.528985507246377,5.756843800322061,21.289586688137412,2.576489533011272,,0.2214170692431562,
186,16.11647879763822,19.256575415995705,4.64975845410628,25.55689747718733,4.528985507246377,4.918142780461621,22.29602791196994,2.576489533011272,,0.10064412238325282,
187,16.324476650563607,19.216317767042405,4.64975845410628,25.55689747718733,4.502147074610843,4.918142780461621,22.15512614063339,2.576489533011272,,0.10064412238325282,
188,16.431830381105744,19.189479334406872,4.562533548040794,25.523349436392916,4.502147074610843,4.998658078368224,22.114868491680085,2.576489533011272,,0.10064412238325282,
189,16.55931293612453,19.162640901771336,4.53569511540526,25.301932367149757,4.502147074610843,4.998658078368224,22.27589908749329,2.563070316693505,,0.10064412238325282,
190,16.5727321524423,19.155931293612454,4.528985507246377,25.13419216317767,4.502147074610843,4.938271604938271,22.128287707997853,2.8247450348899625,,0.2147074610842727,
191,16.23725174449812,18.96135265700483,4.824208266237251,24.704777241009126,4.468599033816425,4.830917874396135,23.09447128287708,2.7509393451422435,,0.1274825550187869,
192,16.002415458937197,18.9345142243693,4.824208266237251,26.48953301127214,4.334406870638754,3.965378421900161,22.69860440150295,2.623456790123457,,0.1274825550187869,
193,16.170155662909288,18.894256575415994,4.824208266237251,26.41572732152442,4.327697262479871,3.9519592055823938,22.665056360708533,2.623456790123457,,0.1274825550187869,
194,16.19699409554482,18.887546967257112,4.958400429414922,26.301663982823403,4.327697262479871,3.9519592055823938,22.65163714439077,2.5966183574879227,,0.1274825550187869,
195,16.344605475040257,18.793612453032743,4.938271604938271,26.288244766505635,4.327697262479871,3.9519592055823938,22.65163714439077,2.576489533011272,,0.1274825550187869,
196,16.59957058507783,18.69296833064949,4.938271604938271,26.20101986044015,4.327697262479871,3.9519592055823938,22.584541062801932,2.576489533011272,,0.1274825550187869,
197,16.74718196457327,18.63929146537842,4.938271604938271,26.133923778851315,4.327697262479871,3.9452495974235107,22.564412238325282,2.576489533011272,,0.1274825550187869,
198,16.80756843800322,18.632581857219538,4.924852388620504,26.120504562533547,4.327697262479871,3.9452495974235107,22.38996242619431,2.576489533011272,,0.27509393451422437,
199,17.03569511540526,18.5654857756307,4.924852388620504,25.979602791196996,4.327697262479871,3.9452495974235107,22.33628556092324,2.677133655394525,,0.20799785292538917,
200,17.183306494900698,18.431293612453032,5.152979066022544,25.95276435856146,4.327697262479871,3.851315083199141,22.21551261406334,2.677133655394525,,0.20799785292538917,
201,17.21014492753623,18.417874396135264,5.152979066022544,25.946054750402578,4.327697262479871,3.851315083199141,22.208803005904453,2.677133655394525,,0.20799785292538917,
202,17.418142780461622,18.297101449275363,5.139559849704777,26.321792807300053,4.461889425657541,3.844605475040258,21.651905528717123,2.657004830917874,,0.20799785292538917,
203,17.57246376811594,18.283682232957595,5.112721417069243,26.060118089103597,4.461889425657541,3.8177670424047236,21.638486312399355,2.844873859366613,,0.20799785292538917,
204,17.814009661835748,18.223295759527645,5.065754159957058,25.6105743424584,4.448470209339774,4.636339237788513,21.26945786366076,2.737520128824477,,0.19457863660762212,
205,17.961621041331185,18.223295759527645,5.065754159957058,25.53676865271068,4.555823939881911,4.528985507246377,21.195652173913043,2.737520128824477,,0.19457863660762212,
206,18.203166935050994,18.14278046162104,5.159688674181428,25.194578636607623,4.549114331723027,4.528985507246377,21.18894256575416,2.8381642512077296,,0.19457863660762212,
207,18.4447128287708,17.92807300053677,5.267042404723564,25.087224906065487,4.522275899087493,4.528985507246377,21.18894256575416,2.8381642512077296,,0.19457863660762212,
208,18.572195383789587,17.92807300053677,5.267042404723564,24.986580783682232,4.508856682769726,4.528985507246377,21.175523349436393,2.8381642512077296,,0.19457863660762212,
209,18.686258722490606,17.92807300053677,5.24020397208803,24.9194847020934,4.49543746645196,4.528985507246377,21.16881374127751,2.8381642512077296,,0.19457863660762212,
210,18.84728931830381,17.914653784219002,5.340848094471283,24.805421363392377,4.49543746645196,4.522275899087493,21.041331186258724,2.8381642512077296,,0.19457863660762212,
211,18.96135265700483,17.8743961352657,5.340848094471283,24.792002147074612,4.435050993022007,4.522275899087493,21.041331186258724,2.8381642512077296,,0.19457863660762212,
212,19.142512077294686,17.820719269994633,5.340848094471283,24.785292538915726,4.435050993022007,4.4820182501341925,20.96081588835212,2.8381642512077296,,0.19457863660762212,
213,19.189479334406872,17.807300053676865,5.3274288781535155,24.785292538915726,4.435050993022007,4.4820182501341925,20.94068706387547,2.8381642512077296,,0.19457863660762212,
214,19.26328502415459,17.793880837359097,5.3274288781535155,24.785292538915726,4.435050993022007,4.4820182501341925,20.88030059044552,2.8381642512077296,,0.19457863660762212,
215,19.659151905528716,17.767042404723565,5.340848094471283,24.54374664519592,4.435050993022007,4.4820182501341925,20.75281803542673,2.8381642512077296,,0.18115942028985507,
216,19.73966720343532,17.767042404723565,5.340848094471283,24.516908212560388,4.435050993022007,4.4820182501341925,20.699141170155663,2.8381642512077296,,0.18115942028985507,
217,19.880568974771872,17.746913580246915,5.3341384863123995,24.416264090177133,4.42163177670424,4.4820182501341925,20.699141170155663,2.8381642512077296,,0.18115942028985507,
218,20.169082125603865,17.465110037573805,5.273752012882448,24.382716049382715,4.42163177670424,4.4820182501341925,20.363660762211488,3.260869565217391,,0.18115942028985507,
219,20.263016639828233,17.384594739667204,5.273752012882448,24.382716049382715,4.42163177670424,4.468599033816425,20.363660762211488,3.260869565217391,,0.18115942028985507,
220,20.303274288781534,17.371175523349436,5.374396135265701,24.255233494363928,4.42163177670424,4.5893719806763285,20.35024154589372,3.260869565217391,,0.07380568974771873,
221,20.645464304884594,17.176596886741816,5.320719269994632,24.228395061728396,4.42163177670424,4.5893719806763285,20.283145464304884,3.260869565217391,,0.07380568974771873,
222,20.679012345679013,17.176596886741816,5.381105743424584,24.168008588298445,4.542404723564144,4.5893719806763285,20.148953301127214,3.240740740740741,,0.07380568974771873,
223,20.725979602791195,17.176596886741816,5.381105743424584,24.168008588298445,4.542404723564144,4.582662372517445,20.108695652173914,3.240740740740741,,0.07380568974771873,
224,21.041331186258724,17.176596886741816,5.340848094471283,24.12104133118626,4.542404723564144,4.441760601180891,20.04830917874396,3.2139023081052067,,0.07380568974771873,
225,21.14868491680086,17.156468062265162,5.340848094471283,24.094202898550726,4.542404723564144,4.441760601180891,19.98792270531401,3.2139023081052067,,0.07380568974771873,
226,21.329844337090712,17.14975845410628,5.307300053676865,24.053945249597422,4.542404723564144,4.441760601180891,19.89398819108964,3.207192699946323,,0.07380568974771873,
227,20.538110574342458,16.170155662909288,5.683038110574342,23.91304347826087,4.30756843800322,4.408212560386473,21.71900161030596,3.1870638754696725,,0.07380568974771873,
228,20.12211486849168,16.002415458937197,5.683038110574342,24.61755233494364,4.30756843800322,4.361245303274289,21.64519592055824,3.1870638754696725,,0.07380568974771873,
229,20.175791733762747,16.002415458937197,5.8172302737520125,24.46323134728932,4.42163177670424,4.334406870638754,21.618357487922705,3.0931293612453032,,0.07380568974771873,
230,20.1959205582394,16.002415458937197,5.776972624798712,24.416264090177133,4.42163177670424,4.233762748255502,21.85319377348363,3.026033279656468,,0.07380568974771873,
231,20.162372517444982,15.754159957058508,5.776972624798712,24.416264090177133,4.703435319377348,4.233762748255502,21.85319377348363,3.026033279656468,,0.07380568974771873,
232,20.26972624798712,15.633387010198604,5.924584004294149,24.282071926999464,4.703435319377348,4.233762748255502,21.85319377348363,3.026033279656468,,0.07380568974771873,
233,20.283145464304884,15.633387010198604,5.924584004294149,24.268652710681696,4.703435319377348,4.233762748255502,21.85319377348363,3.026033279656468,,0.07380568974771873,
234,20.42404723564144,15.613258185721953,6.360708534621578,23.95330112721417,4.690016103059581,4.233762748255502,21.772678475577028,2.8784219001610305,,0.07380568974771873,
235,20.511272141706925,15.60654857756307,6.360708534621578,23.95330112721417,4.663177670424047,4.233762748255502,21.71900161030596,2.8784219001610305,,0.07380568974771873,
236,20.564949006977994,15.593129361245303,6.333870101986044,23.95330112721417,4.663177670424047,4.233762748255502,21.70558239398819,2.8784219001610305,,0.07380568974771873,
237,20.658883521202362,15.593129361245303,6.333870101986044,23.752012882447666,4.663177670424047,4.233762748255502,21.692163177670423,2.999194847020934,,0.07380568974771873,
238,20.665593129361245,15.579710144927537,6.333870101986044,23.718464841653248,4.663177670424047,4.28743961352657,21.67874396135266,2.999194847020934,,0.07380568974771873,
239,20.705850778314545,15.579710144927537,6.333870101986044,23.63123993558776,4.871175523349437,4.159957058507783,21.64519592055824,2.999194847020934,,0.07380568974771873,
240,20.78636607622115,15.579710144927537,6.387546967257112,23.30246913580247,4.871175523349437,4.066022544283414,21.531132581857218,3.4017713365539453,,0.07380568974771873,
241,20.96081588835212,15.425389157273216,6.387546967257112,23.289049919484704,4.871175523349437,4.066022544283414,21.524422973698336,3.4017713365539453,,0.07380568974771873,
242,20.967525496511005,15.365002683843263,6.387546967257112,23.289049919484704,4.730273752012883,3.9855072463768115,21.79951690821256,3.4017713365539453,,0.07380568974771873,
243,21.007783145464305,15.35829307568438,6.367418142780462,23.282340311325818,4.730273752012883,3.9855072463768115,21.792807300053678,3.4017713365539453,,0.07380568974771873,
244,21.007783145464305,15.183843263553408,6.367418142780462,23.282340311325818,4.998658078368224,3.9720880300590444,21.712292002147073,3.4017713365539453,,0.07380568974771873,
245,21.128556092324207,15.177133655394526,6.293612453032743,23.26892109500805,5.045625335480408,3.9586688137412773,21.692163177670423,3.361513687600644,,0.07380568974771873,
246,21.162104133118625,15.177133655394526,6.293612453032743,23.235373054213635,5.045625335480408,3.9586688137412773,21.692163177670423,3.361513687600644,,0.07380568974771873,
