,45,50,51,55,53,54,52,60,56,58,57,61,59,46
0,97.06119162640901,2.9388083735909825,,,,,,,,,,,,
1,91.29763821792807,8.702361782071927,,,,,,,,,,,,
2,88.78824476650564,7.024959742351046,4.186795491143317,,,,,,,,,,,
3,88.78824476650564,6.984702093397746,4.186795491143317,0.040257648953301126,,,,,,,,,,
4,88.63392377885131,7.14573268921095,4.03918411164788,0.18115942028985507,,,,,,,,,,
5,85.92995169082126,9.822866344605474,4.03918411164788,0.20799785292538917,,,,,,,,,,
6,85.69511540526034,10.057702630166398,4.03918411164788,0.20799785292538917,,,,,,,,,,
7,83.56816961889426,12.016908212560386,4.03918411164788,0.20799785292538917,0.16774020397208803,,,,,,,,,
8,83.5077831454643,12.070585077831455,3.978797638217928,0.27509393451422437,0.16774020397208803,,,,,,,,,
9,81.03193773483629,14.546430488459475,3.978797638217928,0.27509393451422437,0.16774020397208803,,,,,,,,,
10,74.04052603327966,21.20907139023081,3.978797638217928,0.27509393451422437,0.49651100375738055,,,,,,,,,
11,74.04723564143853,21.22920021470746,3.9519592055823938,0.27509393451422437,0.49651100375738055,,,,,,,,,
12,73.26892109500805,22.014224369296834,3.9452495974235107,0.27509393451422437,0.49651100375738055,,,,,,,,,
13,66.84782608695652,28.35480407944176,3.7372517444981215,0.27509393451422437,0.49651100375738055,0.2885131508319914,,,,,,,,
14,62.88244766505636,28.535963499731615,7.588566827697263,0.20799785292538917,0.49651100375738055,0.2885131508319914,,,,,,,,
15,62.795222758990874,28.650026838432634,7.561728395061729,0.20799785292538917,0.49651100375738055,0.2885131508319914,,,,,,,,
16,46.67874396135266,49.033816425120776,4.025764895330113,0.0939345142243693,0.16774020397208803,,,,,,,,,
17,46.65861513687601,48.86607622114869,4.025764895330113,0.1878690284487386,0.16774020397208803,,0.0939345142243693,,,,,,,
18,46.65190552871712,48.718464841653244,4.025764895330113,0.20799785292538917,0.16774020397208803,0.13419216317767044,0.0939345142243693,,,,,,,
19,46.63177670424047,48.711755233494365,4.025764895330113,0.23483628556092323,0.16774020397208803,0.13419216317767044,0.0939345142243693,,,,,,,
20,45.370370370370374,49.69135802469136,4.025764895330113,0.28180354267310787,0.16774020397208803,0.13419216317767044,0.32877079978529256,,,,,,,
21,34.17874396135266,52.07997852925389,12.969672571121846,0.14090177133655393,0.16774020397208803,0.13419216317767044,0.32877079978529256,,,,,,,
22,34.07139023081052,50.536768652710684,12.593934514224369,2.1403650026838434,0.16774020397208803,0.13419216317767044,0.32877079978529256,0.026838432635534086,,,,,,
23,24.10762211486849,66.27750939345142,6.843800322061192,2.1135265700483092,0.16774020397208803,0.13419216317767044,0.32877079978529256,0.026838432635534086,,,,,,
24,23.832528180354267,56.353998926462694,9.098228663446054,2.167203435319377,8.024691358024691,0.13419216317767044,0.32877079978529256,0.026838432635534086,0.03354804079441761,,,,,
25,22.19538378958669,50.738056897477186,10.82259796027912,2.1940418679549114,7.548309178743962,0.4428341384863124,5.522007514761138,0.026838432635534086,0.03354804079441761,0.47638217928073,,,,
26,18.699677938808374,44.585346215781,23.30246913580247,2.2946859903381642,4.616210413311863,0.4428341384863124,5.522007514761138,0.026838432635534086,0.03354804079441761,0.47638217928073,,,,
27,14.04320987654321,35.08454106280193,37.56038647342995,2.7106816961889426,4.616210413311863,0.13419216317767044,5.314009661835748,0.026838432635534086,0.03354804079441761,0.47638217928073,,,,
28,14.04320987654321,35.08454106280193,37.52012882447665,2.7509393451422435,4.616210413311863,0.13419216317767044,5.233494363929147,0.026838432635534086,0.03354804079441761,0.47638217928073,0.08051529790660225,,,
29,13.553408480944713,34.78931830381106,37.52012882447665,2.7509393451422435,4.575952764358561,0.13419216317767044,6.0587761674718195,0.026838432635534086,0.03354804079441761,0.47638217928073,0.08051529790660225,,,
30,13.613794954374665,33.10520665593129,31.85721953837896,2.7241009125067097,10.084541062801932,1.8451422436929683,5.971551261406334,0.026838432635534086,0.2147074610842727,0.47638217928073,0.08051529790660225,,,
31,13.358829844337091,31.709608158883523,33.17901234567901,2.8784219001610305,10.084541062801932,2.120236178207193,5.488459473966721,0.026838432635534086,0.5501878690284487,0.5233494363929146,0.08051529790660225,,,
32,9.178743961352657,30.152979066022546,41.79414922168545,1.107085346215781,10.00402576489533,2.100107353730542,4.4820182501341925,,0.5770263016639828,0.5233494363929146,0.08051529790660225,,,
33,9.326355340848094,30.132850241545892,39.03650026838432,1.107085346215781,9.990606548577563,2.100107353730542,7.071926999463232,,0.6038647342995169,0.5233494363929146,0.10735373054213634,,,
34,9.312936124530328,28.29441760601181,38.868760064412236,1.2345679012345678,9.990606548577563,2.100107353730542,8.964036500268385,,0.6038647342995169,0.5233494363929146,0.10735373054213634,,,
35,9.312936124530328,28.267579173376276,38.868760064412236,1.261406333870102,9.990606548577563,2.100107353730542,8.964036500268385,,0.6038647342995169,0.5233494363929146,0.10735373054213634,,,
36,9.339774557165862,28.24074074074074,38.64734299516908,1.261406333870102,9.990606548577563,2.3215244229736984,8.964036500268385,,0.6038647342995169,0.5233494363929146,0.10735373054213634,,,
37,6.233225979602791,73.56414385399893,7.883789586688137,3.6366076221148687,0.020128824476650563,1.9390767579173376,6.219806763285024,,0.3757380568974772,0.04696725711218465,0.08051529790660225,,,
38,6.260064412238325,73.53059581320451,7.883789586688137,3.4957058507783145,0.020128824476650563,1.9390767579173376,6.219806763285024,,0.5233494363929146,0.04696725711218465,0.08051529790660225,,,
39,5.488459473966721,73.76543209876543,7.856951154052603,4.05931293612453,0.020128824476650563,1.9390767579173376,6.219806763285024,,0.5233494363929146,0.04696725711218465,0.08051529790660225,,,
40,4.180085882984434,64.170692431562,24.50348899624262,3.3950617283950617,0.020128824476650563,0.14090177133655393,3.4017713365539453,,0.1878690284487386,,,,,
41,4.206924315619967,64.14385399892646,24.490069779924852,3.3950617283950617,0.020128824476650563,0.14090177133655393,3.4017713365539453,,0.20128824476650564,,,,,
42,4.280730005367687,64.06333870101986,24.436392914653783,3.421900161030596,0.020128824476650563,0.14090177133655393,3.4017713365539453,,0.23483628556092323,,,,,
43,4.542404723564144,63.99624261943102,24.329039184111647,3.3548040794417604,0.020128824476650563,0.13419216317767044,3.388352120236178,,0.23483628556092323,,,,,
44,3.992216854535695,61.99677938808374,19.578636607622116,3.2877079978529253,,0.13419216317767044,10.775630703166936,,0.23483628556092323,,,,,
45,4.05931293612453,61.9296833064949,19.578636607622116,3.2877079978529253,,0.13419216317767044,10.775630703166936,,0.23483628556092323,,,,,
46,3.2340311325818574,59.21900161030596,16.53918411164788,3.488996242619431,,0.13419216317767044,16.59286097691895,,0.7917337627482555,,,,,
47,3.227321524422974,57.19940955448202,16.53918411164788,5.515297906602254,,0.13419216317767044,16.59286097691895,,0.7917337627482555,,,,,
48,3.240740740740741,57.18599033816425,16.53918411164788,5.515297906602254,,0.13419216317767044,16.59286097691895,,0.7917337627482555,,,,,
49,3.280998389694042,55.19994632313473,16.09634997316157,7.461084272678476,,0.13419216317767044,16.59286097691895,,1.2345679012345678,,,,,
50,3.2877079978529253,54.569243156199676,16.09634997316157,8.031400966183575,,0.13419216317767044,16.59286097691895,,1.2345679012345678,,,0.05367686527106817,,
51,3.408480944712829,54.30085882984434,14.741009125067096,8.3467525496511,,1.4761137949543746,16.418411164787976,,1.221148684916801,,,0.08722490606548577,,
52,3.4017713365539453,51.23456790123457,14.720880300590446,8.259527643585615,3.1870638754696725,1.4761137949543746,16.411701556629094,,1.221148684916801,,,0.08722490606548577,,
53,3.408480944712829,50.85212023617821,12.198067632850242,8.474235104669887,3.1065485775630703,4.374664519592056,16.19699409554482,,1.221148684916801,0.08051529790660225,,0.08722490606548577,,
54,3.455448201825013,50.78502415458937,12.184648416532475,8.480944712828771,3.1065485775630703,4.40150295222759,16.19699409554482,,1.221148684916801,0.08051529790660225,,0.08722490606548577,,
55,3.589640365002684,50.50322061191626,12.184648416532475,8.628556092324208,3.1065485775630703,4.40150295222759,16.19699409554482,,1.221148684916801,0.08051529790660225,,0.08722490606548577,,
56,3.6231884057971016,50.46296296296296,12.184648416532475,8.655394524959743,3.1065485775630703,4.40150295222759,16.17686527106817,,1.221148684916801,0.08051529790660225,,0.08722490606548577,,
57,3.643317230273752,48.711755233494365,12.164519592055823,10.319377348362856,3.1065485775630703,4.40150295222759,16.17686527106817,,1.3150831991411702,0.08051529790660225,,0.08051529790660225,,
58,3.7238325281803544,48.68491680085883,12.13768115942029,10.312667740203972,3.1065485775630703,4.40150295222759,16.15673644659152,,1.3150831991411702,0.08051529790660225,,0.08051529790660225,,
59,3.7238325281803544,46.464036500268385,12.13768115942029,12.533548040794418,3.1065485775630703,4.40150295222759,16.15673644659152,,1.3150831991411702,0.08051529790660225,,0.08051529790660225,,
60,3.851315083199141,46.12855609232421,12.13768115942029,12.754965110037574,3.1065485775630703,4.40150295222759,16.14331723027375,,1.3150831991411702,0.08051529790660225,,0.08051529790660225,,
61,3.9184111647879765,45.96081588835212,12.104133118625873,12.754965110037574,3.1065485775630703,4.40150295222759,16.27750939345142,,1.3150831991411702,0.08051529790660225,,0.08051529790660225,,
62,3.965378421900161,45.96081588835212,12.090713902308105,12.754965110037574,3.1065485775630703,4.374664519592056,16.264090177133657,0.020128824476650563,1.3016639828234031,0.08051529790660225,,0.08051529790660225,,
63,3.992216854535695,45.94068706387547,12.070585077831455,12.640901771336553,3.2206119162640903,4.361245303274289,16.243961352657006,0.020128824476650563,1.3016639828234031,0.10735373054213634,0.020128824476650563,0.08051529790660225,,
64,3.965378421900161,43.69967793880837,12.037037037037036,14.15727321524423,3.2474503488996245,6.474771873322598,14.888620504562533,0.020128824476650563,1.247987117552335,0.10735373054213634,0.07380568974771873,0.08051529790660225,,
65,3.9720880300590444,39.17740203972088,22.644927536231883,12.741545893719806,3.0059044551798175,6.320450885668277,10.829307568438002,0.020128824476650563,0.9997316156736447,0.10735373054213634,0.10064412238325282,0.08051529790660225,,
66,4.126409017713366,38.97611379495437,22.61808910359635,12.808641975308642,2.9723564143853998,6.3070316693505095,10.782340311325818,0.020128824476650563,0.9997316156736447,0.10735373054213634,0.13419216317767044,0.14761137949543746,,
67,4.166666666666667,38.96269457863661,22.530864197530864,12.795222758990874,4.086151368760064,6.266774020397209,9.762479871175524,0.020128824476650563,1.0198604401502953,0.10735373054213634,0.13419216317767044,0.14761137949543746,,
68,4.206924315619967,38.66747181964573,22.463768115942027,13.063607085346217,4.086151368760064,6.266774020397209,9.749060654857756,0.020128824476650563,1.0869565217391304,0.10735373054213634,0.13419216317767044,0.14761137949543746,,
69,4.280730005367687,38.66747181964573,22.054482018250134,13.915727321524423,4.052603327965647,5.8239398819108965,9.708803005904455,0.020128824476650563,1.0869565217391304,0.10735373054213634,0.13419216317767044,0.14761137949543746,,
70,4.247181964573269,38.29844337090714,26.194310252281266,13.855340848094471,4.052603327965647,5.810520665593129,6.078904991948471,0.020128824476650563,1.0869565217391304,0.10735373054213634,0.10064412238325282,0.14761137949543746,,
71,4.247181964573269,38.177670424047236,26.08695652173913,13.976113794954374,4.052603327965647,5.776972624798712,6.078904991948471,0.05367686527106817,1.1943102522812667,0.10735373054213634,0.10064412238325282,0.14761137949543746,,
72,3.864734299516908,29.11969940955448,26.006441223832528,12.86231884057971,4.8443370907139025,4.683306494900698,17.01556629092861,0.05367686527106817,1.1943102522812667,0.10735373054213634,0.10064412238325282,0.14761137949543746,,
73,3.911701556629093,29.012345679012345,25.95276435856146,12.95625335480408,4.8443370907139025,4.683306494900698,17.002147074610843,0.05367686527106817,1.2278582930756843,0.10735373054213634,0.10064412238325282,0.14761137949543746,,
74,3.938539989264627,28.972088030059044,25.95276435856146,12.808641975308642,4.830917874396135,4.683306494900698,17.002147074610843,0.05367686527106817,1.261406333870102,0.2147074610842727,0.10064412238325282,0.14761137949543746,0.03354804079441761,
75,4.005636070853462,26.02657004830918,23.1280193236715,11.621041331186259,2.5295222758990876,4.938271604938271,26.268115942028984,0.05367686527106817,1.1205045625335481,0.026838432635534086,0.10064412238325282,0.14761137949543746,0.03354804079441761,
76,3.5225442834138487,24.61755233494364,18.04884594739667,9.172034353193773,2.5295222758990876,2.167203435319377,38.93585614600107,,0.27509393451422437,0.026838432635534086,0.5233494363929146,0.14761137949543746,0.03354804079441761,
77,3.5426731078904994,24.61755233494364,15.955448201825014,9.131776704240472,4.723564143853999,2.167203435319377,38.85534084809447,,0.27509393451422437,0.026838432635534086,0.5233494363929146,0.14761137949543746,0.03354804079441761,
78,3.4621578099838968,24.58400429414922,13.063607085346217,8.36688137412775,2.804616210413312,2.1068169618894257,44.357219538378956,,0.30864197530864196,0.026838432635534086,0.7380568974771873,0.14761137949543746,0.03354804079441761,
79,3.5426731078904994,24.57729468599034,13.036768652710682,8.36688137412775,2.771068169618894,2.1068169618894257,44.31025228126678,,0.30864197530864196,0.06038647342995169,0.7380568974771873,0.14761137949543746,0.03354804079441761,
80,3.535963499731616,24.57729468599034,12.99651100375738,8.36688137412775,2.771068169618894,2.0665593129361244,44.357219538378956,,0.3488996242619431,0.06038647342995169,0.7380568974771873,0.14761137949543746,0.03354804079441761,
81,3.5762211486849167,24.335748792270532,12.969672571121846,8.59500805152979,2.771068169618894,2.0665593129361244,44.33038110574343,,0.3488996242619431,0.06038647342995169,0.7648953301127214,0.14761137949543746,0.03354804079441761,
82,3.6768652710681695,24.322329575952764,12.969672571121846,8.548040794417606,2.771068169618894,2.0665593129361244,44.26328502415459,0.026838432635534086,0.3488996242619431,0.06038647342995169,0.7648953301127214,0.14761137949543746,0.03354804079441761,
83,3.7104133118625873,24.315619967793882,12.969672571121846,8.541331186258722,2.7643585614600106,2.0665593129361244,44.12909286097692,0.026838432635534086,0.4025764895330113,0.06038647342995169,0.8319914117015567,0.14761137949543746,0.03354804079441761,
84,3.7640901771336552,23.315888352120236,12.674449812130971,8.57487922705314,4.0995705850778315,1.9927536231884058,44.08212560386473,0.026838432635534086,0.4025764895330113,0.06038647342995169,0.8252818035426731,0.14761137949543746,0.03354804079441761,
85,3.844605475040258,23.255501878690286,12.674449812130971,8.55475040257649,4.0995705850778315,1.9927536231884058,44.08212560386473,0.026838432635534086,0.4025764895330113,0.06038647342995169,0.8252818035426731,0.14761137949543746,0.03354804079441761,
86,3.878153515834675,23.221953837895867,12.674449812130971,8.588298443370908,4.0995705850778315,1.9927536231884058,43.947933440687066,0.026838432635534086,0.4025764895330113,0.06038647342995169,0.9259259259259259,0.14761137949543746,0.03354804079441761,
87,3.9989264626945786,23.2085346215781,12.674449812130971,8.57487922705314,4.0995705850778315,1.9927536231884058,43.86741814278046,0.026838432635534086,0.4025764895330113,0.06038647342995169,0.9125067096081588,0.14761137949543746,0.03354804079441761,
88,4.03918411164788,23.087761674718198,12.634192163177671,8.735909822866345,4.072732152442297,1.9793344068706387,43.74664519592056,0.026838432635534086,0.41599570585077833,0.06038647342995169,1.0198604401502953,0.14761137949543746,0.03354804079441761,
89,4.05931293612453,22.7187332259796,12.493290391841116,9.185453569511541,4.072732152442297,1.9793344068706387,43.70638754696726,0.026838432635534086,0.49651100375738055,0.06038647342995169,1.0198604401502953,0.14761137949543746,0.03354804079441761,
90,4.079441760601181,22.69860440150295,12.47987117552335,9.185453569511541,4.066022544283414,1.9793344068706387,43.55877616747182,0.026838432635534086,0.5300590445517982,0.06038647342995169,1.1540526033279657,0.14761137949543746,0.03354804079441761,
91,4.1129898013955986,22.61808910359635,12.47987117552335,9.212292002147075,4.066022544283414,1.9793344068706387,43.384326355340846,0.026838432635534086,0.6709608158883521,0.06038647342995169,1.2144390767579174,0.14090177133655393,0.03354804079441761,
92,3.535963499731616,22.269189479334408,13.197799248523886,9.212292002147075,3.9989264626945786,3.69699409554482,41.79414922168545,0.026838432635534086,0.8185721953837896,0.06038647342995169,1.2144390767579174,0.14090177133655393,0.03354804079441761,
93,3.5628019323671496,22.208803005904453,13.191089640365004,9.205582393988191,3.9184111647879765,4.005636070853462,41.76060118089104,0.026838432635534086,0.6709608158883521,0.06038647342995169,1.2144390767579174,0.14090177133655393,0.03354804079441761,
94,3.6768652710681695,22.12157809983897,13.191089640365004,9.138486312399356,3.911701556629093,4.012345679012346,41.4922168545357,0.026838432635534086,0.6709608158883521,0.06038647342995169,1.5230810520665594,0.14090177133655393,0.03354804079441761,
95,3.898282340311326,22.094739667203434,13.191089640365004,9.111647879763822,3.911701556629093,4.012345679012346,41.136607622114866,0.026838432635534086,0.7045088566827697,0.06038647342995169,1.6371443907675791,0.14090177133655393,0.07380568974771873,
96,3.92512077294686,22.067901234567902,13.144122383252817,9.111647879763822,3.911701556629093,4.012345679012346,41.015834675254965,0.026838432635534086,0.8722490606548577,0.06038647342995169,1.6371443907675791,0.14090177133655393,0.07380568974771873,
97,3.9184111647879765,21.93370907139023,13.144122383252817,9.614868491680086,3.911701556629093,4.032474503488996,40.53945249597424,0.026838432635534086,0.966183574879227,0.06038647342995169,1.6371443907675791,0.14090177133655393,0.07380568974771873,
98,4.066022544283414,21.906870638754697,13.144122383252817,9.581320450885668,3.911701556629093,4.032474503488996,40.31803542673108,0.026838432635534086,0.966183574879227,0.06038647342995169,1.7713365539452497,0.14090177133655393,0.07380568974771873,
99,4.139828234031133,21.598228663446054,13.144122383252817,10.681696188942565,3.92512077294686,4.032474503488996,39.55314009661836,0.026838432635534086,0.966183574879227,0.06038647342995169,1.6572732152442298,0.14090177133655393,0.07380568974771873,
100,4.186795491143317,21.578099838969404,13.130703166935051,10.668276972624799,3.92512077294686,4.032474503488996,39.55314009661836,0.026838432635534086,0.966183574879227,0.06038647342995169,1.6572732152442298,0.14090177133655393,0.07380568974771873,
101,4.213633923778851,21.578099838969404,13.123993558776167,10.721953837895867,3.92512077294686,4.032474503488996,39.47933440687064,0.026838432635534086,0.966183574879227,0.06038647342995169,1.6572732152442298,0.14090177133655393,0.07380568974771873,
102,4.206924315619967,21.24932903918411,12.855609232420827,10.721953837895867,3.92512077294686,4.012345679012346,37.506709608158886,0.026838432635534086,3.851315083199141,0.06038647342995169,1.3486312399355878,0.14090177133655393,0.0939345142243693,
103,4.213633923778851,21.061460010735374,12.815351583467525,10.57434245840043,3.92512077294686,4.30756843800322,37.5,0.026838432635534086,3.8915727321524423,0.06038647342995169,1.3486312399355878,0.14090177133655393,0.13419216317767044,
104,4.213633923778851,20.967525496511005,12.781803542673108,10.641438539989265,4.052603327965647,4.28743961352657,37.453032742887814,0.026838432635534086,3.864734299516908,0.06038647342995169,1.3217928073000538,0.17444981213097155,0.15432098765432098,
105,4.1129898013955986,19.51154052603328,12.781803542673108,9.5276435856146,4.052603327965647,4.280730005367687,41.25067096081589,0.026838432635534086,3.2206119162640903,0.06038647342995169,1.0534084809447128,0.0067096081588835215,0.11406333870101985,
106,4.159957058507783,19.51154052603328,12.781803542673108,9.5276435856146,4.052603327965647,4.280730005367687,41.2037037037037,0.026838432635534086,3.2206119162640903,0.06038647342995169,1.0534084809447128,0.0067096081588835215,0.11406333870101985,
107,3.3279656468062266,8.930488459473967,43.78019323671498,3.3011272141706924,3.69699409554482,3.026033279656468,30.213365539452496,0.013419216317767043,3.2004830917874396,0.06038647342995169,0.3757380568974772,,0.07380568974771873,
108,3.3145464304884595,8.930488459473967,43.49838969404187,3.3011272141706924,4.247181964573269,3.0193236714975846,29.824208266237253,0.013419216317767043,3.2004830917874396,0.06038647342995169,0.5166398282340311,,0.07380568974771873,
109,3.3682232957595275,8.836553945249598,43.484970477724104,3.3816425120772946,4.247181964573269,3.0193236714975846,29.797369833601717,0.013419216317767043,3.2004830917874396,0.06038647342995169,0.5166398282340311,,0.07380568974771873,
110,3.455448201825013,8.836553945249598,43.4447128287708,3.3816425120772946,4.247181964573269,3.0193236714975846,29.750402576489535,0.013419216317767043,3.2004830917874396,0.06038647342995169,0.5166398282340311,,0.07380568974771873,
111,3.4621578099838968,8.829844337090714,41.10305958132045,3.3816425120772946,4.247181964573269,6.736446591519055,28.37493290391841,0.013419216317767043,3.2004830917874396,0.06038647342995169,0.5166398282340311,,0.07380568974771873,
112,3.515834675254965,8.809715512614064,38.34541062801932,3.3816425120772946,7.454374664519592,6.736446591519055,27.91867954911433,0.013419216317767043,3.1199677938808374,0.06038647342995169,0.5703166935050993,,0.07380568974771873,
113,3.569511540526033,8.809715512614064,38.31857219538379,3.408480944712829,7.454374664519592,6.736446591519055,27.710681696188942,0.013419216317767043,3.1199677938808374,0.06038647342995169,0.7246376811594203,,0.07380568974771873,
114,3.3413848631239937,8.501073537305421,41.56602254428341,8.910359634997317,7.239667203435319,6.736446591519055,19.75979602791197,0.013419216317767043,3.1199677938808374,0.08051529790660225,0.6575415995705851,,0.07380568974771873,
115,3.3413848631239937,8.474235104669887,41.277509393451425,9.225711218464841,7.239667203435319,6.649221685453569,19.75979602791197,0.013419216317767043,3.1199677938808374,0.08051529790660225,0.6575415995705851,,0.1610305958132045,
116,3.4286097691894795,8.474235104669887,41.217122920021474,9.198872785829307,7.239667203435319,6.635802469135802,19.49141170155663,0.013419216317767043,3.4017713365539453,0.08051529790660225,0.6575415995705851,,0.1610305958132045,
117,3.4688674181427803,8.467525496511003,41.096349973161566,9.225711218464841,7.239667203435319,6.635802469135802,19.49141170155663,0.013419216317767043,3.4420289855072466,0.08051529790660225,0.6575415995705851,,0.18115942028985507,
118,3.569511540526033,8.467525496511003,41.015834675254965,9.192163177670425,7.239667203435319,6.635802469135802,19.47128287707998,0.013419216317767043,3.4420289855072466,0.08051529790660225,0.6575415995705851,0.06038647342995169,0.15432098765432098,
119,3.616478797638218,8.319914117015566,41.02254428341385,9.084809447128288,7.239667203435319,7.018250134192163,19.424315619967793,0.013419216317767043,3.3413848631239937,0.08051529790660225,0.6575415995705851,0.026838432635534086,0.15432098765432098,
120,2.442297369833602,6.769994632313473,45.75952764358561,9.138486312399356,5.810520665593129,6.904186795491143,18.94122383252818,0.013419216317767043,3.280998389694042,0.08051529790660225,0.6575415995705851,0.026838432635534086,0.17444981213097155,
121,2.4154589371980677,6.595544820182502,43.71980676328502,9.212292002147075,5.656199677938808,9.722222222222221,18.47826086956522,0.013419216317767043,3.280998389694042,0.08051529790660225,0.6575415995705851,0.026838432635534086,0.14090177133655393,
122,2.5026838432635534,6.595544820182502,43.69296833064949,9.212292002147075,5.629361245303274,9.702093397745571,18.47826086956522,0.013419216317767043,3.2474503488996245,0.08051529790660225,0.6575415995705851,0.026838432635534086,0.1610305958132045,
123,2.522812667740204,6.588835212023618,43.69296833064949,9.192163177670425,5.60252281266774,9.702093397745571,18.47826086956522,0.013419216317767043,3.2474503488996245,0.11406333870101985,0.6575415995705851,0.026838432635534086,0.1610305958132045,
124,2.61003757380569,6.588835212023618,43.57890499194847,8.93719806763285,5.60252281266774,9.688674181427805,18.451422436929683,0.013419216317767043,3.2474503488996245,0.43612453032742887,0.6575415995705851,0.026838432635534086,0.1610305958132045,
125,2.3886205045625335,4.696725711218465,41.257380568974774,8.675523349436393,10.554213633923778,9.648416532474503,18.344068706387546,,3.2139023081052067,0.3757380568974772,0.6575415995705851,0.026838432635534086,0.1610305958132045,
126,2.4154589371980677,4.696725711218465,41.257380568974774,8.675523349436393,10.554213633923778,9.621578099838969,18.344068706387546,,3.2139023081052067,0.3757380568974772,0.6575415995705851,0.026838432635534086,0.1610305958132045,
127,2.4825550187869028,4.690016103059581,41.243961352657,8.675523349436393,10.554213633923778,9.588030059044552,18.303811057434245,,3.2139023081052067,0.3757380568974772,0.6843800322061192,0.026838432635534086,0.1610305958132045,
128,2.5161030595813205,4.690016103059581,41.06280193236715,8.675523349436393,10.554213633923778,9.561191626409018,18.250134192163177,,3.361513687600644,0.3757380568974772,0.7380568974771873,0.026838432635534086,0.1878690284487386,
129,2.536231884057971,4.690016103059581,40.88835212023618,8.561460010735374,10.513955984970478,9.728931830381105,18.149490069779926,,3.535963499731616,0.4092860976918948,0.7380568974771873,0.026838432635534086,0.2214170692431562,
130,2.576489533011272,4.690016103059581,40.51932367149758,8.903650026838433,10.466988727858293,9.728931830381105,18.149490069779926,,3.535963499731616,0.4092860976918948,0.7380568974771873,0.026838432635534086,0.2549651100375738,
131,2.589908749329039,4.690016103059581,39.60010735373054,7.883789586688137,10.426731078904991,10.661567364465915,18.08239398819109,,4.609500805152979,0.4092860976918948,0.7648953301127214,0.026838432635534086,0.2549651100375738,
132,2.636876006441224,4.690016103059581,39.55314009661836,7.803274288781535,10.426731078904991,10.661567364465915,17.98845947396672,0.08051529790660225,4.609500805152979,0.4092860976918948,0.8588298443370908,0.026838432635534086,0.2549651100375738,
133,2.7106816961889426,4.676596886741814,39.52630166398282,7.769726247987117,10.426731078904991,10.661567364465915,17.92807300053677,0.08051529790660225,4.609500805152979,0.4092860976918948,0.9192163177670424,0.026838432635534086,0.2549651100375738,
134,2.7777777777777777,4.676596886741814,39.47933440687064,7.729468599033816,10.426731078904991,10.63472893183038,17.881105743424584,0.11406333870101985,4.609500805152979,0.4092860976918948,0.95276435856146,0.026838432635534086,0.28180354267310787,
135,2.85829307568438,4.676596886741814,39.439076757917334,7.749597423510467,10.406602254428341,10.601180891035963,17.68652710681696,0.11406333870101985,4.683306494900698,0.4092860976918948,1.06682769726248,0.026838432635534086,0.28180354267310787,
136,2.791196994095545,4.676596886741814,38.788244766505635,7.816693505099302,11.144659151905529,10.601180891035963,17.652979066022546,0.11406333870101985,4.562533548040794,0.4092860976918948,1.06682769726248,0.026838432635534086,0.3488996242619431,
137,2.9052603327965647,4.676596886741814,38.75469672571122,7.7898550724637685,11.124530327428879,10.527375201288244,17.619431025228128,0.11406333870101985,4.562533548040794,0.4092860976918948,1.06682769726248,0.026838432635534086,0.4227053140096618,
138,2.985775630703167,4.676596886741814,38.7211486849168,7.776435856146001,11.117820719269995,10.493827160493828,17.54562533548041,0.11406333870101985,4.5960815888352125,0.4092860976918948,1.1137949543746646,0.026838432635534086,0.4227053140096618,
139,3.046162104133119,4.663177670424047,38.7211486849168,7.769726247987117,11.117820719269995,10.446859903381643,17.431561996779386,0.11406333870101985,4.5960815888352125,0.4092860976918948,1.2345679012345678,0.026838432635534086,0.4227053140096618,
140,3.1870638754696725,4.663177670424047,38.69431025228127,7.742887815351583,11.057434245840042,10.420021470746109,17.398013955984972,0.11406333870101985,4.5960815888352125,0.4092860976918948,1.2681159420289856,0.026838432635534086,0.4227053140096618,
141,2.9924852388620504,4.663177670424047,33.41384863123994,7.555018786902845,10.299248523886206,6.1929683306494905,28.059581320450885,0.11406333870101985,4.5960815888352125,0.4092860976918948,1.3553408480944713,0.026838432635534086,0.322061191626409,
142,3.126677402039721,4.663177670424047,33.36688137412775,7.5281803542673105,10.272410091250672,6.159420289855072,27.77777777777778,0.11406333870101985,4.851046698872786,0.46296296296296297,1.328502415458937,0.026838432635534086,0.322061191626409,
143,3.193773483628556,4.663177670424047,33.2259796027912,7.5281803542673105,10.238862050456254,6.146001073537305,27.583199141170155,0.08722490606548577,5.146269457863661,0.49651100375738055,1.3419216317767042,0.026838432635534086,0.322061191626409,
144,3.1602254428341383,4.448470209339774,32.48792270531401,8.467525496511003,10.198604401502953,5.857487922705314,27.985775630703166,0.08722490606548577,5.072463768115942,0.49651100375738055,1.3888888888888888,0.026838432635534086,0.322061191626409,
145,3.140096618357488,4.448470209339774,31.387546967257112,8.407139023081053,10.198604401502953,4.5960815888352125,29.99194847020934,0.08722490606548577,5.508588298443371,0.49651100375738055,1.3888888888888888,0.026838432635534086,0.322061191626409,
146,3.180354267310789,4.448470209339774,30.95813204508857,8.561460010735374,10.0979602791197,4.5960815888352125,29.99194847020934,0.08722490606548577,5.683038110574342,0.5099302200751477,1.5365002683843263,0.026838432635534086,0.322061191626409,
147,3.240740740740741,4.448470209339774,30.92458400429415,8.561460010735374,10.084541062801932,4.5960815888352125,29.965110037573805,0.08722490606548577,5.669618894256575,0.5099302200751477,1.5633387010198605,0.026838432635534086,0.322061191626409,
148,3.2742887815351582,4.448470209339774,30.434782608695652,8.930488459473967,9.957058507783145,4.5960815888352125,29.95169082125604,0.08722490606548577,5.783682232957595,0.6239935587761675,1.5633387010198605,0.026838432635534086,0.322061191626409,
149,3.321256038647343,4.448470209339774,30.434782608695652,8.930488459473967,9.957058507783145,4.549114331723027,29.95169082125604,0.08722490606548577,5.783682232957595,0.6239935587761675,1.5633387010198605,0.026838432635534086,0.322061191626409,
150,3.3480944712828773,4.133118625872249,30.293880837359097,9.185453569511541,9.91009125067096,4.549114331723027,29.817498658078367,0.08722490606548577,5.783682232957595,0.6575415995705851,1.8853998926462694,0.026838432635534086,0.322061191626409,
151,3.294417606011809,3.4688674181427803,30.280461621041333,8.870101986044014,11.574074074074074,4.522275899087493,28.6231884057971,0.08722490606548577,5.783682232957595,0.6575415995705851,2.4892646269457863,0.026838432635534086,0.322061191626409,
152,3.3480944712828773,3.435319377348363,30.273752012882447,8.896940418679549,11.553945249597424,4.522275899087493,28.6231884057971,0.08722490606548577,5.783682232957595,0.6575415995705851,2.4691358024691357,0.026838432635534086,0.322061191626409,
153,3.3816425120772946,3.435319377348363,30.12614063338701,8.896940418679549,11.56736446591519,4.522275899087493,28.482286634460547,0.08722490606548577,5.884326355340848,0.6575415995705851,2.61003757380569,0.026838432635534086,0.322061191626409,
154,3.556092324208266,3.435319377348363,30.03220611916264,9.07139023081052,12.902576489533011,4.327697262479871,27.28797638217928,0.08722490606548577,5.884326355340848,0.6038647342995169,2.462426194310252,0.026838432635534086,0.322061191626409,
155,3.549382716049383,3.421900161030596,30.018786902844873,9.07139023081052,12.245034889962426,4.327697262479871,27.254428341384862,0.08722490606548577,5.9514224369296835,1.261406333870102,2.462426194310252,0.026838432635534086,0.322061191626409,
156,3.5628019323671496,3.421900161030596,29.97181964573269,9.104938271604938,12.23161567364466,4.327697262479871,27.254428341384862,0.08722490606548577,5.9514224369296835,1.261406333870102,2.462426194310252,0.026838432635534086,0.33548040794417605,
157,3.5762211486849167,3.421900161030596,29.810789049919485,9.104938271604938,12.23161567364466,4.327697262479871,27.234299516908212,0.08722490606548577,6.099033816425121,1.261406333870102,2.462426194310252,0.026838432635534086,0.35560923242082665,
158,3.7104133118625873,3.421900161030596,29.750402576489535,9.104938271604938,12.23161567364466,4.294149221685454,27.167203435319376,0.08722490606548577,6.099033816425121,1.261406333870102,2.4892646269457863,0.026838432635534086,0.35560923242082665,
159,3.730542136339238,3.4151905528717124,29.388083735909824,9.480676328502415,12.218196457326892,4.28743961352657,27.120236178207193,0.08722490606548577,6.099033816425121,1.261406333870102,2.5161030595813205,0.040257648953301126,0.35560923242082665,
160,3.797638217928073,3.4151905528717124,29.367954911433173,9.77589908749329,12.198067632850242,4.28743961352657,26.878690284487387,0.08722490606548577,5.991680085882985,1.261406333870102,2.5429414922168547,0.040257648953301126,0.35560923242082665,
161,3.8177670424047236,3.4151905528717124,29.367954911433173,9.77589908749329,12.198067632850242,4.28743961352657,26.8719806763285,0.08722490606548577,5.991680085882985,1.261406333870102,2.5295222758990876,0.040257648953301126,0.35560923242082665,
162,3.8311862587224907,3.4151905528717124,29.320987654320987,9.77589908749329,12.198067632850242,4.314278046162104,26.838432635534083,0.08722490606548577,6.005099302200751,1.261406333870102,2.5563607085346214,0.040257648953301126,0.35560923242082665,
163,3.8580246913580245,3.4151905528717124,29.1532474503489,10.165056360708535,12.198067632850242,4.314278046162104,26.570048309178745,0.08722490606548577,6.092324208266238,1.261406333870102,2.4892646269457863,0.040257648953301126,0.35560923242082665,
164,3.8714439076757916,3.4151905528717124,29.146537842190018,10.165056360708535,12.198067632850242,4.314278046162104,26.442565754159958,0.08722490606548577,6.085614600107354,1.261406333870102,2.6167471819645733,0.040257648953301126,0.35560923242082665,
165,3.864734299516908,3.4151905528717124,29.11969940955448,10.178475577026301,12.077294685990339,4.314278046162104,26.442565754159958,0.08722490606548577,6.105743424584004,1.261406333870102,2.6167471819645733,0.040257648953301126,0.47638217928073,
166,3.878153515834675,3.4151905528717124,29.03918411164788,10.178475577026301,12.077294685990339,4.314278046162104,26.362050456253353,0.08722490606548577,6.213097155126141,1.261406333870102,2.657004830917874,0.040257648953301126,0.47638217928073,
167,3.9318303811057436,3.4151905528717124,29.012345679012345,10.178475577026301,12.077294685990339,4.314278046162104,26.362050456253353,0.08722490606548577,6.213097155126141,1.2345679012345678,2.657004830917874,0.040257648953301126,0.47638217928073,
168,3.9586688137412773,3.4151905528717124,29.012345679012345,10.178475577026301,12.050456253354804,4.314278046162104,26.362050456253353,0.08722490606548577,6.213097155126141,1.2345679012345678,2.657004830917874,0.040257648953301126,0.47638217928073,
169,3.978797638217928,3.4151905528717124,27.905260332796566,10.178475577026301,10.976918947933441,4.314278046162104,28.63660762211487,0.08722490606548577,6.1862587224906065,1.1808910359634996,2.623456790123457,0.040257648953301126,0.47638217928073,
170,4.019055287171229,3.2742887815351582,27.831454643048847,10.373054213633925,10.976918947933441,4.280730005367687,28.488996242619432,0.08722490606548577,6.213097155126141,1.2412775093934514,2.6972624798711755,0.040257648953301126,0.47638217928073,
171,4.025764895330113,3.180354267310789,27.717391304347824,10.46027911969941,10.976918947933441,3.603059581320451,27.95222758990875,0.08722490606548577,7.595276435856146,1.2412775093934514,2.6502952227589907,0.040257648953301126,0.46967257112184646,
172,3.9989264626945786,3.180354267310789,26.898819108964037,10.762211486849168,10.929951690821255,5.870907139023081,27.18733225979603,0.08722490606548577,6.78341384863124,1.2278582930756843,2.5966183574879227,0.040257648953301126,0.43612453032742887,
173,3.9989264626945786,3.180354267310789,26.120504562533547,10.742082662372518,10.997047772410092,6.816961889425658,27.006172839506174,0.08722490606548577,6.6760601180891035,1.247987117552335,2.61003757380569,0.040257648953301126,0.47638217928073,
174,4.086151368760064,3.180354267310789,26.120504562533547,10.7085346215781,10.997047772410092,6.816961889425658,26.96591519055287,0.08722490606548577,6.662640901771336,1.247987117552335,2.61003757380569,0.040257648953301126,0.47638217928073,
175,4.193505099302201,3.180354267310789,26.10708534621578,10.701825013419215,10.997047772410092,6.816961889425658,26.35534084809447,0.08722490606548577,7.185990338164252,1.247987117552335,2.61003757380569,0.040257648953301126,0.47638217928073,
176,4.280730005367687,3.180354267310789,26.093666129898015,10.701825013419215,10.997047772410092,6.816961889425658,26.33521202361782,0.08722490606548577,7.185990338164252,1.221148684916801,2.5831991411701556,0.040257648953301126,0.47638217928073,
177,4.428341384863124,3.180354267310789,26.02657004830918,10.68840579710145,10.997047772410092,6.796833064949007,26.32850241545894,0.08722490606548577,7.159151905528717,1.221148684916801,2.5697799248523885,0.040257648953301126,0.47638217928073,
178,4.455179817498658,3.180354267310789,26.02657004830918,10.68840579710145,10.997047772410092,6.769994632313473,26.29495437466452,0.08722490606548577,7.159151905528717,1.221148684916801,2.6033279656468062,0.040257648953301126,0.47638217928073,
179,4.502147074610843,3.1602254428341383,25.966183574879228,10.762211486849168,10.950080515297907,6.796833064949007,26.1808910359635,0.08722490606548577,7.139023081052066,1.221148684916801,2.717391304347826,0.040257648953301126,0.47638217928073,
180,4.53569511540526,3.1602254428341383,25.966183574879228,10.748792270531402,10.943370907139023,6.78341384863124,26.154052603327965,0.08722490606548577,7.139023081052066,1.221148684916801,2.7442297369833604,0.040257648953301126,0.47638217928073,
181,4.569243156199678,3.1602254428341383,25.966183574879228,10.715244229736983,10.943370907139023,6.78341384863124,26.120504562533547,0.10735373054213634,7.125603864734299,1.221148684916801,2.771068169618894,0.040257648953301126,0.47638217928073,
182,4.582662372517445,3.1602254428341383,25.95276435856146,10.715244229736983,10.943370907139023,6.78341384863124,26.120504562533547,0.10735373054213634,7.125603864734299,1.221148684916801,2.771068169618894,0.040257648953301126,0.47638217928073,
183,4.643048845947397,3.1602254428341383,25.89908749329039,10.674986580783683,10.943370907139023,6.78341384863124,26.053408480944714,0.10735373054213634,7.239667203435319,1.221148684916801,2.757648953301127,0.040257648953301126,0.47638217928073,
184,4.736983360171766,3.1065485775630703,25.89908749329039,10.72866344605475,10.93666129898014,6.78341384863124,25.946054750402578,0.10735373054213634,7.239667203435319,1.221148684916801,2.7777777777777777,0.040257648953301126,0.47638217928073,
185,4.750402576489533,3.1065485775630703,25.89908749329039,10.72866344605475,10.923242082662373,6.78341384863124,25.77831454643049,0.10735373054213634,7.212828770799785,1.221148684916801,2.9723564143853998,0.040257648953301126,0.47638217928073,
