,45,50,51,55,52,53,54,56,57,58
0,85.94337090713903,14.056629092860977,,,,,,,,
1,68.4447128287708,31.5552871712292,,,,,,,,
2,36.902844873859365,56.716317767042405,6.078904991948471,0.30193236714975846,,,,,,
3,35.89640365002684,57.09205582393988,6.709608158883521,0.30193236714975846,,,,,,
4,35.11808910359635,57.870370370370374,6.709608158883521,0.30193236714975846,,,,,,
5,33.48765432098765,46.564680622651636,17.28395061728395,0.30193236714975846,1.1137949543746646,1.133923778851315,0.11406333870101985,,,
6,33.50107353730542,45.611916264090176,14.358561460010735,0.30193236714975846,4.978529253891573,1.133923778851315,0.11406333870101985,,,
7,26.96591519055287,54.408212560386474,2.7643585614600106,2.200751476113795,12.412775093934513,1.133923778851315,0.11406333870101985,,,
8,27.01959205582394,52.180622651637144,2.7509393451422435,2.4892646269457863,14.31159420289855,1.133923778851315,0.11406333870101985,,,
9,27.086688137412775,52.12694578636608,2.7509393451422435,2.4892646269457863,14.298174986580785,1.133923778851315,0.11406333870101985,,,
10,27.529522275899087,51.529790660225444,2.7509393451422435,2.4892646269457863,14.204240472356414,1.133923778851315,0.36231884057971014,,,
11,27.36849168008588,51.70424047235642,2.7509393451422435,2.4892646269457863,14.190821256038648,1.133923778851315,0.36231884057971014,,,
12,26.7914653784219,49.06736446591519,2.7509393451422435,2.4892646269457863,14.184111647879764,4.3545356951154055,0.36231884057971014,,,
13,26.630434782608695,47.41009125067096,2.7509393451422435,2.26784755770263,14.184111647879764,6.642512077294686,0.11406333870101985,,,
14,26.764626945786365,47.376543209876544,2.7509393451422435,2.2410091250670963,14.143853998926463,6.608964036500268,0.11406333870101985,,,
15,26.78475577026302,47.356414385399894,2.7509393451422435,2.2410091250670963,14.143853998926463,6.608964036500268,0.11406333870101985,,,
16,26.96591519055287,47.28931830381106,2.7509393451422435,2.2410091250670963,14.070048309178745,6.568706387546968,0.11406333870101985,,,
17,26.187600644122384,42.351046698872786,2.7509393451422435,2.2410091250670963,13.083735909822867,6.568706387546968,6.816961889425658,,,
18,24.10091250670961,44.45115405260333,2.7509393451422435,2.2410091250670963,13.083735909822867,6.5552871712292005,6.816961889425658,,,
19,22.363123993558776,46.18894256575416,2.7509393451422435,2.2410091250670963,13.083735909822867,6.5552871712292005,6.816961889425658,,,
20,22.65834675254965,45.94739667203435,2.7509393451422435,2.2410091250670963,13.056897477187333,6.5552871712292005,6.790123456790123,,,
21,22.75228126677402,45.58507783145464,2.7509393451422435,2.5429414922168547,13.023349436392914,6.5552871712292005,6.790123456790123,,,
22,22.819377348362856,45.51798174986581,2.7979066022544283,2.5429414922168547,12.989801395598498,6.5552871712292005,6.776704240472356,,,
23,21.00107353730542,33.70907139023081,30.320719269994633,0.4830917874396135,6.394256575415996,6.5485775630703165,1.5432098765432098,,,
24,21.101717659688674,33.64868491680086,30.05233494363929,0.4830917874396135,6.394256575415996,6.521739130434782,1.5432098765432098,0.2549651100375738,,
25,20.632045088566827,31.253354804079443,29.58937198067633,0.4830917874396135,6.394256575415996,6.521739130434782,4.871175523349437,0.2549651100375738,,
26,20.7662372517445,31.239935587761675,29.49543746645196,0.4830917874396135,6.374127750939345,6.515029522275899,4.871175523349437,0.2549651100375738,,
27,20.92055823939882,31.206387546967257,29.401502952227588,0.4830917874396135,6.374127750939345,6.488191089640365,4.871175523349437,0.2549651100375738,,
28,20.44417606011809,31.736446591519055,29.200214707461082,0.4830917874396135,6.374127750939345,6.488191089640365,4.8443370907139025,0.4294149221685454,,
29,20.209339774557165,32.07192699946323,29.139828234031132,0.4830917874396135,6.374127750939345,6.025228126677402,5.267042404723564,0.4294149221685454,,
30,15.92860976918948,30.16639828234031,35.87627482555019,1.8250134192163177,6.374127750939345,5.984970477724101,3.4286097691894795,0.41599570585077833,,
31,15.237520128824476,28.77750939345142,35.39989264626946,1.6035963499731616,7.481213097155126,7.253086419753086,3.2139023081052067,1.0332796564680622,,
32,15.257648953301127,25.87224906065486,34.68196457326892,5.414653784219001,7.481213097155126,7.219538378958669,3.1468062265163717,0.9259259259259259,,
33,15.311325818572195,25.85212023617821,31.508319914117017,5.387815351583468,7.481213097155126,7.219538378958669,6.3137412775093935,0.9259259259259259,,
34,15.552871712292003,25.758185721953836,31.45464304884595,5.367686527106817,7.521470746108427,7.219538378958669,6.226516371443908,0.8990874932903918,,
35,15.28448738593666,25.563607085346217,31.427804616210413,5.152979066022544,8.044820182501342,7.219538378958669,6.890767579173376,0.41599570585077833,,
36,15.378421900161031,25.523349436392916,31.40096618357488,5.139559849704777,8.044820182501342,7.219538378958669,6.877348362855609,0.41599570585077833,,
37,15.458937198067632,25.483091787439612,31.394256575415994,5.139559849704777,8.011272141706923,7.219538378958669,6.877348362855609,0.41599570585077833,,
38,15.70048309178744,25.355609232420825,29.636339237788512,6.508319914117015,8.011272141706923,7.206119162640902,6.816961889425658,0.7648953301127214,,
39,15.68035426731079,25.328770799785293,28.75067096081589,6.508319914117015,9.359903381642512,7.206119162640902,6.400966183574879,0.7648953301127214,,
40,15.767579173376275,24.932903918411164,29.11969940955448,6.508319914117015,9.346484165324744,7.185990338164252,6.387546967257112,0.7514761137949544,,
41,13.875469672571121,26.194310252281266,29.11969940955448,6.501610305958132,12.989801395598498,4.180085882984434,6.387546967257112,0.7514761137949544,,
42,14.002952227589908,26.133923778851315,29.07944176060118,6.501610305958132,12.962962962962964,4.180085882984434,6.387546967257112,0.7514761137949544,,
43,14.15727321524423,26.10708534621578,28.703703703703702,6.501610305958132,12.546967257112184,4.180085882984434,6.387546967257112,1.0802469135802468,0.33548040794417605,
44,14.251207729468598,26.100375738056897,27.992485238862052,6.474771873322598,12.52012882447665,7.380568974771873,3.864734299516908,1.0802469135802468,0.33548040794417605,
45,13.70101986044015,26.41572732152442,27.771068169618893,6.454643048845948,14.53972088030059,6.501610305958132,3.4017713365539453,1.0802469135802468,0.13419216317767044,
46,13.81508319914117,26.496242619431026,27.690552871712292,6.454643048845948,14.452495974235104,6.501610305958132,3.374932903918411,1.0802469135802468,0.13419216317767044,
47,11.647879763821793,21.4170692431562,36.77536231884058,6.454643048845948,12.640901771336553,6.474771873322598,3.374932903918411,1.0802469135802468,0.13419216317767044,
48,11.708266237251744,21.4170692431562,36.72839506172839,6.454643048845948,12.627482555018787,6.474771873322598,3.374932903918411,1.0802469135802468,0.13419216317767044,
49,9.903381642512077,20.1959205582394,39.781266774020395,6.454643048845948,12.600644122383253,6.474771873322598,3.374932903918411,1.0802469135802468,0.13419216317767044,
50,9.930220075147611,20.182501341921633,39.781266774020395,6.4412238325281805,12.600644122383253,6.474771873322598,3.374932903918411,1.0802469135802468,0.13419216317767044,
51,9.836285560923242,19.404186795491142,39.18411164787977,6.4345142243692965,11.500268384326356,8.32662372517445,3.280998389694042,1.9189479334406871,0.11406333870101985,
52,9.903381642512077,19.404186795491142,39.13714439076758,6.4345142243692965,11.500268384326356,8.299785292538916,3.2877079978529253,1.9189479334406871,0.11406333870101985,
53,10.037573805689748,19.296833064949006,38.70101986044015,6.850509930220075,11.500268384326356,8.299785292538916,3.2877079978529253,1.9122383252818036,0.11406333870101985,
54,9.695383789586689,17.652979066022546,37.4597423510467,7.333601717659689,11.500268384326356,8.299785292538916,5.642780461621041,2.301395598497048,0.11406333870101985,
55,9.77589908749329,17.64626945786366,37.42619431025228,7.333601717659689,11.466720343531938,8.299785292538916,5.642780461621041,2.2946859903381642,0.11406333870101985,
56,9.98389694041868,17.64626945786366,37.204777241009126,7.306763285024155,11.406333870101985,8.272946859903382,5.642780461621041,2.4221685453569513,0.11406333870101985,
57,10.151637144390767,17.612721417069242,37.204777241009126,7.306763285024155,11.272141706924316,8.272946859903382,5.642780461621041,2.4221685453569513,0.11406333870101985,
58,10.453569511540525,17.49194847020934,36.943102522812666,7.306763285024155,11.258722490606548,8.272946859903382,5.609232420826624,2.5496511003757383,0.11406333870101985,
59,10.701825013419215,17.3040794417606,36.78878153515835,7.454374664519592,11.231884057971014,8.272946859903382,5.609232420826624,2.522812667740204,0.11406333870101985,
60,10.534084809447128,17.183306494900698,36.761943102522814,7.179280730005368,11.231884057971014,8.272946859903382,6.199677938808374,2.522812667740204,0.11406333870101985,
61,10.285829307568438,17.122920021470748,35.44015029522276,8.548040794417606,11.231884057971014,8.272946859903382,6.1929683306494905,2.791196994095545,0.11406333870101985,
62,10.487117552334944,17.11621041331186,35.18518518518518,8.548040794417606,10.896403650026839,8.675523349436393,6.1862587224906065,2.791196994095545,0.11406333870101985,
63,10.63472893183038,17.04911433172303,35.158346752549654,8.507783145464305,10.88298443370907,8.675523349436393,6.1862587224906065,2.791196994095545,0.11406333870101985,
64,10.748792270531402,17.03569511540526,35.13150831991412,8.487654320987655,10.86285560923242,8.668813741277509,6.159420289855072,2.791196994095545,0.11406333870101985,
65,10.856146001073537,17.022275899087493,35.0979602791197,8.487654320987655,10.849436392914654,8.648684916800859,6.132581857219538,2.791196994095545,0.11406333870101985,
66,10.976918947933441,16.99543746645196,35.00402576489533,8.61513687600644,10.721953837895867,8.648684916800859,6.132581857219538,2.791196994095545,0.11406333870101985,
67,11.158078368223295,16.941760601180892,34.94363929146538,8.61513687600644,10.721953837895867,8.648684916800859,6.0654857756307035,2.791196994095545,0.11406333870101985,
68,11.211755233494364,16.928341384863124,34.94363929146538,8.61513687600644,10.721953837895867,8.628556092324208,6.045356951154052,2.791196994095545,0.11406333870101985,
69,11.305689747718732,16.42512077294686,34.916800858829845,8.420558239398819,10.715244229736983,8.21256038647343,7.098765432098766,2.791196994095545,0.11406333870101985,
70,10.829307568438002,15.559581320450885,34.12506709608159,8.185721953837897,13.828502415458937,8.205850778314547,6.360708534621578,2.791196994095545,0.11406333870101985,
71,11.07085346215781,15.5126140633387,33.823134728931834,8.165593129361245,13.828502415458937,8.353462157809984,6.353998926462695,2.7777777777777777,0.11406333870101985,
72,11.392914653784219,15.479066022544284,33.756038647343,8.152173913043478,13.620504562533547,8.353462157809984,6.353998926462695,2.7777777777777777,0.11406333870101985,
73,11.493558776167472,15.479066022544284,33.7157809983897,8.145464304884594,13.580246913580247,8.353462157809984,6.340579710144928,2.7777777777777777,0.11406333870101985,
74,11.480139559849706,15.11003757380569,33.69565217391305,8.299785292538916,13.580246913580247,8.313204508856682,6.629092860976919,2.7777777777777777,0.11406333870101985,
75,11.52710681696189,15.11003757380569,33.360171765968865,9.131776704240472,13.050187869028449,8.3064949006978,6.629092860976919,2.771068169618894,0.11406333870101985,
76,11.654589371980677,15.096618357487923,33.319914117015564,9.131776704240472,13.009930220075148,8.3064949006978,6.595544820182502,2.771068169618894,0.11406333870101985,
77,11.761943102522812,15.002683843263553,33.53462157809984,9.118357487922705,12.86231884057971,8.279656468062266,6.5552871712292005,2.771068169618894,0.11406333870101985,
78,11.728395061728396,14.88191089640365,33.340042941492214,9.118357487922705,12.86231884057971,8.279656468062266,7.051798174986581,2.623456790123457,0.11406333870101985,
79,11.922973698336017,14.88191089640365,33.272946859903385,9.084809447128288,12.795222758990874,8.279656468062266,7.024959742351046,2.623456790123457,0.11406333870101985,
80,10.668276972624799,10.547504025764896,32.427536231884055,9.024422973698336,11.198336017176597,17.196725711218466,6.239935587761675,2.623456790123457,0.07380568974771873,
81,10.695115405260333,10.534084809447128,31.655931293612454,10.057702630166398,11.171497584541063,17.042404723564143,6.146001073537305,2.623456790123457,0.07380568974771873,
82,10.144927536231885,9.742351046698873,31.602254428341386,10.037573805689748,11.131239935587761,18.511808910359633,6.146001073537305,2.61003757380569,0.07380568974771873,
83,10.21202361782072,9.634997316156737,30.387815351583466,9.91009125067096,11.104401502952227,19.51154052603328,6.595544820182502,2.5697799248523885,0.07380568974771873,
84,10.104669887278583,7.695920558239399,30.307300053676865,9.534353193773484,10.755501878690284,22.376543209876544,6.582125603864735,2.5697799248523885,0.07380568974771873,
85,10.124798711755233,7.695920558239399,30.300590445517983,9.534353193773484,10.755501878690284,22.363123993558776,6.582125603864735,2.5697799248523885,0.07380568974771873,
86,9.614868491680086,8.179012345679013,30.119431025228128,9.104938271604938,14.298174986580785,19.53166935050993,6.582125603864735,2.5697799248523885,,
87,9.708803005904455,8.152173913043478,30.059044551798173,9.104938271604938,14.298174986580785,19.53166935050993,6.582125603864735,2.563070316693505,,
88,8.480944712828771,6.9243156199677935,35.84272678475577,8.36688137412775,15.123456790123457,16.438539989264626,6.3070316693505095,2.5161030595813205,,
89,8.480944712828771,6.9243156199677935,35.84272678475577,8.36688137412775,15.123456790123457,16.438539989264626,6.3070316693505095,2.5161030595813205,,
90,8.487654320987655,6.904186795491143,35.487117552334944,7.991143317230274,12.614063338701019,19.692699946323135,6.3070316693505095,2.5161030595813205,,
91,8.601717659688674,6.904186795491143,35.138217928073,7.125603864734299,12.614063338701019,21.101717659688674,5.998389694041868,2.5161030595813205,,
92,8.655394524959743,6.716317767042405,35.43344068706388,7.024959742351046,12.560386473429952,21.095008051529792,5.998389694041868,2.5161030595813205,,
93,8.145464304884594,6.488191089640365,37.815351583467525,5.6964573268921095,13.197799248523886,20.35024154589372,5.971551261406334,2.3349436392914655,,
94,7.7831454643048845,6.474771873322598,39.48604401502952,5.146269457863661,14.42565754159957,18.612453032742888,5.891035963499732,2.1806226516371443,,
95,7.0383789586688135,5.226784755770263,37.915995705850776,5.381105743424584,16.99543746645196,19.699409554482017,5.683038110574342,2.059849704777241,,
96,7.266505636070853,5.226784755770263,40.734031132581855,5.374396135265701,15.203972088030058,18.471551261406333,5.662909286097692,2.059849704777241,,
97,7.092055823939882,4.696725711218465,42.860976918947934,4.690016103059581,15.257648953301127,19.53166935050993,4.569243156199678,1.3016639828234031,,
98,7.219538378958669,4.696725711218465,42.599302200751474,4.690016103059581,15.210681696188942,19.45115405260333,5.018786902844874,1.1137949543746646,,
99,7.273215244229737,4.696725711218465,42.579173376274824,4.690016103059581,16.23054213633924,18.397745571658614,5.018786902844874,1.1137949543746646,,
100,7.300053676865271,4.696725711218465,40.9621578099839,4.690016103059581,17.639559849704778,18.35077831454643,5.018786902844874,1.3419216317767042,,
101,7.514761137949543,4.663177670424047,39.82823403113258,4.240472356414386,17.317498658078367,18.256843800322063,6.850509930220075,1.328502415458937,,
102,7.555018786902845,4.663177670424047,39.50617283950617,4.233762748255502,17.310789049919485,18.230005367686527,7.226247987117552,1.2748255501878691,,
103,7.648953301127214,4.663177670424047,38.7211486849168,5.0993022007514766,17.310789049919485,18.209876543209877,7.071926999463232,1.2748255501878691,,
104,7.856951154052603,4.663177670424047,38.21121846484165,4.951690821256038,17.250402576489535,17.726784755770264,8.064949006977992,1.2748255501878691,,
105,8.111916264090176,4.663177670424047,38.0300590445518,4.931561996779388,17.20343531937735,17.72007514761138,8.064949006977992,1.2748255501878691,,
106,8.165593129361245,4.663177670424047,37.37251744498121,4.783950617283951,17.14975845410628,18.5654857756307,8.031400966183575,1.2681159420289856,,
107,8.259527643585615,4.663177670424047,36.520397208803004,5.649490069779925,17.082662372517444,18.552066559312937,8.004562533548041,1.2681159420289856,,
108,8.36688137412775,4.616210413311863,35.319377348362856,5.60252281266774,17.975040257648953,18.5252281266774,8.004562533548041,1.5901771336553945,,
109,8.57487922705314,4.616210413311863,35.19189479334407,5.683038110574342,17.840848094471284,18.49838969404187,8.004562533548041,1.5901771336553945,,
110,8.581588835212024,4.616210413311863,34.68867418142781,6.1929683306494905,17.840848094471284,18.4849704777241,8.004562533548041,1.5901771336553945,,
111,8.655394524959743,4.616210413311863,34.064680622651636,6.702898550724638,17.800590445517983,18.38432635534085,8.185721953837897,1.5901771336553945,,
112,8.668813741277509,4.5960815888352125,33.393719806763286,6.293612453032743,17.787171229200215,18.370907139023082,9.29951690821256,1.5901771336553945,,
113,8.836553945249598,4.582662372517445,33.272946859903385,6.293612453032743,17.787171229200215,18.344068706387546,9.292807300053678,1.5901771336553945,,
114,8.93719806763285,4.582662372517445,33.23939881910896,6.293612453032743,17.726784755770264,18.344068706387546,9.286097691894794,1.5901771336553945,,
115,9.057971014492754,4.582662372517445,33.20585077831455,6.367418142780462,17.357756307031668,18.5654857756307,9.272678475577026,1.5901771336553945,,
116,9.05126140633387,4.555823939881911,33.07836822329576,6.602254428341385,17.337627482555018,18.511808910359633,9.272678475577026,1.5901771336553945,,
117,9.145195920558239,4.502147074610843,33.07836822329576,6.602254428341385,17.297369833601717,18.511808910359633,9.272678475577026,1.5901771336553945,,
118,9.29951690821256,4.49543746645196,33.011272141706925,6.602254428341385,17.297369833601717,18.4849704777241,9.219001610305957,1.5901771336553945,,
119,9.41358024691358,4.49543746645196,32.95759527643585,6.582125603864735,17.297369833601717,18.45813204508857,9.205582393988191,1.5901771336553945,,
120,9.655126140633387,4.49543746645196,32.92404723564144,6.582125603864735,17.183306494900698,18.364197530864196,9.205582393988191,1.5901771336553945,,
121,9.39345142243693,4.408212560386473,31.904186795491142,6.219806763285024,17.163177670424048,20.638754696725712,8.581588835212024,1.6908212560386473,,
122,9.473966720343531,4.40150295222759,31.904186795491142,6.219806763285024,17.24369296833065,20.517981749865807,8.548040794417606,1.6908212560386473,,
123,9.46725711218465,4.3545356951154055,30.837359098228664,6.099033816425121,18.06897477187332,21.195652173913043,8.548040794417606,1.42914653784219,,
124,9.541062801932368,4.3545356951154055,30.837359098228664,6.072195383789587,18.06897477187332,21.14868491680086,8.548040794417606,1.42914653784219,,
125,9.782608695652174,4.3478260869565215,30.803811057434245,6.072195383789587,17.901234567901234,21.14868491680086,8.514492753623188,1.42914653784219,,
126,9.722222222222221,4.3478260869565215,32.991143317230275,6.072195383789587,16.29092860976919,20.632045088566827,8.514492753623188,1.42914653784219,,
127,10.0979602791197,4.3478260869565215,32.95759527643585,6.0587761674718195,16.19699409554482,20.564949006977994,8.507783145464305,1.2681159420289856,,
128,10.218733225979603,4.341116478797638,32.90391841116479,6.031937734836285,16.19699409554482,20.531400966183575,8.507783145464305,1.2681159420289856,,
129,10.38647342995169,4.334406870638754,32.8569511540526,6.018518518518518,16.13660762211487,20.45088566827697,8.494363929146537,1.3217928073000538,,
130,10.507246376811594,4.280730005367687,32.80327428878154,6.018518518518518,16.035963499731615,20.209339774557165,8.494363929146537,1.3217928073000538,0.32877079978529256,
131,10.661567364465915,4.280730005367687,32.729468599033815,6.018518518518518,15.98899624261943,20.175791733762747,8.494363929146537,1.3217928073000538,0.32877079978529256,
132,10.68840579710145,4.280730005367687,32.72275899087493,6.018518518518518,15.98899624261943,20.175791733762747,8.474235104669887,1.3217928073000538,0.32877079978529256,
133,10.82259796027912,4.280730005367687,32.68250134192163,5.938003220611916,15.98899624261943,20.169082125603865,8.467525496511003,1.3217928073000538,0.32877079978529256,
134,10.909822866344605,4.280730005367687,32.46108427267848,5.938003220611916,15.942028985507246,20.155662909286097,8.467525496511003,1.5163714439076759,0.32877079978529256,
135,10.23215244229737,4.213633923778851,34.07809983896941,5.938003220611916,15.526033279656469,19.732957595276435,8.433977455716587,1.5163714439076759,0.32877079978529256,
136,10.23215244229737,4.213633923778851,33.19243156199678,5.0858829844337095,15.526033279656469,20.611916264090176,9.473966720343531,1.3352120236178207,0.32877079978529256,
137,10.379763821792807,4.206924315619967,33.13875469672571,5.0858829844337095,15.526033279656469,20.538110574342458,9.460547504025765,1.3352120236178207,0.32877079978529256,
138,10.413311862587225,4.206924315619967,32.54830917874396,5.0858829844337095,15.49248523886205,20.323403113258184,10.265700483091788,1.3352120236178207,0.32877079978529256,
139,9.923510466988727,4.146537842190016,33.964036500268385,5.0791733762748255,15.4723564143854,19.49812130971551,10.265700483091788,1.3217928073000538,0.32877079978529256,
140,10.02415458937198,4.146537842190016,33.883521202361784,5.0791733762748255,15.4723564143854,19.49812130971551,10.245571658615138,1.3217928073000538,0.32877079978529256,
141,10.131508319914117,4.139828234031133,33.85668276972625,5.065754159957058,15.539452495974235,19.47128287707998,10.165056360708535,1.3016639828234031,0.32877079978529256,
142,10.279119699409554,4.119699409554482,33.7962962962963,5.065754159957058,15.4723564143854,19.47128287707998,10.165056360708535,1.3016639828234031,0.32877079978529256,
143,10.473698336017177,4.086151368760064,33.722490606548575,5.159688674181428,15.365002683843263,19.28341384863124,10.279119699409554,1.3016639828234031,0.32877079978529256,
144,10.654857756307031,4.079441760601181,33.722490606548575,5.152979066022544,15.351583467525497,19.129092860976918,10.279119699409554,1.3016639828234031,0.32877079978529256,
145,10.789049919484702,4.072732152442297,33.64868491680086,5.139559849704777,15.351583467525497,19.102254428341386,10.265700483091788,1.3016639828234031,0.32877079978529256,
146,10.735373054213634,4.072732152442297,32.54159957058508,6.400966183574879,15.331454643048845,19.048577563070317,10.238862050456254,1.3016639828234031,0.32877079978529256,
147,10.809178743961352,4.072732152442297,35.07783145464305,6.400966183574879,13.862050456253355,18.169618894256576,9.977187332259795,1.3016639828234031,0.32877079978529256,
148,10.815888352120236,4.072732152442297,34.96376811594203,6.400966183574879,14.42565754159957,17.713365539452496,9.977187332259795,1.3016639828234031,0.32877079978529256,
149,11.238593666129898,4.072732152442297,34.876543209876544,6.400966183574879,14.40552871712292,17.398013955984972,9.977187332259795,1.3016639828234031,0.32877079978529256,
150,11.345947396672035,4.066022544283414,34.70880300590446,6.360708534621578,14.40552871712292,17.398013955984972,9.950348899624261,1.4358561460010735,0.32877079978529256,
151,11.366076221148685,4.066022544283414,34.70209339774557,6.360708534621578,14.40552871712292,17.384594739667204,9.950348899624261,1.4358561460010735,0.32877079978529256,
152,11.66129898013956,4.066022544283414,34.312936124530324,6.340579710144928,14.371980676328503,17.21014492753623,9.950348899624261,1.7579173376274826,0.32877079978529256,
153,11.761943102522812,4.066022544283414,34.23913043478261,6.340579710144928,14.351851851851851,17.20343531937735,9.950348899624261,1.7579173376274826,0.32877079978529256,
154,11.869296833064949,4.066022544283414,34.19216317767042,6.340579710144928,14.163982823403114,17.19001610305958,10.0979602791197,1.751207729468599,0.32877079978529256,
155,11.98336017176597,4.066022544283414,34.12506709608159,6.340579710144928,14.123725174449811,17.19001610305958,10.0979602791197,1.7444981213097155,0.32877079978529256,
156,12.097423510466989,4.066022544283414,33.883521202361784,6.3070316693505095,14.049919484702093,17.465110037573805,10.064412238325282,1.737788513150832,0.32877079978529256,
157,12.171229200214707,4.066022544283414,33.85668276972625,6.3070316693505095,14.049919484702093,17.444981213097154,10.037573805689748,1.737788513150832,0.32877079978529256,
158,12.265163714439076,4.066022544283414,33.57487922705314,6.535158346752549,14.029790660225443,17.424852388620504,10.037573805689748,1.737788513150832,0.32877079978529256,
159,12.245034889962426,4.045893719806763,32.56843800322061,6.535158346752549,15.217391304347826,17.28395061728395,10.037573805689748,1.737788513150832,0.32877079978529256,
160,12.305421363392378,4.045893719806763,32.56843800322061,6.535158346752549,15.157004830917874,17.28395061728395,10.037573805689748,1.737788513150832,0.32877079978529256,
161,12.654320987654321,4.045893719806763,32.340311325818575,6.535158346752549,15.157004830917874,17.28395061728395,10.037573805689748,1.6170155662909287,0.32877079978529256,
162,12.74825550187869,4.045893719806763,32.27321524422974,6.535158346752549,15.157004830917874,17.28395061728395,10.010735373054214,1.6170155662909287,0.32877079978529256,
163,12.828770799785293,4.045893719806763,32.22624798711755,6.535158346752549,15.157004830917874,17.250402576489535,10.010735373054214,1.6170155662909287,0.32877079978529256,
164,13.063607085346217,4.045893719806763,32.1658615136876,6.521739130434782,15.157004830917874,17.23027375201288,9.86983360171766,1.6170155662909287,0.32877079978529256,
165,13.251476113794954,4.045893719806763,32.058507783145465,6.4412238325281805,15.123456790123457,17.297369833601717,9.836285560923242,1.6170155662909287,0.32877079978529256,
166,13.41250670960816,4.012345679012346,32.00483091787439,6.4412238325281805,15.063070316693505,17.28395061728395,9.836285560923242,1.6170155662909287,0.32877079978529256,
167,13.486312399355878,4.012345679012346,31.97799248523886,6.407675791733762,15.056360708534621,17.277241009125067,9.836285560923242,1.6170155662909287,0.32877079978529256,
168,13.560118089103597,3.9855072463768115,31.83709071390231,6.407675791733762,14.80810520665593,17.2638217928073,10.19189479334407,1.6170155662909287,0.32877079978529256,
169,13.989533011272142,3.9855072463768115,31.709608158883523,6.407675791733762,14.593397745571659,17.2638217928073,10.11808910359635,1.6035963499731616,0.32877079978529256,
170,13.754696725711218,3.9855072463768115,33.36688137412775,6.380837359098229,13.56682769726248,17.257112184648417,9.75577026301664,1.6035963499731616,0.32877079978529256,
171,13.841921631776705,3.9855072463768115,33.319914117015564,6.380837359098229,13.56682769726248,17.216854535695116,9.75577026301664,1.6035963499731616,0.32877079978529256,
172,13.989533011272142,3.9855072463768115,33.24610842726785,6.353998926462695,13.546698872785829,17.196725711218466,9.75577026301664,1.596886741814278,0.32877079978529256,
173,14.130434782608695,3.9855072463768115,33.17901234567901,6.353998926462695,13.513150831991412,17.163177670424048,9.75577026301664,1.596886741814278,0.322061191626409,
174,14.257917337627482,3.9855072463768115,33.15217391304348,6.280193236714976,13.513150831991412,17.163177670424048,9.728931830381105,1.596886741814278,0.322061191626409,
175,13.83521202361782,3.3145464304884595,31.4747718733226,6.266774020397209,16.63311862587225,16.59286097691895,9.96376811594203,1.596886741814278,0.322061191626409,
176,14.190821256038648,3.307836822329576,31.447933440687063,6.266774020397209,16.324476650563607,16.337895866881375,9.943639291465379,1.8585614600107354,0.322061191626409,
177,14.257917337627482,3.307836822329576,31.447933440687063,6.266774020397209,16.25738056897477,16.337895866881375,9.943639291465379,1.8585614600107354,0.322061191626409,
178,14.371980676328503,3.307836822329576,31.447933440687063,6.266774020397209,16.25738056897477,16.27750939345142,9.88996242619431,1.8585614600107354,0.322061191626409,
179,14.566559312936125,3.307836822329576,31.34728931830381,6.260064412238325,16.243961352657006,16.25067096081589,9.86983360171766,1.8317230273752012,0.322061191626409,
180,14.506172839506172,3.307836822329576,31.32716049382716,6.260064412238325,16.364734299516908,16.223832528180353,9.863123993558776,1.8250134192163177,0.322061191626409,
181,14.65378421900161,3.307836822329576,30.26033279656468,6.172839506172839,17.579173376274827,16.022544283413847,9.856414385399892,1.8250134192163177,0.322061191626409,
182,14.928878153515834,3.280998389694042,30.02549651100376,6.266774020397209,17.579173376274827,15.915190552871712,9.856414385399892,1.8250134192163177,0.322061191626409,
183,14.834943639291465,3.280998389694042,30.02549651100376,6.226516371443908,17.579173376274827,15.915190552871712,9.990606548577563,1.8250134192163177,0.322061191626409,
184,14.922168545356952,3.280998389694042,29.683306494900698,6.226516371443908,17.847557702630166,15.915190552871712,10.0979602791197,1.7042404723564144,0.322061191626409,
185,14.97584541062802,3.280998389694042,29.676596886741816,6.226516371443908,17.834138486312398,15.881642512077295,10.0979602791197,1.7042404723564144,0.322061191626409,
186,15.163714439076758,3.2474503488996245,29.602791196994094,6.1929683306494905,17.807300053676865,15.881642512077295,10.077831454643048,1.7042404723564144,0.322061191626409,
187,15.250939345142244,3.2474503488996245,29.602791196994094,6.1929683306494905,17.773752012882447,15.827965646806227,10.077831454643048,1.7042404723564144,0.322061191626409,
188,15.076489533011273,3.2474503488996245,29.0727321524423,7.14573268921095,17.76033279656468,15.827965646806227,9.842995169082126,1.7042404723564144,0.322061191626409,
189,14.714170692431562,3.2340311325818574,29.03918411164788,7.125603864734299,18.23671497584541,15.827965646806227,9.842995169082126,1.6572732152442298,0.322061191626409,
190,14.868491680085883,3.2340311325818574,28.884863123993558,7.112184648416532,18.136070853462158,15.801127214170693,9.802737520128824,1.8384326355340848,0.322061191626409,
191,14.070048309178745,3.2340311325818574,29.60950080515298,7.112184648416532,19.77992485238862,15.01610305958132,9.07139023081052,1.7847557702630166,0.322061191626409,
192,14.224369296833064,3.227321524422974,29.528985507246375,7.112184648416532,19.726247987117553,15.009393451422437,9.064680622651638,1.7847557702630166,0.322061191626409,
193,14.36527106816962,3.227321524422974,29.49543746645196,7.112184648416532,19.632313472893184,15.009393451422437,9.05126140633387,1.7847557702630166,0.322061191626409,
194,14.49946323134729,3.207192699946323,29.367954911433173,7.098765432098766,19.585346215780998,15.009393451422437,9.05126140633387,1.8585614600107354,0.322061191626409,
195,13.902308105206655,2.9790660225442833,28.368223295759528,5.367686527106817,19.14922168545357,19.558507783145465,8.514492753623188,1.8518518518518519,0.30864197530864196,
196,14.04320987654321,2.952227589908749,28.052871712292003,5.360976918947934,18.90096618357488,19.83360171765969,8.84326355340848,1.7042404723564144,0.30864197530864196,
197,14.304884594739667,2.952227589908749,28.012614063338702,5.360976918947934,18.820450885668276,19.692699946323135,8.84326355340848,1.7042404723564144,0.30864197530864196,
198,14.231078904991948,2.952227589908749,27.791196994095547,5.360976918947934,18.820450885668276,19.484702093397747,8.84326355340848,2.2074610842726785,0.30864197530864196,
199,14.412238325281804,2.952227589908749,27.636876006441224,5.508588298443371,18.726516371443907,19.43773483628556,8.809715512614064,2.2074610842726785,0.30864197530864196,
200,14.459205582393988,2.952227589908749,27.623456790123456,5.508588298443371,18.69296833064949,19.410896403650028,8.883521202361782,2.1806226516371443,0.2885131508319914,
201,14.566559312936125,2.952227589908749,27.576489533011273,5.508588298443371,18.67283950617284,19.410896403650028,8.84326355340848,2.1806226516371443,0.2885131508319914,
202,15.002683843263553,2.952227589908749,27.482555018786904,5.434782608695652,18.59903381642512,19.35721953837896,8.702361782071927,2.1806226516371443,0.2885131508319914,
203,10.02415458937198,34.93022007514761,20.947396672034355,4.508856682769726,13.996242619431026,9.111647879763822,4.736983360171766,1.6975308641975309,0.04696725711218465,
204,9.849704777241008,35.16505636070853,20.913848631239937,4.508856682769726,13.989533011272142,9.104938271604938,4.730273752012883,1.6908212560386473,0.04696725711218465,
205,10.245571658615138,34.80273752012882,20.913848631239937,4.488727858293076,13.976113794954374,9.104938271604938,4.730273752012883,1.6908212560386473,0.04696725711218465,
206,10.332796564680622,34.76247987117552,20.8870101986044,4.488727858293076,13.955984970477724,9.104938271604938,4.730273752012883,1.6908212560386473,0.04696725711218465,
207,10.433440687063875,34.70880300590446,20.88030059044552,4.488727858293076,13.955984970477724,9.07139023081052,4.730273752012883,1.6841116478797638,0.04696725711218465,
208,10.567632850241546,34.554482018250134,20.598497047772412,4.824208266237251,13.935856146001074,9.064680622651638,4.723564143853999,1.6841116478797638,0.04696725711218465,
209,10.715244229736983,34.50080515297907,20.578368223295758,4.824208266237251,13.902308105206655,9.064680622651638,4.683306494900698,1.6841116478797638,0.04696725711218465,
210,10.943370907139023,33.97074610842727,20.491143317230275,5.35426731078905,13.88888888888889,8.93719806763285,4.683306494900698,1.6841116478797638,0.04696725711218465,
211,11.077563070316694,33.9573268921095,20.42404723564144,5.35426731078905,13.848631239935587,8.93719806763285,4.683306494900698,1.6706924315619969,0.04696725711218465,
212,11.211755233494364,33.8768115942029,20.40391841116479,5.3274288781535155,13.841921631776705,8.93719806763285,4.683306494900698,1.6706924315619969,0.04696725711218465,
213,11.29898013955985,33.84997316156736,20.40391841116479,5.3274288781535155,13.828502415458937,8.917069243156199,4.656468062265164,1.6706924315619969,0.04696725711218465,
214,11.654589371980677,33.81642512077295,20.397208803005906,5.179817498658078,13.828502415458937,8.749329039184111,4.656468062265164,1.6706924315619969,0.04696725711218465,
215,11.735104669887278,33.80971551261406,20.39049919484702,5.0791733762748255,13.808373590982287,8.655394524959743,4.804079441760601,1.6706924315619969,0.04696725711218465,
216,11.728395061728396,33.85668276972625,20.35024154589372,5.0791733762748255,13.808373590982287,8.655394524959743,4.804079441760601,1.6706924315619969,0.04696725711218465,
217,11.808910359634996,33.82984433709071,20.33011272141707,5.052334943639291,13.801663982823403,8.655394524959743,4.804079441760601,1.6706924315619969,0.04696725711218465,
218,11.882716049382717,33.82984433709071,20.283145464304884,5.052334943639291,13.781535158346752,8.648684916800859,4.804079441760601,1.6706924315619969,0.04696725711218465,
219,11.963231347289318,33.803005904455176,20.229468599033815,5.052334943639291,13.781535158346752,8.648684916800859,4.804079441760601,1.6706924315619969,0.04696725711218465,
220,12.117552334943639,33.7157809983897,20.162372517444982,5.052334943639291,13.727858293075684,8.57487922705314,4.804079441760601,1.7981749865807837,0.04696725711218465,
221,12.097423510466989,33.68894256575416,20.142243692968332,5.052334943639291,13.674181427804616,8.695652173913043,4.804079441760601,1.7981749865807837,0.04696725711218465,
222,12.332259796027913,33.581588835212024,20.101986044015028,5.052334943639291,13.674181427804616,8.61513687600644,4.797369833601718,1.7981749865807837,0.04696725711218465,
223,12.406065485775631,33.5077831454643,20.101986044015028,5.045625335480408,13.66076221148685,8.675523349436393,4.757112184648417,1.7981749865807837,0.04696725711218465,
224,12.392646269457863,33.467525496511,20.088566827697264,5.025496511003757,13.419216317767042,9.004294149221685,4.757112184648417,1.7981749865807837,0.04696725711218465,
225,12.419484702093397,33.15217391304348,19.961084272678477,5.246913580246914,13.405797101449275,9.219001610305957,4.750402576489533,1.7981749865807837,0.04696725711218465,
226,12.473161567364466,33.12533548040794,19.961084272678477,5.246913580246914,13.405797101449275,9.192163177670425,4.750402576489533,1.7981749865807837,0.04696725711218465,
227,12.634192163177671,33.091787439613526,19.87385936661299,5.246913580246914,13.372249060654857,9.185453569511541,4.750402576489533,1.7981749865807837,0.04696725711218465,
228,12.788513150831992,33.06494900697799,19.840311325818572,5.246913580246914,13.372249060654857,9.091519055287172,4.750402576489533,1.7981749865807837,0.04696725711218465,
229,13.036768652710682,33.04482018250134,19.840311325818572,5.226784755770263,13.18438003220612,9.091519055287172,4.730273752012883,1.7981749865807837,0.04696725711218465,
230,13.22463768115942,32.9777241009125,19.840311325818572,5.213365539452496,13.157541599570585,9.091519055287172,4.64975845410628,1.7981749865807837,0.04696725711218465,
231,13.264895330112722,32.94417606011809,19.73966720343532,5.193236714975845,13.144122383252817,9.091519055287172,4.904723564143854,1.6706924315619969,0.04696725711218465,
232,13.539989264626946,32.79656468062265,19.699409554482017,5.193236714975845,13.103864734299517,9.044551798174986,4.904723564143854,1.6706924315619969,0.04696725711218465,
233,13.39237788513151,32.689210950080515,19.048577563070317,5.173107890499195,12.090713902308105,10.983628556092324,4.904723564143854,1.6706924315619969,0.04696725711218465,
234,13.439345142243694,32.67579173376275,19.048577563070317,5.173107890499195,12.057165861513688,10.983628556092324,4.904723564143854,1.6706924315619969,0.04696725711218465,
235,13.546698872785829,32.669082125603865,18.988191089640367,5.159688674181428,12.010198604401502,11.07085346215781,4.864465915190553,1.6706924315619969,0.020128824476650563,
236,13.70101986044015,32.669082125603865,18.9747718733226,5.119431025228127,11.936392914653783,11.057434245840042,4.851046698872786,1.6706924315619969,0.020128824476650563,
237,13.6808910359635,31.561996779388085,18.9747718733226,6.273483628556092,11.936392914653783,11.057434245840042,4.824208266237251,1.6706924315619969,0.020128824476650563,
238,13.781535158346752,31.49490069779925,18.9747718733226,6.239935587761675,11.936392914653783,11.057434245840042,4.824208266237251,1.6706924315619969,0.020128824476650563,
239,14.083467525496511,31.468062265163713,18.894256575415994,6.213097155126141,11.90955448201825,10.93666129898014,4.824208266237251,1.6505636070853462,0.020128824476650563,
240,14.17740203972088,31.4345142243693,18.86070853462158,6.1929683306494905,11.90955448201825,10.93666129898014,4.824208266237251,1.6438539989264627,0.020128824476650563,
241,14.351851851851851,31.387546967257112,18.357487922705314,6.8035426731078905,11.822329575952764,10.929951690821255,4.683306494900698,1.6438539989264627,0.020128824476650563,
242,14.49946323134729,31.340579710144926,18.344068706387546,6.78341384863124,11.761943102522812,10.923242082662373,4.683306494900698,1.6438539989264627,0.020128824476650563,
243,14.626945786366075,31.293612453032743,18.33064949006978,6.756575415995706,11.761943102522812,10.923242082662373,4.683306494900698,1.6035963499731616,0.020128824476650563,
244,14.680622651637144,31.253354804079443,18.33064949006978,6.743156199677939,11.761943102522812,10.923242082662373,4.683306494900698,1.6035963499731616,0.020128824476650563,
245,14.801395598497047,30.823939881910896,18.33064949006978,7.105475040257649,11.761943102522812,10.896403650026839,4.656468062265164,1.6035963499731616,0.020128824476650563,
