,45,50,51,55,54,52,53,56,58,57
0,91.14331723027375,8.856682769726248,,,,,,,,
1,68.05555555555556,18.337359098228664,13.47289318303811,0.13419216317767044,,,,,,
2,59.225711218464845,25.449543746645197,13.446054750402576,0.32877079978529256,1.5499194847020934,,,,,
3,56.92431561996779,26.8317230273752,13.425925925925926,0.32877079978529256,1.5499194847020934,0.9393451422436929,,,,
4,56.837090713902306,26.952495974235106,13.39237788513151,0.32877079978529256,1.5499194847020934,0.9393451422436929,,,,
5,47.517444981213096,36.33252818035427,13.331991411701557,0.32877079978529256,1.5499194847020934,0.9393451422436929,,,,
6,45.04159957058508,27.999194847020934,23.396403650026837,0.19457863660762212,1.5432098765432098,1.8250134192163177,,,,
7,45.17579173376275,27.911969940955448,23.349436392914654,0.19457863660762212,1.5432098765432098,1.8250134192163177,,,,
8,44.20960815888352,27.536231884057973,17.612721417069242,0.19457863660762212,1.6371443907675791,6.615673644659152,2.1940418679549114,,,
9,5.280461621041331,66.532474503489,17.57246376811594,0.24154589371980675,1.5432098765432098,4.260601180891036,3.5091250670960816,1.0601180891035964,,
10,5.783682232957595,65.59983896940419,17.55233494363929,0.8789586688137413,1.5432098765432098,4.072732152442297,3.5091250670960816,1.0601180891035964,,
11,5.776972624798712,65.41867954911433,16.150026838432634,1.9659151905528718,1.5432098765432098,3.388352120236178,3.421900161030596,2.3349436392914655,,
12,6.528448738593666,62.64090177133655,15.96886741814278,4.079441760601181,1.5432098765432098,4.186795491143317,2.737520128824477,2.314814814814815,,
13,7.246376811594203,62.15780998389694,15.921900161030596,4.052603327965647,1.3955984970477724,4.186795491143317,2.7241009125067097,2.314814814814815,,
14,8.729200214707461,61.08427267847558,15.619967793880837,3.992216854535695,1.3955984970477724,4.186795491143317,2.677133655394525,2.314814814814815,,
15,8.467525496511003,54.09286097691895,15.5126140633387,3.488996242619431,1.3955984970477724,4.186795491143317,10.540794417606012,2.314814814814815,,
16,9.272678475577026,53.535963499731615,15.365002683843263,3.488996242619431,1.3955984970477724,4.166666666666667,10.46027911969941,2.314814814814815,,
17,8.890230810520666,43.75335480407944,14.781266774020397,3.1333870101986045,1.5432098765432098,4.166666666666667,21.4170692431562,2.314814814814815,,
18,9.057971014492754,43.646001073537306,14.781266774020397,3.1333870101986045,1.5432098765432098,4.166666666666667,21.35668276972625,2.314814814814815,,
19,9.796027911969942,37.5805152979066,14.74771873322598,3.0327428878153517,1.5432098765432098,15.707192699946322,15.277777777777779,2.314814814814815,,
20,9.353193773483628,29.354535695115406,14.392109500805153,2.804616210413312,2.2208803005904456,27.254428341384862,12.305421363392378,2.314814814814815,,
21,9.27938808373591,27.63016639828234,12.265163714439076,2.737520128824477,2.6033279656468062,31.924315619967793,12.157809983896941,1.402308105206656,,
22,8.789586688137414,24.268652710681696,22.25577026301664,0.8990874932903918,6.964573268921095,25.147611379495437,11.158078368223295,0.5166398282340311,,
23,8.722490606548577,21.85319377348363,21.940418679549115,0.5367686527106817,6.568706387546968,28.743961352657006,11.117820719269995,0.5166398282340311,,
24,7.481213097155126,19.96779388083736,15.009393451422437,2.341653247450349,7.695920558239399,36.38620504562534,11.104401502952227,0.013419216317767043,,
25,7.883789586688137,19.142512077294686,24.436392914653783,0.7447665056360708,5.173107890499195,31.367418142780462,9.822866344605474,1.42914653784219,,
26,8.373590982286634,19.142512077294686,24.18142780461621,2.2208803005904456,5.173107890499195,29.656468062265162,9.822866344605474,1.42914653784219,,
27,8.722490606548577,19.11567364465915,23.64465915190553,2.2208803005904456,5.152979066022544,29.441760601180892,9.668545356951155,1.892109500805153,0.14090177133655393,
28,8.742619431025227,16.049382716049383,23.21524422973698,1.9793344068706387,2.999194847020934,26.670692431561996,18.344068706387546,1.8585614600107354,0.14090177133655393,
29,8.608427267847558,12.775093934514224,28.012614063338702,1.90552871712292,2.3550724637681157,26.187600644122384,18.156199677938808,1.8585614600107354,0.14090177133655393,
30,9.118357487922705,11.131239935587761,32.67579173376275,1.8451422436929683,2.3550724637681157,24.402844873859365,16.935050993022006,1.3955984970477724,0.14090177133655393,
31,9.272678475577026,11.003757380568974,29.1532474503489,8.09849704777241,2.3550724637681157,21.732420826623724,16.847826086956523,1.3955984970477724,0.14090177133655393,
32,9.668545356951155,10.943370907139023,29.0727321524423,8.011272141706923,2.3215244229736984,21.557971014492754,16.75389157273215,1.5297906602254427,0.14090177133655393,
33,8.930488459473967,10.567632850241546,24.013687600644122,7.98443370907139,4.2270531400966185,28.663446054750402,14.143853998926463,1.328502415458937,0.14090177133655393,
34,9.688674181427805,10.238862050456254,22.322866344605476,7.796564680622652,4.884594739667204,30.280461621041333,12.929414922168545,1.7176596886741815,0.14090177133655393,
35,10.02415458937198,10.185185185185185,22.188674181427803,6.971282877079979,4.884594739667204,31.01851851851852,12.875738056897477,1.7176596886741815,0.13419216317767044,
36,10.695115405260333,9.762479871175524,22.108158883521202,7.796564680622652,4.884594739667204,30.54213633923779,11.862587224906065,2.214170692431562,0.13419216317767044,
37,10.923242082662373,9.66183574879227,22.054482018250134,7.796564680622652,4.884594739667204,30.50187869028449,11.829039184111648,2.214170692431562,0.13419216317767044,
38,11.252012882447666,9.232420826623725,21.34326355340848,7.716049382716049,4.012345679012346,31.508319914117017,12.325550187869029,2.475845410628019,0.13419216317767044,
39,11.66129898013956,9.232420826623725,21.22920021470746,7.595276435856146,4.005636070853462,31.07890499194847,12.245034889962426,2.475845410628019,0.13419216317767044,0.3421900161030596
40,12.211486849168008,9.138486312399356,21.155394524959743,7.595276435856146,4.005636070853462,30.689747718733226,12.110842726784755,2.6167471819645733,0.13419216317767044,0.3421900161030596
41,12.781803542673108,9.057971014492754,21.141975308641975,7.575147611379496,4.005636070853462,30.233494363929147,12.110842726784755,2.6167471819645733,0.13419216317767044,0.3421900161030596
42,12.775093934514224,8.957326892109501,16.888083735909824,7.132313472893183,3.5426731078904994,34.628287707997856,13.405797101449275,2.3550724637681157,0.12077294685990338,0.19457863660762212
43,13.264895330112722,8.80300590445518,16.465378421900162,7.132313472893183,4.461889425657541,34.54106280193237,12.667740203972087,2.3483628556092326,0.12077294685990338,0.19457863660762212
44,11.768652710681696,7.360440150295223,25.711218464841654,6.146001073537305,6.984702093397746,27.482555018786904,11.882716049382717,2.3483628556092326,0.12077294685990338,0.19457863660762212
45,12.587224906065487,7.266505636070853,25.623993558776167,5.998389694041868,6.971282877079979,27.147074610842726,11.75523349436393,2.3349436392914655,0.12077294685990338,0.19457863660762212
46,12.553676865271068,5.683038110574342,25.55018786902845,7.877079978529254,6.971282877079979,26.482823403113258,12.27187332259796,2.2946859903381642,0.12077294685990338,0.19457863660762212
47,12.741545893719806,5.683038110574342,25.43612453032743,7.877079978529254,6.971282877079979,26.40901771336554,12.27187332259796,2.2946859903381642,0.12077294685990338,0.19457863660762212
48,13.6808910359635,5.475040257648954,25.046967257112186,7.877079978529254,6.837090713902308,25.63070316693505,12.258454106280194,2.8784219001610305,0.12077294685990338,0.19457863660762212
49,13.003220611916264,3.750670960815888,20.517981749865807,5.60252281266774,6.749865807836822,23.121309715512613,24.168008588298445,2.7777777777777777,0.11406333870101985,0.19457863660762212
50,13.607085346215781,3.670155662909286,20.21604938271605,5.595813204508857,6.716317767042405,21.772678475577028,25.335480407944175,2.7777777777777777,0.11406333870101985,0.19457863660762212
51,14.928878153515834,3.616478797638218,19.77992485238862,5.448201825013419,6.716317767042405,21.410359634997317,25.05367686527107,2.737520128824477,0.11406333870101985,0.19457863660762212
52,15.445517981749866,3.6097691894793345,19.30354267310789,5.401234567901234,6.977992485238862,21.22249060654858,24.993290391841118,2.737520128824477,0.11406333870101985,0.19457863660762212
53,13.211218464841654,2.576489533011272,31.548577563070317,4.341116478797638,7.601986044015029,20.933977455716587,18.14278046162104,1.5297906602254427,0.11406333870101985,
54,13.801663982823403,2.576489533011272,30.931293612453032,3.770799785292539,7.568438003220612,21.67874396135266,18.02871712292002,1.5297906602254427,0.11406333870101985,
55,14.284755770263017,2.576489533011272,30.69645732689211,3.770799785292539,7.541599570585078,21.4573268921095,18.02871712292002,1.5297906602254427,0.11406333870101985,
56,12.674449812130971,2.01959205582394,38.439345142243695,3.5628019323671496,6.394256575415996,18.572195383789587,17.082662372517444,1.1406333870101986,0.11406333870101985,
57,13.231347289318304,2.01959205582394,38.35212023617821,3.535963499731616,6.394256575415996,18.169618894256576,17.042404723564143,1.1406333870101986,0.11406333870101985,
58,13.989533011272142,2.01959205582394,38.06360708534621,3.515834675254965,6.394256575415996,17.907944176060116,16.71363392377885,1.1406333870101986,0.2549651100375738,
59,14.090177133655395,2.01959205582394,36.292270531400966,3.488996242619431,6.360708534621578,17.659688674181428,18.47826086956522,1.3553408480944713,0.2549651100375738,
60,14.418947933440688,2.01959205582394,36.111111111111114,3.488996242619431,6.850509930220075,17.062533548040793,18.4447128287708,1.3486312399355878,0.2549651100375738,
61,14.727589908749328,1.9927536231884058,34.634997316156735,3.44873859366613,6.816961889425658,18.572195383789587,18.223295759527645,1.3486312399355878,0.23483628556092323,
62,15.096618357487923,1.9927536231884058,34.50080515297907,3.435319377348363,6.816961889425658,18.451422436929683,18.12265163714439,1.3486312399355878,0.23483628556092323,
63,14.9020397208803,1.8384326355340848,40.183843263553406,2.898550724637681,6.219806763285024,15.365002683843263,17.66639828234031,0.6910896403650026,0.23483628556092323,
64,15.405260332796564,1.7713365539452497,40.11674718196457,2.898550724637681,5.0858829844337095,15.633387010198604,18.16290928609769,0.6910896403650026,0.23483628556092323,
65,14.660493827160494,1.7444981213097155,36.40633387010199,4.019055287171229,4.555823939881911,18.451422436929683,19.236446591519055,0.6910896403650026,0.23483628556092323,
66,15.257648953301127,1.7042404723564144,36.06414385399893,4.019055287171229,4.53569511540526,18.35077831454643,18.82716049382716,0.6776704240472357,0.23483628556092323,0.32877079978529256
67,15.687063875469672,1.7042404723564144,36.030595813204506,4.019055287171229,4.53569511540526,18.129361245303276,18.65271068169619,0.6776704240472357,0.23483628556092323,0.32877079978529256
68,15.371712292002147,1.6774020397208802,35.44015029522276,4.5960815888352125,4.280730005367687,19.249865807836823,18.14278046162104,0.6776704240472357,0.23483628556092323,0.32877079978529256
69,15.485775630703166,1.6774020397208802,34.977187332259795,4.361245303274289,4.280730005367687,19.189479334406872,18.80703166935051,0.6575415995705851,0.23483628556092323,0.32877079978529256
70,15.915190552871712,1.6572732152442298,34.56119162640902,4.361245303274289,4.260601180891036,19.068706387546968,18.80703166935051,0.8051529790660226,0.23483628556092323,0.32877079978529256
71,16.458668813741276,1.596886741814278,34.25925925925926,4.361245303274289,4.260601180891036,18.96135265700483,18.733225979602793,0.8051529790660226,0.23483628556092323,0.32877079978529256
72,17.257112184648417,1.5633387010198605,33.903650026838434,4.361245303274289,4.247181964573269,18.686258722490606,18.5654857756307,0.8521202361782072,0.23483628556092323,0.32877079978529256
73,17.53220611916264,1.5029522275899088,32.99785292538916,4.871175523349437,4.186795491143317,18.276972624798713,18.35077831454643,1.7176596886741815,0.23483628556092323,0.32877079978529256
74,17.49194847020934,1.5029522275899088,32.407407407407405,5.5689747718733225,4.904723564143854,17.538915727321523,18.33064949006978,1.6908212560386473,0.23483628556092323,0.32877079978529256
75,18.06897477187332,1.442565754159957,32.17257112184648,5.5689747718733225,4.824208266237251,17.53220611916264,18.189747718733226,1.6371443907675791,0.23483628556092323,0.32877079978529256
76,18.746645195920557,1.442565754159957,31.756575415995705,5.46833064949007,4.750402576489533,17.324208266237253,18.189747718733226,1.7579173376274826,0.23483628556092323,0.32877079978529256
77,18.82716049382716,1.442565754159957,31.42109500805153,6.5552871712292005,4.7168545356951155,16.71363392377885,18.015297906602253,1.7444981213097155,0.23483628556092323,0.32877079978529256
78,16.25738056897477,1.442565754159957,22.926731078904993,5.032206119162641,3.5963499731615673,29.64975845410628,19.0552871712292,1.4761137949543746,0.23483628556092323,0.32877079978529256
79,16.53918411164788,1.4358561460010735,22.644927536231883,5.032206119162641,3.589640365002684,28.576221148684915,19.96779388083736,1.6505636070853462,0.23483628556092323,0.32877079978529256
80,16.968599033816425,1.4358561460010735,22.564412238325282,5.032206119162641,3.556092324208266,28.488996242619432,19.632313472893184,1.6438539989264627,0.23483628556092323,0.4428341384863124
81,17.55233494363929,1.4358561460010735,21.72571121846484,5.522007514761138,3.556092324208266,28.207192699946322,19.538378958668815,1.6438539989264627,0.23483628556092323,0.5837359098228664
82,17.639559849704778,1.3620504562533549,21.66532474503489,5.495169082125604,3.5225442834138487,27.160493827160494,19.384057971014492,2.952227589908749,0.23483628556092323,0.5837359098228664
83,18.035426731078903,1.3620504562533549,21.349973161567366,5.622651637144391,3.4688674181427803,26.986044015029524,19.26328502415459,3.0931293612453032,0.23483628556092323,0.5837359098228664
84,18.391035963499732,1.3620504562533549,21.101717659688674,5.622651637144391,3.4688674181427803,27.053140096618357,19.182769726247987,2.999194847020934,0.23483628556092323,0.5837359098228664
85,18.867418142780462,1.3620504562533549,25.97289318303811,5.609232420826624,3.4688674181427803,21.900161030595815,19.03515834675255,2.965646806226516,0.23483628556092323,0.5837359098228664
86,18.726516371443907,1.3352120236178207,24.013687600644122,5.609232420826624,3.4688674181427803,21.276167471819647,21.866612989801396,2.8247450348899625,0.16774020397208803,0.7112184648416533
87,18.874127750939344,1.3352120236178207,23.557434245840042,5.562265163714439,3.4621578099838968,21.26945786366076,22.52415458937198,2.8247450348899625,0.16774020397208803,0.4227053140096618
88,18.887546967257112,1.2815351583467525,24.06736446591519,5.0858829844337095,3.4621578099838968,22.36983360171766,21.430488459473967,2.8247450348899625,0.16774020397208803,0.4227053140096618
89,18.47826086956522,1.2815351583467525,31.57541599570585,4.904723564143854,3.421900161030596,16.358024691358025,21.316425120772948,2.073268921095008,0.16774020397208803,0.4227053140096618
90,18.746645195920557,1.2546967257112185,30.327428878153516,4.334406870638754,3.421900161030596,18.08239398819109,21.202361782071925,2.0397208803005906,0.16774020397208803,0.4227053140096618
91,18.23671497584541,1.247987117552335,29.428341384863124,4.092860976918948,4.045893719806763,20.081857219538378,20.2361782071927,2.0397208803005906,0.16774020397208803,0.4227053140096618
92,18.914385399892645,1.247987117552335,29.13311862587225,4.092860976918948,3.978797638217928,20.055018786902846,19.95437466451959,2.033011272141707,0.16774020397208803,0.4227053140096618
93,19.209608158883523,1.2278582930756843,28.871443907675793,4.1129898013955986,3.938539989264627,21.39694041867955,19.32367149758454,1.3352120236178207,0.16774020397208803,0.41599570585077833
94,19.732957595276435,1.2278582930756843,27.63016639828234,4.032474503488996,6.246645195920558,21.16881374127751,18.04213633923779,1.3352120236178207,0.16774020397208803,0.41599570585077833
95,19.73966720343532,1.2278582930756843,26.818303811057433,4.019055287171229,5.0993022007514766,21.101717659688674,20.142243692968332,1.2681159420289856,0.16774020397208803,0.41599570585077833
96,20.571658615136876,1.2278582930756843,26.576757917337627,3.824476650563607,5.018786902844874,20.759527643585614,19.920826623725173,1.1540526033279657,0.16774020397208803,0.7783145464304885
97,21.027911969940956,1.2278582930756843,26.402308105206657,3.7909286097691894,5.072463768115942,20.705850778314545,19.672571121846484,1.1540526033279657,0.16774020397208803,0.7783145464304885
98,21.316425120772948,1.2278582930756843,26.27482555018787,3.784219001610306,5.072463768115942,20.658883521202362,19.565217391304348,1.1540526033279657,0.16774020397208803,0.7783145464304885
99,20.517981749865807,0.9796027911969941,21.484165324745035,4.9718196457326895,5.072463768115942,24.570585077831456,20.303274288781534,1.1540526033279657,0.16774020397208803,0.7783145464304885
100,19.652442297369834,0.9796027911969941,26.637144390767578,4.783950617283951,5.394524959742351,20.1959205582394,20.665593129361245,1.1540526033279657,0.16774020397208803,0.36902844873859364
101,19.746376811594203,0.9796027911969941,25.37573805689748,4.7168545356951155,5.3341384863123995,20.061728395061728,22.094739667203434,1.1540526033279657,0.16774020397208803,0.36902844873859364
102,20.276435856146,0.9796027911969941,25.275093934514224,4.7101449275362315,5.307300053676865,19.940955448201827,21.846484165324746,1.1272141706924315,0.16774020397208803,0.36902844873859364
103,19.97450348899624,0.9728931830381106,30.870907139023082,4.435050993022007,5.280461621041331,16.129898013955984,20.79307568438003,1.0064412238325282,0.16774020397208803,0.36902844873859364
104,20.356951154052602,0.9728931830381106,30.723295759527645,4.394793344068707,5.267042404723564,16.035963499731615,20.705850778314545,1.0064412238325282,0.16774020397208803,0.36902844873859364
105,20.28985507246377,0.9192163177670424,25.95276435856146,4.394793344068707,5.186527106816962,21.061460010735374,20.52469135802469,1.133923778851315,0.16774020397208803,0.36902844873859364
106,20.001341921631777,0.8252818035426731,25.664251207729468,4.072732152442297,4.9651100375738055,20.457595276435857,22.383252818035427,1.133923778851315,0.16774020397208803,0.32877079978529256
107,20.303274288781534,0.8252818035426731,24.261943102522814,4.072732152442297,6.353998926462695,20.417337627482556,22.16183574879227,1.107085346215781,0.16774020397208803,0.32877079978529256
108,21.121846484165324,0.8051529790660226,24.060654857756308,3.730542136339238,6.353998926462695,19.961084272678477,22.363123993558776,1.107085346215781,0.16774020397208803,0.32877079978529256
109,21.141975308641975,0.7917337627482555,28.052871712292003,3.730542136339238,4.622920021470746,19.867149758454108,20.33011272141707,0.966183574879227,0.16774020397208803,0.32877079978529256
110,21.464036500268385,0.7917337627482555,27.965646806226516,3.730542136339238,4.622920021470746,19.746376811594203,20.21604938271605,0.966183574879227,0.16774020397208803,0.32877079978529256
111,21.76596886741814,0.7514761137949544,27.36849168008588,3.629898013955985,4.9651100375738055,19.95437466451959,20.101986044015028,0.966183574879227,0.16774020397208803,0.32877079978529256
112,21.967257112184647,0.7514761137949544,27.241009125067094,3.3816425120772946,4.9651100375738055,19.85373054213634,20.323403113258184,1.0198604401502953,0.16774020397208803,0.32877079978529256
113,22.403381642512077,0.7514761137949544,26.992753623188406,3.3816425120772946,4.830917874396135,19.85373054213634,20.169082125603865,1.1540526033279657,0.13419216317767044,0.32877079978529256
114,22.973698336017176,0.7045088566827697,26.704240472356414,3.3682232957595275,4.830917874396135,19.64573268921095,20.04830917874396,1.261406333870102,0.13419216317767044,0.32877079978529256
115,18.840579710144926,10.520665593129362,29.47530864197531,3.2206119162640903,3.8043478260869565,14.741009125067096,17.847557702630166,1.1003757380568975,0.13419216317767044,0.3153515834675255
116,19.316961889425656,10.413311862587225,29.240472356414386,3.2004830917874396,3.797638217928073,14.533011272141707,17.94820182501342,1.1003757380568975,0.13419216317767044,0.3153515834675255
117,16.57944176060118,8.917069243156199,39.53301127214171,3.012614063338701,4.736983360171766,9.769189479334408,16.183574879227052,0.8185721953837896,0.13419216317767044,0.3153515834675255
118,17.06924315619968,8.856682769726248,39.25791733762748,3.012614063338701,4.736983360171766,9.695383789586689,16.10305958132045,0.8185721953837896,0.13419216317767044,0.3153515834675255
119,17.28395061728395,8.769457863660762,39.2512077294686,2.898550724637681,4.851046698872786,9.695383789586689,15.982286634460548,0.8185721953837896,0.13419216317767044,0.3153515834675255
120,17.351046698872786,8.769457863660762,38.989533011272144,2.898550724637681,5.535426731078905,9.588030059044552,15.780998389694043,0.8185721953837896,0.13419216317767044,0.13419216317767044
121,18.055555555555557,8.561460010735374,38.71443907675792,2.8650026838432634,5.475040257648954,9.581320450885668,15.660225442834138,0.8185721953837896,0.13419216317767044,0.13419216317767044
122,18.53864734299517,8.541331186258722,38.47289318303811,2.932098765432099,5.441492216854535,9.4873859366613,15.546162104133119,0.8185721953837896,0.08722490606548577,0.13419216317767044
123,18.927804616210413,8.507783145464305,37.567096081588836,3.683574879227053,5.394524959742351,10.198604401502953,14.680622651637144,0.8185721953837896,0.08722490606548577,0.13419216317767044
124,19.269994632313473,8.507783145464305,37.36580783682233,3.6366076221148687,5.394524959742351,10.198604401502953,14.586688137412775,0.8185721953837896,0.08722490606548577,0.13419216317767044
125,18.88083735909823,8.387010198604402,38.21121846484165,3.488996242619431,6.380837359098229,9.178743961352657,14.445786366076222,0.8185721953837896,0.07380568974771873,0.13419216317767044
126,17.659688674181428,4.28743961352657,46.65190552871712,2.9052603327965647,6.239935587761675,8.917069243156199,12.399355877616747,0.7447665056360708,0.07380568974771873,0.12077294685990338
127,17.887815351583466,4.26731078904992,45.571658615136876,2.871712292002147,6.91760601180891,9.232420826623725,12.399355877616747,0.6575415995705851,0.07380568974771873,0.12077294685990338
128,18.61916264090177,4.146537842190016,45.06172839506173,2.8515834675254963,6.991411701556629,9.118357487922705,12.359098228663447,0.6575415995705851,0.07380568974771873,0.12077294685990338
129,18.54535695115405,4.1129898013955986,43.73993558776167,3.1199677938808374,6.830381105743425,9.534353193773484,12.325550187869029,1.596886741814278,0.07380568974771873,0.12077294685990338
130,18.391035963499732,4.1129898013955986,43.01529790660226,3.1199677938808374,6.816961889425658,10.527375201288244,12.265163714439076,1.556629092860977,0.07380568974771873,0.12077294685990338
131,16.035963499731615,10.178475577026301,42.270531400966185,3.1065485775630703,5.9514224369296835,9.722222222222221,10.997047772410092,1.5432098765432098,0.07380568974771873,0.12077294685990338
132,16.59957058507783,10.064412238325282,41.51234567901235,2.8381642512077296,5.938003220611916,10.507246376811594,10.84272678475577,1.5029522275899088,0.07380568974771873,0.12077294685990338
133,16.800858829844337,10.064412238325282,41.48550724637681,2.8381642512077296,5.938003220611916,10.493827160493828,10.681696188942565,1.5029522275899088,0.07380568974771873,0.12077294685990338
134,16.99543746645196,10.037573805689748,40.82125603864734,3.0193236714975846,6.5485775630703165,10.319377348362856,10.61460010735373,1.4492753623188406,0.07380568974771873,0.12077294685990338
135,16.82769726247987,9.98389694041868,39.110305958132045,2.4355877616747184,6.468062265163715,11.3191089640365,12.27187332259796,1.4492753623188406,0.013419216317767043,0.12077294685990338
136,17.317498658078367,9.950348899624261,38.66747181964573,2.5429414922168547,6.4412238325281805,11.225174449812132,12.27187332259796,1.4492753623188406,0.013419216317767043,0.12077294685990338
137,17.954911433172303,9.836285560923242,38.20450885668277,2.522812667740204,6.4412238325281805,11.09098228663446,12.245034889962426,1.570048309178744,0.013419216317767043,0.12077294685990338
138,18.391035963499732,9.836285560923242,37.956253354804076,2.428878153515835,6.4412238325281805,11.030595813204508,12.211486849168008,1.570048309178744,0.013419216317767043,0.12077294685990338
139,18.23671497584541,9.836285560923242,36.231884057971016,3.475577026301664,5.475040257648954,12.989801395598498,12.070585077831455,1.5499194847020934,0.013419216317767043,0.12077294685990338
140,18.38432635534085,9.836285560923242,36.08427267847558,3.475577026301664,5.475040257648954,12.989801395598498,12.070585077831455,1.5499194847020934,0.013419216317767043,0.12077294685990338
141,18.739935587761675,9.836285560923242,35.91653247450349,3.475577026301664,5.414653784219001,12.895866881374127,12.037037037037036,1.5499194847020934,0.013419216317767043,0.12077294685990338
142,19.343800322061192,9.822866344605474,34.29951690821256,4.804079441760601,5.381105743424584,12.74825550187869,11.943102522812667,1.5230810520665594,0.013419216317767043,0.12077294685990338
143,19.79334406870639,9.702093397745571,33.9975845410628,4.884594739667204,5.374396135265701,12.654320987654321,11.936392914653783,1.5230810520665594,0.013419216317767043,0.12077294685990338
144,19.692699946323135,9.702093397745571,33.3870101986044,4.85775630703167,6.756575415995706,12.070585077831455,11.876006441223833,1.5230810520665594,0.013419216317767043,0.12077294685990338
145,20.611916264090176,9.608158883521202,33.17230273752013,4.790660225442834,6.602254428341385,11.77536231884058,11.855877616747183,1.4492753623188406,0.013419216317767043,0.12077294685990338
146,21.611647879763822,9.473966720343531,32.54830917874396,4.750402576489533,6.602254428341385,11.735104669887278,11.735104669887278,1.4090177133655395,0.013419216317767043,0.12077294685990338
147,22.208803005904453,9.473966720343531,32.23295759527644,4.690016103059581,6.582125603864735,11.580783682232958,11.714975845410628,1.3821792807300053,0.013419216317767043,0.12077294685990338
148,22.403381642512077,9.473966720343531,32.139023081052066,4.690016103059581,6.582125603864735,11.500268384326356,11.694847020933977,1.3821792807300053,0.013419216317767043,0.12077294685990338
149,21.316425120772948,9.333064949006978,31.57541599570585,4.690016103059581,5.246913580246914,15.143585614600108,11.084272678475577,1.4895330112721417,,0.12077294685990338
150,21.390230810520666,9.333064949006978,31.49490069779925,4.830917874396135,5.246913580246914,15.08990874932904,11.003757380568974,1.4895330112721417,,0.12077294685990338
151,20.987654320987655,7.5281803542673105,30.273752012882447,4.830917874396135,5.3341384863123995,14.868491680085883,15.311325818572195,0.7447665056360708,,0.12077294685990338
152,21.504294149221685,7.5281803542673105,30.06575415995706,4.790660225442834,5.3341384863123995,14.694041867954912,15.217391304347826,0.7447665056360708,,0.12077294685990338
153,21.66532474503489,7.300053676865271,30.005367686527105,4.757112184648417,4.394793344068707,15.827965646806227,15.217391304347826,0.7112184648416533,,0.12077294685990338
154,22.5577026301664,7.239667203435319,29.57595276435856,4.757112184648417,4.394793344068707,15.767579173376275,14.781266774020397,0.8051529790660226,,0.12077294685990338
155,22.920021470746107,7.179280730005368,29.468599033816425,4.730273752012883,4.394793344068707,15.593129361245303,14.78797638217928,0.8051529790660226,,0.12077294685990338
156,23.10789049919485,7.159151905528717,29.01905528717123,4.7168545356951155,3.7104133118625873,16.72705314009662,14.512882447665056,0.9259259259259259,,0.12077294685990338
157,23.101180891035963,7.159151905528717,28.817767042404725,4.5960815888352125,3.435319377348363,16.6532474503489,15.24422973698336,0.8722490606548577,,0.12077294685990338
158,23.389694041867955,7.078636607622115,28.73054213633924,4.5960815888352125,3.435319377348363,16.566022544283413,15.210681696188942,0.8722490606548577,,0.12077294685990338
159,23.74530327428878,7.078636607622115,28.629898013955984,4.723564143853999,3.421900161030596,16.418411164787976,14.989264626945786,0.8722490606548577,,0.12077294685990338
160,23.919753086419753,7.078636607622115,28.27428878153516,4.723564143853999,3.3011272141706924,16.129898013955984,15.633387010198604,0.8185721953837896,,0.12077294685990338
161,24.18142780461621,7.051798174986581,27.67042404723564,5.401234567901234,3.0931293612453032,16.0426731078905,15.619967793880837,0.8185721953837896,,0.12077294685990338
162,23.221953837895867,6.944444444444445,25.999731615673646,4.998658078368224,2.885131508319914,19.706119162640903,15.385131508319914,0.7380568974771873,,0.12077294685990338
163,23.64465915190553,6.884057971014493,25.731347289318304,4.998658078368224,2.791196994095545,19.706119162640903,15.385131508319914,0.7380568974771873,,0.12077294685990338
164,24.50348899624262,6.823671497584541,25.523349436392916,4.904723564143854,2.791196994095545,19.384057971014492,15.210681696188942,0.7380568974771873,,0.12077294685990338
165,24.65780998389694,6.823671497584541,25.45625335480408,4.904723564143854,2.771068169618894,19.363929146537842,15.163714439076758,0.7380568974771873,,0.12077294685990338
166,25.167740203972087,6.743156199677939,25.41599570585078,4.904723564143854,2.771068169618894,19.102254428341386,15.03623188405797,0.7380568974771873,,0.12077294685990338
167,25.543478260869566,6.66935050993022,25.36231884057971,4.824208266237251,2.6838432635534084,19.048577563070317,15.009393451422437,0.7380568974771873,,0.12077294685990338
168,25.369028448738593,6.615673644659152,25.174449812130973,4.804079441760601,2.657004830917874,20.101986044015028,14.418947933440688,0.7380568974771873,,0.12077294685990338
169,25.791733762748255,6.615673644659152,24.93961352657005,4.804079441760601,2.657004830917874,19.93424584004294,14.398819108964037,0.7380568974771873,,0.12077294685990338
170,26.187600644122384,6.615673644659152,24.778582930756844,4.804079441760601,2.623456790123457,19.773215244229736,14.358561460010735,0.7380568974771873,,0.12077294685990338
171,26.8719806763285,6.3137412775093935,24.590713902308106,4.804079441760601,2.623456790123457,19.64573268921095,14.2914653784219,0.7380568974771873,,0.12077294685990338
172,26.818303811057433,6.3137412775093935,23.785560923242084,5.984970477724101,2.589908749329039,19.51825013419216,14.17740203972088,0.6910896403650026,,0.12077294685990338
173,27.643585614600106,6.286902844873859,23.315888352120236,5.924584004294149,2.576489533011272,19.26328502415459,14.17740203972088,0.6910896403650026,,0.12077294685990338
174,27.925389157273216,6.286902844873859,23.21524422973698,5.924584004294149,2.576489533011272,19.209608158883523,14.049919484702093,0.6910896403650026,,0.12077294685990338
175,26.234567901234566,6.152710681696189,28.06629092860977,5.475040257648954,2.5563607085346214,17.277241009125067,13.425925925925926,0.6910896403650026,,0.12077294685990338
176,26.82501341921632,5.924584004294149,27.885131508319915,5.46833064949007,2.5295222758990876,17.19001610305958,13.39237788513151,0.6642512077294686,,0.12077294685990338
177,27.234299516908212,5.884326355340848,27.643585614600106,5.441492216854535,2.475845410628019,17.04911433172303,13.486312399355878,0.6642512077294686,,0.12077294685990338
178,26.583467525496513,5.884326355340848,30.88432635534085,5.381105743424584,2.4355877616747184,16.472088030059044,11.574074074074074,0.6642512077294686,,0.12077294685990338
179,27.395330112721417,5.8239398819108965,30.434782608695652,5.347557702630167,2.408749329039184,16.337895866881375,11.466720343531938,0.6642512077294686,,0.12077294685990338
180,28.039452495974235,5.8239398819108965,29.944981213097154,5.649490069779925,2.408749329039184,16.056092324208265,11.29898013955985,0.6642512077294686,,0.11406333870101985
181,28.44873859366613,5.8239398819108965,29.69001610305958,5.649490069779925,2.395330112721417,16.056092324208265,11.158078368223295,0.6642512077294686,,0.11406333870101985
182,27.72410091250671,5.763553408480945,27.522812667740205,5.226784755770263,2.509393451422437,19.55179817498658,10.970209339774557,0.6575415995705851,,0.07380568974771873
183,28.327965646806227,5.763553408480945,27.22758990874933,5.314009661835748,2.408749329039184,19.37734836285561,10.849436392914654,0.6575415995705851,,0.07380568974771873
184,28.5829307568438,5.723295759527644,27.180622651637144,5.314009661835748,2.408749329039184,19.209608158883523,10.849436392914654,0.6575415995705851,,0.07380568974771873
185,28.911701556629094,5.6964573268921095,27.13365539452496,5.186527106816962,2.4020397208803006,19.155931293612454,10.782340311325818,0.6575415995705851,,0.07380568974771873
186,23.275630703166936,5.58239398819109,40.264358561460014,4.206924315619967,2.4020397208803006,15.425389157273216,8.447396672034353,0.39586688137412773,,
187,21.32313472893183,3.2340311325818574,47.04106280193237,4.045893719806763,2.0263016639828235,12.889157273215245,8.93719806763285,0.5032206119162641,,
188,21.786097691894792,3.2340311325818574,46.31642512077295,4.528985507246377,2.0263016639828235,12.761674718196458,8.84326355340848,0.5032206119162641,,
189,22.269189479334408,3.0864197530864197,45.86688137412775,4.488727858293076,2.0263016639828235,12.70799785292539,8.78287707997853,0.7716049382716049,,
190,22.785829307568438,3.0864197530864197,45.45759527643585,4.488727858293076,2.0263016639828235,12.694578636607622,8.68894256575416,0.7716049382716049,,
191,23.382984433709073,3.0730005367686526,44.887278582930755,4.488727858293076,1.9726247987117553,12.533548040794418,8.641975308641975,1.0198604401502953,,
192,24.228395061728396,3.066290928609769,44.6658615136876,4.408212560386473,2.046430488459474,12.338969404186795,8.225979602791197,1.0198604401502953,,
193,23.886205045625335,3.052871712292002,45.169082125603865,4.790660225442834,2.059849704777241,11.75523349436393,8.266237251744498,1.0198604401502953,,
194,24.040526033279658,3.052871712292002,45.00134192163178,4.777241009125067,2.059849704777241,11.714975845410628,8.205850778314547,1.1473429951690821,,
195,24.490069779924852,2.9924852388620504,44.77992485238862,4.7638217928073,2.006172839506173,11.614331723027375,8.205850778314547,1.1473429951690821,,
196,25.127482555018787,2.9924852388620504,44.16935050993022,4.74369296833065,2.100107353730542,11.614331723027375,8.105206655931294,1.1473429951690821,,
197,25.87895866881374,2.985775630703167,43.666129898013956,4.723564143853999,2.0799785292538915,11.513687600644122,8.011272141706923,1.1406333870101986,,
198,26.247987117552334,2.985775630703167,43.35077831454643,4.723564143853999,2.0799785292538915,11.493558776167472,7.977724100912507,1.1406333870101986,,
199,26.88539989264627,2.985775630703167,42.599302200751474,4.549114331723027,2.0799785292538915,11.889425657541599,7.87037037037037,1.1406333870101986,,
200,26.939076757917338,2.985775630703167,42.27724100912507,4.549114331723027,2.0799785292538915,11.81561996779388,8.21256038647343,1.1406333870101986,,
201,27.542941492216855,2.985775630703167,40.13016639828234,6.1862587224906065,2.073268921095008,11.788781535158346,8.038110574342458,1.2546967257112185,,
202,27.831454643048847,2.9119699409554483,40.01610305958132,6.125872249060655,2.073268921095008,11.788781535158346,7.863660762211487,1.3888888888888888,,
203,28.415190552871714,2.7777777777777777,39.65378421900161,6.125872249060655,2.073268921095008,11.681427804616211,7.763016639828234,1.5096618357487923,,
204,25.389157273215243,2.281266774020397,45.38378958668814,4.790660225442834,1.710950080515298,11.486849168008588,7.461084272678476,1.4962426194310252,,
205,25.44283413848631,2.281266774020397,44.08883521202362,4.85775630703167,1.6975308641975309,11.486849168008588,8.648684916800859,1.4962426194310252,,
206,25.704508856682768,2.26784755770263,43.974771873322595,4.797369833601718,1.6975308641975309,11.486849168008588,8.648684916800859,1.4224369296833066,,
207,25.89908749329039,2.26784755770263,43.142780461621044,5.4549114331723025,1.6975308641975309,11.466720343531938,8.648684916800859,1.4224369296833066,,
208,21.370101986044016,16.411701556629094,37.084004294149224,4.817498658078368,1.5297906602254427,11.621041331186259,5.790391841116479,1.3754696725711217,,
209,21.73913043478261,15.874932903918411,36.480139559849704,5.750134192163178,1.5297906602254427,11.506977992485238,5.763553408480945,1.3553408480944713,,
210,21.833064949006978,14.412238325281804,35.72195383789587,6.790123456790123,1.482823403113258,12.694578636607622,5.723295759527644,1.3419216317767042,,
211,22.32957595276436,14.2914653784219,35.08454106280193,6.776704240472356,1.482823403113258,12.546967257112184,5.683038110574342,1.8048845947396672,,
212,22.758990874932906,14.251207729468598,34.896672034353195,6.769994632313473,1.482823403113258,12.392646269457863,5.642780461621041,1.8048845947396672,,
213,23.03408480944713,14.15727321524423,34.78260869565217,6.769994632313473,1.482823403113258,12.379227053140097,5.60252281266774,1.7914653784219001,,
214,23.65136876006441,14.06333870101986,32.27321524422974,6.709608158883521,1.482823403113258,12.332259796027913,7.709339774557166,1.778046162104133,,
215,24.322329575952764,13.976113794954374,31.93773483628556,6.528448738593666,1.482823403113258,12.285292538915728,7.709339774557166,1.7579173376274826,,
216,24.711486849168008,13.862050456253355,31.769994632313473,6.501610305958132,1.482823403113258,12.285292538915728,7.628824476650563,1.7579173376274826,,
217,24.912775093934513,12.86231884057971,31.53515834675255,6.535158346752549,2.623456790123457,12.177938808373591,7.595276435856146,1.7579173376274826,,
218,25.348899624261943,12.801932367149758,31.468062265163713,6.508319914117015,2.623456790123457,11.98336017176597,7.5348899624261945,1.7310789049919484,,
219,25.81857219538379,12.788513150831992,31.313741277509394,6.266774020397209,2.623456790123457,11.976650563607086,7.48792270531401,1.724369296833065,,
220,26.234567901234566,12.781803542673108,31.052066559312937,6.179549114331723,2.623456790123457,11.976650563607086,7.427536231884058,1.724369296833065,,
221,26.663982823403114,12.721417069243156,30.837359098228664,6.179549114331723,2.623456790123457,11.90955448201825,7.340311325818572,1.724369296833065,,
222,27.086688137412775,12.325550187869029,30.703166935050994,6.320450885668277,2.623456790123457,11.876006441223833,7.340311325818572,1.724369296833065,,
223,27.30810520665593,12.218196457326892,30.689747718733226,6.3070316693505095,2.6167471819645733,11.855877616747183,7.340311325818572,1.6639828234031133,,
224,27.81803542673108,11.822329575952764,30.307300053676865,6.790123456790123,2.576489533011272,11.77536231884058,7.246376811594203,1.6639828234031133,,
225,28.327965646806227,11.77536231884058,30.17981749865808,6.709608158883521,2.576489533011272,11.77536231884058,6.991411701556629,1.6639828234031133,,
226,28.442028985507246,11.77536231884058,30.05233494363929,6.702898550724638,2.5496511003757383,11.922973698336017,6.890767579173376,1.6639828234031133,,
227,28.764090177133657,11.634460547504025,29.965110037573805,6.649221685453569,2.5429414922168547,11.889425657541599,6.890767579173376,1.6639828234031133,,
228,28.945249597423512,11.634460547504025,29.8040794417606,6.629092860976919,2.5429414922168547,11.889425657541599,6.890767579173376,1.6639828234031133,,
229,29.354535695115406,11.500268384326356,29.71014492753623,6.568706387546968,2.5429414922168547,11.862587224906065,6.796833064949007,1.6639828234031133,,
230,29.542404723564143,11.124530327428879,29.60950080515298,6.951154052603328,2.5429414922168547,11.83574879227053,6.729736983360172,1.6639828234031133,,
