,45,50,55,51,54,52,53,57,59,56,58,60
0,99.49677938808374,0.5032206119162641,,,,,,,,,,
1,97.5174449812131,2.4825550187869028,,,,,,,,,,
2,96.75925925925925,3.240740740740741,,,,,,,,,,
3,96.48416532474504,3.455448201825013,0.06038647342995169,,,,,,,,,
4,95.8467525496511,4.092860976918948,0.06038647342995169,,,,,,,,,
5,73.95330112721417,25.677670424047236,0.33548040794417605,0.03354804079441761,,,,,,,,
6,73.6580783682233,25.731347289318304,0.43612453032742887,0.03354804079441761,0.14090177133655393,,,,,,,
7,70.73939881910897,28.650026838432634,0.43612453032742887,0.03354804079441761,0.14090177133655393,,,,,,,
8,70.65217391304348,28.69699409554482,0.43612453032742887,0.03354804079441761,0.18115942028985507,,,,,,,
9,41.6129898013956,57.50805152979066,0.6977992485238862,,0.18115942028985507,,,,,,,
10,41.53918411164788,57.27321524422974,1.0064412238325282,,0.18115942028985507,,,,,,,
11,41.52576489533011,55.16639828234031,3.0595813204508855,,0.18115942028985507,0.06709608158883522,,,,,,
12,41.47879763821793,55.03220611916264,3.1870638754696725,0.05367686527106817,0.18115942028985507,0.06709608158883522,,,,,,
13,41.44524959742351,54.92485238862051,3.3279656468062266,0.05367686527106817,0.18115942028985507,0.06709608158883522,,,,,,
14,41.29092860976919,50.0,3.012614063338701,0.05367686527106817,2.737520128824477,0.06709608158883522,2.7241009125067097,0.11406333870101985,,,,
15,38.781535158346756,52.32823403113258,3.260869565217391,0.08051529790660225,2.7241009125067097,0.06709608158883522,2.6435856146001075,0.11406333870101985,,,,
16,38.57353730542136,52.37520128824477,3.361513687600644,0.08051529790660225,2.7844873859366612,0.06709608158883522,2.6435856146001075,0.11406333870101985,,,,
17,37.29200214707461,53.40177133655394,3.5628019323671496,0.026838432635534086,2.8918411164787976,0.06709608158883522,2.6435856146001075,0.11406333870101985,,,,
18,35.72866344605475,54.569243156199676,3.5829307568438002,0.026838432635534086,2.945517981749866,0.06709608158883522,2.9253891572732154,0.11406333870101985,0.040257648953301126,,,
19,35.7085346215781,52.02630166398282,3.7909286097691894,0.026838432635534086,3.5426731078904994,0.06709608158883522,4.683306494900698,0.11406333870101985,0.040257648953301126,,,
20,35.85614600107354,51.74449812130972,3.8378958668813743,0.026838432635534086,3.5963499731615673,0.06709608158883522,4.562533548040794,0.11406333870101985,0.040257648953301126,0.15432098765432098,,
21,35.7085346215781,47.97369833601718,3.656736446591519,5.636070853462158,3.2474503488996245,0.06709608158883522,3.388352120236178,0.11406333870101985,0.040257648953301126,0.15432098765432098,0.013419216317767043,
22,35.7487922705314,47.60466988727858,3.8378958668813743,5.5689747718733225,3.294417606011809,0.18115942028985507,3.388352120236178,0.11406333870101985,0.040257648953301126,0.20799785292538917,0.013419216317767043,
23,34.225711218464845,48.64465915190553,3.851315083199141,5.387815351583468,3.4420289855072466,0.18115942028985507,3.9318303811057436,0.11406333870101985,0.040257648953301126,0.16774020397208803,0.013419216317767043,
24,32.8166935050993,46.95383789586688,6.468062265163715,5.320719269994632,3.824476650563607,0.3488996242619431,3.9318303811057436,0.11406333870101985,0.040257648953301126,0.16774020397208803,0.013419216317767043,
25,30.844068706387546,45.45759527643585,6.072195383789587,7.648953301127214,5.3341384863123995,0.47638217928073,3.770799785292539,0.11406333870101985,0.040257648953301126,0.2281266774020397,0.013419216317767043,
26,30.421363392377884,43.585614600107355,6.1929683306494905,10.057702630166398,4.931561996779388,0.5367686527106817,3.743961352657005,0.11406333870101985,0.040257648953301126,0.36231884057971014,0.013419216317767043,
27,29.200214707461082,44.72624798711755,6.119162640901771,10.030864197530864,5.032206119162641,0.5367686527106817,3.743961352657005,0.11406333870101985,0.040257648953301126,0.4428341384863124,0.013419216317767043,
28,27.87842190016103,40.35829307568438,4.884594739667204,10.030864197530864,7.7361782071927,4.978529253891573,3.603059581320451,0.11406333870101985,0.040257648953301126,0.36231884057971014,0.013419216317767043,
29,28.12667740203972,40.19055287171229,4.884594739667204,9.829575952764358,7.588566827697263,4.978529253891573,3.5829307568438002,0.10735373054213634,0.1878690284487386,0.5099302200751477,0.013419216317767043,
30,28.08641975308642,38.66076221148685,6.488191089640365,9.91009125067096,7.501341921631776,4.978529253891573,3.5829307568438002,0.10735373054213634,0.1878690284487386,0.4830917874396135,0.013419216317767043,
31,27.871712292002147,38.29173376274826,6.977992485238862,9.829575952764358,7.521470746108427,4.944981213097155,3.5829307568438002,0.10735373054213634,0.30193236714975846,0.5568974771873323,0.013419216317767043,
32,27.68384326355341,36.94981213097155,8.085077831454644,10.057702630166398,7.716049382716049,4.944981213097155,3.5829307568438002,0.10735373054213634,0.30193236714975846,0.5568974771873323,0.013419216317767043,
33,27.945517981749866,36.741814278046164,8.011272141706923,9.876543209876543,7.75630703166935,4.944981213097155,3.6097691894793345,0.10735373054213634,0.30193236714975846,0.6910896403650026,0.013419216317767043,
34,27.905260332796566,36.460010735373054,8.011272141706923,10.030864197530864,7.85024154589372,4.944981213097155,3.4822866344605474,0.10735373054213634,0.30193236714975846,0.8923778851315083,0.013419216317767043,
35,27.76435856146001,36.46672034353194,8.011272141706923,9.88996242619431,7.85024154589372,5.132850241545894,3.5426731078904994,0.10735373054213634,0.30193236714975846,0.9192163177670424,0.013419216317767043,
36,27.15378421900161,35.72195383789587,8.044820182501342,8.890230810520666,7.675791733762749,8.333333333333334,2.4020397208803006,0.19457863660762212,0.30193236714975846,0.95276435856146,0.24825550187869028,0.08051529790660225
37,27.17391304347826,35.560923242082666,8.387010198604402,9.004294149221685,7.360440150295223,8.28636607622115,2.341653247450349,0.16774020397208803,0.4092860976918948,0.9796027911969941,0.24825550187869028,0.08051529790660225
38,23.275630703166936,38.66076221148685,8.21256038647343,8.76274825550188,8.628556092324208,8.205850778314547,2.341653247450349,0.16774020397208803,0.4092860976918948,0.9796027911969941,0.24825550187869028,0.10735373054213634
39,23.463499731615673,38.31857219538379,8.28636607622115,8.729200214707461,8.561460010735374,8.205850778314547,2.475845410628019,0.16774020397208803,0.46296296296296297,0.9728931830381106,0.24825550187869028,0.10735373054213634
40,23.362855609232422,37.97638217928073,8.507783145464305,8.125335480407944,9.158615136876007,8.340042941492216,2.475845410628019,0.16774020397208803,0.46296296296296297,0.95276435856146,0.4025764895330113,0.06709608158883522
41,23.409822866344605,37.6610305958132,8.507783145464305,8.125335480407944,9.151905528717123,8.299785292538916,2.6435856146001075,0.16774020397208803,0.6105743424584005,0.95276435856146,0.4025764895330113,0.06709608158883522
42,22.705314009661837,35.76221148684917,8.179012345679013,9.681964573268921,9.789318303811058,6.3137412775093935,5.387815351583468,0.16774020397208803,0.5703166935050993,0.9728931830381106,0.4025764895330113,0.06709608158883522
43,22.6784755770263,35.46698872785829,8.527911969940956,9.628287707997853,9.668545356951155,6.3137412775093935,5.548845947396672,0.16774020397208803,0.5703166935050993,0.9728931830381106,0.38915727321524424,0.06709608158883522
44,22.584541062801932,35.37976382179281,8.621846484165324,9.702093397745571,9.634997316156737,5.8172302737520125,5.609232420826624,0.16774020397208803,0.5703166935050993,1.4559849704777241,0.38915727321524424,0.06709608158883522
45,22.77241009125067,35.158346752549654,8.729200214707461,9.66183574879227,9.634997316156737,5.783682232957595,5.609232420826624,0.16774020397208803,0.5703166935050993,1.4559849704777241,0.38915727321524424,0.06709608158883522
46,23.087761674718198,34.95034889962426,8.776167471819646,9.588030059044552,9.634997316156737,5.783682232957595,5.589103596349974,0.16774020397208803,0.5099302200751477,1.4559849704777241,0.38915727321524424,0.06709608158883522
47,23.161567364465917,33.964036500268385,7.494632313472893,9.5276435856146,11.681427804616211,5.991680085882985,5.589103596349974,0.16774020397208803,0.5099302200751477,1.4559849704777241,0.38915727321524424,0.06709608158883522
48,22.893183038110575,31.689479334406872,7.541599570585078,9.50751476113795,11.506977992485238,5.46833064949007,8.3467525496511,0.5166398282340311,0.49651100375738055,1.4559849704777241,0.5099302200751477,0.06709608158883522
49,22.61808910359635,31.984702093397747,7.541599570585078,9.50751476113795,11.500268384326356,5.434782608695652,8.3467525496511,0.5501878690284487,0.49651100375738055,1.442565754159957,0.5099302200751477,0.06709608158883522
50,22.604669887278583,31.904186795491142,7.541599570585078,9.46725711218465,11.500268384326356,5.434782608695652,8.480944712828771,0.5501878690284487,0.49651100375738055,1.442565754159957,0.5099302200751477,0.06709608158883522
51,22.839506172839506,30.287171229200215,7.4141170155662905,9.326355340848094,13.22463768115942,5.394524959742351,8.474235104669887,0.5367686527106817,0.4830917874396135,1.442565754159957,0.5099302200751477,0.06709608158883522
52,22.034353193773484,30.414653784219002,7.39398819108964,10.23215244229737,13.331991411701557,5.35426731078905,8.460815888352121,0.5367686527106817,0.4830917874396135,1.1808910359634996,0.5099302200751477,0.06709608158883522
53,22.054482018250134,30.414653784219002,7.50805152979066,9.930220075147611,13.298443370907139,5.401234567901234,8.568169618894256,0.5367686527106817,0.4830917874396135,1.2278582930756843,0.5099302200751477,0.06709608158883522
54,22.148416532474503,30.059044551798173,7.27992485238862,9.896672034353195,13.150831991411701,6.749865807836822,7.957595276435856,0.46967257112184646,0.4830917874396135,1.2278582930756843,0.5099302200751477,0.06709608158883522
55,21.40365002683843,30.56897477187332,7.199409554482019,9.930220075147611,13.79495437466452,6.374127750939345,7.957595276435856,0.4025764895330113,0.4830917874396135,1.2278582930756843,0.5904455179817498,0.06709608158883522
56,21.497584541062803,30.173107890499196,7.568438003220612,9.816156736446592,13.761406333870102,5.9514224369296835,8.192431561996779,0.6038647342995169,0.5501878690284487,1.2278582930756843,0.5904455179817498,0.06709608158883522
57,19.189479334406872,35.81588835212023,7.387278582930757,7.836822329575953,13.580246913580247,5.750134192163178,7.601986044015029,0.6038647342995169,0.5501878690284487,1.0265700483091786,0.5904455179817498,0.06709608158883522
58,19.129092860976918,35.601180891035966,7.37385936661299,8.064949006977992,13.526570048309178,5.723295759527644,7.595276435856146,0.6038647342995169,0.5501878690284487,1.1741814278046163,0.5904455179817498,0.06709608158883522
59,18.82716049382716,32.347020933977454,7.239667203435319,8.011272141706923,15.318035426731079,7.937466451959206,7.239667203435319,0.5636070853462157,0.5501878690284487,1.1943102522812667,0.7045088566827697,0.06709608158883522
60,18.67283950617284,31.95786366076221,7.353730542136339,7.85024154589372,16.935050993022006,7.957595276435856,6.394256575415996,0.47638217928073,0.5501878690284487,1.1943102522812667,0.5904455179817498,0.06709608158883522
61,18.800322061191626,31.709608158883523,7.440955448201825,7.796564680622652,17.08937198067633,7.856951154052603,6.367418142780462,0.5099302200751477,0.5501878690284487,1.221148684916801,0.5904455179817498,0.06709608158883522
62,18.90096618357488,31.655931293612454,7.427536231884058,7.7831454643048845,17.01556629092861,7.85024154589372,6.367418142780462,0.5099302200751477,0.5501878690284487,1.221148684916801,0.5904455179817498,0.1274825550187869
63,18.9345142243693,31.28690284487386,7.494632313472893,7.877079978529254,16.626409017713364,8.259527643585615,6.501610305958132,0.5099302200751477,0.5703166935050993,1.221148684916801,0.5904455179817498,0.1274825550187869
64,17.277241009125067,30.314009661835748,7.367149758454106,10.63472893183038,14.338432635534085,7.179280730005368,9.695383789586689,0.3421900161030596,0.5032206119162641,1.6304347826086956,0.5904455179817498,0.1274825550187869
65,17.297369833601717,30.173107890499196,7.494632313472893,10.63472893183038,14.371980676328503,7.139023081052066,9.5276435856146,0.3421900161030596,0.5032206119162641,1.7042404723564144,0.6843800322061192,0.1274825550187869
66,17.330917874396135,29.87788513150832,8.219269994632313,11.634460547504025,11.869296833064949,7.092055823939882,10.654857756307031,0.4294149221685454,0.4025764895330113,1.710950080515298,0.6508319914117016,0.1274825550187869
67,17.236983360171767,29.70343531937735,8.145464304884594,11.708266237251744,11.869296833064949,7.0383789586688135,10.654857756307031,0.4294149221685454,0.4025764895330113,2.033011272141707,0.6508319914117016,0.1274825550187869
68,15.895061728395062,29.22705314009662,8.017981749865807,11.708266237251744,11.312399355877616,7.0383789586688135,13.365539452495975,0.4294149221685454,0.4025764895330113,1.8250134192163177,0.6508319914117016,0.1274825550187869
69,15.458937198067632,27.717391304347824,7.863660762211487,13.81508319914117,11.258722490606548,7.695920558239399,12.553676865271068,0.6038647342995169,0.4025764895330113,1.7310789049919484,0.6508319914117016,0.24825550187869028
70,15.53274288781535,27.623456790123456,7.98443370907139,13.774825550187868,11.345947396672035,7.555018786902845,12.47987117552335,0.644122383252818,0.4025764895330113,1.7579173376274826,0.6508319914117016,0.24825550187869028
71,15.24422973698336,26.8317230273752,7.924047235641439,13.627214170692431,11.20504562533548,7.380568974771873,14.056629092860977,0.6709608158883521,0.4025764895330113,1.7579173376274826,0.6508319914117016,0.24825550187869028
72,14.667203435319378,25.563607085346217,7.440955448201825,14.694041867954912,10.641438539989265,11.533816425120772,11.77536231884058,0.8118625872249061,0.4294149221685454,1.6639828234031133,0.6508319914117016,0.1274825550187869
73,14.412238325281804,24.86580783682233,7.37385936661299,14.445786366076222,10.292538915727322,13.050187869028449,11.553945249597424,0.8387010198604401,0.4294149221685454,1.9592055823939882,0.6508319914117016,0.1274825550187869
74,14.184111647879764,22.322866344605476,6.112453032742888,16.243961352657006,10.225442834138486,15.5126140633387,11.386205045625335,0.9192163177670424,0.4294149221685454,2.0128824476650564,0.5636070853462157,0.08722490606548577
75,14.298174986580785,22.16183574879227,6.213097155126141,16.23054213633924,10.151637144390767,15.640096618357488,11.218464841653248,1.0265700483091786,0.3824476650563607,2.0263016639828235,0.5636070853462157,0.08722490606548577
76,14.452495974235104,22.108158883521202,6.125872249060655,16.23054213633924,9.990606548577563,15.619967793880837,11.218464841653248,1.1674718196457328,0.3824476650563607,2.0531400966183573,0.5636070853462157,0.08722490606548577
77,14.647074610842727,21.960547504025765,6.072195383789587,15.68035426731079,9.96376811594203,14.855072463768115,12.419484702093397,1.2010198604401503,0.3824476650563607,2.167203435319377,0.5636070853462157,0.08722490606548577
78,14.76784755770263,21.906870638754697,6.072195383789587,15.626677402039721,9.896672034353195,14.841653247450349,12.453032742887816,1.2345679012345678,0.3824476650563607,2.167203435319377,0.5636070853462157,0.08722490606548577
79,14.53972088030059,21.24261943102523,6.1862587224906065,15.53274288781535,9.943639291465379,16.069511540526033,12.02361782071927,1.1943102522812667,0.36902844873859364,2.1068169618894257,0.7045088566827697,0.08722490606548577
80,14.351851851851851,21.175523349436393,6.400966183574879,15.465646806226516,9.91009125067096,16.210413311862588,12.02361782071927,1.1943102522812667,0.36902844873859364,2.1068169618894257,0.7045088566827697,0.08722490606548577
81,14.244498121309716,21.101717659688674,6.494900697799249,19.249865807836823,9.849704777241008,13.352120236178207,11.600912506709609,1.1406333870101986,0.36902844873859364,1.8048845947396672,0.7045088566827697,0.08722490606548577
82,14.398819108964037,21.027911969940956,6.535158346752549,19.028448738593667,9.829575952764358,13.285024154589372,11.553945249597424,1.133923778851315,0.36902844873859364,2.046430488459474,0.7045088566827697,0.08722490606548577
83,14.49946323134729,20.658883521202362,6.716317767042405,18.947933440687063,9.822866344605474,13.278314546430488,11.58749329039184,1.1741814278046163,0.36902844873859364,2.1739130434782608,0.6977992485238862,0.07380568974771873
84,14.418947933440688,20.585077831454644,6.816961889425658,16.61969940955448,10.030864197530864,15.465646806226516,11.58749329039184,1.1741814278046163,0.36902844873859364,2.1604938271604937,0.6977992485238862,0.07380568974771873
85,14.586688137412775,20.417337627482556,6.790123456790123,16.51905528717123,10.030864197530864,15.33816425120773,11.674718196457327,1.3419216317767042,0.36902844873859364,2.1604938271604937,0.6977992485238862,0.07380568974771873
86,14.680622651637144,20.323403113258184,6.863929146537842,16.465378421900162,10.010735373054214,15.291196994095545,11.560654857756306,1.3419216317767042,0.36902844873859364,2.254428341384863,0.7648953301127214,0.07380568974771873
87,14.928878153515834,20.202630166398283,6.944444444444445,16.411701556629094,10.091250670960816,15.210681696188942,11.439881910896403,1.3419216317767042,0.36902844873859364,2.2208803005904456,0.7648953301127214,0.07380568974771873
88,15.063070316693505,20.162372517444982,6.957863660762212,16.391572732152444,9.977187332259795,15.177133655394526,11.453301127214171,1.3419216317767042,0.36902844873859364,2.2208803005904456,0.8118625872249061,0.07380568974771873
89,15.157004830917874,20.142243692968332,6.937734836285561,16.391572732152444,9.943639291465379,15.049651100375739,11.386205045625335,1.4694041867954912,0.36902844873859364,2.2208803005904456,0.8588298443370908,0.07380568974771873
90,12.822061191626409,24.651100375738057,7.226247987117552,14.647074610842727,10.742082662372518,13.385668276972625,11.453301127214171,1.3217928073000538,0.36902844873859364,2.3483628556092326,0.9594739667203436,0.07380568974771873
91,12.86231884057971,24.52361782071927,7.226247987117552,14.606816961889425,10.849436392914654,13.345410628019323,11.540526033279656,1.3217928073000538,0.36902844873859364,2.3215244229736984,0.9594739667203436,0.07380568974771873
92,12.929414922168545,24.18142780461621,7.474503488996243,14.512882447665056,10.976918947933441,13.311862587224907,11.466720343531938,1.3217928073000538,0.36902844873859364,2.4221685453569513,0.9594739667203436,0.07380568974771873
93,13.056897477187333,24.168008588298445,7.803274288781535,14.486044015029522,10.628019323671497,13.298443370907139,11.392914653784219,1.3217928073000538,0.30193236714975846,2.563070316693505,0.9594739667203436,0.020128824476650563
94,12.969672571121846,24.000268384326354,7.689210950080516,14.486044015029522,10.413311862587225,14.351851851851851,10.809178743961352,1.4358561460010735,0.30193236714975846,2.563070316693505,0.9594739667203436,0.020128824476650563
95,12.318840579710145,23.470209339774556,7.64224369296833,16.478797638217927,10.299248523886206,13.855340848094471,10.48040794417606,1.5365002683843263,0.30193236714975846,2.6502952227589907,0.9460547504025765,0.020128824476650563
96,11.822329575952764,22.41009125067096,7.461084272678476,16.445249597423512,10.144927536231885,16.42512077294686,9.876543209876543,1.4224369296833066,0.30193236714975846,2.7308105206655933,0.9393451422436929,0.020128824476650563
97,11.81561996779388,22.32957595276436,7.461084272678476,16.445249597423512,10.292538915727322,16.384863123993558,9.802737520128824,1.4224369296833066,0.30193236714975846,2.6972624798711755,1.0265700483091786,0.020128824476650563
98,11.902844873859367,21.584809447128286,7.440955448201825,16.445249597423512,10.299248523886206,16.867954911433173,9.88996242619431,1.5029522275899088,0.30193236714975846,2.717391304347826,1.0265700483091786,0.020128824476650563
99,11.842458400429415,21.39694041867955,7.380568974771873,15.519323671497585,10.305958132045088,18.38432635534085,9.957058507783145,1.1607622114868492,0.30193236714975846,2.703972088030059,1.0265700483091786,0.020128824476650563
100,12.037037037037036,20.75281803542673,7.5348899624261945,15.257648953301127,10.88298443370907,18.51851851851852,9.822866344605474,1.1406333870101986,0.30193236714975846,2.703972088030059,1.0265700483091786,0.020128824476650563
101,12.157809983896941,20.564949006977994,7.62211486849168,15.237520128824476,11.11111111111111,18.33064949006978,9.809447128287708,1.1003757380568975,0.30193236714975846,2.717391304347826,1.0265700483091786,0.020128824476650563
102,12.13768115942029,20.44417606011809,7.635534084809447,15.24422973698336,11.20504562533548,18.297101449275363,9.708803005904455,1.1003757380568975,0.30193236714975846,2.8650026838432634,1.0534084809447128,0.0067096081588835215
103,12.265163714439076,20.437466451959207,7.581857219538379,15.096618357487923,11.171497584541063,18.055555555555557,9.628287707997853,1.221148684916801,0.30193236714975846,3.180354267310789,1.0534084809447128,0.0067096081588835215
104,11.272141706924316,18.10252281266774,7.024959742351046,22.940150295222757,10.144927536231885,16.820987654320987,8.789586688137414,1.3150831991411702,0.19457863660762212,2.3349436392914655,1.0534084809447128,0.0067096081588835215
105,11.245303274288782,18.156199677938808,7.024959742351046,22.899892646269457,10.144927536231885,16.7337627482555,8.729200214707461,1.3754696725711217,0.2549651100375738,2.3752012882447664,1.0534084809447128,0.0067096081588835215
106,11.352657004830919,18.149490069779926,7.1725711218464845,22.591250670960815,10.292538915727322,16.75389157273215,8.695652173913043,1.3754696725711217,0.2549651100375738,2.301395598497048,1.0534084809447128,0.0067096081588835215
107,10.68840579710145,19.404186795491142,7.058507783145465,22.48389694041868,10.131508319914117,16.639828234031132,8.601717659688674,1.3754696725711217,0.2549651100375738,2.301395598497048,1.0534084809447128,0.0067096081588835215
108,10.903113258185721,19.39747718733226,6.89747718733226,22.38996242619431,10.02415458937198,16.57944176060118,8.420558239398819,1.3754696725711217,0.33548040794417605,2.3550724637681157,1.3150831991411702,0.0067096081588835215
109,11.017176596886742,19.142512077294686,7.1658615136876005,22.32957595276436,9.990606548577563,16.6129898013956,8.480944712828771,1.247987117552335,0.33548040794417605,2.3550724637681157,1.3150831991411702,0.0067096081588835215
110,10.876274825550189,18.914385399892645,7.071926999463232,23.03408480944713,9.990606548577563,16.42512077294686,8.474235104669887,1.3687600644122384,0.33548040794417605,2.187332259796028,1.3150831991411702,0.0067096081588835215
111,10.950080515297907,18.840579710144926,7.313472893183038,22.7187332259796,9.822866344605474,16.411701556629094,8.601717659688674,1.3687600644122384,0.36231884057971014,2.2879763821792807,1.3150831991411702,0.0067096081588835215
112,11.09098228663446,18.753354804079443,7.4006977992485234,22.5577026301664,9.75577026301664,16.42512077294686,8.59500805152979,1.3687600644122384,0.36231884057971014,2.395330112721417,1.288244766505636,0.0067096081588835215
113,11.05072463768116,18.746645195920557,7.387278582930757,22.363123993558776,9.88996242619431,16.19699409554482,8.702361782071927,1.3687600644122384,0.47638217928073,2.589908749329039,1.221148684916801,0.0067096081588835215
114,10.916532474503489,18.109232420826622,6.756575415995706,22.356414385399894,11.399624261943103,16.029253891572733,8.608427267847558,1.3687600644122384,0.47638217928073,2.771068169618894,1.2010198604401503,0.0067096081588835215
115,11.017176596886742,17.74020397208803,7.105475040257649,22.289318303811058,11.540526033279656,15.841384863123993,8.675523349436393,1.3687600644122384,0.47638217928073,2.804616210413312,1.133923778851315,0.0067096081588835215
116,11.07085346215781,17.68652710681696,7.232957595276436,22.262479871175522,11.627750939345143,15.573000536768653,8.655394524959743,1.482823403113258,0.5367686527106817,2.804616210413312,1.0601180891035964,0.0067096081588835215
117,11.07085346215781,17.56575415995706,7.521470746108427,22.208803005904453,11.560654857756306,15.552871712292003,8.454106280193237,1.482823403113258,0.5568974771873323,2.9589371980676327,1.0601180891035964,0.0067096081588835215
118,11.352657004830919,17.49194847020934,7.823403113258186,21.578099838969404,11.43317230273752,15.378421900161031,8.393719806763285,1.5096618357487923,0.5568974771873323,3.4151905528717124,1.0601180891035964,0.0067096081588835215
119,11.43317230273752,17.391304347826086,8.017981749865807,21.470746108427267,11.540526033279656,15.331454643048845,8.266237251744498,1.5096618357487923,0.5568974771873323,3.4151905528717124,1.0601180891035964,0.0067096081588835215
120,11.426462694578637,17.310789049919485,7.971014492753623,21.14868491680086,11.506977992485238,15.331454643048845,8.568169618894256,1.6572732152442298,0.5568974771873323,3.4621578099838968,1.0601180891035964,
121,11.842458400429415,17.28395061728395,7.937466451959206,20.82662372517445,11.574074074074074,15.24422973698336,8.480944712828771,1.6841116478797638,0.5568974771873323,3.5091250670960816,1.0601180891035964,
122,11.419753086419753,16.874664519592056,7.883789586688137,22.993827160493826,11.574074074074074,14.103596349973161,8.353462157809984,1.6371443907675791,0.5568974771873323,3.5426731078904994,1.0601180891035964,
123,11.41304347826087,16.57944176060118,8.064949006977992,22.920021470746107,11.225174449812132,14.472624798711756,8.494363929146537,1.737788513150832,0.5434782608695652,3.4957058507783145,1.0534084809447128,
124,11.540526033279656,16.505636070853463,8.32662372517445,22.893183038110575,11.064143853998926,14.439076757917338,8.467525496511003,1.6908212560386473,0.5434782608695652,3.475577026301664,1.0534084809447128,
125,11.674718196457327,16.431830381105744,8.474235104669887,22.779119699409556,10.916532474503489,14.398819108964037,8.454106280193237,1.6774020397208802,0.5434782608695652,3.5963499731615673,1.0534084809447128,
126,11.788781535158346,16.27079978529254,8.61513687600644,22.65163714439077,10.836017176596886,14.27133655394525,8.682232957595277,1.6774020397208802,0.5434782608695652,3.629898013955985,1.0332796564680622,
127,12.06387546967257,16.049382716049383,8.635265700483092,22.537573805689746,10.990338164251208,14.190821256038648,8.635265700483092,1.7176596886741815,0.5434782608695652,3.6634460547504024,0.9728931830381106,
128,12.070585077831455,15.901771336553946,8.715780998389693,22.262479871175522,11.144659151905529,14.070048309178745,8.729200214707461,1.570048309178744,0.5434782608695652,3.992216854535695,0.9997316156736447,
129,12.305421363392378,15.888352120236178,8.836553945249598,22.007514761137948,10.963499731615673,14.023081052066559,8.427267847557703,1.7042404723564144,0.6508319914117016,4.193505099302201,0.9997316156736447,
130,12.151100375738057,13.862050456253355,9.863123993558776,23.68491680085883,10.782340311325818,13.727858293075684,8.413848631239935,1.6841116478797638,0.6508319914117016,4.193505099302201,0.9863123993558777,
131,12.278582930756844,13.828502415458937,9.809447128287708,23.51046698872786,10.815888352120236,13.70101986044015,8.467525496511003,1.710950080515298,0.6508319914117016,4.240472356414386,0.9863123993558777,
132,12.419484702093397,13.593666129898015,9.822866344605474,23.309178743961354,10.93666129898014,13.774825550187868,8.467525496511003,1.7713365539452497,0.6508319914117016,4.26731078904992,0.9863123993558777,
133,12.560386473429952,13.526570048309178,9.782608695652174,23.10789049919485,11.064143853998926,13.694310252281268,8.266237251744498,1.751207729468599,0.6508319914117016,4.609500805152979,0.9863123993558777,
134,12.546967257112184,13.560118089103597,9.96376811594203,22.899892646269457,10.795759527643586,13.546698872785829,8.225979602791197,1.751207729468599,0.6508319914117016,4.944981213097155,1.1137949543746646,
135,12.640901771336553,13.345410628019323,10.064412238325282,22.69189479334407,11.07085346215781,13.546698872785829,8.132045088566828,1.751207729468599,0.6508319914117016,4.99194847020934,1.1137949543746646,
136,12.305421363392378,14.418947933440688,9.916800858829845,22.396672034353195,10.829307568438002,13.197799248523886,8.031400966183575,1.9927536231884058,0.6508319914117016,5.186527106816962,1.0735373054213635,
137,12.224906065485776,13.539989264626946,9.802737520128824,22.309447128287708,10.84272678475577,14.257917337627482,8.038110574342458,1.9726247987117553,0.6508319914117016,5.287171229200215,1.0735373054213635,
138,12.278582930756844,13.513150831991412,9.77589908749329,22.18196457326892,10.809178743961352,14.2914653784219,8.091787439613526,1.9726247987117553,0.6508319914117016,5.360976918947934,1.0735373054213635,
139,12.171229200214707,13.439345142243694,9.31964573268921,22.430220075147613,12.25174449812131,13.774825550187868,8.165593129361245,1.9189479334406871,0.6977992485238862,4.777241009125067,1.0534084809447128,
140,12.218196457326892,13.41250670960816,9.39345142243693,22.020933977455716,12.546967257112184,13.627214170692431,8.132045088566828,1.9524959742351047,0.6843800322061192,4.958400429414922,1.0534084809447128,
141,12.526838432635534,13.385668276972625,9.359903381642512,21.994095544820183,12.426194310252281,13.553408480944713,7.944176060118089,1.9390767579173376,0.6843800322061192,5.132850241545894,1.0534084809447128,
142,12.667740203972087,13.33870101986044,9.460547504025765,21.886741814278047,12.419484702093397,13.600375738056897,7.742887815351583,2.033011272141707,0.644122383252818,5.139559849704777,1.06682769726248,
143,12.553676865271068,12.95625335480408,9.172034353193773,21.611647879763822,11.701556629092861,14.512882447665056,8.527911969940956,2.033011272141707,0.644122383252818,5.307300053676865,0.9796027911969941,
144,12.72812667740204,12.922705314009661,9.192163177670425,21.564680622651636,11.621041331186259,14.392109500805153,8.57487922705314,2.120236178207193,0.644122383252818,5.280461621041331,0.9594739667203436,
145,12.855609232420827,12.875738056897477,9.406870638754697,21.430488459473967,11.480139559849706,14.224369296833064,8.68894256575416,2.120236178207193,0.644122383252818,5.246913580246914,1.0265700483091786,
146,12.909286097691895,12.828770799785293,9.27938808373591,21.336553945249598,11.426462694578637,14.123725174449811,8.829844337090714,2.0933977455716586,0.630703166935051,5.481749865807837,1.0601180891035964,
147,13.030059044551798,12.72812667740204,9.245840042941492,21.30300590445518,11.560654857756306,14.070048309178745,8.816425120772946,2.0665593129361244,0.630703166935051,5.501878690284487,1.0466988727858293,
148,12.99651100375738,12.573805689747719,9.219001610305957,21.18894256575416,11.580783682232958,14.318303811057435,8.890230810520666,2.0397208803005906,0.630703166935051,5.548845947396672,1.0131508319914118,
149,13.264895330112722,12.533548040794418,9.178743961352657,21.095008051529792,11.506977992485238,14.318303811057435,8.890230810520666,1.9927536231884058,0.630703166935051,5.5756843800322065,1.0131508319914118,
150,13.331991411701557,12.379227053140097,9.158615136876007,21.088298443370906,11.66129898013956,14.264626945786366,8.776167471819646,2.120236178207193,0.630703166935051,5.5756843800322065,1.0131508319914118,
151,13.345410628019323,12.25174449812131,9.373322597960279,21.651905528717123,11.439881910896403,14.184111647879764,8.776167471819646,2.1068169618894257,0.6172839506172839,5.253623188405797,0.9997316156736447,
152,13.459473966720344,12.151100375738057,10.010735373054214,21.38352120236178,11.332528180354267,14.036500268384327,8.776167471819646,2.059849704777241,0.6172839506172839,5.173107890499195,0.9997316156736447,
153,13.043478260869565,11.990069779924852,9.829575952764358,21.081588835212024,10.628019323671497,16.485507246376812,8.709071390230811,2.046430488459474,0.46296296296296297,4.918142780461621,0.8051529790660226,
154,13.030059044551798,11.849168008588299,9.930220075147611,20.8870101986044,10.815888352120236,15.921900161030596,8.702361782071927,2.0397208803005906,0.5300590445517982,5.488459473966721,0.8051529790660226,
155,13.24476650563607,11.77536231884058,9.943639291465379,20.739398819108963,11.137949543746645,15.653515834675256,8.702361782071927,2.006172839506173,0.5300590445517982,5.4616210413311865,0.8051529790660226,
156,13.305152979066023,11.896135265700483,10.198604401502953,20.598497047772412,10.856146001073537,15.653515834675256,8.695652173913043,1.9994632313472893,0.5300590445517982,5.4616210413311865,0.8051529790660226,
157,13.352120236178207,11.896135265700483,10.158346752549651,20.43075684380032,10.970209339774557,15.653515834675256,8.722490606548577,1.9994632313472893,0.5300590445517982,5.481749865807837,0.8051529790660226,
158,13.47289318303811,11.896135265700483,10.158346752549651,20.283145464304884,10.916532474503489,15.72061191626409,8.635265700483092,2.0397208803005906,0.5300590445517982,5.542136339237788,0.8051529790660226,
159,13.486312399355878,11.701556629092861,10.111379495437467,20.081857219538378,11.124530327428879,15.593129361245303,8.729200214707461,2.0397208803005906,0.5300590445517982,5.71658615136876,0.8856682769726248,
160,13.479602791196994,11.694847020933977,10.554213633923778,19.880568974771872,11.09098228663446,15.519323671497585,8.682232957595277,2.0397208803005906,0.5300590445517982,5.642780461621041,0.8856682769726248,
161,13.6406333870102,11.54723564143854,10.856146001073537,19.672571121846484,11.265432098765432,15.371712292002147,8.541331186258722,2.147074610842727,0.5300590445517982,5.60252281266774,0.8252818035426731,
162,12.627482555018787,10.621309715512615,10.59447128287708,24.235104669887278,10.654857756307031,14.284755770263017,8.017981749865807,2.1940418679549114,0.5300590445517982,5.414653784219001,0.8252818035426731,
163,12.593934514224369,10.567632850241546,10.701825013419215,24.074074074074073,10.695115405260333,14.251207729468598,8.11862587224906,2.24771873322598,0.5099302200751477,5.414653784219001,0.8252818035426731,
164,12.318840579710145,10.420021470746109,10.453569511540525,26.663982823403114,10.44015029522276,13.083735909822867,7.7831454643048845,2.227589908749329,0.5032206119162641,5.280461621041331,0.8252818035426731,
165,12.365807836822329,10.420021470746109,10.420021470746109,26.583467525496513,10.44015029522276,13.050187869028449,7.816693505099302,2.227589908749329,0.5032206119162641,5.347557702630167,0.8252818035426731,
166,12.426194310252281,10.339506172839506,10.493827160493828,26.48953301127214,10.48040794417606,12.895866881374127,8.031400966183575,2.1269457863660763,0.5032206119162641,5.387815351583468,0.8252818035426731,
167,12.627482555018787,10.25228126677402,10.473698336017177,26.422436929683307,10.473698336017177,12.895866881374127,7.98443370907139,2.120236178207193,0.5032206119162641,5.421363392377885,0.8252818035426731,
168,12.795222758990874,10.064412238325282,10.628019323671497,26.301663982823403,10.379763821792807,12.962962962962964,7.98443370907139,2.1135265700483092,0.5032206119162641,5.441492216854535,0.8252818035426731,
169,12.76838432635534,9.722222222222221,10.795759527643586,26.06682769726248,11.98336017176597,11.889425657541599,7.98443370907139,2.167203435319377,0.5032206119162641,5.293880837359098,0.8252818035426731,
170,12.983091787439614,9.675254965110037,10.735373054213634,25.939345142243692,11.956521739130435,11.77536231884058,7.944176060118089,2.301395598497048,0.5032206119162641,5.360976918947934,0.8252818035426731,
171,13.003220611916264,9.648416532474503,11.037305421363392,25.49651100375738,11.916264090177133,11.829039184111648,7.917337627482555,2.2342995169082127,0.5032206119162641,5.589103596349974,0.8252818035426731,
172,13.238056897477188,9.608158883521202,11.3593666129898,25.161030595813205,11.916264090177133,11.802200751476114,7.722758990874933,2.1604938271604937,0.5032206119162641,5.703166935050993,0.8252818035426731,
173,13.33870101986044,9.46725711218465,11.379495437466453,25.046967257112186,11.802200751476114,11.647879763821793,7.843531937734836,2.120236178207193,0.5971551261406334,5.931293612453032,0.8252818035426731,
174,13.633923778851315,9.380032206119163,11.325818572195384,25.033548040794418,11.768652710681696,11.533816425120772,7.863660762211487,2.120236178207193,0.5971551261406334,5.917874396135265,0.8252818035426731,
175,13.600375738056897,9.359903381642512,11.641170155662909,24.805421363392377,11.849168008588299,11.406333870101985,7.890499194847021,2.1068169618894257,0.5971551261406334,5.917874396135265,0.8252818035426731,
176,13.620504562533547,9.29951690821256,11.621041331186259,24.55716586151369,11.889425657541599,11.473429951690822,7.917337627482555,2.0799785292538915,0.5971551261406334,6.119162640901771,0.8252818035426731,
177,13.875469672571121,9.104938271604938,11.802200751476114,24.20155662909286,11.902844873859367,11.406333870101985,7.957595276435856,2.0128824476650564,0.5971551261406334,6.3137412775093935,0.8252818035426731,
178,14.029790660225443,8.99087493290392,11.943102522812667,24.12104133118626,11.956521739130435,11.41304347826087,7.937466451959206,2.0128824476650564,0.5971551261406334,6.172839506172839,0.8252818035426731,
179,13.774825550187868,8.917069243156199,11.600912506709609,24.859098228663445,11.627750939345143,11.641170155662909,7.997852925389157,1.9860440150295222,0.5971551261406334,6.105743424584004,0.8923778851315083,
180,13.955984970477724,8.856682769726248,11.98336017176597,24.738325281803544,11.43317230273752,11.533816425120772,7.944176060118089,1.9860440150295222,0.5971551261406334,6.099033816425121,0.8722490606548577,
181,13.92914653784219,8.675523349436393,11.748523886205046,24.322329575952764,11.486849168008588,13.264895330112722,7.132313472893183,1.9122383252818036,0.4830917874396135,6.172839506172839,0.8722490606548577,
182,13.935856146001074,8.68894256575416,12.010198604401502,24.335748792270532,11.406333870101985,13.009930220075148,7.139023081052066,1.90552871712292,0.4830917874396135,6.213097155126141,0.8722490606548577,
183,13.875469672571121,8.668813741277509,11.990069779924852,23.17498658078368,11.533816425120772,14.338432635534085,7.125603864734299,1.90552871712292,0.4830917874396135,5.991680085882985,0.9125067096081588,
184,13.969404186795492,8.581588835212024,12.104133118625873,23.060923242082662,11.520397208803006,14.318303811057435,7.192699946323135,1.8988191089640365,0.4830917874396135,5.958132045088567,0.9125067096081588,
185,14.184111647879764,8.57487922705314,12.097423510466989,22.926731078904993,11.520397208803006,14.284755770263017,7.192699946323135,1.8451422436929683,0.4830917874396135,6.005099302200751,0.8856682769726248,
186,14.090177133655395,8.57487922705314,11.681427804616211,23.557434245840042,11.56736446591519,14.11701556629093,7.1725711218464845,1.8451422436929683,0.4830917874396135,6.045356951154052,0.8655394524959742,
187,14.070048309178745,8.601717659688674,11.654589371980677,23.470209339774556,11.513687600644122,14.184111647879764,7.199409554482019,1.8384326355340848,0.4830917874396135,6.119162640901771,0.8655394524959742,
188,14.325013419216317,8.561460010735374,11.694847020933977,23.409822866344605,11.231884057971014,14.002952227589908,7.48792270531401,1.8317230273752012,0.4830917874396135,6.105743424584004,0.8655394524959742,
189,13.45276435856146,8.53462157809984,11.2788513150832,25.02012882447665,10.272410091250672,16.109769189479334,6.884057971014493,1.6103059581320451,0.33548040794417605,5.703166935050993,0.798443370907139,
190,13.271604938271604,8.527911969940956,11.144659151905529,24.44310252281267,10.205314009661835,17.72007514761138,6.407675791733762,1.4358561460010735,0.33548040794417605,5.709876543209877,0.798443370907139,
191,13.39237788513151,8.420558239398819,11.218464841653248,24.335748792270532,10.165056360708535,17.639559849704778,6.4345142243692965,1.4358561460010735,0.33548040794417605,5.8239398819108965,0.798443370907139,
