,45,50,55,53,54,52,57,51,56,59
0,94.22973698336017,5.770263016639828,,,,,,,,
1,92.3040794417606,7.695920558239399,,,,,,,,
2,90.00939345142244,9.990606548577563,,,,,,,,
3,72.54428341384863,27.455716586151368,,,,,,,,
4,70.8064949006978,29.1935050993022,,,,,,,,
5,70.32340311325818,29.676596886741816,,,,,,,,
6,69.99463231347289,30.005367686527105,,,,,,,,
7,68.6460010735373,31.233225979602793,0.12077294685990338,,,,,,,
8,68.84057971014492,30.139559849704778,1.0198604401502953,,,,,,,
9,69.10896403650027,29.871175523349436,1.0198604401502953,,,,,,,
10,68.76677402039721,28.509125067096083,1.0198604401502953,1.7042404723564144,,,,,,
11,40.15029522275899,57.15244229736983,0.9796027911969941,1.6237251744498122,0.0939345142243693,,,,,
12,36.28556092324208,46.0077831454643,0.8454106280193237,1.8518518518518519,2.5026838432635534,12.506709608158884,,,,
13,36.73510466988728,45.860171765968865,0.8387010198604401,1.8518518518518519,2.4020397208803006,12.31213097155126,,,,
14,36.28556092324208,43.39774557165862,0.8387010198604401,1.8384326355340848,4.904723564143854,12.734836285560924,,,,
15,36.71497584541063,42.7536231884058,0.9125067096081588,1.8317230273752012,4.85775630703167,12.27187332259796,0.6575415995705851,,,
16,37.0101986044015,42.579173376274824,0.8789586688137413,1.8250134192163177,4.85775630703167,12.191358024691358,0.6575415995705851,,,
17,35.68169618894257,43.80703166935051,1.3687600644122384,1.8250134192163177,4.549114331723027,12.13768115942029,0.630703166935051,,,
18,34.99060654857756,40.43880837359098,3.743961352657005,1.8048845947396672,3.8177670424047236,12.084004294149223,0.630703166935051,2.4892646269457863,,
19,35.279119699409556,37.9898013955985,6.072195383789587,1.8048845947396672,3.750670960815888,11.976650563607086,0.630703166935051,2.4355877616747184,0.06038647342995169,
20,33.52791196994095,36.97665056360709,5.709876543209877,1.8048845947396672,4.522275899087493,11.855877616747183,0.5233494363929146,5.018786902844874,0.06038647342995169,
21,31.87734836285561,35.51395598497048,4.602791196994096,1.8048845947396672,4.9718196457326895,15.660225442834138,0.5166398282340311,4.99194847020934,0.06038647342995169,
22,31.280193236714975,31.629092860976918,4.602791196994096,1.6841116478797638,9.406870638754697,15.888352120236178,0.5166398282340311,4.931561996779388,0.06038647342995169,
23,30.52871712292002,32.769726247987116,4.549114331723027,2.589908749329039,9.366612989801396,15.640096618357488,0.5166398282340311,3.978797638217928,0.06038647342995169,
24,31.19296833064949,32.46779388083736,4.468599033816425,2.589908749329039,9.265968867418144,15.526033279656469,0.4495437466451959,3.978797638217928,0.06038647342995169,
25,27.85829307568438,34.856414385399894,4.441760601180891,2.4154589371980677,8.99087493290392,15.069779924852389,0.4495437466451959,5.857487922705314,0.06038647342995169,
26,28.247450348899623,34.594739667203434,4.42163177670424,2.408749329039184,8.970746108427267,15.022812667740205,0.4495437466451959,5.8239398819108965,0.06038647342995169,
27,28.589640365002683,33.28636607622115,4.294149221685454,4.549114331723027,8.272946859903382,14.774557165861514,0.4227053140096618,5.750134192163178,0.06038647342995169,
28,28.455448201825014,32.890499194847024,4.26731078904992,3.5426731078904994,8.199141170155663,16.458668813741276,0.4227053140096618,5.703166935050993,0.06038647342995169,
29,28.133387010198604,31.031937734836287,4.260601180891036,3.4957058507783145,8.11862587224906,17.330917874396135,0.19457863660762212,7.326892109500805,0.10735373054213634,
30,28.59634997316157,30.649490069779926,4.320987654320987,3.4822866344605474,8.132045088566828,15.754159957058508,0.19457863660762212,8.76274825550188,0.10735373054213634,
31,28.75738056897477,30.12614063338701,4.643048845947397,4.2203435319377345,7.521470746108427,15.68035426731079,0.19457863660762212,8.749329039184111,0.10735373054213634,
32,24.08749329039184,40.64009661835749,4.5960815888352125,4.193505099302201,5.622651637144391,14.439076757917338,0.19457863660762212,6.119162640901771,0.10735373054213634,
33,24.40955448201825,38.6808910359635,4.911433172302737,4.193505099302201,7.004830917874396,14.392109500805153,0.19457863660762212,6.105743424584004,0.10735373054213634,
34,24.704777241009126,38.51315083199141,4.891304347826087,4.193505099302201,6.977992485238862,14.338432635534085,0.19457863660762212,6.078904991948471,0.10735373054213634,
35,25.207997852925388,38.16425120772947,4.851046698872786,4.193505099302201,6.9243156199677935,14.338432635534085,0.19457863660762212,6.018518518518518,0.10735373054213634,
36,25.764895330112722,37.815351583467525,4.810789049919484,4.159957058507783,6.904186795491143,14.264626945786366,0.19457863660762212,5.978260869565218,0.10735373054213634,
37,26.261406333870102,37.61406333870102,4.736983360171766,4.159957058507783,6.870638754696726,14.110305958132045,0.19457863660762212,5.9447128287707995,0.10735373054213634,
38,26.717659688674182,37.31884057971015,4.669887278582931,4.159957058507783,6.843800322061192,14.049919484702093,0.19457863660762212,5.938003220611916,0.10735373054213634,
39,27.126945786366075,37.05716586151369,4.643048845947397,4.133118625872249,6.8035426731078905,13.996242619431026,0.19457863660762212,5.938003220611916,0.10735373054213634,
40,25.563607085346217,35.54079441760601,4.582662372517445,6.0654857756307035,6.219806763285024,13.217928073000536,0.19457863660762212,8.507783145464305,0.10735373054213634,
41,23.382984433709073,28.73725174449812,4.636339237788513,6.052066559312936,6.353998926462695,13.030059044551798,0.19457863660762212,17.505367686527105,0.10735373054213634,
42,23.62453032742888,28.08641975308642,4.622920021470746,6.716317767042405,6.320450885668277,12.97638217928073,0.19457863660762212,17.351046698872786,0.10735373054213634,
43,23.74530327428878,27.375201288244767,6.146001073537305,6.615673644659152,6.300322061191626,12.117552334943639,0.19457863660762212,17.3040794417606,0.20128824476650564,
44,24.14117015566291,27.22758990874933,6.105743424584004,6.575415995705851,6.253354804079442,12.057165861513688,0.19457863660762212,17.24369296833065,0.20128824476650564,
45,24.4296833064949,25.731347289318304,7.776435856146001,6.535158346752549,6.219806763285024,11.963231347289318,0.19457863660762212,16.948470209339774,0.20128824476650564,
46,23.03408480944713,27.455716586151368,7.809983896940419,6.521739130434782,6.219806763285024,13.191089640365004,0.19457863660762212,15.371712292002147,0.20128824476650564,
47,23.64465915190553,27.30810520665593,7.7361782071927,6.488191089640365,6.172839506172839,13.09044551798175,0.19457863660762212,15.163714439076758,0.20128824476650564,
48,24.10091250670961,27.113526570048307,7.682501341921632,6.421095008051529,6.105743424584004,13.036768652710682,0.19457863660762212,15.143585614600108,0.20128824476650564,
49,24.335748792270532,27.033011272141707,7.64224369296833,6.394256575415996,6.092324208266238,13.009930220075148,0.19457863660762212,15.096618357487923,0.20128824476650564,
50,24.610842726784757,26.187600644122384,7.608695652173913,8.011272141706923,6.018518518518518,12.097423510466989,0.19457863660762212,15.076489533011273,0.19457863660762212,
51,24.510198604401502,25.509930220075148,7.555018786902845,8.957326892109501,6.018518518518518,12.04374664519592,0.19457863660762212,14.9020397208803,0.30864197530864196,
52,20.739398819108963,15.854804079441761,2.5026838432635534,7.763016639828234,5.488459473966721,10.789049919484702,0.19457863660762212,36.3593666129898,0.30864197530864196,
53,21.00107353730542,15.573000536768653,2.5026838432635534,8.071658615136876,5.723295759527644,10.68840579710145,0.19457863660762212,35.93666129898014,0.30864197530864196,
54,21.578099838969404,15.4723564143854,2.589908749329039,8.017981749865807,5.629361245303274,10.581052066559312,0.19457863660762212,35.628019323671495,0.30864197530864196,
55,21.24932903918411,14.647074610842727,2.0933977455716586,7.675791733762749,5.555555555555555,13.050187869028449,0.19457863660762212,35.258990874932906,0.27509393451422437,
56,21.638486312399355,14.31159420289855,2.0933977455716586,7.548309178743962,5.173107890499195,13.935856146001074,0.19457863660762212,34.82957595276436,0.27509393451422437,
57,21.28287707997853,14.002952227589908,2.0933977455716586,7.447665056360709,5.347557702630167,15.633387010198604,0.19457863660762212,33.80971551261406,0.1878690284487386,
58,21.296296296296298,13.83521202361782,2.0933977455716586,6.0587761674718195,5.347557702630167,17.371175523349436,0.17444981213097155,32.17257112184648,1.6505636070853462,
59,22.067901234567902,13.774825550187868,2.0933977455716586,5.964841653247451,5.2066559312936125,17.05582393988191,0.17444981213097155,32.01154052603328,1.6505636070853462,
60,22.363123993558776,13.734567901234568,3.683574879227053,5.9514224369296835,5.173107890499195,16.874664519592056,0.17444981213097155,30.394524959742352,1.6505636070853462,
61,22.73215244229737,13.654052603327965,3.488996242619431,5.917874396135265,4.9718196457326895,17.24369296833065,0.17444981213097155,30.173107890499196,1.6438539989264627,
62,22.363123993558776,13.83521202361782,3.455448201825013,5.891035963499732,5.743424584004294,17.143048845947398,0.17444981213097155,29.7638217928073,1.6304347826086956,
63,20.101986044015028,12.077294685990339,3.294417606011809,4.931561996779388,5.360976918947934,12.171229200214707,0.1274825550187869,40.49248523886205,1.442565754159957,
64,20.437466451959207,11.79549114331723,3.2340311325818574,6.749865807836822,5.300590445517981,11.876006441223833,0.1274825550187869,39.03650026838432,1.442565754159957,
65,20.9272678475577,11.66129898013956,3.2004830917874396,6.736446591519055,5.287171229200215,11.83574879227053,0.1274825550187869,38.781535158346756,1.442565754159957,
66,20.685721953837895,11.386205045625335,3.0595813204508855,5.850778314546431,4.898013955984971,14.13714439076758,0.1274825550187869,38.446054750402574,1.4090177133655395,
67,20.94068706387547,10.93666129898014,3.2877079978529253,5.555555555555555,4.810789049919484,14.620236178207193,0.1274825550187869,36.7686527106817,2.952227589908749,
68,21.537842190016104,10.815888352120236,3.9184111647879765,5.548845947396672,4.904723564143854,14.506172839506172,0.1274825550187869,35.68840579710145,2.952227589908749,
69,21.926999463231347,10.775630703166936,3.978797638217928,5.528717122920021,4.864465915190553,14.42565754159957,0.1274825550187869,35.44015029522276,2.932098765432099,
70,22.188674181427803,10.695115405260333,3.3279656468062266,8.943907675791733,4.864465915190553,14.371980676328503,0.1274825550187869,32.910628019323674,2.5697799248523885,
71,22.57783145464305,10.648148148148149,3.3279656468062266,8.930488459473967,4.8376274825550185,14.257917337627482,0.12077294685990338,32.729468599033815,2.5697799248523885,
72,23.013955984970476,10.648148148148149,3.307836822329576,8.76274825550188,4.770531400966184,14.244498121309716,0.12077294685990338,32.588566827697264,2.5429414922168547,
73,22.73886205045625,10.379763821792807,3.307836822329576,9.75577026301664,4.388083735909823,15.96886741814278,0.12077294685990338,30.575684380032207,2.7643585614600106,
74,23.013955984970476,10.581052066559312,3.307836822329576,9.628287707997853,4.388083735909823,15.861513687600644,0.12077294685990338,30.340848094471284,2.757648953301127,
75,23.60440150295223,10.46027911969941,3.280998389694042,9.594739667203436,4.341116478797638,15.767579173376275,0.12077294685990338,30.079173376274827,2.7509393451422435,
76,24.10091250670961,10.332796564680622,3.280998389694042,9.50751476113795,4.4753086419753085,15.485775630703166,0.12077294685990338,29.944981213097154,2.7509393451422435,
77,24.3894256575416,10.272410091250672,3.2004830917874396,9.426999463231347,4.28743961352657,16.485507246376812,0.12077294685990338,28.5829307568438,3.2340311325818574,
78,25.0805152979066,10.158346752549651,3.2004830917874396,9.333064949006978,4.206924315619967,16.324476650563607,0.12077294685990338,28.341384863123995,3.2340311325818574,
79,25.738056897477186,10.091250670960816,3.2004830917874396,9.23913043478261,4.200214707461084,16.183574879227052,0.12077294685990338,28.026033279656467,3.2004830917874396,
80,26.31508319914117,9.977187332259795,3.2139023081052067,9.212292002147075,4.200214707461084,15.827965646806227,0.12077294685990338,27.958937198067634,3.1736446591519054,
81,26.301663982823403,9.970477724100913,3.180354267310789,9.004294149221685,4.159957058507783,16.344605475040257,0.12077294685990338,27.74422973698336,3.1736446591519054,
82,26.603596349973163,9.903381642512077,3.180354267310789,8.930488459473967,4.032474503488996,16.317767042404725,0.12077294685990338,27.623456790123456,3.1602254428341383,0.1274825550187869
83,27.17391304347826,9.883252818035427,3.1602254428341383,8.789586688137414,4.005636070853462,16.170155662909288,0.10735373054213634,27.462426194310254,3.1199677938808374,0.1274825550187869
84,27.563070316693505,9.876543209876543,3.1602254428341383,8.695652173913043,3.992216854535695,16.076221148684915,0.10735373054213634,27.30139559849705,3.099838969404187,0.1274825550187869
85,26.160762211486848,8.829844337090714,2.5966183574879227,8.68894256575416,2.945517981749866,15.203972088030058,0.10735373054213634,32.27321524422974,3.066290928609769,0.1274825550187869
86,26.48953301127214,8.776167471819646,2.5831991411701556,8.68894256575416,2.9388083735909825,15.163714439076758,0.10735373054213634,32.078636607622116,3.046162104133119,0.1274825550187869
87,24.496779388083738,10.742082662372518,2.818035426731079,10.567632850241546,2.7241009125067097,13.841921631776705,0.10735373054213634,31.561996779388085,3.012614063338701,0.1274825550187869
88,24.738325281803544,10.654857756307031,2.8113258185721954,10.547504025764896,2.7241009125067097,13.83521202361782,0.10735373054213634,31.44122383252818,3.012614063338701,0.1274825550187869
89,25.0805152979066,10.648148148148149,2.8113258185721954,10.487117552334944,3.1333870101986045,13.352120236178207,0.10735373054213634,31.246645195920557,3.0059044551798175,0.1274825550187869
90,25.45625335480408,10.534084809447128,2.8247450348899625,10.279119699409554,3.5762211486849167,13.271604938271604,0.10735373054213634,30.099302200751477,3.7238325281803544,0.1274825550187869
91,25.979602791196996,9.849704777241008,2.7979066022544283,10.406602254428341,3.5762211486849167,13.526570048309178,0.10735373054213634,29.7638217928073,3.864734299516908,0.1274825550187869
92,26.31508319914117,9.75577026301664,2.6838432635534084,10.299248523886206,4.488727858293076,13.446054750402576,0.10735373054213634,29.05931293612453,3.717122920021471,0.1274825550187869
93,26.529790660225444,9.373322597960279,3.629898013955985,10.165056360708535,5.10601180891036,13.130703166935051,0.10735373054213634,28.133387010198604,3.69699409554482,0.1274825550187869
94,26.549919484702095,9.172034353193773,3.616478797638218,9.05126140633387,6.756575415995706,13.103864734299517,0.10735373054213634,27.831454643048847,3.683574879227053,0.1274825550187869
95,26.214439076757916,8.682232957595277,3.9586688137412773,8.09849704777241,6.756575415995706,15.432098765432098,0.10735373054213634,26.939076757917338,3.683574879227053,0.1274825550187869
96,26.52308105206656,8.662104133118627,3.9586688137412773,8.085077831454644,6.749865807836822,15.331454643048845,0.10735373054213634,26.78475577026302,3.670155662909286,0.1274825550187869
97,27.18733225979603,8.53462157809984,3.992216854535695,7.957595276435856,6.649221685453569,15.190552871712292,0.10735373054213634,26.610305958132045,3.643317230273752,0.1274825550187869
98,25.758185721953836,6.179549114331723,3.965378421900161,7.0450885668276975,6.072195383789587,13.66076221148685,0.10735373054213634,33.7157809983897,3.3682232957595275,0.1274825550187869
99,25.483091787439612,6.132581857219538,3.69699409554482,8.930488459473967,5.9514224369296835,13.607085346215781,0.10735373054213634,32.628824476650564,3.33467525496511,0.1274825550187869
100,25.5703166935051,5.984970477724101,3.6902844873859366,8.84326355340848,6.4412238325281805,13.553408480944713,0.10735373054213634,32.380568974771876,3.4286097691894795,
101,25.97289318303811,5.971551261406334,3.6768652710681695,8.84326355340848,6.843800322061192,13.47289318303811,0.10735373054213634,31.80354267310789,3.307836822329576,
102,26.38888888888889,5.938003220611916,3.670155662909286,8.735909822866345,6.977992485238862,13.39237788513151,0.10735373054213634,31.49490069779925,3.294417606011809,
103,26.643853998926463,5.837359098228664,3.6634460547504024,9.71551261406334,7.360440150295223,12.600644122383253,0.07380568974771873,30.810520665593128,3.294417606011809,
104,26.84514224369297,5.783682232957595,3.629898013955985,9.688674181427805,7.246376811594203,14.170692431561998,0.07380568974771873,28.972088030059044,3.589640365002684,
105,27.17391304347826,5.776972624798712,3.603059581320451,9.681964573268921,7.226247987117552,14.070048309178745,0.07380568974771873,28.804347826086957,3.589640365002684,
106,27.106816961889425,5.293880837359098,3.5292538915727323,9.480676328502415,7.185990338164252,14.479334406870638,0.07380568974771873,29.622920021470748,3.227321524422974,
107,26.96591519055287,5.22007514761138,3.455448201825013,9.27938808373591,6.837090713902308,16.371443907675793,0.07380568974771873,28.455448201825014,3.3413848631239937,
108,26.247987117552334,5.092592592592593,3.4017713365539453,10.19189479334407,9.574610842726784,16.317767042404725,0.07380568974771873,26.31508319914117,2.7844873859366612,
109,26.40901771336554,5.092592592592593,4.019055287171229,10.151637144390767,9.520933977455716,16.163446054750402,0.07380568974771873,25.791733762748255,2.7777777777777777,
110,26.617015566290927,5.092592592592593,4.012345679012346,10.11808910359635,9.494095544820183,16.129898013955984,0.07380568974771873,25.684380032206118,2.7777777777777777,
111,26.73107890499195,4.918142780461621,4.005636070853462,10.071121846484166,9.359903381642512,16.606280193236714,0.07380568974771873,25.47638217928073,2.757648953301127,
112,27.086688137412775,4.911433172302737,3.9452495974235107,10.044283413848632,9.346484165324744,16.478797638217927,0.07380568974771873,25.409286097691894,2.703972088030059,
113,27.49597423510467,4.911433172302737,4.032474503488996,9.943639291465379,9.326355340848094,16.25738056897477,0.07380568974771873,25.281803542673106,2.677133655394525,
114,28.23403113258186,4.85775630703167,4.28743961352657,9.863123993558776,9.185453569511541,16.076221148684915,0.07380568974771873,24.94632313472893,2.475845410628019,
115,28.650026838432634,4.824208266237251,4.253891572732153,9.621578099838969,9.037842190016104,16.31105743424584,0.07380568974771873,24.805421363392377,2.4221685453569513,
116,28.938539989264626,4.824208266237251,4.247181964573269,9.554482018250134,8.997584541062801,16.210413311862588,0.07380568974771873,24.731615673644658,2.4221685453569513,
117,29.30756843800322,4.824208266237251,4.240472356414386,9.406870638754697,8.984165324745035,16.089640365002683,0.07380568974771873,24.56387546967257,2.509393451422437,
118,29.461889425657542,4.736983360171766,4.240472356414386,9.346484165324744,8.876811594202898,15.98899624261943,0.07380568974771873,24.765163714439076,2.509393451422437,
119,29.314278046162105,4.696725711218465,4.233762748255502,10.25228126677402,8.863392377885132,15.895061728395062,0.07380568974771873,24.20155662909286,2.4691358024691357,
120,29.723564143854,4.656468062265164,4.186795491143317,10.185185185185185,8.82313472893183,15.787707997852925,0.07380568974771873,24.10091250670961,2.462426194310252,
121,30.01207729468599,4.64975845410628,4.159957058507783,10.124798711755233,8.735909822866345,15.72061191626409,0.07380568974771873,24.060654857756308,2.462426194310252,
122,30.307300053676865,4.64975845410628,4.159957058507783,9.997316156736447,8.76274825550188,15.70048309178744,0.07380568974771873,23.886205045625335,2.462426194310252,
123,30.54884594739667,4.636339237788513,4.602791196994096,9.916800858829845,8.427267847557703,15.58641975308642,0.07380568974771873,23.67149758454106,2.536231884057971,
124,30.381105743424584,4.247181964573269,4.602791196994096,11.54723564143854,8.091787439613526,15.505904455179817,0.07380568974771873,23.03408480944713,2.5161030595813205,
125,30.414653784219002,4.240472356414386,4.582662372517445,11.43317230273752,8.038110574342458,15.445517981749866,0.07380568974771873,23.255501878690286,2.5161030595813205,
126,30.69645732689211,4.233762748255502,4.562533548040794,11.332528180354267,8.09849704777241,15.351583467525497,0.07380568974771873,23.181696188942567,2.4691358024691357,
127,31.206387546967257,4.213633923778851,4.502147074610843,11.305689747718732,8.071658615136876,15.13016639828234,0.07380568974771873,23.10789049919485,2.3886205045625335,
128,31.04535695115405,4.206924315619967,4.488727858293076,11.245303274288782,8.024691358024691,15.485775630703166,0.07380568974771873,23.040794417606012,2.3886205045625335,
129,31.488191089640367,4.206924315619967,4.448470209339774,11.117820719269995,7.957595276435856,15.405260332796564,0.07380568974771873,22.920021470746107,2.38191089640365,
130,31.76328502415459,4.206924315619967,4.448470209339774,11.084272678475577,7.843531937734836,15.304616210413311,0.18115942028985507,22.785829307568438,2.38191089640365,
131,31.93102522812668,4.206924315619967,4.448470209339774,11.419753086419753,7.823403113258186,15.069779924852389,0.18115942028985507,22.638217928073,2.281266774020397,
132,32.03166935050993,4.200214707461084,4.408212560386473,11.044015029522276,7.823403113258186,15.45222758990875,0.18115942028985507,22.57783145464305,2.281266774020397,
133,32.11218464841653,4.200214707461084,4.408212560386473,11.862587224906065,7.7831454643048845,14.895330112721417,0.18115942028985507,22.282608695652176,2.2745571658615136,
134,32.54830917874396,4.200214707461084,4.280730005367687,11.802200751476114,7.85024154589372,14.80810520665593,0.16774020397208803,22.088030059044552,2.254428341384863,
135,32.72275899087493,4.166666666666667,4.616210413311863,11.674718196457327,7.823403113258186,14.74771873322598,0.16774020397208803,21.71900161030596,2.3617820719269993,
136,33.051529790660226,4.146537842190016,4.616210413311863,11.741814278046162,7.803274288781535,14.439076757917338,0.16774020397208803,21.672034353193773,2.3617820719269993,
137,33.24610842726785,4.146537842190016,4.683306494900698,11.768652710681696,7.803274288781535,14.338432635534085,0.1610305958132045,21.557971014492754,2.2946859903381642,
138,32.13231347289318,4.126409017713366,4.569243156199678,9.822866344605474,7.863660762211487,14.217659688674182,0.1610305958132045,24.986580783682232,2.120236178207193,
139,32.57514761137949,4.052603327965647,4.542404723564144,9.796027911969942,7.769726247987117,14.103596349973161,0.1610305958132045,24.90606548577563,2.0933977455716586,
140,32.9374664519592,4.045893719806763,4.508856682769726,9.73564143853999,7.702630166398282,14.04320987654321,0.1610305958132045,24.771873322597962,2.0933977455716586,
141,32.83682232957595,3.8378958668813743,4.49543746645196,10.319377348362856,7.635534084809447,13.969404186795492,0.1610305958132045,24.651100375738057,2.0933977455716586,
142,33.07836822329576,3.8378958668813743,4.461889425657541,10.279119699409554,7.628824476650563,13.962694578636608,0.1610305958132045,24.510198604401502,2.0799785292538915,
143,33.48094471282877,3.784219001610306,4.374664519592056,10.245571658615138,7.595276435856146,13.88888888888889,0.1610305958132045,24.282071926999464,2.187332259796028,
144,33.81642512077295,3.784219001610306,4.3478260869565215,10.21202361782072,7.548309178743962,13.841921631776705,0.1610305958132045,24.10091250670961,2.187332259796028,
145,34.11164787976382,3.7640901771336552,4.314278046162104,10.178475577026301,7.5348899624261945,13.781535158346752,0.1610305958132045,23.886205045625335,2.26784755770263,
146,33.541331186258724,3.7372517444981215,4.488727858293076,10.124798711755233,7.051798174986581,15.405260332796564,0.1610305958132045,23.2487922705314,2.2410091250670963,
147,33.8768115942029,3.7372517444981215,4.455179817498658,10.0979602791197,7.004830917874396,15.324745034889963,0.1610305958132045,23.05421363392378,2.2879763821792807,
148,34.07139023081052,3.7372517444981215,4.435050993022007,10.050993022007514,6.957863660762212,15.94873859366613,0.1610305958132045,22.457058507783145,2.1806226516371443,
149,34.50751476113795,3.7372517444981215,4.3545356951154055,9.977187332259795,6.89747718733226,15.915190552871712,0.1610305958132045,22.208803005904453,2.2410091250670963,
150,34.74906065485776,3.730542136339238,4.341116478797638,9.970477724100913,6.850509930220075,15.827965646806227,0.1610305958132045,22.128287707997853,2.2410091250670963,
151,35.08454106280193,3.730542136339238,4.320987654320987,9.849704777241008,6.830381105743425,15.774288781535159,0.1610305958132045,22.007514761137948,2.2410091250670963,
152,35.21202361782072,3.717122920021471,4.260601180891036,9.809447128287708,6.810252281266774,15.619967793880837,0.1610305958132045,22.000805152979066,2.408749329039184,
153,35.50053676865271,3.6902844873859366,4.247181964573269,9.722222222222221,6.810252281266774,15.559581320450885,0.1610305958132045,21.940418679549115,2.368491680085883,
154,31.964573268921097,3.535963499731616,3.7909286097691894,9.433709071390231,6.347289318303811,14.606816961889425,0.1610305958132045,27.999194847020934,2.1604938271604937,
155,32.25979602791197,3.535963499731616,3.7909286097691894,9.400161030595813,6.300322061191626,14.452495974235104,0.1610305958132045,27.81803542673108,2.281266774020397,
156,32.47450348899624,3.5292538915727323,3.7372517444981215,9.333064949006978,6.427804616210413,14.40552871712292,0.1610305958132045,27.690552871712292,2.2410091250670963,
157,32.86366076221149,3.515834675254965,3.730542136339238,9.252549651100376,6.353998926462695,14.2914653784219,0.1610305958132045,27.603327965646805,2.227589908749329,
158,33.24610842726785,3.44873859366613,3.7037037037037037,9.198872785829307,6.568706387546968,14.123725174449811,0.1610305958132045,27.254428341384862,2.2946859903381642,
159,33.55475040257649,3.4420289855072466,3.8177670424047236,9.151905528717123,6.454643048845948,14.056629092860977,0.1610305958132045,27.100107353730543,2.2611379495437465,
160,33.53462157809984,3.4420289855072466,3.797638217928073,9.151905528717123,7.018250134192163,13.714439076757918,0.1610305958132045,26.918947933440688,2.2611379495437465,
161,33.76945786366076,3.4286097691894795,3.7909286097691894,9.145195920558239,7.004830917874396,13.647342995169081,0.1610305958132045,26.798174986580783,2.254428341384863,
162,33.601717659688674,3.180354267310789,3.784219001610306,8.883521202361782,6.937734836285561,13.103864734299517,0.13419216317767044,28.287707997852927,2.086688137412775,
163,33.21256038647343,3.2675791733762747,3.750670960815888,10.426731078904991,6.910896403650026,12.76838432635534,0.13419216317767044,27.4422973698336,2.086688137412775,
164,32.648953301127214,4.274020397208803,3.743961352657005,10.198604401502953,6.837090713902308,12.694578636607622,0.13419216317767044,27.388620504562535,2.0799785292538915,
165,32.890499194847024,4.253891572732153,4.622920021470746,10.057702630166398,6.756575415995706,12.546967257112184,0.13419216317767044,26.65727321524423,2.0799785292538915,
166,33.2259796027912,4.253891572732153,4.555823939881911,9.970477724100913,6.6827697262479875,12.546967257112184,0.13419216317767044,26.56333870101986,2.0665593129361244,
167,33.45410628019324,4.233762748255502,4.542404723564144,9.88996242619431,6.6760601180891035,12.5,0.13419216317767044,26.50295222758991,2.0665593129361244,
168,33.74932903918411,4.200214707461084,4.508856682769726,9.829575952764358,6.642512077294686,12.453032742887816,0.13419216317767044,26.41572732152442,2.0665593129361244,
169,34.05797101449275,4.193505099302201,4.508856682769726,9.789318303811058,6.568706387546968,12.419484702093397,0.13419216317767044,26.261406333870102,2.0665593129361244,
170,34.27938808373591,4.193505099302201,4.4820182501341925,9.728931830381105,6.561996779388084,12.399355877616747,0.13419216317767044,26.03327965646806,2.187332259796028,
171,34.614868491680085,4.166666666666667,4.4820182501341925,9.64170692431562,6.5552871712292005,12.258454106280194,0.13419216317767044,25.959473966720342,2.187332259796028,
172,34.876543209876544,4.159957058507783,4.683306494900698,9.614868491680086,6.454643048845948,12.23161567364466,0.13419216317767044,25.697799248523886,2.147074610842727,
173,35.10466988727858,4.1532474503489,4.683306494900698,9.608158883521202,6.380837359098229,12.224906065485776,0.13419216317767044,25.577026301663984,2.13365539452496,
174,35.65485775630703,4.1532474503489,4.7101449275362315,9.608158883521202,6.380837359098229,12.117552334943639,0.13419216317767044,25.107353730542137,2.13365539452496,
175,35.889694041867955,4.146537842190016,4.676596886741814,9.655126140633387,6.380837359098229,12.06387546967257,0.13419216317767044,24.932903918411164,2.120236178207193,
176,30.615942028985508,3.8043478260869565,3.683574879227053,7.62211486849168,5.025496511003757,11.044015029522276,0.13419216317767044,36.06414385399893,2.006172839506173,
177,30.770263016639827,3.7775093934514223,3.6768652710681695,7.588566827697263,5.3341384863123995,11.037305421363392,0.13419216317767044,35.67498658078368,2.006172839506173,
178,31.146001073537306,3.7640901771336552,3.629898013955985,7.555018786902845,5.3341384863123995,11.017176596886742,0.13419216317767044,35.41331186258722,2.006172839506173,
179,31.608964036500268,3.7640901771336552,3.629898013955985,7.514761137949543,5.314009661835748,10.896403650026839,0.13419216317767044,35.13150831991412,2.006172839506173,
180,31.83709071390231,3.7640901771336552,3.6097691894793345,7.608695652173913,5.280461621041331,10.829307568438002,0.13419216317767044,34.936929683306495,1.9994632313472893,
181,32.024959742351044,3.7372517444981215,4.092860976918948,7.9039184111647875,5.072463768115942,10.815888352120236,0.13419216317767044,34.23913043478261,1.9793344068706387,
182,31.964573268921097,3.717122920021471,5.018786902844874,8.004562533548041,4.931561996779388,10.755501878690284,0.13419216317767044,33.561460010735374,1.9122383252818036,
183,31.54186795491143,3.6500268384326353,5.072463768115942,7.85024154589372,4.683306494900698,12.084004294149223,0.13419216317767044,33.091787439613526,1.892109500805153,
184,31.810252281266774,3.6500268384326353,5.025496511003757,7.7898550724637685,4.683306494900698,12.04374664519592,0.13419216317767044,32.971014492753625,1.892109500805153,
185,31.944444444444443,3.6500268384326353,6.622383252818035,7.675791733762749,4.569243156199678,12.016908212560386,0.13419216317767044,31.50161030595813,1.8853998926462694,
186,32.17928073000537,3.5762211486849167,6.521739130434782,7.608695652173913,4.555823939881911,11.98336017176597,0.13419216317767044,31.320450885668276,2.120236178207193,
187,32.60198604401503,3.5762211486849167,6.501610305958132,7.555018786902845,4.51556629092861,11.916264090177133,0.13419216317767044,31.07890499194847,2.120236178207193,
188,32.991143317230275,3.5762211486849167,6.447933440687064,7.521470746108427,4.51556629092861,11.808910359634996,0.13419216317767044,30.88432635534085,2.120236178207193,
189,33.23939881910896,3.5426731078904994,6.427804616210413,7.440955448201825,4.51556629092861,11.75523349436393,0.13419216317767044,30.823939881910896,2.120236178207193,
190,33.662104133118625,3.515834675254965,6.353998926462695,7.39398819108964,4.51556629092861,11.728395061728396,0.13419216317767044,30.575684380032207,2.120236178207193,
191,33.21926999463231,3.488996242619431,6.213097155126141,9.091519055287172,4.26731078904992,11.829039184111648,0.13419216317767044,29.683306494900698,2.073268921095008,
192,33.55475040257649,3.488996242619431,6.1862587224906065,9.07139023081052,4.240472356414386,11.741814278046162,0.13419216317767044,29.508856682769725,2.073268921095008,
193,33.17230273752013,3.488996242619431,5.676328502415459,8.930488459473967,4.240472356414386,17.411433172302736,0.13419216317767044,24.892646269457863,2.0531400966183573,
194,33.5077831454643,3.4822866344605474,5.790391841116479,8.903650026838433,4.133118625872249,17.344337090713903,0.13419216317767044,24.671229200214707,2.033011272141707,
195,33.85668276972625,3.475577026301664,5.756843800322061,8.896940418679549,4.052603327965647,17.21014492753623,0.13419216317767044,24.59742351046699,2.01959205582394,
196,34.064680622651636,3.475577026301664,5.736714975845411,8.829844337090714,4.052603327965647,17.143048845947398,0.13419216317767044,24.54374664519592,2.01959205582394,
197,34.245840042941495,3.44873859366613,5.730005367686527,8.769457863660762,4.052603327965647,17.12962962962963,0.13419216317767044,24.4699409554482,2.01959205582394,
198,34.44041867954911,3.44873859366613,5.9514224369296835,8.729200214707461,4.052603327965647,17.05582393988191,0.13419216317767044,24.168008588298445,2.01959205582394,
199,34.614868491680085,3.4420289855072466,5.9447128287707995,8.68894256575416,4.052603327965647,17.01556629092861,0.13419216317767044,24.08749329039184,2.01959205582394,
200,34.84299516908212,3.421900161030596,5.931293612453032,8.662104133118627,3.9184111647879765,16.867954911433173,0.13419216317767044,23.993558776167472,2.227589908749329,
201,35.07112184648417,3.4017713365539453,5.877616747181965,8.641975308641975,3.9184111647879765,16.841116478797638,0.13419216317767044,23.886205045625335,2.227589908749329,
202,35.279119699409556,3.3950617283950617,5.857487922705314,8.601717659688674,3.9184111647879765,16.794149221685455,0.13419216317767044,23.805689747718734,2.214170692431562,
203,35.45356951154053,3.3816425120772946,5.837359098228664,8.581588835212024,3.9184111647879765,16.774020397208805,0.13419216317767044,23.70504562533548,2.214170692431562,
204,35.628019323671495,3.3548040794417604,5.83064949006978,8.55475040257649,3.9049919484702094,16.7337627482555,0.13419216317767044,23.658078368223297,2.200751476113795,
205,32.79656468062265,3.3011272141706924,5.562265163714439,7.608695652173913,3.6366076221148687,15.908480944712828,0.13419216317767044,28.73725174449812,2.314814814814815,
206,32.99785292538916,3.2877079978529253,5.548845947396672,7.521470746108427,3.7573805689747717,15.841384863123993,0.13419216317767044,28.61647879763822,2.2946859903381642,
207,33.25281803542673,3.280998389694042,5.548845947396672,7.454374664519592,3.743961352657005,15.787707997852925,0.13419216317767044,28.502415458937197,2.2946859903381642,
208,33.48765432098765,3.280998389694042,5.535426731078905,7.434245840042942,3.743961352657005,15.774288781535159,0.13419216317767044,28.341384863123995,2.26784755770263,
209,33.69565217391305,3.227321524422974,5.501878690284487,7.4208266237251745,3.140096618357488,16.646537842190018,0.13419216317767044,27.9723564143854,2.2611379495437465,
210,34.05797101449275,3.1535158346752548,5.495169082125604,7.380568974771873,3.1199677938808374,16.566022544283413,0.13419216317767044,27.831454643048847,2.2611379495437465,
211,34.47396672034353,3.1535158346752548,5.475040257648954,7.347020933977456,3.1199677938808374,16.505636070853463,0.13419216317767044,27.529522275899087,2.2611379495437465,
212,34.715512614063336,3.1333870101986045,5.428073000536768,7.320182501341922,3.1199677938808374,16.42512077294686,0.13419216317767044,27.462426194310254,2.2611379495437465,
213,34.99060654857756,3.1333870101986045,5.374396135265701,7.239667203435319,3.1199677938808374,16.404991948470208,0.13419216317767044,27.36849168008588,2.2342995169082127,
214,35.178475577026305,3.1333870101986045,5.743424584004294,7.219538378958669,3.0864197530864197,16.371443907675793,0.13419216317767044,26.898819108964037,2.2342995169082127,
215,35.46698872785829,3.1199677938808374,5.730005367686527,7.219538378958669,3.046162104133119,16.284219001610307,0.13419216317767044,26.576757917337627,2.4221685453569513,
216,35.78234031132582,3.0931293612453032,5.730005367686527,7.219538378958669,3.046162104133119,16.1231884057971,0.13419216317767044,26.46940418679549,2.4020397208803006,
217,35.587761674718195,2.9589371980676327,5.71658615136876,8.05823939881911,3.0394524959742353,16.049382716049383,0.13419216317767044,26.053408480944714,2.4020397208803006,
218,35.560923242082666,2.952227589908749,5.689747718733226,7.863660762211487,3.6366076221148687,15.955448201825014,0.13419216317767044,25.91250670960816,2.2946859903381642,
219,34.75577026301664,2.945517981749866,5.662909286097692,7.7831454643048845,3.629898013955985,15.230810520665592,0.13419216317767044,27.563070316693505,2.2946859903381642,
220,35.12479871175523,2.885131508319914,5.629361245303274,7.769726247987117,3.5829307568438002,15.063070316693505,0.13419216317767044,27.22758990874933,2.5831991411701556,
221,35.487117552334944,2.885131508319914,5.709876543209877,7.763016639828234,3.4957058507783145,14.949006977992486,0.13419216317767044,27.012882447665056,2.563070316693505,
222,35.789049919484704,2.885131508319914,5.703166935050993,7.709339774557166,3.4621578099838968,14.935587761674718,0.13419216317767044,26.82501341921632,2.5563607085346214,
223,36.08427267847558,2.871712292002147,5.629361245303274,7.702630166398282,3.421900161030596,14.928878153515834,0.13419216317767044,26.670692431561996,2.5563607085346214,
224,36.30568974771873,2.871712292002147,5.58239398819109,7.682501341921632,3.408480944712829,14.888620504562533,0.13419216317767044,26.570048309178745,2.5563607085346214,
225,36.35265700483092,2.871712292002147,5.58239398819109,7.467793880837359,3.502415458937198,15.183843263553408,0.13419216317767044,26.35534084809447,2.5496511003757383,
226,36.574074074074076,2.85829307568438,5.776972624798712,7.447665056360709,3.717122920021471,14.814814814814815,0.13419216317767044,26.039989264626946,2.636876006441224,
227,36.7686527106817,2.8515834675254963,5.730005367686527,7.4208266237251745,3.717122920021471,14.774557165861514,0.13419216317767044,25.97289318303811,2.6301663982823404,
228,36.91626409017714,2.8381642512077296,5.723295759527644,7.387278582930757,3.770799785292539,14.761137949543746,0.08722490606548577,25.89237788513151,2.623456790123457,
229,37.17122920021471,2.8381642512077296,5.71658615136876,7.347020933977456,3.730542136339238,14.727589908749328,0.08722490606548577,25.758185721953836,2.623456790123457,
230,37.4194847020934,2.831454643048846,5.703166935050993,7.347020933977456,3.730542136339238,14.61352657004831,0.08722490606548577,25.664251207729468,2.6033279656468062,
231,37.67444981213097,2.8113258185721954,5.6964573268921095,7.306763285024155,3.730542136339238,14.512882447665056,0.08722490606548577,25.577026301663984,2.6033279656468062,
232,38.04347826086956,2.8113258185721954,5.689747718733226,7.266505636070853,3.717122920021471,14.418947933440688,0.08722490606548577,25.36231884057971,2.6033279656468062,
233,38.258185721953836,2.7643585614600106,5.689747718733226,7.25979602791197,3.717122920021471,14.318303811057435,0.08722490606548577,25.315351583467525,2.589908749329039,
234,38.486312399355874,2.7643585614600106,5.689747718733226,7.206119162640902,3.7037037037037037,14.251207729468598,0.08722490606548577,25.234836285560924,2.576489533011272,
235,38.7211486849168,2.7643585614600106,5.656199677938808,7.179280730005368,3.7037037037037037,14.224369296833064,0.08722490606548577,25.087224906065487,2.576489533011272,
236,38.88217928073001,2.7509393451422435,5.642780461621041,7.0383789586688135,3.8177670424047236,14.184111647879764,0.08722490606548577,25.02012882447665,2.576489533011272,
237,39.070048309178745,2.737520128824477,5.642780461621041,6.998121309715513,3.8177670424047236,14.143853998926463,0.08722490606548577,24.94632313472893,2.5563607085346214,
238,39.26462694578637,2.737520128824477,5.615942028985507,6.944444444444445,3.8043478260869565,14.110305958132045,0.08722490606548577,24.879227053140095,2.5563607085346214,
239,39.170692431561996,2.737520128824477,5.407944176060118,6.132581857219538,3.730542136339238,15.5126140633387,0.08722490606548577,24.792002147074612,2.428878153515835,
