,45,50,55,53,51,56,52,54,58,57,59,60,62,61,46,64,63,47
0,99.17471819645732,0.8252818035426731,,,,,,,,,,,,,,,,
1,99.09420289855072,0.9057971014492754,,,,,,,,,,,,,,,,
2,89.86849168008588,10.131508319914117,,,,,,,,,,,,,,,,
3,82.9844337090714,17.01556629092861,,,,,,,,,,,,,,,,
4,76.8719806763285,23.040794417606012,0.08722490606548577,,,,,,,,,,,,,,,
5,70.40391841116478,29.468599033816425,0.0939345142243693,0.03354804079441761,,,,,,,,,,,,,,
6,69.31025228126677,30.495169082125603,0.14090177133655393,0.05367686527106817,,,,,,,,,,,,,,
7,55.475040257648956,43.23671497584541,1.133923778851315,0.15432098765432098,,,,,,,,,,,,,,
8,49.11433172302738,36.65458937198068,0.6374127750939346,0.12077294685990338,13.47289318303811,,,,,,,,,,,,,
9,45.54482018250134,40.11003757380569,0.7514761137949544,0.12077294685990338,13.47289318303811,,,,,,,,,,,,,
10,31.125872249060656,54.2337627482555,1.3016639828234031,0.12077294685990338,13.20450885668277,0.013419216317767043,,,,,,,,,,,,
11,29.844337090713903,49.932903918411164,1.3553408480944713,0.12077294685990338,16.505636070853463,0.040257648953301126,2.200751476113795,,,,,,,,,,,
12,20.544820182501343,60.94337090713902,1.3955984970477724,0.12077294685990338,14.465915190552872,0.07380568974771873,2.200751476113795,0.2549651100375738,,,,,,,,,,
13,20.544820182501343,59.58803005904455,1.4895330112721417,0.12077294685990338,14.465915190552872,0.07380568974771873,2.2208803005904456,1.4962426194310252,,,,,,,,,,
14,19.276704240472355,62.70799785292539,1.5901771336553945,2.1269457863660763,11.218464841653248,0.04696725711218465,2.2208803005904456,0.8118625872249061,,,,,,,,,,
15,18.780193236714975,57.6154052603328,1.7444981213097155,2.0933977455716586,16.29092860976919,0.04696725711218465,2.2745571658615136,1.1137949543746646,0.040257648953301126,,,,,,,,,
16,18.780193236714975,57.18599033816425,2.1269457863660763,2.0933977455716586,16.284219001610307,0.04696725711218465,2.328234031132582,1.1137949543746646,0.040257648953301126,,,,,,,,,
17,17.290660225442835,55.83735909822866,2.187332259796028,1.9390767579173376,19.216317767042405,0.013419216317767043,2.328234031132582,1.1473429951690821,0.040257648953301126,,,,,,,,,
18,13.305152979066023,54.05931293612453,3.026033279656468,1.90552871712292,19.14922168545357,0.12077294685990338,7.2933440687063875,1.06682769726248,0.07380568974771873,,,,,,,,,
19,12.701288244766506,33.23268921095008,1.90552871712292,1.8048845947396672,36.252012882447666,0.13419216317767044,7.273215244229737,6.588835212023618,0.07380568974771873,0.013419216317767043,0.020128824476650563,,,,,,,
20,9.648416532474503,32.09205582393988,1.6908212560386473,1.8048845947396672,44.10225442834138,0.18115942028985507,4.30756843800322,6.0654857756307035,0.07380568974771873,0.013419216317767043,0.020128824476650563,,,,,,,
21,8.071658615136876,27.576489533011273,2.61003757380569,1.8048845947396672,51.39559849704777,0.46967257112184646,2.0531400966183573,5.911164787976382,0.07380568974771873,0.013419216317767043,0.020128824476650563,,,,,,,
22,7.313472893183038,27.059849704777243,2.6301663982823404,1.8048845947396672,51.38217928073001,0.46967257112184646,3.6097691894793345,5.622651637144391,0.07380568974771873,0.013419216317767043,0.020128824476650563,,,,,,,
23,7.353730542136339,26.878690284487387,2.7777777777777777,1.8048845947396672,51.348631239935585,0.49651100375738055,3.6097691894793345,5.622651637144391,0.07380568974771873,0.013419216317767043,0.020128824476650563,,,,,,,
24,7.152442297369833,26.207729468599034,2.7509393451422435,1.8048845947396672,52.180622651637144,0.5636070853462157,3.5829307568438002,5.622651637144391,0.07380568974771873,0.013419216317767043,0.020128824476650563,0.026838432635534086,,,,,,
25,7.152442297369833,26.207729468599034,2.7509393451422435,1.8048845947396672,52.14036500268384,0.6038647342995169,3.5829307568438002,5.622651637144391,0.07380568974771873,0.013419216317767043,0.020128824476650563,0.026838432635534086,,,,,,
26,5.528717122920021,19.55179817498658,1.1943102522812667,1.5029522275899088,52.15378421900161,0.43612453032742887,18.250134192163177,1.2815351583467525,0.07380568974771873,0.026838432635534086,,,,,,,,
27,5.5689747718733225,19.53166935050993,1.3083735909822867,1.5029522275899088,52.03301127214171,0.43612453032742887,18.223295759527645,1.2815351583467525,0.07380568974771873,0.040257648953301126,,,,,,,,
28,5.0993022007514766,14.42565754159957,0.9796027911969941,1.5029522275899088,60.67498658078368,0.43612453032742887,16.002415458937197,0.7783145464304885,0.07380568974771873,0.026838432635534086,,,,,,,,
29,5.152979066022544,14.371980676328503,1.0735373054213635,1.5029522275899088,60.560923242082666,0.4562533548040794,16.002415458937197,0.7783145464304885,0.07380568974771873,0.026838432635534086,,,,,,,,
30,4.951690821256038,13.285024154589372,1.3150831991411702,1.4962426194310252,66.07622114868492,0.43612453032742887,11.553945249597424,0.7783145464304885,0.07380568974771873,0.03354804079441761,,,,,,,,
31,4.958400429414922,13.003220611916264,1.6103059581320451,1.4962426194310252,65.08319914117016,1.2010198604401503,11.325818572195384,1.1876006441223832,0.07380568974771873,0.06038647342995169,,,,,,,,
32,4.958400429414922,13.003220611916264,1.6103059581320451,1.4962426194310252,64.69404186795491,1.5901771336553945,11.325818572195384,1.1876006441223832,0.07380568974771873,0.06038647342995169,,,,,,,,
33,5.01207729468599,12.989801395598498,1.6438539989264627,1.0399892646269457,64.41894793344069,1.9122383252818036,10.715244229736983,2.120236178207193,0.07380568974771873,0.07380568974771873,,,,,,,,
34,5.018786902844874,12.915995705850777,1.6371443907675791,1.0399892646269457,64.170692431562,2.314814814814815,10.63472893183038,2.120236178207193,0.07380568974771873,0.07380568974771873,,,,,,,,
35,5.025496511003757,12.238325281803542,1.5297906602254427,1.0399892646269457,59.715512614063336,2.4221685453569513,16.09634997316157,1.7847557702630166,0.07380568974771873,0.07380568974771873,,,,,,,,
36,5.112721417069243,12.204777241009126,1.6841116478797638,1.288244766505636,59.31964573268921,2.462426194310252,16.002415458937197,1.778046162104133,0.07380568974771873,0.07380568974771873,,,,,,,,
37,5.146269457863661,12.198067632850242,1.6505636070853462,1.288244766505636,59.084809447128286,2.6838432635534084,15.901771336553946,1.8048845947396672,0.07380568974771873,0.16774020397208803,,,,,,,,
38,5.10601180891036,9.789318303811058,1.6103059581320451,1.288244766505636,62.07729468599034,2.7979066022544283,15.58641975308642,1.4761137949543746,0.07380568974771873,0.19457863660762212,,,,,,,,
39,5.092592592592593,9.77589908749329,1.6572732152442298,1.288244766505636,61.93639291465379,2.898550724637681,15.5126140633387,1.4962426194310252,0.07380568974771873,0.2683843263553409,,,,,,,,
40,4.8443370907139025,9.655126140633387,1.2412775093934514,2.509393451422437,66.39157273215244,2.7308105206655933,11.064143853998926,1.3016639828234031,0.07380568974771873,0.1878690284487386,,,,,,,,
41,4.911433172302737,9.614868491680086,1.2412775093934514,2.509393451422437,65.3113258185722,2.9388083735909825,11.003757380568974,2.147074610842727,0.07380568974771873,0.24825550187869028,,,,,,,,
42,4.42163177670424,9.25925925925926,1.2412775093934514,2.509393451422437,63.52657004830918,3.126677402039721,13.41250670960816,2.147074610842727,0.07380568974771873,0.2683843263553409,0.013419216317767043,,,,,,,
43,4.428341384863124,7.152442297369833,1.0601180891035964,8.3064949006978,60.39989264626946,2.952227589908749,13.378958668813741,2.006172839506173,0.03354804079441761,0.2683843263553409,0.013419216317767043,,,,,,,
44,4.367954911433173,6.91760601180891,1.093666129898014,7.890499194847021,56.25335480407944,2.7106816961889426,18.02871712292002,2.4221685453569513,0.03354804079441761,0.28180354267310787,,,,,,,,
45,3.938539989264627,5.938003220611916,1.0198604401502953,7.883789586688137,59.82286634460547,2.7241009125067097,15.98899624261943,2.38191089640365,0.03354804079441761,0.2683843263553409,,,,,,,,
46,3.9519592055823938,5.938003220611916,1.1540526033279657,7.883789586688137,58.7157809983897,3.750670960815888,15.975577026301664,2.328234031132582,0.03354804079441761,0.2683843263553409,,,,,,,,
47,3.9519592055823938,5.971551261406334,1.1741814278046163,7.883789586688137,58.59500805152979,3.8311862587224907,15.955448201825014,2.314814814814815,0.03354804079441761,0.2885131508319914,,,,,,,,
48,3.992216854535695,5.971551261406334,1.1741814278046163,7.863660762211487,58.42055823939882,4.166666666666667,15.76086956521739,2.314814814814815,0.03354804079441761,0.30193236714975846,,,,,,,,
49,4.03918411164788,5.971551261406334,1.1540526033279657,7.863660762211487,58.373590982286636,4.186795491143317,15.76086956521739,2.314814814814815,0.03354804079441761,0.30193236714975846,,,,,,,,
50,3.9720880300590444,5.971551261406334,1.1741814278046163,7.856951154052603,63.43263553408481,4.193505099302201,10.889694041867955,2.314814814814815,0.040257648953301126,0.15432098765432098,,,,,,,,
51,3.9720880300590444,5.971551261406334,1.4895330112721417,7.856951154052603,62.936124530327426,4.367954911433173,10.889694041867955,2.314814814814815,0.040257648953301126,0.15432098765432098,,,0.0067096081588835215,,,,,
52,3.8311862587224907,5.911164787976382,1.247987117552335,7.669082125603865,65.49919484702093,4.019055287171229,9.91009125067096,1.710950080515298,0.040257648953301126,0.15432098765432098,,,0.0067096081588835215,,,,,
53,3.5225442834138487,5.877616747181965,1.2144390767579174,7.669082125603865,65.43880837359099,4.562533548040794,9.802737520128824,1.710950080515298,0.040257648953301126,0.15432098765432098,,,0.0067096081588835215,,,,,
54,3.569511540526033,5.877616747181965,1.2144390767579174,10.124798711755233,65.66022544283413,2.831454643048846,8.82313472893183,1.710950080515298,0.040257648953301126,0.14761137949543746,,,,,,,,
55,3.5829307568438002,5.877616747181965,1.2010198604401503,10.124798711755233,65.61996779388083,2.85829307568438,8.82313472893183,1.7042404723564144,0.040257648953301126,0.14761137949543746,,0.020128824476650563,,,,,,
56,3.549382716049383,5.911164787976382,1.2010198604401503,10.124798711755233,65.60654857756307,2.871712292002147,8.82313472893183,1.7042404723564144,0.040257648953301126,0.14761137949543746,,0.020128824476650563,,,,,,
57,3.556092324208266,5.884326355340848,1.2278582930756843,10.037573805689748,65.41196994095544,3.0595813204508855,8.80300590445518,1.7042404723564144,0.1274825550187869,0.16774020397208803,,0.020128824476650563,,,,,,
58,3.488996242619431,5.783682232957595,1.1137949543746646,9.77589908749329,68.5654857756307,3.180354267310789,6.286902844873859,1.482823403113258,0.14090177133655393,0.13419216317767044,0.026838432635534086,0.020128824476650563,,,,,,
59,3.5292538915727323,5.783682232957595,1.1137949543746646,9.77589908749329,68.1159420289855,3.2877079978529253,6.0587761674718195,2.0263016639828235,0.1274825550187869,0.13419216317767044,0.026838432635534086,0.020128824476650563,,,,,,
60,3.589640365002684,5.783682232957595,1.3821792807300053,9.681964573268921,67.6328502415459,3.5225442834138487,6.0587761674718195,1.9793344068706387,0.1878690284487386,0.13419216317767044,0.026838432635534086,0.020128824476650563,,,,,,
61,3.260869565217391,5.226784755770263,2.985775630703167,9.681964573268921,64.25791733762749,3.44873859366613,8.789586688137414,1.9793344068706387,0.1878690284487386,0.13419216317767044,0.026838432635534086,0.020128824476650563,,,,,,
62,3.227321524422974,5.152979066022544,2.952227589908749,9.681964573268921,58.20585077831455,2.7241009125067097,16.324476650563607,1.3016639828234031,0.24154589371980675,0.14761137949543746,0.026838432635534086,0.013419216317767043,,,,,,
63,3.240740740740741,4.367954911433173,2.563070316693505,7.078636607622115,58.41384863123994,2.898550724637681,19.79334406870639,1.3016639828234031,0.16774020397208803,0.14761137949543746,,0.026838432635534086,,,,,,
64,3.2675791733762747,4.367954911433173,2.563070316693505,7.078636607622115,58.3870101986044,2.898550724637681,19.618894256575416,1.3016639828234031,0.16774020397208803,0.322061191626409,,0.026838432635534086,,,,,,
65,3.321256038647343,4.341116478797638,2.5563607085346214,7.078636607622115,57.94417606011809,3.3548040794417604,19.545088566827697,1.3016639828234031,0.16774020397208803,0.36231884057971014,,0.026838432635534086,,,,,,
66,3.3548040794417604,4.341116478797638,2.5563607085346214,6.246645195920558,54.159957058507786,3.4286097691894795,24.06736446591519,1.3016639828234031,0.15432098765432098,0.36231884057971014,,0.026838432635534086,,,,,,
67,3.374932903918411,4.341116478797638,2.5563607085346214,6.213097155126141,53.616478797638216,4.327697262479871,23.544015029522274,1.3016639828234031,0.15432098765432098,0.5434782608695652,,0.026838432635534086,,,,,,
68,3.3011272141706924,4.30756843800322,2.536231884057971,6.159420289855072,56.84380032206119,3.978797638217928,20.974235104669887,1.133923778851315,0.20799785292538917,0.5300590445517982,,0.026838432635534086,,,,,,
69,2.006172839506173,12.359098228663447,2.2745571658615136,4.314278046162104,54.64975845410628,3.978797638217928,18.773483628556093,0.8185721953837896,0.15432098765432098,0.644122383252818,,0.026838432635534086,,,,,,
70,1.2748255501878691,11.238593666129898,2.15378421900161,4.314278046162104,56.13258185721954,4.622920021470746,18.61916264090177,0.8185721953837896,0.15432098765432098,0.644122383252818,,0.026838432635534086,,,,,,
71,1.1607622114868492,11.218464841653248,2.086688137412775,4.314278046162104,61.16478797638218,3.9586688137412773,14.553140096618357,0.8990874932903918,0.11406333870101985,0.5032206119162641,,0.026838432635534086,,,,,,
72,1.2144390767579174,11.218464841653248,2.086688137412775,4.30756843800322,60.889694041867955,4.180085882984434,14.553140096618357,0.8990874932903918,0.12077294685990338,0.5032206119162641,,0.026838432635534086,,,,,,
73,1.1808910359634996,11.218464841653248,2.086688137412775,4.30756843800322,61.54723564143854,4.49543746645196,13.493022007514762,0.8990874932903918,0.12077294685990338,0.6239935587761675,,0.026838432635534086,,,,,,
74,1.2077294685990339,9.923510466988727,2.059849704777241,5.71658615136876,61.40633387010199,4.636339237788513,13.479602791196994,0.8454106280193237,0.06038647342995169,0.6374127750939346,,0.026838432635534086,,,,,,
75,1.221148684916801,9.91009125067096,2.059849704777241,5.71658615136876,61.312399355877616,4.723564143853999,13.47289318303811,0.8454106280193237,0.06038647342995169,0.6374127750939346,0.013419216317767043,0.026838432635534086,,,,,,
76,1.2144390767579174,9.91009125067096,2.059849704777241,5.615942028985507,58.541331186258724,7.501341921631776,13.47289318303811,0.8454106280193237,0.1610305958132045,0.6374127750939346,0.013419216317767043,0.026838432635534086,,,,,,
77,1.2748255501878691,9.88996242619431,2.0799785292538915,5.615942028985507,58.48094471282877,7.5348899624261945,13.439345142243694,0.8454106280193237,0.1610305958132045,0.6374127750939346,0.013419216317767043,0.026838432635534086,,,,,,
78,1.3150831991411702,9.88996242619431,2.0799785292538915,5.615942028985507,58.04482018250134,7.944176060118089,13.41250670960816,0.8454106280193237,0.1610305958132045,0.6508319914117016,0.013419216317767043,0.026838432635534086,,,,,,
79,1.3486312399355878,9.842995169082126,2.1269457863660763,5.60252281266774,57.63553408480945,8.319914117015566,13.385668276972625,0.8454106280193237,0.17444981213097155,0.6776704240472357,0.013419216317767043,0.026838432635534086,,,,,,
80,1.3486312399355878,9.842995169082126,2.536231884057971,7.300053676865271,55.58239398819109,8.454106280193237,13.211218464841654,0.8454106280193237,0.17444981213097155,0.6642512077294686,0.013419216317767043,0.026838432635534086,,,,,,
81,1.3553408480944713,9.77589908749329,2.6033279656468062,7.266505636070853,55.59581320450886,8.440687063875469,13.197799248523886,0.8454106280193237,0.2147074610842727,0.6642512077294686,0.013419216317767043,0.026838432635534086,,,,,,
82,1.2077294685990339,7.7361782071927,1.2412775093934514,7.266505636070853,62.895866881374126,7.803274288781535,10.218733225979603,0.8252818035426731,0.2147074610842727,0.5636070853462157,0.013419216317767043,0.013419216317767043,,,,,,
83,1.221148684916801,7.7361782071927,1.442565754159957,7.14573268921095,62.78180354267311,7.917337627482555,10.00402576489533,0.8252818035426731,0.2147074610842727,0.6843800322061192,0.013419216317767043,0.013419216317767043,,,,,,
84,1.288244766505636,7.709339774557166,1.4694041867954912,7.092055823939882,62.72812667740204,7.917337627482555,10.00402576489533,0.8252818035426731,0.2147074610842727,0.6843800322061192,0.013419216317767043,0.013419216317767043,,0.040257648953301126,,,,
85,1.2815351583467525,7.6556629092860975,1.8786902844873858,7.092055823939882,61.782071926999464,8.11862587224906,10.00402576489533,0.8252818035426731,0.2147074610842727,1.0534084809447128,0.013419216317767043,0.013419216317767043,,0.06709608158883522,,,,
86,1.2681159420289856,7.6556629092860975,1.8786902844873858,8.923778851315083,60.20531400966183,7.877079978529254,9.943639291465379,0.8252818035426731,0.36902844873859364,0.9594739667203436,0.013419216317767043,0.013419216317767043,,0.06709608158883522,,,,
87,1.2949543746645196,7.6556629092860975,1.90552871712292,8.890230810520666,60.01073537305421,7.9106280193236715,9.842995169082126,0.9594739667203436,0.4025764895330113,1.0332796564680622,0.013419216317767043,0.013419216317767043,,0.06709608158883522,,,,
88,1.3016639828234031,7.6556629092860975,2.0799785292538915,8.608427267847558,59.50751476113795,7.843531937734836,9.829575952764358,1.5365002683843263,0.4025764895330113,1.1674718196457328,0.013419216317767043,0.013419216317767043,,0.040257648953301126,,,,
89,1.288244766505636,7.474503488996243,2.2611379495437465,8.608427267847558,59.4873859366613,7.883789586688137,9.822866344605474,1.5365002683843263,0.4025764895330113,1.1674718196457328,0.013419216317767043,0.013419216317767043,,0.040257648953301126,,,,
90,1.2546967257112185,7.474503488996243,1.8250134192163177,8.038110574342458,62.82206119162641,5.743424584004294,9.742351046698873,1.5432098765432098,0.4025764895330113,1.1003757380568975,0.013419216317767043,0.013419216317767043,,0.026838432635534086,,,,
91,1.2681159420289856,7.440955448201825,2.395330112721417,8.031400966183575,62.38593666129898,5.689747718733226,9.742351046698873,1.5432098765432098,0.3757380568974772,1.1003757380568975,0.013419216317767043,0.013419216317767043,,,,,,
92,1.2681159420289856,7.4141170155662905,2.4221685453569513,9.078099838969404,61.198336017176594,5.837359098228664,9.722222222222221,1.5365002683843263,0.3757380568974772,1.1205045625335481,0.013419216317767043,0.013419216317767043,,,,,,
93,1.3016639828234031,7.4141170155662905,2.4221685453569513,9.078099838969404,61.09769189479334,5.904455179817498,9.681964573268921,1.5365002683843263,0.3757380568974772,1.1607622114868492,0.013419216317767043,0.013419216317767043,,,,,,
94,1.3754696725711217,7.4141170155662905,3.8311862587224907,9.05126140633387,59.75577026301664,5.904455179817498,9.4873859366613,1.5365002683843263,0.3757380568974772,1.2412775093934514,0.013419216317767043,0.013419216317767043,,,,,,
95,1.4626945786366077,5.924584004294149,3.69699409554482,11.466720343531938,58.863392377885134,6.025228126677402,9.339774557165862,1.5633387010198605,0.3488996242619431,1.2815351583467525,0.013419216317767043,0.013419216317767043,,,,,,
96,1.5029522275899088,5.917874396135265,3.69699409554482,11.439881910896403,58.682232957595275,6.1862587224906065,9.339774557165862,1.5633387010198605,0.3488996242619431,1.2815351583467525,0.013419216317767043,0.013419216317767043,0.013419216317767043,,,,,
97,1.442565754159957,5.870907139023081,2.395330112721417,11.439881910896403,63.16425120772947,5.864197530864198,6.984702093397746,1.2412775093934514,0.3488996242619431,1.1741814278046163,0.04696725711218465,0.013419216317767043,0.013419216317767043,,,,,
98,1.4761137949543746,5.870907139023081,2.3483628556092326,11.439881910896403,60.75550187869028,5.870907139023081,9.453837895866881,1.221148684916801,0.3488996242619431,1.0735373054213635,0.11406333870101985,0.013419216317767043,0.013419216317767043,,,,,
99,1.4962426194310252,5.857487922705314,2.341653247450349,11.426462694578637,60.64143853998927,5.9514224369296835,9.406870638754697,1.221148684916801,0.3757380568974772,1.1137949543746646,0.14090177133655393,0.013419216317767043,0.013419216317767043,,,,,
100,1.5029522275899088,5.857487922705314,2.3550724637681157,11.426462694578637,60.560923242082666,5.984970477724101,9.406870638754697,1.221148684916801,0.4025764895330113,1.1137949543746646,0.14090177133655393,0.013419216317767043,0.013419216317767043,,,,,
101,1.328502415458937,5.844068706387547,2.3550724637681157,11.399624261943103,55.23349436392915,5.776972624798712,15.116747181964573,1.2077294685990339,0.46296296296296297,1.1137949543746646,0.13419216317767044,0.013419216317767043,0.013419216317767043,,,,,
102,1.3754696725711217,5.837359098228664,2.3550724637681157,11.29898013955985,54.91814278046162,5.978260869565218,15.103327965646805,1.2077294685990339,0.46296296296296297,1.2681159420289856,0.16774020397208803,0.013419216317767043,0.013419216317767043,,,,,
103,1.3888888888888888,5.83064949006978,2.3483628556092326,11.29898013955985,54.41492216854536,6.521739130434782,15.049651100375739,1.2077294685990339,0.46296296296296297,1.2815351583467525,0.16774020397208803,0.013419216317767043,0.013419216317767043,,,,,
104,1.3888888888888888,5.83064949006978,2.1739130434782608,11.158078368223295,53.777509393451425,6.998121309715513,15.53274288781535,1.1943102522812667,0.46296296296296297,1.2412775093934514,0.15432098765432098,0.013419216317767043,0.013419216317767043,0.06038647342995169,,,,
105,1.442565754159957,5.83064949006978,2.1739130434782608,11.07085346215781,53.6634460547504,7.118894256575416,15.4723564143854,1.1943102522812667,0.5501878690284487,1.2412775093934514,0.15432098765432098,0.013419216317767043,0.013419216317767043,0.06038647342995169,,,,
106,1.4224369296833066,4.072732152442297,2.3349436392914655,11.037305421363392,52.10010735373054,7.212828770799785,17.310789049919485,2.4154589371980677,0.5501878690284487,1.3083735909822867,0.15432098765432098,0.013419216317767043,0.013419216317767043,0.05367686527106817,,,,
107,1.442565754159957,4.045893719806763,2.563070316693505,10.997047772410092,51.388888888888886,7.716049382716049,17.28395061728395,2.4154589371980677,0.5501878690284487,1.328502415458937,0.1878690284487386,0.013419216317767043,0.013419216317767043,0.05367686527106817,,,,
108,1.4090177133655395,3.9519592055823938,2.4691358024691357,10.970209339774557,50.16774020397209,7.96430488459474,18.511808910359633,2.4221685453569513,0.5233494363929146,1.3486312399355878,0.18115942028985507,0.013419216317767043,0.013419216317767043,0.05367686527106817,,,,
109,1.42914653784219,2.187332259796028,2.3550724637681157,10.48040794417606,50.0402576489533,8.09849704777241,20.853462157809982,2.4221685453569513,0.5233494363929146,1.3486312399355878,0.18115942028985507,0.013419216317767043,0.013419216317767043,0.05367686527106817,,,,
110,1.42914653784219,2.187332259796028,2.3550724637681157,10.466988727858293,49.785292538915726,8.635265700483092,20.611916264090176,2.4020397208803006,0.5233494363929146,1.3486312399355878,0.17444981213097155,0.013419216317767043,0.013419216317767043,0.05367686527106817,,,,
111,1.42914653784219,2.167203435319377,2.227589908749329,11.312399355877616,49.39613526570049,8.635265700483092,20.014761137949545,2.3886205045625335,0.47638217928073,1.6975308641975309,0.17444981213097155,0.013419216317767043,0.013419216317767043,0.05367686527106817,,,,
112,1.482823403113258,2.167203435319377,2.214170692431562,11.312399355877616,49.282071926999464,8.695652173913043,20.014761137949545,2.3886205045625335,0.47638217928073,1.6975308641975309,0.17444981213097155,0.013419216317767043,0.013419216317767043,0.06709608158883522,,,,
113,1.5365002683843263,2.167203435319377,2.1739130434782608,11.379495437466453,49.19484702093398,8.454106280193237,19.98792270531401,2.636876006441224,0.47638217928073,1.724369296833065,0.17444981213097155,0.013419216317767043,0.013419216317767043,0.06709608158883522,,,,
114,1.6438539989264627,2.167203435319377,2.1739130434782608,11.379495437466453,48.631239935587764,8.407139023081053,19.961084272678477,3.166935050993022,0.47638217928073,1.7176596886741815,0.18115942028985507,0.013419216317767043,0.013419216317767043,0.06709608158883522,,,,
115,1.7176596886741815,2.15378421900161,2.167203435319377,11.372785829307569,48.148148148148145,8.756038647342995,19.94766505636071,3.180354267310789,0.47638217928073,1.8048845947396672,0.18115942028985507,0.013419216317767043,0.013419216317767043,0.06709608158883522,,,,
116,1.724369296833065,2.15378421900161,2.5563607085346214,11.3191089640365,47.89318303811057,8.715780998389693,19.90740740740741,3.0595813204508855,0.5300590445517982,1.8451422436929683,0.18115942028985507,0.03354804079441761,0.013419216317767043,0.06709608158883522,,,,
117,1.583467525496511,2.15378421900161,1.9793344068706387,10.7085346215781,48.490338164251206,7.997852925389157,21.692163177670423,2.8381642512077296,0.5300590445517982,1.7310789049919484,0.18115942028985507,0.03354804079441761,0.013419216317767043,0.06709608158883522,,,,
118,1.583467525496511,2.15378421900161,1.9994632313472893,10.34621578099839,48.148148148148145,8.293075684380032,21.584809447128286,3.2004830917874396,0.6776704240472357,1.7176596886741815,0.18115942028985507,0.03354804079441761,0.013419216317767043,0.06709608158883522,,,,
119,1.6035963499731616,2.15378421900161,1.9994632313472893,10.34621578099839,48.04079441760601,8.400429414922169,21.477455716586153,3.2004830917874396,0.6776704240472357,1.8048845947396672,0.18115942028985507,0.03354804079441761,0.013419216317767043,0.06709608158883522,,,,
120,1.6841116478797638,2.15378421900161,1.9994632313472893,10.319377348362856,47.839506172839506,8.313204508856682,21.423778851315085,3.5829307568438002,0.6776704240472357,1.710950080515298,0.18115942028985507,0.03354804079441761,0.013419216317767043,0.06709608158883522,,,,
121,1.6841116478797638,2.100107353730542,2.1739130434782608,10.205314009661835,47.30944712828771,8.903650026838433,21.40365002683843,3.5829307568438002,0.6709608158883521,1.6841116478797638,0.18115942028985507,0.03354804079441761,0.013419216317767043,0.05367686527106817,,,,
122,1.6639828234031133,2.100107353730542,2.4221685453569513,10.205314009661835,44.33038110574343,8.668813741277509,24.396135265700483,3.5426731078904994,0.6709608158883521,1.7176596886741815,0.18115942028985507,0.03354804079441761,0.013419216317767043,0.05367686527106817,,,,
123,1.6438539989264627,2.0933977455716586,2.4154589371980677,10.144927536231885,44.316961889425656,8.977455716586151,24.194847020933977,3.5426731078904994,0.6709608158883521,1.7176596886741815,0.18115942028985507,0.03354804079441761,0.013419216317767043,0.05367686527106817,,,,
124,1.6639828234031133,2.0665593129361244,2.7106816961889426,10.104669887278583,43.81374127750939,8.796296296296296,24.16129898013956,3.978797638217928,0.6709608158883521,1.7176596886741815,0.18115942028985507,0.03354804079441761,0.013419216317767043,0.08722490606548577,,,,
125,0.2616747181964573,78.43531937734836,0.9460547504025765,5.622651637144391,6.78341384863124,1.2278582930756843,4.8443370907139025,0.8252818035426731,0.27509393451422437,0.7380568974771873,0.0067096081588835215,,,0.03354804079441761,,,,
126,0.35560923242082665,78.2139023081052,1.1003757380568975,5.562265163714439,6.78341384863124,1.2278582930756843,4.8443370907139025,0.8252818035426731,0.30864197530864196,0.7380568974771873,0.0067096081588835215,,,0.03354804079441761,,,,
127,0.3488996242619431,64.9422973698336,14.029790660225443,5.535426731078905,6.78341384863124,1.2278582930756843,4.85775630703167,0.8252818035426731,0.33548040794417605,0.7380568974771873,0.0067096081588835215,0.33548040794417605,,0.03354804079441761,,,,
128,0.3757380568974772,64.83494363929147,14.023081052066559,5.522007514761138,6.723027375201288,1.328502415458937,4.85775630703167,0.8252818035426731,0.33548040794417605,0.7380568974771873,0.0067096081588835215,0.33548040794417605,,0.0939345142243693,,,,
129,0.4092860976918948,62.848899624261946,15.98899624261943,5.522007514761138,6.723027375201288,1.3150831991411702,4.85775630703167,0.8252818035426731,0.33548040794417605,0.7380568974771873,0.0067096081588835215,0.33548040794417605,,0.0939345142243693,,,,
130,0.4092860976918948,59.76247987117552,15.821256038647343,3.4017713365539453,6.347289318303811,1.2010198604401503,11.265432098765432,0.7447665056360708,0.2147074610842727,0.4025764895330113,,0.33548040794417605,,0.0939345142243693,,,,
131,0.43612453032742887,59.68867418142781,15.868223295759528,3.3950617283950617,6.3137412775093935,1.2345679012345678,11.258722490606548,0.7447665056360708,0.2281266774020397,0.4025764895330113,,0.33548040794417605,,0.0939345142243693,,,,
132,0.4495437466451959,55.73671497584541,19.806763285024154,3.421900161030596,6.3137412775093935,1.221148684916801,11.252012882447666,0.7246376811594203,0.2281266774020397,0.4025764895330113,0.013419216317767043,0.33548040794417605,,0.0939345142243693,,,,
133,0.4830917874396135,55.66961889425657,19.840311325818572,3.421900161030596,6.3137412775093935,1.221148684916801,11.252012882447666,0.7246376811594203,0.2281266774020397,0.4025764895330113,0.013419216317767043,0.33548040794417605,,0.0939345142243693,,,,
134,0.5166398282340311,55.62265163714439,19.887278582930758,3.421900161030596,6.280193236714976,1.3083735909822867,11.16478797638218,0.7246376811594203,0.2281266774020397,0.4025764895330113,0.013419216317767043,0.33548040794417605,,0.0939345142243693,,,,
135,0.5300590445517982,55.562265163714436,19.900697799248523,3.421900161030596,6.239935587761675,1.3486312399355878,10.983628556092324,0.7246376811594203,0.2281266774020397,0.5837359098228664,0.013419216317767043,0.33548040794417605,,0.1274825550187869,,,,
136,0.5367686527106817,55.49516908212561,19.867149758454108,3.388352120236178,6.1862587224906065,1.2815351583467525,10.72866344605475,0.9594739667203436,0.24154589371980675,0.8387010198604401,0.013419216317767043,0.33548040794417605,,0.1274825550187869,,,,
137,0.5434782608695652,55.475040257648956,19.880568974771872,3.388352120236178,6.1862587224906065,1.2815351583467525,10.715244229736983,0.9594739667203436,0.24154589371980675,0.8521202361782072,0.013419216317767043,0.33548040794417605,,0.1274825550187869,,,,
138,0.5233494363929146,55.3743961352657,20.001341921631777,3.388352120236178,6.159420289855072,1.3083735909822867,10.715244229736983,0.9594739667203436,0.24154589371980675,0.8521202361782072,0.013419216317767043,0.33548040794417605,,0.1274825550187869,,,,
139,0.5434782608695652,55.23349436392915,20.12211486849168,3.388352120236178,6.146001073537305,1.3217928073000538,10.581052066559312,0.9594739667203436,0.24154589371980675,0.9863123993558777,0.013419216317767043,0.33548040794417605,,0.1274825550187869,,,,
140,0.5904455179817498,55.112721417069245,19.786634460547504,3.388352120236178,6.146001073537305,1.3083735909822867,10.560923242082662,1.3553408480944713,0.24154589371980675,1.0064412238325282,0.013419216317767043,0.33548040794417605,,0.15432098765432098,,,,
141,0.630703166935051,54.69672571121846,19.77992485238862,3.81105743424584,6.146001073537305,1.2681159420289856,10.560923242082662,1.3553408480944713,0.24154589371980675,1.0064412238325282,0.013419216317767043,0.33548040794417605,,0.15432098765432098,,,,
142,0.644122383252818,54.51556629092861,19.860440150295222,3.81105743424584,6.132581857219538,1.3687600644122384,10.473698336017177,1.442565754159957,0.24154589371980675,1.0064412238325282,0.013419216317767043,0.33548040794417605,,0.15432098765432098,,,,
143,0.6642512077294686,54.40150295222759,19.82018250134192,3.81105743424584,6.132581857219538,1.3687600644122384,10.473698336017177,1.442565754159957,0.3757380568974772,1.0064412238325282,0.013419216317767043,0.33548040794417605,,0.15432098765432098,,,,
144,0.7313472893183038,54.2740203972088,19.880568974771872,3.81105743424584,6.005099302200751,1.4559849704777241,9.836285560923242,2.100107353730542,0.3757380568974772,0.9997316156736447,0.013419216317767043,0.33548040794417605,,0.18115942028985507,,,,
145,0.7783145464304885,53.7037037037037,20.417337627482556,3.81105743424584,5.991680085882985,1.4559849704777241,9.836285560923242,2.100107353730542,0.3757380568974772,0.9997316156736447,0.013419216317767043,0.33548040794417605,,0.18115942028985507,,,,
146,0.8185721953837896,53.52254428341385,20.558239398819108,3.81105743424584,5.991680085882985,1.4694041867954912,9.836285560923242,2.100107353730542,0.3757380568974772,0.9997316156736447,,0.33548040794417605,,0.18115942028985507,,,,
147,0.8454106280193237,53.153515834675254,20.90042941492217,3.81105743424584,5.810520665593129,1.6505636070853462,9.829575952764358,2.100107353730542,0.38915727321524424,0.9930220075147611,,0.33548040794417605,,0.18115942028985507,,,,
148,0.9259259259259259,52.663714439076756,20.819914117015568,3.81105743424584,5.609232420826624,2.2410091250670963,9.829575952764358,2.100107353730542,0.38915727321524424,0.9930220075147611,0.1274825550187869,0.33548040794417605,,0.15432098765432098,,,,
149,0.6977992485238862,45.52469135802469,21.095008051529792,12.526838432635534,3.6366076221148687,2.442297369833602,9.829575952764358,2.13365539452496,0.38915727321524424,0.9930220075147611,0.1274825550187869,0.33548040794417605,,0.2683843263553409,,,,
150,0.7380568974771873,45.450885668276975,21.135265700483092,12.526838432635534,3.6097691894793345,2.442297369833602,9.829575952764358,2.1135265700483092,0.38915727321524424,0.9930220075147611,0.16774020397208803,0.33548040794417605,,0.2683843263553409,,,,
151,0.7380568974771873,45.450885668276975,21.108427267847556,12.526838432635534,3.556092324208266,2.49597423510467,9.829575952764358,2.1135265700483092,0.38915727321524424,0.9930220075147611,0.16774020397208803,0.33548040794417605,,0.2952227589908749,,,,
152,0.7447665056360708,45.390499194847024,21.108427267847556,12.5,3.556092324208266,2.49597423510467,9.822866344605474,2.1135265700483092,0.47638217928073,0.9930220075147611,0.16774020397208803,0.33548040794417605,,0.2952227589908749,,,,
153,0.7447665056360708,45.3569511540526,20.819914117015568,12.466451959205582,3.556092324208266,2.5697799248523885,9.762479871175524,2.1135265700483092,0.798443370907139,1.0131508319914118,0.16774020397208803,0.33548040794417605,,0.2952227589908749,,,,
154,0.7581857219538379,45.30327428878154,20.860171765968868,12.466451959205582,3.556092324208266,2.5697799248523885,9.762479871175524,2.1135265700483092,0.798443370907139,1.0131508319914118,0.16774020397208803,0.33548040794417605,,0.2952227589908749,,,,
155,0.7716049382716049,45.289855072463766,20.8467525496511,12.466451959205582,3.556092324208266,2.5697799248523885,9.762479871175524,2.1135265700483092,0.798443370907139,1.0131508319914118,0.16774020397208803,0.33548040794417605,,0.30864197530864196,,,,
156,0.8051529790660226,44.99463231347289,20.7662372517445,12.365807836822329,3.556092324208266,2.5697799248523885,9.73564143853999,2.623456790123457,0.8990874932903918,1.0332796564680622,0.16774020397208803,0.17444981213097155,,0.30864197530864196,,,,
157,0.8252818035426731,44.96108427267848,20.7662372517445,12.305421363392378,3.556092324208266,2.5697799248523885,9.4873859366613,2.623456790123457,0.9594739667203436,1.2815351583467525,0.16774020397208803,0.17444981213097155,,0.322061191626409,,,,
158,0.8185721953837896,44.71282877079979,21.048040794417606,12.265163714439076,3.556092324208266,2.5697799248523885,9.473966720343531,2.623456790123457,0.9863123993558777,1.2815351583467525,0.16774020397208803,0.17444981213097155,,0.322061191626409,,,,
159,0.8051529790660226,44.22973698336017,21.880032206119164,12.265163714439076,3.556092324208266,2.5697799248523885,9.004294149221685,2.791196994095545,0.9863123993558777,1.247987117552335,0.16774020397208803,0.17444981213097155,,0.322061191626409,,,,
160,0.7783145464304885,44.03515834675255,22.061191626409016,12.25174449812131,3.556092324208266,2.563070316693505,8.970746108427267,2.7979066022544283,0.9863123993558777,1.2815351583467525,0.2214170692431562,0.17444981213097155,,0.322061191626409,,,,
161,0.8252818035426731,43.39103596349973,21.91358024691358,14.029790660225443,3.5091250670960816,2.5429414922168547,8.259527643585615,2.522812667740204,1.0534084809447128,1.1540526033279657,0.30193236714975846,0.17444981213097155,,0.322061191626409,,,,
162,0.8252818035426731,43.37761674718197,21.926999463231347,13.747987117552334,3.5091250670960816,2.5429414922168547,8.259527643585615,2.804616210413312,1.0534084809447128,1.1540526033279657,0.30193236714975846,0.17444981213097155,,0.322061191626409,,,,
163,0.8588298443370908,43.344068706387546,21.926999463231347,13.633923778851315,3.5091250670960816,2.5429414922168547,8.259527643585615,2.804616210413312,1.1406333870101986,1.1808910359634996,0.30193236714975846,0.17444981213097155,,0.322061191626409,,,,
164,0.8588298443370908,43.022007514761135,22.10144927536232,13.573537305421363,3.5091250670960816,2.5161030595813205,8.259527643585615,2.804616210413312,1.2278582930756843,1.1808910359634996,0.30193236714975846,0.17444981213097155,,0.46967257112184646,,,,
165,0.8990874932903918,42.975040257648956,22.114868491680085,13.573537305421363,3.475577026301664,2.1068169618894257,8.21256038647343,3.2541599570585076,1.2278582930756843,1.2144390767579174,0.30193236714975846,0.17444981213097155,,0.46967257112184646,,,,
166,0.9796027911969941,42.94820182501342,22.088030059044552,13.499731615673644,3.475577026301664,2.1068169618894257,8.21256038647343,3.227321524422974,1.3016639828234031,1.2144390767579174,0.30193236714975846,0.17444981213097155,,0.46967257112184646,,,,
167,1.0131508319914118,42.941492216854535,22.094739667203434,13.466183574879228,3.475577026301664,2.1068169618894257,8.132045088566828,3.227321524422974,1.3016639828234031,1.2949543746645196,0.30193236714975846,0.17444981213097155,,0.46967257112184646,,,,
168,1.0534084809447128,42.37788513150832,22.550993022007514,13.466183574879228,3.475577026301664,2.1068169618894257,8.105206655931294,3.307836822329576,1.3016639828234031,1.2949543746645196,0.30193236714975846,0.17444981213097155,,0.4830917874396135,,,,
169,1.1272141706924315,41.86124530327429,22.77241009125067,13.372249060654857,3.455448201825013,2.6033279656468062,8.044820182501342,2.945517981749866,1.328502415458937,1.2681159420289856,0.30193236714975846,0.17444981213097155,0.0067096081588835215,0.7380568974771873,,,,
170,1.1406333870101986,41.8545356951154,22.745571658615138,12.929414922168545,3.455448201825013,2.6033279656468062,8.044820182501342,2.945517981749866,1.328502415458937,1.6639828234031133,0.33548040794417605,0.20799785292538917,0.0067096081588835215,0.7380568974771873,,,,
171,1.1607622114868492,41.4922168545357,22.852925389157274,12.889157273215245,3.455448201825013,2.6033279656468062,8.044820182501342,2.9388083735909825,1.3553408480944713,1.6841116478797638,0.5703166935050993,0.20799785292538917,0.0067096081588835215,0.7380568974771873,,,,
172,1.1674718196457328,41.38486312399356,22.893183038110575,12.915995705850777,3.44873859366613,2.576489533011272,8.017981749865807,2.9388083735909825,1.3821792807300053,1.737788513150832,0.5703166935050993,0.20799785292538917,0.0067096081588835215,0.7514761137949544,,,,
173,1.2546967257112185,41.36473429951691,22.879763821792807,12.915995705850777,3.44873859366613,2.576489533011272,7.957595276435856,2.9388083735909825,1.3888888888888888,1.751207729468599,0.5703166935050993,0.20799785292538917,0.0067096081588835215,0.7380568974771873,,,,
174,1.2815351583467525,41.317767042404725,22.839506172839506,12.902576489533011,3.44873859366613,2.5697799248523885,7.957595276435856,2.9388083735909825,1.402308105206656,1.778046162104133,0.6105743424584005,0.20799785292538917,0.0067096081588835215,0.7380568974771873,,,,
