,45,50,51,53,52,54,55,56
0,100.0,,,,,,,
1,100.0,,,,,,,
2,100.0,,,,,,,
3,100.0,,,,,,,
4,100.0,,,,,,,
5,92.4315619967794,7.568438003220612,,,,,,
6,87.48658078368223,12.513419216317766,,,,,,
7,87.48658078368223,12.513419216317766,,,,,,
8,84.3666129898014,15.633387010198604,,,,,,
9,79.34782608695652,20.652173913043477,,,,,,
10,79.36124530327429,20.638754696725712,,,,,,
11,75.52334943639292,24.476650563607084,,,,,,
12,75.05367686527107,24.060654857756308,0.8856682769726248,,,,,
13,73.73188405797102,25.328770799785293,0.8856682769726248,0.05367686527106817,,,,
14,66.83440687063876,32.22624798711755,0.8856682769726248,0.05367686527106817,,,,
15,63.41250670960816,35.648148148148145,0.8856682769726248,0.05367686527106817,,,,
16,61.3593666129898,37.7012882447665,0.8856682769726248,0.05367686527106817,,,,
17,60.08454106280193,35.53408480944713,4.327697262479871,0.05367686527106817,,,,
18,60.08454106280193,35.53408480944713,4.327697262479871,0.05367686527106817,,,,
19,60.0979602791197,35.41331186258722,4.327697262479871,0.05367686527106817,0.10735373054213634,,,
20,60.11137949543747,34.96376811594203,4.327697262479871,0.48980139559849706,0.10735373054213634,,,
21,58.16559312936125,31.749865807836823,9.4873859366613,0.48980139559849706,0.10735373054213634,,,
22,58.20585077831455,31.743156199677937,9.453837895866881,0.48980139559849706,0.10735373054213634,,,
23,54.36795491143317,35.601180891035966,9.433709071390231,0.48980139559849706,0.10735373054213634,,,
24,54.34782608695652,35.48040794417606,9.574610842726784,0.48980139559849706,0.10735373054213634,,,
25,53.64331723027375,38.27160493827161,7.48792270531401,0.48980139559849706,0.10735373054213634,,,
26,53.67015566290929,38.24476650563607,7.48792270531401,0.48980139559849706,0.10735373054213634,,,
27,51.67740203972088,40.06977992485239,7.48792270531401,0.6575415995705851,0.10735373054213634,,,
28,51.29495437466452,40.41867954911433,7.380568974771873,0.798443370907139,0.10735373054213634,,,
29,51.31508319914117,40.405260332796566,7.37385936661299,0.798443370907139,0.10735373054213634,,,
30,51.31508319914117,40.405260332796566,7.37385936661299,0.798443370907139,0.10735373054213634,,,
31,51.41572732152442,40.19055287171229,7.360440150295223,0.9259259259259259,0.10735373054213634,,,
32,51.54320987654321,39.2914653784219,7.300053676865271,0.9259259259259259,0.9393451422436929,,,
33,49.16129898013956,41.44524959742351,7.212828770799785,1.261406333870102,0.9192163177670424,,,
34,48.55072463768116,40.49248523886205,8.776167471819646,1.261406333870102,0.9192163177670424,,,
35,48.57756307031669,40.465646806226516,8.776167471819646,1.261406333870102,0.9192163177670424,,,
36,48.107890499194845,39.20424047235642,10.923242082662373,0.8454106280193237,0.9192163177670424,,,
37,42.62614063338701,46.524422973698336,9.205582393988191,0.8319914117015567,0.8118625872249061,,,
38,42.652979066022546,46.4975845410628,9.205582393988191,0.8319914117015567,0.8118625872249061,,,
39,42.09608158883521,47.44363929146538,9.205582393988191,0.8319914117015567,0.4227053140096618,,,
40,42.210144927536234,47.38996242619431,9.145195920558239,0.8319914117015567,0.4227053140096618,,,
41,42.250402576489535,46.59822866344606,9.118357487922705,0.8319914117015567,0.4227053140096618,0.7783145464304885,,
42,41.5727321524423,45.05501878690284,10.93666129898014,0.8319914117015567,0.8252818035426731,0.7783145464304885,,
43,41.337895866881375,44.880568974771876,9.212292002147075,0.8319914117015567,2.9589371980676327,0.7783145464304885,,
44,41.38486312399356,44.840311325818575,9.205582393988191,0.8319914117015567,2.9589371980676327,0.7783145464304885,,
45,40.324745034889965,45.74610842726785,9.205582393988191,0.9863123993558777,2.9589371980676327,0.7783145464304885,,
46,40.58641975308642,45.48443370907139,9.205582393988191,0.9863123993558777,2.9589371980676327,0.7783145464304885,,
47,40.47906602254428,42.80730005367686,8.715780998389693,4.260601180891036,2.9589371980676327,0.7783145464304885,,
48,40.52603327965647,42.76704240472356,8.715780998389693,4.253891572732153,2.9589371980676327,0.7783145464304885,,
49,40.62667740203972,42.53891572732152,8.460815888352121,4.253891572732153,2.9589371980676327,0.9393451422436929,0.2214170692431562,
50,40.727321524422976,42.45840042941492,8.460815888352121,4.233762748255502,2.9589371980676327,0.9393451422436929,0.2214170692431562,
51,40.74074074074074,42.44498121309716,8.460815888352121,4.233762748255502,2.9589371980676327,0.9393451422436929,0.2214170692431562,
52,40.76757917337628,42.43156199677939,8.447396672034353,4.233762748255502,2.9589371980676327,0.9393451422436929,0.2214170692431562,
53,40.82796564680623,42.371175523349436,8.447396672034353,4.233762748255502,2.9589371980676327,0.9393451422436929,0.2214170692431562,
54,39.23778851315083,43.53193773483628,11.285560923242082,1.8317230273752012,2.9589371980676327,0.9326355340848095,0.2214170692431562,
55,39.26462694578637,43.43800322061192,11.258722490606548,1.8317230273752012,2.9589371980676327,0.9326355340848095,0.3153515834675255,
56,39.27133655394525,43.29710144927536,11.258722490606548,1.8317230273752012,2.9589371980676327,1.06682769726248,0.3153515834675255,
57,39.27133655394525,43.29710144927536,11.258722490606548,1.8317230273752012,2.9589371980676327,1.06682769726248,0.3153515834675255,
58,39.36527106816962,43.203166935050994,11.258722490606548,1.8317230273752012,2.9589371980676327,1.06682769726248,0.3153515834675255,
59,39.378690284487384,43.18974771873322,11.258722490606548,1.8317230273752012,2.9589371980676327,1.06682769726248,0.3153515834675255,
60,39.47933440687064,43.14949006977992,11.231884057971014,1.7981749865807837,2.9589371980676327,1.06682769726248,0.3153515834675255,
61,39.53301127214171,43.12265163714439,11.20504562533548,1.7981749865807837,2.9589371980676327,1.06682769726248,0.3153515834675255,
62,39.56655931293612,43.12265163714439,11.191626409017713,1.7981749865807837,2.9589371980676327,1.0466988727858293,0.3153515834675255,
63,39.680622651637144,42.99516908212561,11.064143853998926,1.9390767579173376,2.9589371980676327,1.0466988727858293,0.3153515834675255,
64,39.331723027375205,43.25684380032206,11.037305421363392,1.7981749865807837,3.2139023081052067,1.0466988727858293,0.3153515834675255,
65,39.231078904991946,42.17659688674181,11.037305421363392,1.7981749865807837,4.394793344068707,1.0466988727858293,0.3153515834675255,
66,39.27804616210413,42.16317767042405,11.003757380568974,1.7981749865807837,4.394793344068707,1.0466988727858293,0.3153515834675255,
67,38.137412775093935,39.821524422973695,14.486044015029522,1.7981749865807837,4.394793344068707,1.0466988727858293,0.3153515834675255,
68,37.996511003757384,37.98309178743961,14.439076757917338,2.61003757380569,5.428073000536768,1.0466988727858293,0.49651100375738055,
69,38.077026301663984,37.915995705850776,14.439076757917338,2.5966183574879227,5.428073000536768,1.0466988727858293,0.49651100375738055,
70,38.13070316693505,37.734836285560924,14.439076757917338,2.9388083735909825,5.072463768115942,1.107085346215781,0.5770263016639828,
71,38.197799248523886,37.67444981213097,14.432367149758454,2.9388083735909825,5.072463768115942,1.107085346215781,0.5770263016639828,
72,38.47289318303811,37.47987117552335,14.412238325281804,2.932098765432099,5.032206119162641,1.093666129898014,0.5770263016639828,
73,38.479602791196996,37.473161567364464,14.412238325281804,2.932098765432099,5.032206119162641,1.093666129898014,0.5770263016639828,
74,38.539989264626946,37.4597423510467,14.36527106816962,2.932098765432099,5.032206119162641,1.093666129898014,0.5770263016639828,
75,37.9898013955985,37.204777241009126,15.74074074074074,2.38191089640365,5.01207729468599,1.093666129898014,0.5770263016639828,
76,38.05018786902845,37.144390767579175,15.74074074074074,2.38191089640365,5.01207729468599,1.093666129898014,0.5770263016639828,
77,37.432903918411164,35.44685990338164,18.12265163714439,2.314814814814815,5.01207729468599,1.093666129898014,0.5770263016639828,
78,36.111111111111114,36.7686527106817,18.12265163714439,2.314814814814815,5.01207729468599,1.093666129898014,0.5770263016639828,
79,34.72222222222222,35.47369833601718,21.69887278582931,2.314814814814815,4.119699409554482,1.093666129898014,0.5770263016639828,
80,34.66183574879227,35.68169618894257,21.55126140633387,2.314814814814815,4.119699409554482,1.093666129898014,0.5770263016639828,
81,34.70880300590446,35.64143853998927,21.55126140633387,2.314814814814815,4.1129898013955986,1.093666129898014,0.5770263016639828,
82,34.80944712828771,35.57434245840043,21.524422973698336,2.314814814814815,4.1129898013955986,1.0869565217391304,0.5770263016639828,
83,33.373590982286636,38.056897477187334,21.470746108427267,2.3081052066559313,3.126677402039721,1.0869565217391304,0.5770263016639828,
84,33.46081588835212,36.312399355877616,23.839237788513152,2.120236178207193,2.536231884057971,0.9460547504025765,0.785024154589372,
85,33.46081588835212,36.312399355877616,23.839237788513152,2.120236178207193,2.536231884057971,0.9460547504025765,0.785024154589372,
86,33.25952764358561,36.29898013955985,23.805689747718734,2.408749329039184,2.536231884057971,0.9460547504025765,0.7447665056360708,
87,33.2259796027912,36.35265700483092,23.792270531400966,2.408749329039184,2.5295222758990876,0.9460547504025765,0.7447665056360708,
88,33.40713902308105,36.211755233494365,23.752012882447666,2.408749329039184,2.5295222758990876,0.9460547504025765,0.7447665056360708,
89,33.58829844337091,36.16478797638218,23.617820719269993,2.408749329039184,2.5295222758990876,0.9460547504025765,0.7447665056360708,
90,33.722490606548575,36.12453032742888,23.523886205045624,2.408749329039184,2.5295222758990876,0.9460547504025765,0.7447665056360708,
91,33.81642512077295,36.030595813204506,23.523886205045624,2.408749329039184,2.5295222758990876,0.9460547504025765,0.7447665056360708,
92,32.46779388083736,39.009661835748794,22.490606548577563,2.4020397208803006,2.4221685453569513,0.3488996242619431,0.8588298443370908,
93,32.54830917874396,38.90230810520666,22.470477724100913,2.4020397208803006,2.4154589371980677,0.3488996242619431,0.9125067096081588,
94,32.648953301127214,38.89559849704777,22.383252818035427,2.395330112721417,2.4154589371980677,0.3488996242619431,0.9125067096081588,
95,32.648953301127214,38.727858293075684,22.383252818035427,2.395330112721417,2.4154589371980677,0.3488996242619431,1.0802469135802468,
96,32.84353193773484,38.707729468599034,22.262479871175522,2.395330112721417,2.3617820719269993,0.3488996242619431,1.0802469135802468,
97,31.166129898013956,41.196994095544824,22.34970477724101,2.24771873322598,1.8988191089640365,0.3488996242619431,0.7917337627482555,
98,31.09903381642512,39.65378421900161,20.652173913043477,2.2410091250670963,5.213365539452496,0.3488996242619431,0.7917337627482555,
99,31.239935587761675,39.52630166398282,20.652173913043477,2.2410091250670963,5.199946323134729,0.3488996242619431,0.7917337627482555,
100,31.374127750939344,39.49946323134729,20.611916264090176,2.2410091250670963,5.132850241545894,0.3488996242619431,0.7917337627482555,
101,30.67632850241546,40.19726247987118,20.611916264090176,2.2410091250670963,5.132850241545894,0.3488996242619431,0.7917337627482555,
102,26.37546967257112,31.82367149758454,33.400429414922165,2.2208803005904456,5.132850241545894,0.3488996242619431,0.6977992485238862,
103,26.442565754159958,31.82367149758454,33.333333333333336,2.2208803005904456,5.132850241545894,0.3488996242619431,0.6977992485238862,
104,26.442565754159958,31.776704240472355,33.293075684380035,2.2208803005904456,5.132850241545894,0.3488996242619431,0.785024154589372,
105,26.442565754159958,31.776704240472355,33.293075684380035,2.2208803005904456,5.132850241545894,0.3488996242619431,0.785024154589372,
106,26.7512077294686,30.46833064949007,32.23966720343532,2.2208803005904456,7.105475040257649,0.3488996242619431,0.8655394524959742,
107,26.80488459473967,30.46833064949007,32.18599033816425,2.2208803005904456,7.105475040257649,0.3488996242619431,0.8655394524959742,
108,26.85185185185185,30.461621041331185,32.038378958668815,2.2208803005904456,7.105475040257649,0.3488996242619431,0.9728931830381106,
109,26.96591519055287,30.320719269994633,31.97128287707998,2.2208803005904456,7.199409554482019,0.3488996242619431,0.9728931830381106,
110,27.140365002683843,30.273752012882447,31.89747718733226,2.167203435319377,7.199409554482019,0.3488996242619431,0.9728931830381106,
111,26.85185185185185,30.233494363929147,32.29334406870639,2.100107353730542,7.199409554482019,0.3488996242619431,0.9728931830381106,
112,26.992753623188406,30.12614063338701,31.99141170155663,2.100107353730542,7.1658615136876005,0.3488996242619431,1.2748255501878691,
113,27.01959205582394,30.112721417069242,31.97799248523886,2.100107353730542,7.1658615136876005,0.3488996242619431,1.2748255501878691,
114,26.778046162104133,30.35426731078905,31.97799248523886,2.100107353730542,7.1658615136876005,0.3488996242619431,1.2748255501878691,
115,26.918947933440688,30.314009661835748,31.816961889425656,2.100107353730542,7.125603864734299,0.4495437466451959,1.2748255501878691,
116,27.012882447665056,30.280461621041333,31.78341384863124,2.073268921095008,7.125603864734299,0.4495437466451959,1.2748255501878691,
117,27.01959205582394,30.273752012882447,31.78341384863124,2.073268921095008,7.125603864734299,0.4495437466451959,1.2748255501878691,
118,24.402844873859365,27.361782071927,39.418947933440684,2.073268921095008,5.267042404723564,0.4495437466451959,1.0265700483091786,
119,24.4296833064949,27.34836285560923,39.418947933440684,2.059849704777241,5.267042404723564,0.4495437466451959,1.0265700483091786,
120,24.46323134728932,27.34836285560923,39.38539989264627,2.059849704777241,5.267042404723564,0.4495437466451959,1.0265700483091786,
121,24.54374664519592,27.34836285560923,39.30488459473967,2.059849704777241,5.267042404723564,0.4495437466451959,1.0265700483091786,
122,22.779119699409556,30.60252281266774,37.915995705850776,1.9592055823939882,5.267042404723564,0.4495437466451959,1.0265700483091786,
123,18.572195383789587,35.61460010735373,37.35238862050456,1.9592055823939882,5.025496511003757,0.4495437466451959,1.0265700483091786,
124,18.69296833064949,35.61460010735373,37.23161567364466,1.9592055823939882,5.025496511003757,0.4495437466451959,1.0265700483091786,
125,18.773483628556093,35.57434245840043,37.19135802469136,1.9592055823939882,5.025496511003757,0.4495437466451959,1.0265700483091786,
126,18.793612453032743,35.57434245840043,37.184648416532475,1.9592055823939882,5.01207729468599,0.4495437466451959,1.0265700483091786,
127,18.813741277509394,35.47369833601718,37.17122920021471,1.9592055823939882,5.01207729468599,0.4495437466451959,1.1205045625335481,
128,18.9345142243693,35.46027911969941,37.063875469672574,1.9592055823939882,5.01207729468599,0.4495437466451959,1.1205045625335481,
129,17.693236714975846,33.17901234567901,40.64009661835749,1.9592055823939882,4.958400429414922,0.4495437466451959,1.1205045625335481,
130,17.847557702630166,33.15217391304348,40.53274288781535,1.9457863660762211,4.951690821256038,0.4495437466451959,1.1205045625335481,
131,17.438271604938272,33.62855609232421,40.465646806226516,1.9457863660762211,4.951690821256038,0.4495437466451959,1.1205045625335481,
132,17.612721417069242,33.55475040257649,40.37842190016103,1.9457863660762211,4.951690821256038,0.4495437466451959,1.107085346215781,
133,17.64626945786366,33.55475040257649,40.365002683843265,1.9256575415995705,4.951690821256038,0.4495437466451959,1.107085346215781,
134,17.961621041331185,33.45410628019324,40.19726247987118,1.90552871712292,4.924852388620504,0.4495437466451959,1.107085346215781,
135,18.04884594739667,33.44068706387547,40.123456790123456,1.90552871712292,4.924852388620504,0.4495437466451959,1.107085346215781,
136,18.10252281266774,33.41384863123994,40.09661835748792,1.90552871712292,4.924852388620504,0.4495437466451959,1.107085346215781,
137,18.109232420826622,33.41384863123994,40.08990874932904,1.90552871712292,4.924852388620504,0.4495437466451959,1.107085346215781,
138,18.297101449275363,33.23268921095008,40.083199141170155,1.90552871712292,4.924852388620504,0.4495437466451959,1.107085346215781,
139,18.310520665593128,33.21926999463231,40.083199141170155,1.90552871712292,4.924852388620504,0.4495437466451959,1.107085346215781,
140,16.150026838432634,35.51395598497048,40.083199141170155,1.7713365539452497,4.924852388620504,0.4495437466451959,1.107085346215781,
141,16.21712292002147,33.47423510466989,39.982555018786904,1.7713365539452497,6.998121309715513,0.4495437466451959,1.107085346215781,
142,16.27079978529254,33.42055823939882,39.36527106816962,1.7713365539452497,6.998121309715513,1.06682769726248,1.107085346215781,
143,16.371443907675793,33.40713902308105,39.29817498658078,1.751207729468599,6.998121309715513,1.06682769726248,1.107085346215781,
144,16.31105743424584,30.756843800322063,42.04240472356415,1.6639828234031133,6.890767579173376,1.06682769726248,1.2681159420289856,
145,16.371443907675793,30.756843800322063,42.008856682769725,1.6639828234031133,6.863929146537842,1.06682769726248,1.2681159420289856,
146,16.465378421900162,30.73671497584541,41.93505099302201,1.6639828234031133,6.863929146537842,1.06682769726248,1.2681159420289856,
147,16.49892646269458,30.73671497584541,41.91492216854536,1.6639828234031133,6.863929146537842,1.06682769726248,1.2546967257112185,
148,16.666666666666668,30.629361245303276,41.8545356951154,1.6639828234031133,6.863929146537842,1.06682769726248,1.2546967257112185,
149,16.814278046162105,30.56897477187332,41.78073000536769,1.6505636070853462,6.863929146537842,1.06682769726248,1.2546967257112185,
150,16.901502952227588,30.535426731078903,41.76060118089104,1.6505636070853462,6.830381105743425,1.06682769726248,1.2546967257112185,
151,17.002147074610843,30.48174986580784,41.74047235641439,1.6505636070853462,6.8035426731078905,1.06682769726248,1.2546967257112185,
152,17.12962962962963,30.48174986580784,41.646537842190014,1.6237251744498122,6.796833064949007,1.06682769726248,1.2546967257112185,
153,17.196725711218466,30.454911433172303,41.63311862587225,1.6237251744498122,6.769994632313473,1.06682769726248,1.2546967257112185,
154,17.23027375201288,30.334138486312398,41.54589371980676,2.5697799248523885,5.998389694041868,1.06682769726248,1.2546967257112185,
155,17.297369833601717,30.139559849704778,41.532474503489,2.7106816961889426,5.998389694041868,1.06682769726248,1.2546967257112185,
156,17.424852388620504,30.12614063338701,41.44524959742351,2.6838432635534084,5.998389694041868,1.06682769726248,1.2546967257112185,
157,17.216854535695116,29.931561996779386,41.44524959742351,2.6838432635534084,6.400966183574879,1.06682769726248,1.2546967257112185,
158,17.478529253891573,29.56924315619968,41.378153515834676,2.677133655394525,5.730005367686527,1.9122383252818036,1.2546967257112185,
159,17.713365539452496,29.55582393988191,41.243961352657,2.677133655394525,5.730005367686527,1.9122383252818036,1.1674718196457328,
160,17.793880837359097,29.522275899087493,41.196994095544824,2.677133655394525,5.730005367686527,1.9122383252818036,1.1674718196457328,
161,18.156199677938808,29.341116478797638,40.90848094471283,2.677133655394525,5.730005367686527,1.9122383252818036,1.1674718196457328,0.10735373054213634
162,18.377616747181964,29.1935050993022,40.84138486312399,2.677133655394525,5.730005367686527,1.9122383252818036,1.1607622114868492,0.10735373054213634
163,18.54535695115405,29.1935050993022,40.693773483628554,2.677133655394525,5.730005367686527,1.892109500805153,1.1607622114868492,0.10735373054213634
164,18.69296833064949,29.1129898013956,40.33816425120773,2.657004830917874,5.629361245303274,2.301395598497048,1.1607622114868492,0.10735373054213634
165,18.69296833064949,29.1129898013956,40.33816425120773,2.657004830917874,5.629361245303274,2.301395598497048,1.1607622114868492,0.10735373054213634
166,18.250134192163177,28.093129361245303,38.31857219538379,2.6502952227589907,9.118357487922705,2.301395598497048,1.1607622114868492,0.10735373054213634
167,18.256843800322063,27.81803542673108,39.88191089640365,1.6774020397208802,8.93719806763285,2.301395598497048,1.0198604401502953,0.10735373054213634
168,18.38432635534085,27.529522275899087,39.781266774020395,1.6774020397208802,8.910359634997317,2.301395598497048,1.3083735909822867,0.10735373054213634
169,18.511808910359633,27.455716586151368,39.72758990874933,1.6774020397208802,8.910359634997317,2.301395598497048,1.3083735909822867,0.10735373054213634
170,18.51851851851852,27.428878153515836,39.72758990874933,1.6774020397208802,9.16532474503489,2.0665593129361244,1.3083735909822867,0.10735373054213634
171,18.612453032742888,27.34836285560923,39.54643048845947,1.6774020397208802,9.158615136876007,2.2410091250670963,1.3083735909822867,0.10735373054213634
172,18.646001073537306,27.160493827160494,39.49946323134729,1.6774020397208802,9.158615136876007,2.442297369833602,1.3083735909822867,0.10735373054213634
173,18.88083735909823,27.093397745571657,39.331723027375205,1.6774020397208802,9.158615136876007,2.442297369833602,1.3083735909822867,0.10735373054213634
174,18.9345142243693,27.059849704777243,39.32501341921632,1.6639828234031133,9.158615136876007,2.442297369833602,1.3083735909822867,0.10735373054213634
175,18.632581857219538,26.86527106816962,40.88835212023618,1.6639828234031133,7.991143317230274,2.314814814814815,1.5365002683843263,0.10735373054213634
176,18.632581857219538,26.86527106816962,40.57300053676865,1.9793344068706387,7.991143317230274,2.314814814814815,1.5365002683843263,0.10735373054213634
177,18.63929146537842,26.858561460010737,40.57300053676865,1.9793344068706387,7.991143317230274,2.314814814814815,1.5365002683843263,0.10735373054213634
178,18.71309715512614,26.81159420289855,40.54616210413312,1.9793344068706387,7.991143317230274,2.314814814814815,1.5365002683843263,0.10735373054213634
179,18.753354804079443,26.81159420289855,40.54616210413312,1.9793344068706387,7.950885668276973,2.314814814814815,1.5365002683843263,0.10735373054213634
180,18.907675791733762,26.663982823403114,40.54616210413312,1.9726247987117553,7.950885668276973,2.314814814814815,1.5365002683843263,0.10735373054213634
181,19.16935050993022,26.590177133655395,40.35829307568438,1.9726247987117553,7.950885668276973,2.314814814814815,1.5365002683843263,0.10735373054213634
182,19.370638754696724,26.482823403113258,40.33816425120773,1.9726247987117553,7.877079978529254,2.314814814814815,1.5365002683843263,0.10735373054213634
183,19.43773483628556,26.35534084809447,39.55984970477724,2.100107353730542,7.776435856146001,2.2611379495437465,2.3081052066559313,0.20128824476650564
184,19.665861513687602,26.261406333870102,39.44578636607622,2.100107353730542,7.75630703166935,2.2611379495437465,2.3081052066559313,0.20128824476650564
185,19.538378958668815,26.435856146001072,39.398819108964034,2.100107353730542,7.75630703166935,2.2611379495437465,2.3081052066559313,0.20128824476650564
186,19.578636607622116,26.40901771336554,39.398819108964034,2.100107353730542,7.742887815351583,2.2611379495437465,2.3081052066559313,0.20128824476650564
187,19.484702093397747,26.308373590982285,39.130434782608695,2.3081052066559313,7.742887815351583,2.2611379495437465,2.563070316693505,0.20128824476650564
188,19.538378958668815,26.288244766505635,39.09688674181428,2.3081052066559313,7.742887815351583,2.2611379495437465,2.563070316693505,0.20128824476650564
189,19.679280730005367,26.160762211486848,38.27831454643049,2.301395598497048,7.729468599033816,2.167203435319377,3.4822866344605474,0.20128824476650564
190,19.45786366076221,25.462962962962962,39.54643048845947,2.301395598497048,7.50805152979066,2.0665593129361244,3.455448201825013,0.20128824476650564
191,19.524959742351047,25.409286097691894,39.06333870101986,2.301395598497048,7.50805152979066,2.536231884057971,3.455448201825013,0.20128824476650564
192,19.712828770799785,25.409286097691894,38.89559849704777,2.301395598497048,7.50805152979066,2.5161030595813205,3.455448201825013,0.20128824476650564
193,19.81347289318304,25.355609232420825,38.86205045625336,2.301395598497048,7.50805152979066,2.5161030595813205,3.4420289855072466,0.20128824476650564
194,19.920826623725173,25.301932367149757,38.808373590982285,2.301395598497048,7.50805152979066,2.5161030595813205,3.4420289855072466,0.20128824476650564
195,19.81347289318304,25.07380568974772,38.66747181964573,2.1604938271604937,7.50805152979066,3.1333870101986045,3.4420289855072466,0.20128824476650564
196,19.940955448201827,25.006709608158882,38.64734299516908,2.15378421900161,7.474503488996243,3.1333870101986045,3.4420289855072466,0.20128824476650564
197,20.283145464304884,25.006709608158882,38.57353730542136,2.15378421900161,7.206119162640902,3.1333870101986045,3.4420289855072466,0.20128824476650564
198,20.316693505099302,25.006709608158882,38.5601180891036,2.1403650026838434,7.206119162640902,3.1333870101986045,3.435319377348363,0.20128824476650564
199,20.585077831454644,24.966451959205582,38.33870101986044,2.13365539452496,7.206119162640902,3.1333870101986045,3.435319377348363,0.20128824476650564
200,20.739398819108963,24.932903918411164,38.217928073000536,2.13365539452496,7.206119162640902,3.1333870101986045,3.435319377348363,0.20128824476650564
201,20.799785292538918,24.912775093934513,38.177670424047236,2.13365539452496,7.206119162640902,3.1333870101986045,3.435319377348363,0.20128824476650564
202,20.82662372517445,24.798711755233494,38.1508319914117,2.13365539452496,7.206119162640902,3.1333870101986045,3.549382716049383,0.20128824476650564
203,20.90713902308105,24.798711755233494,38.097155126140635,2.13365539452496,7.206119162640902,3.1065485775630703,3.549382716049383,0.20128824476650564
204,20.8064949006978,24.785292538915726,37.60735373054214,2.13365539452496,7.206119162640902,3.1065485775630703,4.1532474503489,0.20128824476650564
205,20.819914117015568,24.785292538915726,37.60735373054214,2.13365539452496,7.192699946323135,3.1065485775630703,4.1532474503489,0.20128824476650564
206,20.8870101986044,24.771873322597962,37.60064412238325,2.13365539452496,7.152442297369833,3.1065485775630703,4.146537842190016,0.20128824476650564
207,20.8870101986044,24.771873322597962,37.43961352657005,2.13365539452496,7.152442297369833,3.1065485775630703,4.30756843800322,0.20128824476650564
208,20.74610842726785,24.416264090177133,37.42619431025228,2.13365539452496,7.152442297369833,3.1065485775630703,4.817498658078368,0.20128824476650564
209,20.71256038647343,24.402844873859365,37.265163714439076,2.13365539452496,7.152442297369833,3.3950617283950617,4.736983360171766,0.20128824476650564
210,20.558239398819108,24.255233494363928,36.73510466988728,3.0931293612453032,7.152442297369833,3.3950617283950617,4.609500805152979,0.20128824476650564
211,20.558239398819108,24.255233494363928,36.73510466988728,3.0931293612453032,7.152442297369833,3.3950617283950617,4.609500805152979,0.20128824476650564
212,20.618625872249062,24.255233494363928,36.70155662909286,3.0931293612453032,7.125603864734299,3.3950617283950617,4.609500805152979,0.20128824476650564
213,20.605206655931294,24.255233494363928,36.40633387010199,3.4017713365539453,7.125603864734299,3.3950617283950617,4.609500805152979,0.20128824476650564
214,20.94068706387547,24.14117015566291,36.05743424584004,3.4017713365539453,6.998121309715513,3.5292538915727323,4.730273752012883,0.20128824476650564
215,21.034621578099838,24.14117015566291,36.04401502952228,3.4017713365539453,6.998121309715513,3.5292538915727323,4.64975845410628,0.20128824476650564
216,21.061460010735374,24.08749329039184,35.93666129898014,3.4017713365539453,7.132313472893183,3.5292538915727323,4.64975845410628,0.20128824476650564
217,21.182232957595275,24.08749329039184,35.84272678475577,3.374932903918411,7.132313472893183,3.5292538915727323,4.64975845410628,0.20128824476650564
218,21.22920021470746,24.08749329039184,35.829307568438004,3.374932903918411,7.132313472893183,3.5292538915727323,4.64975845410628,0.16774020397208803
219,21.28287707997853,24.08749329039184,35.79575952764358,3.374932903918411,7.112184648416532,3.5292538915727323,4.64975845410628,0.16774020397208803
220,21.38352120236178,23.946591519055286,35.527375201288244,3.683574879227053,7.112184648416532,3.5292538915727323,4.64975845410628,0.16774020397208803
221,21.537842190016104,23.832528180354267,35.50053676865271,3.683574879227053,7.112184648416532,3.5292538915727323,4.636339237788513,0.16774020397208803
222,21.62506709608159,23.832528180354267,35.41331186258722,3.683574879227053,7.112184648416532,3.5292538915727323,4.636339237788513,0.16774020397208803
223,21.886741814278047,23.832528180354267,35.27241009125067,3.683574879227053,7.011540526033279,3.5292538915727323,4.616210413311863,0.16774020397208803
224,19.95437466451959,36.9296833064949,27.13365539452496,2.965646806226516,4.998658078368224,3.4621578099838968,4.448470209339774,0.10735373054213634
225,20.081857219538378,36.81561996779388,27.120236178207193,2.965646806226516,4.998658078368224,3.4621578099838968,4.448470209339774,0.10735373054213634
226,20.088566827697264,36.808910359635,27.120236178207193,2.965646806226516,4.998658078368224,3.4621578099838968,4.448470209339774,0.10735373054213634
227,20.12211486849168,36.808910359635,27.113526570048307,2.9388083735909825,4.998658078368224,3.4621578099838968,4.448470209339774,0.10735373054213634
228,20.182501341921633,36.78878153515835,27.106816961889425,2.932098765432099,4.998658078368224,3.4621578099838968,4.42163177670424,0.10735373054213634
229,20.35024154589372,36.7686527106817,26.986044015029524,2.932098765432099,4.9718196457326895,3.4621578099838968,4.42163177670424,0.10735373054213634
230,20.43075684380032,36.7686527106817,26.959205582393988,2.932098765432099,4.918142780461621,3.4621578099838968,4.42163177670424,0.10735373054213634
231,20.538110574342458,36.7686527106817,26.959205582393988,2.831454643048846,4.911433172302737,3.4621578099838968,4.42163177670424,0.10735373054213634
232,20.618625872249062,36.761943102522814,26.89210950080515,2.831454643048846,4.904723564143854,3.4621578099838968,4.42163177670424,0.10735373054213634
233,20.75281803542673,36.67471819645733,26.84514224369297,2.831454643048846,4.904723564143854,3.4621578099838968,4.42163177670424,0.10735373054213634
234,20.94068706387547,36.60762211486849,26.724369296833064,2.831454643048846,4.904723564143854,3.4621578099838968,4.42163177670424,0.10735373054213634
235,21.101717659688674,36.553945249597426,26.623725174449813,2.831454643048846,4.898013955984971,3.4621578099838968,4.42163177670424,0.10735373054213634
236,21.141975308641975,36.52710681696189,26.610305958132045,2.831454643048846,4.898013955984971,3.4621578099838968,4.42163177670424,0.10735373054213634
237,21.115136876006442,36.33923778851315,26.140633387010197,3.435319377348363,4.898013955984971,3.3682232957595275,4.5960815888352125,0.10735373054213634
238,21.182232957595275,36.33923778851315,26.10708534621578,3.4017713365539453,4.898013955984971,3.3682232957595275,4.5960815888352125,0.10735373054213634
239,21.30300590445518,36.2788513150832,26.04669887278583,3.4017713365539453,4.898013955984971,3.3682232957595275,4.5960815888352125,0.10735373054213634
240,21.370101986044016,36.2788513150832,25.91250670960816,3.4017713365539453,4.898013955984971,3.3480944712828773,4.683306494900698,0.10735373054213634
241,21.43719806763285,36.272141706924316,25.85882984433709,3.4017713365539453,4.891304347826087,3.3480944712828773,4.683306494900698,0.10735373054213634
242,20.75281803542673,36.08427267847558,26.838432635534083,3.374932903918411,4.87788513150832,3.280998389694042,4.683306494900698,0.10735373054213634
243,20.779656468062264,36.07085346215781,26.82501341921632,3.374932903918411,4.87788513150832,3.280998389694042,4.683306494900698,0.10735373054213634
244,20.8064949006978,36.07085346215781,26.80488459473967,3.374932903918411,4.87788513150832,3.280998389694042,4.676596886741814,0.10735373054213634
245,20.9272678475577,36.00375738056898,26.778046162104133,3.374932903918411,4.851046698872786,3.280998389694042,4.676596886741814,0.10735373054213634
246,21.068169618894256,35.809178743961354,26.482823403113258,2.8515834675254963,5.743424584004294,3.260869565217391,4.676596886741814,0.10735373054213634
247,21.235909822866343,35.57434245840043,26.482823403113258,2.9253891572732154,5.736714975845411,3.260869565217391,4.676596886741814,0.10735373054213634
248,21.289586688137412,35.547504025764894,26.482823403113258,2.9253891572732154,5.736714975845411,3.260869565217391,4.64975845410628,0.10735373054213634
249,21.511003757380568,35.50053676865271,26.33521202361782,2.9253891572732154,5.736714975845411,3.2340311325818574,4.64975845410628,0.10735373054213634
250,21.591519055287172,35.50053676865271,26.25469672571122,2.9253891572732154,5.736714975845411,3.2340311325818574,4.64975845410628,0.10735373054213634
251,21.712292002147073,35.39989264626946,26.140633387010197,2.9253891572732154,5.709876543209877,3.2340311325818574,4.770531400966184,0.10735373054213634
252,21.806226516371442,35.30595813204509,26.140633387010197,2.9253891572732154,5.709876543209877,3.2340311325818574,4.770531400966184,0.10735373054213634
253,22.000805152979066,35.28582930756844,25.966183574879228,2.9253891572732154,5.709876543209877,3.2340311325818574,4.770531400966184,0.10735373054213634
254,22.094739667203434,35.258990874932906,25.966183574879228,2.9253891572732154,5.642780461621041,3.2340311325818574,4.770531400966184,0.10735373054213634
255,22.15512614063339,35.11137949543747,25.89908749329039,2.9253891572732154,5.642780461621041,3.2340311325818574,4.924852388620504,0.10735373054213634
256,22.376543209876544,35.07112184648417,25.751476113794954,2.9253891572732154,5.622651637144391,3.2340311325818574,4.911433172302737,0.10735373054213634
257,22.7187332259796,34.90338164251208,25.63070316693505,2.871712292002147,5.622651637144391,3.2340311325818574,4.911433172302737,0.10735373054213634
258,22.7187332259796,34.90338164251208,25.63070316693505,2.871712292002147,5.622651637144391,3.2340311325818574,4.911433172302737,0.10735373054213634
259,22.799248523886206,34.75577026301664,25.617283950617285,2.871712292002147,5.71658615136876,3.2340311325818574,4.898013955984971,0.10735373054213634
260,22.873054213633925,34.72222222222222,24.92619431025228,2.871712292002147,5.71658615136876,3.8848631239935587,4.898013955984971,0.10735373054213634
261,22.987117552334944,33.9573268921095,24.872517444981213,2.871712292002147,5.71658615136876,3.8848631239935587,5.60252281266774,0.10735373054213634
262,23.101180891035963,33.87010198604401,25.10064412238325,2.871712292002147,5.595813204508857,3.750670960815888,5.60252281266774,0.10735373054213634
263,23.201825013419217,33.87010198604401,25.046967257112186,2.871712292002147,5.595813204508857,3.7238325281803544,5.58239398819109,0.10735373054213634
264,23.409822866344605,33.8365539452496,24.953032742887814,2.8650026838432634,5.5689747718733225,3.717122920021471,5.542136339237788,0.10735373054213634
265,23.470209339774556,33.81642512077295,24.953032742887814,2.8650026838432634,5.535426731078905,3.7104133118625873,5.542136339237788,0.10735373054213634
266,23.597691894793343,33.81642512077295,24.953032742887814,2.8650026838432634,5.501878690284487,3.6902844873859366,5.46833064949007,0.10735373054213634
267,23.711755233494365,33.803005904455176,24.852388620504563,2.8650026838432634,5.501878690284487,3.6902844873859366,5.46833064949007,0.10735373054213634
268,23.752012882447666,33.742619431025226,24.785292538915726,2.9589371980676327,5.495169082125604,3.6902844873859366,5.46833064949007,0.10735373054213634
269,23.872785829307567,33.63526570048309,24.771873322597962,2.9589371980676327,5.495169082125604,3.6902844873859366,5.46833064949007,0.10735373054213634
270,23.872785829307567,33.63526570048309,24.771873322597962,2.9589371980676327,5.495169082125604,3.6902844873859366,5.46833064949007,0.10735373054213634
271,23.960010735373054,33.44068706387547,24.664519592055825,2.9589371980676327,5.495169082125604,3.6902844873859366,5.683038110574342,0.10735373054213634
272,24.188137412775095,33.44068706387547,24.490069779924852,2.9589371980676327,5.475040257648954,3.656736446591519,5.683038110574342,0.10735373054213634
273,24.255233494363928,33.373590982286636,24.490069779924852,2.9589371980676327,5.475040257648954,3.656736446591519,5.683038110574342,0.10735373054213634
274,24.282071926999464,33.373590982286636,24.490069779924852,2.932098765432099,5.475040257648954,3.656736446591519,5.683038110574342,0.10735373054213634
275,24.315619967793882,33.373590982286636,24.4699409554482,2.932098765432099,5.475040257648954,3.643317230273752,5.683038110574342,0.10735373054213634
276,24.36929683306495,33.3467525496511,24.4699409554482,2.9052603327965647,5.475040257648954,3.643317230273752,5.683038110574342,0.10735373054213634
277,24.422973698336016,33.319914117015564,24.456521739130434,2.8918411164787976,5.475040257648954,3.643317230273752,5.683038110574342,0.10735373054213634
278,24.516908212560388,33.28636607622115,24.40955448201825,2.885131508319914,5.46833064949007,3.643317230273752,5.683038110574342,0.10735373054213634
279,24.55716586151369,33.24610842726785,24.40955448201825,2.885131508319914,5.46833064949007,3.643317230273752,5.683038110574342,0.10735373054213634
280,24.55716586151369,33.24610842726785,24.40955448201825,2.885131508319914,5.46833064949007,3.643317230273752,5.683038110574342,0.10735373054213634
281,24.63768115942029,33.24610842726785,24.342458400429415,2.885131508319914,5.4549114331723025,3.643317230273752,5.683038110574342,0.10735373054213634
282,24.932903918411164,33.17901234567901,24.241814278046164,2.885131508319914,5.4549114331723025,3.5628019323671496,5.636070853462158,0.10735373054213634
283,25.006709608158882,33.13875469672571,24.241814278046164,2.885131508319914,5.4549114331723025,3.5292538915727323,5.636070853462158,0.10735373054213634
284,25.046967257112186,33.10520665593129,23.63123993558776,2.885131508319914,6.125872249060655,3.5091250670960816,5.589103596349974,0.10735373054213634
285,25.11406333870102,33.05823939881911,23.63123993558776,2.885131508319914,6.125872249060655,3.5091250670960816,5.5689747718733225,0.10735373054213634
286,25.181159420289855,33.01798174986581,23.63123993558776,2.885131508319914,6.099033816425121,3.5091250670960816,5.5689747718733225,0.10735373054213634
287,25.248255501878692,32.9777241009125,23.60440150295223,2.885131508319914,6.099033816425121,3.5091250670960816,5.5689747718733225,0.10735373054213634
288,25.288513150831992,32.9374664519592,23.60440150295223,2.885131508319914,6.099033816425121,3.5091250670960816,5.5689747718733225,0.10735373054213634
289,25.288513150831992,32.9374664519592,23.60440150295223,2.885131508319914,6.099033816425121,3.5091250670960816,5.5689747718733225,0.10735373054213634
290,25.32206119162641,32.910628019323674,23.60440150295223,2.885131508319914,6.099033816425121,3.5091250670960816,5.562265163714439,0.10735373054213634
291,25.348899624261943,32.88378958668814,23.60440150295223,2.885131508319914,6.099033816425121,3.5091250670960816,5.562265163714439,0.10735373054213634
292,25.45625335480408,32.85024154589372,23.577563070316693,2.8515834675254963,6.099033816425121,3.5091250670960816,5.548845947396672,0.10735373054213634
293,25.509930220075148,32.66237251744498,23.55072463768116,2.8515834675254963,6.099033816425121,3.5091250670960816,5.709876543209877,0.10735373054213634
294,25.51663982823403,32.55501878690284,23.55072463768116,2.8515834675254963,6.099033816425121,3.5091250670960816,5.810520665593129,0.10735373054213634
295,25.657541599570585,31.904186795491142,23.443370907139023,2.8515834675254963,6.099033816425121,3.5091250670960816,6.427804616210413,0.10735373054213634
296,25.738056897477186,31.890767579173378,23.403113258185723,2.8515834675254963,6.085614600107354,3.4957058507783145,6.427804616210413,0.10735373054213634
297,25.791733762748255,31.85721953837896,23.242082662372518,2.8515834675254963,6.0654857756307035,3.4957058507783145,6.588835212023618,0.10735373054213634
