,45,50,53,55,54,51,52,56,57,58
0,99.85238862050456,0.14761137949543746,,,,,,,,
1,85.35963499731616,14.640365002683843,,,,,,,,
2,85.60118089103597,14.398819108964037,,,,,,,,
3,82.76301663982824,17.08937198067633,0.14761137949543746,,,,,,,
4,77.0330112721417,22.906602254428343,,0.06038647342995169,,,,,,
5,69.26999463231347,30.730005367686527,,,,,,,,
6,67.76704240472357,32.11218464841653,,0.12077294685990338,,,,,,
7,67.88110574342458,31.99812130971551,,0.12077294685990338,,,,,,
8,57.991143317230275,41.888083735909824,,0.12077294685990338,,,,,,
9,58.011272141706925,40.754159957058505,0.24154589371980675,0.2683843263553409,0.7246376811594203,,,,,
10,54.609500805152976,43.82045088566828,0.24154589371980675,0.3488996242619431,0.9796027911969941,,,,,
11,46.45061728395062,52.502683843263554,0.24154589371980675,0.08051529790660225,0.7246376811594203,,,,,
12,44.7866344605475,47.134997316156735,0.24154589371980675,0.08051529790660225,0.7246376811594203,7.03166935050993,,,,
13,39.680622651637144,52.33494363929147,0.24154589371980675,0.08051529790660225,0.6575415995705851,7.004830917874396,,,,
14,39.680622651637144,52.24771873322598,0.24154589371980675,0.16774020397208803,0.6575415995705851,7.004830917874396,,,,
15,39.89533011272142,52.03972088030059,0.24154589371980675,0.16774020397208803,0.6508319914117016,7.004830917874396,,,,
16,37.31884057971015,54.59608158883521,0.24154589371980675,0.30193236714975846,0.6508319914117016,6.890767579173376,,,,
17,37.6610305958132,53.95195920558239,0.24154589371980675,0.6239935587761675,0.6508319914117016,6.870638754696726,,,,
18,27.63016639828234,64.02308105206656,0.24154589371980675,0.46967257112184646,0.6508319914117016,6.857219538378959,0.1274825550187869,,,
19,19.585346215780998,63.95598497047772,0.24154589371980675,0.630703166935051,0.7045088566827697,14.794685990338165,,0.08722490606548577,,
20,19.887278582930758,63.73456790123457,0.24154589371980675,0.7179280730005367,0.7045088566827697,14.465915190552872,,0.24825550187869028,,
21,16.901502952227588,58.72920021470746,0.24154589371980675,0.6038647342995169,0.5501878690284487,22.725442834138487,,0.24825550187869028,,
22,17.09608158883521,58.62855609232421,0.24154589371980675,0.6038647342995169,0.5501878690284487,22.63150831991412,,0.24825550187869028,,
23,15.92860976918948,54.89801395598497,0.24154589371980675,0.6038647342995169,0.5501878690284487,21.638486312399355,5.790391841116479,0.3488996242619431,,
24,15.780998389694043,54.26731078904992,0.2281266774020397,3.421900161030596,0.5501878690284487,19.384057971014492,5.790391841116479,0.5770263016639828,,
25,16.25738056897477,53.48228663446055,0.3824476650563607,3.629898013955985,0.8856682769726248,19.14922168545357,5.636070853462158,0.5770263016639828,,
26,16.505636070853463,52.462426194310254,0.3824476650563607,4.28743961352657,1.0265700483091786,19.122383252818036,5.636070853462158,0.5770263016639828,,
27,16.867954911433173,50.20799785292539,4.045893719806763,4.066022544283414,1.0265700483091786,17.64626945786366,5.562265163714439,0.5770263016639828,,
28,15.009393451422437,46.45061728395062,3.730542136339238,4.233762748255502,1.0265700483091786,24.020397208803004,4.951690821256038,0.5770263016639828,,
29,15.425389157273216,46.2962962962963,3.730542136339238,4.314278046162104,1.06682769726248,23.67149758454106,4.918142780461621,0.5770263016639828,,
30,15.237520128824476,41.176865271068166,3.5762211486849167,4.17337627482555,0.644122383252818,31.602254428341386,3.012614063338701,0.5770263016639828,,
31,15.398550724637682,40.713902308105204,3.5762211486849167,4.508856682769726,0.9863123993558777,31.226516371443907,3.012614063338701,0.5770263016639828,,
32,15.780998389694043,40.45893719806763,3.5762211486849167,4.468599033816425,0.9863123993558777,30.938003220611915,2.9924852388620504,0.798443370907139,,
33,15.995705850778315,39.61352657004831,3.5762211486849167,4.62962962962963,1.6908212560386473,30.703166935050994,2.9924852388620504,0.798443370907139,,
34,16.451959205582394,39.27133655394525,3.5762211486849167,4.74369296833065,1.6908212560386473,30.48845947396672,2.9790660225442833,0.798443370907139,,
35,12.915995705850777,43.73322597960279,3.8378958668813743,4.49543746645196,1.6908212560386473,29.57595276435856,2.831454643048846,0.9192163177670424,,
36,13.486312399355878,43.41787439613527,3.9519592055823938,4.4820182501341925,1.6706924315619969,29.294149221685455,2.7777777777777777,0.9192163177670424,,
37,13.828502415458937,42.92807300053677,3.9519592055823938,4.4753086419753085,2.006172839506173,29.1129898013956,2.7777777777777777,0.9192163177670424,,
38,14.170692431561998,42.639559849704774,3.9519592055823938,4.4753086419753085,2.006172839506173,28.670155662909288,3.079710144927536,1.0064412238325282,,
39,13.92914653784219,41.92163177670424,6.327160493827161,4.669887278582931,1.932367149758454,27.70397208803006,2.509393451422437,1.0064412238325282,,
40,14.11701556629093,41.86795491143317,6.3070316693505095,4.669887278582931,1.932367149758454,27.63016639828234,2.509393451422437,0.966183574879227,,
41,14.606816961889425,41.12989801395599,6.776704240472356,4.51556629092861,1.932367149758454,27.20746108427268,2.509393451422437,1.3217928073000538,,
42,15.029522275899087,39.17740203972088,6.642512077294686,3.8177670424047236,1.583467525496511,29.965110037573805,2.475845410628019,1.3083735909822867,,
43,14.875201288244767,38.58024691358025,6.642512077294686,4.911433172302737,2.1269457863660763,29.21363392377885,2.475845410628019,1.1741814278046163,,
44,15.432098765432098,38.33870101986044,6.642512077294686,4.7168545356951155,2.1269457863660763,29.09957058507783,2.475845410628019,1.1674718196457328,,
45,15.573000536768653,38.157541599570585,6.608964036500268,4.884594739667204,2.100107353730542,28.804347826086957,2.4355877616747184,1.4358561460010735,,
46,15.874932903918411,37.76838432635534,6.595544820182502,4.64975845410628,2.61003757380569,28.650026838432634,2.428878153515835,1.4224369296833066,,
47,15.915190552871712,37.714707461084274,6.763285024154589,4.643048845947397,2.61003757380569,28.529253891572733,2.428878153515835,1.3955984970477724,,
48,16.009125067096083,37.69457863660762,6.763285024154589,4.643048845947397,2.61003757380569,28.455448201825014,2.428878153515835,1.3955984970477724,,
49,16.06280193236715,37.80193236714976,6.763285024154589,4.643048845947397,2.61003757380569,28.29441760601181,2.428878153515835,1.3955984970477724,,
50,16.418411164787976,37.513419216317764,6.756575415995706,4.643048845947397,2.5496511003757383,28.29441760601181,2.428878153515835,1.3955984970477724,,
51,16.921631776704242,37.184648416532475,6.756575415995706,4.7101449275362315,2.5496511003757383,28.073000536768653,2.428878153515835,1.3754696725711217,,
52,15.747450348899624,32.39398819108964,6.756575415995706,4.817498658078368,2.38191089640365,34.09822866344606,2.428878153515835,1.3754696725711217,,
53,15.901771336553946,32.14573268921095,6.837090713902308,5.0993022007514766,2.301395598497048,33.91035963499731,2.428878153515835,1.3754696725711217,,
54,16.056092324208265,31.95786366076221,6.837090713902308,5.045625335480408,2.4490069779924855,33.74932903918411,2.428878153515835,1.4761137949543746,,
55,16.71363392377885,31.414385399892645,6.837090713902308,5.038915727321524,2.4490069779924855,33.400429414922165,2.428878153515835,1.7176596886741815,,
56,14.841653247450349,27.677133655394524,4.455179817498658,2.9790660225442833,2.2611379495437465,44.02173913043478,2.428878153515835,1.3352120236178207,,
57,14.922168545356952,27.74422973698336,4.428341384863124,2.9790660225442833,2.2611379495437465,43.90096618357488,2.428878153515835,1.3352120236178207,,
58,15.35829307568438,26.979334406870638,4.374664519592056,3.0595813204508855,2.536231884057971,42.210144927536234,4.159957058507783,1.3217928073000538,,
59,14.170692431561998,17.76033279656468,2.301395598497048,2.737520128824477,1.3754696725711217,56.27348362855609,4.079441760601181,1.3016639828234031,,
60,14.895330112721417,17.64626945786366,2.24771873322598,2.9790660225442833,1.3754696725711217,55.60252281266774,3.9519592055823938,1.3016639828234031,,
61,15.029522275899087,17.612721417069242,2.24771873322598,2.9790660225442833,1.3754696725711217,55.501878690284485,3.9519592055823938,1.3016639828234031,,
62,14.445786366076222,16.337895866881375,2.4691358024691357,2.589908749329039,3.750670960815888,55.16639828234031,3.9519592055823938,1.288244766505636,,
63,14.459205582393988,16.25067096081589,2.4490069779924855,2.589908749329039,6.0587761674718195,52.95893719806763,3.9452495974235107,1.288244766505636,,
64,14.915458937198068,16.23725174449812,2.4490069779924855,2.5429414922168547,6.045356951154052,52.643585614600106,3.878153515834675,1.288244766505636,,
65,12.439613526570048,12.385936661298981,2.4221685453569513,2.227589908749329,5.642780461621041,61.07756307031669,2.8113258185721954,0.9930220075147611,,
66,12.983091787439614,12.238325281803542,2.4221685453569513,2.2208803005904456,5.642780461621041,60.68840579710145,2.8113258185721954,0.9930220075147611,,
67,13.110574342458401,11.976650563607086,2.4221685453569513,2.5496511003757383,5.642780461621041,60.50053676865271,2.804616210413312,0.9930220075147611,,
68,13.217928073000536,11.976650563607086,2.4221685453569513,3.515834675254965,5.642780461621041,59.42699946323135,2.7442297369833604,1.0534084809447128,,
69,13.533279656468062,11.956521739130435,2.4221685453569513,3.6231884057971016,5.555555555555555,58.782877079978526,2.7308105206655933,1.3955984970477724,,
70,13.123993558776167,11.81561996779388,2.395330112721417,3.455448201825013,5.555555555555555,57.17257112184648,5.0858829844337095,1.3955984970477724,,
71,13.83521202361782,11.647879763821793,2.395330112721417,3.455448201825013,5.495169082125604,56.54857756307032,5.038915727321524,1.583467525496511,,
72,14.070048309178745,11.54723564143854,2.9790660225442833,3.455448201825013,5.347557702630167,56.03193773483628,5.038915727321524,1.5297906602254427,,
73,14.17740203972088,11.540526033279656,2.871712292002147,3.5628019323671496,5.3274288781535155,55.95142243692968,4.891304347826087,1.5297906602254427,0.14761137949543746,
74,14.237788513150832,11.56736446591519,2.8650026838432634,3.7909286097691894,5.159688674181428,55.763553408480945,4.824208266237251,1.6438539989264627,0.14761137949543746,
75,14.398819108964037,11.553945249597424,2.8515834675254963,3.7909286097691894,5.159688674181428,55.62936124530327,4.824208266237251,1.6438539989264627,0.14761137949543746,
76,12.614063338701019,11.41304347826087,3.1468062265163717,3.099838969404187,4.502147074610843,48.83252818035427,14.969135802469136,1.2748255501878691,0.14761137949543746,
77,12.922705314009661,11.285560923242082,3.0931293612453032,3.2675791733762747,4.5893719806763285,48.450080515297905,14.969135802469136,1.2748255501878691,0.14761137949543746,
78,13.513150831991412,11.11111111111111,5.924584004294149,3.1736446591519054,4.5893719806763285,45.50456253354804,14.673913043478262,1.3620504562533549,0.14761137949543746,
79,14.056629092860977,11.11111111111111,5.797101449275362,3.1535158346752548,4.508856682769726,45.289855072463766,14.573268921095009,1.3620504562533549,0.14761137949543746,
80,14.398819108964037,11.030595813204508,7.7898550724637685,2.9119699409554483,4.341116478797638,43.505099302200755,14.150563607085346,1.3217928073000538,0.5501878690284487,
81,14.694041867954912,11.010466988727858,7.7898550724637685,2.8247450348899625,4.42163177670424,43.263553408480945,14.123725174449811,1.3217928073000538,0.5501878690284487,
82,12.385936661298981,7.447665056360709,4.736983360171766,2.5161030595813205,3.3548040794417604,51.85856146001073,16.09634997316157,1.0534084809447128,0.5501878690284487,
83,12.620772946859903,7.273215244229737,4.736983360171766,2.4691358024691357,3.3480944712828773,51.85856146001073,16.089640365002683,1.0534084809447128,0.5501878690284487,
84,13.043478260869565,7.246376811594203,4.736983360171766,2.690552871712292,3.240740740740741,51.268115942028984,16.029253891572733,1.1943102522812667,0.5501878690284487,
85,13.439345142243694,7.159151905528717,4.810789049919484,2.677133655394525,3.2139023081052067,50.7313472893183,15.995705850778315,1.4492753623188406,0.5233494363929146,
86,13.935856146001074,7.159151905528717,4.683306494900698,2.6704240472356413,3.2004830917874396,50.4495437466452,15.92860976918948,1.4492753623188406,0.5233494363929146,
87,14.593397745571659,7.0450885668276975,4.683306494900698,2.757648953301127,3.1468062265163717,49.443102522812666,15.74074074074074,2.0799785292538915,0.5099302200751477,
88,14.982555018786902,6.910896403650026,4.676596886741814,2.918679549114332,3.1333870101986045,49.000268384326354,15.673644659151906,2.1940418679549114,0.5099302200751477,
89,15.096618357487923,6.816961889425658,4.676596886741814,3.5762211486849167,3.113258185721954,48.16156736446592,15.599838969404187,2.4490069779924855,0.5099302200751477,
90,15.566290928609769,6.763285024154589,4.636339237788513,3.670155662909286,3.2004830917874396,47.738862050456255,14.915458937198068,2.999194847020934,0.5099302200751477,
91,15.942028985507246,6.702898550724638,4.616210413311863,3.851315083199141,3.1870638754696725,47.638217928073,14.586688137412775,2.9723564143853998,0.5032206119162641,
92,16.109769189479334,6.642512077294686,4.85775630703167,3.851315083199141,3.1870638754696725,47.45034889962426,14.55984970477724,2.8381642512077296,0.5032206119162641,
93,16.411701556629094,6.608964036500268,4.824208266237251,3.8311862587224907,3.1333870101986045,47.20880300590446,14.42565754159957,2.945517981749866,0.5032206119162641,0.10735373054213634
94,16.458668813741276,6.5485775630703165,4.824208266237251,3.9519592055823938,3.4017713365539453,46.99409554482018,13.902308105206655,3.227321524422974,0.5837359098228664,0.10735373054213634
95,16.61969940955448,6.535158346752549,4.824208266237251,4.079441760601181,3.3950617283950617,46.65190552871712,13.841921631776705,3.361513687600644,0.5837359098228664,0.10735373054213634
96,16.639828234031132,6.501610305958132,5.045625335480408,4.079441760601181,3.388352120236178,46.584809447128286,13.734567901234568,3.361513687600644,0.5568974771873323,0.10735373054213634
97,15.559581320450885,8.105206655931294,5.045625335480408,4.1129898013955986,3.3682232957595275,46.02791196994095,13.654052603327965,3.4621578099838968,0.5568974771873323,0.10735373054213634
98,15.841384863123993,7.950885668276973,5.045625335480408,4.045893719806763,3.864734299516908,45.6454643048846,13.271604938271604,3.670155662909286,0.5568974771873323,0.10735373054213634
99,16.35131508319914,7.877079978529254,5.045625335480408,3.9855072463768115,3.864734299516908,45.4374664519592,13.043478260869565,3.730542136339238,0.5568974771873323,0.10735373054213634
100,16.371443907675793,7.856951154052603,5.273752012882448,3.992216854535695,3.8580246913580245,45.249597423510465,13.009930220075148,3.7238325281803544,0.5568974771873323,0.10735373054213634
101,15.982286634460548,7.809983896940419,4.918142780461621,3.784219001610306,3.717122920021471,46.96725711218465,11.862587224906065,4.260601180891036,0.4562533548040794,0.24154589371980675
102,15.640096618357488,7.7831454643048845,4.240472356414386,3.670155662909286,4.159957058507783,48.812399355877616,10.72866344605475,4.3478260869565215,0.3757380568974772,0.24154589371980675
103,15.901771336553946,7.709339774557166,4.240472356414386,3.656736446591519,4.159957058507783,48.50375738056898,10.72866344605475,4.4820182501341925,0.3757380568974772,0.24154589371980675
104,15.841384863123993,7.494632313472893,4.092860976918948,3.656736446591519,4.455179817498658,48.94659151905529,10.433440687063875,4.528985507246377,0.30864197530864196,0.24154589371980675
105,16.076221148684915,7.474503488996243,4.072732152442297,4.072732152442297,4.435050993022007,48.35614600107354,10.433440687063875,4.528985507246377,0.30864197530864196,0.24154589371980675
106,16.25067096081589,7.474503488996243,4.072732152442297,4.072732152442297,4.40150295222759,48.101180891035966,10.433440687063875,4.643048845947397,0.30864197530864196,0.24154589371980675
107,16.411701556629094,7.474503488996243,4.072732152442297,4.072732152442297,4.40150295222759,47.98040794417606,10.393183038110575,4.643048845947397,0.30864197530864196,0.24154589371980675
108,16.451959205582394,7.474503488996243,4.05931293612453,4.066022544283414,4.374664519592056,47.678475577026305,10.393183038110575,4.951690821256038,0.30864197530864196,0.24154589371980675
109,16.7337627482555,7.37385936661299,4.012345679012346,4.066022544283414,4.374664519592056,47.55099302200752,10.38647342995169,4.951690821256038,0.30864197530864196,0.24154589371980675
110,17.09608158883521,7.37385936661299,4.012345679012346,4.066022544283414,4.985238862050457,46.544551798174986,10.312667740203972,5.059044551798175,0.30864197530864196,0.24154589371980675
111,17.257112184648417,7.1725711218464845,3.878153515834675,4.3478260869565215,4.985238862050457,45.8870101986044,10.312667740203972,5.548845947396672,0.30864197530864196,0.30193236714975846
112,17.726784755770264,7.139023081052066,3.878153515834675,4.341116478797638,4.978529253891573,45.55823939881911,10.245571658615138,5.548845947396672,0.28180354267310787,0.30193236714975846
113,17.881105743424584,7.065217391304348,3.878153515834675,4.602791196994096,5.0993022007514766,45.03488996242619,9.970477724100913,5.884326355340848,0.28180354267310787,0.30193236714975846
114,18.149490069779926,7.065217391304348,3.844605475040258,4.5960815888352125,5.065754159957058,44.826892109500804,9.970477724100913,5.897745571658615,0.28180354267310787,0.30193236714975846
115,18.243424584004295,6.971282877079979,3.844605475040258,4.817498658078368,5.340848094471283,44.39076757917338,9.943639291465379,5.864197530864198,0.28180354267310787,0.30193236714975846
116,18.585614600107355,6.863929146537842,3.7775093934514223,4.790660225442834,5.314009661835748,43.98819108964037,9.957058507783145,6.139291465378422,0.28180354267310787,0.30193236714975846
117,18.84728931830381,6.850509930220075,4.166666666666667,4.542404723564144,5.246913580246914,43.75335480407944,9.876543209876543,6.132581857219538,0.28180354267310787,0.30193236714975846
118,19.0150295222759,6.743156199677939,4.119699409554482,4.864465915190553,5.226784755770263,43.51851851851852,9.796027911969942,6.132581857219538,0.28180354267310787,0.30193236714975846
119,19.082125603864736,6.743156199677939,4.1129898013955986,5.71658615136876,5.226784755770263,42.619431025228124,9.782608695652174,6.132581857219538,0.28180354267310787,0.30193236714975846
120,19.176060118089104,6.743156199677939,4.1129898013955986,5.938003220611916,5.226784755770263,42.40472356414385,9.728931830381105,6.085614600107354,0.28180354267310787,0.30193236714975846
121,19.786634460547504,6.743156199677939,4.045893719806763,5.938003220611916,5.226784755770263,41.88137412775094,9.541062801932368,6.253354804079442,0.28180354267310787,0.30193236714975846
122,20.108695652173914,6.723027375201288,4.032474503488996,5.938003220611916,5.22007514761138,41.39157273215244,9.4873859366613,6.515029522275899,0.28180354267310787,0.30193236714975846
123,16.774020397208805,3.9318303811057436,3.9586688137412773,5.381105743424584,4.106280193236715,49.563875469672574,9.46725711218465,6.233225979602791,0.28180354267310787,0.30193236714975846
124,17.236983360171767,3.9318303811057436,3.9184111647879765,5.481749865807837,4.106280193236715,49.16129898013956,9.420289855072463,6.159420289855072,0.28180354267310787,0.30193236714975846
125,17.518786902844873,3.9318303811057436,3.9049919484702094,5.4616210413311865,4.0995705850778315,48.96672034353194,9.420289855072463,6.112453032742888,0.28180354267310787,0.30193236714975846
126,18.129361245303276,3.9184111647879765,3.898282340311326,5.340848094471283,4.206924315619967,48.44337090713902,9.366612989801396,6.112453032742888,0.28180354267310787,0.30193236714975846
127,18.243424584004295,3.9184111647879765,3.898282340311326,7.024959742351046,4.200214707461084,46.866612989801396,9.366612989801396,5.897745571658615,0.28180354267310787,0.30193236714975846
128,18.625872249060656,3.9184111647879765,3.898282340311326,6.910896403650026,4.200214707461084,46.67874396135266,9.265968867418144,5.931293612453032,0.2683843263553409,0.30193236714975846
129,18.84728931830381,3.8915727321524423,3.898282340311326,6.89747718733226,4.294149221685454,46.47745571658615,9.111647879763822,6.011808910359635,0.2683843263553409,0.30193236714975846
130,19.129092860976918,3.8848631239935587,3.898282340311326,6.743156199677939,4.320987654320987,46.08829844337091,9.41358024691358,5.998389694041868,0.2214170692431562,0.30193236714975846
131,19.28341384863124,3.878153515834675,3.844605475040258,6.716317767042405,4.30756843800322,46.03462157809984,9.41358024691358,5.998389694041868,0.2214170692431562,0.30193236714975846
132,19.73966720343532,3.878153515834675,3.911701556629093,6.6827697262479875,4.300858829844337,45.59849704777241,9.292807300053678,6.072195383789587,0.2214170692431562,0.30193236714975846
133,19.94766505636071,3.851315083199141,3.911701556629093,6.615673644659152,4.247181964573269,45.44417606011809,9.292807300053678,6.166129898013956,0.2214170692431562,0.30193236714975846
134,20.46430488459474,3.851315083199141,3.898282340311326,6.494900697799249,4.3545356951154055,45.1154052603328,9.212292002147075,6.085614600107354,0.2214170692431562,0.30193236714975846
135,20.618625872249062,3.7372517444981215,3.898282340311326,6.481481481481482,4.274020397208803,45.06172839506173,9.346484165324744,6.0587761674718195,0.2214170692431562,0.30193236714975846
136,20.94068706387547,3.7372517444981215,3.898282340311326,6.394256575415996,4.260601180891036,44.41089640365003,9.333064949006978,6.501610305958132,0.2214170692431562,0.30193236714975846
137,21.021202361782073,3.7372517444981215,3.8915727321524423,6.387546967257112,4.528985507246377,44.196188942565755,9.272678475577026,6.4412238325281805,0.2214170692431562,0.30193236714975846
138,21.349973161567366,3.7238325281803544,3.8378958668813743,6.66935050993022,4.502147074610843,43.142780461621044,9.225711218464841,7.024959742351046,0.2214170692431562,0.30193236714975846
139,21.772678475577028,3.7238325281803544,3.8378958668813743,6.655931293612453,4.502147074610843,42.76033279656468,9.138486312399356,7.085346215780999,0.2214170692431562,0.30193236714975846
140,21.83977455716586,3.69699409554482,3.8378958668813743,6.642512077294686,4.502147074610843,42.73349436392915,9.138486312399356,7.085346215780999,0.2214170692431562,0.30193236714975846
141,22.443639291465377,3.6902844873859366,3.7573805689747717,6.642512077294686,4.502147074610843,42.25711218464841,9.111647879763822,7.085346215780999,0.2214170692431562,0.2885131508319914
142,22.819377348362856,3.6902844873859366,3.864734299516908,6.769994632313473,4.49543746645196,41.79414922168545,9.111647879763822,6.944444444444445,0.2214170692431562,0.2885131508319914
143,23.087761674718198,3.6902844873859366,3.824476650563607,6.998121309715513,4.49543746645196,41.06951154052604,9.07139023081052,7.253086419753086,0.2214170692431562,0.2885131508319914
144,23.275630703166936,3.6768652710681695,3.824476650563607,7.112184648416532,4.4753086419753085,40.50590445517982,8.870101986044014,7.749597423510467,0.2214170692431562,0.2885131508319914
145,23.470209339774556,3.656736446591519,3.824476650563607,7.4141170155662905,4.455179817498658,40.13016639828234,8.870101986044014,7.669082125603865,0.2214170692431562,0.2885131508319914
146,23.95330112721417,3.5628019323671496,3.797638217928073,7.306763285024155,4.408212560386473,39.81481481481482,8.796296296296296,7.877079978529254,0.19457863660762212,0.2885131508319914
147,24.188137412775095,3.5628019323671496,3.797638217928073,7.367149758454106,4.408212560386473,39.32501341921632,8.78287707997853,8.085077831454644,0.19457863660762212,0.2885131508319914
148,24.349168008588297,3.5628019323671496,3.770799785292539,7.353730542136339,4.408212560386473,39.21765968867418,8.769457863660762,8.085077831454644,0.19457863660762212,0.2885131508319914
149,25.06038647342995,3.556092324208266,3.770799785292539,7.360440150295223,4.2203435319377345,38.727858293075684,8.668813741277509,8.152173913043478,0.19457863660762212,0.2885131508319914
150,25.5703166935051,3.556092324208266,3.770799785292539,7.360440150295223,4.2203435319377345,38.439345142243695,8.568169618894256,8.031400966183575,0.19457863660762212,0.2885131508319914
151,26.100375738056897,3.556092324208266,3.7037037037037037,6.991411701556629,4.361245303274289,38.30515297906602,8.494363929146537,8.011272141706923,0.19457863660762212,0.28180354267310787
152,26.160762211486848,3.556092324208266,3.7037037037037037,6.971282877079979,4.508856682769726,38.17096081588835,8.474235104669887,7.977724100912507,0.19457863660762212,0.28180354267310787
153,26.529790660225444,3.556092324208266,3.6634460547504024,6.944444444444445,4.508856682769726,37.9092860976919,8.460815888352121,7.950885668276973,0.19457863660762212,0.28180354267310787
154,26.8317230273752,3.556092324208266,3.743961352657005,6.91760601180891,4.508856682769726,37.65432098765432,8.387010198604402,7.924047235641439,0.19457863660762212,0.28180354267310787
155,27.569779924852387,3.3480944712828773,3.5225442834138487,7.4006977992485234,4.435050993022007,36.983360171765966,8.252818035426731,8.011272141706923,0.19457863660762212,0.28180354267310787
156,27.958937198067634,3.3480944712828773,3.5225442834138487,7.367149758454106,4.414922168545357,36.72168545356951,8.252818035426731,7.937466451959206,0.19457863660762212,0.28180354267310787
157,28.012614063338702,3.3480944712828773,3.5225442834138487,7.367149758454106,4.388083735909823,36.70826623725174,8.252818035426731,7.924047235641439,0.19457863660762212,0.28180354267310787
158,28.381642512077295,3.3480944712828773,3.515834675254965,7.306763285024155,4.4753086419753085,36.520397208803004,8.225979602791197,7.749597423510467,0.19457863660762212,0.28180354267310787
159,28.475577026301664,3.3413848631239937,3.515834675254965,7.2933440687063875,4.4753086419753085,36.44659151905529,8.225979602791197,7.749597423510467,0.19457863660762212,0.28180354267310787
160,28.63660762211487,3.3413848631239937,3.515834675254965,7.246376811594203,4.4753086419753085,36.33252818035427,8.225979602791197,7.749597423510467,0.19457863660762212,0.28180354267310787
161,28.844605475040257,3.3413848631239937,3.6231884057971016,7.313472893183038,4.448470209339774,36.09769189479334,8.105206655931294,7.749597423510467,0.19457863660762212,0.28180354267310787
162,29.166666666666668,3.3413848631239937,3.6231884057971016,7.313472893183038,4.448470209339774,35.78234031132582,8.105206655931294,7.742887815351583,0.19457863660762212,0.28180354267310787
163,29.2337627482555,3.3413848631239937,3.6231884057971016,7.608695652173913,4.448470209339774,35.53408480944713,8.07836822329576,7.6556629092860975,0.19457863660762212,0.28180354267310787
164,29.663177670424048,3.3413848631239937,3.5829307568438002,7.481213097155126,4.42163177670424,35.339506172839506,8.07836822329576,7.628824476650563,0.19457863660762212,0.2683843263553409
165,29.723564143854,3.3413848631239937,3.5829307568438002,7.481213097155126,4.408212560386473,35.299248523886206,8.071658615136876,7.628824476650563,0.19457863660762212,0.2683843263553409
166,29.891304347826086,3.3413848631239937,3.5829307568438002,7.474503488996243,4.388083735909823,35.218733225979605,8.071658615136876,7.568438003220612,0.19457863660762212,0.2683843263553409
167,29.73027375201288,3.3413848631239937,3.5762211486849167,8.608427267847558,4.3478260869565215,34.35990338164251,7.944176060118089,7.628824476650563,0.19457863660762212,0.2683843263553409
168,30.04562533548041,3.33467525496511,3.569511540526033,8.548040794417606,4.455179817498658,34.09822866344606,7.897208803005904,7.588566827697263,0.19457863660762212,0.2683843263553409
169,29.99194847020934,3.321256038647343,3.569511540526033,8.514492753623188,4.696725711218465,33.93719806763285,7.863660762211487,7.64224369296833,0.19457863660762212,0.2683843263553409
170,30.226784755770264,3.321256038647343,3.569511540526033,8.494363929146537,4.696725711218465,33.84997316156736,7.796564680622652,7.615405260332796,0.19457863660762212,0.23483628556092323
171,30.414653784219002,3.321256038647343,3.616478797638218,8.494363929146537,4.777241009125067,33.541331186258724,7.796564680622652,7.608695652173913,0.19457863660762212,0.23483628556092323
172,30.52200751476114,3.321256038647343,3.603059581320451,8.648684916800859,4.810789049919484,32.9374664519592,7.749597423510467,7.977724100912507,0.19457863660762212,0.23483628556092323
173,30.683038110574344,3.280998389694042,3.603059581320451,8.648684916800859,4.810789049919484,32.82340311325819,7.742887815351583,7.977724100912507,0.19457863660762212,0.23483628556092323
174,30.381105743424584,3.2541599570585076,3.475577026301664,8.621846484165324,4.736983360171766,32.6154052603328,8.57487922705314,7.9106280193236715,0.19457863660762212,0.23483628556092323
175,30.609232420826622,3.1468062265163717,3.0059044551798175,8.581588835212024,4.690016103059581,32.26650563607085,8.57487922705314,8.729200214707461,0.19457863660762212,0.20128824476650564
176,30.709876543209877,3.1468062265163717,2.9790660225442833,8.55475040257649,4.690016103059581,32.23966720343532,8.57487922705314,8.709071390230811,0.19457863660762212,0.20128824476650564
177,30.96484165324745,3.126677402039721,2.952227589908749,8.494363929146537,4.690016103059581,32.13231347289318,8.548040794417606,8.695652173913043,0.19457863660762212,0.20128824476650564
178,31.447933440687063,3.1199677938808374,2.952227589908749,8.480944712828771,4.669887278582931,31.95115405260333,8.400429414922169,8.581588835212024,0.19457863660762212,0.20128824476650564
179,29.7638217928073,3.052871712292002,3.2541599570585076,7.856951154052603,4.388083735909823,34.82957595276436,8.28636607622115,8.192431561996779,0.19457863660762212,0.18115942028985507
180,30.07246376811594,3.046162104133119,3.2541599570585076,7.809983896940419,4.38137412775094,34.74235104669887,8.219269994632313,8.09849704777241,0.19457863660762212,0.18115942028985507
181,30.454911433172303,3.026033279656468,3.240740740740741,7.722758990874933,4.361245303274289,34.60144927536232,8.179012345679013,8.038110574342458,0.19457863660762212,0.18115942028985507
182,30.703166935050994,3.026033279656468,3.227321524422974,7.689210950080516,4.341116478797638,34.54106280193237,7.971014492753623,8.024691358024691,0.30864197530864196,0.16774020397208803
183,30.870907139023082,3.026033279656468,3.227321524422974,7.675791733762749,4.341116478797638,34.4068706387547,7.971014492753623,8.004562533548041,0.30864197530864196,0.16774020397208803
184,31.0252281266774,3.026033279656468,3.374932903918411,7.6623725174449815,4.374664519592056,34.044551798174986,7.944176060118089,8.071658615136876,0.30864197530864196,0.16774020397208803
185,30.99838969404187,3.026033279656468,3.374932903918411,7.608695652173913,4.810789049919484,33.72920021470746,7.944176060118089,8.031400966183575,0.30864197530864196,0.16774020397208803
186,31.280193236714975,2.7979066022544283,3.2474503488996245,7.575147611379496,5.065754159957058,33.601717659688674,7.944176060118089,8.011272141706923,0.30864197530864196,0.16774020397208803
187,31.64922168545357,2.7979066022544283,3.1736446591519054,7.588566827697263,5.032206119162641,33.36688137412775,7.957595276435856,7.957595276435856,0.30864197530864196,0.16774020397208803
188,31.709608158883523,2.831454643048846,3.1736446591519054,7.333601717659689,5.032206119162641,32.83682232957595,8.735909822866345,7.87037037037037,0.30864197530864196,0.16774020397208803
189,31.944444444444443,2.831454643048846,3.1736446591519054,7.306763285024155,4.9718196457326895,32.789855072463766,8.641975308641975,7.863660762211487,0.30864197530864196,0.16774020397208803
190,32.18599033816425,2.8113258185721954,3.1736446591519054,7.246376811594203,4.898013955984971,32.62211486849168,8.756038647342995,7.830112721417069,0.30864197530864196,0.16774020397208803
191,32.098765432098766,2.8113258185721954,3.1736446591519054,7.246376811594203,5.112721417069243,32.608695652173914,8.655394524959743,7.830112721417069,0.2952227589908749,0.16774020397208803
192,31.810252281266774,2.7509393451422435,3.898282340311326,7.132313472893183,5.072463768115942,32.26650563607085,8.722490606548577,7.937466451959206,0.2952227589908749,0.11406333870101985
193,32.085346215781,2.737520128824477,4.019055287171229,7.118894256575416,5.072463768115942,32.01154052603328,8.702361782071927,7.843531937734836,0.2952227589908749,0.11406333870101985
194,32.1658615136876,2.7241009125067097,4.019055287171229,7.139023081052066,5.340848094471283,31.689479334406872,8.675523349436393,7.836822329575953,0.2952227589908749,0.11406333870101985
195,32.347020933977454,2.7241009125067097,4.012345679012346,7.132313472893183,5.515297906602254,31.387546967257112,8.588298443370908,7.883789586688137,0.2952227589908749,0.11406333870101985
196,32.54159957058508,2.7106816961889426,3.9519592055823938,7.380568974771873,5.495169082125604,31.146001073537306,8.521202361782072,7.843531937734836,0.2952227589908749,0.11406333870101985
197,32.809983896940416,2.690552871712292,3.911701556629093,7.313472893183038,5.481749865807837,30.938003220611915,8.514492753623188,7.930756843800322,0.2952227589908749,0.11406333870101985
198,32.78314546430489,2.690552871712292,3.911701556629093,7.2933440687063875,5.340848094471283,30.495169082125603,9.017713365539452,7.930756843800322,0.4227053140096618,0.11406333870101985
199,32.76301663982824,2.6301663982823404,4.079441760601181,7.2933440687063875,5.374396135265701,30.44820182501342,9.01100375738057,7.863660762211487,0.4227053140096618,0.11406333870101985
200,32.950885668276975,2.6301663982823404,4.052603327965647,7.185990338164252,5.367686527106817,30.421363392377884,9.01100375738057,7.863660762211487,0.4025764895330113,0.11406333870101985
201,31.239935587761675,2.4892646269457863,3.2675791733762747,7.065217391304348,5.032206119162641,33.964036500268385,8.856682769726248,7.568438003220612,0.4025764895330113,0.11406333870101985
202,31.52173913043478,2.475845410628019,3.2340311325818574,7.897208803005904,5.025496511003757,33.08507783145464,8.836553945249598,7.407407407407407,0.4025764895330113,0.11406333870101985
203,31.87734836285561,2.475845410628019,3.2340311325818574,7.883789586688137,4.938271604938271,32.8972088030059,8.836553945249598,7.340311325818572,0.4025764895330113,0.11406333870101985
204,31.561996779388085,2.4557165861513686,3.1333870101986045,7.722758990874933,6.9243156199677935,32.07192699946323,8.621846484165324,6.991411701556629,0.4025764895330113,0.11406333870101985
205,31.5552871712292,2.4557165861513686,3.1333870101986045,8.21256038647343,7.273215244229737,31.54186795491143,8.53462157809984,6.776704240472356,0.4025764895330113,0.11406333870101985
206,31.723027375201287,2.4557165861513686,3.0931293612453032,8.360171765968868,7.474503488996243,31.052066559312937,8.628556092324208,6.696188942565755,0.4025764895330113,0.11406333870101985
207,31.93102522812668,2.4557165861513686,3.0595813204508855,8.259527643585615,7.474503488996243,31.00509930220075,8.608427267847558,6.689479334406871,0.4025764895330113,0.11406333870101985
208,32.54830917874396,2.3349436392914655,3.0059044551798175,8.3467525496511,7.340311325818572,30.756843800322063,8.548040794417606,6.602254428341385,0.4025764895330113,0.11406333870101985
209,32.729468599033815,2.3349436392914655,3.2340311325818574,8.454106280193237,7.139023081052066,30.67632850241546,8.420558239398819,6.494900697799249,0.4025764895330113,0.11406333870101985
210,32.92404723564144,2.3349436392914655,3.3413848631239937,8.293075684380032,7.112184648416532,30.575684380032207,8.413848631239935,6.494900697799249,0.39586688137412773,0.11406333870101985
211,32.950885668276975,2.328234031132582,3.3011272141706924,8.487654320987655,7.092055823939882,30.300590445517983,8.581588835212024,6.447933440687064,0.39586688137412773,0.11406333870101985
212,33.21926999463231,2.328234031132582,3.2139023081052067,8.641975308641975,7.0383789586688135,30.193236714975846,8.427267847557703,6.4345142243692965,0.38915727321524424,0.11406333870101985
213,33.2662372517445,2.1269457863660763,3.488996242619431,8.628556092324208,6.9243156199677935,30.193236714975846,8.433977455716587,6.4345142243692965,0.38915727321524424,0.11406333870101985
214,33.63526570048309,2.1269457863660763,3.44873859366613,8.61513687600644,6.890767579173376,30.14626945786366,8.313204508856682,6.353998926462695,0.35560923242082665,0.11406333870101985
215,33.682232957595275,2.1269457863660763,3.5762211486849167,8.57487922705314,6.776704240472356,30.132850241545892,8.111916264090176,6.387546967257112,0.5166398282340311,0.11406333870101985
216,33.903650026838434,2.1269457863660763,3.5762211486849167,8.474235104669887,6.729736983360172,30.07246376811594,8.111916264090176,6.374127750939345,0.5166398282340311,0.11406333870101985
217,34.21900161030596,2.1269457863660763,3.5762211486849167,8.373590982286634,6.729736983360172,29.985238862050455,8.011272141706923,6.347289318303811,0.5166398282340311,0.11406333870101985
218,34.39345142243693,2.1269457863660763,3.5762211486849167,8.36688137412775,6.696188942565755,29.884594739667204,8.011272141706923,6.3137412775093935,0.5166398282340311,0.11406333870101985
219,34.48067632850242,2.1135265700483092,3.5762211486849167,8.353462157809984,6.696188942565755,29.777241009125067,8.071658615136876,6.300322061191626,0.5166398282340311,0.11406333870101985
220,34.655126140633385,2.1135265700483092,3.5628019323671496,8.3064949006978,6.689479334406871,29.71014492753623,8.05823939881911,6.273483628556092,0.5166398282340311,0.11406333870101985
221,34.74906065485776,2.1135265700483092,3.556092324208266,8.3064949006978,6.655931293612453,29.522275899087493,8.044820182501342,6.421095008051529,0.5166398282340311,0.11406333870101985
222,34.72893183038111,2.1135265700483092,3.683574879227053,8.272946859903382,6.655931293612453,29.51556629092861,7.977724100912507,6.421095008051529,0.5166398282340311,0.11406333870101985
223,35.057702630166396,2.1135265700483092,3.683574879227053,8.152173913043478,6.588835212023618,29.180085882984432,7.971014492753623,6.622383252818035,0.5166398282340311,0.11406333870101985
224,35.35963499731616,2.1135265700483092,3.6634460547504024,8.132045088566828,6.561996779388084,29.09957058507783,7.776435856146001,6.716317767042405,0.46296296296296297,0.11406333870101985
225,35.71524422973698,2.1135265700483092,3.6366076221148687,8.132045088566828,6.5552871712292005,28.951959205582394,7.608695652173913,6.709608158883521,0.46296296296296297,0.11406333870101985
226,35.829307568438004,2.0933977455716586,3.6366076221148687,8.132045088566828,6.494900697799249,28.764090177133657,7.7831454643048845,6.689479334406871,0.46296296296296297,0.11406333870101985
227,35.98362855609233,2.086688137412775,3.670155662909286,8.132045088566828,6.468062265163715,28.629898013955984,7.7831454643048845,6.6827697262479875,0.4495437466451959,0.11406333870101985
228,36.02388620504563,2.0531400966183573,3.643317230273752,7.944176060118089,7.340311325818572,28.099838969404185,7.7831454643048845,6.5485775630703165,0.4495437466451959,0.11406333870101985
229,36.14465915190553,2.0531400966183573,3.643317230273752,7.930756843800322,7.461084272678476,27.992485238862052,7.763016639828234,6.447933440687064,0.4495437466451959,0.11406333870101985
230,36.460010735373054,2.0531400966183573,3.5762211486849167,7.9106280193236715,7.595276435856146,27.791196994095547,7.608695652173913,6.468062265163715,0.43612453032742887,0.10064412238325282
231,36.8894256575416,2.0531400966183573,3.5628019323671496,7.9106280193236715,7.595276435856146,27.2812667740204,7.581857219538379,6.588835212023618,0.43612453032742887,0.10064412238325282
232,37.184648416532475,2.0531400966183573,3.5628019323671496,7.843531937734836,7.581857219538379,27.086688137412775,7.568438003220612,6.582125603864735,0.43612453032742887,0.10064412238325282
