,45,50,54,51,55,56,52,53,58,57,59,61,60,62,66,64,63
0,96.20236178207193,3.7573805689747717,0.040257648953301126,,,,,,,,,,,,,,
1,77.40874932903918,19.39747718733226,,2.898550724637681,0.24154589371980675,0.05367686527106817,,,,,,,,,,,
2,74.55045625335481,22.25577026301664,,2.8918411164787976,0.24154589371980675,0.06038647342995169,,,,,,,,,,,
3,64.52630166398282,32.038378958668815,0.13419216317767044,2.8918411164787976,0.3488996242619431,0.06038647342995169,,,,,,,,,,,
4,63.177670424047236,26.878690284487387,0.06038647342995169,2.8918411164787976,0.2281266774020397,0.06038647342995169,4.522275899087493,2.167203435319377,0.013419216317767043,,,,,,,,
5,61.61433172302738,28.099838969404185,0.06038647342995169,2.8918411164787976,0.41599570585077833,0.06038647342995169,4.555823939881911,2.2879763821792807,0.013419216317767043,,,,,,,,
6,54.1532474503489,35.68169618894257,0.06038647342995169,2.3483628556092326,0.7514761137949544,0.14761137949543746,4.528985507246377,2.2879763821792807,0.013419216317767043,0.026838432635534086,,,,,,,
7,52.012882447665056,34.25925925925926,0.06038647342995169,3.475577026301664,0.8588298443370908,0.013419216317767043,7.065217391304348,2.1806226516371443,0.04696725711218465,0.026838432635534086,,,,,,,
8,42.27724100912507,42.49865807836822,0.0939345142243693,3.3279656468062266,0.9057971014492754,0.013419216317767043,7.125603864734299,3.6768652710681695,0.04696725711218465,0.03354804079441761,,,,,,,
9,38.1105743424584,44.41089640365003,0.0939345142243693,5.837359098228664,0.7783145464304885,0.013419216317767043,7.125603864734299,3.535963499731616,0.04696725711218465,0.04696725711218465,,,,,,,
10,31.622383252818036,47.38325281803543,4.327697262479871,5.837359098228664,2.4020397208803006,0.013419216317767043,4.683306494900698,3.549382716049383,0.04696725711218465,0.13419216317767044,,,,,,,
11,27.58990874932904,51.11379495437466,4.28743961352657,5.683038110574342,2.6972624798711755,0.17444981213097155,4.669887278582931,3.5628019323671496,0.04696725711218465,0.14761137949543746,0.026838432635534086,,,,,,
12,27.522812667740205,48.27563070316693,3.1736446591519054,5.649490069779925,4.05931293612453,0.28180354267310787,7.387278582930757,3.388352120236178,0.08722490606548577,0.14761137949543746,0.026838432635534086,,,,,,
13,26.576757917337627,37.3792270531401,2.536231884057971,20.605206655931294,2.85829307568438,0.2885131508319914,6.072195383789587,3.3950617283950617,0.08722490606548577,0.17444981213097155,0.026838432635534086,,,,,,
14,25.77831454643049,32.87707997852925,3.8580246913580245,22.25577026301664,1.751207729468599,0.8722490606548577,6.830381105743425,5.381105743424584,0.12077294685990338,0.2214170692431562,0.05367686527106817,,,,,,
15,21.38352120236178,36.111111111111114,3.8580246913580245,23.899624261943103,2.1269457863660763,1.0198604401502953,6.407675791733762,4.824208266237251,0.12077294685990338,0.19457863660762212,0.05367686527106817,,,,,,
16,21.22249060654858,36.18491680085883,3.7372517444981215,23.637949543746647,2.3081052066559313,1.2748255501878691,6.407675791733762,4.797369833601718,0.14761137949543746,0.19457863660762212,0.08722490606548577,,,,,,
17,20.954106280193237,34.50751476113795,3.5762211486849167,21.22920021470746,2.0128824476650564,1.5096618357487923,8.903650026838433,6.843800322061192,0.14761137949543746,0.24825550187869028,0.06709608158883522,,,,,,
18,20.068438003220614,34.33977455716586,3.603059581320451,21.095008051529792,2.167203435319377,1.865271068169619,9.561191626409018,6.837090713902308,0.15432098765432098,0.24154589371980675,0.06709608158883522,,,,,,
19,15.49248523886205,35.57434245840043,2.1940418679549114,26.583467525496513,2.314814814814815,1.865271068169619,8.809715512614064,6.729736983360172,0.15432098765432098,0.2147074610842727,0.06709608158883522,,,,,,
20,9.447128287707997,45.74610842726785,2.657004830917874,24.3894256575416,2.214170692431562,1.8183038110574343,7.313472893183038,5.978260869565218,0.15432098765432098,0.2147074610842727,0.06709608158883522,,,,,,
21,5.9514224369296835,44.97450348899624,0.6843800322061192,29.542404723564143,1.4090177133655395,1.0466988727858293,12.31213097155126,3.5091250670960816,0.3153515834675255,0.24154589371980675,0.013419216317767043,,,,,,
22,3.717122920021471,35.225442834138484,0.7716049382716049,39.84836285560923,1.6841116478797638,2.509393451422437,12.057165861513688,3.4688674181427803,0.35560923242082665,0.3488996242619431,0.013419216317767043,,,,,,
23,3.502415458937198,34.76918947933441,2.046430488459474,33.59500805152979,1.8384326355340848,2.0128824476650564,12.037037037037036,9.54777241009125,0.2885131508319914,0.3488996242619431,0.013419216317767043,,,,,,
24,3.3682232957595275,34.66854535695116,1.7646269457863661,34.56119162640902,1.9793344068706387,2.214170692431562,11.20504562533548,9.380032206119163,0.2885131508319914,0.3488996242619431,0.20799785292538917,0.013419216317767043,,,,,
25,3.2675791733762747,31.54186795491143,2.368491680085883,34.35319377348363,4.542404723564144,2.147074610842727,11.16478797638218,9.433709071390231,0.3153515834675255,0.4830917874396135,0.36902844873859364,0.013419216317767043,,,,,
26,3.1602254428341383,31.04535695115405,2.3617820719269993,32.326892109500804,4.924852388620504,2.147074610842727,13.325281803542673,9.386741814278047,0.3153515834675255,0.6172839506172839,0.3421900161030596,0.013419216317767043,0.03354804079441761,,,,
27,3.1602254428341383,29.851046698872786,2.3349436392914655,32.18599033816425,5.300590445517981,2.1739130434782608,13.935856146001074,8.655394524959743,0.4092860976918948,1.6304347826086956,0.3153515834675255,0.013419216317767043,0.03354804079441761,,,,
28,2.4825550187869028,24.315619967793882,2.3349436392914655,38.808373590982285,5.9447128287707995,2.952227589908749,16.022544283413847,4.643048845947397,0.4428341384863124,1.778046162104133,0.2281266774020397,0.013419216317767043,0.03354804079441761,,,,
29,2.046430488459474,21.349973161567366,2.636876006441224,47.41009125067096,5.669618894256575,3.227321524422974,10.923242082662373,4.542404723564144,0.4428341384863124,1.4761137949543746,0.2281266774020397,0.013419216317767043,0.03354804079441761,,,,
30,2.0263016639828235,14.888620504562533,2.1269457863660763,55.461621041331185,5.10601180891036,3.294417606011809,10.7085346215781,4.2270531400966185,0.4562533548040794,1.442565754159957,0.2281266774020397,,0.03354804079441761,,,,
31,1.7914653784219001,14.472624798711756,3.5762211486849167,51.1406333870102,8.13875469672571,4.126409017713366,10.520665593129362,3.9519592055823938,0.4830917874396135,1.5365002683843263,0.2281266774020397,,0.03354804079441761,,,,
32,1.7914653784219001,13.774825550187868,3.193773483628556,48.39640365002684,8.568169618894256,3.9855072463768115,13.573537305421363,4.51556629092861,0.4495437466451959,1.4626945786366077,0.2281266774020397,,0.03354804079441761,0.026838432635534086,,,
33,1.778046162104133,13.687600644122384,3.193773483628556,47.61808910359635,8.648684916800859,4.871175523349437,13.513150831991412,4.488727858293076,0.4495437466451959,1.4626945786366077,0.2281266774020397,,0.03354804079441761,0.026838432635534086,,,
34,1.778046162104133,13.22463768115942,3.099838969404187,45.9272678475577,9.245840042941492,5.273752012882448,13.45276435856146,5.589103596349974,0.5099302200751477,1.5901771336553945,0.24825550187869028,,0.03354804079441761,0.026838432635534086,,,
35,1.7646269457863661,13.177670424047236,3.0864197530864197,45.54482018250134,9.205582393988191,5.656199677938808,13.378958668813741,5.58239398819109,0.5904455179817498,1.5901771336553945,0.36231884057971014,,0.03354804079441761,0.026838432635534086,,,
36,1.7646269457863661,12.97638217928073,3.1535158346752548,45.18250134192163,9.366612989801396,5.9447128287707995,13.325281803542673,5.4549114331723025,0.5904455179817498,1.6438539989264627,0.5300590445517982,0.0067096081588835215,0.03354804079441761,0.026838432635534086,,,
37,1.7579173376274826,11.882716049382717,3.2474503488996245,33.23268921095008,6.736446591519055,5.307300053676865,28.16022544283414,7.098765432098766,0.41599570585077833,1.5499194847020934,0.5300590445517982,0.0067096081588835215,0.04696725711218465,0.026838432635534086,,,
38,1.7579173376274826,11.768652710681696,3.260869565217391,32.930756843800324,6.776704240472356,5.736714975845411,27.30139559849705,7.024959742351046,0.5099302200751477,2.2745571658615136,0.5300590445517982,0.0067096081588835215,0.0939345142243693,0.026838432635534086,,,
39,1.6505636070853462,11.634460547504025,3.260869565217391,35.31266774020397,6.702898550724638,5.092592592592593,26.838432635534083,6.226516371443908,0.4428341384863124,2.214170692431562,0.49651100375738055,0.0067096081588835215,0.0939345142243693,0.026838432635534086,,,
40,1.6505636070853462,11.600912506709609,3.2742887815351582,35.18518518518518,6.749865807836822,5.280461621041331,26.684111647879764,6.226516371443908,0.43612453032742887,2.301395598497048,0.4830917874396135,0.0067096081588835215,0.0939345142243693,0.026838432635534086,,,
41,1.6505636070853462,11.52710681696189,5.917874396135265,35.04428341384863,6.716317767042405,5.434782608695652,24.376006441223833,5.8239398819108965,0.5233494363929146,2.3752012882447664,0.4830917874396135,0.0067096081588835215,0.0939345142243693,0.026838432635534086,,,
42,1.6438539989264627,7.85024154589372,5.810520665593129,34.86312399355877,5.837359098228664,5.35426731078905,28.5829307568438,6.723027375201288,0.2281266774020397,2.4892646269457863,0.5099302200751477,0.0067096081588835215,0.0939345142243693,0.0067096081588835215,,,
43,1.6438539989264627,6.072195383789587,5.065754159957058,34.225711218464845,5.092592592592593,4.884594739667204,32.95759527643585,6.655931293612453,0.2616747181964573,2.5161030595813205,0.5434782608695652,,0.07380568974771873,0.0067096081588835215,,,
44,1.5901771336553945,5.991680085882985,4.280730005367687,36.95652173913044,5.018786902844874,4.797369833601718,31.749865807836823,5.891035963499732,0.4428341384863124,2.737520128824477,0.41599570585077833,,0.12077294685990338,0.0067096081588835215,,,
45,1.5901771336553945,5.958132045088567,4.280730005367687,36.802200751476114,4.99194847020934,4.951690821256038,31.407675791733762,5.891035963499732,0.4830917874396135,3.099838969404187,0.41599570585077833,,0.12077294685990338,0.0067096081588835215,,,
46,1.5901771336553945,5.159688674181428,4.1532474503489,35.789049919484704,4.247181964573269,5.166398282340311,36.25872249060655,3.9989264626945786,0.24154589371980675,2.7442297369833604,0.5233494363929146,,0.12077294685990338,0.0067096081588835215,,,
47,1.583467525496511,5.139559849704777,6.461352657004831,32.10547504025765,4.394793344068707,5.2066559312936125,37.9898013955985,3.4621578099838968,0.28180354267310787,2.7643585614600106,0.47638217928073,0.013419216317767043,0.11406333870101985,0.0067096081588835215,,,
48,1.583467525496511,5.139559849704777,6.461352657004831,32.058507783145465,4.441760601180891,5.2066559312936125,37.98309178743961,3.4621578099838968,0.28180354267310787,2.771068169618894,0.47638217928073,0.013419216317767043,0.11406333870101985,0.0067096081588835215,,,
49,1.4962426194310252,4.656468062265164,10.34621578099839,33.41384863123994,3.7238325281803544,4.884594739667204,36.00375738056898,1.5901771336553945,0.23483628556092323,3.0327428878153517,0.4830917874396135,0.013419216317767043,0.11406333870101985,0.0067096081588835215,,,
50,1.4962426194310252,4.51556629092861,10.34621578099839,31.5552871712292,3.851315083199141,5.065754159957058,37.5805152979066,1.5901771336553945,0.24825550187869028,3.1333870101986045,0.4830917874396135,0.013419216317767043,0.11406333870101985,0.0067096081588835215,,,
51,1.4962426194310252,3.374932903918411,9.957058507783145,42.39801395598497,4.334406870638754,5.112721417069243,28.12667740203972,1.7176596886741815,0.27509393451422437,2.5496511003757383,0.5233494363929146,0.013419216317767043,0.11406333870101985,0.0067096081588835215,,,
52,1.4694041867954912,3.3279656468062266,9.91009125067096,39.72758990874933,4.28743961352657,5.267042404723564,30.48845947396672,1.8250134192163177,0.27509393451422437,2.7241009125067097,0.5636070853462157,0.013419216317767043,0.11406333870101985,0.0067096081588835215,,,
53,1.4694041867954912,3.307836822329576,9.977187332259795,39.51959205582394,4.28743961352657,5.401234567901234,30.46833064949007,1.8048845947396672,0.27509393451422437,2.7241009125067097,0.630703166935051,0.013419216317767043,0.11406333870101985,0.0067096081588835215,,,
54,1.4694041867954912,3.2742887815351582,9.957058507783145,39.04320987654321,4.904723564143854,5.501878690284487,30.14626945786366,1.8048845947396672,0.30193236714975846,2.8247450348899625,0.644122383252818,0.013419216317767043,0.10735373054213634,0.0067096081588835215,,,
55,1.4694041867954912,3.2742887815351582,9.75577026301664,37.3389694041868,4.978529253891573,5.971551261406334,30.50858829844337,2.2208803005904456,0.3153515834675255,3.193773483628556,0.8454106280193237,0.013419216317767043,0.10735373054213634,0.0067096081588835215,,,
56,1.4694041867954912,3.2474503488996245,9.708803005904455,37.21819645732689,5.025496511003757,6.0654857756307035,30.387815351583466,2.2342995169082127,0.3153515834675255,3.280998389694042,0.8722490606548577,0.06038647342995169,0.10735373054213634,0.0067096081588835215,,,
57,1.415727321524423,3.079710144927536,9.5276435856146,37.151100375738054,5.307300053676865,6.1862587224906065,30.10601180891036,2.200751476113795,0.36902844873859364,3.5829307568438002,0.8856682769726248,0.06038647342995169,0.12077294685990338,0.0067096081588835215,,,
58,1.3150831991411702,3.113258185721954,9.406870638754697,36.45330112721417,5.226784755770263,6.246645195920558,29.334406870638755,3.656736446591519,0.644122383252818,3.535963499731616,0.8856682769726248,0.06038647342995169,0.11406333870101985,0.0067096081588835215,,,
59,1.3150831991411702,3.113258185721954,9.366612989801396,36.12453032742888,5.35426731078905,6.427804616210413,29.186795491143318,3.656736446591519,0.644122383252818,3.7037037037037037,0.9259259259259259,0.06038647342995169,0.11406333870101985,0.0067096081588835215,,,
60,1.3150831991411702,2.9589371980676327,9.346484165324744,34.655126140633385,4.938271604938271,8.051529790660226,29.562533548040793,3.643317230273752,0.6172839506172839,3.824476650563607,0.9125067096081588,0.06038647342995169,0.10735373054213634,0.0067096081588835215,,,
61,1.3150831991411702,2.952227589908749,9.346484165324744,34.38003220611916,4.918142780461621,8.353462157809984,29.54911433172303,3.535963499731616,0.7246376811594203,3.8378958668813743,0.9125067096081588,0.06038647342995169,0.10735373054213634,0.0067096081588835215,,,
62,1.3150831991411702,2.871712292002147,9.346484165324744,31.99141170155663,5.0791733762748255,8.340042941492216,27.72410091250671,7.226247987117552,0.7514761137949544,4.253891572732153,0.9125067096081588,0.07380568974771873,0.10735373054213634,0.0067096081588835215,,,
63,1.3150831991411702,2.85829307568438,9.346484165324744,31.622383252818036,5.448201825013419,8.487654320987655,27.583199141170155,7.132313472893183,0.7716049382716049,4.28743961352657,0.9393451422436929,0.10735373054213634,0.0939345142243693,0.0067096081588835215,,,
64,1.3083735909822867,2.844873859366613,9.292807300053678,31.34728931830381,5.508588298443371,8.957326892109501,27.355072463768117,6.937734836285561,0.8252818035426731,4.468599033816425,0.9393451422436929,0.11406333870101985,0.0939345142243693,0.0067096081588835215,,,
65,0.7783145464304885,2.61003757380569,8.682232957595277,40.58641975308642,4.562533548040794,8.024691358024691,22.457058507783145,6.729736983360172,1.0332796564680622,3.5829307568438002,0.7917337627482555,0.11406333870101985,0.040257648953301126,0.0067096081588835215,,,
66,0.7514761137949544,2.49597423510467,7.924047235641439,46.79951690821256,4.139828234031133,7.588566827697263,20.50456253354804,4.528985507246377,0.9125067096081588,3.5091250670960816,0.6843800322061192,0.11406333870101985,0.040257648953301126,0.0067096081588835215,,,
67,0.7514761137949544,2.49597423510467,7.890499194847021,50.18115942028985,3.851315083199141,7.6556629092860975,18.699677938808374,3.5963499731615673,0.6575415995705851,3.3413848631239937,0.7179280730005367,0.11406333870101985,0.040257648953301126,0.0067096081588835215,,,
68,0.7514761137949544,2.49597423510467,8.158883521202362,49.704777241009126,3.911701556629093,8.21256038647343,18.370907139023082,3.603059581320451,0.6575415995705851,3.2541599570585076,0.7179280730005367,0.11406333870101985,0.040257648953301126,0.0067096081588835215,,,
69,0.7514761137949544,2.49597423510467,8.158883521202362,48.11460010735373,3.992216854535695,8.340042941492216,18.250134192163177,4.985238862050457,0.6575415995705851,3.3682232957595275,0.7179280730005367,0.12077294685990338,0.040257648953301126,0.0067096081588835215,,,
70,0.7514761137949544,2.49597423510467,6.843800322061192,46.91358024691358,4.944981213097155,7.930756843800322,19.679280730005367,6.025228126677402,0.5770263016639828,3.126677402039721,0.5703166935050993,0.10735373054213634,0.026838432635534086,0.0067096081588835215,,,
71,0.7514761137949544,2.408749329039184,8.004562533548041,44.618894256575416,4.9718196457326895,7.62211486849168,20.967525496511005,6.0654857756307035,0.5904455179817498,3.0730005367686526,0.7581857219538379,0.13419216317767044,0.026838432635534086,0.0067096081588835215,,,
72,0.7179280730005367,2.3752012882447664,8.017981749865807,43.572195383789584,5.01207729468599,7.548309178743962,23.262211486849168,5.267042404723564,0.630703166935051,2.6838432635534084,0.7581857219538379,0.12077294685990338,0.026838432635534086,0.0067096081588835215,,,
73,0.7179280730005367,2.3483628556092326,10.695115405260333,41.80756843800322,5.401234567901234,7.991143317230274,21.87332259796028,5.267042404723564,0.6642512077294686,2.3215244229736984,0.7514761137949544,0.1274825550187869,0.026838432635534086,0.0067096081588835215,,,
74,0.7179280730005367,2.314814814814815,10.527375201288244,42.914653784219,4.38137412775094,8.13875469672571,21.598228663446054,5.179817498658078,0.630703166935051,2.5697799248523885,0.8990874932903918,0.10064412238325282,0.026838432635534086,,,,
75,0.7179280730005367,2.2946859903381642,10.487117552334944,42.76704240472356,4.4753086419753085,8.266237251744498,21.497584541062803,5.119431025228127,0.6843800322061192,2.6637144390767578,0.8990874932903918,0.10064412238325282,0.026838432635534086,,,,
76,0.32877079978529256,5.46833064949007,10.681696188942565,39.54643048845947,5.146269457863661,8.07836822329576,21.336553945249598,5.166398282340311,0.7581857219538379,2.4154589371980677,0.966183574879227,0.08051529790660225,0.026838432635534086,,,,
77,0.32877079978529256,5.46833064949007,10.285829307568438,41.50563607085346,5.173107890499195,8.192431561996779,19.64573268921095,5.092592592592593,0.7581857219538379,2.3752012882447664,0.9796027911969941,0.0939345142243693,0.10064412238325282,,,,
78,0.32877079978529256,5.186527106816962,9.883252818035427,41.237251744498124,5.005367686527107,8.420558239398819,19.504830917874397,5.938003220611916,0.7917337627482555,2.5161030595813205,0.9796027911969941,0.10735373054213634,0.10064412238325282,,,,
79,0.14090177133655393,5.0993022007514766,9.601449275362318,40.734031132581855,4.830917874396135,8.246108427267847,20.9272678475577,5.891035963499732,0.8185721953837896,2.5429414922168547,0.9796027911969941,0.08722490606548577,0.10064412238325282,,,,
80,0.14090177133655393,5.0993022007514766,9.594739667203436,40.61325818572195,4.703435319377348,8.32662372517445,21.021202361782073,5.904455179817498,0.8185721953837896,2.576489533011272,1.0131508319914118,0.08722490606548577,0.10064412238325282,,,,
81,0.14090177133655393,5.072463768115942,9.426999463231347,40.41196994095545,4.730273752012883,8.655394524959743,20.947396672034355,5.877616747181965,0.8588298443370908,2.6637144390767578,1.0265700483091786,0.08722490606548577,0.10064412238325282,,,,
82,0.14090177133655393,5.072463768115942,9.245840042941492,40.21739130434783,4.723564143853999,8.829844337090714,20.8064949006978,5.877616747181965,1.06682769726248,2.804616210413312,1.0265700483091786,0.08722490606548577,0.10064412238325282,,,,
83,0.14090177133655393,4.985238862050457,8.185721953837897,39.44578636607622,4.817498658078368,8.735909822866345,19.652442297369834,9.104938271604938,1.06682769726248,2.791196994095545,0.8990874932903918,0.07380568974771873,0.10064412238325282,,,,
84,0.14090177133655393,4.958400429414922,7.682501341921632,36.56736446591519,4.9651100375738055,9.064680622651638,23.09447128287708,8.514492753623188,1.0399892646269457,2.8381642512077296,0.8990874932903918,0.13419216317767044,0.10064412238325282,,,,
85,0.14090177133655393,4.944981213097155,7.675791733762749,36.29898013955985,4.9651100375738055,9.326355340848094,22.859634997316157,8.53462157809984,1.0534084809447128,3.0931293612453032,0.8722490606548577,0.13419216317767044,0.10064412238325282,,,,
86,0.13419216317767044,4.931561996779388,7.836822329575953,36.12453032742888,4.944981213097155,9.534353193773484,22.5577026301664,8.36688137412775,1.1876006441223832,3.2742887815351582,0.8722490606548577,0.13419216317767044,0.10064412238325282,,,,
87,0.13419216317767044,4.750402576489533,7.9039184111647875,41.948470209339774,3.784219001610306,9.017713365539452,19.64573268921095,8.031400966183575,1.1003757380568975,2.771068169618894,0.7380568974771873,0.13419216317767044,0.040257648953301126,,,,
88,0.13419216317767044,4.750402576489533,7.883789586688137,41.51234567901235,3.9318303811057436,9.359903381642512,19.51825013419216,8.064949006977992,1.06682769726248,2.8918411164787976,0.7112184648416533,0.13419216317767044,0.040257648953301126,,,,
89,0.13419216317767044,4.750402576489533,7.890499194847021,41.136607622114866,4.166666666666667,9.500805152979066,19.464573268921097,8.091787439613526,1.06682769726248,2.9119699409554483,0.7112184648416533,0.13419216317767044,0.040257648953301126,,,,
90,0.13419216317767044,4.62962962962963,7.843531937734836,40.80112721417069,4.374664519592056,9.722222222222221,19.444444444444443,8.044820182501342,1.2077294685990339,2.8918411164787976,0.7179280730005367,0.14761137949543746,0.040257648953301126,,,,
91,0.13419216317767044,4.2270531400966185,8.21256038647343,40.09661835748792,5.3341384863123995,9.990606548577563,19.39747718733226,7.675791733762749,1.247987117552335,2.885131508319914,0.6105743424584005,0.14761137949543746,0.040257648953301126,,,,
92,0.13419216317767044,4.2270531400966185,8.205850778314547,39.82823403113258,5.3341384863123995,10.178475577026301,19.243156199677937,7.742887815351583,1.247987117552335,3.0595813204508855,0.6105743424584005,0.14761137949543746,0.040257648953301126,,,,
93,0.13419216317767044,4.200214707461084,7.96430488459474,39.32501341921632,5.4549114331723025,10.903113258185721,19.142512077294686,7.595276435856146,1.3821792807300053,3.052871712292002,0.6575415995705851,0.14761137949543746,0.040257648953301126,,,,
94,0.13419216317767044,4.159957058507783,7.930756843800322,39.18411164787977,5.495169082125604,10.876274825550189,17.787171229200215,9.091519055287172,1.4358561460010735,3.0327428878153517,0.6843800322061192,0.14761137949543746,0.040257648953301126,,,,
95,0.13419216317767044,4.159957058507783,8.776167471819646,38.217928073000536,5.555555555555555,10.903113258185721,17.72007514761138,9.145195920558239,1.5297906602254427,3.066290928609769,0.6038647342995169,0.14761137949543746,0.040257648953301126,,,,
96,0.13419216317767044,4.139828234031133,8.756038647342995,38.056897477187334,5.595813204508857,11.064143853998926,17.59259259259259,9.111647879763822,1.5297906602254427,3.126677402039721,0.7045088566827697,0.14761137949543746,0.040257648953301126,,,,
97,0.13419216317767044,4.139828234031133,8.809715512614064,37.84219001610306,5.609232420826624,11.218464841653248,17.54562533548041,9.104938271604938,1.5163714439076759,3.140096618357488,0.7045088566827697,0.19457863660762212,0.040257648953301126,,,,
98,0.13419216317767044,4.139828234031133,8.769457863660762,37.65432098765432,5.609232420826624,11.406333870101985,17.54562533548041,9.104938271604938,1.5096618357487923,3.1870638754696725,0.7045088566827697,0.19457863660762212,0.040257648953301126,,,,
99,0.13419216317767044,4.106280193236715,8.789586688137414,35.46027911969941,8.205850778314547,11.084272678475577,17.444981213097154,8.99087493290392,1.5096618357487923,3.2742887815351582,0.7514761137949544,0.19457863660762212,0.05367686527106817,,,,
100,0.13419216317767044,24.550456253354803,8.715780998389693,24.630971551261407,6.857219538378959,7.50805152979066,13.24476650563607,9.292807300053678,1.3955984970477724,2.6435856146001075,0.7648953301127214,0.20799785292538917,0.05367686527106817,,,,
101,0.13419216317767044,24.295491143317232,8.709071390230811,24.235104669887278,6.8035426731078905,7.474503488996243,13.801663982823403,9.145195920558239,1.5163714439076759,2.85829307568438,0.7648953301127214,0.20799785292538917,0.05367686527106817,,,,
102,0.13419216317767044,21.443907675791735,7.856951154052603,33.21926999463231,6.253354804079442,5.709876543209877,10.44015029522276,10.36634460547504,1.4694041867954912,2.2745571658615136,0.6105743424584005,0.19457863660762212,0.026838432635534086,,,,
103,0.1274825550187869,21.276167471819647,7.776435856146001,32.870370370370374,6.481481481481482,5.9447128287707995,10.453569511540525,10.339506172839506,1.4559849704777241,2.3215244229736984,0.7313472893183038,0.19457863660762212,0.026838432635534086,,,,
104,0.020128824476650563,29.736983360171767,6.830381105743425,28.33467525496511,6.582125603864735,5.24020397208803,8.816425120772946,10.272410091250672,1.415727321524423,1.8988191089640365,0.630703166935051,0.19457863660762212,0.026838432635534086,,,,
105,0.020128824476650563,26.247987117552334,6.729736983360172,27.536231884057973,5.428073000536768,5.166398282340311,14.720880300590446,9.936929683306495,1.415727321524423,1.9390767579173376,0.6374127750939346,0.19457863660762212,0.026838432635534086,,,,
106,0.020128824476650563,25.99302200751476,6.702898550724638,27.355072463768117,5.71658615136876,5.374396135265701,14.647074610842727,9.782608695652174,1.4492753623188406,2.1068169618894257,0.630703166935051,0.19457863660762212,0.026838432635534086,,,,
107,0.020128824476650563,16.659957058507782,9.514224369296834,37.25174449812131,5.394524959742351,5.152979066022544,13.768115942028986,8.219269994632313,1.2278582930756843,2.01959205582394,0.5300590445517982,0.19457863660762212,0.04696725711218465,,,,
108,0.020128824476650563,16.59286097691895,8.420558239398819,45.249597423510465,4.864465915190553,4.314278046162104,10.339506172839506,6.91760601180891,0.8722490606548577,1.6505636070853462,0.5300590445517982,0.18115942028985507,0.04696725711218465,,,,
109,0.020128824476650563,16.25738056897477,7.944176060118089,43.39103596349973,4.951690821256038,4.367954911433173,12.875738056897477,6.823671497584541,0.9863123993558777,1.6170155662909287,0.5300590445517982,0.18115942028985507,0.05367686527106817,,,,
110,0.020128824476650563,16.089640365002683,8.427267847557703,42.81400966183575,5.119431025228127,4.441760601180891,12.842190016103059,6.830381105743425,1.0198604401502953,1.6304347826086956,0.5300590445517982,0.18115942028985507,0.05367686527106817,,,,
111,0.020128824476650563,15.311325818572195,8.474235104669887,40.25764895330113,5.159688674181428,4.683306494900698,12.822061191626409,9.896672034353195,1.0198604401502953,1.5767579173376274,0.5166398282340311,0.18115942028985507,0.08051529790660225,,,,
112,0.020128824476650563,15.22410091250671,8.568169618894256,40.143585614600106,5.166398282340311,4.8443370907139025,12.667740203972087,9.829575952764358,1.0198604401502953,1.751207729468599,0.5032206119162641,0.18115942028985507,0.08051529790660225,,,,
113,0.020128824476650563,15.197262479871176,8.568169618894256,39.99597423510467,5.159688674181428,4.810789049919484,12.661030595813205,10.037573805689748,1.0869565217391304,1.6975308641975309,0.5434782608695652,0.16774020397208803,0.05367686527106817,,,,
114,0.020128824476650563,15.143585614600108,6.971282877079979,42.7938808373591,5.018786902844874,4.904723564143854,12.4597423510467,9.500805152979066,0.8990874932903918,1.7981749865807837,0.27509393451422437,0.16774020397208803,0.04696725711218465,,,,
115,0.020128824476650563,15.042941492216855,6.870638754696726,42.53891572732152,5.146269457863661,5.132850241545894,12.4597423510467,9.386741814278047,0.95276435856146,1.8451422436929683,0.2885131508319914,0.16774020397208803,0.14761137949543746,,,,
116,0.020128824476650563,14.895330112721417,6.850509930220075,42.37788513150832,5.199946323134729,5.24020397208803,12.446323134728932,9.420289855072463,1.0601180891035964,1.8585614600107354,0.2885131508319914,0.16774020397208803,0.17444981213097155,,,,
117,0.020128824476650563,14.841653247450349,6.723027375201288,42.98845947396672,5.213365539452496,5.381105743424584,12.144390767579173,9.004294149221685,1.0466988727858293,1.865271068169619,0.27509393451422437,0.16774020397208803,0.32877079978529256,,,,
118,0.020128824476650563,14.694041867954912,6.642512077294686,42.55904455179817,5.374396135265701,6.052066559312936,11.822329575952764,9.004294149221685,1.0869565217391304,1.932367149758454,0.27509393451422437,0.16774020397208803,0.36902844873859364,,,,
119,0.020128824476650563,14.640365002683843,6.629092860976919,42.54562533548041,5.314009661835748,6.018518518518518,11.79549114331723,9.004294149221685,1.1003757380568975,1.9592055823939882,0.36231884057971014,0.24154589371980675,0.36902844873859364,,,,
120,0.020128824476650563,14.016371443907676,6.615673644659152,40.29119699409554,7.5348899624261945,6.166129898013956,11.721685453569512,9.50751476113795,1.133923778851315,2.006172839506173,0.3757380568974772,0.24154589371980675,0.36902844873859364,,,,
121,0.020128824476650563,13.935856146001074,6.615673644659152,39.84836285560923,7.595276435856146,6.629092860976919,11.721685453569512,9.50751476113795,1.133923778851315,2.006172839506173,0.3757380568974772,0.24154589371980675,0.36902844873859364,,,,
122,0.020128824476650563,9.648416532474503,6.400966183574879,41.47208803005905,6.877348362855609,6.394256575415996,10.064412238325282,15.029522275899087,1.2077294685990339,1.9524959742351047,0.3757380568974772,0.2549651100375738,0.30193236714975846,,,,
123,0.020128824476650563,9.46725711218465,6.132581857219538,38.85534084809447,7.192699946323135,6.4345142243692965,9.943639291465379,17.807300053676865,1.221148684916801,1.9256575415995705,0.3757380568974772,0.2549651100375738,0.36902844873859364,,,,
124,0.020128824476650563,8.903650026838433,5.300590445517981,46.812936124530324,5.669618894256575,5.837359098228664,9.460547504025765,13.88888888888889,1.107085346215781,2.0128824476650564,0.35560923242082665,0.2616747181964573,0.36902844873859364,,,,
125,0.020128824476650563,8.796296296296296,5.152979066022544,44.49141170155663,5.636070853462158,6.273483628556092,9.386741814278047,15.868223295759528,1.2412775093934514,2.120236178207193,0.3421900161030596,0.2885131508319914,0.3824476650563607,,,,
126,0.020128824476650563,8.796296296296296,5.179817498658078,44.18276972624799,5.636070853462158,6.568706387546968,9.353193773483628,15.593129361245303,1.4559849704777241,2.200751476113795,0.3421900161030596,0.2885131508319914,0.3824476650563607,,,,
127,0.020128824476650563,8.61513687600644,5.213365539452496,43.994900697799245,5.924584004294149,6.716317767042405,9.185453569511541,15.566290928609769,1.4492753623188406,2.2745571658615136,0.36902844873859364,0.2885131508319914,0.3824476650563607,,,,
128,0.020128824476650563,8.61513687600644,5.213365539452496,43.947933440687066,5.924584004294149,6.696188942565755,9.16532474503489,15.53274288781535,1.5633387010198605,2.281266774020397,0.36902844873859364,0.2885131508319914,0.3824476650563607,,,,
129,0.020128824476650563,8.561460010735374,5.193236714975845,42.90794417606012,5.152979066022544,6.635802469135802,8.769457863660762,17.954911433172303,1.737788513150832,2.147074610842727,0.4227053140096618,0.0939345142243693,0.4025764895330113,,,,
130,0.020128824476650563,8.454106280193237,5.179817498658078,42.659688674181425,5.307300053676865,6.830381105743425,8.729200214707461,17.894524959742352,1.8183038110574343,2.227589908749329,0.3824476650563607,0.0939345142243693,0.4025764895330113,,,,
131,0.020128824476650563,8.440687063875469,5.287171229200215,41.17015566290929,5.381105743424584,6.78341384863124,11.386205045625335,16.465378421900162,1.8451422436929683,2.341653247450349,0.3824476650563607,0.0939345142243693,0.4025764895330113,,,,
132,0.020128824476650563,8.266237251744498,5.119431025228127,40.37842190016103,5.662909286097692,6.729736983360172,11.345947396672035,17.216854535695116,1.9524959742351047,2.4221685453569513,0.38915727321524424,0.0939345142243693,0.4025764895330113,,,,
133,0.020128824476650563,8.259527643585615,5.025496511003757,40.08990874932904,5.897745571658615,6.756575415995706,11.272141706924316,17.082662372517444,2.2410091250670963,2.442297369833602,0.36902844873859364,0.0939345142243693,0.4495437466451959,,,,
134,0.020128824476650563,8.259527643585615,5.253623188405797,39.774557165861516,5.884326355340848,6.870638754696726,11.20504562533548,17.05582393988191,2.24771873322598,2.428878153515835,0.36902844873859364,0.1274825550187869,0.5032206119162641,,,,
135,0.020128824476650563,8.259527643585615,5.10601180891036,37.151100375738054,5.877616747181965,7.071926999463232,13.90901771336554,16.982018250134193,2.227589908749329,2.3550724637681157,0.4092860976918948,0.1274825550187869,0.5032206119162641,,,,
136,0.020128824476650563,8.152173913043478,5.139559849704777,37.05716586151369,5.964841653247451,7.1658615136876005,13.808373590982287,16.928341384863124,2.24771873322598,2.462426194310252,0.4227053140096618,0.1274825550187869,0.5032206119162641,,,,
137,0.020128824476650563,8.152173913043478,5.139559849704777,36.73510466988728,6.092324208266238,7.467793880837359,13.620504562533547,16.760601180891037,2.3550724637681157,2.589908749329039,0.4227053140096618,0.14090177133655393,0.4830917874396135,,0.020128824476650563,,
138,0.020128824476650563,7.997852925389157,5.12614063338701,36.48684916800859,6.1929683306494905,7.7898550724637685,13.519860440150294,16.646537842190018,2.38191089640365,2.7241009125067097,0.48980139559849706,0.14090177133655393,0.46296296296296297,,0.020128824476650563,,
139,0.020128824476650563,7.997852925389157,5.22007514761138,36.39291465378422,6.112453032742888,7.87037037037037,13.499731615673644,16.5727321524423,2.38191089640365,2.818035426731079,0.48980139559849706,0.14090177133655393,0.46296296296296297,,0.020128824476650563,,
140,0.020128824476650563,7.950885668276973,6.843800322061192,35.32608695652174,6.427804616210413,7.9106280193236715,12.97638217928073,16.317767042404725,2.3886205045625335,2.636876006441224,0.5636070853462157,0.15432098765432098,0.46296296296296297,,0.020128824476650563,,
141,0.020128824476650563,7.944176060118089,6.66935050993022,34.957058507783145,6.414385399892646,8.232689210950081,12.915995705850777,16.264090177133657,2.3483628556092326,3.0730005367686526,0.5636070853462157,0.14090177133655393,0.43612453032742887,,0.020128824476650563,,
142,0.020128824476650563,7.863660762211487,6.9243156199677935,34.836285560923244,6.367418142780462,8.387010198604402,12.694578636607622,16.163446054750402,2.3550724637681157,3.227321524422974,0.5636070853462157,0.14090177133655393,0.43612453032742887,,0.020128824476650563,,
143,0.020128824476650563,7.635534084809447,6.662640901771336,35.198604401502955,6.582125603864735,8.192431561996779,13.157541599570585,16.049382716049383,2.214170692431562,3.113258185721954,0.5770263016639828,0.14090177133655393,0.43612453032742887,,0.020128824476650563,,
144,,7.246376811594203,6.9243156199677935,42.975040257648956,5.394524959742351,7.219538378958669,12.580515297906603,12.117552334943639,1.737788513150832,2.6637144390767578,0.5568974771873323,0.1274825550187869,0.43612453032742887,,0.020128824476650563,,
145,,6.5552871712292005,6.528448738593666,46.765968867418145,4.830917874396135,6.971282877079979,11.956521739130435,11.178207192699947,1.6237251744498122,2.5563607085346214,0.5367686527106817,0.040257648953301126,0.43612453032742887,,0.020128824476650563,,
146,,6.535158346752549,6.635802469135802,45.92055823939882,4.730273752012883,7.769726247987117,11.902844873859367,10.929951690821255,1.6438539989264627,2.7777777777777777,0.6575415995705851,0.040257648953301126,0.43612453032742887,,0.020128824476650563,,
147,,6.300322061191626,6.561996779388084,45.71256038647343,5.193236714975845,7.877079978529254,11.822329575952764,10.929951690821255,1.6438539989264627,2.804616210413312,0.6575415995705851,0.040257648953301126,0.43612453032742887,,0.020128824476650563,,
148,,6.260064412238325,6.528448738593666,45.57836822329576,5.24020397208803,8.172302737520129,11.674718196457327,10.990338164251208,1.6438539989264627,2.757648953301127,0.6575415995705851,0.040257648953301126,0.43612453032742887,,0.020128824476650563,,
149,,6.219806763285024,6.461352657004831,45.410628019323674,5.374396135265701,8.272946859903382,11.674718196457327,10.990338164251208,1.6438539989264627,2.757648953301127,0.6575415995705851,0.08051529790660225,0.43612453032742887,,0.020128824476650563,,
150,,4.166666666666667,5.2066559312936125,61.01717659688674,4.280730005367687,7.776435856146001,8.373590982286634,5.662909286097692,0.7179280730005367,1.6371443907675791,0.6239935587761675,0.08051529790660225,0.43612453032742887,,0.020128824476650563,,
151,,4.086151368760064,5.0993022007514766,60.7487922705314,4.468599033816425,7.930756843800322,8.480944712828771,5.662909286097692,0.7179280730005367,1.6438539989264627,0.6239935587761675,0.08051529790660225,0.43612453032742887,,0.020128824476650563,,
152,,4.066022544283414,5.092592592592593,60.44015029522276,4.508856682769726,8.205850778314547,8.480944712828771,5.622651637144391,0.7313472893183038,1.6908212560386473,0.6239935587761675,0.08051529790660225,0.43612453032742887,,0.020128824476650563,,
153,,3.5762211486849167,3.911701556629093,60.258990874932906,4.42163177670424,8.085077831454644,8.319914117015566,8.071658615136876,0.7179280730005367,1.7914653784219001,0.6038647342995169,0.10735373054213634,0.13419216317767044,,,,
154,,3.556092324208266,4.045893719806763,59.88325281803543,4.643048845947397,8.179012345679013,8.158883521202362,8.038110574342458,0.7179280730005367,1.90552871712292,0.630703166935051,0.10735373054213634,0.13419216317767044,,,,
155,,3.556092324208266,3.92512077294686,59.20558239398819,4.582662372517445,8.829844337090714,8.152173913043478,8.05823939881911,0.7246376811594203,1.9726247987117553,0.7313472893183038,0.10735373054213634,0.15432098765432098,,,,
156,,3.5225442834138487,3.9184111647879765,58.581588835212024,4.690016103059581,9.400161030595813,8.152173913043478,8.05823939881911,0.7447665056360708,1.9659151905528718,0.7179280730005367,0.0939345142243693,0.15432098765432098,,,,
157,,3.099838969404187,3.911701556629093,56.447933440687066,4.414922168545357,9.145195920558239,11.064143853998926,7.991143317230274,0.7045088566827697,2.24771873322598,0.7246376811594203,0.0939345142243693,0.15432098765432098,,,,
158,,3.099838969404187,3.911701556629093,56.17954911433172,4.414922168545357,9.406870638754697,10.983628556092324,7.991143317230274,0.7447665056360708,2.281266774020397,0.7380568974771873,0.0939345142243693,0.15432098765432098,,,,
159,,3.099838969404187,3.92512077294686,55.93129361245303,4.569243156199678,9.4873859366613,10.983628556092324,7.856951154052603,0.8789586688137413,2.281266774020397,0.7380568974771873,0.0939345142243693,0.15432098765432098,,,,
160,,3.0595813204508855,3.9519592055823938,55.67632850241546,4.730273752012883,9.668545356951155,10.849436392914654,7.7898550724637685,0.9326355340848095,2.341653247450349,0.7380568974771873,0.0939345142243693,0.15432098765432098,0.013419216317767043,,,
161,,3.0595813204508855,3.992216854535695,55.24691358024691,4.810789049919484,9.936929683306495,10.82259796027912,7.7898550724637685,0.9326355340848095,2.3752012882447664,0.7380568974771873,0.0939345142243693,0.1878690284487386,0.013419216317767043,,,
