,45,50,52,53,54,51,55,56,57
0,95.69243156199678,4.30756843800322,,,,,,,
1,67.35775630703166,30.9849704777241,1.6572732152442298,,,,,,
2,67.52549651100375,30.817230273752013,1.6572732152442298,,,,,,
3,61.72168545356951,36.65458937198068,1.6237251744498122,,,,,,
4,57.098765432098766,32.910628019323674,7.555018786902845,2.4355877616747184,,,,,
5,54.82420826623725,33.08507783145464,7.514761137949543,2.4355877616747184,2.1403650026838434,,,,
6,50.76489533011272,26.603596349973163,7.286634460547504,1.5297906602254427,2.1403650026838434,11.674718196457327,,,
7,46.162104133118625,32.98443370907139,7.246376811594203,1.5297906602254427,2.086688137412775,9.64170692431562,0.3488996242619431,,
8,46.41035963499731,32.709339774557165,7.2933440687063875,1.5297906602254427,2.341653247450349,9.366612989801396,0.3488996242619431,,
9,46.792807300053674,32.52147074610843,7.246376811594203,1.5297906602254427,2.2074610842726785,9.353193773483628,0.3488996242619431,,
10,40.693773483628554,33.48765432098765,7.206119162640902,0.4227053140096618,8.57487922705314,8.984165324745035,0.630703166935051,,
11,36.91626409017714,35.88298443370907,7.139023081052066,2.475845410628019,8.36688137412775,8.588298443370908,0.630703166935051,,
12,27.91867954911433,35.65485775630703,6.662640901771336,2.442297369833602,8.796296296296296,17.894524959742352,0.630703166935051,,
13,28.193773483628558,35.37976382179281,6.038647342995169,3.1065485775630703,8.729200214707461,17.847557702630166,0.7045088566827697,,
14,25.83870101986044,28.039452495974235,4.656468062265164,5.535426731078905,7.96430488459474,27.334943639291467,0.630703166935051,,
15,24.57729468599034,29.57595276435856,4.636339237788513,5.407944176060118,7.944176060118089,27.234299516908212,0.6239935587761675,,
16,24.724906065485776,27.63016639828234,4.5960815888352125,5.407944176060118,7.937466451959206,29.07944176060118,0.6239935587761675,,
17,23.10789049919485,24.825550187869027,15.49248523886205,3.5426731078904994,9.05126140633387,23.57085346215781,0.4092860976918948,,
18,19.53166935050993,30.756843800322063,13.788244766505636,3.5426731078904994,8.675523349436393,23.295759527643586,0.4092860976918948,,
19,18.766774020397207,29.643048845947398,13.714439076757918,3.5091250670960816,8.601717659688674,25.355609232420825,0.4092860976918948,,
20,19.43773483628556,26.241277509393452,14.210950080515298,3.4822866344605474,11.037305421363392,25.046967257112186,0.4092860976918948,0.13419216317767044,
21,17.176596886741816,28.14680622651637,13.976113794954374,3.7372517444981215,10.36634460547504,26.06682769726248,0.39586688137412773,0.13419216317767044,
22,15.391841116478798,29.602791196994094,15.150295222758992,3.7104133118625873,9.574610842726784,26.039989264626946,0.39586688137412773,0.13419216317767044,
23,15.539452495974235,29.09957058507783,19.229736983360173,3.7104133118625873,9.4873859366613,22.403381642512077,0.39586688137412773,0.13419216317767044,
24,15.94873859366613,28.965378421900162,19.108964036500268,3.7037037037037037,9.473966720343531,22.269189479334408,0.39586688137412773,0.13419216317767044,
25,16.445249597423512,28.784219001610307,19.03515834675255,3.6902844873859366,9.440418679549115,22.074610842726784,0.39586688137412773,0.13419216317767044,
26,16.27079978529254,27.428878153515836,18.92109500805153,5.46833064949007,9.400161030595813,21.980676328502415,0.39586688137412773,0.13419216317767044,
27,17.042404723564143,26.73107890499195,16.0426731078905,5.347557702630167,9.373322597960279,24.879227053140095,0.30864197530864196,0.27509393451422437,
28,17.37788513150832,26.576757917337627,15.821256038647343,5.340848094471283,9.272678475577026,24.838969404186795,0.30864197530864196,0.46296296296296297,
29,17.780461621041333,26.50295222758991,15.727321524422974,5.293880837359098,9.23913043478261,24.698067632850243,0.2952227589908749,0.46296296296296297,
30,18.276972624798713,25.38244766505636,18.12265163714439,5.293880837359098,7.769726247987117,24.040526033279658,0.5099302200751477,0.6038647342995169,
31,17.820719269994633,23.45679012345679,16.626409017713364,5.287171229200215,5.448201825013419,30.246913580246915,0.5099302200751477,0.6038647342995169,
32,18.491680085882983,23.235373054213635,16.566022544283413,5.535426731078905,5.347557702630167,29.71014492753623,0.5099302200751477,0.6038647342995169,
33,15.666935050993022,29.817498658078367,16.451959205582394,11.211755233494364,5.300590445517981,20.79307568438003,0.2952227589908749,0.46296296296296297,
34,16.069511540526033,29.56924315619968,16.42512077294686,11.171497584541063,5.273752012882448,20.73268921095008,0.2952227589908749,0.46296296296296297,
35,16.57944176060118,29.394793344068706,16.27750939345142,10.299248523886206,7.87037037037037,18.84728931830381,0.2952227589908749,0.43612453032742887,
36,17.357756307031668,29.052603327965645,15.935319377348362,10.178475577026301,7.816693505099302,18.719806763285025,0.2885131508319914,0.6508319914117016,
37,16.505636070853463,27.026301663982824,15.103327965646805,8.695652173913043,4.30756843800322,27.30139559849705,0.6239935587761675,0.43612453032742887,
38,16.089640365002683,24.268652710681696,19.45115405260333,6.072195383789587,2.2879763821792807,30.844068706387546,0.6239935587761675,0.36231884057971014,
39,14.566559312936125,19.404186795491142,8.017981749865807,4.616210413311863,2.2879763821792807,50.033548040794415,0.9326355340848095,0.14090177133655393,
40,15.344873859366613,19.256575415995705,7.957595276435856,4.575952764358561,2.26784755770263,49.52361782071927,0.9326355340848095,0.14090177133655393,
41,11.688137412775093,14.479334406870638,18.5654857756307,1.3083735909822867,0.30193236714975846,52.93880837359098,0.5837359098228664,0.13419216317767044,
42,8.675523349436393,22.36983360171766,16.190284487385938,1.1607622114868492,0.30193236714975846,50.899087493290395,0.2683843263553409,0.13419216317767044,
43,7.98443370907139,21.87332259796028,16.10305958132045,1.1607622114868492,0.30193236714975846,52.281266774020395,0.06709608158883522,0.2281266774020397,
44,8.064949006977992,21.72571121846484,36.47342995169082,0.9259259259259259,0.30193236714975846,31.97128287707998,0.06709608158883522,0.46967257112184646,
45,5.958132045088567,16.009125067096083,35.869565217391305,0.9259259259259259,0.30193236714975846,40.41196994095545,0.06709608158883522,0.4562533548040794,
46,6.696188942565755,15.794417606011809,35.16505636070853,0.9259259259259259,0.2952227589908749,40.123456790123456,0.3421900161030596,0.4092860976918948,0.24825550187869028
47,6.515029522275899,15.707192699946322,34.38674181427805,0.9259259259259259,0.2952227589908749,41.17015566290929,0.3421900161030596,0.4092860976918948,0.24825550187869028
48,7.139023081052066,15.526033279656469,34.17874396135266,0.9259259259259259,0.2952227589908749,40.57971014492754,0.3421900161030596,0.7648953301127214,0.24825550187869028
49,7.62211486849168,15.445517981749866,33.984165324745035,0.9125067096081588,0.2952227589908749,40.29119699409554,0.3421900161030596,0.8722490606548577,0.23483628556092323
50,8.232689210950081,15.183843263553408,34.12506709608159,0.8923778851315083,0.2952227589908749,40.09661835748792,0.06709608158883522,0.8722490606548577,0.23483628556092323
51,7.9106280193236715,13.674181427804616,36.211755233494365,0.8923778851315083,2.7241009125067097,37.204777241009126,0.06709608158883522,1.0802469135802468,0.23483628556092323
52,8.494363929146537,12.110842726784755,37.526838432635536,0.8923778851315083,2.677133655394525,36.91626409017714,0.06709608158883522,1.0802469135802468,0.23483628556092323
53,9.245840042941492,12.077294685990339,37.35238862050456,0.8856682769726248,2.5697799248523885,36.48684916800859,0.06709608158883522,1.0802469135802468,0.23483628556092323
54,8.648684916800859,11.379495437466453,34.272678475577024,4.74369296833065,2.5697799248523885,37.34567901234568,0.06709608158883522,0.7380568974771873,0.23483628556092323
55,8.393719806763285,11.325818572195384,26.912238325281802,4.74369296833065,2.5429414922168547,44.806763285024154,0.06709608158883522,0.9728931830381106,0.23483628556092323
56,7.407407407407407,9.77589908749329,20.833333333333332,4.703435319377348,2.5429414922168547,53.52925389157273,,0.9728931830381106,0.23483628556092323
57,8.152173913043478,9.675254965110037,20.679012345679013,4.696725711218465,2.475845410628019,53.11325818572195,,0.9728931830381106,0.23483628556092323
58,8.568169618894256,9.648416532474503,20.531400966183575,4.696725711218465,2.4154589371980677,52.52952227589909,,1.2546967257112185,0.35560923242082665
59,8.380300590445518,9.608158883521202,18.833870101986044,12.822061191626409,2.3617820719269993,46.745840042941495,,0.8923778851315083,0.35560923242082665
60,8.407139023081053,9.339774557165862,18.739935587761675,12.647611379495437,2.328234031132582,47.296027911969944,,0.8856682769726248,0.35560923242082665
61,8.964036500268385,9.306226516371444,18.605743424584006,12.560386473429952,2.2946859903381642,46.826355340848096,,1.0869565217391304,0.35560923242082665
62,9.842995169082126,9.245840042941492,18.377616747181964,12.5,2.2946859903381642,46.31642512077295,,1.0869565217391304,0.33548040794417605
63,9.29951690821256,8.776167471819646,16.17686527106817,12.365807836822329,1.9860440150295222,50.0,,1.0601180891035964,0.33548040794417605
64,8.225979602791197,5.481749865807837,18.357487922705314,10.929951690821255,1.9726247987117553,53.75067096081589,,0.9460547504025765,0.33548040794417605
65,8.964036500268385,5.475040257648954,18.136070853462158,10.929951690821255,1.9457863660762211,53.09983896940419,,0.9460547504025765,0.5032206119162641
66,9.366612989801396,5.428073000536768,18.035426731078903,10.856146001073537,1.9390767579173376,52.52952227589909,0.39586688137412773,0.9460547504025765,0.5032206119162641
67,8.635265700483092,5.428073000536768,21.68545356951154,10.829307568438002,3.6634460547504024,48.28234031132582,0.2616747181964573,1.0466988727858293,0.16774020397208803
68,9.03113258185722,5.394524959742351,21.598228663446054,10.715244229736983,3.6366076221148687,48.101180891035966,0.2616747181964573,1.093666129898014,0.16774020397208803
69,9.534353193773484,5.300590445517981,21.443907675791735,10.158346752549651,3.616478797638218,46.28958668813741,0.2616747181964573,3.2340311325818574,0.1610305958132045
70,10.285829307568438,5.233494363929147,21.336553945249598,10.017444981213098,3.603059581320451,45.880300590445515,0.24825550187869028,3.2340311325818574,0.1610305958132045
71,10.923242082662373,5.173107890499195,21.289586688137412,10.017444981213098,3.549382716049383,44.98121309715513,0.24825550187869028,3.656736446591519,0.1610305958132045
72,11.131239935587761,5.152979066022544,21.22920021470746,9.930220075147611,2.623456790123457,43.364197530864196,2.7241009125067097,3.683574879227053,0.1610305958132045
73,11.218464841653248,5.152979066022544,23.396403650026837,9.883252818035427,0.9796027911969941,43.21658615136876,2.61003757380569,3.3816425120772946,0.1610305958132045
74,11.761943102522812,5.152979066022544,23.315888352120236,9.796027911969942,0.9460547504025765,42.921363392377884,2.61003757380569,3.33467525496511,0.1610305958132045
75,12.198067632850242,5.112721417069243,23.020665593129362,9.675254965110037,0.9460547504025765,40.774288781535155,4.797369833601718,3.3145464304884595,0.1610305958132045
76,12.734836285560924,5.065754159957058,22.96027911969941,9.473966720343531,1.0802469135802468,40.49248523886205,4.736983360171766,3.294417606011809,0.1610305958132045
77,11.124530327428879,0.35560923242082665,20.67230273752013,10.789049919484702,1.0802469135802468,48.18169618894257,4.669887278582931,2.965646806226516,0.1610305958132045
78,11.218464841653248,0.35560923242082665,23.53059581320451,10.48040794417606,1.0534084809447128,47.06119162640902,3.9989264626945786,2.1403650026838434,0.1610305958132045
79,11.802200751476114,0.32877079978529256,23.389694041867955,10.279119699409554,1.2144390767579174,46.71900161030596,3.992216854535695,2.1135265700483092,0.1610305958132045
80,12.352388620504563,0.32877079978529256,29.1129898013956,10.21202361782072,1.2077294685990339,39.982555018786904,4.53569511540526,2.1068169618894257,0.1610305958132045
81,12.050456253354804,0.30864197530864196,28.502415458937197,9.440418679549115,1.1943102522812667,39.090177133655395,6.689479334406871,2.563070316693505,0.1610305958132045
82,11.708266237251744,0.30864197530864196,26.140633387010197,5.24020397208803,1.1943102522812667,48.007246376811594,5.320719269994632,1.9189479334406871,0.1610305958132045
83,12.265163714439076,0.30864197530864196,26.053408480944714,5.193236714975845,1.1943102522812667,47.69189479334407,5.226784755770263,1.90552871712292,0.1610305958132045
84,12.654320987654321,0.30864197530864196,25.97289318303811,5.179817498658078,1.1943102522812667,47.44363929146538,5.179817498658078,1.90552871712292,0.1610305958132045
85,11.855877616747183,0.30864197530864196,19.444444444444443,4.810789049919484,0.2952227589908749,57.78314546430489,3.556092324208266,1.7847557702630166,0.1610305958132045
86,12.258454106280194,0.2952227589908749,19.310252281266774,4.783950617283951,0.2952227589908749,57.32018250134192,3.556092324208266,2.01959205582394,0.1610305958132045
87,11.084272678475577,0.16774020397208803,16.384863123993558,2.7509393451422435,0.08051529790660225,64.19082125603865,3.126677402039721,2.100107353730542,0.11406333870101985
88,11.399624261943103,0.16774020397208803,16.23054213633924,2.7509393451422435,0.35560923242082665,63.99624261943102,2.885131508319914,2.100107353730542,0.11406333870101985
89,8.863392377885132,12.097423510466989,11.064143853998926,1.3486312399355878,0.2549651100375738,61.010466988727856,4.012345679012346,1.3486312399355878,
90,9.5276435856146,12.02361782071927,10.990338164251208,1.3486312399355878,0.2549651100375738,60.52066559312936,3.9855072463768115,1.3486312399355878,
91,9.957058507783145,11.929683306494901,10.654857756307031,1.3352120236178207,0.2549651100375738,60.06441223832528,4.4820182501341925,1.3217928073000538,
92,9.856414385399892,11.902844873859367,10.285829307568438,1.3352120236178207,0.2549651100375738,61.18491680085883,3.864734299516908,1.3150831991411702,
93,10.258990874932904,11.761943102522812,10.238862050456254,1.3352120236178207,0.2549651100375738,59.916800858829845,3.864734299516908,2.368491680085883,
94,10.265700483091788,11.735104669887278,17.901234567901234,1.3083735909822867,,52.985775630703166,3.4688674181427803,2.3349436392914655,
95,9.386741814278047,11.305689747718732,16.780730005367687,1.288244766505636,1.5767579173376274,54.03918411164788,3.294417606011809,2.328234031132582,
96,9.936929683306495,11.29898013955985,16.686795491143318,1.288244766505636,1.556629092860977,51.41572732152442,5.501878690284487,2.314814814814815,
97,10.433440687063875,11.245303274288782,16.465378421900162,1.288244766505636,1.556629092860977,50.979602791196996,5.481749865807837,2.4557165861513686,0.0939345142243693
98,8.78287707997853,11.151368760064413,16.029253891572733,1.288244766505636,2.368491680085883,52.73752012882448,5.253623188405797,2.2946859903381642,0.0939345142243693
99,9.420289855072463,11.09098228663446,15.92860976918948,1.288244766505636,2.3550724637681157,52.274557165861516,5.253623188405797,2.2946859903381642,0.0939345142243693
100,9.836285560923242,10.95679012345679,15.848094471282877,2.737520128824477,2.3550724637681157,50.677670424047236,5.2066559312936125,2.2879763821792807,0.0939345142243693
101,10.809178743961352,10.63472893183038,15.821256038647343,2.737520128824477,2.2946859903381642,50.0402576489533,5.10601180891036,2.462426194310252,0.0939345142243693
102,11.439881910896403,10.607890499194847,15.70048309178744,2.737520128824477,2.254428341384863,49.604133118625874,5.10601180891036,2.4557165861513686,0.0939345142243693
103,11.98336017176597,10.534084809447128,15.633387010198604,2.703972088030059,2.214170692431562,49.16129898013956,5.10601180891036,2.5697799248523885,0.0939345142243693
104,12.600644122383253,10.426731078904991,15.458937198067632,2.677133655394525,2.214170692431562,48.87278582930757,5.0993022007514766,2.5563607085346214,0.0939345142243693
105,13.264895330112722,10.38647342995169,15.33816425120773,2.636876006441224,2.214170692431562,48.42324208266237,5.065754159957058,2.576489533011272,0.0939345142243693
106,13.352120236178207,8.561460010735374,15.257648953301127,2.6033279656468062,2.214170692431562,48.22866344605475,7.14573268921095,2.5429414922168547,0.0939345142243693
107,12.667740203972087,8.494363929146537,21.07487922705314,2.5563607085346214,2.1806226516371443,43.505099302200755,7.206119162640902,2.2208803005904456,0.0939345142243693
108,13.45276435856146,8.447396672034353,20.598497047772412,2.5563607085346214,2.1806226516371443,42.954911433172306,7.179280730005368,2.2208803005904456,0.4092860976918948
109,13.982823403113258,8.420558239398819,20.48443370907139,2.5563607085346214,2.1806226516371443,42.639559849704774,7.118894256575416,2.214170692431562,0.4025764895330113
110,14.15727321524423,8.266237251744498,20.471014492753625,2.4892646269457863,2.8515834675254963,42.32420826623725,6.494900697799249,2.5429414922168547,0.4025764895330113
111,13.083735909822867,4.03918411164788,16.545893719806763,1.8317230273752012,2.1269457863660763,54.75711218464841,4.918142780461621,2.536231884057971,0.1610305958132045
112,13.808373590982287,4.025764895330113,16.445249597423512,1.8317230273752012,2.1068169618894257,54.1935050993022,4.891304347826087,2.536231884057971,0.1610305958132045
113,12.600644122383253,3.683574879227053,10.426731078904991,1.7713365539452497,2.428878153515835,60.35963499731616,6.689479334406871,1.8786902844873858,0.1610305958132045
114,13.036768652710682,3.683574879227053,10.319377348362856,1.751207729468599,2.428878153515835,59.94363929146538,6.709608158883521,1.9659151905528718,0.1610305958132045
115,13.694310252281268,3.683574879227053,10.238862050456254,1.751207729468599,2.4020397208803006,59.58803005904455,6.515029522275899,1.9659151905528718,0.1610305958132045
116,14.06333870101986,3.683574879227053,10.165056360708535,1.751207729468599,2.4020397208803006,59.17203435319377,6.461352657004831,2.1403650026838434,0.1610305958132045
117,14.553140096618357,3.683574879227053,10.037573805689748,1.751207729468599,2.3752012882447664,58.863392377885134,6.4345142243692965,2.1403650026838434,0.1610305958132045
118,15.163714439076758,3.6366076221148687,9.98389694041868,1.751207729468599,2.3752012882447664,58.400429414922165,6.414385399892646,2.1135265700483092,0.1610305958132045
119,15.626677402039721,3.629898013955985,9.86983360171766,1.751207729468599,2.301395598497048,58.16559312936125,6.380837359098229,2.1135265700483092,0.1610305958132045
120,15.821256038647343,3.629898013955985,11.426462694578637,1.751207729468599,2.301395598497048,56.5955448201825,6.219806763285024,2.1135265700483092,0.14090177133655393
121,16.009125067096083,3.616478797638218,10.487117552334944,3.052871712292002,2.281266774020397,56.20638754696726,6.1929683306494905,2.100107353730542,0.05367686527106817
122,16.57944176060118,3.5963499731615673,10.393183038110575,3.0327428878153517,2.26784755770263,55.683038110574344,6.333870101986044,2.059849704777241,0.05367686527106817
123,15.579710144927537,3.5628019323671496,17.45169082125604,2.5697799248523885,2.24771873322598,50.395866881374126,6.293612453032743,1.8451422436929683,0.05367686527106817
124,16.022544283413847,3.5628019323671496,17.351046698872786,2.5697799248523885,2.24771873322598,50.053676865271065,6.293612453032743,1.8451422436929683,0.05367686527106817
125,16.512345679012345,3.5225442834138487,17.3040794417606,2.5697799248523885,2.24771873322598,49.71819645732689,6.239935587761675,1.8317230273752012,0.05367686527106817
126,17.002147074610843,3.502415458937198,17.10950080515298,2.522812667740204,2.24771873322598,49.19484702093398,6.213097155126141,2.1739130434782608,0.03354804079441761
127,17.632850241545892,3.44873859366613,16.056092324208265,3.4621578099838968,2.214170692431562,48.89291465378422,6.099033816425121,2.1604938271604937,0.03354804079441761
128,18.06226516371444,3.421900161030596,16.015834675254965,3.4621578099838968,2.147074610842727,48.63794954374664,6.078904991948471,2.1403650026838434,0.03354804079441761
129,18.4447128287708,3.421900161030596,16.35131508319914,3.0193236714975846,2.147074610842727,48.46349973161568,5.978260869565218,2.1403650026838434,0.03354804079441761
130,19.03515834675255,3.408480944712829,16.21712292002147,3.0193236714975846,2.147074610842727,48.060923242082666,5.938003220611916,2.1403650026838434,0.03354804079441761
131,19.524959742351047,3.408480944712829,15.901771336553946,2.9924852388620504,2.1403650026838434,47.61808910359635,5.897745571658615,2.4825550187869028,0.03354804079441761
132,18.699677938808374,2.120236178207193,15.660225442834138,2.965646806226516,8.61513687600644,43.51851851851852,5.776972624798712,2.61003757380569,0.03354804079441761
133,17.364465915190554,2.120236178207193,9.634997316156737,2.623456790123457,8.588298443370908,52.47584541062802,4.549114331723027,2.61003757380569,0.03354804079441761
134,17.47181964573269,2.120236178207193,8.856682769726248,2.623456790123457,8.494363929146537,53.91170155662909,3.8848631239935587,2.6033279656468062,0.03354804079441761
135,17.881105743424584,2.120236178207193,8.769457863660762,2.9589371980676327,8.09849704777241,53.676865271068166,3.8848631239935587,2.576489533011272,0.03354804079441761
136,18.49838969404187,2.100107353730542,8.769457863660762,2.945517981749866,8.017981749865807,53.187063875469676,3.8848631239935587,2.563070316693505,0.03354804079441761
137,17.98174986580784,2.100107353730542,11.896135265700483,2.932098765432099,7.87037037037037,50.74476650563607,3.878153515834675,2.563070316693505,0.03354804079441761
138,18.42458400429415,2.0933977455716586,11.842458400429415,2.918679549114332,7.843531937734836,50.40257648953301,3.878153515834675,2.563070316693505,0.03354804079441761
139,18.780193236714975,2.0933977455716586,11.808910359634996,2.8918411164787976,7.749597423510467,50.22812667740204,3.851315083199141,2.563070316693505,0.03354804079441761
140,19.296833064949006,2.0933977455716586,11.761943102522812,2.8381642512077296,7.62211486849168,49.946323134728935,3.844605475040258,2.563070316693505,0.03354804079441761
141,18.833870101986044,2.0933977455716586,11.023886205045626,1.7042404723564144,7.575147611379496,52.57648953301127,3.81105743424584,2.3483628556092326,0.03354804079441761
142,18.968062265163713,2.0933977455716586,11.023886205045626,3.784219001610306,7.575147611379496,50.64412238325282,3.5292538915727323,2.3483628556092326,0.03354804079441761
143,19.55179817498658,2.0933977455716586,11.010466988727858,3.7573805689747717,7.521470746108427,50.10735373054214,3.44873859366613,2.475845410628019,0.03354804079441761
144,19.90740740740741,2.0933977455716586,10.976918947933441,3.6768652710681695,7.501341921631776,49.92619431025228,3.435319377348363,2.4490069779924855,0.03354804079441761
145,20.128824476650564,2.0933977455716586,10.849436392914654,3.670155662909286,7.481213097155126,49.14117015566291,3.421900161030596,3.180354267310789,0.03354804079441761
146,20.571658615136876,2.0933977455716586,10.621309715512615,4.4820182501341925,7.37385936661299,48.23537305421363,3.421900161030596,3.166935050993022,0.03354804079441761
147,21.088298443370906,2.0933977455716586,10.520665593129362,4.441760601180891,7.37385936661299,47.89318303811057,3.421900161030596,3.1333870101986045,0.03354804079441761
148,21.24261943102523,2.0933977455716586,10.507246376811594,4.441760601180891,7.179280730005368,47.56441223832528,3.408480944712829,3.5292538915727323,0.03354804079441761
149,21.752549651100377,2.0933977455716586,10.393183038110575,4.441760601180891,7.092055823939882,47.32286634460547,3.361513687600644,3.5091250670960816,0.03354804079441761
150,21.994095544820183,2.0799785292538915,10.36634460547504,4.441760601180891,7.092055823939882,46.94041867954911,3.361513687600644,3.6902844873859366,0.03354804079441761
151,22.510735373054214,2.0799785292538915,10.285829307568438,4.428341384863124,7.058507783145465,46.35668276972625,3.5762211486849167,3.670155662909286,0.03354804079441761
152,22.973698336017176,2.059849704777241,10.21202361782072,4.428341384863124,7.058507783145465,45.98765432098765,3.5762211486849167,3.670155662909286,0.03354804079441761
153,23.523886205045624,1.9994632313472893,10.165056360708535,4.38137412775094,7.024959742351046,45.65217391304348,3.5762211486849167,3.643317230273752,0.03354804079441761
154,23.859366612989803,1.9860440150295222,10.124798711755233,4.38137412775094,7.011540526033279,45.450885668276975,3.535963499731616,3.616478797638218,0.03354804079441761
155,24.10091250670961,1.9592055823939882,10.11808910359635,4.327697262479871,7.011540526033279,44.927536231884055,3.9318303811057436,3.589640365002684,0.03354804079441761
156,24.329039184111647,1.9592055823939882,10.057702630166398,4.314278046162104,6.977992485238862,44.83360171765969,3.9049919484702094,3.589640365002684,0.03354804079441761
157,24.724906065485776,1.9592055823939882,9.990606548577563,4.314278046162104,6.964573268921095,44.437734836285564,3.878153515834675,3.69699409554482,0.03354804079441761
158,25.033548040794418,1.9256575415995705,9.936929683306495,4.314278046162104,6.890767579173376,44.34380032206119,3.8714439076757916,3.6500268384326353,0.03354804079441761
159,25.315351583467525,1.9256575415995705,9.836285560923242,4.260601180891036,6.877348362855609,44.04857756307032,4.05931293612453,3.643317230273752,0.03354804079441761
160,25.670960815888353,1.8988191089640365,9.742351046698873,4.260601180891036,6.877348362855609,43.84728931830381,4.05931293612453,3.6097691894793345,0.03354804079441761
161,26.02657004830918,1.8988191089640365,9.702093397745571,4.260601180891036,6.796833064949007,43.47155126140633,4.2203435319377345,3.589640365002684,0.03354804079441761
162,26.37546967257112,1.8988191089640365,9.702093397745571,4.247181964573269,6.723027375201288,43.303811057434245,4.17337627482555,3.5426731078904994,0.03354804079441761
163,26.341921631776703,1.8988191089640365,9.588030059044552,4.247181964573269,6.723027375201288,44.04186795491143,3.5963499731615673,3.5292538915727323,0.03354804079441761
164,26.94578636607622,1.8988191089640365,9.494095544820183,4.180085882984434,7.0383789586688135,43.46484165324745,3.4688674181427803,3.475577026301664,0.03354804079441761
165,27.34165324745035,1.8786902844873858,9.460547504025765,4.1532474503489,7.0383789586688135,43.21658615136876,3.4017713365539453,3.475577026301664,0.03354804079441761
166,27.76435856146001,1.8786902844873858,9.386741814278047,4.119699409554482,7.004830917874396,42.954911433172306,3.4017713365539453,3.455448201825013,0.03354804079441761
167,28.059581320450885,1.8786902844873858,9.326355340848094,4.072732152442297,7.132313472893183,42.70665593129361,3.33467525496511,3.455448201825013,0.03354804079441761
168,28.428609769189478,1.8786902844873858,9.265968867418144,4.066022544283414,7.092055823939882,42.50536768652711,3.321256038647343,3.408480944712829,0.03354804079441761
169,28.5426731078905,1.8786902844873858,8.809715512614064,4.032474503488996,7.0450885668276975,42.32420826623725,3.3145464304884595,4.019055287171229,0.03354804079441761
170,29.260601180891037,1.8786902844873858,8.809715512614064,3.69699409554482,7.018250134192163,41.968599033816425,3.3145464304884595,4.019055287171229,0.03354804079441761
171,29.622920021470748,1.8384326355340848,8.776167471819646,3.6768652710681695,6.9310252281266775,41.78743961352657,3.3145464304884595,4.019055287171229,0.03354804079441761
172,30.07246376811594,1.8250134192163177,8.695652173913043,3.643317230273752,6.9310252281266775,41.59286097691895,3.3145464304884595,3.8915727321524423,0.03354804079441761
173,30.233494363929147,1.8250134192163177,8.695652173913043,3.643317230273752,6.89747718733226,41.50563607085346,3.2742887815351582,3.8915727321524423,0.03354804079441761
174,30.24020397208803,1.8115942028985508,8.662104133118627,3.603059581320451,7.018250134192163,40.58641975308642,4.213633923778851,3.8311862587224907,0.03354804079441761
175,29.70343531937735,1.8115942028985508,8.608427267847558,3.603059581320451,7.722758990874933,39.31830381105743,5.441492216854535,3.7573805689747717,0.03354804079441761
176,29.13311862587225,1.778046162104133,8.527911969940956,3.603059581320451,9.50751476113795,38.217928073000536,5.441492216854535,3.7573805689747717,0.03354804079441761
177,29.508856682769725,1.751207729468599,8.487654320987655,3.603059581320451,9.373322597960279,38.077026301663984,5.421363392377885,3.743961352657005,0.03354804079441761
178,29.918142780461622,1.751207729468599,8.340042941492216,3.589640365002684,9.326355340848094,37.80193236714976,5.387815351583468,3.851315083199141,0.03354804079441761
179,30.454911433172303,1.724369296833065,8.272946859903382,3.5829307568438002,9.312936124530328,37.446323134728935,5.3274288781535155,3.844605475040258,0.03354804079441761
180,30.71658615136876,1.724369296833065,8.272946859903382,3.549382716049383,9.286097691894794,37.285292538915726,5.300590445517981,3.8311862587224907,0.03354804079441761
181,30.917874396135264,1.724369296833065,8.259527643585615,3.5225442834138487,9.212292002147075,37.23832528180354,5.287171229200215,3.8043478260869565,0.03354804079441761
182,31.273483628556093,1.724369296833065,8.259527643585615,3.44873859366613,9.158615136876007,36.9699409554482,5.387815351583468,3.743961352657005,0.03354804079441761
183,31.105743424584006,1.724369296833065,8.259527643585615,3.3279656468062266,9.064680622651638,35.47369833601718,7.112184648416532,3.898282340311326,0.03354804079441761
184,31.273483628556093,1.724369296833065,8.192431561996779,3.321256038647343,9.017713365539452,35.45356951154053,7.112184648416532,3.8714439076757916,0.03354804079441761
185,31.226516371443907,1.724369296833065,7.997852925389157,3.670155662909286,9.185453569511541,35.23215244229737,7.098765432098766,3.8311862587224907,0.03354804079441761
186,31.46135265700483,1.482823403113258,7.843531937734836,3.656736446591519,9.31964573268921,35.06441223832528,7.434245840042942,3.7037037037037037,0.03354804079441761
187,31.830381105743424,1.4694041867954912,7.816693505099302,3.6500268384326353,9.16532474503489,34.82957595276436,7.387278582930757,3.8177670424047236,0.03354804079441761
188,31.97799248523886,1.4694041867954912,7.796564680622652,3.6500268384326353,9.151905528717123,34.74235104669887,7.37385936661299,3.8043478260869565,0.03354804079441761
189,32.19269994632314,1.4694041867954912,7.796564680622652,3.6500268384326353,9.118357487922705,34.60144927536232,7.333601717659689,3.8043478260869565,0.03354804079441761
190,31.45464304884595,1.4492753623188406,10.178475577026301,2.965646806226516,9.118357487922705,33.84997316156736,7.320182501341922,3.629898013955985,0.03354804079441761
191,31.716317767042405,1.4492753623188406,10.064412238325282,2.9589371980676327,9.078099838969404,33.81642512077295,7.253086419753086,3.629898013955985,0.03354804079441761
192,32.098765432098766,1.4492753623188406,10.02415458937198,2.9388083735909825,8.99087493290392,33.675523349436396,7.159151905528717,3.629898013955985,0.03354804079441761
193,32.32018250134192,1.4492753623188406,9.970477724100913,2.932098765432099,8.950617283950617,33.601717659688674,7.139023081052066,3.603059581320451,0.03354804079441761
194,32.19940955448202,1.4492753623188406,9.91009125067096,2.932098765432099,10.560923242082662,32.2866344605475,7.058507783145465,3.569511540526033,0.03354804079441761
195,32.33360171765969,1.4492753623188406,9.722222222222221,2.932098765432099,10.93666129898014,32.038378958668815,6.984702093397746,3.569511540526033,0.03354804079441761
196,32.58185721953838,1.4358561460010735,9.71551261406334,2.932098765432099,10.829307568438002,31.843800322061192,6.951154052603328,3.6768652710681695,0.03354804079441761
197,32.62211486849168,1.42914653784219,9.574610842726784,2.8784219001610305,10.815888352120236,31.776704240472355,7.192699946323135,3.6768652710681695,0.03354804079441761
198,32.90391841116479,1.402308105206656,9.50751476113795,2.85829307568438,10.715244229736983,31.655931293612454,7.152442297369833,3.770799785292539,0.03354804079441761
199,33.10520665593129,1.402308105206656,9.31964573268921,2.8381642512077296,10.695115405260333,31.4345142243693,7.098765432098766,4.072732152442297,0.03354804079441761
200,33.28636607622115,1.402308105206656,9.31964573268921,2.8381642512077296,10.641438539989265,31.159420289855074,7.246376811594203,4.072732152442297,0.03354804079441761
201,33.5077831454643,1.402308105206656,9.265968867418144,2.8381642512077296,10.59447128287708,31.092324208266238,7.239667203435319,4.025764895330113,0.03354804079441761
202,33.85668276972625,1.402308105206656,9.044551798174986,2.818035426731079,10.57434245840043,30.917874396135264,7.212828770799785,4.139828234031133,0.03354804079441761
203,33.883521202361784,1.402308105206656,9.017713365539452,2.804616210413312,10.560923242082662,30.783682232957595,7.4006977992485234,4.1129898013955986,0.03354804079441761
204,34.18545356951154,1.402308105206656,9.01100375738057,2.7643585614600106,10.507246376811594,30.703166935050994,7.286634460547504,4.106280193236715,0.03354804079441761
205,34.38003220611916,1.402308105206656,8.99087493290392,2.757648953301127,10.46027911969941,30.629361245303276,7.25979602791197,4.086151368760064,0.03354804079441761
206,34.82957595276436,1.402308105206656,8.917069243156199,2.7241009125067097,10.379763821792807,30.414653784219002,7.246376811594203,4.052603327965647,0.03354804079441761
207,35.178475577026305,1.402308105206656,8.809715512614064,2.7241009125067097,10.352925389157273,30.233494363929147,7.246376811594203,4.019055287171229,0.03354804079441761
208,35.44685990338164,1.3821792807300053,8.78287707997853,2.717391304347826,10.279119699409554,30.14626945786366,7.212828770799785,3.9989264626945786,0.03354804079441761
209,35.57434245840043,1.3821792807300053,8.78287707997853,2.703972088030059,10.272410091250672,30.079173376274827,7.1725711218464845,3.9989264626945786,0.03354804079441761
210,35.85614600107354,1.3821792807300053,8.722490606548577,2.703972088030059,10.205314009661835,29.958400429414922,7.159151905528717,3.978797638217928,0.03354804079441761
211,36.13794954374664,1.3821792807300053,8.722490606548577,2.6704240472356413,10.171765968867419,29.797369833601717,7.14573268921095,3.938539989264627,0.03354804079441761
212,36.3191089640365,1.3821792807300053,8.695652173913043,2.6637144390767578,10.198604401502953,29.716854535695116,7.112184648416532,3.878153515834675,0.03354804079441761
213,36.553945249597426,1.3821792807300053,8.548040794417606,2.6637144390767578,10.171765968867419,29.683306494900698,7.112184648416532,3.851315083199141,0.03354804079441761
214,36.741814278046164,1.3821792807300053,8.702361782071927,2.6637144390767578,9.96376811594203,29.58937198067633,7.112184648416532,3.81105743424584,0.03354804079441761
215,36.07756307031669,1.3821792807300053,8.487654320987655,2.100107353730542,10.050993022007514,31.17283950617284,6.89747718733226,3.797638217928073,0.03354804079441761
216,36.3191089640365,1.3821792807300053,8.387010198604402,2.0933977455716586,9.997316156736447,31.132581857219538,6.870638754696726,3.784219001610306,0.03354804079441761
217,36.4398819108964,1.3821792807300053,8.380300590445518,2.0933977455716586,9.977187332259795,31.05877616747182,6.857219538378959,3.784219001610306,0.026838432635534086
218,36.65458937198068,1.3821792807300053,8.299785292538916,2.0799785292538915,9.88996242619431,30.891035963499732,6.951154052603328,3.730542136339238,0.12077294685990338
219,35.909822866344605,1.3821792807300053,8.111916264090176,2.073268921095008,9.71551261406334,32.67579173376275,6.293612453032743,3.717122920021471,0.12077294685990338
220,36.131239935587764,1.3821792807300053,8.111916264090176,2.0531400966183573,9.816156736446592,32.56172839506173,6.206387546967257,3.616478797638218,0.12077294685990338
221,36.2788513150832,1.3687600644122384,8.105206655931294,2.033011272141707,9.762479871175524,32.2866344605475,6.461352657004831,3.6097691894793345,0.0939345142243693
222,36.66800858829844,1.3687600644122384,8.105206655931294,2.033011272141707,9.648416532474503,32.06521739130435,6.4412238325281805,3.5762211486849167,0.0939345142243693
223,36.83574879227053,1.3620504562533549,8.071658615136876,2.120236178207193,9.628287707997853,31.95115405260333,6.407675791733762,3.5292538915727323,0.0939345142243693
224,37.063875469672574,1.3486312399355878,8.064949006977992,2.120236178207193,9.601449275362318,31.790123456790123,6.407675791733762,3.5091250670960816,0.0939345142243693
225,37.25174449812131,1.3486312399355878,8.044820182501342,2.120236178207193,9.648416532474503,31.246645195920557,6.756575415995706,3.488996242619431,0.0939345142243693
226,37.2987117552335,1.3486312399355878,7.997852925389157,2.120236178207193,9.608158883521202,30.870907139023082,7.185990338164252,3.475577026301664,0.0939345142243693
227,37.59393451422437,1.3486312399355878,7.997852925389157,2.120236178207193,9.561191626409018,30.67632850241546,7.132313472893183,3.475577026301664,0.0939345142243693
228,37.78851315083199,1.3486312399355878,7.977724100912507,2.1068169618894257,9.494095544820183,30.60252281266774,7.132313472893183,3.455448201825013,0.0939345142243693
229,38.00322061191626,1.3486312399355878,7.924047235641439,2.1068169618894257,9.373322597960279,30.56226516371444,7.098765432098766,3.488996242619431,0.0939345142243693
230,38.36553945249597,1.2748255501878691,7.843531937734836,2.0933977455716586,9.326355340848094,30.48845947396672,7.024959742351046,3.488996242619431,0.0939345142243693
231,38.808373590982285,1.2546967257112185,7.816693505099302,2.0933977455716586,9.138486312399356,30.3743961352657,6.964573268921095,3.455448201825013,0.0939345142243693
232,38.95598497047772,1.2546967257112185,7.816693505099302,2.073268921095008,9.091519055287172,30.226784755770264,7.0450885668276975,3.4420289855072466,0.0939345142243693
233,39.10359634997316,1.2546967257112185,7.816693505099302,2.0531400966183573,9.078099838969404,30.139559849704778,7.0450885668276975,3.4151905528717124,0.0939345142243693
234,39.378690284487384,1.2546967257112185,7.809983896940419,2.0531400966183573,9.017713365539452,29.99194847020934,6.984702093397746,3.4151905528717124,0.0939345142243693
235,39.418947933440684,1.2546967257112185,7.709339774557166,2.0531400966183573,8.93719806763285,29.810789049919485,7.199409554482019,3.5225442834138487,0.0939345142243693
236,39.57326892109501,1.2546967257112185,7.6556629092860975,2.0531400966183573,9.292807300053678,29.51556629092861,7.071926999463232,3.488996242619431,0.0939345142243693
237,38.52657004830918,1.2546967257112185,9.702093397745571,3.1468062265163717,9.245840042941492,27.67042404723564,6.884057971014493,3.475577026301664,0.0939345142243693
238,38.66747181964573,1.2546967257112185,9.863123993558776,3.126677402039721,9.125067096081589,27.596618357487923,6.837090713902308,3.435319377348363,0.0939345142243693
239,38.79495437466452,1.2546967257112185,9.802737520128824,3.3950617283950617,8.883521202361782,27.502683843263554,6.837090713902308,3.435319377348363,0.0939345142243693
240,38.54669887278583,1.2546967257112185,10.272410091250672,3.3950617283950617,8.829844337090714,27.2812667740204,6.816961889425658,3.5091250670960816,0.0939345142243693
241,38.92914653784219,1.2546967257112185,10.225442834138486,3.3145464304884595,8.78287707997853,27.214170692431562,6.736446591519055,3.44873859366613,0.0939345142243693
242,39.14385399892646,1.2546967257112185,10.171765968867419,3.307836822329576,8.749329039184111,27.093397745571657,6.736446591519055,3.44873859366613,0.0939345142243693
243,36.24530327428878,1.2010198604401503,9.01100375738057,3.3011272141706924,8.863392377885132,31.199677938808374,6.6760601180891035,3.408480944712829,0.0939345142243693
244,36.37949543746645,1.2010198604401503,8.964036500268385,3.280998389694042,8.863392377885132,31.15271068169619,6.655931293612453,3.408480944712829,0.0939345142243693
