,45,50,55,51,52,53,54,56,58,57,60,61,59,46,62,48,47
0,96.43048845947396,3.569511540526033,,,,,,,,,,,,,,,
1,96.35668276972625,3.643317230273752,,,,,,,,,,,,,,,
2,84.3263553408481,15.673644659151906,,,,,,,,,,,,,,,
3,61.111111111111114,38.868760064412236,0.020128824476650563,,,,,,,,,,,,,,
4,61.07756307031669,38.83521202361782,0.08722490606548577,,,,,,,,,,,,,,
5,59.97047772410091,34.03113258185722,0.19457863660762212,5.783682232957595,0.020128824476650563,,,,,,,,,,,,
6,59.896672034353195,34.10493827160494,0.19457863660762212,5.783682232957595,0.020128824476650563,,,,,,,,,,,,
7,59.896672034353195,32.05179817498658,2.24771873322598,5.783682232957595,0.020128824476650563,,,,,,,,,,,,
8,59.70209339774557,32.05179817498658,2.4892646269457863,5.736714975845411,0.020128824476650563,,,,,,,,,,,,
9,51.549919484702095,30.099302200751477,2.4355877616747184,13.593666129898015,2.3215244229736984,,,,,,,,,,,,
10,49.040526033279654,33.65539452495974,1.3553408480944713,12.855609232420827,3.0931293612453032,,,,,,,,,,,,
11,48.98684916800859,33.57487922705314,1.4895330112721417,12.855609232420827,3.0931293612453032,,,,,,,,,,,,
12,46.484165324745035,33.360171765968865,1.402308105206656,13.955984970477724,0.9192163177670424,3.569511540526033,0.2885131508319914,0.013419216317767043,0.0067096081588835215,,,,,,,,
13,46.24932903918411,31.588835212023618,0.9057971014492754,16.451959205582394,0.9192163177670424,3.569511540526033,0.2885131508319914,0.020128824476650563,0.0067096081588835215,,,,,,,,
14,39.35856146001073,31.582125603864736,1.0466988727858293,22.86634460547504,0.8990874932903918,3.556092324208266,0.5233494363929146,0.11406333870101985,0.0067096081588835215,0.020128824476650563,0.026838432635534086,,,,,,
15,37.486580783682236,27.214170692431562,1.107085346215781,28.958668813741276,0.8990874932903918,3.455448201825013,0.6776704240472357,0.14761137949543746,0.0067096081588835215,0.020128824476650563,0.026838432635534086,,,,,,
16,37.31884057971015,26.341921631776703,1.1406333870101986,31.93102522812668,0.49651100375738055,2.4892646269457863,0.15432098765432098,0.0939345142243693,0.0067096081588835215,,0.026838432635534086,,,,,,
17,35.01073537305421,24.329039184111647,1.1137949543746646,38.378958668813745,0.49651100375738055,0.2885131508319914,0.15432098765432098,0.19457863660762212,0.0067096081588835215,,0.026838432635534086,,,,,,
18,34.957058507783145,23.637949543746647,0.9393451422436929,35.98362855609233,3.7573805689747717,0.2885131508319914,0.17444981213097155,0.2281266774020397,0.0067096081588835215,0.026838432635534086,,,,,,,
19,28.012614063338702,27.63016639828234,0.8118625872249061,38.727858293075684,3.730542136339238,0.27509393451422437,0.49651100375738055,0.24154589371980675,0.020128824476650563,0.05367686527106817,,,,,,,
20,23.34272678475577,22.08132045088567,0.5434782608695652,49.241814278046164,3.730542136339238,0.4227053140096618,0.3488996242619431,0.2147074610842727,0.020128824476650563,0.05367686527106817,,,,,,,
21,23.18840579710145,22.208803005904453,0.5703166935050993,49.18142780461621,3.730542136339238,0.4227053140096618,0.3488996242619431,0.27509393451422437,0.020128824476650563,0.05367686527106817,,,,,,,
22,23.081052066559312,22.33628556092324,0.8118625872249061,48.8593666129898,3.730542136339238,0.4227053140096618,0.3488996242619431,0.33548040794417605,0.020128824476650563,0.05367686527106817,,,,,,,
23,21.22920021470746,22.269189479334408,0.8722490606548577,50.536768652710684,3.730542136339238,0.4227053140096618,0.3488996242619431,0.5166398282340311,0.020128824476650563,0.05367686527106817,,,,,,,
24,18.54535695115405,18.612453032742888,0.7581857219538379,57.407407407407405,3.2541599570585076,0.4227053140096618,0.3488996242619431,0.5770263016639828,0.020128824476650563,0.05367686527106817,,,,,,,
25,18.491680085882983,18.35077831454643,0.7447665056360708,57.39398819108964,3.2541599570585076,0.4227053140096618,0.3488996242619431,0.9192163177670424,0.020128824476650563,0.05367686527106817,,,,,,,
26,14.465915190552872,8.527911969940956,0.4428341384863124,72.59125067096082,2.341653247450349,0.30864197530864196,0.322061191626409,0.9259259259259259,0.020128824476650563,0.05367686527106817,,,,,,,
27,14.465915190552872,8.527911969940956,0.4428341384863124,72.54428341384863,2.341653247450349,0.30864197530864196,0.322061191626409,0.9728931830381106,0.020128824476650563,0.05367686527106817,,,,,,,
28,14.170692431561998,8.32662372517445,0.6374127750939346,72.60466988727859,2.341653247450349,0.30864197530864196,0.322061191626409,1.2144390767579174,0.020128824476650563,0.05367686527106817,,,,,,,
29,14.170692431561998,8.32662372517445,0.6374127750939346,72.53757380568975,2.341653247450349,0.30864197530864196,0.322061191626409,1.2815351583467525,0.020128824476650563,0.05367686527106817,,,,,,,
30,11.037305421363392,7.501341921631776,0.644122383252818,68.00858829844337,7.87037037037037,4.052603327965647,0.013419216317767043,0.8185721953837896,,0.05367686527106817,,,,,,,
31,11.037305421363392,7.37385936661299,0.8252818035426731,66.88137412775095,7.87037037037037,4.052603327965647,0.013419216317767043,1.892109500805153,,0.05367686527106817,,,,,,,
32,11.037305421363392,7.353730542136339,0.8454106280193237,65.98899624261944,7.494632313472893,4.03918411164788,1.4559849704777241,1.7310789049919484,,0.05367686527106817,,,,,,,
33,11.037305421363392,7.306763285024155,0.8923778851315083,65.8346752549651,7.494632313472893,4.03918411164788,1.4559849704777241,1.8853998926462694,,0.05367686527106817,,,,,,,
34,9.178743961352657,29.488727858293075,0.6374127750939346,45.551529790660226,6.488191089640365,7.313472893183038,0.5703166935050993,0.7447665056360708,,0.026838432635534086,,,,,,,
35,9.178743961352657,29.428341384863124,0.6977992485238862,45.511272141706925,6.488191089640365,7.313472893183038,0.5703166935050993,0.785024154589372,,0.026838432635534086,,,,,,,
36,9.178743961352657,29.374664519592056,0.7514761137949544,45.4777241009125,6.488191089640365,7.313472893183038,0.5703166935050993,0.8185721953837896,,0.026838432635534086,,,,,,,
37,9.158615136876007,29.2337627482555,0.8454106280193237,45.44417606011809,6.488191089640365,7.380568974771873,0.5703166935050993,0.8521202361782072,,0.026838432635534086,,,,,,,
38,9.111647879763822,29.166666666666668,0.8923778851315083,45.46430488459474,6.488191089640365,7.380568974771873,0.5703166935050993,0.8990874932903918,,0.026838432635534086,,,,,,,
39,8.796296296296296,27.831454643048847,2.2611379495437465,45.04159957058508,5.495169082125604,7.380568974771873,2.214170692431562,0.9393451422436929,,0.040257648953301126,,,,,,,
40,8.641975308641975,27.730810520665592,2.1604938271604937,51.81830381105743,1.7579173376274826,6.723027375201288,0.5568974771873323,0.5703166935050993,,0.040257648953301126,,,,,,,
41,7.0383789586688135,24.40955448201825,2.1269457863660763,56.94444444444444,1.7579173376274826,6.622383252818035,0.5568974771873323,0.5032206119162641,,0.040257648953301126,,,,,,,
42,7.03166935050993,22.436929683306495,2.120236178207193,60.7487922705314,1.7579173376274826,5.320719269994632,0.020128824476650563,0.5233494363929146,,0.040257648953301126,,,,,,,
43,7.0450885668276975,22.423510466988727,2.1068169618894257,57.32018250134192,5.045625335480408,5.320719269994632,0.03354804079441761,0.6642512077294686,,0.040257648953301126,,,,,,,
44,7.0450885668276975,22.423510466988727,2.1068169618894257,58.984165324745035,3.3950617283950617,5.320719269994632,0.03354804079441761,0.6508319914117016,,0.040257648953301126,,,,,,,
45,7.0450885668276975,22.423510466988727,2.13365539452496,58.87010198604401,3.3816425120772946,5.260332796564681,0.03354804079441761,0.7179280730005367,0.040257648953301126,0.0939345142243693,,,,,,,
46,7.0450885668276975,21.18894256575416,3.388352120236178,58.77616747181965,3.3816425120772946,5.260332796564681,0.03354804079441761,0.7917337627482555,0.040257648953301126,0.0939345142243693,,,,,,,
47,7.0450885668276975,21.121846484165324,3.421900161030596,58.762748255501876,3.3816425120772946,5.260332796564681,0.03354804079441761,0.8051529790660226,0.040257648953301126,0.0939345142243693,,0.03354804079441761,,,,,
48,7.058507783145465,21.095008051529792,3.44873859366613,58.74932903918411,3.3816425120772946,5.233494363929147,0.03354804079441761,0.8051529790660226,0.06709608158883522,0.0939345142243693,,0.03354804079441761,,,,,
49,7.0450885668276975,21.095008051529792,3.4621578099838968,58.7157809983897,3.3816425120772946,5.213365539452496,0.040257648953301126,0.8319914117015567,0.08722490606548577,0.0939345142243693,,0.03354804079441761,,,,,
50,7.071926999463232,21.081588835212024,3.435319377348363,58.55475040257649,3.3816425120772946,5.213365539452496,0.040257648953301126,0.966183574879227,0.08722490606548577,0.10735373054213634,,0.06038647342995169,,,,,
51,7.071926999463232,16.53918411164788,2.147074610842727,58.47423510466989,9.272678475577026,5.193236714975845,0.040257648953301126,1.0466988727858293,0.10735373054213634,0.10735373054213634,,,,,,,
52,6.796833064949007,16.458668813741276,2.2074610842726785,58.87010198604401,9.272678475577026,5.193236714975845,0.040257648953301126,0.9460547504025765,0.10735373054213634,0.10735373054213634,,,,,,,
53,6.796833064949007,16.458668813741276,2.2074610842726785,58.756038647343,9.25925925925926,5.193236714975845,0.040257648953301126,1.0601180891035964,0.10735373054213634,0.12077294685990338,,,,,,,
54,6.8035426731078905,16.431830381105744,2.3215244229736984,58.56816961889426,9.232420826623725,5.0791733762748255,0.06709608158883522,1.2412775093934514,0.10735373054213634,0.14761137949543746,,,,,,,
55,6.776704240472356,16.411701556629094,2.3349436392914655,57.306763285024154,9.118357487922705,6.280193236714976,0.06709608158883522,1.3352120236178207,0.10735373054213634,0.2616747181964573,,,,,,,
56,6.78341384863124,16.378153515834676,2.368491680085883,57.30005367686527,9.118357487922705,6.280193236714976,0.06709608158883522,1.3352120236178207,0.10735373054213634,0.2616747181964573,,,,,,,
57,6.796833064949007,16.317767042404725,2.4020397208803006,57.23966720343532,9.118357487922705,6.260064412238325,0.06709608158883522,1.3955984970477724,0.10735373054213634,0.2952227589908749,,,,,,,
58,6.749865807836822,16.324476650563607,2.428878153515835,57.340311325818575,9.118357487922705,6.260064412238325,0.06709608158883522,1.3083735909822867,0.10735373054213634,0.2952227589908749,,,,,,,
59,6.749865807836822,16.317767042404725,2.4355877616747184,57.22624798711755,9.118357487922705,6.239935587761675,0.06709608158883522,1.4224369296833066,0.1274825550187869,0.2952227589908749,,,,,,,
60,6.749865807836822,16.10305958132045,2.6502952227589907,56.24664519592056,9.118357487922705,6.1862587224906065,0.06709608158883522,2.4557165861513686,0.1274825550187869,0.2952227589908749,,,,,,,
61,6.749865807836822,16.076221148684915,2.677133655394525,56.03193773483628,9.091519055287172,6.125872249060655,0.06709608158883522,2.623456790123457,0.1274825550187869,0.4294149221685454,,,,,,,
62,6.763285024154589,16.022544283413847,2.7308105206655933,55.99838969404187,9.064680622651638,6.119162640901771,0.12077294685990338,2.576489533011272,0.1274825550187869,0.47638217928073,,,,,,,
63,6.78341384863124,15.982286634460548,2.7308105206655933,55.9447128287708,9.064680622651638,6.119162640901771,0.13419216317767044,2.636876006441224,0.1274825550187869,0.47638217928073,,,,,,,
64,6.756575415995706,16.009125067096083,2.7308105206655933,55.91787439613527,9.064680622651638,6.092324208266238,0.13419216317767044,2.6637144390767578,0.15432098765432098,0.47638217928073,,,,,,,
65,6.769994632313473,15.801127214170693,2.9388083735909825,54.146537842190014,8.172302737520129,8.789586688137414,0.13419216317767044,2.6704240472356413,0.15432098765432098,0.4227053140096618,,,,,,,
66,6.769994632313473,15.801127214170693,2.9388083735909825,53.958668813741276,8.044820182501342,8.776167471819646,0.13419216317767044,2.831454643048846,0.16774020397208803,0.5501878690284487,,0.026838432635534086,,,,,
67,6.790123456790123,15.76086956521739,2.9589371980676327,53.76409017713365,7.997852925389157,8.675523349436393,0.13419216317767044,2.831454643048846,0.2214170692431562,0.8252818035426731,,0.040257648953301126,,,,,
68,6.796833064949007,15.45222758990875,2.932098765432099,53.68357487922705,8.319914117015566,8.675523349436393,0.13419216317767044,2.898550724637681,0.2147074610842727,0.8521202361782072,,0.040257648953301126,,,,,
69,6.796833064949007,15.418679549114332,2.999194847020934,53.656736446591516,8.219269994632313,8.648684916800859,0.13419216317767044,2.918679549114332,0.2147074610842727,0.9326355340848095,,0.06038647342995169,,,,,
70,6.810252281266774,15.418679549114332,2.999194847020934,53.455448201825014,8.219269994632313,8.467525496511003,0.13419216317767044,2.9723564143853998,0.2147074610842727,1.1943102522812667,,0.06038647342995169,0.05367686527106817,,,,
71,6.816961889425658,15.318035426731079,3.099838969404187,50.80515297906602,8.031400966183575,11.33923778851315,0.15432098765432098,2.831454643048846,0.2616747181964573,1.1876006441223832,,0.06038647342995169,0.0939345142243693,,,,
72,6.515029522275899,15.318035426731079,3.099838969404187,50.5300590445518,8.501073537305421,11.332528180354267,0.15432098765432098,2.932098765432099,0.2616747181964573,1.2010198604401503,,0.06038647342995169,0.0939345142243693,,,,
73,6.515029522275899,15.318035426731079,3.099838969404187,50.42270531400966,8.501073537305421,11.245303274288782,0.15432098765432098,3.0394524959742353,0.3488996242619431,1.2010198604401503,,0.06038647342995169,0.0939345142243693,,,,
74,6.528448738593666,15.26435856146001,3.180354267310789,50.34219001610306,8.501073537305421,11.231884057971014,0.15432098765432098,3.066290928609769,0.3488996242619431,1.2278582930756843,,0.06038647342995169,0.0939345142243693,,,,
75,6.0587761674718195,15.60654857756307,3.33467525496511,49.986580783682236,8.487654320987655,11.231884057971014,0.15432098765432098,3.408480944712829,0.3488996242619431,1.2278582930756843,,0.06038647342995169,0.0939345142243693,,,,
76,6.099033816425121,15.566290928609769,3.374932903918411,49.77858293075684,8.474235104669887,11.16478797638218,0.15432098765432098,3.589640365002684,0.3757380568974772,1.2412775093934514,,0.06038647342995169,0.12077294685990338,,,,
77,3.052871712292002,13.251476113794954,3.2541599570585076,56.64922168545357,7.461084272678476,11.124530327428879,0.14761137949543746,3.260869565217391,0.3757380568974772,1.2412775093934514,,0.06038647342995169,0.12077294685990338,,,,
78,3.0394524959742353,13.117283950617283,3.515834675254965,56.474771873322595,7.461084272678476,11.057434245840042,0.14761137949543746,3.388352120236178,0.3757380568974772,1.2412775093934514,,0.06038647342995169,0.12077294685990338,,,,
79,3.052871712292002,13.117283950617283,3.515834675254965,56.26006441223833,7.4208266237251745,11.057434245840042,0.14761137949543746,3.603059581320451,0.36231884057971014,1.2815351583467525,,0.06038647342995169,0.12077294685990338,,,,
80,3.0864197530864197,13.103864734299517,3.5292538915727323,55.77026301663983,7.4208266237251745,11.030595813204508,0.14090177133655393,4.079441760601181,0.36231884057971014,1.2815351583467525,,0.06038647342995169,0.13419216317767044,,,,
81,2.509393451422437,12.942834138486312,3.5225442834138487,56.977992485238865,7.407407407407407,10.950080515297907,0.12077294685990338,3.7104133118625873,0.36231884057971014,1.2949543746645196,,0.06038647342995169,0.14090177133655393,,,,
82,2.49597423510467,12.942834138486312,3.5225442834138487,56.91760601180891,7.407407407407407,10.976918947933441,0.12077294685990338,3.7573805689747717,0.36231884057971014,1.2949543746645196,,0.06038647342995169,0.14090177133655393,,,,
83,2.5161030595813205,12.835480407944177,3.629898013955985,56.89747718733226,7.407407407407407,10.869565217391305,0.12077294685990338,3.7640901771336552,0.46296296296296297,1.2949543746645196,,0.06038647342995169,0.14090177133655393,,,,
84,2.4557165861513686,12.855609232420827,3.750670960815888,56.756575415995705,7.407407407407407,10.869565217391305,0.12077294685990338,3.824476650563607,0.46296296296296297,1.2949543746645196,,0.06038647342995169,0.14090177133655393,,,,
85,0.7112184648416533,32.68250134192163,2.757648953301127,43.33735909822866,6.172839506172839,8.890230810520666,0.10735373054213634,3.9452495974235107,0.20128824476650564,0.9930220075147611,,0.06038647342995169,0.14090177133655393,,,,
86,0.7380568974771873,30.656199677938808,4.998658078368224,43.08910359634997,6.125872249060655,8.890230810520666,0.10735373054213634,3.9519592055823938,0.20128824476650564,0.9728931830381106,0.06709608158883522,0.06038647342995169,0.14090177133655393,,,,
87,0.7246376811594203,23.57085346215781,4.435050993022007,42.7938808373591,14.083467525496511,8.816425120772946,0.08051529790660225,3.9586688137412773,0.27509393451422437,0.9930220075147611,0.06709608158883522,0.06038647342995169,0.14090177133655393,,,,
88,0.7112184648416533,23.282340311325818,4.455179817498658,41.6532474503489,14.083467525496511,8.749329039184111,1.6706924315619969,3.92512077294686,0.2616747181964573,0.9393451422436929,0.06709608158883522,0.06038647342995169,0.14090177133655393,,,,
89,0.7112184648416533,23.242082662372518,4.49543746645196,41.6532474503489,14.083467525496511,8.749329039184111,1.6706924315619969,3.92512077294686,0.2616747181964573,0.9393451422436929,0.06709608158883522,0.06038647342995169,0.14090177133655393,,,,
90,0.7246376811594203,23.121309715512613,4.602791196994096,41.646537842190014,14.049919484702093,8.749329039184111,1.6706924315619969,3.92512077294686,0.30193236714975846,0.9393451422436929,0.06709608158883522,0.06038647342995169,0.14090177133655393,,,,
91,0.7246376811594203,23.121309715512613,4.602791196994096,41.57944176060118,14.049919484702093,8.709071390230811,1.6706924315619969,3.9586688137412773,0.30193236714975846,1.0131508319914118,0.06709608158883522,0.06038647342995169,0.14090177133655393,,,,
92,0.7246376811594203,23.10789049919485,4.616210413311863,41.55260332796565,14.049919484702093,8.648684916800859,1.6706924315619969,4.05931293612453,0.30193236714975846,0.9997316156736447,0.06709608158883522,0.06038647342995169,0.14090177133655393,,,,
93,0.7380568974771873,23.10789049919485,4.616210413311863,41.458668813741276,14.036500268384327,8.648684916800859,1.6706924315619969,4.139828234031133,0.30193236714975846,1.0131508319914118,0.06709608158883522,0.06038647342995169,0.14090177133655393,,,,
94,0.7112184648416533,23.03408480944713,4.64975845410628,40.98899624261943,13.962694578636608,8.541331186258722,1.6706924315619969,4.830917874396135,0.30193236714975846,1.0131508319914118,0.06709608158883522,0.06038647342995169,0.16774020397208803,,,,
95,0.6642512077294686,19.07541599570585,4.4753086419753085,35.28582930756844,13.955984970477724,19.243156199677937,1.6706924315619969,4.233762748255502,0.30193236714975846,0.8185721953837896,0.06709608158883522,0.040257648953301126,0.16774020397208803,,,,
96,0.6642512077294686,19.07541599570585,4.461889425657541,35.25228126677402,13.942565754159958,19.243156199677937,1.6706924315619969,4.26731078904992,0.30193236714975846,0.8319914117015567,0.08051529790660225,0.040257648953301126,0.16774020397208803,,,,
97,0.6843800322061192,19.068706387546968,4.461889425657541,35.07112184648417,13.92914653784219,19.196188942565755,1.6706924315619969,4.448470209339774,0.33548040794417605,0.8319914117015567,0.08051529790660225,0.040257648953301126,0.18115942028985507,,,,
98,0.6843800322061192,19.068706387546968,4.461889425657541,34.88325281803543,13.79495437466452,19.108964036500268,1.9659151905528718,4.441760601180891,0.38915727321524424,0.8990874932903918,0.08051529790660225,0.040257648953301126,0.18115942028985507,,,,
99,0.6843800322061192,19.0552871712292,4.616210413311863,34.70209339774557,13.741277509393452,19.0955448201825,1.9659151905528718,4.4820182501341925,0.4025764895330113,0.95276435856146,0.08051529790660225,0.040257648953301126,0.18115942028985507,,,,
100,0.6977992485238862,19.0150295222759,5.844068706387547,34.675254965110035,13.714439076757918,17.881105743424584,1.9659151905528718,4.49543746645196,0.4025764895330113,0.9796027911969941,0.08051529790660225,0.06709608158883522,0.18115942028985507,,,,
101,0.6977992485238862,19.0150295222759,5.877616747181965,34.648416532474506,13.707729468599034,17.820719269994633,1.9256575415995705,4.522275899087493,0.4025764895330113,1.0064412238325282,0.08051529790660225,0.06709608158883522,0.2281266774020397,,,,
102,0.6843800322061192,19.0150295222759,5.891035963499732,34.58803005904455,13.654052603327965,17.820719269994633,1.9256575415995705,4.575952764358561,0.4025764895330113,1.06682769726248,0.08051529790660225,0.06709608158883522,0.2281266774020397,,,,
103,0.6843800322061192,18.98148148148148,5.924584004294149,34.52093397745572,13.6406333870102,17.820719269994633,1.9256575415995705,4.609500805152979,0.4025764895330113,1.1137949543746646,0.08051529790660225,0.06709608158883522,0.2281266774020397,,,,
104,0.6038647342995169,18.914385399892645,5.991680085882985,38.60708534621578,13.573537305421363,15.076489533011273,1.9189479334406871,3.824476650563607,0.3824476650563607,0.8655394524959742,0.08051529790660225,0.06709608158883522,0.0939345142243693,,,,
105,0.6038647342995169,18.894256575415994,6.045356951154052,38.57353730542136,13.573537305421363,15.03623188405797,1.9189479334406871,3.824476650563607,0.4227053140096618,0.8655394524959742,0.08051529790660225,0.06709608158883522,0.0939345142243693,,,,
106,0.5904455179817498,18.06226516371444,6.910896403650026,38.399087493290395,13.22463768115942,15.03623188405797,1.9189479334406871,3.8915727321524423,0.47638217928073,1.2144390767579174,0.08051529790660225,0.10064412238325282,0.0939345142243693,,,,
107,0.6105743424584005,18.02871712292002,6.910896403650026,38.33199141170156,13.22463768115942,14.915458937198068,1.8988191089640365,3.9452495974235107,0.5568974771873323,1.2144390767579174,0.08051529790660225,0.10064412238325282,0.18115942028985507,,,,
108,0.6239935587761675,17.693236714975846,6.608964036500268,38.17096081588835,14.076757917337627,14.700751476113794,1.8988191089640365,3.9855072463768115,0.5568974771873323,1.2144390767579174,0.08051529790660225,0.10064412238325282,0.2885131508319914,,,,
109,0.36902844873859364,15.08990874932904,5.703166935050993,38.66076221148685,17.961621041331185,14.700751476113794,1.6237251744498122,3.5091250670960816,0.5568974771873323,1.3553408480944713,0.08051529790660225,0.10064412238325282,0.2885131508319914,,,,
110,0.4025764895330113,14.97584541062802,5.8172302737520125,38.6003757380569,17.961621041331185,14.660493827160494,1.6237251744498122,3.549382716049383,0.5971551261406334,1.3553408480944713,0.08051529790660225,0.10064412238325282,0.27509393451422437,,,,
111,0.4025764895330113,14.915458937198068,5.8172302737520125,38.58695652173913,17.934782608695652,14.660493827160494,1.6237251744498122,3.6231884057971016,0.5971551261406334,1.3821792807300053,0.08051529790660225,0.10064412238325282,0.27509393451422437,,,,
112,0.4025764895330113,13.58695652173913,5.233494363929147,48.55072463768116,17.92807300053677,6.857219538378959,1.6237251744498122,3.629898013955985,0.3488996242619431,1.3821792807300053,0.08051529790660225,0.10064412238325282,0.27509393451422437,,,,
113,0.41599570585077833,13.58695652173913,5.233494363929147,48.470209339774556,17.92807300053677,6.850509930220075,1.6237251744498122,3.7037037037037037,0.3488996242619431,1.3821792807300053,0.08051529790660225,0.10064412238325282,0.27509393451422437,,,,
114,0.4092860976918948,13.58695652173913,5.22007514761138,48.43666129898014,17.887815351583466,6.837090713902308,1.6237251744498122,3.7640901771336552,0.3824476650563607,1.3687600644122384,0.0939345142243693,0.11406333870101985,0.27509393451422437,,,,
115,0.4227053140096618,13.58695652173913,5.186527106816962,48.41653247450349,17.887815351583466,6.830381105743425,1.6237251744498122,3.7640901771336552,0.41599570585077833,1.3821792807300053,0.0939345142243693,0.11406333870101985,0.27509393451422437,,,,
116,0.4495437466451959,13.573537305421363,5.173107890499195,48.32259796027912,17.881105743424584,6.830381105743425,1.6639828234031133,3.824476650563607,0.41599570585077833,1.3821792807300053,0.0939345142243693,0.11406333870101985,0.27509393451422437,,,,
117,0.4562533548040794,13.24476650563607,5.166398282340311,45.779656468062264,20.75281803542673,6.830381105743425,1.6639828234031133,3.824476650563607,0.41599570585077833,1.3821792807300053,0.0939345142243693,0.11406333870101985,0.27509393451422437,,,,
118,0.4830917874396135,11.553945249597424,7.132313472893183,45.63204508856683,20.611916264090176,6.749865807836822,1.6639828234031133,3.8311862587224907,0.49651100375738055,1.3687600644122384,0.0939345142243693,0.11406333870101985,0.2683843263553409,,,,
119,0.46967257112184646,11.52710681696189,7.1658615136876005,41.82098765432099,20.611916264090176,6.66935050993022,5.475040257648954,3.898282340311326,0.49651100375738055,1.3419216317767042,0.12077294685990338,0.11406333870101985,0.2885131508319914,,,,
120,0.47638217928073,11.52710681696189,7.14573268921095,41.80756843800322,20.491143317230275,6.662640901771336,5.4549114331723025,3.911701556629093,0.5099302200751477,1.4492753623188406,0.14090177133655393,0.11406333870101985,0.30864197530864196,,,,
121,0.47638217928073,11.52710681696189,7.14573268921095,41.7337627482555,20.491143317230275,6.649221685453569,5.4549114331723025,3.9855072463768115,0.5233494363929146,1.4492753623188406,0.14090177133655393,0.11406333870101985,0.30864197530864196,,,,
122,0.5166398282340311,11.513687600644122,7.14573268921095,41.659957058507786,20.37037037037037,6.635802469135802,5.4549114331723025,4.05931293612453,0.5233494363929146,1.556629092860977,0.14090177133655393,0.11406333870101985,0.30864197530864196,,,,
123,0.5501878690284487,11.473429951690822,7.152442297369833,41.6532474503489,20.303274288781534,6.602254428341385,5.4549114331723025,4.05931293612453,0.5770263016639828,1.6103059581320451,0.14090177133655393,0.11406333870101985,0.30864197530864196,,,,
124,0.5501878690284487,11.473429951690822,7.14573268921095,41.646537842190014,20.1959205582394,6.602254428341385,5.4549114331723025,4.066022544283414,0.5770263016639828,1.7176596886741815,0.14090177133655393,0.12077294685990338,0.30864197530864196,,,,
125,0.5501878690284487,11.473429951690822,7.112184648416532,41.606280193236714,20.04830917874396,6.602254428341385,5.448201825013419,4.079441760601181,0.5770263016639828,1.892109500805153,0.17444981213097155,0.12077294685990338,0.3153515834675255,,,,
126,0.5636070853462157,11.426462694578637,7.105475040257649,41.532474503489,20.04830917874396,6.595544820182502,5.434782608695652,4.1532474503489,0.5837359098228664,1.9189479334406871,0.17444981213097155,0.14761137949543746,0.3153515834675255,,,,
127,0.5904455179817498,11.426462694578637,7.105475040257649,41.458668813741276,20.02818035426731,6.568706387546968,5.434782608695652,4.2270531400966185,0.630703166935051,1.9189479334406871,0.14761137949543746,0.14761137949543746,0.3153515834675255,,,,
128,0.5904455179817498,11.3593666129898,7.1725711218464845,41.378153515834676,20.001341921631777,6.568706387546968,5.434782608695652,4.300858829844337,0.630703166935051,1.9524959742351047,0.14761137949543746,0.14761137949543746,0.3153515834675255,,,,
129,0.6038647342995169,11.332528180354267,7.14573268921095,41.337895866881375,19.97450348899624,6.568706387546968,5.434782608695652,4.341116478797638,0.644122383252818,1.9793344068706387,0.17444981213097155,0.14761137949543746,0.3153515834675255,,,,
130,0.6239935587761675,11.332528180354267,7.098765432098766,41.29092860976919,19.692699946323135,6.5485775630703165,5.475040257648954,4.388083735909823,0.6776704240472357,2.2342995169082127,0.17444981213097155,0.14761137949543746,0.3153515834675255,,,,
131,0.6105743424584005,11.332528180354267,7.199409554482019,41.22383252818035,19.692699946323135,6.541867954911433,5.475040257648954,4.3545356951154055,0.6776704240472357,2.2342995169082127,0.17444981213097155,0.14761137949543746,0.33548040794417605,,,,
132,0.630703166935051,11.265432098765432,7.246376811594203,41.19028448738594,19.57192699946323,6.4412238325281805,5.475040257648954,4.488727858293076,0.6776704240472357,2.3550724637681157,0.17444981213097155,0.14761137949543746,0.33548040794417605,,,,
133,0.6575415995705851,11.238593666129898,7.273215244229737,41.0829307568438,19.565217391304348,6.4412238325281805,5.488459473966721,4.555823939881911,0.6776704240472357,2.3617820719269993,0.17444981213097155,0.14761137949543746,0.33548040794417605,,,,
134,0.6843800322061192,10.23215244229737,6.870638754696726,40.76086956521739,18.370907139023082,8.467525496511003,5.488459473966721,5.917874396135265,0.7045088566827697,1.8115942028985508,0.20799785292538917,0.14761137949543746,0.33548040794417605,,,,
135,0.6575415995705851,7.729468599033816,5.246913580246914,40.747450348899626,23.503757380568974,8.467525496511003,5.481749865807837,5.4616210413311865,0.5837359098228664,1.5633387010198605,0.07380568974771873,0.14761137949543746,0.33548040794417605,,,,
136,0.6709608158883521,7.695920558239399,5.407944176060118,40.64680622651637,23.396403650026837,8.32662372517445,5.481749865807837,5.421363392377885,0.5501878690284487,1.8451422436929683,0.07380568974771873,0.14761137949543746,0.33548040794417605,,,,
137,0.6977992485238862,7.575147611379496,5.407944176060118,40.53274288781535,22.966988727858293,8.340042941492216,5.46833064949007,6.031937734836285,0.5501878690284487,1.8585614600107354,0.07380568974771873,0.14761137949543746,0.3488996242619431,,,,
138,0.6910896403650026,6.837090713902308,5.864197530864198,44.93424584004294,22.490606548577563,6.340579710144928,4.052603327965647,5.971551261406334,0.46296296296296297,1.778046162104133,0.0939345142243693,0.14761137949543746,0.33548040794417605,,,,
139,0.6977992485238862,6.823671497584541,5.877616747181965,44.887278582930755,22.490606548577563,6.340579710144928,4.052603327965647,6.011808910359635,0.46296296296296297,1.778046162104133,0.0939345142243693,0.14761137949543746,0.33548040794417605,,,,
140,0.6843800322061192,6.816961889425658,5.877616747181965,44.82018250134192,22.309447128287708,6.340579710144928,4.066022544283414,6.078904991948471,0.4562533548040794,1.9726247987117553,0.0939345142243693,0.14761137949543746,0.33548040794417605,,,,
141,0.644122383252818,6.816961889425658,5.877616747181965,40.633387010198604,26.603596349973163,6.273483628556092,4.066022544283414,6.085614600107354,0.4562533548040794,1.9726247987117553,0.0939345142243693,0.14761137949543746,0.32877079978529256,,,,
142,0.644122383252818,6.796833064949007,5.870907139023081,40.633387010198604,26.576757917337627,6.273483628556092,4.066022544283414,6.099033816425121,0.4562533548040794,2.0128824476650564,0.0939345142243693,0.14761137949543746,0.32877079978529256,,,,
143,0.644122383252818,6.763285024154589,5.917874396135265,40.57971014492754,26.52308105206656,6.260064412238325,4.052603327965647,6.152710681696189,0.4562533548040794,2.046430488459474,0.0939345142243693,0.14761137949543746,0.36231884057971014,,,,
144,0.6642512077294686,6.763285024154589,6.850509930220075,40.49919484702093,25.791733762748255,6.246645195920558,4.05931293612453,6.179549114331723,0.4227053140096618,1.9189479334406871,0.0939345142243693,0.14761137949543746,0.36231884057971014,,,,
145,0.6374127750939346,6.407675791733762,5.58239398819109,39.45920558239399,28.576221148684915,6.246645195920558,4.05931293612453,6.132581857219538,0.4227053140096618,1.90552871712292,0.0939345142243693,0.11406333870101985,0.36231884057971014,,,,
146,0.6508319914117016,6.407675791733762,5.5756843800322065,39.392109500805155,28.569511540526033,6.239935587761675,4.05931293612453,6.1929683306494905,0.4227053140096618,1.9189479334406871,0.0939345142243693,0.11406333870101985,0.36231884057971014,,,,
147,0.6776704240472357,6.407675791733762,5.5756843800322065,39.38539989264627,28.569511540526033,6.239935587761675,4.05931293612453,6.1929683306494905,0.4025764895330113,1.9189479334406871,0.0939345142243693,0.11406333870101985,0.36231884057971014,,,,
148,0.6776704240472357,6.407675791733762,5.642780461621041,39.26462694578637,28.529253891572733,6.239935587761675,4.05931293612453,6.280193236714976,0.4025764895330113,1.9256575415995705,0.0939345142243693,0.11406333870101985,0.36231884057971014,,,,
149,0.6508319914117016,6.407675791733762,5.622651637144391,36.29898013955985,31.407675791733762,6.233225979602791,4.05931293612453,6.353998926462695,0.4025764895330113,1.9927536231884058,0.0939345142243693,0.11406333870101985,0.36231884057971014,,,,
150,0.6642512077294686,6.374127750939345,5.622651637144391,36.26543209876543,31.367418142780462,6.233225979602791,4.05931293612453,6.4345142243692965,0.4025764895330113,1.9927536231884058,0.0939345142243693,0.1274825550187869,0.36231884057971014,,,,
151,0.7045088566827697,6.374127750939345,5.58239398819109,36.24530327428878,31.280193236714975,6.199677938808374,4.05931293612453,6.447933440687064,0.4025764895330113,2.0799785292538915,0.13419216317767044,0.1274825550187869,0.36231884057971014,,,,
152,0.7179280730005367,6.374127750939345,5.589103596349974,36.171497584541065,31.21309715512614,6.199677938808374,3.797638217928073,6.528448738593666,0.4025764895330113,2.1068169618894257,0.13419216317767044,0.1274825550187869,0.6239935587761675,0.013419216317767043,,,
153,0.7179280730005367,6.374127750939345,5.615942028985507,36.10440150295223,31.092324208266238,6.199677938808374,3.797638217928073,6.595544820182502,0.4025764895330113,2.227589908749329,0.10735373054213634,0.1274825550187869,0.6239935587761675,0.013419216317767043,,,
154,0.7447665056360708,6.3137412775093935,5.669618894256575,35.94337090713902,30.9849704777241,6.166129898013956,3.784219001610306,6.8035426731078905,0.43612453032742887,2.2611379495437465,0.10735373054213634,0.1274825550187869,0.644122383252818,0.013419216317767043,,,
155,0.7447665056360708,6.3137412775093935,5.615942028985507,35.88298443370907,30.03220611916264,6.166129898013956,4.777241009125067,6.830381105743425,0.43612453032742887,2.2879763821792807,0.12077294685990338,0.13419216317767044,0.644122383252818,0.013419216317767043,,,
156,0.7581857219538379,6.3137412775093935,5.615942028985507,35.88298443370907,29.985238862050455,6.152710681696189,4.777241009125067,6.830381105743425,0.43612453032742887,2.3349436392914655,0.12077294685990338,0.13419216317767044,0.644122383252818,0.013419216317767043,,,
157,0.7581857219538379,6.260064412238325,5.669618894256575,35.85614600107354,29.97181964573269,6.152710681696189,4.777241009125067,6.884057971014493,0.43612453032742887,2.3215244229736984,0.12077294685990338,0.13419216317767044,0.644122383252818,0.013419216317767043,,,
158,0.7716049382716049,6.1862587224906065,5.622651637144391,35.78234031132582,29.911433172302736,6.152710681696189,4.931561996779388,6.9243156199677935,0.43612453032742887,2.368491680085883,0.12077294685990338,0.13419216317767044,0.644122383252818,0.013419216317767043,,,
159,0.7783145464304885,5.213365539452496,4.616210413311863,35.78234031132582,32.1658615136876,6.152710681696189,4.931561996779388,6.850509930220075,0.43612453032742887,2.200751476113795,0.12077294685990338,0.0939345142243693,0.644122383252818,0.013419216317767043,,,
160,0.7917337627482555,5.213365539452496,4.602791196994096,35.71524422973698,32.1256038647343,6.152710681696189,4.958400429414922,6.890767579173376,0.43612453032742887,2.2410091250670963,0.12077294685990338,0.0939345142243693,0.644122383252818,0.013419216317767043,,,
161,0.8185721953837896,5.213365539452496,4.602791196994096,35.648148148148145,32.06521739130435,6.152710681696189,4.944981213097155,6.904186795491143,0.43612453032742887,2.301395598497048,0.12077294685990338,0.12077294685990338,0.6575415995705851,0.013419216317767043,,,
162,0.7783145464304885,5.173107890499195,4.549114331723027,38.1508319914117,31.66935050993022,5.12614063338701,4.804079441760601,6.541867954911433,0.32877079978529256,1.9994632313472893,0.12077294685990338,0.12077294685990338,0.6239935587761675,0.013419216317767043,,,
163,0.7917337627482555,5.173107890499195,4.549114331723027,38.10386473429951,31.66935050993022,5.10601180891036,4.817498658078368,6.427804616210413,0.32877079978529256,2.147074610842727,0.12077294685990338,0.12077294685990338,0.630703166935051,0.013419216317767043,,,
164,0.7917337627482555,5.173107890499195,4.549114331723027,38.04347826086956,31.66935050993022,4.99194847020934,4.810789049919484,6.468062265163715,0.4428341384863124,2.187332259796028,0.12077294685990338,0.12077294685990338,0.6172839506172839,0.013419216317767043,,,
165,0.7917337627482555,5.146269457863661,4.5893719806763285,38.00993022007515,31.4345142243693,4.978529253891573,4.884594739667204,6.696188942565755,0.4562533548040794,2.187332259796028,0.12077294685990338,0.12077294685990338,0.5703166935050993,0.013419216317767043,,,
166,0.8051529790660226,5.146269457863661,4.30756843800322,37.80864197530864,31.273483628556093,4.978529253891573,4.884594739667204,6.870638754696726,0.4562533548040794,2.3483628556092326,0.41599570585077833,0.12077294685990338,0.5703166935050993,0.013419216317767043,,,
167,0.8051529790660226,5.146269457863661,4.30756843800322,37.62748255501879,31.239935587761675,4.978529253891573,4.911433172302737,7.024959742351046,0.4562533548040794,2.38191089640365,0.41599570585077833,0.12077294685990338,0.5703166935050993,0.013419216317767043,,,
168,0.8118625872249061,5.139559849704777,4.314278046162104,37.58722490606549,31.239935587761675,4.978529253891573,4.891304347826087,7.051798174986581,0.4562533548040794,2.4221685453569513,0.41599570585077833,0.12077294685990338,0.5568974771873323,0.013419216317767043,,,
169,0.8118625872249061,5.139559849704777,4.314278046162104,37.39264626945786,31.219806763285025,4.978529253891573,4.924852388620504,7.212828770799785,0.4562533548040794,2.442297369833602,0.41599570585077833,0.12077294685990338,0.5568974771873323,0.013419216317767043,,,
170,0.8118625872249061,5.0993022007514766,4.3545356951154055,37.21819645732689,31.219806763285025,4.944981213097155,4.924852388620504,7.427536231884058,0.4562533548040794,2.442297369833602,0.41599570585077833,0.12077294685990338,0.5501878690284487,0.013419216317767043,,,
171,0.8118625872249061,5.0993022007514766,4.3545356951154055,37.21819645732689,31.199677938808374,4.944981213097155,4.924852388620504,7.4141170155662905,0.4830917874396135,2.462426194310252,0.41599570585077833,0.12077294685990338,0.5367686527106817,0.013419216317767043,,,
172,0.798443370907139,5.0993022007514766,4.367954911433173,37.19135802469136,31.17283950617284,4.904723564143854,4.985238862050457,7.434245840042942,0.4495437466451959,2.4825550187869028,0.41599570585077833,0.12077294685990338,0.5636070853462157,0.013419216317767043,,,
173,0.8252818035426731,5.0993022007514766,5.522007514761138,35.99704777241009,31.11916264090177,4.904723564143854,4.985238862050457,7.4006977992485234,0.4495437466451959,2.5563607085346214,0.4428341384863124,0.12077294685990338,0.5636070853462157,0.013419216317767043,,,
174,0.8387010198604401,5.0993022007514766,5.522007514761138,35.99704777241009,31.112453032742888,4.904723564143854,4.985238862050457,7.387278582930757,0.4495437466451959,2.563070316693505,0.4428341384863124,0.12077294685990338,0.5636070853462157,0.013419216317767043,,,
175,0.8655394524959742,5.0858829844337095,5.522007514761138,35.86285560923242,31.07890499194847,4.891304347826087,4.9651100375738055,7.501341921631776,0.46296296296296297,2.6435856146001075,0.4428341384863124,0.12077294685990338,0.5434782608695652,0.013419216317767043,,,
176,0.8789586688137413,5.0858829844337095,5.528717122920021,35.84272678475577,31.0654857756307,4.891304347826087,4.9651100375738055,7.514761137949543,0.46296296296296297,2.6435856146001075,0.4428341384863124,0.12077294685990338,0.5434782608695652,0.013419216317767043,,,
177,0.8789586688137413,5.0858829844337095,5.528717122920021,35.809178743961354,31.031937734836287,4.830917874396135,5.01207729468599,7.481213097155126,0.5233494363929146,2.677133655394525,0.4428341384863124,0.12077294685990338,0.5636070853462157,0.013419216317767043,,,
