,45,50,54,51,52,55,53,56,58,57,59
0,99.93290391841117,0.06709608158883522,,,,,,,,,
1,99.73832528180354,0.2616747181964573,,,,,,,,,
2,98.50375738056897,1.4962426194310252,,,,,,,,,
3,97.0679012345679,2.932098765432099,,,,,,,,,
4,91.51905528717123,8.480944712828771,,,,,,,,,
5,83.95061728395062,16.049382716049383,,,,,,,,,
6,83.76945786366076,15.33816425120773,0.8923778851315083,,,,,,,,
7,81.09232420826623,17.297369833601717,1.6103059581320451,,,,,,,,
8,77.7710681696189,20.632045088566827,1.596886741814278,,,,,,,,
9,77.14036500268384,20.142243692968332,1.596886741814278,0.9460547504025765,0.10735373054213634,0.06709608158883522,,,,,
10,76.10708534621578,20.39049919484702,0.8588298443370908,2.4691358024691357,0.10735373054213634,0.06709608158883522,,,,,
11,75.97289318303811,20.50456253354804,0.8588298443370908,2.4691358024691357,0.10735373054213634,0.08722490606548577,,,,,
12,75.66425120772946,20.7662372517445,0.8185721953837896,2.5563607085346214,0.10735373054213634,0.08722490606548577,,,,,
13,75.67096081588835,20.759527643585614,0.8185721953837896,2.5563607085346214,0.10735373054213634,0.08722490606548577,,,,,
14,74.95303274288781,21.477455716586153,0.8185721953837896,2.5563607085346214,0.10735373054213634,0.08722490606548577,,,,,
15,64.03650026838433,32.2061191626409,0.8185721953837896,2.757648953301127,0.10735373054213634,0.07380568974771873,,,,,
16,64.28475577026302,31.99141170155663,0.7581857219538379,2.757648953301127,0.13419216317767044,0.07380568974771873,,,,,
17,64.1304347826087,31.850509930220074,0.7581857219538379,2.757648953301127,0.13419216317767044,0.36902844873859364,,,,,
18,64.11030595813205,31.850509930220074,0.8923778851315083,2.6435856146001075,0.13419216317767044,0.36902844873859364,,,,,
19,59.5276435856146,36.07756307031669,0.8923778851315083,2.6435856146001075,0.13419216317767044,0.7246376811594203,,,,,
20,58.19243156199678,37.23161567364466,1.0534084809447128,2.6301663982823404,0.13419216317767044,0.7313472893183038,0.026838432635534086,,,,
21,58.15888352120236,36.85587761674718,1.0534084809447128,2.703972088030059,0.13419216317767044,1.06682769726248,0.026838432635534086,,,,
22,49.20155662909286,44.03515834675255,1.0534084809447128,2.703972088030059,1.9122383252818036,1.06682769726248,0.026838432635534086,,,,
23,48.9398819108964,43.25013419216318,1.0534084809447128,2.703972088030059,2.771068169618894,1.1137949543746646,0.16774020397208803,,,,
24,48.9398819108964,43.20987654320987,1.0534084809447128,2.703972088030059,2.771068169618894,1.1540526033279657,0.16774020397208803,,,,
25,49.00697799248524,43.19645732689211,1.0534084809447128,2.657004830917874,2.7643585614600106,1.1540526033279657,0.16774020397208803,,,,
26,49.00697799248524,42.954911433172306,1.0534084809447128,2.657004830917874,2.7643585614600106,1.3955984970477724,0.16774020397208803,,,,
27,49.02710681696189,42.941492216854535,1.0534084809447128,2.6502952227589907,2.7643585614600106,1.3955984970477724,0.16774020397208803,,,,
28,49.00697799248524,42.78717122920021,1.0534084809447128,2.7241009125067097,2.7442297369833604,1.5163714439076759,0.16774020397208803,,,,
29,48.590982286634464,42.84084809447128,1.1607622114868492,2.8918411164787976,2.7442297369833604,1.5633387010198605,0.20799785292538917,,,,
30,46.88003220611916,45.70585077831455,1.1808910359634996,2.918679549114332,1.6639828234031133,1.442565754159957,0.20799785292538917,,,,
31,46.92699946323135,44.20289855072464,1.1808910359634996,2.965646806226516,1.6639828234031133,2.8515834675254963,0.20799785292538917,,,,
32,46.947128287708,43.84728931830381,1.3150831991411702,2.965646806226516,1.6639828234031133,3.052871712292002,0.20799785292538917,,,,
33,46.88003220611916,43.907675791733766,1.3150831991411702,2.965646806226516,1.6639828234031133,3.0595813204508855,0.20799785292538917,,,,
34,41.176865271068166,39.97584541062802,1.751207729468599,13.077026301663983,1.6639828234031133,1.8384326355340848,0.5166398282340311,,,,
35,40.324745034889965,40.09661835748792,1.8183038110574343,13.654052603327965,1.6639828234031133,1.8786902844873858,0.5166398282340311,0.04696725711218465,,,
36,33.984165324745035,43.70638754696726,1.7042404723564144,16.61969940955448,1.6639828234031133,1.7847557702630166,0.48980139559849706,0.04696725711218465,,,
37,33.903650026838434,43.72651637144391,1.6908212560386473,16.552603327965645,1.8048845947396672,1.7847557702630166,0.48980139559849706,0.04696725711218465,,,
38,30.132850241545892,48.68491680085883,1.6908212560386473,10.38647342995169,6.568706387546968,1.8585614600107354,0.630703166935051,0.04696725711218465,,,
39,30.05233494363929,48.26221148684917,1.6908212560386473,10.11808910359635,6.568706387546968,1.8585614600107354,1.402308105206656,0.04696725711218465,,,
40,27.20746108427268,48.8593666129898,1.9256575415995705,14.962426194310252,3.898282340311326,1.6975308641975309,1.402308105206656,0.04696725711218465,,,
41,27.214170692431562,47.28260869565217,1.9256575415995705,14.814814814814815,3.844605475040258,1.6975308641975309,3.0595813204508855,0.1610305958132045,,,
42,27.408749329039185,47.054482018250134,1.9256575415995705,14.707461084272678,3.844605475040258,1.7444981213097155,3.0595813204508855,0.2549651100375738,,,
43,27.415458937198068,47.02093397745572,1.9256575415995705,14.707461084272678,3.8714439076757916,1.7444981213097155,3.0595813204508855,0.2549651100375738,,,
44,27.34836285560923,47.08803005904455,1.9256575415995705,14.61352657004831,3.8714439076757916,1.7444981213097155,3.0595813204508855,0.3488996242619431,,,
45,25.95276435856146,48.698336017176594,1.9256575415995705,14.49946323134729,3.864734299516908,1.6505636070853462,3.0595813204508855,0.3488996242619431,,,
46,26.01315083199141,48.51717659688674,1.9256575415995705,14.338432635534085,3.864734299516908,1.7847557702630166,3.0595813204508855,0.49651100375738055,,,
47,25.905797101449274,48.47691894793344,1.90552871712292,14.472624798711756,3.864734299516908,1.7847557702630166,3.0595813204508855,0.5300590445517982,,,
48,25.93263553408481,48.490338164251206,1.90552871712292,14.432367149758454,3.864734299516908,1.7847557702630166,3.0595813204508855,0.5300590445517982,,,
49,25.583735909822867,44.71953837895867,1.90552871712292,18.38432635534085,4.797369833601718,1.5901771336553945,2.475845410628019,0.5434782608695652,,,
50,23.013955984970476,47.26247987117552,1.90552871712292,18.290391841116477,4.8443370907139025,1.6237251744498122,2.475845410628019,0.5837359098228664,,,
51,22.094739667203434,51.35534084809447,0.9594739667203436,17.310789049919485,3.911701556629093,1.2815351583467525,2.536231884057971,0.5501878690284487,,,
52,21.692163177670423,46.00107353730542,0.5300590445517982,21.74584004294149,3.7775093934514223,3.2206119162640903,2.536231884057971,0.49651100375738055,,,
53,21.994095544820183,45.6454643048846,0.5300590445517982,21.672034353193773,3.770799785292539,3.3816425120772946,2.509393451422437,0.49651100375738055,,,
54,21.806226516371442,45.04830917874396,0.5770263016639828,21.672034353193773,4.569243156199678,3.321256038647343,2.509393451422437,0.49651100375738055,,,
55,21.940418679549115,45.00134192163178,0.5770263016639828,21.604938271604937,4.569243156199678,3.3011272141706924,2.509393451422437,0.49651100375738055,,,
56,21.947128287707997,45.00134192163178,0.5501878690284487,21.571390230810522,4.569243156199678,3.3682232957595275,2.49597423510467,0.49651100375738055,,,
57,18.370907139023082,48.812399355877616,0.5099302200751477,21.464036500268385,4.569243156199678,3.1870638754696725,2.49597423510467,0.5904455179817498,,,
58,18.323939881910896,46.67874396135266,0.6508319914117016,23.8191089640365,4.394793344068707,3.046162104133119,2.49597423510467,0.5904455179817498,,,
59,16.61969940955448,42.3443370907139,0.6508319914117016,28.019323671497585,6.400966183574879,2.8784219001610305,2.49597423510467,0.5904455179817498,,,
60,16.25738056897477,41.89479334406871,0.6508319914117016,28.44873859366613,6.387546967257112,2.9388083735909825,2.49597423510467,0.9259259259259259,,,
61,16.451959205582394,41.57944176060118,0.6508319914117016,28.31454643048846,6.347289318303811,3.1333870101986045,2.4892646269457863,0.9930220075147611,0.040257648953301126,,
62,15.653515834675256,42.46511003757381,0.6508319914117016,28.395061728395063,6.246645195920558,3.1333870101986045,2.4490069779924855,0.966183574879227,0.040257648953301126,,
63,15.257648953301127,39.22436929683307,0.5636070853462157,34.715512614063336,5.562265163714439,1.778046162104133,2.3752012882447664,0.4830917874396135,0.040257648953301126,,
64,15.465646806226516,39.05662909286098,0.5636070853462157,34.675254965110035,5.562265163714439,1.7579173376274826,2.395330112721417,0.4830917874396135,0.040257648953301126,,
65,15.519323671497585,38.20450885668277,0.6172839506172839,34.614868491680085,5.46833064949007,2.536231884057971,2.395330112721417,0.5099302200751477,,0.13419216317767044,
66,15.344873859366613,37.96967257112185,0.6172839506172839,34.93022007514761,5.46833064949007,2.536231884057971,2.462426194310252,0.5367686527106817,,0.13419216317767044,
67,15.391841116478798,37.936124530327426,0.6172839506172839,34.916800858829845,5.46833064949007,2.536231884057971,2.462426194310252,0.5367686527106817,,0.13419216317767044,
68,15.438808373590982,37.82206119162641,1.556629092860977,33.85668276972625,5.441492216854535,2.636876006441224,2.462426194310252,0.6508319914117016,,0.13419216317767044,
69,15.398550724637682,37.60735373054214,1.6371443907675791,32.83682232957595,5.139559849704777,2.690552871712292,3.3950617283950617,1.0534084809447128,,0.24154589371980675,
70,15.438808373590982,37.59393451422437,1.6371443907675791,32.78314546430489,5.132850241545894,2.6838432635534084,3.3950617283950617,1.093666129898014,,0.24154589371980675,
71,15.45222758990875,37.4597423510467,1.6371443907675791,32.71604938271605,5.22007514761138,2.7106816961889426,3.4688674181427803,1.093666129898014,,0.24154589371980675,
72,15.257648953301127,35.96349973161568,1.6371443907675791,32.35373054213634,5.179817498658078,2.61003757380569,5.488459473966721,1.2681159420289856,,0.24154589371980675,
73,15.291196994095545,34.312936124530324,1.7914653784219001,31.93102522812668,7.286634460547504,2.442297369833602,5.488459473966721,1.2144390767579174,,0.24154589371980675,
74,15.291196994095545,34.286097691894796,1.7914653784219001,31.776704240472355,7.313472893183038,2.442297369833602,5.488459473966721,1.3687600644122384,,0.24154589371980675,
75,15.318035426731079,34.23242082662372,1.7914653784219001,31.76328502415459,7.286634460547504,2.522812667740204,5.407944176060118,1.4358561460010735,,0.24154589371980675,
76,14.626945786366075,27.85829307568438,1.4694041867954912,42.981749865807835,4.602791196994096,1.6371443907675791,5.367686527106817,1.1741814278046163,,0.28180354267310787,
77,14.61352657004831,27.093397745571657,1.4694041867954912,42.72007514761138,4.602791196994096,1.6170155662909287,6.219806763285024,1.3821792807300053,,0.28180354267310787,
78,14.774557165861514,27.03972088030059,1.4694041867954912,42.49865807836822,4.602791196994096,1.6505636070853462,6.206387546967257,1.4761137949543746,,0.28180354267310787,
79,13.6406333870102,24.550456253354803,1.107085346215781,47.32957595276436,4.455179817498658,1.3217928073000538,5.877616747181965,1.4358561460010735,,0.28180354267310787,
80,13.627214170692431,24.074074074074073,1.892109500805153,47.094739667203434,4.4820182501341925,1.1808910359634996,5.844068706387547,1.5230810520665594,,0.28180354267310787,
81,12.781803542673108,21.32313472893183,1.892109500805153,52.31481481481482,4.448470209339774,0.7447665056360708,5.065754159957058,1.1808910359634996,,0.24825550187869028,
82,12.902576489533011,21.20907139023081,1.892109500805153,52.18733225979603,4.448470209339774,0.8655394524959742,5.065754159957058,1.1808910359634996,,0.24825550187869028,
83,11.43317230273752,20.12211486849168,1.778046162104133,54.97181964573269,4.186795491143317,0.8655394524959742,5.0858829844337095,1.3083735909822867,,0.24825550187869028,
84,11.453301127214171,20.068438003220614,1.778046162104133,54.94498121309716,4.240472356414386,0.8588298443370908,5.065754159957058,1.3419216317767042,,0.24825550187869028,
85,11.493558776167472,20.04830917874396,1.778046162104133,54.89801395598497,4.240472356414386,0.8856682769726248,5.065754159957058,1.3419216317767042,,0.24825550187869028,
86,11.506977992485238,19.57192699946323,1.570048309178744,48.678207192699944,4.133118625872249,0.8051529790660226,12.265163714439076,1.221148684916801,,0.24825550187869028,
87,11.43317230273752,19.122383252818036,1.570048309178744,49.22839506172839,4.133118625872249,0.8051529790660226,12.265163714439076,1.1943102522812667,,0.24825550187869028,
88,11.493558776167472,19.122383252818036,1.556629092860977,49.18142780461621,4.133118625872249,0.8051529790660226,12.265163714439076,1.1943102522812667,,0.24825550187869028,
89,11.366076221148685,18.323939881910896,1.6706924315619969,46.24932903918411,8.07836822329576,0.7514761137949544,12.164519592055823,1.1473429951690821,,0.24825550187869028,
90,11.406333870101985,18.14278046162104,1.6706924315619969,44.806763285024154,9.628287707997853,0.7514761137949544,12.164519592055823,1.0466988727858293,,0.3824476650563607,
91,11.500268384326356,18.115942028985508,1.6706924315619969,43.78019323671498,9.50751476113795,1.778046162104133,12.164519592055823,0.9930220075147611,,0.48980139559849706,
92,8.13875469672571,26.03327965646806,1.6170155662909287,39.9020397208803,9.286097691894794,1.8518518518518519,11.60762211486849,1.0735373054213635,,0.48980139559849706,
93,8.158883521202362,25.85212023617821,1.6170155662909287,38.217928073000536,10.46027911969941,2.536231884057971,11.594202898550725,1.0735373054213635,,0.48980139559849706,
94,8.172302737520129,25.85212023617821,1.6170155662909287,38.0703166935051,10.46027911969941,2.589908749329039,11.621041331186259,1.1272141706924315,,0.48980139559849706,
95,8.313204508856682,25.738056897477186,1.6170155662909287,37.88244766505636,10.379763821792807,2.7509393451422435,11.621041331186259,1.1473429951690821,,0.5501878690284487,
96,7.320182501341922,24.684648416532475,1.482823403113258,42.914653784219,9.178743961352657,2.737520128824477,10.581052066559312,0.5501878690284487,,0.5501878690284487,
97,5.743424584004294,23.483628556092324,1.570048309178744,49.060654857756305,6.904186795491143,1.7444981213097155,10.379763821792807,0.5501878690284487,,0.5636070853462157,
98,5.9514224369296835,22.75228126677402,2.2879763821792807,48.812399355877616,6.816961889425658,1.7444981213097155,10.326086956521738,0.5501878690284487,,0.7581857219538379,
99,6.132581857219538,22.63150831991412,2.2879763821792807,48.68491680085883,6.810252281266774,1.7444981213097155,10.205314009661835,0.6709608158883521,0.07380568974771873,0.7581857219538379,
100,6.179549114331723,21.470746108427267,2.187332259796028,48.309178743961354,6.528448738593666,3.0730005367686526,10.19189479334407,0.7447665056360708,0.07380568974771873,1.2412775093934514,
101,6.199677938808374,21.511003757380568,2.187332259796028,48.11460010735373,6.521739130434782,3.0730005367686526,10.185185185185185,0.8923778851315083,0.07380568974771873,1.2412775093934514,
102,6.119162640901771,21.349973161567366,2.01959205582394,48.16156736446592,6.655931293612453,3.140096618357488,9.796027911969942,0.8923778851315083,0.15432098765432098,1.710950080515298,
103,6.139291465378422,21.296296296296298,1.9592055823939882,47.658346752549654,6.655931293612453,3.683574879227053,9.789318303811058,0.95276435856146,0.15432098765432098,1.710950080515298,
104,6.052066559312936,21.068169618894256,1.8853998926462694,46.524422973698336,9.131776704240472,3.743961352657005,8.910359634997317,0.9259259259259259,0.15432098765432098,1.6035963499731616,
105,6.125872249060655,20.98094471282877,1.8853998926462694,45.967525496511,9.104938271604938,4.206924315619967,8.910359634997317,1.0601180891035964,0.15432098765432098,1.6035963499731616,
106,6.239935587761675,20.974235104669887,1.8853998926462694,45.873590982286636,9.05126140633387,4.206924315619967,8.903650026838433,1.107085346215781,0.15432098765432098,1.6035963499731616,
107,5.978260869565218,14.204240472356414,1.3217928073000538,55.67632850241546,8.876811594202898,2.281266774020397,8.870101986044014,1.247987117552335,0.07380568974771873,1.4694041867954912,
108,6.105743424584004,14.204240472356414,1.3083735909822867,54.99865807836822,8.769457863660762,3.603059581320451,8.085077831454644,1.2748255501878691,0.07380568974771873,1.5767579173376274,
109,6.166129898013956,14.17740203972088,1.3083735909822867,54.47530864197531,8.756038647342995,4.146537842190016,8.044820182501342,1.2748255501878691,0.07380568974771873,1.5767579173376274,
110,6.125872249060655,14.17740203972088,1.6237251744498122,53.98550724637681,8.373590982286634,4.146537842190016,8.044820182501342,1.8451422436929683,0.07380568974771873,1.6035963499731616,
111,6.1862587224906065,14.17740203972088,1.6237251744498122,53.777509393451425,8.373590982286634,4.146537842190016,8.044820182501342,1.9927536231884058,0.07380568974771873,1.6035963499731616,
112,6.327160493827161,14.17740203972088,1.6237251744498122,53.68357487922705,8.32662372517445,4.146537842190016,8.044820182501342,1.9927536231884058,0.07380568974771873,1.6035963499731616,
113,6.400966183574879,13.56682769726248,1.7646269457863661,52.26784755770263,10.661567364465915,4.133118625872249,7.6623725174449815,1.865271068169619,0.07380568974771873,1.6035963499731616,
114,6.488191089640365,13.499731615673644,1.7579173376274826,52.04643048845947,10.641438539989265,4.253891572732153,7.6623725174449815,1.9726247987117553,0.07380568974771873,1.6035963499731616,
115,6.615673644659152,13.405797101449275,1.7579173376274826,51.831723027375205,10.527375201288244,4.3478260869565215,7.6623725174449815,2.1739130434782608,0.07380568974771873,1.6035963499731616,
116,6.6760601180891035,13.298443370907139,1.892109500805153,49.22168545356951,10.507246376811594,4.4820182501341925,9.333064949006978,2.871712292002147,0.07380568974771873,1.6438539989264627,
117,6.877348362855609,13.103864734299517,1.892109500805153,49.000268384326354,10.473698336017177,4.750402576489533,9.286097691894794,2.871712292002147,0.07380568974771873,1.6706924315619969,
118,6.964573268921095,13.063607085346217,1.892109500805153,48.79898013955985,10.473698336017177,4.817498658078368,9.286097691894794,2.9589371980676327,0.07380568974771873,1.6706924315619969,
119,7.024959742351046,13.063607085346217,1.892109500805153,48.76543209876543,10.36634460547504,4.898013955984971,9.286097691894794,2.9589371980676327,0.07380568974771873,1.6706924315619969,
120,7.058507783145465,13.063607085346217,1.892109500805153,48.65807836822329,10.258990874932904,4.884594739667204,9.205582393988191,2.9924852388620504,0.07380568974771873,1.9122383252818036,
121,7.085346215780999,13.023349436392914,1.9524959742351047,48.59769189479334,10.258990874932904,4.898013955984971,9.205582393988191,2.952227589908749,0.11406333870101985,1.9122383252818036,
122,7.085346215780999,13.009930220075148,1.9524959742351047,48.409822866344605,10.19189479334407,5.072463768115942,9.111647879763822,2.999194847020934,0.11406333870101985,2.0531400966183573,
123,7.1658615136876005,12.419484702093397,1.9524959742351047,47.38325281803543,10.983628556092324,5.059044551798175,9.762479871175524,3.1065485775630703,0.11406333870101985,2.0531400966183573,
124,7.320182501341922,12.372517444981213,1.9524959742351047,46.833064949006975,11.3593666129898,5.052334943639291,9.708803005904455,3.2340311325818574,0.11406333870101985,2.0531400966183573,
125,7.306763285024155,12.285292538915728,1.9524959742351047,46.05475040257649,11.43317230273752,5.837359098228664,9.681964573268921,3.2139023081052067,0.11406333870101985,2.120236178207193,
126,7.494632313472893,12.258454106280194,2.006172839506173,45.088566827697264,11.392914653784219,6.541867954911433,9.614868491680086,3.361513687600644,0.11406333870101985,2.0933977455716586,0.03354804079441761
127,7.7361782071927,12.245034889962426,1.9994632313472893,45.00134192163178,11.3191089640365,6.541867954911433,9.520933977455716,3.33467525496511,0.20799785292538917,2.0933977455716586,
128,7.7831454643048845,12.218196457326892,1.9994632313472893,45.00134192163178,11.305689747718732,6.541867954911433,9.520933977455716,3.33467525496511,0.20799785292538917,2.086688137412775,
129,7.27992485238862,11.540526033279656,1.9994632313472893,46.4573268921095,10.929951690821255,6.629092860976919,9.514224369296834,3.3548040794417604,0.20799785292538917,2.086688137412775,
130,7.313472893183038,11.272141706924316,2.1135265700483092,46.61835748792271,10.775630703166936,6.608964036500268,9.567901234567902,3.435319377348363,0.20799785292538917,2.086688137412775,
131,6.394256575415996,10.997047772410092,2.6435856146001075,50.24154589371981,8.977455716586151,6.561996779388084,8.896940418679549,3.1602254428341383,0.20799785292538917,1.9189479334406871,
132,5.508588298443371,10.091250670960816,2.033011272141707,58.05823939881911,6.132581857219538,6.414385399892646,7.4208266237251745,2.85829307568438,0.20799785292538917,1.2748255501878691,
133,5.58239398819109,10.071121846484166,2.033011272141707,57.98443370907139,6.132581857219538,6.407675791733762,7.273215244229737,2.8918411164787976,0.20799785292538917,1.415727321524423,
134,5.683038110574342,10.057702630166398,2.033011272141707,57.809983896940416,6.105743424584004,6.327160493827161,7.25979602791197,3.099838969404187,0.20799785292538917,1.415727321524423,
135,5.736714975845411,9.997316156736447,2.1604938271604937,57.58185721953838,6.105743424584004,6.327160493827161,7.232957595276436,3.2340311325818574,0.20799785292538917,1.415727321524423,
136,5.864197530864198,9.98389694041868,2.1604938271604937,57.50134192163178,6.072195383789587,6.327160493827161,7.266505636070853,3.2004830917874396,0.20799785292538917,1.415727321524423,
137,5.938003220611916,9.970477724100913,2.1604938271604937,57.44095544820183,6.072195383789587,6.327160493827161,7.266505636070853,3.2004830917874396,0.20799785292538917,1.415727321524423,
138,5.515297906602254,9.73564143853999,2.1604938271604937,56.5552871712292,7.581857219538379,6.387546967257112,7.239667203435319,3.2004830917874396,0.20799785292538917,1.415727321524423,
139,5.636070853462158,9.688674181427805,2.1604938271604937,56.42109500805153,7.5348899624261945,6.4345142243692965,7.239667203435319,3.260869565217391,0.20799785292538917,1.415727321524423,
140,5.689747718733226,9.688674181427805,2.1604938271604937,56.29361245303274,7.50805152979066,6.427804616210413,7.206119162640902,3.4017713365539453,0.23483628556092323,1.3888888888888888,
141,5.475040257648954,9.064680622651638,3.8714439076757916,52.53623188405797,9.655126140633387,7.253086419753086,7.152442297369833,3.33467525496511,0.23483628556092323,1.4224369296833066,
142,5.515297906602254,9.064680622651638,3.8580246913580245,52.462426194310254,9.628287707997853,7.300053676865271,7.152442297369833,3.361513687600644,0.23483628556092323,1.4224369296833066,
143,5.3274288781535155,9.064680622651638,6.3137412775093935,50.939345142243695,9.473966720343531,7.286634460547504,6.541867954911433,3.3548040794417604,0.23483628556092323,1.4626945786366077,
144,5.46833064949007,9.044551798174986,6.273483628556092,50.81857219538379,9.447128287707997,7.232957595276436,6.541867954911433,3.475577026301664,0.23483628556092323,1.4626945786366077,
145,5.562265163714439,9.044551798174986,6.246645195920558,50.78502415458937,9.447128287707997,7.232957595276436,6.474771873322598,3.5091250670960816,0.23483628556092323,1.4626945786366077,
146,5.71658615136876,9.03113258185722,6.246645195920558,50.697799248523886,9.41358024691358,7.219538378958669,6.468062265163715,3.5091250670960816,0.23483628556092323,1.4626945786366077,
147,5.837359098228664,9.03113258185722,6.1862587224906065,50.3690284487386,9.41358024691358,7.185990338164252,6.501610305958132,3.730542136339238,0.23483628556092323,1.4492753623188406,0.06038647342995169
148,5.884326355340848,9.01100375738057,7.152442297369833,49.282071926999464,9.41358024691358,7.253086419753086,6.501610305958132,3.7573805689747717,0.23483628556092323,1.4492753623188406,0.06038647342995169
149,5.897745571658615,8.910359634997317,7.152442297369833,48.98684916800859,9.41358024691358,7.48792270531401,6.501610305958132,3.9049919484702094,0.23483628556092323,1.4492753623188406,0.06038647342995169
150,6.052066559312936,8.910359634997317,7.132313472893183,48.53730542136339,9.41358024691358,7.461084272678476,6.481481481481482,4.26731078904992,0.23483628556092323,1.4492753623188406,0.06038647342995169
151,6.112453032742888,8.856682769726248,7.098765432098766,48.47691894793344,9.386741814278047,7.5348899624261945,6.481481481481482,4.253891572732153,0.2885131508319914,1.4492753623188406,0.06038647342995169
152,6.179549114331723,8.856682769726248,6.152710681696189,49.20155662909286,9.339774557165862,7.7361782071927,6.347289318303811,4.28743961352657,0.2616747181964573,1.5767579173376274,0.06038647342995169
153,6.1862587224906065,7.937466451959206,7.239667203435319,49.033816425120776,9.225711218464841,7.769726247987117,6.347289318303811,4.361245303274289,0.2616747181964573,1.5767579173376274,0.06038647342995169
154,6.266774020397209,7.930756843800322,7.226247987117552,48.94659151905529,9.198872785829307,7.856951154052603,6.347289318303811,4.327697262479871,0.2616747181964573,1.5767579173376274,0.06038647342995169
155,6.347289318303811,7.924047235641439,7.098765432098766,48.78556092324208,9.185453569511541,7.689210950080516,6.6760601180891035,4.468599033816425,0.1878690284487386,1.5767579173376274,0.06038647342995169
156,6.367418142780462,7.924047235641439,6.957863660762212,48.60440150295223,9.185453569511541,7.722758990874933,6.6760601180891035,4.5960815888352125,0.1878690284487386,1.5767579173376274,0.20128824476650564
157,6.421095008051529,7.924047235641439,6.957863660762212,48.43666129898014,9.185453569511541,7.709339774557166,6.662640901771336,4.757112184648417,0.1878690284487386,1.556629092860977,0.20128824476650564
158,5.548845947396672,7.843531937734836,6.662640901771336,49.946323134728935,8.293075684380032,6.582125603864735,10.265700483091788,3.44873859366613,0.1878690284487386,1.0198604401502953,0.20128824476650564
159,5.642780461621041,7.830112721417069,7.152442297369833,49.8389694041868,7.890499194847021,6.5485775630703165,10.198604401502953,3.44873859366613,0.1878690284487386,1.0601180891035964,0.20128824476650564
160,5.662909286097692,7.890499194847021,7.125603864734299,49.75174449812131,7.890499194847021,6.635802469135802,10.084541062801932,3.421900161030596,0.1878690284487386,1.1473429951690821,0.20128824476650564
161,5.763553408480945,7.769726247987117,7.125603864734299,49.483360171765966,7.890499194847021,6.736446591519055,10.084541062801932,3.6097691894793345,0.1878690284487386,1.1473429951690821,0.20128824476650564
162,5.877616747181965,7.769726247987117,7.125603864734299,49.35587761674718,7.877079978529254,6.796833064949007,10.084541062801932,3.5762211486849167,0.1878690284487386,1.1473429951690821,0.20128824476650564
163,5.984970477724101,7.769726247987117,7.078636607622115,48.83923778851315,7.863660762211487,7.313472893183038,10.084541062801932,3.5292538915727323,0.1878690284487386,1.1473429951690821,0.20128824476650564
164,6.078904991948471,7.769726247987117,7.078636607622115,48.74530327428878,7.830112721417069,7.347020933977456,10.084541062801932,3.5292538915727323,0.1878690284487386,1.1473429951690821,0.20128824476650564
165,6.199677938808374,7.769726247987117,6.964573268921095,48.61782071926999,7.9039184111647875,7.333601717659689,10.077831454643048,3.5963499731615673,0.1878690284487386,1.1473429951690821,0.20128824476650564
166,6.347289318303811,7.769726247987117,6.951154052603328,48.18169618894257,7.9039184111647875,7.320182501341922,10.077831454643048,3.92512077294686,0.1878690284487386,1.133923778851315,0.20128824476650564
167,6.488191089640365,7.709339774557166,7.085346215780999,48.00053676865271,7.85024154589372,7.306763285024155,10.077831454643048,3.9586688137412773,0.1878690284487386,1.133923778851315,0.20128824476650564
168,6.474771873322598,6.937734836285561,9.588030059044552,46.55797101449275,7.85024154589372,7.286634460547504,10.02415458937198,3.7573805689747717,0.1878690284487386,1.133923778851315,0.20128824476650564
169,6.642512077294686,6.9243156199677935,9.520933977455716,46.32984433709071,7.836822329575953,7.25979602791197,9.96376811594203,3.9989264626945786,0.1878690284487386,1.133923778851315,0.20128824476650564
170,6.796833064949007,6.810252281266774,9.514224369296834,46.24932903918411,7.836822329575953,7.313472893183038,9.957058507783145,3.9989264626945786,0.1878690284487386,1.133923778851315,0.20128824476650564
171,6.843800322061192,6.696188942565755,9.621578099838969,46.20907139023081,7.836822329575953,7.333601717659689,9.957058507783145,3.978797638217928,0.1878690284487386,1.133923778851315,0.20128824476650564
172,6.977992485238862,6.6827697262479875,9.46725711218465,46.11513687600644,7.816693505099302,7.320182501341922,9.957058507783145,4.106280193236715,0.1878690284487386,1.1674718196457328,0.20128824476650564
173,7.078636607622115,6.66935050993022,9.46725711218465,45.99436392914654,7.709339774557166,7.320182501341922,9.903381642512077,4.193505099302201,0.2952227589908749,1.1674718196457328,0.20128824476650564
174,7.118894256575416,6.66935050993022,9.46725711218465,45.96081588835212,7.702630166398282,7.286634460547504,9.903381642512077,4.200214707461084,0.2952227589908749,1.1943102522812667,0.20128824476650564
175,7.14573268921095,6.66935050993022,9.46725711218465,45.75281803542673,7.702630166398282,7.467793880837359,9.903381642512077,4.200214707461084,0.2952227589908749,1.1943102522812667,0.20128824476650564
176,7.118894256575416,6.66935050993022,10.11808910359635,43.27697262479871,7.185990338164252,7.4208266237251745,12.338969404186795,4.186795491143317,0.2952227589908749,1.1943102522812667,0.19457863660762212
177,7.253086419753086,6.66935050993022,10.077831454643048,43.25013419216318,7.1725711218464845,7.4141170155662905,12.29200214707461,4.186795491143317,0.2952227589908749,1.1943102522812667,0.19457863660762212
178,7.4006977992485234,6.595544820182502,10.050993022007514,43.08239398819109,7.125603864734299,7.521470746108427,12.406065485775631,4.119699409554482,0.2952227589908749,1.2077294685990339,0.19457863660762212
179,7.62211486849168,6.387546967257112,10.413311862587225,42.592592592592595,7.105475040257649,7.5281803542673105,12.392646269457863,4.26731078904992,0.2952227589908749,1.2010198604401503,0.19457863660762212
180,7.5348899624261945,6.011808910359635,10.379763821792807,42.53220611916264,8.031400966183575,7.367149758454106,12.352388620504563,4.327697262479871,0.20128824476650564,1.06682769726248,0.19457863660762212
181,7.555018786902845,5.9514224369296835,10.198604401502953,42.24369296833065,8.031400966183575,7.37385936661299,12.627482555018787,4.555823939881911,0.20128824476650564,1.06682769726248,0.19457863660762212
182,7.669082125603865,5.931293612453032,10.279119699409554,41.948470209339774,7.997852925389157,7.37385936661299,12.453032742887816,4.736983360171766,0.3488996242619431,1.06682769726248,0.19457863660762212
183,7.75630703166935,5.924584004294149,10.198604401502953,41.86795491143317,7.971014492753623,7.360440150295223,12.439613526570048,4.810789049919484,0.3488996242619431,1.1272141706924315,0.19457863660762212
184,7.836822329575953,5.924584004294149,10.198604401502953,41.706924315619965,7.971014492753623,7.333601717659689,12.453032742887816,4.904723564143854,0.3488996242619431,1.1272141706924315,0.19457863660762212
185,7.877079978529254,5.924584004294149,10.198604401502953,41.50563607085346,7.971014492753623,7.407407407407407,12.439613526570048,5.005367686527107,0.3488996242619431,1.1272141706924315,0.19457863660762212
186,8.011272141706923,5.924584004294149,10.198604401502953,41.277509393451425,7.971014492753623,7.494632313472893,12.412775093934513,4.978529253891573,0.3488996242619431,1.1876006441223832,0.19457863660762212
187,8.111916264090176,5.924584004294149,10.017444981213098,41.26409017713365,7.971014492753623,7.447665056360709,12.412775093934513,5.119431025228127,0.3488996242619431,1.1876006441223832,0.19457863660762212
188,8.272946859903382,5.924584004294149,9.990606548577563,41.02925389157273,7.937466451959206,7.648953301127214,12.372517444981213,5.0993022007514766,0.3488996242619431,1.1808910359634996,0.19457863660762212
189,8.36688137412775,5.904455179817498,9.990606548577563,41.0024154589372,7.937466451959206,7.635534084809447,12.338969404186795,5.0993022007514766,0.3488996242619431,1.1808910359634996,0.19457863660762212
190,8.447396672034353,5.877616747181965,10.446859903381643,40.76757917337628,7.924047235641439,7.568438003220612,12.265163714439076,4.978529253891573,0.3488996242619431,1.1808910359634996,0.19457863660762212
191,8.621846484165324,5.83064949006978,10.406602254428341,40.70048309178744,7.809983896940419,7.716049382716049,12.238325281803542,4.985238862050457,0.20128824476650564,1.2949543746645196,0.19457863660762212
192,8.68894256575416,5.83064949006978,10.406602254428341,40.666935050993025,7.809983896940419,7.695920558239399,12.238325281803542,4.9718196457326895,0.20128824476650564,1.2949543746645196,0.19457863660762212
193,8.829844337090714,5.83064949006978,10.285829307568438,40.50590445517982,7.809983896940419,7.695920558239399,12.171229200214707,5.0858829844337095,0.20128824476650564,1.2949543746645196,0.2885131508319914
194,9.024422973698336,5.83064949006978,10.21202361782072,40.37842190016103,7.7831454643048845,7.682501341921632,12.110842726784755,5.166398282340311,0.20128824476650564,1.2949543746645196,0.3153515834675255
195,9.084809447128288,5.83064949006978,10.21202361782072,39.942297369833604,7.930756843800322,7.897208803005904,12.097423510466989,5.193236714975845,0.20128824476650564,1.2949543746645196,0.3153515834675255
196,9.145195920558239,5.83064949006978,10.198604401502953,39.83494363929147,7.897208803005904,7.897208803005904,12.097423510466989,5.287171229200215,0.20128824476650564,1.2949543746645196,0.3153515834675255
197,9.286097691894794,5.797101449275362,10.165056360708535,39.70746108427268,7.877079978529254,7.897208803005904,12.050456253354804,5.287171229200215,0.20128824476650564,1.415727321524423,0.3153515834675255
198,9.27938808373591,5.797101449275362,10.165056360708535,39.61352657004831,7.863660762211487,7.897208803005904,12.050456253354804,5.401234567901234,0.20128824476650564,1.415727321524423,0.3153515834675255
199,9.420289855072463,5.790391841116479,10.144927536231885,39.42565754159957,7.836822329575953,7.971014492753623,12.030327428878154,5.394524959742351,0.20128824476650564,1.4694041867954912,0.3153515834675255
200,9.4873859366613,5.790391841116479,10.198604401502953,39.210950080515296,7.702630166398282,8.232689210950081,11.98336017176597,5.407944176060118,0.20128824476650564,1.4694041867954912,0.3153515834675255
201,9.608158883521202,5.790391841116479,9.883252818035427,39.12372517444981,7.890499194847021,8.225979602791197,11.949812130971551,5.5756843800322065,0.20128824476650564,1.5029522275899088,0.24825550187869028
202,9.695383789586689,5.776972624798712,10.104669887278583,38.96269457863661,7.890499194847021,8.051529790660226,11.949812130971551,5.615942028985507,0.20128824476650564,1.5029522275899088,0.24825550187869028
203,9.561191626409018,5.542136339237788,9.581320450885668,38.02334943639291,10.104669887278583,8.011272141706923,11.460010735373054,5.703166935050993,0.33548040794417605,1.42914653784219,0.24825550187869028
204,9.75577026301664,5.535426731078905,9.534353193773484,37.875738056897475,10.091250670960816,8.044820182501342,11.460010735373054,5.689747718733226,0.33548040794417605,1.42914653784219,0.24825550187869028
205,9.86983360171766,5.535426731078905,9.534353193773484,37.734836285560924,10.091250670960816,8.044820182501342,11.426462694578637,5.750134192163178,0.33548040794417605,1.42914653784219,0.24825550187869028
206,9.903381642512077,5.522007514761138,9.5276435856146,37.57380568974772,10.077831454643048,8.272946859903382,11.399624261943103,5.709876543209877,0.33548040794417605,1.42914653784219,0.24825550187869028
207,9.863123993558776,5.387815351583468,9.91009125067096,37.35909822866345,10.077831454643048,8.11862587224906,11.379495437466453,5.891035963499732,0.33548040794417605,1.42914653784219,0.24825550187869028
208,9.970477724100913,5.360976918947934,9.896672034353195,37.33225979602791,10.00402576489533,8.11862587224906,11.379495437466453,5.891035963499732,0.33548040794417605,1.4626945786366077,0.24825550187869028
209,10.077831454643048,5.35426731078905,9.883252818035427,37.2987117552335,9.970477724100913,8.085077831454644,11.379495437466453,5.891035963499732,0.33548040794417605,1.4761137949543746,0.24825550187869028
210,10.0979602791197,5.267042404723564,9.977187332259795,37.13768115942029,9.970477724100913,8.091787439613526,11.379495437466453,6.018518518518518,0.33548040794417605,1.4761137949543746,0.24825550187869028
211,10.131508319914117,5.253623188405797,9.977187332259795,37.13768115942029,9.970477724100913,8.091787439613526,11.3593666129898,6.018518518518518,0.33548040794417605,1.4761137949543746,0.24825550187869028
212,10.11808910359635,5.253623188405797,10.02415458937198,37.11084272678475,9.970477724100913,8.105206655931294,11.3593666129898,6.005099302200751,0.33548040794417605,1.4694041867954912,0.24825550187869028
213,10.11808910359635,5.246913580246914,9.842995169082126,37.01690821256039,9.970477724100913,8.105206655931294,11.647879763821793,5.998389694041868,0.33548040794417605,1.4694041867954912,0.24825550187869028
214,10.178475577026301,5.246913580246914,9.842995169082126,36.8491680085883,9.957058507783145,8.105206655931294,11.627750939345143,6.139291465378422,0.33548040794417605,1.4694041867954912,0.24825550187869028
215,10.218733225979603,5.246913580246914,9.856414385399892,36.761943102522814,9.957058507783145,8.132045088566828,11.58749329039184,6.1862587224906065,0.33548040794417605,1.4694041867954912,0.24825550187869028
216,10.198604401502953,5.246913580246914,9.594739667203436,36.111111111111114,10.896403650026839,8.205850778314547,11.553945249597424,6.139291465378422,0.33548040794417605,1.4694041867954912,0.24825550187869028
217,10.225442834138486,5.24020397208803,9.594739667203436,35.950080515297905,10.789049919484702,8.293075684380032,11.553945249597424,6.300322061191626,0.33548040794417605,1.4694041867954912,0.24825550187869028
218,10.393183038110575,5.24020397208803,9.561191626409018,35.869565217391305,10.775630703166936,8.252818035426731,11.553945249597424,6.300322061191626,0.33548040794417605,1.4694041867954912,0.24825550187869028
219,10.406602254428341,5.0993022007514766,10.057702630166398,35.789049919484704,10.721953837895867,8.064949006977992,11.43317230273752,6.293612453032743,0.33548040794417605,1.5499194847020934,0.24825550187869028
220,10.393183038110575,5.005367686527107,9.77589908749329,35.51395598497048,10.547504025764896,8.125335480407944,12.238325281803542,6.300322061191626,0.33548040794417605,1.5163714439076759,0.24825550187869028
221,10.547504025764896,4.87788513150832,9.722222222222221,35.38647342995169,10.493827160493828,8.279656468062266,12.238325281803542,6.387546967257112,0.33548040794417605,1.482823403113258,0.24825550187869028
222,10.695115405260333,4.757112184648417,9.836285560923242,35.32608695652174,10.433440687063875,8.279656468062266,12.218196457326892,6.347289318303811,0.33548040794417605,1.5230810520665594,0.24825550187869028
223,10.695115405260333,4.7101449275362315,9.923510466988727,35.29253891572732,10.433440687063875,8.313204508856682,12.218196457326892,6.333870101986044,0.33548040794417605,1.4962426194310252,0.24825550187869028
224,10.681696188942565,4.669887278582931,9.91009125067096,34.97047772410091,10.406602254428341,8.28636607622115,12.674449812130971,6.387546967257112,0.33548040794417605,1.42914653784219,0.24825550187869028
