,45,50,55,51,52,53,57,54,56,59,58,60,48,61,46,47
0,99.52361782071927,0.47638217928073,,,,,,,,,,,,,,
1,98.55072463768116,1.4492753623188406,,,,,,,,,,,,,,
2,98.11460010735372,1.8853998926462694,,,,,,,,,,,,,,
3,92.10950080515298,7.843531937734836,0.04696725711218465,,,,,,,,,,,,,
4,91.8947933440687,8.05823939881911,0.04696725711218465,,,,,,,,,,,,,
5,86.09098228663446,13.774825550187868,0.13419216317767044,,,,,,,,,,,,,
6,85.49382716049382,14.371980676328503,0.13419216317767044,,,,,,,,,,,,,
7,84.53435319377348,15.170424047235642,0.13419216317767044,0.1610305958132045,,,,,,,,,,,,
8,84.14519592055824,15.559581320450885,0.13419216317767044,0.1610305958132045,,,,,,,,,,,,
9,84.05797101449275,15.619967793880837,0.13419216317767044,0.1610305958132045,0.026838432635534086,,,,,,,,,,,
10,83.78287707997853,15.881642512077295,0.14761137949543746,0.1610305958132045,0.026838432635534086,,,,,,,,,,,
11,82.0048309178744,15.163714439076758,0.06038647342995169,0.1610305958132045,2.563070316693505,0.04696725711218465,,,,,,,,,,
12,81.68947933440687,15.35829307568438,0.06709608158883522,0.1610305958132045,2.677133655394525,0.04696725711218465,,,,,,,,,,
13,81.3137412775094,15.687063875469672,0.11406333870101985,0.1610305958132045,2.6301663982823404,0.04696725711218465,0.04696725711218465,,,,,,,,,
14,81.07890499194848,15.35829307568438,0.10064412238325282,2.167203435319377,1.2278582930756843,0.04696725711218465,0.020128824476650563,,,,,,,,,
15,64.42565754159958,32.045088566827694,0.10064412238325282,2.13365539452496,1.2278582930756843,0.04696725711218465,0.020128824476650563,,,,,,,,,
16,64.23107890499195,32.15915190552872,0.14090177133655393,2.1739130434782608,1.2278582930756843,0.04696725711218465,0.020128824476650563,,,,,,,,,
17,62.41277509393451,33.8768115942029,0.2147074610842727,2.200751476113795,1.2278582930756843,0.04696725711218465,0.020128824476650563,,,,,,,,,
18,60.0979602791197,36.218464841653244,0.24154589371980675,2.147074610842727,1.2278582930756843,0.04696725711218465,0.020128824476650563,,,,,,,,,
19,59.997316156736446,36.3191089640365,0.24154589371980675,2.147074610842727,1.2278582930756843,0.04696725711218465,0.020128824476650563,,,,,,,,,
20,59.80273752012882,36.480139559849704,0.24154589371980675,2.147074610842727,1.2278582930756843,0.08051529790660225,0.020128824476650563,,,,,,,,,
21,55.53542673107891,38.55340848094471,0.24154589371980675,4.341116478797638,1.2278582930756843,0.08051529790660225,0.020128824476650563,,,,,,,,,
22,51.489533011272144,42.3040794417606,0.6239935587761675,4.213633923778851,1.2278582930756843,0.08051529790660225,0.020128824476650563,0.026838432635534086,0.013419216317767043,,,,,,,
23,51.37546967257112,42.230273752012884,0.8118625872249061,4.213633923778851,1.2278582930756843,0.08051529790660225,0.020128824476650563,0.026838432635534086,0.013419216317767043,,,,,,,
24,51.02657004830918,41.40499194847021,0.8722490606548577,5.3274288781535155,1.1943102522812667,0.10735373054213634,0.020128824476650563,0.03354804079441761,0.013419216317767043,,,,,,,
25,50.52334943639291,41.55260332796565,0.8387010198604401,5.3274288781535155,1.1943102522812667,0.19457863660762212,0.020128824476650563,0.33548040794417605,0.013419216317767043,,,,,,,
26,45.75952764358561,42.954911433172306,0.7581857219538379,8.78287707997853,1.1943102522812667,0.19457863660762212,0.020128824476650563,0.33548040794417605,,,,,,,,
27,45.55823939881911,43.05555555555556,0.8588298443370908,8.78287707997853,1.1943102522812667,0.19457863660762212,0.020128824476650563,0.33548040794417605,,,,,,,,
28,45.37707997852925,43.042136339237786,0.9326355340848095,8.78287707997853,1.1943102522812667,0.19457863660762212,0.020128824476650563,0.4562533548040794,,,,,,,,
29,45.03488996242619,43.162909286097694,0.9997316156736447,8.789586688137414,1.1943102522812667,0.30864197530864196,0.020128824476650563,0.48980139559849706,,,,,,,,
30,38.191089640365,51.67740203972088,0.966183574879227,8.3467525496511,0.05367686527106817,0.27509393451422437,,0.48980139559849706,,,,,,,,
31,37.848899624261946,51.68411164787977,1.0332796564680622,8.319914117015566,0.08722490606548577,0.27509393451422437,,0.7246376811594203,0.026838432635534086,,,,,,,
32,37.486580783682236,51.03327965646806,1.0735373054213635,8.279656468062266,1.1003757380568975,0.27509393451422437,,0.7246376811594203,0.026838432635534086,,,,,,,
33,37.2987117552335,47.175254965110035,0.9594739667203436,8.279656468062266,4.944981213097155,0.27509393451422437,,0.7246376811594203,0.3421900161030596,,,,,,,
34,35.7085346215781,48.40311325818572,1.2949543746645196,8.165593129361245,4.944981213097155,0.27509393451422437,,0.7514761137949544,0.4562533548040794,,,,,,,
35,35.68169618894257,48.429951690821255,1.42914653784219,8.031400966183575,4.944981213097155,0.27509393451422437,,0.7514761137949544,0.4562533548040794,,,,,,,
36,35.560923242082666,48.55743424584004,1.4492753623188406,8.004562533548041,4.891304347826087,0.27509393451422437,,0.8051529790660226,0.4562533548040794,,,,,,,
37,35.36634460547504,46.63848631239936,2.9723564143853998,7.991143317230274,4.891304347826087,0.27509393451422437,,1.3620504562533549,0.46967257112184646,0.03354804079441761,,,,,,
38,35.36634460547504,45.29656468062265,4.300858829844337,7.991143317230274,4.891304347826087,0.27509393451422437,0.03354804079441761,1.3419216317767042,0.46967257112184646,0.03354804079441761,,,,,,
39,35.01073537305421,45.51798174986581,4.435050993022007,7.991143317230274,4.87788513150832,0.27509393451422437,0.04696725711218465,1.3419216317767042,0.46967257112184646,0.03354804079441761,,,,,,
40,33.031400966183575,46.35668276972625,4.609500805152979,7.991143317230274,4.736983360171766,0.27509393451422437,0.05367686527106817,2.4691358024691357,0.4428341384863124,0.03354804079441761,,,,,,
41,32.96430488459474,46.39694041867955,4.998658078368224,7.6556629092860975,4.736983360171766,0.27509393451422437,0.05367686527106817,2.442297369833602,0.4428341384863124,0.03354804079441761,,,,,,
42,32.8972088030059,45.91384863123994,4.019055287171229,7.6556629092860975,4.730273752012883,1.8518518518518519,0.05367686527106817,2.442297369833602,0.4025764895330113,0.03354804079441761,,,,,,
43,32.870370370370374,45.148953301127214,4.025764895330113,7.6556629092860975,4.770531400966184,1.6304347826086956,0.08051529790660225,3.3548040794417604,0.4294149221685454,0.03354804079441761,,,,,,
44,30.54213633923779,47.0276435856146,4.253891572732153,7.669082125603865,3.502415458937198,2.9253891572732154,0.08051529790660225,3.502415458937198,0.4294149221685454,0.06709608158883522,,,,,,
45,30.555555555555557,47.014224369296834,4.253891572732153,7.635534084809447,3.502415458937198,2.9253891572732154,0.08051529790660225,3.502415458937198,0.46296296296296297,0.06709608158883522,,,,,,
46,30.414653784219002,46.67874396135266,4.40150295222759,7.702630166398282,3.7238325281803544,2.9253891572732154,0.08051529790660225,3.502415458937198,0.46296296296296297,0.06709608158883522,0.040257648953301126,,,,,
47,29.918142780461622,45.471014492753625,4.38137412775094,8.601717659688674,3.7238325281803544,2.9253891572732154,0.08051529790660225,4.327697262479871,0.46296296296296297,0.06709608158883522,0.040257648953301126,,,,,
48,29.260601180891037,46.10842726784756,4.38137412775094,8.729200214707461,3.589640365002684,2.9253891572732154,0.10735373054213634,4.327697262479871,0.46296296296296297,0.06709608158883522,0.040257648953301126,,,,,
49,29.21363392377885,45.50456253354804,4.64975845410628,9.017713365539452,3.589640365002684,3.140096618357488,0.10735373054213634,4.086151368760064,0.5501878690284487,0.06709608158883522,0.06038647342995169,0.013419216317767043,,,,
50,29.180085882984432,45.390499194847024,4.757112184648417,9.01100375738057,3.5829307568438002,3.166935050993022,0.10735373054213634,4.086151368760064,0.5501878690284487,0.06709608158883522,0.08722490606548577,0.013419216317767043,,,,
51,28.37493290391841,43.05555555555556,5.0791733762748255,8.568169618894256,7.25979602791197,2.757648953301127,0.10735373054213634,4.0995705850778315,0.5501878690284487,0.06709608158883522,0.06709608158883522,0.013419216317767043,,,,
52,28.32125603864734,43.08239398819109,5.10601180891036,8.568169618894256,7.25979602791197,2.757648953301127,0.10735373054213634,4.0995705850778315,0.5501878690284487,0.06709608158883522,0.06709608158883522,0.013419216317767043,,,,
53,28.29441760601181,43.08910359634997,5.132850241545894,8.561460010735374,7.25979602791197,2.757648953301127,0.10735373054213634,4.079441760601181,0.5501878690284487,0.08722490606548577,0.06709608158883522,0.013419216317767043,,,,
54,27.3215244229737,43.68625872249061,5.535426731078905,8.527911969940956,7.313472893183038,2.757648953301127,0.10735373054213634,4.072732152442297,0.5501878690284487,0.08722490606548577,0.026838432635534086,0.013419216317767043,,,,
55,27.194041867954912,43.605743424584006,5.689747718733226,8.527911969940956,7.313472893183038,2.757648953301127,0.10735373054213634,4.072732152442297,0.6038647342995169,0.08722490606548577,0.026838432635534086,0.013419216317767043,,,,
56,27.100107353730543,41.8142780461621,4.334406870638754,8.568169618894256,7.313472893183038,2.61003757380569,0.07380568974771873,7.434245840042942,0.6038647342995169,0.13419216317767044,,0.013419216317767043,,,,
57,26.69753086419753,41.51905528717123,4.361245303274289,7.863660762211487,8.99087493290392,2.61003757380569,0.1274825550187869,7.092055823939882,0.5904455179817498,0.13419216317767044,,0.013419216317767043,,,,
58,26.67740203972088,41.45195920558239,4.42163177670424,7.863660762211487,8.99087493290392,2.5026838432635534,0.27509393451422437,7.065217391304348,0.5904455179817498,0.14761137949543746,,0.013419216317767043,,,,
59,22.208803005904453,48.22866344605475,4.528985507246377,7.85024154589372,8.3064949006978,2.4355877616747184,0.38915727321524424,5.548845947396672,0.36902844873859364,0.12077294685990338,,0.013419216317767043,,,,
60,22.094739667203434,47.63150831991412,5.072463768115942,7.85024154589372,8.387010198604402,2.462426194310252,0.41599570585077833,5.58239398819109,0.36902844873859364,0.12077294685990338,,0.013419216317767043,,,,
61,21.175523349436393,48.64465915190553,5.173107890499195,7.803274288781535,8.21256038647343,2.462426194310252,0.41599570585077833,5.58239398819109,0.36902844873859364,0.12077294685990338,0.026838432635534086,0.013419216317767043,,,,
62,21.115136876006442,48.33601717659689,5.542136339237788,7.803274288781535,8.192431561996779,2.462426194310252,0.43612453032742887,5.58239398819109,0.36902844873859364,0.12077294685990338,0.026838432635534086,0.013419216317767043,,,,
63,21.108427267847556,47.85292538915727,6.005099302200751,7.763016639828234,8.192431561996779,2.5295222758990876,0.43612453032742887,5.58239398819109,0.36902844873859364,0.12077294685990338,0.026838432635534086,0.013419216317767043,,,,
64,21.068169618894256,47.77241009125067,6.031937734836285,7.830112721417069,8.192431561996779,2.5295222758990876,0.43612453032742887,5.609232420826624,0.36902844873859364,0.12077294685990338,0.026838432635534086,0.013419216317767043,,,,
65,20.967525496511005,47.59125067096082,6.179549114331723,7.830112721417069,8.192431561996779,2.536231884057971,0.43612453032742887,5.730005367686527,0.36902844873859364,0.1274825550187869,0.026838432635534086,0.013419216317767043,,,,
66,20.29656468062265,44.927536231884055,6.159420289855072,11.131239935587761,8.11862587224906,2.536231884057971,0.43612453032742887,5.6964573268921095,0.5300590445517982,0.1274825550187869,0.026838432635534086,0.013419216317767043,,,,
67,20.263016639828233,44.75979602791197,6.468062265163715,11.077563070316694,7.997852925389157,2.5429414922168547,0.5032206119162641,5.676328502415459,0.5434782608695652,0.1274825550187869,0.026838432635534086,0.013419216317767043,,,,
68,20.128824476650564,44.867149758454104,6.468062265163715,11.077563070316694,8.024691358024691,2.5429414922168547,0.5032206119162641,5.676328502415459,0.5434782608695652,0.1274825550187869,0.026838432635534086,0.013419216317767043,,,,
69,20.148953301127214,44.81347289318304,6.78341384863124,11.077563070316694,8.017981749865807,2.5295222758990876,0.5032206119162641,5.414653784219001,0.5434782608695652,0.1274825550187869,0.026838432635534086,0.013419216317767043,,,,
70,20.148953301127214,44.69940955448202,6.89747718733226,11.07085346215781,8.031400966183575,2.5295222758990876,0.48980139559849706,5.414653784219001,0.5501878690284487,0.1274825550187869,0.026838432635534086,0.013419216317767043,,,,
71,20.169082125603865,44.36392914653784,6.850509930220075,11.057434245840042,8.252818035426731,2.4892646269457863,0.48980139559849706,5.548845947396672,0.5770263016639828,0.1274825550187869,0.026838432635534086,0.04696725711218465,,,,
72,20.169082125603865,44.29012345679013,6.769994632313473,11.057434245840042,8.252818035426731,2.4892646269457863,0.48980139559849706,5.703166935050993,0.5770263016639828,0.1274825550187869,0.026838432635534086,0.04696725711218465,,,,
73,20.108695652173914,43.323939881910896,7.836822329575953,11.037305421363392,8.232689210950081,2.475845410628019,0.5166398282340311,5.649490069779925,0.6038647342995169,0.14090177133655393,0.026838432635534086,0.04696725711218465,,,,
74,19.692699946323135,43.79361245303274,7.816693505099302,11.037305421363392,8.225979602791197,2.462426194310252,0.5233494363929146,5.609232420826624,0.6038647342995169,0.14090177133655393,0.026838432635534086,0.06709608158883522,,,,
75,19.699409554482017,43.65942028985507,7.9039184111647875,11.037305421363392,8.225979602791197,2.4892646269457863,0.5099302200751477,5.609232420826624,0.6038647342995169,0.15432098765432098,0.026838432635534086,0.08051529790660225,,,,
76,19.685990338164252,43.484970477724104,8.017981749865807,11.077563070316694,8.185721953837897,2.4892646269457863,0.5099302200751477,5.622651637144391,0.6642512077294686,0.15432098765432098,0.026838432635534086,0.08051529790660225,,,,
77,19.545088566827697,42.70665593129361,7.87037037037037,11.66129898013956,8.494363929146537,2.49597423510467,0.5032206119162641,5.844068706387547,0.6172839506172839,0.15432098765432098,0.026838432635534086,0.08051529790660225,,,,
78,19.524959742351047,40.13016639828234,7.568438003220612,11.345947396672035,7.253086419753086,5.535426731078905,0.49651100375738055,7.206119162640902,0.6776704240472357,0.15432098765432098,0.026838432635534086,0.08051529790660225,,,,
79,19.538378958668815,40.09661835748792,7.561728395061729,11.3191089640365,7.253086419753086,5.522007514761138,0.49651100375738055,7.25979602791197,0.6776704240472357,0.15432098765432098,0.040257648953301126,0.08051529790660225,,,,
80,19.538378958668815,40.05636070853462,7.575147611379496,11.272141706924316,7.253086419753086,5.522007514761138,0.5166398282340311,7.192699946323135,0.6910896403650026,0.23483628556092323,0.06709608158883522,0.08051529790660225,,,,
81,16.847826086956523,39.58668813741278,7.440955448201825,14.606816961889425,7.253086419753086,5.71658615136876,0.5300590445517982,6.904186795491143,0.6910896403650026,0.27509393451422437,0.06709608158883522,0.08051529790660225,,,,
82,16.847826086956523,39.57326892109501,7.434245840042942,14.606816961889425,7.253086419753086,5.71658615136876,0.5300590445517982,6.904186795491143,0.6910896403650026,0.27509393451422437,0.06709608158883522,0.10064412238325282,,,,
83,16.854535695115406,39.14385399892646,7.206119162640902,14.606816961889425,7.253086419753086,5.810520665593129,0.5300590445517982,7.226247987117552,0.7581857219538379,0.2616747181964573,0.06709608158883522,0.24825550187869028,0.013419216317767043,0.020128824476650563,,
84,16.867954911433173,39.04320987654321,7.192699946323135,14.606816961889425,7.219538378958669,5.776972624798712,0.5636070853462157,7.340311325818572,0.7581857219538379,0.2952227589908749,0.06709608158883522,0.24825550187869028,,0.020128824476650563,,
85,16.834406870638755,38.73456790123457,7.239667203435319,14.687332259796028,7.434245840042942,5.776972624798712,0.5636070853462157,7.340311325818572,0.7581857219538379,0.2952227589908749,0.06709608158883522,0.24825550187869028,,0.020128824476650563,,
86,16.78743961352657,38.499731615673646,7.568438003220612,14.586688137412775,7.347020933977456,5.917874396135265,0.5636070853462157,7.320182501341922,0.7783145464304885,0.2952227589908749,0.06709608158883522,0.24825550187869028,,0.020128824476650563,,
87,16.78743961352657,38.32528180354267,7.7831454643048845,14.55984970477724,7.347020933977456,5.723295759527644,0.5636070853462157,7.440955448201825,0.8051529790660226,0.32877079978529256,0.06709608158883522,0.24825550187869028,,0.020128824476650563,,
88,16.418411164787976,38.425925925925924,7.695920558239399,13.714439076757918,7.347020933977456,6.689479334406871,0.5636070853462157,7.4208266237251745,0.8521202361782072,0.5367686527106817,0.06709608158883522,0.24825550187869028,,0.020128824476650563,,
89,16.25067096081589,38.58024691358025,7.709339774557166,13.714439076757918,7.313472893183038,6.689479334406871,0.5636070853462157,7.4208266237251745,0.8856682769726248,0.5367686527106817,0.06709608158883522,0.24825550187869028,,0.020128824476650563,,
90,15.827965646806227,38.788244766505635,7.62211486849168,13.768115942028986,7.313472893183038,6.689479334406871,0.5636070853462157,7.695920558239399,0.8856682769726248,0.5367686527106817,0.040257648953301126,0.24825550187869028,,0.020128824476650563,,
91,15.841384863123993,38.66747181964573,7.716049382716049,13.768115942028986,7.313472893183038,6.702898550724638,0.5636070853462157,7.695920558239399,0.8856682769726248,0.5367686527106817,0.040257648953301126,0.24825550187869028,,0.020128824476650563,,
92,15.868223295759528,38.466183574879224,7.877079978529254,13.768115942028986,7.2933440687063875,6.716317767042405,0.5837359098228664,7.695920558239399,0.8856682769726248,0.5367686527106817,0.040257648953301126,0.24825550187869028,,0.020128824476650563,,
93,15.673644659151906,38.419216317767045,7.890499194847021,13.768115942028986,7.239667203435319,6.977992485238862,0.5703166935050993,7.709339774557166,0.8856682769726248,0.5434782608695652,0.05367686527106817,0.24825550187869028,,0.020128824476650563,,
94,15.653515834675256,38.41250670960816,7.883789586688137,13.768115942028986,7.159151905528717,6.944444444444445,0.5703166935050993,7.843531937734836,0.8856682769726248,0.5434782608695652,0.05367686527106817,0.2616747181964573,,0.020128824476650563,,
95,15.546162104133119,38.399087493290395,7.944176060118089,13.747987117552334,7.159151905528717,6.957863660762212,0.5837359098228664,7.877079978529254,0.8856682769726248,0.5636070853462157,0.05367686527106817,0.2616747181964573,,0.020128824476650563,,
96,15.45222758990875,38.036768652710684,7.065217391304348,11.694847020933977,10.420021470746109,6.937734836285561,0.5703166935050993,7.87037037037037,1.1003757380568975,0.5568974771873323,0.03354804079441761,0.2616747181964573,,,,
97,14.78797638217928,36.72839506172839,6.830381105743425,11.674718196457327,13.378958668813741,6.937734836285561,0.5703166935050993,7.092055823939882,1.1205045625335481,0.5837359098228664,0.03354804079441761,0.2616747181964573,,,,
98,14.700751476113794,36.68142780461621,6.843800322061192,11.849168008588299,13.365539452495975,6.843800322061192,0.5703166935050993,7.092055823939882,1.1205045625335481,0.5837359098228664,0.08722490606548577,0.2616747181964573,,,,
99,14.727589908749328,36.553945249597426,6.957863660762212,11.849168008588299,13.358829844337091,6.857219538378959,0.5703166935050993,7.085346215780999,1.1205045625335481,0.5703166935050993,0.08722490606548577,0.2616747181964573,,,,
100,13.674181427804616,37.72812667740204,6.998121309715513,11.735104669887278,13.345410628019323,6.796833064949007,0.5837359098228664,7.085346215780999,1.1205045625335481,0.5837359098228664,0.0939345142243693,0.2549651100375738,,,,
101,13.674181427804616,37.513419216317764,7.112184648416532,11.735104669887278,13.137412775093935,7.085346215780999,0.5636070853462157,7.085346215780999,1.1607622114868492,0.5837359098228664,0.0939345142243693,0.2549651100375738,,,,
102,13.66076221148685,37.47987117552335,7.112184648416532,11.721685453569512,13.137412775093935,7.078636607622115,0.5636070853462157,7.132313472893183,1.1741814278046163,0.5837359098228664,0.10064412238325282,0.2549651100375738,,,,
103,13.654052603327965,37.40606548577563,7.266505636070853,11.66129898013956,13.110574342458401,7.071926999463232,0.5904455179817498,7.132313472893183,1.1741814278046163,0.5904455179817498,0.10064412238325282,0.24154589371980675,,,,
104,13.399087493290391,36.78878153515835,7.25979602791197,11.513687600644122,13.976113794954374,7.065217391304348,0.6105743424584005,7.14573268921095,1.2949543746645196,0.6038647342995169,0.10064412238325282,0.24154589371980675,,,,
105,13.385668276972625,36.81561996779388,7.246376811594203,11.500268384326356,13.902308105206655,7.065217391304348,0.6843800322061192,7.132313472893183,1.3083735909822867,0.6172839506172839,0.10064412238325282,0.24154589371980675,,,,
106,13.405797101449275,36.74852388620504,7.326892109500805,11.480139559849706,13.902308105206655,7.065217391304348,0.6843800322061192,7.132313472893183,1.3083735909822867,0.6172839506172839,0.08722490606548577,0.24154589371980675,,,,
107,13.399087493290391,36.574074074074076,7.461084272678476,11.017176596886742,13.848631239935587,7.568438003220612,0.6843800322061192,7.112184648416532,1.328502415458937,0.6776704240472357,0.08722490606548577,0.24154589371980675,,,,
108,13.378958668813741,36.54723564143854,7.501341921631776,11.003757380568974,13.83521202361782,7.601986044015029,0.6843800322061192,7.118894256575416,1.3217928073000538,0.6776704240472357,0.08722490606548577,0.24154589371980675,,,,
109,13.365539452495975,36.48684916800859,7.548309178743962,10.990338164251208,13.841921631776705,7.601986044015029,0.7648953301127214,7.071926999463232,1.3217928073000538,0.6776704240472357,0.08722490606548577,0.24154589371980675,,,,
110,13.365539452495975,36.44659151905529,7.588566827697263,10.990338164251208,13.841921631776705,7.601986044015029,0.7648953301127214,7.071926999463232,1.3217928073000538,0.6776704240472357,0.08722490606548577,0.24154589371980675,,,,
111,12.969672571121846,35.97691894793344,7.6623725174449815,12.620772946859903,13.077026301663983,7.588566827697263,0.7716049382716049,6.9310252281266775,1.3955984970477724,0.6776704240472357,0.08722490606548577,0.24154589371980675,,,,
112,12.902576489533011,35.7085346215781,7.6556629092860975,12.607353730542137,13.352120236178207,7.5281803542673105,0.7581857219538379,6.957863660762212,1.4090177133655395,0.6709608158883521,0.20799785292538917,0.24154589371980675,,,,
113,12.835480407944177,35.7085346215781,7.648953301127214,12.654320987654321,13.372249060654857,7.5348899624261945,0.7581857219538379,6.957863660762212,1.4090177133655395,0.6709608158883521,0.20799785292538917,0.24154589371980675,,,,
114,12.446323134728932,31.5552871712292,6.904186795491143,23.68491680085883,10.57434245840043,5.938003220611916,0.49651100375738055,6.474771873322598,1.0064412238325282,0.5032206119162641,0.1878690284487386,0.2281266774020397,,,,
115,12.177938808373591,31.367418142780462,7.125603864734299,23.483628556092324,11.211755233494364,5.938003220611916,0.46967257112184646,6.233225979602791,1.0869565217391304,0.5032206119162641,0.1878690284487386,0.2147074610842727,,,,
116,12.151100375738057,31.353998926462694,6.91760601180891,23.19511540526033,11.694847020933977,5.938003220611916,0.5233494363929146,6.219806763285024,1.0869565217391304,0.5032206119162641,0.1878690284487386,0.2281266774020397,,,,
117,12.130971551261407,31.266774020397207,6.944444444444445,23.329307568438004,11.60762211486849,5.938003220611916,0.5367686527106817,6.239935587761675,1.0869565217391304,0.5032206119162641,0.1878690284487386,0.2281266774020397,,,,
118,12.130971551261407,30.636070853462158,7.1725711218464845,23.201825013419217,11.60762211486849,5.938003220611916,0.5367686527106817,6.642512077294686,1.2144390767579174,0.5032206119162641,0.1878690284487386,0.2281266774020397,,,,
119,11.990069779924852,29.488727858293075,7.159151905528717,23.1682769726248,11.56736446591519,7.212828770799785,0.5703166935050993,6.602254428341385,1.2949543746645196,0.5032206119162641,0.1878690284487386,0.2549651100375738,,,,
120,11.66129898013956,29.985238862050455,7.125603864734299,22.987117552334944,11.486849168008588,7.092055823939882,0.5703166935050993,6.850509930220075,1.2949543746645196,0.5032206119162641,0.1878690284487386,0.2549651100375738,,,,
121,11.66129898013956,29.97181964573269,7.125603864734299,22.987117552334944,11.533816425120772,7.092055823939882,0.5703166935050993,6.816961889425658,1.2949543746645196,0.5032206119162641,0.1878690284487386,0.2549651100375738,,,,
122,11.272141706924316,30.152979066022546,7.326892109500805,22.973698336017176,11.460010735373054,7.185990338164252,0.5770263016639828,6.796833064949007,1.2949543746645196,0.5166398282340311,0.1878690284487386,0.2549651100375738,,,,
123,11.211755233494364,29.857756307031668,7.326892109500805,22.906602254428343,11.426462694578637,7.50805152979066,0.644122383252818,6.796833064949007,1.3620504562533549,0.5166398282340311,0.1878690284487386,0.2549651100375738,,,,
124,11.198336017176597,29.716854535695116,7.347020933977456,22.52415458937198,11.708266237251744,7.306763285024155,0.644122383252818,6.884057971014493,1.710950080515298,0.5166398282340311,0.1878690284487386,0.2549651100375738,,,,
125,11.16478797638218,29.49543746645196,7.541599570585078,22.52415458937198,11.708266237251744,7.286634460547504,0.644122383252818,6.863929146537842,1.7713365539452497,0.5367686527106817,0.20799785292538917,0.2549651100375738,,,,
126,11.097691894793345,28.609769189479334,7.286634460547504,21.108427267847556,13.130703166935051,8.729200214707461,0.644122383252818,6.608964036500268,1.7444981213097155,0.5636070853462157,0.2214170692431562,0.2549651100375738,,,,
127,11.097691894793345,28.509125067096083,7.387278582930757,21.095008051529792,13.130703166935051,8.729200214707461,0.644122383252818,6.608964036500268,1.7579173376274826,0.5636070853462157,0.2214170692431562,0.2549651100375738,,,,
128,11.07085346215781,28.415190552871714,7.380568974771873,21.061460010735374,13.130703166935051,8.809715512614064,0.6910896403650026,6.568706387546968,1.7914653784219001,0.5636070853462157,0.2616747181964573,0.2549651100375738,,,,
129,11.010466988727858,28.093129361245303,7.836822329575953,20.67230273752013,13.150831991411701,9.178743961352657,0.6910896403650026,6.568706387546968,1.7176596886741815,0.5636070853462157,0.2616747181964573,0.2549651100375738,,,,
130,11.010466988727858,27.80461621041331,7.48792270531401,20.665593129361245,13.150831991411701,10.61460010735373,0.7112184648416533,5.958132045088567,1.7176596886741815,0.46296296296296297,0.2549651100375738,0.1610305958132045,,,,
131,11.017176596886742,27.75764895330113,7.50805152979066,20.679012345679013,13.110574342458401,10.621309715512615,0.7514761137949544,5.958132045088567,1.7176596886741815,0.46296296296296297,0.2549651100375738,0.1610305958132045,,,,
132,11.010466988727858,27.717391304347824,7.930756843800322,20.491143317230275,13.110574342458401,10.332796564680622,0.7514761137949544,5.991680085882985,1.7713365539452497,0.47638217928073,0.2549651100375738,0.1610305958132045,,,,
133,11.010466988727858,27.68384326355341,7.836822329575953,20.222758990874933,13.077026301663983,10.312667740203972,0.785024154589372,6.333870101986044,1.8183038110574343,0.47638217928073,0.2549651100375738,0.1878690284487386,,,,
134,11.010466988727858,27.65029522275899,7.87037037037037,20.1959205582394,13.030059044551798,10.312667740203972,0.8319914117015567,6.333870101986044,1.8451422436929683,0.47638217928073,0.2549651100375738,0.1878690284487386,,,,
135,10.916532474503489,27.636876006441224,7.997852925389157,20.1959205582394,13.01663982823403,10.299248523886206,0.8319914117015567,6.353998926462695,1.8250134192163177,0.4830917874396135,0.2683843263553409,0.17444981213097155,,,,
136,10.903113258185721,27.01959205582394,8.05823939881911,19.87385936661299,13.539989264626946,10.198604401502953,0.798443370907139,6.810252281266774,1.8518518518518519,0.4830917874396135,0.2683843263553409,0.17444981213097155,,0.020128824476650563,,
137,10.86285560923242,26.99946323134729,8.017981749865807,19.840311325818572,13.573537305421363,10.218733225979603,0.798443370907139,6.843800322061192,1.8786902844873858,0.5032206119162641,0.2683843263553409,0.17444981213097155,,0.020128824476650563,,
138,10.829307568438002,26.757917337627482,8.165593129361245,19.753086419753085,13.466183574879228,10.292538915727322,0.798443370907139,7.085346215780999,1.8786902844873858,0.5166398282340311,0.28180354267310787,0.17444981213097155,,,,
139,10.829307568438002,26.596886741814277,8.132045088566828,19.558507783145465,13.291733762748256,11.258722490606548,0.9728931830381106,6.608964036500268,1.8183038110574343,0.38915727321524424,0.39586688137412773,0.14761137949543746,,,,
140,10.72866344605475,26.496242619431026,8.132045088566828,19.665861513687602,13.365539452495975,11.258722490606548,0.9728931830381106,6.629092860976919,1.8183038110574343,0.38915727321524424,0.39586688137412773,0.14761137949543746,,,,
141,10.735373054213634,26.33521202361782,8.071658615136876,19.672571121846484,13.365539452495975,11.506977992485238,0.9728931830381106,6.602254428341385,1.8048845947396672,0.38915727321524424,0.39586688137412773,0.14761137949543746,,,,
142,10.715244229736983,26.281535158346752,8.071658615136876,19.464573268921097,13.352120236178207,11.506977992485238,0.9728931830381106,6.535158346752549,2.13365539452496,0.4227053140096618,0.39586688137412773,0.14761137949543746,,,,
143,10.721953837895867,26.241277509393452,8.165593129361245,19.444444444444443,13.311862587224907,11.493558776167472,0.9863123993558777,6.515029522275899,2.13365539452496,0.4428341384863124,0.39586688137412773,0.14761137949543746,,,,
144,10.72866344605475,26.241277509393452,8.232689210950081,19.424315619967793,13.372249060654857,11.386205045625335,0.966183574879227,6.515029522275899,2.13365539452496,0.4428341384863124,0.39586688137412773,0.1610305958132045,,,,
145,10.7085346215781,26.214439076757916,8.28636607622115,19.370638754696724,13.345410628019323,11.3593666129898,1.0198604401502953,6.494900697799249,2.167203435319377,0.4294149221685454,0.4495437466451959,0.15432098765432098,,,,
146,10.72866344605475,26.147342995169083,8.313204508856682,19.135802469135804,13.285024154589372,11.292270531400966,1.0198604401502953,6.494900697799249,2.5026838432635534,0.4495437466451959,0.47638217928073,0.15432098765432098,,,,
147,10.63472893183038,26.221148684916802,7.682501341921632,19.068706387546968,14.170692431561998,11.158078368223295,1.1272141706924315,6.501610305958132,2.5161030595813205,0.4495437466451959,0.4562533548040794,0.013419216317767043,,,,
148,10.560923242082662,26.04669887278583,7.689210950080516,19.048577563070317,14.190821256038648,11.037305421363392,1.3352120236178207,6.561996779388084,2.6167471819645733,0.4495437466451959,0.4495437466451959,0.013419216317767043,,,,
149,10.379763821792807,25.55018786902845,8.447396672034353,16.854535695115406,16.297638217928075,11.010466988727858,1.3217928073000538,6.5552871712292005,2.657004830917874,0.4495437466451959,0.46296296296296297,0.013419216317767043,,,,
150,10.373054213633925,25.41599570585078,8.447396672034353,16.75389157273215,16.035963499731615,11.158078368223295,1.3352120236178207,6.756575415995706,2.717391304347826,0.4830917874396135,0.5099302200751477,0.013419216317767043,,,,
151,10.044283413848632,24.60413311862587,7.991143317230274,26.174181427804616,10.399892646269459,10.319377348362856,0.7716049382716049,6.199677938808374,2.522812667740204,0.4495437466451959,0.5099302200751477,0.013419216317767043,,,,
152,10.037573805689748,24.510198604401502,8.05823939881911,26.08695652173913,10.466988727858293,10.312667740203972,0.7716049382716049,6.1862587224906065,2.5831991411701556,0.4495437466451959,0.5233494363929146,0.013419216317767043,,,,
153,10.02415458937198,24.52361782071927,8.125335480407944,25.93263553408481,10.453569511540525,10.312667740203972,0.785024154589372,6.1862587224906065,2.6435856146001075,0.47638217928073,0.5233494363929146,0.013419216317767043,,,,
154,10.02415458937198,24.456521739130434,8.192431561996779,25.89237788513151,10.453569511540525,10.312667740203972,0.785024154589372,6.1862587224906065,2.6838432635534084,0.47638217928073,0.5233494363929146,0.013419216317767043,,,,
155,9.923510466988727,24.255233494363928,8.333333333333334,25.999731615673646,10.46027911969941,10.299248523886206,0.8118625872249061,6.1862587224906065,2.717391304347826,0.47638217928073,0.5233494363929146,0.013419216317767043,,,,
156,9.936929683306495,24.134460547504027,8.28636607622115,25.93263553408481,10.426731078904991,10.299248523886206,0.7917337627482555,6.4345142243692965,2.7442297369833604,0.47638217928073,0.5233494363929146,0.013419216317767043,,,,
157,9.822866344605474,24.27536231884058,8.447396672034353,25.83870101986044,10.399892646269459,10.205314009661835,0.8185721953837896,6.367418142780462,2.7979066022544283,0.48980139559849706,0.5233494363929146,0.013419216317767043,,,,
158,9.822866344605474,24.168008588298445,8.964036500268385,25.49651100375738,10.352925389157273,9.936929683306495,0.8856682769726248,6.454643048845948,2.871712292002147,0.48980139559849706,0.5233494363929146,0.03354804079441761,,,,
159,9.836285560923242,24.168008588298445,8.964036500268385,25.462962962962962,10.38647342995169,9.789318303811058,0.8856682769726248,6.447933440687064,2.871712292002147,0.48980139559849706,0.6642512077294686,0.03354804079441761,,,,
160,9.836285560923242,24.16129898013956,8.930488459473967,25.462962962962962,10.34621578099839,9.829575952764358,0.9259259259259259,6.447933440687064,2.871712292002147,0.48980139559849706,0.6642512077294686,0.03354804079441761,,,,
161,9.796027911969942,24.12775093934514,9.091519055287172,25.429414922168544,10.265700483091788,9.802737520128824,0.9393451422436929,6.4412238325281805,2.9052603327965647,0.48980139559849706,0.6642512077294686,0.04696725711218465,,,,
162,9.789318303811058,23.960010735373054,9.151905528717123,25.389157273215243,10.265700483091788,9.77589908749329,0.9393451422436929,6.588835212023618,2.9119699409554483,0.48980139559849706,0.6910896403650026,0.04696725711218465,,,,
163,9.789318303811058,23.960010735373054,9.178743961352657,25.389157273215243,10.265700483091788,9.77589908749329,0.9393451422436929,6.588835212023618,2.885131508319914,0.48980139559849706,0.6910896403650026,0.04696725711218465,,,,
164,9.789318303811058,23.899624261943103,9.473966720343531,25.214707461084274,10.265700483091788,9.77589908749329,0.9393451422436929,6.588835212023618,2.8247450348899625,0.48980139559849706,0.6910896403650026,0.04696725711218465,,,,
165,9.574610842726784,24.154589371980677,9.46725711218465,24.973161567364468,10.265700483091788,9.77589908749329,0.966183574879227,6.756575415995706,2.8381642512077296,0.48980139559849706,0.6910896403650026,0.04696725711218465,,,,
166,9.574610842726784,24.14117015566291,9.46725711218465,24.9597423510467,10.279119699409554,9.77589908749329,0.9796027911969941,6.756575415995706,2.8381642512077296,0.48980139559849706,0.6910896403650026,0.04696725711218465,,,,
167,9.265968867418144,23.64465915190553,9.480676328502415,25.738056897477186,10.245571658615138,9.769189479334408,0.9796027911969941,6.763285024154589,2.8650026838432634,0.5099302200751477,0.6910896403650026,0.04696725711218465,,,,
168,9.265968867418144,23.64465915190553,9.574610842726784,25.670960815888353,10.185185185185185,9.769189479334408,1.0399892646269457,6.763285024154589,2.8381642512077296,0.5099302200751477,0.6910896403650026,0.04696725711218465,,,,
169,9.205582393988191,23.678207192699947,9.628287707997853,26.40901771336554,9.5276435856146,9.73564143853999,0.9796027911969941,6.763285024154589,2.8247450348899625,0.5099302200751477,0.6910896403650026,0.04696725711218465,,,,
170,9.219001610305957,23.49033816425121,9.460547504025765,26.31508319914117,9.473966720343531,9.923510466988727,0.9728931830381106,6.964573268921095,2.8918411164787976,0.5367686527106817,0.7045088566827697,0.04696725711218465,,,,
171,9.205582393988191,23.450080515297905,9.400161030595813,26.50295222758991,9.440418679549115,9.77589908749329,1.0064412238325282,6.984702093397746,2.918679549114332,0.5434782608695652,0.7045088566827697,0.06709608158883522,,,,
172,9.219001610305957,23.409822866344605,9.702093397745571,26.147342995169083,9.420289855072463,9.695383789586689,1.0064412238325282,6.984702093397746,3.1736446591519054,0.5032206119162641,0.6709608158883521,0.06709608158883522,,,,
173,9.219001610305957,23.376274825550187,9.567901234567902,24.033816425120772,11.842458400429415,9.655126140633387,1.0265700483091786,6.790123456790123,3.1736446591519054,0.5032206119162641,0.7447665056360708,0.06709608158883522,,,,
174,9.219001610305957,23.362855609232422,9.588030059044552,24.020397208803004,11.842458400429415,9.655126140633387,1.0198604401502953,6.790123456790123,3.1870638754696725,0.5032206119162641,0.7447665056360708,0.06709608158883522,,,,
175,9.245840042941492,23.336017176596886,9.769189479334408,23.57085346215781,11.842458400429415,9.648416532474503,1.0198604401502953,6.790123456790123,3.4621578099838968,0.5032206119162641,0.7447665056360708,0.06709608158883522,,,,
176,9.27938808373591,23.26892109500805,10.017444981213098,23.450080515297905,11.714975845410628,9.614868491680086,1.0064412238325282,6.823671497584541,3.488996242619431,0.5099302200751477,0.7581857219538379,0.06709608158883522,,,,
177,9.272678475577026,23.17498658078368,10.0979602791197,23.429951690821255,11.714975845410628,9.655126140633387,1.0064412238325282,6.823671497584541,3.488996242619431,0.5099302200751477,0.7581857219538379,0.06709608158883522,,,,
178,9.272678475577026,23.040794417606012,10.185185185185185,23.416532474503487,11.701556629092861,9.66183574879227,1.0198604401502953,6.763285024154589,3.488996242619431,0.5099302200751477,0.8722490606548577,0.06709608158883522,,,,
179,9.245840042941492,23.047504025764894,10.198604401502953,23.30246913580247,11.621041331186259,9.66183574879227,1.133923778851315,6.776704240472356,3.5628019323671496,0.5099302200751477,0.8722490606548577,0.06709608158883522,,,,
180,9.245840042941492,22.926731078904993,10.339506172839506,22.591250670960815,11.52710681696189,9.648416532474503,1.133923778851315,7.4006977992485234,3.7372517444981215,0.5099302200751477,0.8722490606548577,0.06709608158883522,,,,
181,8.80300590445518,22.933440687063875,9.71551261406334,22.819377348362856,13.446054750402576,8.789586688137414,1.133923778851315,7.353730542136339,3.750670960815888,0.4294149221685454,0.7581857219538379,0.06709608158883522,,,,
182,8.192431561996779,25.05367686527107,9.742351046698873,22.289318303811058,12.681159420289855,8.76274825550188,1.1137949543746646,7.273215244229737,3.6366076221148687,0.4294149221685454,0.7581857219538379,0.06709608158883522,,,,
183,8.158883521202362,24.644390767579175,9.728931830381105,22.41009125067096,12.674449812130971,9.091519055287172,1.1137949543746646,7.273215244229737,3.6366076221148687,0.4294149221685454,0.7581857219538379,0.08051529790660225,,,,
184,8.125335480407944,24.671229200214707,10.124798711755233,22.020933977455716,12.567096081588835,9.25925925925926,1.1272141706924315,7.273215244229737,3.6097691894793345,0.4294149221685454,0.7112184648416533,0.08051529790660225,,,,
185,8.132045088566828,24.651100375738057,10.138217928073,22.04777241009125,12.392646269457863,9.178743961352657,1.1540526033279657,7.266505636070853,3.750670960815888,0.4294149221685454,0.7783145464304885,0.08051529790660225,,,,
186,8.145464304884594,24.63768115942029,10.0979602791197,21.980676328502415,12.392646269457863,9.158615136876007,1.1943102522812667,7.25979602791197,3.8378958668813743,0.43612453032742887,0.7783145464304885,0.08051529790660225,,,,
187,8.145464304884594,24.55716586151369,10.111379495437467,21.980676328502415,12.359098228663447,9.158615136876007,1.1943102522812667,7.2933440687063875,3.8915727321524423,0.43612453032742887,0.7917337627482555,0.08051529790660225,,,,
