,45,50,55,51,56,52,57,53,59,54,58,60,61,63,62
0,87.19135802469135,12.795222758990874,0.013419216317767043,,,,,,,,,,,,
1,85.426731078905,9.453837895866881,0.04696725711218465,5.01207729468599,0.06038647342995169,,,,,,,,,,
2,82.74288781535158,11.453301127214171,0.24825550187869028,3.1468062265163717,0.04696725711218465,2.3617820719269993,,,,,,,,,
3,70.26972624798712,23.839237788513152,0.33548040794417605,3.1468062265163717,0.04696725711218465,2.3483628556092326,0.013419216317767043,,,,,,,,
4,69.89398819108965,23.980139559849704,0.49651100375738055,3.2206119162640903,0.04696725711218465,2.3483628556092326,0.013419216317767043,,,,,,,,
5,60.18518518518518,33.51449275362319,0.6709608158883521,3.2206119162640903,0.04696725711218465,2.3483628556092326,0.013419216317767043,,,,,,,,
6,55.27375201288245,29.012345679012345,0.7380568974771873,12.567096081588835,0.04696725711218465,2.3483628556092326,0.013419216317767043,,,,,,,,
7,55.173107890499196,28.978797638217927,0.8722490606548577,12.567096081588835,0.04696725711218465,2.3483628556092326,0.013419216317767043,,,,,,,,
8,54.891304347826086,29.045893719806763,1.0869565217391304,12.567096081588835,0.04696725711218465,2.3483628556092326,0.013419216317767043,,,,,,,,
9,39.841653247450346,32.648953301127214,1.1674718196457328,23.74530327428878,0.15432098765432098,2.3483628556092326,0.013419216317767043,0.08051529790660225,,,,,,,
10,39.50617283950617,32.84353193773484,1.3083735909822867,23.67149758454106,0.2281266774020397,2.3483628556092326,0.013419216317767043,0.08051529790660225,,,,,,,
11,39.231078904991946,32.92404723564144,1.4492753623188406,23.429951690821255,0.5166398282340311,2.3550724637681157,0.013419216317767043,0.08051529790660225,,,,,,,
12,39.13714439076758,32.749597423510465,1.6774020397208802,23.315888352120236,0.5770263016639828,2.4221685453569513,0.013419216317767043,0.10735373054213634,,,,,,,
13,38.74127750939345,33.05823939881911,1.737788513150832,23.275630703166936,0.6172839506172839,2.4221685453569513,0.013419216317767043,0.13419216317767044,,,,,,,
14,36.06414385399893,28.918411164787976,1.3754696725711217,30.293880837359097,0.7380568974771873,2.4490069779924855,0.013419216317767043,0.13419216317767044,0.013419216317767043,,,,,,
15,31.91760601180891,34.84970477724101,1.570048309178744,30.20665593129361,0.7514761137949544,0.4025764895330113,,0.2885131508319914,0.013419216317767043,,,,,,
16,25.47638217928073,41.38486312399356,1.7713365539452497,29.71014492753623,0.9594739667203436,0.39586688137412773,,0.2885131508319914,0.013419216317767043,,,,,,
17,25.34219001610306,40.98228663446055,2.187332259796028,29.60950080515298,0.9594739667203436,0.39586688137412773,,0.2885131508319914,0.013419216317767043,0.2214170692431562,,,,,
18,24.805421363392377,34.72222222222222,2.1739130434782608,36.64117015566291,1.0466988727858293,0.07380568974771873,,0.38915727321524424,0.013419216317767043,0.13419216317767044,,,,,
19,24.58400429414922,34.70209339774557,2.227589908749329,36.600912506709605,1.2345679012345678,0.07380568974771873,,0.38915727321524424,0.013419216317767043,0.17444981213097155,,,,,
20,24.282071926999464,34.09822866344606,2.6033279656468062,36.8491680085883,1.5029522275899088,0.08722490606548577,,0.38915727321524424,0.013419216317767043,0.17444981213097155,,,,,
21,23.738593666129898,34.33977455716586,2.7509393451422435,36.81561996779388,1.5365002683843263,0.08722490606548577,,0.5434782608695652,0.013419216317767043,0.17444981213097155,,,,,
22,23.678207192699947,34.17874396135266,3.113258185721954,36.37278582930757,1.8384326355340848,0.08722490606548577,,0.5434782608695652,0.013419216317767043,0.17444981213097155,,,,,
23,23.49704777241009,34.286097691894796,3.1535158346752548,36.11782071926999,2.0799785292538915,0.13419216317767044,,0.5434782608695652,0.013419216317767043,0.17444981213097155,,,,,
24,23.336017176596886,34.286097691894796,3.2474503488996245,36.16478797638218,2.100107353730542,0.13419216317767044,,0.5434782608695652,0.013419216317767043,0.17444981213097155,,,,,
25,19.182769726247987,37.5,4.213633923778851,36.03730542136339,2.200751476113795,0.2147074610842727,,0.46296296296296297,0.013419216317767043,0.17444981213097155,,,,,
26,19.16935050993022,37.34567901234568,4.260601180891036,36.05072463768116,2.227589908749329,0.2147074610842727,,0.46296296296296297,0.013419216317767043,0.2549651100375738,,,,,
27,19.162640901771336,36.8894256575416,4.51556629092861,36.04401502952228,2.26784755770263,0.2147074610842727,0.026838432635534086,0.48980139559849706,0.013419216317767043,0.3757380568974772,,,,,
28,19.048577563070317,35.339506172839506,3.784219001610306,32.729468599033815,2.4020397208803006,5.736714975845411,0.08051529790660225,0.48980139559849706,0.013419216317767043,0.3757380568974772,,,,,
29,19.04186795491143,35.19189479334407,3.938539989264627,32.689210950080515,2.328234031132582,5.736714975845411,0.08051529790660225,0.48980139559849706,0.03354804079441761,0.46967257112184646,,,,,
30,18.92109500805153,35.02415458937198,4.180085882984434,32.6154052603328,2.3886205045625335,5.636070853462158,0.2147074610842727,0.48980139559849706,0.03354804079441761,0.49651100375738055,,,,,
31,18.840579710144926,34.252549651100374,4.28743961352657,35.31266774020397,2.1068169618894257,4.066022544283414,0.24154589371980675,0.36231884057971014,0.03354804079441761,0.49651100375738055,,,,,
32,18.780193236714975,32.46779388083736,4.5893719806763285,34.70880300590446,2.120236178207193,5.508588298443371,0.24154589371980675,1.1741814278046163,0.03354804079441761,0.3757380568974772,,,,,
33,17.398013955984972,30.595813204508858,4.562533548040794,38.21121846484165,2.006172839506173,4.5893719806763285,0.24154589371980675,1.9860440150295222,0.03354804079441761,0.3757380568974772,,,,,
34,17.136339237788512,30.48174986580784,4.777241009125067,38.378958668813745,1.8317230273752012,4.542404723564144,0.2952227589908749,1.9860440150295222,0.020128824476650563,0.5501878690284487,,,,,
35,16.404991948470208,30.96484165324745,4.998658078368224,38.21121846484165,1.9793344068706387,4.542404723564144,0.3153515834675255,1.9860440150295222,0.020128824476650563,0.5770263016639828,,,,,
36,16.384863123993558,30.891035963499732,4.938271604938271,38.077026301663984,2.1135265700483092,4.542404723564144,0.3153515834675255,2.006172839506173,0.020128824476650563,0.7112184648416533,,,,,
37,16.129898013955984,30.730005367686527,5.0858829844337095,39.51959205582394,1.596886741814278,4.522275899087493,0.3153515834675255,1.3083735909822867,0.020128824476650563,0.7514761137949544,0.020128824476650563,,,,
38,16.06280193236715,30.54213633923779,5.300590445517981,39.452495974235106,1.6639828234031133,4.51556629092861,0.322061191626409,1.3083735909822867,0.06038647342995169,0.7514761137949544,0.020128824476650563,,,,
39,15.230810520665592,27.126945786366075,4.891304347826087,45.13553408480945,1.6572732152442298,3.0730005367686526,0.322061191626409,1.6371443907675791,0.040257648953301126,0.7380568974771873,0.14761137949543746,,,,
40,13.144122383252817,23.852657004830917,4.864465915190553,51.69753086419753,1.737788513150832,2.0128824476650564,0.15432098765432098,1.6371443907675791,0.040257648953301126,0.7112184648416533,0.14761137949543746,,,,
41,12.560386473429952,21.16881374127751,4.51556629092861,55.55555555555556,1.5499194847020934,1.9659151905528718,0.15432098765432098,1.6706924315619969,0.040257648953301126,0.6709608158883521,0.14761137949543746,,,,
42,12.553676865271068,21.021202361782073,4.730273752012883,55.14626945786366,1.724369296833065,1.9659151905528718,0.13419216317767044,1.6841116478797638,0.040257648953301126,0.8521202361782072,0.14761137949543746,,,,
43,12.553676865271068,20.491143317230275,4.616210413311863,50.60386473429951,1.7847557702630166,6.964573268921095,0.13419216317767044,1.6841116478797638,0.040257648953301126,0.9796027911969941,0.14761137949543746,,,,
44,12.526838432635534,20.50456253354804,4.62962962962963,50.4898013955985,1.9122383252818036,6.870638754696726,0.2147074610842727,1.6841116478797638,0.040257648953301126,0.9796027911969941,0.14761137949543746,,,,
45,12.124261943102523,16.901502952227588,4.106280193236715,57.85024154589372,1.8384326355340848,5.22007514761138,0.3153515834675255,0.7447665056360708,0.040257648953301126,0.8118625872249061,0.04696725711218465,,,,
46,11.849168008588299,16.914922168545356,4.824208266237251,57.06521739130435,1.9793344068706387,5.374396135265701,0.3153515834675255,0.7447665056360708,,0.8856682769726248,0.04696725711218465,,,,
47,11.761943102522812,16.914922168545356,5.018786902844874,56.89076757917338,2.046430488459474,5.374396135265701,0.3153515834675255,0.7447665056360708,,0.8856682769726248,0.04696725711218465,,,,
48,11.600912506709609,16.70692431561997,5.293880837359098,56.19296833064949,2.7106816961889426,5.193236714975845,0.3757380568974772,0.8923778851315083,,0.9863123993558777,0.04696725711218465,,,,
49,11.560654857756306,16.67337627482555,5.381105743424584,55.85748792270532,2.9119699409554483,5.179817498658078,0.38915727321524424,0.9326355340848095,,0.9863123993558777,0.1274825550187869,,,,
50,11.41304347826087,38.848631239935585,5.0858829844337095,39.512882447665056,2.5563607085346214,0.9125067096081588,0.020128824476650563,0.9125067096081588,,0.7179280730005367,0.020128824476650563,,,,
51,10.849436392914654,37.97638217928073,5.340848094471283,40.52603327965647,2.690552871712292,0.9125067096081588,0.020128824476650563,0.8990874932903918,,0.7648953301127214,0.020128824476650563,,,,
52,10.762211486849168,37.42619431025228,6.280193236714976,39.95571658615137,2.9589371980676327,0.9125067096081588,0.020128824476650563,0.8990874932903918,,0.7648953301127214,0.020128824476650563,,,,
53,10.762211486849168,37.2987117552335,6.488191089640365,39.66720343531938,3.166935050993022,0.9125067096081588,0.020128824476650563,0.8990874932903918,,0.7648953301127214,0.020128824476650563,,,,
54,10.742082662372518,35.25228126677402,6.152710681696189,38.59366612989801,3.2877079978529253,3.2675791733762747,0.020128824476650563,0.8789586688137413,,1.7847557702630166,0.020128824476650563,,,,
55,10.661567364465915,35.0979602791197,6.340579710144928,38.41250670960816,3.455448201825013,3.1736446591519054,0.04696725711218465,0.8856682769726248,,1.90552871712292,0.020128824476650563,,,,
56,10.661567364465915,29.938271604938272,5.917874396135265,34.634997316156735,2.6972624798711755,14.546430488459475,0.15432098765432098,0.46296296296296297,,0.9863123993558777,,,,,
57,7.890499194847021,35.82259796027912,4.99194847020934,33.36688137412775,2.703972088030059,13.83521202361782,0.3153515834675255,0.36231884057971014,,0.7112184648416533,,,,,
58,7.890499194847021,35.560923242082666,5.226784755770263,33.299785292538914,2.9924852388620504,13.6406333870102,0.30864197530864196,0.36231884057971014,0.0067096081588835215,0.7112184648416533,,,,,
59,7.286634460547504,33.46081588835212,4.676596886741814,34.88325281803543,2.3617820719269993,16.13660762211487,0.11406333870101985,0.36231884057971014,0.0067096081588835215,0.7112184648416533,,,,,
60,6.642512077294686,30.10601180891036,4.180085882984434,37.86231884057971,2.1269457863660763,17.834138486312398,0.30864197530864196,0.36231884057971014,0.0067096081588835215,0.5703166935050993,,,,,
61,6.575415995705851,28.978797638217927,4.17337627482555,35.72195383789587,2.0128824476650564,21.155394524959743,0.30864197530864196,0.46967257112184646,0.0067096081588835215,0.5971551261406334,,,,,
62,6.575415995705851,28.884863123993558,4.28743961352657,35.61460010735373,2.1135265700483092,17.612721417069242,0.2952227589908749,4.012345679012346,0.0067096081588835215,0.5971551261406334,,,,,
63,6.575415995705851,28.83118625872249,4.2203435319377345,35.43344068706388,2.4221685453569513,17.51207729468599,0.2952227589908749,4.106280193236715,0.0067096081588835215,0.5971551261406334,,,,,
64,6.561996779388084,28.25415995705851,4.904723564143854,35.138217928073,2.623456790123457,17.404723564143854,0.36902844873859364,4.092860976918948,0.0067096081588835215,0.630703166935051,0.013419216317767043,,,,
65,6.4412238325281805,28.153515834675254,4.978529253891573,29.47530864197531,2.6033279656468062,23.03408480944713,0.5703166935050993,4.092860976918948,0.0067096081588835215,0.630703166935051,0.013419216317767043,,,,
66,6.407675791733762,27.388620504562535,5.10601180891036,31.42109500805153,2.462426194310252,21.920289855072465,0.5837359098228664,4.092860976918948,0.0067096081588835215,0.5971551261406334,0.013419216317767043,,,,
67,5.730005367686527,27.58990874932904,5.22007514761138,31.280193236714975,2.462426194310252,20.38378958668814,0.8521202361782072,4.092860976918948,0.0067096081588835215,2.368491680085883,0.013419216317767043,,,,
68,5.730005367686527,27.28797638217928,5.394524959742351,31.132581857219538,3.388352120236178,20.263016639828233,0.9057971014492754,3.4017713365539453,0.0067096081588835215,2.462426194310252,0.026838432635534086,,,,
69,5.280461621041331,27.160493827160494,5.045625335480408,25.91921631776704,3.0595813204508855,21.041331186258724,0.8789586688137413,9.125067096081589,,2.462426194310252,0.026838432635534086,,,,
70,5.059044551798175,22.32957595276436,4.622920021470746,24.818840579710145,2.8650026838432634,17.62614063338701,0.6374127750939346,21.309715512614062,,0.6977992485238862,0.03354804079441761,,,,
71,5.052334943639291,22.148416532474503,4.549114331723027,24.55716586151369,3.126677402039721,17.3040794417606,0.966183574879227,21.36339237788513,,0.8990874932903918,0.03354804079441761,,,,
72,4.133118625872249,21.75925925925926,4.696725711218465,24.033816425120772,3.408480944712829,18.753354804079443,0.9192163177670424,20.893719806763286,,0.9125067096081588,0.48980139559849706,,,,
73,4.133118625872249,21.71900161030596,4.7101449275362315,23.899624261943103,3.603059581320451,18.686258722490606,0.95276435856146,20.893719806763286,,0.9125067096081588,0.48980139559849706,,,,
74,4.133118625872249,21.69887278582931,4.730273752012883,22.973698336017176,3.3279656468062266,18.531937734836287,1.0735373054213635,21.973966720343533,,0.9125067096081588,0.644122383252818,,,,
75,4.133118625872249,21.450617283950617,5.173107890499195,22.920021470746107,3.3145464304884595,18.45813204508857,1.1272141706924315,21.83977455716586,,0.9125067096081588,0.6709608158883521,,,,
76,4.133118625872249,21.349973161567366,5.273752012882448,22.839506172839506,3.3816425120772946,18.4447128287708,1.247987117552335,21.74584004294149,,0.9125067096081588,0.6709608158883521,,,,
77,4.133118625872249,21.24261943102523,5.381105743424584,22.134997316156735,3.9318303811057436,19.048577563070317,0.798443370907139,21.611647879763822,,0.9125067096081588,0.8051529790660226,,,,
78,4.086151368760064,20.994363929146537,5.629361245303274,21.67874396135266,4.374664519592056,19.061996779388085,0.8454106280193237,21.55126140633387,,0.9057971014492754,0.8722490606548577,,,,
79,4.072732152442297,20.994363929146537,5.629361245303274,21.692163177670423,4.374664519592056,18.853998926462694,1.0601180891035964,21.517713365539453,,0.9057971014492754,0.8990874932903918,,,,
80,4.072732152442297,20.833333333333332,5.743424584004294,21.477455716586153,4.5893719806763285,18.760064412238325,1.0735373054213635,21.390230810520666,,1.0332796564680622,1.0265700483091786,,,,
81,4.072732152442297,20.679012345679013,5.870907139023081,21.43719806763285,4.643048845947397,18.61916264090177,1.1674718196457328,21.276167471819647,0.06038647342995169,1.0332796564680622,1.1406333870101986,,,,
82,3.9519592055823938,20.28985507246377,5.931293612453032,21.806226516371442,4.7168545356951155,18.089103596349972,1.2010198604401503,21.826355340848096,0.06038647342995169,0.9057971014492754,1.221148684916801,,,,
83,3.9049919484702094,20.155662909286097,6.226516371443908,21.772678475577028,4.790660225442834,17.042404723564143,1.3955984970477724,22.50402576489533,0.06038647342995169,0.9057971014492754,1.2345679012345678,0.0067096081588835215,,,
84,3.730542136339238,19.209608158883523,6.280193236714976,24.92619431025228,4.428341384863124,16.150026838432634,1.4358561460010735,21.70558239398819,0.06038647342995169,0.8252818035426731,1.2412775093934514,0.0067096081588835215,,,
85,3.730542136339238,19.068706387546968,6.387546967257112,24.751744498121308,4.575952764358561,16.069511540526033,1.6304347826086956,21.32313472893183,0.06038647342995169,0.8252818035426731,1.570048309178744,0.0067096081588835215,,,
86,3.730542136339238,15.814546430488459,5.515297906602254,24.46323134728932,4.542404723564144,15.063070316693505,1.583467525496511,20.759527643585614,0.0939345142243693,6.870638754696726,1.556629092860977,0.0067096081588835215,,,
87,3.730542136339238,15.727321524422974,5.562265163714439,24.3894256575416,4.723564143853999,14.962426194310252,1.6908212560386473,20.591787439613526,0.11406333870101985,6.904186795491143,1.596886741814278,0.0067096081588835215,,,
88,3.6231884057971016,15.633387010198604,6.052066559312936,23.879495437466453,4.696725711218465,14.794685990338165,1.6706924315619969,20.74610842726785,0.2281266774020397,6.910896403650026,1.7579173376274826,0.0067096081588835215,,,
89,3.4688674181427803,19.618894256575416,4.750402576489533,23.58427267847558,4.7168545356951155,13.103864734299517,1.5029522275899088,20.283145464304884,1.1272141706924315,6.045356951154052,1.7914653784219001,0.0067096081588835215,,,
90,2.9790660225442833,11.392914653784219,3.938539989264627,41.02925389157273,4.683306494900698,12.52012882447665,1.5365002683843263,19.02173913043478,0.06038647342995169,0.9997316156736447,1.8317230273752012,0.0067096081588835215,,,
91,2.9790660225442833,11.392914653784219,3.938539989264627,40.27106816961889,4.911433172302737,13.050187869028449,1.5432098765432098,18.813741277509394,0.06038647342995169,0.9997316156736447,2.033011272141707,0.0067096081588835215,,,
92,2.9790660225442833,11.29898013955985,3.9720880300590444,39.87520128824477,5.267042404723564,12.95625335480408,1.6505636070853462,18.80703166935051,0.06038647342995169,1.0869565217391304,2.033011272141707,0.0067096081588835215,0.0067096081588835215,,
93,2.9052603327965647,11.29898013955985,3.9720880300590444,39.35856146001073,5.964841653247451,12.929414922168545,1.6505636070853462,18.733225979602793,0.06038647342995169,1.0869565217391304,2.0263016639828235,0.0067096081588835215,0.0067096081588835215,,
94,2.9052603327965647,11.292270531400966,3.978797638217928,39.190821256038646,6.011808910359635,12.882447665056361,1.6975308641975309,18.733225979602793,0.06038647342995169,1.2077294685990339,2.0263016639828235,0.0067096081588835215,0.0067096081588835215,,
95,2.9052603327965647,11.285560923242082,3.7775093934514223,50.67096081588835,5.2066559312936125,9.185453569511541,1.1205045625335481,13.20450885668277,0.06038647342995169,1.0131508319914118,1.556629092860977,0.0067096081588835215,0.0067096081588835215,,
96,2.885131508319914,9.420289855072463,6.233225979602791,50.48309178743961,5.367686527106817,8.675523349436393,1.0601180891035964,13.197799248523886,0.07380568974771873,1.0131508319914118,1.5767579173376274,0.0067096081588835215,0.0067096081588835215,,
97,2.885131508319914,9.400161030595813,6.3070316693505095,50.348899624261946,5.448201825013419,8.662104133118627,1.0399892646269457,13.197799248523886,0.07380568974771873,1.0131508319914118,1.5767579173376274,0.040257648953301126,0.0067096081588835215,,
98,2.804616210413312,9.453837895866881,6.387546967257112,49.45652173913044,5.548845947396672,8.635265700483092,1.133923778851315,13.83521202361782,0.07380568974771873,0.966183574879227,1.6438539989264627,0.040257648953301126,0.020128824476650563,,
99,2.804616210413312,9.453837895866881,6.508319914117015,49.16800858829844,5.273752012882448,11.379495437466453,1.1272141706924315,11.896135265700483,0.013419216317767043,0.966183574879227,1.3150831991411702,0.07380568974771873,0.020128824476650563,,
100,2.757648953301127,9.460547504025765,6.756575415995706,48.792270531400966,5.367686527106817,11.265432098765432,1.2412775093934514,11.943102522812667,0.013419216317767043,0.966183574879227,1.3419216317767042,0.07380568974771873,0.020128824476650563,,
101,2.7509393451422435,8.541331186258722,3.193773483628556,48.49704777241009,5.24020397208803,16.31105743424584,1.1741814278046163,11.916264090177133,0.013419216317767043,0.9930220075147611,1.3217928073000538,0.040257648953301126,0.0067096081588835215,,
102,2.7509393451422435,8.521202361782072,3.2004830917874396,47.94685990338164,5.790391841116479,16.17686527106817,1.3016639828234031,11.808910359634996,0.013419216317767043,1.1137949543746646,1.328502415458937,0.040257648953301126,0.0067096081588835215,,
103,2.7509393451422435,8.507783145464305,3.3480944712828773,47.48389694041868,6.099033816425121,16.10305958132045,1.3888888888888888,11.674718196457327,0.013419216317767043,1.107085346215781,1.4761137949543746,0.040257648953301126,0.0067096081588835215,,
104,2.7509393451422435,8.440687063875469,3.4688674181427803,47.396672034353195,6.125872249060655,15.94873859366613,1.556629092860977,11.674718196457327,0.013419216317767043,1.1003757380568975,1.4761137949543746,0.040257648953301126,0.0067096081588835215,,
105,2.7509393451422435,8.433977455716587,3.670155662909286,47.0276435856146,6.300322061191626,15.94873859366613,1.556629092860977,11.674718196457327,0.013419216317767043,1.1003757380568975,1.4761137949543746,0.040257648953301126,0.0067096081588835215,,
106,2.7509393451422435,8.393719806763285,3.9452495974235107,46.53113258185722,6.575415995705851,15.921900161030596,1.6371443907675791,11.60762211486849,0.013419216317767043,1.1003757380568975,1.4761137949543746,0.040257648953301126,0.0067096081588835215,,
107,2.7509393451422435,8.393719806763285,3.9720880300590444,46.4975845410628,6.488191089640365,15.908480944712828,1.7981749865807837,11.486849168008588,0.013419216317767043,1.1943102522812667,1.4358561460010735,0.05367686527106817,0.0067096081588835215,,
108,2.7106816961889426,8.36688137412775,4.3478260869565215,45.90713902308105,6.790123456790123,15.868223295759528,1.8317230273752012,11.426462694578637,0.013419216317767043,1.2077294685990339,1.4694041867954912,0.05367686527106817,0.0067096081588835215,,
109,2.7106816961889426,8.246108427267847,4.817498658078368,45.42404723564144,6.9243156199677935,15.98899624261943,1.8317230273752012,11.158078368223295,0.013419216317767043,1.2077294685990339,1.6170155662909287,0.05367686527106817,0.0067096081588835215,,
110,2.7106816961889426,8.21256038647343,4.864465915190553,45.21604938271605,6.944444444444445,15.98899624261943,1.8250134192163177,11.225174449812132,0.013419216317767043,1.3016639828234031,1.6170155662909287,0.07380568974771873,0.0067096081588835215,,
111,2.0531400966183573,7.246376811594203,5.0993022007514766,52.21417069243156,6.971282877079979,14.130434782608695,1.6371443907675791,8.225979602791197,0.013419216317767043,1.3016639828234031,1.0265700483091786,0.07380568974771873,0.0067096081588835215,,
112,2.0531400966183573,7.212828770799785,5.2066559312936125,51.82501341921632,7.226247987117552,13.962694578636608,1.8183038110574343,8.158883521202362,0.013419216317767043,1.3888888888888888,1.0534084809447128,0.07380568974771873,0.0067096081588835215,,
113,2.046430488459474,7.199409554482019,5.448201825013419,51.207729468599034,7.742887815351583,13.734567901234568,1.9457863660762211,8.13875469672571,0.013419216317767043,1.3888888888888888,1.0534084809447128,0.07380568974771873,0.0067096081588835215,,
114,2.046430488459474,7.192699946323135,5.642780461621041,50.95276435856146,7.809983896940419,13.70101986044015,1.9793344068706387,8.071658615136876,0.013419216317767043,1.3888888888888888,1.1205045625335481,0.07380568974771873,0.0067096081588835215,,
115,2.0397208803005906,7.185990338164252,6.400966183574879,50.20799785292539,7.816693505099302,13.66076221148685,2.100107353730542,7.877079978529254,0.013419216317767043,1.3888888888888888,1.2278582930756843,0.07380568974771873,0.0067096081588835215,,
116,1.9994632313472893,7.132313472893183,5.0858829844337095,53.39506172839506,7.286634460547504,13.385668276972625,2.0263016639828235,7.179280730005368,,1.1808910359634996,1.1943102522812667,0.1274825550187869,0.0067096081588835215,,
117,1.8585614600107354,4.757112184648417,4.569243156199678,54.95169082125604,6.9310252281266775,13.385668276972625,1.9726247987117553,9.118357487922705,,1.1607622114868492,1.2010198604401503,0.08722490606548577,0.0067096081588835215,,
118,1.8585614600107354,4.5960815888352125,4.582662372517445,48.15485775630703,7.689210950080516,19.639023081052066,2.0128824476650564,9.05126140633387,,1.1205045625335481,1.2010198604401503,0.08722490606548577,0.0067096081588835215,,
119,1.8384326355340848,4.508856682769726,4.7168545356951155,47.68518518518518,7.796564680622652,19.639023081052066,2.0128824476650564,9.05126140633387,,1.328502415458937,1.328502415458937,0.08722490606548577,0.0067096081588835215,,
120,1.8384326355340848,4.49543746645196,4.898013955984971,47.46376811594203,7.843531937734836,19.45786366076221,2.1940418679549114,8.943907675791733,,1.328502415458937,1.4358561460010735,0.08722490606548577,0.013419216317767043,,
121,1.8384326355340848,4.49543746645196,5.877616747181965,46.5378421900161,8.011272141706923,19.363929146537842,2.2946859903381642,8.809715512614064,,1.328502415458937,1.3419216317767042,0.08722490606548577,0.013419216317767043,,
122,1.8384326355340848,4.441760601180891,5.931293612453032,46.504294149221685,8.017981749865807,19.14922168545357,2.536231884057971,8.809715512614064,,1.328502415458937,1.3419216317767042,0.08722490606548577,0.013419216317767043,,
123,1.7579173376274826,4.448470209339774,7.601986044015029,44.96779388083736,7.836822329575953,19.068706387546968,2.6167471819645733,8.93719806763285,,1.328502415458937,1.3419216317767042,0.08722490606548577,0.0067096081588835215,,
124,1.7444981213097155,4.42163177670424,7.474503488996243,44.89398819108964,8.3467525496511,18.706387546967257,2.61003757380569,8.836553945249598,,1.3687600644122384,1.3687600644122384,0.2214170692431562,0.0067096081588835215,,
125,1.7444981213097155,4.42163177670424,7.118894256575416,44.39747718733226,8.333333333333334,18.666129898013956,2.6502952227589907,8.735909822866345,,2.3081052066559313,1.3955984970477724,0.2214170692431562,0.0067096081588835215,,
126,1.7042404723564144,4.38137412775094,7.313472893183038,44.08212560386473,8.655394524959743,18.552066559312937,2.61003757380569,8.675523349436393,,2.4020397208803006,1.3955984970477724,0.2214170692431562,0.0067096081588835215,,
127,1.6975308641975309,4.28743961352657,7.266505636070853,43.84728931830381,8.729200214707461,18.592324208266238,2.9388083735909825,8.487654320987655,,2.4020397208803006,1.482823403113258,0.24825550187869028,0.020128824476650563,,
128,1.6237251744498122,4.28743961352657,7.25979602791197,43.71309715512614,8.93719806763285,18.431293612453032,3.140096618357488,8.413848631239935,0.013419216317767043,2.4020397208803006,1.5096618357487923,0.24825550187869028,0.020128824476650563,,
129,1.4492753623188406,4.0995705850778315,6.494900697799249,47.96027911969941,7.991143317230274,16.720343531937736,2.898550724637681,8.293075684380032,0.013419216317767043,2.314814814814815,1.5297906602254427,0.2214170692431562,0.013419216317767043,,
130,1.4492753623188406,4.0995705850778315,6.615673644659152,47.44363929146538,8.407139023081053,16.70692431561997,2.85829307568438,8.272946859903382,0.013419216317767043,2.314814814814815,1.556629092860977,0.24825550187869028,0.013419216317767043,,
131,1.4492753623188406,4.0995705850778315,6.756575415995706,46.99409554482018,8.561460010735374,16.686795491143318,2.9790660225442833,8.279656468062266,0.040257648953301126,2.301395598497048,1.556629092860977,0.28180354267310787,0.013419216317767043,,
132,1.4492753623188406,4.0995705850778315,6.756575415995706,46.806226516371446,8.548040794417606,16.686795491143318,3.2004830917874396,8.165593129361245,0.07380568974771873,2.3617820719269993,1.556629092860977,0.28180354267310787,0.013419216317767043,,
133,1.4492753623188406,4.0995705850778315,6.944444444444445,46.62506709608159,8.641975308641975,16.626409017713364,3.180354267310789,8.145464304884594,0.07380568974771873,2.3617820719269993,1.556629092860977,0.28180354267310787,0.013419216317767043,,
134,1.4492753623188406,4.019055287171229,6.709608158883521,50.26167471819646,8.293075684380032,14.304884594739667,2.8247450348899625,7.601986044015029,0.07380568974771873,2.563070316693505,1.5297906602254427,0.3488996242619431,0.020128824476650563,,
135,1.4492753623188406,3.656736446591519,6.427804616210413,48.29575952764358,7.971014492753623,17.223564143854,2.932098765432099,7.521470746108427,0.07380568974771873,2.5026838432635534,1.5029522275899088,0.4092860976918948,0.020128824476650563,0.013419216317767043,
136,1.4492753623188406,3.6231884057971016,6.414385399892646,48.03408480944713,8.246108427267847,17.183306494900698,3.0327428878153517,7.340311325818572,0.07380568974771873,2.536231884057971,1.6304347826086956,0.4025764895330113,0.020128824476650563,0.013419216317767043,
137,1.4492753623188406,3.6231884057971016,6.474771873322598,47.75228126677402,8.272946859903382,16.935050993022006,3.321256038647343,7.185990338164252,0.07380568974771873,2.657004830917874,1.7847557702630166,0.39586688137412773,0.06038647342995169,0.013419216317767043,
138,1.42914653784219,3.556092324208266,6.662640901771336,47.40338164251208,8.454106280193237,16.74718196457327,3.408480944712829,7.50805152979066,0.10735373054213634,2.4691358024691357,1.7847557702630166,0.39586688137412773,0.06038647342995169,0.013419216317767043,
139,1.4224369296833066,3.535963499731616,7.058507783145465,46.90016103059581,8.581588835212024,16.659957058507782,3.488996242619431,7.50805152979066,0.10735373054213634,2.4691358024691357,1.7847557702630166,0.39586688137412773,0.06038647342995169,0.013419216317767043,0.013419216317767043
140,1.4224369296833066,3.535963499731616,7.320182501341922,46.544551798174986,8.99087493290392,16.505636070853463,3.361513687600644,7.454374664519592,0.12077294685990338,2.4691358024691357,1.7713365539452497,0.4025764895330113,0.06038647342995169,0.013419216317767043,0.026838432635534086
141,1.4224369296833066,3.435319377348363,8.225979602791197,45.99436392914654,8.910359634997317,16.210413311862588,3.4822866344605474,7.454374664519592,0.12077294685990338,2.4691358024691357,1.7713365539452497,0.4025764895330113,0.06038647342995169,0.013419216317767043,0.026838432635534086
142,1.4224369296833066,3.421900161030596,8.192431561996779,45.63204508856683,9.25925925925926,16.19699409554482,3.475577026301664,7.427536231884058,0.12077294685990338,2.4557165861513686,1.9189479334406871,0.35560923242082665,0.06038647342995169,0.013419216317767043,0.04696725711218465
143,1.2278582930756843,2.49597423510467,7.682501341921632,41.680085882984436,8.930488459473967,21.511003757380568,3.0864197530864197,8.923778851315083,0.12077294685990338,1.9927536231884058,1.8719806763285025,0.35560923242082665,0.06038647342995169,0.013419216317767043,0.04696725711218465
144,1.2278582930756843,2.4490069779924855,7.675791733762749,41.358024691358025,9.205582393988191,21.497584541062803,3.099838969404187,8.896940418679549,0.12077294685990338,1.9927536231884058,1.9592055823939882,0.35560923242082665,0.10064412238325282,0.013419216317767043,0.04696725711218465
145,1.1808910359634996,2.4355877616747184,6.501610305958132,46.67203435319377,7.347020933977456,21.289586688137412,3.0059044551798175,8.158883521202362,0.06038647342995169,0.9192163177670424,1.9122383252818036,0.35560923242082665,0.10064412238325282,0.013419216317767043,0.04696725711218465
146,1.1540526033279657,2.4020397208803006,6.494900697799249,46.57809983896941,7.454374664519592,21.26274825550188,3.0327428878153517,8.21256038647343,0.0939345142243693,0.9192163177670424,1.8786902844873858,0.35560923242082665,0.10064412238325282,0.013419216317767043,0.04696725711218465
147,1.133923778851315,2.38191089640365,6.78341384863124,45.92055823939882,7.87037037037037,21.24261943102523,3.066290928609769,8.158883521202362,0.0939345142243693,0.9728931830381106,1.8585614600107354,0.35560923242082665,0.10064412238325282,0.013419216317767043,0.04696725711218465
148,1.133923778851315,2.38191089640365,6.850509930220075,45.30327428878154,8.460815888352121,21.081588835212024,3.166935050993022,8.165593129361245,0.0939345142243693,0.9728931830381106,1.9256575415995705,0.30193236714975846,0.10064412238325282,0.013419216317767043,0.04696725711218465
149,1.133923778851315,2.38191089640365,6.863929146537842,44.920826623725176,8.722490606548577,20.9272678475577,3.4286097691894795,8.13875469672571,0.0939345142243693,0.9728931830381106,1.9524959742351047,0.30193236714975846,0.10064412238325282,0.013419216317767043,0.04696725711218465
150,1.133923778851315,2.3081052066559313,6.689479334406871,44.276704240472355,8.950617283950617,20.38378958668814,3.4957058507783145,9.05126140633387,0.15432098765432098,1.0869565217391304,2.01959205582394,0.30193236714975846,0.10064412238325282,0.013419216317767043,0.03354804079441761
151,1.133923778851315,2.3081052066559313,6.843800322061192,43.98819108964037,9.07139023081052,20.37037037037037,3.5225442834138487,9.01100375738057,0.15432098765432098,1.1003757380568975,2.046430488459474,0.30193236714975846,0.10064412238325282,0.013419216317767043,0.03354804079441761
152,1.133923778851315,2.3081052066559313,6.884057971014493,43.78690284487386,9.272678475577026,20.35024154589372,3.6768652710681695,8.876811594202898,0.15432098765432098,1.0869565217391304,2.01959205582394,0.30193236714975846,0.10064412238325282,0.013419216317767043,0.03354804079441761
153,1.133923778851315,2.2611379495437465,6.964573268921095,42.860976918947934,10.178475577026301,20.25630703166935,3.743961352657005,8.863392377885132,0.16774020397208803,1.1003757380568975,2.01959205582394,0.30193236714975846,0.10064412238325282,0.013419216317767043,0.03354804079441761
154,1.133923778851315,2.2611379495437465,6.957863660762212,42.652979066022546,10.48040794417606,20.04830917874396,3.8043478260869565,8.876811594202898,0.18115942028985507,1.1272141706924315,1.9927536231884058,0.30193236714975846,0.13419216317767044,0.013419216317767043,0.03354804079441761
155,1.133923778851315,2.2611379495437465,7.192699946323135,42.27724100912507,10.829307568438002,19.94766505636071,3.7909286097691894,8.769457863660762,0.18115942028985507,1.1272141706924315,1.9927536231884058,0.3153515834675255,0.13419216317767044,0.013419216317767043,0.03354804079441761
156,1.133923778851315,2.2611379495437465,7.212828770799785,41.78073000536769,10.896403650026839,19.75979602791197,3.9184111647879765,8.655394524959743,0.18115942028985507,1.5499194847020934,2.15378421900161,0.3153515834675255,0.13419216317767044,0.013419216317767043,0.03354804079441761
157,1.133923778851315,2.2410091250670963,7.367149758454106,41.532474503489,11.117820719269995,19.276704240472355,4.4820182501341925,8.474235104669887,0.18115942028985507,1.5499194847020934,2.147074610842727,0.3153515834675255,0.13419216317767044,0.013419216317767043,0.03354804079441761
158,1.133923778851315,2.2410091250670963,7.4208266237251745,41.176865271068166,11.406333870101985,19.249865807836823,4.549114331723027,8.36688137412775,0.18115942028985507,1.583467525496511,2.120236178207193,0.38915727321524424,0.13419216317767044,0.013419216317767043,0.03354804079441761
159,1.133923778851315,2.2410091250670963,7.5348899624261945,40.747450348899626,11.721685453569512,19.135802469135804,4.64975845410628,8.3467525496511,0.18115942028985507,1.596886741814278,2.1403650026838434,0.38915727321524424,0.13419216317767044,0.013419216317767043,0.03354804079441761
160,1.133923778851315,2.2410091250670963,7.440955448201825,40.324745034889965,12.265163714439076,19.061996779388085,4.7101449275362315,8.360171765968868,0.12077294685990338,1.6304347826086956,2.1403650026838434,0.38915727321524424,0.13419216317767044,0.013419216317767043,0.03354804079441761
161,1.133923778851315,2.227589908749329,7.4006977992485234,39.86849168008588,12.600644122383253,18.988191089640367,4.7101449275362315,8.447396672034353,0.15432098765432098,1.751207729468599,2.15378421900161,0.3824476650563607,0.13419216317767044,0.013419216317767043,0.03354804079441761
162,1.133923778851315,2.227589908749329,7.6623725174449815,39.398819108964034,12.99651100375738,18.753354804079443,4.7638217928073,8.427267847557703,0.15432098765432098,1.751207729468599,2.1739130434782608,0.3757380568974772,0.13419216317767044,0.013419216317767043,0.03354804079441761
163,1.133923778851315,2.227589908749329,7.796564680622652,39.371980676328505,12.902576489533011,18.59903381642512,4.918142780461621,8.387010198604402,0.15432098765432098,1.751207729468599,2.1604938271604937,0.3757380568974772,0.17444981213097155,0.013419216317767043,0.03354804079441761
164,1.133923778851315,2.2208803005904456,7.890499194847021,39.22436929683307,12.842190016103059,18.391035963499732,5.119431025228127,8.319914117015566,0.15432098765432098,1.8384326355340848,2.254428341384863,0.3757380568974772,0.1878690284487386,0.013419216317767043,0.03354804079441761
165,1.133923778851315,2.214170692431562,7.836822329575953,39.070048309178745,13.030059044551798,18.21658615136876,5.320719269994632,8.259527643585615,0.15432098765432098,1.8384326355340848,2.314814814814815,0.3757380568974772,0.1878690284487386,0.013419216317767043,0.03354804079441761
166,1.133923778851315,2.200751476113795,7.957595276435856,38.808373590982285,13.103864734299517,18.203166935050994,5.253623188405797,8.259527643585615,0.15432098765432098,2.0397208803005906,2.2745571658615136,0.3757380568974772,0.1878690284487386,0.013419216317767043,0.03354804079441761
167,1.093666129898014,2.1806226516371443,8.165593129361245,38.30515297906602,13.264895330112722,18.183038110574344,5.340848094471283,8.192431561996779,0.16774020397208803,2.1739130434782608,2.314814814814815,0.3824476650563607,0.1878690284487386,0.013419216317767043,0.03354804079441761
168,1.0265700483091786,2.167203435319377,8.111916264090176,41.51234567901235,12.801932367149758,17.49194847020934,4.730273752012883,7.4141170155662905,0.16774020397208803,2.0263016639828235,1.9524959742351047,0.3824476650563607,0.1878690284487386,0.013419216317767043,0.013419216317767043
169,1.0265700483091786,2.167203435319377,8.091787439613526,41.23054213633924,13.009930220075148,17.384594739667204,4.931561996779388,7.39398819108964,0.1878690284487386,2.0263016639828235,1.9524959742351047,0.3824476650563607,0.1878690284487386,0.013419216317767043,0.013419216317767043
170,1.0265700483091786,2.1135265700483092,8.333333333333334,40.042941492216855,13.39237788513151,17.290660225442835,4.891304347826087,8.011272141706923,0.20128824476650564,2.0263016639828235,2.073268921095008,0.3824476650563607,0.1878690284487386,0.013419216317767043,0.013419216317767043
171,1.0265700483091786,2.1135265700483092,8.407139023081053,39.781266774020395,13.620504562533547,17.16988727858293,4.864465915190553,7.930756843800322,0.2214170692431562,2.167203435319377,2.100107353730542,0.3824476650563607,0.1878690284487386,0.013419216317767043,0.013419216317767043
172,1.0265700483091786,2.1135265700483092,8.487654320987655,39.60010735373054,13.553408480944713,17.008856682769725,5.146269457863661,7.96430488459474,0.2214170692431562,2.1806226516371443,2.100107353730542,0.3824476650563607,0.1878690284487386,0.013419216317767043,0.013419216317767043
173,1.0265700483091786,2.1135265700483092,8.57487922705314,37.39935587761675,12.68786902844874,21.316425120772948,4.904723564143854,7.0450885668276975,0.20799785292538917,2.200751476113795,1.9122383252818036,0.4092860976918948,0.16774020397208803,0.020128824476650563,0.013419216317767043
174,1.0265700483091786,2.1135265700483092,8.829844337090714,37.15780998389694,12.640901771336553,21.068169618894256,5.132850241545894,6.957863660762212,0.20799785292538917,2.328234031132582,1.9122383252818036,0.4227053140096618,0.16774020397208803,0.020128824476650563,0.013419216317767043
