,45,50,51,54,52,53,55,56,57
0,100.0,,,,,,,,
1,95.0281803542673,4.9718196457326895,,,,,,,
2,95.33011272141707,4.669887278582931,,,,,,,
3,94.76650563607086,5.233494363929147,,,,,,,
4,92.31749865807836,7.682501341921632,,,,,,,
5,90.7541599570585,9.245840042941492,,,,,,,
6,84.13177670424047,15.868223295759528,,,,,,,
7,84.26596886741814,15.734031132581856,,,,,,,
8,81.28690284487386,18.71309715512614,,,,,,,
9,70.09527643585615,29.78395061728395,0.12077294685990338,,,,,,
10,70.276435856146,29.361245303274288,0.36231884057971014,,,,,,
11,70.43746645195921,29.200214707461082,0.36231884057971014,,,,,,
12,70.50456253354804,29.005636070853463,0.36231884057971014,0.1274825550187869,,,,,
13,71.20236178207193,28.307836822329577,0.36231884057971014,0.1274825550187869,,,,,
14,71.30300590445518,28.207192699946322,0.36231884057971014,0.1274825550187869,,,,,
15,71.42377885131508,27.958937198067634,0.36231884057971014,0.2549651100375738,,,,,
16,70.33011272141707,28.938539989264626,0.47638217928073,0.2549651100375738,,,,,
17,68.95464304884595,30.17981749865808,0.47638217928073,0.2549651100375738,0.13419216317767044,,,,
18,69.0955448201825,30.038915727321523,0.47638217928073,0.2549651100375738,0.13419216317767044,,,,
19,67.49194847020934,31.642512077294686,0.47638217928073,0.2549651100375738,0.13419216317767044,,,,
20,48.70504562533548,50.93263553408481,0.36231884057971014,,,,,,
21,48.60440150295223,51.03327965646806,0.36231884057971014,,,,,,
22,48.691626409017715,50.946054750402574,0.36231884057971014,,,,,,
23,48.590982286634464,48.63794954374664,1.724369296833065,,,0.9125067096081588,0.13419216317767044,,
24,48.74530327428878,48.389694041867955,1.710950080515298,,,0.9125067096081588,0.24154589371980675,,
25,48.83252818035427,48.31588835212023,1.710950080515298,,,0.8990874932903918,0.24154589371980675,,
26,48.55072463768116,48.59769189479334,1.710950080515298,,,0.8990874932903918,0.24154589371980675,,
27,48.711755233494365,46.16881374127751,1.710950080515298,,,0.8990874932903918,2.509393451422437,,
28,48.429951690821255,44.61218464841653,1.710950080515298,,1.9189479334406871,0.8990874932903918,2.428878153515835,,
29,46.75925925925926,43.954643048845945,1.710950080515298,,4.247181964573269,0.8990874932903918,2.428878153515835,,
30,44.927536231884055,45.78636607622115,1.710950080515298,,4.247181964573269,0.8990874932903918,2.428878153515835,,
31,43.08239398819109,45.410628019323674,1.6438539989264627,,6.535158346752549,0.8990874932903918,2.428878153515835,,
32,43.39774557165862,44.947665056360705,1.6438539989264627,,6.535158346752549,0.8923778851315083,2.5831991411701556,,
33,43.646001073537306,43.88083735909823,3.69699409554482,,5.307300053676865,0.8923778851315083,2.576489533011272,,
34,43.74664519592056,43.78019323671498,3.69699409554482,,5.307300053676865,0.8923778851315083,2.576489533011272,,
35,41.15002683843264,44.97450348899624,6.602254428341385,,3.683574879227053,0.8923778851315083,2.6972624798711755,,
36,41.36473429951691,44.75979602791197,6.602254428341385,,3.683574879227053,0.8923778851315083,2.6972624798711755,,
37,41.317767042404725,43.45813204508857,6.602254428341385,,3.629898013955985,3.079710144927536,1.9122383252818036,,
38,41.49892646269458,43.33064949006978,6.568706387546968,,3.6097691894793345,3.079710144927536,1.9122383252818036,,
39,41.6129898013956,43.283682232957595,6.515029522275899,,3.5963499731615673,3.079710144927536,1.9122383252818036,,
40,41.76060118089104,43.13607085346216,6.515029522275899,,3.5963499731615673,3.079710144927536,1.9122383252818036,,
41,41.59286097691895,41.95517981749866,6.394256575415996,2.0665593129361244,2.999194847020934,3.079710144927536,1.9122383252818036,,
42,41.2842190016103,40.79441760601181,6.333870101986044,2.0665593129361244,4.528985507246377,3.079710144927536,1.9122383252818036,,
43,40.66022544283414,41.45195920558239,6.320450885668277,2.0531400966183573,4.522275899087493,3.079710144927536,1.9122383252818036,,
44,36.32581857219538,32.62211486849168,24.771873322597962,0.020128824476650563,3.294417606011809,1.9726247987117553,0.9930220075147611,,
45,36.460010735373054,32.50805152979066,24.751744498121308,0.020128824476650563,3.294417606011809,1.9726247987117553,0.9930220075147611,,
46,36.63446054750403,32.360440150295226,24.724906065485776,0.020128824476650563,3.294417606011809,1.9726247987117553,0.9930220075147611,,
47,36.7686527106817,32.33360171765969,24.63768115942029,0.020128824476650563,3.2742887815351582,1.9726247987117553,0.9930220075147611,,
48,36.90955448201825,32.2866344605475,24.550456253354803,0.020128824476650563,3.2742887815351582,1.9726247987117553,0.9863123993558777,,
49,36.882716049382715,31.03864734299517,24.46323134728932,0.020128824476650563,3.2742887815351582,3.33467525496511,0.9863123993558777,,
50,34.40016103059581,33.756038647343,24.228395061728396,0.020128824476650563,3.2742887815351582,3.33467525496511,0.9863123993558777,,
51,34.655126140633385,33.54804079441761,24.18142780461621,0.020128824476650563,3.2742887815351582,3.33467525496511,0.9863123993558777,,
52,34.84970477724101,33.43397745571659,24.10762211486849,0.020128824476650563,3.2675791733762747,3.33467525496511,0.9863123993558777,,
53,33.353462157809986,33.621846484165324,23.993558776167472,0.020128824476650563,3.2541599570585076,4.824208266237251,0.9326355340848095,,
54,33.48765432098765,33.4272678475577,24.053945249597422,0.020128824476650563,3.2541599570585076,4.824208266237251,0.9326355340848095,,
55,33.9573268921095,33.051529790660226,22.913311862587225,0.020128824476650563,3.227321524422974,4.824208266237251,0.9259259259259259,1.0802469135802468,
56,34.37332259796028,32.8569511540526,22.82608695652174,0.020128824476650563,3.1535158346752548,4.777241009125067,0.9259259259259259,1.06682769726248,
57,33.62855609232421,33.803005904455176,22.644927536231883,0.020128824476650563,3.1535158346752548,4.757112184648417,0.9259259259259259,1.06682769726248,
58,32.99785292538916,32.92404723564144,24.154589371980677,0.020128824476650563,3.1535158346752548,4.757112184648417,0.9259259259259259,1.06682769726248,
59,32.9777241009125,31.843800322061192,24.020397208803004,0.020128824476650563,5.481749865807837,4.206924315619967,0.4830917874396135,0.966183574879227,
60,33.43397745571659,31.561996779388085,23.97342995169082,0.020128824476650563,5.35426731078905,4.206924315619967,0.4830917874396135,0.966183574879227,
61,33.54804079441761,31.508319914117017,23.79898013955985,0.020128824476650563,5.35426731078905,4.206924315619967,0.5971551261406334,0.966183574879227,
62,33.59500805152979,31.42109500805153,23.70504562533548,0.020128824476650563,5.35426731078905,4.341116478797638,0.5971551261406334,0.966183574879227,
63,32.23295759527644,32.75630703166935,23.61111111111111,0.1610305958132045,5.35426731078905,4.320987654320987,0.5971551261406334,0.966183574879227,
64,32.21953837895867,31.313741277509394,25.207997852925388,0.11406333870101985,5.307300053676865,4.274020397208803,0.5971551261406334,0.966183574879227,
65,32.35373054213634,31.072195383789587,23.886205045625335,0.11406333870101985,5.307300053676865,4.274020397208803,0.5971551261406334,2.395330112721417,
66,32.80327428878154,30.83064949006978,23.792270531400966,0.11406333870101985,5.273752012882448,4.247181964573269,0.5971551261406334,2.341653247450349,
67,30.931293612453032,29.864465915190554,27.34165324745035,0.11406333870101985,4.736983360171766,4.213633923778851,0.4562533548040794,2.341653247450349,
68,30.656199677938808,27.74422973698336,29.7638217928073,0.11406333870101985,4.736983360171766,4.213633923778851,0.4562533548040794,2.314814814814815,
69,27.791196994095547,29.508856682769725,28.81105743424584,2.167203435319377,4.736983360171766,4.213633923778851,0.4562533548040794,2.314814814814815,
70,27.536231884057973,28.327965646806227,28.65673644659152,2.15378421900161,6.300322061191626,5.12614063338701,0.4294149221685454,1.4694041867954912,
71,27.84487385936661,28.26086956521739,28.428609769189478,2.15378421900161,6.286902844873859,5.12614063338701,0.4294149221685454,1.4694041867954912,
72,27.979066022544284,28.20048309178744,28.388352120236178,2.15378421900161,6.286902844873859,5.092592592592593,0.4294149221685454,1.4694041867954912,
73,26.979334406870638,29.56924315619968,27.89855072463768,2.15378421900161,6.266774020397209,5.233494363929147,0.4294149221685454,1.4694041867954912,
74,27.32823403113258,29.562533548040793,27.710681696188942,2.15378421900161,6.112453032742888,5.233494363929147,0.4294149221685454,1.4694041867954912,
75,27.542941492216855,29.448470209339774,27.61003757380569,2.15378421900161,6.112453032742888,5.233494363929147,0.4294149221685454,1.4694041867954912,
76,27.30810520665593,28.16022544283414,29.03918411164788,2.254428341384863,6.105743424584004,5.233494363929147,0.4294149221685454,1.4694041867954912,
77,27.851583467525497,28.046162104133117,28.703703703703702,2.254428341384863,6.092324208266238,5.152979066022544,0.4294149221685454,1.4694041867954912,
78,28.059581320450885,27.91867954911433,28.5829307568438,2.254428341384863,6.052066559312936,5.233494363929147,0.4294149221685454,1.4694041867954912,
79,28.495705850778315,27.730810520665592,28.556092324208265,2.227589908749329,6.031937734836285,5.179817498658078,0.4294149221685454,1.3486312399355878,
80,28.59634997316157,27.576489533011273,27.999194847020934,1.4224369296833066,7.467793880837359,5.179817498658078,0.4294149221685454,1.328502415458937,
81,28.683574879227052,27.522812667740205,27.965646806226516,1.4224369296833066,7.467793880837359,5.179817498658078,0.4294149221685454,1.328502415458937,
82,29.005636070853463,26.85185185185185,27.791196994095547,1.3888888888888888,7.467793880837359,5.179817498658078,0.9863123993558777,1.328502415458937,
83,27.106816961889425,29.87788513150832,26.06682769726248,1.3821792807300053,7.440955448201825,6.461352657004831,0.9863123993558777,0.6776704240472357,
84,27.120236178207193,28.6231884057971,27.3215244229737,1.3821792807300053,7.4208266237251745,6.394256575415996,1.0869565217391304,0.6508319914117016,
85,27.13365539452496,28.75067096081589,27.22758990874933,1.3821792807300053,7.4208266237251745,6.347289318303811,1.0869565217391304,0.6508319914117016,
86,27.220880300590444,28.690284487385938,27.22758990874933,1.3821792807300053,7.407407407407407,6.333870101986044,1.0869565217391304,0.6508319914117016,
87,27.643585614600106,28.5829307568438,26.959205582393988,1.3620504562533549,7.387278582930757,6.327160493827161,1.0869565217391304,0.6508319914117016,
88,27.999194847020934,28.455448201825014,26.764626945786365,1.3486312399355878,7.387278582930757,6.320450885668277,1.0869565217391304,0.6374127750939346,
89,27.569779924852387,25.63070316693505,28.032742887815353,1.3486312399355878,7.367149758454106,8.460815888352121,0.95276435856146,0.6374127750939346,
90,28.032742887815353,25.63070316693505,27.932098765432098,1.3486312399355878,7.25979602791197,8.225979602791197,0.95276435856146,0.6172839506172839,
91,28.31454643048846,25.59044551798175,27.717391304347824,1.3486312399355878,7.25979602791197,8.199141170155663,0.95276435856146,0.6172839506172839,
92,28.710413311862588,25.503220611916262,27.690552871712292,1.3486312399355878,7.226247987117552,7.950885668276973,0.95276435856146,0.6172839506172839,
93,28.992216854535695,25.389157273215243,27.583199141170155,1.3352120236178207,7.192699946323135,7.937466451959206,0.95276435856146,0.6172839506172839,
94,29.126409017713364,24.342458400429415,28.5426731078905,1.3352120236178207,7.14573268921095,7.937466451959206,0.95276435856146,0.6172839506172839,
95,28.569511540526033,25.214707461084274,28.153515834675254,1.3352120236178207,6.91760601180891,7.7898550724637685,1.402308105206656,0.6172839506172839,
96,29.01905528717123,25.120772946859905,27.932098765432098,1.3016639828234031,6.816961889425658,7.7898550724637685,1.402308105206656,0.6172839506172839,
97,29.26731078904992,25.0402576489533,27.84487385936661,1.288244766505636,6.769994632313473,7.769726247987117,1.402308105206656,0.6172839506172839,
98,29.428341384863124,24.771873322597962,28.18035426731079,1.288244766505636,6.602254428341385,7.709339774557166,1.402308105206656,0.6172839506172839,
99,29.944981213097154,24.61755233494364,27.865002683843265,1.2681159420289856,6.468062265163715,7.709339774557166,1.5096618357487923,0.6172839506172839,
100,30.367686527106816,24.4699409554482,27.76435856146001,1.2546967257112185,6.353998926462695,7.6623725174449815,1.5096618357487923,0.6172839506172839,
101,30.50187869028449,24.4296833064949,27.697262479871174,1.4694041867954912,6.159420289855072,7.615405260332796,1.5096618357487923,0.6172839506172839,
102,30.837359098228664,24.288781535158346,27.61003757380569,1.4492753623188406,6.112453032742888,7.588566827697263,1.5096618357487923,0.6038647342995169,
103,31.561996779388085,23.825818572195384,27.36849168008588,1.42914653784219,6.112453032742888,7.588566827697263,1.5096618357487923,0.6038647342995169,
104,31.387546967257112,24.154589371980677,27.30139559849705,1.42914653784219,6.099033816425121,7.514761137949543,1.5096618357487923,0.6038647342995169,
105,31.0654857756307,23.778851315083198,29.66988727858293,1.2681159420289856,5.152979066022544,6.951154052603328,1.5096618357487923,0.6038647342995169,
106,31.266774020397207,23.698336017176597,29.64975845410628,1.2412775093934514,5.12614063338701,6.937734836285561,1.4761137949543746,0.6038647342995169,
107,31.01851851851852,22.5577026301664,27.72410091250671,1.2412775093934514,8.82313472893183,6.5552871712292005,1.4761137949543746,0.6038647342995169,
108,31.09903381642512,22.550993022007514,27.72410091250671,1.2412775093934514,8.76274825550188,6.541867954911433,1.4761137949543746,0.6038647342995169,
109,31.4345142243693,22.376543209876544,27.67042404723564,1.2412775093934514,8.76274825550188,6.508319914117015,1.402308105206656,0.6038647342995169,
110,31.50161030595813,21.994095544820183,28.093129361245303,1.1876006441223832,8.709071390230811,6.508319914117015,1.402308105206656,0.6038647342995169,
111,31.602254428341386,21.76596886741814,27.657004830917874,3.066290928609769,7.7898550724637685,6.112453032742888,1.402308105206656,0.6038647342995169,
112,31.76328502415459,21.71900161030596,27.603327965646805,3.0394524959742353,7.7898550724637685,6.105743424584004,1.402308105206656,0.5770263016639828,
113,31.736446591519055,21.088298443370906,27.30810520665593,2.717391304347826,9.145195920558239,6.052066559312936,1.3754696725711217,0.5770263016639828,
114,32.326892109500804,20.933977455716587,26.94578636607622,2.717391304347826,9.118357487922705,6.005099302200751,1.3754696725711217,0.5770263016639828,
115,32.21282877079979,19.679280730005367,25.805152979066023,2.690552871712292,8.943907675791733,6.910896403650026,3.052871712292002,0.5770263016639828,0.1274825550187869
116,32.01154052603328,19.330381105743424,25.664251207729468,2.059849704777241,9.084809447128288,8.259527643585615,2.885131508319914,0.5770263016639828,0.1274825550187869
117,30.810520665593128,18.820450885668276,24.84567901234568,2.059849704777241,11.60762211486849,8.185721953837897,2.85829307568438,0.6843800322061192,0.1274825550187869
118,30.99838969404187,18.78690284487386,24.832259796027913,2.059849704777241,11.513687600644122,8.165593129361245,2.831454643048846,0.6843800322061192,0.1274825550187869
119,31.011808910359633,18.867418142780462,24.812130971551262,2.0397208803005906,11.460010735373054,8.165593129361245,2.831454643048846,0.6843800322061192,0.1274825550187869
120,31.716317767042405,18.679549114331724,24.56387546967257,2.0397208803005906,11.419753086419753,8.011272141706923,2.791196994095545,0.6508319914117016,0.1274825550187869
121,31.03864734299517,17.66639828234031,25.087224906065487,1.4090177133655395,13.278314546430488,7.991143317230274,2.791196994095545,0.6105743424584005,0.1274825550187869
122,30.803811057434245,17.53220611916264,24.731615673644658,1.4090177133655395,12.453032742887816,9.541062801932368,2.791196994095545,0.6105743424584005,0.1274825550187869
123,30.44820182501342,17.458400429414922,24.27536231884058,1.4090177133655395,13.486312399355878,9.50751476113795,2.791196994095545,0.49651100375738055,0.1274825550187869
124,31.17283950617284,17.216854535695116,24.033816425120772,1.3821792807300053,13.291733762748256,9.4873859366613,2.791196994095545,0.49651100375738055,0.1274825550187869
125,30.938003220611915,16.626409017713364,23.637949543746647,1.3687600644122384,15.190552871712292,9.4873859366613,2.1269457863660763,0.49651100375738055,0.1274825550187869
126,31.15271068169619,16.59957058507783,23.51046698872786,1.3687600644122384,15.136876006441224,9.4873859366613,2.1269457863660763,0.48980139559849706,0.1274825550187869
127,30.938003220611915,16.53918411164788,22.457058507783145,1.3687600644122384,17.297369833601717,8.99087493290392,1.7914653784219001,0.48980139559849706,0.1274825550187869
128,31.146001073537306,16.492216854535695,22.32957595276436,1.3687600644122384,17.277241009125067,8.99087493290392,1.778046162104133,0.48980139559849706,0.1274825550187869
129,30.837359098228664,16.23725174449812,21.886741814278047,1.3687600644122384,18.303811057434245,8.970746108427267,1.778046162104133,0.48980139559849706,0.1274825550187869
130,30.099302200751477,15.599838969404187,26.25469672571122,1.3687600644122384,16.659957058507782,7.648953301127214,1.751207729468599,0.48980139559849706,0.1274825550187869
131,30.19994632313473,15.76086956521739,26.214439076757916,1.3620504562533549,16.485507246376812,7.608695652173913,1.751207729468599,0.48980139559849706,0.1274825550187869
132,30.844068706387546,15.519323671497585,26.120504562533547,1.288244766505636,16.25738056897477,7.601986044015029,1.751207729468599,0.48980139559849706,0.1274825550187869
133,31.132581857219538,15.45222758990875,26.053408480944714,1.2815351583467525,16.210413311862588,7.501341921631776,1.751207729468599,0.48980139559849706,0.1274825550187869
134,31.219806763285025,14.955716586151368,25.959473966720342,1.2815351583467525,16.71363392377885,7.501341921631776,1.751207729468599,0.48980139559849706,0.1274825550187869
135,30.763553408480945,14.794685990338165,26.596886741814277,1.2815351583467525,16.70692431561997,7.48792270531401,1.751207729468599,0.48980139559849706,0.1274825550187869
136,30.938003220611915,14.781266774020397,26.50966183574879,1.2748255501878691,16.67337627482555,7.454374664519592,1.751207729468599,0.48980139559849706,0.1274825550187869
137,31.28690284487386,14.606816961889425,26.10708534621578,1.2748255501878691,16.57944176060118,7.37385936661299,2.15378421900161,0.48980139559849706,0.1274825550187869
138,31.468062265163713,14.445786366076222,26.04669887278583,1.2748255501878691,16.532474503488995,7.300053676865271,2.314814814814815,0.48980139559849706,0.1274825550187869
139,31.709608158883523,14.345142243692969,25.979602791196996,1.2748255501878691,16.51905528717123,7.239667203435319,2.314814814814815,0.48980139559849706,0.1274825550187869
140,29.723564143854,25.97289318303811,22.5979602791197,1.2546967257112185,12.573805689747719,5.776972624798712,1.8317230273752012,0.14090177133655393,0.1274825550187869
141,29.837627482555018,25.785024154589372,22.544283413848632,1.2546967257112185,12.546967257112184,5.776972624798712,1.9860440150295222,0.14090177133655393,0.1274825550187869
142,30.132850241545892,25.751476113794954,22.416800858829845,1.2546967257112185,12.412775093934513,5.776972624798712,1.9860440150295222,0.14090177133655393,0.1274825550187869
143,30.454911433172303,25.603864734299517,22.25577026301664,1.2546967257112185,12.392646269457863,5.756843800322061,2.0128824476650564,0.14090177133655393,0.1274825550187869
144,30.92458400429415,25.39586688137413,22.128287707997853,1.221148684916801,12.29200214707461,5.756843800322061,2.0128824476650564,0.14090177133655393,0.1274825550187869
145,31.320450885668276,25.201288244766506,22.007514761137948,1.221148684916801,12.245034889962426,5.743424584004294,1.9927536231884058,0.14090177133655393,0.1274825550187869
146,31.52173913043478,25.11406333870102,21.994095544820183,1.1808910359634996,12.184648416532475,5.743424584004294,1.9927536231884058,0.14090177133655393,0.1274825550187869
147,32.03166935050993,24.993290391841118,21.920289855072465,1.1808910359634996,12.157809983896941,5.4549114331723025,1.9927536231884058,0.14090177133655393,0.1274825550187869
148,32.29334406870639,24.9194847020934,21.866612989801396,1.1808910359634996,12.13768115942029,5.367686527106817,1.9659151905528718,0.14090177133655393,0.1274825550187869
149,32.59527643585615,24.88593666129898,21.712292002147073,1.1674718196457328,12.06387546967257,5.340848094471283,1.9659151905528718,0.14090177133655393,0.1274825550187869
150,32.018250134192165,24.65780998389694,21.692163177670423,1.1674718196457328,13.157541599570585,5.0858829844337095,1.9524959742351047,0.14090177133655393,0.1274825550187869
151,32.29334406870639,24.490069779924852,21.658615136876005,1.1674718196457328,13.103864734299517,5.0858829844337095,1.932367149758454,0.14090177133655393,0.1274825550187869
152,32.769726247987116,24.214975845410628,21.531132581857218,1.1674718196457328,13.043478260869565,5.0858829844337095,1.9189479334406871,0.14090177133655393,0.1274825550187869
153,33.20585077831455,23.805689747718734,21.4170692431562,1.4358561460010735,12.882447665056361,5.065754159957058,1.9189479334406871,0.14090177133655393,0.1274825550187869
154,33.32662372517445,23.66478797638218,21.316425120772948,1.4224369296833066,12.882447665056361,5.065754159957058,2.0531400966183573,0.14090177133655393,0.1274825550187869
155,33.53462157809984,23.58427267847558,21.24261943102523,1.415727321524423,12.775093934514224,5.3274288781535155,1.8518518518518519,0.14090177133655393,0.1274825550187869
156,33.722490606548575,23.382984433709073,19.618894256575416,1.3352120236178207,12.761674718196458,7.058507783145465,1.8518518518518519,0.14090177133655393,0.1274825550187869
157,33.99087493290392,23.15485775630703,19.612184648416534,1.3352120236178207,12.741545893719806,7.0450885668276975,1.8518518518518519,0.14090177133655393,0.1274825550187869
158,34.21229200214707,23.081052066559312,19.53166935050993,1.3352120236178207,12.674449812130971,7.0450885668276975,1.8518518518518519,0.14090177133655393,0.1274825550187869
159,34.366612989801396,22.993827160493826,19.524959742351047,1.3352120236178207,12.614063338701019,7.0450885668276975,1.8518518518518519,0.14090177133655393,0.1274825550187869
160,34.40016103059581,22.725442834138487,19.202898550724637,1.3083735909822867,13.197799248523886,7.0450885668276975,1.8518518518518519,0.14090177133655393,0.1274825550187869
161,34.78260869565217,22.685185185185187,19.142512077294686,1.3083735909822867,12.969672571121846,7.0450885668276975,1.8451422436929683,0.0939345142243693,0.1274825550187869
162,35.037573805689746,22.591250670960815,19.0552871712292,1.3016639828234031,12.942834138486312,7.011540526033279,1.8451422436929683,0.0939345142243693,0.12077294685990338
163,35.238862050456255,22.490606548577563,19.028448738593667,1.3016639828234031,12.942834138486312,6.937734836285561,1.8451422436929683,0.0939345142243693,0.12077294685990338
164,35.567632850241544,22.356414385399894,18.94122383252818,1.3016639828234031,12.869028448738593,6.904186795491143,1.8451422436929683,0.0939345142243693,0.12077294685990338
165,35.86285560923242,22.128287707997853,18.914385399892645,1.3016639828234031,12.835480407944177,6.89747718733226,1.8451422436929683,0.0939345142243693,0.12077294685990338
166,36.06414385399893,22.034353193773484,18.874127750939344,1.3016639828234031,12.76838432635534,6.89747718733226,1.8451422436929683,0.0939345142243693,0.12077294685990338
167,35.80246913580247,21.79951690821256,18.552066559312937,1.2815351583467525,13.674181427804616,6.89747718733226,1.8451422436929683,0.026838432635534086,0.12077294685990338
168,36.15807836822329,21.672034353193773,18.397745571658614,1.261406333870102,13.620504562533547,6.89747718733226,1.8451422436929683,0.026838432635534086,0.12077294685990338
169,36.35265700483092,21.598228663446054,18.38432635534085,1.261406333870102,13.513150831991412,6.89747718733226,1.8451422436929683,0.026838432635534086,0.12077294685990338
170,36.62775093934514,21.598228663446054,18.223295759527645,1.261406333870102,13.43263553408481,6.863929146537842,1.8451422436929683,0.026838432635534086,0.12077294685990338
171,36.66129898013956,21.591519055287172,18.209876543209877,1.247987117552335,13.43263553408481,6.863929146537842,1.8451422436929683,0.026838432635534086,0.12077294685990338
172,36.90955448201825,21.410359634997317,18.10252281266774,1.247987117552335,13.352120236178207,6.830381105743425,1.9994632313472893,0.026838432635534086,0.12077294685990338
173,36.97665056360709,20.98094471282877,17.96833064949007,1.9189479334406871,13.177670424047236,6.830381105743425,1.9994632313472893,0.026838432635534086,0.12077294685990338
174,37.25845410628019,20.719269994632313,17.96833064949007,1.9189479334406871,13.157541599570585,6.830381105743425,1.9994632313472893,0.026838432635534086,0.12077294685990338
175,37.486580783682236,20.531400966183575,17.673107890499196,2.214170692431562,13.144122383252817,6.816961889425658,1.9860440150295222,0.026838432635534086,0.12077294685990338
176,37.6207729468599,20.46430488459474,17.639559849704778,2.187332259796028,13.144122383252817,6.816961889425658,1.9793344068706387,0.026838432635534086,0.12077294685990338
177,33.70907139023081,34.49409554482018,10.466988727858293,2.1403650026838434,12.130971551261407,5.0858829844337095,1.8250134192163177,0.026838432635534086,0.12077294685990338
178,34.245840042941495,34.13177670424047,10.111379495437467,2.120236178207193,12.372517444981213,5.045625335480408,1.8250134192163177,0.026838432635534086,0.12077294685990338
179,34.554482018250134,33.95061728395062,10.111379495437467,1.9994632313472893,12.365807836822329,5.045625335480408,1.8250134192163177,0.026838432635534086,0.12077294685990338
180,34.648416532474506,33.91035963499731,10.077831454643048,1.9994632313472893,12.365807836822329,5.025496511003757,1.8250134192163177,0.026838432635534086,0.12077294685990338
181,34.997316156736446,33.64868491680086,10.030864197530864,1.9994632313472893,12.365807836822329,4.99194847020934,1.8183038110574343,0.026838432635534086,0.12077294685990338
182,35.13150831991412,33.55475040257649,10.010735373054214,1.9927536231884058,12.352388620504563,4.99194847020934,1.8183038110574343,0.026838432635534086,0.12077294685990338
183,35.299248523886206,33.5077831454643,9.930220075147611,1.9927536231884058,12.31213097155126,4.99194847020934,1.8183038110574343,0.026838432635534086,0.12077294685990338
184,35.53408480944713,33.43397745571659,9.923510466988727,1.932367149758454,12.245034889962426,4.9651100375738055,1.8183038110574343,0.026838432635534086,0.12077294685990338
185,35.587761674718195,33.40713902308105,9.943639291465379,1.932367149758454,12.238325281803542,4.951690821256038,1.7914653784219001,0.026838432635534086,0.12077294685990338
186,35.69511540526033,33.333333333333336,9.930220075147611,1.932367149758454,12.218196457326892,4.951690821256038,1.7914653784219001,0.026838432635534086,0.12077294685990338
187,35.70182501341922,32.54830917874396,10.889694041867955,1.932367149758454,12.198067632850242,4.944981213097155,1.6371443907675791,0.026838432635534086,0.12077294685990338
188,36.218464841653244,32.23966720343532,10.82259796027912,1.932367149758454,12.117552334943639,4.891304347826087,1.6304347826086956,0.026838432635534086,0.12077294685990338
189,36.60762211486849,32.058507783145465,10.742082662372518,1.9189479334406871,12.06387546967257,4.85775630703167,1.6035963499731616,0.026838432635534086,0.12077294685990338
190,36.71497584541063,32.018250134192165,10.742082662372518,1.8853998926462694,12.050456253354804,4.8376274825550185,1.6035963499731616,0.026838432635534086,0.12077294685990338
191,37.473161567364464,31.5955448201825,10.540794417606012,1.8853998926462694,11.949812130971551,4.810789049919484,1.596886741814278,0.026838432635534086,0.12077294685990338
192,37.895866881374126,31.42109500805153,10.473698336017177,1.8048845947396672,11.876006441223833,4.783950617283951,1.596886741814278,0.026838432635534086,0.12077294685990338
193,38.16425120772947,31.186258722490606,10.567632850241546,1.8048845947396672,11.77536231884058,4.783950617283951,1.570048309178744,0.026838432635534086,0.12077294685990338
194,37.97638217928073,30.09259259259259,10.540794417606012,1.8048845947396672,11.735104669887278,4.783950617283951,2.918679549114332,0.026838432635534086,0.12077294685990338
195,38.28502415458937,29.924852388620504,10.527375201288244,1.8048845947396672,11.668008588298443,4.750402576489533,2.8918411164787976,0.026838432635534086,0.12077294685990338
196,38.53327965646806,29.636339237788512,10.446859903381643,1.7981749865807837,11.641170155662909,4.74369296833065,3.052871712292002,0.026838432635534086,0.12077294685990338
197,38.868760064412236,29.488727858293075,10.399892646269459,1.7981749865807837,11.594202898550725,4.74369296833065,2.9589371980676327,0.026838432635534086,0.12077294685990338
198,39.11701556629093,29.341116478797638,10.332796564680622,1.7981749865807837,11.580783682232958,4.723564143853999,2.9589371980676327,0.026838432635534086,0.12077294685990338
199,39.55984970477724,29.17337627482555,10.158346752549651,1.7981749865807837,11.54723564143854,4.723564143853999,2.8918411164787976,0.026838432635534086,0.12077294685990338
200,39.82823403113258,29.005636070853463,10.00402576489533,1.7914653784219001,11.761943102522812,4.575952764358561,2.885131508319914,0.026838432635534086,0.12077294685990338
201,39.98926462694579,28.945249597423512,10.00402576489533,1.7713365539452497,11.761943102522812,4.508856682769726,2.871712292002147,0.026838432635534086,0.12077294685990338
202,40.163714439076756,28.871443907675793,9.977187332259795,1.7646269457863661,11.761943102522812,4.4753086419753085,2.8381642512077296,0.026838432635534086,0.12077294685990338
203,40.52603327965647,28.75738056897477,9.930220075147611,1.7646269457863661,11.58749329039184,4.448470209339774,2.8381642512077296,0.026838432635534086,0.12077294685990338
204,40.76757917337628,28.69699409554482,9.930220075147611,1.7310789049919484,11.480139559849706,4.42163177670424,2.8247450348899625,0.026838432635534086,0.12077294685990338
205,41.10976918947934,28.495705850778315,9.863123993558776,1.7310789049919484,11.54723564143854,4.3478260869565215,2.757648953301127,0.026838432635534086,0.12077294685990338
206,41.639828234031135,28.193773483628558,9.809447128287708,1.7310789049919484,11.513687600644122,4.213633923778851,2.757648953301127,0.026838432635534086,0.11406333870101985
207,42.049114331723025,27.91867954911433,9.802737520128824,1.7310789049919484,11.406333870101985,4.206924315619967,2.7442297369833604,0.026838432635534086,0.11406333870101985
208,42.52549651100376,27.677133655394524,9.708803005904455,1.7310789049919484,11.325818572195384,4.1129898013955986,2.7777777777777777,0.026838432635534086,0.11406333870101985
209,42.74020397208803,27.428878153515836,9.708803005904455,1.7310789049919484,11.29898013955985,4.086151368760064,2.8650026838432634,0.026838432635534086,0.11406333870101985
210,43.13607085346216,27.241009125067094,9.668545356951155,1.7310789049919484,11.20504562533548,4.012345679012346,2.8650026838432634,0.026838432635534086,0.11406333870101985
211,43.20987654320987,27.234299516908212,9.634997316156737,1.7310789049919484,11.037305421363392,4.012345679012346,2.8650026838432634,0.1610305958132045,0.11406333870101985
212,43.46484165324745,27.046430488459475,9.601449275362318,1.7310789049919484,11.017176596886742,3.9989264626945786,2.8650026838432634,0.1610305958132045,0.11406333870101985
213,43.65942028985507,26.939076757917338,9.554482018250134,1.7310789049919484,10.990338164251208,3.9855072463768115,2.8650026838432634,0.1610305958132045,0.11406333870101985
214,42.901234567901234,26.643853998926463,10.567632850241546,1.8384326355340848,10.923242082662373,3.9855072463768115,2.8650026838432634,0.1610305958132045,0.11406333870101985
215,42.93478260869565,26.617015566290927,10.661567364465915,1.8048845947396672,10.856146001073537,3.9855072463768115,2.8650026838432634,0.1610305958132045,0.11406333870101985
216,41.98201825013419,23.980139559849704,14.210950080515298,1.8048845947396672,10.990338164251208,3.9855072463768115,2.771068169618894,0.1610305958132045,0.11406333870101985
217,42.28395061728395,23.839237788513152,14.123725174449811,1.7847557702630166,10.970209339774557,3.9519592055823938,2.771068169618894,0.1610305958132045,0.11406333870101985
218,42.39801395598497,23.758722490606548,14.11701556629093,1.7847557702630166,10.943370907139023,3.9519592055823938,2.771068169618894,0.1610305958132045,0.11406333870101985
219,42.371175523349436,23.698336017176597,14.110305958132045,1.7847557702630166,11.037305421363392,3.9519592055823938,2.771068169618894,0.1610305958132045,0.11406333870101985
220,42.599302200751474,23.65136876006441,14.029790660225443,1.7713365539452497,10.950080515297907,3.9519592055823938,2.771068169618894,0.1610305958132045,0.11406333870101985
221,42.76704240472356,23.517176596886742,14.029790660225443,1.7713365539452497,10.923242082662373,3.9519592055823938,2.7643585614600106,0.1610305958132045,0.11406333870101985
222,41.78743961352657,22.269189479334408,15.848094471282877,4.341116478797638,9.923510466988727,4.05931293612453,1.4962426194310252,0.1610305958132045,0.11406333870101985
223,42.05582393988191,22.128287707997853,15.827965646806227,4.341116478797638,9.75577026301664,3.992216854535695,1.6304347826086956,0.1610305958132045,0.10735373054213634
224,42.19672571121846,22.014224369296834,15.827965646806227,4.341116478797638,9.75577026301664,3.978797638217928,1.6304347826086956,0.14761137949543746,0.10735373054213634
225,42.37788513150832,21.906870638754697,15.780998389694043,4.334406870638754,9.73564143853999,3.978797638217928,1.6304347826086956,0.14761137949543746,0.10735373054213634
226,42.572463768115945,21.792807300053678,15.780998389694043,4.30756843800322,9.73564143853999,3.92512077294686,1.6304347826086956,0.14761137949543746,0.10735373054213634
227,42.03569511540526,23.49033816425121,13.902308105206655,4.30756843800322,9.46725711218465,4.978529253891573,1.6304347826086956,0.08051529790660225,0.10735373054213634
228,42.270531400966185,23.389694041867955,13.90901771336554,4.274020397208803,9.306226516371444,5.038915727321524,1.6304347826086956,0.08051529790660225,0.10064412238325282
229,42.592592592592595,23.2487922705314,13.90901771336554,4.233762748255502,9.286097691894794,4.924852388620504,1.6237251744498122,0.08051529790660225,0.10064412238325282
230,42.73349436392915,23.1682769726248,13.855340848094471,4.233762748255502,9.286097691894794,4.924852388620504,1.6170155662909287,0.08051529790660225,0.10064412238325282
231,42.914653784219,22.940150295222757,13.808373590982287,4.206924315619967,9.252549651100376,4.904723564143854,1.7914653784219001,0.08051529790660225,0.10064412238325282
232,43.20987654320987,22.873054213633925,13.6808910359635,4.206924315619967,9.151905528717123,4.904723564143854,1.7914653784219001,0.08051529790660225,0.10064412238325282
233,43.565485775630705,22.69860440150295,13.539989264626946,4.180085882984434,9.151905528717123,4.904723564143854,1.778046162104133,0.08051529790660225,0.10064412238325282
234,43.80032206119163,22.67176596886742,13.439345142243694,4.166666666666667,9.064680622651638,4.898013955984971,1.778046162104133,0.08051529790660225,0.10064412238325282
235,43.92109500805153,22.644927536231883,13.372249060654857,4.166666666666667,9.037842190016104,4.898013955984971,1.778046162104133,0.08051529790660225,0.10064412238325282
236,44.6256038647343,22.21551261406334,13.231347289318304,4.079441760601181,9.004294149221685,4.898013955984971,1.7646269457863661,0.08051529790660225,0.10064412238325282
237,44.155931293612454,22.65163714439077,13.305152979066023,4.079441760601181,8.923778851315083,4.958400429414922,1.7444981213097155,0.08051529790660225,0.10064412238325282
238,44.357219538378956,22.48389694041868,13.305152979066023,4.066022544283414,8.910359634997317,4.951690821256038,1.7444981213097155,0.08051529790660225,0.10064412238325282
239,44.41760601180891,22.477187332259795,13.278314546430488,4.066022544283414,8.910359634997317,4.951690821256038,1.7176596886741815,0.08051529790660225,0.10064412238325282
240,44.578636607622116,22.430220075147613,13.231347289318304,4.066022544283414,8.856682769726248,4.938271604938271,1.7176596886741815,0.08051529790660225,0.10064412238325282
241,44.887278582930755,22.269189479334408,13.097155126140633,4.066022544283414,8.84326355340848,4.938271604938271,1.7176596886741815,0.08051529790660225,0.10064412238325282
242,44.867149758454104,22.19538378958669,13.009930220075148,4.066022544283414,9.05126140633387,4.911433172302737,1.7176596886741815,0.08051529790660225,0.10064412238325282
243,44.95437466451959,22.17525496511004,13.003220611916264,4.066022544283414,9.05126140633387,4.851046698872786,1.7176596886741815,0.08051529790660225,0.10064412238325282
244,45.12211486849168,22.088030059044552,12.99651100375738,4.180085882984434,8.957326892109501,4.757112184648417,1.7176596886741815,0.08051529790660225,0.10064412238325282
245,45.16237251744498,22.074610842726784,12.983091787439614,4.180085882984434,8.943907675791733,4.757112184648417,1.7176596886741815,0.08051529790660225,0.10064412238325282
246,45.37707997852925,21.93370907139023,12.95625335480408,4.17337627482555,8.903650026838433,4.757112184648417,1.7176596886741815,0.08051529790660225,0.10064412238325282
247,45.60520665593129,21.83977455716586,12.93612453032743,4.133118625872249,8.829844337090714,4.757112184648417,1.7176596886741815,0.08051529790660225,0.10064412238325282
248,46.0077831454643,21.564680622651636,12.902576489533011,4.0995705850778315,8.789586688137414,4.736983360171766,1.7176596886741815,0.08051529790660225,0.10064412238325282
249,46.08829844337091,21.537842190016104,12.848899624261943,4.0995705850778315,8.789586688137414,4.736983360171766,1.7176596886741815,0.08051529790660225,0.10064412238325282
250,46.07487922705314,21.524422973698336,12.835480407944177,4.253891572732153,8.675523349436393,4.736983360171766,1.7176596886741815,0.08051529790660225,0.10064412238325282
251,46.202361782071925,21.477455716586153,12.835480407944177,4.2203435319377345,8.648684916800859,4.7168545356951155,1.7176596886741815,0.08051529790660225,0.10064412238325282
252,46.403650026838434,21.39694041867955,12.74825550187869,4.2203435319377345,8.61513687600644,4.7168545356951155,1.7176596886741815,0.08051529790660225,0.10064412238325282
253,46.87332259796028,21.18894256575416,12.701288244766506,4.193505099302201,8.55475040257649,4.5893719806763285,1.7176596886741815,0.08051529790660225,0.10064412238325282
254,47.08803005904455,20.987654320987655,12.68786902844874,4.193505099302201,8.55475040257649,4.5893719806763285,1.7176596886741815,0.08051529790660225,0.10064412238325282
255,47.30273752012882,20.98094471282877,12.560386473429952,4.193505099302201,8.474235104669887,4.5893719806763285,1.7176596886741815,0.08051529790660225,0.10064412238325282
256,47.034353193773484,20.74610842726785,13.130703166935051,4.193505099302201,8.420558239398819,4.575952764358561,1.7176596886741815,0.08051529790660225,0.10064412238325282
257,46.61835748792271,20.1959205582394,13.036768652710682,5.615942028985507,8.313204508856682,4.528985507246377,1.5096618357487923,0.08051529790660225,0.10064412238325282
258,45.793075684380035,19.961084272678477,15.170424047235642,5.314009661835748,7.823403113258186,4.320987654320987,1.4358561460010735,0.08051529790660225,0.10064412238325282
259,46.26945786366076,19.90740740740741,14.888620504562533,5.287171229200215,7.7898550724637685,4.320987654320987,1.3687600644122384,0.06709608158883522,0.10064412238325282
260,46.32984433709071,19.867149758454108,14.868491680085883,5.287171229200215,7.7898550724637685,4.320987654320987,1.3687600644122384,0.06709608158883522,0.10064412238325282
261,46.464036500268385,19.840311325818572,14.821524422973699,5.260332796564681,7.7898550724637685,4.294149221685454,1.3620504562533549,0.06709608158883522,0.10064412238325282
