,45,50,52,55,51,54,53,56,59,60,57,58,61,62,46,63
0,99.00697799248523,0.9930220075147611,,,,,,,,,,,,,,
1,94.15593129361245,5.790391841116479,0.026838432635534086,0.026838432635534086,,,,,,,,,,,,
2,92.40472356414385,7.467793880837359,0.040257648953301126,0.08722490606548577,,,,,,,,,,,,
3,88.06360708534622,11.808910359634996,0.040257648953301126,0.08722490606548577,,,,,,,,,,,,
4,75.27509393451423,24.329039184111647,0.013419216317767043,0.322061191626409,0.026838432635534086,0.03354804079441761,,,,,,,,,,
5,75.06038647342996,24.12104133118626,0.013419216317767043,0.39586688137412773,0.06709608158883522,0.3421900161030596,,,,,,,,,,
6,74.59071390230811,24.36929683306495,0.013419216317767043,0.6172839506172839,0.06709608158883522,0.33548040794417605,0.0067096081588835215,,,,,,,,,
7,73.16156736446591,25.55018786902845,0.12077294685990338,0.7045088566827697,0.12077294685990338,0.33548040794417605,0.0067096081588835215,,,,,,,,,
8,65.29119699409554,33.00456253354804,0.23483628556092323,0.7447665056360708,0.3824476650563607,0.33548040794417605,0.0067096081588835215,,,,,,,,,
9,64.63365539452496,29.74369296833065,0.3153515834675255,0.8319914117015567,2.7442297369833604,0.41599570585077833,1.3016639828234031,0.013419216317767043,,,,,,,,
10,62.36580783682233,31.769994632313473,0.36902844873859364,0.9997316156736447,2.6033279656468062,0.5568974771873323,1.3217928073000538,0.013419216317767043,,,,,,,,
11,61.75523349436393,32.17257112184648,0.3824476650563607,1.0534084809447128,2.7442297369833604,0.5568974771873323,1.3217928073000538,0.013419216317767043,,,,,,,,
12,61.18491680085883,30.280461621041333,0.39586688137412773,1.1205045625335481,4.978529253891573,0.5501878690284487,1.3217928073000538,0.15432098765432098,0.013419216317767043,,,,,,,
13,55.60252281266774,35.66156736446592,0.35560923242082665,1.133923778851315,4.898013955984971,0.8588298443370908,1.3217928073000538,0.14090177133655393,0.013419216317767043,0.013419216317767043,,,,,,
14,54.139828234031135,34.346484165324746,0.47638217928073,1.1808910359634996,7.6556629092860975,0.95276435856146,1.0802469135802468,0.14090177133655393,0.013419216317767043,0.013419216317767043,,,,,,
15,53.596349973161566,34.66183574879227,0.5703166935050993,1.3016639828234031,7.628824476650563,0.95276435856146,1.0466988727858293,0.18115942028985507,0.04696725711218465,0.013419216317767043,,,,,,
16,51.41572732152442,34.60144927536232,2.9119699409554483,1.2748255501878691,7.1658615136876005,1.3150831991411702,1.0064412238325282,0.24825550187869028,0.04696725711218465,0.013419216317767043,,,,,,
17,48.678207192699944,35.72195383789587,2.9253891572732154,1.3620504562533549,8.373590982286634,1.3016639828234031,1.3016639828234031,0.27509393451422437,0.04696725711218465,0.013419216317767043,,,,,,
18,48.101180891035966,35.809178743961354,2.9589371980676327,1.710950080515298,8.380300590445518,1.402308105206656,1.3016639828234031,0.27509393451422437,0.04696725711218465,0.013419216317767043,,,,,,
19,38.18438003220612,43.96135265700483,8.32662372517445,1.5767579173376274,5.71658615136876,0.7112184648416533,1.1003757380568975,0.2549651100375738,0.04696725711218465,0.013419216317767043,0.10735373054213634,,,,,
20,37.9092860976919,43.81374127750939,8.387010198604402,1.6371443907675791,5.736714975845411,0.8923778851315083,1.1406333870101986,0.27509393451422437,0.03354804079441761,0.013419216317767043,0.1610305958132045,,,,,
21,36.8894256575416,43.63258185721954,9.353193773483628,1.737788513150832,5.870907139023081,0.9192163177670424,1.1406333870101986,0.30193236714975846,0.03354804079441761,0.013419216317767043,0.10735373054213634,,,,,
22,32.35373054213634,47.658346752549654,9.50751476113795,1.9927536231884058,5.723295759527644,1.1876006441223832,1.1876006441223832,0.322061191626409,0.03354804079441761,0.013419216317767043,0.020128824476650563,,,,,
23,32.058507783145465,44.29012345679013,9.420289855072463,2.4490069779924855,5.756843800322061,1.5096618357487923,4.052603327965647,0.322061191626409,0.03354804079441761,0.013419216317767043,0.0939345142243693,,,,,
24,31.99141170155663,44.14251207729468,9.265968867418144,2.5831991411701556,5.770263016639828,1.5096618357487923,4.119699409554482,0.322061191626409,0.03354804079441761,0.013419216317767043,0.24825550187869028,,,,,
25,23.517176596886742,48.57085346215781,12.265163714439076,2.01959205582394,7.96430488459474,1.0332796564680622,3.92512077294686,0.39586688137412773,0.040257648953301126,0.013419216317767043,0.24154589371980675,0.013419216317767043,,,,
26,23.362855609232422,45.276435856146,15.425389157273216,2.227589908749329,7.917337627482555,1.0332796564680622,3.8915727321524423,0.46296296296296297,0.040257648953301126,0.013419216317767043,0.30193236714975846,0.04696725711218465,,,,
27,23.181696188942567,45.33682232957595,15.311325818572195,2.281266774020397,7.803274288781535,1.1473429951690821,3.878153515834675,0.5032206119162641,0.040257648953301126,0.013419216317767043,0.4562533548040794,0.04696725711218465,,,,
28,23.2085346215781,45.169082125603865,15.257648953301127,2.314814814814815,7.763016639828234,1.2815351583467525,3.878153515834675,0.5300590445517982,0.040257648953301126,0.013419216317767043,0.49651100375738055,0.04696725711218465,,,,
29,23.03408480944713,45.05501878690284,15.103327965646805,2.576489533011272,7.709339774557166,1.2815351583467525,3.844605475040258,0.5770263016639828,0.040257648953301126,0.013419216317767043,0.6642512077294686,0.10064412238325282,,,,
30,22.779119699409556,41.8142780461621,11.996779388083736,2.657004830917874,15.935319377348362,1.2815351583467525,1.778046162104133,0.7917337627482555,0.040257648953301126,0.013419216317767043,0.8118625872249061,0.10064412238325282,,,,
31,19.28341384863124,32.17257112184648,10.762211486849168,3.730542136339238,29.1129898013956,1.1943102522812667,1.5365002683843263,1.4358561460010735,0.040257648953301126,0.013419216317767043,0.6038647342995169,0.11406333870101985,,,,
32,17.780461621041333,33.44068706387547,10.34621578099839,4.49543746645196,28.864734299516908,1.2412775093934514,1.5163714439076759,1.5499194847020934,0.040257648953301126,0.013419216317767043,0.5636070853462157,0.14090177133655393,0.0067096081588835215,,,
33,16.867954911433173,34.17203435319377,10.218733225979603,4.5893719806763285,28.549382716049383,1.2412775093934514,1.5365002683843263,1.8853998926462694,0.05367686527106817,0.013419216317767043,0.6910896403650026,0.14090177133655393,0.040257648953301126,,,
34,16.512345679012345,32.56843800322061,10.151637144390767,4.730273752012883,30.656199677938808,0.8454106280193237,1.5365002683843263,2.033011272141707,0.05367686527106817,0.013419216317767043,0.7246376811594203,0.13419216317767044,0.040257648953301126,,,
35,16.49892646269458,32.17257112184648,10.165056360708535,5.119431025228127,30.112721417069242,0.8655394524959742,1.5365002683843263,2.563070316693505,0.05367686527106817,0.013419216317767043,0.7246376811594203,0.13419216317767044,0.040257648953301126,,,
36,16.586151368760063,32.03166935050993,9.98389694041868,5.267042404723564,29.750402576489535,0.8655394524959742,1.5365002683843263,2.9119699409554483,0.05367686527106817,0.013419216317767043,0.798443370907139,0.14761137949543746,0.05367686527106817,,,
37,16.57944176060118,31.790123456790123,9.86983360171766,5.340848094471283,29.542404723564143,1.0332796564680622,1.5365002683843263,3.113258185721954,0.05367686527106817,0.013419216317767043,0.8252818035426731,0.23483628556092323,0.06709608158883522,,,
38,11.90955448201825,47.93344068706388,9.608158883521202,6.0587761674718195,18.820450885668276,1.0466988727858293,1.4761137949543746,1.8786902844873858,0.05367686527106817,,0.8789586688137413,0.2683843263553409,0.06709608158883522,,,
39,10.138217928073,42.49194847020934,8.890230810520666,5.428073000536768,27.831454643048847,1.6639828234031133,0.5367686527106817,1.7914653784219001,0.013419216317767043,,0.8990874932903918,0.2616747181964573,0.05367686527106817,,,
40,10.00402576489533,42.36446591519055,8.890230810520666,5.6964573268921095,27.113526570048307,1.6841116478797638,0.5300590445517982,2.462426194310252,0.013419216317767043,,0.8990874932903918,0.2885131508319914,0.05367686527106817,,,
41,10.017444981213098,42.210144927536234,8.84326355340848,5.844068706387547,27.01959205582394,1.6371443907675791,0.5300590445517982,2.61003757380569,0.013419216317767043,,0.9326355340848095,0.2885131508319914,0.05367686527106817,,,
42,9.916800858829845,42.08266237251745,8.789586688137414,5.964841653247451,26.321792807300053,2.2745571658615136,0.5434782608695652,2.771068169618894,0.013419216317767043,,0.9326355340848095,0.33548040794417605,0.05367686527106817,,,
43,9.842995169082126,41.2842190016103,8.715780998389693,6.515029522275899,26.154052603327965,2.5429414922168547,0.5636070853462157,2.9052603327965647,0.013419216317767043,0.026838432635534086,1.0332796564680622,0.35560923242082665,0.04696725711218465,,,
44,9.742351046698873,40.88164251207729,8.722490606548577,6.843800322061192,25.959473966720342,2.5429414922168547,0.6374127750939346,3.0327428878153517,0.026838432635534086,0.026838432635534086,1.0332796564680622,0.5032206119162641,0.04696725711218465,,,
45,9.628287707997853,38.808373590982285,8.68894256575416,6.696188942565755,25.147611379495437,3.1065485775630703,2.804616210413312,3.4621578099838968,0.026838432635534086,0.026838432635534086,1.0601180891035964,0.5166398282340311,0.026838432635534086,,,
46,9.66183574879227,38.446054750402574,8.735909822866345,6.964573268921095,25.006709608158882,3.2139023081052067,2.7509393451422435,3.515834675254965,0.026838432635534086,0.03354804079441761,1.0601180891035964,0.5434782608695652,0.040257648953301126,,,
47,9.681964573268921,38.13070316693505,8.621846484165324,7.253086419753086,24.879227053140095,3.294417606011809,2.7106816961889426,3.5829307568438002,0.04696725711218465,0.03354804079441761,1.06682769726248,0.6575415995705851,0.040257648953301126,,,
48,9.554482018250134,38.00993022007515,8.440687063875469,7.434245840042942,24.516908212560388,3.361513687600644,2.7106816961889426,3.9989264626945786,0.12077294685990338,0.03354804079441761,1.1003757380568975,0.6910896403650026,0.026838432635534086,,,
49,9.359903381642512,34.82957595276436,8.172302737520129,9.01100375738057,26.160762211486848,3.4822866344605474,2.6838432635534084,4.180085882984434,0.12077294685990338,0.03354804079441761,1.1406333870101986,0.798443370907139,0.026838432635534086,,,
50,9.25925925925926,34.312936124530324,7.0450885668276975,9.836285560923242,25.811862587224905,3.3950617283950617,3.9318303811057436,4.327697262479871,0.12077294685990338,0.06038647342995169,1.1406333870101986,0.7313472893183038,0.026838432635534086,,,
51,9.16532474503489,33.9573268921095,7.0383789586688135,10.057702630166398,24.852388620504563,3.7037037037037037,3.69699409554482,5.508588298443371,0.12077294685990338,0.06038647342995169,1.0802469135802468,0.7313472893183038,0.026838432635534086,,,
52,8.32662372517445,34.33977455716586,7.058507783145465,10.258990874932904,24.912775093934513,3.7037037037037037,3.683574879227053,5.649490069779925,0.12077294685990338,0.06038647342995169,1.107085346215781,0.7514761137949544,0.026838432635534086,,,
53,8.239398819108963,34.11835748792271,7.139023081052066,10.48040794417606,24.664519592055825,3.7372517444981215,3.6902844873859366,5.810520665593129,0.12077294685990338,0.06038647342995169,1.133923778851315,0.7783145464304885,0.026838432635534086,,,
54,8.038110574342458,33.863392377885134,7.9106280193236715,10.802469135802468,24.329039184111647,3.6634460547504024,3.435319377348363,5.911164787976382,0.12077294685990338,0.06038647342995169,1.0601180891035964,0.7783145464304885,0.026838432635534086,,,
55,7.87037037037037,29.911433172302736,5.6964573268921095,9.29951690821256,32.749597423510465,3.5963499731615673,3.4151905528717124,5.998389694041868,0.12077294685990338,0.08722490606548577,0.966183574879227,0.23483628556092323,0.05367686527106817,,,
56,7.809983896940419,29.723564143854,5.642780461621041,9.75577026301664,32.340311325818575,3.6097691894793345,3.193773483628556,6.1862587224906065,0.12077294685990338,0.08722490606548577,1.133923778851315,0.3421900161030596,0.05367686527106817,,,
57,7.7831454643048845,29.54911433172303,5.642780461621041,9.977187332259795,32.03166935050993,3.656736446591519,3.1535158346752548,6.340579710144928,0.18115942028985507,0.06038647342995169,1.0802469135802468,0.4227053140096618,0.12077294685990338,,,
58,7.7898550724637685,29.25389157273215,5.642780461621041,10.272410091250672,31.863929146537842,3.7238325281803544,3.140096618357488,6.421095008051529,0.18115942028985507,0.06038647342995169,1.06682769726248,0.43612453032742887,0.14761137949543746,,,
59,7.796564680622652,29.166666666666668,5.622651637144391,12.70799785292539,29.166666666666668,3.9318303811057436,3.079710144927536,6.494900697799249,0.16774020397208803,0.08051529790660225,1.1540526033279657,0.4830917874396135,0.14761137949543746,,,
60,6.998121309715513,29.830917874396135,5.60252281266774,12.93612453032743,28.864734299516908,4.079441760601181,2.9589371980676327,6.535158346752549,0.36231884057971014,0.08051529790660225,1.1540526033279657,0.48980139559849706,0.10735373054213634,,,
61,6.971282877079979,29.58937198067633,5.622651637144391,13.211218464841654,28.307836822329577,4.072732152442297,2.9388083735909825,6.984702093397746,0.3824476650563607,0.14761137949543746,1.1473429951690821,0.5032206119162641,0.12077294685990338,,,
62,6.904186795491143,29.220343531937736,5.636070853462158,13.56682769726248,27.911969940955448,4.247181964573269,2.690552871712292,7.447665056360709,0.3824476650563607,0.14761137949543746,1.1741814278046163,0.5300590445517982,0.14090177133655393,,,
63,6.951154052603328,28.60305958132045,5.662909286097692,13.714439076757918,27.80461621041331,4.448470209339774,2.831454643048846,7.481213097155126,0.3824476650563607,0.18115942028985507,1.1741814278046163,0.6105743424584005,0.15432098765432098,,,
64,5.112721417069243,24.771873322597962,12.02361782071927,12.077294685990339,30.9447128287708,4.294149221685454,2.636876006441224,5.870907139023081,0.3421900161030596,0.19457863660762212,1.2010198604401503,0.43612453032742887,0.0939345142243693,,,
65,5.0858829844337095,24.738325281803544,13.79495437466452,11.741814278046162,29.428341384863124,4.300858829844337,2.657004830917874,5.9447128287707995,0.3421900161030596,0.2147074610842727,1.1943102522812667,0.46296296296296297,0.0939345142243693,,,
66,5.159688674181428,24.704777241009126,13.66076221148685,11.721685453569512,29.28743961352657,4.260601180891036,2.6838432635534084,6.011808910359635,0.3421900161030596,0.2281266774020397,1.3016639828234031,0.48980139559849706,0.14761137949543746,,,
67,5.12614063338701,24.456521739130434,13.613794954374665,11.876006441223833,29.2337627482555,4.1532474503489,2.6637144390767578,6.152710681696189,0.4294149221685454,0.2616747181964573,1.3687600644122384,0.5166398282340311,0.14761137949543746,,,
68,5.0791733762748255,23.49704777241009,13.600375738056897,11.728395061728396,29.09286097691895,5.367686527106817,2.636876006441224,6.172839506172839,0.4428341384863124,0.2952227589908749,1.3955984970477724,0.5434782608695652,0.14761137949543746,,,
69,4.8443370907139025,22.302737520128826,13.459473966720344,11.849168008588299,28.824476650563607,5.3341384863123995,4.206924315619967,6.239935587761675,0.4562533548040794,0.3153515834675255,1.3955984970477724,0.6239935587761675,0.14761137949543746,,,
70,4.7101449275362315,21.370101986044016,11.231884057971014,10.332796564680622,33.883521202361784,5.10601180891036,4.146537842190016,6.239935587761675,0.4562533548040794,0.2281266774020397,1.5499194847020934,0.5971551261406334,0.14761137949543746,,,
71,4.757112184648417,21.155394524959743,11.198336017176597,10.34621578099839,33.72920021470746,5.267042404723564,4.28743961352657,6.253354804079442,0.4562533548040794,0.24154589371980675,1.570048309178744,0.5904455179817498,0.14761137949543746,,,
72,4.777241009125067,20.8870101986044,11.158078368223295,10.621309715512615,33.41384863123994,5.35426731078905,4.341116478797638,6.407675791733762,0.4562533548040794,0.24154589371980675,1.5633387010198605,0.630703166935051,0.14761137949543746,,,
73,4.871175523349437,20.739398819108963,11.003757380568974,10.742082662372518,33.17901234567901,5.293880837359098,4.334406870638754,6.615673644659152,0.47638217928073,0.2683843263553409,1.6841116478797638,0.630703166935051,0.1610305958132045,,,
74,4.87788513150832,20.517981749865807,10.95679012345679,10.82259796027912,32.91733762748255,5.307300053676865,4.428341384863124,6.884057971014493,0.47638217928073,0.2683843263553409,1.7444981213097155,0.6508319914117016,0.14761137949543746,,,
75,4.186795491143317,17.163177670424048,16.888083735909824,10.198604401502953,31.890767579173378,5.347557702630167,3.911701556629093,7.018250134192163,0.47638217928073,0.2683843263553409,1.892109500805153,0.6105743424584005,0.14761137949543746,,,
76,4.159957058507783,17.03569511540526,16.834406870638755,10.326086956521738,31.582125603864736,5.5756843800322065,3.8848631239935587,7.199409554482019,0.47638217928073,0.2683843263553409,1.8988191089640365,0.6105743424584005,0.14761137949543746,,,
77,4.1532474503489,17.022275899087493,16.80756843800322,10.319377348362856,31.4345142243693,5.683038110574342,3.8848631239935587,7.212828770799785,0.47638217928073,0.2683843263553409,1.9390767579173376,0.644122383252818,0.15432098765432098,,,
78,3.824476650563607,16.324476650563607,19.659151905528716,10.02415458937198,30.132850241545892,5.401234567901234,3.8714439076757916,7.192699946323135,0.47638217928073,0.2616747181964573,2.033011272141707,0.644122383252818,0.15432098765432098,,,
79,3.92512077294686,16.33118625872249,19.652442297369834,9.977187332259795,30.414653784219002,5.246913580246914,3.784219001610306,6.964573268921095,0.47638217928073,0.2616747181964573,2.167203435319377,0.644122383252818,0.15432098765432098,,,
80,3.8714439076757916,16.17686527106817,18.968062265163713,10.111379495437467,31.427804616210413,5.038915727321524,3.7775093934514223,7.125603864734299,0.5233494363929146,0.2147074610842727,2.0665593129361244,0.5434782608695652,0.15432098765432098,,,
81,3.7640901771336552,14.2914653784219,17.70665593129361,9.534353193773484,36.252012882447666,4.253891572732153,3.6634460547504024,6.890767579173376,0.5367686527106817,0.18115942028985507,2.214170692431562,0.5434782608695652,0.16774020397208803,,,
82,3.5628019323671496,23.47691894793344,17.49194847020934,9.219001610305957,29.086151368760063,3.770799785292539,3.7640901771336552,5.911164787976382,0.46296296296296297,0.18115942028985507,2.3752012882447664,0.5166398282340311,0.18115942028985507,,,
83,3.5292538915727323,23.376274825550187,17.196725711218466,9.514224369296834,28.837895866881375,3.898282340311326,3.6768652710681695,6.112453032742888,0.46296296296296297,0.18115942028985507,2.4892646269457863,0.5434782608695652,0.18115942028985507,,,
84,3.556092324208266,23.040794417606012,17.06924315619968,9.809447128287708,28.488996242619432,3.8848631239935587,3.8848631239935587,6.333870101986044,0.41599570585077833,0.18115942028985507,2.6167471819645733,0.5367686527106817,0.18115942028985507,,,
85,3.5292538915727323,22.946859903381643,16.941760601180892,9.883252818035427,28.401771336553946,3.878153515834675,3.911701556629093,6.380837359098229,0.41599570585077833,0.2214170692431562,2.7308105206655933,0.5703166935050993,0.1878690284487386,,,
86,3.589640365002684,21.74584004294149,20.283145464304884,9.520933977455716,26.818303811057433,3.7372517444981215,3.9184111647879765,6.078904991948471,0.41599570585077833,0.2214170692431562,2.932098765432099,0.5703166935050993,0.16774020397208803,,,
87,3.643317230273752,21.557971014492754,19.940955448201827,9.614868491680086,26.603596349973163,3.770799785292539,3.9049919484702094,6.327160493827161,0.41599570585077833,0.2214170692431562,3.1602254428341383,0.6709608158883521,0.16774020397208803,,,
88,3.6768652710681695,19.51825013419216,19.692699946323135,9.66183574879227,26.442565754159958,3.7238325281803544,6.226516371443908,6.421095008051529,0.41599570585077833,0.2214170692431562,3.1602254428341383,0.6709608158883521,0.16774020397208803,,,
89,3.7238325281803544,19.189479334406872,19.45786366076221,9.836285560923242,26.167471819645733,3.81105743424584,6.226516371443908,6.9310252281266775,0.41599570585077833,0.2214170692431562,3.180354267310789,0.6709608158883521,0.16774020397208803,,,
90,3.743961352657005,19.061996779388085,19.35721953837896,10.017444981213098,25.986312399355878,3.8043478260869565,6.206387546967257,7.078636607622115,0.41599570585077833,0.2281266774020397,3.260869565217391,0.6709608158883521,0.16774020397208803,,,
91,3.717122920021471,18.256843800322063,21.947128287707997,10.144927536231885,24.040526033279658,3.8848631239935587,6.172839506172839,6.964573268921095,0.41599570585077833,0.2281266774020397,3.4017713365539453,0.644122383252818,0.18115942028985507,,,
92,3.717122920021471,18.075684380032207,21.77938808373591,10.735373054213634,23.765432098765434,3.898282340311326,5.938003220611916,7.185990338164252,0.41599570585077833,0.2281266774020397,3.4688674181427803,0.6105743424584005,0.18115942028985507,,,
93,3.321256038647343,17.196725711218466,21.276167471819647,10.104669887278583,25.5300590445518,3.7372517444981215,6.78341384863124,7.226247987117552,0.41599570585077833,0.2281266774020397,3.4151905528717124,0.5837359098228664,0.18115942028985507,,,
94,3.321256038647343,17.05582393988191,20.873590982286636,10.165056360708535,25.248255501878692,3.69699409554482,6.877348362855609,7.5281803542673105,0.39586688137412773,0.2281266774020397,3.8311862587224907,0.5971551261406334,0.18115942028985507,,,
95,3.361513687600644,17.03569511540526,20.705850778314545,10.158346752549651,25.120772946859905,3.8714439076757916,6.810252281266774,7.7361782071927,0.36902844873859364,0.23483628556092323,3.7775093934514223,0.6374127750939346,0.18115942028985507,,,
96,3.361513687600644,16.53918411164788,21.91358024691358,9.561191626409018,24.188137412775095,3.9586688137412773,8.044820182501342,7.447665056360709,0.36902844873859364,0.2281266774020397,3.683574879227053,0.5434782608695652,0.1610305958132045,,,
97,3.374932903918411,16.485507246376812,21.76596886741814,9.675254965110037,24.04723564143854,3.9989264626945786,8.125335480407944,7.407407407407407,0.36902844873859364,0.2281266774020397,3.81105743424584,0.5501878690284487,0.1610305958132045,,,
98,3.4151905528717124,16.411701556629094,21.62506709608159,9.75577026301664,23.15485775630703,3.9989264626945786,8.796296296296296,7.628824476650563,0.36902844873859364,0.2616747181964573,3.8714439076757916,0.5636070853462157,0.14761137949543746,,,
99,3.44873859366613,16.163446054750402,21.4573268921095,9.943639291465379,23.07434245840043,4.186795491143317,8.829844337090714,7.648953301127214,0.36902844873859364,0.2616747181964573,3.878153515834675,0.5770263016639828,0.1610305958132045,,,
100,3.4286097691894795,16.056092324208265,21.390230810520666,10.473698336017177,22.69860440150295,4.159957058507783,8.856682769726248,7.709339774557166,0.36902844873859364,0.2885131508319914,3.8311862587224907,0.5770263016639828,0.1610305958132045,,,
101,3.207192699946323,16.264090177133657,21.24932903918411,10.493827160493828,22.530864197530864,4.26731078904992,8.863392377885132,7.769726247987117,0.36902844873859364,0.2885131508319914,3.9318303811057436,0.6038647342995169,0.1610305958132045,,,
102,3.1535158346752548,16.1231884057971,20.142243692968332,10.567632850241546,22.34970477724101,5.897745571658615,8.749329039184111,7.635534084809447,0.38915727321524424,0.2885131508319914,3.851315083199141,0.6642512077294686,0.17444981213097155,0.013419216317767043,,
103,3.166935050993022,16.056092324208265,20.068438003220614,10.775630703166936,22.10144927536232,5.8172302737520125,8.749329039184111,7.856951154052603,0.39586688137412773,0.2885131508319914,3.8714439076757916,0.6642512077294686,0.17444981213097155,0.013419216317767043,,
104,3.1736446591519054,15.895061728395062,19.880568974771872,10.997047772410092,21.980676328502415,5.857487922705314,8.68894256575416,7.897208803005904,0.39586688137412773,0.2885131508319914,4.05931293612453,0.6977992485238862,0.17444981213097155,0.013419216317767043,,
105,3.1535158346752548,15.479066022544284,19.712828770799785,11.131239935587761,22.383252818035427,5.857487922705314,8.608427267847558,7.843531937734836,0.39586688137412773,0.2885131508319914,4.180085882984434,0.7783145464304885,0.17444981213097155,0.013419216317767043,,
106,3.193773483628556,15.398550724637682,19.524959742351047,11.137949543746645,22.34970477724101,5.9447128287707995,8.675523349436393,7.883789586688137,0.39586688137412773,0.30864197530864196,4.2203435319377345,0.7783145464304885,0.17444981213097155,0.013419216317767043,,
107,3.2206119162640903,15.371712292002147,19.41760601180891,11.218464841653248,22.14170692431562,5.984970477724101,8.735909822866345,8.031400966183575,0.39586688137412773,0.30864197530864196,4.17337627482555,0.8118625872249061,0.17444981213097155,0.013419216317767043,,
108,3.2541599570585076,15.250939345142244,19.088835212023618,11.245303274288782,22.403381642512077,6.038647342995169,8.655394524959743,8.205850778314547,0.39586688137412773,0.30864197530864196,4.166666666666667,0.798443370907139,0.17444981213097155,0.013419216317767043,,
109,3.207192699946323,15.042941492216855,19.082125603864736,11.252012882447666,22.363123993558776,6.810252281266774,8.031400966183575,8.145464304884594,0.4830917874396135,0.2952227589908749,4.300858829844337,0.798443370907139,0.17444981213097155,0.013419216317767043,,
110,3.126677402039721,14.63365539452496,20.98094471282877,10.527375201288244,22.33628556092324,6.696188942565755,7.997852925389157,7.917337627482555,0.49651100375738055,0.30193236714975846,4.045893719806763,0.7783145464304885,0.14761137949543746,0.013419216317767043,,
111,3.0730005367686526,14.278046162104133,20.933977455716587,10.748792270531402,22.088030059044552,6.696188942565755,8.279656468062266,8.051529790660226,0.5233494363929146,0.2885131508319914,4.106280193236715,0.7716049382716049,0.14761137949543746,0.013419216317767043,,
112,2.9589371980676327,13.81508319914117,20.303274288781534,10.990338164251208,23.74530327428878,6.776704240472356,7.64224369296833,7.85024154589372,0.5099302200751477,0.2885131508319914,4.186795491143317,0.7716049382716049,0.14761137949543746,0.013419216317767043,,
113,2.9723564143853998,13.707729468599034,19.73966720343532,11.064143853998926,26.10708534621578,5.629361245303274,7.648953301127214,7.48792270531401,0.4227053140096618,0.2885131508319914,3.9452495974235107,0.8118625872249061,0.14090177133655393,0.013419216317767043,0.020128824476650563,
114,2.985775630703167,13.593666129898015,19.679280730005367,11.2788513150832,26.01315083199141,5.656199677938808,7.615405260332796,7.474503488996243,0.4227053140096618,0.30193236714975846,3.9855072463768115,0.8454106280193237,0.11406333870101985,0.013419216317767043,0.020128824476650563,
115,2.945517981749866,13.191089640365004,19.37734836285561,11.574074074074074,25.49651100375738,5.911164787976382,8.393719806763285,7.300053676865271,0.4227053140096618,0.2952227589908749,4.072732152442297,0.8588298443370908,0.1274825550187869,0.013419216317767043,0.020128824476650563,
116,2.7979066022544283,13.137412775093935,16.049382716049383,11.594202898550725,30.327428878153516,5.723295759527644,8.373590982286634,7.139023081052066,0.24825550187869028,0.2952227589908749,3.3816425120772946,0.7783145464304885,0.12077294685990338,0.013419216317767043,0.020128824476650563,
117,2.8515834675254963,12.969672571121846,15.92860976918948,11.674718196457327,30.119431025228128,5.797101449275362,8.373590982286634,7.39398819108964,0.24825550187869028,0.2616747181964573,3.435319377348363,0.7917337627482555,0.12077294685990338,0.013419216317767043,0.020128824476650563,
118,2.5966183574879227,12.52012882447665,15.49248523886205,11.896135265700483,30.609232420826622,5.763553408480945,8.380300590445518,7.695920558239399,0.24825550187869028,0.2885131508319914,3.455448201825013,0.8990874932903918,0.12077294685990338,0.013419216317767043,0.020128824476650563,
119,2.636876006441224,12.473161567364466,15.33816425120773,11.701556629092861,29.676596886741816,7.139023081052066,8.266237251744498,7.608695652173913,0.24825550187869028,0.322061191626409,3.5829307568438002,0.8252818035426731,0.14761137949543746,0.013419216317767043,0.020128824476650563,
120,2.636876006441224,12.298711755233494,14.801395598497047,11.969940955448202,30.16639828234031,7.051798174986581,8.192431561996779,7.675791733762749,0.27509393451422437,0.322061191626409,3.5628019323671496,0.8655394524959742,0.14761137949543746,0.013419216317767043,0.020128824476650563,
121,2.6838432635534084,12.224906065485776,14.673913043478262,11.990069779924852,29.97181964573269,7.098765432098766,8.038110574342458,8.004562533548041,0.27509393451422437,0.322061191626409,3.6366076221148687,0.8923778851315083,0.15432098765432098,0.013419216317767043,0.020128824476650563,
122,2.690552871712292,12.171229200214707,14.55984970477724,12.070585077831455,29.857756307031668,7.071926999463232,8.031400966183575,8.017981749865807,0.27509393451422437,0.322061191626409,3.8378958668813743,0.8923778851315083,0.16774020397208803,0.013419216317767043,0.020128824476650563,
123,2.6704240472356413,12.144390767579173,14.459205582393988,12.674449812130971,29.166666666666668,7.018250134192163,8.017981749865807,8.225979602791197,0.27509393451422437,0.33548040794417605,3.864734299516908,0.9460547504025765,0.16774020397208803,0.013419216317767043,0.020128824476650563,
124,2.7106816961889426,12.124261943102523,14.432367149758454,12.741545893719806,28.824476650563607,7.179280730005368,7.930756843800322,8.340042941492216,0.2683843263553409,0.33548040794417605,3.911701556629093,0.9796027911969941,0.1878690284487386,0.013419216317767043,0.020128824476650563,
125,2.6301663982823404,11.916264090177133,16.834406870638755,11.90955448201825,27.583199141170155,6.810252281266774,7.87037037037037,8.501073537305421,0.2683843263553409,0.33548040794417605,4.092860976918948,1.0198604401502953,0.1878690284487386,0.013419216317767043,0.026838432635534086,
126,2.657004830917874,11.855877616747183,16.780730005367687,12.278582930756844,27.576489533011273,6.689479334406871,7.7831454643048845,8.407139023081053,0.2683843263553409,0.36231884057971014,4.106280193236715,1.0198604401502953,0.1878690284487386,,0.026838432635534086,
127,2.6637144390767578,11.822329575952764,16.55931293612453,12.184648416532475,27.47584541062802,7.024959742351046,7.883789586688137,8.333333333333334,0.30864197530864196,0.3757380568974772,4.045893719806763,1.093666129898014,0.20128824476650564,,0.026838432635534086,
128,2.6435856146001075,11.741814278046162,16.492216854535695,12.04374664519592,26.529790660225444,8.970746108427267,7.273215244229737,8.05823939881911,0.3153515834675255,0.3757380568974772,4.0995705850778315,1.2278582930756843,0.20128824476650564,,0.026838432635534086,
129,2.6502952227589907,11.533816425120772,16.485507246376812,12.224906065485776,26.35534084809447,8.970746108427267,7.434245840042942,8.199141170155663,0.3153515834675255,0.3757380568974772,4.072732152442297,1.1808910359634996,0.17444981213097155,,0.026838432635534086,
130,2.6167471819645733,11.010466988727858,18.35077831454643,12.164519592055823,26.053408480944714,8.836553945249598,7.239667203435319,7.803274288781535,0.23483628556092323,0.3757380568974772,3.978797638217928,1.1876006441223832,0.12077294685990338,,0.026838432635534086,
131,2.703972088030059,10.668276972624799,18.17632850241546,11.963231347289318,25.77831454643049,8.192431561996779,8.635265700483092,7.957595276435856,0.20799785292538917,0.3757380568974772,3.9720880300590444,1.1808910359634996,0.1610305958132045,,0.026838432635534086,
132,2.703972088030059,10.628019323671497,18.47826086956522,11.990069779924852,25.449543746645197,8.514492753623188,8.413848631239935,7.9106280193236715,0.20799785292538917,0.3824476650563607,3.92512077294686,1.1876006441223832,0.18115942028985507,,0.026838432635534086,
133,2.690552871712292,10.601180891035963,18.438003220611915,12.191358024691358,25.288513150831992,8.561460010735374,8.433977455716587,7.843531937734836,0.20799785292538917,0.3824476650563607,3.8848631239935587,1.2681159420289856,0.18115942028985507,,0.026838432635534086,
134,2.7308105206655933,10.413311862587225,18.57890499194847,12.171229200214707,25.234836285560924,8.61513687600644,8.199141170155663,7.9039184111647875,0.2147074610842727,0.41599570585077833,3.9452495974235107,1.3687600644122384,0.18115942028985507,,0.026838432635534086,
135,2.7106816961889426,10.352925389157273,18.511808910359633,12.473161567364466,24.570585077831456,8.662104133118627,8.192431561996779,8.340042941492216,0.20128824476650564,0.4092860976918948,3.965378421900161,1.402308105206656,0.18115942028985507,,0.026838432635534086,
136,2.623456790123457,9.594739667203436,18.263553408480945,12.546967257112184,25.650831991411703,8.588298443370908,7.98443370907139,8.621846484165324,0.20128824476650564,0.38915727321524424,3.9049919484702094,1.442565754159957,0.1610305958132045,,0.026838432635534086,
137,2.6704240472356413,9.594739667203436,18.00187869028449,12.52012882447665,25.603864734299517,8.53462157809984,7.971014492753623,8.655394524959743,0.2214170692431562,0.4294149221685454,4.133118625872249,1.4492753623188406,0.1878690284487386,,0.026838432635534086,
138,2.677133655394525,9.480676328502415,17.914653784219002,12.580515297906603,25.583735909822867,8.568169618894256,7.930756843800322,8.68894256575416,0.24825550187869028,0.4294149221685454,4.193505099302201,1.4895330112721417,0.1878690284487386,,0.026838432635534086,
139,2.7241009125067097,9.440418679549115,17.60601180891036,12.607353730542137,25.5300590445518,8.957326892109501,7.924047235641439,8.682232957595277,0.24825550187869028,0.4294149221685454,4.1129898013955986,1.5163714439076759,0.19457863660762212,,0.026838432635534086,
140,2.771068169618894,9.400161030595813,17.54562533548041,12.775093934514224,25.234836285560924,8.917069243156199,7.957595276435856,8.769457863660762,0.2549651100375738,0.4294149221685454,4.2203435319377345,1.5029522275899088,0.19457863660762212,,0.026838432635534086,
141,2.818035426731079,9.400161030595813,17.424852388620504,13.16425120772947,25.0805152979066,8.84326355340848,7.796564680622652,8.749329039184111,0.2549651100375738,0.4294149221685454,4.233762748255502,1.583467525496511,0.19457863660762212,,0.026838432635534086,
142,2.791196994095545,9.447128287707997,17.257112184648417,13.285024154589372,24.798711755233494,8.809715512614064,7.682501341921632,9.057971014492754,0.2549651100375738,0.4294149221685454,4.233762748255502,1.7310789049919484,0.19457863660762212,,0.026838432635534086,
143,2.791196994095545,9.39345142243693,18.337359098228664,13.378958668813741,23.49033816425121,8.80300590445518,7.877079978529254,9.017713365539452,0.2683843263553409,0.41599570585077833,4.280730005367687,1.6908212560386473,0.19457863660762212,0.03354804079441761,0.026838432635534086,
144,2.7777777777777777,9.326355340848094,18.095813204508858,13.33870101986044,23.403113258185723,8.80300590445518,8.252818035426731,9.064680622651638,0.30193236714975846,0.41599570585077833,4.260601180891036,1.6908212560386473,0.20799785292538917,0.03354804079441761,0.026838432635534086,
145,2.8381642512077296,9.219001610305957,18.136070853462158,13.539989264626946,23.081052066559312,9.037842190016104,8.13875469672571,9.145195920558239,0.2885131508319914,0.4428341384863124,4.180085882984434,1.6841116478797638,0.20799785292538917,0.03354804079441761,0.026838432635534086,
146,2.844873859366613,9.198872785829307,17.887815351583466,13.855340848094471,22.933440687063875,8.943907675791733,8.172302737520129,9.29951690821256,0.30193236714975846,0.47638217928073,3.9855072463768115,1.8317230273752012,0.20799785292538917,0.03354804079441761,0.026838432635534086,
147,2.818035426731079,9.192163177670425,17.907944176060116,14.016371443907676,22.765700483091788,8.99087493290392,8.05823939881911,9.16532474503489,0.32877079978529256,0.47638217928073,4.05931293612453,1.9390767579173376,0.2214170692431562,0.03354804079441761,0.026838432635534086,
148,2.6435856146001075,7.7361782071927,16.941760601180892,15.70048309178744,24.040526033279658,8.76274825550188,8.165593129361245,9.064680622651638,0.32877079978529256,0.47638217928073,4.005636070853462,1.8719806763285025,0.20128824476650564,0.03354804079441761,0.026838432635534086,
149,2.677133655394525,7.561728395061729,16.794149221685455,15.92860976918948,23.778851315083198,8.870101986044014,8.158883521202362,9.172034353193773,0.30864197530864196,0.47638217928073,4.186795491143317,1.8250134192163177,0.20128824476650564,0.03354804079441761,0.026838432635534086,
150,2.677133655394525,7.481213097155126,17.444981213097154,15.995705850778315,23.450080515297905,8.809715512614064,8.05823939881911,9.057971014492754,0.33548040794417605,0.46296296296296297,4.1532474503489,1.8317230273752012,0.20128824476650564,0.03354804079441761,0.0067096081588835215,
151,2.6033279656468062,6.944444444444445,15.35829307568438,13.955984970477724,27.791196994095547,8.655394524959743,9.185453569511541,9.158615136876007,0.33548040794417605,0.46296296296296297,3.9989264626945786,1.442565754159957,0.10064412238325282,,0.0067096081588835215,
152,2.576489533011272,6.9310252281266775,15.203972088030058,14.056629092860977,27.34165324745035,8.588298443370908,9.198872785829307,9.534353193773484,0.4025764895330113,0.5233494363929146,4.066022544283414,1.4694041867954912,0.10064412238325282,,0.0067096081588835215,
153,2.5563607085346214,6.9310252281266775,17.391304347826086,13.546698872785829,26.167471819645733,8.447396672034353,9.245840042941492,9.306226516371444,0.38915727321524424,0.5300590445517982,3.992216854535695,1.3888888888888888,0.10064412238325282,,0.0067096081588835215,
154,2.3483628556092326,6.816961889425658,18.417874396135264,12.667740203972087,28.408480944712828,7.997852925389157,8.21256038647343,9.03113258185722,0.3421900161030596,0.5501878690284487,3.9452495974235107,1.1540526033279657,0.10064412238325282,,0.0067096081588835215,
155,2.4020397208803006,6.6827697262479875,18.411164787976382,12.620772946859903,28.187063875469672,8.232689210950081,8.13875469672571,9.185453569511541,0.3421900161030596,0.5501878690284487,3.9720880300590444,1.1808910359634996,0.08722490606548577,,0.0067096081588835215,
156,2.428878153515835,6.6827697262479875,18.397745571658614,12.627482555018787,27.9723564143854,8.232689210950081,8.09849704777241,9.306226516371444,0.3421900161030596,0.5501878690284487,4.086151368760064,1.1808910359634996,0.08722490606548577,,0.0067096081588835215,
157,2.4020397208803006,6.649221685453569,18.23671497584541,12.734836285560924,27.831454643048847,8.266237251744498,8.353462157809984,9.272678475577026,0.35560923242082665,0.5501878690284487,4.086151368760064,1.1674718196457328,0.08722490606548577,,0.0067096081588835215,
158,2.428878153515835,6.629092860976919,18.136070853462158,12.795222758990874,27.80461621041331,8.293075684380032,8.232689210950081,9.380032206119163,0.35560923242082665,0.5770263016639828,4.106280193236715,1.1674718196457328,0.08722490606548577,,0.0067096081588835215,
159,2.3617820719269993,6.588835212023618,17.934782608695652,12.694578636607622,27.462426194310254,8.440687063875469,8.433977455716587,9.66183574879227,0.35560923242082665,0.5770263016639828,4.2270531400966185,1.1674718196457328,0.08722490606548577,,0.0067096081588835215,
160,2.301395598497048,6.400966183574879,21.4170692431562,12.855609232420827,24.516908212560388,8.420558239398819,8.420558239398819,9.245840042941492,0.35560923242082665,0.5770263016639828,4.213633923778851,1.1674718196457328,0.10064412238325282,,0.0067096081588835215,
161,2.341653247450349,6.246645195920558,21.128556092324207,12.983091787439614,24.402844873859365,8.427267847557703,8.420558239398819,9.500805152979066,0.35560923242082665,0.6038647342995169,4.3545356951154055,1.1406333870101986,0.08722490606548577,,0.0067096081588835215,
