,45,50,51,52,55,53,54,56,57
0,98.64465915190553,1.3553408480944713,,,,,,,
1,98.64465915190553,1.3553408480944713,,,,,,,
2,98.64465915190553,1.3553408480944713,,,,,,,
3,96.32984433709072,3.670155662909286,,,,,,,
4,96.32984433709072,3.670155662909286,,,,,,,
5,95.57836822329575,2.999194847020934,1.4224369296833066,,,,,,
6,92.60601180891035,5.971551261406334,1.4224369296833066,,,,,,
7,92.60601180891035,5.971551261406334,1.4224369296833066,,,,,,
8,88.84863123993559,9.742351046698873,1.4090177133655395,,,,,,
9,88.17767042404724,10.413311862587225,1.4090177133655395,,,,,,
10,88.191089640365,10.399892646269459,1.4090177133655395,,,,,,
11,88.20450885668276,10.38647342995169,1.4090177133655395,,,,,,
12,85.1784755770263,13.41250670960816,1.4090177133655395,,,,,,
13,85.21202361782072,13.378958668813741,1.4090177133655395,,,,,,
14,76.77133655394525,22.805958132045088,0.4227053140096618,,,,,,
15,76.9122383252818,22.665056360708533,0.4227053140096618,,,,,,
16,76.92565754159958,22.65163714439077,0.4227053140096618,,,,,,
17,76.94578636607622,22.63150831991412,0.4227053140096618,,,,,,
18,76.84514224369296,21.91358024691358,0.4227053140096618,0.8185721953837896,,,,,
19,77.02630166398282,21.732420826623724,0.4227053140096618,0.8185721953837896,,,,,
20,77.12694578636608,19.880568974771872,0.4227053140096618,0.8185721953837896,1.751207729468599,,,,
21,77.24771873322598,19.75979602791197,0.4227053140096618,0.8185721953837896,1.751207729468599,,,,
22,77.24771873322598,19.75979602791197,0.4227053140096618,0.8185721953837896,1.751207729468599,,,,
23,75.34889962426195,18.55877616747182,3.5225442834138487,0.8185721953837896,1.751207729468599,,,,
24,71.7860976918948,22.12157809983897,3.5225442834138487,0.8185721953837896,1.751207729468599,,,,
25,71.47074610842726,21.77938808373591,3.2139023081052067,1.7847557702630166,1.751207729468599,,,,
26,60.12479871175523,33.12533548040794,3.2139023081052067,1.7847557702630166,1.751207729468599,,,,
27,60.198604401502955,33.051529790660226,3.2139023081052067,1.7847557702630166,1.751207729468599,,,,
28,59.91009125067096,32.88378958668814,3.670155662909286,1.7847557702630166,1.751207729468599,,,,
29,60.08454106280193,32.709339774557165,3.670155662909286,1.7847557702630166,1.751207729468599,,,,
30,60.13150831991412,32.669082125603865,3.6634460547504024,1.7847557702630166,1.751207729468599,,,,
31,56.99141170155663,35.85614600107354,3.616478797638218,1.7847557702630166,1.751207729468599,,,,
32,57.078636607622116,35.829307568438004,3.556092324208266,1.7847557702630166,1.751207729468599,,,,
33,57.14573268921095,35.77563070316693,3.549382716049383,1.778046162104133,1.751207729468599,,,,
34,56.80354267310789,36.11782071926999,3.549382716049383,1.778046162104133,1.751207729468599,,,,
35,56.66935050993022,35.80246913580247,3.2139023081052067,2.6301663982823404,1.6841116478797638,,,,
36,55.132850241545896,33.07836822329576,7.816693505099302,2.3081052066559313,1.6639828234031133,,,,
37,54.32098765432099,28.26086956521739,7.769726247987117,7.98443370907139,1.6639828234031133,,,,
38,54.38137412775094,28.20048309178744,7.769726247987117,7.98443370907139,1.6639828234031133,,,,
39,54.38137412775094,28.20048309178744,7.769726247987117,7.98443370907139,1.6639828234031133,,,,
40,52.56977992485239,29.381374127750938,7.75630703166935,7.98443370907139,1.6639828234031133,0.644122383252818,,,
41,52.603327965646805,29.347826086956523,7.75630703166935,7.98443370907139,1.6639828234031133,0.644122383252818,,,
42,49.261943102522814,25.335480407944175,16.78743961352657,6.9243156199677935,1.1741814278046163,0.5166398282340311,,,
43,48.74530327428878,25.72463768115942,16.760601180891037,7.078636607622115,1.1741814278046163,0.5166398282340311,,,
44,45.67901234567901,28.92512077294686,16.626409017713364,7.078636607622115,1.1741814278046163,0.5166398282340311,,,
45,44.46457326892109,29.643048845947398,16.418411164787976,7.7831454643048845,1.1741814278046163,0.5166398282340311,,,
46,44.598765432098766,29.448470209339774,16.33118625872249,7.7831454643048845,1.3217928073000538,0.5166398282340311,,,
47,44.67928073000537,29.448470209339774,16.25067096081589,7.7831454643048845,1.3217928073000538,0.5166398282340311,,,
48,42.29736983360172,31.87734836285561,16.243961352657006,7.742887815351583,1.3217928073000538,0.5166398282340311,,,
49,42.35775630703167,31.85721953837896,16.243961352657006,7.716049382716049,1.3083735909822867,0.5166398282340311,,,
50,42.069243156199676,31.11916264090177,16.150026838432634,8.836553945249598,1.3083735909822867,0.5166398282340311,,,
51,42.36446591519055,30.837359098228664,16.022544283413847,8.829844337090714,1.3083735909822867,0.5166398282340311,0.12077294685990338,,
52,41.02925389157273,32.2866344605475,15.955448201825014,8.78287707997853,1.3083735909822867,0.5166398282340311,0.12077294685990338,,
53,41.04938271604938,32.2866344605475,15.935319377348362,8.78287707997853,1.3083735909822867,0.5166398282340311,0.12077294685990338,,
54,40.11003757380569,31.4345142243693,18.06226516371444,8.447396672034353,1.3083735909822867,0.5166398282340311,0.12077294685990338,,
55,39.93558776167472,31.206387546967257,17.68652710681696,9.225711218464841,1.3083735909822867,0.5166398282340311,0.12077294685990338,,
56,39.734299516908216,29.361245303274288,17.67981749865808,9.225711218464841,0.5971551261406334,0.9393451422436929,2.462426194310252,,
57,29.958400429414922,39.392109500805155,17.431561996779386,9.219001610305957,0.5971551261406334,0.9393451422436929,2.462426194310252,,
58,29.26731078904992,36.41304347826087,21.477455716586153,8.876811594202898,0.5971551261406334,0.9393451422436929,2.428878153515835,,
59,29.294149221685455,33.662104133118625,21.477455716586153,8.876811594202898,0.5971551261406334,3.656736446591519,2.4355877616747184,,
60,26.717659688674182,43.894256575415994,17.431561996779386,8.017981749865807,0.5971551261406334,0.9057971014492754,2.4355877616747184,,
61,26.90552871712292,43.70638754696726,17.431561996779386,8.017981749865807,0.5971551261406334,0.9057971014492754,2.4355877616747184,,
62,26.341921631776703,44.26999463231347,17.431561996779386,8.017981749865807,0.5971551261406334,0.9057971014492754,2.4355877616747184,,
63,25.462962962962962,43.27697262479871,19.578636607622116,8.017981749865807,0.5971551261406334,0.630703166935051,2.4355877616747184,,
64,25.563607085346217,43.25684380032206,19.49812130971551,8.017981749865807,0.5971551261406334,0.630703166935051,2.4355877616747184,,
65,25.617283950617285,42.46511003757381,19.350509930220074,8.017981749865807,0.5971551261406334,1.5163714439076759,2.4355877616747184,,
66,25.831991411701555,42.33762748255502,19.33709071390231,7.185990338164252,0.5971551261406334,1.5163714439076759,3.193773483628556,,
67,25.731347289318304,42.3443370907139,19.196188942565755,7.4208266237251745,0.5971551261406334,1.5163714439076759,3.193773483628556,,
68,26.167471819645733,42.16317767042405,19.196188942565755,7.286634460547504,0.5971551261406334,1.402308105206656,3.1870638754696725,,
69,26.362050456253353,42.109500805152976,19.11567364465915,7.286634460547504,0.5971551261406334,1.3754696725711217,3.1535158346752548,,
70,26.402308105206657,41.82769726247987,19.35721953837896,7.286634460547504,0.5971551261406334,1.3754696725711217,3.1535158346752548,,
71,26.435856146001072,41.80756843800322,19.343800322061192,7.286634460547504,0.5971551261406334,1.3754696725711217,3.1535158346752548,,
72,26.362050456253353,41.639828234031135,15.70048309178744,11.171497584541063,0.5971551261406334,1.3754696725711217,3.1535158346752548,,
73,26.38888888888889,41.6129898013956,15.70048309178744,11.171497584541063,0.5971551261406334,1.3754696725711217,3.1535158346752548,,
74,26.362050456253353,41.40499194847021,13.144122383252817,13.962694578636608,0.5971551261406334,1.3754696725711217,3.1535158346752548,,
75,26.670692431561996,41.317767042404725,13.130703166935051,13.754696725711218,0.5971551261406334,1.3754696725711217,3.1535158346752548,,
76,26.77133655394525,41.29092860976919,13.110574342458401,13.70101986044015,0.5971551261406334,1.3754696725711217,3.1535158346752548,,
77,27.167203435319376,40.80783682232958,13.097155126140633,13.70101986044015,0.5971551261406334,1.3419216317767042,3.2877079978529253,,
78,26.710950080515296,41.378153515834676,12.99651100375738,13.687600644122384,0.5971551261406334,1.3419216317767042,3.2877079978529253,,
79,26.778046162104133,41.35131508319914,12.99651100375738,13.647342995169081,0.5971551261406334,1.3419216317767042,3.2877079978529253,,
80,26.99946323134729,41.0426731078905,12.95625335480408,13.647342995169081,0.7246376811594203,1.3419216317767042,3.2877079978529253,,
81,25.670960815888353,43.14949006977992,12.600644122383253,13.22463768115942,0.7246376811594203,1.3419216317767042,3.2877079978529253,,
82,26.03327965646806,42.7536231884058,12.546967257112184,13.197799248523886,0.8655394524959742,1.3150831991411702,3.2877079978529253,,
83,22.537573805689746,35.39989264626946,28.67686527106817,7.930756843800322,0.8655394524959742,1.3150831991411702,3.2742887815351582,,
84,22.52415458937198,35.43344068706388,28.663446054750402,7.924047235641439,0.8655394524959742,1.3150831991411702,3.2742887815351582,,
85,22.920021470746107,35.18518518518518,28.515834675254965,7.924047235641439,0.8655394524959742,1.3150831991411702,3.2742887815351582,,
86,21.34326355340848,40.90177133655394,27.32823403113258,5.052334943639291,0.785024154589372,1.3150831991411702,3.2742887815351582,,
87,21.631776704240472,40.74074074074074,27.200751476113794,5.052334943639291,0.785024154589372,1.3150831991411702,3.2742887815351582,,
88,20.229468599033815,40.24422973698336,29.126409017713364,5.025496511003757,0.785024154589372,1.3150831991411702,3.2742887815351582,,
89,20.652173913043477,40.00939345142244,29.005636070853463,4.998658078368224,0.7783145464304885,1.3150831991411702,3.240740740740741,,
90,20.913848631239937,39.92216854535695,28.858024691358025,4.9718196457326895,0.7783145464304885,1.3150831991411702,3.240740740740741,,
91,21.155394524959743,39.62694578636608,28.79092860976919,4.9718196457326895,0.9192163177670424,1.3016639828234031,3.2340311325818574,,
92,21.631776704240472,39.28475577026302,28.67686527106817,4.951690821256038,0.9192163177670424,1.3016639828234031,3.2340311325818574,,
93,21.732420826623724,39.20424047235642,28.65673644659152,4.951690821256038,0.9192163177670424,1.3016639828234031,3.2340311325818574,,
94,21.987385936661298,38.99624261943102,28.609769189479334,4.951690821256038,0.9192163177670424,1.3016639828234031,3.2340311325818574,,
95,22.289318303811058,38.86205045625336,28.442028985507246,4.951690821256038,0.9192163177670424,1.3016639828234031,3.2340311325818574,,
96,22.16183574879227,38.439345142243695,29.005636070853463,4.951690821256038,0.9057971014492754,1.3016639828234031,3.2340311325818574,,
97,22.20209339774557,38.399087493290395,29.005636070853463,4.951690821256038,0.9057971014492754,1.3016639828234031,3.2340311325818574,,
98,22.33628556092324,38.33870101986044,28.965378421900162,4.918142780461621,0.9057971014492754,1.3016639828234031,3.2340311325818574,,
99,22.86634460547504,37.97638217928073,28.797638217928075,4.918142780461621,0.95276435856146,1.3016639828234031,3.1870638754696725,,
100,23.00053676865271,37.0907139023081,28.77079978529254,4.884594739667204,1.6371443907675791,1.42914653784219,3.1870638754696725,,
101,23.11460010735373,37.003488996242616,28.743961352657006,4.884594739667204,1.6371443907675791,1.42914653784219,3.1870638754696725,,
102,23.403113258185723,36.71497584541063,28.743961352657006,4.884594739667204,1.6371443907675791,1.42914653784219,3.1870638754696725,,
103,23.832528180354267,36.41304347826087,28.6231884057971,4.884594739667204,1.6304347826086956,1.42914653784219,3.1870638754696725,,
104,23.557434245840042,33.51449275362319,28.6231884057971,7.695920558239399,1.5633387010198605,1.415727321524423,3.629898013955985,,
105,23.906333870101985,33.44739667203435,28.341384863123995,7.695920558239399,1.5633387010198605,1.415727321524423,3.629898013955985,,
106,24.08749329039184,33.42055823939882,28.307836822329577,7.628824476650563,1.5499194847020934,1.415727321524423,3.589640365002684,,
107,24.335748792270532,31.608964036500268,27.603327965646805,7.615405260332796,2.227589908749329,3.099838969404187,3.5091250670960816,,
108,24.630971551261407,31.266774020397207,27.408749329039185,7.575147611379496,2.5496511003757383,3.099838969404187,3.4688674181427803,,
109,24.751744498121308,31.239935587761675,27.314814814814813,7.575147611379496,2.5496511003757383,3.099838969404187,3.4688674181427803,,
110,24.94632313472893,31.17283950617284,27.234299516908212,7.555018786902845,2.5496511003757383,3.099838969404187,3.4420289855072466,,
111,25.087224906065487,31.11916264090177,27.18733225979603,7.5281803542673105,2.536231884057971,3.099838969404187,3.4420289855072466,,
112,25.369028448738593,30.931293612453032,26.912238325281802,7.494632313472893,2.3886205045625335,3.099838969404187,3.8043478260869565,,
113,24.684648416532475,30.099302200751477,28.059581320450885,7.179280730005368,2.3886205045625335,3.784219001610306,3.8043478260869565,,
114,24.684648416532475,30.099302200751477,28.059581320450885,7.179280730005368,2.3886205045625335,3.784219001610306,3.8043478260869565,,
115,24.792002147074612,30.099302200751477,27.9723564143854,7.179280730005368,2.3886205045625335,3.784219001610306,3.784219001610306,,
116,24.94632313472893,30.139559849704778,27.885131508319915,7.118894256575416,2.3483628556092326,3.784219001610306,3.7775093934514223,,
117,24.040526033279658,28.482286634460547,27.67042404723564,10.7085346215781,2.314814814814815,3.0059044551798175,3.7775093934514223,,
118,24.094202898550726,28.455448201825014,27.643585614600106,10.681696188942565,2.314814814814815,2.475845410628019,4.334406870638754,,
119,24.402844873859365,28.28099838969404,27.556360708534623,10.681696188942565,2.281266774020397,2.475845410628019,4.320987654320987,,
120,24.67793880837359,28.12667740203972,27.180622651637144,10.63472893183038,2.4490069779924855,2.4557165861513686,4.320987654320987,0.15432098765432098,
121,24.094202898550726,27.47584541062802,26.96591519055287,12.318840579710145,2.214170692431562,2.4557165861513686,4.320987654320987,0.15432098765432098,
122,24.308910359634996,27.435587761674718,26.80488459473967,12.305421363392378,2.214170692431562,2.4557165861513686,4.320987654320987,0.15432098765432098,
123,24.329039184111647,27.046430488459475,26.744498121309714,12.285292538915728,2.737520128824477,2.38191089640365,4.320987654320987,0.15432098765432098,
124,24.516908212560388,27.006172839506174,26.663982823403114,12.25174449812131,2.737520128824477,2.38191089640365,4.28743961352657,0.15432098765432098,
125,24.644390767579175,26.979334406870638,26.56333870101986,12.25174449812131,2.737520128824477,2.38191089640365,4.28743961352657,0.15432098765432098,
126,24.84567901234568,26.737788513150832,26.422436929683307,12.25174449812131,2.9589371980676327,2.38191089640365,4.247181964573269,0.15432098765432098,
127,24.805421363392377,26.281535158346752,26.321792807300053,12.25174449812131,2.952227589908749,3.1333870101986045,4.0995705850778315,0.15432098765432098,
128,24.89935587761675,26.207729468599034,26.301663982823403,12.25174449812131,2.952227589908749,3.1333870101986045,4.0995705850778315,0.15432098765432098,
129,25.09393451422437,26.113794954374665,26.207729468599034,12.245034889962426,2.952227589908749,3.1333870101986045,4.0995705850778315,0.15432098765432098,
130,25.335480407944175,26.08695652173913,26.127214170692433,11.949812130971551,2.952227589908749,3.052871712292002,4.341116478797638,0.15432098765432098,
131,25.47638217928073,26.08695652173913,26.019860440150296,11.949812130971551,2.952227589908749,3.026033279656468,4.334406870638754,0.15432098765432098,
132,25.738056897477186,25.905797101449274,25.966183574879228,11.922973698336017,2.952227589908749,3.026033279656468,4.334406870638754,0.15432098765432098,
133,26.04669887278583,25.637412775093935,25.925925925925927,11.922973698336017,2.952227589908749,3.026033279656468,4.334406870638754,0.15432098765432098,
134,26.301663982823403,25.583735909822867,25.87224906065486,11.788781535158346,2.952227589908749,3.026033279656468,4.320987654320987,0.15432098765432098,
135,26.630434782608695,25.5300590445518,25.81857219538379,11.56736446591519,2.952227589908749,3.026033279656468,4.320987654320987,0.15432098765432098,
136,26.724369296833064,25.5300590445518,25.731347289318304,11.56736446591519,2.952227589908749,3.0193236714975846,4.320987654320987,0.15432098765432098,
137,26.798174986580783,25.483091787439612,25.704508856682768,11.56736446591519,2.952227589908749,3.0193236714975846,4.320987654320987,0.15432098765432098,
138,27.033011272141707,25.483091787439612,25.617283950617285,11.533816425120772,2.952227589908749,2.9052603327965647,4.320987654320987,0.15432098765432098,
139,26.48953301127214,25.315351583467525,26.35534084809447,11.533816425120772,2.9253891572732154,2.9052603327965647,4.320987654320987,0.15432098765432098,
140,26.529790660225444,25.315351583467525,26.33521202361782,11.52710681696189,2.9119699409554483,2.9052603327965647,4.320987654320987,0.15432098765432098,
141,26.959205582393988,25.067096081588836,26.039989264626946,11.500268384326356,3.052871712292002,2.9052603327965647,4.320987654320987,0.15432098765432098,
142,27.234299516908212,24.993290391841118,25.979602791196996,11.392914653784219,3.026033279656468,2.9052603327965647,4.314278046162104,0.15432098765432098,
143,27.086688137412775,24.97987117552335,25.228126677402038,10.950080515297907,2.999194847020934,4.314278046162104,4.28743961352657,0.15432098765432098,
144,27.4020397208803,24.9194847020934,24.932903918411164,10.829307568438002,2.999194847020934,4.528985507246377,4.26731078904992,0.12077294685990338,
145,27.469135802469136,24.9194847020934,24.89935587761675,10.829307568438002,2.999194847020934,4.528985507246377,4.233762748255502,0.12077294685990338,
146,27.563070316693505,24.89935587761675,24.58400429414922,10.809178743961352,3.260869565217391,4.528985507246377,4.233762748255502,0.12077294685990338,
147,27.992485238862052,24.825550187869027,24.329039184111647,10.775630703166936,3.2541599570585076,4.528985507246377,4.17337627482555,0.12077294685990338,
148,28.18035426731079,24.731615673644658,24.235104669887278,10.775630703166936,3.2541599570585076,4.528985507246377,4.17337627482555,0.12077294685990338,
149,28.193773483628558,24.718196457326894,24.235104669887278,10.641438539989265,3.2541599570585076,4.528985507246377,4.159957058507783,0.12077294685990338,0.14761137949543746
150,28.764090177133657,24.094202898550726,23.939881910896403,10.534084809447128,3.750670960815888,4.502147074610843,4.146537842190016,0.12077294685990338,0.14761137949543746
151,28.455448201825014,23.866076221148685,24.329039184111647,10.473698336017177,4.03918411164788,4.435050993022007,4.133118625872249,0.12077294685990338,0.14761137949543746
152,28.690284487385938,23.805689747718734,24.282071926999464,10.36634460547504,4.03918411164788,4.42163177670424,4.079441760601181,0.16774020397208803,0.14761137949543746
153,28.85131508319914,23.785560923242084,24.214975845410628,10.36634460547504,3.965378421900161,4.42163177670424,4.079441760601181,0.16774020397208803,0.14761137949543746
154,29.032474503488995,23.718464841653248,24.10091250670961,10.36634460547504,3.965378421900161,4.42163177670424,4.079441760601181,0.16774020397208803,0.14761137949543746
155,29.508856682769725,23.483628556092324,23.926462694578635,10.091250670960816,3.9519592055823938,4.42163177670424,4.019055287171229,0.4495437466451959,0.14761137949543746
156,29.676596886741816,23.483628556092324,23.845947396672035,10.00402576489533,3.9519592055823938,4.42163177670424,4.019055287171229,0.4495437466451959,0.14761137949543746
157,29.830917874396135,23.423242082662373,23.8191089640365,9.936929683306495,3.9519592055823938,4.42163177670424,4.019055287171229,0.4495437466451959,0.14761137949543746
158,29.87788513150832,23.22866344605475,23.785560923242084,9.936929683306495,4.139828234031133,4.414922168545357,4.019055287171229,0.4495437466451959,0.14761137949543746
159,29.8040794417606,22.584541062801932,23.61111111111111,9.896672034353195,3.8043478260869565,4.4753086419753085,5.226784755770263,0.4495437466451959,0.14761137949543746
160,29.797369833601717,22.550993022007514,23.356146001073537,10.238862050456254,3.7775093934514223,4.455179817498658,5.226784755770263,0.4495437466451959,0.14761137949543746
161,30.421363392377884,22.356414385399894,23.027375201288244,10.238862050456254,3.7775093934514223,4.428341384863124,5.152979066022544,0.4495437466451959,0.14761137949543746
162,30.193236714975846,21.973966720343533,23.00053676865271,10.238862050456254,3.6231884057971016,4.42163177670424,5.9514224369296835,0.4495437466451959,0.14761137949543746
163,30.06575415995706,20.558239398819108,23.00053676865271,11.849168008588299,3.556092324208266,4.42163177670424,5.9514224369296835,0.4495437466451959,0.14761137949543746
164,30.267042404723565,20.511272141706925,22.745571658615138,11.849168008588299,3.6768652710681695,4.42163177670424,5.931293612453032,0.4495437466451959,0.14761137949543746
165,30.689747718733226,20.511272141706925,22.510735373054214,11.788781535158346,3.6768652710681695,4.40150295222759,5.8239398819108965,0.4495437466451959,0.14761137949543746
166,30.823939881910896,20.511272141706925,22.436929683306495,11.788781535158346,3.656736446591519,4.374664519592056,5.810520665593129,0.4495437466451959,0.14761137949543746
167,30.97826086956522,20.055018786902846,22.416800858829845,11.41304347826087,3.656736446591519,5.12614063338701,5.756843800322061,0.4495437466451959,0.14761137949543746
168,31.226516371443907,20.001341921631777,22.416800858829845,11.41304347826087,3.6500268384326353,4.9718196457326895,5.723295759527644,0.4495437466451959,0.14761137949543746
169,31.320450885668276,20.001341921631777,22.383252818035427,11.372785829307569,3.6500268384326353,4.951690821256038,5.723295759527644,0.4495437466451959,0.14761137949543746
170,31.736446591519055,19.860440150295222,22.32957595276436,11.372785829307569,3.4286097691894795,4.951690821256038,5.723295759527644,0.4495437466451959,0.14761137949543746
171,31.97799248523886,19.83360171765969,22.23564143853999,11.3593666129898,3.3413848631239937,4.938271604938271,5.71658615136876,0.4495437466451959,0.14761137949543746
172,32.26650563607085,19.719538378958667,22.23564143853999,11.33923778851315,3.3413848631239937,4.924852388620504,5.5756843800322065,0.4495437466451959,0.14761137949543746
173,32.038378958668815,18.283682232957595,24.4296833064949,11.258722490606548,3.3413848631239937,4.4753086419753085,5.5756843800322065,0.4495437466451959,0.14761137949543746
174,32.18599033816425,18.283682232957595,24.416264090177133,11.124530327428879,3.3413848631239937,4.4753086419753085,5.5756843800322065,0.4495437466451959,0.14761137949543746
175,32.326892109500804,18.283682232957595,24.382716049382715,11.017176596886742,3.3413848631239937,4.4753086419753085,5.5756843800322065,0.4495437466451959,0.14761137949543746
176,32.26650563607085,18.263553408480945,24.792002147074612,11.017176596886742,3.193773483628556,4.294149221685454,5.5756843800322065,0.4495437466451959,0.14761137949543746
177,32.60198604401503,18.02871712292002,24.644390767579175,10.970209339774557,3.193773483628556,4.4820182501341925,5.481749865807837,0.4495437466451959,0.14761137949543746
178,32.47450348899624,18.00858829844337,24.644390767579175,10.876274825550189,2.898550724637681,5.367686527106817,5.132850241545894,0.4495437466451959,0.14761137949543746
179,32.8166935050993,17.941492216854535,24.36929683306495,10.876274825550189,2.804616210413312,5.4616210413311865,5.132850241545894,0.4495437466451959,0.14761137949543746
180,32.910628019323674,17.941492216854535,24.322329575952764,10.876274825550189,2.804616210413312,5.4616210413311865,5.119431025228127,0.41599570585077833,0.14761137949543746
181,33.04482018250134,17.921363392377884,24.22168545356951,10.876274825550189,2.804616210413312,5.448201825013419,5.119431025228127,0.41599570585077833,0.14761137949543746
182,33.2662372517445,17.907944176060116,24.094202898550726,10.856146001073537,2.804616210413312,5.387815351583468,5.119431025228127,0.41599570585077833,0.14761137949543746
183,31.4345142243693,16.6129898013956,29.341116478797638,10.34621578099839,2.791196994095545,4.810789049919484,4.0995705850778315,0.41599570585077833,0.14761137949543746
184,31.52173913043478,16.6129898013956,29.26731078904992,10.34621578099839,2.791196994095545,4.810789049919484,4.086151368760064,0.41599570585077833,0.14761137949543746
185,31.588835212023618,16.6129898013956,29.220343531937736,10.332796564680622,2.7844873859366612,4.810789049919484,4.086151368760064,0.41599570585077833,0.14761137949543746
186,31.984702093397747,16.532474503488995,29.146537842190018,10.124798711755233,2.7509393451422435,4.810789049919484,4.086151368760064,0.41599570585077833,0.14761137949543746
187,32.21953837895867,16.492216854535695,29.1129898013956,10.057702630166398,2.7509393451422435,4.730273752012883,4.072732152442297,0.41599570585077833,0.14761137949543746
188,32.39398819108964,16.445249597423512,29.025764895330113,10.057702630166398,2.7106816961889426,4.730273752012883,4.072732152442297,0.41599570585077833,0.14761137949543746
189,32.46779388083736,16.42512077294686,29.012345679012345,10.017444981213098,2.7106816961889426,4.730273752012883,4.072732152442297,0.41599570585077833,0.14761137949543746
190,32.98443370907139,16.378153515834676,28.71712292002147,9.930220075147611,2.657004830917874,4.696725711218465,4.072732152442297,0.41599570585077833,0.14761137949543746
191,33.031400966183575,16.344605475040257,28.71712292002147,9.930220075147611,2.6502952227589907,4.696725711218465,4.072732152442297,0.41599570585077833,0.14090177133655393
192,33.3064949006978,16.344605475040257,28.683574879227052,9.822866344605474,2.6502952227589907,4.562533548040794,4.072732152442297,0.41599570585077833,0.14090177133655393
193,33.28636607622115,16.297638217928075,28.475577026301664,10.0979602791197,2.6502952227589907,4.562533548040794,4.072732152442297,0.41599570585077833,0.14090177133655393
194,33.32662372517445,16.297638217928075,28.442028985507246,10.091250670960816,2.6502952227589907,4.562533548040794,4.072732152442297,0.41599570585077833,0.14090177133655393
195,33.581588835212024,15.405260332796564,28.361513687600645,10.091250670960816,3.4151905528717124,4.562533548040794,4.025764895330113,0.41599570585077833,0.14090177133655393
196,33.702361782071925,15.398550724637682,28.187063875469672,10.071121846484166,3.3950617283950617,4.468599033816425,4.2203435319377345,0.41599570585077833,0.14090177133655393
197,33.78958668813741,15.35829307568438,28.14009661835749,10.071121846484166,3.3950617283950617,4.468599033816425,4.2203435319377345,0.41599570585077833,0.14090177133655393
198,34.044551798174986,15.344873859366613,27.925389157273216,10.044283413848632,3.3950617283950617,4.468599033816425,4.2203435319377345,0.41599570585077833,0.14090177133655393
199,34.272678475577024,15.271068169618895,27.690552871712292,10.010735373054214,3.5091250670960816,4.468599033816425,4.2203435319377345,0.41599570585077833,0.14090177133655393
200,34.286097691894796,15.271068169618895,27.690552871712292,10.010735373054214,3.5091250670960816,4.468599033816425,4.206924315619967,0.41599570585077833,0.14090177133655393
201,34.48067632850242,15.24422973698336,27.63016639828234,10.010735373054214,3.5091250670960816,4.461889425657541,4.106280193236715,0.41599570585077833,0.14090177133655393
202,34.68196457326892,15.190552871712292,27.616747181964573,9.88996242619431,3.4957058507783145,4.461889425657541,4.106280193236715,0.41599570585077833,0.14090177133655393
203,34.695383789586685,15.177133655394526,27.616747181964573,9.88996242619431,3.4957058507783145,4.461889425657541,4.106280193236715,0.41599570585077833,0.14090177133655393
204,35.01073537305421,15.143585614600108,27.415458937198068,9.88996242619431,3.4957058507783145,4.38137412775094,4.106280193236715,0.41599570585077833,0.14090177133655393
205,35.10466988727858,15.143585614600108,27.388620504562535,9.829575952764358,3.4957058507783145,4.38137412775094,4.0995705850778315,0.41599570585077833,0.14090177133655393
206,34.534353193773484,14.814814814814815,28.287707997852927,9.829575952764358,3.4957058507783145,4.38137412775094,4.0995705850778315,0.41599570585077833,0.14090177133655393
207,34.66183574879227,14.774557165861514,27.80461621041331,9.73564143853999,3.9855072463768115,4.38137412775094,4.0995705850778315,0.41599570585077833,0.14090177133655393
208,34.74235104669887,14.707461084272678,27.80461621041331,9.73564143853999,3.9720880300590444,4.38137412775094,4.0995705850778315,0.41599570585077833,0.14090177133655393
209,34.86312399355877,14.620236178207193,27.77777777777778,9.73564143853999,3.9720880300590444,4.374664519592056,4.0995705850778315,0.41599570585077833,0.14090177133655393
210,34.86983360171766,14.593397745571659,27.697262479871174,10.218733225979603,3.750670960815888,4.367954911433173,3.9452495974235107,0.41599570585077833,0.14090177133655393
211,35.017444981213096,14.51959205582394,27.63016639828234,10.218733225979603,3.750670960815888,4.361245303274289,3.9452495974235107,0.41599570585077833,0.14090177133655393
212,35.057702630166396,14.492753623188406,27.63016639828234,10.205314009661835,3.750670960815888,4.361245303274289,3.9452495974235107,0.41599570585077833,0.14090177133655393
213,35.198604401502955,14.378690284487385,27.603327965646805,10.205314009661835,3.750670960815888,4.361245303274289,3.9452495974235107,0.41599570585077833,0.14090177133655393
214,35.527375201288244,14.378690284487385,27.361782071927,10.165056360708535,3.7238325281803544,4.341116478797638,3.9452495974235107,0.41599570585077833,0.14090177133655393
215,35.547504025764894,13.88888888888889,27.079978529253893,11.017176596886742,3.683574879227053,4.280730005367687,3.9452495974235107,0.41599570585077833,0.14090177133655393
216,35.63472893183038,13.81508319914117,27.079978529253893,11.003757380568974,3.683574879227053,4.280730005367687,3.9452495974235107,0.41599570585077833,0.14090177133655393
217,35.72195383789587,13.788244766505636,27.01959205582394,11.003757380568974,3.683574879227053,4.280730005367687,3.9452495974235107,0.41599570585077833,0.14090177133655393
218,35.65485775630703,13.157541599570585,26.986044015029524,10.856146001073537,4.569243156199678,4.274020397208803,3.9452495974235107,0.41599570585077833,0.14090177133655393
219,35.20531400966183,13.103864734299517,27.737520128824478,10.768921095008052,4.569243156199678,4.2203435319377345,3.8378958668813743,0.41599570585077833,0.14090177133655393
220,35.45356951154053,13.103864734299517,27.489264626945786,10.768921095008052,4.569243156199678,4.2203435319377345,3.8378958668813743,0.41599570585077833,0.14090177133655393
221,35.668276972624795,13.103864734299517,27.428878153515836,10.768921095008052,4.53569511540526,4.159957058507783,3.7775093934514223,0.41599570585077833,0.14090177133655393
222,35.71524422973698,13.103864734299517,27.395330112721417,10.768921095008052,4.53569511540526,4.146537842190016,3.7775093934514223,0.41599570585077833,0.14090177133655393
223,35.84272678475577,13.077026301663983,27.32823403113258,10.735373054213634,4.53569511540526,4.146537842190016,3.7775093934514223,0.41599570585077833,0.14090177133655393
224,35.98362855609233,13.077026301663983,27.214170692431562,10.735373054213634,4.53569511540526,4.146537842190016,3.750670960815888,0.41599570585077833,0.14090177133655393
225,36.14465915190553,13.036768652710682,27.214170692431562,10.7085346215781,4.53569511540526,4.079441760601181,3.7238325281803544,0.41599570585077833,0.14090177133655393
226,36.42646269457864,12.869028448738593,27.180622651637144,10.628019323671497,4.53569511540526,4.079441760601181,3.7238325281803544,0.41599570585077833,0.14090177133655393
227,36.52710681696189,12.86231884057971,27.086688137412775,10.628019323671497,4.53569511540526,4.079441760601181,3.7238325281803544,0.41599570585077833,0.14090177133655393
228,36.99006977992485,12.86231884057971,26.82501341921632,10.46027911969941,4.522275899087493,4.05931293612453,3.7238325281803544,0.41599570585077833,0.14090177133655393
229,37.09742351046699,12.86231884057971,26.717659688674182,10.46027911969941,4.522275899087493,4.05931293612453,3.7238325281803544,0.41599570585077833,0.14090177133655393
230,37.144390767579175,12.86231884057971,26.717659688674182,10.420021470746109,4.51556629092861,4.05931293612453,3.7238325281803544,0.41599570585077833,0.14090177133655393
231,37.15780998389694,12.285292538915728,26.670692431561996,10.339506172839506,5.367686527106817,3.978797638217928,3.643317230273752,0.41599570585077833,0.14090177133655393
232,37.35238862050456,12.238325281803542,26.52308105206656,10.339506172839506,5.367686527106817,3.978797638217928,3.643317230273752,0.41599570585077833,0.14090177133655393
233,37.432903918411164,12.218196457326892,26.462694578636608,10.339506172839506,5.367686527106817,3.978797638217928,3.643317230273752,0.41599570585077833,0.14090177133655393
234,37.513419216317764,12.204777241009126,26.39559849704777,10.339506172839506,5.367686527106817,3.978797638217928,3.643317230273752,0.41599570585077833,0.14090177133655393
235,37.63419216317767,12.198067632850242,26.281535158346752,10.339506172839506,5.367686527106817,3.978797638217928,3.643317230273752,0.41599570585077833,0.14090177133655393
236,37.714707461084274,12.191358024691358,26.227858293075684,10.339506172839506,5.367686527106817,3.978797638217928,3.6231884057971016,0.41599570585077833,0.14090177133655393
237,37.78851315083199,12.191358024691358,26.167471819645733,10.339506172839506,5.360976918947934,3.978797638217928,3.616478797638218,0.41599570585077833,0.14090177133655393
238,38.177670424047236,12.117552334943639,25.939345142243692,10.272410091250672,5.340848094471283,3.978797638217928,3.616478797638218,0.41599570585077833,0.14090177133655393
239,38.36553945249597,12.070585077831455,25.79844337090714,10.272410091250672,5.340848094471283,3.978797638217928,3.616478797638218,0.41599570585077833,0.14090177133655393
240,38.57353730542136,12.070585077831455,25.637412775093935,10.272410091250672,5.340848094471283,3.978797638217928,3.569511540526033,0.41599570585077833,0.14090177133655393
241,38.687600644122384,12.02361782071927,25.5703166935051,10.272410091250672,5.340848094471283,3.978797638217928,3.569511540526033,0.41599570585077833,0.14090177133655393
242,39.08346752549651,12.016908212560386,25.248255501878692,10.25228126677402,5.475040257648954,3.898282340311326,3.4688674181427803,0.41599570585077833,0.14090177133655393
243,39.24449812130972,11.969940955448202,25.214707461084274,10.171765968867419,5.475040257648954,3.898282340311326,3.4688674181427803,0.41599570585077833,0.14090177133655393
244,39.378690284487384,11.83574879227053,25.214707461084274,10.171765968867419,5.475040257648954,3.898282340311326,3.4688674181427803,0.41599570585077833,0.14090177133655393
245,39.33843263553408,11.956521739130435,25.11406333870102,10.171765968867419,5.475040257648954,3.8915727321524423,3.408480944712829,0.5032206119162641,0.14090177133655393
246,39.398819108964034,11.956521739130435,25.05367686527107,10.171765968867419,5.475040257648954,3.8915727321524423,3.408480944712829,0.5032206119162641,0.14090177133655393
247,39.492753623188406,11.956521739130435,25.05367686527107,10.124798711755233,5.475040257648954,3.844605475040258,3.408480944712829,0.5032206119162641,0.14090177133655393
248,39.774557165861516,11.922973698336017,24.94632313472893,10.124798711755233,5.407944176060118,3.844605475040258,3.33467525496511,0.5032206119162641,0.14090177133655393
249,39.81481481481482,11.922973698336017,24.90606548577563,10.124798711755233,5.407944176060118,3.844605475040258,3.33467525496511,0.5032206119162641,0.14090177133655393
250,39.85507246376812,11.849168008588299,24.872517444981213,10.077831454643048,5.387815351583468,3.844605475040258,3.33467525496511,0.6374127750939346,0.14090177133655393
251,39.861782071927,11.842458400429415,24.872517444981213,10.077831454643048,5.387815351583468,3.844605475040258,3.33467525496511,0.6374127750939346,0.14090177133655393
252,39.97584541062802,11.808910359634996,24.805421363392377,10.071121846484166,5.387815351583468,3.8378958668813743,3.33467525496511,0.6374127750939346,0.14090177133655393
253,40.183843263553406,11.79549114331723,24.63768115942029,10.071121846484166,5.360976918947934,3.8378958668813743,3.33467525496511,0.6374127750939346,0.14090177133655393
254,40.344873859366615,11.77536231884058,24.570585077831456,9.997316156736447,5.360976918947934,3.8378958668813743,3.33467525496511,0.6374127750939346,0.14090177133655393
255,40.445517981749866,11.77536231884058,24.570585077831456,9.916800858829845,5.340848094471283,3.8378958668813743,3.33467525496511,0.6374127750939346,0.14090177133655393
256,40.53274288781535,11.761943102522812,24.496779388083738,9.916800858829845,5.340848094471283,3.8378958668813743,3.33467525496511,0.6374127750939346,0.14090177133655393
257,40.633387010198604,11.761943102522812,24.436392914653783,9.876543209876543,5.340848094471283,3.8378958668813743,3.33467525496511,0.6374127750939346,0.14090177133655393
258,40.79441760601181,11.761943102522812,24.36929683306495,9.809447128287708,5.340848094471283,3.81105743424584,3.33467525496511,0.6374127750939346,0.14090177133655393
259,40.78770799785293,11.761943102522812,24.261943102522814,9.809447128287708,5.340848094471283,3.92512077294686,3.33467525496511,0.6374127750939346,0.14090177133655393
260,40.96886741814278,11.748523886205046,23.993558776167472,9.809447128287708,5.340848094471283,4.052603327965647,3.307836822329576,0.6374127750939346,0.14090177133655393
261,41.076221148684915,11.748523886205046,23.886205045625335,9.809447128287708,5.340848094471283,4.052603327965647,3.307836822329576,0.6374127750939346,0.14090177133655393
262,41.243961352657,11.721685453569512,23.825818572195384,9.728931830381105,5.340848094471283,4.052603327965647,3.307836822329576,0.6374127750939346,0.14090177133655393
263,41.47208803005905,11.694847020933977,23.60440150295223,9.655126140633387,5.475040257648954,4.052603327965647,3.307836822329576,0.5971551261406334,0.14090177133655393
264,41.51905528717123,11.634460547504025,23.470209339774556,9.655126140633387,5.622651637144391,4.052603327965647,3.307836822329576,0.5971551261406334,0.14090177133655393
265,41.74047235641439,11.506977992485238,23.396403650026837,9.634997316156737,5.622651637144391,4.052603327965647,3.307836822329576,0.5971551261406334,0.14090177133655393
266,41.888083735909824,11.466720343531938,23.34272678475577,9.614868491680086,5.589103596349974,4.052603327965647,3.307836822329576,0.5971551261406334,0.14090177133655393
267,42.028985507246375,11.325818572195384,22.946859903381643,10.064412238325282,5.589103596349974,4.045893719806763,3.260869565217391,0.5971551261406334,0.14090177133655393
268,42.3845947396672,11.131239935587761,22.913311862587225,10.064412238325282,5.5756843800322065,3.992216854535695,3.2004830917874396,0.5971551261406334,0.14090177133655393
269,42.43827160493827,11.104401502952227,22.913311862587225,10.064412238325282,5.548845947396672,3.992216854535695,3.2004830917874396,0.5971551261406334,0.14090177133655393
270,42.45169082125604,11.104401502952227,22.899892646269457,10.064412238325282,5.548845947396672,3.992216854535695,3.2004830917874396,0.5971551261406334,0.14090177133655393
271,42.48523886205046,11.097691894793345,22.879763821792807,10.064412238325282,5.542136339237788,3.992216854535695,3.2004830917874396,0.5971551261406334,0.14090177133655393
272,42.69994632313473,11.07085346215781,22.779119699409556,9.977187332259795,5.542136339237788,3.992216854535695,3.2004830917874396,0.5971551261406334,0.14090177133655393
273,42.981749865807835,11.07085346215781,22.510735373054214,9.96376811594203,5.542136339237788,3.992216854535695,3.2004830917874396,0.5971551261406334,0.14090177133655393
