,45,50,53,51,52,54,55,56,57
0,98.64465915190553,1.3553408480944713,,,,,,,
1,96.06146001073537,3.938539989264627,,,,,,,
2,90.01610305958133,9.98389694041868,,,,,,,
3,89.72088030059045,10.279119699409554,,,,,,,
4,81.29361245303274,18.14278046162104,0.5636070853462157,,,,,,
5,78.89157273215244,18.5654857756307,0.5636070853462157,1.9793344068706387,,,,,
6,78.9922168545357,18.46484165324745,0.5636070853462157,1.9793344068706387,,,,,
7,59.25925925925926,29.958400429414922,0.5636070853462157,1.9457863660762211,8.272946859903382,,,,
8,51.610305958132045,37.60735373054214,0.5636070853462157,1.9457863660762211,8.272946859903382,,,,
9,50.999731615673646,35.84272678475577,2.831454643048846,1.9457863660762211,8.272946859903382,0.10735373054213634,,,
10,49.3491680085883,37.52012882447665,2.831454643048846,1.9457863660762211,8.246108427267847,0.10735373054213634,,,
11,45.93397745571659,34.66183574879227,2.8247450348899625,8.225979602791197,8.246108427267847,0.10735373054213634,,,
12,45.97423510466989,33.17901234567901,2.8247450348899625,8.225979602791197,7.434245840042942,0.10735373054213634,2.254428341384863,,
13,34.916800858829845,44.26328502415459,2.8247450348899625,8.225979602791197,7.4006977992485234,0.10735373054213634,2.2611379495437465,,
14,34.54777241009125,44.67257112184648,2.7844873859366612,8.225979602791197,7.4006977992485234,0.10735373054213634,2.2611379495437465,,
15,30.461621041331185,46.49087493290392,3.227321524422974,8.225979602791197,9.084809447128288,0.10735373054213634,2.4020397208803006,,
16,30.01207729468599,42.579173376274824,2.690552871712292,10.124798711755233,13.036768652710682,1.1540526033279657,0.4025764895330113,,
17,23.62453032742888,35.32608695652174,2.690552871712292,20.90042941492217,16.035963499731615,1.0466988727858293,0.3757380568974772,,
18,21.66532474503489,34.286097691894796,4.233762748255502,25.087224906065487,13.305152979066023,1.0466988727858293,0.3757380568974772,,
19,21.034621578099838,32.82340311325819,4.233762748255502,26.757917337627482,13.211218464841654,1.0466988727858293,0.8923778851315083,,
20,21.155394524959743,32.78314546430489,4.206924315619967,26.757917337627482,13.157541599570585,1.0466988727858293,0.8923778851315083,,
21,19.03515834675255,36.7686527106817,4.206924315619967,26.34863123993559,11.614331723027375,0.9594739667203436,1.06682769726248,,
22,18.833870101986044,33.51449275362319,8.179012345679013,25.523349436392916,11.614331723027375,1.2681159420289856,1.06682769726248,,
23,18.894256575415994,33.47423510466989,8.179012345679013,25.503220611916262,11.614331723027375,1.2681159420289856,1.06682769726248,,
24,18.679549114331724,32.8972088030059,8.179012345679013,26.29495437466452,11.614331723027375,1.2681159420289856,1.06682769726248,,
25,19.310252281266774,31.91760601180891,6.816961889425658,26.25469672571122,13.365539452495975,1.2681159420289856,1.06682769726248,,
26,19.484702093397747,28.972088030059044,5.756843800322061,25.72463768115942,17.726784755770264,1.2681159420289856,1.06682769726248,,
27,12.177938808373591,38.41250670960816,5.756843800322061,24.288781535158346,17.028985507246375,1.2681159420289856,1.06682769726248,,
28,12.399355877616747,38.33870101986044,5.743424584004294,24.154589371980677,17.028985507246375,1.2681159420289856,1.06682769726248,,
29,9.782608695652174,36.151368760064415,3.656736446591519,32.729468599033815,15.344873859366613,1.2681159420289856,1.06682769726248,,
30,9.91009125067096,36.11782071926999,3.656736446591519,32.63553408480945,15.344873859366613,1.2681159420289856,1.06682769726248,,
31,9.01100375738057,34.25925925925926,5.897745571658615,32.608695652173914,15.28448738593666,1.8719806763285025,1.06682769726248,,
32,9.024422973698336,34.19216317767042,8.581588835212024,29.99194847020934,15.271068169618895,1.8719806763285025,1.06682769726248,,
33,9.098228663446054,34.17874396135266,9.078099838969404,29.965110037573805,14.814814814814815,1.8115942028985508,1.0534084809447128,,
34,9.158615136876007,34.12506709608159,9.078099838969404,29.965110037573805,14.80810520665593,1.8115942028985508,1.0534084809447128,,
35,9.118357487922705,31.964573268921097,8.923778851315083,31.219806763285025,16.472088030059044,1.247987117552335,1.0534084809447128,,
36,8.648684916800859,29.582662372517444,7.575147611379496,30.743424584004295,20.471014492753625,1.247987117552335,1.7310789049919484,,
37,8.870101986044014,29.49543746645196,7.575147611379496,30.69645732689211,20.075147611379496,1.247987117552335,1.7310789049919484,0.30864197530864196,
38,9.265968867418144,29.166666666666668,8.158883521202362,30.059044551798173,20.075147611379496,1.2345679012345678,1.7310789049919484,0.30864197530864196,
39,9.400161030595813,28.415190552871714,8.507783145464305,30.9044551798175,19.840311325818572,1.2345679012345678,1.3888888888888888,0.30864197530864196,
40,9.634997316156737,28.166935050993022,7.75630703166935,32.48121309715513,19.028448738593667,1.2345679012345678,1.3888888888888888,0.30864197530864196,
41,9.75577026301664,28.073000536768653,7.729468599033816,32.48121309715513,19.028448738593667,1.2345679012345678,1.3888888888888888,0.30864197530864196,
42,9.769189479334408,27.737520128824478,7.702630166398282,31.756575415995705,19.73966720343532,1.2345679012345678,1.751207729468599,0.30864197530864196,
43,9.86983360171766,27.717391304347824,7.702630166398282,31.729736983360173,19.565217391304348,1.2345679012345678,1.751207729468599,0.30864197530864196,0.12077294685990338
44,9.997316156736447,27.68384326355341,7.635534084809447,31.44122383252818,19.49141170155663,1.2345679012345678,2.0933977455716586,0.30193236714975846,0.12077294685990338
45,9.634997316156737,27.355072463768117,6.300322061191626,39.69404186795491,13.486312399355878,1.2144390767579174,2.0933977455716586,0.2214170692431562,
46,6.461352657004831,41.0829307568438,7.326892109500805,26.281535158346752,15.660225442834138,1.1943102522812667,1.9390767579173376,0.05367686527106817,
47,6.541867954911433,41.04938271604938,7.326892109500805,26.281535158346752,15.613258185721953,1.1943102522812667,1.9390767579173376,0.05367686527106817,
48,6.5485775630703165,38.405797101449274,7.326892109500805,25.91921631776704,15.613258185721953,3.126677402039721,3.0059044551798175,0.05367686527106817,
49,6.723027375201288,29.582662372517444,7.326892109500805,35.17176596886742,15.01610305958132,3.126677402039721,2.999194847020934,0.05367686527106817,
50,6.850509930220075,29.11969940955448,7.300053676865271,34.574610842726784,15.566290928609769,3.535963499731616,2.999194847020934,0.05367686527106817,
51,6.031937734836285,24.436392914653783,6.635802469135802,41.82098765432099,15.4723564143854,2.5496511003757383,2.999194847020934,0.05367686527106817,
52,6.152710681696189,24.208266237251745,6.635802469135802,40.552871712292,15.45222758990875,2.5496511003757383,4.394793344068707,0.05367686527106817,
53,6.494900697799249,22.993827160493826,8.856682769726248,38.05018786902845,15.271068169618895,3.92512077294686,4.3545356951154055,0.05367686527106817,
54,6.172839506172839,21.517713365539453,8.709071390230811,40.747450348899626,14.51959205582394,3.92512077294686,4.3545356951154055,0.05367686527106817,
55,5.045625335480408,17.196725711218466,8.59500805152979,43.98819108964037,14.110305958132045,6.172839506172839,4.8376274825550185,0.05367686527106817,
56,5.139559849704777,15.693773483628556,8.59500805152979,43.894256575415994,14.076757917337627,6.172839506172839,6.374127750939345,0.05367686527106817,
57,5.374396135265701,15.646806226516372,8.55475040257649,43.82045088566828,14.076757917337627,6.132581857219538,6.340579710144928,0.05367686527106817,
58,4.810789049919484,15.177133655394526,9.31964573268921,36.15807836822329,22.356414385399894,6.072195383789587,6.052066559312936,0.05367686527106817,
59,4.851046698872786,15.177133655394526,9.31964573268921,36.15807836822329,22.31615673644659,6.072195383789587,6.052066559312936,0.05367686527106817,
60,4.8376274825550185,15.143585614600108,9.31964573268921,38.52657004830918,20.316693505099302,6.072195383789587,5.730005367686527,0.05367686527106817,
61,4.958400429414922,15.136876006441224,9.31964573268921,38.499731615673646,20.283145464304884,6.045356951154052,5.703166935050993,0.05367686527106817,
62,4.7638217928073,13.01663982823403,13.94927536231884,36.46672034353194,19.202898550724637,6.991411701556629,5.555555555555555,0.05367686527106817,
63,4.864465915190553,12.97638217928073,13.94927536231884,36.40633387010199,19.202898550724637,6.991411701556629,5.555555555555555,0.05367686527106817,
64,4.911433172302737,12.057165861513688,13.727858293075684,39.16398282340311,18.86070853462158,6.991411701556629,4.233762748255502,0.05367686527106817,
65,5.052334943639291,11.245303274288782,11.721685453569512,40.975577026301664,18.706387546967257,8.011272141706923,4.233762748255502,0.05367686527106817,
66,5.273752012882448,11.158078368223295,11.782071926999464,40.86822329575953,18.63929146537842,8.011272141706923,4.213633923778851,0.05367686527106817,
67,4.924852388620504,9.16532474503489,11.768652710681696,41.39157273215244,18.625872249060656,9.447128287707997,4.622920021470746,0.05367686527106817,
68,4.3478260869565215,8.695652173913043,11.634460547504025,41.35131508319914,21.00107353730542,8.61513687600644,4.300858829844337,0.05367686527106817,
69,5.179817498658078,8.648684916800859,11.29898013955985,40.935319377348364,20.98094471282877,8.601717659688674,4.300858829844337,0.05367686527106817,
70,5.24020397208803,8.635265700483092,11.104401502952227,40.64680622651637,20.86688137412775,8.07836822329576,4.294149221685454,1.133923778851315,
71,3.9452495974235107,7.689210950080516,8.709071390230811,47.87305421363392,17.330917874396135,8.568169618894256,5.360976918947934,0.5233494363929146,
72,4.052603327965647,7.689210950080516,8.709071390230811,44.337090713902306,20.78636607622115,8.541331186258722,5.360976918947934,0.5233494363929146,
73,4.26731078904992,7.6623725174449815,8.709071390230811,41.94176060118089,20.779656468062264,10.802469135802468,5.314009661835748,0.5233494363929146,
74,4.2270531400966185,7.219538378958669,11.366076221148685,39.452495974235106,20.7662372517445,10.587761674718196,5.314009661835748,1.06682769726248,
75,4.294149221685454,7.212828770799785,11.366076221148685,41.908212560386474,20.625335480407944,8.21256038647343,5.314009661835748,1.06682769726248,
76,4.951690821256038,7.206119162640902,11.023886205045626,41.1634460547504,20.437466451959207,7.98443370907139,5.314009661835748,1.9189479334406871,
77,4.924852388620504,7.152442297369833,10.990338164251208,41.1634460547504,20.437466451959207,8.09849704777241,5.314009661835748,1.9189479334406871,
78,5.072463768115942,6.749865807836822,16.914922168545356,37.9495437466452,19.639023081052066,6.4412238325281805,5.314009661835748,1.9189479334406871,
79,5.152979066022544,6.400966183574879,18.45813204508857,36.41304347826087,19.43102522812668,6.937734836285561,5.314009661835748,1.892109500805153,
80,4.7101449275362315,5.978260869565218,17.559044551798173,37.64761137949544,17.042404723564143,6.937734836285561,8.232689210950081,1.892109500805153,
81,4.871175523349437,5.978260869565218,19.45786366076221,36.151368760064415,16.968599033816425,7.226247987117552,7.930756843800322,1.415727321524423,
82,5.01207729468599,5.917874396135265,19.410896403650028,36.05743424584004,16.908212560386474,7.199409554482019,7.930756843800322,1.5633387010198605,
83,4.978529253891573,5.850778314546431,18.820450885668276,35.581052066559316,19.867149758454108,6.91760601180891,6.743156199677939,1.2412775093934514,
84,4.99194847020934,5.850778314546431,18.95464304884595,34.21229200214707,19.773215244229736,8.232689210950081,6.743156199677939,1.2412775093934514,
85,5.10601180891036,5.8239398819108965,18.947933440687063,34.13177670424047,19.773215244229736,8.232689210950081,6.743156199677939,1.2412775093934514,
86,5.314009661835748,5.803811057434245,18.5654857756307,33.903650026838434,20.1959205582394,8.232689210950081,6.743156199677939,1.2412775093934514,
87,5.434782608695652,5.797101449275362,18.209876543209877,36.62775093934514,17.867686527106816,8.205850778314547,6.615673644659152,1.2412775093934514,
88,5.152979066022544,5.783682232957595,18.16290928609769,35.45356951154053,19.49141170155663,8.09849704777241,6.615673644659152,1.2412775093934514,
89,5.421363392377885,5.676328502415459,17.391304347826086,35.178475577026305,20.705850778314545,7.803274288781535,6.582125603864735,1.2412775093934514,
90,5.562265163714439,5.555555555555555,17.37788513150832,34.50751476113795,20.40391841116479,8.769457863660762,6.582125603864735,1.2412775093934514,
91,5.642780461621041,5.555555555555555,17.351046698872786,34.4873859366613,20.397208803005906,8.655394524959743,6.582125603864735,1.2278582930756843,0.10064412238325282
92,5.756843800322061,5.159688674181428,16.639828234031132,33.23939881910896,22.638217928073,8.635265700483092,6.8035426731078905,1.0265700483091786,0.10064412238325282
93,5.810520665593129,5.159688674181428,15.70048309178744,32.8569511540526,23.68491680085883,8.635265700483092,7.024959742351046,1.0265700483091786,0.10064412238325282
94,5.978260869565218,5.12614063338701,15.666935050993022,32.8569511540526,23.617820719269993,8.601717659688674,7.024959742351046,1.0265700483091786,0.10064412238325282
95,6.112453032742888,5.10601180891036,15.666935050993022,32.79656468062265,23.58427267847558,8.581588835212024,7.024959742351046,1.0265700483091786,0.10064412238325282
96,6.340579710144928,5.032206119162641,15.640096618357488,32.729468599033815,23.557434245840042,8.581588835212024,6.991411701556629,1.0265700483091786,0.10064412238325282
97,6.407675791733762,5.032206119162641,15.291196994095545,32.67579173376275,23.55072463768116,8.923778851315083,6.991411701556629,1.0265700483091786,0.10064412238325282
98,6.488191089640365,5.032206119162641,15.271068169618895,32.628824476650564,23.778851315083198,8.923778851315083,6.749865807836822,1.0265700483091786,0.10064412238325282
99,6.561996779388084,5.032206119162641,15.257648953301127,32.628824476650564,23.738593666129898,8.923778851315083,6.729736983360172,1.0265700483091786,0.10064412238325282
100,6.602254428341385,5.032206119162641,15.257648953301127,32.6154052603328,23.738593666129898,8.923778851315083,6.702898550724638,1.0265700483091786,0.10064412238325282
101,6.810252281266774,5.018786902844874,14.459205582393988,31.548577563070317,23.2487922705314,11.252012882447666,6.414385399892646,1.1473429951690821,0.10064412238325282
102,6.957863660762212,4.985238862050457,14.418947933440688,31.54186795491143,23.221953837895867,11.211755233494364,6.414385399892646,1.1473429951690821,0.10064412238325282
103,6.588835212023618,4.797369833601718,14.076757917337627,25.328770799785293,31.736446591519055,9.903381642512077,6.320450885668277,1.1473429951690821,0.10064412238325282
104,6.515029522275899,4.1129898013955986,12.875738056897477,25.295222758990874,34.15861513687601,9.601449275362318,6.1929683306494905,1.1473429951690821,0.10064412238325282
105,6.374127750939345,4.079441760601181,12.446323134728932,27.455716586151368,32.950885668276975,9.588030059044552,5.857487922705314,1.1473429951690821,0.10064412238325282
106,6.421095008051529,4.012345679012346,12.654320987654321,27.408749329039185,32.84353193773484,9.567901234567902,5.844068706387547,1.1473429951690821,0.10064412238325282
107,6.595544820182502,4.012345679012346,12.607353730542137,27.033011272141707,32.74288781535159,9.5276435856146,6.233225979602791,1.1473429951690821,0.10064412238325282
108,6.863929146537842,4.005636070853462,12.345679012345679,26.86527106816962,32.71604938271605,9.386741814278047,6.568706387546968,1.1473429951690821,0.10064412238325282
109,7.024959742351046,4.005636070853462,12.318840579710145,26.82501341921632,32.66237251744498,9.386741814278047,6.528448738593666,1.1473429951690821,0.10064412238325282
110,6.347289318303811,3.8915727321524423,11.855877616747183,34.05126140633387,29.367954911433173,9.172034353193773,4.066022544283414,1.1473429951690821,0.10064412238325282
111,6.293612453032743,3.770799785292539,11.782071926999464,36.580783682232955,27.32823403113258,8.930488459473967,4.066022544283414,1.1473429951690821,0.10064412238325282
112,5.83064949006978,3.770799785292539,10.735373054213634,40.78099838969404,25.10064412238325,9.198872785829307,3.556092324208266,0.9259259259259259,0.10064412238325282
113,6.031937734836285,3.770799785292539,10.701825013419215,39.720880300590444,26.06682769726248,9.131776704240472,3.549382716049383,0.9259259259259259,0.10064412238325282
114,5.998389694041868,3.770799785292539,10.701825013419215,41.52576489533011,24.308910359634996,9.131776704240472,3.535963499731616,0.9259259259259259,0.10064412238325282
115,6.219806763285024,3.770799785292539,10.68840579710145,41.40499194847021,24.22168545356951,9.131776704240472,3.535963499731616,0.9259259259259259,0.10064412238325282
116,6.226516371443908,3.7372517444981215,10.305958132045088,40.727321524422976,24.188137412775095,10.520665593129362,3.2675791733762747,0.9259259259259259,0.10064412238325282
117,6.407675791733762,3.7372517444981215,10.185185185185185,40.673644659151904,24.04723564143854,10.520665593129362,3.2675791733762747,0.9259259259259259,0.23483628556092323
118,6.5552871712292005,3.7238325281803544,10.171765968867419,40.55958132045089,24.040526033279658,10.520665593129362,3.2675791733762747,0.9259259259259259,0.23483628556092323
119,6.662640901771336,3.7104133118625873,10.144927536231885,40.54616210413312,23.98684916800859,10.520665593129362,3.2675791733762747,0.9259259259259259,0.23483628556092323
120,6.622383252818035,3.7104133118625873,9.567901234567902,40.49248523886205,24.953032742887814,10.25228126677402,3.260869565217391,0.9057971014492754,0.23483628556092323
121,6.6760601180891035,3.7104133118625873,9.567901234567902,40.11003757380569,24.738325281803544,10.23215244229737,3.824476650563607,0.9057971014492754,0.23483628556092323
122,6.521739130434782,3.502415458937198,8.849973161567364,40.07648953301127,25.758185721953836,10.23215244229737,3.824476650563607,0.9997316156736447,0.23483628556092323
123,6.347289318303811,3.502415458937198,8.84326355340848,37.47987117552335,28.690284487385938,10.23215244229737,3.670155662909286,0.9997316156736447,0.23483628556092323
124,6.702898550724638,3.488996242619431,9.73564143853999,36.46672034353194,28.60305958132045,10.11808910359635,3.6634460547504024,0.9863123993558777,0.23483628556092323
125,6.884057971014493,3.488996242619431,9.708803005904455,35.225442834138484,28.26086956521739,11.54723564143854,3.6634460547504024,0.9863123993558777,0.23483628556092323
126,6.850509930220075,3.488996242619431,10.50053676865271,33.662104133118625,29.1129898013956,11.500268384326356,3.6634460547504024,0.9863123993558777,0.23483628556092323
127,6.951154052603328,3.488996242619431,10.50053676865271,33.59500805152979,29.07944176060118,11.500268384326356,3.6634460547504024,0.9863123993558777,0.23483628556092323
128,6.91760601180891,3.488996242619431,10.299248523886206,33.15888352120236,29.07944176060118,12.04374664519592,3.6634460547504024,1.1137949543746646,0.23483628556092323
129,7.065217391304348,3.475577026301664,10.23215244229737,33.111916264090176,29.0727321524423,12.030327428878154,3.6634460547504024,1.1137949543746646,0.23483628556092323
130,7.226247987117552,3.475577026301664,10.225442834138486,32.95759527643585,29.0727321524423,12.030327428878154,3.6634460547504024,1.1137949543746646,0.23483628556092323
131,6.870638754696726,3.475577026301664,10.198604401502953,36.37949543746645,26.06682769726248,12.00348899624262,3.6634460547504024,1.107085346215781,0.23483628556092323
132,6.884057971014493,3.475577026301664,10.185185185185185,35.73537305421363,26.724369296833064,12.00348899624262,3.6634460547504024,1.093666129898014,0.23483628556092323
133,7.253086419753086,3.4621578099838968,9.923510466988727,35.72866344605475,26.670692431561996,11.969940955448202,3.6634460547504024,1.093666129898014,0.23483628556092323
134,7.098765432098766,3.4621578099838968,9.4873859366613,37.4194847020934,26.147342995169083,11.520397208803006,3.6634460547504024,0.966183574879227,0.23483628556092323
135,7.27992485238862,3.4621578099838968,9.420289855072463,37.37251744498121,26.120504562533547,11.506977992485238,3.6634460547504024,0.9393451422436929,0.23483628556092323
136,7.501341921631776,3.3950617283950617,9.420289855072463,35.87627482555019,27.750939345142243,11.225174449812132,3.6634460547504024,0.9326355340848095,0.23483628556092323
137,7.440955448201825,3.3548040794417604,9.420289855072463,35.74208266237252,28.589640365002683,10.68840579710145,3.656736446591519,0.8722490606548577,0.23483628556092323
138,7.521470746108427,3.3548040794417604,9.420289855072463,35.67498658078368,28.576221148684915,10.68840579710145,3.656736446591519,0.8722490606548577,0.23483628556092323
139,7.461084272678476,3.3279656468062266,8.796296296296296,35.621309715512616,29.790660225442835,10.332796564680622,3.5628019323671496,0.8722490606548577,0.23483628556092323
140,7.635534084809447,3.3279656468062266,8.796296296296296,35.54079441760601,29.716854535695116,10.312667740203972,3.5628019323671496,0.8722490606548577,0.23483628556092323
141,7.716049382716049,3.3279656468062266,8.789586688137414,35.507246376811594,29.676596886741816,10.312667740203972,3.5628019323671496,0.8722490606548577,0.23483628556092323
142,8.172302737520129,3.3145464304884595,8.776167471819646,35.507246376811594,29.394793344068706,10.272410091250672,3.455448201825013,0.8722490606548577,0.23483628556092323
143,8.360171765968868,3.3145464304884595,8.702361782071927,35.43344068706388,29.294149221685455,10.332796564680622,3.455448201825013,0.8722490606548577,0.23483628556092323
144,8.487654320987655,3.3145464304884595,8.702361782071927,35.43344068706388,29.166666666666668,10.332796564680622,3.455448201825013,0.8722490606548577,0.23483628556092323
145,8.581588835212024,3.307836822329576,8.655394524959743,33.78958668813741,29.1129898013956,10.332796564680622,3.455448201825013,2.5295222758990876,0.23483628556092323
146,9.16532474503489,3.280998389694042,8.635265700483092,33.541331186258724,28.904991948470208,10.305958132045088,3.4151905528717124,2.5161030595813205,0.23483628556092323
147,8.32662372517445,8.219269994632313,7.139023081052066,31.749865807836823,28.287707997852927,10.11808910359635,3.408480944712829,2.5161030595813205,0.23483628556092323
148,8.454106280193237,8.219269994632313,7.112184648416532,31.66935050993022,28.267579173376276,10.11808910359635,3.408480944712829,2.5161030595813205,0.23483628556092323
149,7.467793880837359,7.39398819108964,5.884326355340848,30.42807300053677,33.73590982286635,9.681964573268921,2.7509393451422435,2.4221685453569513,0.23483628556092323
150,7.7361782071927,7.39398819108964,5.844068706387547,30.334138486312398,33.63526570048309,9.648416532474503,2.7509393451422435,2.4221685453569513,0.23483628556092323
151,7.836822329575953,7.39398819108964,5.844068706387547,30.307300053676865,33.61513687600644,9.628287707997853,2.717391304347826,2.4221685453569513,0.23483628556092323
152,7.830112721417069,7.333601717659689,5.844068706387547,29.562533548040793,34.16532474503489,9.688674181427805,2.918679549114332,2.4221685453569513,0.23483628556092323
153,7.883789586688137,7.320182501341922,5.844068706387547,29.522275899087493,34.16532474503489,9.688674181427805,2.918679549114332,2.4221685453569513,0.23483628556092323
154,7.937466451959206,7.320182501341922,5.844068706387547,29.522275899087493,34.13848631239936,9.66183574879227,2.918679549114332,2.4221685453569513,0.23483628556092323
155,7.937466451959206,7.320182501341922,7.071926999463232,28.052871712292003,34.12506709608159,9.66183574879227,2.918679549114332,2.677133655394525,0.23483628556092323
156,7.944176060118089,7.266505636070853,7.0450885668276975,29.401502952227588,33.19914117015566,9.5276435856146,2.703972088030059,2.677133655394525,0.23483628556092323
157,8.111916264090176,6.9310252281266775,7.0450885668276975,29.381374127750938,33.17901234567901,9.514224369296834,2.952227589908749,2.6502952227589907,0.23483628556092323
158,6.823671497584541,6.575415995705851,5.253623188405797,40.304616210413315,31.199677938808374,4.8443370907139025,2.0665593129361244,2.6502952227589907,0.28180354267310787
159,5.9514224369296835,6.447933440687064,5.253623188405797,43.303811057434245,28.92512077294686,4.64975845410628,2.536231884057971,2.6502952227589907,0.28180354267310787
160,6.159420289855072,6.4345142243692965,5.253623188405797,43.20987654320987,28.85131508319914,4.64975845410628,2.522812667740204,2.636876006441224,0.28180354267310787
161,6.394256575415996,6.407675791733762,5.253623188405797,43.13607085346216,28.784219001610307,4.64975845410628,2.4557165861513686,2.636876006441224,0.28180354267310787
162,6.414385399892646,6.407675791733762,5.253623188405797,43.11594202898551,28.784219001610307,4.64975845410628,2.4557165861513686,2.636876006441224,0.28180354267310787
163,6.595544820182502,6.407675791733762,5.253623188405797,42.82071926999463,28.743961352657006,4.64975845410628,2.4557165861513686,2.791196994095545,0.28180354267310787
164,6.649221685453569,6.407675791733762,5.253623188405797,42.81400966183575,28.69699409554482,4.64975845410628,2.4557165861513686,2.791196994095545,0.28180354267310787
165,6.810252281266774,4.931561996779388,5.253623188405797,42.78046162104133,28.529253891572733,6.400966183574879,2.2208803005904456,2.791196994095545,0.28180354267310787
166,6.951154052603328,4.931561996779388,5.173107890499195,42.7536231884058,28.529253891572733,6.394256575415996,2.2208803005904456,2.7643585614600106,0.28180354267310787
167,7.0383789586688135,4.931561996779388,5.173107890499195,42.74020397208803,28.475577026301664,6.374127750939345,2.2208803005904456,2.7643585614600106,0.28180354267310787
168,7.159151905528717,4.904723564143854,5.173107890499195,42.673107890499196,28.08641975308642,6.347289318303811,2.2208803005904456,2.7643585614600106,0.6709608158883521
169,7.273215244229737,4.904723564143854,5.139559849704777,40.82796564680623,29.931561996779386,6.347289318303811,2.147074610842727,2.757648953301127,0.6709608158883521
170,7.152442297369833,4.891304347826087,6.488191089640365,40.03623188405797,29.01905528717123,6.347289318303811,2.4557165861513686,2.9388083735909825,0.6709608158883521
171,7.25979602791197,4.891304347826087,6.481481481481482,39.801395598497045,29.005636070853463,6.347289318303811,2.4557165861513686,3.0864197530864197,0.6709608158883521
172,7.300053676865271,4.864465915190553,6.481481481481482,39.801395598497045,28.99892646269458,6.347289318303811,2.4557165861513686,3.079710144927536,0.6709608158883521
173,7.360440150295223,4.864465915190553,6.481481481481482,39.754428341384866,28.985507246376812,6.347289318303811,2.4557165861513686,3.079710144927536,0.6709608158883521
174,7.830112721417069,4.864465915190553,6.481481481481482,39.68733225979603,28.60305958132045,6.347289318303811,2.4355877616747184,3.079710144927536,0.6709608158883521
175,7.950885668276973,4.851046698872786,6.481481481481482,39.63365539452496,28.549382716049383,6.347289318303811,2.4355877616747184,3.079710144927536,0.6709608158883521
176,7.897208803005904,4.8376274825550185,6.481481481481482,38.66076221148685,28.442028985507246,6.333870101986044,3.7104133118625873,2.965646806226516,0.6709608158883521
177,7.897208803005904,4.8376274825550185,6.447933440687064,37.835480407944175,28.435319377348364,6.3070316693505095,4.374664519592056,3.193773483628556,0.6709608158883521
178,8.333333333333334,4.8376274825550185,6.4412238325281805,37.47987117552335,28.428609769189478,6.253354804079442,4.367954911433173,3.1870638754696725,0.6709608158883521
179,8.440687063875469,4.8376274825550185,6.4412238325281805,37.466451959205585,28.33467525496511,6.253354804079442,4.367954911433173,3.1870638754696725,0.6709608158883521
180,8.568169618894256,4.810789049919484,6.4412238325281805,37.39264626945786,28.31454643048846,6.253354804079442,4.367954911433173,3.180354267310789,0.6709608158883521
181,8.78287707997853,4.810789049919484,6.414385399892646,37.285292538915726,28.27428878153516,6.253354804079442,4.327697262479871,3.180354267310789,0.6709608158883521
182,8.776167471819646,4.810789049919484,6.0587761674718195,36.07085346215781,29.944981213097154,6.239935587761675,4.247181964573269,3.180354267310789,0.6709608158883521
183,9.098228663446054,4.810789049919484,6.025228126677402,35.88298443370907,29.918142780461622,6.199677938808374,4.2203435319377345,3.1736446591519054,0.6709608158883521
184,9.453837895866881,4.810789049919484,6.025228126677402,35.789049919484704,29.74369296833065,6.119162640901771,4.213633923778851,3.1736446591519054,0.6709608158883521
185,9.64170692431562,4.810789049919484,6.025228126677402,35.61460010735373,29.73027375201288,6.119162640901771,4.213633923778851,3.1736446591519054,0.6709608158883521
186,9.943639291465379,4.656468062265164,6.025228126677402,35.49382716049383,29.70343531937735,6.119162640901771,4.213633923778851,3.1736446591519054,0.6709608158883521
187,10.044283413848632,4.656468062265164,5.991680085882985,35.44685990338164,29.70343531937735,6.112453032742888,4.213633923778851,3.1602254428341383,0.6709608158883521
188,10.017444981213098,3.7573805689747717,5.991680085882985,35.44685990338164,29.676596886741816,6.112453032742888,5.166398282340311,3.1602254428341383,0.6709608158883521
189,10.104669887278583,3.7573805689747717,5.978260869565218,35.42002147074611,29.656468062265162,6.099033816425121,5.152979066022544,3.1602254428341383,0.6709608158883521
190,10.36634460547504,3.7573805689747717,6.528448738593666,34.96376811594203,29.435050993022006,6.159420289855072,4.99194847020934,3.126677402039721,0.6709608158883521
191,10.46027911969941,3.7573805689747717,6.528448738593666,34.94363929146538,29.381374127750938,6.159420289855072,4.9718196457326895,3.126677402039721,0.6709608158883521
192,10.453569511540525,3.743961352657005,6.6827697262479875,33.93719806763285,30.454911433172303,6.119162640901771,4.830917874396135,3.1065485775630703,0.6709608158883521
193,10.681696188942565,3.743961352657005,6.6760601180891035,33.81642512077295,30.387815351583466,6.112453032742888,4.810789049919484,3.099838969404187,0.6709608158883521
194,10.809178743961352,3.743961352657005,6.615673644659152,33.803005904455176,30.360976918947934,6.112453032742888,4.783950617283951,3.099838969404187,0.6709608158883521
195,10.943370907139023,3.730542136339238,6.615673644659152,33.782877079978526,30.273752012882447,6.105743424584004,4.777241009125067,3.099838969404187,0.6709608158883521
196,10.809178743961352,2.6972624798711755,6.461352657004831,33.76945786366076,29.857756307031668,8.272946859903382,4.361245303274289,3.099838969404187,0.6709608158883521
197,10.836017176596886,2.6972624798711755,6.4412238325281805,33.299785292538914,29.857756307031668,8.272946859903382,4.361245303274289,3.5628019323671496,0.6709608158883521
198,10.963499731615673,2.6972624798711755,6.4412238325281805,33.28636607622115,29.790660225442835,8.272946859903382,4.3478260869565215,3.5292538915727323,0.6709608158883521
199,10.95679012345679,2.6972624798711755,5.642780461621041,33.25952764358561,30.67632850241546,8.272946859903382,4.320987654320987,3.502415458937198,0.6709608158883521
200,10.997047772410092,2.6972624798711755,5.636070853462158,33.25952764358561,30.64278046162104,8.272946859903382,4.320987654320987,3.502415458937198,0.6709608158883521
201,11.366076221148685,2.6972624798711755,5.636070853462158,33.17230273752013,30.3743961352657,8.266237251744498,4.320987654320987,3.502415458937198,0.6642512077294686
202,11.473429951690822,2.6972624798711755,5.636070853462158,33.1454643048846,30.300590445517983,8.266237251744498,4.320987654320987,3.4957058507783145,0.6642512077294686
203,11.493558776167472,2.6972624798711755,5.636070853462158,33.13204508856683,30.152979066022546,8.266237251744498,4.320987654320987,3.4957058507783145,0.8051529790660226
204,11.332528180354267,2.6704240472356413,5.300590445517981,32.94417606011809,30.877616747181964,8.252818035426731,4.320987654320987,3.4957058507783145,0.8051529790660226
205,11.721685453569512,2.6637144390767578,5.300590445517981,32.789855072463766,30.776972624798713,8.125335480407944,4.320987654320987,3.4957058507783145,0.8051529790660226
206,11.788781535158346,2.5563607085346214,5.300590445517981,32.776435856146,30.750134192163177,7.709339774557166,4.8443370907139025,3.4688674181427803,0.8051529790660226
207,11.83574879227053,2.536231884057971,5.287171229200215,32.769726247987116,30.750134192163177,7.702630166398282,4.8443370907139025,3.4688674181427803,0.8051529790660226
208,12.016908212560386,2.536231884057971,5.287171229200215,32.769726247987116,30.595813204508858,7.675791733762749,4.8443370907139025,3.4688674181427803,0.8051529790660226
209,12.104133118625873,2.536231884057971,5.287171229200215,32.74288781535159,30.56226516371444,7.6623725174449815,4.830917874396135,3.4688674181427803,0.8051529790660226
210,12.130971551261407,2.536231884057971,5.287171229200215,32.709339774557165,30.20665593129361,8.024691358024691,4.830917874396135,3.4688674181427803,0.8051529790660226
211,12.164519592055823,2.522812667740204,5.287171229200215,32.367149758454104,30.20665593129361,8.004562533548041,4.830917874396135,3.81105743424584,0.8051529790660226
212,12.25174449812131,2.522812667740204,5.287171229200215,32.326892109500804,30.159688674181428,8.004562533548041,4.830917874396135,3.81105743424584,0.8051529790660226
213,12.365807836822329,2.522812667740204,5.287171229200215,32.25979602791197,30.112721417069242,8.004562533548041,4.830917874396135,3.81105743424584,0.8051529790660226
214,12.513419216317766,2.522812667740204,5.287171229200215,32.1658615136876,30.06575415995706,7.997852925389157,4.830917874396135,3.81105743424584,0.8051529790660226
215,12.607353730542137,2.522812667740204,5.287171229200215,32.10547504025765,30.059044551798173,7.971014492753623,4.830917874396135,3.81105743424584,0.8051529790660226
216,12.654320987654321,2.522812667740204,5.267042404723564,32.078636607622116,30.059044551798173,7.971014492753623,4.830917874396135,3.81105743424584,0.8051529790660226
217,13.103864734299517,2.522812667740204,5.24020397208803,31.910896403650028,29.810789049919485,7.971014492753623,4.824208266237251,3.81105743424584,0.8051529790660226
218,13.22463768115942,2.522812667740204,5.24020397208803,31.870638754696724,29.777241009125067,7.96430488459474,4.783950617283951,3.81105743424584,0.8051529790660226
219,13.144122383252817,2.4221685453569513,6.280193236714976,31.655931293612454,29.005636070853463,7.96430488459474,4.757112184648417,3.965378421900161,0.8051529790660226
220,13.170960815888352,2.4221685453569513,6.280193236714976,31.64922168545357,28.992216854535695,7.957595276435856,4.757112184648417,3.965378421900161,0.8051529790660226
221,13.479602791196994,2.4221685453569513,6.119162640901771,31.5955448201825,28.918411164787976,7.957595276435856,4.74369296833065,3.9586688137412773,0.8051529790660226
222,13.479602791196994,2.4221685453569513,6.119162640901771,31.186258722490606,28.891572732152444,7.957595276435856,5.186527106816962,3.9519592055823938,0.8051529790660226
223,13.593666129898015,2.3215244229736984,6.085614600107354,31.07890499194847,28.710413311862588,7.454374664519592,5.407944176060118,4.542404723564144,0.8051529790660226
224,13.600375738056897,2.3215244229736984,6.400966183574879,30.877616747181964,28.690284487385938,7.37385936661299,5.407944176060118,4.522275899087493,0.8051529790660226
225,13.92914653784219,2.314814814814815,6.400966183574879,30.83064949006978,28.475577026301664,7.37385936661299,5.381105743424584,4.488727858293076,0.8051529790660226
226,13.976113794954374,2.314814814814815,6.400966183574879,30.83064949006978,28.475577026301664,7.37385936661299,5.367686527106817,4.455179817498658,0.8051529790660226
227,14.17740203972088,2.314814814814815,6.374127750939345,30.797101449275363,28.421900161030596,7.306763285024155,5.347557702630167,4.455179817498658,0.8051529790660226
228,14.278046162104133,2.314814814814815,6.374127750939345,30.703166935050994,28.415190552871714,7.306763285024155,5.347557702630167,4.455179817498658,0.8051529790660226
229,14.36527106816962,2.314814814814815,6.353998926462695,30.69645732689211,28.388352120236178,7.306763285024155,5.320719269994632,4.455179817498658,0.798443370907139
230,14.2914653784219,2.314814814814815,6.3137412775093935,30.461621041331185,28.361513687600645,7.273215244229737,5.730005367686527,4.455179817498658,0.798443370907139
231,13.01663982823403,2.314814814814815,4.851046698872786,35.46698872785829,27.28797638217928,6.850509930220075,5.730005367686527,3.683574879227053,0.798443370907139
232,13.157541599570585,2.314814814814815,4.851046698872786,35.36634460547504,27.26113794954375,6.850509930220075,5.71658615136876,3.683574879227053,0.798443370907139
233,13.20450885668277,2.314814814814815,4.8376274825550185,35.34621578099839,27.26113794954375,6.850509930220075,5.71658615136876,3.670155662909286,0.798443370907139
234,13.217928073000536,2.314814814814815,4.8376274825550185,35.339506172839506,27.26113794954375,6.850509930220075,5.709876543209877,3.670155662909286,0.798443370907139
235,13.331991411701557,2.314814814814815,4.8376274825550185,35.28582930756844,27.214170692431562,6.843800322061192,5.703166935050993,3.670155662909286,0.798443370907139
236,13.741277509393452,2.314814814814815,4.770531400966184,35.05099302200752,27.126945786366075,6.843800322061192,5.683038110574342,3.670155662909286,0.798443370907139
237,13.788244766505636,2.314814814814815,4.770531400966184,35.03086419753087,27.100107353730543,6.843800322061192,5.683038110574342,3.670155662909286,0.798443370907139
238,13.942565754159958,2.314814814814815,4.770531400966184,34.936929683306495,27.079978529253893,6.8035426731078905,5.683038110574342,3.670155662909286,0.798443370907139
239,14.002952227589908,2.314814814814815,4.770531400966184,34.936929683306495,27.046430488459475,6.776704240472356,5.683038110574342,3.670155662909286,0.798443370907139
240,14.190821256038648,2.200751476113795,4.770531400966184,34.936929683306495,27.006172839506174,6.776704240472356,5.669618894256575,3.6500268384326353,0.798443370907139
241,14.278046162104133,2.200751476113795,4.770531400966184,34.86983360171766,26.99946323134729,6.776704240472356,5.669618894256575,3.6366076221148687,0.798443370907139
242,14.378690284487385,2.059849704777241,4.770531400966184,34.76918947933441,28.099838969404185,6.568706387546968,5.132850241545894,3.421900161030596,0.798443370907139
243,14.452495974235104,2.059849704777241,4.770531400966184,34.735641438539986,28.08641975308642,6.568706387546968,5.12614063338701,3.4017713365539453,0.798443370907139
244,14.439076757917338,2.059849704777241,4.468599033816425,34.50751476113795,28.059581320450885,7.139023081052066,5.12614063338701,3.4017713365539453,0.798443370907139
245,14.707461084272678,2.059849704777241,4.448470209339774,34.33977455716586,27.435587761674718,7.695920558239399,5.112721417069243,3.4017713365539453,0.798443370907139
246,14.848362855609233,2.059849704777241,4.435050993022007,34.333064949006975,27.314814814814813,7.695920558239399,5.112721417069243,3.4017713365539453,0.798443370907139
247,15.022812667740205,2.0531400966183573,4.435050993022007,34.27938808373591,27.2812667740204,7.6623725174449815,5.065754159957058,3.4017713365539453,0.798443370907139
248,15.150295222758992,2.0531400966183573,4.435050993022007,34.21229200214707,27.24771873322598,7.6623725174449815,5.038915727321524,3.4017713365539453,0.798443370907139
249,15.230810520665592,2.0531400966183573,4.435050993022007,34.15861513687601,27.24771873322598,7.6623725174449815,5.01207729468599,3.4017713365539453,0.798443370907139
250,15.063070316693505,2.0531400966183573,4.435050993022007,33.25281803542673,27.24771873322598,9.004294149221685,5.01207729468599,3.1333870101986045,0.798443370907139
251,15.11003757380569,2.0531400966183573,4.435050993022007,33.21926999463231,27.241009125067094,9.004294149221685,5.01207729468599,3.126677402039721,0.798443370907139
