,45,50,53,52,51,54,55,57,56,59,58
0,100.0,,,,,,,,,,
1,96.7458400429415,3.2541599570585076,,,,,,,,,
2,94.6256038647343,5.374396135265701,,,,,,,,,
3,91.39157273215244,8.608427267847558,,,,,,,,,
4,91.39157273215244,8.608427267847558,,,,,,,,,
5,81.48819108964037,18.511808910359633,,,,,,,,,
6,73.67820719269994,26.321792807300053,,,,,,,,,
7,72.66505636070853,27.334943639291467,,,,,,,,,
8,69.3840579710145,30.213365539452496,0.4025764895330113,,,,,,,,
9,69.63231347289319,29.965110037573805,0.4025764895330113,,,,,,,,
10,69.33709071390231,29.58937198067633,0.4025764895330113,0.6709608158883521,,,,,,,
11,68.38432635534085,26.86527106816962,0.4025764895330113,0.6709608158883521,3.6768652710681695,,,,,,
12,66.35802469135803,25.268384326355342,0.5837359098228664,0.6709608158883521,7.118894256575416,,,,,,
13,58.662104133118625,31.57541599570585,0.5837359098228664,2.059849704777241,7.118894256575416,,,,,,
14,58.93048845947396,31.407675791733762,0.5837359098228664,1.9860440150295222,7.092055823939882,,,,,,
15,23.57085346215781,68.99490069779925,0.5837359098228664,,6.850509930220075,,,,,,
16,24.44310252281267,68.35077831454643,0.5367686527106817,,6.66935050993022,,,,,,
17,24.798711755233494,65.23752012882447,3.4420289855072466,,6.521739130434782,,,,,,
18,25.120772946859905,64.8215244229737,3.5426731078904994,,6.515029522275899,,,,,,
19,25.577026301663984,64.39881910896403,3.5426731078904994,,6.481481481481482,,,,,,
20,26.019860440150296,64.00966183574879,3.535963499731616,,6.320450885668277,0.11406333870101985,,,,,
21,26.724369296833064,62.734836285560924,3.5225442834138487,,6.266774020397209,0.11406333870101985,0.6374127750939346,,,,
22,26.308373590982285,63.18438003220612,3.515834675254965,,6.239935587761675,0.11406333870101985,0.6374127750939346,,,,
23,27.006172839506174,61.178207192699944,3.502415458937198,,6.1929683306494905,1.482823403113258,0.6374127750939346,,,,
24,27.28797638217928,60.91653247450349,3.502415458937198,,6.172839506172839,1.482823403113258,0.6374127750939346,,,,
25,27.563070316693505,57.25308641975309,3.475577026301664,,8.333333333333334,1.415727321524423,1.9592055823939882,,,,
26,25.53676865271068,59.4068706387547,3.4688674181427803,,8.239398819108963,1.4090177133655395,1.9390767579173376,,,,
27,25.40257648953301,59.31964573268921,3.730542136339238,,8.199141170155663,1.4090177133655395,1.9390767579173376,,,,
28,24.134460547504027,54.54240472356415,3.69699409554482,1.482823403113258,12.795222758990874,1.4090177133655395,1.9390767579173376,,,,
29,24.859098228663445,54.03918411164788,3.6768652710681695,1.4559849704777241,12.681159420289855,1.4090177133655395,1.8786902844873858,,,,
30,25.315351583467525,52.254428341384866,3.629898013955985,1.4559849704777241,12.5,3.0327428878153517,1.8115942028985508,,,,
31,25.758185721953836,51.99946323134729,3.629898013955985,1.3553408480944713,12.31213097155126,3.0327428878153517,1.778046162104133,0.13419216317767044,,,
32,22.12157809983897,36.97665056360709,3.294417606011809,1.2010198604401503,31.756575415995705,3.012614063338701,1.6371443907675791,,,,
33,22.63150831991412,36.808910359635,3.2877079978529253,1.2010198604401503,31.447933440687063,2.985775630703167,1.6371443907675791,,,,
34,23.07434245840043,35.10466988727858,2.341653247450349,3.743961352657005,31.206387546967257,2.898550724637681,1.6304347826086956,,,,
35,23.64465915190553,34.86312399355877,2.3215244229736984,3.743961352657005,30.92458400429415,2.898550724637681,1.6035963499731616,,,,
36,24.074074074074073,33.49436392914654,0.49651100375738055,6.810252281266774,30.58239398819109,2.791196994095545,1.6035963499731616,,0.14761137949543746,,
37,24.510198604401502,33.299785292538914,0.49651100375738055,6.769994632313473,30.394524959742352,2.791196994095545,1.5901771336553945,,0.14761137949543746,,
38,25.348899624261943,33.08507783145464,0.49651100375738055,6.723027375201288,29.985238862050455,2.623456790123457,1.5901771336553945,,0.14761137949543746,,
39,26.03327965646806,32.890499194847024,0.49651100375738055,6.6760601180891035,29.656468062265162,2.623456790123457,1.5029522275899088,,0.12077294685990338,,
40,20.491143317230275,61.010466988727856,0.49651100375738055,6.521739130434782,8.695652173913043,1.5029522275899088,1.2815351583467525,,,,
41,21.370101986044016,60.39318303811057,0.47638217928073,6.367418142780462,8.608427267847558,1.5029522275899088,1.2815351583467525,,,,
42,20.564949006977994,61.2788513150832,0.47638217928073,6.273483628556092,8.521202361782072,1.482823403113258,1.402308105206656,,,,
43,21.048040794417606,60.849436392914654,0.47638217928073,6.273483628556092,8.494363929146537,1.4694041867954912,1.3888888888888888,,,,
44,16.7337627482555,41.47208803005905,0.47638217928073,6.233225979602791,31.01851851851852,1.4492753623188406,1.2681159420289856,,1.3486312399355878,,
45,14.38539989264627,33.8365539452496,2.5563607085346214,4.622920021470746,41.720343531937736,1.4492753623188406,0.08051529790660225,,1.3486312399355878,,
46,15.056360708534621,33.4272678475577,2.5563607085346214,4.5893719806763285,41.39157273215244,1.4224369296833066,0.20799785292538917,,1.3486312399355878,,
47,13.942565754159958,32.045088566827694,2.5563607085346214,14.023081052066559,34.27938808373591,1.4224369296833066,0.20799785292538917,,1.5230810520665594,,
48,13.79495437466452,26.38888888888889,2.5563607085346214,13.94927536231884,33.9170692431562,7.682501341921632,0.20799785292538917,,1.5029522275899088,,
49,14.204240472356414,24.84567901234568,2.522812667740204,13.935856146001074,32.32018250134192,7.682501341921632,1.482823403113258,,3.0059044551798175,,
50,14.734299516908212,24.62426194310252,2.522812667740204,13.855340848094471,32.11218464841653,7.675791733762749,1.482823403113258,,2.9924852388620504,,
51,14.962426194310252,24.22168545356951,2.522812667740204,13.808373590982287,32.55501878690284,7.467793880837359,1.482823403113258,,2.9790660225442833,,
52,15.58641975308642,24.16129898013956,2.5161030595813205,13.607085346215781,32.2866344605475,7.4141170155662905,1.4559849704777241,,2.9723564143853998,,
53,16.438539989264626,23.97342995169082,2.5161030595813205,13.285024154589372,32.038378958668815,7.37385936661299,1.402308105206656,,2.9723564143853998,,
54,17.082662372517444,23.758722490606548,2.5026838432635534,13.083735909822867,31.729736983360173,7.37385936661299,1.3955984970477724,0.13419216317767044,2.9388083735909825,,
55,17.726784755770264,23.67149758454106,2.5026838432635534,13.050187869028449,31.394256575415994,7.206119162640902,1.3955984970477724,0.13419216317767044,2.918679549114332,,
56,18.364197530864196,23.503757380568974,2.5026838432635534,12.929414922168545,31.166129898013956,7.132313472893183,1.3486312399355878,0.13419216317767044,2.918679549114332,,
57,18.706387546967257,23.463499731615673,2.5026838432635534,12.822061191626409,30.97826086956522,7.125603864734299,1.3486312399355878,0.13419216317767044,2.918679549114332,,
58,19.155931293612454,22.933440687063875,2.4825550187869028,12.567096081588835,30.823939881910896,7.729468599033816,1.3486312399355878,0.13419216317767044,2.8247450348899625,,
59,19.43773483628556,22.611379495437465,2.475845410628019,12.526838432635534,30.776972624798713,7.729468599033816,1.482823403113258,0.13419216317767044,2.8247450348899625,,
60,19.766505636070853,22.544283413848632,2.475845410628019,12.372517444981213,30.609232420826622,7.689210950080516,1.482823403113258,0.23483628556092323,2.8247450348899625,,
61,20.840042941492218,22.04777241009125,2.442297369833602,11.990069779924852,30.454911433172303,7.615405260332796,1.4492753623188406,0.23483628556092323,2.9253891572732154,,
62,21.22920021470746,21.987385936661298,2.442297369833602,11.990069779924852,30.22007514761138,7.568438003220612,1.4492753623188406,0.23483628556092323,2.8784219001610305,,
63,17.28395061728395,19.310252281266774,2.442297369833602,11.137949543746645,36.39291465378422,6.702898550724638,3.502415458937198,0.23483628556092323,2.9924852388620504,,
64,16.264090177133657,17.24369296833065,6.89747718733226,11.79549114331723,35.245571658615134,6.629092860976919,2.831454643048846,0.10064412238325282,2.9924852388620504,,
65,16.76731078904992,17.20343531937735,6.870638754696726,11.634460547504025,35.06441223832528,6.608964036500268,2.771068169618894,0.10064412238325282,2.9790660225442833,,
66,17.07595276435856,17.11621041331186,6.756575415995706,10.628019323671497,34.876543209876544,6.608964036500268,2.771068169618894,1.1876006441223832,2.9790660225442833,,
67,17.639559849704778,16.867954911433173,6.702898550724638,10.560923242082662,34.594739667203434,6.582125603864735,2.918679549114332,1.1876006441223832,2.945517981749866,,
68,18.310520665593128,16.458668813741276,6.702898550724638,9.131776704240472,34.272678475577024,6.696188942565755,4.367954911433173,1.1876006441223832,2.871712292002147,,
69,17.659688674181428,13.841921631776705,6.561996779388084,9.037842190016104,30.22007514761138,15.579710144927537,4.260601180891036,1.1473429951690821,1.6908212560386473,,
70,18.323939881910896,13.781535158346752,6.488191089640365,8.883521202361782,29.938271604938272,15.499194847020934,4.260601180891036,1.1473429951690821,1.6774020397208802,,
71,18.666129898013956,13.7211486849168,6.488191089640365,8.722490606548577,29.817498658078367,14.42565754159957,4.186795491143317,2.2946859903381642,1.6774020397208802,,
72,19.249865807836823,13.271604938271604,7.434245840042942,8.373590982286634,29.683306494900698,14.090177133655395,3.9586688137412773,2.2611379495437465,1.6774020397208802,,
73,19.598765432098766,13.157541599570585,7.25979602791197,8.239398819108963,29.622920021470748,14.090177133655395,3.9586688137412773,2.395330112721417,1.6774020397208802,,
74,20.169082125603865,13.157541599570585,7.1725711218464845,8.219269994632313,29.30756843800322,13.942565754159958,3.9586688137412773,2.395330112721417,1.6774020397208802,,
75,19.706119162640903,12.439613526570048,10.010735373054214,11.057434245840042,25.89908749329039,15.076489533011273,2.6637144390767578,2.3349436392914655,0.6776704240472357,0.13419216317767044,
76,20.30998389694042,12.31213097155126,9.977187332259795,10.929951690821255,25.738056897477186,14.935587761674718,2.6637144390767578,2.3349436392914655,0.6642512077294686,0.13419216317767044,
77,20.001341921631777,12.164519592055823,9.936929683306495,10.923242082662373,26.932367149758456,14.36527106816962,2.5429414922168547,2.3349436392914655,0.6642512077294686,0.13419216317767044,
78,20.471014492753625,12.144390767579173,9.742351046698873,10.601180891035963,26.590177133655395,14.318303811057435,2.9119699409554483,2.4221685453569513,0.6642512077294686,0.13419216317767044,
79,21.068169618894256,12.070585077831455,9.64170692431562,10.373054213633925,26.37546967257112,14.371980676328503,2.9052603327965647,2.395330112721417,0.6642512077294686,0.13419216317767044,
80,21.20907139023081,12.037037037037036,9.634997316156737,9.494095544820183,26.04669887278583,15.438808373590982,2.9052603327965647,2.4490069779924855,0.6508319914117016,0.13419216317767044,
81,21.497584541062803,11.963231347289318,9.54777241009125,10.064412238325282,25.429414922168544,15.143585614600108,2.871712292002147,2.442297369833602,0.9057971014492754,0.13419216317767044,
82,22.08132045088567,11.896135265700483,9.520933977455716,9.930220075147611,25.11406333870102,15.116747181964573,2.85829307568438,2.4691358024691357,0.8789586688137413,0.13419216317767044,
83,22.5577026301664,11.896135265700483,9.480676328502415,9.86983360171766,24.94632313472893,14.794685990338165,2.85829307568438,2.442297369833602,1.0198604401502953,0.13419216317767044,
84,23.161567364465917,11.808910359634996,9.433709071390231,9.648416532474503,24.154589371980677,14.63365539452496,3.455448201825013,2.5496511003757383,1.0198604401502953,0.13419216317767044,
85,23.49033816425121,11.842458400429415,9.400161030595813,9.628287707997853,24.114331723027377,14.318303811057435,3.435319377348363,2.6167471819645733,1.0198604401502953,0.13419216317767044,
86,24.154589371980677,11.768652710681696,9.172034353193773,9.54777241009125,23.980139559849704,14.237788513150832,3.3682232957595275,2.6167471819645733,1.0198604401502953,0.13419216317767044,
87,24.610842726784757,11.66129898013956,9.138486312399356,9.4873859366613,23.825818572195384,14.170692431561998,3.33467525496511,2.6167471819645733,1.0198604401502953,0.13419216317767044,
88,25.45625335480408,11.52710681696189,9.078099838969404,9.460547504025765,23.49704777241009,13.962694578636608,3.294417606011809,2.6033279656468062,1.0198604401502953,0.10064412238325282,
89,26.02657004830918,10.715244229736983,8.836553945249598,9.39345142243693,23.10789049919485,13.862050456253355,4.455179817498658,2.5295222758990876,0.9728931830381106,0.10064412238325282,
90,26.301663982823403,10.715244229736983,8.796296296296296,9.333064949006978,23.007246376811594,13.982823403113258,4.42163177670424,2.38191089640365,0.9594739667203436,0.10064412238325282,
91,26.992753623188406,10.628019323671497,8.641975308641975,9.265968867418144,22.852925389157274,13.808373590982287,4.40150295222759,2.3483628556092326,0.9594739667203436,0.10064412238325282,
92,27.314814814814813,10.701825013419215,8.628556092324208,9.219001610305957,22.685185185185187,13.647342995169081,4.40150295222759,2.341653247450349,0.9594739667203436,0.10064412238325282,
93,27.690552871712292,10.587761674718196,8.568169618894256,9.111647879763822,22.510735373054214,13.781535158346752,4.40150295222759,2.2879763821792807,0.9594739667203436,0.10064412238325282,
94,28.341384863123995,10.57434245840043,8.360171765968868,9.024422973698336,22.342995169082126,13.774825550187868,4.367954911433173,2.15378421900161,0.9594739667203436,0.10064412238325282,
95,27.87842190016103,9.500805152979066,8.272946859903382,8.57487922705314,22.309447128287708,16.505636070853463,3.33467525496511,2.15378421900161,1.3687600644122384,0.10064412238325282,
96,27.891841116478798,9.420289855072463,8.165593129361245,8.527911969940956,21.651905528717123,16.344605475040257,3.3279656468062266,2.073268921095008,2.49597423510467,0.10064412238325282,
97,28.522544283413847,9.29951690821256,8.024691358024691,8.507783145464305,21.430488459473967,16.09634997316157,3.44873859366613,2.073268921095008,2.49597423510467,0.10064412238325282,
98,29.086151368760063,9.252549651100376,7.950885668276973,8.380300590445518,21.24932903918411,15.935319377348362,3.4286097691894795,2.0531400966183573,2.563070316693505,0.10064412238325282,
99,29.508856682769725,9.232420826623725,7.930756843800322,7.85024154589372,21.101717659688674,15.827965646806227,3.388352120236178,1.9994632313472893,3.0595813204508855,0.10064412238325282,
100,30.018786902844873,9.16532474503489,7.917337627482555,7.843531937734836,20.974235104669887,15.613258185721953,3.3145464304884595,1.9927536231884058,3.0595813204508855,0.10064412238325282,
101,30.689747718733226,9.064680622651638,7.803274288781535,7.75630703166935,20.840042941492218,15.378421900161031,3.3145464304884595,1.9927536231884058,3.0595813204508855,0.10064412238325282,
102,30.52871712292002,9.004294149221685,8.279656468062266,7.682501341921632,20.638754696725712,15.203972088030058,3.556092324208266,1.9927536231884058,3.012614063338701,0.10064412238325282,
103,30.823939881910896,9.004294149221685,8.21256038647343,7.6623725174449815,20.598497047772412,15.136876006441224,3.4957058507783145,1.9659151905528718,2.999194847020934,0.10064412238325282,
104,21.443907675791735,6.374127750939345,3.569511540526033,7.300053676865271,50.5703166935051,3.643317230273752,3.2675791733762747,1.2010198604401503,2.6301663982823404,,
105,21.886741814278047,6.246645195920558,3.556092324208266,7.2933440687063875,49.22168545356951,3.643317230273752,3.2675791733762747,1.1943102522812667,3.6902844873859366,,
106,22.188674181427803,6.125872249060655,3.6768652710681695,7.232957595276436,47.62479871175523,4.924852388620504,3.2675791733762747,1.1741814278046163,3.784219001610306,,
107,22.604669887278583,6.112453032742888,3.5829307568438002,7.065217391304348,47.52415458937198,4.891304347826087,3.2675791733762747,1.1674718196457328,3.784219001610306,,
108,23.060923242082662,6.092324208266238,3.5628019323671496,6.984702093397746,47.32957595276436,4.817498658078368,3.227321524422974,1.1607622114868492,3.7640901771336552,,
109,21.886741814278047,5.501878690284487,2.9723564143853998,10.68840579710145,46.826355340848096,5.676328502415459,1.9659151905528718,1.093666129898014,3.388352120236178,,
110,22.322866344605476,5.475040257648954,2.945517981749866,10.648148148148149,46.55797101449275,5.642780461621041,1.9659151905528718,1.0869565217391304,3.3548040794417604,,
111,23.141438539989263,5.475040257648954,2.945517981749866,10.326086956521738,46.11513687600644,5.60252281266774,1.9659151905528718,1.0869565217391304,3.3413848631239937,,
112,23.60440150295223,5.475040257648954,2.945517981749866,10.21202361782072,45.873590982286636,5.589103596349974,1.9659151905528718,1.0064412238325282,3.3279656468062266,,
113,23.919753086419753,5.421363392377885,2.918679549114332,10.198604401502953,45.7259796027912,5.5756843800322065,1.9122383252818036,1.0064412238325282,3.321256038647343,,
114,24.194847020933977,5.3341384863123995,2.918679549114332,10.071121846484166,44.56521739130435,5.522007514761138,1.9122383252818036,1.0064412238325282,4.4753086419753085,,
115,24.684648416532475,5.307300053676865,2.8918411164787976,9.923510466988727,44.16935050993022,5.522007514761138,1.9122383252818036,1.0064412238325282,4.582662372517445,,
116,25.49651100375738,5.293880837359098,2.8784219001610305,9.796027911969942,43.80032206119163,5.522007514761138,1.8988191089640365,1.0064412238325282,4.30756843800322,,
117,25.805152979066023,5.226784755770263,2.8784219001610305,9.769189479334408,43.29039184111648,5.441492216854535,2.3483628556092326,1.0064412238325282,4.233762748255502,,
118,26.40901771336554,5.173107890499195,2.8784219001610305,9.655126140633387,42.881105743424584,5.441492216854535,2.3349436392914655,1.0064412238325282,4.2203435319377345,,
119,26.757917337627482,5.166398282340311,2.85829307568438,9.594739667203436,42.62614063338701,5.441492216854535,2.3349436392914655,0.9997316156736447,4.2203435319377345,,
120,27.026301663982824,5.166398282340311,2.7844873859366612,9.574610842726784,42.25711218464841,5.394524959742351,2.3349436392914655,0.9997316156736447,4.461889425657541,,
121,27.34836285560923,5.139559849704777,2.7844873859366612,9.386741814278047,41.988727858293075,5.340848094471283,2.3081052066559313,0.9997316156736447,4.703435319377348,,
122,26.992753623188406,5.139559849704777,2.7844873859366612,14.51959205582394,37.473161567364464,5.0993022007514766,2.3081052066559313,0.9997316156736447,4.683306494900698,,
123,27.167203435319376,5.139559849704777,2.7844873859366612,14.51959205582394,37.35238862050456,5.0791733762748255,2.2946859903381642,0.9997316156736447,4.663177670424047,,
124,27.415458937198068,4.951690821256038,3.1602254428341383,14.418947933440688,37.02361782071927,5.072463768115942,2.2946859903381642,0.9997316156736447,4.663177670424047,,
125,27.999194847020934,4.938271604938271,3.2340311325818574,14.412238325281804,36.761943102522814,4.824208266237251,2.2946859903381642,0.9863123993558777,4.549114331723027,,
126,28.784219001610307,4.898013955984971,3.207192699946323,14.029790660225443,36.35265700483092,4.817498658078368,2.281266774020397,1.1003757380568975,4.528985507246377,,
127,28.837895866881375,4.871175523349437,3.0864197530864197,14.848362855609233,36.10440150295223,4.455179817498658,2.281266774020397,1.1003757380568975,4.414922168545357,,
128,28.462157809983896,4.8443370907139025,4.17337627482555,14.586688137412775,35.768921095008054,4.7101449275362315,2.4154589371980677,1.0198604401502953,4.019055287171229,,
129,29.17337627482555,4.8443370907139025,4.079441760601181,14.432367149758454,35.258990874932906,4.643048845947397,2.5496511003757383,1.0064412238325282,4.012345679012346,,
130,28.99892646269458,4.824208266237251,3.9720880300590444,14.398819108964037,33.823134728931834,5.904455179817498,3.180354267310789,1.0064412238325282,3.8915727321524423,,
131,29.2337627482555,4.824208266237251,3.9452495974235107,14.371980676328503,33.64868491680086,5.904455179817498,3.180354267310789,1.0064412238325282,3.8848631239935587,,
132,29.837627482555018,4.7638217928073,3.9318303811057436,14.345142243692969,33.24610842726785,5.870907139023081,3.1535158346752548,1.0064412238325282,3.844605475040258,,
133,28.77750939345142,4.025764895330113,3.7372517444981215,14.190821256038648,36.171497584541065,4.9651100375738055,2.9790660225442833,1.0064412238325282,4.146537842190016,,
134,29.421631776704242,3.978797638217928,3.7372517444981215,14.143853998926463,35.80246913580247,4.864465915190553,2.9253891572732154,1.0064412238325282,4.119699409554482,,
135,29.837627482555018,3.978797638217928,3.7037037037037037,13.969404186795492,35.59447128287708,4.898013955984971,2.8918411164787976,1.0064412238325282,4.119699409554482,,
136,30.213365539452496,3.978797638217928,3.7037037037037037,13.882179280730005,35.40660225442834,4.898013955984971,2.8918411164787976,0.9796027911969941,4.045893719806763,,
137,30.823939881910896,3.898282340311326,3.589640365002684,13.841921631776705,35.17176596886742,4.8443370907139025,2.8784219001610305,0.9796027911969941,3.9720880300590444,,
138,31.239935587761675,3.8848631239935587,3.589640365002684,13.687600644122384,34.977187332259795,4.817498658078368,2.8784219001610305,0.9728931830381106,3.9519592055823938,,
139,31.260064412238325,3.8848631239935587,4.502147074610843,13.231347289318304,34.68196457326892,4.790660225442834,2.7442297369833604,0.9728931830381106,3.9318303811057436,,
140,31.890767579173378,3.878153515834675,4.49543746645196,13.150831991411701,34.252549651100374,4.736983360171766,2.717391304347826,0.9728931830381106,3.9049919484702094,,
141,30.911164787976382,3.8378958668813743,4.4753086419753085,12.869028448738593,35.74208266237252,4.824208266237251,2.3215244229736984,0.9728931830381106,4.045893719806763,,
142,30.938003220611915,3.6768652710681695,4.4753086419753085,18.726516371443907,31.19296833064949,4.575952764358561,2.3215244229736984,0.9728931830381106,3.1199677938808374,,
143,31.387546967257112,3.6768652710681695,4.4753086419753085,18.42458400429415,31.09903381642512,4.575952764358561,2.3215244229736984,0.9728931830381106,3.066290928609769,,
144,31.816961889425656,3.6500268384326353,4.461889425657541,18.04213633923779,30.810520665593128,4.53569511540526,2.657004830917874,0.9594739667203436,3.066290928609769,,
145,32.1256038647343,3.6500268384326353,4.461889425657541,17.98845947396672,30.629361245303276,4.522275899087493,2.636876006441224,0.9594739667203436,3.026033279656468,,
146,32.045088566827694,3.643317230273752,5.797101449275362,17.787171229200215,29.898013955984972,4.260601180891036,2.636876006441224,0.9594739667203436,2.9723564143853998,,
147,31.95786366076221,3.455448201825013,5.797101449275362,17.713365539452496,29.73027375201288,4.240472356414386,3.1736446591519054,0.9594739667203436,2.9723564143853998,,
148,31.830381105743424,3.455448201825013,5.797101449275362,17.612721417069242,28.904991948470208,5.360976918947934,3.1736446591519054,0.9594739667203436,2.9052603327965647,,
149,29.294149221685455,2.5161030595813205,5.642780461621041,23.443370907139023,27.871712292002147,5.213365539452496,2.7979066022544283,0.9594739667203436,2.2611379495437465,,
150,29.2337627482555,2.49597423510467,5.401234567901234,22.859634997316157,27.677133655394524,5.173107890499195,2.771068169618894,0.9594739667203436,3.4286097691894795,,
151,29.817498658078367,2.4691358024691357,5.3341384863123995,22.7187332259796,27.26784755770263,5.072463768115942,2.771068169618894,0.9594739667203436,3.589640365002684,,
152,29.924852388620504,2.4691358024691357,6.736446591519055,22.383252818035427,26.48953301127214,4.468599033816425,2.6435856146001075,0.9594739667203436,3.92512077294686,,
153,30.56226516371444,2.4691358024691357,6.468062265163715,22.12157809983897,26.41572732152442,4.468599033816425,2.6435856146001075,0.9259259259259259,3.92512077294686,,
154,30.783682232957595,2.4691358024691357,6.468062265163715,21.987385936661298,26.341921631776703,4.455179817498658,2.6435856146001075,0.9259259259259259,3.92512077294686,,
155,30.971551261406333,2.4691358024691357,6.5552871712292005,21.973966720343533,26.187600644122384,4.374664519592056,2.6167471819645733,0.9259259259259259,3.92512077294686,,
156,31.414385399892645,2.4691358024691357,6.488191089640365,21.651905528717123,25.744766505636072,5.0791733762748255,2.5295222758990876,0.9259259259259259,3.69699409554482,,
157,31.76328502415459,2.4691358024691357,6.327160493827161,21.464036500268385,25.597155126140635,5.0791733762748255,2.5295222758990876,0.9259259259259259,3.6902844873859366,,0.15432098765432098
158,32.058507783145465,2.442297369833602,6.213097155126141,21.349973161567366,25.5703166935051,5.0791733762748255,2.5161030595813205,0.9259259259259259,3.6902844873859366,,0.15432098765432098
159,32.45437466451959,2.442297369833602,6.166129898013956,21.202361782071925,25.45625335480408,5.005367686527107,2.5026838432635534,0.9259259259259259,3.6902844873859366,,0.15432098765432098
160,32.94417606011809,2.3081052066559313,6.078904991948471,20.860171765968868,25.429414922168544,4.9718196457326895,2.636876006441224,0.9259259259259259,3.6902844873859366,,0.15432098765432098
161,33.17230273752013,2.26784755770263,6.0654857756307035,20.77294685990338,25.355609232420825,4.891304347826087,2.61003757380569,0.9259259259259259,3.784219001610306,,0.15432098765432098
162,33.50107353730542,2.26784755770263,6.025228126677402,20.632045088566827,25.15432098765432,4.99194847020934,2.61003757380569,0.9192163177670424,3.743961352657005,,0.15432098765432098
163,33.984165324745035,2.26784755770263,6.011808910359635,20.44417606011809,24.879227053140095,4.99194847020934,2.6033279656468062,0.9192163177670424,3.743961352657005,,0.15432098765432098
164,34.13177670424047,2.26784755770263,6.011808910359635,20.135534084809446,24.416264090177133,5.555555555555555,2.6838432635534084,0.9192163177670424,3.7238325281803544,,0.15432098765432098
165,34.272678475577024,2.3617820719269993,5.958132045088567,20.189210950080515,24.268652710681696,5.46833064949007,2.6838432635534084,0.9192163177670424,3.7238325281803544,,0.15432098765432098
166,34.54777241009125,2.341653247450349,5.958132045088567,20.02818035426731,24.188137412775095,5.46833064949007,2.6704240472356413,0.9192163177670424,3.7238325281803544,,0.15432098765432098
167,34.82957595276436,2.3215244229736984,5.958132045088567,20.001341921631777,24.08078368223296,5.340848094471283,2.6704240472356413,0.9192163177670424,3.7238325281803544,,0.15432098765432098
168,35.11137949543747,2.3215244229736984,5.924584004294149,19.89398819108964,24.033816425120772,5.320719269994632,2.6167471819645733,0.8990874932903918,3.7238325281803544,,0.15432098765432098
169,35.71524422973698,2.2745571658615136,5.844068706387547,19.81347289318304,23.8191089640365,5.293880837359098,2.5295222758990876,0.8923778851315083,3.6634460547504024,,0.15432098765432098
170,36.252012882447666,2.2611379495437465,5.803811057434245,19.685990338164252,23.577563070316693,5.199946323134729,2.5295222758990876,0.8923778851315083,3.643317230273752,,0.15432098765432098
171,36.178207192699944,2.2611379495437465,6.709608158883521,19.524959742351047,23.403113258185723,5.146269457863661,2.576489533011272,0.8923778851315083,3.1535158346752548,,0.15432098765432098
172,36.460010735373054,2.2208803005904456,6.6760601180891035,19.484702093397747,23.282340311325818,5.139559849704777,2.5697799248523885,0.8923778851315083,3.1199677938808374,,0.15432098765432098
173,35.527375201288244,2.2208803005904456,6.6760601180891035,19.316961889425656,21.26945786366076,5.515297906602254,5.3341384863123995,0.8655394524959742,3.1199677938808374,,0.15432098765432098
174,35.225442834138484,2.2208803005904456,6.642512077294686,19.216317767042405,20.71256038647343,5.488459473966721,6.400966183574879,0.8319914117015567,3.1065485775630703,,0.15432098765432098
175,35.547504025764894,2.2208803005904456,6.5485775630703165,19.04186795491143,20.71256038647343,5.46833064949007,6.374127750939345,0.8319914117015567,3.099838969404187,,0.15432098765432098
176,35.74208266237252,2.1940418679549114,6.521739130434782,18.94122383252818,20.699141170155663,5.421363392377885,6.427804616210413,0.798443370907139,3.099838969404187,,0.15432098765432098
177,36.090982286634464,2.1940418679549114,6.481481481481482,18.82716049382716,20.611916264090176,5.320719269994632,6.427804616210413,0.798443370907139,3.0931293612453032,,0.15432098765432098
178,35.547504025764894,2.1940418679549114,6.454643048845948,20.41062801932367,20.437466451959207,5.112721417069243,6.085614600107354,0.7313472893183038,2.8784219001610305,,0.14761137949543746
179,36.02388620504563,2.1940418679549114,6.4345142243692965,20.249597423510465,20.189210950080515,5.112721417069243,6.0654857756307035,0.7313472893183038,2.8515834675254963,,0.14761137949543746
180,36.28556092324208,2.1940418679549114,6.394256575415996,20.21604938271605,20.04830917874396,5.0993022007514766,6.0654857756307035,0.7313472893183038,2.818035426731079,,0.14761137949543746
181,36.46672034353194,2.1940418679549114,6.501610305958132,20.081857219538378,19.92753623188406,5.0993022007514766,6.045356951154052,0.7313472893183038,2.804616210413312,,0.14761137949543746
182,36.560654857756305,2.1739130434782608,6.494900697799249,20.041599570585078,19.92753623188406,5.0993022007514766,6.025228126677402,0.7313472893183038,2.7979066022544283,,0.14761137949543746
183,36.50697799248524,2.147074610842727,6.394256575415996,20.77294685990338,19.558507783145465,4.62962962962963,5.991680085882985,0.7313472893183038,3.140096618357488,,0.1274825550187869
184,35.63472893183038,3.9452495974235107,6.394256575415996,20.67230273752013,18.90096618357488,4.643048845947397,5.850778314546431,0.7313472893183038,3.099838969404187,,0.1274825550187869
185,35.72866344605475,3.9049919484702094,6.226516371443908,20.437466451959207,18.35077831454643,5.636070853462158,5.790391841116479,0.7313472893183038,3.066290928609769,,0.1274825550187869
186,36.500268384326354,3.643317230273752,6.206387546967257,20.229468599033815,18.183038110574344,5.58239398819109,5.776972624798712,0.6977992485238862,3.052871712292002,,0.1274825550187869
187,36.83574879227053,3.6366076221148687,6.172839506172839,20.135534084809446,18.04884594739667,5.4616210413311865,5.743424584004294,0.6977992485238862,3.140096618357488,,0.1274825550187869
188,37.0504562533548,3.6231884057971016,6.152710681696189,20.081857219538378,18.015297906602253,5.428073000536768,5.683038110574342,0.6977992485238862,3.140096618357488,,0.1274825550187869
189,37.506709608158886,3.6231884057971016,6.112453032742888,19.96779388083736,17.814009661835748,5.394524959742351,5.683038110574342,0.6977992485238862,3.0730005367686526,,0.1274825550187869
190,37.553676865271065,3.556092324208266,6.112453032742888,19.80005367686527,17.042404723564143,6.501610305958132,5.60252281266774,0.6977992485238862,3.0059044551798175,,0.1274825550187869
191,37.70799785292539,3.4957058507783145,5.984970477724101,20.128824476650564,16.841116478797638,6.461352657004831,5.5689747718733225,0.6977992485238862,2.985775630703167,,0.1274825550187869
192,38.0703166935051,3.4957058507783145,5.978260869565218,20.081857219538378,16.680085882984432,6.347289318303811,5.535426731078905,0.6977992485238862,2.985775630703167,,0.1274825550187869
193,38.801663982823406,3.4957058507783145,5.8172302737520125,19.87385936661299,16.532474503488995,6.199677938808374,5.46833064949007,0.6977992485238862,2.985775630703167,,0.1274825550187869
194,39.16398282340311,3.4286097691894795,5.776972624798712,19.786634460547504,16.431830381105744,6.139291465378422,5.46833064949007,0.6977992485238862,2.9790660225442833,,0.1274825550187869
195,36.131239935587764,3.0595813204508855,5.293880837359098,15.780998389694043,24.812130971551262,6.099033816425121,5.072463768115942,0.6977992485238862,2.9253891572732154,,0.1274825550187869
196,36.43317230273752,3.0595813204508855,5.293880837359098,15.72061191626409,24.671229200214707,6.0587761674718195,5.025496511003757,0.6977992485238862,2.9119699409554483,,0.1274825550187869
197,36.8491680085883,3.012614063338701,5.146269457863661,15.707192699946322,24.48336017176597,5.911164787976382,5.166398282340311,0.6977992485238862,2.898550724637681,,0.1274825550187869
198,37.31884057971015,3.012614063338701,5.112721417069243,15.593129361245303,24.396135265700483,5.743424584004294,5.0993022007514766,0.6977992485238862,2.898550724637681,,0.1274825550187869
199,37.57380568974772,3.012614063338701,5.10601180891036,15.485775630703166,24.376006441223833,5.642780461621041,5.0858829844337095,0.6977992485238862,2.8918411164787976,,0.1274825550187869
200,37.915995705850776,3.012614063338701,5.052334943639291,15.391841116478798,24.154589371980677,5.629361245303274,5.005367686527107,0.6776704240472357,3.0327428878153517,,0.1274825550187869
201,38.25147611379496,3.0059044551798175,5.052334943639291,15.136876006441224,24.040526033279658,5.629361245303274,5.072463768115942,0.6642512077294686,3.0193236714975846,,0.1274825550187869
202,38.506441223832525,2.9924852388620504,5.052334943639291,15.029522275899087,23.785560923242084,5.629361245303274,5.072463768115942,0.6642512077294686,3.140096618357488,,0.1274825550187869
203,38.51315083199141,2.985775630703167,5.709876543209877,14.888620504562533,23.658078368223297,5.414653784219001,5.112721417069243,0.6642512077294686,2.9253891572732154,,0.1274825550187869
204,38.0300590445518,2.985775630703167,5.709876543209877,14.620236178207193,23.242082662372518,6.749865807836822,5.059044551798175,0.6642512077294686,2.8113258185721954,,0.1274825550187869
205,38.24476650563607,2.985775630703167,5.703166935050993,14.163982823403114,23.10789049919485,6.723027375201288,5.46833064949007,0.6642512077294686,2.8113258185721954,,0.1274825550187869
206,38.43263553408481,2.985775630703167,5.6964573268921095,14.096886741814279,23.067632850241544,6.696188942565755,5.434782608695652,0.6642512077294686,2.7979066022544283,,0.1274825550187869
207,38.57353730542136,2.9723564143853998,5.683038110574342,14.036500268384327,23.040794417606012,6.66935050993022,5.434782608695652,0.6642512077294686,2.7979066022544283,,0.1274825550187869
208,39.03650026838432,2.9723564143853998,5.656199677938808,13.902308105206655,22.86634460547504,6.608964036500268,5.394524959742351,0.6642512077294686,2.771068169618894,,0.1274825550187869
209,39.452495974235106,2.9723564143853998,5.642780461621041,13.882179280730005,22.436929683306495,6.568706387546968,5.374396135265701,0.6642512077294686,2.8784219001610305,,0.1274825550187869
210,40.09661835748792,2.932098765432099,5.629361245303274,13.667471819645733,22.29602791196994,6.4412238325281805,5.300590445517981,0.6642512077294686,2.844873859366613,,0.1274825550187869
211,40.39855072463768,2.932098765432099,5.589103596349974,13.539989264626946,22.188674181427803,6.414385399892646,5.300590445517981,0.6642512077294686,2.844873859366613,,0.1274825550187869
212,40.774288781535155,2.85829307568438,5.5689747718733225,13.258185721953838,22.15512614063339,6.407675791733762,5.246913580246914,0.6642512077294686,2.9388083735909825,,0.1274825550187869
213,40.995705850778315,2.7979066022544283,5.428073000536768,13.18438003220612,21.584809447128286,7.139023081052066,5.213365539452496,0.6642512077294686,2.8650026838432634,,0.1274825550187869
214,41.02925389157273,2.7979066022544283,5.360976918947934,13.144122383252817,21.806226516371442,7.105475040257649,5.179817498658078,0.6642512077294686,2.7844873859366612,,0.1274825550187869
215,41.297638217928075,2.791196994095545,5.314009661835748,13.043478260869565,21.74584004294149,7.071926999463232,5.166398282340311,0.6642512077294686,2.7777777777777777,,0.1274825550187869
216,41.619699409554485,2.771068169618894,5.287171229200215,12.949543746645196,21.651905528717123,7.065217391304348,5.092592592592593,0.6642512077294686,2.771068169618894,,0.1274825550187869
217,42.07595276435856,2.771068169618894,5.233494363929147,12.76838432635534,21.38352120236178,7.03166935050993,5.199946323134729,0.6642512077294686,2.7442297369833604,,0.1274825550187869
218,42.51878690284487,2.7442297369833604,5.213365539452496,12.741545893719806,21.121846484165324,6.937734836285561,5.193236714975845,0.6642512077294686,2.737520128824477,,0.1274825550187869
219,41.00912506709608,2.7442297369833604,5.146269457863661,11.748523886205046,23.98684916800859,6.608964036500268,5.267042404723564,0.6642512077294686,2.6972624798711755,,0.1274825550187869
220,41.15002683843264,2.737520128824477,5.173107890499195,11.688137412775093,23.939881910896403,6.595544820182502,5.226784755770263,0.6642512077294686,2.6972624798711755,,0.1274825550187869
221,41.51905528717123,2.717391304347826,5.152979066022544,11.66129898013956,23.718464841653248,6.561996779388084,5.186527106816962,0.6642512077294686,2.690552871712292,,0.1274825550187869
222,41.76731078904992,2.7106816961889426,5.146269457863661,11.600912506709609,23.59098228663446,6.561996779388084,5.179817498658078,0.6642512077294686,2.6502952227589907,,0.1274825550187869
223,42.069243156199676,2.677133655394525,5.146269457863661,11.540526033279656,23.409822866344605,6.5552871712292005,5.159688674181428,0.6642512077294686,2.6502952227589907,,0.1274825550187869
224,42.29736983360172,2.677133655394525,5.146269457863661,11.426462694578637,23.34272678475577,6.5552871712292005,5.12614063338701,0.6642512077294686,2.636876006441224,,0.1274825550187869
225,42.77375201288245,2.623456790123457,5.119431025228127,11.292270531400966,23.13472893183038,6.521739130434782,5.10601180891036,0.6642512077294686,2.636876006441224,,0.1274825550187869
226,42.67981749865808,2.1135265700483092,5.045625335480408,12.681159420289855,22.537573805689746,6.468062265163715,5.10601180891036,0.6642512077294686,2.576489533011272,,0.1274825550187869
227,43.06897477187332,2.1135265700483092,5.045625335480408,12.634192163177671,22.41009125067096,6.400966183574879,5.038915727321524,0.6642512077294686,2.49597423510467,,0.1274825550187869
228,43.31052066559313,2.1135265700483092,5.045625335480408,12.620772946859903,22.27589908749329,6.353998926462695,5.005367686527107,0.6642512077294686,2.49597423510467,,0.11406333870101985
229,43.05555555555556,2.1135265700483092,6.112453032742888,12.5,22.094739667203434,6.206387546967257,4.643048845947397,0.6642512077294686,2.49597423510467,,0.11406333870101985
230,43.47155126140633,2.1135265700483092,5.998389694041868,12.439613526570048,21.967257112184647,6.152710681696189,4.616210413311863,0.6642512077294686,2.462426194310252,,0.11406333870101985
231,43.71980676328502,2.1068169618894257,5.978260869565218,12.29200214707461,21.926999463231347,6.139291465378422,4.5960815888352125,0.6642512077294686,2.462426194310252,,0.11406333870101985
232,43.65271068169619,2.1068169618894257,5.9514224369296835,12.29200214707461,20.92055823939882,6.078904991948471,4.5893719806763285,0.6642512077294686,3.629898013955985,,0.11406333870101985
233,43.90096618357488,2.0397208803005906,5.911164787976382,12.157809983896941,21.034621578099838,6.052066559312936,4.569243156199678,0.6642512077294686,3.556092324208266,,0.11406333870101985
234,41.6129898013956,2.033011272141707,5.763553408480945,12.942834138486312,20.061728395061728,10.38647342995169,3.1535158346752548,0.48980139559849706,3.4420289855072466,,0.11406333870101985
235,41.948470209339774,2.033011272141707,5.763553408480945,12.902576489533011,19.83360171765969,10.373054213633925,3.1333870101986045,0.48980139559849706,3.408480944712829,,0.11406333870101985
236,42.20343531937735,2.033011272141707,5.750134192163178,12.808641975308642,19.712828770799785,10.34621578099839,3.1333870101986045,0.48980139559849706,3.408480944712829,,0.11406333870101985
237,42.60601180891036,1.9994632313472893,5.508588298443371,12.634192163177671,19.672571121846484,10.339506172839506,3.2340311325818574,0.48980139559849706,3.4017713365539453,,0.11406333870101985
