,45,50,55,51,52,54,56,58,53,57,60,59,62,61,46
0,93.96135265700484,6.025228126677402,0.013419216317767043,,,,,,,,,,,,
1,93.78690284487386,6.199677938808374,0.013419216317767043,,,,,,,,,,,,
2,88.04347826086956,11.647879763821793,0.026838432635534086,0.14090177133655393,0.14090177133655393,,,,,,,,,,
3,87.902576489533,11.75523349436393,0.06038647342995169,0.14090177133655393,0.14090177133655393,,,,,,,,,,
4,86.64787976382179,13.009930220075148,0.06038647342995169,0.14090177133655393,0.14090177133655393,,,,,,,,,,
5,83.78958668813742,14.848362855609233,0.0939345142243693,1.107085346215781,0.13419216317767044,0.026838432635534086,,,,,,,,,
6,83.62184648416533,14.982555018786902,0.1274825550187869,1.107085346215781,0.13419216317767044,0.026838432635534086,,,,,,,,,
7,71.06816961889426,25.0805152979066,0.10735373054213634,3.5829307568438002,0.13419216317767044,0.026838432635534086,,,,,,,,,
8,70.86017176596887,25.228126677402038,0.16774020397208803,3.5829307568438002,0.13419216317767044,0.026838432635534086,,,,,,,,,
9,70.25630703166935,25.85882984433709,0.1878690284487386,3.5225442834138487,0.13419216317767044,0.026838432635534086,0.013419216317767043,,,,,,,,
10,68.1159420289855,25.637412775093935,0.20128824476650564,3.5225442834138487,2.4691358024691357,0.026838432635534086,0.013419216317767043,0.013419216317767043,,,,,,,
11,68.02871712292003,25.187869028448738,0.2214170692431562,3.4822866344605474,3.012614063338701,0.026838432635534086,0.026838432635534086,0.013419216317767043,,,,,,,
12,57.60198604401503,30.857487922705314,0.2147074610842727,8.13875469672571,3.012614063338701,0.05367686527106817,0.10735373054213634,0.013419216317767043,,,,,,,
13,56.025228126677405,30.233494363929147,0.2147074610842727,10.44015029522276,2.9119699409554483,0.05367686527106817,0.10735373054213634,0.013419216317767043,,,,,,,
14,55.99168008588298,29.837627482555018,0.6642512077294686,10.420021470746109,2.9119699409554483,0.05367686527106817,0.10735373054213634,0.013419216317767043,,,,,,,
15,54.750402576489535,31.17283950617284,0.6508319914117016,10.339506172839506,2.9119699409554483,0.05367686527106817,0.10735373054213634,0.013419216317767043,,,,,,,
16,54.63633923778851,31.246645195920557,0.6776704240472357,10.339506172839506,2.9119699409554483,0.06709608158883522,0.10735373054213634,0.013419216317767043,,,,,,,
17,52.865002683843265,33.15888352120236,0.6977992485238862,10.319377348362856,2.7442297369833604,0.040257648953301126,0.10735373054213634,0.04696725711218465,0.020128824476650563,,,,,,
18,52.804616210413315,33.20585077831455,0.7112184648416533,10.292538915727322,2.7442297369833604,0.040257648953301126,0.13419216317767044,0.04696725711218465,0.020128824476650563,,,,,,
19,52.703972088030056,31.870638754696724,0.7716049382716049,10.104669887278583,4.30756843800322,0.040257648953301126,0.13419216317767044,0.04696725711218465,0.020128824476650563,,,,,,
20,52.10681696188943,32.31347289318304,0.7917337627482555,10.0979602791197,4.30756843800322,0.040257648953301126,0.12077294685990338,0.04696725711218465,0.17444981213097155,,,,,,
21,49.93961352657005,34.225711218464845,0.7917337627482555,10.111379495437467,4.549114331723027,0.040257648953301126,0.12077294685990338,0.04696725711218465,0.17444981213097155,,,,,,
22,41.599570585077835,40.49248523886205,1.0332796564680622,8.460815888352121,8.024691358024691,0.040257648953301126,0.0939345142243693,0.08051529790660225,0.17444981213097155,,,,,,
23,41.54589371980676,40.53945249597424,1.0332796564680622,8.641975308641975,7.803274288781535,0.040257648953301126,0.10735373054213634,0.08051529790660225,0.17444981213097155,0.03354804079441761,,,,,
24,37.25174449812131,41.33118625872249,0.5703166935050993,8.61513687600644,11.79549114331723,0.040257648953301126,0.10735373054213634,0.08051529790660225,0.17444981213097155,0.03354804079441761,,,,,
25,34.312936124530324,40.693773483628554,0.5568974771873323,12.258454106280194,11.748523886205046,0.040257648953301126,0.10735373054213634,0.08051529790660225,0.06038647342995169,0.14090177133655393,,,,,
26,33.53462157809984,41.84782608695652,0.5568974771873323,12.258454106280194,11.29898013955985,0.040257648953301126,0.10735373054213634,0.08051529790660225,0.06038647342995169,0.2147074610842727,,,,,
27,33.50107353730542,41.82098765432099,0.5904455179817498,12.285292538915728,11.29898013955985,0.040257648953301126,0.10735373054213634,0.08051529790660225,0.06038647342995169,0.2147074610842727,,,,,
28,33.48094471282877,41.8142780461621,0.6172839506172839,12.258454106280194,11.325818572195384,0.040257648953301126,0.10735373054213634,0.08051529790660225,0.06038647342995169,0.2147074610842727,,,,,
29,31.890767579173378,43.4044551798175,0.7716049382716049,12.25174449812131,11.16478797638218,0.040257648953301126,0.12077294685990338,0.08051529790660225,0.020128824476650563,0.2549651100375738,,,,,
30,31.890767579173378,41.92163177670424,0.644122383252818,12.198067632850242,10.077831454643048,0.040257648953301126,0.1274825550187869,0.06709608158883522,2.8113258185721954,0.2214170692431562,,,,,
31,30.495169082125603,43.585614600107355,0.6977992485238862,12.171229200214707,9.749060654857756,0.04696725711218465,0.1274825550187869,0.06709608158883522,2.8381642512077296,0.2214170692431562,,,,,
32,28.039452495974235,46.041331186258724,0.6977992485238862,12.171229200214707,9.749060654857756,0.04696725711218465,0.1274825550187869,0.06709608158883522,2.8381642512077296,0.2214170692431562,,,,,
33,27.47584541062802,42.51878690284487,0.8789586688137413,16.049382716049383,9.749060654857756,0.04696725711218465,0.14761137949543746,0.06709608158883522,2.844873859366613,0.2214170692431562,,,,,
34,27.4422973698336,42.47852925389157,0.95276435856146,16.009125067096083,9.749060654857756,0.04696725711218465,0.1878690284487386,0.06709608158883522,2.844873859366613,0.2214170692431562,,,,,
35,26.247987117552334,40.78770799785293,1.482823403113258,18.357487922705314,9.762479871175524,0.040257648953301126,0.1878690284487386,0.06709608158883522,2.844873859366613,0.2214170692431562,,,,,
36,26.25469672571122,40.76086956521739,1.4895330112721417,18.243424584004295,9.668545356951155,0.040257648953301126,0.28180354267310787,0.06709608158883522,2.9924852388620504,0.20128824476650564,,,,,
37,26.20101986044015,40.083199141170155,0.9863123993558777,19.49141170155663,9.668545356951155,0.040257648953301126,0.2683843263553409,0.06709608158883522,2.9924852388620504,0.20128824476650564,,,,,
38,26.147342995169083,39.94900697799248,1.1741814278046163,19.47799248523886,9.64170692431562,0.040257648953301126,0.28180354267310787,0.06709608158883522,2.9924852388620504,0.2281266774020397,,,,,
39,25.925925925925927,38.94927536231884,1.2681159420289856,19.43102522812668,10.305958132045088,0.20128824476650564,0.30864197530864196,0.06709608158883522,3.3279656468062266,0.2147074610842727,,,,,
40,25.543478260869566,38.016639828234034,1.3955984970477724,19.196188942565755,10.205314009661835,0.19457863660762212,0.30864197530864196,0.06709608158883522,4.8443370907139025,0.2281266774020397,,,,,
41,25.5703166935051,36.93639291465379,1.4694041867954912,19.196188942565755,10.205314009661835,0.19457863660762212,0.30864197530864196,0.06709608158883522,5.8239398819108965,0.2281266774020397,,,,,
42,25.523349436392916,36.99006977992485,1.570048309178744,19.028448738593667,9.997316156736447,0.19457863660762212,0.47638217928073,0.06709608158883522,5.8239398819108965,0.32877079978529256,,,,,
43,24.376006441223833,32.41411701556629,1.596886741814278,24.718196457326894,10.560923242082662,0.19457863660762212,0.5099302200751477,0.06709608158883522,5.246913580246914,0.3153515834675255,,,,,
44,24.10091250670961,32.66237251744498,1.6103059581320451,23.17498658078368,12.117552334943639,0.19457863660762212,0.5099302200751477,0.06709608158883522,5.246913580246914,0.3153515834675255,,,,,
45,22.852925389157274,34.29951690821256,1.6304347826086956,22.765700483091788,12.117552334943639,0.19457863660762212,0.5099302200751477,0.06709608158883522,5.246913580246914,0.3153515834675255,,,,,
46,21.26945786366076,31.87734836285561,1.6304347826086956,26.50966183574879,12.969672571121846,0.20799785292538917,0.5233494363929146,0.06709608158883522,4.62962962962963,0.3153515834675255,,,,,
47,21.202361782071925,28.945249597423512,1.5633387010198605,25.617283950617285,12.775093934514224,0.20799785292538917,0.5837359098228664,0.0939345142243693,8.695652173913043,0.3153515834675255,,,,,
48,18.223295759527645,35.79575952764358,1.3754696725711217,28.267579173376276,11.419753086419753,0.20799785292538917,0.5636070853462157,0.0939345142243693,3.7372517444981215,0.3153515834675255,,,,,
49,18.223295759527645,35.768921095008054,1.42914653784219,28.153515834675254,11.419753086419753,0.20799785292538917,0.630703166935051,0.0939345142243693,3.7573805689747717,0.3153515834675255,,,,,
50,17.975040257648953,35.76221148684917,1.482823403113258,26.878690284487387,11.560654857756306,0.20799785292538917,0.6105743424584005,0.0939345142243693,5.112721417069243,0.3153515834675255,,,,,
51,17.961621041331185,35.668276972624795,1.5365002683843263,26.8719806763285,11.3593666129898,0.6508319914117016,0.6709608158883521,0.0939345142243693,4.938271604938271,0.24825550187869028,,,,,
52,17.827428878153516,34.856414385399894,1.5096618357487923,28.207192699946322,11.11111111111111,0.6508319914117016,0.5568974771873323,0.12077294685990338,4.911433172302737,0.24825550187869028,,,,,
53,17.820719269994633,34.31964573268921,1.583467525496511,28.166935050993022,11.11111111111111,0.8789586688137413,0.5971551261406334,0.12077294685990338,5.152979066022544,0.24825550187869028,,,,,
54,17.85426731078905,34.272678475577024,1.570048309178744,26.36876006441224,12.93612453032743,0.8789586688137413,0.5636070853462157,0.15432098765432098,5.152979066022544,0.24825550187869028,,,,,
55,16.888083735909824,32.085346215781,1.8048845947396672,28.804347826086957,12.93612453032743,1.3821792807300053,0.5703166935050993,0.13419216317767044,5.146269457863661,0.24825550187869028,,,,,
56,16.7337627482555,31.696188942565755,1.8719806763285025,28.77750939345142,13.39237788513151,1.3821792807300053,0.5703166935050993,0.14761137949543746,5.146269457863661,0.28180354267310787,,,,,
57,16.7337627482555,31.642512077294686,1.9256575415995705,28.77750939345142,13.358829844337091,1.3821792807300053,0.5703166935050993,0.14761137949543746,5.146269457863661,0.3153515834675255,,,,,
58,16.75389157273215,31.568706387546968,1.9927536231884058,28.764090177133657,13.325281803542673,1.3821792807300053,0.5703166935050993,0.1610305958132045,5.132850241545894,0.3488996242619431,,,,,
59,16.76731078904992,31.49490069779925,2.0531400966183573,28.764090177133657,13.325281803542673,1.3821792807300053,0.5703166935050993,0.1610305958132045,5.132850241545894,0.3488996242619431,,,,,
60,16.740472356414386,31.488191089640367,2.0933977455716586,28.73054213633924,13.278314546430488,1.3821792807300053,0.5971551261406334,0.17444981213097155,5.119431025228127,0.39586688137412773,,,,,
61,16.606280193236714,31.300322061191626,2.2410091250670963,28.67686527106817,13.24476650563607,1.3821792807300053,0.6374127750939346,0.17444981213097155,5.307300053676865,0.4294149221685454,,,,,
62,16.472088030059044,31.40096618357488,2.2410091250670963,28.710413311862588,13.20450885668277,1.3821792807300053,0.6374127750939346,0.17444981213097155,5.307300053676865,0.46967257112184646,,,,,
63,16.15673644659152,30.340848094471284,2.2208803005904456,28.27428878153516,13.191089640365004,3.307836822329576,0.5568974771873323,0.17444981213097155,5.307300053676865,0.46967257112184646,,,,,
64,15.693773483628556,29.1532474503489,2.3483628556092326,31.843800322061192,12.070585077831455,3.227321524422974,0.5501878690284487,0.12077294685990338,4.38137412775094,0.6105743424584005,,,,,
65,15.707192699946322,29.01905528717123,2.3215244229736984,31.662640901771336,10.46027911969941,3.2675791733762747,0.5367686527106817,0.12077294685990338,6.286902844873859,0.6172839506172839,,,,,
66,15.378421900161031,26.214439076757916,2.0933977455716586,31.300322061191626,13.177670424047236,3.026033279656468,0.48980139559849706,0.12077294685990338,7.648953301127214,0.5501878690284487,,,,,
67,15.277777777777779,26.06682769726248,2.1135265700483092,30.864197530864196,14.492753623188406,3.052871712292002,0.6910896403650026,0.12077294685990338,6.830381105743425,0.48980139559849706,,,,,
68,15.257648953301127,24.48336017176597,2.1604938271604937,30.60252281266774,13.989533011272142,2.8515834675254963,0.9259259259259259,0.12077294685990338,9.131776704240472,0.47638217928073,,,,,
69,15.24422973698336,23.8191089640365,2.8784219001610305,30.56897477187332,13.989533011272142,2.932098765432099,0.9192163177670424,0.12077294685990338,9.05126140633387,0.47638217928073,,,,,
70,15.210681696188942,23.49704777241009,2.7308105206655933,29.750402576489535,15.33816425120773,2.918679549114332,0.8923778851315083,0.13419216317767044,9.037842190016104,0.47638217928073,0.013419216317767043,,,,
71,14.935587761674718,22.839506172839506,2.576489533011272,34.46054750402576,12.714707461084272,2.918679549114332,0.8655394524959742,0.14761137949543746,8.192431561996779,0.33548040794417605,0.013419216317767043,,,,
72,14.922168545356952,22.805958132045088,2.61003757380569,34.20558239398819,12.949543746645196,2.9119699409554483,0.9259259259259259,0.14761137949543746,8.152173913043478,0.35560923242082665,0.013419216317767043,,,,
73,14.875201288244767,22.356414385399894,2.6502952227589907,33.9170692431562,12.889157273215245,2.9119699409554483,0.8454106280193237,0.18115942028985507,8.984165324745035,0.3757380568974772,0.013419216317767043,,,,
74,14.915458937198068,22.356414385399894,2.6502952227589907,33.823134728931834,12.882447665056361,2.9052603327965647,0.9125067096081588,0.20799785292538917,8.957326892109501,0.3757380568974772,0.013419216317767043,,,,
75,11.761943102522812,31.112453032742888,2.932098765432099,33.21926999463231,8.447396672034353,2.8515834675254963,0.8319914117015567,0.16774020397208803,8.3064949006978,0.35560923242082665,0.013419216317767043,,,,
76,11.761943102522812,31.085614600107355,2.932098765432099,32.950885668276975,8.447396672034353,2.8515834675254963,1.1272141706924315,0.16774020397208803,8.3064949006978,0.35560923242082665,0.013419216317767043,,,,
77,11.81561996779388,30.24020397208803,2.9052603327965647,32.90391841116479,8.266237251744498,3.898282340311326,1.1741814278046163,0.16774020397208803,8.259527643585615,0.35560923242082665,0.013419216317767043,,,,
78,11.79549114331723,30.20665593129361,2.9589371980676327,32.87707997852925,8.266237251744498,3.898282340311326,1.2010198604401503,0.2281266774020397,8.199141170155663,0.35560923242082665,0.013419216317767043,,,,
79,11.788781535158346,29.716854535695116,2.952227589908749,35.33279656468062,7.347020933977456,3.8043478260869565,1.1674718196457328,0.18115942028985507,7.380568974771873,0.3153515834675255,0.013419216317767043,,,,
80,11.81561996779388,29.70343531937735,3.099838969404187,35.10466988727858,7.347020933977456,3.8043478260869565,1.2077294685990339,0.18115942028985507,7.407407407407407,0.3153515834675255,0.013419216317767043,,,,
81,11.560654857756306,29.146537842190018,3.026033279656468,31.790123456790123,10.59447128287708,3.8043478260869565,1.1943102522812667,0.18115942028985507,8.373590982286634,0.3153515834675255,0.013419216317767043,,,,
82,10.513955984970478,26.85185185185185,2.952227589908749,35.87627482555019,10.46027911969941,3.683574879227053,1.0802469135802468,0.20799785292538917,8.038110574342458,0.322061191626409,0.013419216317767043,,,,
83,9.708803005904455,26.576757917337627,2.8784219001610305,37.59393451422437,9.353193773483628,3.6500268384326353,1.0802469135802468,0.20799785292538917,8.588298443370908,0.3488996242619431,0.013419216317767043,,,,
84,9.688674181427805,26.596886741814277,2.898550724637681,37.567096081588836,9.326355340848094,3.6500268384326353,1.0802469135802468,0.24154589371980675,8.561460010735374,0.3757380568974772,0.013419216317767043,,,,
85,9.66183574879227,26.52308105206656,3.0394524959742353,37.553676865271065,9.46725711218465,3.6500268384326353,1.1137949543746646,0.2683843263553409,8.333333333333334,0.3757380568974772,0.013419216317767043,,,,
86,9.675254965110037,25.811862587224905,3.1535158346752548,37.31213097155126,9.39345142243693,3.6500268384326353,1.3754696725711217,0.2952227589908749,8.943907675791733,0.3757380568974772,0.013419216317767043,,,,
87,9.634997316156737,25.207997852925388,3.6097691894793345,37.03703703703704,8.930488459473967,4.669887278582931,1.3888888888888888,0.24154589371980675,8.896940418679549,0.36902844873859364,0.013419216317767043,,,,
88,9.621578099838969,25.140901771336555,3.6768652710681695,36.85587761674718,8.890230810520666,4.669887278582931,1.583467525496511,0.2549651100375738,8.883521202361782,0.4092860976918948,0.013419216317767043,,,,
89,9.614868491680086,25.006709608158882,3.6902844873859366,36.782071926999464,9.185453569511541,4.669887278582931,1.6170155662909287,0.2549651100375738,8.735909822866345,0.4092860976918948,0.03354804079441761,,,,
90,9.614868491680086,24.966451959205582,3.730542136339238,36.594202898550726,9.178743961352657,4.669887278582931,1.8048845947396672,0.2549651100375738,8.735909822866345,0.41599570585077833,0.03354804079441761,,,,
91,9.614868491680086,24.966451959205582,3.730542136339238,36.56736446591519,9.178743961352657,4.669887278582931,1.8317230273752012,0.2549651100375738,8.735909822866345,0.41599570585077833,0.03354804079441761,,,,
92,9.614868491680086,24.93961352657005,3.7573805689747717,36.45330112721417,9.178743961352657,4.669887278582931,1.9457863660762211,0.2683843263553409,8.722490606548577,0.41599570585077833,0.03354804079441761,,,,
93,9.614868491680086,24.731615673644658,3.844605475040258,36.41975308641975,9.265968867418144,4.669887278582931,2.0128824476650564,0.28180354267310787,8.675523349436393,0.4495437466451959,0.03354804079441761,,,,
94,9.601449275362318,22.946859903381643,5.877616747181965,36.171497584541065,9.138486312399356,4.62962962962963,2.120236178207193,0.28180354267310787,8.682232957595277,0.47638217928073,0.07380568974771873,,,,
95,9.574610842726784,22.920021470746107,5.938003220611916,36.13794954374664,9.091519055287172,4.622920021470746,2.147074610842727,0.28180354267310787,8.682232957595277,0.5300590445517982,0.07380568974771873,,,,
96,9.601449275362318,22.765700483091788,6.078904991948471,36.06414385399893,9.091519055287172,4.609500805152979,2.2208803005904456,0.28180354267310787,8.682232957595277,0.5300590445517982,0.07380568974771873,,,,
97,9.044551798174986,22.19538378958669,6.139291465378422,33.44068706387547,12.983091787439614,4.045893719806763,2.01959205582394,0.24825550187869028,9.41358024691358,0.3757380568974772,0.06709608158883522,0.026838432635534086,,,
98,8.876811594202898,19.41760601180891,5.4616210413311865,33.95061728395062,12.506709608158884,4.025764895330113,2.1739130434782608,0.24154589371980675,12.882447665056361,0.3824476650563607,0.05367686527106817,0.026838432635534086,,,
99,8.856682769726248,19.390767579173378,5.4549114331723025,33.9573268921095,11.869296833064949,4.079441760601181,2.818035426731079,0.2616747181964573,12.86231884057971,0.36902844873859364,0.05367686527106817,0.026838432635534086,,,
100,8.883521202361782,19.216317767042405,5.60252281266774,33.89694041867955,11.855877616747183,4.05931293612453,2.871712292002147,0.2885131508319914,12.795222758990874,0.4495437466451959,0.05367686527106817,0.026838432635534086,,,
101,8.870101986044014,18.4447128287708,6.380837359098229,33.7962962962963,11.855877616747183,4.05931293612453,2.9723564143853998,0.2952227589908749,12.761674718196458,0.4830917874396135,0.05367686527106817,0.026838432635534086,,,
102,8.849973161567364,18.270263016639827,7.729468599033816,33.04482018250134,11.701556629092861,3.8580246913580245,2.9589371980676327,0.2952227589908749,12.681159420289855,0.5300590445517982,0.05367686527106817,0.026838432635534086,,,
103,7.695920558239399,19.558507783145465,7.897208803005904,32.930756843800324,11.520397208803006,3.8580246913580245,3.0394524959742353,0.2952227589908749,12.567096081588835,0.5568974771873323,0.05367686527106817,0.026838432635534086,,,
104,7.635534084809447,19.51154052603328,7.7361782071927,31.199677938808374,10.82259796027912,3.9989264626945786,3.0730005367686526,0.2952227589908749,15.069779924852389,0.5703166935050993,0.05367686527106817,0.03354804079441761,,,
105,7.635534084809447,19.424315619967793,7.9106280193236715,30.334138486312398,10.68840579710145,5.441492216854535,2.818035426731079,0.2952227589908749,14.801395598497047,0.5703166935050993,0.04696725711218465,0.03354804079441761,,,
106,7.5348899624261945,19.32367149758454,7.9106280193236715,30.06575415995706,10.63472893183038,5.246913580246914,2.717391304347826,0.2952227589908749,15.405260332796564,0.785024154589372,0.04696725711218465,0.03354804079441761,,,
107,7.105475040257649,18.59903381642512,7.877079978529254,31.57541599570585,10.63472893183038,5.233494363929147,2.737520128824477,0.2952227589908749,15.063070316693505,0.785024154589372,0.04696725711218465,0.04696725711218465,,,
108,7.071926999463232,18.5654857756307,7.648953301127214,31.54186795491143,10.84272678475577,5.267042404723564,2.9924852388620504,0.2952227589908749,14.88191089640365,0.785024154589372,0.06038647342995169,0.04696725711218465,,,
109,7.071926999463232,18.53864734299517,7.6623725174449815,31.54186795491143,10.84272678475577,5.267042404723564,2.9924852388620504,0.30864197530864196,14.88191089640365,0.785024154589372,0.06038647342995169,0.04696725711218465,,,
110,7.011540526033279,18.511808910359633,7.541599570585078,32.68250134192163,10.258990874932904,4.99194847020934,3.0059044551798175,0.30864197530864196,14.962426194310252,0.6172839506172839,0.06038647342995169,0.04696725711218465,,,
111,7.024959742351046,18.47826086956522,7.575147611379496,32.68250134192163,10.245571658615138,4.99194847020934,3.0059044551798175,0.3421900161030596,14.928878153515834,0.6172839506172839,0.06038647342995169,0.04696725711218465,,,
112,7.0383789586688135,18.45813204508857,7.702630166398282,32.63553408480945,10.225442834138486,4.978529253891573,3.0394524959742353,0.3421900161030596,14.848362855609233,0.6239935587761675,0.06038647342995169,0.04696725711218465,,,
113,7.024959742351046,18.310520665593128,7.816693505099302,32.6154052603328,10.225442834138486,5.0858829844337095,2.952227589908749,0.3824476650563607,14.828234031132581,0.6642512077294686,0.06038647342995169,0.03354804079441761,,,
114,6.608964036500268,17.954911433172303,8.3064949006978,33.561460010735374,9.567901234567902,4.750402576489533,3.260869565217391,0.3824476650563607,14.821524422973699,0.6910896403650026,0.06038647342995169,0.03354804079441761,,,
115,6.608964036500268,17.941492216854535,8.293075684380032,33.561460010735374,9.567901234567902,4.750402576489533,3.260869565217391,0.4092860976918948,14.794685990338165,0.7179280730005367,0.06038647342995169,0.03354804079441761,,,
116,6.588835212023618,17.55233494363929,8.091787439613526,32.387278582930755,9.567901234567902,4.736983360171766,3.207192699946323,0.4092860976918948,16.606280193236714,0.7447665056360708,0.07380568974771873,0.03354804079441761,,,
117,6.602254428341385,17.54562533548041,8.09849704777241,32.367149758454104,9.541062801932368,4.790660225442834,3.227321524422974,0.4294149221685454,16.55931293612453,0.7313472893183038,0.07380568974771873,0.03354804079441761,,,
118,6.615673644659152,17.54562533548041,8.09849704777241,32.31347289318304,9.541062801932368,4.790660225442834,3.2675791733762747,0.4428341384863124,16.545893719806763,0.7313472893183038,0.07380568974771873,0.03354804079441761,,,
119,6.608964036500268,17.47181964573269,8.400429414922169,32.07192699946323,9.514224369296834,4.790660225442834,3.307836822329576,0.48980139559849706,16.472088030059044,0.7581857219538379,0.08051529790660225,0.03354804079441761,,,
120,6.629092860976919,17.47181964573269,8.380300590445518,32.06521739130435,9.514224369296834,4.750402576489533,3.3279656468062266,0.5233494363929146,16.438539989264626,0.785024154589372,0.08051529790660225,0.03354804079441761,,,
121,6.602254428341385,17.008856682769725,8.3064949006978,32.6556629092861,10.420021470746109,4.643048845947397,3.3548040794417604,0.49651100375738055,15.693773483628556,0.7313472893183038,0.05367686527106817,0.03354804079441761,,,
122,6.253354804079442,16.344605475040257,8.272946859903382,34.10493827160494,10.44015029522276,4.669887278582931,3.3145464304884595,0.49651100375738055,15.237520128824476,0.7246376811594203,0.08051529790660225,0.06038647342995169,,,
123,6.273483628556092,16.317767042404725,8.158883521202362,34.01100375738057,10.433440687063875,4.669887278582931,3.4151905528717124,0.5904455179817498,15.237520128824476,0.7112184648416533,0.08051529790660225,0.10064412238325282,,,
124,6.273483628556092,16.223832528180353,8.165593129361245,33.60842726784756,10.373054213633925,4.468599033816425,3.844605475040258,0.5904455179817498,15.58641975308642,0.7112184648416533,0.08051529790660225,0.07380568974771873,,,
125,6.286902844873859,16.223832528180353,7.286634460547504,32.971014492753625,12.72812667740204,4.468599033816425,3.898282340311326,0.5367686527106817,14.848362855609233,0.5837359098228664,0.07380568974771873,0.07380568974771873,0.020128824476650563,,
126,6.280193236714976,16.223832528180353,7.212828770799785,32.8569511540526,12.714707461084272,4.468599033816425,4.092860976918948,0.5367686527106817,14.848362855609233,0.5971551261406334,0.07380568974771873,0.07380568974771873,0.020128824476650563,,
127,5.622651637144391,15.814546430488459,7.367149758454106,34.05797101449275,12.553676865271068,4.575952764358561,4.1129898013955986,0.5367686527106817,14.579978529253891,0.6105743424584005,0.07380568974771873,0.07380568974771873,0.020128824476650563,,
128,5.622651637144391,15.814546430488459,7.39398819108964,33.863392377885134,12.553676865271068,4.549114331723027,4.280730005367687,0.5367686527106817,14.579978529253891,0.6105743424584005,0.10064412238325282,0.07380568974771873,0.020128824476650563,,
129,5.636070853462158,15.660225442834138,7.333601717659689,33.702361782071925,12.506709608158884,4.582662372517445,4.300858829844337,0.5434782608695652,14.875201288244767,0.6508319914117016,0.10064412238325282,0.08722490606548577,0.020128824476650563,,
130,5.636070853462158,15.660225442834138,7.340311325818572,33.111916264090176,12.224906065485776,4.884594739667204,4.864465915190553,0.5770263016639828,14.841653247450349,0.6508319914117016,0.10064412238325282,0.08722490606548577,0.020128824476650563,,
131,5.636070853462158,15.351583467525497,7.347020933977456,32.99785292538916,12.110842726784755,4.824208266237251,4.87788513150832,0.5770263016639828,15.351583467525497,0.6709608158883521,0.10064412238325282,0.13419216317767044,0.020128824476650563,,
132,5.5756843800322065,15.371712292002147,7.360440150295223,32.99785292538916,12.097423510466989,4.830917874396135,4.904723564143854,0.5703166935050993,15.297906602254429,0.7380568974771873,0.10064412238325282,0.13419216317767044,0.020128824476650563,,
133,5.5756843800322065,15.371712292002147,7.360440150295223,32.9374664519592,12.077294685990339,4.830917874396135,4.9718196457326895,0.5904455179817498,15.277777777777779,0.7514761137949544,0.10064412238325282,0.13419216317767044,0.020128824476650563,,
134,5.589103596349974,15.371712292002147,7.387278582930757,32.9374664519592,12.077294685990339,4.830917874396135,4.9718196457326895,0.6374127750939346,15.203972088030058,0.7380568974771873,0.10064412238325282,0.13419216317767044,0.020128824476650563,,
135,5.58239398819109,15.28448738593666,7.320182501341922,31.54186795491143,13.647342995169081,4.830917874396135,4.891304347826087,0.6709608158883521,15.210681696188942,0.7313472893183038,0.10064412238325282,0.16774020397208803,0.020128824476650563,,
136,5.58239398819109,15.28448738593666,7.320182501341922,31.52173913043478,13.593666129898015,4.669887278582931,4.884594739667204,0.6709608158883521,15.425389157273216,0.7581857219538379,0.10064412238325282,0.16774020397208803,0.020128824476650563,,
137,5.488459473966721,15.056360708534621,7.266505636070853,32.06521739130435,13.47289318303811,4.656468062265164,5.059044551798175,0.6977992485238862,15.190552871712292,0.7447665056360708,0.10064412238325282,0.16774020397208803,0.020128824476650563,0.013419216317767043,
138,5.119431025228127,14.002952227589908,7.326892109500805,33.54804079441761,14.076757917337627,4.455179817498658,4.7638217928073,0.7045088566827697,14.922168545356952,0.7783145464304885,0.10064412238325282,0.16774020397208803,0.020128824476650563,0.013419216317767043,
139,5.119431025228127,13.862050456253355,7.333601717659689,33.393719806763286,14.036500268384327,4.656468062265164,4.918142780461621,0.8454106280193237,14.78797638217928,0.7447665056360708,0.10064412238325282,0.16774020397208803,0.020128824476650563,0.013419216317767043,
140,5.0858829844337095,13.895598497047773,7.333601717659689,33.36688137412775,14.036500268384327,4.656468062265164,4.924852388620504,0.8655394524959742,14.78797638217928,0.7447665056360708,0.10064412238325282,0.16774020397208803,0.020128824476650563,0.013419216317767043,
141,5.0858829844337095,13.855340848094471,7.333601717659689,33.272946859903385,14.029790660225443,4.656468062265164,5.005367686527107,0.8655394524959742,14.78797638217928,0.8051529790660226,0.10064412238325282,0.16774020397208803,0.020128824476650563,0.013419216317767043,
142,5.0993022007514766,13.808373590982287,7.340311325818572,33.272946859903385,14.002952227589908,4.656468062265164,5.005367686527107,0.8655394524959742,14.781266774020397,0.8319914117015567,0.13419216317767044,0.16774020397208803,0.020128824476650563,0.013419216317767043,
143,5.119431025228127,13.808373590982287,7.320182501341922,33.272946859903385,13.976113794954374,4.663177670424047,4.998658078368224,0.8588298443370908,14.76784755770263,0.8454106280193237,0.13419216317767044,0.20128824476650564,0.020128824476650563,0.013419216317767043,
144,5.132850241545894,13.79495437466452,7.347020933977456,33.25281803542673,13.955984970477724,4.904723564143854,4.978529253891573,0.8454106280193237,14.579978529253891,0.8387010198604401,0.13419216317767044,0.20128824476650564,0.020128824476650563,0.013419216317767043,
145,5.139559849704777,13.79495437466452,7.340311325818572,33.21256038647343,13.875469672571121,4.904723564143854,5.018786902844874,0.8454106280193237,14.579978529253891,0.9192163177670424,0.13419216317767044,0.20128824476650564,0.020128824476650563,0.013419216317767043,
146,5.139559849704777,13.774825550187868,7.326892109500805,33.011272141706925,13.875469672571121,4.938271604938271,5.193236714975845,0.8454106280193237,14.606816961889425,0.9192163177670424,0.13419216317767044,0.20128824476650564,0.020128824476650563,0.013419216317767043,
147,5.139559849704777,13.761406333870102,7.340311325818572,33.011272141706925,13.875469672571121,4.904723564143854,5.193236714975845,0.8454106280193237,14.586688137412775,0.9192163177670424,0.13419216317767044,0.2549651100375738,0.020128824476650563,0.013419216317767043,
148,4.898013955984971,13.419216317767042,7.353730542136339,33.70907139023081,13.741277509393452,4.864465915190553,5.320719269994632,0.8454106280193237,14.472624798711756,0.95276435856146,0.13419216317767044,0.2549651100375738,0.020128824476650563,0.013419216317767043,
149,4.898013955984971,13.39237788513151,7.521470746108427,33.59500805152979,13.70101986044015,4.864465915190553,5.360976918947934,0.8454106280193237,14.445786366076222,0.95276435856146,0.13419216317767044,0.2549651100375738,0.020128824476650563,0.013419216317767043,
150,4.864465915190553,13.41250670960816,7.467793880837359,33.51449275362319,13.6406333870102,4.87788513150832,5.4616210413311865,0.8588298443370908,14.445786366076222,1.0332796564680622,0.13419216317767044,0.2549651100375738,0.020128824476650563,0.013419216317767043,
151,4.864465915190553,13.365539452495975,7.601986044015029,33.299785292538914,13.620504562533547,4.864465915190553,5.662909286097692,0.8856682769726248,14.251207729468598,1.1473429951690821,0.13419216317767044,0.2683843263553409,0.020128824476650563,0.013419216317767043,
152,4.864465915190553,13.365539452495975,7.601986044015029,33.25952764358561,13.620504562533547,4.864465915190553,5.703166935050993,0.8856682769726248,14.251207729468598,1.1473429951690821,0.13419216317767044,0.2683843263553409,0.020128824476650563,0.013419216317767043,
153,4.830917874396135,13.20450885668277,7.434245840042942,36.272141706924316,12.560386473429952,4.723564143853999,5.622651637144391,0.9728931830381106,12.875738056897477,1.1003757380568975,0.10064412238325282,0.2683843263553409,0.020128824476650563,0.013419216317767043,
154,4.824208266237251,13.20450885668277,7.454374664519592,36.25872249060655,12.560386473429952,4.7101449275362315,5.622651637144391,1.0064412238325282,12.855609232420827,1.1003757380568975,0.10064412238325282,0.2683843263553409,0.020128824476650563,0.013419216317767043,
155,4.783950617283951,13.191089640365004,7.454374664519592,36.64117015566291,12.352388620504563,4.797369833601718,5.35426731078905,1.0198604401502953,12.828770799785293,1.1741814278046163,0.10064412238325282,0.2683843263553409,0.020128824476650563,0.013419216317767043,
156,4.797369833601718,13.177670424047236,7.454374664519592,36.312399355877616,12.338969404186795,4.562533548040794,5.58239398819109,1.0198604401502953,13.177670424047236,1.1741814278046163,0.10064412238325282,0.2683843263553409,0.020128824476650563,0.013419216317767043,
157,4.830917874396135,13.137412775093935,7.48792270531401,36.211755233494365,12.325550187869029,4.5893719806763285,5.709876543209877,0.9930220075147611,13.144122383252817,1.1674718196457328,0.10064412238325282,0.2683843263553409,0.020128824476650563,0.013419216317767043,
158,4.8443370907139025,12.895866881374127,7.5281803542673105,37.64090177133655,11.064143853998926,4.5893719806763285,5.71658615136876,0.9930220075147611,13.144122383252817,1.1808910359634996,0.10064412238325282,0.2683843263553409,0.020128824476650563,0.013419216317767043,
159,4.871175523349437,12.889157273215245,7.6556629092860975,36.621041331186255,11.064143853998926,5.300590445517981,5.783682232957595,0.9930220075147611,13.264895330112722,1.1540526033279657,0.10064412238325282,0.2683843263553409,0.020128824476650563,0.013419216317767043,
160,4.898013955984971,12.406065485775631,8.125335480407944,36.574074074074076,11.064143853998926,5.300590445517981,5.803811057434245,0.9930220075147611,13.264895330112722,1.1540526033279657,0.10064412238325282,0.28180354267310787,0.020128824476650563,0.013419216317767043,
161,4.824208266237251,12.385936661298981,8.21256038647343,38.93585614600107,9.896672034353195,5.025496511003757,5.179817498658078,0.9057971014492754,13.238056897477188,0.9997316156736447,0.10064412238325282,0.28180354267310787,,0.013419216317767043,
162,4.8443370907139025,12.325550187869029,8.279656468062266,38.70101986044015,9.896672034353195,5.260332796564681,5.179817498658078,0.9393451422436929,13.177670424047236,0.9997316156736447,0.10064412238325282,0.28180354267310787,,0.013419216317767043,
163,4.8443370907139025,12.305421363392378,8.299785292538916,38.70101986044015,9.896672034353195,5.273752012882448,5.173107890499195,0.9259259259259259,13.097155126140633,1.0869565217391304,0.10064412238325282,0.28180354267310787,,0.013419216317767043,
164,4.8443370907139025,12.305421363392378,8.299785292538916,38.22463768115942,10.889694041867955,5.273752012882448,5.045625335480408,0.9259259259259259,12.721417069243156,1.093666129898014,0.10064412238325282,0.2616747181964573,,0.013419216317767043,
165,4.864465915190553,12.27187332259796,8.299785292538916,38.18438003220612,10.876274825550189,5.267042404723564,5.0858829844337095,0.9259259259259259,12.734836285560924,1.1003757380568975,0.11406333870101985,0.2616747181964573,,0.013419216317767043,
166,4.87788513150832,12.258454106280194,8.32662372517445,38.08373590982286,10.876274825550189,5.24020397208803,5.193236714975845,0.9326355340848095,12.70799785292539,1.1272141706924315,0.10064412238325282,0.2616747181964573,,0.013419216317767043,
167,4.790660225442834,12.090713902308105,8.440687063875469,39.19753086419753,10.084541062801932,5.213365539452496,5.199946323134729,0.9326355340848095,12.587224906065487,1.0869565217391304,0.10064412238325282,0.2616747181964573,,0.013419216317767043,
168,4.790660225442834,11.654589371980677,8.239398819108963,41.606280193236714,9.078099838969404,4.408212560386473,4.1532474503489,0.8319914117015567,13.90901771336554,0.9460547504025765,0.11406333870101985,0.2549651100375738,,0.013419216317767043,
169,4.790660225442834,11.600912506709609,8.313204508856682,41.35131508319914,9.064680622651638,4.374664519592056,4.341116478797638,0.8588298443370908,13.935856146001074,0.9594739667203436,0.14090177133655393,0.2549651100375738,,0.013419216317767043,
170,4.770531400966184,11.560654857756306,8.158883521202362,41.06280193236715,9.380032206119163,4.26731078904992,4.435050993022007,0.8923778851315083,14.076757917337627,0.9594739667203436,0.16774020397208803,0.2549651100375738,,0.013419216317767043,
171,4.770531400966184,11.560654857756306,8.185721953837897,40.94873859366613,9.333064949006978,4.26731078904992,4.522275899087493,0.8923778851315083,14.076757917337627,1.0064412238325282,0.16774020397208803,0.2549651100375738,,0.013419216317767043,
172,4.783950617283951,11.560654857756306,7.991143317230274,40.50590445517982,9.219001610305957,5.166398282340311,4.555823939881911,0.8923778851315083,13.895598497047773,1.0064412238325282,0.15432098765432098,0.2549651100375738,,0.013419216317767043,
173,4.582662372517445,11.735104669887278,8.024691358024691,40.35829307568438,9.219001610305957,5.166398282340311,4.703435319377348,0.9259259259259259,13.855340848094471,1.0064412238325282,0.15432098765432098,0.2549651100375738,,0.013419216317767043,
174,4.5960815888352125,11.681427804616211,8.091787439613526,39.65378421900161,9.078099838969404,5.166398282340311,5.548845947396672,0.9057971014492754,13.828502415458937,1.0265700483091786,0.15432098765432098,0.2549651100375738,,0.013419216317767043,
175,4.5960815888352125,11.674718196457327,8.09849704777241,38.801663982823406,9.044551798174986,5.750134192163178,5.320719269994632,0.9057971014492754,14.358561460010735,1.0265700483091786,0.15432098765432098,0.2549651100375738,,0.013419216317767043,
176,4.602791196994096,11.674718196457327,7.62211486849168,40.29790660225443,9.044551798174986,5.166398282340311,5.421363392377885,0.8454106280193237,13.94927536231884,1.0131508319914118,0.15432098765432098,0.19457863660762212,,0.013419216317767043,
177,4.616210413311863,11.674718196457327,7.62211486849168,40.123456790123456,9.044551798174986,5.166398282340311,5.595813204508857,0.8454106280193237,13.935856146001074,1.0131508319914118,0.15432098765432098,0.19457863660762212,,0.013419216317767043,
178,4.636339237788513,11.66129898013956,7.608695652173913,40.11003757380569,9.044551798174986,5.166398282340311,5.595813204508857,0.9057971014492754,13.875469672571121,1.0131508319914118,0.15432098765432098,0.2147074610842727,,0.013419216317767043,
179,4.656468062265164,11.647879763821793,7.7361782071927,39.96913580246913,9.044551798174986,5.159688674181428,5.5756843800322065,0.9460547504025765,13.848631239935587,1.0332796564680622,0.15432098765432098,0.2147074610842727,,0.013419216317767043,
180,4.64975845410628,11.674718196457327,7.930756843800322,39.58668813741278,8.99087493290392,5.414653784219001,5.589103596349974,0.9259259259259259,13.761406333870102,1.093666129898014,0.15432098765432098,0.2147074610842727,,0.013419216317767043,
181,4.676596886741814,11.621041331186259,8.044820182501342,39.28475577026302,8.99087493290392,5.407944176060118,5.790391841116479,0.9259259259259259,13.754696725711218,1.107085346215781,0.16774020397208803,0.2147074610842727,,0.013419216317767043,
182,4.676596886741814,11.627750939345143,8.044820182501342,38.801663982823406,8.964036500268385,5.763553408480945,5.917874396135265,0.9728931830381106,13.66076221148685,1.1741814278046163,0.16774020397208803,0.2147074610842727,,0.013419216317767043,
