,45,50,53,55,51,54,58,52,56,57
0,99.65110037573805,0.3488996242619431,,,,,,,,
1,97.32957595276436,2.6704240472356413,,,,,,,,
2,90.97557702630166,9.024422973698336,,,,,,,,
3,89.27804616210413,10.721953837895867,,,,,,,,
4,85.74208266237251,14.257917337627482,,,,,,,,
5,30.97826086956522,69.02173913043478,,,,,,,,
6,31.179549114331724,56.86392914653784,9.27938808373591,2.677133655394525,,,,,,
7,28.871443907675793,55.3341384863124,9.272678475577026,2.677133655394525,3.844605475040258,,,,,
8,23.89291465378422,62.493290391841114,9.23913043478261,2.657004830917874,1.7176596886741815,,,,,
9,19.53166935050993,53.26086956521739,8.55475040257649,2.6502952227589907,14.184111647879764,1.5230810520665594,0.2952227589908749,,,
10,11.896135265700483,59.936929683306495,8.55475040257649,2.6502952227589907,14.13714439076758,2.5295222758990876,0.2952227589908749,,,
11,10.413311862587225,57.709339774557165,6.6760601180891035,2.6301663982823404,17.559044551798173,4.7168545356951155,0.2952227589908749,,,
12,8.984165324745035,49.7987117552335,5.763553408480945,2.6033279656468062,30.10601180891036,2.4490069779924855,0.2952227589908749,,,
13,6.863929146537842,19.43773483628556,1.6103059581320451,,56.30703166935051,,,15.304616210413311,0.20128824476650564,0.27509393451422437
14,7.232957595276436,18.90096618357488,1.6103059581320451,0.46296296296296297,56.125872249060656,,,15.190552871712292,0.20128824476650564,0.27509393451422437
15,7.689210950080516,18.760064412238325,3.743961352657005,0.46296296296296297,53.858024691358025,,,15.009393451422437,0.20128824476650564,0.27509393451422437
16,7.340311325818572,16.59286097691895,4.810789049919484,0.46296296296296297,49.69806763285024,2.046430488459474,,16.284219001610307,2.4892646269457863,0.27509393451422437
17,7.6556629092860975,16.525764895330113,2.462426194310252,0.46296296296296297,53.777509393451425,0.41599570585077833,,16.13660762211487,2.2879763821792807,0.27509393451422437
18,7.7831454643048845,16.42512077294686,4.502147074610843,0.7380568974771873,41.36473429951691,0.41599570585077833,,26.288244766505635,2.4020397208803006,0.08051529790660225
19,8.199141170155663,15.002683843263553,4.213633923778851,1.0735373054213635,41.0829307568438,2.1135265700483092,,25.831991411701555,2.4020397208803006,0.08051529790660225
20,8.105206655931294,14.955716586151368,4.206924315619967,1.0735373054213635,48.37627482555019,2.4490069779924855,,18.303811057434245,2.462426194310252,0.06709608158883522
21,7.749597423510467,13.539989264626946,4.206924315619967,1.0466988727858293,45.30327428878154,2.1403650026838434,,19.95437466451959,6.005099302200751,0.05367686527106817
22,8.064949006977992,12.97638217928073,6.172839506172839,1.107085346215781,41.17015566290929,2.1403650026838434,,23.58427267847558,4.736983360171766,0.04696725711218465
23,8.568169618894256,12.855609232420827,6.172839506172839,5.911164787976382,36.553945249597426,1.8585614600107354,,23.523886205045624,4.508856682769726,0.04696725711218465
24,7.6623725174449815,15.573000536768653,6.0654857756307035,5.911164787976382,36.50697799248524,1.8585614600107354,,21.66532474503489,4.502147074610843,0.2549651100375738
25,6.863929146537842,13.741277509393452,4.85775630703167,5.911164787976382,44.20960815888352,4.025764895330113,,17.632850241545892,2.5496511003757383,0.20799785292538917
26,6.837090713902308,13.734567901234568,4.85775630703167,5.884326355340848,44.867149758454104,3.9586688137412773,,17.102791196994094,2.5496511003757383,0.20799785292538917
27,7.179280730005368,13.70101986044015,4.830917874396135,5.857487922705314,44.7061191626409,3.9452495974235107,,17.03569511540526,2.536231884057971,0.20799785292538917
28,7.856951154052603,12.734836285560924,4.817498658078368,4.394793344068707,44.28341384863124,4.904723564143854,,18.310520665593128,2.4892646269457863,0.20799785292538917
29,8.427267847557703,12.721417069243156,4.783950617283951,4.394793344068707,43.914385399892645,4.904723564143854,,18.16290928609769,2.4825550187869028,0.20799785292538917
30,8.621846484165324,12.721417069243156,6.769994632313473,3.0864197530864197,43.47155126140633,4.904723564143854,,17.733494363929147,2.4825550187869028,0.20799785292538917
31,8.883521202361782,12.714707461084272,6.729736983360172,3.361513687600644,43.04884594739667,4.87788513150832,,17.693236714975846,2.4825550187869028,0.20799785292538917
32,8.548040794417606,12.513419216317766,6.568706387546968,3.3548040794417604,37.72812667740204,4.7101449275362315,,23.886205045625335,2.4825550187869028,0.20799785292538917
33,7.675791733762749,7.206119162640902,6.159420289855072,2.818035426731079,38.7614063338701,1.3821792807300053,0.19457863660762212,33.19243156199678,2.4020397208803006,0.20799785292538917
34,7.722758990874933,7.206119162640902,8.99087493290392,2.791196994095545,36.211755233494365,1.2278582930756843,0.19457863660762212,32.43424584004294,2.24771873322598,0.9728931830381106
35,7.514761137949543,7.192699946323135,11.077563070316694,2.7241009125067097,34.99060654857756,1.247987117552335,0.19457863660762212,32.27992485238862,1.8048845947396672,0.9728931830381106
36,6.971282877079979,4.549114331723027,11.003757380568974,2.6704240472356413,33.81642512077295,1.247987117552335,0.19457863660762212,37.07729468599034,1.4962426194310252,0.9728931830381106
37,7.320182501341922,4.522275899087493,10.93666129898014,2.6704240472356413,31.984702093397747,1.247987117552335,0.1878690284487386,35.768921095008054,4.388083735909823,0.9728931830381106
38,7.669082125603865,4.522275899087493,10.909822866344605,2.6704240472356413,31.890767579173378,1.2144390767579174,0.1878690284487386,35.587761674718195,4.388083735909823,0.9594739667203436
39,8.433977455716587,4.428341384863124,10.762211486849168,2.6033279656468062,33.07836822329576,1.2144390767579174,0.1878690284487386,33.72920021470746,4.602791196994096,0.9594739667203436
40,6.468062265163715,4.253891572732153,9.192163177670425,1.4761137949543746,24.46323134728932,1.1540526033279657,0.12077294685990338,50.456253354804076,1.6035963499731616,0.8118625872249061
41,6.595544820182502,4.253891572732153,9.078099838969404,1.4761137949543746,23.262211486849168,6.595544820182502,0.12077294685990338,46.202361782071925,1.6035963499731616,0.8118625872249061
42,7.03166935050993,4.253891572732153,9.057971014492754,1.4761137949543746,23.2487922705314,6.568706387546968,0.12077294685990338,45.82662372517445,1.6035963499731616,0.8118625872249061
43,7.628824476650563,3.978797638217928,8.527911969940956,1.4694041867954912,23.020665593129362,6.6760601180891035,0.12077294685990338,46.02791196994095,1.737788513150832,0.8118625872249061
44,7.742887815351583,3.6366076221148687,8.501073537305421,1.442565754159957,24.778582930756844,5.535426731078905,,45.74610842726785,1.8853998926462694,0.7313472893183038
45,7.4208266237251745,3.5762211486849167,5.870907139023081,1.4090177133655395,33.299785292538914,4.951690821256038,0.11406333870101985,41.532474503489,1.1674718196457328,0.6575415995705851
46,8.205850778314547,3.5628019323671496,5.850778314546431,1.3754696725711217,32.910628019323674,4.757112184648417,0.11406333870101985,41.29092860976919,1.2748255501878691,0.6575415995705851
47,8.641975308641975,3.5628019323671496,5.8172302737520125,1.3620504562533549,31.48148148148148,7.253086419753086,0.11406333870101985,39.83494363929147,1.2748255501878691,0.6575415995705851
48,8.93719806763285,3.502415458937198,5.803811057434245,1.3620504562533549,31.30703166935051,7.253086419753086,0.11406333870101985,39.78797638217928,1.2748255501878691,0.6575415995705851
49,9.520933977455716,3.3950617283950617,5.797101449275362,1.3620504562533549,31.19296833064949,7.098765432098766,0.11406333870101985,39.61352657004831,1.247987117552335,0.6575415995705851
50,9.829575952764358,3.3950617283950617,5.797101449275362,1.3620504562533549,30.951422436929683,7.098765432098766,0.11406333870101985,39.54643048845947,1.247987117552335,0.6575415995705851
51,10.258990874932904,3.3145464304884595,5.522007514761138,1.2412775093934514,32.30005367686527,7.058507783145465,0.11406333870101985,38.28502415458937,1.247987117552335,0.6575415995705851
52,9.977187332259795,2.4557165861513686,5.495169082125604,1.2412775093934514,38.989533011272144,7.0383789586688135,0.11406333870101985,32.63553408480945,1.247987117552335,0.8051529790660226
53,10.379763821792807,2.4557165861513686,5.46833064949007,1.2345679012345678,38.63392377885131,7.024959742351046,0.11406333870101985,32.51476113794954,1.3687600644122384,0.8051529790660226
54,10.171765968867419,2.4355877616747184,8.668813741277509,1.221148684916801,35.7085346215781,7.024959742351046,0.11406333870101985,32.26650563607085,1.596886741814278,0.7917337627482555
55,6.602254428341385,24.530327428878152,8.36688137412775,2.999194847020934,27.985775630703166,4.944981213097155,0.11406333870101985,22.65834675254965,1.1540526033279657,0.644122383252818
56,6.964573268921095,21.994095544820183,10.795759527643586,2.999194847020934,27.87842190016103,4.944981213097155,0.11406333870101985,22.41009125067096,1.2546967257112185,0.644122383252818
57,7.232957595276436,21.940418679549115,10.695115405260333,2.9790660225442833,27.831454643048847,4.944981213097155,0.11406333870101985,22.396672034353195,1.221148684916801,0.644122383252818
58,7.917337627482555,14.821524422973699,8.225979602791197,2.932098765432099,33.12533548040794,4.944981213097155,0.11406333870101985,26.154052603327965,1.1205045625335481,0.644122383252818
59,7.877079978529254,13.150831991411701,7.98443370907139,5.01207729468599,35.73537305421363,3.0931293612453032,0.11406333870101985,25.268384326355342,1.1205045625335481,0.644122383252818
60,8.266237251744498,13.103864734299517,7.98443370907139,5.01207729468599,35.567632850241544,3.0931293612453032,0.11406333870101985,25.09393451422437,1.1205045625335481,0.644122383252818
61,7.018250134192163,11.83574879227053,5.3341384863123995,4.951690821256038,31.253354804079443,2.3483628556092326,0.11406333870101985,35.37976382179281,1.1205045625335481,0.644122383252818
62,7.7898550724637685,10.493827160493828,5.3274288781535155,4.951690821256038,37.40606548577563,2.3483628556092326,0.11406333870101985,29.8040794417606,1.1205045625335481,0.644122383252818
63,8.32662372517445,10.446859903381643,7.454374664519592,4.4753086419753085,36.70155662909286,1.7444981213097155,0.11406333870101985,28.864734299516908,1.2278582930756843,0.644122383252818
64,8.957326892109501,10.44015029522276,7.212828770799785,4.9651100375738055,35.89640365002684,1.7444981213097155,0.11406333870101985,28.797638217928075,1.2278582930756843,0.644122383252818
65,9.333064949006978,10.373054213633925,7.212828770799785,4.8443370907139025,33.66881374127751,1.7444981213097155,0.11406333870101985,30.837359098228664,1.2278582930756843,0.644122383252818
66,8.561460010735374,10.332796564680622,8.266237251744498,4.8443370907139025,38.38566827697262,1.5029522275899088,0.11406333870101985,26.120504562533547,1.2278582930756843,0.644122383252818
67,9.01100375738057,10.332796564680622,8.252818035426731,4.830917874396135,37.21148684916801,1.482823403113258,0.11406333870101985,25.825281803542673,2.2946859903381642,0.644122383252818
68,9.23913043478261,6.702898550724638,10.279119699409554,4.797369833601718,35.54079441760601,1.3352120236178207,0.11406333870101985,29.066022544283413,2.281266774020397,0.644122383252818
69,9.614868491680086,6.6760601180891035,9.88996242619431,4.770531400966184,35.89640365002684,1.3352120236178207,0.11406333870101985,28.83118625872249,2.26784755770263,0.6038647342995169
70,8.84326355340848,6.6760601180891035,8.387010198604402,5.428073000536768,34.31964573268921,1.3352120236178207,0.11406333870101985,32.15915190552872,2.167203435319377,0.5703166935050993
71,9.447128287707997,6.568706387546968,8.293075684380032,5.374396135265701,34.21229200214707,1.3217928073000538,0.11406333870101985,31.655931293612454,2.4557165861513686,0.5568974771873323
72,9.749060654857756,6.421095008051529,8.293075684380032,5.434782608695652,34.09151905528717,1.3217928073000538,0.11406333870101985,31.57541599570585,2.442297369833602,0.5568974771873323
73,10.560923242082662,6.367418142780462,8.21256038647343,5.548845947396672,33.74932903918411,1.3150831991411702,0.11406333870101985,31.00509930220075,2.5697799248523885,0.5568974771873323
74,10.88298443370907,6.340579710144928,8.192431561996779,5.528717122920021,33.66881374127751,1.3150831991411702,0.11406333870101985,30.83064949006978,2.5697799248523885,0.5568974771873323
75,11.151368760064413,6.132581857219538,8.145464304884594,5.428073000536768,33.56816961889426,2.073268921095008,0.11406333870101985,30.26033279656468,2.5697799248523885,0.5568974771873323
76,11.252012882447666,6.038647342995169,8.145464304884594,5.367686527106817,33.32662372517445,2.073268921095008,0.11406333870101985,29.810789049919485,3.3145464304884595,0.5568974771873323
77,11.419753086419753,6.031937734836285,8.132045088566828,5.367686527106817,33.2662372517445,2.073268921095008,0.11406333870101985,29.757112184648417,3.294417606011809,0.5434782608695652
78,11.419753086419753,6.031937734836285,8.111916264090176,5.522007514761138,33.17901234567901,2.073268921095008,0.11406333870101985,29.71014492753623,3.294417606011809,0.5434782608695652
79,12.04374664519592,6.031937734836285,8.09849704777241,5.508588298443371,32.75630703166935,2.073268921095008,0.11406333870101985,29.408212560386474,3.421900161030596,0.5434782608695652
80,13.043478260869565,5.998389694041868,7.924047235641439,5.508588298443371,32.18599033816425,2.073268921095008,0.11406333870101985,29.20692431561997,3.4151905528717124,0.5300590445517982
81,13.976113794954374,5.9514224369296835,7.823403113258186,5.501878690284487,31.629092860976918,2.059849704777241,0.11406333870101985,29.11969940955448,3.3413848631239937,0.4830917874396135
82,14.573268921095009,5.924584004294149,7.823403113258186,7.742887815351583,29.71014492753623,1.9659151905528718,0.11406333870101985,28.509125067096083,3.1535158346752548,0.4830917874396135
83,15.049651100375739,5.810520665593129,7.7898550724637685,7.742887815351583,29.488727858293075,1.9659151905528718,0.11406333870101985,28.401771336553946,3.1535158346752548,0.4830917874396135
84,15.814546430488459,5.683038110574342,7.769726247987117,7.62211486849168,29.300858829844337,1.9256575415995705,0.11406333870101985,28.16022544283414,3.126677402039721,0.4830917874396135
85,16.304347826086957,5.676328502415459,7.75630703166935,7.601986044015029,28.99892646269458,1.8988191089640365,0.11406333870101985,27.932098765432098,3.2340311325818574,0.4830917874396135
86,16.478797638217927,5.662909286097692,7.75630703166935,7.595276435856146,28.904991948470208,1.8853998926462694,0.11406333870101985,27.885131508319915,3.2340311325818574,0.4830917874396135
87,17.05582393988191,5.656199677938808,7.709339774557166,7.541599570585078,28.488996242619432,1.8853998926462694,0.11406333870101985,27.717391304347824,3.3480944712828773,0.4830917874396135
88,17.58588298443371,5.58239398819109,7.689210950080516,7.481213097155126,28.388352120236178,1.8786902844873858,0.11406333870101985,27.30810520665593,3.488996242619431,0.4830917874396135
89,17.954911433172303,5.58239398819109,7.6556629092860975,7.447665056360709,28.24074074074074,1.7914653784219001,0.11406333870101985,27.26113794954375,3.4822866344605474,0.46967257112184646
90,18.035426731078903,5.535426731078905,7.648953301127214,7.347020933977456,28.213902308105208,1.7914653784219001,0.11406333870101985,27.61003757380569,3.2340311325818574,0.46967257112184646
91,18.055555555555557,5.522007514761138,9.990606548577563,7.347020933977456,26.29495437466452,1.778046162104133,0.11406333870101985,27.42216854535695,3.0059044551798175,0.46967257112184646
92,17.411433172302736,5.508588298443371,9.849704777241008,5.495169082125604,29.159957058507782,1.778046162104133,0.11406333870101985,27.214170692431562,2.999194847020934,0.46967257112184646
93,15.24422973698336,5.481749865807837,6.461352657004831,5.213365539452496,37.98309178743961,0.9125067096081588,0.020128824476650563,26.41572732152442,1.7981749865807837,0.46967257112184646
94,15.559581320450885,5.481749865807837,6.4412238325281805,5.213365539452496,37.67444981213097,0.9125067096081588,0.020128824476650563,26.301663982823403,1.9256575415995705,0.46967257112184646
95,15.787707997852925,5.481749865807837,6.4412238325281805,5.213365539452496,37.533548040794415,0.9125067096081588,0.020128824476650563,26.214439076757916,1.9256575415995705,0.46967257112184646
96,16.163446054750402,5.293880837359098,5.938003220611916,4.951690821256038,36.621041331186255,0.6709608158883521,0.020128824476650563,27.730810520665592,2.1403650026838434,0.46967257112184646
97,16.512345679012345,5.293880837359098,5.938003220611916,4.9651100375738055,36.292270531400966,0.6709608158883521,0.020128824476650563,27.697262479871174,2.1403650026838434,0.46967257112184646
98,17.337627482555018,5.267042404723564,5.904455179817498,4.931561996779388,35.909822866344605,0.6709608158883521,0.020128824476650563,27.34836285560923,2.1403650026838434,0.46967257112184646
99,17.485238862050455,5.267042404723564,5.837359098228664,4.898013955984971,36.43317230273752,0.6709608158883521,0.020128824476650563,26.778046162104133,2.1403650026838434,0.46967257112184646
100,17.652979066022546,5.159688674181428,6.447933440687064,5.032206119162641,36.25872249060655,0.6709608158883521,0.020128824476650563,26.147342995169083,2.1403650026838434,0.46967257112184646
101,18.00187869028449,5.132850241545894,6.447933440687064,5.032206119162641,36.111111111111114,0.6709608158883521,0.020128824476650563,25.97289318303811,2.1403650026838434,0.46967257112184646
102,18.19645732689211,5.119431025228127,6.421095008051529,5.032206119162641,36.00375738056898,0.6709608158883521,0.020128824476650563,25.925925925925927,2.1403650026838434,0.46967257112184646
103,18.874127750939344,5.052334943639291,6.421095008051529,5.005367686527107,35.48040794417606,0.6709608158883521,0.020128824476650563,25.87895866881374,2.1269457863660763,0.46967257112184646
104,18.894256575415994,5.01207729468599,6.414385399892646,4.871175523349437,35.829307568438004,0.6709608158883521,0.020128824476650563,25.72463768115942,2.0933977455716586,0.46967257112184646
105,19.45786366076221,4.9718196457326895,6.414385399892646,4.750402576489533,35.507246376811594,0.6709608158883521,0.020128824476650563,25.697799248523886,2.0397208803005906,0.46967257112184646
106,17.431561996779386,4.314278046162104,6.3070316693505095,4.42163177670424,43.484970477724104,2.0799785292538915,0.020128824476650563,19.880568974771872,1.5901771336553945,0.46967257112184646
107,17.780461621041333,4.28743961352657,6.293612453032743,4.374664519592056,43.303811057434245,2.0665593129361244,0.020128824476650563,19.81347289318304,1.5901771336553945,0.46967257112184646
108,18.109232420826622,4.28743961352657,6.246645195920558,4.750402576489533,42.73349436392915,2.0665593129361244,0.020128824476650563,19.726247987117553,1.5901771336553945,0.46967257112184646
109,18.209876543209877,4.28743961352657,8.467525496511003,4.696725711218465,40.915190552871714,2.0665593129361244,0.020128824476650563,19.53166935050993,1.3352120236178207,0.46967257112184646
110,18.612453032742888,4.247181964573269,8.407139023081053,4.676596886741814,40.74074074074074,2.0531400966183573,0.020128824476650563,19.47799248523886,1.2949543746645196,0.46967257112184646
111,19.202898550724637,4.247181964573269,8.266237251744498,4.817498658078368,40.29119699409554,2.0531400966183573,0.020128824476650563,19.33709071390231,1.2949543746645196,0.46967257112184646
112,18.263553408480945,4.2270531400966185,7.769726247987117,4.810789049919484,38.5601180891036,3.9519592055823938,,20.967525496511005,0.9796027911969941,0.46967257112184646
113,18.397745571658614,4.2270531400966185,7.769726247987117,4.770531400966184,38.506441223832525,3.9519592055823938,,20.9272678475577,0.9796027911969941,0.46967257112184646
114,18.914385399892645,4.186795491143317,7.75630703166935,4.757112184648417,38.33870101986044,3.9519592055823938,,20.665593129361245,0.9594739667203436,0.46967257112184646
115,18.894256575415994,4.186795491143317,7.6623725174449815,4.757112184648417,38.28502415458937,4.723564143853999,,20.081857219538378,0.9594739667203436,0.4495437466451959
116,18.06897477187332,4.146537842190016,7.340311325818572,4.2203435319377345,40.45893719806763,4.723564143853999,,19.64573268921095,0.9460547504025765,0.4495437466451959
117,16.982018250134193,4.0995705850778315,7.071926999463232,3.7238325281803544,42.69994632313473,4.690016103059581,,19.51154052603328,0.7716049382716049,0.4495437466451959
118,17.693236714975846,4.066022544283414,6.998121309715513,3.6902844873859366,42.3443370907139,4.5960815888352125,,19.424315619967793,0.7380568974771873,0.4495437466451959
119,18.015297906602253,4.005636070853462,6.977992485238862,3.6231884057971016,42.223564143854,4.5960815888352125,,19.370638754696724,0.7380568974771873,0.4495437466451959
120,18.4044551798175,4.005636070853462,6.944444444444445,3.6231884057971016,41.97530864197531,4.522275899087493,,19.33709071390231,0.7380568974771873,0.4495437466451959
121,19.00161030595813,3.978797638217928,6.843800322061192,3.6231884057971016,41.75389157273215,4.448470209339774,,19.182769726247987,0.7179280730005367,0.4495437466451959
122,19.209608158883523,3.911701556629093,7.092055823939882,4.8376274825550185,40.29790660225443,3.9184111647879765,,19.565217391304348,0.7179280730005367,0.4495437466451959
123,19.632313472893184,3.844605475040258,9.225711218464841,4.810789049919484,38.137412775093935,3.784219001610306,,19.404186795491142,0.7179280730005367,0.4428341384863124
124,20.229468599033815,3.844605475040258,9.118357487922705,4.790660225442834,37.60064412238325,3.717122920021471,,19.30354267310789,0.95276435856146,0.4428341384863124
125,20.33011272141707,3.69699409554482,9.024422973698336,4.656468062265164,36.580783682232955,4.542404723564144,,19.773215244229736,0.95276435856146,0.4428341384863124
126,20.71256038647343,3.6634460547504024,8.93719806763285,4.656468062265164,36.40633387010199,4.542404723564144,,19.685990338164252,0.95276435856146,0.4428341384863124
127,21.068169618894256,3.656736446591519,8.903650026838433,4.656468062265164,36.178207192699944,4.609500805152979,,19.53166935050993,0.95276435856146,0.4428341384863124
128,21.3768115942029,3.656736446591519,8.890230810520666,4.62962962962963,36.07085346215781,4.549114331723027,,19.43102522812668,0.95276435856146,0.4428341384863124
129,21.658615136876005,3.656736446591519,8.856682769726248,4.884594739667204,35.75550187869028,4.542404723564144,,19.276704240472355,0.9259259259259259,0.4428341384863124
130,21.014492753623188,3.656736446591519,8.21256038647343,4.790660225442834,35.21202361782072,6.655931293612453,,18.894256575415994,0.9192163177670424,0.644122383252818
131,21.336553945249598,3.656736446591519,8.152173913043478,4.730273752012883,35.04428341384863,6.622383252818035,,18.71309715512614,1.107085346215781,0.6374127750939346
132,20.162372517444982,3.616478797638218,7.98443370907139,4.086151368760064,40.33145464304884,4.8376274825550185,,17.612721417069242,0.7313472893183038,0.6374127750939346
133,20.511272141706925,3.616478797638218,7.883789586688137,4.079441760601181,40.183843263553406,4.74369296833065,,17.612721417069242,0.7313472893183038,0.6374127750939346
134,20.705850778314545,3.603059581320451,7.85024154589372,4.072732152442297,40.05636070853462,4.74369296833065,,17.599302200751477,0.7313472893183038,0.6374127750939346
135,20.987654320987655,3.603059581320451,7.7898550724637685,4.05931293612453,39.962426194310254,4.730273752012883,,17.498658078368223,0.7313472893183038,0.6374127750939346
136,20.52469135802469,3.4957058507783145,7.7898550724637685,4.05931293612453,39.48604401502952,4.730273752012883,,18.491680085882983,0.785024154589372,0.6374127750939346
137,19.847020933977454,3.4957058507783145,9.634997316156737,3.9184111647879765,37.526838432635536,4.522275899087493,,19.73966720343532,0.6776704240472357,0.6374127750939346
138,20.148953301127214,3.4957058507783145,9.581320450885668,4.159957058507783,37.224906065485776,4.555823939881911,,19.51825013419216,0.6776704240472357,0.6374127750939346
139,20.605206655931294,3.488996242619431,9.561191626409018,4.119699409554482,37.043746645195924,4.555823939881911,,19.32367149758454,0.6776704240472357,0.6239935587761675
140,20.78636607622115,3.488996242619431,9.4873859366613,4.2203435319377345,36.808910359635,4.663177670424047,,19.256575415995705,0.6642512077294686,0.6239935587761675
141,21.175523349436393,3.488996242619431,9.447128287707997,4.1532474503489,36.460010735373054,4.663177670424047,,19.176060118089104,0.8118625872249061,0.6239935587761675
142,20.605206655931294,3.488996242619431,9.39345142243693,2.4825550187869028,34.70209339774557,4.4753086419753085,,23.32259796027912,0.9057971014492754,0.6239935587761675
143,20.8467525496511,3.388352120236178,9.39345142243693,2.4825550187869028,34.634997316156735,4.4753086419753085,,23.2487922705314,0.9057971014492754,0.6239935587761675
144,21.470746108427267,3.388352120236178,9.380032206119163,2.4825550187869028,34.333064949006975,4.3545356951154055,,23.067632850241544,0.9057971014492754,0.6172839506172839
145,21.712292002147073,3.3816425120772946,9.366612989801396,2.4825550187869028,34.225711218464845,4.334406870638754,,22.973698336017176,0.9057971014492754,0.6172839506172839
146,22.034353193773484,3.3548040794417604,9.306226516371444,2.7509393451422435,33.74932903918411,4.334406870638754,,22.946859903381643,0.9057971014492754,0.6172839506172839
147,22.249060654857757,3.3548040794417604,9.272678475577026,2.7509393451422435,33.63526570048309,4.334406870638754,,22.879763821792807,0.9057971014492754,0.6172839506172839
148,22.765700483091788,3.3548040794417604,9.205582393988191,2.7308105206655933,33.3064949006978,4.428341384863124,,22.685185185185187,0.9057971014492754,0.6172839506172839
149,22.86634460547504,3.321256038647343,9.185453569511541,2.717391304347826,33.2662372517445,4.4820182501341925,,22.638217928073,0.9057971014492754,0.6172839506172839
150,23.1280193236715,3.260869565217391,9.185453569511541,2.717391304347826,33.13204508856683,4.736983360171766,,22.32957595276436,0.8923778851315083,0.6172839506172839
151,22.470477724100913,3.227321524422974,8.57487922705314,2.5831991411701556,32.25308641975309,5.314009661835748,,24.06736446591519,0.8923778851315083,0.6172839506172839
152,22.73886205045625,3.207192699946323,8.501073537305421,2.5697799248523885,31.95786366076221,5.528717122920021,,23.98684916800859,0.8923778851315083,0.6172839506172839
153,23.020665593129362,3.180354267310789,8.433977455716587,2.5697799248523885,31.85721953837896,5.508588298443371,,23.919753086419753,0.8923778851315083,0.6172839506172839
154,23.66478797638218,3.166935050993022,8.319914117015566,2.4691358024691357,31.608964036500268,5.522007514761138,,23.738593666129898,0.8923778851315083,0.6172839506172839
155,23.906333870101985,3.166935050993022,8.3064949006978,2.4691358024691357,31.4747718733226,5.46833064949007,,23.698336017176597,0.8923778851315083,0.6172839506172839
156,24.248523886205046,3.166935050993022,8.266237251744498,2.462426194310252,31.32716049382716,5.448201825013419,,23.57085346215781,0.8923778851315083,0.6172839506172839
157,24.490069779924852,3.1535158346752548,8.21256038647343,2.4355877616747184,31.253354804079443,5.448201825013419,,23.49704777241009,0.8923778851315083,0.6172839506172839
158,24.879227053140095,3.0864197530864197,8.185721953837897,2.4355877616747184,31.04535695115405,5.394524959742351,,23.463499731615673,0.8923778851315083,0.6172839506172839
159,24.711486849168008,2.6435856146001075,10.11808910359635,2.3886205045625335,30.797101449275363,5.374396135265701,,22.457058507783145,0.8923778851315083,0.6172839506172839
160,24.993290391841118,2.6435856146001075,10.11808910359635,2.3349436392914655,30.709876543209877,5.35426731078905,,22.33628556092324,0.8923778851315083,0.6172839506172839
161,25.234836285560924,2.6435856146001075,10.030864197530864,2.3349436392914655,30.656199677938808,5.35426731078905,,22.23564143853999,0.8923778851315083,0.6172839506172839
162,24.798711755233494,2.636876006441224,9.695383789586689,3.9318303811057436,29.918142780461622,5.35426731078905,,22.18196457326892,0.8655394524959742,0.6172839506172839
163,25.161030595813205,2.623456790123457,9.594739667203436,3.851315083199141,29.824208266237253,5.35426731078905,,22.108158883521202,0.8655394524959742,0.6172839506172839
164,25.449543746645197,2.61003757380569,9.594739667203436,3.8177670424047236,29.70343531937735,5.300590445517981,,22.041062801932366,0.8655394524959742,0.6172839506172839
165,25.489801395598498,2.61003757380569,9.567901234567902,3.81105743424584,29.622920021470748,5.723295759527644,,21.692163177670423,0.8655394524959742,0.6172839506172839
166,25.214707461084274,2.61003757380569,9.447128287707997,3.7640901771336552,26.65727321524423,7.588566827697263,,23.235373054213635,0.8655394524959742,0.6172839506172839
167,25.563607085346217,2.536231884057971,9.440418679549115,4.019055287171229,26.36876006441224,7.39398819108964,,23.201825013419217,0.8588298443370908,0.6172839506172839
168,25.603864734299517,2.536231884057971,9.440418679549115,4.247181964573269,26.154052603327965,7.37385936661299,,22.96027911969941,1.06682769726248,0.6172839506172839
169,25.744766505636072,2.536231884057971,9.426999463231347,4.247181964573269,25.986312399355878,7.340311325818572,,22.852925389157274,1.247987117552335,0.6172839506172839
170,26.03327965646806,2.5161030595813205,9.426999463231347,4.247181964573269,25.91250670960816,7.340311325818572,,22.65834675254965,1.247987117552335,0.6172839506172839
171,26.476113794954376,2.5161030595813205,9.386741814278047,4.2270531400966185,25.711218464841654,7.253086419753086,,22.564412238325282,1.247987117552335,0.6172839506172839
172,27.046430488459475,2.5161030595813205,9.286097691894794,4.2270531400966185,25.489801395598498,7.0450885668276975,,22.52415458937198,1.247987117552335,0.6172839506172839
173,27.449006977992486,2.5161030595813205,9.265968867418144,4.200214707461084,25.40257648953301,6.877348362855609,,22.450348899624263,1.221148684916801,0.6172839506172839
174,24.859098228663445,2.475845410628019,8.11862587224906,3.8714439076757916,31.702898550724637,5.810520665593129,,21.611647879763822,0.9326355340848095,0.6172839506172839
175,25.127482555018787,2.475845410628019,8.105206655931294,4.213633923778851,31.313741277509394,5.750134192163178,,21.464036500268385,0.9326355340848095,0.6172839506172839
176,25.657541599570585,2.475845410628019,8.004562533548041,4.133118625872249,29.294149221685455,7.944176060118089,,21.061460010735374,0.8118625872249061,0.6172839506172839
177,25.979602791196996,2.475845410628019,7.971014492753623,4.166666666666667,29.032474503488995,7.930756843800322,,20.90042941492217,0.9259259259259259,0.6172839506172839
178,26.113794954374665,2.475845410628019,7.957595276435856,4.166666666666667,29.032474503488995,7.897208803005904,,20.813204508856682,0.9259259259259259,0.6172839506172839
179,26.663982823403114,2.475845410628019,7.930756843800322,3.992216854535695,28.650026838432634,7.883789586688137,,20.860171765968868,0.9259259259259259,0.6172839506172839
180,25.81857219538379,2.462426194310252,7.897208803005904,3.8915727321524423,27.750939345142243,10.379763821792807,,20.26972624798712,0.9259259259259259,0.6038647342995169
181,26.221148684916802,2.442297369833602,7.890499194847021,3.770799785292539,27.61003757380569,10.379763821792807,,20.155662909286097,0.9259259259259259,0.6038647342995169
182,26.56333870101986,2.442297369833602,8.024691358024691,4.012345679012346,27.254428341384862,10.285829307568438,,19.887278582930758,0.9259259259259259,0.6038647342995169
183,26.838432635534083,2.442297369833602,7.957595276435856,4.012345679012346,27.167203435319376,10.238862050456254,,19.826892109500804,0.9125067096081588,0.6038647342995169
184,27.24771873322598,2.442297369833602,7.950885668276973,4.012345679012346,27.033011272141707,10.171765968867419,,19.6256038647343,0.9125067096081588,0.6038647342995169
185,27.489264626945786,2.442297369833602,7.823403113258186,4.012345679012346,26.99946323134729,10.138217928073,,19.578636607622116,0.9125067096081588,0.6038647342995169
186,27.66371443907676,2.428878153515835,7.776435856146001,3.9855072463768115,26.912238325281802,10.420021470746109,,19.296833064949006,0.9125067096081588,0.6038647342995169
187,28.099838969404185,2.428878153515835,7.776435856146001,3.9720880300590444,26.737788513150832,10.258990874932904,,19.223027375201287,0.8990874932903918,0.6038647342995169
188,28.442028985507246,2.3752012882447664,7.776435856146001,3.9452495974235107,26.690821256038646,10.077831454643048,,19.0552871712292,0.8990874932903918,0.7380568974771873
189,26.623725174449813,1.8317230273752012,5.669618894256575,3.69699409554482,34.004294149221685,9.373322597960279,,17.163177670424048,0.8990874932903918,0.7380568974771873
190,26.952495974235106,1.8317230273752012,5.636070853462158,3.69699409554482,33.762748255501876,9.373322597960279,,17.10950080515298,0.8990874932903918,0.7380568974771873
191,27.482555018786904,1.6438539989264627,5.636070853462158,3.7909286097691894,33.561460010735374,9.252549651100376,,17.008856682769725,0.8856682769726248,0.7380568974771873
192,27.643585614600106,1.6438539989264627,5.636070853462158,3.7909286097691894,33.49436392914654,9.252549651100376,,16.914922168545356,0.8856682769726248,0.7380568974771873
193,28.032742887815353,1.6438539989264627,5.615942028985507,3.784219001610306,33.319914117015564,9.084809447128288,,16.901502952227588,0.8789586688137413,0.7380568974771873
194,28.5426731078905,1.6438539989264627,5.60252281266774,3.784219001610306,32.971014492753625,8.977455716586151,,16.867954911433173,0.8722490606548577,0.7380568974771873
195,28.837895866881375,1.6438539989264627,5.589103596349974,3.6231884057971016,32.689210950080515,8.977455716586151,,16.914922168545356,0.9863123993558777,0.7380568974771873
196,29.106280193236714,1.6103059581320451,5.5689747718733225,3.750670960815888,32.387278582930755,9.125067096081589,,16.72705314009662,0.9863123993558777,0.7380568974771873
197,27.180622651637144,8.527911969940956,4.4820182501341925,3.2206119162640903,30.636070853462158,8.662104133118627,,15.566290928609769,0.9863123993558777,0.7380568974771873
198,27.49597423510467,8.527911969940956,4.4820182501341925,3.2206119162640903,30.387815351583466,8.648684916800859,,15.5126140633387,0.9863123993558777,0.7380568974771873
199,27.556360708534623,8.353462157809984,4.4820182501341925,3.3950617283950617,30.387815351583466,8.628556092324208,,15.479066022544284,0.9863123993558777,0.7313472893183038
200,27.89855072463768,8.3467525496511,4.4820182501341925,3.3950617283950617,30.253623188405797,8.61513687600644,,15.291196994095545,0.9863123993558777,0.7313472893183038
201,28.14680622651637,8.3064949006978,4.4820182501341925,3.3950617283950617,30.132850241545892,8.561460010735374,,15.271068169618895,0.9728931830381106,0.7313472893183038
202,28.462157809983896,8.145464304884594,4.461889425657541,3.3950617283950617,30.06575415995706,8.561460010735374,,15.217391304347826,0.9594739667203436,0.7313472893183038
203,28.133387010198604,8.044820182501342,4.361245303274289,3.3145464304884595,31.89747718733226,7.863660762211487,,14.586688137412775,1.06682769726248,0.7313472893183038
204,28.475577026301664,8.004562533548041,4.341116478797638,3.2541599570585076,31.716317767042405,7.843531937734836,,14.566559312936125,1.06682769726248,0.7313472893183038
205,28.764090177133657,8.004562533548041,4.341116478797638,3.2340311325818574,31.5150295222759,7.843531937734836,,14.49946323134729,1.06682769726248,0.7313472893183038
206,28.992216854535695,8.004562533548041,4.300858829844337,3.2340311325818574,31.427804616210413,7.742887815351583,,14.49946323134729,1.06682769726248,0.7313472893183038
207,29.361245303274288,7.971014492753623,4.300858829844337,3.2340311325818574,31.313741277509394,7.742887815351583,,14.278046162104133,1.06682769726248,0.7313472893183038
208,30.038915727321523,7.971014492753623,4.186795491143317,3.3950617283950617,30.776972624798713,7.635534084809447,,14.090177133655395,1.0534084809447128,0.8521202361782072
209,30.515297906602253,7.930756843800322,4.180085882984434,3.388352120236178,30.44820182501342,7.5348899624261945,,13.996242619431026,1.1876006441223832,0.8185721953837896
210,30.88432635534085,7.924047235641439,4.17337627482555,3.388352120236178,30.24020397208803,7.514761137949543,,13.868760064412239,1.1876006441223832,0.8185721953837896
211,30.97826086956522,7.917337627482555,4.139828234031133,3.603059581320451,30.14626945786366,7.48792270531401,,13.7211486849168,1.1876006441223832,0.8185721953837896
212,31.40096618357488,7.917337627482555,4.133118625872249,3.7238325281803544,29.918142780461622,7.4006977992485234,,13.560118089103597,1.1272141706924315,0.8185721953837896
213,31.635802469135804,7.85024154589372,4.133118625872249,3.717122920021471,29.864465915190554,7.4006977992485234,,13.506441223832528,1.1272141706924315,0.7648953301127214
214,31.964573268921097,7.7831454643048845,4.133118625872249,3.717122920021471,29.676596886741816,7.347020933977456,,13.486312399355878,1.1272141706924315,0.7648953301127214
215,32.25308641975309,7.742887815351583,4.072732152442297,3.7037037037037037,29.51556629092861,7.347020933977456,,13.47289318303811,1.1272141706924315,0.7648953301127214
216,32.400697799248526,7.6623725174449815,4.072732152442297,3.7037037037037037,29.341116478797638,7.347020933977456,,13.459473966720344,1.247987117552335,0.7648953301127214
217,32.71604938271605,7.6623725174449815,4.052603327965647,3.69699409554482,29.180085882984432,7.333601717659689,,13.345410628019323,1.247987117552335,0.7648953301127214
218,33.051529790660226,7.6623725174449815,4.052603327965647,3.69699409554482,28.985507246376812,7.27992485238862,,13.258185721953838,1.247987117552335,0.7648953301127214
219,33.49436392914654,7.595276435856146,4.005636070853462,3.7104133118625873,28.710413311862588,7.273215244229737,,13.211218464841654,1.2345679012345678,0.7648953301127214
220,33.5077831454643,7.434245840042942,4.213633923778851,3.8043478260869565,28.6231884057971,7.273215244229737,,13.191089640365004,1.1876006441223832,0.7648953301127214
221,33.803005904455176,7.4006977992485234,4.200214707461084,3.797638217928073,28.455448201825014,7.246376811594203,,13.144122383252817,1.1876006441223832,0.7648953301127214
222,33.883521202361784,5.797101449275362,4.200214707461084,3.5829307568438002,28.33467525496511,7.192699946323135,,15.136876006441224,1.107085346215781,0.7648953301127214
223,33.89694041867955,5.750134192163178,4.200214707461084,3.5829307568438002,28.287707997852927,7.192699946323135,,15.083199141170155,1.2412775093934514,0.7648953301127214
224,34.11835748792271,5.750134192163178,4.200214707461084,3.5829307568438002,27.992485238862052,7.1658615136876005,,15.056360708534621,1.3687600644122384,0.7648953301127214
225,34.46725711218465,5.656199677938808,4.166666666666667,3.6768652710681695,27.80461621041331,7.152442297369833,,14.969135802469136,1.3687600644122384,0.7380568974771873
226,34.655126140633385,5.656199677938808,4.166666666666667,3.6634460547504024,27.66371443907676,7.139023081052066,,14.955716586151368,1.3620504562533549,0.7380568974771873
227,35.07783145464305,5.629361245303274,4.1532474503489,3.6634460547504024,27.576489533011273,7.024959742351046,,14.774557165861514,1.3620504562533549,0.7380568974771873
228,35.16505636070853,5.60252281266774,4.139828234031133,3.7775093934514223,27.603327965646805,6.89747718733226,,14.754428341384862,1.3217928073000538,0.7380568974771873
229,35.668276972624795,5.555555555555555,4.0995705850778315,3.750670960815888,27.334943639291467,6.890767579173376,,14.647074610842727,1.3150831991411702,0.7380568974771873
230,35.95679012345679,5.508588298443371,4.0995705850778315,3.750670960815888,27.234299516908212,6.857219538378959,,14.53972088030059,1.3150831991411702,0.7380568974771873
231,36.33252818035427,5.4616210413311865,4.072732152442297,3.750670960815888,27.147074610842726,6.857219538378959,,14.331723027375201,1.3083735909822867,0.7380568974771873
