,45,50,51,52,55,56,53,57,54,58,59
0,87.77509393451423,12.224906065485776,,,,,,,,,
1,86.53381642512078,8.447396672034353,5.018786902844874,,,,,,,,
2,84.31964573268921,10.171765968867419,3.1468062265163717,2.3617820719269993,,,,,,,
3,72.14170692431561,22.363123993558776,3.1468062265163717,2.3483628556092326,,,,,,,
4,72.29602791196994,22.22222222222222,3.1333870101986045,2.3483628556092326,,,,,,,
5,62.6207729468599,31.89747718733226,3.1333870101986045,2.3483628556092326,,,,,,,
6,57.950885668276975,27.220880300590444,12.47987117552335,2.3483628556092326,,,,,,,
7,58.08507783145464,27.086688137412775,12.47987117552335,2.3483628556092326,,,,,,,
8,58.28636607622115,26.88539989264627,12.47987117552335,2.3483628556092326,,,,,,,
9,42.99516908212561,30.99838969404187,23.658078368223297,2.3483628556092326,,,,,,,
10,42.90794417606012,31.159420289855074,23.58427267847558,2.3483628556092326,,,,,,,
11,43.03542673107891,30.971551261406333,23.34272678475577,2.3483628556092326,0.08051529790660225,0.2214170692431562,,,,,
12,43.33735909822866,30.750134192163177,23.262211486849168,2.3483628556092326,0.08051529790660225,0.2214170692431562,,,,,
13,43.45142243692968,30.67632850241546,23.221953837895867,2.3483628556092326,0.08051529790660225,0.2214170692431562,,,,,
14,40.72061191626409,26.38888888888889,30.24020397208803,2.3483628556092326,0.08051529790660225,0.2214170692431562,,,,,
15,36.70826623725174,32.48121309715513,30.152979066022546,0.30193236714975846,0.08051529790660225,0.2214170692431562,0.05367686527106817,,,,
16,29.797369833601717,39.69404186795491,29.74369296833065,0.30193236714975846,0.1878690284487386,0.2214170692431562,0.05367686527106817,,,,
17,30.26033279656468,39.22436929683307,29.643048845947398,0.30193236714975846,0.2952227589908749,0.2214170692431562,0.05367686527106817,,,,
18,29.602791196994094,32.92404723564144,36.67471819645733,,0.5233494363929146,0.2214170692431562,0.05367686527106817,,,,
19,29.656468062265162,32.79656468062265,36.63446054750403,,0.4830917874396135,0.3757380568974772,0.05367686527106817,,,,
20,29.830917874396135,32.19269994632314,36.7686527106817,,0.5300590445517982,0.6239935587761675,0.05367686527106817,,,,
21,29.66988727858293,32.380568974771876,36.741814278046164,,0.5300590445517982,0.6239935587761675,0.05367686527106817,,,,
22,30.193236714975846,32.15915190552872,36.29898013955985,,0.6709608158883521,0.6239935587761675,0.05367686527106817,,,,
23,30.280461621041333,32.2061191626409,36.04401502952228,,0.6709608158883521,0.7447665056360708,0.05367686527106817,,,,
24,30.394524959742352,32.13231347289318,36.00375738056898,,0.6709608158883521,0.7447665056360708,0.05367686527106817,,,,
25,25.905797101449274,35.79575952764358,35.90311325818572,,1.596886741814278,0.7447665056360708,0.05367686527106817,,,,
26,26.060118089103597,35.648148148148145,35.89640365002684,,1.596886741814278,0.7447665056360708,0.05367686527106817,,,,
27,26.50295222758991,35.265700483091784,35.85614600107354,,1.5767579173376274,0.7447665056360708,0.05367686527106817,,,,
28,26.858561460010737,33.581588835212024,32.52818035426731,5.522007514761138,0.8118625872249061,0.644122383252818,0.05367686527106817,,,,
29,27.147074610842726,33.4272678475577,32.48792270531401,5.522007514761138,0.8118625872249061,0.5501878690284487,0.05367686527106817,,,,
30,27.61003757380569,33.13875469672571,32.41411701556629,5.421363392377885,0.8118625872249061,0.5501878690284487,0.05367686527106817,,,,
31,27.395330112721417,32.30005367686527,35.12479871175523,3.7640901771336552,0.8118625872249061,0.5501878690284487,0.05367686527106817,,,,
32,27.395330112721417,30.515297906602253,34.5276435856146,5.2066559312936125,1.0735373054213635,0.5501878690284487,0.7313472893183038,,,,
33,25.47638217928073,28.891572732152444,38.04347826086956,4.300858829844337,1.0534084809447128,0.46296296296296297,1.7713365539452497,,,,
34,25.583735909822867,28.690284487385938,38.18438003220612,4.253891572732153,1.0534084809447128,0.46296296296296297,1.7713365539452497,,,,
35,25.05367686527107,29.320987654320987,38.016639828234034,4.253891572732153,1.1205045625335481,0.46296296296296297,1.7713365539452497,,,,
36,25.275093934514224,29.220343531937736,37.895866881374126,4.253891572732153,1.1205045625335481,0.46296296296296297,1.7713365539452497,,,,
37,24.838969404186795,29.03918411164788,39.34514224369297,4.233762748255502,1.1205045625335481,0.32877079978529256,1.093666129898014,,,,
38,25.05367686527107,28.804347826086957,39.2914653784219,4.2270531400966185,1.2010198604401503,0.32877079978529256,1.093666129898014,,,,
39,23.95330112721417,25.37573805689748,45.00805152979066,2.7844873859366612,1.2412775093934514,0.23483628556092323,1.402308105206656,,,,
40,21.490874932903917,22.36983360171766,51.58346752549651,1.710950080515298,1.2077294685990339,0.23483628556092323,1.402308105206656,,,,
41,20.833333333333332,19.699409554482017,55.38781535158347,1.710950080515298,0.966183574879227,0.013419216317767043,1.3888888888888888,,,,
42,21.32313472893183,19.55179817498658,54.99194847020934,1.710950080515298,0.9057971014492754,0.1274825550187869,1.3888888888888888,,,,
43,21.349973161567366,19.0552871712292,50.46296296296296,6.709608158883521,0.9057971014492754,0.1274825550187869,1.3888888888888888,,,,
44,21.571390230810522,19.04186795491143,50.348899624261946,6.615673644659152,0.9057971014492754,0.1274825550187869,1.3888888888888888,,,,
45,20.43075684380032,15.4723564143854,57.68250134192163,4.951690821256038,0.7581857219538379,0.1274825550187869,0.4495437466451959,0.1274825550187869,,,
46,20.283145464304884,15.391841116478798,56.90418679549114,5.193236714975845,1.4358561460010735,0.2147074610842727,0.4495437466451959,0.1274825550187869,,,
47,20.41062801932367,15.365002683843263,56.676060118089104,5.193236714975845,1.5633387010198605,0.2147074610842727,0.4495437466451959,0.1274825550187869,,,
48,21.048040794417606,15.056360708534621,55.93800322061192,5.01207729468599,1.5633387010198605,0.6843800322061192,0.4495437466451959,0.1274825550187869,0.12077294685990338,,
49,21.524422973698336,15.029522275899087,55.562265163714436,4.998658078368224,1.5633387010198605,0.6239935587761675,0.4495437466451959,0.1274825550187869,0.12077294685990338,,
50,20.2361782071927,37.164519592055825,39.20424047235642,0.7313472893183038,1.5633387010198605,0.6910896403650026,0.4092860976918948,,,,
51,20.02818035426731,36.28556092324208,40.21068169618894,0.7313472893183038,1.6438539989264627,0.6910896403650026,0.4092860976918948,,,,
52,20.37037037037037,35.648148148148145,39.63365539452496,0.7313472893183038,2.5161030595813205,0.6910896403650026,0.4092860976918948,,,,
53,20.611916264090176,35.547504025764894,39.34514224369297,0.7313472893183038,2.6637144390767578,0.6910896403650026,0.4092860976918948,,,,
54,20.79307568438003,33.52120236178207,38.28502415458937,3.0595813204508855,2.328234031132582,0.6910896403650026,0.4092860976918948,,0.9125067096081588,,
55,21.007783145464305,33.299785292538914,38.10386473429951,2.965646806226516,2.4691358024691357,0.6910896403650026,0.4092860976918948,,1.0534084809447128,,
56,20.095276435856146,28.14009661835749,34.29951690821256,14.338432635534085,2.2879763821792807,0.5501878690284487,0.05367686527106817,0.0939345142243693,0.14090177133655393,,
57,15.613258185721953,34.46054750402576,33.19914117015566,13.66076221148685,2.227589908749329,0.5501878690284487,0.05367686527106817,0.0939345142243693,0.14090177133655393,,
58,15.921900161030596,34.19887278582931,33.15217391304348,13.378958668813741,2.227589908749329,0.8319914117015567,0.05367686527106817,0.0939345142243693,0.14090177133655393,,
59,14.640365002683843,32.19940955448202,34.735641438539986,15.888352120236178,1.6572732152442298,0.6843800322061192,0.05367686527106817,,0.14090177133655393,,
60,13.137412775093935,28.985507246376812,37.775093934514224,17.59259259259259,1.596886741814278,0.5703166935050993,0.05367686527106817,0.14761137949543746,0.14090177133655393,,
61,12.915995705850777,27.80461621041331,35.61460010735373,20.913848631239937,1.596886741814278,0.7045088566827697,0.1610305958132045,0.14761137949543746,0.14090177133655393,,
62,13.130703166935051,27.710681696188942,35.51395598497048,17.371175523349436,1.596886741814278,0.7045088566827697,3.717122920021471,0.11406333870101985,0.14090177133655393,,
63,13.318572195383789,27.657004830917874,35.35292538915727,17.270531400966185,1.596886741814278,0.8319914117015567,3.717122920021471,0.11406333870101985,0.14090177133655393,,
64,13.714439076757918,27.066559312936125,35.057702630166396,17.163177670424048,2.2074610842726785,0.8319914117015567,3.7037037037037037,0.11406333870101985,0.14090177133655393,,
65,13.935856146001074,26.959205582393988,29.394793344068706,22.79253891572732,2.200751476113795,0.7581857219538379,3.7037037037037037,0.11406333870101985,0.14090177133655393,,
66,13.92914653784219,26.160762211486848,31.313741277509394,21.67874396135266,2.200751476113795,0.7581857219538379,3.7037037037037037,0.11406333870101985,0.14090177133655393,,
67,13.539989264626946,26.362050456253353,31.17283950617284,20.142243692968332,2.200751476113795,0.7380568974771873,3.7037037037037037,0.2281266774020397,1.9122383252818036,,
68,14.076757917337627,26.093666129898015,30.99838969404187,20.021470746108427,2.1739130434782608,1.482823403113258,3.012614063338701,0.2281266774020397,1.9122383252818036,,
69,13.311862587224907,25.999731615673646,25.758185721953836,20.658883521202362,1.932367149758454,1.4626945786366077,8.735909822866345,0.2281266774020397,1.9122383252818036,,
70,11.936392914653783,21.309715512614062,24.651100375738057,17.24369296833065,2.120236178207193,1.328502415458937,21.041331186258724,0.2281266774020397,0.14090177133655393,,
71,12.546967257112184,21.141975308641975,24.3894256575416,16.894793344068706,1.9189479334406871,1.442565754159957,21.095008051529792,0.2281266774020397,0.3421900161030596,,
72,11.902844873859367,20.8467525496511,23.845947396672035,18.344068706387546,2.0397208803005906,1.583467525496511,20.632045088566827,0.2281266774020397,0.3421900161030596,0.23483628556092323,
73,12.258454106280194,20.8064949006978,23.72517444981213,18.276972624798713,2.0397208803005906,1.4559849704777241,20.632045088566827,0.2281266774020397,0.3421900161030596,0.23483628556092323,
74,12.258454106280194,20.78636607622115,22.819377348362856,18.12265163714439,2.0397208803005906,1.3620504562533549,21.72571121846484,0.2281266774020397,0.3421900161030596,0.3153515834675255,
75,12.694578636607622,20.538110574342458,22.77241009125067,17.995169082125603,2.1604938271604937,1.3620504562533549,21.591519055287172,0.2281266774020397,0.3421900161030596,0.3153515834675255,
76,12.835480407944177,20.437466451959207,22.69189479334407,17.98174986580784,2.214170692431562,1.3620504562533549,21.497584541062803,0.322061191626409,0.3421900161030596,0.3153515834675255,
77,12.915995705850777,20.356951154052602,21.987385936661298,18.585614600107355,2.214170692431562,1.482823403113258,21.36339237788513,0.322061191626409,0.3421900161030596,0.4294149221685454,
78,13.526570048309178,20.148953301127214,21.531132581857218,18.491680085882983,2.428878153515835,1.482823403113258,21.30300590445518,0.3153515834675255,0.3421900161030596,0.4294149221685454,
79,13.768115942028986,20.148953301127214,21.531132581857218,18.283682232957595,2.428878153515835,1.482823403113258,21.26945786366076,0.3153515834675255,0.3421900161030596,0.4294149221685454,
80,14.224369296833064,19.98792270531401,21.316425120772948,18.203166935050994,2.428878153515835,1.482823403113258,21.141975308641975,0.3153515834675255,0.46967257112184646,0.4294149221685454,
81,14.727589908749328,19.847020933977454,21.276167471819647,18.06226516371444,2.428878153515835,1.415727321524423,21.027911969940956,0.3153515834675255,0.46967257112184646,0.4294149221685454,
82,14.9020397208803,19.39747718733226,21.64519592055824,17.53220611916264,2.5026838432635534,1.3553408480944713,21.578099838969404,0.3153515834675255,0.3421900161030596,0.4294149221685454,
83,15.693773483628556,19.229736983360173,21.62506709608159,16.445249597423512,2.5831991411701556,1.0802469135802468,22.25577026301664,0.3153515834675255,0.3421900161030596,0.4294149221685454,
84,15.136876006441224,18.303811057434245,24.765163714439076,15.579710144927537,2.5831991411701556,1.0802469135802468,21.464036500268385,0.3153515834675255,0.3421900161030596,0.4294149221685454,
85,15.640096618357488,18.169618894256576,24.590713902308106,15.499194847020934,2.5563607085346214,1.221148684916801,21.081588835212024,0.3153515834675255,0.3421900161030596,0.5837359098228664,
86,15.257648953301127,14.88191089640365,24.302200751476114,14.492753623188406,2.1940418679549114,1.1808910359634996,20.517981749865807,0.20128824476650564,6.387546967257112,0.5837359098228664,
87,15.49248523886205,14.794685990338165,24.248523886205046,14.40552871712292,2.1940418679549114,1.3352120236178207,20.28985507246377,0.2952227589908749,6.360708534621578,0.5837359098228664,
88,15.579710144927537,14.700751476113794,23.738593666129898,14.318303811057435,2.7308105206655933,1.3352120236178207,20.457595276435857,0.2952227589908749,6.260064412238325,0.5837359098228664,
89,14.009661835748792,18.679549114331724,23.577563070316693,12.721417069243156,2.536231884057971,1.3217928073000538,19.994632313472895,0.3421900161030596,5.360976918947934,0.5837359098228664,0.8722490606548577
90,13.01663982823403,10.547504025764896,41.0024154589372,12.13768115942029,2.0799785292538915,1.1674718196457328,18.65271068169619,0.39586688137412773,0.2885131508319914,0.7112184648416533,
91,13.33870101986044,10.547504025764896,40.24422973698336,12.667740203972087,2.0799785292538915,1.261406333870102,18.46484165324745,0.39586688137412773,0.2885131508319914,0.7112184648416533,
92,13.6808910359635,10.46027911969941,39.84836285560923,12.573805689747719,2.0128824476650564,1.482823403113258,18.45813204508857,0.39586688137412773,0.3757380568974772,0.7112184648416533,
93,13.895598497047773,10.46027911969941,39.23778851315083,12.573805689747719,2.0128824476650564,1.9524959742351047,18.38432635534085,0.39586688137412773,0.3757380568974772,0.7112184648416533,
94,14.103596349973161,10.46027911969941,39.070048309178745,12.533548040794418,2.0128824476650564,1.9524959742351047,18.38432635534085,0.39586688137412773,0.3757380568974772,0.7112184648416533,
95,12.359098228663447,10.453569511540525,50.50993022007515,8.816425120772946,1.9793344068706387,1.5767579173376274,12.822061191626409,0.39586688137412773,0.3757380568974772,0.7112184648416533,
96,12.157809983896941,8.59500805152979,50.34219001610306,8.3064949006978,4.730273752012883,1.5633387010198605,12.822061191626409,0.39586688137412773,0.3757380568974772,0.7112184648416533,
97,12.224906065485776,8.57487922705314,50.254965110037574,8.293075684380032,4.783950617283951,1.5633387010198605,12.822061191626409,0.39586688137412773,0.3757380568974772,0.7112184648416533,
98,12.600644122383253,8.548040794417606,49.362587224906065,8.266237251744498,4.770531400966184,1.4962426194310252,13.47289318303811,0.39586688137412773,0.3757380568974772,0.7112184648416533,
99,12.553676865271068,8.548040794417606,49.074074074074076,11.010466988727858,4.74369296833065,1.2681159420289856,11.473429951690822,0.2616747181964573,0.3757380568974772,0.6910896403650026,
100,12.895866881374127,8.53462157809984,48.711755233494365,10.896403650026839,4.918142780461621,1.2412775093934514,11.473429951690822,0.2616747181964573,0.3757380568974772,0.6910896403650026,
101,12.077294685990339,7.648953301127214,48.44337090713902,15.955448201825014,1.8317230273752012,1.2412775093934514,11.473429951690822,0.2616747181964573,0.3757380568974772,0.6910896403650026,
102,12.567096081588835,7.62211486849168,47.90660225442834,15.821256038647343,1.8317230273752012,1.442565754159957,11.366076221148685,0.2616747181964573,0.48980139559849706,0.6910896403650026,
103,13.009930220075148,7.62211486849168,47.436929683306495,15.747450348899624,1.8317230273752012,1.5432098765432098,11.231884057971014,0.2616747181964573,0.48980139559849706,0.8252818035426731,
104,13.311862587224907,7.561728395061729,47.34970477724101,15.593129361245303,1.8317230273752012,1.5432098765432098,11.231884057971014,0.2616747181964573,0.48980139559849706,0.8252818035426731,
105,13.546698872785829,7.555018786902845,46.98067632850242,15.593129361245303,1.9726247987117553,1.5432098765432098,11.231884057971014,0.2616747181964573,0.48980139559849706,0.8252818035426731,
106,14.123725174449811,7.5348899624261945,46.49087493290392,15.566290928609769,1.9994632313472893,1.5432098765432098,11.16478797638218,0.2616747181964573,0.48980139559849706,0.8252818035426731,
107,14.231078904991948,7.5348899624261945,46.4573268921095,15.552871712292003,1.9994632313472893,1.482823403113258,11.044015029522276,0.4227053140096618,0.48980139559849706,0.785024154589372,
108,14.714170692431562,7.50805152979066,45.819914117015564,15.5126140633387,2.26784755770263,1.482823403113258,10.997047772410092,0.4227053140096618,0.48980139559849706,0.785024154589372,
109,15.08990874932904,7.440955448201825,45.269726247987116,15.5126140633387,2.6435856146001075,1.482823403113258,10.86285560923242,0.4227053140096618,0.48980139559849706,0.785024154589372,
110,15.45222758990875,7.407407407407407,45.06172839506173,15.5126140633387,2.5697799248523885,1.3754696725711217,10.943370907139023,0.4227053140096618,0.48980139559849706,0.7648953301127214,
111,14.774557165861514,6.66935050993022,52.05984970477724,13.674181427804616,2.5697799248523885,1.2412775093934514,7.87037037037037,0.30864197530864196,0.48980139559849706,0.3421900161030596,
112,15.157004830917874,6.635802469135802,51.69753086419753,13.506441223832528,2.5697799248523885,1.3821792807300053,7.803274288781535,0.30864197530864196,0.5971551261406334,0.3421900161030596,
113,15.915190552871712,6.629092860976919,51.08024691358025,13.278314546430488,2.5697799248523885,1.4962426194310252,7.7831454643048845,0.30864197530864196,0.5971551261406334,0.3421900161030596,
114,16.10305958132045,6.622383252818035,50.81186258722491,13.24476650563607,2.703972088030059,1.5365002683843263,7.729468599033816,0.30864197530864196,0.5971551261406334,0.3421900161030596,
115,17.03569511540526,6.622383252818035,50.0402576489533,13.20450885668277,2.757648953301127,1.5096618357487923,7.568438003220612,0.32877079978529256,0.5971551261406334,0.33548040794417605,
116,15.895061728395062,6.568706387546968,53.187063875469676,12.929414922168545,1.9994632313472893,1.3553408480944713,6.890767579173376,0.32877079978529256,0.5233494363929146,0.322061191626409,
117,14.848362855609233,4.2270531400966185,54.79736983360172,12.929414922168545,1.8786902844873858,1.2748255501878691,8.870101986044014,0.32877079978529256,0.5233494363929146,0.322061191626409,
118,14.338432635534085,4.052603327965647,47.99382716049383,19.229736983360173,1.8786902844873858,2.5026838432635534,8.870101986044014,0.32877079978529256,0.4830917874396135,0.322061191626409,
119,14.88191089640365,3.965378421900161,47.52415458937198,19.229736983360173,1.8786902844873858,2.5026838432635534,8.749329039184111,0.32877079978529256,0.6172839506172839,0.322061191626409,
120,15.26435856146001,3.965378421900161,47.30944712828771,19.048577563070317,1.8786902844873858,2.5026838432635534,8.641975308641975,0.4495437466451959,0.6172839506172839,0.322061191626409,
121,15.28448738593666,3.965378421900161,46.41035963499731,18.95464304884595,2.871712292002147,2.5026838432635534,8.507783145464305,0.5636070853462157,0.6172839506172839,0.322061191626409,
122,15.573000536768653,3.911701556629093,46.39023081052066,18.746645195920557,2.871712292002147,2.49597423510467,8.507783145464305,0.5636070853462157,0.6172839506172839,0.322061191626409,
123,15.546162104133119,3.8915727321524423,44.860440150295226,18.666129898013956,4.528985507246377,2.49597423510467,8.507783145464305,0.5636070853462157,0.6172839506172839,0.322061191626409,
124,15.814546430488459,3.8915727321524423,44.80005367686527,18.303811057434245,4.361245303274289,2.8918411164787976,8.433977455716587,0.5636070853462157,0.6172839506172839,0.322061191626409,
125,15.666935050993022,3.8915727321524423,44.316961889425656,18.263553408480945,4.180085882984434,2.8918411164787976,8.333333333333334,0.5636070853462157,1.570048309178744,0.322061191626409,
126,16.163446054750402,3.878153515834675,43.994900697799245,18.10252281266774,4.17337627482555,2.8918411164787976,8.246108427267847,0.5636070853462157,1.6639828234031133,0.322061191626409,
127,16.680085882984432,3.784219001610306,43.77348362855609,18.14278046162104,4.17337627482555,2.818035426731079,8.07836822329576,0.5636070853462157,1.6639828234031133,0.322061191626409,
128,17.297369833601717,3.770799785292539,43.646001073537306,17.860976918947934,4.03918411164788,2.818035426731079,8.017981749865807,0.5636070853462157,1.6639828234031133,0.322061191626409,
129,15.277777777777779,3.6500268384326353,48.01395598497048,16.264090177133657,3.643317230273752,2.6167471819645733,7.98443370907139,0.5636070853462157,1.6639828234031133,0.322061191626409,
130,15.83467525496511,3.6500268384326353,47.497316156736446,16.25067096081589,3.616478797638218,2.677133655394525,7.96430488459474,0.5233494363929146,1.6639828234031133,0.322061191626409,
131,16.264090177133657,3.6500268384326353,47.04777241009125,16.23054213633924,3.616478797638218,2.677133655394525,7.930756843800322,0.6239935587761675,1.6371443907675791,0.322061191626409,
132,16.552603327965645,3.6500268384326353,46.88674181427805,16.23054213633924,3.616478797638218,2.6704240472356413,7.816693505099302,0.6172839506172839,1.6371443907675791,0.322061191626409,
133,16.861245303274288,3.6500268384326353,46.68545356951154,16.170155662909288,3.616478797638218,2.6435856146001075,7.796564680622652,0.6172839506172839,1.6371443907675791,0.322061191626409,
134,16.284219001610307,3.569511540526033,50.348899624261946,13.848631239935587,3.408480944712829,2.5496511003757383,7.212828770799785,0.6172839506172839,1.8384326355340848,0.322061191626409,
135,15.888352120236178,3.207192699946323,48.349436392914654,16.82769726247987,3.3548040794417604,2.395330112721417,7.199409554482019,0.6172839506172839,1.8384326355340848,0.322061191626409,
136,16.411701556629094,3.1736446591519054,48.087761674718195,16.794149221685455,3.3548040794417604,2.395330112721417,7.024959742351046,0.5971551261406334,1.8384326355340848,0.322061191626409,
137,16.586151368760063,3.1736446591519054,47.819377348362856,16.545893719806763,3.4420289855072466,2.38191089640365,6.870638754696726,0.7447665056360708,1.9592055823939882,0.47638217928073,
138,17.23027375201288,3.113258185721954,47.46376811594203,16.344605475040257,3.4420289855072466,2.38191089640365,7.0450885668276975,0.7447665056360708,1.7713365539452497,0.46296296296296297,
139,17.85426731078905,3.0931293612453032,46.96054750402576,16.25738056897477,3.435319377348363,2.38191089640365,7.0383789586688135,0.7447665056360708,1.7713365539452497,0.46296296296296297,
140,18.337359098228664,3.0931293612453032,46.57139023081052,16.10305958132045,3.4286097691894795,2.5563607085346214,6.984702093397746,0.7112184648416533,1.7713365539452497,0.4428341384863124,
141,18.23671497584541,2.9924852388620504,46.0077831454643,15.814546430488459,4.341116478797638,2.5563607085346214,6.984702093397746,0.8521202361782072,1.7713365539452497,0.4428341384863124,
142,18.417874396135264,2.9790660225442833,45.67230273752013,15.801127214170693,4.30756843800322,2.804616210413312,6.984702093397746,0.8319914117015567,1.7579173376274826,0.4428341384863124,
143,16.80756843800322,2.13365539452496,41.706924315619965,21.215780998389693,4.300858829844337,2.6704240472356413,8.648684916800859,0.5770263016639828,1.5297906602254427,0.4092860976918948,
144,17.163177670424048,2.086688137412775,41.38486312399356,21.202361782071925,4.233762748255502,2.791196994095545,8.621846484165324,0.5770263016639828,1.5297906602254427,0.4092860976918948,
145,14.673913043478262,2.073268921095008,46.67203435319377,20.994363929146537,3.9184111647879765,2.2611379495437465,7.9106280193236715,0.5770263016639828,0.5099302200751477,0.4092860976918948,
146,14.9020397208803,2.073268921095008,46.57809983896941,20.967525496511005,3.9184111647879765,2.2611379495437465,7.830112721417069,0.5770263016639828,0.5099302200751477,0.3824476650563607,
147,15.499194847020934,2.0531400966183573,45.94739667203435,20.8870101986044,3.9184111647879765,2.4892646269457863,7.776435856146001,0.5367686527106817,0.5099302200751477,0.3824476650563607,
148,16.190284487385938,2.0531400966183573,45.32340311325819,20.725979602791195,3.8714439076757916,2.623456790123457,7.7831454643048845,0.5367686527106817,0.5099302200751477,0.3824476650563607,
149,16.760601180891037,2.0531400966183573,44.95437466451959,20.571658615136876,3.8714439076757916,2.623456790123457,7.776435856146001,0.49651100375738055,0.5099302200751477,0.3824476650563607,
150,17.297369833601717,1.9793344068706387,44.316961889425656,20.095276435856146,3.8177670424047236,2.4020397208803006,8.702361782071927,0.49651100375738055,0.5099302200751477,0.3824476650563607,
151,17.56575415995706,1.9793344068706387,44.02844873859367,20.081857219538378,3.8915727321524423,2.4020397208803006,8.662104133118627,0.49651100375738055,0.5099302200751477,0.3824476650563607,
152,17.72007514761138,1.9793344068706387,43.833870101986044,20.075147611379496,3.8378958668813743,2.5161030595813205,8.514492753623188,0.630703166935051,0.5099302200751477,0.3824476650563607,
153,17.995169082125603,1.932367149758454,42.901234567901234,19.981213097155127,3.824476650563607,3.3413848631239937,8.501073537305421,0.630703166935051,0.5099302200751477,0.3824476650563607,
154,18.156199677938808,1.932367149758454,42.693236714975846,19.77992485238862,3.7909286097691894,3.6231884057971016,8.501073537305421,0.630703166935051,0.5099302200751477,0.3824476650563607,
155,18.511808910359633,1.932367149758454,42.3443370907139,19.679280730005367,3.864734299516908,3.750670960815888,8.393719806763285,0.630703166935051,0.5099302200751477,0.3824476650563607,
156,19.008319914117017,1.932367149758454,41.90150295222759,19.49141170155663,3.864734299516908,3.864734299516908,8.225979602791197,0.630703166935051,0.5099302200751477,0.5703166935050993,
157,19.887278582930758,1.9122383252818036,41.666666666666664,19.048577563070317,3.864734299516908,3.864734299516908,8.044820182501342,0.630703166935051,0.5099302200751477,0.5703166935050993,
158,20.209339774557165,1.9122383252818036,41.31105743424584,19.02173913043478,3.8378958668813743,4.079441760601181,7.937466451959206,0.6105743424584005,0.5099302200751477,0.5703166935050993,
159,20.679012345679013,1.9122383252818036,40.88164251207729,18.907675791733762,3.8378958668813743,4.186795491143317,7.9106280193236715,0.6105743424584005,0.5099302200751477,0.5636070853462157,
160,20.947396672034355,1.9122383252818036,40.45893719806763,18.833870101986044,3.7909286097691894,4.461889425657541,7.9106280193236715,0.6105743424584005,0.5099302200751477,0.5636070853462157,
161,21.410359634997317,1.90552871712292,40.002683843263554,18.733225979602793,3.7775093934514223,4.62962962962963,7.890499194847021,0.6105743424584005,0.47638217928073,0.5636070853462157,
162,22.007514761137948,1.90552871712292,39.53301127214171,18.491680085882983,3.978797638217928,4.562533548040794,7.87037037037037,0.6105743424584005,0.47638217928073,0.5636070853462157,
163,22.12157809983897,1.90552871712292,39.53301127214171,18.337359098228664,4.1129898013955986,4.522275899087493,7.830112721417069,0.6105743424584005,0.47638217928073,0.5501878690284487,
164,22.457058507783145,1.8988191089640365,39.40552871712292,18.129361245303276,4.1129898013955986,4.53569511540526,7.7361782071927,0.6977992485238862,0.47638217928073,0.5501878690284487,
165,22.805958132045088,1.8719806763285025,39.2512077294686,17.954911433172303,4.052603327965647,4.528985507246377,7.675791733762749,0.8319914117015567,0.47638217928073,0.5501878690284487,
166,22.933440687063875,1.8719806763285025,38.989533011272144,17.92807300053677,4.240472356414386,4.522275899087493,7.588566827697263,0.8051529790660226,0.5703166935050993,0.5501878690284487,
167,23.57085346215781,1.865271068169619,38.47289318303811,17.834138486312398,4.2203435319377345,4.575952764358561,7.5348899624261945,0.8051529790660226,0.5703166935050993,0.5501878690284487,
168,22.25577026301664,1.8585614600107354,41.680085882984436,17.196725711218466,4.206924315619967,4.42163177670424,6.756575415995706,0.5703166935050993,0.5703166935050993,0.4830917874396135,
169,22.63150831991412,1.8585614600107354,41.45195920558239,17.08937198067633,4.186795491143317,4.42163177670424,6.736446591519055,0.5703166935050993,0.5703166935050993,0.4830917874396135,
170,23.21524422973698,1.8048845947396672,40.264358561460014,17.022275899087493,4.30756843800322,4.408212560386473,7.353730542136339,0.5703166935050993,0.5703166935050993,0.4830917874396135,
171,23.396403650026837,1.8048845947396672,40.01610305958132,16.888083735909824,4.388083735909823,4.62962962962963,7.273215244229737,0.5501878690284487,0.5703166935050993,0.4830917874396135,
172,23.778851315083198,1.8048845947396672,39.84836285560923,16.72705314009662,4.334406870638754,4.62962962962963,7.273215244229737,0.5501878690284487,0.5703166935050993,0.4830917874396135,
173,23.450080515297905,1.8048845947396672,37.64090177133655,21.041331186258724,4.180085882984434,4.066022544283414,6.333870101986044,0.4495437466451959,0.5703166935050993,0.46296296296296297,
174,23.711755233494365,1.8048845947396672,37.39935587761675,20.799785292538918,4.327697262479871,4.066022544283414,6.320450885668277,0.5367686527106817,0.5703166935050993,0.46296296296296297,
175,23.91304347826087,1.8048845947396672,37.204777241009126,20.739398819108963,4.28743961352657,4.05931293612453,6.320450885668277,0.5367686527106817,0.6709608158883521,0.46296296296296297,
176,24.10091250670961,1.8048845947396672,36.963231347289316,20.538110574342458,4.253891572732153,4.133118625872249,6.320450885668277,0.5367686527106817,0.8856682769726248,0.46296296296296297,
177,24.44310252281267,1.8048845947396672,36.312399355877616,20.41062801932367,4.320987654320987,4.51556629092861,6.3070316693505095,0.5367686527106817,0.8856682769726248,0.46296296296296297,
178,24.825550187869027,1.7914653784219001,36.01717659688674,20.363660762211488,4.320987654320987,4.488727858293076,6.3070316693505095,0.5367686527106817,0.8856682769726248,0.46296296296296297,
179,25.0402576489533,1.7914653784219001,35.95679012345679,20.202630166398283,4.26731078904992,4.488727858293076,6.280193236714976,0.6239935587761675,0.8856682769726248,0.46296296296296297,
180,25.046967257112186,1.751207729468599,35.94337090713902,20.162372517444982,4.327697262479871,4.602791196994096,6.199677938808374,0.6172839506172839,0.8856682769726248,0.46296296296296297,
181,25.44283413848631,1.6371443907675791,35.7085346215781,20.081857219538378,4.327697262479871,4.582662372517445,6.253354804079442,0.6172839506172839,0.8856682769726248,0.46296296296296297,
182,25.147611379495437,1.6371443907675791,34.648416532474506,19.981213097155127,4.2270531400966185,4.64975845410628,7.742887815351583,0.6172839506172839,0.8856682769726248,0.46296296296296297,
183,25.36231884057971,1.6371443907675791,34.23913043478261,19.706119162640903,4.2270531400966185,4.643048845947397,7.742887815351583,0.6172839506172839,1.3620504562533549,0.46296296296296297,
184,25.650831991411703,1.6237251744498122,33.883521202361784,19.692699946323135,4.2270531400966185,4.770531400966184,7.742887815351583,0.6172839506172839,1.328502415458937,0.46296296296296297,
185,25.99302200751476,1.6237251744498122,33.66881374127751,19.652442297369834,4.206924315619967,4.703435319377348,7.742887815351583,0.6172839506172839,1.328502415458937,0.46296296296296297,
186,26.167471819645733,1.6237251744498122,33.59500805152979,19.585346215780998,4.17337627482555,4.703435319377348,7.742887815351583,0.6172839506172839,1.328502415458937,0.46296296296296297,
187,26.321792807300053,1.6237251744498122,33.3467525496511,19.310252281266774,4.7638217928073,4.636339237788513,7.615405260332796,0.5904455179817498,1.328502415458937,0.46296296296296297,
188,26.88539989264627,1.5029522275899088,32.99785292538916,19.223027375201287,4.7101449275362315,4.5960815888352125,7.702630166398282,0.5904455179817498,1.328502415458937,0.46296296296296297,
189,27.13365539452496,1.5029522275899088,32.87707997852925,18.625872249060656,4.7638217928073,4.5960815888352125,8.13875469672571,0.5703166935050993,1.328502415458937,0.46296296296296297,
190,27.30139559849705,1.4895330112721417,32.809983896940416,18.59903381642512,4.7638217928073,4.575952764358561,8.13875469672571,0.5703166935050993,1.288244766505636,0.46296296296296297,
191,27.865002683843265,1.4895330112721417,32.56172839506173,18.45813204508857,4.750402576489533,4.53569511540526,8.038110574342458,0.5501878690284487,1.288244766505636,0.46296296296296297,
192,27.905260332796566,1.4761137949543746,32.27992485238862,18.344068706387546,4.750402576489533,4.53569511540526,7.991143317230274,0.5300590445517982,1.724369296833065,0.46296296296296297,
193,28.25415995705851,1.4761137949543746,31.99141170155663,18.256843800322063,4.750402576489533,4.522275899087493,7.944176060118089,0.5300590445517982,1.8115942028985508,0.46296296296296297,
194,28.475577026301664,1.4761137949543746,31.93773483628556,18.02200751476114,4.723564143853999,4.643048845947397,7.917337627482555,0.5300590445517982,1.8115942028985508,0.46296296296296297,
195,28.804347826086957,1.42914653784219,31.796833064949006,17.746913580246915,4.7168545356951155,4.643048845947397,7.9106280193236715,0.5300590445517982,1.9592055823939882,0.46296296296296297,
196,27.70397208803006,1.4224369296833066,29.361245303274288,21.76596886741814,4.7101449275362315,4.139828234031133,7.9106280193236715,0.5300590445517982,1.9927536231884058,0.46296296296296297,
197,28.012614063338702,1.4224369296833066,29.066022544283413,21.712292002147073,4.810789049919484,4.139828234031133,7.863660762211487,0.5300590445517982,1.9793344068706387,0.46296296296296297,
198,28.31454643048846,1.4224369296833066,28.965378421900162,21.55126140633387,4.810789049919484,4.119699409554482,7.843531937734836,0.5300590445517982,1.9793344068706387,0.46296296296296297,
199,28.576221148684915,1.3888888888888888,28.891572732152444,21.470746108427267,4.810789049919484,4.119699409554482,7.769726247987117,0.5300590445517982,1.9793344068706387,0.46296296296296297,
200,27.66371443907676,1.3687600644122384,31.34728931830381,21.256038647342994,4.320987654320987,4.0995705850778315,7.286634460547504,0.46967257112184646,1.8786902844873858,0.30864197530864196,
201,28.026033279656467,1.3687600644122384,31.0654857756307,21.18894256575416,4.42163177670424,3.9855072463768115,7.286634460547504,0.46967257112184646,1.8786902844873858,0.30864197530864196,
202,28.193773483628558,1.3687600644122384,30.88432635534085,21.135265700483092,4.42163177670424,3.8714439076757916,7.467793880837359,0.46967257112184646,1.8786902844873858,0.30864197530864196,
203,28.535963499731615,1.3553408480944713,30.730005367686527,21.014492753623188,4.320987654320987,3.770799785292539,7.615405260332796,0.46967257112184646,1.8786902844873858,0.30864197530864196,
204,28.44873859366613,1.3419216317767042,30.515297906602253,20.967525496511005,4.53569511540526,3.683574879227053,7.87037037037037,0.46967257112184646,1.8585614600107354,0.30864197530864196,
205,28.75067096081589,1.3419216317767042,30.340848094471284,20.705850778314545,4.528985507246377,3.784219001610306,7.924047235641439,0.46967257112184646,1.8585614600107354,0.2952227589908749,
206,28.951959205582394,1.3419216317767042,30.193236714975846,20.679012345679013,4.3478260869565215,3.784219001610306,7.924047235641439,0.46967257112184646,2.0128824476650564,0.2952227589908749,
207,29.200214707461082,1.328502415458937,30.112721417069242,20.638754696725712,4.28743961352657,3.743961352657005,7.924047235641439,0.46967257112184646,1.9994632313472893,0.2952227589908749,
208,29.20692431561997,1.328502415458937,30.005367686527105,20.611916264090176,4.428341384863124,3.743961352657005,7.9106280193236715,0.46967257112184646,1.9994632313472893,0.2952227589908749,
209,29.53569511540526,1.328502415458937,29.696725711218466,20.591787439613526,4.428341384863124,3.743961352657005,7.9106280193236715,0.46967257112184646,1.9994632313472893,0.2952227589908749,
210,29.414922168545356,1.3217928073000538,29.64975845410628,20.591787439613526,4.428341384863124,3.743961352657005,7.816693505099302,0.46967257112184646,2.26784755770263,0.2952227589908749,
211,29.622920021470748,1.3150831991411702,29.60950080515298,20.471014492753625,4.42163177670424,3.743961352657005,7.7831454643048845,0.46967257112184646,2.26784755770263,0.2952227589908749,
212,30.17981749865808,1.3150831991411702,29.280730005367687,20.148953301127214,4.414922168545357,3.683574879227053,7.7831454643048845,0.5636070853462157,2.3349436392914655,0.2952227589908749,
213,30.20665593129361,1.3150831991411702,29.17337627482555,20.148953301127214,4.408212560386473,3.683574879227053,7.7831454643048845,0.5636070853462157,2.4221685453569513,0.2952227589908749,
214,30.83064949006978,1.3150831991411702,28.904991948470208,19.96779388083736,4.374664519592056,3.683574879227053,7.555018786902845,0.6508319914117016,2.4221685453569513,0.2952227589908749,
215,31.00509930220075,1.3150831991411702,28.663446054750402,19.96779388083736,4.435050993022007,3.7640901771336552,7.481213097155126,0.6508319914117016,2.4221685453569513,0.2952227589908749,
216,30.535426731078903,1.288244766505636,27.999194847020934,19.276704240472355,4.2270531400966185,3.750670960815888,7.96430488459474,0.5837359098228664,4.086151368760064,0.2885131508319914,
217,30.62265163714439,1.288244766505636,27.91867954911433,19.26328502415459,4.2270531400966185,3.750670960815888,8.07836822329576,0.5837359098228664,3.978797638217928,0.2885131508319914,
218,31.05877616747182,1.288244766505636,27.737520128824478,19.256575415995705,4.146537842190016,3.6902844873859366,8.05823939881911,0.5770263016639828,3.898282340311326,0.2885131508319914,
219,31.219806763285025,1.288244766505636,27.72410091250671,19.162640901771336,4.146537842190016,3.6902844873859366,8.004562533548041,0.5770263016639828,3.898282340311326,0.2885131508319914,
220,28.878153515834676,1.2815351583467525,26.341921631776703,24.08749329039184,3.9855072463768115,3.6634460547504024,7.226247987117552,0.46296296296296297,3.784219001610306,0.2885131508319914,
221,29.005636070853463,1.2748255501878691,26.288244766505635,23.859366612989803,4.213633923778851,3.5963499731615673,7.226247987117552,0.46296296296296297,3.784219001610306,0.2885131508319914,
222,28.64331723027375,1.2144390767579174,25.509930220075148,25.046967257112186,4.314278046162104,3.589640365002684,7.118894256575416,0.46296296296296297,3.81105743424584,0.2885131508319914,
223,29.126409017713364,1.2144390767579174,25.45625335480408,24.84567901234568,4.300858829844337,3.589640365002684,6.89747718733226,0.4562533548040794,3.8378958668813743,0.27509393451422437,
224,29.55582393988191,1.2144390767579174,25.34219001610306,24.56387546967257,4.28743961352657,3.5829307568438002,6.89747718733226,0.4562533548040794,3.824476650563607,0.27509393451422437,
225,29.830917874396135,1.2144390767579174,25.06038647342995,24.355877616747183,4.562533548040794,3.5829307568438002,6.837090713902308,0.4562533548040794,3.824476650563607,0.27509393451422437,
226,30.253623188405797,1.2144390767579174,24.89935587761675,24.114331723027377,4.53569511540526,3.5628019323671496,6.8035426731078905,0.4562533548040794,3.9452495974235107,0.2147074610842727,
227,30.461621041331185,1.2010198604401503,24.832259796027913,23.98684916800859,4.53569511540526,3.5628019323671496,6.8035426731078905,0.4562533548040794,3.9452495974235107,0.2147074610842727,
228,30.743424584004295,1.2010198604401503,24.731615673644658,23.872785829307567,4.53569511540526,3.515834675254965,6.78341384863124,0.4562533548040794,3.9452495974235107,0.2147074610842727,
229,30.83064949006978,1.2010198604401503,24.65780998389694,23.805689747718734,4.622920021470746,3.515834675254965,6.756575415995706,0.4562533548040794,3.9452495974235107,0.20799785292538917,
