,45,50,55,54,51,53,59,52,56,57,58,61,60,46,47
0,93.1159420289855,6.884057971014493,,,,,,,,,,,,,
1,88.21792807300054,11.782071926999464,,,,,,,,,,,,,
2,86.18491680085883,13.70101986044015,0.11406333870101985,,,,,,,,,,,,
3,85.19860440150295,14.620236178207193,0.15432098765432098,0.026838432635534086,,,,,,,,,,,
4,52.965646806226516,46.806226516371446,0.20128824476650564,0.026838432635534086,,,,,,,,,,,
5,51.82501341921632,47.678475577026305,0.4092860976918948,0.05367686527106817,0.03354804079441761,,,,,,,,,,
6,50.34219001610306,42.80059044551798,0.6709608158883521,5.9514224369296835,0.03354804079441761,0.10735373054213634,0.0939345142243693,,,,,,,,
7,46.383521202361784,46.97396672034353,1.288244766505636,5.260332796564681,0.03354804079441761,,0.06038647342995169,,,,,,,,
8,44.83360171765969,48.268921095008054,1.3217928073000538,5.193236714975845,0.03354804079441761,0.17444981213097155,0.11406333870101985,0.026838432635534086,0.03354804079441761,,,,,,
9,44.847020933977454,48.19511540526033,1.3352120236178207,5.186527106816962,0.06038647342995169,0.17444981213097155,0.11406333870101985,0.026838432635534086,0.03354804079441761,0.026838432635534086,,,,,
10,41.639828234031135,46.43719806763285,1.328502415458937,4.804079441760601,5.173107890499195,0.026838432635534086,0.11406333870101985,0.026838432635534086,0.0939345142243693,0.35560923242082665,,,,,
11,36.86929683306495,49.52361782071927,3.361513687600644,4.508856682769726,5.12614063338701,0.026838432635534086,0.1274825550187869,0.026838432635534086,0.0939345142243693,0.33548040794417605,,,,,
12,33.55475040257649,37.996511003757384,1.0332796564680622,3.7775093934514223,5.0791733762748255,18.16290928609769,0.0939345142243693,,0.10735373054213634,0.19457863660762212,,,,,
13,33.823134728931834,37.775093934514224,1.0869565217391304,3.7372517444981215,5.0791733762748255,16.6935050993022,0.12077294685990338,,0.13419216317767044,0.19457863660762212,1.3553408480944713,,,,
14,32.689210950080515,32.84353193773484,1.0399892646269457,3.7372517444981215,5.059044551798175,22.785829307568438,0.17444981213097155,,0.13419216317767044,0.19457863660762212,1.3419216317767042,,,,
15,32.8569511540526,32.47450348899624,2.509393451422437,3.7104133118625873,5.018786902844874,21.430488459473967,0.17444981213097155,0.020128824476650563,0.19457863660762212,0.19457863660762212,1.415727321524423,,,,
16,30.649490069779926,19.37734836285561,0.4562533548040794,2.1806226516371443,43.833870101986044,3.1468062265163717,0.08051529790660225,0.020128824476650563,0.1878690284487386,,0.06709608158883522,,,,
17,30.971551261406333,19.229736983360173,0.46967257112184646,2.167203435319377,43.605743424584006,3.1736446591519054,0.08051529790660225,0.020128824476650563,0.2147074610842727,,0.06709608158883522,,,,
18,30.62265163714439,19.83360171765969,0.5032206119162641,2.167203435319377,43.12265163714439,3.1065485775630703,0.08051529790660225,0.020128824476650563,0.49651100375738055,,0.04696725711218465,,,,
19,30.790391841116477,19.766505636070853,0.5434782608695652,2.1604938271604937,40.83467525496511,3.079710144927536,0.08051529790660225,0.020128824476650563,2.6301663982823404,,0.08722490606548577,0.0067096081588835215,,,
20,27.334943639291467,17.28395061728395,0.5300590445517982,2.1269457863660763,45.148953301127214,1.7444981213097155,0.10735373054213634,2.9790660225442833,2.7106816961889426,0.026838432635534086,,0.0067096081588835215,,,
21,24.315619967793882,16.76731078904992,0.5568974771873323,0.026838432635534086,35.43344068706388,15.35829307568438,0.06709608158883522,4.683306494900698,2.757648953301127,0.026838432635534086,,0.0067096081588835215,,,
22,24.58400429414922,15.854804079441761,0.5770263016639828,0.040257648953301126,34.93022007514761,15.257648953301127,0.0939345142243693,5.8239398819108965,2.7777777777777777,0.05367686527106817,,0.0067096081588835215,,,
23,24.852388620504563,14.244498121309716,0.5837359098228664,1.3486312399355878,34.675254965110035,13.982823403113258,0.0939345142243693,5.783682232957595,4.374664519592056,0.05367686527106817,,0.0067096081588835215,,,
24,22.21551261406334,13.479602791196994,0.4428341384863124,1.3486312399355878,42.7536231884058,11.748523886205046,0.06038647342995169,3.616478797638218,4.2203435319377345,0.08051529790660225,0.026838432635534086,0.0067096081588835215,,,
25,20.081857219538378,11.178207192699947,0.966183574879227,0.5971551261406334,49.382716049382715,11.010466988727858,0.06038647342995169,2.4691358024691357,3.878153515834675,0.36231884057971014,0.0067096081588835215,0.0067096081588835215,,,
26,20.135534084809446,11.258722490606548,0.966183574879227,0.5971551261406334,49.11433172302738,10.976918947933441,0.08722490606548577,2.4825550187869028,4.005636070853462,0.36231884057971014,0.0067096081588835215,0.0067096081588835215,,,
27,13.828502415458937,22.517444981213096,0.9393451422436929,2.200751476113795,43.283682232957595,10.165056360708535,0.08722490606548577,2.4490069779924855,4.126409017713366,0.38915727321524424,0.0067096081588835215,0.0067096081588835215,,,
28,13.94927536231884,21.443907675791735,0.8521202361782072,4.555823939881911,41.84111647879764,10.131508319914117,0.14090177133655393,2.4490069779924855,4.233762748255502,0.38915727321524424,0.0067096081588835215,0.0067096081588835215,,,
29,14.398819108964037,21.32313472893183,0.8588298443370908,4.502147074610843,41.398282340311326,10.091250670960816,0.19457863660762212,2.428878153515835,4.394793344068707,0.39586688137412773,0.0067096081588835215,0.0067096081588835215,,,
30,14.714170692431562,21.336553945249598,1.1607622114868492,4.448470209339774,40.84138486312399,9.970477724100913,0.2549651100375738,2.4020397208803006,4.428341384863124,0.3824476650563607,0.0067096081588835215,0.040257648953301126,0.013419216317767043,,
31,12.74825550187869,20.222758990874933,1.4090177133655395,4.26731078904992,42.72678475577026,11.761943102522812,0.23483628556092323,1.737788513150832,4.320987654320987,0.3153515834675255,0.20128824476650564,0.040257648953301126,0.013419216317767043,,
32,12.614063338701019,19.196188942565755,1.5163714439076759,3.9586688137412773,40.90848094471283,11.151368760064413,0.27509393451422437,6.5485775630703165,3.3145464304884595,0.2616747181964573,0.20128824476650564,0.040257648953301126,0.013419216317767043,,
33,13.211218464841654,19.068706387546968,1.6438539989264627,3.9720880300590444,40.284487385936664,11.057434245840042,0.322061191626409,6.481481481481482,3.4151905528717124,0.2885131508319914,0.20128824476650564,0.040257648953301126,0.013419216317767043,,
34,13.560118089103597,18.203166935050994,2.475845410628019,3.8580246913580245,40.083199141170155,11.017176596886742,0.35560923242082665,6.407675791733762,3.421900161030596,0.322061191626409,0.20128824476650564,0.08051529790660225,0.013419216317767043,,
35,13.875469672571121,18.04213633923779,2.522812667740204,3.9049919484702094,39.56655931293612,10.943370907139023,0.35560923242082665,6.374127750939345,3.7640901771336552,0.35560923242082665,0.20128824476650564,0.08051529790660225,0.013419216317767043,,
36,14.237788513150832,17.834138486312398,4.42163177670424,4.045893719806763,37.65432098765432,10.836017176596886,0.35560923242082665,6.340579710144928,3.6500268384326353,0.32877079978529256,0.20128824476650564,0.08051529790660225,0.013419216317767043,,
37,13.754696725711218,16.794149221685455,4.414922168545357,3.965378421900161,39.61352657004831,10.93666129898014,0.35560923242082665,5.9447128287707995,3.569511540526033,0.322061191626409,0.23483628556092323,0.08051529790660225,0.013419216317767043,,
38,13.070316693505099,16.760601180891037,4.408212560386473,2.5161030595813205,32.83682232957595,7.977724100912507,0.17444981213097155,18.075684380032207,3.515834675254965,0.30864197530864196,0.23483628556092323,0.10735373054213634,0.013419216317767043,,
39,13.466183574879228,16.59286097691895,4.87788513150832,2.5697799248523885,32.35373054213634,7.957595276435856,0.18115942028985507,17.793880837359097,3.4017713365539453,0.4495437466451959,0.23483628556092323,0.10735373054213634,0.013419216317767043,,
40,13.976113794954374,16.33118625872249,4.978529253891573,2.5161030595813205,31.83709071390231,7.917337627482555,0.18115942028985507,17.793880837359097,3.6500268384326353,0.4294149221685454,0.23483628556092323,0.10735373054213634,0.04696725711218465,,
41,13.88888888888889,13.546698872785829,10.802469135802468,2.5563607085346214,29.51556629092861,7.863660762211487,0.20799785292538917,17.317498658078367,3.421900161030596,0.48980139559849706,0.23483628556092323,0.10735373054213634,0.04696725711218465,,
42,14.190821256038648,12.741545893719806,10.46027911969941,3.3480944712828773,29.11969940955448,7.796564680622652,0.24154589371980675,17.72007514761138,3.435319377348363,0.5233494363929146,0.2683843263553409,0.10735373054213634,0.04696725711218465,,
43,14.378690284487385,12.486580783682234,11.647879763821793,3.3413848631239937,28.23403113258186,7.729468599033816,0.24154589371980675,17.28395061728395,3.683574879227053,0.5501878690284487,0.2683843263553409,0.10735373054213634,0.04696725711218465,,
44,14.727589908749328,12.365807836822329,11.634460547504025,3.2877079978529253,28.06629092860977,7.695920558239399,0.27509393451422437,17.002147074610843,3.743961352657005,0.7380568974771873,0.28180354267310787,0.10735373054213634,0.07380568974771873,,
45,14.834943639291465,12.177938808373591,11.460010735373054,3.260869565217391,27.771068169618893,12.379227053140097,0.32877079978529256,13.003220611916264,3.643317230273752,0.6910896403650026,0.2683843263553409,0.10735373054213634,0.07380568974771873,,
46,15.405260332796564,12.00348899624262,11.41304347826087,3.280998389694042,27.408749329039185,12.332259796027913,0.30193236714975846,12.97638217928073,3.656736446591519,0.6977992485238862,0.3421900161030596,0.10735373054213634,0.07380568974771873,,
47,15.485775630703166,11.956521739130435,13.687600644122384,3.280998389694042,25.5300590445518,12.00348899624262,0.30193236714975846,12.895866881374127,3.5829307568438002,0.7380568974771873,0.32877079978529256,0.10735373054213634,0.10064412238325282,,
48,15.197262479871176,7.206119162640902,10.903113258185721,2.831454643048846,24.825550187869027,11.862587224906065,0.2952227589908749,22.061191626409016,3.475577026301664,0.8051529790660226,0.32877079978529256,0.10735373054213634,0.10064412238325282,,
49,15.519323671497585,7.098765432098766,10.929951690821255,2.8515834675254963,24.610842726784757,11.681427804616211,0.2885131508319914,21.926999463231347,3.730542136339238,0.8051529790660226,0.35560923242082665,0.10064412238325282,0.10064412238325282,,
50,15.60654857756307,6.957863660762212,11.218464841653248,2.7308105206655933,24.208266237251745,14.486044015029522,0.2885131508319914,19.92753623188406,3.589640365002684,0.5166398282340311,0.2683843263553409,0.10064412238325282,0.10064412238325282,,
51,15.955448201825014,6.9310252281266775,11.16478797638218,2.717391304347826,24.08078368223296,14.278046162104133,0.28180354267310787,19.826892109500804,3.629898013955985,0.5904455179817498,0.3421900161030596,0.10064412238325282,0.10064412238325282,,
52,15.619967793880837,6.696188942565755,10.795759527643586,2.717391304347826,25.067096081588836,14.210950080515298,0.2952227589908749,19.692699946323135,3.7573805689747717,0.6038647342995169,0.3421900161030596,0.10064412238325282,0.10064412238325282,,
53,15.915190552871712,6.66935050993022,10.869565217391305,2.7442297369833604,24.724906065485776,14.123725174449811,0.322061191626409,19.37734836285561,3.898282340311326,0.7917337627482555,0.36231884057971014,0.10064412238325282,0.10064412238325282,,
54,16.049382716049383,6.6760601180891035,10.856146001073537,2.7643585614600106,24.55716586151369,16.264090177133657,0.30864197530864196,17.236983360171767,3.864734299516908,0.8252818035426731,0.39586688137412773,0.10064412238325282,0.10064412238325282,,
55,15.861513687600644,5.703166935050993,10.00402576489533,2.3752012882447664,22.920021470746107,24.329039184111647,0.30193236714975846,13.352120236178207,3.911701556629093,0.6172839506172839,0.4294149221685454,0.10064412238325282,0.0939345142243693,,
56,14.40552871712292,5.428073000536768,11.674718196457327,2.3081052066559313,28.75738056897477,21.007783145464305,0.2214170692431562,11.486849168008588,3.9586688137412773,0.36231884057971014,0.20128824476650564,0.0939345142243693,0.0939345142243693,,
57,10.326086956521738,3.670155662909286,11.131239935587761,2.1739130434782608,38.446054750402574,18.833870101986044,0.20799785292538917,11.037305421363392,3.421900161030596,0.35560923242082665,0.1878690284487386,0.08051529790660225,0.1274825550187869,,
58,10.695115405260333,3.670155662909286,11.097691894793345,2.15378421900161,36.09769189479334,18.65271068169619,0.2214170692431562,13.077026301663983,3.455448201825013,0.3824476650563607,0.23483628556092323,0.10064412238325282,0.1610305958132045,,
59,11.285560923242082,3.6634460547504024,11.956521739130435,2.100107353730542,34.91009125067096,18.46484165324745,0.2214170692431562,12.895866881374127,3.4621578099838968,0.4092860976918948,0.2616747181964573,0.10064412238325282,0.2683843263553409,,
60,10.091250670960816,6.1929683306494905,12.379227053140097,2.0263016639828235,33.45410628019324,18.21658615136876,0.24825550187869028,12.754965110037574,3.4822866344605474,0.38915727321524424,0.39586688137412773,0.10064412238325282,0.2683843263553409,,
61,10.57434245840043,6.159420289855072,12.647611379495437,2.059849704777241,32.91733762748255,18.075684380032207,0.24825550187869028,12.647611379495437,3.455448201825013,0.4495437466451959,0.39586688137412773,0.10064412238325282,0.2683843263553409,,
62,10.782340311325818,6.172839506172839,12.761674718196458,2.059849704777241,32.628824476650564,17.995169082125603,0.2214170692431562,12.614063338701019,3.5292538915727323,0.46967257112184646,0.39586688137412773,0.10064412238325282,0.2683843263553409,,
63,10.755501878690284,6.159420289855072,11.79549114331723,4.3478260869565215,31.796833064949006,17.787171229200215,0.2616747181964573,12.392646269457863,3.515834675254965,0.46967257112184646,0.3757380568974772,0.10064412238325282,0.24154589371980675,,
64,11.07085346215781,6.132581857219538,11.829039184111648,4.28743961352657,31.602254428341386,17.673107890499196,0.28180354267310787,12.345679012345679,3.5426731078904994,0.47638217928073,0.41599570585077833,0.10064412238325282,0.24154589371980675,,
65,11.3191089640365,6.105743424584004,11.768652710681696,4.28743961352657,31.54186795491143,17.28395061728395,0.32877079978529256,12.325550187869029,3.5225442834138487,0.46296296296296297,0.7246376811594203,0.10064412238325282,0.2281266774020397,,
66,11.439881910896403,6.105743424584004,10.151637144390767,4.233762748255502,31.09903381642512,13.506441223832528,0.30193236714975846,18.169618894256576,3.535963499731616,0.46296296296296297,0.7179280730005367,0.10064412238325282,0.17444981213097155,,
67,11.641170155662909,6.072195383789587,10.071121846484166,4.166666666666667,29.64975845410628,14.88191089640365,0.3488996242619431,18.129361245303276,3.4957058507783145,0.46296296296296297,0.7380568974771873,0.10064412238325282,0.24154589371980675,,
68,10.7085346215781,5.6964573268921095,9.447128287707997,2.898550724637681,35.581052066559316,14.673913043478262,0.30193236714975846,15.94873859366613,2.9052603327965647,0.7581857219538379,0.7380568974771873,0.10064412238325282,0.24154589371980675,,
69,7.843531937734836,5.522007514761138,7.669082125603865,2.2879763821792807,38.768115942028984,9.742351046698873,0.27509393451422437,23.557434245840042,2.771068169618894,0.7447665056360708,0.5367686527106817,0.12077294685990338,0.1610305958132045,,
70,8.279656468062266,5.481749865807837,7.246376811594203,2.046430488459474,31.03864734299517,17.156468062265162,0.23483628556092323,23.43666129898014,3.535963499731616,0.7514761137949544,0.5367686527106817,0.0939345142243693,0.1610305958132045,,
71,8.192431561996779,5.441492216854535,7.226247987117552,2.073268921095008,32.60198604401503,15.888352120236178,0.2281266774020397,23.027375201288244,3.7104133118625873,0.8051529790660226,0.5367686527106817,0.10735373054213634,0.1610305958132045,,
72,8.568169618894256,5.253623188405797,7.27992485238862,2.086688137412775,32.33360171765969,15.83467525496511,0.2281266774020397,23.067632850241544,3.7372517444981215,0.798443370907139,0.5703166935050993,0.08722490606548577,0.15432098765432098,,
73,8.507783145464305,3.166935050993022,7.14573268921095,2.01959205582394,34.93022007514761,16.002415458937197,0.2281266774020397,22.86634460547504,3.455448201825013,0.8655394524959742,0.5703166935050993,0.08722490606548577,0.15432098765432098,,
74,8.809715512614064,3.166935050993022,7.139023081052066,2.01959205582394,34.54777241009125,15.841384863123993,0.2281266774020397,22.65163714439077,3.7640901771336552,0.9728931830381106,0.6105743424584005,0.0939345142243693,0.15432098765432098,,
75,9.091519055287172,3.012614063338701,7.367149758454106,2.0397208803005906,33.863392377885134,15.707192699946322,0.2616747181964573,22.79253891572732,4.019055287171229,1.0064412238325282,0.5904455179817498,0.0939345142243693,0.15432098765432098,,
76,9.480676328502415,2.985775630703167,7.749597423510467,2.13365539452496,33.25281803542673,16.27750939345142,0.2616747181964573,22.014224369296834,3.9184111647879765,1.0869565217391304,0.5703166935050993,0.0939345142243693,0.15432098765432098,0.020128824476650563,
77,9.796027911969942,2.985775630703167,7.648953301127214,2.13365539452496,32.78314546430489,13.88888888888889,0.2616747181964573,24.570585077831456,4.139828234031133,1.0332796564680622,0.5367686527106817,0.0939345142243693,0.12077294685990338,0.0067096081588835215,
78,10.171765968867419,2.9723564143853998,7.675791733762749,2.1604938271604937,32.23295759527644,13.734567901234568,0.2616747181964573,24.516908212560388,4.435050993022007,1.06682769726248,0.5166398282340311,0.0939345142243693,0.15432098765432098,0.0067096081588835215,
79,10.379763821792807,2.9388083735909825,7.62211486849168,3.0193236714975846,31.702898550724637,13.20450885668277,0.2616747181964573,23.564143853998928,5.428073000536768,1.0869565217391304,0.5367686527106817,0.0939345142243693,0.15432098765432098,0.0067096081588835215,
80,9.098228663446054,2.791196994095545,6.769994632313473,2.5429414922168547,28.64331723027375,11.688137412775093,0.1878690284487386,31.870638754696724,4.622920021470746,0.8252818035426731,0.7112184648416533,0.0939345142243693,0.14761137949543746,0.0067096081588835215,
81,9.272678475577026,2.791196994095545,6.689479334406871,2.4892646269457863,28.44873859366613,11.426462694578637,0.15432098765432098,31.790123456790123,4.64975845410628,0.9192163177670424,1.107085346215781,0.08051529790660225,0.17444981213097155,0.0067096081588835215,
82,9.668545356951155,2.7777777777777777,6.629092860976919,2.475845410628019,28.307836822329577,11.366076221148685,0.18115942028985507,31.682769726247987,4.669887278582931,0.9125067096081588,1.0466988727858293,0.10735373054213634,0.17444981213097155,,
83,10.144927536231885,2.757648953301127,6.488191089640365,2.6033279656468062,28.133387010198604,11.231884057971014,0.18115942028985507,31.52173913043478,4.622920021470746,0.9863123993558777,1.0466988727858293,0.10735373054213634,0.17444981213097155,,
84,10.352925389157273,2.7509393451422435,6.481481481481482,2.6838432635534084,28.10654857756307,11.16478797638218,0.18115942028985507,30.92458400429415,4.622920021470746,1.3821792807300053,1.06682769726248,0.10735373054213634,0.17444981213097155,,
85,10.332796564680622,2.7442297369833604,6.890767579173376,2.818035426731079,31.280193236714975,11.030595813204508,0.1610305958132045,28.32125603864734,3.81105743424584,1.3217928073000538,1.0466988727858293,0.08051529790660225,0.1610305958132045,,
86,10.48040794417606,2.7442297369833604,6.139291465378422,2.2208803005904456,32.46779388083736,11.829039184111648,0.2281266774020397,27.469135802469136,3.770799785292539,1.2681159420289856,1.1406333870101986,0.08051529790660225,0.1610305958132045,,
87,10.762211486849168,2.717391304347826,6.1862587224906065,2.227589908749329,32.25979602791197,11.761943102522812,0.24825550187869028,27.24771873322598,3.824476650563607,1.3955984970477724,1.1272141706924315,0.08051529790660225,0.1610305958132045,,
88,11.07085346215781,2.717391304347826,6.239935587761675,2.24771873322598,31.95786366076221,11.708266237251744,0.24825550187869028,27.120236178207193,3.8714439076757916,1.3888888888888888,1.1876006441223832,0.08051529790660225,0.1610305958132045,,
89,11.124530327428879,2.717391304347826,6.239935587761675,2.2946859903381642,31.890767579173378,11.641170155662909,0.24825550187869028,27.194041867954912,3.864734299516908,1.3754696725711217,1.1674718196457328,0.08051529790660225,0.1610305958132045,,
90,11.460010735373054,2.6033279656468062,6.582125603864735,2.3483628556092326,31.702898550724637,11.439881910896403,0.24825550187869028,26.898819108964037,3.8848631239935587,1.402308105206656,1.1876006441223832,0.08051529790660225,0.1610305958132045,,
91,11.728395061728396,2.6033279656468062,6.696188942565755,2.7777777777777777,30.991680085882983,11.453301127214171,0.24825550187869028,26.67740203972088,3.8915727321524423,1.402308105206656,1.3150831991411702,0.08051529790660225,0.13419216317767044,,
92,12.04374664519592,2.6033279656468062,6.689479334406871,2.804616210413312,30.790391841116477,11.43317230273752,0.27509393451422437,26.570048309178745,3.938539989264627,1.3486312399355878,1.288244766505636,0.08051529790660225,0.13419216317767044,,
93,12.372517444981213,2.6033279656468062,6.608964036500268,2.7643585614600106,30.683038110574344,11.352657004830919,0.27509393451422437,26.301663982823403,3.938539989264627,1.583467525496511,1.3150831991411702,0.08051529790660225,0.12077294685990338,,
94,12.922705314009661,2.6033279656468062,6.716317767042405,2.8784219001610305,30.20665593129361,11.292270531400966,0.27509393451422437,26.120504562533547,3.92512077294686,1.5767579173376274,1.3150831991411702,0.08051529790660225,0.08722490606548577,,
95,12.714707461084272,2.5831991411701556,6.488191089640365,2.7241009125067097,34.41358024691358,9.762479871175524,0.322061191626409,24.12104133118626,3.9049919484702094,1.6035963499731616,1.2144390767579174,0.08051529790660225,0.06709608158883522,,
96,12.875738056897477,2.5831991411701556,6.78341384863124,2.6972624798711755,33.99087493290392,9.728931830381105,0.322061191626409,23.946591519055286,3.9720880300590444,1.7310789049919484,1.221148684916801,0.08051529790660225,0.06709608158883522,,
97,13.043478260869565,2.5831991411701556,6.837090713902308,3.280998389694042,33.762748255501876,9.608158883521202,0.30193236714975846,23.47691894793344,4.025764895330113,1.6975308641975309,1.2077294685990339,0.10735373054213634,0.06709608158883522,,
98,12.86231884057971,2.5831991411701556,6.327160493827161,3.1870638754696725,33.23939881910896,8.527911969940956,0.2549651100375738,25.72463768115942,4.300858829844337,1.6774020397208802,1.1876006441223832,0.06038647342995169,0.06709608158883522,,
99,13.20450885668277,2.576489533011272,6.300322061191626,3.207192699946323,32.94417606011809,8.460815888352121,0.2549651100375738,25.51663982823403,4.555823939881911,1.6841116478797638,1.1876006441223832,0.06038647342995169,0.04696725711218465,,
100,13.24476650563607,2.5429414922168547,6.394256575415996,3.1870638754696725,34.292807300053674,8.373590982286634,0.2549651100375738,24.496779388083738,4.51556629092861,1.3553408480944713,1.2345679012345678,0.06038647342995169,0.04696725711218465,,
101,13.157541599570585,2.5429414922168547,5.428073000536768,5.159688674181428,33.89694041867955,8.319914117015566,0.2549651100375738,24.060654857756308,4.4820182501341925,1.4224369296833066,1.221148684916801,0.0067096081588835215,0.04696725711218465,,
102,13.22463768115942,2.5429414922168547,5.293880837359098,5.179817498658078,33.393719806763286,10.38647342995169,0.24154589371980675,22.611379495437465,4.408212560386473,1.4492753623188406,1.2144390767579174,0.0067096081588835215,0.04696725711218465,,
103,13.130703166935051,2.5429414922168547,5.991680085882985,4.924852388620504,33.16559312936125,9.588030059044552,0.24154589371980675,23.597691894793343,4.3478260869565215,1.3955984970477724,1.0131508319914118,0.013419216317767043,0.04696725711218465,,
104,10.856146001073537,2.522812667740204,4.502147074610843,2.6033279656468062,32.87707997852925,8.970746108427267,0.16774020397208803,31.749865807836823,3.9318303811057436,1.1674718196457328,0.5837359098228664,0.026838432635534086,0.040257648953301126,,
105,10.929951690821255,2.509393451422437,4.455179817498658,2.576489533011272,29.47530864197531,11.600912506709609,0.20799785292538917,31.42109500805153,4.938271604938271,1.2010198604401503,0.6172839506172839,0.026838432635534086,0.040257648953301126,,
106,11.3191089640365,2.5026838432635534,4.824208266237251,2.576489533011272,28.92512077294686,11.533816425120772,0.20799785292538917,31.125872249060656,5.092592592592593,1.1540526033279657,0.6575415995705851,0.026838432635534086,0.05367686527106817,,
107,11.600912506709609,2.4825550187869028,4.8443370907139025,2.563070316693505,28.69699409554482,11.721685453569512,0.20799785292538917,30.817230273752013,5.166398282340311,1.1540526033279657,0.6642512077294686,0.026838432635534086,0.05367686527106817,,
108,12.050456253354804,2.4557165861513686,4.824208266237251,2.5429414922168547,28.502415458937197,11.647879763821793,0.19457863660762212,30.495169082125603,5.260332796564681,1.1741814278046163,0.7716049382716049,0.026838432635534086,0.05367686527106817,,
109,10.775630703166936,2.4557165861513686,4.669887278582931,2.395330112721417,31.414385399892645,11.500268384326356,0.2214170692431562,29.985238862050455,4.30756843800322,1.3754696725711217,0.8185721953837896,0.026838432635534086,0.05367686527106817,,
110,11.16478797638218,2.4557165861513686,4.64975845410628,2.4825550187869028,31.146001073537306,11.399624261943103,0.2214170692431562,29.837627482555018,4.320987654320987,1.3888888888888888,0.8521202361782072,0.026838432635534086,0.05367686527106817,,
111,11.419753086419753,2.4154589371980677,4.528985507246377,2.8381642512077296,30.9447128287708,11.292270531400966,0.27509393451422437,29.347826086956523,4.388083735909823,1.5901771336553945,0.8387010198604401,0.026838432635534086,0.05367686527106817,,0.040257648953301126
112,11.77536231884058,2.3886205045625335,4.522275899087493,2.844873859366613,30.790391841116477,11.211755233494364,0.30193236714975846,29.066022544283413,4.461889425657541,1.6170155662909287,0.8990874932903918,0.026838432635534086,0.05367686527106817,,0.040257648953301126
113,11.460010735373054,2.3886205045625335,6.011808910359635,2.8247450348899625,28.81105743424584,12.915995705850777,0.30193236714975846,27.938808373590984,4.549114331723027,1.6572732152442298,1.0198604401502953,0.026838432635534086,0.05367686527106817,,0.040257648953301126
114,11.81561996779388,2.3752012882447664,6.011808910359635,2.7777777777777777,28.5829307568438,12.889157273215245,0.30193236714975846,27.911969940955448,4.5893719806763285,1.5767579173376274,1.0466988727858293,0.026838432635534086,0.05367686527106817,,0.040257648953301126
115,12.050456253354804,2.314814814814815,6.273483628556092,2.7777777777777777,28.435319377348364,12.68786902844874,0.30193236714975846,27.74422973698336,4.5960815888352125,1.6170155662909287,1.0802469135802468,0.026838432635534086,0.05367686527106817,,0.040257648953301126
116,12.486580783682234,2.26784755770263,6.273483628556092,2.737520128824477,28.14680622651637,12.674449812130971,0.30193236714975846,27.643585614600106,4.690016103059581,1.596886741814278,1.0601180891035964,0.026838432635534086,0.05367686527106817,,0.040257648953301126
117,12.76838432635534,2.3752012882447664,6.199677938808374,2.7106816961889426,27.95222758990875,12.674449812130971,0.30193236714975846,27.509393451422437,4.757112184648417,1.570048309178744,1.0735373054213635,0.026838432635534086,0.05367686527106817,,0.026838432635534086
118,13.177670424047236,2.3752012882447664,6.152710681696189,2.6838432635534084,27.87842190016103,12.600644122383253,0.36902844873859364,27.30139559849705,4.703435319377348,1.5499194847020934,1.1003757380568975,0.026838432635534086,0.05367686527106817,,0.026838432635534086
119,13.493022007514762,2.3752012882447664,6.018518518518518,3.260869565217391,27.375201288244767,12.567096081588835,0.3421900161030596,26.986044015029524,4.810789049919484,1.5297906602254427,1.133923778851315,0.026838432635534086,0.05367686527106817,,0.026838432635534086
120,13.446054750402576,2.3752012882447664,6.038647342995169,3.2877079978529253,27.30139559849705,11.829039184111648,0.322061191626409,27.78448738593666,4.884594739667204,1.556629092860977,1.0802469135802468,0.026838432635534086,0.05367686527106817,,0.013419216317767043
121,13.18438003220612,2.3752012882447664,5.998389694041868,3.260869565217391,28.247450348899623,11.708266237251744,0.322061191626409,27.2812667740204,4.703435319377348,1.6505636070853462,1.1741814278046163,0.026838432635534086,0.05367686527106817,,0.013419216317767043
122,13.365539452495975,2.3752012882447664,5.964841653247451,3.260869565217391,28.005904455179817,11.641170155662909,0.322061191626409,26.858561460010737,4.9651100375738055,1.8183038110574343,1.328502415458937,0.026838432635534086,0.05367686527106817,,0.013419216317767043
123,13.868760064412239,2.3752012882447664,5.938003220611916,3.2474503488996245,27.583199141170155,11.60762211486849,0.33548040794417605,26.670692431561996,5.092592592592593,1.8518518518518519,1.3352120236178207,0.026838432635534086,0.05367686527106817,,0.013419216317767043
124,12.124261943102523,2.281266774020397,3.8043478260869565,2.4020397208803006,37.42619431025228,8.756038647342995,0.3153515834675255,25.15432098765432,4.777241009125067,1.737788513150832,1.1272141706924315,0.026838432635534086,0.05367686527106817,,0.013419216317767043
125,12.399355877616747,2.281266774020397,4.012345679012346,2.3617820719269993,36.13794954374664,8.82313472893183,0.3153515834675255,24.932903918411164,5.589103596349974,1.8988191089640365,1.1540526033279657,0.026838432635534086,0.05367686527106817,,0.013419216317767043
126,12.634192163177671,2.1739130434782608,3.992216854535695,2.3617820719269993,35.64143853998927,9.265968867418144,0.3153515834675255,24.718196457326894,5.8239398819108965,1.8317230273752012,1.1473429951690821,0.026838432635534086,0.05367686527106817,,0.013419216317767043
127,12.848899624261943,2.1739130434782608,4.005636070853462,2.328234031132582,35.31266774020397,9.265968867418144,0.3153515834675255,24.282071926999464,6.400966183574879,1.8048845947396672,1.1674718196457328,0.026838432635534086,0.05367686527106817,,0.013419216317767043
128,12.99651100375738,2.1739130434782608,4.2270531400966185,2.328234031132582,34.88325281803543,9.084809447128288,0.322061191626409,24.18142780461621,6.723027375201288,1.8317230273752012,1.1540526033279657,0.026838432635534086,0.05367686527106817,,0.013419216317767043
129,13.217928073000536,2.1739130434782608,4.468599033816425,2.7241009125067097,34.17874396135266,8.950617283950617,0.322061191626409,24.033816425120772,6.649221685453569,2.033011272141707,1.1540526033279657,0.026838432635534086,0.05367686527106817,,0.013419216317767043
130,13.285024154589372,2.1739130434782608,4.9651100375738055,2.7777777777777777,33.72920021470746,8.930488459473967,0.322061191626409,23.919753086419753,6.615673644659152,2.0263016639828235,1.1607622114868492,0.026838432635534086,0.05367686527106817,,0.013419216317767043
131,13.425925925925926,2.167203435319377,4.944981213097155,3.0327428878153517,33.57487922705314,8.80300590445518,0.3488996242619431,23.95330112721417,6.488191089640365,2.01959205582394,1.1473429951690821,0.026838432635534086,0.05367686527106817,,0.013419216317767043
132,13.519860440150294,2.167203435319377,5.018786902844874,3.0327428878153517,33.43397745571659,8.789586688137414,0.3488996242619431,23.872785829307567,6.5552871712292005,1.9793344068706387,1.1876006441223832,0.026838432635534086,0.05367686527106817,,0.013419216317767043
133,13.6808910359635,2.167203435319377,5.059044551798175,3.079710144927536,33.13204508856683,8.568169618894256,0.33548040794417605,23.758722490606548,6.608964036500268,2.2946859903381642,1.221148684916801,0.026838432635534086,0.05367686527106817,,0.013419216317767043
134,13.982823403113258,2.1604938271604937,5.0858829844337095,3.0864197530864197,32.56172839506173,8.501073537305421,0.36231884057971014,23.67149758454106,7.011540526033279,2.2410091250670963,1.2412775093934514,0.026838432635534086,0.05367686527106817,,0.013419216317767043
135,14.257917337627482,2.147074610842727,5.038915727321524,3.113258185721954,32.27992485238862,8.501073537305421,0.36231884057971014,23.57085346215781,7.051798174986581,2.2611379495437465,1.3217928073000538,0.026838432635534086,0.05367686527106817,,0.013419216317767043
136,14.445786366076222,2.147074610842727,6.340579710144928,3.113258185721954,31.293612453032743,8.514492753623188,0.35560923242082665,23.423242082662373,6.6760601180891035,2.2611379495437465,1.3352120236178207,0.026838432635534086,0.05367686527106817,,0.013419216317767043
137,14.794685990338165,2.147074610842727,6.206387546967257,3.113258185721954,30.99838969404187,8.789586688137414,0.3488996242619431,23.21524422973698,6.709608158883521,2.281266774020397,1.3150831991411702,0.026838432635534086,0.05367686527106817,,
138,12.701288244766506,14.278046162104133,5.253623188405797,2.932098765432099,29.824208266237253,10.010735373054214,0.2885131508319914,16.056092324208265,5.850778314546431,1.6639828234031133,1.0735373054213635,0.026838432635534086,0.040257648953301126,,
139,12.983091787439614,14.184111647879764,5.280461621041331,2.932098765432099,29.528985507246375,9.903381642512077,0.2885131508319914,16.0426731078905,5.998389694041868,1.6706924315619969,1.1205045625335481,0.026838432635534086,0.040257648953301126,,
140,13.20450885668277,14.150563607085346,5.307300053676865,3.113258185721954,29.139828234031132,9.903381642512077,0.2885131508319914,15.888352120236178,6.179549114331723,1.6304347826086956,1.133923778851315,0.020128824476650563,0.040257648953301126,,
141,13.352120236178207,14.090177133655395,5.5756843800322065,3.1468062265163717,28.804347826086957,9.836285560923242,0.2616747181964573,15.485775630703166,6.172839506172839,2.0799785292538915,1.133923778851315,0.020128824476650563,0.040257648953301126,,
142,13.727858293075684,13.848631239935587,5.595813204508857,3.1468062265163717,28.549382716049383,9.809447128287708,0.23483628556092323,15.479066022544284,6.286902844873859,2.1806226516371443,1.107085346215781,0.020128824476650563,0.013419216317767043,,
143,12.426194310252281,13.768115942028986,5.770263016639828,2.7844873859366612,34.35319377348363,9.212292002147075,0.23483628556092323,13.003220611916264,5.428073000536768,1.9189479334406871,1.06682769726248,0.020128824476650563,0.013419216317767043,,
144,12.775093934514224,13.714439076757918,5.730005367686527,2.737520128824477,33.964036500268385,9.111647879763822,0.23483628556092323,12.909286097691895,5.495169082125604,2.2208803005904456,1.0802469135802468,0.020128824476650563,0.0067096081588835215,,
145,13.030059044551798,13.613794954374665,5.783682232957595,2.7643585614600106,33.762748255501876,9.07139023081052,0.23483628556092323,12.95625335480408,5.441492216854535,2.200751476113795,1.1137949543746646,0.020128824476650563,0.0067096081588835215,,
146,13.023349436392914,13.580246913580247,6.957863660762212,2.7308105206655933,33.52120236178207,9.111647879763822,0.23483628556092323,12.084004294149223,5.4616210413311865,2.187332259796028,1.0802469135802468,0.020128824476650563,0.0067096081588835215,,
147,13.378958668813741,13.506441223832528,6.937734836285561,2.737520128824477,33.24610842726785,9.118357487922705,0.23483628556092323,12.02361782071927,5.528717122920021,2.1806226516371443,1.093666129898014,0.0067096081588835215,0.0067096081588835215,,
148,13.345410628019323,12.76838432635534,7.011540526033279,2.636876006441224,35.41331186258722,9.004294149221685,0.23483628556092323,10.929951690821255,5.320719269994632,2.2946859903381642,1.0265700483091786,0.0067096081588835215,0.0067096081588835215,,
149,13.667471819645733,12.694578636607622,6.991411701556629,2.6838432635534084,35.057702630166396,8.970746108427267,0.23483628556092323,10.849436392914654,5.475040257648954,2.2745571658615136,1.0735373054213635,0.0067096081588835215,0.020128824476650563,,
150,14.110305958132045,11.701556629092861,8.259527643585615,2.6704240472356413,34.634997316156735,8.903650026838433,0.23483628556092323,10.735373054213634,5.394524959742351,2.2745571658615136,1.0534084809447128,0.0067096081588835215,0.020128824476650563,,
151,14.244498121309716,11.486849168008588,8.28636607622115,2.4892646269457863,33.803005904455176,9.849704777241008,0.23483628556092323,10.554213633923778,5.58239398819109,2.4355877616747184,1.0064412238325282,0.0067096081588835215,0.020128824476650563,,
152,14.49946323134729,11.446591519055287,8.105206655931294,2.804616210413312,33.61513687600644,9.796027911969942,0.23483628556092323,10.399892646269459,5.562265163714439,2.536231884057971,0.9728931830381106,0.0067096081588835215,0.020128824476650563,,
153,13.311862587224907,9.111647879763822,7.977724100912507,4.502147074610843,31.568706387546968,8.568169618894256,0.23483628556092323,15.942028985507246,5.35426731078905,2.428878153515835,0.9728931830381106,0.0067096081588835215,0.020128824476650563,,
154,13.365539452495975,8.031400966183575,8.246108427267847,4.488727858293076,31.45464304884595,9.957058507783145,0.23483628556092323,15.479066022544284,5.293880837359098,2.428878153515835,0.9930220075147611,0.0067096081588835215,0.020128824476650563,,
155,13.667471819645733,8.011272141706923,8.125335480407944,4.414922168545357,31.266774020397207,9.930220075147611,0.23483628556092323,15.45222758990875,5.35426731078905,2.4490069779924855,1.06682769726248,0.0067096081588835215,0.020128824476650563,,
156,13.117283950617283,7.937466451959206,8.125335480407944,4.38137412775094,32.82340311325819,9.520933977455716,0.2683843263553409,15.136876006441224,5.005367686527107,2.576489533011272,1.0802469135802468,0.0067096081588835215,0.020128824476650563,,
157,13.331991411701557,7.883789586688137,8.172302737520129,4.367954911433173,32.56172839506173,9.494095544820183,0.2683843263553409,14.97584541062802,5.2066559312936125,2.5966183574879227,1.1137949543746646,0.0067096081588835215,0.020128824476650563,,
158,13.486312399355878,7.481213097155126,8.917069243156199,4.300858829844337,32.30005367686527,9.4873859366613,0.27509393451422437,14.841653247450349,5.173107890499195,2.6167471819645733,1.093666129898014,0.0067096081588835215,0.020128824476650563,,
159,13.788244766505636,7.474503488996243,8.883521202361782,4.260601180891036,32.018250134192165,9.386741814278047,0.27509393451422437,14.774557165861514,5.24020397208803,2.7509393451422435,1.1205045625335481,0.0067096081588835215,0.020128824476650563,,
160,14.049919484702093,7.39398819108964,9.098228663446054,4.200214707461084,31.608964036500268,9.29951690821256,0.27509393451422437,14.761137949543746,5.495169082125604,2.677133655394525,1.1137949543746646,0.0067096081588835215,0.020128824476650563,,
161,14.284755770263017,7.387278582930757,9.024422973698336,4.206924315619967,31.50161030595813,9.326355340848094,0.27509393451422437,14.761137949543746,5.421363392377885,2.6972624798711755,1.0869565217391304,0.0067096081588835215,0.020128824476650563,,
162,14.647074610842727,7.353730542136339,8.984165324745035,4.274020397208803,31.239935587761675,9.185453569511541,0.2616747181964573,14.673913043478262,5.501878690284487,2.7308105206655933,1.1205045625335481,0.0067096081588835215,0.020128824476650563,,
163,14.36527106816962,7.306763285024155,8.836553945249598,4.62962962962963,28.985507246376812,9.125067096081589,0.2616747181964573,17.57246376811594,4.99194847020934,2.7777777777777777,1.1205045625335481,0.0067096081588835215,0.020128824476650563,,
