,45,50,52,51,53,55,54,57,56
0,100.0,,,,,,,,
1,73.14814814814815,26.85185185185185,,,,,,,
2,59.80944712828771,39.97584541062802,0.2147074610842727,,,,,,
3,54.1532474503489,45.63204508856683,0.2147074610842727,,,,,,
4,54.05931293612453,40.995705850778315,0.2147074610842727,4.730273752012883,,,,,
5,37.42619431025228,58.3064949006978,0.2147074610842727,4.052603327965647,,,,,
6,36.131239935587764,46.504294149221685,0.2147074610842727,17.14975845410628,,,,,
7,34.35990338164251,47.134997316156735,1.4224369296833066,17.082662372517444,,,,,
8,29.55582393988191,51.939076757917334,1.4224369296833066,17.082662372517444,,,,,
9,29.367954911433173,43.974771873322595,1.4224369296833066,14.049919484702093,11.18491680085883,,,,
10,29.508856682769725,43.70638754696726,1.4224369296833066,14.049919484702093,11.178207192699947,0.13419216317767044,,,
11,29.723564143854,43.49168008588298,1.4224369296833066,14.049919484702093,11.178207192699947,0.13419216317767044,,,
12,29.817498658078367,42.579173376274824,1.4224369296833066,14.04320987654321,11.16478797638218,0.4562533548040794,0.5166398282340311,,
13,25.167740203972087,40.687063875469676,2.8650026838432634,19.47799248523886,11.16478797638218,0.4227053140096618,0.2147074610842727,,
14,21.618357487922705,38.539989264626946,2.8650026838432634,30.83064949006978,5.5756843800322065,0.35560923242082665,0.2147074610842727,,
15,21.712292002147073,38.446054750402574,2.8650026838432634,30.83064949006978,5.5756843800322065,0.35560923242082665,0.2147074610842727,,
16,20.739398819108963,31.233225979602793,13.285024154589372,27.938808373590984,4.797369833601718,1.5096618357487923,,0.49651100375738055,
17,19.981213097155127,23.181696188942567,13.285024154589372,36.74852388620504,4.797369833601718,1.5096618357487923,,0.49651100375738055,
18,17.53220611916264,25.845410628019323,13.170960815888352,36.69484702093398,4.750402576489533,1.5096618357487923,,0.49651100375738055,
19,17.53220611916264,25.845410628019323,13.170960815888352,36.69484702093398,4.750402576489533,1.5096618357487923,,0.49651100375738055,
20,17.60601180891036,25.845410628019323,13.137412775093935,36.65458937198068,4.750402576489533,1.5096618357487923,,0.49651100375738055,
21,17.800590445517983,25.771604938271604,13.137412775093935,36.41304347826087,4.683306494900698,1.5096618357487923,,0.49651100375738055,0.1878690284487386
22,17.767042404723565,25.05367686527107,13.117283950617283,36.33252818035427,4.683306494900698,1.5096618357487923,0.8789586688137413,0.46967257112184646,0.1878690284487386
23,16.921631776704242,16.75389157273215,13.097155126140633,48.72517444981213,2.1269457863660763,1.221148684916801,0.8789586688137413,0.08722490606548577,0.1878690284487386
24,16.921631776704242,16.75389157273215,13.097155126140633,47.93344068706388,2.1269457863660763,2.0128824476650564,0.8789586688137413,0.08722490606548577,0.1878690284487386
25,17.136339237788512,16.686795491143318,13.097155126140633,47.78582930756844,2.1269457863660763,2.0128824476650564,0.8789586688137413,0.08722490606548577,0.1878690284487386
26,17.183306494900698,16.67337627482555,12.922705314009661,47.24906065485776,2.1135265700483092,2.0128824476650564,0.8789586688137413,0.08722490606548577,0.8789586688137413
27,16.304347826086957,14.74771873322598,25.36231884057971,38.24476650563607,2.1135265700483092,1.221148684916801,0.8789586688137413,0.08722490606548577,1.0399892646269457
28,16.378153515834676,14.727589908749328,25.335480407944175,38.217928073000536,2.1135265700483092,1.221148684916801,0.8789586688137413,0.08722490606548577,1.0399892646269457
29,14.875201288244767,14.38539989264627,24.46323134728932,40.935319377348364,2.1135265700483092,1.221148684916801,0.8789586688137413,0.08722490606548577,1.0399892646269457
30,14.99597423510467,14.358561460010735,24.436392914653783,40.86822329575953,2.1135265700483092,1.221148684916801,0.8789586688137413,0.08722490606548577,1.0399892646269457
31,15.11003757380569,14.06333870101986,21.591519055287172,42.190016103059584,3.1468062265163717,2.2410091250670963,0.8789586688137413,0.08722490606548577,0.6910896403650026
32,15.479066022544284,14.06333870101986,21.504294149221685,41.908212560386474,3.1468062265163717,2.2410091250670963,0.8789586688137413,0.08722490606548577,0.6910896403650026
33,14.99597423510467,12.177938808373591,18.323939881910896,47.75228126677402,3.7573805689747717,2.0263016639828235,0.8789586688137413,0.08722490606548577,
34,15.371712292002147,12.144390767579173,18.310520665593128,47.04777241009125,3.7573805689747717,2.006172839506173,0.8051529790660226,0.08722490606548577,0.46967257112184646
35,15.465646806226516,12.13768115942029,18.297101449275363,46.71229200214707,3.7573805689747717,2.006172839506173,0.8051529790660226,0.08722490606548577,0.7313472893183038
36,15.042941492216855,12.13768115942029,18.793612453032743,47.725442834138484,1.90552871712292,2.965646806226516,0.8051529790660226,0.08722490606548577,0.5367686527106817
37,8.158883521202362,17.23027375201288,22.510735373054214,45.799785292538914,1.90552871712292,2.965646806226516,0.8051529790660226,0.08722490606548577,0.5367686527106817
38,8.239398819108963,17.06924315619968,22.282608695652176,45.26301663982824,2.6838432635534084,2.690552871712292,1.1473429951690821,0.08722490606548577,0.5367686527106817
39,8.299785292538916,17.06924315619968,22.282608695652176,45.229468599033815,2.657004830917874,2.690552871712292,1.1473429951690821,0.08722490606548577,0.5367686527106817
40,8.185721953837897,17.022275899087493,19.77992485238862,45.52469135802469,5.032206119162641,2.690552871712292,1.1406333870101986,0.08722490606548577,0.5367686527106817
41,8.272946859903382,16.720343531937736,14.61352657004831,51.650563607085346,4.549114331723027,2.428878153515835,1.1406333870101986,0.08722490606548577,0.5367686527106817
42,8.132045088566828,16.67337627482555,18.344068706387546,48.107890499194845,4.549114331723027,2.428878153515835,1.1406333870101986,0.08722490606548577,0.5367686527106817
43,8.132045088566828,16.67337627482555,18.344068706387546,48.107890499194845,4.549114331723027,2.428878153515835,1.1406333870101986,0.08722490606548577,0.5367686527106817
44,8.205850778314547,16.6532474503489,18.344068706387546,48.05421363392378,4.549114331723027,2.428878153515835,1.1406333870101986,0.08722490606548577,0.5367686527106817
45,8.407139023081053,16.6532474503489,18.256843800322063,47.94015029522276,4.549114331723027,2.428878153515835,1.1406333870101986,0.08722490606548577,0.5367686527106817
46,8.373590982286634,16.465378421900162,17.961621041331185,47.82608695652174,4.441760601180891,2.428878153515835,1.583467525496511,0.08722490606548577,0.8319914117015567
47,8.427267847557703,16.438539989264626,17.961621041331185,47.799248523886206,4.441760601180891,2.428878153515835,1.583467525496511,0.08722490606548577,0.8319914117015567
48,8.702361782071927,16.438539989264626,17.14975845410628,45.53811057434246,7.749597423510467,2.167203435319377,1.583467525496511,0.08722490606548577,0.5837359098228664
49,8.890230810520666,16.33118625872249,17.102791196994094,45.50456253354804,7.749597423510467,2.167203435319377,1.583467525496511,0.08722490606548577,0.5837359098228664
50,8.769457863660762,16.27079978529254,14.78797638217928,48.59769189479334,7.27992485238862,2.328234031132582,1.583467525496511,0.08722490606548577,0.2952227589908749
51,8.896940418679549,16.190284487385938,17.538915727321523,45.819914117015564,7.25979602791197,2.328234031132582,1.583467525496511,0.08722490606548577,0.2952227589908749
52,8.863392377885132,16.17686527106817,14.982555018786902,48.429951690821255,7.25979602791197,2.328234031132582,1.583467525496511,0.08722490606548577,0.2885131508319914
53,8.78287707997853,16.17686527106817,11.869296833064949,52.41545893719807,6.582125603864735,2.0531400966183573,1.583467525496511,0.08722490606548577,0.4495437466451959
54,8.809715512614064,16.17686527106817,11.869296833064949,52.38862050456253,6.582125603864735,2.0531400966183573,1.583467525496511,0.08722490606548577,0.4495437466451959
55,8.474235104669887,15.096618357487923,10.50053676865271,55.119431025228124,6.125872249060655,2.187332259796028,1.9592055823939882,0.08722490606548577,0.4495437466451959
56,8.628556092324208,15.076489533011273,10.50053676865271,54.98523886205046,6.125872249060655,2.187332259796028,1.9592055823939882,0.08722490606548577,0.4495437466451959
57,9.681964573268921,14.727589908749328,10.393183038110575,54.69672571121846,6.125872249060655,2.187332259796028,1.6572732152442298,0.08722490606548577,0.4428341384863124
58,9.77589908749329,14.714170692431562,10.393183038110575,53.81105743424584,6.125872249060655,2.187332259796028,1.6572732152442298,0.08722490606548577,1.247987117552335
59,9.668545356951155,14.687332259796028,22.544283413848632,43.82716049382716,5.173107890499195,1.482823403113258,1.2815351583467525,0.08722490606548577,1.247987117552335
60,9.722222222222221,14.673913043478262,22.544283413848632,43.78690284487386,5.173107890499195,1.482823403113258,1.2815351583467525,0.08722490606548577,1.247987117552335
61,9.86983360171766,14.673913043478262,22.510735373054214,43.69296833064949,5.152979066022544,1.482823403113258,1.2815351583467525,0.08722490606548577,1.247987117552335
62,9.621578099838969,14.049919484702093,32.17257112184648,36.37278582930757,3.978797638217928,1.3486312399355878,1.2815351583467525,0.08722490606548577,1.0869565217391304
63,9.688674181427805,14.049919484702093,32.17257112184648,36.37278582930757,3.978797638217928,1.2815351583467525,1.2815351583467525,0.08722490606548577,1.0869565217391304
64,9.742351046698873,13.996242619431026,32.17257112184648,36.37278582930757,3.978797638217928,1.2815351583467525,1.2815351583467525,0.08722490606548577,1.0869565217391304
65,9.420289855072463,13.982823403113258,35.258990874932906,33.9975845410628,3.978797638217928,1.2815351583467525,1.2815351583467525,0.08722490606548577,0.7112184648416533
66,9.07139023081052,13.875469672571121,34.64170692431562,32.26650563607085,6.8035426731078905,1.2815351583467525,1.261406333870102,0.08722490606548577,0.7112184648416533
67,9.098228663446054,13.862050456253355,34.64170692431562,32.26650563607085,6.8035426731078905,1.2815351583467525,1.247987117552335,0.08722490606548577,0.7112184648416533
68,9.131776704240472,13.862050456253355,34.5276435856146,30.14626945786366,9.004294149221685,1.2815351583467525,1.247987117552335,0.08722490606548577,0.7112184648416533
69,9.272678475577026,13.862050456253355,34.48067632850242,30.05233494363929,9.004294149221685,1.2815351583467525,1.247987117552335,0.08722490606548577,0.7112184648416533
70,8.722490606548577,13.694310252281268,34.95034889962426,30.038915727321523,9.500805152979066,1.0869565217391304,1.2077294685990339,0.08722490606548577,0.7112184648416533
71,8.756038647342995,13.694310252281268,34.95034889962426,30.005367686527105,9.500805152979066,1.0869565217391304,1.2077294685990339,0.08722490606548577,0.7112184648416533
72,8.99087493290392,12.915995705850777,34.70209339774557,29.97181964573269,10.326086956521738,1.0869565217391304,1.2077294685990339,0.08722490606548577,0.7112184648416533
73,8.99087493290392,12.265163714439076,34.68867418142781,29.965110037573805,10.312667740203972,1.7713365539452497,1.2077294685990339,0.08722490606548577,0.7112184648416533
74,8.950617283950617,12.130971551261407,34.66854535695116,28.871443907675793,10.312667740203972,1.9189479334406871,2.3483628556092326,0.08722490606548577,0.7112184648416533
75,9.078099838969404,11.996779388083736,34.40016103059581,28.482286634460547,10.312667740203972,1.9189479334406871,2.5026838432635534,0.08722490606548577,1.221148684916801
76,9.172034353193773,11.996779388083736,34.333064949006975,28.455448201825014,10.312667740203972,1.9189479334406871,2.5026838432635534,0.08722490606548577,1.221148684916801
77,9.178743961352657,11.996779388083736,34.333064949006975,28.455448201825014,10.305958132045088,1.9189479334406871,2.5026838432635534,0.08722490606548577,1.221148684916801
78,9.05126140633387,11.79549114331723,34.333064949006975,28.341384863123995,10.775630703166936,1.9189479334406871,2.5026838432635534,0.08722490606548577,1.1943102522812667
79,7.924047235641439,11.701556629092861,25.44283413848631,39.741009125067094,9.23913043478261,2.187332259796028,2.4825550187869028,0.08722490606548577,1.1943102522812667
80,8.011272141706923,11.681427804616211,25.44283413848631,39.35856146001073,9.232420826623725,2.187332259796028,2.4825550187869028,0.08722490606548577,1.5163714439076759
81,8.13875469672571,11.681427804616211,25.40257648953301,39.11701556629093,9.232420826623725,2.187332259796028,2.4490069779924855,0.08722490606548577,1.7042404723564144
82,8.266237251744498,11.681427804616211,25.32206119162641,39.070048309178745,9.232420826623725,2.187332259796028,2.4490069779924855,0.08722490606548577,1.7042404723564144
83,8.185721953837897,11.634460547504025,25.764895330112722,38.768115942028984,9.219001610305957,2.187332259796028,2.4490069779924855,0.08722490606548577,1.7042404723564144
84,8.393719806763285,11.614331723027375,25.731347289318304,38.61379495437466,9.219001610305957,2.187332259796028,2.4490069779924855,0.08722490606548577,1.7042404723564144
85,8.957326892109501,11.614331723027375,25.40257648953301,38.378958668813745,9.219001610305957,2.187332259796028,2.4490069779924855,0.08722490606548577,1.7042404723564144
86,8.11862587224906,23.10789049919485,19.11567364465915,35.53408480944713,8.668813741277509,2.167203435319377,2.4490069779924855,0.08722490606548577,0.7514761137949544
87,8.380300590445518,22.517444981213096,19.00161030595813,35.53408480944713,8.655394524959743,1.9524959742351047,3.1199677938808374,0.08722490606548577,0.7514761137949544
88,8.36688137412775,22.262479871175522,19.00161030595813,35.46027911969941,8.655394524959743,2.2946859903381642,3.1199677938808374,0.08722490606548577,0.7514761137949544
89,8.447396672034353,22.262479871175522,31.642512077294686,23.09447128287708,8.709071390230811,1.9994632313472893,3.0059044551798175,0.08722490606548577,0.7514761137949544
90,8.541331186258722,22.18196457326892,31.57541599570585,22.953569511540525,8.709071390230811,2.200751476113795,2.999194847020934,0.08722490606548577,0.7514761137949544
91,8.608427267847558,22.15512614063339,31.260064412238325,22.953569511540525,8.709071390230811,2.475845410628019,2.999194847020934,0.08722490606548577,0.7514761137949544
92,8.722490606548577,22.15512614063339,31.0252281266774,22.490606548577563,8.709071390230811,2.475845410628019,2.999194847020934,0.2281266774020397,1.1943102522812667
93,8.293075684380032,21.658615136876005,32.890499194847024,22.128287707997853,8.709071390230811,2.475845410628019,2.4221685453569513,0.2281266774020397,1.1943102522812667
94,7.769726247987117,21.651905528717123,22.322866344605476,33.51449275362319,8.709071390230811,2.2208803005904456,2.4221685453569513,0.2281266774020397,1.1607622114868492
95,7.897208803005904,21.598228663446054,22.108158883521202,33.47423510466989,8.709071390230811,2.2208803005904456,2.4221685453569513,0.4092860976918948,1.1607622114868492
96,7.950885668276973,21.598228663446054,22.08132045088567,33.44739667203435,8.709071390230811,2.2208803005904456,2.4221685453569513,0.4092860976918948,1.1607622114868492
97,7.98443370907139,21.564680622651636,22.08132045088567,33.44739667203435,8.709071390230811,2.2208803005904456,2.4221685453569513,0.4092860976918948,1.1607622114868492
98,8.085077831454644,21.564680622651636,22.054482018250134,33.373590982286636,8.709071390230811,2.2208803005904456,2.4221685453569513,0.4092860976918948,1.1607622114868492
99,8.28636607622115,21.537842190016104,21.967257112184647,30.360976918947934,8.709071390230811,2.2208803005904456,5.347557702630167,0.4092860976918948,1.1607622114868492
100,8.433977455716587,21.430488459473967,21.967257112184647,30.334138486312398,8.695652173913043,2.2208803005904456,5.347557702630167,0.4092860976918948,1.1607622114868492
101,8.393719806763285,21.095008051529792,21.87332259796028,30.327428878153516,8.675523349436393,2.214170692431562,5.850778314546431,0.4092860976918948,1.1607622114868492
102,8.648684916800859,21.068169618894256,22.38996242619431,30.173107890499196,8.427267847557703,1.8719806763285025,5.850778314546431,0.4092860976918948,1.1607622114868492
103,8.494363929146537,21.007783145464305,20.12211486849168,29.66988727858293,11.41304347826087,1.8719806763285025,5.850778314546431,0.4092860976918948,1.1607622114868492
104,8.668813741277509,20.974235104669887,20.12211486849168,29.562533548040793,11.41304347826087,1.865271068169619,5.8239398819108965,0.4092860976918948,1.1607622114868492
105,8.849973161567364,20.947396672034355,20.021470746108427,29.502147074610843,11.560654857756306,1.865271068169619,5.8239398819108965,0.2683843263553409,1.1607622114868492
106,9.091519055287172,20.913848631239937,20.021470746108427,28.79092860976919,11.480139559849706,1.865271068169619,5.8239398819108965,0.2616747181964573,1.751207729468599
107,9.111647879763822,20.913848631239937,20.021470746108427,28.77079978529254,11.480139559849706,1.865271068169619,5.8239398819108965,0.2616747181964573,1.751207729468599
108,9.212292002147075,20.90042941492217,20.021470746108427,28.710413311862588,11.480139559849706,1.865271068169619,5.797101449275362,0.2616747181964573,1.751207729468599
109,9.426999463231347,20.873590982286636,19.961084272678477,28.415190552871714,11.480139559849706,2.13365539452496,5.6964573268921095,0.2616747181964573,1.751207729468599
110,9.50751476113795,20.873590982286636,19.93424584004294,28.37493290391841,11.466720343531938,2.13365539452496,5.6964573268921095,0.2616747181964573,1.751207729468599
111,9.628287707997853,20.840042941492218,19.90740740740741,28.31454643048846,11.466720343531938,2.13365539452496,5.6964573268921095,0.2616747181964573,1.751207729468599
112,9.849704777241008,20.685721953837895,19.665861513687602,28.059581320450885,11.419753086419753,2.61003757380569,5.6964573268921095,0.2616747181964573,1.751207729468599
113,9.930220075147611,20.685721953837895,19.665861513687602,28.012614063338702,11.406333870101985,2.61003757380569,5.676328502415459,0.2616747181964573,1.751207729468599
114,10.050993022007514,20.679012345679013,19.659151905528716,27.905260332796566,11.406333870101985,2.61003757380569,5.676328502415459,0.2616747181964573,1.751207729468599
115,10.628019323671497,20.638754696725712,19.659151905528716,27.710681696188942,11.064143853998926,2.61003757380569,5.676328502415459,0.2616747181964573,1.751207729468599
116,10.641438539989265,20.625335480407944,19.659151905528716,27.710681696188942,11.064143853998926,2.61003757380569,5.676328502415459,0.2616747181964573,1.751207729468599
117,10.648148148148149,20.618625872249062,19.659151905528716,27.710681696188942,11.064143853998926,2.61003757380569,5.676328502415459,0.2616747181964573,1.751207729468599
118,10.889694041867955,20.397208803005906,18.666129898013956,27.502683843263554,12.245034889962426,2.61003757380569,5.676328502415459,0.2616747181964573,1.751207729468599
119,10.681696188942565,13.647342995169081,18.250134192163177,26.80488459473967,20.491143317230275,2.61003757380569,5.676328502415459,0.2616747181964573,1.5767579173376274
120,10.755501878690284,13.647342995169081,18.250134192163177,26.764626945786365,20.491143317230275,2.576489533011272,5.676328502415459,0.2616747181964573,1.5767579173376274
121,10.876274825550189,13.647342995169081,18.223295759527645,26.737788513150832,20.42404723564144,2.576489533011272,5.676328502415459,0.2616747181964573,1.5767579173376274
122,10.903113258185721,13.647342995169081,18.223295759527645,26.710950080515296,20.42404723564144,2.576489533011272,5.676328502415459,0.2616747181964573,1.5767579173376274
123,10.466988727858293,13.560118089103597,16.223832528180353,29.60950080515298,20.182501341921633,2.576489533011272,5.656199677938808,0.14761137949543746,1.5767579173376274
124,10.50053676865271,13.553408480944713,16.223832528180353,29.582662372517444,20.182501341921633,2.576489533011272,5.656199677938808,0.14761137949543746,1.5767579173376274
125,10.587761674718196,13.539989264626946,16.183574879227052,29.56924315619968,20.162372517444982,2.576489533011272,5.656199677938808,0.14761137949543746,1.5767579173376274
126,10.587761674718196,13.24476650563607,16.1231884057971,29.56924315619968,20.088566827697264,2.576489533011272,6.085614600107354,0.14761137949543746,1.5767579173376274
127,10.950080515297907,13.22463768115942,15.707192699946322,29.55582393988191,20.075147611379496,2.576489533011272,5.958132045088567,0.14761137949543746,1.8048845947396672
128,10.654857756307031,13.22463768115942,15.49248523886205,26.898819108964037,23.980139559849704,2.4691358024691357,5.797101449275362,0.06709608158883522,1.415727321524423
129,10.775630703166936,13.22463768115942,15.49248523886205,26.858561460010737,23.97342995169082,2.4691358024691357,5.723295759527644,0.06709608158883522,1.415727321524423
130,10.815888352120236,13.22463768115942,14.9020397208803,26.838432635534083,23.97342995169082,3.046162104133119,5.723295759527644,0.06709608158883522,1.4090177133655395
131,10.815888352120236,13.22463768115942,14.9020397208803,26.838432635534083,23.97342995169082,3.046162104133119,5.723295759527644,0.06709608158883522,1.4090177133655395
132,10.487117552334944,13.083735909822867,15.881642512077295,26.536500268384327,23.866076221148685,3.046162104133119,5.723295759527644,0.06709608158883522,1.3083735909822867
133,10.554213633923778,13.083735909822867,15.861513687600644,26.50966183574879,23.845947396672035,3.046162104133119,5.723295759527644,0.06709608158883522,1.3083735909822867
134,9.554482018250134,12.701288244766506,12.667740203972087,34.09822866344606,23.718464841653248,2.8381642512077296,3.2742887815351582,0.06709608158883522,1.0802469135802468
135,9.601449275362318,12.68786902844874,12.298711755233494,31.582125603864736,23.68491680085883,2.8381642512077296,6.159420289855072,0.06709608158883522,1.0802469135802468
136,9.675254965110037,12.68786902844874,12.298711755233494,31.5552871712292,23.637949543746647,2.8381642512077296,6.159420289855072,0.06709608158883522,1.0802469135802468
137,8.964036500268385,11.808910359634996,11.446591519055287,35.889694041867955,22.29602791196994,2.6301663982823404,5.8172302737520125,0.06709608158883522,1.0802469135802468
138,9.178743961352657,11.808910359634996,11.446591519055287,35.7487922705314,22.25577026301664,2.6301663982823404,5.783682232957595,0.06709608158883522,1.0802469135802468
139,9.178743961352657,11.808910359634996,11.446591519055287,35.7487922705314,22.25577026301664,2.6301663982823404,5.783682232957595,0.06709608158883522,1.0802469135802468
140,9.205582393988191,11.808910359634996,11.446591519055287,35.258990874932906,22.25577026301664,3.0931293612453032,5.783682232957595,0.06709608158883522,1.0802469135802468
141,9.27938808373591,11.808910359634996,11.41304347826087,35.218733225979605,22.25577026301664,3.0931293612453032,5.783682232957595,0.06709608158883522,1.0802469135802468
142,9.608158883521202,11.808910359634996,11.09098228663446,35.218733225979605,22.249060654857757,3.0931293612453032,5.783682232957595,0.06709608158883522,1.0802469135802468
143,9.091519055287172,11.285560923242082,12.674449812130971,34.896672034353195,22.034353193773484,3.0864197530864197,5.783682232957595,0.06709608158883522,1.0802469135802468
144,9.4873859366613,11.16478797638218,12.593934514224369,34.628287707997856,21.967257112184647,3.4017713365539453,5.71658615136876,0.06709608158883522,0.9728931830381106
145,9.574610842726784,11.16478797638218,12.593934514224369,34.58803005904455,21.953837895866883,3.4017713365539453,5.683038110574342,0.06709608158883522,0.9728931830381106
146,9.668545356951155,11.16478797638218,12.560386473429952,34.58803005904455,21.89345142243693,3.4017713365539453,5.683038110574342,0.06709608158883522,0.9728931830381106
147,9.970477724100913,11.124530327428879,12.553676865271068,34.39345142243693,21.833064949006978,3.4017713365539453,5.683038110574342,0.06709608158883522,0.9728931830381106
148,9.970477724100913,11.124530327428879,12.553676865271068,34.39345142243693,21.833064949006978,3.4017713365539453,5.683038110574342,0.06709608158883522,0.9728931830381106
149,10.077831454643048,11.11111111111111,12.5402576489533,34.366612989801396,21.77938808373591,3.4017713365539453,5.683038110574342,0.06709608158883522,0.9728931830381106
150,10.077831454643048,10.815888352120236,12.526838432635534,34.35319377348363,20.35024154589372,5.166398282340311,5.669618894256575,0.06709608158883522,0.9728931830381106
151,10.205314009661835,10.768921095008052,12.446323134728932,34.4873859366613,20.30998389694042,5.139559849704777,5.60252281266774,0.06709608158883522,0.9728931830381106
152,10.23215244229737,10.768921095008052,12.439613526570048,34.4873859366613,20.28985507246377,5.139559849704777,5.60252281266774,0.06709608158883522,0.9728931830381106
153,10.332796564680622,10.742082662372518,12.432903918411165,34.46054750402576,20.249597423510465,5.139559849704777,5.60252281266774,0.06709608158883522,0.9728931830381106
154,10.36634460547504,10.715244229736983,12.432903918411165,34.45383789586688,20.249597423510465,5.139559849704777,5.60252281266774,0.06709608158883522,0.9728931830381106
155,10.567632850241546,10.715244229736983,12.426194310252281,34.346484165324746,20.182501341921633,5.119431025228127,5.60252281266774,0.06709608158883522,0.9728931830381106
156,10.701825013419215,10.715244229736983,12.359098228663447,34.286097691894796,20.175791733762747,5.119431025228127,5.60252281266774,0.06709608158883522,0.9728931830381106
157,10.520665593129362,10.674986580783683,10.218733225979603,33.682232957595275,23.221953837895867,5.119431025228127,5.60252281266774,0.06709608158883522,0.8923778851315083
158,10.527375201288244,10.674986580783683,10.218733225979603,33.682232957595275,23.21524422973698,5.119431025228127,5.60252281266774,0.06709608158883522,0.8923778851315083
159,10.621309715512615,10.674986580783683,10.218733225979603,33.279656468062264,23.141438539989263,5.112721417069243,5.60252281266774,0.06709608158883522,1.2815351583467525
160,10.648148148148149,10.668276972624799,10.218733225979603,33.279656468062264,23.141438539989263,5.092592592592593,5.60252281266774,0.06709608158883522,1.2815351583467525
161,10.72866344605475,10.668276972624799,10.218733225979603,33.19914117015566,23.141438539989263,5.092592592592593,5.60252281266774,0.06709608158883522,1.2815351583467525
162,10.755501878690284,10.668276972624799,10.218733225979603,33.17230273752013,23.141438539989263,5.092592592592593,5.60252281266774,0.06709608158883522,1.2815351583467525
163,10.547504025764896,10.513955984970478,13.056897477187333,32.66237251744498,21.443907675791735,5.025496511003757,5.46833064949007,0.06709608158883522,1.2144390767579174
164,10.607890499194847,10.433440687063875,13.056897477187333,32.024959742351044,21.410359634997317,5.870907139023081,5.314009661835748,0.06709608158883522,1.2144390767579174
165,10.668276972624799,10.413311862587225,13.043478260869565,31.99812130971551,21.410359634997317,5.870907139023081,5.314009661835748,0.06709608158883522,1.2144390767579174
166,10.748792270531402,10.413311862587225,13.003220611916264,31.97128287707998,21.39694041867955,5.870907139023081,5.314009661835748,0.06709608158883522,1.2144390767579174
167,10.84272678475577,10.393183038110575,12.989801395598498,31.57541599570585,21.3768115942029,5.870907139023081,5.300590445517981,0.06709608158883522,1.583467525496511
168,10.943370907139023,10.34621578099839,12.989801395598498,31.54186795491143,21.35668276972625,5.870907139023081,5.300590445517981,0.06709608158883522,1.583467525496511
169,11.037305421363392,10.34621578099839,12.989801395598498,31.48148148148148,21.32313472893183,5.870907139023081,5.300590445517981,0.06709608158883522,1.583467525496511
170,11.077563070316694,10.34621578099839,12.989801395598498,31.44122383252818,21.32313472893183,5.870907139023081,5.300590445517981,0.06709608158883522,1.583467525496511
171,11.198336017176597,10.34621578099839,12.989801395598498,31.40096618357488,21.32313472893183,5.870907139023081,5.293880837359098,0.06709608158883522,1.5096618357487923
172,11.2788513150832,10.34621578099839,12.962962962962964,31.34728931830381,21.32313472893183,5.870907139023081,5.293880837359098,0.06709608158883522,1.5096618357487923
173,11.399624261943103,10.285829307568438,12.815351583467525,31.11916264090177,21.32313472893183,5.8172302737520125,5.434782608695652,0.06709608158883522,1.737788513150832
174,11.708266237251744,10.265700483091788,12.801932367149758,30.931293612453032,21.296296296296298,5.8172302737520125,5.434782608695652,0.06709608158883522,1.6774020397208802
175,11.748523886205046,10.265700483091788,12.795222758990874,30.917874396135264,21.296296296296298,5.797101449275362,5.434782608695652,0.06709608158883522,1.6774020397208802
176,11.614331723027375,10.238862050456254,12.76838432635534,30.293880837359097,21.296296296296298,5.797101449275362,6.246645195920558,0.06709608158883522,1.6774020397208802
177,11.614331723027375,10.238862050456254,12.76838432635534,30.293880837359097,21.296296296296298,5.797101449275362,6.246645195920558,0.06709608158883522,1.6774020397208802
178,11.594202898550725,9.232420826623725,12.76838432635534,30.246913580246915,22.859634997316157,5.381105743424584,6.172839506172839,0.06709608158883522,1.6774020397208802
179,11.621041331186259,9.225711218464841,12.76838432635534,29.723564143854,24.10091250670961,5.360976918947934,5.763553408480945,0.06709608158883522,1.3687600644122384
180,11.855877616747183,9.111647879763822,12.466451959205582,29.70343531937735,24.422973698336016,5.280461621041331,5.723295759527644,0.06709608158883522,1.3687600644122384
181,11.869296833064949,9.07139023081052,13.519860440150294,29.542404723564143,23.946591519055286,5.280461621041331,5.3341384863123995,0.06709608158883522,1.3687600644122384
182,12.171229200214707,9.07139023081052,13.519860440150294,29.347826086956523,23.93317230273752,5.226784755770263,5.293880837359098,0.06709608158883522,1.3687600644122384
183,12.338969404186795,9.07139023081052,13.493022007514762,29.341116478797638,23.79898013955985,5.226784755770263,5.293880837359098,0.06709608158883522,1.3687600644122384
184,12.473161567364466,9.07139023081052,13.493022007514762,29.341116478797638,23.66478797638218,5.226784755770263,5.293880837359098,0.06709608158883522,1.3687600644122384
185,12.493290391841116,9.07139023081052,13.47289318303811,29.341116478797638,23.66478797638218,5.226784755770263,5.293880837359098,0.06709608158883522,1.3687600644122384
186,12.560386473429952,9.07139023081052,13.47289318303811,29.274020397208805,23.66478797638218,5.226784755770263,5.293880837359098,0.06709608158883522,1.3687600644122384
187,12.600644122383253,9.07139023081052,13.459473966720344,29.274020397208805,23.637949543746647,5.226784755770263,5.293880837359098,0.06709608158883522,1.3687600644122384
188,12.788513150831992,9.01100375738057,13.459473966720344,29.240472356414386,23.544015029522274,5.226784755770263,5.293880837359098,0.06709608158883522,1.3687600644122384
189,10.48040794417606,5.60252281266774,12.533548040794418,37.9898013955985,22.6784755770263,4.394793344068707,4.703435319377348,0.06709608158883522,1.5499194847020934
190,10.587761674718196,5.60252281266774,12.506709608158884,37.915995705850776,22.6784755770263,4.394793344068707,4.696725711218465,0.06709608158883522,1.5499194847020934
191,10.762211486849168,5.60252281266774,12.493290391841116,37.915995705850776,22.517444981213096,4.394793344068707,4.696725711218465,0.06709608158883522,1.5499194847020934
192,10.88298443370907,5.60252281266774,12.352388620504563,37.76167471819646,22.114868491680085,4.394793344068707,5.273752012882448,0.06709608158883522,1.5499194847020934
193,10.88298443370907,5.60252281266774,12.352388620504563,37.76167471819646,22.114868491680085,4.394793344068707,5.273752012882448,0.06709608158883522,1.5499194847020934
194,11.09098228663446,5.58239398819109,12.338969404186795,37.60064412238325,22.114868491680085,4.394793344068707,5.260332796564681,0.06709608158883522,1.5499194847020934
195,11.16478797638218,5.58239398819109,12.318840579710145,37.56038647342995,22.114868491680085,4.394793344068707,5.260332796564681,0.06038647342995169,1.5432098765432098
196,11.191626409017713,5.488459473966721,13.211218464841654,37.546967257112186,21.316425120772948,4.126409017713366,5.515297906602254,0.06038647342995169,1.5432098765432098
197,11.20504562533548,5.488459473966721,13.211218464841654,37.546967257112186,21.316425120772948,4.126409017713366,5.501878690284487,0.06038647342995169,1.5432098765432098
198,11.20504562533548,5.488459473966721,13.211218464841654,37.546967257112186,21.316425120772948,4.126409017713366,5.501878690284487,0.06038647342995169,1.5432098765432098
199,11.305689747718732,5.488459473966721,13.18438003220612,37.486580783682236,21.30300590445518,4.126409017713366,5.501878690284487,0.06038647342995169,1.5432098765432098
200,11.399624261943103,5.488459473966721,13.16425120772947,37.4597423510467,21.256038647342994,4.126409017713366,5.501878690284487,0.06038647342995169,1.5432098765432098
201,11.788781535158346,5.488459473966721,13.130703166935051,37.40606548577563,21.256038647342994,4.126409017713366,5.199946323134729,0.06038647342995169,1.5432098765432098
202,11.862587224906065,5.4549114331723025,13.130703166935051,37.36580783682233,21.256038647342994,4.126409017713366,5.199946323134729,0.06038647342995169,1.5432098765432098
203,12.164519592055823,5.4549114331723025,13.130703166935051,36.533816425120776,21.91358024691358,4.126409017713366,5.072463768115942,0.06038647342995169,1.5432098765432098
204,12.47987117552335,5.4549114331723025,13.009930220075148,36.46672034353194,21.786097691894792,4.126409017713366,5.072463768115942,0.06038647342995169,1.5432098765432098
205,11.460010735373054,5.441492216854535,12.983091787439614,42.975040257648956,18.364197530864196,4.119699409554482,3.052871712292002,0.06038647342995169,1.5432098765432098
206,11.460010735373054,5.441492216854535,12.983091787439614,42.975040257648956,18.364197530864196,4.119699409554482,3.052871712292002,0.06038647342995169,1.5432098765432098
207,11.654589371980677,5.407944176060118,12.983091787439614,42.901234567901234,18.303811057434245,4.119699409554482,3.052871712292002,0.06038647342995169,1.5163714439076759
208,11.735104669887278,5.407944176060118,12.983091787439614,42.84755770263017,18.276972624798713,4.119699409554482,3.052871712292002,0.06038647342995169,1.5163714439076759
209,11.902844873859367,5.381105743424584,12.942834138486312,42.81400966183575,18.243424584004295,4.0995705850778315,3.052871712292002,0.06038647342995169,1.5029522275899088
210,11.936392914653783,5.381105743424584,12.922705314009661,42.81400966183575,18.230005367686527,4.0995705850778315,3.052871712292002,0.06038647342995169,1.5029522275899088
211,12.010198604401502,5.3274288781535155,12.922705314009661,42.81400966183575,18.230005367686527,4.079441760601181,3.052871712292002,0.06038647342995169,1.5029522275899088
212,12.298711755233494,5.3274288781535155,12.922705314009661,42.44498121309716,18.19645732689211,4.079441760601181,3.052871712292002,0.06038647342995169,1.6170155662909287
213,12.318840579710145,5.3274288781535155,12.902576489533011,42.44498121309716,18.19645732689211,4.079441760601181,3.052871712292002,0.06038647342995169,1.6170155662909287
214,12.332259796027913,5.3274288781535155,12.902576489533011,42.43156199677939,18.19645732689211,4.079441760601181,3.052871712292002,0.06038647342995169,1.6170155662909287
215,12.412775093934513,5.3274288781535155,12.560386473429952,41.82098765432099,18.679549114331724,4.079441760601181,3.052871712292002,0.06038647342995169,2.006172839506173
216,12.68786902844874,5.213365539452496,12.553676865271068,41.7740203972088,18.572195383789587,4.079441760601181,3.052871712292002,0.06038647342995169,2.006172839506173
217,12.72812667740204,5.213365539452496,12.533548040794418,41.75389157273215,18.572195383789587,4.079441760601181,3.052871712292002,0.06038647342995169,2.006172839506173
218,12.781803542673108,5.213365539452496,12.533548040794418,41.74047235641439,18.531937734836287,4.079441760601181,3.052871712292002,0.06038647342995169,2.006172839506173
219,12.895866881374127,5.166398282340311,12.533548040794418,41.700214707461086,18.50509930220075,4.079441760601181,3.052871712292002,0.06038647342995169,2.006172839506173
220,12.922705314009661,5.166398282340311,12.52012882447665,41.47879763821793,18.50509930220075,4.300858829844337,3.0394524959742353,0.06038647342995169,2.006172839506173
221,13.009930220075148,5.159688674181428,12.52012882447665,41.398282340311326,18.50509930220075,4.300858829844337,3.0394524959742353,0.06038647342995169,2.006172839506173
222,13.734567901234568,5.159688674181428,12.5,41.0829307568438,18.357487922705314,4.079441760601181,3.0394524959742353,0.040257648953301126,2.006172839506173
223,13.754696725711218,5.159688674181428,12.5,41.06280193236715,18.357487922705314,4.079441760601181,3.0394524959742353,0.040257648953301126,2.006172839506173
224,14.009661835748792,5.159688674181428,12.47987117552335,40.82796564680623,18.357487922705314,4.186795491143317,2.932098765432099,0.040257648953301126,2.006172839506173
225,14.103596349973161,5.12614063338701,12.47987117552335,40.80112721417069,18.33064949006978,4.180085882984434,2.932098765432099,0.040257648953301126,2.006172839506173
226,14.184111647879764,5.12614063338701,12.47987117552335,40.72061191626409,18.33064949006978,4.180085882984434,2.932098765432099,0.040257648953301126,2.006172839506173
227,14.251207729468598,5.12614063338701,12.47987117552335,40.673644659151904,18.33064949006978,4.159957058507783,2.932098765432099,0.040257648953301126,2.006172839506173
228,14.445786366076222,4.871175523349437,12.47987117552335,40.84138486312399,18.33064949006978,4.133118625872249,2.932098765432099,0.040257648953301126,1.9256575415995705
229,14.53972088030059,4.824208266237251,12.47987117552335,40.79441760601181,18.33064949006978,4.133118625872249,2.932098765432099,0.040257648953301126,1.9256575415995705
230,14.620236178207193,4.824208266237251,12.47987117552335,40.754159957058505,18.33064949006978,4.119699409554482,2.932098765432099,0.040257648953301126,1.8988191089640365
231,14.741009125067096,4.824208266237251,12.47987117552335,40.633387010198604,18.33064949006978,4.119699409554482,2.932098765432099,0.040257648953301126,1.8988191089640365
232,14.036500268384327,4.824208266237251,12.432903918411165,41.34460547504026,18.230005367686527,4.1129898013955986,2.932098765432099,,2.086688137412775
233,13.714439076757918,4.810789049919484,15.58641975308642,38.74127750939345,18.209876543209877,4.0995705850778315,2.932098765432099,,1.90552871712292
234,13.868760064412239,4.810789049919484,15.58641975308642,38.59366612989801,18.203166935050994,4.0995705850778315,2.932098765432099,,1.90552871712292
235,14.06333870101986,4.797369833601718,15.573000536768653,38.47289318303811,18.169618894256576,4.0995705850778315,2.918679549114332,,1.90552871712292
236,14.130434782608695,4.790660225442834,15.546162104133119,38.466183574879224,18.149490069779926,4.092860976918948,2.918679549114332,,1.90552871712292
237,14.304884594739667,4.790660225442834,15.539452495974235,38.35212023617821,18.12265163714439,4.066022544283414,2.918679549114332,,1.90552871712292
238,14.331723027375201,4.790660225442834,15.526033279656469,38.33870101986044,18.12265163714439,4.066022544283414,2.918679549114332,,1.90552871712292
239,14.42565754159957,4.790660225442834,15.4723564143854,38.33199141170156,18.10252281266774,4.05931293612453,2.9119699409554483,,1.90552871712292
240,14.42565754159957,4.790660225442834,15.4723564143854,38.33199141170156,18.10252281266774,4.05931293612453,2.9119699409554483,,1.90552871712292
241,14.512882447665056,4.790660225442834,15.458937198067632,38.28502415458937,18.10252281266774,4.05931293612453,2.885131508319914,,1.90552871712292
242,14.53972088030059,4.790660225442834,15.432098765432098,38.28502415458937,18.10252281266774,4.05931293612453,2.885131508319914,,1.90552871712292
