,45,50,53,55,52,51,56,54,57,59
0,98.45679012345678,1.5432098765432098,,,,,,,,
1,82.46779388083736,17.53220611916264,,,,,,,,
2,76.71765968867417,23.282340311325818,,,,,,,,
3,73.85265700483092,26.147342995169083,,,,,,,,
4,73.5373054213634,26.462694578636608,,,,,,,,
5,73.51046698872786,26.48953301127214,,,,,,,,
6,73.79227053140097,26.207729468599034,,,,,,,,
7,73.8593666129898,26.140633387010197,,,,,,,,
8,56.84380032206119,42.17659688674181,0.9796027911969941,,,,,,,
9,45.21604938271605,53.80434782608695,0.9796027911969941,,,,,,,
10,45.3569511540526,53.193773483628554,0.9796027911969941,0.46967257112184646,,,,,,
11,38.459473966720346,60.42002147074611,0.5032206119162641,0.6172839506172839,,,,,,
12,38.53327965646806,57.400697799248526,0.5032206119162641,0.5971551261406334,2.965646806226516,,,,,
13,34.82286634460547,60.138217928073,0.33548040794417605,0.5971551261406334,4.106280193236715,,,,,
14,35.03086419753087,59.93022007514761,0.33548040794417605,0.5971551261406334,4.106280193236715,,,,,
15,29.139828234031132,65.82125603864735,0.33548040794417605,0.5971551261406334,4.106280193236715,,,,,
16,29.17337627482555,65.78770799785292,0.33548040794417605,0.5971551261406334,4.106280193236715,,,,,
17,25.5300590445518,61.82903918411165,0.33548040794417605,0.5971551261406334,4.106280193236715,7.601986044015029,,,,
18,24.825550187869027,53.737251744498124,3.9049919484702094,0.5971551261406334,4.106280193236715,12.828770799785293,,,,
19,25.181159420289855,53.535963499731615,3.8714439076757916,0.5971551261406334,4.03918411164788,12.775093934514224,,,,
20,25.234836285560924,48.60440150295223,3.864734299516908,0.5971551261406334,4.03918411164788,17.659688674181428,,,,
21,25.301932367149757,48.53730542136339,3.864734299516908,0.5971551261406334,4.03918411164788,17.659688674181428,,,,
22,25.51663982823403,48.48362855609233,3.851315083199141,0.5971551261406334,4.03918411164788,17.398013955984972,0.11406333870101985,,,
23,26.147342995169083,48.087761674718195,3.770799785292539,0.5971551261406334,4.005636070853462,17.277241009125067,0.11406333870101985,,,
24,25.89237788513151,43.25013419216318,3.770799785292539,0.5971551261406334,4.005636070853462,22.262479871175522,0.2214170692431562,,,
25,26.03327965646806,43.08239398819109,3.770799785292539,0.7246376811594203,3.9586688137412773,22.208803005904453,0.2214170692431562,,,
26,26.120504562533547,41.948470209339774,4.428341384863124,0.8789586688137413,3.9586688137412773,21.215780998389693,0.2214170692431562,1.2278582930756843,,
27,23.62453032742888,45.967525496511,4.42163177670424,1.0198604401502953,2.38191089640365,21.034621578099838,0.322061191626409,1.2278582930756843,,
28,24.114331723027377,45.8467525496511,4.26731078904992,0.8856682769726248,2.3550724637681157,20.853462157809982,0.4495437466451959,1.2278582930756843,,
29,24.154589371980677,44.96779388083736,4.26731078904992,1.0265700483091786,3.8915727321524423,20.014761137949545,0.4495437466451959,1.2278582930756843,,
30,24.302200751476114,44.87385936661299,4.253891572732153,1.0265700483091786,3.8915727321524423,19.97450348899624,0.4495437466451959,1.2278582930756843,,
31,24.651100375738057,44.38405797101449,4.253891572732153,1.0265700483091786,3.8915727321524423,19.97450348899624,0.4495437466451959,1.3687600644122384,,
32,24.852388620504563,44.18947933440687,4.253891572732153,1.0131508319914118,5.501878690284487,18.370907139023082,0.4495437466451959,1.3687600644122384,,
33,19.83360171765969,49.973161567364464,3.4151905528717124,1.06682769726248,9.675254965110037,14.331723027375201,0.33548040794417605,1.3687600644122384,,
34,17.827428878153516,50.415995705850776,3.33467525496511,1.7713365539452497,9.655126140633387,15.304616210413311,0.33548040794417605,1.3553408480944713,,
35,17.70665593129361,47.53086419753087,3.33467525496511,1.7713365539452497,14.640365002683843,13.325281803542673,0.33548040794417605,1.3553408480944713,,
36,18.095813204508858,47.34970477724101,3.3145464304884595,1.7042404723564144,14.586688137412775,13.264895330112722,0.33548040794417605,1.3486312399355878,,
37,17.404723564143854,35.30595813204509,2.9589371980676327,0.9997316156736447,15.418679549114332,26.37546967257112,0.33548040794417605,1.2010198604401503,,
38,17.800590445517983,34.01771336553945,2.2745571658615136,0.9930220075147611,15.418679549114332,26.261406333870102,0.20799785292538917,3.026033279656468,,
39,17.56575415995706,33.23939881910896,2.2745571658615136,0.95276435856146,18.243424584004295,24.537037037037038,0.20799785292538917,2.9790660225442833,,
40,16.203703703703702,30.897745571658614,2.2745571658615136,1.6438539989264627,17.411433172302736,28.99892646269458,0.20799785292538917,2.3617820719269993,,
41,16.404991948470208,30.709876543209877,2.2745571658615136,1.778046162104133,17.411433172302736,28.85131508319914,0.20799785292538917,2.3617820719269993,,
42,16.525764895330113,30.66290928609769,2.2745571658615136,1.778046162104133,17.411433172302736,28.79092860976919,0.20799785292538917,2.3483628556092326,,
43,16.686795491143318,30.56226516371444,2.2745571658615136,1.9189479334406871,17.236983360171767,28.650026838432634,0.322061191626409,2.3483628556092326,,
44,16.941760601180892,30.394524959742352,2.2074610842726785,1.9189479334406871,17.216854535695116,28.650026838432634,0.322061191626409,2.3483628556092326,,
45,16.0426731078905,29.944981213097154,2.2074610842726785,1.90552871712292,17.216854535695116,30.01207729468599,0.322061191626409,2.3483628556092326,,
46,15.418679549114332,28.965378421900162,1.2077294685990339,1.90552871712292,23.423242082662373,27.81803542673108,0.322061191626409,0.9393451422436929,,
47,15.331454643048845,28.797638217928075,1.2077294685990339,2.0128824476650564,23.557434245840042,27.67042404723564,0.4830917874396135,0.9393451422436929,,
48,15.713902308105206,28.327965646806227,1.2010198604401503,2.818035426731079,23.443370907139023,27.046430488459475,0.5099302200751477,0.9393451422436929,,
49,15.854804079441761,28.327965646806227,2.073268921095008,2.7106816961889426,23.382984433709073,26.093666129898015,0.5099302200751477,1.0466988727858293,,
50,16.304347826086957,28.079710144927535,2.046430488459474,2.7106816961889426,23.275630703166936,26.02657004830918,0.5099302200751477,1.0466988727858293,,
51,15.942028985507246,25.207997852925388,2.046430488459474,1.583467525496511,21.034621578099838,32.92404723564144,0.4092860976918948,0.8521202361782072,,
52,16.029253891572733,24.496779388083738,2.046430488459474,1.583467525496511,20.457595276435857,33.78958668813741,0.4092860976918948,1.1876006441223832,,
53,16.13660762211487,24.4296833064949,2.046430488459474,1.583467525496511,20.457595276435857,33.61513687600644,0.5434782608695652,1.1876006441223832,,
54,16.15673644659152,24.16129898013956,2.046430488459474,1.583467525496511,20.75281803542673,33.56816961889426,0.5434782608695652,1.1876006441223832,,
55,16.076221148684915,24.08078368223296,2.046430488459474,1.3083735909822867,16.867954911433173,37.915995705850776,0.5434782608695652,1.1607622114868492,,
56,14.65378421900161,24.208266237251745,3.374932903918411,1.1473429951690821,17.887815351583466,36.782071926999464,0.785024154589372,1.1607622114868492,,
57,14.244498121309716,24.10762211486849,3.374932903918411,1.247987117552335,15.901771336553946,39.11701556629093,0.8454106280193237,1.1607622114868492,,
58,13.620504562533547,26.986044015029524,3.784219001610306,1.093666129898014,13.097155126140633,39.660493827160494,0.6038647342995169,1.1540526033279657,,
59,13.895598497047773,26.88539989264627,3.7573805689747717,1.093666129898014,14.982555018786902,37.546967257112186,0.6038647342995169,1.1540526033279657,0.08051529790660225,
60,14.083467525496511,26.85185185185185,3.7104133118625873,2.2879763821792807,14.942297369833602,36.28556092324208,0.6038647342995169,1.1540526033279657,0.08051529790660225,
61,13.66076221148685,24.496779388083738,2.9388083735909825,2.7979066022544283,13.003220611916264,41.398282340311326,0.46967257112184646,1.1540526033279657,0.08051529790660225,
62,13.982823403113258,24.235104669887278,2.9388083735909825,2.7979066022544283,12.379227053140097,41.34460547504026,0.46967257112184646,1.7713365539452497,0.08051529790660225,
63,13.58695652173913,22.73215244229737,2.9388083735909825,2.100107353730542,9.614868491680086,46.77938808373591,0.4294149221685454,1.7713365539452497,0.04696725711218465,
64,14.096886741814279,21.470746108427267,4.0995705850778315,2.100107353730542,9.54777241009125,45.92055823939882,0.9796027911969941,1.7713365539452497,0.013419216317767043,
65,14.445786366076222,21.410359634997317,4.0995705850778315,2.100107353730542,9.54777241009125,45.63204508856683,0.9796027911969941,1.7713365539452497,0.013419216317767043,
66,14.49946323134729,20.853462157809982,4.736983360171766,1.9860440150295222,9.480676328502415,45.3166935050993,1.3419216317767042,1.7713365539452497,0.013419216317767043,
67,14.566559312936125,20.799785292538918,5.958132045088567,1.9524959742351047,9.286097691894794,44.41089640365003,1.2412775093934514,1.7713365539452497,0.013419216317767043,
68,14.727589908749328,20.73268921095008,7.367149758454106,1.9524959742351047,9.16532474503489,43.02871712292002,1.2412775093934514,1.7713365539452497,0.013419216317767043,
69,14.49946323134729,20.50456253354804,7.367149758454106,1.9524959742351047,14.244498121309716,38.77482555018787,0.8990874932903918,1.7579173376274826,,
70,14.76784755770263,20.43075684380032,7.266505636070853,1.9457863660762211,14.197530864197532,38.73456790123457,0.8990874932903918,1.7579173376274826,,
71,15.049651100375739,20.101986044015028,7.232957595276436,3.0394524959742353,13.848631239935587,38.0703166935051,0.8990874932903918,1.7579173376274826,,
72,15.116747181964573,19.880568974771872,7.232957595276436,3.0394524959742353,14.51959205582394,37.553676865271065,0.8990874932903918,1.7579173376274826,,
73,14.029790660225443,18.572195383789587,4.602791196994096,1.9860440150295222,13.023349436392914,45.28314546430489,0.7447665056360708,1.7579173376274826,,
74,14.11701556629093,18.531937734836287,4.602791196994096,2.1269457863660763,13.023349436392914,45.09527643585615,0.7447665056360708,1.7579173376274826,,
75,14.304884594739667,18.283682232957595,4.7168545356951155,2.2410091250670963,12.983091787439614,44.98792270531401,0.7246376811594203,1.7579173376274826,,
76,14.40552871712292,17.143048845947398,5.119431025228127,2.214170692431562,12.909286097691895,45.74610842726785,0.7045088566827697,1.7579173376274826,,
77,14.55984970477724,17.11621041331186,4.797369833601718,2.3483628556092326,12.875738056897477,45.97423510466989,0.6038647342995169,1.724369296833065,,
78,13.285024154589372,16.049382716049383,4.62962962962963,2.1806226516371443,11.735104669887278,49.86580783682233,0.6038647342995169,1.6505636070853462,,
79,13.466183574879228,16.009125067096083,4.62962962962963,2.1806226516371443,11.66129898013956,49.7987117552335,0.6038647342995169,1.6505636070853462,,
80,12.93612453032743,15.230810520665592,4.62962962962963,3.260869565217391,11.621041331186259,50.067096081588836,0.6038647342995169,1.6505636070853462,,
81,13.009930220075148,15.143585614600108,4.62962962962963,3.2541599570585076,11.728395061728396,49.43639291465379,0.9125067096081588,1.8853998926462694,,
82,13.264895330112722,15.049651100375739,4.582662372517445,3.2541599570585076,11.694847020933977,49.35587761674718,0.9125067096081588,1.8853998926462694,,
83,13.533279656468062,15.022812667740205,4.582662372517445,3.307836822329576,11.654589371980677,49.100912506709605,0.9125067096081588,1.8853998926462694,,
84,13.94927536231884,14.99597423510467,4.575952764358561,3.307836822329576,11.486849168008588,48.88620504562534,0.9125067096081588,1.8853998926462694,,
85,14.231078904991948,14.915458937198068,4.575952764358561,3.307836822329576,11.486849168008588,48.792270531400966,0.9125067096081588,1.778046162104133,,
86,14.257917337627482,14.908749329039184,4.555823939881911,3.307836822329576,11.486849168008588,48.66478797638218,1.0399892646269457,1.778046162104133,,
87,13.6808910359635,13.18438003220612,4.025764895330113,2.985775630703167,10.815888352120236,52.69726247987118,1.0399892646269457,1.570048309178744,,
88,14.023081052066559,13.170960815888352,4.025764895330113,2.985775630703167,10.755501878690284,52.42887815351583,1.0399892646269457,1.570048309178744,,
89,13.955984970477724,13.130703166935051,3.992216854535695,3.0864197530864197,12.00348899624262,51.2614063338701,0.9997316156736447,1.570048309178744,,
90,13.90901771336554,13.197799248523886,3.992216854535695,3.0864197530864197,11.98336017176597,51.2614063338701,0.9997316156736447,1.570048309178744,,
91,14.459205582393988,13.130703166935051,3.9586688137412773,3.6768652710681695,11.876006441223833,50.52334943639291,0.8051529790660226,1.570048309178744,,
92,14.9020397208803,12.895866881374127,3.9586688137412773,3.6366076221148687,11.869296833064949,50.36231884057971,0.8051529790660226,1.570048309178744,,
93,14.955716586151368,12.828770799785293,5.656199677938808,3.6366076221148687,11.77536231884058,48.82581857219538,0.7514761137949544,1.570048309178744,,
94,15.257648953301127,12.76838432635534,5.629361245303274,3.6366076221148687,11.77536231884058,48.611111111111114,0.7514761137949544,1.570048309178744,,
95,15.418679549114332,12.654320987654321,5.609232420826624,3.6366076221148687,11.466720343531938,48.15485775630703,1.5163714439076759,1.5432098765432098,,
96,15.895061728395062,12.654320987654321,5.555555555555555,3.488996242619431,11.43317230273752,47.92673107890499,1.5029522275899088,1.5432098765432098,,
97,16.002415458937197,12.654320987654321,5.555555555555555,3.488996242619431,11.43317230273752,47.85292538915727,1.5029522275899088,1.5096618357487923,,
98,16.163446054750402,12.640901771336553,5.542136339237788,3.488996242619431,11.43317230273752,47.5979602791197,1.6371443907675791,1.4962426194310252,,
99,16.337895866881375,12.614063338701019,5.542136339237788,3.488996242619431,11.426462694578637,47.48389694041868,1.6170155662909287,1.4895330112721417,,
100,16.532474503488995,12.52012882447665,5.515297906602254,3.965378421900161,11.426462694578637,46.93370907139023,1.6170155662909287,1.4895330112721417,,
101,16.847826086956523,12.392646269457863,5.515297906602254,3.9184111647879765,11.023886205045626,46.363392377885134,1.6035963499731616,2.3349436392914655,,
102,16.264090177133657,12.969672571121846,7.434245840042942,3.911701556629093,9.681964573268921,45.799785292538914,1.6035963499731616,2.3349436392914655,,
103,16.820987654320987,12.962962962962964,7.266505636070853,3.911701556629093,9.681964573268921,45.41733762748255,1.6035963499731616,2.3349436392914655,,
104,16.80756843800322,12.915995705850777,7.991143317230274,3.911701556629093,9.681964573268921,44.880568974771876,1.4761137949543746,2.3349436392914655,,
105,17.2638217928073,12.808641975308642,7.991143317230274,3.911701556629093,9.554482018250134,44.538378958668815,1.596886741814278,2.3349436392914655,,
106,17.941492216854535,12.573805689747719,8.044820182501342,3.911701556629093,9.460547504025765,44.135802469135804,1.596886741814278,2.3349436392914655,,
107,18.203166935050994,12.560386473429952,8.044820182501342,3.8848631239935587,9.460547504025765,43.92109500805153,1.596886741814278,2.328234031132582,,
108,18.572195383789587,12.372517444981213,8.031400966183575,3.864734299516908,9.433709071390231,43.80032206119163,1.596886741814278,2.328234031132582,,
109,18.61916264090177,12.318840579710145,8.031400966183575,4.522275899087493,9.433709071390231,43.223295759527645,1.596886741814278,2.254428341384863,,
110,18.706387546967257,11.540526033279656,9.722222222222221,4.49543746645196,9.05126140633387,42.85426731078905,1.596886741814278,2.033011272141707,,
111,18.733225979602793,11.500268384326356,9.722222222222221,4.643048845947397,9.037842190016104,42.73349436392915,1.596886741814278,2.033011272141707,,
112,18.86070853462158,11.460010735373054,9.722222222222221,4.891304347826087,9.024422973698336,42.44498121309716,1.583467525496511,2.0128824476650564,,
113,19.236446591519055,11.439881910896403,9.681964573268921,4.884594739667204,9.004294149221685,42.15646806226516,1.583467525496511,2.0128824476650564,,
114,19.39747718733226,11.41304347826087,9.681964573268921,4.871175523349437,9.004294149221685,42.03569511540526,1.583467525496511,2.0128824476650564,,
115,18.719806763285025,12.285292538915728,10.299248523886206,4.871175523349437,8.59500805152979,41.84111647879764,1.3754696725711217,2.0128824476650564,,
116,18.833870101986044,12.211486849168008,10.279119699409554,4.918142780461621,8.59500805152979,41.76060118089104,1.3754696725711217,2.0263016639828235,,
117,18.800322061191626,11.963231347289318,10.23215244229737,5.032206119162641,8.581588835212024,41.176865271068166,1.3754696725711217,2.8381642512077296,,
118,18.92109500805153,11.896135265700483,10.23215244229737,5.01207729468599,8.581588835212024,40.995705850778315,1.5230810520665594,2.8381642512077296,,
119,19.135802469135804,11.889425657541599,10.218733225979603,5.01207729468599,8.581588835212024,40.80112721417069,1.5230810520665594,2.8381642512077296,,
120,18.53864734299517,13.378958668813741,10.044283413848632,4.998658078368224,7.843531937734836,40.59983896940419,1.6706924315619969,2.9253891572732154,,
121,18.914385399892645,13.305152979066023,10.030864197530864,4.998658078368224,7.823403113258186,40.41196994095545,1.5901771336553945,2.9253891572732154,,
122,16.451959205582394,16.626409017713364,9.23913043478261,4.851046698872786,7.588566827697263,40.693773483628554,1.4895330112721417,3.0595813204508855,,
123,16.23054213633924,15.022812667740205,9.219001610305957,4.824208266237251,11.05072463768116,39.231078904991946,1.482823403113258,2.9388083735909825,,
124,16.27750939345142,14.99597423510467,9.104938271604938,4.824208266237251,11.05072463768116,39.231078904991946,1.482823403113258,3.0327428878153517,,
125,15.841384863123993,14.553140096618357,11.20504562533548,4.528985507246377,10.916532474503489,38.38566827697262,1.5365002683843263,3.0327428878153517,,
126,16.170155662909288,14.358561460010735,11.20504562533548,4.528985507246377,10.916532474503489,38.28502415458937,1.5096618357487923,3.026033279656468,,
127,13.56682769726248,18.760064412238325,10.305958132045088,4.314278046162104,9.232420826623725,39.57326892109501,1.3083735909822867,2.9388083735909825,,
128,13.486312399355878,18.666129898013956,11.460010735373054,4.314278046162104,8.977455716586151,39.029790660225444,1.1272141706924315,2.9388083735909825,,
129,13.633923778851315,18.585614600107355,11.33923778851315,4.314278046162104,12.010198604401502,36.07085346215781,1.107085346215781,2.9388083735909825,,
130,14.056629092860977,18.411164787976382,11.252012882447666,4.314278046162104,11.996779388083736,35.92324208266237,1.107085346215781,2.9388083735909825,,
131,14.566559312936125,18.276972624798713,11.211755233494364,4.314278046162104,11.98336017176597,35.63472893183038,1.107085346215781,2.9052603327965647,,
132,14.626945786366075,16.545893719806763,13.976113794954374,4.314278046162104,11.976650563607086,34.0378421900161,1.6572732152442298,2.8650026838432634,,
133,14.821524422973699,16.532474503488995,13.976113794954374,4.314278046162104,11.949812130971551,33.883521202361784,1.6572732152442298,2.8650026838432634,,
134,15.157004830917874,16.485507246376812,13.94927536231884,4.274020397208803,11.929683306494901,33.54804079441761,1.7914653784219001,2.8650026838432634,,
135,15.5126140633387,16.458668813741276,13.781535158346752,4.274020397208803,11.876006441223833,33.44068706387547,1.7914653784219001,2.8650026838432634,,
136,15.526033279656469,16.458668813741276,13.781535158346752,4.274020397208803,11.876006441223833,33.44068706387547,1.7914653784219001,2.8515834675254963,,
137,15.646806226516372,16.378153515834676,13.781535158346752,4.274020397208803,11.849168008588299,33.44068706387547,1.778046162104133,2.8515834675254963,,
138,15.821256038647343,16.297638217928075,13.781535158346752,4.26731078904992,11.822329575952764,33.393719806763286,1.7646269457863661,2.8515834675254963,,
139,15.942028985507246,16.27079978529254,13.781535158346752,4.26731078904992,11.75523349436393,33.25952764358561,1.90552871712292,2.818035426731079,,
140,15.98899624261943,16.25738056897477,13.774825550187868,4.26731078904992,11.748523886205046,33.13204508856683,1.90552871712292,2.9253891572732154,,
141,16.150026838432634,16.210413311862588,13.6808910359635,4.26731078904992,11.708266237251744,33.09849704777241,1.90552871712292,2.9790660225442833,,
142,16.51905528717123,16.13660762211487,13.667471819645733,4.2270531400966185,11.594202898550725,32.971014492753625,1.90552871712292,2.9790660225442833,,
143,16.659957058507782,16.129898013955984,13.593666129898015,4.428341384863124,11.56736446591519,32.7361782071927,1.90552871712292,2.9790660225442833,,
144,16.847826086956523,16.06280193236715,13.560118089103597,4.428341384863124,11.533816425120772,32.68250134192163,1.90552871712292,2.9790660225442833,,
145,16.982018250134193,16.009125067096083,13.546698872785829,4.428341384863124,11.513687600644122,32.63553408480945,1.90552871712292,2.9790660225442833,,
146,15.029522275899087,15.546162104133119,12.734836285560924,4.166666666666667,11.023886205045626,37.936124530327426,1.737788513150832,1.8250134192163177,,
147,14.687332259796028,12.177938808373591,13.33870101986044,4.119699409554482,14.553140096618357,37.56038647342995,1.737788513150832,1.8250134192163177,,
148,14.888620504562533,12.177938808373591,13.278314546430488,4.119699409554482,14.553140096618357,37.453032742887814,1.7042404723564144,1.8250134192163177,,
149,15.351583467525497,11.668008588298443,13.271604938271604,4.26731078904992,14.553140096618357,37.35909822866345,1.7042404723564144,1.8250134192163177,,
150,15.445517981749866,11.627750939345143,13.238056897477188,4.26731078904992,14.553140096618357,37.3389694041868,1.7042404723564144,1.8250134192163177,,
151,15.794417606011809,11.627750939345143,13.231347289318304,4.233762748255502,14.51959205582394,37.063875469672574,1.7042404723564144,1.8250134192163177,,
152,16.056092324208265,11.614331723027375,13.191089640365004,4.233762748255502,14.432367149758454,36.943102522812666,1.7042404723564144,1.8250134192163177,,
153,16.25738056897477,11.493558776167472,13.137412775093935,4.233762748255502,14.331723027375201,36.91626409017714,1.6908212560386473,1.8250134192163177,0.11406333870101985,
154,16.398282340311326,11.460010735373054,13.09044551798175,4.233762748255502,14.331723027375201,36.89613526570049,1.6908212560386473,1.8250134192163177,0.07380568974771873,
155,16.55931293612453,11.43317230273752,13.157541599570585,4.206924315619967,14.318303811057435,36.741814278046164,1.6841116478797638,1.8250134192163177,0.07380568974771873,
156,15.069779924852389,11.379495437466453,11.600912506709609,3.978797638217928,12.453032742887816,42.069243156199676,1.5499194847020934,1.8250134192163177,0.07380568974771873,
157,15.197262479871176,11.33923778851315,11.594202898550725,3.9586688137412773,12.453032742887816,42.028985507246375,1.5499194847020934,1.8048845947396672,0.07380568974771873,
158,15.432098765432098,11.2788513150832,11.54723564143854,3.9519592055823938,12.365807836822329,41.99543746645196,1.5499194847020934,1.8048845947396672,0.07380568974771873,
159,15.83467525496511,10.473698336017177,12.23161567364466,3.9452495974235107,12.224906065485776,41.86124530327429,1.5499194847020934,1.8048845947396672,0.07380568974771873,
160,15.827965646806227,10.379763821792807,12.204777241009126,4.072732152442297,12.224906065485776,41.86124530327429,1.5499194847020934,1.8048845947396672,0.07380568974771873,
161,16.364734299516908,10.299248523886206,12.057165861513688,4.05931293612453,11.949812130971551,41.6935050993022,1.5499194847020934,1.9524959742351047,0.07380568974771873,
162,16.485507246376812,10.279119699409554,12.057165861513688,4.052603327965647,11.949812130971551,41.599570585077835,1.5499194847020934,1.9524959742351047,0.07380568974771873,
163,16.700214707461082,10.279119699409554,11.963231347289318,4.03918411164788,11.922973698336017,41.51905528717123,1.5499194847020934,1.9524959742351047,0.07380568974771873,
164,16.968599033816425,10.198604401502953,11.956521739130435,3.9586688137412773,11.90955448201825,41.43183038110574,1.5499194847020934,1.9524959742351047,0.07380568974771873,
165,17.07595276435856,10.158346752549651,11.936392914653783,3.938539989264627,11.90955448201825,41.43183038110574,1.5499194847020934,1.9256575415995705,0.07380568974771873,
166,17.49194847020934,10.158346752549651,11.936392914653783,3.938539989264627,11.889425657541599,40.87493290391841,1.710950080515298,1.9256575415995705,0.07380568974771873,
167,17.693236714975846,10.158346752549651,11.936392914653783,3.938539989264627,11.83574879227053,40.727321524422976,1.710950080515298,1.9256575415995705,0.07380568974771873,
168,17.934782608695652,10.158346752549651,11.916264090177133,3.9184111647879765,11.83574879227053,40.52603327965647,1.710950080515298,1.9256575415995705,0.07380568974771873,
169,18.02200751476114,10.158346752549651,11.90955448201825,3.9184111647879765,11.83574879227053,40.445517981749866,1.710950080515298,1.9256575415995705,0.07380568974771873,
170,18.109232420826622,10.158346752549651,11.761943102522812,3.9184111647879765,11.83574879227053,40.35829307568438,1.8585614600107354,1.9256575415995705,0.07380568974771873,
171,18.23671497584541,10.158346752549651,11.728395061728396,3.9184111647879765,11.83574879227053,40.264358561460014,1.8585614600107354,1.9256575415995705,0.07380568974771873,
172,18.531937734836287,10.111379495437467,11.694847020933977,3.8915727321524423,11.808910359634996,39.61352657004831,1.8384326355340848,2.4355877616747184,0.07380568974771873,
173,18.726516371443907,10.044283413848632,11.694847020933977,3.8915727321524423,11.77536231884058,39.53301127214171,1.8250134192163177,2.4355877616747184,0.07380568974771873,
174,17.478529253891573,9.608158883521202,9.916800858829845,3.878153515834675,11.668008588298443,43.13607085346216,1.8250134192163177,2.4154589371980677,0.07380568974771873,
175,17.70665593129361,9.608158883521202,9.876543209876543,3.878153515834675,11.540526033279656,42.860976918947934,2.0397208803005906,2.4154589371980677,0.07380568974771873,
176,17.941492216854535,9.520933977455716,9.863123993558776,3.878153515834675,11.473429951690822,42.7938808373591,2.0397208803005906,2.4154589371980677,0.07380568974771873,
177,18.055555555555557,9.426999463231347,9.863123993558776,4.488727858293076,11.406333870101985,42.230273752012884,2.0397208803005906,2.4154589371980677,0.07380568974771873,
178,18.149490069779926,9.420289855072463,9.863123993558776,4.461889425657541,11.372785829307569,41.096349973161566,2.033011272141707,3.5292538915727323,0.07380568974771873,
179,18.552066559312937,9.265968867418144,9.802737520128824,4.582662372517445,11.372785829307569,40.79441760601181,2.033011272141707,3.5225442834138487,0.07380568974771873,
180,18.753354804079443,9.23913043478261,9.77589908749329,4.582662372517445,11.265432098765432,40.754159957058505,2.033011272141707,3.5225442834138487,0.07380568974771873,
181,18.9345142243693,9.205582393988191,9.769189479334408,4.62962962962963,11.265432098765432,40.43880837359098,2.1806226516371443,3.502415458937198,0.07380568974771873,
182,19.122383252818036,9.192163177670425,9.71551261406334,4.736983360171766,11.225174449812132,40.25093934514224,2.1806226516371443,3.502415458937198,0.07380568974771873,
183,19.343800322061192,9.192163177670425,9.71551261406334,4.676596886741814,11.178207192699947,40.163714439076756,2.1806226516371443,3.475577026301664,0.07380568974771873,
184,19.51154052603328,9.192163177670425,9.71551261406334,4.663177670424047,11.171497584541063,40.04965110037574,2.1806226516371443,3.4420289855072466,0.07380568974771873,
185,19.73966720343532,9.151905528717123,9.64170692431562,4.663177670424047,11.117820719269995,39.98926462694579,2.1806226516371443,3.4420289855072466,0.07380568974771873,
186,19.860440150295222,9.151905528717123,9.594739667203436,4.40150295222759,11.869296833064949,39.45920558239399,2.167203435319377,3.421900161030596,0.07380568974771873,
187,20.00805152979066,9.151905528717123,9.594739667203436,4.361245303274289,11.869296833064949,39.351851851851855,2.167203435319377,3.421900161030596,0.07380568974771873,
188,20.336822329575952,9.151905528717123,9.588030059044552,4.361245303274289,11.614331723027375,39.28475577026302,2.167203435319377,3.421900161030596,0.07380568974771873,
189,20.283145464304884,9.037842190016104,10.037573805689748,4.374664519592056,11.352657004830919,39.27804616210413,2.167203435319377,3.3950617283950617,0.07380568974771873,
190,20.42404723564144,9.037842190016104,10.030864197530864,4.508856682769726,11.33923778851315,39.049919484702095,2.167203435319377,3.3682232957595275,0.07380568974771873,
191,20.544820182501343,9.037842190016104,10.030864197530864,4.508856682769726,11.312399355877616,38.84192163177671,2.281266774020397,3.3682232957595275,0.07380568974771873,
192,20.933977455716587,8.910359634997317,10.701825013419215,4.569243156199678,11.225174449812132,37.936124530327426,2.2879763821792807,3.361513687600644,0.07380568974771873,
193,21.095008051529792,8.870101986044014,10.681696188942565,4.528985507246377,11.178207192699947,37.546967257112186,2.5563607085346214,3.4688674181427803,0.07380568974771873,
194,21.36339237788513,8.870101986044014,10.681696188942565,4.528985507246377,11.124530327428879,37.33225979602791,2.5563607085346214,3.4688674181427803,0.07380568974771873,
195,21.564680622651636,8.856682769726248,10.681696188942565,4.522275899087493,10.976918947933441,37.2987117552335,2.5563607085346214,3.4688674181427803,0.07380568974771873,
196,21.73913043478261,8.84326355340848,10.654857756307031,4.616210413311863,10.976918947933441,37.07058507783145,2.5563607085346214,3.4688674181427803,0.07380568974771873,
197,21.75925925925926,8.84326355340848,10.57434245840043,5.381105743424584,10.976918947933441,36.36607622114869,2.5563607085346214,3.4688674181427803,0.07380568974771873,
198,21.83977455716586,8.84326355340848,10.560923242082662,5.495169082125604,10.93666129898014,36.22517444981213,2.5563607085346214,3.4688674181427803,0.07380568974771873,
199,21.920289855072465,8.84326355340848,10.487117552334944,5.46833064949007,10.82259796027912,36.07085346215781,2.7643585614600106,3.549382716049383,0.07380568974771873,
200,22.10144927536232,8.809715512614064,10.487117552334944,5.548845947396672,10.701825013419215,35.96349973161568,2.7643585614600106,3.549382716049383,0.07380568974771873,
201,22.57783145464305,8.796296296296296,10.46027911969941,5.522007514761138,10.61460010735373,35.64143853998927,2.7643585614600106,3.549382716049383,0.07380568974771873,
202,22.685185185185187,8.709071390230811,10.406602254428341,5.4549114331723025,10.527375201288244,35.57434245840043,2.8918411164787976,3.6768652710681695,0.07380568974771873,
203,22.745571658615138,8.702361782071927,10.406602254428341,5.4549114331723025,10.513955984970478,35.54079441760601,2.8918411164787976,3.670155662909286,0.07380568974771873,
204,22.953569511540525,8.68894256575416,10.373054213633925,5.166398282340311,10.473698336017177,34.876543209876544,2.8784219001610305,4.51556629092861,0.07380568974771873,
205,23.18840579710145,8.635265700483092,10.326086956521738,5.159688674181428,10.473698336017177,34.78931830381106,2.8515834675254963,4.502147074610843,0.07380568974771873,
206,23.517176596886742,8.621846484165324,10.312667740203972,5.159688674181428,10.446859903381643,34.514224369296834,2.8515834675254963,4.502147074610843,0.07380568974771873,
207,23.758722490606548,8.581588835212024,10.258990874932904,5.159688674181428,10.413311862587225,34.42699946323135,2.8247450348899625,4.502147074610843,0.07380568974771873,
208,23.96672034353194,8.494363929146537,10.198604401502953,5.119431025228127,10.413311862587225,34.4068706387547,2.8247450348899625,4.502147074610843,0.07380568974771873,
209,24.12104133118626,8.494363929146537,10.185185185185185,5.119431025228127,10.326086956521738,34.35319377348363,2.8247450348899625,4.502147074610843,0.07380568974771873,
210,24.322329575952764,8.3467525496511,10.185185185185185,5.119431025228127,10.326086956521738,34.326355340848096,2.8247450348899625,4.4753086419753085,0.07380568974771873,
211,24.3894256575416,8.3467525496511,10.165056360708535,5.119431025228127,10.326086956521738,34.27938808373591,2.8247450348899625,4.4753086419753085,0.07380568974771873,
212,23.315888352120236,6.293612453032743,8.863392377885132,4.985238862050457,9.426999463231347,38.466183574879224,4.233762748255502,4.341116478797638,0.07380568974771873,
213,23.463499731615673,6.293612453032743,8.863392377885132,4.985238862050457,9.39345142243693,38.35212023617821,4.233762748255502,4.341116478797638,0.07380568974771873,
214,23.637949543746647,6.293612453032743,8.849973161567364,4.931561996779388,9.39345142243693,38.31186258722491,4.213633923778851,4.294149221685454,0.07380568974771873,
215,23.839237788513152,6.078904991948471,8.668813741277509,4.898013955984971,9.353193773483628,38.479602791196996,4.166666666666667,4.441760601180891,0.07380568974771873,
216,24.188137412775095,6.0654857756307035,8.635265700483092,4.898013955984971,9.286097691894794,38.28502415458937,4.1532474503489,4.414922168545357,0.07380568974771873,
217,24.60413311862587,6.0654857756307035,8.635265700483092,4.750402576489533,9.286097691894794,38.20450885668277,4.1532474503489,4.2270531400966185,0.07380568974771873,
218,24.84567901234568,6.0587761674718195,8.621846484165324,4.74369296833065,9.185453569511541,38.09044551798175,4.1532474503489,4.2270531400966185,0.07380568974771873,
219,25.033548040794418,6.031937734836285,8.61513687600644,4.74369296833065,9.131776704240472,37.9898013955985,4.1532474503489,4.2270531400966185,0.07380568974771873,
220,25.268384326355342,5.978260869565218,8.59500805152979,4.7101449275362315,9.05126140633387,37.956253354804076,4.1532474503489,4.213633923778851,0.07380568974771873,
221,25.49651100375738,5.971551261406334,8.53462157809984,4.7101449275362315,9.037842190016104,37.835480407944175,4.126409017713366,4.213633923778851,0.07380568974771873,
222,25.261674718196456,5.897745571658615,8.507783145464305,4.643048845947397,8.943907675791733,36.574074074074076,4.066022544283414,6.031937734836285,0.07380568974771873,
223,25.261674718196456,5.877616747181965,8.829844337090714,4.5893719806763285,8.917069243156199,36.40633387010199,4.066022544283414,5.978260869565218,0.07380568974771873,
224,25.771604938271604,5.756843800322061,8.816425120772946,4.522275899087493,8.890230810520666,36.15807836822329,4.032474503488996,5.978260869565218,0.07380568974771873,
225,25.87224906065486,5.709876543209877,8.789586688137414,4.62962962962963,8.890230810520666,35.87627482555019,4.032474503488996,6.125872249060655,0.07380568974771873,
226,26.073537305421365,5.703166935050993,8.769457863660762,4.622920021470746,8.876811594202898,35.7487922705314,4.032474503488996,6.099033816425121,0.07380568974771873,
227,26.382179280730007,5.689747718733226,8.715780998389693,4.616210413311863,8.876811594202898,35.547504025764894,4.032474503488996,6.078904991948471,0.06038647342995169,
228,26.603596349973163,5.689747718733226,8.715780998389693,4.616210413311863,8.776167471819646,35.32608695652174,4.139828234031133,6.072195383789587,0.06038647342995169,
229,26.818303811057433,5.689747718733226,8.61513687600644,4.616210413311863,8.769457863660762,35.265700483091784,4.133118625872249,6.031937734836285,0.06038647342995169,
230,26.86527106816962,5.662909286097692,8.61513687600644,4.5960815888352125,8.769457863660762,35.265700483091784,4.133118625872249,6.031937734836285,0.06038647342995169,
231,27.033011272141707,5.662909286097692,8.561460010735374,4.5893719806763285,8.695652173913043,35.238862050456255,4.126409017713366,6.031937734836285,0.06038647342995169,
232,27.2812667740204,5.636070853462158,8.541331186258722,4.528985507246377,8.561460010735374,35.17176596886742,4.0995705850778315,6.119162640901771,0.06038647342995169,
233,27.435587761674718,5.636070853462158,8.480944712828771,4.49543746645196,8.527911969940956,35.14492753623188,4.0995705850778315,6.119162640901771,0.06038647342995169,
234,27.24771873322598,5.636070853462158,8.480944712828771,4.53569511540526,9.567901234567902,34.628287707997856,3.864734299516908,5.978260869565218,0.06038647342995169,
235,27.375201288244767,5.5689747718733225,8.480944712828771,4.522275899087493,9.567901234567902,34.594739667203434,3.864734299516908,5.964841653247451,0.06038647342995169,
236,26.86527106816962,5.5689747718733225,8.480944712828771,4.193505099302201,11.258722490606548,33.9573268921095,3.717122920021471,5.897745571658615,0.06038647342995169,
237,27.066559312936125,5.5689747718733225,8.480944712828771,4.139828234031133,11.258722490606548,33.78958668813741,3.7037037037037037,5.931293612453032,0.06038647342995169,
238,22.007514761137948,28.475577026301664,7.950885668276973,2.9924852388620504,6.796833064949007,23.74530327428878,2.999194847020934,4.9718196457326895,0.06038647342995169,
239,22.23564143853999,28.166935050993022,7.937466451959206,3.126677402039721,6.796833064949007,23.70504562533548,2.999194847020934,4.9718196457326895,0.06038647342995169,
240,22.67176596886742,28.012614063338702,7.843531937734836,3.099838969404187,6.749865807836822,23.59098228663446,2.999194847020934,4.9718196457326895,0.06038647342995169,
241,22.779119699409556,27.87842190016103,7.843531937734836,3.099838969404187,6.749865807836822,23.544015029522274,2.999194847020934,5.045625335480408,0.06038647342995169,
242,22.893183038110575,27.85829307568438,7.843531937734836,3.079710144927536,6.6760601180891035,23.544015029522274,2.999194847020934,5.045625335480408,0.06038647342995169,
243,23.181696188942567,27.82474503488996,7.7831454643048845,3.079710144927536,6.588835212023618,23.43666129898014,2.999194847020934,5.045625335480408,0.06038647342995169,
244,23.43666129898014,27.636876006441224,7.7831454643048845,3.079710144927536,6.588835212023618,23.369565217391305,2.999194847020934,5.045625335480408,0.06038647342995169,
245,23.537305421363392,27.576489533011273,7.75630703166935,3.079710144927536,6.588835212023618,23.356146001073537,2.999194847020934,5.045625335480408,0.06038647342995169,
246,23.678207192699947,27.449006977992486,7.716049382716049,3.2139023081052067,6.588835212023618,23.262211486849168,2.999194847020934,5.032206119162641,0.06038647342995169,
247,23.906333870101985,27.388620504562535,7.716049382716049,3.2139023081052067,6.588835212023618,23.2085346215781,2.945517981749866,4.9718196457326895,0.06038647342995169,
248,24.154589371980677,27.34165324745035,7.702630166398282,3.3279656468062266,6.5485775630703165,22.98040794417606,2.932098765432099,4.951690821256038,0.06038647342995169,
249,24.355877616747183,27.334943639291467,7.689210950080516,3.321256038647343,6.494900697799249,22.933440687063875,2.8918411164787976,4.918142780461621,0.06038647342995169,
250,24.510198604401502,27.167203435319376,7.669082125603865,3.374932903918411,6.494900697799249,22.920021470746107,2.8918411164787976,4.918142780461621,0.05367686527106817,
251,24.745034889962426,27.106816961889425,7.608695652173913,3.361513687600644,6.488191089640365,22.832796564680624,2.8918411164787976,4.911433172302737,0.05367686527106817,
252,24.838969404186795,26.99946323134729,7.581857219538379,3.455448201825013,6.488191089640365,22.779119699409556,2.8918411164787976,4.911433172302737,0.05367686527106817,
253,25.0402576489533,26.878690284487387,7.561728395061729,3.435319377348363,6.488191089640365,22.745571658615138,2.8918411164787976,4.904723564143854,0.05367686527106817,
254,21.584809447128286,24.335748792270532,6.696188942565755,3.0595813204508855,6.179549114331723,31.199677938808374,2.214170692431562,4.676596886741814,0.05367686527106817,
255,21.806226516371442,24.20155662909286,6.696188942565755,3.0595813204508855,6.179549114331723,31.146001073537306,2.2074610842726785,4.64975845410628,0.05367686527106817,
256,21.87332259796028,23.993558776167472,6.662640901771336,3.2541599570585076,6.172839506172839,31.132581857219538,2.2074610842726785,4.64975845410628,0.05367686527106817,
