,45,50,51,52,53,56,54,55,57
0,96.8666129898014,3.1333870101986045,,,,,,,
1,94.53837895866882,5.4616210413311865,,,,,,,
2,92.69994632313472,7.300053676865271,,,,,,,
3,92.57917337627482,7.212828770799785,0.20799785292538917,,,,,,
4,89.12372517444982,10.869565217391305,0.0067096081588835215,,,,,,
5,87.44632313472893,12.546967257112184,0.0067096081588835215,,,,,,
6,87.56038647342996,12.432903918411165,0.0067096081588835215,,,,,,
7,78.65673644659152,19.082125603864736,0.0067096081588835215,2.254428341384863,,,,,
8,77.32823403113258,18.82716049382716,0.0067096081588835215,2.254428341384863,1.583467525496511,,,,
9,77.63016639828234,18.55877616747182,0.0067096081588835215,2.2208803005904456,1.583467525496511,,,,
10,75.14090177133656,21.07487922705314,0.0067096081588835215,2.1940418679549114,1.583467525496511,,,,
11,74.26865271068169,21.484165324745035,1.3687600644122384,1.3016639828234031,1.5767579173376274,,,,
12,74.38271604938272,21.370101986044016,1.3687600644122384,1.3016639828234031,1.5767579173376274,,,,
13,73.11460010735372,21.87332259796028,1.1406333870101986,2.2946859903381642,1.5767579173376274,,,,
14,72.24235104669887,22.745571658615138,1.1406333870101986,2.2946859903381642,1.5767579173376274,,,,
15,64.39881910896403,33.06494900697799,0.4562533548040794,1.3083735909822867,0.7716049382716049,,,,
16,62.23161567364466,33.42055823939882,0.4294149221685454,3.166935050993022,0.7514761137949544,,,,
17,60.11808910359635,35.560923242082666,0.4294149221685454,3.140096618357488,0.7514761137949544,,,,
18,50.47638217928073,45.229468599033815,0.4294149221685454,3.113258185721954,0.7514761137949544,,,,
19,49.644390767579175,45.96081588835212,0.4227053140096618,3.1065485775630703,0.8655394524959742,,,,
20,50.38915727321525,45.30327428878154,0.4227053140096618,3.0193236714975846,0.8655394524959742,,,,
21,46.18894256575416,47.457058507783145,0.4227053140096618,2.9790660225442833,2.952227589908749,,,,
22,44.03515834675255,48.02066559312936,0.4227053140096618,2.9790660225442833,4.542404723564144,,,,
23,44.06199677938808,44.538378958668815,1.9457863660762211,3.911701556629093,5.542136339237788,,,,
24,44.20289855072464,44.437734836285564,2.006172839506173,3.844605475040258,5.508588298443371,,,,
25,44.68599033816425,44.03515834675255,1.9793344068706387,3.8043478260869565,5.495169082125604,,,,
26,44.135802469135804,40.29119699409554,6.421095008051529,3.8043478260869565,5.347557702630167,,,,
27,44.437734836285564,39.72758990874933,6.380837359098229,3.8043478260869565,5.649490069779925,,,,
28,44.95437466451959,39.492753623188406,6.320450885668277,3.7640901771336552,5.46833064949007,,,,
29,45.1959205582394,39.31159420289855,4.85775630703167,3.730542136339238,5.401234567901234,1.5029522275899088,,,
30,42.27724100912507,39.30488459473967,4.777241009125067,6.863929146537842,5.273752012882448,1.5029522275899088,,,
31,42.90794417606012,38.788244766505635,4.676596886741814,7.219538378958669,5.260332796564681,1.1473429951690821,,,
32,43.00858829844337,37.2987117552335,4.64975845410628,7.219538378958669,6.6760601180891035,1.1473429951690821,,,
33,29.1532474503489,54.428341384863124,4.49543746645196,1.892109500805153,5.776972624798712,1.1473429951690821,1.4224369296833066,1.6841116478797638,
34,29.401502952227588,54.2740203972088,4.435050993022007,1.892109500805153,5.756843800322061,1.1473429951690821,1.4224369296833066,1.6706924315619969,
35,29.2337627482555,53.858024691358025,4.690016103059581,2.2342995169082127,5.743424584004294,1.1473429951690821,1.4224369296833066,1.6706924315619969,
36,26.154052603327965,50.0402576489533,14.459205582393988,2.2208803005904456,2.7979066022544283,1.133923778851315,1.4224369296833066,1.7713365539452497,
37,26.85185185185185,49.52361782071927,14.331723027375201,2.200751476113795,2.7844873859366612,1.133923778851315,1.415727321524423,1.7579173376274826,
38,27.355072463768117,49.32903918411165,14.17740203972088,2.200751476113795,2.6637144390767578,1.1205045625335481,1.3955984970477724,1.7579173376274826,
39,27.24771873322598,48.31588835212023,15.324745034889963,2.1806226516371443,2.6637144390767578,1.1137949543746646,1.3955984970477724,1.7579173376274826,
40,26.42914653784219,56.79012345679013,11.480139559849706,,1.6438539989264627,0.630703166935051,1.3955984970477724,1.6304347826086956,
41,26.918947933440688,56.44122383252818,11.352657004830919,,1.6438539989264627,0.6172839506172839,1.3955984970477724,1.6304347826086956,
42,27.18733225979603,55.68974771873322,9.668545356951155,2.3349436392914655,1.5029522275899088,0.6172839506172839,1.3687600644122384,1.6304347826086956,
43,27.536231884057973,55.31400966183575,8.333333333333334,2.2342995169082127,2.965646806226516,0.6172839506172839,1.3687600644122384,1.6304347826086956,
44,24.376006441223833,51.92565754159957,8.53462157809984,8.883521202361782,2.831454643048846,0.4495437466451959,1.4895330112721417,1.5096618357487923,
45,24.838969404186795,51.570048309178745,8.514492753623188,8.883521202361782,2.7777777777777777,0.4495437466451959,1.4559849704777241,1.5096618357487923,
46,25.41599570585078,51.04669887278583,8.400429414922169,8.809715512614064,2.7777777777777777,0.4495437466451959,1.4559849704777241,1.6438539989264627,
47,25.925925925925927,48.27563070316693,8.380300590445518,8.809715512614064,5.0858829844337095,0.4495437466451959,1.42914653784219,1.6438539989264627,
48,26.42914653784219,47.93344068706388,8.319914117015566,8.776167471819646,5.0858829844337095,0.4495437466451959,1.42914653784219,1.5767579173376274,
49,26.643853998926463,47.78582930756844,8.3064949006978,8.749329039184111,5.0858829844337095,0.4227053140096618,1.42914653784219,1.5767579173376274,
50,27.415458937198068,47.376543209876544,8.205850778314547,8.588298443370908,5.038915727321524,0.4227053140096618,1.4090177133655395,1.5432098765432098,
51,26.590177133655395,46.464036500268385,10.017444981213098,8.55475040257649,5.018786902844874,0.4227053140096618,1.4090177133655395,1.5230810520665594,
52,27.34165324745035,46.02120236178207,9.849704777241008,8.427267847557703,5.005367686527107,0.4227053140096618,1.4090177133655395,1.5230810520665594,
53,27.616747181964573,45.29656468062265,11.11111111111111,8.400429414922169,4.2203435319377345,0.4227053140096618,1.4090177133655395,1.5230810520665594,
54,28.247450348899623,45.06843800322061,11.044015029522276,8.252818035426731,4.05931293612453,0.4092860976918948,1.4090177133655395,1.5096618357487923,
55,28.77079978529254,44.618894256575416,11.017176596886742,8.246108427267847,4.05931293612453,0.4092860976918948,1.4090177133655395,1.4694041867954912,
56,29.528985507246375,44.24315619967794,10.929951690821255,8.085077831454644,3.938539989264627,0.4092860976918948,1.3955984970477724,1.4694041867954912,
57,29.851046698872786,43.86741814278046,10.916532474503489,8.07836822329576,3.878153515834675,0.4092860976918948,1.3955984970477724,1.6035963499731616,
58,29.30756843800322,44.37734836285561,10.836017176596886,8.07836822329576,3.878153515834675,0.4092860976918948,1.3955984970477724,1.7176596886741815,
59,29.837627482555018,44.12238325281803,10.775630703166936,7.796564680622652,3.878153515834675,0.5434782608695652,1.328502415458937,1.7176596886741815,
60,30.314009661835748,43.43129361245303,10.7085346215781,7.152442297369833,4.703435319377348,0.5434782608695652,1.328502415458937,1.8183038110574343,
61,30.857487922705314,42.96833064949007,10.681696188942565,7.125603864734299,4.676596886741814,0.5434782608695652,1.328502415458937,1.8183038110574343,
62,31.76328502415459,42.43827160493827,10.534084809447128,6.991411701556629,4.643048845947397,0.5099302200751477,1.328502415458937,1.7914653784219001,
63,32.14573268921095,42.17659688674181,10.46027911969941,6.991411701556629,4.5960815888352125,0.5099302200751477,1.328502415458937,1.7914653784219001,
64,30.911164787976382,50.08722490606549,6.3070316693505095,6.246645195920558,2.254428341384863,0.5099302200751477,1.2949543746645196,2.3886205045625335,
65,31.427804616210413,47.56441223832528,6.253354804079442,6.112453032742888,4.582662372517445,0.4227053140096618,1.261406333870102,2.3752012882447664,
66,31.689479334406872,47.22893183038111,6.233225979602791,6.152710681696189,4.64975845410628,0.4227053140096618,1.247987117552335,2.3752012882447664,
67,32.26650563607085,46.34997316156736,6.293612453032743,6.018518518518518,4.64975845410628,0.4227053140096618,1.247987117552335,2.7509393451422435,
68,32.98443370907139,45.71926999463231,6.233225979602791,6.005099302200751,4.64975845410628,0.4092860976918948,1.247987117552335,2.7509393451422435,
69,32.50134192163178,44.37734836285561,6.105743424584004,6.005099302200751,6.561996779388084,0.5501878690284487,1.247987117552335,2.6502952227589907,
70,33.11862587224906,43.98148148148148,6.031937734836285,5.964841653247451,6.454643048845948,0.5501878690284487,1.247987117552335,2.6502952227589907,
71,28.67686527106817,47.89989264626946,5.522007514761138,5.9447128287707995,6.293612453032743,0.5501878690284487,1.247987117552335,3.864734299516908,
72,28.837895866881375,46.55797101449275,5.387815351583468,5.911164787976382,7.548309178743962,0.6910896403650026,1.2412775093934514,3.824476650563607,
73,29.200214707461082,45.967525496511,5.253623188405797,5.857487922705314,7.863660762211487,0.6575415995705851,1.7713365539452497,3.4286097691894795,
74,29.25389157273215,44.93424584004294,5.24020397208803,5.790391841116479,9.23913043478261,0.6575415995705851,1.7444981213097155,3.140096618357488,
75,29.643048845947398,44.67257112184648,5.193236714975845,5.750134192163178,9.23913043478261,0.6575415995705851,1.710950080515298,3.1333870101986045,
76,29.78395061728395,43.19645732689211,5.193236714975845,5.723295759527644,10.654857756307031,0.6575415995705851,1.710950080515298,3.079710144927536,
77,30.387815351583466,42.8743961352657,5.179817498658078,5.649490069779925,10.473698336017177,0.6575415995705851,1.710950080515298,3.066290928609769,
78,26.35534084809447,38.33199141170156,15.418679549114332,5.4616210413311865,10.185185185185185,0.6575415995705851,1.1808910359634996,2.408749329039184,
79,26.663982823403114,38.20450885668277,15.35829307568438,5.407944176060118,10.144927536231885,0.630703166935051,1.1808910359634996,2.408749329039184,
80,25.731347289318304,37.58722490606549,14.345142243692969,5.60252281266774,12.808641975308642,0.630703166935051,1.1808910359634996,2.1135265700483092,
81,25.785024154589372,36.97665056360709,14.345142243692969,5.595813204508857,12.25174449812131,0.5166398282340311,2.475845410628019,2.0531400966183573,
82,25.38244766505636,37.56038647342995,14.345142243692969,5.595813204508857,12.104133118625873,0.5166398282340311,2.4490069779924855,2.046430488459474,
83,26.06682769726248,37.21148684916801,14.204240472356414,5.595813204508857,11.936392914653783,0.5166398282340311,2.4355877616747184,2.033011272141707,
84,26.590177133655395,37.084004294149224,14.04320987654321,5.5689747718733225,11.808910359634996,0.5166398282340311,2.4020397208803006,1.9860440150295222,
85,27.012882447665056,36.802200751476114,13.486312399355878,5.488459473966721,12.338969404186795,0.5166398282340311,2.3752012882447664,1.9793344068706387,
86,27.677133655394524,36.42646269457864,13.39237788513151,5.46833064949007,12.204777241009126,0.5166398282340311,2.341653247450349,1.9726247987117553,
87,27.63016639828234,36.03730542136339,13.305152979066023,5.441492216854535,12.365807836822329,0.5166398282340311,2.7308105206655933,1.9726247987117553,
88,27.677133655394524,34.004294149221685,13.110574342458401,5.428073000536768,14.720880300590446,0.5166398282340311,2.6301663982823404,1.9122383252818036,
89,27.68384326355341,32.96430488459474,12.99651100375738,5.340848094471283,14.660493827160494,0.5166398282340311,4.025764895330113,1.8115942028985508,
90,28.27428878153516,32.72275899087493,12.969672571121846,5.293880837359098,14.439076757917338,0.5166398282340311,3.9720880300590444,1.8115942028985508,
91,28.415190552871714,32.6556629092861,10.715244229736983,5.280461621041331,16.67337627482555,0.5166398282340311,3.9720880300590444,1.7713365539452497,
92,29.09286097691895,32.48792270531401,10.674986580783683,5.159688674181428,16.358024691358025,0.5099302200751477,3.9452495974235107,1.7713365539452497,
93,29.49543746645196,32.29334406870639,10.607890499194847,5.146269457863661,16.35131508319914,0.5032206119162641,3.8311862587224907,1.7713365539452497,
94,30.018786902844873,32.085346215781,10.466988727858293,5.025496511003757,16.25067096081589,0.46296296296296297,3.7640901771336552,1.9256575415995705,
95,30.360976918947934,31.843800322061192,10.433440687063875,5.025496511003757,16.190284487385938,0.46296296296296297,3.7573805689747717,1.9256575415995705,
96,30.951422436929683,31.49490069779925,10.178475577026301,4.99194847020934,16.13660762211487,0.5971551261406334,3.730542136339238,1.9189479334406871,
97,31.629092860976918,31.11916264090177,10.11808910359635,4.898013955984971,16.009125067096083,0.5971551261406334,3.717122920021471,1.9122383252818036,
98,31.702898550724637,31.052066559312937,9.312936124530328,6.0654857756307035,15.640096618357488,0.5971551261406334,3.717122920021471,1.9122383252818036,
99,32.06521739130435,30.971551261406333,9.23913043478261,6.031937734836285,15.5126140633387,0.5971551261406334,3.670155662909286,1.9122383252818036,
100,32.360440150295226,30.88432635534085,9.219001610305957,5.964841653247451,15.4723564143854,0.5971551261406334,3.670155662909286,1.8317230273752012,
101,32.9777241009125,30.495169082125603,9.178743961352657,5.891035963499732,15.257648953301127,0.5904455179817498,3.629898013955985,1.9793344068706387,
102,33.23268921095008,30.407944176060116,9.03113258185722,5.891035963499732,15.237520128824476,0.5904455179817498,3.629898013955985,1.9793344068706387,
103,33.843263553408484,30.10601180891036,8.970746108427267,5.636070853462158,15.150295222758992,0.6843800322061192,3.629898013955985,1.9793344068706387,
104,34.05797101449275,29.851046698872786,8.621846484165324,4.159957058507783,16.80756843800322,0.6374127750939346,3.629898013955985,2.2342995169082127,
105,34.46054750402576,29.663177670424048,8.561460010735374,4.159957058507783,16.6935050993022,0.6374127750939346,3.589640365002684,2.2342995169082127,
106,34.64170692431562,29.139828234031132,8.53462157809984,4.119699409554482,16.566022544283413,0.6374127750939346,3.589640365002684,2.771068169618894,
107,34.936929683306495,29.052603327965645,8.480944712828771,4.119699409554482,16.411701556629094,0.6374127750939346,3.589640365002684,2.771068169618894,
108,35.31266774020397,28.958668813741276,8.36688137412775,4.1129898013955986,16.25067096081589,0.6374127750939346,3.589640365002684,2.771068169618894,
109,35.7487922705314,28.83118625872249,8.21256038647343,4.1129898013955986,16.10305958132045,0.6374127750939346,3.589640365002684,2.7643585614600106,
110,36.41304347826087,28.569511540526033,8.152173913043478,4.1129898013955986,15.975577026301664,0.6374127750939346,3.5829307568438002,2.5563607085346214,
111,36.73510466988728,28.442028985507246,7.997852925389157,4.1129898013955986,15.935319377348362,0.6374127750939346,3.5829307568438002,2.5563607085346214,
112,37.526838432635536,27.710681696188942,7.997852925389157,4.0995705850778315,15.895061728395062,0.630703166935051,3.5829307568438002,2.5563607085346214,
113,38.24476650563607,27.408749329039185,7.803274288781535,3.9855072463768115,15.814546430488459,0.6172839506172839,3.5829307568438002,2.5429414922168547,
114,38.539989264626946,27.274557165861513,7.763016639828234,3.9855072463768115,15.593129361245303,0.6172839506172839,3.683574879227053,2.5429414922168547,
115,38.69431025228127,27.180622651637144,7.7361782071927,3.9855072463768115,15.593129361245303,0.6172839506172839,3.6500268384326353,2.5429414922168547,
116,39.17740203972088,27.046430488459475,7.7361782071927,3.938539989264627,15.291196994095545,0.6172839506172839,3.6500268384326353,2.5429414922168547,
117,39.98926462694579,26.757917337627482,7.763016639828234,3.9049919484702094,14.774557165861514,0.6172839506172839,3.6500268384326353,2.5429414922168547,
118,39.049919484702095,24.335748792270532,7.5348899624261945,5.850778314546431,15.26435856146001,0.6172839506172839,5.24020397208803,2.1068169618894257,
119,39.53301127214171,24.22168545356951,7.521470746108427,5.850778314546431,15.116747181964573,0.6172839506172839,5.045625335480408,2.0933977455716586,
120,39.76784755770263,23.946591519055286,7.440955448201825,7.62211486849168,13.593666129898015,0.6172839506172839,4.9651100375738055,2.046430488459474,
121,40.042941492216855,23.839237788513152,6.977992485238862,7.588566827697263,13.47289318303811,0.6172839506172839,4.944981213097155,2.5161030595813205,
122,40.41196994095545,23.792270531400966,6.944444444444445,7.575147611379496,13.345410628019323,0.6172839506172839,4.804079441760601,2.509393451422437,
123,41.096349973161566,23.409822866344605,6.910896403650026,7.501341921631776,13.150831991411701,0.6172839506172839,4.804079441760601,2.509393451422437,
124,41.47879763821793,23.22866344605475,6.884057971014493,7.454374664519592,13.083735909822867,0.6172839506172839,4.74369296833065,2.509393451422437,
125,41.15002683843264,22.6784755770263,6.595544820182502,6.615673644659152,15.217391304347826,0.6038647342995169,4.74369296833065,2.395330112721417,
126,41.7337627482555,22.356414385399894,6.595544820182502,6.602254428341385,14.969135802469136,0.6038647342995169,4.74369296833065,2.395330112721417,
127,42.1027911969941,22.20209339774557,6.468062265163715,6.602254428341385,14.942297369833602,0.6038647342995169,4.696725711218465,2.38191089640365,
128,42.43156199677939,22.088030059044552,6.468062265163715,6.575415995705851,14.848362855609233,0.6038647342995169,4.609500805152979,2.3752012882447664,
129,42.72678475577026,22.054482018250134,6.468062265163715,6.561996779388084,14.741009125067096,0.5904455179817498,4.4820182501341925,2.3752012882447664,
130,38.6808910359635,19.35721953837896,14.304884594739667,6.890767579173376,14.378690284487385,0.24154589371980675,4.468599033816425,1.6774020397208802,
131,39.009661835748794,19.249865807836823,14.184111647879764,6.863929146537842,14.331723027375201,0.24154589371980675,4.441760601180891,1.6774020397208802,
132,39.512882447665056,19.07541599570585,14.096886741814279,6.810252281266774,14.210950080515298,0.24154589371980675,4.374664519592056,1.6774020397208802,
133,40.25764895330113,18.853998926462694,14.009661835748792,6.749865807836822,13.922436929683306,0.24154589371980675,4.28743961352657,1.6774020397208802,
134,40.05636070853462,18.35077831454643,14.88191089640365,6.723027375201288,13.79495437466452,0.24154589371980675,4.274020397208803,1.6774020397208802,
135,40.57971014492754,18.156199677938808,14.74771873322598,6.696188942565755,13.647342995169081,0.24154589371980675,4.253891572732153,1.6774020397208802,
136,40.935319377348364,18.109232420826622,14.526301663982823,6.6827697262479875,13.533279656468062,0.23483628556092323,4.253891572732153,1.6774020397208802,0.04696725711218465
137,41.1634460547504,18.035426731078903,14.486044015029522,6.6827697262479875,13.499731615673644,0.23483628556092323,4.17337627482555,1.6774020397208802,0.04696725711218465
138,40.85480407944176,18.00187869028449,15.24422973698336,6.286902844873859,13.479602791196994,0.23483628556092323,4.17337627482555,1.6774020397208802,0.04696725711218465
139,41.136607622114866,17.98845947396672,15.11003757380569,6.286902844873859,13.385668276972625,0.23483628556092323,4.133118625872249,1.6774020397208802,0.04696725711218465
140,41.626409017713364,17.8743961352657,15.049651100375739,6.132581857219538,13.271604938271604,0.23483628556092323,4.086151368760064,1.6774020397208802,0.04696725711218465
141,41.92163177670424,17.807300053676865,14.982555018786902,6.0587761674718195,13.20450885668277,0.23483628556092323,4.066022544283414,1.6774020397208802,0.04696725711218465
142,42.84084809447128,17.384594739667204,14.949006977992486,5.964841653247451,12.969672571121846,0.23483628556092323,3.9318303811057436,1.6774020397208802,0.04696725711218465
143,41.606280193236714,16.384863123993558,14.781266774020397,10.789049919484702,11.16478797638218,0.23483628556092323,3.408480944712829,1.583467525496511,0.04696725711218465
144,41.86795491143317,16.384863123993558,14.727589908749328,10.621309715512615,11.151368760064413,0.23483628556092323,3.3816425120772946,1.583467525496511,0.04696725711218465
145,42.25711218464841,16.317767042404725,14.626945786366075,10.581052066559312,10.970209339774557,0.23483628556092323,3.3816425120772946,1.583467525496511,0.04696725711218465
146,42.632850241545896,16.25738056897477,14.626945786366075,10.446859903381643,10.836017176596886,0.23483628556092323,3.3816425120772946,1.5365002683843263,0.04696725711218465
147,43.10923242082662,16.109769189479334,14.486044015029522,10.413311862587225,10.775630703166936,0.23483628556092323,3.2877079978529253,1.5365002683843263,0.04696725711218465
148,43.35077831454643,15.895061728395062,14.325013419216317,10.299248523886206,11.104401502952227,0.23483628556092323,3.2474503488996245,1.4962426194310252,0.04696725711218465
149,43.545356951154055,15.874932903918411,14.217659688674182,10.245571658615138,11.104401502952227,0.2281266774020397,3.240740740740741,1.4962426194310252,0.04696725711218465
150,43.947933440687066,15.780998389694043,14.070048309178745,10.21202361782072,11.057434245840042,0.2214170692431562,3.1870638754696725,1.4761137949543746,0.04696725711218465
151,44.37063875469673,15.70048309178744,13.92914653784219,10.158346752549651,11.044015029522276,0.2214170692431562,3.1535158346752548,1.3754696725711217,0.04696725711218465
152,44.826892109500804,15.4723564143854,13.902308105206655,10.131508319914117,10.889694041867955,0.2214170692431562,3.1468062265163717,1.3620504562533549,0.04696725711218465
153,45.00805152979066,15.411969940955448,13.868760064412239,10.11808910359635,10.815888352120236,0.2214170692431562,3.1468062265163717,1.3620504562533549,0.04696725711218465
154,45.50456253354804,15.210681696188942,13.855340848094471,10.017444981213098,10.674986580783683,0.2214170692431562,3.1199677938808374,1.3486312399355878,0.04696725711218465
155,45.82662372517445,15.190552871712292,13.7211486849168,9.957058507783145,10.601180891035963,0.2214170692431562,3.0864197530864197,1.3486312399355878,0.04696725711218465
156,46.363392377885134,15.163714439076758,13.667471819645733,9.73564143853999,10.413311862587225,0.2214170692431562,3.0394524959742353,1.3486312399355878,0.04696725711218465
157,46.28958668813741,14.855072463768115,13.533279656468062,9.104938271604938,10.399892646269459,0.2214170692431562,4.200214707461084,1.3486312399355878,0.04696725711218465
158,46.61164787976382,14.794685990338165,13.459473966720344,9.078099838969404,10.352925389157273,0.19457863660762212,4.146537842190016,1.3150831991411702,0.04696725711218465
159,46.05475040257649,14.600107353730541,14.80810520665593,8.997584541062801,9.842995169082126,0.19457863660762212,4.139828234031133,1.3150831991411702,0.04696725711218465
160,45.276435856146,14.096886741814279,14.378690284487385,9.252549651100376,11.29898013955985,0.19457863660762212,4.139828234031133,1.3150831991411702,0.04696725711218465
161,45.531400966183575,14.083467525496511,14.358561460010735,9.198872785829307,11.171497584541063,0.19457863660762212,4.133118625872249,1.2815351583467525,0.04696725711218465
162,45.62533548040794,14.029790660225443,14.486044015029522,9.158615136876007,11.044015029522276,0.19457863660762212,4.133118625872249,1.2815351583467525,0.04696725711218465
163,46.05475040257649,13.962694578636608,14.298174986580785,9.017713365539452,11.030595813204508,0.19457863660762212,4.133118625872249,1.261406333870102,0.04696725711218465
164,46.363392377885134,13.922436929683306,14.284755770263017,8.950617283950617,10.923242082662373,0.15432098765432098,4.106280193236715,1.247987117552335,0.04696725711218465
165,46.85319377348363,13.808373590982287,14.237788513150832,8.816425120772946,10.789049919484702,0.2683843263553409,3.978797638217928,1.2010198604401503,0.04696725711218465
166,47.1081588835212,13.788244766505636,14.036500268384327,8.816425120772946,10.775630703166936,0.2616747181964573,3.965378421900161,1.2010198604401503,0.04696725711218465
167,47.41009125067096,13.747987117552334,13.942565754159958,8.742619431025227,10.681696188942565,0.2616747181964573,3.965378421900161,1.2010198604401503,0.04696725711218465
168,43.61916264090177,12.640901771336553,20.471014492753625,8.427267847557703,9.614868491680086,0.3824476650563607,3.549382716049383,1.261406333870102,0.03354804079441761
169,43.76006441223833,12.634192163177671,20.471014492753625,8.413848631239935,9.588030059044552,0.3824476650563607,3.455448201825013,1.261406333870102,0.03354804079441761
170,44.12238325281803,12.607353730542137,20.33011272141707,8.36688137412775,9.460547504025765,0.3824476650563607,3.435319377348363,1.261406333870102,0.03354804079441761
171,44.38405797101449,12.560386473429952,20.276435856146,8.3064949006978,9.39345142243693,0.3824476650563607,3.4017713365539453,1.261406333870102,0.03354804079441761
172,44.51154052603328,12.4597423510467,20.303274288781534,8.293075684380032,9.353193773483628,0.3824476650563607,3.4017713365539453,1.261406333870102,0.03354804079441761
173,44.87385936661299,12.4597423510467,20.1959205582394,8.266237251744498,9.158615136876007,0.3824476650563607,3.3682232957595275,1.261406333870102,0.03354804079441761
174,45.26301663982824,12.365807836822329,20.068438003220614,8.232689210950081,9.024422973698336,0.3824476650563607,3.3682232957595275,1.261406333870102,0.03354804079441761
175,44.65244229736983,11.560654857756306,20.014761137949545,9.728931830381105,9.01100375738057,0.3824476650563607,3.3548040794417604,1.261406333870102,0.03354804079441761
176,45.06843800322061,11.439881910896403,19.89398819108964,9.702093397745571,8.863392377885132,0.3824476650563607,3.3548040794417604,1.261406333870102,0.03354804079441761
177,45.309983896940416,11.379495437466453,19.81347289318304,9.64170692431562,8.829844337090714,0.3824476650563607,3.3548040794417604,1.2546967257112185,0.03354804079441761
178,45.813204508856685,11.272141706924316,19.659151905528716,9.453837895866881,8.796296296296296,0.3824476650563607,3.33467525496511,1.2546967257112185,0.03354804079441761
179,46.303005904455176,11.211755233494364,19.28341384863124,9.447128287707997,8.749329039184111,0.3824476650563607,3.33467525496511,1.2546967257112185,0.03354804079441761
180,46.85990338164251,11.137949543746645,18.9345142243693,9.265968867418144,8.695652173913043,0.49651100375738055,3.321256038647343,1.2546967257112185,0.03354804079441761
181,46.4573268921095,11.124530327428879,17.85426731078905,10.809178743961352,8.514492753623188,0.4562533548040794,3.6097691894793345,1.1406333870101986,0.03354804079441761
182,46.88674181427805,11.003757380568974,17.76033279656468,10.748792270531402,8.480944712828771,0.4227053140096618,3.589640365002684,1.0735373054213635,0.03354804079441761
183,46.99409554482018,11.003757380568974,17.76033279656468,10.72866344605475,8.393719806763285,0.4227053140096618,3.589640365002684,1.0735373054213635,0.03354804079441761
184,47.08803005904455,10.997047772410092,17.693236714975846,10.7085346215781,8.393719806763285,0.4227053140096618,3.589640365002684,1.0735373054213635,0.03354804079441761
185,47.32286634460547,10.909822866344605,17.673107890499196,10.789049919484702,8.373590982286634,0.3421900161030596,3.488996242619431,1.06682769726248,0.03354804079441761
186,47.1081588835212,11.634460547504025,17.384594739667204,10.63472893183038,8.319914117015566,0.33548040794417605,3.4822866344605474,1.06682769726248,0.03354804079441761
187,47.34299516908212,11.520397208803006,17.317498658078367,10.493827160493828,8.407139023081053,0.33548040794417605,3.4822866344605474,1.06682769726248,0.03354804079441761
188,47.79253891572732,11.426462694578637,17.05582393988191,10.48040794417606,8.340042941492216,0.33548040794417605,3.4688674181427803,1.06682769726248,0.03354804079441761
189,48.268921095008054,11.41304347826087,16.794149221685455,10.399892646269459,8.219269994632313,0.33548040794417605,3.4688674181427803,1.06682769726248,0.03354804079441761
190,48.671497584541065,11.137949543746645,16.760601180891037,10.50053676865271,8.038110574342458,0.33548040794417605,3.455448201825013,1.06682769726248,0.03354804079441761
191,48.993558776167475,11.117820719269995,16.606280193236714,10.433440687063875,8.004562533548041,0.33548040794417605,3.4151905528717124,1.0601180891035964,0.03354804079441761
192,48.93317230273752,11.003757380568974,16.465378421900162,10.95679012345679,7.9106280193236715,0.322061191626409,3.33467525496511,1.0399892646269457,0.03354804079441761
193,49.16800858829844,10.970209339774557,16.324476650563607,10.916532474503489,7.897208803005904,0.322061191626409,3.3279656468062266,1.0399892646269457,0.03354804079441761
194,49.49677938808374,10.916532474503489,16.23054213633924,10.775630703166936,7.87037037037037,0.322061191626409,3.3145464304884595,1.0399892646269457,0.03354804079441761
195,49.97987117552335,10.896403650026839,16.11647879763822,10.507246376811594,7.87037037037037,0.322061191626409,3.2742887815351582,0.9997316156736447,0.03354804079441761
196,50.40257648953301,10.735373054213634,15.942028985507246,10.446859903381643,7.843531937734836,0.322061191626409,3.2742887815351582,0.9997316156736447,0.03354804079441761
197,50.637412775093935,10.661567364465915,15.888352120236178,10.359634997316157,7.843531937734836,0.322061191626409,3.2742887815351582,0.9796027911969941,0.03354804079441761
198,50.85212023617821,10.628019323671497,15.780998389694043,10.23215244229737,7.776435856146001,0.322061191626409,3.260869565217391,1.1137949543746646,0.03354804079441761
199,51.13392377885131,10.547504025764896,15.70048309178744,10.19189479334407,7.695920558239399,0.322061191626409,3.260869565217391,1.1137949543746646,0.03354804079441761
200,51.368760064412236,10.426731078904991,15.626677402039721,10.19189479334407,7.6556629092860975,0.322061191626409,3.260869565217391,1.1137949543746646,0.03354804079441761
201,51.41572732152442,10.420021470746109,15.727321524422974,10.111379495437467,7.64224369296833,0.322061191626409,3.2139023081052067,1.1137949543746646,0.03354804079441761
202,51.570048309178745,10.420021470746109,15.579710144927537,10.104669887278583,7.64224369296833,0.322061191626409,3.2139023081052067,1.1137949543746646,0.03354804079441761
203,51.99946323134729,10.272410091250672,15.411969940955448,10.044283413848632,7.601986044015029,0.322061191626409,3.2004830917874396,1.1137949543746646,0.03354804079441761
204,52.09339774557166,10.399892646269459,15.411969940955448,9.842995169082126,7.581857219538379,0.322061191626409,3.2004830917874396,1.1137949543746646,0.03354804079441761
205,52.301395598497045,10.339506172839506,15.318035426731079,9.829575952764358,7.541599570585078,0.322061191626409,3.2004830917874396,1.1137949543746646,0.03354804079441761
206,51.972624798711756,10.084541062801932,15.318035426731079,11.07085346215781,7.39398819108964,0.322061191626409,2.7979066022544283,1.0064412238325282,0.03354804079441761
207,52.42887815351583,9.98389694041868,15.183843263553408,11.064143853998926,7.212828770799785,0.322061191626409,2.7777777777777777,1.0064412238325282,0.020128824476650563
208,52.71739130434783,9.923510466988727,15.08990874932904,10.990338164251208,7.1725711218464845,0.3153515834675255,2.7777777777777777,0.9930220075147611,0.020128824476650563
209,53.0931293612453,9.883252818035427,15.03623188405797,10.82259796027912,7.071926999463232,0.3153515834675255,2.7777777777777777,0.9796027911969941,0.020128824476650563
210,53.35480407944176,9.789318303811058,14.855072463768115,10.735373054213634,7.071926999463232,0.3153515834675255,2.8784219001610305,0.9796027911969941,0.020128824476650563
211,53.31454643048846,9.588030059044552,14.834943639291465,10.721953837895867,7.071926999463232,0.3153515834675255,3.180354267310789,0.95276435856146,0.020128824476650563
212,53.76409017713365,9.473966720343531,14.680622651637144,10.68840579710145,6.9243156199677935,0.3153515834675255,3.180354267310789,0.95276435856146,0.020128824476650563
213,53.94524959742351,9.460547504025765,14.647074610842727,10.661567364465915,6.904186795491143,0.3153515834675255,3.113258185721954,0.9326355340848095,0.020128824476650563
214,54.28073000536769,9.346484165324744,14.640365002683843,10.648148148148149,6.877348362855609,0.2616747181964573,3.026033279656468,0.8990874932903918,0.020128824476650563
215,54.5625335480408,9.265968867418144,14.640365002683843,10.507246376811594,6.837090713902308,0.2616747181964573,3.0059044551798175,0.8990874932903918,0.020128824476650563
216,54.74369296833065,9.252549651100376,14.492753623188406,10.493827160493828,6.837090713902308,0.2616747181964573,2.999194847020934,0.8990874932903918,0.020128824476650563
217,55.05904455179817,9.192163177670425,14.465915190552872,10.36634460547504,6.776704240472356,0.2616747181964573,2.9924852388620504,0.8655394524959742,0.020128824476650563
218,55.2133655394525,9.185453569511541,14.331723027375201,10.312667740203972,6.749865807836822,0.2616747181964573,2.9052603327965647,1.0198604401502953,0.020128824476650563
219,55.414653784219,9.172034353193773,14.217659688674182,10.25228126677402,6.749865807836822,0.2616747181964573,2.8918411164787976,1.0198604401502953,0.020128824476650563
220,55.59581320450886,9.111647879763822,14.190821256038648,10.205314009661835,6.743156199677939,0.2616747181964573,2.8650026838432634,1.0064412238325282,0.020128824476650563
221,55.723295759527645,9.037842190016104,14.143853998926463,10.124798711755233,6.689479334406871,0.2616747181964573,2.9924852388620504,1.0064412238325282,0.020128824476650563
222,55.96484165324745,8.930488459473967,14.096886741814279,10.064412238325282,6.689479334406871,0.2616747181964573,2.965646806226516,1.0064412238325282,0.020128824476650563
223,56.28019323671498,8.849973161567364,13.989533011272142,10.00402576489533,6.655931293612453,0.2616747181964573,2.932098765432099,1.0064412238325282,0.020128824476650563
224,56.40096618357488,8.749329039184111,13.922436929683306,10.111379495437467,6.629092860976919,0.2549651100375738,2.9052603327965647,1.0064412238325282,0.020128824476650563
225,56.494900697799245,8.735909822866345,13.882179280730005,10.071121846484166,6.629092860976919,0.2549651100375738,2.9052603327965647,1.0064412238325282,0.020128824476650563
226,56.85050993022008,8.668813741277509,13.734567901234568,10.02415458937198,6.5485775630703165,0.2549651100375738,2.9052603327965647,0.9930220075147611,0.020128824476650563
227,57.15915190552872,8.641975308641975,13.667471819645733,9.91009125067096,6.468062265163715,0.2549651100375738,2.885131508319914,0.9930220075147611,0.020128824476650563
228,57.44095544820183,8.635265700483092,13.533279656468062,9.816156736446592,6.447933440687064,0.2549651100375738,2.885131508319914,0.966183574879227,0.020128824476650563
229,57.64224369296833,8.581588835212024,13.305152979066023,9.73564143853999,6.528448738593666,0.36902844873859364,2.8515834675254963,0.966183574879227,0.020128824476650563
230,57.83682232957595,8.581588835212024,13.231347289318304,9.695383789586689,6.461352657004831,0.36902844873859364,2.8381642512077296,0.966183574879227,0.020128824476650563
231,58.4272678475577,8.474235104669887,13.043478260869565,9.514224369296834,6.414385399892646,0.36902844873859364,2.771068169618894,0.966183574879227,0.020128824476650563
232,58.65539452495974,8.474235104669887,12.795222758990874,9.594739667203436,6.414385399892646,0.36902844873859364,2.7106816961889426,0.966183574879227,0.020128824476650563
233,58.13204508856683,8.427267847557703,12.157809983896941,10.829307568438002,6.414385399892646,0.36902844873859364,2.6838432635534084,0.966183574879227,0.020128824476650563
234,57.8569511540526,8.373590982286634,10.963499731615673,10.695115405260333,6.320450885668277,0.36231884057971014,4.455179817498658,0.95276435856146,0.020128824476650563
235,58.051529790660226,8.319914117015566,10.943370907139023,10.59447128287708,6.320450885668277,0.36231884057971014,4.435050993022007,0.95276435856146,0.020128824476650563
236,56.447933440687066,7.85024154589372,10.923242082662373,10.413311862587225,8.702361782071927,0.36231884057971014,4.3545356951154055,0.9259259259259259,0.020128824476650563
237,56.387546967257116,7.85024154589372,10.856146001073537,10.379763821792807,8.977455716586151,0.24825550187869028,4.3545356951154055,0.9259259259259259,0.020128824476650563
238,55.91787439613527,7.628824476650563,10.735373054213634,11.600912506709609,8.668813741277509,0.24825550187869028,4.260601180891036,0.9192163177670424,0.020128824476650563
239,56.38083735909823,7.555018786902845,10.601180891035963,11.446591519055287,8.568169618894256,0.24825550187869028,4.260601180891036,0.9192163177670424,0.020128824476650563
240,56.57541599570585,7.5348899624261945,10.547504025764896,11.366076221148685,8.541331186258722,0.24825550187869028,4.247181964573269,0.9192163177670424,0.020128824476650563
241,57.07192699946323,7.50805152979066,10.326086956521738,11.211755233494364,8.454106280193237,0.24825550187869028,4.247181964573269,0.9125067096081588,0.020128824476650563
242,57.347020933977454,7.481213097155126,10.225442834138486,11.137949543746645,8.447396672034353,0.24825550187869028,4.180085882984434,0.9125067096081588,0.020128824476650563
243,57.427536231884055,7.474503488996243,10.198604401502953,11.131239935587761,8.420558239398819,0.24825550187869028,4.166666666666667,0.9125067096081588,0.020128824476650563
244,57.21953837895867,7.434245840042942,10.171765968867419,11.594202898550725,8.152173913043478,0.24825550187869028,4.247181964573269,0.9125067096081588,0.020128824476650563
245,57.30005367686527,7.4141170155662905,10.171765968867419,11.520397208803006,8.165593129361245,0.24825550187869028,4.247181964573269,0.9125067096081588,0.020128824476650563
246,57.71604938271605,7.4141170155662905,10.138217928073,11.366076221148685,8.071658615136876,0.24825550187869028,4.139828234031133,0.8856682769726248,0.020128824476650563
247,57.96430488459474,7.4141170155662905,10.124798711755233,11.252012882447666,8.004562533548041,0.24825550187869028,4.086151368760064,0.8856682769726248,0.020128824476650563
248,58.19914117015566,7.340311325818572,10.050993022007514,11.198336017176597,8.004562533548041,0.24825550187869028,4.052603327965647,0.8856682769726248,0.020128824476650563
249,58.21256038647343,7.286634460547504,10.030864197530864,11.453301127214171,7.890499194847021,0.24825550187869028,3.9720880300590444,0.8856682769726248,0.020128824476650563
250,58.4272678475577,7.25979602791197,9.957058507783145,11.386205045625335,7.877079978529254,0.24825550187869028,3.9452495974235107,0.8789586688137413,0.020128824476650563
251,58.64868491680086,7.192699946323135,9.88996242619431,11.292270531400966,7.843531937734836,0.20799785292538917,4.05931293612453,0.8454106280193237,0.020128824476650563
252,58.89694041867955,7.192699946323135,9.73564143853999,11.272141706924316,7.816693505099302,0.20799785292538917,4.012345679012346,0.8454106280193237,0.020128824476650563
253,57.991143317230275,7.159151905528717,9.265968867418144,11.16478797638218,9.333064949006978,0.20799785292538917,4.012345679012346,0.8454106280193237,0.020128824476650563
254,56.937734836285564,7.139023081052066,8.977455716586151,11.044015029522276,10.923242082662373,0.16774020397208803,3.9452495974235107,0.8454106280193237,0.020128824476650563
255,57.306763285024154,7.065217391304348,8.93719806763285,10.889694041867955,10.82259796027912,0.16774020397208803,3.9452495974235107,0.8454106280193237,0.020128824476650563
256,57.54159957058508,7.0450885668276975,8.910359634997317,10.82259796027912,10.701825013419215,0.16774020397208803,3.9452495974235107,0.8454106280193237,0.020128824476650563
257,57.72275899087493,6.991411701556629,8.910359634997317,10.768921095008052,10.648148148148149,0.16774020397208803,3.92512077294686,0.8454106280193237,0.020128824476650563
258,57.98443370907139,6.971282877079979,8.863392377885132,10.7085346215781,10.547504025764896,0.16774020397208803,3.8915727321524423,0.8454106280193237,0.020128824476650563
