,45,50,55,52,53,54,51,56,57,60,58
0,94.10225442834138,5.897745571658615,,,,,,,,,
1,90.78770799785292,9.212292002147075,,,,,,,,,
2,90.17042404723564,9.829575952764358,,,,,,,,,
3,89.87520128824477,10.057702630166398,0.06709608158883522,,,,,,,,
4,89.87520128824477,10.057702630166398,0.06709608158883522,,,,,,,,
5,82.19269994632313,17.74020397208803,0.06709608158883522,,,,,,,,
6,81.3539989264627,18.57890499194847,0.06709608158883522,,,,,,,,
7,77.33494363929147,22.5979602791197,0.06709608158883522,,,,,,,,
8,77.30139559849705,22.63150831991412,0.06709608158883522,,,,,,,,
9,76.85185185185185,22.27589908749329,0.06709608158883522,0.8051529790660226,,,,,,,
10,76.17418142780461,22.953569511540525,0.06709608158883522,0.8051529790660226,,,,,,,
11,76.20101986044016,22.624798711755233,0.06709608158883522,1.107085346215781,,,,,,,
12,75.68438003220612,22.63150831991412,0.06709608158883522,1.6170155662909287,,,,,,,
13,73.43666129898014,24.879227053140095,0.06709608158883522,1.6170155662909287,,,,,,,
14,72.59125067096082,25.72463768115942,0.06709608158883522,1.6170155662909287,,,,,,,
15,72.4771873322598,25.83870101986044,0.06709608158883522,1.6170155662909287,,,,,,,
16,72.5577026301664,25.523349436392916,0.06709608158883522,1.6170155662909287,0.0939345142243693,0.14090177133655393,,,,,
17,71.79951690821257,26.281535158346752,0.06709608158883522,1.6170155662909287,0.0939345142243693,0.14090177133655393,,,,,
18,71.67874396135265,25.308641975308642,0.06709608158883522,1.4626945786366077,1.1473429951690821,0.05367686527106817,0.28180354267310787,,,,
19,71.67874396135265,25.194578636607623,0.15432098765432098,1.4895330112721417,1.1473429951690821,0.05367686527106817,0.28180354267310787,,,,
20,70.9272678475577,23.98684916800859,0.15432098765432098,1.4559849704777241,1.1473429951690821,0.05367686527106817,2.2745571658615136,,,,
21,70.83333333333333,24.08078368223296,0.15432098765432098,1.4559849704777241,1.1473429951690821,0.05367686527106817,2.2745571658615136,,,,
22,70.86688137412776,24.053945249597422,0.15432098765432098,1.4559849704777241,1.1473429951690821,0.05367686527106817,2.26784755770263,,,,
23,70.45088566827697,24.382716049382715,0.24154589371980675,1.4559849704777241,1.1473429951690821,0.05367686527106817,2.26784755770263,,,,
24,70.29656468062265,24.516908212560388,0.24154589371980675,1.328502415458937,1.2949543746645196,0.05367686527106817,2.26784755770263,,,,
25,70.30998389694042,24.496779388083738,0.24154589371980675,1.3687600644122384,1.2681159420289856,0.04696725711218465,2.26784755770263,,,,
26,70.26301663982824,24.550456253354803,0.24154589371980675,1.3687600644122384,1.2681159420289856,0.04696725711218465,2.2611379495437465,,,,
27,70.16908212560386,24.59742351046699,0.24154589371980675,1.3687600644122384,1.2681159420289856,0.0939345142243693,2.2611379495437465,,,,
28,70.18921095008052,24.510198604401502,0.24154589371980675,1.3687600644122384,1.2681159420289856,0.0939345142243693,2.328234031132582,,,,
29,69.41760601180891,24.67793880837359,0.24154589371980675,1.3687600644122384,1.2681159420289856,0.0939345142243693,2.932098765432099,,,,
30,68.80032206119162,24.9597423510467,0.24154589371980675,1.3687600644122384,1.2681159420289856,0.0939345142243693,3.2675791733762747,,,,
31,67.70665593129361,26.053408480944714,0.24154589371980675,1.3687600644122384,1.2681159420289856,0.0939345142243693,3.2675791733762747,,,,
32,65.60654857756307,23.617820719269993,0.24154589371980675,1.3687600644122384,1.2681159420289856,0.47638217928073,7.4208266237251745,,,,
33,65.15029522275898,24.00697799248524,0.24154589371980675,1.4492753623188406,1.2681159420289856,0.47638217928073,7.407407407407407,,,,
34,54.57595276435856,34.4873859366613,0.24154589371980675,1.4492753623188406,1.1540526033279657,0.6977992485238862,7.39398819108964,,,,
35,54.549114331723025,34.286097691894796,0.24154589371980675,1.5633387010198605,1.0869565217391304,0.8789586688137413,7.39398819108964,,,,
36,54.43505099302201,34.27938808373591,0.24154589371980675,1.8183038110574343,1.0869565217391304,0.8722490606548577,7.266505636070853,,,,
37,54.099570585077835,34.33977455716586,0.24154589371980675,1.8183038110574343,1.0869565217391304,1.1607622114868492,7.253086419753086,,,,
38,52.07326892109501,36.574074074074076,0.24154589371980675,1.6505636070853462,1.0735373054213635,1.3083735909822867,7.078636607622115,,,,
39,52.22758990874933,35.72195383789587,0.24154589371980675,2.328234031132582,1.1876006441223832,1.3083735909822867,6.984702093397746,,,,
40,51.918947933440684,32.00483091787439,0.24154589371980675,5.059044551798175,1.0466988727858293,1.3083735909822867,8.420558239398819,,,,
41,51.939076757917334,31.80354267310789,0.24154589371980675,5.059044551798175,0.9863123993558777,1.3083735909822867,8.662104133118627,,,,
42,51.63714439076758,31.702898550724637,0.3488996242619431,5.059044551798175,0.9863123993558777,1.2144390767579174,9.05126140633387,,,,
43,51.469404186795494,31.682769726247987,0.3488996242619431,5.300590445517981,1.1876006441223832,1.2144390767579174,8.796296296296296,,,,
44,51.29495437466452,31.924315619967793,0.3488996242619431,5.233494363929147,1.1876006441223832,1.2144390767579174,8.796296296296296,,,,
45,44.32367149758454,41.56602254428341,0.24154589371980675,4.958400429414922,0.14761137949543746,0.7917337627482555,7.971014492753623,,,,
46,44.18276972624799,41.55931293612453,0.24154589371980675,4.958400429414922,0.14761137949543746,0.7783145464304885,8.132045088566828,,,,
47,41.91492216854536,37.30542136339238,0.24154589371980675,4.146537842190016,0.14761137949543746,0.5904455179817498,15.653515834675256,,,,
48,41.94176060118089,36.8894256575416,0.630703166935051,4.146537842190016,0.14761137949543746,0.5904455179817498,15.653515834675256,,,,
49,42.11621041331186,36.85587761674718,0.630703166935051,4.092860976918948,0.14761137949543746,0.5904455179817498,15.566290928609769,,,,
50,41.99543746645196,36.7686527106817,0.8521202361782072,4.079441760601181,0.14761137949543746,0.5904455179817498,15.566290928609769,,,,
51,42.1430488459474,36.500268384326354,0.8521202361782072,4.012345679012346,0.4227053140096618,0.5904455179817498,15.479066022544284,,,,
52,41.02254428341385,36.574074074074076,1.1808910359634996,3.978797638217928,0.4227053140096618,0.5904455179817498,16.23054213633924,,,,
53,40.425389157273216,36.05072463768116,1.1808910359634996,5.159688674181428,0.4227053140096618,0.5904455179817498,16.170155662909288,,,,
54,40.4723564143854,35.65485775630703,1.1808910359634996,5.159688674181428,0.7783145464304885,0.5904455179817498,16.163446054750402,,,,
55,40.01610305958132,36.28556092324208,1.0735373054213635,4.931561996779388,0.7716049382716049,0.8655394524959742,16.056092324208265,,,,
56,39.761137949543745,36.151368760064415,1.0735373054213635,4.757112184648417,0.7716049382716049,0.8655394524959742,16.61969940955448,,,,
57,39.40552871712292,36.54723564143854,1.2010198604401503,4.757112184648417,0.7716049382716049,0.8655394524959742,16.451959205582394,,,,
58,39.60010735373054,36.198336017176594,1.2010198604401503,4.797369833601718,0.7716049382716049,0.8387010198604401,16.59286097691895,,,,
59,39.861782071927,36.07756307031669,1.2010198604401503,4.7638217928073,0.7716049382716049,0.8387010198604401,16.485507246376812,,,,
60,39.660493827160494,35.487117552334944,1.2010198604401503,5.501878690284487,0.7648953301127214,0.8387010198604401,16.438539989264626,0.10735373054213634,,,
61,39.46591519055287,35.64143853998927,1.2010198604401503,5.488459473966721,0.7648953301127214,0.8387010198604401,16.492216854535695,0.10735373054213634,,,
62,39.398819108964034,35.54079441760601,1.3821792807300053,5.488459473966721,0.7648953301127214,0.8387010198604401,16.478797638217927,0.10735373054213634,,,
63,39.50617283950617,35.54079441760601,1.3821792807300053,5.595813204508857,0.7648953301127214,0.8387010198604401,16.264090177133657,0.10735373054213634,,,
64,39.62694578636608,35.47369833601718,1.3553408480944713,5.595813204508857,0.7648953301127214,0.9728931830381106,16.10305958132045,0.10735373054213634,,,
65,39.76784755770263,35.36634460547504,1.3553408480944713,5.595813204508857,0.7313472893183038,0.9728931830381106,16.10305958132045,0.10735373054213634,,,
66,39.95571658615137,35.02415458937198,1.3553408480944713,5.46833064949007,0.8722490606548577,0.9728931830381106,16.243961352657006,0.10735373054213634,,,
67,40.09661835748792,34.6081588835212,1.4895330112721417,5.709876543209877,0.8118625872249061,0.9728931830381106,16.203703703703702,0.10735373054213634,,,
68,40.24422973698336,34.46054750402576,1.4895330112721417,5.636070853462158,0.8118625872249061,1.1003757380568975,16.150026838432634,0.10735373054213634,,,
69,40.37842190016103,34.33977455716586,1.4895330112721417,5.636070853462158,0.8118625872249061,1.1003757380568975,16.13660762211487,0.10735373054213634,,,
70,40.485775630703166,33.97074610842727,1.4895330112721417,5.924584004294149,0.8118625872249061,1.1003757380568975,16.109769189479334,0.10735373054213634,,,
71,39.80810520665593,32.830112721417066,1.4895330112721417,7.105475040257649,0.8118625872249061,1.4358561460010735,16.411701556629094,0.10735373054213634,,,
72,39.60681696188943,32.1658615136876,1.5767579173376274,5.669618894256575,0.8118625872249061,1.3486312399355878,18.71309715512614,0.10735373054213634,,,
73,39.801395598497045,31.374127750939344,1.5767579173376274,6.790123456790123,0.8856682769726248,1.2278582930756843,18.23671497584541,0.10735373054213634,,,
74,39.48604401502952,30.837359098228664,1.5767579173376274,6.756575415995706,1.0332796564680622,1.2278582930756843,18.9747718733226,0.10735373054213634,,,
75,39.51959205582394,30.877616747181964,1.5767579173376274,6.756575415995706,1.0332796564680622,1.2278582930756843,18.90096618357488,0.10735373054213634,,,
76,39.53972088030059,30.347557702630166,2.301395598497048,6.756575415995706,1.0332796564680622,1.2278582930756843,18.686258722490606,0.10735373054213634,,,
77,39.67391304347826,30.273752012882447,2.301395598497048,6.743156199677939,0.9997316156736447,1.3217928073000538,18.57890499194847,0.10735373054213634,,,
78,39.720880300590444,30.173107890499196,2.6033279656468062,6.716317767042405,0.9997316156736447,1.3217928073000538,18.357487922705314,0.10735373054213634,,,
79,37.72141706924316,34.48067632850242,2.6033279656468062,6.4345142243692965,0.9997316156736447,1.3083735909822867,16.344605475040257,0.10735373054213634,,,
80,37.6610305958132,34.54106280193237,2.6033279656468062,6.4345142243692965,0.9997316156736447,1.3083735909822867,16.344605475040257,0.10735373054213634,,,
81,37.60064412238325,34.68196457326892,2.6033279656468062,6.353998926462695,0.9997316156736447,1.3083735909822867,16.344605475040257,0.10735373054213634,,,
82,38.0703166935051,34.0378421900161,2.5295222758990876,6.353998926462695,1.3016639828234031,1.2949543746645196,16.304347826086957,0.10735373054213634,,,
83,38.197799248523886,33.883521202361784,2.6435856146001075,6.353998926462695,1.3016639828234031,1.2949543746645196,16.21712292002147,0.10735373054213634,,,
84,36.43317230273752,35.970209339774556,2.6435856146001075,6.233225979602791,1.3016639828234031,1.2949543746645196,16.015834675254965,0.10735373054213634,,,
85,36.66800858829844,35.648148148148145,2.7777777777777777,6.233225979602791,1.3016639828234031,1.2949543746645196,15.96886741814278,0.10735373054213634,,,
86,35.178475577026305,37.466451959205585,2.7241009125067097,6.025228126677402,1.3687600644122384,1.288244766505636,15.841384863123993,0.10735373054213634,,,
87,35.06441223832528,36.4398819108964,2.6704240472356413,5.991680085882985,1.3687600644122384,2.5295222758990876,15.827965646806227,0.10735373054213634,,,
88,35.32608695652174,36.25872249060655,2.6704240472356413,5.924584004294149,1.3687600644122384,2.5295222758990876,15.814546430488459,0.10735373054213634,,,
89,35.39989264626946,36.20504562533548,2.6704240472356413,5.924584004294149,1.3419216317767042,2.5295222758990876,15.821256038647343,0.10735373054213634,,,
90,35.68840579710145,36.090982286634464,2.6704240472356413,5.891035963499732,1.3419216317767042,2.5295222758990876,15.68035426731079,0.10735373054213634,,,
91,35.809178743961354,35.91653247450349,2.6637144390767578,5.891035963499732,1.3419216317767042,2.791196994095545,15.479066022544284,0.10735373054213634,,,
92,36.09769189479334,35.78234031132582,2.636876006441224,5.790391841116479,1.4224369296833066,2.791196994095545,15.371712292002147,0.10735373054213634,,,
93,35.57434245840043,36.12453032742888,2.623456790123457,5.790391841116479,1.8786902844873858,2.5429414922168547,15.35829307568438,0.10735373054213634,,,
94,34.836285560923244,36.922973698336016,2.623456790123457,5.750134192163178,1.8786902844873858,2.5429414922168547,15.33816425120773,0.10735373054213634,,,
95,34.96376811594203,36.87600644122383,2.563070316693505,5.662909286097692,1.8786902844873858,2.5429414922168547,15.324745034889963,0.1878690284487386,,,
96,34.997316156736446,36.71497584541063,2.368491680085883,5.662909286097692,1.9994632313472893,2.985775630703167,15.083199141170155,0.1878690284487386,,,
97,35.10466988727858,36.60762211486849,2.254428341384863,5.649490069779925,1.9994632313472893,3.374932903918411,14.821524422973699,0.1878690284487386,,,
98,35.01073537305421,36.40633387010199,2.49597423510467,5.642780461621041,1.9994632313472893,3.5091250670960816,14.74771873322598,0.1878690284487386,,,
99,35.23215244229737,36.39291465378422,2.49597423510467,5.636070853462158,1.9726247987117553,3.4957058507783145,14.586688137412775,0.1878690284487386,,,
100,35.35292538915727,36.38620504562534,2.49597423510467,5.4549114331723025,1.9726247987117553,3.4957058507783145,14.586688137412775,0.2549651100375738,,,
101,35.648148148148145,35.90311325818572,2.49597423510467,5.750134192163178,1.9726247987117553,3.4957058507783145,14.486044015029522,0.24825550187869028,,,
102,35.507246376811594,35.98362855609233,2.4892646269457863,5.656199677938808,1.9726247987117553,3.7037037037037037,14.439076757917338,0.24825550187869028,,,
103,35.39318303811057,35.83601717659689,2.4892646269457863,5.629361245303274,1.9726247987117553,3.844605475040258,14.586688137412775,0.24825550187869028,,,
104,35.487117552334944,35.08454106280193,2.4825550187869028,5.629361245303274,1.90552871712292,3.730542136339238,15.432098765432098,0.24825550187869028,,,
105,35.37305421363392,35.03086419753087,2.4825550187869028,5.515297906602254,1.90552871712292,3.730542136339238,15.633387010198604,0.32877079978529256,,,
106,34.84299516908212,34.514224369296834,2.4825550187869028,6.494900697799249,1.9592055823939882,3.7775093934514223,15.599838969404187,0.32877079978529256,,,
107,34.95034889962426,33.803005904455176,2.5697799248523885,6.454643048845948,1.9592055823939882,4.49543746645196,15.438808373590982,0.32877079978529256,,,
108,32.88378958668814,30.897745571658614,1.8250134192163177,6.300322061191626,1.7444981213097155,4.079441760601181,21.79951690821256,0.46967257112184646,,,
109,31.82367149758454,29.11969940955448,1.7713365539452497,6.239935587761675,1.7444981213097155,3.824476650563607,25.006709608158882,0.46967257112184646,,,
110,30.56226516371444,29.891304347826086,2.1269457863660763,6.099033816425121,3.1602254428341383,3.6634460547504024,24.02710681696189,0.46967257112184646,,,
111,31.04535695115405,29.696725711218466,2.1269457863660763,6.085614600107354,3.1602254428341383,3.6634460547504024,23.772141706924316,0.4495437466451959,,,
112,30.83064949006978,29.87788513150832,2.1269457863660763,6.018518518518518,3.260869565217391,3.6366076221148687,23.47691894793344,0.7716049382716049,,,
113,30.159688674181428,30.770263016639827,2.1269457863660763,5.709876543209877,3.0931293612453032,3.629898013955985,23.450080515297905,0.7716049382716049,0.2885131508319914,,
114,29.723564143854,30.17981749865808,2.1135265700483092,6.6827697262479875,3.280998389694042,3.629898013955985,23.336017176596886,0.7648953301127214,0.2885131508319914,,
115,29.998658078368223,30.173107890499196,2.0531400966183573,6.6827697262479875,3.193773483628556,3.6231884057971016,23.221953837895867,0.7648953301127214,0.2885131508319914,,
116,30.12614063338701,29.857756307031668,1.9524959742351047,6.796833064949007,3.193773483628556,3.743961352657005,23.275630703166936,0.7648953301127214,0.2885131508319914,,
117,30.20665593129361,29.837627482555018,1.9524959742351047,6.796833064949007,3.180354267310789,3.743961352657005,23.22866344605475,0.7648953301127214,0.2885131508319914,,
118,30.22007514761138,29.528985507246375,1.9122383252818036,6.736446591519055,3.8177670424047236,3.743961352657005,22.987117552334944,0.7648953301127214,0.2885131508319914,,
119,30.300590445517983,29.367954911433173,1.9122383252818036,6.635802469135802,3.978797638217928,3.717122920021471,23.03408480944713,0.7648953301127214,0.2885131508319914,,
120,30.314009661835748,29.280730005367687,1.9122383252818036,6.635802469135802,3.9989264626945786,3.7775093934514223,23.027375201288244,0.7648953301127214,0.2885131508319914,,
121,30.52871712292002,28.61647879763822,1.9122383252818036,6.4412238325281805,3.9989264626945786,3.7775093934514223,23.55072463768116,0.8856682769726248,0.2885131508319914,,
122,30.54213633923779,28.549382716049383,1.9122383252818036,6.4412238325281805,3.9989264626945786,3.7640901771336552,23.617820719269993,0.8856682769726248,0.2885131508319914,,
123,30.56226516371444,28.5426731078905,1.9122383252818036,6.4412238325281805,3.9989264626945786,3.7640901771336552,23.60440150295223,0.8856682769726248,0.2885131508319914,,
124,30.64278046162104,28.26086956521739,1.892109500805153,6.662640901771336,3.9989264626945786,3.750670960815888,23.617820719269993,0.8856682769726248,0.2885131508319914,,
125,30.401234567901234,27.979066022544284,1.892109500805153,6.635802469135802,5.179817498658078,3.7037037037037037,23.03408480944713,0.8856682769726248,0.2885131508319914,,
126,29.488727858293075,28.099838969404185,1.892109500805153,6.588835212023618,4.85775630703167,3.683574879227053,24.214975845410628,0.8856682769726248,0.2885131508319914,,
127,29.656468062265162,27.95222758990875,1.892109500805153,6.588835212023618,4.85775630703167,3.6768652710681695,24.10091250670961,0.9863123993558777,0.2885131508319914,,
128,20.242887815351583,47.195383789586685,1.3150831991411702,5.488459473966721,4.052603327965647,1.8451422436929683,19.196188942565755,0.6642512077294686,,,
129,19.880568974771872,47.57783145464305,1.3150831991411702,5.609232420826624,4.052603327965647,1.8451422436929683,19.0552871712292,0.6642512077294686,,,
130,20.088566827697264,47.36312399355877,1.3955984970477724,5.736714975845411,3.9855072463768115,1.8384326355340848,18.927804616210413,0.6642512077294686,,,
131,20.095276435856146,47.20209339774557,1.5499194847020934,5.736714975845411,3.9855072463768115,1.8384326355340848,18.927804616210413,0.6642512077294686,,,
132,20.2361782071927,47.1081588835212,1.6170155662909287,5.703166935050993,3.9452495974235107,1.8384326355340848,18.887546967257112,0.6642512077294686,,,
133,20.46430488459474,46.752549651100374,1.6170155662909287,5.703166935050993,3.9452495974235107,2.01959205582394,18.833870101986044,0.6642512077294686,,,
134,20.74610842726785,46.47745571658615,1.596886741814278,5.58239398819109,4.05931293612453,1.9927536231884058,18.98148148148148,0.5636070853462157,,,
135,20.799785292538918,46.182232957595275,1.596886741814278,5.877616747181965,4.05931293612453,1.9927536231884058,18.927804616210413,0.5636070853462157,,,
136,20.90042941492217,45.967525496511,1.596886741814278,6.0654857756307035,4.032474503488996,1.9927536231884058,18.88083735909823,0.5636070853462157,,,
137,20.994363929146537,45.9272678475577,1.596886741814278,6.031937734836285,4.012345679012346,1.9793344068706387,18.894256575415994,0.5636070853462157,,,
138,21.175523349436393,45.63204508856683,1.596886741814278,6.031937734836285,4.17337627482555,1.9726247987117553,18.853998926462694,0.5636070853462157,,,
139,21.35668276972625,45.471014492753625,1.596886741814278,6.246645195920558,4.1129898013955986,1.9726247987117553,18.679549114331724,0.5636070853462157,,,
140,21.611647879763822,45.410628019323674,1.596886741814278,6.219806763285024,4.086151368760064,1.9457863660762211,18.5654857756307,0.5636070853462157,,,
141,21.464036500268385,45.3972088030059,1.596886741814278,6.092324208266238,3.535963499731616,2.100107353730542,19.249865807836823,0.5636070853462157,,,
142,21.71900161030596,45.229468599033815,1.596886741814278,5.991680085882985,3.515834675254965,2.100107353730542,19.122383252818036,0.7246376811594203,,,
143,21.906870638754697,44.847020933977454,1.9390767579173376,6.045356951154052,3.515834675254965,2.086688137412775,18.9345142243693,0.7246376811594203,,,
144,21.772678475577028,45.04830917874396,1.9390767579173376,6.045356951154052,3.408480944712829,2.4221685453569513,18.726516371443907,0.6374127750939346,,,
145,21.880032206119164,44.98792270531401,1.9256575415995705,6.031937734836285,3.408480944712829,2.4020397208803006,18.726516371443907,0.6374127750939346,,,
146,22.477187332259795,44.43102522812668,2.1068169618894257,6.018518518518518,3.374932903918411,2.4020397208803006,18.55877616747182,0.630703166935051,,,
147,22.584541062801932,44.236446591519055,2.1068169618894257,5.931293612453032,3.3279656468062266,2.4020397208803006,18.780193236714975,0.630703166935051,,,
148,22.745571658615138,43.88083735909823,2.2879763821792807,5.971551261406334,3.3279656468062266,2.4020397208803006,18.753354804079443,0.630703166935051,,,
149,22.899892646269457,43.70638754696726,2.4020397208803006,5.9447128287707995,3.307836822329576,2.395330112721417,18.71309715512614,0.630703166935051,,,
150,22.973698336017176,43.45813204508857,2.576489533011272,5.9447128287707995,3.307836822329576,2.395330112721417,18.71309715512614,0.630703166935051,,,
151,22.65163714439077,43.666129898013956,2.576489533011272,6.099033816425121,3.307836822329576,2.395330112721417,18.67283950617284,0.630703166935051,,,
152,22.779119699409556,43.53193773483628,2.6502952227589907,6.085614600107354,3.307836822329576,2.395330112721417,18.61916264090177,0.630703166935051,,,
153,22.73215244229737,43.49838969404187,2.6502952227589907,7.2933440687063875,3.475577026301664,2.2410091250670963,17.317498658078367,0.7917337627482555,,,
154,22.544283413848632,41.83440687063875,4.502147074610843,7.2933440687063875,3.475577026301664,2.2410091250670963,17.317498658078367,0.7917337627482555,,,
155,22.591250670960815,41.46537842190016,4.864465915190553,7.2933440687063875,3.475577026301664,2.3215244229736984,17.20343531937735,0.785024154589372,,,
156,22.65163714439077,41.44524959742351,4.864465915190553,7.2933440687063875,3.475577026301664,2.3215244229736984,17.163177670424048,0.785024154589372,,,
157,22.725442834138487,41.337895866881375,4.864465915190553,7.50805152979066,3.475577026301664,2.254428341384863,17.04911433172303,0.785024154589372,,,
158,22.953569511540525,40.74074074074074,5.139559849704777,7.461084272678476,3.7573805689747717,2.2074610842726785,16.955179817498657,0.785024154589372,,,
159,23.597691894793343,40.425389157273216,5.032206119162641,7.387278582930757,3.750670960815888,2.328234031132582,16.6935050993022,0.785024154589372,,,
160,22.832796564680624,39.67391304347826,4.951690821256038,7.065217391304348,3.743961352657005,2.4355877616747184,18.511808910359633,0.785024154589372,,,
161,23.087761674718198,39.49946323134729,4.911433172302737,7.159151905528717,3.7238325281803544,2.4355877616747184,18.397745571658614,0.785024154589372,,,
162,23.517176596886742,39.25791733762748,4.99194847020934,7.092055823939882,3.69699409554482,2.4355877616747184,18.223295759527645,0.785024154589372,,,
163,23.718464841653248,38.788244766505635,5.367686527106817,7.018250134192163,3.6366076221148687,2.4355877616747184,18.156199677938808,0.8789586688137413,,,
164,23.772141706924316,37.82877079978529,6.407675791733762,7.018250134192163,3.6366076221148687,2.5966183574879227,17.860976918947934,0.8789586688137413,,,
165,23.832528180354267,37.815351583467525,6.293612453032743,6.971282877079979,3.6366076221148687,2.5966183574879227,17.860976918947934,0.8789586688137413,0.11406333870101985,,
166,23.711755233494365,37.714707461084274,6.508319914117015,6.971282877079979,3.569511540526033,2.576489533011272,17.954911433172303,0.8789586688137413,0.11406333870101985,,
167,23.752012882447666,37.60735373054214,6.6827697262479875,6.971282877079979,3.569511540526033,2.4490069779924855,17.834138486312398,0.8789586688137413,0.11406333870101985,0.14090177133655393,
168,23.872785829307567,37.31213097155126,6.89747718733226,6.971282877079979,3.549382716049383,2.428878153515835,17.834138486312398,0.8789586688137413,0.11406333870101985,0.14090177133655393,
169,24.114331723027377,36.963231347289316,6.991411701556629,6.776704240472356,3.784219001610306,2.4154589371980677,17.820719269994633,0.8789586688137413,0.11406333870101985,0.14090177133655393,
170,24.54374664519592,36.36607622114869,7.306763285024155,6.66935050993022,3.743961352657005,2.4154589371980677,17.820719269994633,0.8789586688137413,0.11406333870101985,0.14090177133655393,
171,24.63768115942029,35.909822866344605,7.212828770799785,6.66935050993022,3.743961352657005,2.5831991411701556,18.115942028985508,0.8722490606548577,0.11406333870101985,0.14090177133655393,
172,24.738325281803544,35.89640365002684,7.185990338164252,6.608964036500268,3.743961352657005,2.5831991411701556,18.115942028985508,0.8722490606548577,0.11406333870101985,0.14090177133655393,
173,24.912775093934513,35.34621578099839,7.105475040257649,7.340311325818572,3.743961352657005,2.5429414922168547,17.881105743424584,0.8722490606548577,0.11406333870101985,0.14090177133655393,
174,25.02012882447665,35.28582930756844,7.105475040257649,7.306763285024155,3.743961352657005,2.5429414922168547,17.867686527106816,0.8722490606548577,0.11406333870101985,0.14090177133655393,
175,25.033548040794418,35.07112184648417,7.192699946323135,7.427536231884058,3.743961352657005,2.5429414922168547,17.860976918947934,0.8722490606548577,0.11406333870101985,0.14090177133655393,
176,25.10064412238325,34.78931830381106,7.367149758454106,7.353730542136339,3.8580246913580245,2.5429414922168547,17.860976918947934,0.8722490606548577,0.11406333870101985,0.14090177133655393,
177,25.161030595813205,34.58132045088567,7.300053676865271,7.353730542136339,4.05931293612453,2.5966183574879227,17.847557702630166,0.8722490606548577,0.08722490606548577,0.14090177133655393,
178,25.44283413848631,34.45383789586688,7.300053676865271,7.320182501341922,4.05931293612453,2.5966183574879227,17.726784755770264,0.8722490606548577,0.08722490606548577,0.14090177133655393,
179,25.603864734299517,34.35990338164251,7.273215244229737,7.300053676865271,4.05931293612453,2.5966183574879227,17.70665593129361,0.8722490606548577,0.08722490606548577,0.14090177133655393,
180,25.691089640365004,34.326355340848096,7.273215244229737,7.27992485238862,4.166666666666667,2.49597423510467,17.66639828234031,0.8722490606548577,0.08722490606548577,0.14090177133655393,
181,22.007514761137948,25.999731615673646,6.132581857219538,14.801395598497047,2.8650026838432634,1.5767579173376274,25.335480407944175,1.0534084809447128,0.08722490606548577,0.14090177133655393,
182,22.134997316156735,25.959473966720342,6.132581857219538,14.667203435319378,2.985775630703167,1.5432098765432098,25.181159420289855,1.0332796564680622,0.2214170692431562,0.14090177133655393,
183,22.262479871175522,25.959473966720342,6.132581857219538,14.667203435319378,2.9589371980676327,1.5432098765432098,25.0805152979066,1.0332796564680622,0.2214170692431562,0.14090177133655393,
184,22.20209339774557,25.462962962962962,5.891035963499732,14.667203435319378,2.932098765432099,2.5026838432635534,24.94632313472893,1.0332796564680622,0.2214170692431562,0.14090177133655393,
185,22.423510466988727,25.42270531400966,5.904455179817498,14.586688137412775,2.932098765432099,2.4355877616747184,24.818840579710145,1.0332796564680622,0.30193236714975846,0.14090177133655393,
186,22.65834675254965,25.42270531400966,5.904455179817498,14.600107353730541,2.932098765432099,2.4221685453569513,24.58400429414922,1.0332796564680622,0.30193236714975846,0.14090177133655393,
187,22.913311862587225,25.301932367149757,5.904455179817498,14.600107353730541,2.898550724637681,2.4221685453569513,24.48336017176597,1.0332796564680622,0.30193236714975846,0.14090177133655393,
188,23.1682769726248,24.986580783682232,5.904455179817498,14.55984970477724,2.898550724637681,2.4221685453569513,24.58400429414922,1.0332796564680622,0.30193236714975846,0.14090177133655393,
189,22.5979602791197,24.59742351046699,6.172839506172839,14.284755770263017,3.0059044551798175,2.395330112721417,25.53676865271068,1.0064412238325282,0.2616747181964573,0.14090177133655393,
190,22.82608695652174,24.3894256575416,6.266774020397209,14.251207729468598,3.180354267310789,2.395330112721417,25.281803542673106,1.0064412238325282,0.2616747181964573,0.14090177133655393,
191,22.993827160493826,24.382716049382715,6.266774020397209,14.237788513150832,3.180354267310789,2.38191089640365,25.147611379495437,1.0064412238325282,0.2616747181964573,0.14090177133655393,
192,23.121309715512613,24.255233494363928,6.387546967257112,14.217659688674182,3.1602254428341383,2.38191089640365,25.067096081588836,1.0064412238325282,0.2616747181964573,0.14090177133655393,
193,23.523886205045624,23.993558776167472,6.635802469135802,13.976113794954374,3.1602254428341383,2.4355877616747184,24.86580783682233,1.0064412238325282,0.2616747181964573,0.14090177133655393,
194,23.691626409017715,23.758722490606548,6.850509930220075,13.922436929683306,3.1602254428341383,2.4355877616747184,24.771873322597962,1.0064412238325282,0.2616747181964573,0.14090177133655393,
195,23.63123993558776,23.67149758454106,6.776704240472356,13.875469672571121,3.294417606011809,2.4154589371980677,24.771873322597962,1.0064412238325282,0.41599570585077833,0.14090177133655393,
196,23.772141706924316,23.63123993558776,6.709608158883521,13.875469672571121,3.3682232957595275,2.4154589371980677,24.52361782071927,1.1473429951690821,0.41599570585077833,0.14090177133655393,
197,23.960010735373054,23.443370907139023,6.9310252281266775,13.848631239935587,3.3682232957595275,2.3886205045625335,24.355877616747183,1.1473429951690821,0.41599570585077833,0.14090177133655393,
198,24.154589371980677,23.43666129898014,6.904186795491143,13.848631239935587,3.3682232957595275,2.3752012882447664,24.208266237251745,1.1473429951690821,0.41599570585077833,0.14090177133655393,
199,24.10762211486849,23.181696188942567,7.004830917874396,13.546698872785829,3.2541599570585076,2.3752012882447664,24.825550187869027,1.1473429951690821,0.41599570585077833,0.14090177133655393,
200,24.248523886205046,23.10789049919485,6.971282877079979,13.519860440150294,3.294417606011809,2.3752012882447664,24.778582930756844,1.1473429951690821,0.41599570585077833,0.14090177133655393,
201,24.094202898550726,22.973698336017176,7.199409554482019,13.298443370907139,3.4286097691894795,2.3752012882447664,24.92619431025228,1.1473429951690821,0.41599570585077833,0.14090177133655393,
202,24.261943102522814,22.953569511540525,7.192699946323135,13.191089640365004,3.4286097691894795,2.3752012882447664,24.57729468599034,1.4626945786366077,0.41599570585077833,0.14090177133655393,
203,24.456521739130434,22.940150295222757,7.192699946323135,13.117283950617283,3.4286097691894795,2.3752012882447664,24.4699409554482,1.4626945786366077,0.41599570585077833,0.14090177133655393,
204,24.9194847020934,22.604669887278583,7.192699946323135,12.439613526570048,3.5292538915727323,3.556092324208266,23.59098228663446,1.4626945786366077,0.5636070853462157,0.14090177133655393,
205,25.0,22.50402576489533,7.004830917874396,12.426194310252281,3.8378958668813743,3.556092324208266,23.503757380568974,1.4626945786366077,0.5636070853462157,0.14090177133655393,
206,25.0402576489533,22.50402576489533,7.004830917874396,12.399355877616747,3.824476650563607,3.556092324208266,23.503757380568974,1.4626945786366077,0.5636070853462157,0.14090177133655393,
207,25.543478260869566,22.356414385399894,6.944444444444445,12.432903918411165,3.8177670424047236,3.5426731078904994,23.067632850241544,1.5901771336553945,0.5636070853462157,0.14090177133655393,
208,25.691089640365004,22.21551261406334,6.823671497584541,12.419484702093397,3.784219001610306,3.7104133118625873,23.060923242082662,1.5901771336553945,0.5636070853462157,0.14090177133655393,
209,26.01315083199141,22.14170692431562,6.696188942565755,12.466451959205582,3.656736446591519,3.683574879227053,23.060923242082662,1.5901771336553945,0.5501878690284487,0.14090177133655393,
210,26.50295222758991,22.034353193773484,6.696188942565755,12.365807836822329,3.656736446591519,3.5829307568438002,22.879763821792807,1.5901771336553945,0.5501878690284487,0.14090177133655393,
211,26.798174986580783,21.987385936661298,6.743156199677939,12.31213097155126,3.656736446591519,3.5829307568438002,22.638217928073,1.5901771336553945,0.5501878690284487,0.14090177133655393,
212,27.01959205582394,21.886741814278047,6.515029522275899,12.265163714439076,3.797638217928073,3.8177670424047236,22.470477724100913,1.5365002683843263,0.5501878690284487,0.14090177133655393,
213,27.059849704777243,21.70558239398819,6.696188942565755,12.27187332259796,3.797638217928073,3.7775093934514223,22.463768115942027,1.5365002683843263,0.5501878690284487,0.14090177133655393,
214,27.42216854535695,21.537842190016104,6.689479334406871,12.27187332259796,3.7640901771336552,3.7775093934514223,22.322866344605476,1.5230810520665594,0.5501878690284487,0.14090177133655393,
215,27.643585614600106,21.470746108427267,6.622383252818035,12.164519592055823,3.743961352657005,3.7775093934514223,22.269189479334408,1.6304347826086956,0.5367686527106817,0.14090177133655393,
216,28.079710144927535,21.30300590445518,6.622383252818035,12.157809983896941,3.616478797638218,3.7775093934514223,22.134997316156735,1.6304347826086956,0.5367686527106817,0.14090177133655393,
217,28.166935050993022,21.20907139023081,6.622383252818035,12.030327428878154,3.616478797638218,3.7775093934514223,22.27589908749329,1.6237251744498122,0.5367686527106817,0.14090177133655393,
218,28.193773483628558,21.041331186258724,6.622383252818035,12.238325281803542,3.603059581320451,3.7775093934514223,22.22222222222222,1.6237251744498122,0.5367686527106817,0.14090177133655393,
219,28.29441760601181,21.00107353730542,6.622383252818035,12.238325281803542,3.603059581320451,3.7640901771336552,22.17525496511004,1.6237251744498122,0.5367686527106817,0.14090177133655393,
220,28.650026838432634,20.78636607622115,6.340579710144928,12.238325281803542,3.898282340311326,3.7640901771336552,22.020933977455716,1.6237251744498122,0.5367686527106817,0.14090177133655393,
221,28.683574879227052,20.78636607622115,6.340579710144928,12.204777241009126,3.898282340311326,3.7640901771336552,22.020933977455716,1.6237251744498122,0.5367686527106817,0.14090177133655393,
222,29.260601180891037,20.611916264090176,6.3070316693505095,12.037037037037036,3.8915727321524423,3.7640901771336552,21.826355340848096,1.6237251744498122,0.5367686527106817,0.14090177133655393,
223,29.582662372517444,20.564949006977994,6.031937734836285,12.02361782071927,3.8915727321524423,4.005636070853462,21.598228663446054,1.6237251744498122,0.5367686527106817,0.14090177133655393,
224,29.857756307031668,20.41062801932367,5.964841653247451,12.02361782071927,3.8915727321524423,4.005636070853462,21.544551798174986,1.6237251744498122,0.5367686527106817,0.14090177133655393,
225,29.931561996779386,20.356951154052602,5.958132045088567,12.224906065485776,3.7573805689747717,4.005636070853462,21.490874932903917,1.6237251744498122,0.5099302200751477,0.14090177133655393,
226,30.06575415995706,20.155662909286097,6.011808910359635,12.184648416532475,3.656736446591519,3.8714439076757916,21.786097691894792,1.6170155662909287,0.5099302200751477,0.14090177133655393,
227,30.723295759527645,20.04830917874396,6.005099302200751,11.976650563607086,3.535963499731616,3.8714439076757916,21.504294149221685,1.6975308641975309,0.49651100375738055,0.14090177133655393,
228,30.730005367686527,20.021470746108427,6.005099302200751,11.929683306494901,3.81105743424584,3.81105743424584,21.35668276972625,1.6975308641975309,0.49651100375738055,0.14090177133655393,
229,30.723295759527645,19.93424584004294,5.9447128287707995,11.741814278046162,3.81105743424584,3.9318303811057436,21.349973161567366,1.9256575415995705,0.49651100375738055,0.14090177133655393,
230,30.750134192163177,19.92753623188406,6.085614600107354,11.741814278046162,3.81105743424584,3.9318303811057436,21.20907139023081,1.90552871712292,0.49651100375738055,0.14090177133655393,
231,30.971551261406333,19.880568974771872,5.978260869565218,11.460010735373054,3.81105743424584,3.92512077294686,21.162104133118625,1.90552871712292,0.7648953301127214,0.14090177133655393,
232,31.09903381642512,19.87385936661299,5.964841653247451,11.312399355877616,3.938539989264627,3.92512077294686,21.07487922705314,1.90552871712292,0.7648953301127214,0.14090177133655393,
233,31.17283950617284,19.732957595276435,5.964841653247451,11.29898013955985,3.938539989264627,3.898282340311326,21.215780998389693,1.8853998926462694,0.7514761137949544,0.14090177133655393,
234,30.938003220611915,19.45786366076221,5.9447128287707995,11.258722490606548,4.723564143853999,3.898282340311326,21.00107353730542,1.8853998926462694,0.7514761137949544,0.14090177133655393,
235,31.159420289855074,19.424315619967793,5.9447128287707995,11.258722490606548,4.723564143853999,3.898282340311326,20.813204508856682,1.8853998926462694,0.7514761137949544,0.14090177133655393,
236,31.146001073537306,19.33709071390231,5.9447128287707995,11.178207192699947,4.7101449275362315,3.878153515834675,21.027911969940956,1.8853998926462694,0.7514761137949544,0.14090177133655393,
237,30.434782608695652,20.40391841116479,5.938003220611916,11.178207192699947,4.7101449275362315,3.878153515834675,20.531400966183575,2.033011272141707,0.7514761137949544,0.14090177133655393,
238,30.54213633923779,20.276435856146,5.931293612453032,11.178207192699947,4.508856682769726,3.878153515834675,20.78636607622115,2.006172839506173,0.7514761137949544,0.14090177133655393,
239,30.67632850241546,20.169082125603865,5.877616747181965,11.178207192699947,4.508856682769726,4.032474503488996,20.605206655931294,2.059849704777241,0.7514761137949544,0.14090177133655393,
240,30.381105743424584,19.940955448201827,5.877616747181965,11.151368760064413,4.394793344068707,4.032474503488996,21.26945786366076,2.059849704777241,0.7514761137949544,0.14090177133655393,
241,30.609232420826622,19.940955448201827,5.877616747181965,11.124530327428879,4.394793344068707,3.965378421900161,21.135265700483092,2.059849704777241,0.7514761137949544,0.14090177133655393,
242,30.750134192163177,19.83360171765969,5.877616747181965,11.158078368223295,4.394793344068707,3.965378421900161,21.014492753623188,2.13365539452496,0.7313472893183038,0.14090177133655393,
243,30.85077831454643,19.706119162640903,5.877616747181965,11.124530327428879,4.3545356951154055,4.092860976918948,20.987654320987655,2.13365539452496,0.7313472893183038,0.14090177133655393,
244,31.05877616747182,19.692699946323135,5.877616747181965,11.010466988727858,4.3545356951154055,4.092860976918948,20.90713902308105,2.13365539452496,0.7313472893183038,0.14090177133655393,
245,31.186258722490606,19.685990338164252,5.870907139023081,10.970209339774557,4.3545356951154055,4.05931293612453,20.86688137412775,2.13365539452496,0.7313472893183038,0.14090177133655393,
246,31.226516371443907,19.578636607622116,5.870907139023081,10.896403650026839,4.3545356951154055,4.03918411164788,21.027911969940956,2.13365539452496,0.7313472893183038,0.14090177133655393,
247,31.28690284487386,19.390767579173378,5.837359098228664,10.775630703166936,4.3478260869565215,4.361245303274289,20.994363929146537,2.13365539452496,0.7313472893183038,0.14090177133655393,
248,31.561996779388085,19.03515834675255,6.031937734836285,10.762211486849168,4.320987654320987,4.488727858293076,20.813204508856682,2.1135265700483092,0.7313472893183038,0.14090177133655393,
