,45,50,51,53,52,54,55,56,58,57
0,97.41680085882984,2.5831991411701556,,,,,,,,
1,97.45034889962426,2.5496511003757383,,,,,,,,
2,93.80032206119162,6.199677938808374,,,,,,,,
3,74.92619431025228,24.02710681696189,1.0466988727858293,,,,,,,
4,72.7187332259796,21.3768115942029,5.904455179817498,,,,,,,
5,68.39774557165862,25.711218464841654,5.891035963499732,,,,,,,
6,66.58615136876007,27.77777777777778,5.636070853462158,,,,,,,
7,66.7337627482555,27.643585614600106,5.622651637144391,,,,,,,
8,54.33440687063875,40.042941492216855,5.622651637144391,,,,,,,
9,54.28073000536769,39.10359634997316,6.615673644659152,,,,,,,
10,52.603327965646805,39.10359634997316,6.488191089640365,1.8048845947396672,,,,,,
11,44.18947933440687,45.07514761137949,6.447933440687064,1.7713365539452497,2.3349436392914655,0.18115942028985507,,,,
12,44.65244229736983,44.618894256575416,6.4412238325281805,1.7713365539452497,2.3349436392914655,0.18115942028985507,,,,
13,44.93424584004294,44.36392914653784,6.414385399892646,1.7713365539452497,2.3349436392914655,0.18115942028985507,,,,
14,40.002683843263554,37.01690821256039,18.760064412238325,1.7713365539452497,2.26784755770263,0.18115942028985507,,,,
15,40.203972088030056,36.81561996779388,18.760064412238325,1.7713365539452497,2.26784755770263,0.18115942028985507,,,,
16,35.037573805689746,44.93424584004294,15.03623188405797,2.6637144390767578,2.147074610842727,0.18115942028985507,,,,
17,30.334138486312398,51.509661835748794,13.16425120772947,2.6637144390767578,2.147074610842727,0.18115942028985507,,,,
18,31.052066559312937,50.79844337090714,13.157541599570585,2.6637144390767578,2.147074610842727,0.18115942028985507,,,,
19,29.931561996779386,49.32903918411165,15.780998389694043,2.6301663982823404,2.147074610842727,0.18115942028985507,,,,
20,30.387815351583466,49.000268384326354,15.653515834675256,2.6301663982823404,2.147074610842727,0.18115942028985507,,,,
21,29.62962962962963,42.1027911969941,24.3894256575416,2.536231884057971,1.0399892646269457,0.30193236714975846,,,,
22,29.944981213097154,42.05582393988191,24.134460547504027,2.522812667740204,1.0399892646269457,0.30193236714975846,,,,
23,28.945249597423512,39.00295222758991,28.32125603864734,2.509393451422437,1.0399892646269457,0.18115942028985507,,,,
24,26.96591519055287,40.425389157273216,29.817498658078367,1.570048309178744,1.0399892646269457,0.18115942028985507,,,,
25,26.50295222758991,40.96886741814278,29.74369296833065,1.5633387010198605,1.0399892646269457,0.18115942028985507,,,,
26,26.94578636607622,40.25093934514224,28.455448201825014,3.1736446591519054,0.9930220075147611,0.18115942028985507,,,,
27,26.90552871712292,36.08427267847558,32.57514761137949,3.166935050993022,0.9460547504025765,0.322061191626409,,,,
28,26.858561460010737,33.3064949006978,32.52818035426731,3.166935050993022,1.8988191089640365,2.2410091250670963,,,,
29,27.03972088030059,33.21256038647343,32.48121309715513,3.126677402039721,1.8988191089640365,2.2410091250670963,,,,
30,27.583199141170155,33.011272141706925,32.139023081052066,3.126677402039721,1.8988191089640365,2.2410091250670963,,,,
31,25.597155126140635,36.15807836822329,31.01851851851852,3.126677402039721,1.8988191089640365,2.200751476113795,,,,
32,26.060118089103597,35.90311325818572,30.870907139023082,3.066290928609769,1.8988191089640365,2.200751476113795,,,,
33,26.583467525496513,35.66156736446592,30.589103596349972,3.066290928609769,1.8988191089640365,2.200751476113795,,,,
34,26.650563607085346,33.19243156199678,30.273752012882447,3.0394524959742353,1.8988191089640365,4.944981213097155,,,,
35,27.006172839506174,32.648953301127214,29.965110037573805,2.965646806226516,1.8988191089640365,5.032206119162641,0.4830917874396135,,,
36,27.254428341384862,32.59527643585615,29.790660225442835,2.965646806226516,1.8988191089640365,5.018786902844874,0.47638217928073,,,
37,27.28797638217928,32.01154052603328,30.213365539452496,2.8784219001610305,1.8518518518518519,5.01207729468599,0.5971551261406334,0.14761137949543746,,
38,25.63070316693505,33.8365539452496,30.159688674181428,2.8381642512077296,1.8183038110574343,4.978529253891573,0.5971551261406334,0.14090177133655393,,
39,25.825281803542673,32.30005367686527,29.95169082125604,2.8381642512077296,3.3682232957595275,4.978529253891573,0.5971551261406334,0.14090177133655393,,
40,26.341921631776703,32.118894256575416,29.857756307031668,2.8381642512077296,3.307836822329576,4.797369833601718,0.5971551261406334,0.14090177133655393,,
41,24.54374664519592,31.622383252818036,31.186258722490606,3.180354267310789,4.17337627482555,4.555823939881911,0.5971551261406334,0.14090177133655393,,
42,24.872517444981213,31.50161030595813,31.052066559312937,3.1736446591519054,4.139828234031133,4.555823939881911,0.5636070853462157,0.14090177133655393,,
43,25.34219001610306,31.32716049382716,30.783682232957595,3.1736446591519054,4.1129898013955986,4.555823939881911,0.5636070853462157,0.14090177133655393,,
44,25.55018786902845,31.186258722490606,29.770531400966185,3.1736446591519054,4.079441760601181,4.555823939881911,0.5636070853462157,1.1205045625335481,,
45,24.651100375738057,31.97799248523886,29.851046698872786,3.1736446591519054,4.079441760601181,4.555823939881911,0.7045088566827697,1.0064412238325282,,
46,18.726516371443907,44.59205582393988,24.58400429414922,1.8250134192163177,3.938539989264627,4.361245303274289,0.7045088566827697,1.2681159420289856,,
47,18.746645195920557,43.31052066559313,24.88593666129898,2.952227589908749,3.938539989264627,4.341116478797638,0.5568974771873323,1.2681159420289856,,
48,19.276704240472355,43.042136339237786,24.63768115942029,2.952227589908749,3.92512077294686,4.341116478797638,0.5568974771873323,1.2681159420289856,,
49,19.504830917874397,42.069243156199676,25.15432098765432,2.9253891572732154,3.911701556629093,4.327697262479871,0.6977992485238862,1.4090177133655395,,
50,19.35721953837896,39.92887815351583,26.717659688674182,3.8848631239935587,3.911701556629093,4.106280193236715,0.6843800322061192,1.4090177133655395,,
51,20.014761137949545,39.734299516908216,26.455984970477726,3.851315083199141,3.878153515834675,3.992216854535695,0.6843800322061192,1.3888888888888888,,
52,20.202630166398283,39.53301127214171,26.34863123993559,3.851315083199141,3.878153515834675,3.992216854535695,0.8051529790660226,1.3888888888888888,,
53,19.77992485238862,31.796833064949006,22.41009125067096,17.384594739667204,3.488996242619431,3.9452495974235107,0.8051529790660226,0.38915727321524424,,
54,20.222758990874933,30.810520665593128,22.289318303811058,18.06897477187332,3.4688674181427803,3.9452495974235107,0.8051529790660226,0.38915727321524424,,
55,20.169082125603865,29.723564143854,23.53059581320451,18.283682232957595,3.4688674181427803,3.92512077294686,0.5099302200751477,0.38915727321524424,,
56,18.391035963499732,27.17391304347826,30.88432635534085,15.398550724637682,3.4420289855072466,3.8580246913580245,0.5099302200751477,0.3421900161030596,,
57,18.96135265700483,26.86527106816962,34.17203435319377,12.00348899624262,3.3145464304884595,3.8311862587224907,0.5099302200751477,0.3421900161030596,,
58,18.746645195920557,26.03327965646806,35.31266774020397,11.949812130971551,3.2742887815351582,3.8311862587224907,0.5099302200751477,0.3421900161030596,,
59,19.11567364465915,25.744766505636072,35.057702630166396,11.936392914653783,3.2742887815351582,4.019055287171229,0.5099302200751477,0.3421900161030596,,
60,19.142512077294686,24.302200751476114,34.836285560923244,13.627214170692431,3.2742887815351582,3.9855072463768115,0.48980139559849706,0.3421900161030596,,
61,19.558507783145465,24.20155662909286,34.6081588835212,13.607085346215781,3.207192699946323,3.9855072463768115,0.48980139559849706,0.3421900161030596,,
62,19.538378958668815,22.29602791196994,34.29951690821256,15.68035426731079,3.207192699946323,3.9855072463768115,0.4495437466451959,0.5434782608695652,,
63,19.77992485238862,22.08132045088567,34.46054750402576,15.559581320450885,3.207192699946323,3.9184111647879765,0.4495437466451959,0.5434782608695652,,
64,20.175791733762747,21.960547504025765,34.29951690821256,15.505904455179817,3.1535158346752548,3.9184111647879765,0.4495437466451959,0.5367686527106817,,
65,20.497852925389157,21.07487922705314,35.527375201288244,15.324745034889963,2.985775630703167,3.603059581320451,0.4495437466451959,0.5367686527106817,,
66,21.101717659688674,21.034621578099838,34.997316156736446,15.297906602254429,2.985775630703167,3.5963499731615673,0.4495437466451959,0.5367686527106817,,
67,20.967525496511005,20.92055823939882,32.29334406870639,16.820987654320987,2.952227589908749,3.5963499731615673,1.9122383252818036,0.5367686527106817,,
68,19.940955448201827,19.96779388083736,34.346484165324746,16.794149221685455,2.952227589908749,3.5829307568438002,1.8786902844873858,0.5367686527106817,,
69,20.142243692968332,19.766505636070853,35.73537305421363,12.822061191626409,5.522007514761138,3.515834675254965,1.9592055823939882,0.5367686527106817,,
70,20.39049919484702,18.95464304884595,35.258990874932906,12.493290391841116,6.622383252818035,3.4822866344605474,1.9592055823939882,0.8387010198604401,,
71,20.947396672034355,18.726516371443907,33.23268921095008,12.406065485775631,8.53462157809984,3.3548040794417604,1.9592055823939882,0.8387010198604401,,
72,21.578099838969404,18.438003220611915,32.9777241009125,12.144390767579173,8.561460010735374,3.3480944712828773,2.1135265700483092,0.8387010198604401,,
73,22.134997316156735,18.209876543209877,32.809983896940416,12.06387546967257,8.487654320987655,3.3480944712828773,2.1135265700483092,0.8319914117015567,,
74,22.758990874932906,17.995169082125603,32.56172839506173,11.976650563607086,8.427267847557703,3.33467525496511,2.1135265700483092,0.8319914117015567,,
75,23.289049919484704,17.807300053676865,32.51476113794954,11.782071926999464,8.32662372517445,3.33467525496511,2.1135265700483092,0.8319914117015567,,
76,23.72517444981213,17.51207729468599,31.199677938808374,13.003220611916264,8.313204508856682,3.33467525496511,2.0799785292538915,0.8319914117015567,,
77,23.919753086419753,17.478529253891573,31.092324208266238,12.949543746645196,8.313204508856682,3.33467525496511,2.0799785292538915,0.8319914117015567,,
78,23.845947396672035,17.062533548040793,30.535426731078903,12.801932367149758,9.782608695652174,3.0595813204508855,2.0799785292538915,0.8319914117015567,,
79,24.114331723027377,16.438539989264626,29.643048845947398,12.74825550187869,10.721953837895867,3.8714439076757916,1.6438539989264627,0.8185721953837896,,
80,24.630971551261407,16.27079978529254,29.435050993022006,12.654320987654321,10.674986580783683,3.8714439076757916,1.6438539989264627,0.8185721953837896,,
81,24.9194847020934,16.13660762211487,29.367954911433173,12.640901771336553,10.63472893183038,3.8714439076757916,1.6103059581320451,0.8185721953837896,,
82,25.348899624261943,15.942028985507246,29.26731078904992,12.466451959205582,10.628019323671497,3.844605475040258,1.6035963499731616,0.785024154589372,0.11406333870101985,
83,25.462962962962962,15.982286634460548,29.1935050993022,12.419484702093397,10.61460010735373,3.8311862587224907,1.596886741814278,0.785024154589372,0.11406333870101985,
84,26.053408480944714,15.660225442834138,29.005636070853463,12.379227053140097,10.57434245840043,3.8311862587224907,1.596886741814278,0.785024154589372,0.11406333870101985,
85,26.402308105206657,15.626677402039721,28.784219001610307,12.298711755233494,10.560923242082662,3.8311862587224907,1.596886741814278,0.785024154589372,0.11406333870101985,
86,25.79844337090714,14.848362855609233,28.556092324208265,12.110842726784755,12.130971551261407,3.938539989264627,1.7176596886741815,0.785024154589372,0.11406333870101985,
87,26.610305958132045,14.734299516908212,28.026033279656467,11.990069779924852,12.130971551261407,3.92512077294686,1.6841116478797638,0.785024154589372,0.11406333870101985,
88,27.120236178207193,14.412238325281804,27.871712292002147,12.224906065485776,11.862587224906065,3.92512077294686,1.6841116478797638,0.785024154589372,0.11406333870101985,
89,27.274557165861513,14.412238325281804,27.408749329039185,12.218196457326892,11.627750939345143,3.92512077294686,1.6841116478797638,1.3352120236178207,0.11406333870101985,
90,27.66371443907676,14.345142243692969,27.274557165861513,12.050456253354804,11.506977992485238,4.025764895330113,1.6841116478797638,1.3352120236178207,0.11406333870101985,
91,27.811325818572197,14.325013419216317,27.234299516908212,11.916264090177133,11.446591519055287,4.025764895330113,1.6841116478797638,1.3352120236178207,0.11406333870101985,0.10735373054213634
92,24.053945249597422,13.258185721953838,34.044551798174986,11.829039184111648,11.419753086419753,2.15378421900161,1.6841116478797638,1.3352120236178207,0.11406333870101985,0.10735373054213634
93,22.926731078904993,12.969672571121846,37.96967257112185,11.07085346215781,10.238862050456254,2.26784755770263,1.6438539989264627,0.6910896403650026,0.11406333870101985,0.10735373054213634
94,23.275630703166936,12.869028448738593,37.21148684916801,10.158346752549651,11.674718196457327,2.2342995169082127,1.7310789049919484,0.6239935587761675,0.11406333870101985,0.10735373054213634
95,21.598228663446054,9.688674181427805,35.23215244229737,10.037573805689748,18.800322061191626,2.100107353730542,1.5767579173376274,0.6239935587761675,0.11406333870101985,0.2281266774020397
96,21.712292002147073,9.601449275362318,33.52791196994095,9.98389694041868,20.531400966183575,2.100107353730542,1.5767579173376274,0.6239935587761675,0.11406333870101985,0.2281266774020397
97,21.651905528717123,9.581320450885668,33.19914117015566,10.513955984970478,20.50456253354804,2.100107353730542,1.482823403113258,0.6239935587761675,0.11406333870101985,0.2281266774020397
98,22.18196457326892,9.54777241009125,32.91733762748255,10.50053676865271,20.39049919484702,2.0531400966183573,1.4559849704777241,0.6105743424584005,0.11406333870101985,0.2281266774020397
99,22.81266774020397,9.346484165324744,32.749597423510465,10.420021470746109,20.242887815351583,2.0397208803005906,1.4559849704777241,0.5904455179817498,0.11406333870101985,0.2281266774020397
100,23.429951690821255,9.192163177670425,32.64224369296833,10.265700483091788,20.041599570585078,2.0397208803005906,1.4559849704777241,0.5904455179817498,0.11406333870101985,0.2281266774020397
101,23.1682769726248,8.621846484165324,30.99838969404187,13.157541599570585,19.98792270531401,1.865271068169619,1.2681159420289856,0.5904455179817498,0.11406333870101985,0.2281266774020397
102,23.691626409017715,8.59500805152979,30.71658615136876,12.848899624261943,20.081857219538378,1.865271068169619,1.2681159420289856,0.5904455179817498,0.11406333870101985,0.2281266774020397
103,24.329039184111647,8.59500805152979,30.340848094471284,12.593934514224369,19.97450348899624,1.865271068169619,1.3687600644122384,0.5904455179817498,0.11406333870101985,0.2281266774020397
104,24.751744498121308,7.843531937734836,28.83118625872249,12.406065485775631,20.45088566827697,3.5829307568438002,1.2077294685990339,0.5904455179817498,0.11406333870101985,0.2214170692431562
105,24.872517444981213,7.628824476650563,28.683574879227052,13.291733762748256,20.45088566827697,2.898550724637681,1.247987117552335,0.5904455179817498,0.11406333870101985,0.2214170692431562
106,25.295222758990874,7.628824476650563,28.535963499731615,13.291733762748256,20.303274288781534,2.771068169618894,1.247987117552335,0.5904455179817498,0.11406333870101985,0.2214170692431562
107,25.563607085346217,7.62211486849168,28.341384863123995,13.24476650563607,20.162372517444982,2.771068169618894,1.247987117552335,0.5904455179817498,0.11406333870101985,0.3421900161030596
108,26.133923778851315,7.50805152979066,27.905260332796566,13.117283950617283,20.37037037037037,2.7241009125067097,1.1943102522812667,0.5904455179817498,0.11406333870101985,0.3421900161030596
109,26.717659688674182,7.467793880837359,27.677133655394524,13.023349436392914,20.148953301127214,2.7241009125067097,1.1943102522812667,0.5904455179817498,0.11406333870101985,0.3421900161030596
110,26.939076757917338,7.454374664519592,27.408749329039185,12.922705314009661,19.91411701556629,2.6972624798711755,1.5096618357487923,0.7246376811594203,0.11406333870101985,0.3153515834675255
111,27.3215244229737,7.37385936661299,27.34165324745035,12.902576489533011,19.726247987117553,2.6972624798711755,1.5096618357487923,0.6977992485238862,0.11406333870101985,0.3153515834675255
112,27.28797638217928,7.206119162640902,28.361513687600645,12.533548040794418,19.464573268921097,2.536231884057971,1.482823403113258,0.6977992485238862,0.11406333870101985,0.3153515834675255
113,27.791196994095547,6.944444444444445,28.12667740203972,12.661030595813205,19.330381105743424,2.536231884057971,1.482823403113258,0.6977992485238862,0.11406333870101985,0.3153515834675255
114,28.28099838969404,6.944444444444445,27.965646806226516,12.647611379495437,19.108964036500268,2.442297369833602,1.482823403113258,0.6977992485238862,0.11406333870101985,0.3153515834675255
115,27.657004830917874,6.910896403650026,30.367686527106816,12.647611379495437,17.56575415995706,2.442297369833602,1.2815351583467525,0.6977992485238862,0.11406333870101985,0.3153515834675255
116,28.059581320450885,6.89747718733226,30.246913580246915,12.701288244766506,17.28395061728395,2.4020397208803006,1.2815351583467525,0.6977992485238862,0.11406333870101985,0.3153515834675255
117,28.529253891572733,6.89747718733226,30.139559849704778,12.701288244766506,16.988727858293075,2.3349436392914655,1.2815351583467525,0.6977992485238862,0.11406333870101985,0.3153515834675255
118,28.670155662909288,6.89747718733226,30.099302200751477,12.68786902844874,16.935050993022006,2.301395598497048,1.2815351583467525,0.6977992485238862,0.11406333870101985,0.3153515834675255
119,29.025764895330113,6.89747718733226,29.931561996779386,12.5402576489533,16.908212560386474,2.2879763821792807,1.2815351583467525,0.6977992485238862,0.11406333870101985,0.3153515834675255
120,29.367954911433173,6.89747718733226,29.66988727858293,12.432903918411165,16.834406870638755,2.2745571658615136,1.2815351583467525,0.8118625872249061,0.11406333870101985,0.3153515834675255
121,29.49543746645196,6.749865807836822,29.320987654320987,12.338969404186795,16.6935050993022,2.2745571658615136,1.8853998926462694,0.8118625872249061,0.11406333870101985,0.3153515834675255
122,29.844337090713903,6.689479334406871,29.139828234031132,12.25174449812131,16.67337627482555,2.2745571658615136,1.8853998926462694,0.8118625872249061,0.11406333870101985,0.3153515834675255
123,30.10601180891036,6.662640901771336,27.636876006441224,13.378958668813741,16.55931293612453,2.5429414922168547,1.8719806763285025,0.8118625872249061,0.11406333870101985,0.3153515834675255
124,29.582662372517444,6.595544820182502,34.20558239398819,13.345410628019323,11.500268384326356,1.9659151905528718,1.8719806763285025,0.7045088566827697,0.11406333870101985,0.11406333870101985
125,29.851046698872786,6.595544820182502,34.044551798174986,13.238056897477188,11.500268384326356,1.9659151905528718,1.8719806763285025,0.7045088566827697,0.11406333870101985,0.11406333870101985
126,30.16639828234031,6.5552871712292005,33.77616747181965,13.150831991411701,11.473429951690822,1.9659151905528718,1.8451422436929683,0.8387010198604401,0.11406333870101985,0.11406333870101985
127,30.08588298443371,6.481481481481482,33.48094471282877,12.29200214707461,13.070316693505099,1.9659151905528718,1.8451422436929683,0.6575415995705851,0.0067096081588835215,0.11406333870101985
128,30.401234567901234,6.353998926462695,33.3870101986044,12.090713902308105,12.962962962962964,2.1940418679549114,1.8317230273752012,0.6575415995705851,0.0067096081588835215,0.11406333870101985
129,30.441492216854535,6.1929683306494905,35.44685990338164,11.976650563607086,11.386205045625335,1.9927536231884058,1.7847557702630166,0.6575415995705851,0.0067096081588835215,0.11406333870101985
130,30.48174986580784,6.1862587224906065,35.319377348362856,11.829039184111648,11.29898013955985,2.3349436392914655,1.7847557702630166,0.644122383252818,0.0067096081588835215,0.11406333870101985
131,30.763553408480945,6.1862587224906065,35.17176596886742,11.708266237251744,11.285560923242082,2.3349436392914655,1.7847557702630166,0.644122383252818,0.0067096081588835215,0.11406333870101985
132,31.21309715512614,6.105743424584004,35.138217928073,11.553945249597424,11.037305421363392,2.4020397208803006,1.7847557702630166,0.644122383252818,0.0067096081588835215,0.11406333870101985
133,31.50161030595813,6.092324208266238,34.94363929146538,11.533816425120772,10.976918947933441,2.4020397208803006,1.7847557702630166,0.644122383252818,0.0067096081588835215,0.11406333870101985
134,31.676060118089104,6.092324208266238,34.80273752012882,11.513687600644122,10.963499731615673,2.4020397208803006,1.7847557702630166,0.644122383252818,0.0067096081588835215,0.11406333870101985
135,31.756575415995705,6.052066559312936,34.655126140633385,11.486849168008588,10.950080515297907,2.5496511003757383,1.7847557702630166,0.644122383252818,0.0067096081588835215,0.11406333870101985
136,32.35373054213634,6.052066559312936,34.37332259796028,11.392914653784219,10.742082662372518,2.536231884057971,1.7847557702630166,0.644122383252818,0.0067096081588835215,0.11406333870101985
137,28.75067096081589,6.052066559312936,38.79495437466452,9.453837895866881,12.848899624261943,2.2611379495437465,1.1943102522812667,0.5367686527106817,0.0067096081588835215,0.10064412238325282
138,29.428341384863124,6.031937734836285,38.35882984433709,9.312936124530328,12.76838432635534,2.2611379495437465,1.1943102522812667,0.5367686527106817,0.0067096081588835215,0.10064412238325282
139,29.904723564143854,5.984970477724101,37.4194847020934,9.245840042941492,12.895866881374127,2.5496511003757383,1.3553408480944713,0.5367686527106817,0.0067096081588835215,0.10064412238325282
140,26.120504562533547,10.648148148148149,36.36607622114869,9.138486312399356,13.754696725711218,2.0263016639828235,1.3016639828234031,0.5367686527106817,0.0067096081588835215,0.10064412238325282
141,26.724369296833064,10.547504025764896,36.231884057971016,9.01100375738057,13.687600644122384,1.932367149758454,1.221148684916801,0.5367686527106817,0.0067096081588835215,0.10064412238325282
142,27.120236178207193,10.446859903381643,36.12453032742888,8.984165324745035,13.553408480944713,1.932367149758454,1.1943102522812667,0.5367686527106817,0.0067096081588835215,0.10064412238325282
143,27.70397208803006,10.144927536231885,36.05072463768116,8.890230810520666,13.459473966720344,1.9189479334406871,1.1876006441223832,0.5367686527106817,0.0067096081588835215,0.10064412238325282
144,28.019323671497585,9.977187332259795,35.950080515297905,8.849973161567364,13.45276435856146,1.9189479334406871,1.1876006441223832,0.5367686527106817,0.0067096081588835215,0.10064412238325282
145,28.509125067096083,9.916800858829845,35.64143853998927,8.829844337090714,13.352120236178207,1.9189479334406871,1.1876006441223832,0.5367686527106817,0.0067096081588835215,0.10064412238325282
146,29.07944176060118,9.836285560923242,35.43344068706388,8.756038647342995,13.191089640365004,1.9122383252818036,1.1473429951690821,0.5367686527106817,0.0067096081588835215,0.10064412238325282
147,29.53569511540526,9.742351046698873,35.279119699409556,8.749329039184111,12.989801395598498,1.9122383252818036,1.1473429951690821,0.5367686527106817,0.0067096081588835215,0.10064412238325282
148,30.05233494363929,9.742351046698873,34.92351046698873,8.735909822866345,12.983091787439614,1.90552871712292,1.133923778851315,0.41599570585077833,0.0067096081588835215,0.10064412238325282
149,30.723295759527645,9.648416532474503,34.44041867954911,8.695652173913043,12.949543746645196,1.8853998926462694,1.133923778851315,0.41599570585077833,0.0067096081588835215,0.10064412238325282
150,31.38083735909823,9.574610842726784,34.05126140633387,8.61513687600644,12.86231884057971,1.8719806763285025,1.1205045625335481,0.41599570585077833,0.0067096081588835215,0.10064412238325282
151,31.642512077294686,9.567901234567902,33.9170692431562,8.514492753623188,12.848899624261943,1.865271068169619,1.1205045625335481,0.41599570585077833,0.0067096081588835215,0.10064412238325282
152,32.1658615136876,9.433709071390231,33.84997316156736,8.487654320987655,12.567096081588835,1.8518518518518519,1.1205045625335481,0.41599570585077833,0.0067096081588835215,0.10064412238325282
153,32.52818035426731,9.433709071390231,33.64868491680086,8.454106280193237,12.446323134728932,1.8451422436929683,1.1205045625335481,0.41599570585077833,0.0067096081588835215,0.10064412238325282
154,33.031400966183575,9.366612989801396,33.32662372517445,8.447396672034353,12.399355877616747,1.8250134192163177,1.0802469135802468,0.41599570585077833,0.0067096081588835215,0.10064412238325282
155,33.1454643048846,9.333064949006978,33.07836822329576,9.084809447128288,12.164519592055823,1.7310789049919484,0.9393451422436929,0.41599570585077833,0.0067096081588835215,0.10064412238325282
156,33.52120236178207,9.333064949006978,32.729468599033815,9.037842190016104,11.929683306494901,1.7310789049919484,0.9393451422436929,0.6709608158883521,0.0067096081588835215,0.10064412238325282
157,33.91035963499731,9.252549651100376,32.45437466451959,9.024422973698336,11.90955448201825,1.7310789049919484,0.9393451422436929,0.6709608158883521,0.0067096081588835215,0.10064412238325282
158,34.33977455716586,9.219001610305957,32.21953837895867,8.964036500268385,11.808910359634996,1.7310789049919484,0.9393451422436929,0.6709608158883521,0.0067096081588835215,0.10064412238325282
159,34.37332259796028,9.219001610305957,32.18599033816425,8.964036500268385,11.808910359634996,1.7310789049919484,0.9393451422436929,0.6709608158883521,0.0067096081588835215,0.10064412238325282
160,34.70209339774557,9.138486312399356,32.10547504025765,8.964036500268385,11.768652710681696,1.6304347826086956,0.9125067096081588,0.6709608158883521,0.0067096081588835215,0.10064412238325282
161,35.037573805689746,9.004294149221685,31.95115405260333,8.930488459473967,11.75523349436393,1.6304347826086956,0.9125067096081588,0.6709608158883521,0.0067096081588835215,0.10064412238325282
162,35.37976382179281,9.004294149221685,31.622383252818036,8.930488459473967,11.75523349436393,1.6170155662909287,0.9125067096081588,0.6709608158883521,0.0067096081588835215,0.10064412238325282
163,32.05179817498658,7.427536231884058,38.94927536231884,8.105206655931294,11.07085346215781,0.8722490606548577,0.7581857219538379,0.6575415995705851,0.0067096081588835215,0.10064412238325282
164,32.54830917874396,7.4208266237251745,38.70101986044015,8.105206655931294,10.829307568438002,0.8722490606548577,0.7581857219538379,0.6575415995705851,0.0067096081588835215,0.10064412238325282
165,32.870370370370374,7.407407407407407,38.45276435856146,8.105206655931294,10.815888352120236,0.8722490606548577,0.7581857219538379,0.6105743424584005,0.0067096081588835215,0.10064412238325282
166,33.24610842726785,7.407407407407407,38.177670424047236,8.09849704777241,10.802469135802468,0.8655394524959742,0.7581857219538379,0.5367686527106817,0.0067096081588835215,0.10064412238325282
167,33.52791196994095,7.407407407407407,37.96967257112185,8.091787439613526,10.782340311325818,0.8454106280193237,0.7447665056360708,0.5367686527106817,0.0067096081588835215,0.08722490606548577
168,33.863392377885134,7.353730542136339,37.76838432635534,8.091787439613526,10.762211486849168,0.8454106280193237,0.7447665056360708,0.47638217928073,0.0067096081588835215,0.08722490606548577
169,32.930756843800324,7.333601717659689,39.46591519055287,7.930756843800322,10.326086956521738,0.8051529790660226,0.7447665056360708,0.36902844873859364,0.0067096081588835215,0.08722490606548577
170,33.1454643048846,7.219538378958669,39.09688674181428,7.722758990874933,10.305958132045088,1.3016639828234031,0.7447665056360708,0.36902844873859364,0.0067096081588835215,0.08722490606548577
171,33.04482018250134,7.206119162640902,38.58695652173913,8.507783145464305,10.198604401502953,1.3016639828234031,0.6910896403650026,0.36902844873859364,0.0067096081588835215,0.08722490606548577
172,33.313204508856685,7.206119162640902,38.39237788513151,8.480944712828771,10.151637144390767,1.3016639828234031,0.6910896403650026,0.36902844873859364,0.0067096081588835215,0.08722490606548577
173,30.16639828234031,16.921631776704242,34.836285560923244,7.930756843800322,7.763016639828234,1.3016639828234031,0.6172839506172839,0.36902844873859364,0.0067096081588835215,0.08722490606548577
174,27.462426194310254,15.693773483628556,38.30515297906602,8.460815888352121,7.695920558239399,1.3016639828234031,0.6172839506172839,0.36902844873859364,0.0067096081588835215,0.08722490606548577
175,26.99946323134729,15.519323671497585,35.11137949543747,8.454106280193237,11.533816425120772,1.3016639828234031,0.6172839506172839,0.36902844873859364,0.0067096081588835215,0.08722490606548577
176,27.482555018786904,15.365002683843263,35.00402576489533,8.32662372517445,11.473429951690822,1.2681159420289856,0.6172839506172839,0.36902844873859364,0.0067096081588835215,0.08722490606548577
177,27.730810520665592,15.237520128824476,34.90338164251208,8.319914117015566,11.460010735373054,1.2681159420289856,0.6172839506172839,0.36902844873859364,0.0067096081588835215,0.08722490606548577
178,27.999194847020934,15.230810520665592,34.715512614063336,8.319914117015566,11.379495437466453,1.2748255501878691,0.6172839506172839,0.36902844873859364,0.0067096081588835215,0.08722490606548577
179,28.31454643048846,15.11003757380569,34.52093397745572,8.319914117015566,11.379495437466453,1.2748255501878691,0.6172839506172839,0.36902844873859364,0.0067096081588835215,0.08722490606548577
180,28.683574879227052,15.042941492216855,34.35990338164251,8.232689210950081,11.332528180354267,1.2681159420289856,0.6172839506172839,0.36902844873859364,0.0067096081588835215,0.08722490606548577
181,28.918411164787976,14.78797638217928,34.25925925925926,8.225979602791197,11.3191089640365,1.2681159420289856,0.7581857219538379,0.36902844873859364,0.0067096081588835215,0.08722490606548577
182,29.220343531937736,14.49946323134729,33.95061728395062,8.225979602791197,11.292270531400966,1.2681159420289856,1.0802469135802468,0.36902844873859364,0.0067096081588835215,0.08722490606548577
183,29.508856682769725,14.492753623188406,33.82984433709071,8.091787439613526,11.292270531400966,1.2412775093934514,1.0802469135802468,0.36902844873859364,0.0067096081588835215,0.08722490606548577
184,29.871175523349436,14.418947933440688,33.541331186258724,8.091787439613526,11.292270531400966,1.2412775093934514,1.0802469135802468,0.36902844873859364,0.0067096081588835215,0.08722490606548577
185,30.059044551798173,14.392109500805153,33.40713902308105,8.071658615136876,11.285560923242082,1.2412775093934514,1.0802469135802468,0.36902844873859364,0.0067096081588835215,0.08722490606548577
186,29.958400429414922,14.244498121309716,31.716317767042405,8.024691358024691,11.131239935587761,1.3754696725711217,3.166935050993022,0.2885131508319914,0.0067096081588835215,0.08722490606548577
187,30.495169082125603,14.15727321524423,31.427804616210413,7.937466451959206,11.057434245840042,1.3754696725711217,3.166935050993022,0.2885131508319914,0.0067096081588835215,0.08722490606548577
188,28.327965646806227,13.358829844337091,39.23778851315083,7.541599570585078,7.561728395061729,1.3754696725711217,2.301395598497048,0.2885131508319914,0.0067096081588835215,
189,29.09957058507783,13.33870101986044,38.506441223832525,7.5281803542673105,7.555018786902845,1.3754696725711217,2.301395598497048,0.2885131508319914,0.0067096081588835215,
190,29.61621041331186,13.20450885668277,38.27160493827161,7.5281803542673105,7.407407407407407,1.3754696725711217,2.301395598497048,0.2885131508319914,0.0067096081588835215,
191,29.931561996779386,13.325281803542673,38.036768652710684,7.434245840042942,7.313472893183038,1.3754696725711217,2.2879763821792807,0.2885131508319914,0.0067096081588835215,
192,30.394524959742352,13.298443370907139,37.69457863660762,7.39398819108964,7.27992485238862,1.3754696725711217,2.26784755770263,0.2885131508319914,0.0067096081588835215,
193,30.750134192163177,13.144122383252817,37.60064412238325,7.326892109500805,7.25979602791197,1.3754696725711217,2.254428341384863,0.28180354267310787,0.0067096081588835215,
194,31.488191089640367,12.815351583467525,37.224906065485776,7.326892109500805,7.246376811594203,1.3754696725711217,2.2342995169082127,0.28180354267310787,0.0067096081588835215,
195,32.17257112184648,12.701288244766506,36.78878153515835,7.300053676865271,7.139023081052066,1.3754696725711217,2.2342995169082127,0.28180354267310787,0.0067096081588835215,
196,32.6154052603328,12.426194310252281,35.95679012345679,7.501341921631776,7.085346215780999,1.3687600644122384,2.757648953301127,0.28180354267310787,0.0067096081588835215,
197,33.03811057434246,12.332259796027913,35.25228126677402,7.501341921631776,7.085346215780999,1.3687600644122384,3.1333870101986045,0.28180354267310787,0.0067096081588835215,
198,32.87707997852925,12.218196457326892,35.54079441760601,7.48792270531401,7.011540526033279,1.3687600644122384,3.0931293612453032,0.39586688137412773,0.0067096081588835215,
199,32.67579173376275,12.090713902308105,34.38674181427805,7.4006977992485234,8.662104133118627,1.3083735909822867,3.0931293612453032,0.3757380568974772,0.0067096081588835215,
200,31.78341384863124,13.41250670960816,33.97745571658615,7.37385936661299,8.776167471819646,1.3083735909822867,2.985775630703167,0.3757380568974772,0.0067096081588835215,
201,32.038378958668815,13.305152979066023,33.8768115942029,7.37385936661299,8.729200214707461,1.3083735909822867,2.985775630703167,0.3757380568974772,0.0067096081588835215,
202,32.48121309715513,13.258185721953838,33.621846484165324,7.340311325818572,8.655394524959743,1.2748255501878691,2.985775630703167,0.3757380568974772,0.0067096081588835215,
203,32.950885668276975,13.231347289318304,33.272946859903385,7.2933440687063875,8.621846484165324,1.2681159420289856,2.985775630703167,0.36902844873859364,0.0067096081588835215,
204,33.293075684380035,13.197799248523886,33.091787439613526,7.266505636070853,8.61513687600644,1.1741814278046163,2.985775630703167,0.36902844873859364,0.0067096081588835215,
205,33.59500805152979,13.103864734299517,32.76301663982824,7.25979602791197,8.608427267847558,1.1741814278046163,3.1199677938808374,0.36902844873859364,0.0067096081588835215,
206,33.82984433709071,13.070316693505099,32.6154052603328,7.199409554482019,8.527911969940956,1.1607622114868492,3.2206119162640903,0.36902844873859364,0.0067096081588835215,
207,33.903650026838434,13.050187869028449,32.62211486849168,7.071926999463232,8.467525496511003,1.1607622114868492,3.3480944712828773,0.36902844873859364,0.0067096081588835215,
208,34.20558239398819,13.043478260869565,32.407407407407405,7.071926999463232,8.420558239398819,1.1607622114868492,3.3145464304884595,0.36902844873859364,0.0067096081588835215,
209,34.96376811594203,12.989801395598498,31.588835212023618,7.065217391304348,8.259527643585615,1.093666129898014,3.280998389694042,0.7514761137949544,0.0067096081588835215,
210,35.38647342995169,12.895866881374127,31.28690284487386,7.065217391304348,8.239398819108963,1.093666129898014,3.2742887815351582,0.7514761137949544,0.0067096081588835215,
211,35.70182501341922,12.694578636607622,31.19296833064949,7.065217391304348,8.219269994632313,1.093666129898014,3.2742887815351582,0.7514761137949544,0.0067096081588835215,
212,36.00375738056898,12.667740203972087,31.0252281266774,7.058507783145465,8.199141170155663,1.093666129898014,3.2340311325818574,0.7112184648416533,0.0067096081588835215,
213,35.339506172839506,12.399355877616747,30.56226516371444,6.857219538378959,8.111916264090176,2.9052603327965647,3.2206119162640903,0.5971551261406334,0.0067096081588835215,
214,35.49382716049383,12.352388620504563,30.24020397208803,6.857219538378959,8.071658615136876,2.9052603327965647,3.475577026301664,0.5971551261406334,0.0067096081588835215,
215,35.96349973161568,12.191358024691358,30.099302200751477,6.729736983360172,8.038110574342458,2.898550724637681,3.475577026301664,0.5971551261406334,0.0067096081588835215,
216,36.28556092324208,12.157809983896941,29.918142780461622,6.642512077294686,8.017981749865807,2.898550724637681,3.475577026301664,0.5971551261406334,0.0067096081588835215,
217,36.05743424584004,11.996779388083736,27.979066022544284,6.629092860976919,8.333333333333334,2.898550724637681,5.501878690284487,0.5971551261406334,0.0067096081588835215,
218,35.64143853998927,11.956521739130435,25.02012882447665,6.622383252818035,8.32662372517445,6.6827697262479875,5.488459473966721,0.2549651100375738,0.0067096081588835215,
219,35.91653247450349,11.916264090177133,24.966451959205582,6.608964036500268,8.21256038647343,6.763285024154589,5.394524959742351,0.2147074610842727,0.0067096081588835215,
220,35.225442834138484,11.862587224906065,24.778582930756844,6.461352657004831,9.433709071390231,6.66935050993022,5.35426731078905,0.2147074610842727,,
221,35.65485775630703,11.81561996779388,24.530327428878152,6.447933440687064,9.346484165324744,6.635802469135802,5.35426731078905,0.2147074610842727,,
222,35.98362855609233,11.81561996779388,24.335748792270532,6.447933440687064,9.326355340848094,6.635802469135802,5.24020397208803,0.2147074610842727,,
223,36.292270531400966,11.721685453569512,24.20155662909286,6.414385399892646,9.31964573268921,6.595544820182502,5.24020397208803,0.2147074610842727,,
224,36.50697799248524,11.60762211486849,24.06736446591519,6.374127750939345,9.312936124530328,6.582125603864735,5.3341384863123995,0.2147074610842727,,
225,36.41304347826087,11.520397208803006,23.96672034353194,6.756575415995706,9.252549651100376,6.541867954911433,5.3341384863123995,0.2147074610842727,,
226,35.64143853998927,11.506977992485238,22.088030059044552,6.749865807836822,9.219001610305957,6.481481481481482,8.09849704777241,0.2147074610842727,,
227,36.3191089640365,11.372785829307569,22.0276435856146,6.575415995705851,8.970746108427267,6.474771873322598,8.044820182501342,0.2147074610842727,,
228,36.540526033279654,11.29898013955985,21.93370907139023,6.575415995705851,8.964036500268385,6.447933440687064,8.024691358024691,0.2147074610842727,,
229,36.78878153515835,11.285560923242082,21.866612989801396,6.568706387546968,8.923778851315083,6.333870101986044,8.017981749865807,0.2147074610842727,,
230,37.285292538915726,11.238593666129898,21.62506709608159,6.521739130434782,8.816425120772946,6.3070316693505095,7.991143317230274,0.2147074610842727,,
231,37.38593666129898,11.044015029522276,21.564680622651636,6.521739130434782,8.76274825550188,6.615673644659152,7.890499194847021,0.2147074610842727,,
232,37.65432098765432,10.997047772410092,21.4573268921095,6.515029522275899,8.749329039184111,6.5485775630703165,7.863660762211487,0.2147074610842727,,
233,37.42619431025228,10.95679012345679,21.91358024691358,6.515029522275899,8.61513687600644,6.5485775630703165,7.809983896940419,0.2147074610842727,,
234,37.848899624261946,10.923242082662373,21.812936124530328,6.387546967257112,8.340042941492216,6.541867954911433,7.930756843800322,0.2147074610842727,,
235,38.25147611379496,10.829307568438002,21.732420826623724,6.360708534621578,8.266237251744498,6.615673644659152,7.729468599033816,0.2147074610842727,,
236,38.69431025228127,10.715244229736983,21.598228663446054,6.320450885668277,8.205850778314547,6.561996779388084,7.689210950080516,0.2147074610842727,,
237,38.92243692968331,10.68840579710145,21.450617283950617,6.293612453032743,8.192431561996779,6.5485775630703165,7.689210950080516,0.2147074610842727,,
238,39.210950080515296,10.513955984970478,21.40365002683843,6.239935587761675,8.105206655931294,6.622383252818035,7.689210950080516,0.2147074610842727,,
239,39.71417069243156,10.373054213633925,21.20907139023081,6.112453032742888,8.145464304884594,6.615673644659152,7.615405260332796,0.2147074610842727,,
240,40.21068169618894,10.305958132045088,21.128556092324207,5.984970477724101,7.98443370907139,6.5552871712292005,7.615405260332796,0.2147074610842727,,
