,45,50,53,51,55,52,56,54
0,97.04777241009126,2.952227589908749,,,,,,
1,97.08803005904456,2.9119699409554483,,,,,,
2,97.08803005904456,2.9119699409554483,,,,,,
3,97.08803005904456,2.9119699409554483,,,,,,
4,88.13070316693505,10.782340311325818,1.0869565217391304,,,,,
5,87.902576489533,11.010466988727858,1.0869565217391304,,,,,
6,87.94954374664519,11.117820719269995,0.9326355340848095,,,,,
7,88.13070316693505,10.93666129898014,0.9326355340848095,,,,,
8,85.39318303811058,13.674181427804616,0.9326355340848095,,,,,
9,85.39318303811058,13.674181427804616,0.9326355340848095,,,,,
10,85.39318303811058,13.674181427804616,0.9326355340848095,,,,,
11,83.15888352120236,13.774825550187868,0.9326355340848095,2.13365539452496,,,,
12,81.50161030595814,15.45222758990875,0.9125067096081588,2.13365539452496,,,,
13,77.17391304347827,19.77992485238862,0.9125067096081588,2.13365539452496,,,,
14,71.0077831454643,25.946054750402578,0.9125067096081588,2.13365539452496,,,,
15,71.18223295759528,25.805152979066023,0.8990874932903918,2.1135265700483092,,,,
16,71.19565217391305,25.791733762748255,0.8990874932903918,2.1135265700483092,,,,
17,71.19565217391305,25.791733762748255,0.8990874932903918,2.1135265700483092,,,,
18,70.9272678475577,25.905797101449274,0.8990874932903918,2.26784755770263,,,,
19,71.01449275362319,25.81857219538379,0.8990874932903918,2.26784755770263,,,,
20,71.00107353730542,25.355609232420825,1.261406333870102,2.26784755770263,0.11406333870101985,,,
21,71.02791196994096,25.328770799785293,1.261406333870102,2.26784755770263,0.11406333870101985,,,
22,69.29012345679013,27.066559312936125,1.261406333870102,2.26784755770263,0.11406333870101985,,,
23,69.41760601180891,26.952495974235106,1.261406333870102,2.254428341384863,0.11406333870101985,,,
24,68.76006441223832,27.61003757380569,1.261406333870102,2.254428341384863,0.11406333870101985,,,
25,68.76006441223832,27.61003757380569,1.261406333870102,2.254428341384863,0.11406333870101985,,,
26,68.76006441223832,27.61003757380569,1.261406333870102,2.254428341384863,0.11406333870101985,,,
27,68.76006441223832,27.47584541062802,1.3955984970477724,2.254428341384863,0.11406333870101985,,,
28,68.76006441223832,27.47584541062802,1.3955984970477724,2.254428341384863,0.11406333870101985,,,
29,67.77375201288245,27.28797638217928,1.3955984970477724,3.4286097691894795,0.11406333870101985,,,
30,59.07809983896941,34.80273752012882,1.3955984970477724,4.609500805152979,0.11406333870101985,,,
31,59.15190552871712,34.77589908749329,1.3955984970477724,4.562533548040794,0.11406333870101985,,,
32,59.39345142243693,34.534353193773484,1.3955984970477724,4.562533548040794,0.11406333870101985,,,
33,59.39345142243693,34.534353193773484,1.3955984970477724,4.562533548040794,0.11406333870101985,,,
34,58.8768115942029,32.930756843800324,1.3955984970477724,4.562533548040794,0.11406333870101985,2.120236178207193,,
35,58.97745571658615,32.85024154589372,1.3955984970477724,4.542404723564144,0.11406333870101985,2.120236178207193,,
36,58.52120236178207,33.3064949006978,1.3955984970477724,4.542404723564144,0.11406333870101985,2.120236178207193,,
37,58.10520665593129,32.608695652173914,1.3955984970477724,5.656199677938808,0.11406333870101985,2.120236178207193,,
38,54.09286097691895,37.88244766505636,1.261406333870102,4.528985507246377,0.11406333870101985,2.120236178207193,,
39,54.24047235641439,37.734836285560924,1.261406333870102,4.528985507246377,0.11406333870101985,2.120236178207193,,
40,54.2740203972088,37.7012882447665,1.261406333870102,4.528985507246377,0.11406333870101985,2.120236178207193,,
41,53.743961352657,31.93773483628556,1.261406333870102,10.983628556092324,0.11406333870101985,1.9592055823939882,,
42,53.6634460547504,32.018250134192165,1.261406333870102,10.983628556092324,0.11406333870101985,1.9592055823939882,,
43,53.67015566290929,32.01154052603328,1.261406333870102,10.983628556092324,0.11406333870101985,1.9592055823939882,,
44,53.696994095544824,31.99141170155663,1.261406333870102,10.976918947933441,0.11406333870101985,1.9592055823939882,,
45,53.60976918947934,31.884057971014492,1.5499194847020934,10.976918947933441,0.11406333870101985,1.865271068169619,,
46,53.435319377348364,32.058507783145465,1.5499194847020934,10.976918947933441,0.11406333870101985,1.865271068169619,,
47,53.56951154052604,31.97799248523886,1.5499194847020934,10.923242082662373,0.11406333870101985,1.865271068169619,,
48,53.72383252818035,30.92458400429415,2.8247450348899625,10.547504025764896,0.11406333870101985,1.865271068169619,,
49,52.83145464304884,31.816961889425656,2.8247450348899625,10.547504025764896,0.11406333870101985,1.865271068169619,,
50,49.9597423510467,34.77589908749329,2.8247450348899625,10.46027911969941,0.11406333870101985,1.865271068169619,,
51,49.27536231884058,34.07139023081052,2.8247450348899625,9.118357487922705,0.11406333870101985,4.5960815888352125,,
52,49.36929683306495,33.97745571658615,2.8247450348899625,9.118357487922705,0.11406333870101985,4.5960815888352125,,
53,49.44981213097155,33.89694041867955,2.8247450348899625,9.118357487922705,0.11406333870101985,4.5960815888352125,,
54,49.44981213097155,33.89694041867955,2.8247450348899625,9.118357487922705,0.11406333870101985,4.5960815888352125,,
55,49.44981213097155,33.89694041867955,2.8247450348899625,9.118357487922705,0.11406333870101985,4.5960815888352125,,
56,49.73161567364466,33.61513687600644,2.8247450348899625,9.118357487922705,0.11406333870101985,4.468599033816425,0.1274825550187869,
57,49.785292538915726,33.561460010735374,2.8247450348899625,9.118357487922705,0.11406333870101985,4.468599033816425,0.1274825550187869,
58,49.7987117552335,33.3870101986044,2.8247450348899625,9.118357487922705,0.06038647342995169,4.468599033816425,0.1274825550187869,0.2147074610842727
59,49.7987117552335,33.3870101986044,2.8247450348899625,9.118357487922705,0.06038647342995169,4.468599033816425,0.1274825550187869,0.2147074610842727
60,49.993290391841114,33.299785292538914,2.8247450348899625,9.118357487922705,0.06038647342995169,4.361245303274289,0.1274825550187869,0.2147074610842727
61,50.053676865271065,33.2662372517445,2.8247450348899625,8.863392377885132,0.06038647342995169,4.361245303274289,0.35560923242082665,0.2147074610842727
62,50.1610305958132,32.98443370907139,2.8113258185721954,8.628556092324208,0.06038647342995169,4.783950617283951,0.35560923242082665,0.2147074610842727
63,50.254965110037574,32.890499194847024,2.8113258185721954,8.628556092324208,0.06038647342995169,4.783950617283951,0.35560923242082665,0.2147074610842727
64,50.3690284487386,32.87707997852925,2.7106816961889426,8.628556092324208,0.06038647342995169,4.783950617283951,0.35560923242082665,0.2147074610842727
65,50.36231884057971,32.971014492753625,2.6972624798711755,8.55475040257649,0.06038647342995169,4.783950617283951,0.35560923242082665,0.2147074610842727
66,50.50322061191626,32.830112721417066,2.6972624798711755,8.55475040257649,0.06038647342995169,4.783950617283951,0.35560923242082665,0.2147074610842727
67,50.6508319914117,32.6959205582394,2.6972624798711755,7.27992485238862,0.06038647342995169,4.74369296833065,0.35560923242082665,1.5163714439076759
68,50.68438003220612,32.689210950080515,2.6704240472356413,7.27992485238862,0.06038647342995169,4.74369296833065,0.35560923242082665,1.5163714439076759
69,50.75147611379496,32.648953301127214,2.6704240472356413,7.27992485238862,0.06038647342995169,4.7168545356951155,0.35560923242082665,1.5163714439076759
70,50.78502415458937,32.628824476650564,2.6704240472356413,7.266505636070853,0.06038647342995169,4.7168545356951155,0.35560923242082665,1.5163714439076759
71,50.81857219538379,32.6154052603328,2.6704240472356413,7.253086419753086,0.06038647342995169,4.7101449275362315,0.35560923242082665,1.5163714439076759
72,50.93263553408481,32.588566827697264,2.6704240472356413,7.253086419753086,0.06038647342995169,4.622920021470746,0.35560923242082665,1.5163714439076759
73,50.93263553408481,32.588566827697264,2.6704240472356413,7.253086419753086,0.06038647342995169,4.622920021470746,0.35560923242082665,1.5163714439076759
74,49.85238862050456,33.66881374127751,2.6704240472356413,7.253086419753086,0.06038647342995169,4.622920021470746,0.35560923242082665,1.5163714439076759
75,49.932903918411164,33.61513687600644,2.6704240472356413,7.226247987117552,0.06038647342995169,4.622920021470746,0.35560923242082665,1.5163714439076759
76,50.046967257112186,33.53462157809984,2.636876006441224,7.226247987117552,0.06038647342995169,4.622920021470746,0.35560923242082665,1.5163714439076759
77,49.946323134728935,33.63526570048309,2.636876006441224,7.226247987117552,0.06038647342995169,4.622920021470746,0.35560923242082665,1.5163714439076759
78,46.91358024691358,36.922973698336016,2.442297369833602,7.1658615136876005,0.06038647342995169,4.622920021470746,0.35560923242082665,1.5163714439076759
79,46.94041867954911,36.922973698336016,2.4355877616747184,7.14573268921095,0.06038647342995169,4.622920021470746,0.35560923242082665,1.5163714439076759
80,46.786097691894796,36.822329575952764,2.4355877616747184,7.14573268921095,0.06038647342995169,4.891304347826087,0.3421900161030596,1.5163714439076759
81,44.20960815888352,39.398819108964034,2.4355877616747184,7.14573268921095,0.06038647342995169,4.891304347826087,0.3421900161030596,1.5163714439076759
82,44.20960815888352,39.398819108964034,2.4355877616747184,7.14573268921095,0.06038647342995169,4.891304347826087,0.3421900161030596,1.5163714439076759
83,44.37734836285561,39.15727321524423,2.4355877616747184,7.14573268921095,0.06038647342995169,4.891304347826087,0.3421900161030596,1.5901771336553945
84,44.38405797101449,39.150563607085346,2.4355877616747184,7.14573268921095,0.06038647342995169,4.891304347826087,0.3421900161030596,1.5901771336553945
85,42.129629629629626,41.76060118089104,2.4355877616747184,7.105475040257649,0.06038647342995169,4.575952764358561,0.3421900161030596,1.5901771336553945
86,42.250402576489535,41.639828234031135,2.4355877616747184,7.105475040257649,0.06038647342995169,4.575952764358561,0.3421900161030596,1.5901771336553945
87,42.41814278046162,41.337895866881375,2.4355877616747184,7.105475040257649,0.19457863660762212,4.575952764358561,0.3421900161030596,1.5901771336553945
88,42.32420826623725,41.0426731078905,2.8650026838432634,7.092055823939882,0.19457863660762212,4.575952764358561,0.3153515834675255,1.5901771336553945
89,42.40472356414385,41.0426731078905,2.8650026838432634,7.092055823939882,0.19457863660762212,4.49543746645196,0.3153515834675255,1.5901771336553945
90,42.599302200751474,40.9621578099839,2.844873859366613,7.058507783145465,0.19457863660762212,4.435050993022007,0.3153515834675255,1.5901771336553945
91,38.868760064412236,43.853998926462694,2.576489533011272,6.998121309715513,0.19457863660762212,5.60252281266774,0.3153515834675255,1.5901771336553945
92,37.25174449812131,43.223295759527645,2.576489533011272,9.245840042941492,0.19457863660762212,5.60252281266774,0.3153515834675255,1.5901771336553945
93,37.39935587761675,43.07568438003221,2.576489533011272,9.245840042941492,0.19457863660762212,5.60252281266774,0.3153515834675255,1.5901771336553945
94,37.493290391841114,43.02871712292002,2.576489533011272,9.212292002147075,0.19457863660762212,5.60252281266774,0.30193236714975846,1.5901771336553945
95,37.567096081588836,42.98845947396672,2.576489533011272,9.212292002147075,0.19457863660762212,5.5689747718733225,0.30193236714975846,1.5901771336553945
96,37.52012882447665,43.10252281266774,2.576489533011272,9.212292002147075,0.19457863660762212,5.501878690284487,0.30193236714975846,1.5901771336553945
97,37.76167471819646,42.88781535158347,2.5496511003757383,9.212292002147075,0.19457863660762212,5.501878690284487,0.30193236714975846,1.5901771336553945
98,37.82206119162641,42.82742887815352,2.5496511003757383,9.212292002147075,0.19457863660762212,5.501878690284487,0.30193236714975846,1.5901771336553945
99,37.74154589371981,43.01529790660226,2.5496511003757383,9.145195920558239,0.19457863660762212,5.501878690284487,0.30193236714975846,1.5499194847020934
100,37.72141706924316,42.96833064949007,2.5496511003757383,7.85024154589372,1.8853998926462694,5.501878690284487,0.30193236714975846,1.221148684916801
101,37.795222758990874,42.89452495974235,2.5496511003757383,7.85024154589372,1.8853998926462694,5.501878690284487,0.30193236714975846,1.221148684916801
102,37.96967257112185,42.74691358024691,2.5496511003757383,7.823403113258186,1.8853998926462694,5.501878690284487,0.30193236714975846,1.221148684916801
103,32.427536231884055,48.32259796027912,2.5496511003757383,7.7898550724637685,1.8853998926462694,5.501878690284487,0.30193236714975846,1.221148684916801
104,32.59527643585615,48.15485775630703,2.5496511003757383,7.7898550724637685,1.8853998926462694,5.501878690284487,0.30193236714975846,1.221148684916801
105,32.648953301127214,48.101180891035966,2.5496511003757383,7.7898550724637685,1.8853998926462694,5.501878690284487,0.30193236714975846,1.221148684916801
106,32.70263016639828,48.07434245840043,2.5496511003757383,7.763016639828234,1.8853998926462694,5.501878690284487,0.30193236714975846,1.221148684916801
107,32.80327428878154,48.07434245840043,2.5496511003757383,7.742887815351583,1.8250134192163177,5.481749865807837,0.30193236714975846,1.221148684916801
108,33.09849704777241,47.85963499731616,2.5161030595813205,7.742887815351583,1.8250134192163177,5.4549114331723025,0.30193236714975846,1.2010198604401503
109,33.333333333333336,47.44363929146538,2.7509393451422435,7.742887815351583,1.7981749865807837,5.428073000536768,0.30193236714975846,1.2010198604401503
110,33.43397745571659,47.43022007514761,2.7509393451422435,7.689210950080516,1.5365002683843263,5.394524959742351,0.30193236714975846,1.4626945786366077
111,33.48094471282877,47.38996242619431,2.7509393451422435,7.682501341921632,1.5365002683843263,5.394524959742351,0.30193236714975846,1.4626945786366077
112,33.55475040257649,47.155126140633385,2.7509393451422435,7.682501341921632,1.6975308641975309,5.394524959742351,0.30193236714975846,1.4626945786366077
113,33.55475040257649,47.155126140633385,2.7509393451422435,7.682501341921632,1.6975308641975309,5.394524959742351,0.30193236714975846,1.4626945786366077
114,33.762748255501876,47.04106280193237,2.7509393451422435,7.387278582930757,1.6035963499731616,5.689747718733226,0.30193236714975846,1.4626945786366077
115,33.80971551261406,45.06843800322061,2.737520128824477,7.333601717659689,1.4694041867954912,7.816693505099302,0.30193236714975846,1.4626945786366077
116,33.943907675791735,45.05501878690284,2.737520128824477,7.212828770799785,1.4694041867954912,7.816693505099302,0.30193236714975846,1.4626945786366077
117,33.9975845410628,45.02147074610843,2.717391304347826,7.212828770799785,1.4694041867954912,7.816693505099302,0.30193236714975846,1.4626945786366077
118,34.265968867418145,44.840311325818575,2.703972088030059,7.1725711218464845,1.4694041867954912,7.816693505099302,0.30193236714975846,1.42914653784219
119,34.306226516371446,44.82018250134192,2.703972088030059,7.1725711218464845,1.4694041867954912,7.796564680622652,0.30193236714975846,1.42914653784219
120,34.35990338164251,44.76650563607085,2.703972088030059,7.1725711218464845,1.4694041867954912,7.796564680622652,0.30193236714975846,1.42914653784219
121,34.366612989801396,44.26999463231347,2.703972088030059,7.105475040257649,1.4694041867954912,7.796564680622652,0.30193236714975846,1.9860440150295222
122,33.76945786366076,44.12909286097692,2.1806226516371443,5.260332796564681,0.9326355340848095,11.500268384326356,0.27509393451422437,1.9524959742351047
123,32.82340311325819,38.47289318303811,2.0397208803005906,4.51556629092861,0.9326355340848095,18.988191089640367,0.27509393451422437,1.9524959742351047
124,32.870370370370374,38.238056897477186,2.0397208803005906,4.51556629092861,1.1473429951690821,18.96135265700483,0.27509393451422437,1.9524959742351047
125,32.407407407407405,38.0703166935051,2.0397208803005906,3.7775093934514223,1.1473429951690821,20.33011272141707,0.27509393451422437,1.9524959742351047
126,32.54830917874396,37.92941492216855,2.0397208803005906,3.7775093934514223,1.1473429951690821,20.33011272141707,0.27509393451422437,1.9524959742351047
127,32.669082125603865,37.546967257112186,2.0397208803005906,3.7775093934514223,1.5096618357487923,20.229468599033815,0.27509393451422437,1.9524959742351047
128,32.809983896940416,37.52012882447665,2.0397208803005906,3.7372517444981215,1.4962426194310252,20.229468599033815,0.27509393451422437,1.892109500805153
129,32.971014492753625,37.35909822866345,2.0397208803005906,3.7372517444981215,1.4962426194310252,20.229468599033815,0.27509393451422437,1.892109500805153
130,33.071658615136876,37.30542136339238,2.0397208803005906,3.7372517444981215,1.4962426194310252,20.229468599033815,0.27509393451422437,1.8451422436929683
131,33.333333333333336,37.13768115942029,2.0263016639828235,3.656736446591519,1.4962426194310252,20.229468599033815,0.27509393451422437,1.8451422436929683
132,33.467525496511,37.02361782071927,2.0263016639828235,3.656736446591519,1.4962426194310252,20.209339774557165,0.27509393451422437,1.8451422436929683
133,33.80971551261406,37.02361782071927,2.0263016639828235,3.656736446591519,1.4962426194310252,19.867149758454108,0.27509393451422437,1.8451422436929683
134,33.675523349436396,36.85587761674718,2.6301663982823404,3.502415458937198,1.4962426194310252,19.719538378958667,0.27509393451422437,1.8451422436929683
135,33.77616747181965,36.75523349436393,2.6301663982823404,3.502415458937198,1.4962426194310252,19.51154052603328,0.4830917874396135,1.8451422436929683
136,33.80971551261406,36.75523349436393,2.623456790123457,3.502415458937198,1.4962426194310252,19.484702093397747,0.4830917874396135,1.8451422436929683
137,33.984165324745035,36.72839506172839,2.623456790123457,3.502415458937198,1.4962426194310252,19.33709071390231,0.4830917874396135,1.8451422436929683
138,34.15190552871712,36.66800858829844,2.623456790123457,3.502415458937198,1.4962426194310252,19.229736983360173,0.4830917874396135,1.8451422436929683
139,34.21229200214707,36.63446054750403,2.623456790123457,3.475577026301664,1.4962426194310252,19.229736983360173,0.4830917874396135,1.8451422436929683
140,33.964036500268385,36.37949543746645,2.5161030595813205,3.475577026301664,1.4962426194310252,19.840311325818572,0.4830917874396135,1.8451422436929683
141,32.098765432098766,38.37224906065486,2.5161030595813205,3.3480944712828773,1.4962426194310252,19.840311325818572,0.4830917874396135,1.8451422436929683
142,32.387278582930755,38.0300590445518,2.5161030595813205,3.3145464304884595,1.6505636070853462,19.773215244229736,0.4830917874396135,1.8451422436929683
143,32.50805152979066,37.9495437466452,2.509393451422437,3.2877079978529253,1.6505636070853462,19.766505636070853,0.4830917874396135,1.8451422436929683
144,32.50805152979066,37.9495437466452,2.509393451422437,3.2877079978529253,1.6505636070853462,19.766505636070853,0.4830917874396135,1.8451422436929683
145,32.50805152979066,37.9495437466452,2.509393451422437,3.2877079978529253,1.6505636070853462,19.766505636070853,0.4830917874396135,1.8451422436929683
146,32.11218464841653,37.432903918411164,2.509393451422437,3.2877079978529253,1.6505636070853462,20.283145464304884,0.4830917874396135,2.2410091250670963
147,31.93102522812668,34.64170692431562,2.4154589371980677,3.2742887815351582,1.6304347826086956,23.382984433709073,0.4830917874396135,2.2410091250670963
148,31.97799248523886,34.64170692431562,2.4154589371980677,3.2541599570585076,1.6304347826086956,23.356146001073537,0.4830917874396135,2.2410091250670963
149,32.024959742351044,34.594739667203434,2.4154589371980677,3.2541599570585076,1.6304347826086956,23.356146001073537,0.4830917874396135,2.2410091250670963
150,32.024959742351044,34.50751476113795,2.6167471819645733,3.1199677938808374,1.6304347826086956,23.376274825550187,0.4830917874396135,2.2410091250670963
151,32.038378958668815,34.50751476113795,2.6167471819645733,3.1199677938808374,1.6304347826086956,23.362855609232422,0.4830917874396135,2.2410091250670963
152,32.1658615136876,34.40016103059581,2.6167471819645733,2.965646806226516,1.5767579173376274,23.55072463768116,0.4830917874396135,2.2410091250670963
153,32.22624798711755,34.33977455716586,2.6167471819645733,2.965646806226516,1.5767579173376274,23.55072463768116,0.4830917874396135,2.2410091250670963
154,32.387278582930755,34.333064949006975,2.5831991411701556,2.871712292002147,1.5767579173376274,23.262211486849168,0.4830917874396135,2.5026838432635534
155,32.387278582930755,34.292807300053674,2.737520128824477,2.8515834675254963,1.5767579173376274,23.262211486849168,0.4830917874396135,2.408749329039184
156,32.15244229736983,34.252549651100374,2.737520128824477,3.8378958668813743,1.5767579173376274,22.564412238325282,0.46967257112184646,2.408749329039184
157,32.19269994632314,34.225711218464845,2.7241009125067097,3.8378958668813743,1.5767579173376274,22.564412238325282,0.46967257112184646,2.408749329039184
158,32.2866344605475,34.13177670424047,2.7241009125067097,3.8378958668813743,1.5767579173376274,22.564412238325282,0.46967257112184646,2.408749329039184
159,32.31347289318304,34.10493827160494,2.7241009125067097,3.8378958668813743,1.5767579173376274,22.564412238325282,0.46967257112184646,2.408749329039184
160,32.27321524422974,34.084809447128286,2.7241009125067097,3.7037037037037037,1.415727321524423,22.7187332259796,0.46967257112184646,2.61003757380569
161,32.64224369296833,33.85668276972625,2.5831991411701556,3.7037037037037037,1.415727321524423,22.7187332259796,0.46967257112184646,2.61003757380569
162,32.79656468062265,33.467525496511,2.5831991411701556,3.9855072463768115,1.415727321524423,22.67176596886742,0.46967257112184646,2.61003757380569
163,32.9374664519592,33.40713902308105,2.5831991411701556,3.9586688137412773,1.415727321524423,22.61808910359635,0.46967257112184646,2.61003757380569
164,25.409286097691894,41.317767042404725,2.5831991411701556,3.8580246913580245,1.415727321524423,22.33628556092324,0.46967257112184646,2.61003757380569
165,25.214707461084274,41.47208803005905,2.5831991411701556,3.8580246913580245,1.5499194847020934,22.24235104669887,0.46967257112184646,2.61003757380569
166,25.55018786902845,41.31105743424584,2.5563607085346214,3.8580246913580245,1.5499194847020934,22.094739667203434,0.46967257112184646,2.61003757380569
167,25.811862587224905,41.06951154052604,2.5563607085346214,3.8580246913580245,1.5499194847020934,22.074610842726784,0.46967257112184646,2.61003757380569
168,25.644122383252817,40.83467525496511,2.5563607085346214,4.28743961352657,1.5499194847020934,22.04777241009125,0.46967257112184646,2.61003757380569
169,25.89237788513151,40.61996779388084,2.5563607085346214,4.28743961352657,1.5499194847020934,22.014224369296834,0.46967257112184646,2.61003757380569
170,25.946054750402578,40.60654857756307,2.5429414922168547,4.28743961352657,1.5499194847020934,21.987385936661298,0.46967257112184646,2.61003757380569
171,25.97289318303811,40.60654857756307,2.5429414922168547,4.28743961352657,1.5499194847020934,21.960547504025765,0.46967257112184646,2.61003757380569
172,26.03327965646806,40.57300053676865,2.5429414922168547,4.28743961352657,1.5432098765432098,21.940418679549115,0.46967257112184646,2.61003757380569
173,26.127214170692433,40.54616210413312,2.5429414922168547,4.28743961352657,1.5432098765432098,21.87332259796028,0.46967257112184646,2.61003757380569
174,26.39559849704777,40.324745034889965,2.5429414922168547,4.26731078904992,1.5432098765432098,21.846484165324746,0.46967257112184646,2.61003757380569
175,26.596886741814277,40.284487385936664,2.5429414922168547,4.2203435319377345,1.5432098765432098,21.732420826623724,0.46967257112184646,2.61003757380569
176,26.583467525496513,40.284487385936664,2.522812667740204,4.2203435319377345,1.5432098765432098,21.081588835212024,1.1540526033279657,2.61003757380569
177,26.650563607085346,40.23081052066559,2.522812667740204,4.2203435319377345,1.5432098765432098,21.068169618894256,1.1540526033279657,2.61003757380569
178,25.91250670960816,39.110305958132045,2.49597423510467,6.568706387546968,1.5432098765432098,20.605206655931294,1.1540526033279657,2.61003757380569
179,25.986312399355878,39.070048309178745,2.49597423510467,6.535158346752549,1.5432098765432098,20.605206655931294,1.1540526033279657,2.61003757380569
180,26.006441223832528,39.049919484702095,2.49597423510467,6.535158346752549,1.5432098765432098,20.605206655931294,1.1540526033279657,2.61003757380569
181,26.20101986044015,38.86205045625336,2.49597423510467,6.528448738593666,1.5432098765432098,20.605206655931294,1.1540526033279657,2.61003757380569
182,26.341921631776703,38.821792807300056,2.49597423510467,6.515029522275899,1.5432098765432098,20.52469135802469,1.1540526033279657,2.6033279656468062
183,26.35534084809447,38.808373590982285,2.49597423510467,6.515029522275899,1.5432098765432098,20.52469135802469,1.1540526033279657,2.6033279656468062
184,26.435856146001072,38.77482555018787,2.49597423510467,6.515029522275899,1.5432098765432098,20.477724100912507,1.1540526033279657,2.6033279656468062
185,26.54320987654321,38.768115942028984,2.49597423510467,6.515029522275899,1.5432098765432098,20.377079978529252,1.1540526033279657,2.6033279656468062
186,26.838432635534083,38.486312399355874,2.49597423510467,6.515029522275899,1.5432098765432098,20.363660762211488,1.1540526033279657,2.6033279656468062
187,26.986044015029524,38.39237788513151,2.49597423510467,6.515029522275899,1.5432098765432098,20.316693505099302,1.1540526033279657,2.5966183574879227
188,26.992753623188406,38.39237788513151,2.49597423510467,6.508319914117015,1.5432098765432098,20.316693505099302,1.1540526033279657,2.5966183574879227
189,27.106816961889425,38.31186258722491,2.49597423510467,6.508319914117015,1.5432098765432098,20.283145464304884,1.1540526033279657,2.5966183574879227
190,27.086688137412775,38.0703166935051,2.4691358024691357,6.508319914117015,1.5432098765432098,20.249597423510465,1.1540526033279657,2.918679549114332
191,26.50966183574879,36.93639291465379,2.4691358024691357,10.742082662372518,1.5432098765432098,18.12265163714439,1.1540526033279657,2.522812667740204
192,26.576757917337627,36.89613526570049,2.4691358024691357,10.742082662372518,1.5432098765432098,18.095813204508858,1.1540526033279657,2.522812667740204
193,25.348899624261943,36.30568974771873,2.462426194310252,12.808641975308642,1.482823403113258,18.089103596349972,1.1540526033279657,2.3483628556092326
194,25.40257648953301,36.30568974771873,2.462426194310252,12.76838432635534,1.482823403113258,18.075684380032207,1.1540526033279657,2.3483628556092326
195,25.429414922168544,36.30568974771873,2.462426194310252,12.754965110037574,1.482823403113258,18.06226516371444,1.1540526033279657,2.3483628556092326
196,25.577026301663984,36.178207192699944,2.462426194310252,12.741545893719806,1.4761137949543746,18.06226516371444,1.1540526033279657,2.3483628556092326
197,25.677670424047236,36.14465915190553,2.462426194310252,12.694578636607622,1.4761137949543746,18.06226516371444,1.1540526033279657,2.328234031132582
198,25.691089640365004,36.131239935587764,2.462426194310252,12.694578636607622,1.4761137949543746,18.06226516371444,1.1540526033279657,2.328234031132582
199,25.684380032206118,36.030595813204506,2.462426194310252,12.694578636607622,1.4761137949543746,18.169618894256576,1.1540526033279657,2.328234031132582
200,24.530327428878152,37.245034889962426,2.4020397208803006,12.694578636607622,1.4761137949543746,18.169618894256576,1.1540526033279657,2.328234031132582
201,24.63768115942029,37.33225979602791,2.3550724637681157,12.647611379495437,1.4761137949543746,18.06897477187332,1.1540526033279657,2.328234031132582
202,24.778582930756844,37.29200214707461,2.3550724637681157,12.647611379495437,1.4761137949543746,17.96833064949007,1.1540526033279657,2.328234031132582
203,24.9597423510467,37.19806763285024,2.3550724637681157,12.647611379495437,1.4761137949543746,17.881105743424584,1.1540526033279657,2.328234031132582
204,25.295222758990874,36.902844873859365,2.314814814814815,12.647611379495437,1.4761137949543746,17.881105743424584,1.1540526033279657,2.328234031132582
205,24.235104669887278,35.63472893183038,2.2342995169082127,15.056360708534621,1.4761137949543746,17.881105743424584,1.1540526033279657,2.328234031132582
206,24.4699409554482,35.39989264626946,2.2342995169082127,15.03623188405797,1.8048845947396672,17.57246376811594,1.1540526033279657,2.328234031132582
207,24.550456253354803,35.33279656468062,2.2342995169082127,15.03623188405797,1.8048845947396672,17.559044551798173,1.1540526033279657,2.328234031132582
208,24.61755233494364,35.319377348362856,2.2342995169082127,15.009393451422437,1.778046162104133,17.559044551798173,1.1540526033279657,2.328234031132582
209,25.013419216317768,35.23215244229737,2.073268921095008,14.962426194310252,1.7579173376274826,17.54562533548041,1.1540526033279657,2.2611379495437465
210,25.15432098765432,35.158346752549654,2.073268921095008,14.962426194310252,1.7579173376274826,17.49194847020934,1.1406333870101986,2.2611379495437465
211,25.214707461084274,35.0979602791197,2.073268921095008,14.962426194310252,1.7579173376274826,17.49194847020934,1.1406333870101986,2.2611379495437465
212,25.32206119162641,35.07783145464305,2.0665593129361244,14.949006977992486,1.7579173376274826,17.424852388620504,1.1406333870101986,2.2611379495437465
213,25.45625335480408,35.06441223832528,2.0665593129361244,14.828234031132581,1.7579173376274826,17.424852388620504,1.1406333870101986,2.2611379495437465
214,25.489801395598498,35.06441223832528,2.0665593129361244,14.828234031132581,1.7579173376274826,17.391304347826086,1.1406333870101986,2.2611379495437465
215,25.583735909822867,34.97047772410091,2.0665593129361244,14.828234031132581,1.7579173376274826,17.391304347826086,1.1406333870101986,2.2611379495437465
216,25.348899624261943,34.78931830381106,4.126409017713366,13.18438003220612,1.7579173376274826,17.391304347826086,1.1406333870101986,2.2611379495437465
217,25.51663982823403,34.77589908749329,4.086151368760064,13.170960815888352,1.7579173376274826,17.290660225442835,1.1406333870101986,2.2611379495437465
218,25.697799248523886,34.66854535695116,4.05931293612453,13.170960815888352,1.7579173376274826,17.24369296833065,1.1406333870101986,2.2611379495437465
219,25.77831454643049,34.62157809983897,4.05931293612453,13.170960815888352,1.7579173376274826,17.24369296833065,1.1272141706924315,2.2410091250670963
220,25.95276435856146,34.54777241009125,4.05931293612453,13.170960815888352,1.7579173376274826,17.24369296833065,1.1272141706924315,2.1403650026838434
221,26.120504562533547,34.45383789586688,4.05931293612453,13.123993558776167,1.751207729468599,17.223564143854,1.1272141706924315,2.1403650026838434
222,26.31508319914117,34.37332259796028,4.05931293612453,13.036768652710682,1.751207729468599,17.223564143854,1.1272141706924315,2.1135265700483092
223,26.442565754159958,34.29951690821256,4.05931293612453,12.99651100375738,1.751207729468599,17.216854535695116,1.1205045625335481,2.1135265700483092
224,26.556629092860977,34.21229200214707,4.05931293612453,12.969672571121846,1.751207729468599,17.216854535695116,1.1205045625335481,2.1135265700483092
225,26.570048309178745,34.21229200214707,4.045893719806763,12.969672571121846,1.751207729468599,17.216854535695116,1.1205045625335481,2.1135265700483092
226,26.939076757917338,34.20558239398819,4.045893719806763,12.72812667740204,1.7444981213097155,17.102791196994094,1.1205045625335481,2.1135265700483092
227,27.006172839506174,34.19887278582931,4.045893719806763,12.72812667740204,1.7444981213097155,17.09608158883521,1.1003757380568975,2.0799785292538915
228,27.046430488459475,34.19216317767042,4.045893719806763,12.72812667740204,1.737788513150832,17.06924315619968,1.1003757380568975,2.0799785292538915
229,27.147074610842726,34.13848631239936,4.045893719806763,12.714707461084272,1.7310789049919484,17.06924315619968,1.1003757380568975,2.0531400966183573
230,27.106816961889425,34.11835748792271,4.045893719806763,12.70799785292539,1.90552871712292,16.968599033816425,1.1003757380568975,2.046430488459474
231,26.838432635534083,33.9975845410628,4.045893719806763,12.325550187869029,1.90552871712292,17.74020397208803,1.1003757380568975,2.046430488459474
232,26.959205582393988,33.9975845410628,4.045893719806763,12.325550187869029,1.90552871712292,17.619431025228128,1.1003757380568975,2.046430488459474
233,27.160493827160494,33.742619431025226,3.750670960815888,12.13768115942029,1.90552871712292,18.156199677938808,1.1003757380568975,2.046430488459474
234,27.24771873322598,33.66881374127751,3.7372517444981215,12.13768115942029,1.90552871712292,18.156199677938808,1.1003757380568975,2.046430488459474
235,27.32823403113258,33.65539452495974,3.7372517444981215,12.104133118625873,1.90552871712292,18.149490069779926,1.0735373054213635,2.046430488459474
236,27.38191089640365,33.64868491680086,3.7372517444981215,12.104133118625873,1.90552871712292,18.10252281266774,1.0735373054213635,2.046430488459474
237,27.395330112721417,33.64868491680086,3.7372517444981215,12.104133118625873,1.90552871712292,18.089103596349972,1.0735373054213635,2.046430488459474
238,27.529522275899087,33.62855609232421,3.7372517444981215,12.04374664519592,1.90552871712292,18.06226516371444,1.0735373054213635,2.01959205582394
239,27.737520128824478,33.59500805152979,3.7372517444981215,12.04374664519592,1.90552871712292,17.921363392377884,1.0399892646269457,2.01959205582394
240,27.76435856146001,33.59500805152979,3.7372517444981215,12.04374664519592,1.90552871712292,17.894524959742352,1.0399892646269457,2.01959205582394
241,27.811325818572197,33.42055823939882,3.7372517444981215,11.990069779924852,1.90552871712292,17.793880837359097,1.0399892646269457,2.301395598497048
242,27.84487385936661,33.42055823939882,3.7372517444981215,11.956521739130435,1.90552871712292,17.793880837359097,1.0399892646269457,2.301395598497048
243,27.84487385936661,33.42055823939882,3.7372517444981215,11.956521739130435,1.90552871712292,17.793880837359097,1.0399892646269457,2.301395598497048
244,27.992485238862052,33.42055823939882,3.730542136339238,11.829039184111648,1.90552871712292,17.780461621041333,1.0399892646269457,2.301395598497048
245,28.032742887815353,33.400429414922165,3.730542136339238,11.829039184111648,1.90552871712292,17.76033279656468,1.0399892646269457,2.301395598497048
246,27.80461621041331,33.70907139023081,3.6634460547504024,11.829039184111648,1.90552871712292,17.746913580246915,1.0399892646269457,2.301395598497048
247,27.58990874932904,33.380300590445515,3.6634460547504024,11.829039184111648,1.8719806763285025,17.746913580246915,1.0399892646269457,2.8784219001610305
248,27.616747181964573,33.3064949006978,4.012345679012346,11.829039184111648,1.8719806763285025,17.458400429414922,1.0265700483091786,2.8784219001610305
249,27.616747181964573,33.3064949006978,4.012345679012346,11.829039184111648,1.8719806763285025,17.458400429414922,1.0265700483091786,2.8784219001610305
250,27.68384326355341,33.2662372517445,4.012345679012346,11.802200751476114,1.8719806763285025,17.458400429414922,1.0265700483091786,2.8784219001610305
251,27.74422973698336,33.17230273752013,4.146537842190016,11.802200751476114,1.8719806763285025,17.357756307031668,1.0265700483091786,2.8784219001610305
252,27.77777777777778,33.1454643048846,4.146537842190016,11.802200751476114,1.8719806763285025,17.351046698872786,1.0265700483091786,2.8784219001610305
253,27.616747181964573,33.1454643048846,4.918142780461621,11.802200751476114,1.8719806763285025,16.76731078904992,0.9997316156736447,2.8784219001610305
254,27.643585614600106,33.11862587224906,4.918142780461621,11.802200751476114,1.8719806763285025,16.76731078904992,0.9997316156736447,2.8784219001610305
255,27.871712292002147,32.991143317230275,4.918142780461621,11.761943102522812,1.8719806763285025,16.70692431561997,0.9997316156736447,2.8784219001610305
256,27.891841116478798,32.971014492753625,4.918142780461621,11.761943102522812,1.8719806763285025,16.70692431561997,0.9997316156736447,2.8784219001610305
257,27.70397208803006,32.68250134192163,5.3341384863123995,11.75523349436393,2.01959205582394,16.626409017713364,0.9997316156736447,2.8784219001610305
258,28.026033279656467,32.628824476650564,5.267042404723564,11.748523886205046,2.01959205582394,16.431830381105744,0.9997316156736447,2.8784219001610305
259,28.026033279656467,32.628824476650564,5.267042404723564,11.748523886205046,2.01959205582394,16.431830381105744,0.9997316156736447,2.8784219001610305
260,28.166935050993022,32.588566827697264,5.267042404723564,11.748523886205046,2.01959205582394,16.337895866881375,0.9930220075147611,2.8784219001610305
261,28.361513687600645,32.2866344605475,5.267042404723564,11.728395061728396,2.167203435319377,16.337895866881375,0.9930220075147611,2.85829307568438
262,28.455448201825014,32.26650563607085,5.260332796564681,11.728395061728396,2.167203435319377,16.27079978529254,0.9930220075147611,2.85829307568438
263,28.515834675254965,32.21953837895867,5.246913580246914,11.728395061728396,2.167203435319377,16.27079978529254,0.9930220075147611,2.85829307568438
264,28.56280193236715,31.796833064949006,5.636070853462158,11.714975845410628,2.167203435319377,16.27079978529254,0.9930220075147611,2.85829307568438
265,28.569511540526033,31.790123456790123,5.636070853462158,11.714975845410628,2.167203435319377,16.27079978529254,0.9930220075147611,2.85829307568438
266,28.569511540526033,31.608964036500268,5.636070853462158,11.714975845410628,2.3483628556092326,16.27079978529254,0.9930220075147611,2.85829307568438
267,28.609769189479334,31.602254428341386,5.636070853462158,11.714975845410628,2.3483628556092326,16.23725174449812,0.9930220075147611,2.85829307568438
268,28.609769189479334,31.602254428341386,5.636070853462158,11.714975845410628,2.3483628556092326,16.23725174449812,0.9930220075147611,2.85829307568438
269,28.71712292002147,31.49490069779925,5.636070853462158,11.714975845410628,2.3483628556092326,16.23725174449812,0.9930220075147611,2.85829307568438
270,28.884863123993558,31.468062265163713,5.636070853462158,11.668008588298443,2.314814814814815,16.19699409554482,0.9930220075147611,2.8381642512077296
271,29.005636070853463,31.394256575415994,5.622651637144391,11.668008588298443,2.314814814814815,16.163446054750402,0.9930220075147611,2.8381642512077296
272,29.052603327965645,31.34728931830381,5.622651637144391,11.668008588298443,2.314814814814815,16.163446054750402,0.9930220075147611,2.8381642512077296
273,29.07944176060118,31.34728931830381,5.622651637144391,11.641170155662909,2.314814814814815,16.163446054750402,0.9930220075147611,2.8381642512077296
274,29.25389157273215,30.95813204508857,5.589103596349974,11.627750939345143,2.314814814814815,16.11647879763822,0.9930220075147611,3.1468062265163717
275,29.25389157273215,30.95813204508857,5.589103596349974,11.627750939345143,2.314814814814815,16.11647879763822,0.9930220075147611,3.1468062265163717
276,29.314278046162105,30.951422436929683,5.589103596349974,11.600912506709609,2.3081052066559313,16.09634997316157,0.9930220075147611,3.1468062265163717
277,29.388083735909824,30.938003220611915,5.589103596349974,11.600912506709609,2.3081052066559313,16.035963499731615,0.9930220075147611,3.1468062265163717
278,29.56924315619968,30.864197530864196,5.535426731078905,11.58749329039184,2.3081052066559313,16.022544283413847,0.9930220075147611,3.1199677938808374
279,29.56924315619968,30.864197530864196,5.535426731078905,11.58749329039184,2.3081052066559313,16.022544283413847,0.9930220075147611,3.1199677938808374
280,29.61621041331186,30.844068706387546,5.535426731078905,11.560654857756306,2.3081052066559313,16.022544283413847,0.9930220075147611,3.1199677938808374
281,29.750402576489535,30.817230273752013,5.495169082125604,11.54723564143854,2.3081052066559313,15.96886741814278,0.9930220075147611,3.1199677938808374
282,29.918142780461622,30.756843800322063,5.495169082125604,11.52710681696189,2.3081052066559313,15.915190552871712,0.9930220075147611,3.0864197530864197
