,45,50,51,53,54,55,52,56,58,57
0,99.8792270531401,0.12077294685990338,,,,,,,,
1,97.66505636070853,2.3349436392914655,,,,,,,,
2,95.90713902308106,4.092860976918948,,,,,,,,
3,93.62587224906065,6.374127750939345,,,,,,,,
4,93.25013419216317,6.749865807836822,,,,,,,,
5,86.56736446591519,13.43263553408481,,,,,,,,
6,85.3395061728395,14.42565754159957,0.12077294685990338,0.11406333870101985,,,,,,
7,85.28582930756843,14.479334406870638,0.12077294685990338,0.11406333870101985,,,,,,
8,84.66183574879227,15.11003757380569,0.12077294685990338,0.10735373054213634,,,,,,
9,84.73564143853999,14.80810520665593,0.12077294685990338,0.33548040794417605,,,,,,
10,80.91116478797638,18.42458400429415,0.2549651100375738,0.2683843263553409,0.14090177133655393,,,,,
11,73.7385936661299,25.670960815888353,0.18115942028985507,0.2683843263553409,0.14090177133655393,,,,,
12,69.68599033816425,29.723564143854,0.18115942028985507,0.2683843263553409,0.14090177133655393,,,,,
13,53.22061191626409,46.47074610842727,0.13419216317767044,0.0939345142243693,0.08051529790660225,,,,,
14,53.67015566290929,46.04804079441761,0.10735373054213634,0.0939345142243693,0.08051529790660225,,,,,
15,53.12667740203972,46.59151905528717,0.10735373054213634,0.0939345142243693,0.08051529790660225,,,,,
16,53.34138486312399,46.3768115942029,0.10735373054213634,0.0939345142243693,0.08051529790660225,,,,,
17,53.26757917337628,46.383521202361784,0.10735373054213634,0.0939345142243693,0.08051529790660225,0.06709608158883522,,,,
18,52.19404186795491,47.457058507783145,0.10735373054213634,0.0939345142243693,0.08051529790660225,0.06709608158883522,,,,
19,52.482555018786904,46.88003220611916,0.10735373054213634,0.2281266774020397,0.23483628556092323,0.06709608158883522,,,,
20,52.8918411164788,46.47074610842727,0.10735373054213634,0.2281266774020397,0.23483628556092323,0.06709608158883522,,,,
21,53.14009661835749,45.90713902308105,0.10735373054213634,0.5568974771873323,0.2214170692431562,0.06709608158883522,,,,
22,52.99919484702093,46.04804079441761,0.10735373054213634,0.5568974771873323,0.2214170692431562,0.06709608158883522,,,,
23,52.09339774557166,46.95383789586688,0.10735373054213634,0.5568974771873323,0.2214170692431562,0.06709608158883522,,,,
24,52.17391304347826,46.70558239398819,0.10735373054213634,0.5501878690284487,0.2214170692431562,0.24154589371980675,,,,
25,50.88566827697262,48.007246376811594,0.10735373054213634,0.5367686527106817,0.2214170692431562,0.24154589371980675,,,,
26,51.207729468599034,47.557702630166396,0.10735373054213634,0.5367686527106817,0.2214170692431562,0.36902844873859364,,,,
27,42.33762748255502,55.70987654320987,0.10735373054213634,1.5767579173376274,0.14090177133655393,0.1274825550187869,,,,
28,41.79414922168545,56.11916264090177,0.04696725711218465,1.5499194847020934,0.2885131508319914,0.20128824476650564,,,,
29,41.83440687063875,52.56977992485239,0.04696725711218465,1.9927536231884058,3.3548040794417604,0.20128824476650564,,,,
30,38.7614063338701,56.03193773483628,0.04696725711218465,1.7579173376274826,3.2004830917874396,0.20128824476650564,,,,
31,38.191089640365,47.32286634460547,0.04696725711218465,1.778046162104133,3.0059044551798175,0.20128824476650564,9.453837895866881,,,
32,38.69431025228127,46.15539452495974,0.04696725711218465,1.7579173376274826,2.952227589908749,0.20128824476650564,8.568169618894256,1.6237251744498122,,
33,39.371980676328505,43.12936124530327,0.04696725711218465,1.6908212560386473,2.932098765432099,0.20128824476650564,11.003757380568974,1.6237251744498122,,
34,39.65378421900161,42.860976918947934,0.04696725711218465,1.8786902844873858,2.918679549114332,0.20128824476650564,10.869565217391305,1.570048309178744,,
35,40.042941492216855,42.27724100912507,0.04696725711218465,1.9457863660762211,2.871712292002147,0.46967257112184646,10.815888352120236,1.5297906602254427,,
36,40.49919484702093,42.069243156199676,0.04696725711218465,1.9122383252818036,2.85829307568438,0.46967257112184646,10.641438539989265,1.5029522275899088,,
37,39.46591519055287,39.25791733762748,4.522275899087493,1.9122383252818036,2.85829307568438,0.46296296296296297,10.02415458937198,1.4962426194310252,,
38,39.452495974235106,37.546967257112186,4.522275899087493,1.90552871712292,4.777241009125067,0.3153515834675255,9.98389694041868,1.4962426194310252,,
39,39.351851851851855,36.81561996779388,5.649490069779925,1.3419216317767042,4.757112184648417,0.644122383252818,9.943639291465379,1.4962426194310252,,
40,39.60681696188943,36.65458937198068,5.609232420826624,1.3419216317767042,4.74369296833065,0.644122383252818,9.91009125067096,1.4895330112721417,,
41,40.00939345142244,36.42646269457864,5.542136339237788,1.3419216317767042,4.669887278582931,0.6239935587761675,9.896672034353195,1.4895330112721417,,
42,40.41867954911433,36.131239935587764,5.542136339237788,1.3419216317767042,4.669887278582931,0.798443370907139,9.621578099838969,1.4761137949543746,,
43,40.88164251207729,36.00375738056898,5.394524959742351,1.4358561460010735,4.455179817498658,0.9259259259259259,9.433709071390231,1.3754696725711217,0.0939345142243693,
44,36.480139559849704,41.096349973161566,4.978529253891573,1.4358561460010735,4.253891572732153,0.8185721953837896,9.024422973698336,1.3754696725711217,0.0939345142243693,0.4428341384863124
45,33.111916264090176,33.843263553408484,16.10305958132045,1.4358561460010735,2.38191089640365,2.4490069779924855,8.870101986044014,1.3352120236178207,0.05367686527106817,0.41599570585077833
46,33.51449275362319,33.60842726784756,16.0426731078905,1.4224369296833066,2.3483628556092326,2.4490069779924855,8.829844337090714,1.3352120236178207,0.05367686527106817,0.39586688137412773
47,33.97745571658615,33.45410628019324,15.94873859366613,1.415727321524423,2.227589908749329,2.442297369833602,8.756038647342995,1.3352120236178207,0.05367686527106817,0.38915727321524424
48,34.42699946323135,33.20585077831455,15.827965646806227,1.415727321524423,2.147074610842727,2.442297369833602,8.756038647342995,1.3352120236178207,0.05367686527106817,0.38915727321524424
49,35.01073537305421,32.930756843800324,15.707192699946322,1.415727321524423,2.147074610842727,2.4020397208803006,8.608427267847558,1.3352120236178207,0.05367686527106817,0.38915727321524424
50,35.47369833601718,32.50805152979066,15.499194847020934,1.4090177133655395,2.4355877616747184,2.4020397208803006,8.527911969940956,1.3352120236178207,0.05367686527106817,0.35560923242082665
51,34.86983360171766,30.636070853462158,16.411701556629094,1.4090177133655395,2.428878153515835,4.092860976918948,8.433977455716587,1.3083735909822867,0.05367686527106817,0.35560923242082665
52,35.02415458937198,30.64278046162104,16.23054213633924,1.4090177133655395,2.3617820719269993,4.166666666666667,8.360171765968868,1.4224369296833066,0.026838432635534086,0.35560923242082665
53,35.01073537305421,30.56897477187332,16.170155662909288,1.3352120236178207,2.4557165861513686,4.3478260869565215,8.3064949006978,1.4224369296833066,0.026838432635534086,0.35560923242082665
54,35.67498658078368,30.347557702630166,15.98899624261943,1.3217928073000538,2.4557165861513686,4.294149221685454,8.13875469672571,1.3955984970477724,0.026838432635534086,0.35560923242082665
55,35.94337090713902,30.347557702630166,15.874932903918411,1.2815351583467525,2.442297369833602,4.28743961352657,8.044820182501342,1.3955984970477724,0.026838432635534086,0.35560923242082665
56,36.40633387010199,30.099302200751477,15.848094471282877,1.2681159420289856,2.4020397208803006,4.260601180891036,7.863660762211487,1.3754696725711217,0.026838432635534086,0.4495437466451959
57,35.48040794417606,29.435050993022006,17.257112184648417,1.556629092860977,2.4020397208803006,4.159957058507783,7.856951154052603,1.3754696725711217,0.026838432635534086,0.4495437466451959
58,35.628019323671495,29.240472356414386,15.767579173376275,1.556629092860977,2.4020397208803006,5.6964573268921095,7.856951154052603,1.3754696725711217,0.026838432635534086,0.4495437466451959
59,36.11782071926999,29.005636070853463,15.53274288781535,1.5432098765432098,2.3752012882447664,5.642780461621041,7.930756843800322,1.3754696725711217,0.026838432635534086,0.4495437466451959
60,36.46672034353194,28.884863123993558,15.076489533011273,1.5365002683843263,2.314814814814815,5.0993022007514766,8.829844337090714,1.3150831991411702,0.026838432635534086,0.4495437466451959
61,36.70155662909286,28.569511540526033,15.177133655394526,1.5163714439076759,2.314814814814815,5.0858829844337095,8.756038647342995,1.3150831991411702,0.026838432635534086,0.5367686527106817
62,35.07112184648417,26.35534084809447,14.700751476113794,1.4962426194310252,2.8113258185721954,2.898550724637681,15.888352120236178,0.2147074610842727,0.026838432635534086,0.5367686527106817
63,35.45356951154053,26.221148684916802,14.620236178207193,1.4962426194310252,2.8113258185721954,2.898550724637681,15.72061191626409,0.2147074610842727,0.026838432635534086,0.5367686527106817
64,35.72866344605475,26.093666129898015,14.546430488459475,1.596886741814278,2.8113258185721954,2.898550724637681,15.546162104133119,0.2147074610842727,0.026838432635534086,0.5367686527106817
65,36.07756307031669,26.060118089103597,14.452495974235104,1.596886741814278,2.7777777777777777,2.885131508319914,15.371712292002147,0.2147074610842727,0.026838432635534086,0.5367686527106817
66,33.66881374127751,23.67149758454106,19.598765432098766,1.415727321524423,2.737520128824477,2.885131508319914,15.24422973698336,0.2147074610842727,0.026838432635534086,0.5367686527106817
67,33.823134728931834,23.51046698872786,19.81347289318304,1.415727321524423,2.717391304347826,2.8381642512077296,15.103327965646805,0.2147074610842727,0.026838432635534086,0.5367686527106817
68,34.35319377348363,23.356146001073537,19.665861513687602,1.3955984970477724,2.677133655394525,2.8381642512077296,14.935587761674718,0.2147074610842727,0.026838432635534086,0.5367686527106817
69,34.60144927536232,23.382984433709073,19.632313472893184,1.3955984970477724,2.657004830917874,2.804616210413312,14.74771873322598,0.2147074610842727,0.026838432635534086,0.5367686527106817
70,35.06441223832528,23.221953837895867,19.484702093397747,1.3821792807300053,2.657004830917874,2.791196994095545,14.620236178207193,0.2147074610842727,0.026838432635534086,0.5367686527106817
71,35.38647342995169,23.10789049919485,19.37734836285561,1.3821792807300053,2.703972088030059,2.7643585614600106,14.49946323134729,0.2147074610842727,0.026838432635534086,0.5367686527106817
72,35.64143853998927,23.007246376811594,19.11567364465915,1.482823403113258,2.6704240472356413,2.8650026838432634,14.459205582393988,0.19457863660762212,0.026838432635534086,0.5367686527106817
73,34.43370907139023,26.496242619431026,16.948470209339774,1.4090177133655395,2.6704240472356413,3.0059044551798175,14.110305958132045,0.36231884057971014,0.026838432635534086,0.5367686527106817
74,34.49409554482018,26.435856146001072,16.814278046162105,1.724369296833065,2.636876006441224,2.999194847020934,14.016371443907676,0.36231884057971014,0.026838432635534086,0.48980139559849706
75,34.896672034353195,26.31508319914117,16.720343531937736,1.724369296833065,2.5831991411701556,2.932098765432099,13.969404186795492,0.3421900161030596,0.026838432635534086,0.48980139559849706
76,35.158346752549654,26.167471819645733,16.67337627482555,1.724369296833065,2.5831991411701556,2.9119699409554483,13.922436929683306,0.3421900161030596,0.026838432635534086,0.48980139559849706
77,35.52066559312936,25.91250670960816,16.63311862587225,1.7176596886741815,2.563070316693505,2.9052603327965647,13.88888888888889,0.3421900161030596,0.026838432635534086,0.48980139559849706
78,35.789049919484704,25.764895330112722,16.525764895330113,1.7176596886741815,2.563070316693505,3.052871712292002,13.727858293075684,0.3421900161030596,0.026838432635534086,0.48980139559849706
79,32.90391841116479,34.5679012345679,12.93612453032743,1.6774020397208802,2.5496511003757383,1.90552871712292,12.801932367149758,0.24825550187869028,0.013419216317767043,0.39586688137412773
80,33.272946859903385,34.21900161030596,12.835480407944177,1.6639828234031133,2.5429414922168547,2.01959205582394,12.788513150831992,0.24825550187869028,0.013419216317767043,0.39586688137412773
81,33.7157809983897,33.943907675791735,12.761674718196458,1.6639828234031133,2.5429414922168547,2.006172839506173,12.70799785292539,0.24825550187869028,0.013419216317767043,0.39586688137412773
82,34.15861513687601,33.803005904455176,12.701288244766506,1.6505636070853462,2.5161030595813205,2.006172839506173,12.506709608158884,0.24825550187869028,0.013419216317767043,0.39586688137412773
83,34.286097691894796,33.62855609232421,12.627482555018787,1.6505636070853462,2.563070316693505,2.006172839506173,12.600644122383253,0.24825550187869028,0.013419216317767043,0.3757380568974772
84,33.621846484165324,34.54106280193237,12.305421363392378,1.6505636070853462,2.757648953301127,1.9592055823939882,12.526838432635534,0.24825550187869028,0.013419216317767043,0.3757380568974772
85,32.407407407407405,35.81588835212023,12.332259796027913,1.6505636070853462,2.757648953301127,1.9524959742351047,12.446323134728932,0.24825550187869028,0.013419216317767043,0.3757380568974772
86,32.00483091787439,35.00402576489533,13.694310252281268,1.6505636070853462,2.7442297369833604,1.9524959742351047,12.31213097155126,0.24825550187869028,0.013419216317767043,0.3757380568974772
87,32.360440150295226,34.76918947933441,13.6406333870102,1.6304347826086956,2.7442297369833604,1.9524959742351047,12.144390767579173,0.36902844873859364,0.013419216317767043,0.3757380568974772
88,27.657004830917874,17.08937198067633,12.057165861513688,1.2815351583467525,1.288244766505636,1.5230810520665594,38.35882984433709,0.36902844873859364,,0.3757380568974772
89,28.032742887815353,16.982018250134193,12.00348899624262,1.261406333870102,1.2681159420289856,1.6639828234031133,38.04347826086956,0.36902844873859364,,0.3757380568974772
90,28.502415458937197,16.780730005367687,11.902844873859367,1.2546967257112185,1.261406333870102,1.7579173376274826,37.795222758990874,0.36902844873859364,,0.3757380568974772
91,28.81105743424584,16.371443907675793,11.882716049382717,1.2546967257112185,1.261406333870102,2.1940418679549114,37.224906065485776,0.6239935587761675,,0.3757380568974772
92,26.54320987654321,15.33816425120773,17.216854535695116,1.1741814278046163,1.2412775093934514,2.1806226516371443,35.178475577026305,0.6239935587761675,,0.5032206119162641
93,27.012882447665056,15.24422973698336,17.06924315619968,1.1741814278046163,1.2412775093934514,2.1806226516371443,34.96376811594203,0.6105743424584005,,0.5032206119162641
94,27.167203435319376,12.835480407944177,16.928341384863124,1.1540526033279657,1.2412775093934514,2.0665593129361244,37.493290391841114,0.6105743424584005,,0.5032206119162641
95,27.737520128824478,12.761674718196458,16.82769726247987,1.1272141706924315,1.2412775093934514,2.0397208803005906,37.15780998389694,0.6038647342995169,,0.5032206119162641
96,23.007246376811594,20.9272678475577,16.451959205582394,0.7179280730005367,1.0601180891035964,2.0397208803005906,34.82957595276436,0.46967257112184646,,0.49651100375738055
97,23.483628556092324,20.90042941492217,16.31105743424584,0.7179280730005367,1.0399892646269457,2.0397208803005906,34.13848631239936,0.46967257112184646,,0.8990874932903918
98,23.772141706924316,20.779656468062264,16.223832528180353,0.7179280730005367,1.0399892646269457,2.01959205582394,34.07809983896941,0.46967257112184646,,0.8990874932903918
99,24.194847020933977,20.558239398819108,16.13660762211487,0.7045088566827697,1.0399892646269457,2.120236178207193,33.903650026838434,0.46967257112184646,,0.8722490606548577
100,24.698067632850243,20.37037037037037,16.06280193236715,0.7045088566827697,1.0399892646269457,2.120236178207193,33.662104133118625,0.46967257112184646,,0.8722490606548577
101,25.147611379495437,20.202630166398283,16.015834675254965,0.7045088566827697,1.0399892646269457,2.120236178207193,33.4272678475577,0.46967257112184646,,0.8722490606548577
102,25.845410628019323,20.081857219538378,15.780998389694043,0.7045088566827697,1.0332796564680622,2.120236178207193,33.091787439613526,0.46967257112184646,,0.8722490606548577
103,26.174181427804616,19.85373054213634,15.74074074074074,2.046430488459474,1.0332796564680622,2.120236178207193,31.702898550724637,0.46967257112184646,,0.8588298443370908
104,26.69753086419753,19.73966720343532,15.633387010198604,2.046430488459474,1.0131508319914118,2.100107353730542,31.38083735909823,0.46967257112184646,,0.9192163177670424
105,27.214170692431562,19.538378958668815,15.103327965646805,2.033011272141707,1.328502415458937,2.100107353730542,31.166129898013956,0.5971551261406334,,0.9192163177670424
106,27.690552871712292,19.410896403650028,14.99597423510467,2.100107353730542,1.328502415458937,2.0933977455716586,30.864197530864196,0.5971551261406334,,0.9192163177670424
107,28.20048309178744,19.243156199677937,14.949006977992486,2.100107353730542,1.3150831991411702,2.073268921095008,30.495169082125603,0.5971551261406334,,1.0265700483091786
108,28.462157809983896,19.135802469135804,14.895330112721417,2.100107353730542,1.3150831991411702,2.073268921095008,30.12614063338701,0.8655394524959742,,1.0265700483091786
109,27.999194847020934,18.283682232957595,14.452495974235104,3.9452495974235107,1.5029522275899088,1.9994632313472893,29.830917874396135,0.8655394524959742,,1.1205045625335481
110,26.462694578636608,25.328770799785293,10.285829307568438,3.4957058507783145,1.1943102522812667,1.8719806763285025,29.54911433172303,0.7313472893183038,,1.0802469135802468
111,25.939345142243692,22.705314009661837,10.285829307568438,5.595813204508857,1.1943102522812667,1.8585614600107354,30.64278046162104,0.7246376811594203,,1.0534084809447128
112,26.187600644122384,22.510735373054214,10.285829307568438,5.589103596349974,1.1943102522812667,1.8585614600107354,30.434782608695652,0.8856682769726248,,1.0534084809447128
113,26.496242619431026,22.416800858829845,10.238862050456254,5.562265163714439,1.1943102522812667,1.8585614600107354,30.307300053676865,0.8722490606548577,,1.0534084809447128
114,27.033011272141707,22.148416532474503,10.238862050456254,5.542136339237788,1.1876006441223832,1.8518518518518519,30.079173376274827,0.8655394524959742,,1.0534084809447128
115,25.95276435856146,21.524422973698336,18.4849704777241,5.434782608695652,1.1741814278046163,1.8317230273752012,24.288781535158346,0.6843800322061192,,0.6239935587761675
116,25.087224906065487,21.430488459473967,17.94820182501342,5.293880837359098,0.6239935587761675,2.4355877616747184,26.247987117552334,0.5434782608695652,,0.38915727321524424
117,25.315351583467525,21.34326355340848,17.726784755770264,5.293880837359098,0.6239935587761675,2.536231884057971,25.79844337090714,0.9728931830381106,,0.38915727321524424
118,20.74610842726785,26.858561460010737,17.16988727858293,5.12614063338701,0.5770263016639828,2.536231884057971,25.664251207729468,0.9326355340848095,,0.38915727321524424
119,21.115136876006442,26.757917337627482,17.250402576489535,5.0993022007514766,0.3153515834675255,2.509393451422437,25.36231884057971,1.2010198604401503,,0.38915727321524424
120,21.692163177670423,26.65727321524423,17.12962962962963,5.0993022007514766,0.3153515834675255,2.509393451422437,25.02012882447665,1.2010198604401503,,0.3757380568974772
121,22.007514761137948,26.549919484702095,17.002147074610843,5.280461621041331,0.27509393451422437,2.509393451422437,24.832259796027913,1.1674718196457328,,0.3757380568974772
122,22.61808910359635,26.37546967257112,16.928341384863124,5.159688674181428,0.27509393451422437,2.49597423510467,24.62426194310252,1.1607622114868492,,0.36231884057971014
123,23.13472893183038,26.167471819645733,16.841116478797638,5.159688674181428,0.27509393451422437,2.4691358024691357,24.4296833064949,1.1607622114868492,,0.36231884057971014
124,23.503757380568974,25.99302200751476,16.740472356414386,5.159688674181428,0.27509393451422437,2.5496511003757383,24.188137412775095,1.2345679012345678,,0.35560923242082665
125,23.517176596886742,22.443639291465377,20.52469135802469,5.038915727321524,0.27509393451422437,2.5295222758990876,23.939881910896403,1.3754696725711217,,0.35560923242082665
126,23.939881910896403,22.356414385399894,20.21604938271605,5.005367686527107,0.39586688137412773,2.395330112721417,23.845947396672035,1.4895330112721417,,0.35560923242082665
127,24.516908212560388,22.007514761137948,20.155662909286097,4.958400429414922,0.39586688137412773,2.38191089640365,23.738593666129898,1.4895330112721417,,0.35560923242082665
128,24.825550187869027,21.920289855072465,20.061728395061728,4.898013955984971,0.39586688137412773,2.38191089640365,23.67149758454106,1.4895330112721417,,0.35560923242082665
129,25.268384326355342,21.74584004294149,19.92753623188406,4.85775630703167,0.38915727321524424,2.7241009125067097,23.255501878690286,1.4761137949543746,,0.35560923242082665
130,24.033816425120772,21.584809447128286,26.86527106816962,4.690016103059581,0.3757380568974772,2.6033279656468062,18.16290928609769,1.42914653784219,,0.2549651100375738
131,24.476650563607084,21.443907675791735,26.710950080515296,4.622920021470746,0.36231884057971014,2.576489533011272,18.12265163714439,1.42914653784219,,0.2549651100375738
132,24.644390767579175,21.276167471819647,26.576757917337627,4.616210413311863,0.36231884057971014,2.8784219001610305,17.961621041331185,1.42914653784219,,0.2549651100375738
133,25.147611379495437,21.041331186258724,26.422436929683307,4.5893719806763285,0.36231884057971014,2.8515834675254963,17.901234567901234,1.42914653784219,,0.2549651100375738
134,25.657541599570585,20.853462157809982,26.160762211486848,4.582662372517445,0.3488996242619431,2.8515834675254963,17.860976918947934,1.42914653784219,,0.2549651100375738
135,25.89237788513151,20.853462157809982,26.073537305421365,4.562533548040794,0.3488996242619431,2.8515834675254963,17.767042404723565,1.3955984970477724,,0.2549651100375738
136,26.221148684916802,20.725979602791195,25.986312399355878,4.562533548040794,0.3488996242619431,2.8515834675254963,17.659688674181428,1.3888888888888888,,0.2549651100375738
137,26.570048309178745,20.571658615136876,25.85212023617821,4.53569511540526,0.3488996242619431,2.9052603327965647,17.59259259259259,1.3687600644122384,,0.2549651100375738
138,26.737788513150832,20.417337627482556,25.6105743424584,4.53569511540526,0.46967257112184646,2.8918411164787976,17.713365539452496,1.3687600644122384,,0.2549651100375738
139,27.120236178207193,20.33011272141707,25.44283413848631,4.441760601180891,0.46967257112184646,3.0059044551798175,17.56575415995706,1.3687600644122384,,0.2549651100375738
140,27.462426194310254,20.1959205582394,25.301932367149757,4.414922168545357,0.46967257112184646,2.999194847020934,17.53220611916264,1.3687600644122384,,0.2549651100375738
141,27.851583467525497,19.994632313472895,24.993290391841118,4.394793344068707,0.46967257112184646,3.0931293612453032,17.518786902844873,1.42914653784219,,0.2549651100375738
142,24.36929683306495,18.699677938808374,35.970209339774556,2.6637144390767578,0.46967257112184646,2.254428341384863,14.27133655394525,0.9460547504025765,,0.35560923242082665
143,25.067096081588836,18.59903381642512,35.43344068706388,2.6637144390767578,0.46967257112184646,2.24771873322598,14.090177133655395,1.0735373054213635,,0.35560923242082665
144,25.966183574879228,18.451422436929683,34.94363929146538,2.5161030595813205,0.46967257112184646,2.2074610842726785,14.023081052066559,1.06682769726248,,0.35560923242082665
145,26.33521202361782,17.887815351583466,34.634997316156735,2.5161030595813205,0.46967257112184646,2.7442297369833604,13.989533011272142,1.06682769726248,,0.35560923242082665
146,26.85185185185185,17.800590445517983,34.27938808373591,2.4154589371980677,0.46967257112184646,2.7442297369833604,13.922436929683306,1.1607622114868492,,0.35560923242082665
147,27.220880300590444,17.673107890499196,34.01100375738057,2.4020397208803006,0.46967257112184646,2.717391304347826,13.855340848094471,1.2949543746645196,,0.35560923242082665
148,27.750939345142243,17.505367686527105,33.756038647343,2.4020397208803006,0.46967257112184646,2.717391304347826,13.754696725711218,1.288244766505636,,0.35560923242082665
149,28.153515834675254,17.418142780461622,33.52120236178207,2.38191089640365,0.4562533548040794,2.717391304347826,13.707729468599034,1.288244766505636,,0.35560923242082665
150,28.5426731078905,17.06924315619968,33.1454643048846,2.2946859903381642,0.4562533548040794,3.1199677938808374,13.667471819645733,1.2748255501878691,,0.4294149221685454
151,28.824476650563607,16.867954911433173,32.87707997852925,2.2745571658615136,0.4562533548040794,3.388352120236178,13.607085346215781,1.2748255501878691,,0.4294149221685454
152,29.300858829844337,16.740472356414386,32.648953301127214,2.24771873322598,0.4428341384863124,3.361513687600644,13.56682769726248,1.2748255501878691,,0.41599570585077833
153,29.367954911433173,16.183574879227052,32.51476113794954,2.4557165861513686,0.9460547504025765,3.3413848631239937,13.499731615673644,1.2748255501878691,,0.41599570585077833
154,26.590177133655395,16.109769189479334,27.750939345142243,1.5901771336553945,0.9326355340848095,3.066290928609769,22.82608695652174,0.7179280730005367,,0.41599570585077833
155,26.94578636607622,16.015834675254965,27.563070316693505,1.5901771336553945,0.9326355340848095,3.1065485775630703,22.71202361782072,0.7179280730005367,,0.41599570585077833
156,27.26784755770263,15.935319377348362,27.42216854535695,1.583467525496511,0.9259259259259259,3.0931293612453032,22.638217928073,0.7179280730005367,,0.41599570585077833
157,27.623456790123456,15.780998389694043,27.234299516908212,1.583467525496511,0.8990874932903918,3.079710144927536,22.537573805689746,0.8454106280193237,,0.41599570585077833
158,28.032742887815353,15.72061191626409,26.96591519055287,1.583467525496511,0.8990874932903918,3.1065485775630703,22.430220075147613,0.8454106280193237,,0.41599570585077833
159,28.31454643048846,15.666935050993022,26.73107890499195,1.583467525496511,1.06682769726248,3.0394524959742353,22.289318303811058,0.8923778851315083,,0.41599570585077833
160,28.589640365002683,15.633387010198604,26.610305958132045,1.570048309178744,1.0601180891035964,3.140096618357488,22.10144927536232,0.8923778851315083,,0.4025764895330113
161,28.723832528180353,15.485775630703166,26.402308105206657,1.5365002683843263,1.3821792807300053,3.140096618357488,22.034353193773484,0.8923778851315083,,0.4025764895330113
162,29.066022544283413,15.445517981749866,26.187600644122384,1.5365002683843263,1.3821792807300053,3.140096618357488,21.947128287707997,0.8923778851315083,,0.4025764895330113
163,29.414922168545356,15.26435856146001,26.080246913580247,1.5297906602254427,1.3821792807300053,3.180354267310789,21.85990338164251,0.8856682769726248,,0.4025764895330113
164,29.56924315619968,15.237520128824476,25.83870101986044,1.5297906602254427,1.6572732152442298,3.1736446591519054,21.70558239398819,0.8856682769726248,,0.4025764895330113
165,29.924852388620504,15.116747181964573,25.617283950617285,1.5297906602254427,1.6572732152442298,3.2541599570585076,21.611647879763822,0.8856682769726248,,0.4025764895330113
166,30.18652710681696,14.955716586151368,25.369028448738593,1.5297906602254427,1.6438539989264627,3.361513687600644,21.571390230810522,0.9796027911969941,,0.4025764895330113
167,28.5426731078905,14.392109500805153,28.213902308105208,1.328502415458937,1.2681159420289856,3.408480944712829,21.336553945249598,1.107085346215781,,0.4025764895330113
168,29.139828234031132,14.210950080515298,27.85829307568438,1.3083735909822867,1.2681159420289856,3.374932903918411,21.22920021470746,1.2077294685990339,,0.4025764895330113
169,29.663177670424048,14.143853998926463,27.636876006441224,1.3083735909822867,1.261406333870102,3.374932903918411,21.00107353730542,1.2077294685990339,,0.4025764895330113
170,29.965110037573805,14.023081052066559,27.583199141170155,1.3083735909822867,1.2546967257112185,3.374932903918411,20.8870101986044,1.2077294685990339,,0.39586688137412773
171,30.24020397208803,13.982823403113258,27.361782071927,1.3083735909822867,1.2546967257112185,3.3413848631239937,20.90713902308105,1.2077294685990339,,0.39586688137412773
172,30.50858829844337,13.895598497047773,27.167203435319376,1.2748255501878691,1.2412775093934514,3.549382716049383,20.759527643585614,1.2077294685990339,,0.39586688137412773
173,30.844068706387546,13.875469672571121,26.86527106816962,1.3888888888888888,1.2010198604401503,3.502415458937198,20.585077831454644,1.3419216317767042,,0.39586688137412773
174,31.233225979602793,13.875469672571121,26.54320987654321,1.3888888888888888,1.2010198604401503,3.4957058507783145,20.52469135802469,1.3419216317767042,,0.39586688137412773
175,31.34728931830381,13.801663982823403,24.785292538915726,1.3888888888888888,1.1741814278046163,3.421900161030596,22.21551261406334,1.4694041867954912,,0.39586688137412773
176,31.642512077294686,13.788244766505636,24.664519592055825,1.3888888888888888,1.1741814278046163,3.388352120236178,22.088030059044552,1.4694041867954912,,0.39586688137412773
177,32.07192699946323,13.667471819645733,24.4296833064949,1.3620504562533549,1.1607622114868492,3.374932903918411,22.08132045088567,1.4559849704777241,,0.39586688137412773
178,32.10547504025765,13.620504562533547,23.087761674718198,1.3620504562533549,2.757648953301127,3.5091250670960816,21.846484165324746,1.3150831991411702,,0.39586688137412773
179,32.43424584004294,13.499731615673644,22.98040794417606,1.3620504562533549,2.757648953301127,3.4822866344605474,21.531132581857218,1.556629092860977,,0.39586688137412773
180,33.011272141706925,13.459473966720344,22.79253891572732,1.3419216317767042,2.737520128824477,3.435319377348363,21.38352120236178,1.442565754159957,,0.39586688137412773
181,33.2662372517445,13.43263553408481,22.705314009661837,1.3955984970477724,2.737520128824477,3.435319377348363,21.24932903918411,1.3821792807300053,,0.39586688137412773
182,33.400429414922165,13.325281803542673,21.75925925925926,2.5161030595813205,2.7106816961889426,3.361513687600644,21.175523349436393,1.3553408480944713,,0.39586688137412773
183,33.675523349436396,13.197799248523886,21.658615136876005,2.5161030595813205,2.7106816961889426,3.4688674181427803,21.021202361782073,1.3553408480944713,,0.39586688137412773
184,33.984165324745035,13.09044551798175,21.316425120772948,2.818035426731079,2.7106816961889426,3.4420289855072466,20.8870101986044,1.3553408480944713,,0.39586688137412773
185,30.703166935050994,11.20504562533548,18.04213633923779,2.7106816961889426,2.657004830917874,3.1602254428341383,30.159688674181428,0.966183574879227,,0.39586688137412773
186,30.938003220611915,11.198336017176597,17.975040257648953,2.831454643048846,2.623456790123457,3.1602254428341383,29.911433172302736,0.966183574879227,,0.39586688137412773
187,31.38083735909823,11.158078368223295,17.907944176060116,2.831454643048846,2.61003757380569,3.1535158346752548,29.636339237788512,0.966183574879227,,0.35560923242082665
188,31.608964036500268,11.064143853998926,17.70665593129361,2.8247450348899625,2.8918411164787976,3.3816425120772946,29.200214707461082,0.966183574879227,,0.35560923242082665
189,31.97128287707998,10.983628556092324,17.632850241545892,2.804616210413312,2.8918411164787976,3.374932903918411,29.025764895330113,0.9594739667203436,,0.35560923242082665
190,32.21282877079979,10.95679012345679,17.498658078368223,2.804616210413312,3.69699409554482,3.374932903918411,28.019323671497585,1.0802469135802468,,0.35560923242082665
191,32.55501878690284,10.923242082662373,17.444981213097154,2.757648953301127,3.69699409554482,3.374932903918411,27.81803542673108,1.0735373054213635,,0.35560923242082665
192,32.94417606011809,10.849436392914654,17.324208266237253,2.757648953301127,3.69699409554482,3.374932903918411,27.623456790123456,1.0735373054213635,,0.35560923242082665
193,33.23939881910896,10.782340311325818,17.196725711218466,2.717391304347826,3.743961352657005,3.3548040794417604,27.435587761674718,1.1741814278046163,,0.35560923242082665
194,33.41384863123994,10.775630703166936,17.16988727858293,2.717391304347826,3.7372517444981215,3.3548040794417604,27.30139559849705,1.1741814278046163,,0.35560923242082665
195,33.61513687600644,10.768921095008052,17.143048845947398,2.6301663982823404,3.7238325281803544,3.3548040794417604,27.241009125067094,1.1674718196457328,,0.35560923242082665
196,34.0378421900161,10.742082662372518,16.99543746645196,2.623456790123457,3.7104133118625873,3.307836822329576,27.059849704777243,1.1674718196457328,,0.35560923242082665
197,34.21229200214707,10.701825013419215,16.968599033816425,2.623456790123457,3.7104133118625873,3.307836822329576,26.952495974235106,1.1674718196457328,,0.35560923242082665
198,34.514224369296834,10.487117552334944,16.908212560386474,2.6033279656468062,3.683574879227053,3.421900161030596,26.858561460010737,1.1674718196457328,,0.35560923242082665
199,34.88996242619431,10.487117552334944,16.854535695115406,2.49597423510467,3.670155662909286,3.3816425120772946,26.69753086419753,1.1674718196457328,,0.35560923242082665
200,35.11137949543747,10.487117552334944,16.820987654320987,2.4825550187869028,3.670155662909286,3.44873859366613,26.46940418679549,1.1540526033279657,,0.35560923242082665
201,35.487117552334944,10.466988727858293,16.6935050993022,2.4691358024691357,3.6634460547504024,3.435319377348363,26.27482555018787,1.1540526033279657,,0.35560923242082665
202,35.527375201288244,10.420021470746109,16.6935050993022,2.4691358024691357,3.7372517444981215,3.4017713365539453,26.154052603327965,1.2412775093934514,,0.35560923242082665
203,35.63472893183038,10.406602254428341,16.59957058507783,2.4490069779924855,3.8311862587224907,3.4017713365539453,25.83870101986044,1.2144390767579174,,0.6239935587761675
204,35.94337090713902,10.399892646269459,16.552603327965645,2.4020397208803006,3.81105743424584,3.4017713365539453,25.650831991411703,1.2144390767579174,,0.6239935587761675
205,36.41304347826087,10.299248523886206,16.42512077294686,2.368491680085883,3.7573805689747717,3.488996242619431,25.301932367149757,1.2144390767579174,,0.7313472893183038
206,36.42646269457864,10.285829307568438,16.55931293612453,2.314814814814815,3.7573805689747717,3.4688674181427803,25.120772946859905,1.3352120236178207,,0.7313472893183038
207,36.842458400429415,10.0979602791197,16.438539989264626,2.2946859903381642,3.7573805689747717,3.549382716049383,24.953032742887814,1.3352120236178207,,0.7313472893183038
208,37.003488996242616,10.084541062801932,16.364734299516908,2.2611379495437465,3.7573805689747717,3.5426731078904994,24.630971551261407,1.6237251744498122,,0.7313472893183038
209,37.47987117552335,10.084541062801932,16.203703703703702,2.2611379495437465,3.7372517444981215,3.4688674181427803,24.40955448201825,1.6237251744498122,,0.7313472893183038
210,37.67444981213097,10.071121846484166,16.129898013955984,2.2611379495437465,3.7372517444981215,3.4688674181427803,24.302200751476114,1.6237251744498122,,0.7313472893183038
211,37.88915727321525,10.037573805689748,15.995705850778315,2.2342995169082127,3.683574879227053,3.616478797638218,24.214975845410628,1.6035963499731616,,0.7246376811594203
212,37.956253354804076,10.037573805689748,15.942028985507246,2.2342995169082127,3.9989264626945786,3.5091250670960816,23.993558776167472,1.6035963499731616,,0.7246376811594203
213,38.24476650563607,9.923510466988727,15.874932903918411,2.2208803005904456,3.9586688137412773,3.502415458937198,23.95330112721417,1.596886741814278,,0.7246376811594203
214,38.486312399355874,9.896672034353195,15.841384863123993,2.2074610842726785,3.938539989264627,3.502415458937198,23.825818572195384,1.5767579173376274,,0.7246376811594203
215,38.69431025228127,9.883252818035427,15.807836822329575,2.2074610842726785,3.9318303811057436,3.4822866344605474,23.738593666129898,1.5432098765432098,,0.7112184648416533
216,39.049919484702095,9.681964573268921,15.707192699946322,2.1739130434782608,3.8848631239935587,3.6500268384326353,23.617820719269993,1.5230810520665594,,0.7112184648416533
217,39.210950080515296,9.634997316156737,15.70048309178744,2.1739130434782608,3.864734299516908,3.569511540526033,23.61111111111111,1.5230810520665594,,0.7112184648416533
218,39.60681696188943,9.634997316156737,15.660225442834138,2.167203435319377,3.7573805689747717,3.5225442834138487,23.463499731615673,1.4761137949543746,,0.7112184648416533
219,39.74771873322598,9.628287707997853,15.60654857756307,2.167203435319377,3.7573805689747717,3.5225442834138487,23.382984433709073,1.4761137949543746,,0.7112184648416533
220,40.022812667740205,9.5276435856146,15.465646806226516,2.1403650026838434,3.7573805689747717,3.5225442834138487,23.382984433709073,1.4694041867954912,,0.7112184648416533
221,39.85507246376812,8.709071390230811,15.351583467525497,2.1403650026838434,5.35426731078905,3.515834675254965,22.893183038110575,1.4694041867954912,,0.7112184648416533
222,40.203972088030056,8.61513687600644,15.24422973698336,2.2342995169082127,5.320719269994632,3.5225442834138487,22.6784755770263,1.4694041867954912,,0.7112184648416533
223,40.55958132045089,8.507783145464305,15.170424047235642,2.2342995169082127,5.287171229200215,3.488996242619431,22.571121846484164,1.4694041867954912,,0.7112184648416533
224,40.734031132581855,8.420558239398819,15.136876006441224,2.2342995169082127,5.347557702630167,3.4420289855072466,22.50402576489533,1.4694041867954912,,0.7112184648416533
225,40.56629092860977,8.393719806763285,14.942297369833602,3.3950617283950617,5.347557702630167,3.3950617283950617,21.920289855072465,1.3352120236178207,,0.7045088566827697
226,40.70048309178744,8.393719806763285,14.895330112721417,3.3950617283950617,5.347557702630167,3.3950617283950617,21.83977455716586,1.328502415458937,,0.7045088566827697
227,41.00912506709608,8.373590982286634,14.781266774020397,3.374932903918411,5.3274288781535155,3.3816425120772946,21.71900161030596,1.328502415458937,,0.7045088566827697
228,41.21041331186259,8.32662372517445,14.727589908749328,3.374932903918411,5.320719269994632,3.361513687600644,21.64519592055824,1.328502415458937,,0.7045088566827697
229,41.40499194847021,8.272946859903382,14.700751476113794,3.2742887815351582,5.273752012882448,3.3480944712828773,21.70558239398819,1.3150831991411702,,0.7045088566827697
230,41.57944176060118,8.266237251744498,14.687332259796028,3.2742887815351582,5.22007514761138,3.3279656468062266,21.672034353193773,1.2681159420289856,,0.7045088566827697
231,41.6935050993022,8.232689210950081,14.65378421900161,3.2742887815351582,5.22007514761138,3.3279656468062266,21.62506709608159,1.2681159420289856,,0.7045088566827697
232,41.78073000536769,8.172302737520129,14.586688137412775,3.2742887815351582,5.22007514761138,3.44873859366613,21.430488459473967,1.3821792807300053,,0.7045088566827697
233,41.78073000536769,8.132045088566828,14.579978529253891,3.2742887815351582,5.46833064949007,3.435319377348363,21.24261943102523,1.3821792807300053,,0.7045088566827697
234,42.12292002147075,8.085077831454644,14.465915190552872,3.2675791733762747,5.46833064949007,3.4286097691894795,21.07487922705314,1.3821792807300053,,0.7045088566827697
235,42.0625335480408,7.883789586688137,14.459205582393988,3.2675791733762747,5.46833064949007,3.7640901771336552,21.014492753623188,1.3754696725711217,,0.7045088566827697
236,42.19672571121846,7.883789586688137,14.331723027375201,3.2474503488996245,5.615942028985507,3.8311862587224907,20.853462157809982,1.3754696725711217,,0.6642512077294686
237,42.42485238862051,7.883789586688137,14.31159420289855,3.2206119162640903,5.615942028985507,3.8311862587224907,20.705850778314545,1.3419216317767042,,0.6642512077294686
238,42.81400966183575,7.85024154589372,14.251207729468598,3.180354267310789,5.60252281266774,3.824476650563607,20.531400966183575,1.3083735909822867,,0.6374127750939346
239,43.001878690284485,7.85024154589372,14.224369296833064,3.099838969404187,5.589103596349974,3.824476650563607,20.477724100912507,1.3016639828234031,,0.630703166935051
