,45,50,53,52,54,51,55,56,57
0,91.82769726247987,7.588566827697263,0.5837359098228664,,,,,,
1,83.82313472893183,15.599838969404187,0.5770263016639828,,,,,,
2,77.65029522275898,19.424315619967793,0.5770263016639828,1.8250134192163177,0.5233494363929146,,,,
3,51.731078904991946,32.11218464841653,0.48980139559849706,4.448470209339774,0.5233494363929146,10.695115405260333,,,
4,49.322329575952764,35.18518518518518,0.020128824476650563,4.448470209339774,0.5233494363929146,10.50053676865271,,,
5,36.46672034353194,47.50402576489533,0.020128824476650563,4.435050993022007,0.5233494363929146,11.05072463768116,,,
6,31.427804616210413,37.553676865271065,0.020128824476650563,11.574074074074074,0.5233494363929146,18.90096618357488,,,
7,31.676060118089104,34.70880300590446,3.3548040794417604,11.788781535158346,0.5233494363929146,17.357756307031668,0.5904455179817498,,
8,31.85721953837896,33.95061728395062,4.012345679012346,11.379495437466453,0.8185721953837896,17.10950080515298,0.8722490606548577,,
9,32.17928073000537,34.004294149221685,3.9586688137412773,11.258722490606548,0.8185721953837896,16.948470209339774,0.8319914117015567,,
10,32.46108427267848,31.32716049382716,3.92512077294686,12.848899624261943,3.113258185721954,15.49248523886205,0.8319914117015567,,
11,32.27321524422974,31.260064412238325,4.005636070853462,12.218196457326892,4.072732152442297,15.33816425120773,0.8319914117015567,,
12,30.783682232957595,30.434782608695652,3.5225442834138487,12.634192163177671,4.03918411164788,17.753623188405797,0.8319914117015567,,
13,27.13365539452496,33.091787439613526,5.0858829844337095,12.285292538915728,4.320987654320987,17.257112184648417,0.8252818035426731,,
14,21.987385936661298,36.943102522812666,2.3215244229736984,9.567901234567902,1.3150831991411702,27.03972088030059,0.8252818035426731,,
15,20.947396672034355,38.439345142243695,2.3081052066559313,9.286097691894794,1.3150831991411702,26.878690284487387,0.8252818035426731,,
16,21.336553945249598,35.950080515297905,4.643048845947397,9.212292002147075,1.3150831991411702,26.717659688674182,0.8252818035426731,,
17,21.76596886741814,34.77589908749329,10.836017176596886,9.172034353193773,1.3083735909822867,21.316425120772948,0.8252818035426731,,
18,21.826355340848096,33.1857219538379,13.399087493290391,8.870101986044014,1.1741814278046163,20.605206655931294,0.9393451422436929,,
19,21.85319377348363,33.3064949006978,13.291733762748256,8.809715512614064,2.01959205582394,19.77992485238862,0.9393451422436929,,
20,21.43719806763285,31.97799248523886,12.332259796027913,8.735909822866345,1.9927536231884058,22.69860440150295,0.8252818035426731,,
21,20.625335480407944,31.46135265700483,11.916264090177133,8.487654320987655,1.9927536231884058,24.691358024691358,0.8252818035426731,,
22,20.954106280193237,28.32125603864734,11.191626409017713,12.144390767579173,1.9659151905528718,23.839237788513152,1.583467525496511,,
23,20.021470746108427,27.3215244229737,10.795759527643586,10.265700483091788,1.5029522275899088,28.784219001610307,1.3083735909822867,,
24,20.759527643585614,25.738056897477186,10.285829307568438,9.816156736446592,4.448470209339774,27.643585614600106,1.3083735909822867,,
25,21.423778851315085,25.677670424047236,10.21202361782072,9.782608695652174,4.435050993022007,27.160493827160494,1.3083735909822867,,
26,20.229468599033815,23.081052066559312,11.647879763821793,10.889694041867955,3.656736446591519,29.334406870638755,1.1607622114868492,,
27,20.987654320987655,22.873054213633925,11.453301127214171,10.735373054213634,3.656736446591519,29.166666666666668,1.1272141706924315,,
28,20.913848631239937,19.598765432098766,10.829307568438002,7.541599570585078,1.7444981213097155,38.24476650563607,1.1272141706924315,,
29,20.933977455716587,17.780461621041333,13.16425120772947,7.5281803542673105,1.7444981213097155,37.72141706924316,1.1272141706924315,,
30,20.43075684380032,16.029253891572733,14.781266774020397,9.588030059044552,3.052871712292002,35.20531400966183,0.9125067096081588,,
31,20.538110574342458,14.875201288244767,13.781535158346752,9.380032206119163,2.3081052066559313,38.2313472893183,0.8856682769726248,,
32,21.14868491680086,14.573268921095009,13.761406333870102,9.138486312399356,3.4621578099838968,37.03032742887815,0.8856682769726248,,
33,21.66532474503489,14.573268921095009,14.741009125067096,8.776167471819646,5.112721417069243,34.245840042941495,0.8856682769726248,,
34,21.658615136876005,13.6808910359635,14.65378421900161,9.514224369296834,5.401234567901234,33.73590982286635,1.3553408480944713,,
35,22.208803005904453,13.613794954374665,14.566559312936125,9.420289855072463,5.401234567901234,33.5077831454643,1.2815351583467525,,
36,22.61808910359635,13.546698872785829,14.526301663982823,9.366612989801396,5.360976918947934,33.299785292538914,1.2815351583467525,,
37,22.356414385399894,13.378958668813741,14.123725174449811,11.486849168008588,5.273752012882448,32.098765432098766,1.2815351583467525,,
38,17.74020397208803,13.003220611916264,13.982823403113258,6.011808910359635,5.24020397208803,42.7133655394525,1.2681159420289856,0.040257648953301126,
39,18.739935587761675,12.889157273215245,13.902308105206655,5.958132045088567,5.092592592592593,42.11621041331186,1.261406333870102,0.040257648953301126,
40,17.47181964573269,10.916532474503489,13.627214170692431,9.574610842726784,6.964573268921095,40.143585614600106,1.261406333870102,0.040257648953301126,
41,17.458400429414922,10.916532474503489,13.499731615673644,8.454106280193237,6.964573268921095,41.40499194847021,1.261406333870102,0.040257648953301126,
42,18.089103596349972,10.903113258185721,13.352120236178207,8.400429414922169,6.9243156199677935,41.0829307568438,1.2077294685990339,0.040257648953301126,
43,18.49838969404187,11.533816425120772,13.305152979066023,8.400429414922169,6.850509930220075,40.042941492216855,1.328502415458937,0.040257648953301126,
44,19.196188942565755,11.533816425120772,13.20450885668277,8.272946859903382,6.850509930220075,39.57997852925389,1.3217928073000538,0.040257648953301126,
45,19.229736983360173,11.486849168008588,13.20450885668277,7.9106280193236715,6.5485775630703165,40.25764895330113,1.3217928073000538,0.040257648953301126,
46,19.672571121846484,11.292270531400966,13.130703166935051,7.742887815351583,6.515029522275899,40.042941492216855,1.2815351583467525,0.322061191626409,
47,15.895061728395062,9.192163177670425,5.381105743424584,4.636339237788513,5.662909286097692,57.82340311325819,1.2278582930756843,0.18115942028985507,
48,16.203703703703702,9.145195920558239,4.7101449275362315,5.542136339237788,5.5756843800322065,57.25979602791197,1.3821792807300053,0.18115942028985507,
49,16.774020397208805,9.064680622651638,4.575952764358561,5.542136339237788,5.622651637144391,55.2133655394525,3.026033279656468,0.18115942028985507,
50,15.76086956521739,8.735909822866345,4.562533548040794,6.1862587224906065,5.032206119162641,56.48819108964037,3.066290928609769,0.16774020397208803,
51,16.411701556629094,8.702361782071927,5.018786902844874,5.891035963499732,4.9651100375738055,55.77697262479871,3.066290928609769,0.16774020397208803,
52,15.633387010198604,7.695920558239399,4.62962962962963,10.507246376811594,4.750402576489533,52.19404186795491,4.42163177670424,0.16774020397208803,
53,15.096618357487923,7.25979602791197,5.998389694041868,22.50402576489533,4.690016103059581,40.52603327965647,3.616478797638218,0.30864197530864196,
54,15.666935050993022,6.769994632313473,6.468062265163715,21.672034353193773,4.5893719806763285,40.27777777777778,3.488996242619431,0.30864197530864196,0.7581857219538379
55,16.532474503488995,6.608964036500268,6.468062265163715,21.517713365539453,4.582662372517445,39.82823403113258,3.4017713365539453,0.30193236714975846,0.7581857219538379
56,16.99543746645196,6.575415995705851,6.4412238325281805,21.490874932903917,4.4753086419753085,39.439076757917334,3.569511540526033,0.2885131508319914,0.7246376811594203
57,17.505367686527105,6.5485775630703165,6.400966183574879,21.4170692431562,4.448470209339774,39.09688674181428,3.569511540526033,0.2885131508319914,0.7246376811594203
58,18.250134192163177,6.474771873322598,6.347289318303811,21.256038647342994,4.448470209339774,38.6406333870102,3.569511540526033,0.2885131508319914,0.7246376811594203
59,18.80703166935051,6.4412238325281805,6.340579710144928,21.128556092324207,4.414922168545357,37.835480407944175,4.019055287171229,0.2885131508319914,0.7246376811594203
60,19.008319914117017,6.427804616210413,6.3137412775093935,20.061728395061728,5.857487922705314,37.714707461084274,4.119699409554482,0.2885131508319914,0.20799785292538917
61,16.780730005367687,6.414385399892646,6.152710681696189,10.520665593129362,4.247181964573269,51.670692431561996,4.045893719806763,0.16774020397208803,
62,17.136339237788512,6.213097155126141,6.0654857756307035,11.003757380568974,4.05931293612453,51.308373590982285,4.045893719806763,0.16774020397208803,
63,17.64626945786366,6.1862587224906065,7.447665056360709,10.983628556092324,4.03918411164788,50.07380568974772,3.455448201825013,0.16774020397208803,
64,18.230005367686527,6.031937734836285,7.434245840042942,10.970209339774557,4.005636070853462,49.36929683306495,3.7909286097691894,0.16774020397208803,
65,19.02173913043478,5.971551261406334,7.340311325818572,10.809178743961352,4.005636070853462,48.17498658078368,3.770799785292539,0.9057971014492754,
66,19.53166935050993,5.877616747181965,7.306763285024155,10.715244229736983,4.005636070853462,47.88647342995169,3.770799785292539,0.9057971014492754,
67,19.887278582930758,5.857487922705314,7.306763285024155,10.674986580783683,4.005636070853462,47.61808910359635,3.743961352657005,0.9057971014492754,
68,18.99490069779925,5.770263016639828,7.306763285024155,10.68840579710145,3.2675791733762747,47.56441223832528,5.501878690284487,0.9057971014492754,
69,19.33709071390231,5.656199677938808,7.286634460547504,10.46027911969941,3.046162104133119,48.14143853998927,5.166398282340311,0.9057971014492754,
70,19.14922168545357,4.180085882984434,7.058507783145465,10.393183038110575,4.575952764358561,48.691626409017715,5.0791733762748255,0.8722490606548577,
71,19.773215244229736,4.1129898013955986,7.058507783145465,10.473698336017177,4.508856682769726,48.16156736446592,5.038915727321524,0.8722490606548577,
72,20.52469135802469,4.086151368760064,7.018250134192163,10.218733225979603,4.49543746645196,47.698604401502955,5.038915727321524,0.9192163177670424,
73,21.18894256575416,4.05931293612453,7.018250134192163,10.091250670960816,4.435050993022007,47.296027911969944,4.99194847020934,0.9192163177670424,
74,21.18894256575416,3.851315083199141,8.756038647342995,12.942834138486312,4.824208266237251,43.45813204508857,4.87788513150832,0.10064412238325282,
75,21.531132581857218,3.8311862587224907,10.815888352120236,11.949812130971551,4.663177670424047,42.028985507246375,5.0791733762748255,0.10064412238325282,
76,21.141975308641975,3.4286097691894795,10.406602254428341,11.486849168008588,4.186795491143317,44.236446591519055,5.045625335480408,0.06709608158883522,
77,21.135265700483092,3.193773483628556,10.292538915727322,13.110574342458401,4.17337627482555,42.53220611916264,5.495169082125604,0.06709608158883522,
78,21.93370907139023,3.1736446591519054,10.11808910359635,12.949543746645196,4.119699409554482,42.2638217928073,5.374396135265701,0.06709608158883522,
79,22.396672034353195,3.1468062265163717,10.077831454643048,12.929414922168545,4.119699409554482,41.928341384863124,5.3341384863123995,0.06709608158883522,
80,21.611647879763822,2.9052603327965647,8.890230810520666,10.849436392914654,4.066022544283414,46.65190552871712,4.958400429414922,0.06709608158883522,
81,22.168545356951153,2.8918411164787976,8.80300590445518,10.701825013419215,4.133118625872249,46.27616747181965,4.958400429414922,0.06709608158883522,
82,19.96779388083736,2.281266774020397,8.749329039184111,14.351851851851851,3.9855072463768115,43.88083735909823,6.716317767042405,0.06709608158883522,
83,20.611916264090176,2.281266774020397,8.635265700483092,14.204240472356414,5.226784755770263,42.47852925389157,6.494900697799249,0.06709608158883522,
84,19.45115405260333,2.2410091250670963,8.816425120772946,14.184111647879764,3.81105743424584,46.62506709608159,4.804079441760601,0.06709608158883522,
85,19.920826623725173,2.2410091250670963,8.796296296296296,14.143853998926463,3.7775093934514223,46.262748255501876,4.790660225442834,0.06709608158883522,
86,20.705850778314545,2.2410091250670963,8.668813741277509,14.056629092860977,3.7640901771336552,45.71926999463231,4.783950617283951,0.06038647342995169,
87,21.423778851315085,2.227589908749329,8.541331186258722,13.875469672571121,3.743961352657005,45.3569511540526,4.770531400966184,0.06038647342995169,
88,21.772678475577028,2.15378421900161,8.393719806763285,14.922168545356952,3.207192699946323,44.71953837895867,4.770531400966184,0.06038647342995169,
89,20.088566827697264,2.15378421900161,8.319914117015566,13.962694578636608,3.166935050993022,47.63150831991412,4.622920021470746,0.05367686527106817,
90,20.611916264090176,2.15378421900161,8.313204508856682,13.768115942028986,4.582662372517445,45.8467525496511,4.549114331723027,0.17444981213097155,
91,18.760064412238325,2.0665593129361244,8.521202361782072,10.815888352120236,4.569243156199678,50.691089640365,4.40150295222759,0.17444981213097155,
92,19.155931293612454,2.0531400966183573,8.467525496511003,10.742082662372518,4.542404723564144,50.46296296296296,4.40150295222759,0.17444981213097155,
93,19.81347289318304,2.0397208803005906,8.299785292538916,10.7085346215781,4.4820182501341925,50.0805152979066,4.40150295222759,0.17444981213097155,
94,20.169082125603865,2.0397208803005906,8.038110574342458,10.997047772410092,4.461889425657541,49.6309715512614,4.2270531400966185,0.43612453032742887,
95,20.558239398819108,2.0397208803005906,7.977724100912507,10.997047772410092,4.435050993022007,49.18813741277509,4.367954911433173,0.43612453032742887,
96,19.6256038647343,2.0263016639828235,6.9243156199677935,13.754696725711218,4.334406870638754,48.32259796027912,4.300858829844337,0.7112184648416533,
97,20.29656468062265,2.0263016639828235,6.830381105743425,13.539989264626946,4.49543746645196,47.819377348362856,4.280730005367687,0.7112184648416533,
98,20.725979602791195,2.0263016639828235,6.830381105743425,13.43263553408481,4.428341384863124,47.56441223832528,4.280730005367687,0.7112184648416533,
99,20.833333333333332,2.0263016639828235,6.816961889425658,13.325281803542673,4.428341384863124,46.63848631239936,4.280730005367687,1.6505636070853462,
100,21.26274825550188,1.9457863660762211,6.816961889425658,13.130703166935051,4.428341384863124,46.32984433709071,4.435050993022007,1.6505636070853462,
101,21.296296296296298,1.7579173376274826,6.595544820182502,13.94927536231884,5.045625335480408,45.370370370370374,4.341116478797638,1.6438539989264627,
102,21.77938808373591,1.724369296833065,6.508319914117015,17.10950080515298,4.944981213097155,42.914653784219,4.320987654320987,0.6977992485238862,
103,22.363123993558776,1.6908212560386473,6.494900697799249,16.961889425657542,4.904723564143854,42.58588298443371,4.300858829844337,0.6977992485238862,
104,22.50402576489533,1.6908212560386473,7.132313472893183,16.921631776704242,4.864465915190553,42.08266237251745,4.106280193236715,0.6977992485238862,
105,23.040794417606012,1.6908212560386473,7.105475040257649,16.72705314009662,4.864465915190553,41.76731078904992,4.106280193236715,0.6977992485238862,
106,23.409822866344605,1.6908212560386473,7.823403113258186,16.63311862587225,4.783950617283951,40.88835212023618,4.072732152442297,0.6977992485238862,
107,23.678207192699947,1.6639828234031133,7.7898550724637685,16.505636070853463,4.783950617283951,40.35829307568438,4.522275899087493,0.6977992485238862,
108,24.174718196457327,1.6639828234031133,7.729468599033816,16.391572732152444,4.669887278582931,39.74771873322598,4.790660225442834,0.8319914117015567,
109,23.235373054213635,1.5163714439076759,6.971282877079979,19.061996779388085,4.1532474503489,39.452495974235106,4.663177670424047,0.9460547504025765,
110,23.926462694578635,1.5163714439076759,6.890767579173376,18.86070853462158,4.1532474503489,39.090177133655395,4.616210413311863,0.9460547504025765,
111,24.22168545356951,1.9592055823939882,6.857219538378959,18.585614600107355,4.1532474503489,38.519860440150296,4.757112184648417,0.9460547504025765,
112,24.932903918411164,1.9524959742351047,6.816961889425658,18.203166935050994,4.139828234031133,38.177670424047236,4.830917874396135,0.9460547504025765,
113,25.483091787439612,1.865271068169619,6.937734836285561,18.12265163714439,4.032474503488996,37.96967257112185,4.643048845947397,0.9460547504025765,
114,25.865539452495973,1.865271068169619,6.857219538378959,15.881642512077295,3.9855072463768115,39.962426194310254,4.636339237788513,0.9460547504025765,
115,24.114331723027377,1.737788513150832,6.374127750939345,14.13714439076758,3.4621578099838968,45.01476113794954,4.374664519592056,0.785024154589372,
116,24.08078368223296,1.737788513150832,6.273483628556092,13.097155126140633,3.33467525496511,46.484165324745035,4.2203435319377345,0.7716049382716049,
117,25.42270531400966,1.737788513150832,5.917874396135265,13.056897477187333,3.2877079978529253,45.62533548040794,4.180085882984434,0.7716049382716049,
118,26.194310252281266,1.7176596886741815,5.877616747181965,13.003220611916264,3.2877079978529253,45.088566827697264,4.05931293612453,0.7716049382716049,
119,26.617015566290927,1.7176596886741815,5.864197530864198,12.855609232420827,3.260869565217391,44.85373054213634,4.05931293612453,0.7716049382716049,
120,27.449006977992486,1.6505636070853462,6.696188942565755,12.399355877616747,3.3279656468062266,43.59903381642512,3.9855072463768115,0.8923778851315083,
121,27.979066022544284,1.6505636070853462,7.098765432098766,12.298711755233494,3.307836822329576,42.82742887815352,3.9855072463768115,0.8521202361782072,
122,27.925389157273216,1.6505636070853462,6.743156199677939,12.144390767579173,3.3011272141706924,43.76677402039721,3.4822866344605474,0.9863123993558777,
123,28.37493290391841,1.6505636070853462,6.702898550724638,12.037037037037036,3.2877079978529253,43.53864734299517,3.421900161030596,0.9863123993558777,
124,28.65673644659152,1.5163714439076759,6.615673644659152,12.285292538915728,3.730542136339238,42.66639828234031,3.3816425120772946,1.1473429951690821,
125,29.07944176060118,1.5163714439076759,6.602254428341385,12.23161567364466,4.052603327965647,42.0222758990875,3.3480944712828773,1.1473429951690821,
126,29.696725711218466,1.4962426194310252,6.602254428341385,12.077294685990339,4.052603327965647,41.59286097691895,3.33467525496511,1.1473429951690821,
127,30.226784755770264,1.4358561460010735,6.535158346752549,12.050456253354804,3.8915727321524423,40.955448201825014,3.6500268384326353,1.2546967257112185,
128,30.709876543209877,1.4358561460010735,6.394256575415996,11.882716049382717,3.8848631239935587,40.53945249597424,3.7640901771336552,1.3888888888888888,
129,31.508319914117017,1.4358561460010735,6.273483628556092,11.748523886205046,4.066022544283414,39.85507246376812,3.7640901771336552,1.3486312399355878,
130,31.5955448201825,1.3553408480944713,6.253354804079442,12.99651100375738,4.146537842190016,38.47289318303811,3.8714439076757916,1.3083735909822867,
131,32.407407407407405,1.3553408480944713,6.233225979602791,12.93612453032743,4.052603327965647,37.936124530327426,3.797638217928073,1.2815351583467525,
132,32.60198604401503,1.3553408480944713,6.233225979602791,12.882447665056361,3.9989264626945786,37.8690284487386,3.784219001610306,1.2748255501878691,
133,32.991143317230275,1.3553408480944713,6.199677938808374,12.741545893719806,3.938539989264627,37.493290391841114,4.005636070853462,1.2748255501878691,
134,33.07836822329576,1.3217928073000538,7.514761137949543,12.614063338701019,3.5829307568438002,36.73510466988728,3.9452495974235107,1.2077294685990339,
135,32.44095544820183,1.3217928073000538,6.293612453032743,12.573805689747719,6.125872249060655,36.252012882447666,3.878153515834675,1.1137949543746646,
136,32.058507783145465,1.3217928073000538,8.433977455716587,12.453032742887816,6.078904991948471,34.46725711218465,3.569511540526033,1.6170155662909287,
137,29.683306494900698,1.3217928073000538,7.098765432098766,20.175791733762747,5.253623188405797,32.1658615136876,3.4688674181427803,0.8319914117015567,
138,30.226784755770264,1.3217928073000538,7.065217391304348,20.04830917874396,5.22007514761138,31.709608158883523,3.4688674181427803,0.9393451422436929,
139,30.287171229200215,1.3217928073000538,7.058507783145465,19.048577563070317,3.227321524422974,34.896672034353195,3.3279656468062266,0.8319914117015567,
140,30.743424584004295,1.3016639828234031,7.085346215780999,18.99490069779925,3.294417606011809,34.5679012345679,3.180354267310789,0.8319914117015567,
141,31.34728931830381,1.3016639828234031,7.051798174986581,18.733225979602793,3.2206119162640903,34.37332259796028,3.140096618357488,0.8319914117015567,
142,31.629092860976918,1.3016639828234031,7.0383789586688135,18.605743424584006,3.2206119162640903,34.252549651100374,3.126677402039721,0.8252818035426731,
143,31.622383252818036,1.2815351583467525,6.78341384863124,19.887278582930758,3.1535158346752548,33.3467525496511,3.099838969404187,0.8252818035426731,
144,32.10547504025765,1.2748255501878691,6.655931293612453,19.77992485238862,3.140096618357488,33.20585077831455,3.0193236714975846,0.8185721953837896,
145,32.49463231347289,1.2546967257112185,6.561996779388084,19.77992485238862,3.079710144927536,32.991143317230275,3.0193236714975846,0.8185721953837896,
146,32.48121309715513,1.2546967257112185,6.971282877079979,19.679280730005367,3.079710144927536,32.776435856146,2.945517981749866,0.8118625872249061,
147,32.427536231884055,1.2546967257112185,7.588566827697263,19.6256038647343,3.0327428878153517,32.2061191626409,3.0931293612453032,0.7716049382716049,
148,32.6556629092861,1.2278582930756843,7.575147611379496,19.612184648416534,3.012614063338701,32.05179817498658,3.0931293612453032,0.7716049382716049,
149,32.64224369296833,1.1741814278046163,8.420558239398819,18.947933440687063,3.5963499731615673,31.38083735909823,3.066290928609769,0.7716049382716049,
150,33.00456253354804,1.1741814278046163,8.407139023081053,18.84728931830381,3.5426731078904994,31.04535695115405,3.207192699946323,0.7716049382716049,
151,33.5077831454643,1.1741814278046163,8.373590982286634,18.78690284487386,3.4286097691894795,30.88432635534085,3.1535158346752548,0.6910896403650026,
152,33.85668276972625,1.1741814278046163,8.353462157809984,18.706387546967257,3.4017713365539453,30.709876543209877,3.1199677938808374,0.6776704240472357,
153,34.15190552871712,1.1741814278046163,8.32662372517445,18.632581857219538,3.3548040794417604,30.64278046162104,3.0394524959742353,0.6776704240472357,
154,34.816156736446594,1.1741814278046163,8.272946859903382,18.46484165324745,3.260869565217391,30.387815351583466,2.9790660225442833,0.644122383252818,
155,35.45356951154053,1.1406333870101986,8.205850778314547,18.357487922705314,3.260869565217391,29.97181964573269,2.965646806226516,0.644122383252818,
156,36.04401502952228,1.133923778851315,8.132045088566828,18.189747718733226,3.2206119162640903,29.74369296833065,2.8918411164787976,0.644122383252818,
157,36.43317230273752,1.133923778851315,8.132045088566828,18.10252281266774,3.166935050993022,29.49543746645196,2.8918411164787976,0.644122383252818,
158,36.43317230273752,1.133923778851315,8.132045088566828,18.65271068169619,3.1199677938808374,28.992216854535695,2.8918411164787976,0.644122383252818,
159,37.02361782071927,1.133923778851315,8.031400966183575,18.370907139023082,3.052871712292002,28.864734299516908,2.8784219001610305,0.644122383252818,
160,37.35909822866345,1.133923778851315,7.98443370907139,18.169618894256576,3.026033279656468,28.73725174449812,2.8381642512077296,0.7514761137949544,
161,37.996511003757384,1.133923778851315,7.890499194847021,17.85426731078905,2.9790660225442833,28.61647879763822,2.7777777777777777,0.7514761137949544,
162,38.60708534621578,1.133923778851315,7.843531937734836,17.62614063338701,2.9723564143853998,28.37493290391841,2.690552871712292,0.7514761137949544,
163,38.70101986044015,1.133923778851315,7.836822329575953,17.57246376811594,2.9723564143853998,28.341384863123995,2.690552871712292,0.7514761137949544,
164,38.92914653784219,1.133923778851315,7.803274288781535,17.485238862050455,2.965646806226516,28.24074074074074,2.690552871712292,0.7514761137949544,
165,38.808373590982285,1.133923778851315,7.689210950080516,18.16290928609769,2.9589371980676327,27.932098765432098,2.5966183574879227,0.7179280730005367,
166,38.30515297906602,1.1272141706924315,9.420289855072463,17.860976918947934,2.831454643048846,27.375201288244767,2.368491680085883,0.7112184648416533,
167,38.91572732152442,1.093666129898014,9.420289855072463,17.465110037573805,2.804616210413312,27.241009125067094,2.3550724637681157,0.7045088566827697,
168,38.479602791196996,1.093666129898014,9.333064949006978,20.108695652173914,2.5563607085346214,25.40257648953301,2.3215244229736984,0.7045088566827697,
169,39.08346752549651,1.093666129898014,9.306226516371444,19.80005367686527,2.5295222758990876,25.194578636607623,2.2946859903381642,0.6977992485238862,
170,39.95571658615137,1.0869565217391304,9.198872785829307,19.652442297369834,2.5161030595813205,24.62426194310252,2.2946859903381642,0.6709608158883521,
171,40.54616210413312,1.0802469135802468,9.138486312399356,19.410896403650028,2.4221685453569513,24.44310252281267,2.2879763821792807,0.6709608158883521,
172,40.60654857756307,1.0802469135802468,9.541062801932368,19.384057971014492,2.395330112721417,24.060654857756308,2.2611379495437465,0.6709608158883521,
173,40.915190552871714,1.0802469135802468,9.520933977455716,19.310252281266774,2.395330112721417,23.731884057971016,2.3752012882447664,0.6709608158883521,
174,41.076221148684915,1.0802469135802468,9.4873859366613,19.249865807836823,2.395330112721417,23.66478797638218,2.3752012882447664,0.6709608158883521,
175,41.57944176060118,1.0802469135802468,9.346484165324744,19.102254428341386,2.395330112721417,23.49033816425121,2.3617820719269993,0.644122383252818,
176,42.028985507246375,1.0802469135802468,9.225711218464841,18.820450885668276,2.395330112721417,23.356146001073537,2.4691358024691357,0.6239935587761675,
177,42.44498121309716,1.0802469135802468,9.125067096081589,18.605743424584006,2.395330112721417,23.255501878690286,2.4691358024691357,0.6239935587761675,
178,42.80059044551798,1.0802469135802468,9.044551798174986,18.55877616747182,2.395330112721417,23.05421363392378,2.4490069779924855,0.6172839506172839,
179,43.05555555555556,1.0802469135802468,8.997584541062801,18.45813204508857,2.395330112721417,22.84621578099839,2.5496511003757383,0.6172839506172839,
180,43.49838969404187,1.0802469135802468,8.957326892109501,18.230005367686527,2.395330112721417,22.6784755770263,2.5429414922168547,0.6172839506172839,
181,42.190016103059584,1.0802469135802468,8.729200214707461,18.833870101986044,4.159957058507783,21.806226516371442,2.5831991411701556,0.6172839506172839,
182,42.66639828234031,1.0802469135802468,8.68894256575416,18.679549114331724,4.106280193236715,21.584809447128286,2.576489533011272,0.6172839506172839,
183,42.94820182501342,1.0802469135802468,8.601717659688674,18.63929146537842,3.9318303811057436,21.477455716586153,2.703972088030059,0.6172839506172839,
184,43.20987654320987,1.0802469135802468,8.527911969940956,18.59903381642512,3.9318303811057436,21.349973161567366,2.6972624798711755,0.6038647342995169,
185,42.31749865807837,1.0802469135802468,8.527911969940956,18.47826086956522,4.012345679012346,22.36983360171766,2.623456790123457,0.5904455179817498,
186,42.639559849704774,1.0802469135802468,8.641975308641975,18.230005367686527,3.9586688137412773,22.23564143853999,2.623456790123457,0.5904455179817498,
187,42.8743961352657,1.0802469135802468,8.621846484165324,18.12265163714439,3.9519592055823938,22.16183574879227,2.5966183574879227,0.5904455179817498,
188,42.028985507246375,0.9326355340848095,8.28636607622115,16.841116478797638,3.0327428878153517,25.657541599570585,2.6301663982823404,0.5904455179817498,
189,42.371175523349436,0.9125067096081588,8.232689210950081,16.780730005367687,2.965646806226516,25.51663982823403,2.6301663982823404,0.5904455179817498,
190,42.008856682769725,0.9125067096081588,7.816693505099302,16.700214707461082,2.965646806226516,26.583467525496513,2.4355877616747184,0.5770263016639828,
191,42.29736983360172,0.9125067096081588,7.742887815351583,16.57944176060118,2.9388083735909825,26.516371443907676,2.4355877616747184,0.5770263016639828,
192,42.46511003757381,0.8990874932903918,7.601986044015029,16.639828234031132,2.932098765432099,26.455984970477726,2.428878153515835,0.5770263016639828,
193,42.62614063338701,0.8990874932903918,7.601986044015029,16.626409017713364,2.932098765432099,26.308373590982285,2.428878153515835,0.5770263016639828,
194,42.51207729468599,0.8990874932903918,9.796027911969942,16.203703703703702,2.898550724637681,24.684648416532475,2.428878153515835,0.5770263016639828,
195,42.881105743424584,0.8923778851315083,9.782608695652174,16.170155662909288,2.8918411164787976,24.376006441223833,2.428878153515835,0.5770263016639828,
196,42.51207729468599,0.8856682769726248,9.400161030595813,17.330917874396135,2.737520128824477,24.040526033279658,2.5161030595813205,0.5770263016639828,
197,42.64626945786366,0.8722490606548577,9.46725711218465,17.082662372517444,2.6704240472356413,23.758722490606548,2.9253891572732154,0.5770263016639828,
198,42.88781535158347,0.8722490606548577,9.46725711218465,16.901502952227588,2.6704240472356413,23.698336017176597,2.9253891572732154,0.5770263016639828,
199,43.10252281266774,0.8722490606548577,9.46725711218465,16.78743961352657,2.6704240472356413,23.617820719269993,2.918679549114332,0.5636070853462157,
200,43.565485775630705,0.8722490606548577,9.326355340848094,16.72705314009662,2.6704240472356413,23.369565217391305,2.9052603327965647,0.5636070853462157,
201,43.72651637144391,0.8722490606548577,9.312936124530328,16.666666666666668,2.6704240472356413,23.282340311325818,2.9052603327965647,0.5636070853462157,
202,44.18276972624799,0.8722490606548577,9.326355340848094,16.55931293612453,2.6637144390767578,22.933440687063875,2.898550724637681,0.5636070853462157,
203,44.40418679549114,0.8722490606548577,9.151905528717123,15.921900161030596,2.636876006441224,23.564143853998928,2.8918411164787976,0.5568974771873323,
204,44.585346215781,0.8722490606548577,9.078099838969404,15.881642512077295,2.6301663982823404,23.517176596886742,2.8784219001610305,0.5568974771873323,
205,44.826892109500804,0.8588298443370908,9.07139023081052,15.874932903918411,2.6301663982823404,23.315888352120236,2.8650026838432634,0.5568974771873323,
206,43.35077831454643,0.8588298443370908,8.756038647342995,15.378421900161031,2.6167471819645733,25.717928073000536,2.7643585614600106,0.5568974771873323,
207,43.67954911433172,0.8588298443370908,8.742619431025227,15.318035426731079,2.7509393451422435,25.328770799785293,2.7643585614600106,0.5568974771873323,
208,44.14251207729468,0.8588298443370908,8.735909822866345,15.190552871712292,2.7509393451422435,25.013419216317768,2.7509393451422435,0.5568974771873323,
209,44.477992485238865,0.8588298443370908,8.722490606548577,15.096618357487923,2.7308105206655933,24.805421363392377,2.7509393451422435,0.5568974771873323,
210,44.216317767042405,0.8588298443370908,8.608427267847558,14.53972088030059,2.717391304347826,25.751476113794954,2.7509393451422435,0.5568974771873323,
211,44.7061191626409,0.8588298443370908,8.501073537305421,14.445786366076222,2.6838432635534084,25.51663982823403,2.737520128824477,0.5501878690284487,
212,36.9296833064949,0.8387010198604401,8.044820182501342,11.017176596886742,1.9592055823939882,38.909017713365536,1.6639828234031133,0.6374127750939346,
213,37.17793880837359,0.8387010198604401,7.957595276435856,10.836017176596886,1.9592055823939882,38.79495437466452,1.7981749865807837,0.6374127750939346,
214,37.245034889962426,0.8387010198604401,8.004562533548041,10.7085346215781,1.932367149758454,38.88217928073001,1.7579173376274826,0.630703166935051,
215,37.245034889962426,0.8387010198604401,7.669082125603865,10.674986580783683,1.892109500805153,39.47933440687064,1.570048309178744,0.630703166935051,
216,37.60064412238325,0.8387010198604401,7.6556629092860975,10.607890499194847,1.892109500805153,39.210950080515296,1.5633387010198605,0.630703166935051,
217,38.425925925925924,0.8387010198604401,7.64224369296833,10.57434245840043,1.892109500805153,38.466183574879224,1.5297906602254427,0.630703166935051,
218,37.4194847020934,0.8387010198604401,7.561728395061729,12.855609232420827,1.892109500805153,37.27187332259796,1.5297906602254427,0.630703166935051,
219,38.056897477187334,0.8387010198604401,7.561728395061729,12.741545893719806,1.892109500805153,36.78878153515835,1.5163714439076759,0.6038647342995169,
220,38.486312399355874,0.8387010198604401,7.461084272678476,12.714707461084272,1.892109500805153,36.40633387010199,1.482823403113258,0.7179280730005367,
221,38.828502415458935,0.8387010198604401,7.380568974771873,12.607353730542137,1.892109500805153,35.52066559312936,1.4358561460010735,1.4962426194310252,
222,39.130434782608695,0.8319914117015567,7.380568974771873,12.5,1.892109500805153,35.35292538915727,1.4224369296833066,1.4895330112721417,
223,39.56655931293612,0.8319914117015567,7.179280730005368,12.573805689747719,1.892109500805153,35.04428341384863,1.4224369296833066,1.4895330112721417,
224,39.130434782608695,0.8319914117015567,6.957863660762212,12.486580783682234,1.6841116478797638,36.00375738056898,1.4224369296833066,1.482823403113258,
225,38.94927536231884,0.8319914117015567,6.944444444444445,11.399624261943103,1.6572732152442298,37.31213097155126,1.4224369296833066,1.482823403113258,
226,39.472624798711756,0.8185721953837896,6.843800322061192,11.238593666129898,1.6572732152442298,37.104133118625874,1.402308105206656,1.4626945786366077,
227,39.9020397208803,0.8118625872249061,6.816961889425658,11.09098228663446,1.6572732152442298,36.85587761674718,1.402308105206656,1.4626945786366077,
228,40.13016639828234,0.8118625872249061,6.776704240472356,11.030595813204508,1.6505636070853462,36.761943102522814,1.3754696725711217,1.4626945786366077,
229,40.64680622651637,0.8118625872249061,6.588835212023618,11.345947396672035,1.6304347826086956,36.22517444981213,1.3754696725711217,1.3754696725711217,
230,41.04938271604938,0.8118625872249061,6.139291465378422,11.943102522812667,1.6304347826086956,35.67498658078368,1.3754696725711217,1.3754696725711217,
231,39.96913580246913,0.8118625872249061,6.1862587224906065,18.86070853462158,1.6304347826086956,30.636070853462158,1.1540526033279657,0.7514761137949544,
232,40.51932367149758,0.8118625872249061,6.172839506172839,18.50509930220075,1.6237251744498122,30.48174986580784,1.1540526033279657,0.7313472893183038,
233,40.92190016103059,0.8051529790660226,6.300322061191626,18.35077831454643,1.596886741814278,30.139559849704778,1.1540526033279657,0.7313472893183038,
234,41.297638217928075,0.798443370907139,6.300322061191626,18.189747718733226,1.5901771336553945,29.944981213097154,1.1540526033279657,0.7246376811594203,
235,41.438539989264626,0.798443370907139,6.226516371443908,18.136070853462158,1.5901771336553945,29.931561996779386,1.1540526033279657,0.7246376811594203,
236,41.97530864197531,0.7917337627482555,6.139291465378422,17.814009661835748,1.5901771336553945,29.824208266237253,1.1540526033279657,0.7112184648416533,
237,42.72007514761138,0.7648953301127214,5.984970477724101,17.619431025228128,1.5901771336553945,29.49543746645196,1.1540526033279657,0.6709608158883521,
238,42.72678475577026,0.7648953301127214,5.9447128287707995,17.45169082125604,1.5901771336553945,29.643048845947398,1.1540526033279657,0.7246376811594203,
239,43.31052066559313,0.7648953301127214,5.9447128287707995,17.431561996779386,1.5901771336553945,29.13311862587225,1.1540526033279657,0.6709608158883521,
240,43.53193773483628,0.7648953301127214,5.931293612453032,17.317498658078367,1.5901771336553945,28.965378421900162,1.2546967257112185,0.644122383252818,
241,43.71309715512614,0.7648953301127214,6.0654857756307035,17.257112184648417,1.5901771336553945,28.723832528180353,1.2412775093934514,0.644122383252818,
242,43.142780461621044,0.7648953301127214,6.052066559312936,16.002415458937197,1.5901771336553945,30.56226516371444,1.2412775093934514,0.644122383252818,
243,43.183038110574344,0.7514761137949544,6.1929683306494905,15.921900161030596,1.5901771336553945,30.48174986580784,1.2345679012345678,0.644122383252818,
244,43.18974771873322,0.7447665056360708,6.166129898013956,15.754159957058508,1.556629092860977,30.709876543209877,1.2345679012345678,0.644122383252818,
245,43.51180891035963,0.7447665056360708,6.0654857756307035,15.707192699946322,1.556629092860977,30.56226516371444,1.2077294685990339,0.644122383252818,
246,43.72651637144391,0.7447665056360708,6.159420289855072,15.519323671497585,1.5432098765432098,30.407944176060116,1.2681159420289856,0.630703166935051,
247,44.06870638754697,0.7447665056360708,6.025228126677402,15.479066022544284,1.5432098765432098,30.24020397208803,1.2681159420289856,0.630703166935051,
248,44.524959742351044,0.7447665056360708,5.971551261406334,15.445517981749866,1.5432098765432098,29.871175523349436,1.2681159420289856,0.630703166935051,
249,44.847020933977454,0.7447665056360708,5.938003220611916,15.344873859366613,1.5297906602254427,29.723564143854,1.2412775093934514,0.630703166935051,
250,45.07514761137949,0.7447665056360708,5.488459473966721,15.183843263553408,1.5297906602254427,30.10601180891036,1.2412775093934514,0.630703166935051,
251,45.36366076221149,0.7447665056360708,5.407944176060118,15.116747181964573,1.5297906602254427,29.965110037573805,1.2412775093934514,0.630703166935051,
252,45.34353193773484,0.7447665056360708,5.407944176060118,15.002683843263553,1.5297906602254427,30.099302200751477,1.2412775093934514,0.630703166935051,
253,45.67230273752013,0.7447665056360708,5.407944176060118,14.875201288244767,1.5297906602254427,29.770531400966185,1.3687600644122384,0.630703166935051,
254,45.94739667203435,0.7447665056360708,5.394524959742351,14.707461084272678,1.5230810520665594,29.69001610305958,1.3687600644122384,0.6239935587761675,
255,46.43048845947396,0.7447665056360708,5.381105743424584,14.53972088030059,1.5163714439076759,29.401502952227588,1.3620504562533549,0.6239935587761675,
256,46.65861513687601,0.7447665056360708,5.381105743424584,14.445786366076222,1.5163714439076759,29.26731078904992,1.3620504562533549,0.6239935587761675,
257,47.04106280193237,0.7447665056360708,5.340848094471283,14.338432635534085,1.6304347826086956,28.945249597423512,1.3352120236178207,0.6239935587761675,
258,47.41009125067096,0.6642512077294686,5.307300053676865,14.278046162104133,1.6035963499731616,28.77750939345142,1.3352120236178207,0.6239935587761675,
259,47.50402576489533,0.6642512077294686,5.307300053676865,14.231078904991948,1.6035963499731616,28.73054213633924,1.3352120236178207,0.6239935587761675,
260,47.86634460547504,0.6642512077294686,5.267042404723564,14.204240472356414,1.5230810520665594,28.56280193236715,1.3217928073000538,0.5904455179817498,
261,47.987117552334944,0.6642512077294686,5.267042404723564,14.06333870101986,1.5230810520665594,28.650026838432634,1.3016639828234031,0.5434782608695652,
262,47.92002147074611,0.6642512077294686,5.267042404723564,14.06333870101986,1.5230810520665594,28.5829307568438,1.4358561460010735,0.5434782608695652,
263,48.19511540526033,0.6642512077294686,5.233494363929147,14.04320987654321,1.5230810520665594,28.388352120236178,1.4090177133655395,0.5434782608695652,
264,48.28234031132582,0.6642512077294686,5.12614063338701,14.278046162104133,1.4895330112721417,28.207192699946322,1.4090177133655395,0.5434782608695652,
265,48.57756307031669,0.6575415995705851,5.12614063338701,14.257917337627482,1.482823403113258,27.95222758990875,1.402308105206656,0.5434782608695652,
