,45,50,52,55,54,51,53,56,57,59
0,96.20236178207193,3.797638217928073,,,,,,,,
1,96.20236178207193,3.797638217928073,,,,,,,,
2,95.6857219538379,4.314278046162104,,,,,,,,
3,95.6857219538379,4.314278046162104,,,,,,,,
4,87.36580783682233,12.634192163177671,,,,,,,,
5,85.92324208266237,14.076757917337627,,,,,,,,
6,83.57487922705315,16.42512077294686,,,,,,,,
7,82.53488996242619,16.183574879227052,1.2815351583467525,,,,,,,
8,81.17283950617283,17.54562533548041,1.2815351583467525,,,,,,,
9,81.394256575416,17.324208266237253,1.2815351583467525,,,,,,,
10,78.48899624261944,20.229468599033815,1.2815351583467525,,,,,,,
11,77.90526033279656,20.813204508856682,1.2815351583467525,,,,,,,
12,72.28260869565217,26.435856146001072,1.2815351583467525,,,,,,,
13,72.28260869565217,26.288244766505635,1.2815351583467525,0.14761137949543746,,,,,,
14,72.28260869565217,26.133923778851315,1.2815351583467525,0.14761137949543746,0.15432098765432098,,,,,
15,72.04777241009126,25.469672571121848,1.2815351583467525,0.14761137949543746,0.15432098765432098,0.8990874932903918,,,,
16,68.94793344068707,28.589640365002683,1.261406333870102,0.14761137949543746,0.15432098765432098,0.8990874932903918,,,,
17,68.09581320450886,28.629898013955984,2.073268921095008,0.14761137949543746,0.15432098765432098,0.8990874932903918,,,,
18,68.15619967793882,28.569511540526033,2.073268921095008,0.14761137949543746,0.15432098765432098,0.8990874932903918,,,,
19,67.98845947396671,28.73725174449812,2.073268921095008,0.14761137949543746,0.15432098765432098,0.8990874932903918,,,,
20,64.18411164787976,22.38996242619431,2.0397208803005906,,0.15432098765432098,11.231884057971014,,,,
21,64.40552871712292,22.208803005904453,2.0397208803005906,,0.15432098765432098,11.191626409017713,,,,
22,63.27831454643049,23.336017176596886,2.0397208803005906,,0.15432098765432098,11.191626409017713,,,,
23,63.33870101986044,23.275630703166936,2.0397208803005906,,0.15432098765432098,11.191626409017713,,,,
24,56.98470209339774,28.99892646269458,2.0263016639828235,,1.093666129898014,10.896403650026839,,,,
25,46.81964573268921,30.139559849704778,2.0263016639828235,0.08722490606548577,1.093666129898014,19.83360171765969,,,,
26,44.216317767042405,25.469672571121848,1.932367149758454,0.2616747181964573,1.06682769726248,27.053140096618357,,,,
27,44.37734836285561,25.369028448738593,1.932367149758454,0.2616747181964573,1.06682769726248,26.992753623188406,,,,
28,44.55179817498658,25.288513150831992,1.932367149758454,0.2616747181964573,1.06682769726248,26.898819108964037,,,,
29,21.557971014492754,67.72007514761138,0.7045088566827697,0.9326355340848095,0.9259259259259259,8.158883521202362,,,,
30,21.79951690821256,67.47852925389158,0.7045088566827697,0.9326355340848095,0.9259259259259259,8.158883521202362,,,,
31,21.578099838969404,62.003488996242616,6.91760601180891,0.9326355340848095,0.9259259259259259,5.790391841116479,1.8518518518518519,,,
32,21.598228663446054,60.41331186258722,6.561996779388084,1.1741814278046163,3.408480944712829,3.9989264626945786,2.0397208803005906,0.8051529790660226,,
33,20.29656468062265,59.43370907139023,6.5552871712292005,1.1741814278046163,3.361513687600644,6.333870101986044,2.0397208803005906,0.8051529790660226,,
34,20.52469135802469,59.33977455716586,6.521739130434782,1.1741814278046163,3.3145464304884595,6.333870101986044,1.9860440150295222,0.8051529790660226,,
35,20.538110574342458,50.415995705850776,7.427536231884058,0.9326355340848095,11.674718196457327,6.219806763285024,1.9860440150295222,0.8051529790660226,,
36,20.665593129361245,49.9597423510467,7.427536231884058,0.7716049382716049,9.29951690821256,5.139559849704777,5.931293612453032,0.8051529790660226,,
37,20.739398819108963,48.85265700483092,7.387278582930757,1.8451422436929683,10.050993022007514,5.139559849704777,5.2066559312936125,0.7783145464304885,,
38,20.78636607622115,48.55743424584004,7.347020933977456,1.8451422436929683,10.00402576489533,5.139559849704777,5.542136339237788,0.7783145464304885,,
39,20.90713902308105,48.48362855609233,7.541599570585078,1.8451422436929683,9.970477724100913,4.931561996779388,5.542136339237788,0.7783145464304885,,
40,21.101717659688674,48.047504025764894,7.50805152979066,2.147074610842727,9.943639291465379,4.931561996779388,5.542136339237788,0.7783145464304885,,
41,21.3768115942029,47.92002147074611,7.481213097155126,2.147074610842727,9.836285560923242,4.918142780461621,5.542136339237788,0.7783145464304885,,
42,17.330917874396135,52.44900697799248,7.071926999463232,2.147074610842727,9.836285560923242,4.851046698872786,5.535426731078905,0.7783145464304885,,
43,17.505367686527105,51.710950080515296,7.071926999463232,2.8247450348899625,9.809447128287708,4.851046698872786,5.448201825013419,0.7783145464304885,,
44,17.713365539452496,51.56333870101986,7.065217391304348,2.8247450348899625,9.782608695652174,4.824208266237251,5.448201825013419,0.7783145464304885,,
45,18.02871712292002,51.36205045625336,7.065217391304348,2.8247450348899625,9.688674181427805,4.824208266237251,5.428073000536768,0.7783145464304885,,
46,18.230005367686527,50.55018786902845,6.977992485238862,2.8247450348899625,10.433440687063875,4.777241009125067,5.428073000536768,0.7783145464304885,,
47,16.74718196457327,49.013687600644126,6.6827697262479875,2.8247450348899625,11.117820719269995,7.541599570585078,5.159688674181428,0.9125067096081588,,
48,16.861245303274288,48.87278582930757,6.6827697262479875,2.7979066022544283,11.171497584541063,7.541599570585078,5.159688674181428,0.9125067096081588,,
49,16.99543746645196,47.18867418142781,6.6827697262479875,1.5365002683843263,13.982823403113258,7.541599570585078,5.159688674181428,0.9125067096081588,,
50,17.09608158883521,46.9873859366613,6.66935050993022,1.5365002683843263,14.600107353730541,7.065217391304348,5.132850241545894,0.9125067096081588,,
51,17.64626945786366,45.75281803542673,6.588835212023618,1.5297906602254427,15.98899624261943,6.494900697799249,5.0858829844337095,0.9125067096081588,,
52,17.96833064949007,45.611916264090176,6.588835212023618,1.5297906602254427,15.841384863123993,6.468062265163715,5.0791733762748255,0.9125067096081588,,
53,17.995169082125603,44.639023081052066,7.62211486849168,1.5297906602254427,15.4723564143854,6.454643048845948,4.690016103059581,1.596886741814278,,
54,17.337627482555018,43.27026301663983,7.615405260332796,1.5297906602254427,15.432098765432098,8.527911969940956,4.690016103059581,1.596886741814278,,
55,17.56575415995706,43.07568438003221,7.581857219538379,1.5633387010198605,15.485775630703166,8.527911969940956,4.62962962962963,1.570048309178744,,
56,17.518786902844873,43.07568438003221,7.152442297369833,2.214170692431562,15.485775630703166,8.353462157809984,4.62962962962963,1.570048309178744,,
57,17.693236714975846,43.062265163714436,7.112184648416532,2.214170692431562,15.398550724637682,8.353462157809984,4.5960815888352125,1.570048309178744,,
58,17.995169082125603,42.78717122920021,7.112184648416532,2.214170692431562,15.398550724637682,8.353462157809984,4.5960815888352125,1.5432098765432098,,
59,18.035426731078903,40.666935050993025,10.279119699409554,2.214170692431562,15.318035426731079,7.347020933977456,4.5960815888352125,1.5432098765432098,,
60,16.968599033816425,40.80112721417069,10.245571658615138,3.3682232957595275,15.157004830917874,7.347020933977456,4.582662372517445,1.5297906602254427,,
61,16.505636070853463,39.59339774557166,11.768652710681696,3.8915727321524423,15.150295222758992,7.004830917874396,4.569243156199678,1.5163714439076759,,
62,15.874932903918411,39.40552871712292,11.75523349436393,3.8915727321524423,15.116747181964573,7.87037037037037,4.569243156199678,1.5163714439076759,,
63,15.995705850778315,38.58024691358025,11.75523349436393,4.602791196994096,15.116747181964573,7.87037037037037,4.562533548040794,1.5163714439076759,,
64,16.13660762211487,38.37224906065486,11.701556629092861,4.602791196994096,15.257648953301127,7.85024154589372,4.562533548040794,1.5163714439076759,,
65,16.29092860976919,38.31857219538379,11.694847020933977,4.5893719806763285,15.217391304347826,7.809983896940419,4.562533548040794,1.5163714439076759,,
66,16.129898013955984,38.419216317767045,11.694847020933977,4.5893719806763285,14.284755770263017,7.7831454643048845,5.58239398819109,1.5163714439076759,,
67,15.74074074074074,35.98362855609233,11.694847020933977,7.595276435856146,14.251207729468598,7.7831454643048845,5.434782608695652,1.5163714439076759,,
68,15.921900161030596,35.88298443370907,11.674718196457327,7.595276435856146,14.204240472356414,7.776435856146001,5.434782608695652,1.5096618357487923,,
69,15.94873859366613,35.50053676865271,11.654589371980677,7.98443370907139,14.190821256038648,7.776435856146001,5.434782608695652,1.5096618357487923,,
70,16.029253891572733,35.45356951154053,11.533816425120772,7.98443370907139,14.090177133655395,7.729468599033816,5.434782608695652,1.5096618357487923,0.23483628556092323,
71,16.203703703703702,35.42002147074611,11.52710681696189,7.96430488459474,13.976113794954374,7.729468599033816,5.434782608695652,1.5096618357487923,0.23483628556092323,
72,16.015834675254965,30.669618894256576,9.782608695652174,7.937466451959206,13.969404186795492,13.6808910359635,6.199677938808374,1.5096618357487923,0.23483628556092323,
73,15.445517981749866,29.180085882984432,8.21256038647343,8.07836822329576,13.90901771336554,18.00187869028449,5.428073000536768,1.5096618357487923,0.23483628556092323,
74,15.559581320450885,29.13311862587225,8.172302737520129,8.07836822329576,13.788244766505636,17.995169082125603,5.528717122920021,1.5096618357487923,0.23483628556092323,
75,15.673644659151906,28.33467525496511,10.473698336017177,8.836553945249598,13.741277509393452,15.72061191626409,5.35426731078905,1.6304347826086956,0.23483628556092323,
76,14.78797638217928,26.617015566290927,11.305689747718732,8.541331186258722,16.190284487385938,15.33816425120773,5.35426731078905,1.6304347826086956,0.23483628556092323,
77,15.01610305958132,26.529790660225444,11.272141706924316,8.514492753623188,16.022544283413847,15.304616210413311,5.35426731078905,1.6304347826086956,0.35560923242082665,
78,14.935587761674718,26.7512077294686,11.124530327428879,8.514492753623188,15.962157809983896,15.277777777777779,5.4549114331723025,1.6237251744498122,0.35560923242082665,
79,15.13016639828234,26.65727321524423,12.4597423510467,8.427267847557703,15.94873859366613,13.942565754159958,5.4549114331723025,1.6237251744498122,0.35560923242082665,
80,15.190552871712292,25.946054750402578,12.4597423510467,9.104938271604938,15.92860976918948,13.935856146001074,5.4549114331723025,1.6237251744498122,0.35560923242082665,
81,15.304616210413311,25.91250670960816,12.385936661298981,9.104938271604938,15.848094471282877,13.935856146001074,5.4549114331723025,1.5901771336553945,0.46296296296296297,
82,15.45222758990875,25.677670424047236,13.150831991411701,9.024422973698336,15.83467525496511,13.372249060654857,5.434782608695652,1.5901771336553945,0.46296296296296297,
83,15.633387010198604,25.161030595813205,11.097691894793345,9.01100375738057,15.465646806226516,16.14331723027375,5.434782608695652,1.5901771336553945,0.46296296296296297,
84,15.754159957058508,25.161030595813205,11.084272678475577,9.01100375738057,15.465646806226516,16.035963499731615,5.434782608695652,1.5901771336553945,0.46296296296296297,
85,13.620504562533547,19.679280730005367,24.92619431025228,8.57487922705314,12.151100375738057,13.58695652173913,5.407944176060118,1.5901771336553945,0.46296296296296297,
86,13.6808910359635,19.652442297369834,24.892646269457863,8.57487922705314,12.151100375738057,13.58695652173913,5.407944176060118,1.5901771336553945,0.46296296296296297,
87,13.774825550187868,19.605475040257648,24.86580783682233,8.57487922705314,12.151100375738057,13.56682769726248,5.407944176060118,1.5901771336553945,0.46296296296296297,
88,12.399355877616747,23.315888352120236,24.664519592055825,8.57487922705314,12.037037037037036,11.560654857756306,5.394524959742351,1.5901771336553945,0.46296296296296297,
89,12.634192163177671,23.221953837895867,24.402844873859365,8.467525496511003,12.338969404186795,11.520397208803006,5.360976918947934,1.5901771336553945,0.46296296296296297,
90,12.318840579710145,23.1280193236715,27.30139559849705,7.957595276435856,11.735104669887278,11.352657004830919,4.280730005367687,1.4694041867954912,0.4562533548040794,
91,12.493290391841116,23.11460010735373,27.20746108427268,8.05823939881911,11.600912506709609,11.3191089640365,4.280730005367687,1.4694041867954912,0.4562533548040794,
92,12.607353730542137,23.11460010735373,26.878690284487387,8.038110574342458,11.392914653784219,10.299248523886206,4.280730005367687,2.7844873859366612,0.6038647342995169,
93,12.882447665056361,23.101180891035963,26.744498121309714,8.038110574342458,11.238593666129898,10.02415458937198,4.280730005367687,3.0864197530864197,0.6038647342995169,
94,12.721417069243156,22.564412238325282,28.75067096081589,7.5281803542673105,10.34621578099839,10.02415458937198,4.26731078904992,3.0864197530864197,0.7112184648416533,
95,12.097423510466989,22.886473429951693,28.133387010198604,9.5276435856146,10.312667740203972,8.984165324745035,4.26731078904992,3.079710144927536,0.7112184648416533,
96,12.104133118625873,19.900697799248523,28.844605475040257,6.937734836285561,11.211755233494364,8.977455716586151,8.3467525496511,3.079710144927536,0.5971551261406334,
97,12.050456253354804,19.679280730005367,28.958668813741276,6.608964036500268,14.056629092860977,8.876811594202898,6.219806763285024,3.079710144927536,0.46967257112184646,
98,12.130971551261407,19.665861513687602,28.951959205582394,6.608964036500268,14.016371443907676,8.856682769726248,6.219806763285024,3.079710144927536,0.46967257112184646,
99,12.600644122383253,19.592055823939884,30.246913580246915,5.3274288781535155,13.989533011272142,8.514492753623188,6.206387546967257,3.052871712292002,0.46967257112184646,
100,12.795222758990874,19.55179817498658,30.193236714975846,5.293880837359098,13.962694578636608,8.501073537305421,6.1862587224906065,3.046162104133119,0.46967257112184646,
101,11.882716049382717,17.424852388620504,22.584541062801932,3.9855072463768115,11.694847020933977,23.369565217391305,6.159420289855072,2.5429414922168547,0.35560923242082665,
102,12.00348899624262,17.398013955984972,22.544283413848632,3.9720880300590444,11.681427804616211,23.34272678475577,6.159420289855072,2.5429414922168547,0.35560923242082665,
103,12.077294685990339,17.371175523349436,22.517444981213096,3.9720880300590444,11.681427804616211,23.32259796027912,6.159420289855072,2.5429414922168547,0.35560923242082665,
104,12.010198604401502,17.07595276435856,25.15432098765432,3.965378421900161,11.681427804616211,20.913848631239937,6.461352657004831,2.38191089640365,0.35560923242082665,
105,11.513687600644122,16.27750939345142,26.241277509393452,3.797638217928073,11.580783682232958,20.497852925389157,6.447933440687064,2.38191089640365,1.261406333870102,
106,11.60762211486849,16.25067096081589,26.127214170692433,4.066022544283414,11.533816425120772,20.356951154052602,6.447933440687064,2.3483628556092326,1.261406333870102,
107,11.708266237251744,16.21712292002147,27.254428341384862,4.066022544283414,11.439881910896403,20.316693505099302,6.447933440687064,2.328234031132582,0.2214170692431562,
108,11.768652710681696,16.056092324208265,27.241009125067094,4.066022544283414,11.560654857756306,20.30998389694042,6.447933440687064,2.328234031132582,0.2214170692431562,
109,12.037037037037036,15.780998389694043,26.838432635534083,4.066022544283414,11.345947396672035,18.907675791733762,7.675791733762749,3.1468062265163717,0.20128824476650564,
110,12.338969404186795,15.76086956521739,26.757917337627482,4.066022544283414,11.3191089640365,18.80703166935051,7.601986044015029,3.1468062265163717,0.20128824476650564,
111,12.513419216317766,15.673644659151906,26.757917337627482,4.066022544283414,11.292270531400966,18.800322061191626,7.601986044015029,3.0931293612453032,0.20128824476650564,
112,12.694578636607622,15.666935050993022,26.73107890499195,4.066022544283414,11.225174449812132,18.632581857219538,7.581857219538379,3.2004830917874396,0.20128824476650564,
113,12.929414922168545,15.666935050993022,26.603596349973163,5.233494363929147,11.171497584541063,18.5252281266774,6.481481481481482,3.1870638754696725,0.20128824476650564,
114,13.130703166935051,15.619967793880837,27.012882447665056,5.199946323134729,11.064143853998926,17.921363392377884,6.481481481481482,3.1870638754696725,0.3824476650563607,
115,12.406065485775631,14.727589908749328,24.570585077831456,5.173107890499195,10.762211486849168,22.396672034353195,6.474771873322598,3.1065485775630703,0.3824476650563607,
116,12.546967257112184,14.694041867954912,24.55716586151369,5.173107890499195,10.762211486849168,22.34970477724101,6.468062265163715,3.066290928609769,0.3824476650563607,
117,12.305421363392378,13.7211486849168,29.49543746645196,4.159957058507783,9.809447128287708,21.235909822866343,5.904455179817498,2.985775630703167,0.3824476650563607,
118,12.379227053140097,13.7211486849168,29.482018250134193,4.139828234031133,9.782608695652174,21.235909822866343,5.904455179817498,2.9723564143853998,0.3824476650563607,
119,12.439613526570048,13.7211486849168,29.482018250134193,4.139828234031133,9.762479871175524,21.20907139023081,5.891035963499732,2.9723564143853998,0.3824476650563607,
120,12.466451959205582,13.539989264626946,29.482018250134193,4.294149221685454,9.762479871175524,21.20907139023081,5.891035963499732,2.9723564143853998,0.3824476650563607,
121,12.546967257112184,13.493022007514762,30.931293612453032,3.5091250670960816,9.29951690821256,21.175523349436393,5.689747718733226,2.9723564143853998,0.3824476650563607,
122,12.734836285560924,13.493022007514762,30.857487922705314,3.5091250670960816,9.292807300053678,21.128556092324207,5.629361245303274,2.9723564143853998,0.3824476650563607,
123,12.889157273215245,13.493022007514762,30.46833064949007,3.8043478260869565,9.25925925925926,21.121846484165324,5.609232420826624,2.9723564143853998,0.3824476650563607,
124,12.949543746645196,13.493022007514762,30.951422436929683,3.784219001610306,9.07139023081052,21.108427267847556,5.300590445517981,2.9589371980676327,0.3824476650563607,
125,12.915995705850777,13.405797101449275,32.32018250134192,3.784219001610306,8.071658615136876,21.021202361782073,5.159688674181428,2.9388083735909825,0.3824476650563607,
126,13.083735909822867,13.365539452495975,31.99812130971551,3.784219001610306,8.011272141706923,21.021202361782073,5.414653784219001,2.9388083735909825,0.3824476650563607,
127,13.358829844337091,13.258185721953838,31.904186795491142,3.7775093934514223,8.004562533548041,20.913848631239937,5.387815351583468,3.012614063338701,0.3824476650563607,
128,13.479602791196994,13.258185721953838,31.890767579173378,3.743961352657005,8.004562533548041,20.840042941492218,5.387815351583468,3.012614063338701,0.3824476650563607,
129,13.92914653784219,13.20450885668277,31.561996779388085,3.743961352657005,8.004562533548041,20.799785292538918,5.387815351583468,3.012614063338701,0.35560923242082665,
130,14.036500268384327,13.137412775093935,32.6556629092861,3.743961352657005,8.004562533548041,19.679280730005367,5.387815351583468,2.999194847020934,0.35560923242082665,
131,14.076757917337627,13.137412775093935,32.64224369296833,3.743961352657005,8.004562533548041,19.665861513687602,5.374396135265701,2.999194847020934,0.35560923242082665,
132,14.06333870101986,12.869028448738593,31.95115405260333,3.3145464304884595,8.011272141706923,19.598765432098766,6.837090713902308,2.999194847020934,0.35560923242082665,
133,14.210950080515298,12.848899624261943,31.93102522812668,3.3145464304884595,7.944176060118089,19.57192699946323,6.823671497584541,2.999194847020934,0.35560923242082665,
134,11.694847020933977,11.406333870101985,27.68384326355341,2.576489533011272,7.9039184111647875,29.428341384863124,6.823671497584541,2.3617820719269993,0.12077294685990338,
135,11.56736446591519,11.399624261943103,28.71712292002147,2.6704240472356413,7.615405260332796,29.414922168545356,6.474771873322598,2.01959205582394,0.12077294685990338,
136,11.849168008588299,11.399624261943103,28.683574879227052,2.6704240472356413,7.615405260332796,29.30756843800322,6.468062265163715,1.8853998926462694,0.12077294685990338,
137,11.949812130971551,11.399624261943103,28.5829307568438,2.85829307568438,7.7361782071927,29.260601180891037,6.266774020397209,1.8250134192163177,0.12077294685990338,
138,12.157809983896941,11.345947396672035,28.468867418142782,2.831454643048846,7.729468599033816,29.186795491143318,6.260064412238325,1.8250134192163177,0.19457863660762212,
139,12.25174449812131,11.345947396672035,28.442028985507246,2.831454643048846,7.729468599033816,29.11969940955448,6.260064412238325,1.8250134192163177,0.19457863660762212,
140,12.580515297906603,11.29898013955985,28.31454643048846,2.831454643048846,7.729468599033816,28.965378421900162,6.260064412238325,1.8250134192163177,0.19457863660762212,
141,12.848899624261943,11.2788513150832,28.153515834675254,2.831454643048846,7.729468599033816,28.878153515834676,6.260064412238325,1.8250134192163177,0.19457863660762212,
142,12.842190016103059,11.245303274288782,29.857756307031668,2.831454643048846,7.729468599033816,27.214170692431562,6.260064412238325,1.8250134192163177,0.19457863660762212,
143,13.130703166935051,11.211755233494364,29.683306494900698,2.831454643048846,7.702630166398282,27.17391304347826,6.253354804079442,1.8250134192163177,0.1878690284487386,
144,13.117283950617283,10.997047772410092,29.663177670424048,3.656736446591519,7.387278582930757,26.536500268384327,6.723027375201288,1.7310789049919484,0.1878690284487386,
145,12.989801395598498,10.742082662372518,32.75630703166935,3.488996242619431,4.757112184648417,26.50966183574879,6.662640901771336,1.7310789049919484,0.36231884057971014,
146,13.083735909822867,10.742082662372518,32.75630703166935,3.475577026301664,4.757112184648417,26.42914653784219,6.662640901771336,1.7310789049919484,0.36231884057971014,
147,13.177670424047236,10.225442834138486,32.72275899087493,3.388352120236178,4.736983360171766,26.268115942028984,7.387278582930757,1.7310789049919484,0.36231884057971014,
148,13.083735909822867,10.413311862587225,32.68250134192163,3.3548040794417604,4.736983360171766,26.247987117552334,7.387278582930757,1.7310789049919484,0.36231884057971014,
149,10.547504025764896,39.22436929683307,19.55179817498658,2.6502952227589907,4.166666666666667,17.06924315619968,5.803811057434245,0.7112184648416533,0.27509393451422437,
150,10.715244229736983,39.21765968867418,19.45115405260333,2.623456790123457,4.166666666666667,17.03569511540526,5.803811057434245,0.7112184648416533,0.27509393451422437,
151,10.896403650026839,39.16398282340311,19.410896403650028,2.5966183574879227,4.1532474503489,17.03569511540526,5.756843800322061,0.7112184648416533,0.27509393451422437,
152,10.943370907139023,39.11701556629093,19.410896403650028,2.5966183574879227,4.1532474503489,17.03569511540526,5.756843800322061,0.7112184648416533,0.27509393451422437,
153,11.017176596886742,39.06333870101986,19.410896403650028,2.5831991411701556,4.1532474503489,17.03569511540526,5.750134192163178,0.7112184648416533,0.27509393451422437,
154,11.231884057971014,38.94256575415996,19.343800322061192,2.5496511003757383,5.22007514761138,15.975577026301664,5.750134192163178,0.7112184648416533,0.27509393451422437,
155,11.18491680085883,38.7614063338701,19.296833064949006,2.5496511003757383,5.810520665593129,15.076489533011273,5.60252281266774,1.556629092860977,0.1610305958132045,
156,11.332528180354267,38.71443907675792,19.236446591519055,2.5496511003757383,5.770263016639828,15.076489533011273,5.60252281266774,1.556629092860977,0.1610305958132045,
157,11.406333870101985,38.6808910359635,19.209608158883523,2.5496511003757383,5.770263016639828,15.063070316693505,5.60252281266774,1.556629092860977,0.1610305958132045,
158,11.493558776167472,38.6406333870102,19.196188942565755,2.5496511003757383,5.756843800322061,15.042941492216855,5.60252281266774,1.556629092860977,0.1610305958132045,
159,11.735104669887278,38.00322061191626,18.90096618357488,3.4688674181427803,5.656199677938808,14.949006977992486,5.5689747718733225,1.556629092860977,0.1610305958132045,
160,11.862587224906065,37.8690284487386,18.90096618357488,3.4688674181427803,5.548845947396672,14.949006977992486,5.5689747718733225,1.556629092860977,0.1610305958132045,0.11406333870101985
161,12.037037037037036,37.80193236714976,18.867418142780462,3.4688674181427803,5.548845947396672,14.949006977992486,5.495169082125604,1.556629092860977,0.1610305958132045,0.11406333870101985
162,12.04374664519592,36.99677938808374,18.015297906602253,3.44873859366613,7.239667203435319,14.949006977992486,5.495169082125604,1.5365002683843263,0.1610305958132045,0.11406333870101985
163,11.822329575952764,36.460010735373054,20.377079978529252,3.3548040794417604,7.125603864734299,13.6406333870102,5.407944176060118,1.5365002683843263,0.1610305958132045,0.11406333870101985
164,12.29200214707461,36.191626409017715,20.283145464304884,3.656736446591519,7.112184648416532,13.305152979066023,5.407944176060118,1.4761137949543746,0.1610305958132045,0.11406333870101985
165,12.439613526570048,36.05072463768116,20.276435856146,3.656736446591519,7.112184648416532,13.305152979066023,5.407944176060118,1.4761137949543746,0.1610305958132045,0.11406333870101985
166,12.4597423510467,35.829307568438004,20.242887815351583,4.676596886741814,7.085346215780999,12.553676865271068,5.407944176060118,1.4694041867954912,0.1610305958132045,0.11406333870101985
167,12.674449812130971,35.69511540526033,20.229468599033815,4.656468062265164,7.085346215780999,12.52012882447665,5.394524959742351,1.4694041867954912,0.1610305958132045,0.11406333870101985
168,12.99651100375738,35.57434245840043,20.229468599033815,4.622920021470746,7.058507783145465,12.379227053140097,5.394524959742351,1.4694041867954912,0.1610305958132045,0.11406333870101985
169,13.439345142243694,35.245571658615134,20.108695652173914,4.616210413311863,6.964573268921095,12.352388620504563,5.394524959742351,1.6035963499731616,0.1610305958132045,0.11406333870101985
170,13.741277509393452,35.06441223832528,20.209339774557165,4.5960815888352125,6.964573268921095,12.318840579710145,5.260332796564681,1.570048309178744,0.1610305958132045,0.11406333870101985
171,13.7211486849168,34.50751476113795,20.135534084809446,4.616210413311863,7.601986044015029,12.318840579710145,5.260332796564681,1.5633387010198605,0.1610305958132045,0.11406333870101985
172,13.996242619431026,34.447128287708,20.001341921631777,4.582662372517445,7.601986044015029,12.27187332259796,5.260332796564681,1.5633387010198605,0.1610305958132045,0.11406333870101985
173,13.506441223832528,39.59339774557166,15.935319377348362,4.38137412775094,7.595276435856146,11.916264090177133,5.233494363929147,1.5633387010198605,0.1610305958132045,0.11406333870101985
174,13.620504562533547,39.50617283950617,15.915190552871712,4.38137412775094,7.588566827697263,11.916264090177133,5.233494363929147,1.5633387010198605,0.1610305958132045,0.11406333870101985
175,13.83521202361782,39.47933440687064,15.848094471282877,4.38137412775094,7.5348899624261945,11.849168008588299,5.233494363929147,1.5633387010198605,0.1610305958132045,0.11406333870101985
176,13.955984970477724,39.412238325281805,15.794417606011809,4.38137412775094,7.5348899624261945,11.849168008588299,5.233494363929147,1.5633387010198605,0.1610305958132045,0.11406333870101985
177,14.083467525496511,39.36527106816962,15.767579173376275,4.38137412775094,7.380568974771873,11.681427804616211,5.501878690284487,1.5633387010198605,0.1610305958132045,0.11406333870101985
178,14.224369296833064,39.33843263553408,15.727321524422974,4.367954911433173,7.360440150295223,11.681427804616211,5.475040257648954,1.5499194847020934,0.1610305958132045,0.11406333870101985
179,14.325013419216317,39.33843263553408,15.687063875469672,4.367954911433173,7.360440150295223,11.647879763821793,5.46833064949007,1.5297906602254427,0.1610305958132045,0.11406333870101985
180,14.526301663982823,39.21765968867418,15.687063875469672,4.341116478797638,7.326892109500805,11.634460547504025,5.4616210413311865,1.5297906602254427,0.1610305958132045,0.11406333870101985
181,14.600107353730541,39.15727321524423,15.666935050993022,4.341116478797638,7.326892109500805,11.144659151905529,5.428073000536768,2.059849704777241,0.1610305958132045,0.11406333870101985
182,14.11701556629093,37.17793880837359,14.774557165861514,4.341116478797638,9.66183574879227,12.164519592055823,5.428073000536768,2.059849704777241,0.1610305958132045,0.11406333870101985
183,14.184111647879764,36.13794954374664,14.741009125067096,5.360976918947934,9.66183574879227,12.151100375738057,5.428073000536768,2.059849704777241,0.1610305958132045,0.11406333870101985
184,14.224369296833064,36.05072463768116,14.714170692431562,5.360976918947934,9.796027911969942,12.130971551261407,5.394524959742351,2.0531400966183573,0.1610305958132045,0.11406333870101985
185,14.445786366076222,35.91653247450349,14.714170692431562,5.360976918947934,9.769189479334408,12.117552334943639,5.367686527106817,2.033011272141707,0.1610305958132045,0.11406333870101985
186,14.486044015029522,35.90311325818572,14.714170692431562,5.360976918947934,9.769189479334408,12.117552334943639,5.367686527106817,2.006172839506173,0.1610305958132045,0.11406333870101985
187,14.78797638217928,35.55421363392378,14.298174986580785,5.649490069779925,9.426999463231347,12.090713902308105,5.911164787976382,2.006172839506173,0.1610305958132045,0.11406333870101985
188,15.063070316693505,35.258990874932906,14.284755770263017,5.730005367686527,9.39345142243693,12.090713902308105,5.897745571658615,2.006172839506173,0.1610305958132045,0.11406333870101985
189,15.45222758990875,35.12479871175523,14.204240472356414,5.636070853462158,9.373322597960279,12.090713902308105,5.837359098228664,2.006172839506173,0.1610305958132045,0.11406333870101985
190,15.660225442834138,34.977187332259795,14.204240472356414,5.609232420826624,9.373322597960279,12.06387546967257,5.83064949006978,2.006172839506173,0.1610305958132045,0.11406333870101985
191,15.94873859366613,33.89023081052066,13.922436929683306,6.743156199677939,9.359903381642512,12.06387546967257,5.790391841116479,2.006172839506173,0.1610305958132045,0.11406333870101985
192,15.94873859366613,33.742619431025226,14.197530864197532,6.743156199677939,9.232420826623725,12.06387546967257,5.790391841116479,2.006172839506173,0.1610305958132045,0.11406333870101985
193,16.163446054750402,33.662104133118625,14.17740203972088,6.702898550724638,9.192163177670425,12.04374664519592,5.776972624798712,2.006172839506173,0.1610305958132045,0.11406333870101985
194,15.83467525496511,33.45410628019324,15.257648953301127,6.696188942565755,8.930488459473967,11.990069779924852,5.555555555555555,2.006172839506173,0.1610305958132045,0.11406333870101985
195,14.083467525496511,31.682769726247987,15.250939345142244,7.4141170155662905,8.608427267847558,16.545893719806763,4.280730005367687,1.90552871712292,0.11406333870101985,0.11406333870101985
196,14.331723027375201,31.48148148148148,15.190552871712292,7.521470746108427,8.59500805152979,16.492216854535695,4.260601180891036,1.8988191089640365,0.11406333870101985,0.11406333870101985
197,14.586688137412775,31.468062265163713,15.042941492216855,7.514761137949543,8.59500805152979,16.438539989264626,4.253891572732153,1.892109500805153,0.0939345142243693,0.11406333870101985
198,14.640365002683843,31.427804616210413,15.03623188405797,7.514761137949543,8.588298443370908,16.438539989264626,4.253891572732153,1.892109500805153,0.0939345142243693,0.11406333870101985
199,14.774557165861514,31.0654857756307,15.827965646806227,7.6556629092860975,8.53462157809984,15.794417606011809,4.247181964573269,1.892109500805153,0.0939345142243693,0.11406333870101985
200,14.955716586151368,31.011808910359633,15.787707997852925,7.6556629092860975,8.501073537305421,15.74074074074074,4.247181964573269,1.892109500805153,0.0939345142243693,0.11406333870101985
201,15.411969940955448,30.844068706387546,15.74074074074074,7.434245840042942,8.487654320987655,15.734031132581856,4.247181964573269,1.892109500805153,0.0939345142243693,0.11406333870101985
202,15.526033279656469,30.669618894256576,15.74074074074074,7.4208266237251745,8.608427267847558,15.687063875469672,4.247181964573269,1.892109500805153,0.0939345142243693,0.11406333870101985
203,15.640096618357488,30.656199677938808,15.727321524422974,7.4208266237251745,8.548040794417606,15.613258185721953,4.247181964573269,1.9390767579173376,0.0939345142243693,0.11406333870101985
204,15.841384863123993,30.360976918947934,15.713902308105206,7.300053676865271,8.809715512614064,15.579710144927537,4.247181964573269,1.9390767579173376,0.0939345142243693,0.11406333870101985
205,16.243961352657006,30.35426731078905,15.653515834675256,7.246376811594203,8.722490606548577,15.4723564143854,4.159957058507783,1.9390767579173376,0.0939345142243693,0.11406333870101985
206,16.35131508319914,30.340848094471284,15.653515834675256,7.226247987117552,8.715780998389693,15.418679549114332,4.159957058507783,1.9256575415995705,0.0939345142243693,0.11406333870101985
207,16.552603327965645,30.159688674181428,15.573000536768653,7.219538378958669,8.715780998389693,14.512882447665056,5.132850241545894,1.9256575415995705,0.0939345142243693,0.11406333870101985
208,16.659957058507782,30.09259259259259,15.573000536768653,7.219538378958669,8.715780998389693,14.472624798711756,5.132850241545894,1.9256575415995705,0.0939345142243693,0.11406333870101985
209,16.888083735909824,30.04562533548041,15.539452495974235,7.092055823939882,8.80300590445518,14.36527106816962,5.132850241545894,1.9256575415995705,0.0939345142243693,0.11406333870101985
210,17.028985507246375,29.978529253891573,15.505904455179817,7.152442297369833,8.80300590445518,14.318303811057435,5.0791733762748255,1.9256575415995705,0.0939345142243693,0.11406333870101985
211,16.854535695115406,28.515834675254965,18.06226516371444,7.024959742351046,8.776167471819646,14.204240472356414,4.428341384863124,1.9256575415995705,0.0939345142243693,0.11406333870101985
212,17.07595276435856,28.388352120236178,18.035426731078903,6.991411701556629,8.776167471819646,14.170692431561998,4.428341384863124,1.9256575415995705,0.0939345142243693,0.11406333870101985
213,17.270531400966185,28.33467525496511,18.035426731078903,6.9310252281266775,8.749329039184111,14.11701556629093,4.428341384863124,1.9256575415995705,0.0939345142243693,0.11406333870101985
214,17.310789049919485,28.33467525496511,18.02200751476114,6.904186795491143,8.749329039184111,14.11701556629093,4.428341384863124,1.9256575415995705,0.0939345142243693,0.11406333870101985
215,17.384594739667204,28.307836822329577,18.00187869028449,6.904186795491143,8.749329039184111,14.11701556629093,4.428341384863124,1.8988191089640365,0.0939345142243693,0.11406333870101985
216,17.632850241545892,28.247450348899623,17.96833064949007,6.850509930220075,8.749329039184111,13.841921631776705,4.602791196994096,1.8988191089640365,0.0939345142243693,0.11406333870101985
217,17.673107890499196,28.119967793880836,17.881105743424584,7.024959742351046,8.749329039184111,13.841921631776705,4.602791196994096,1.8988191089640365,0.0939345142243693,0.11406333870101985
218,18.136070853462158,27.979066022544284,17.787171229200215,6.816961889425658,8.749329039184111,13.821792807300053,4.602791196994096,1.8988191089640365,0.0939345142243693,0.11406333870101985
219,18.109232420826622,27.979066022544284,17.767042404723565,6.951154052603328,8.796296296296296,13.7211486849168,4.569243156199678,1.8988191089640365,0.0939345142243693,0.11406333870101985
220,16.190284487385938,37.78851315083199,15.163714439076758,6.488191089640365,8.796296296296296,10.36634460547504,3.1065485775630703,1.892109500805153,0.0939345142243693,0.11406333870101985
221,15.713902308105206,36.45330112721417,14.895330112721417,6.132581857219538,8.729200214707461,9.977187332259795,6.132581857219538,1.7579173376274826,0.0939345142243693,0.11406333870101985
222,15.94873859366613,36.40633387010199,14.78797638217928,6.119162640901771,8.729200214707461,9.957058507783145,6.085614600107354,1.7579173376274826,0.0939345142243693,0.11406333870101985
223,15.98899624261943,35.96349973161568,14.734299516908212,6.239935587761675,8.527911969940956,9.957058507783145,6.857219538378959,1.5230810520665594,0.0939345142243693,0.11406333870101985
224,15.854804079441761,35.48040794417606,14.452495974235104,6.3137412775093935,8.494363929146537,9.91009125067096,7.763016639828234,1.5230810520665594,0.0939345142243693,0.11406333870101985
225,16.089640365002683,35.258990874932906,14.452495974235104,6.273483628556092,8.427267847557703,9.91009125067096,7.856951154052603,1.5230810520665594,0.0939345142243693,0.11406333870101985
226,16.183574879227052,35.198604401502955,14.452495974235104,6.273483628556092,8.427267847557703,9.91009125067096,7.823403113258186,1.5230810520665594,0.0939345142243693,0.11406333870101985
227,16.431830381105744,35.10466988727858,14.38539989264627,6.233225979602791,8.413848631239935,9.876543209876543,7.823403113258186,1.5230810520665594,0.0939345142243693,0.11406333870101985
228,16.59957058507783,35.10466988727858,14.257917337627482,6.233225979602791,8.393719806763285,9.876543209876543,7.823403113258186,1.5230810520665594,0.0939345142243693,0.0939345142243693
229,16.78743961352657,35.05099302200752,14.251207729468598,6.219806763285024,8.387010198604402,9.769189479334408,7.823403113258186,1.5230810520665594,0.0939345142243693,0.0939345142243693
230,16.928341384863124,35.01073537305421,14.251207729468598,6.179549114331723,8.387010198604402,9.601449275362318,7.769726247987117,1.6841116478797638,0.0939345142243693,0.0939345142243693
231,17.337627482555018,34.82286634460547,14.123725174449811,6.179549114331723,8.319914117015566,9.574610842726784,7.769726247987117,1.6841116478797638,0.0939345142243693,0.0939345142243693
232,17.599302200751477,34.72893183038111,13.92914653784219,6.347289318303811,8.28636607622115,9.541062801932368,7.695920558239399,1.6841116478797638,0.0939345142243693,0.0939345142243693
233,17.693236714975846,34.54106280193237,13.92914653784219,6.333870101986044,8.440687063875469,9.50751476113795,7.695920558239399,1.6706924315619969,0.0939345142243693,0.0939345142243693
234,17.834138486312398,34.38003220611916,13.915727321524423,6.4412238325281805,8.507783145464305,9.473966720343531,7.588566827697263,1.6706924315619969,0.0939345142243693,0.0939345142243693
235,18.06226516371444,34.265968867418145,13.882179280730005,6.427804616210413,8.460815888352121,9.453837895866881,7.588566827697263,1.6706924315619969,0.0939345142243693,0.0939345142243693
236,18.276972624798713,34.18545356951154,13.714439076757918,6.400966183574879,8.447396672034353,9.400161030595813,7.716049382716049,1.6706924315619969,0.0939345142243693,0.0939345142243693
237,18.585614600107355,34.10493827160494,13.70101986044015,6.387546967257112,8.360171765968868,9.292807300053678,7.709339774557166,1.6706924315619969,0.0939345142243693,0.0939345142243693
238,18.706387546967257,34.09151905528717,13.687600644122384,6.374127750939345,8.279656468062266,9.292807300053678,7.709339774557166,1.6706924315619969,0.0939345142243693,0.0939345142243693
239,18.99490069779925,33.97074610842727,13.654052603327965,6.340579710144928,8.239398819108963,9.27938808373591,7.669082125603865,1.6639828234031133,0.0939345142243693,0.0939345142243693
240,19.296833064949006,33.89023081052066,13.627214170692431,6.253354804079442,8.239398819108963,9.178743961352657,7.669082125603865,1.6572732152442298,0.0939345142243693,0.0939345142243693
241,19.155931293612454,33.80971551261406,13.459473966720344,6.394256575415996,8.232689210950081,9.178743961352657,7.924047235641439,1.6572732152442298,0.0939345142243693,0.0939345142243693
242,19.30354267310789,33.72920021470746,13.446054750402576,6.394256575415996,8.199141170155663,9.178743961352657,7.917337627482555,1.6438539989264627,0.0939345142243693,0.0939345142243693
