,45,50,55,51,53,54,52,56,57,60,58,59
0,90.2710681696189,9.594739667203436,0.13419216317767044,,,,,,,,,
1,67.10950080515298,18.968062265163713,0.30193236714975846,13.47289318303811,0.11406333870101985,0.03354804079441761,,,,,,
2,58.58829844337091,25.89237788513151,0.4294149221685454,13.446054750402576,0.06038647342995169,1.583467525496511,,,,,,
3,55.93800322061192,27.36849168008588,0.49651100375738055,13.425925925925926,0.06038647342995169,1.7981749865807837,0.9125067096081588,,,,,
4,55.56897477187332,27.569779924852387,0.5636070853462157,13.425925925925926,0.06038647342995169,1.8988191089640365,0.9125067096081588,,,,,
5,46.01449275362319,36.9296833064949,0.8521202361782072,13.358829844337091,0.06038647342995169,1.8719806763285025,0.9125067096081588,,,,,
6,42.42485238862051,28.978797638217927,0.7514761137949544,23.409822866344605,0.020128824476650563,2.6167471819645733,1.7981749865807837,,,,,
7,42.371175523349436,29.11969940955448,0.7514761137949544,23.336017176596886,0.020128824476650563,2.6033279656468062,1.7981749865807837,,,,,
8,40.80112721417069,29.166666666666668,0.8722490606548577,17.67981749865808,2.214170692431562,2.677133655394525,6.588835212023618,,,,,
9,4.374664519592056,66.51234567901234,0.6038647342995169,17.518786902844873,3.5292538915727323,1.8384326355340848,4.260601180891036,1.261406333870102,0.10064412238325282,,,
10,4.522275899087493,65.54616210413312,1.4761137949543746,17.478529253891573,3.5292538915727323,1.8384326355340848,4.072732152442297,1.2345679012345678,0.2885131508319914,0.013419216317767043,,
11,4.683306494900698,65.3515834675255,2.6637144390767578,16.076221148684915,3.4420289855072466,1.8384326355340848,3.388352120236178,2.4557165861513686,,0.013419216317767043,0.08722490606548577,
12,4.817498658078368,62.56038647342995,5.314009661835748,15.895061728395062,2.757648953301127,1.8518518518518519,4.186795491143317,2.5161030595813205,,0.013419216317767043,0.08722490606548577,
13,5.119431025228127,62.07729468599034,5.5689747718733225,15.848094471282877,2.7442297369833604,1.7042404723564144,4.186795491143317,2.5563607085346214,,0.013419216317767043,0.18115942028985507,
14,5.394524959742351,61.01717659688674,6.561996779388084,15.539452495974235,2.6972624798711755,1.8048845947396672,4.17337627482555,2.5563607085346214,,0.07380568974771873,0.18115942028985507,
15,4.944981213097155,54.01234567901235,6.226516371443908,15.432098765432098,10.547504025764896,1.8048845947396672,4.17337627482555,2.6637144390767578,,0.013419216317767043,0.18115942028985507,
16,5.387815351583468,53.40848094471283,6.535158346752549,15.26435856146001,10.547504025764896,1.8048845947396672,4.1532474503489,2.703972088030059,,0.013419216317767043,0.18115942028985507,
17,5.038915727321524,43.646001073537306,5.535426731078905,14.680622651637144,21.504294149221685,1.9524959742351047,4.1532474503489,3.227321524422974,,0.013419216317767043,0.24825550187869028,
18,5.213365539452496,43.51851851851852,5.5689747718733225,14.680622651637144,21.423778851315085,2.073268921095008,4.1532474503489,3.1065485775630703,,0.013419216317767043,0.24825550187869028,
19,4.777241009125067,37.38593666129898,6.481481481481482,14.720880300590446,15.344873859366613,2.1135265700483092,15.693773483628556,3.1065485775630703,0.11406333870101985,0.013419216317767043,0.24825550187869028,
20,4.871175523349437,29.13311862587225,5.401234567901234,14.36527106816962,12.372517444981213,2.791196994095545,27.241009125067094,3.3816425120772946,0.24825550187869028,0.013419216317767043,0.18115942028985507,
21,5.132850241545894,27.36849168008588,4.891304347826087,12.27187332259796,12.13768115942029,3.1736446591519054,31.85721953837896,2.395330112721417,0.32877079978529256,0.013419216317767043,0.4294149221685454,
22,4.3545356951154055,24.040526033279658,3.0193236714975846,22.289318303811058,11.117820719269995,7.5348899624261945,25.087224906065487,1.596886741814278,0.5032206119162641,0.013419216317767043,0.41599570585077833,0.026838432635534086
23,4.3545356951154055,21.62506709608159,2.3215244229736984,21.973966720343533,11.077563070316694,7.098765432098766,28.670155662909288,1.8183038110574343,0.6038647342995169,0.013419216317767043,0.41599570585077833,0.026838432635534086
24,4.26731078904992,19.73966720343532,3.7372517444981215,15.096618357487923,11.064143853998926,8.091787439613526,36.312399355877616,0.5434782608695652,0.8319914117015567,0.013419216317767043,0.27509393451422437,0.026838432635534086
25,4.274020397208803,18.894256575415994,2.1806226516371443,24.52361782071927,9.782608695652174,5.5689747718733225,31.293612453032743,2.147074610842727,0.9728931830381106,0.013419216317767043,0.322061191626409,0.026838432635534086
26,4.508856682769726,18.894256575415994,3.656736446591519,24.248523886205046,9.762479871175524,5.662909286097692,29.57595276435856,2.086688137412775,1.2412775093934514,0.013419216317767043,0.322061191626409,0.026838432635534086
27,4.609500805152979,18.867418142780462,3.7573805689747717,23.711755233494365,9.608158883521202,5.642780461621041,29.32769726247987,2.5496511003757383,1.4224369296833066,0.013419216317767043,0.46296296296296297,0.026838432635534086
28,4.508856682769726,15.83467525496511,3.3816425120772946,23.26892109500805,18.256843800322063,3.4621578099838968,26.549919484702095,2.6838432635534084,1.3821792807300053,0.013419216317767043,0.630703166935051,0.026838432635534086
29,4.119699409554482,12.640901771336553,2.9589371980676327,28.073000536768653,18.06897477187332,2.9388083735909825,26.093666129898015,2.945517981749866,1.5163714439076759,0.013419216317767043,0.6038647342995169,0.026838432635534086
30,3.911701556629093,11.044015029522276,2.9790660225442833,32.7361782071927,16.847826086956523,2.9388083735909825,24.329039184111647,2.7509393451422435,1.9189479334406871,0.013419216317767043,0.5032206119162641,0.026838432635534086
31,3.9452495974235107,10.943370907139023,9.151905528717123,29.21363392377885,16.72705314009662,3.0327428878153517,21.67874396135266,2.9052603327965647,1.8384326355340848,0.013419216317767043,0.5233494363929146,0.026838432635534086
32,4.126409017713366,10.88298443370907,9.037842190016104,29.09957058507783,16.63311862587225,3.1065485775630703,21.490874932903917,3.066290928609769,1.9390767579173376,0.013419216317767043,0.5770263016639828,0.026838432635534086
33,4.019055287171229,10.520665593129362,9.225711218464841,24.02710681696189,14.023081052066559,4.998658078368224,28.556092324208265,2.5496511003757383,1.6639828234031133,0.013419216317767043,0.3757380568974772,0.026838432635534086
34,4.159957058507783,10.218733225979603,9.265968867418144,22.322866344605476,12.808641975308642,5.770263016639828,30.139559849704778,3.126677402039721,1.8115942028985508,0.013419216317767043,0.33548040794417605,0.026838432635534086
35,4.26731078904992,10.165056360708535,8.407139023081053,22.16183574879227,12.754965110037574,5.770263016639828,30.95813204508857,3.193773483628556,1.9189479334406871,0.013419216317767043,0.36231884057971014,0.026838432635534086
36,4.367954911433173,9.742351046698873,9.118357487922705,22.08132045088567,11.714975845410628,5.770263016639828,30.48845947396672,3.7238325281803544,1.9927536231884058,0.013419216317767043,0.9594739667203436,0.026838432635534086
37,4.468599033816425,9.648416532474503,9.245840042941492,22.0276435856146,11.681427804616211,5.770263016639828,30.44820182501342,3.717122920021471,1.9927536231884058,0.013419216317767043,0.9594739667203436,0.026838432635534086
38,4.770531400966184,9.205582393988191,9.131776704240472,21.329844337090712,12.177938808373591,4.824208266237251,31.48148148148148,4.3545356951154055,1.7444981213097155,0.013419216317767043,0.9393451422436929,0.026838432635534086
39,5.032206119162641,9.178743961352657,9.01100375738057,21.215780998389693,12.097423510466989,4.804079441760601,30.971551261406333,4.40150295222759,2.2410091250670963,0.013419216317767043,1.0064412238325282,0.026838432635534086
40,5.320719269994632,9.084809447128288,8.99087493290392,21.108427267847556,11.936392914653783,4.804079441760601,30.54213633923779,4.5893719806763285,2.442297369833602,0.013419216317767043,1.1406333870101986,0.026838432635534086
41,5.662909286097692,9.004294149221685,9.07139023081052,21.095008051529792,11.936392914653783,4.804079441760601,30.07246376811594,4.5893719806763285,2.5831991411701556,0.013419216317767043,1.1406333870101986,0.026838432635534086
42,5.763553408480945,8.903650026838433,8.507783145464305,16.854535695115406,13.217928073000536,4.455179817498658,34.48067632850242,4.240472356414386,2.38191089640365,0.040257648953301126,1.1272141706924315,0.026838432635534086
43,6.152710681696189,8.709071390230811,8.501073537305421,16.458668813741276,12.47987117552335,5.347557702630167,34.366612989801396,4.361245303274289,2.3483628556092326,0.040257648953301126,1.2077294685990339,0.026838432635534086
44,5.407944176060118,7.273215244229737,7.360440150295223,25.677670424047236,11.694847020933977,7.50805152979066,27.254428341384862,4.193505099302201,2.2946859903381642,0.040257648953301126,1.2949543746645196,
45,5.683038110574342,7.219538378958669,7.313472893183038,25.5703166935051,11.621041331186259,7.494632313472893,26.89210950080515,4.180085882984434,2.576489533011272,0.040257648953301126,1.4090177133655395,
46,5.535426731078905,5.71658615136876,9.151905528717123,25.483091787439612,12.13768115942029,7.601986044015029,26.227858293075684,4.066022544283414,2.657004830917874,0.040257648953301126,1.3821792807300053,
47,5.5756843800322065,5.71658615136876,9.145195920558239,25.369028448738593,12.13768115942029,7.601986044015029,26.154052603327965,4.146537842190016,2.7308105206655933,0.040257648953301126,1.3821792807300053,
48,5.904455179817498,5.508588298443371,9.373322597960279,24.966451959205582,12.084004294149223,7.467793880837359,25.40257648953301,4.938271604938271,2.932098765432099,0.040257648953301126,1.3821792807300053,
49,5.676328502415459,3.784219001610306,6.541867954911433,20.45088566827697,23.97342995169082,7.266505636070853,22.966988727858293,4.884594739667204,2.576489533011272,0.040257648953301126,1.737788513150832,0.10064412238325282
50,5.676328502415459,3.7037037037037037,6.66935050993022,20.12211486849168,25.275093934514224,7.232957595276436,21.618357487922705,5.488459473966721,2.4020397208803006,0.040257648953301126,1.6706924315619969,0.10064412238325282
51,6.0654857756307035,3.6500268384326353,6.843800322061192,19.685990338164252,24.973161567364468,7.232957595276436,21.256038647342994,5.488459473966721,2.885131508319914,0.040257648953301126,1.778046162104133,0.10064412238325282
52,6.461352657004831,3.643317230273752,7.051798174986581,19.209608158883523,24.912775093934513,7.494632313472893,21.048040794417606,5.448201825013419,2.85829307568438,0.040257648953301126,1.7310789049919484,0.10064412238325282
53,5.179817498658078,2.623456790123457,5.803811057434245,31.53515834675255,18.129361245303276,7.997852925389157,20.82662372517445,4.139828234031133,2.1403650026838434,0.013419216317767043,1.5096618357487923,0.10064412238325282
54,5.226784755770263,2.657004830917874,5.246913580246914,30.9044551798175,18.015297906602253,7.930756843800322,21.55126140633387,4.253891572732153,2.5161030595813205,0.013419216317767043,1.583467525496511,0.10064412238325282
55,5.528717122920021,2.657004830917874,5.246913580246914,30.669618894256576,18.015297906602253,7.9039184111647875,21.329844337090712,4.455179817498658,2.49597423510467,0.013419216317767043,1.583467525496511,0.10064412238325282
56,4.300858829844337,2.5161030595813205,4.8376274825550185,38.425925925925924,16.921631776704242,6.615673644659152,18.4447128287708,3.784219001610306,2.5563607085346214,0.013419216317767043,1.583467525496511,
57,4.441760601180891,2.5161030595813205,4.8443370907139025,38.31186258722491,16.874664519592056,6.615673644659152,17.98845947396672,3.8043478260869565,2.965646806226516,0.013419216317767043,1.6237251744498122,
58,4.676596886741814,2.5161030595813205,4.85775630703167,38.02334943639291,16.545893719806763,6.615673644659152,17.713365539452496,4.133118625872249,3.0595813204508855,0.013419216317767043,1.8451422436929683,
59,4.663177670424047,2.5161030595813205,4.783950617283951,36.26543209876543,18.310520665593128,6.582125603864735,17.465110037573805,4.394793344068707,2.999194847020934,0.013419216317767043,1.8585614600107354,0.14761137949543746
60,4.804079441760601,2.5161030595813205,4.783950617283951,36.07085346215781,18.223295759527645,7.071926999463232,16.834406870638755,4.49543746645196,3.113258185721954,0.013419216317767043,1.8585614600107354,0.2147074610842727
61,5.139559849704777,2.4892646269457863,4.797369833601718,34.5679012345679,17.98845947396672,7.139023081052066,18.33064949006978,4.3478260869565215,3.166935050993022,0.013419216317767043,1.8048845947396672,0.2147074610842727
62,5.340848094471283,2.4892646269457863,4.757112184648417,34.40016103059581,17.894524959742352,7.139023081052066,18.203166935050994,4.40150295222759,3.227321524422974,0.013419216317767043,1.9189479334406871,0.2147074610842727
63,5.092592592592593,2.341653247450349,4.388083735909823,40.11003757380569,17.438271604938272,6.541867954911433,15.103327965646805,3.5762211486849167,3.280998389694042,0.013419216317767043,1.8988191089640365,0.2147074610842727
64,5.233494363929147,2.2745571658615136,4.388083735909823,40.042941492216855,17.934782608695652,5.407944176060118,15.344873859366613,3.8714439076757916,3.2340311325818574,0.013419216317767043,2.0531400966183573,0.20128824476650564
65,4.911433172302737,2.24771873322598,5.314009661835748,36.312399355877616,19.00161030595813,4.87788513150832,18.16290928609769,3.784219001610306,3.193773483628556,0.013419216317767043,1.9793344068706387,0.20128824476650564
66,5.173107890499195,2.2074610842726785,5.314009661835748,35.96349973161568,18.592324208266238,4.891304347826087,18.055555555555557,4.032474503488996,3.5762211486849167,0.013419216317767043,1.9793344068706387,0.20128824476650564
67,5.407944176060118,2.2074610842726785,5.314009661835748,35.929951690821255,18.38432635534085,4.891304347826087,17.834138486312398,3.9720880300590444,3.7238325281803544,0.013419216317767043,2.120236178207193,0.20128824476650564
68,5.394524959742351,2.1739130434782608,5.703166935050993,35.33279656468062,17.834138486312398,4.622920021470746,18.95464304884595,4.086151368760064,3.616478797638218,0.013419216317767043,2.0665593129361244,0.20128824476650564
69,5.387815351583468,2.1739130434782608,5.46833064949007,34.88325281803543,18.531937734836287,4.622920021470746,18.86070853462158,4.30756843800322,3.589640365002684,0.013419216317767043,1.9592055823939882,0.20128824476650564
70,5.589103596349974,2.15378421900161,5.676328502415459,34.43370907139023,18.531937734836287,4.5893719806763285,18.679549114331724,4.569243156199678,3.5628019323671496,0.013419216317767043,1.9994632313472893,0.20128824476650564
71,5.662909286097692,2.0933977455716586,5.649490069779925,34.13177670424047,18.45813204508857,4.669887278582931,18.572195383789587,4.951690821256038,3.5426731078904994,0.013419216317767043,2.0531400966183573,0.20128824476650564
72,6.152710681696189,2.059849704777241,5.730005367686527,33.77616747181965,18.290391841116477,4.656468062265164,18.290391841116477,5.173107890499195,3.643317230273752,0.013419216317767043,2.0128824476650564,0.20128824476650564
73,6.085614600107354,1.9994632313472893,6.152710681696189,32.8569511540526,18.075684380032207,4.5960815888352125,17.907944176060116,6.293612453032743,3.603059581320451,0.013419216317767043,2.214170692431562,0.20128824476650564
74,6.1862587224906065,1.9994632313472893,6.837090713902308,32.26650563607085,18.015297906602253,5.407944176060118,17.16988727858293,6.199677938808374,3.4957058507783145,0.013419216317767043,2.2074610842726785,0.20128824476650564
75,6.320450885668277,1.9390767579173376,7.159151905528717,32.018250134192165,17.8743961352657,5.3274288781535155,17.163177670424048,6.280193236714976,3.4957058507783145,0.013419216317767043,2.2074610842726785,0.20128824476650564
76,6.756575415995706,1.9390767579173376,7.199409554482019,31.5955448201825,17.840848094471284,5.246913580246914,16.955179817498657,6.535158346752549,3.5091250670960816,0.013419216317767043,2.2074610842726785,0.20128824476650564
77,6.823671497584541,1.9390767579173376,8.32662372517445,31.233225979602793,17.66639828234031,5.22007514761138,16.344605475040257,6.474771873322598,3.5628019323671496,0.013419216317767043,2.1940418679549114,0.20128824476650564
78,6.005099302200751,1.9390767579173376,6.447933440687064,22.765700483091788,18.706387546967257,4.092860976918948,29.320987654320987,4.817498658078368,3.502415458937198,0.013419216317767043,2.187332259796028,0.20128824476650564
79,6.199677938808374,1.932367149758454,6.447933440687064,22.477187332259795,19.659151905528716,4.1129898013955986,28.27428878153516,5.01207729468599,3.435319377348363,0.013419216317767043,2.2342995169082127,0.20128824476650564
80,6.400966183574879,1.8250134192163177,6.447933440687064,22.396672034353195,19.310252281266774,4.086151368760064,28.29441760601181,5.072463768115942,3.5292538915727323,0.013419216317767043,2.4020397208803006,0.2214170692431562
81,6.622383252818035,1.8250134192163177,7.03166935050993,21.584809447128286,19.189479334406872,4.086151368760064,28.039452495974235,5.199946323134729,3.656736446591519,0.013419216317767043,2.5295222758990876,0.2214170692431562
82,6.615673644659152,1.7176596886741815,7.085346215780999,21.511003757380568,19.008319914117017,4.180085882984434,26.992753623188406,6.414385399892646,3.589640365002684,0.013419216317767043,2.6502952227589907,0.2214170692431562
83,6.857219538378959,1.6975308641975309,7.212828770799785,21.195652173913043,18.887546967257112,4.106280193236715,26.80488459473967,6.615673644659152,3.8580246913580245,0.013419216317767043,2.5295222758990876,0.2214170692431562
84,7.011540526033279,1.6975308641975309,7.320182501341922,20.9272678475577,18.80703166935051,4.106280193236715,26.878690284487387,6.494900697799249,3.992216854535695,0.013419216317767043,2.5295222758990876,0.2214170692431562
85,7.2933440687063875,1.6975308641975309,7.306763285024155,25.785024154589372,18.659420289855074,4.106280193236715,21.71900161030596,6.635802469135802,3.9184111647879765,0.013419216317767043,2.6435856146001075,0.2214170692431562
86,7.071926999463232,1.6706924315619969,7.333601717659689,23.852657004830917,21.497584541062803,4.253891572732153,21.128556092324207,6.246645195920558,4.079441760601181,0.013419216317767043,2.6301663982823404,0.2214170692431562
87,7.112184648416532,1.6706924315619969,7.461084272678476,23.403113258185723,22.17525496511004,4.247181964573269,21.121846484165324,6.233225979602791,3.784219001610306,0.013419216317767043,2.5295222758990876,0.24825550187869028
88,7.326892109500805,1.6170155662909287,7.018250134192163,23.899624261943103,21.175523349436393,4.247181964573269,22.22222222222222,5.897745571658615,3.8043478260869565,0.013419216317767043,2.5295222758990876,0.24825550187869028
89,7.2933440687063875,1.6170155662909287,6.904186795491143,31.414385399892645,21.068169618894256,4.2203435319377345,16.210413311862588,4.87788513150832,3.656736446591519,0.013419216317767043,2.49597423510467,0.2281266774020397
90,7.628824476650563,1.5901771336553945,6.3070316693505095,30.16639828234031,21.007783145464305,4.193505099302201,17.934782608695652,4.924852388620504,3.5225442834138487,0.013419216317767043,2.4825550187869028,0.2281266774020397
91,7.5348899624261945,1.583467525496511,5.931293612453032,29.220343531937736,19.97450348899624,4.830917874396135,19.93424584004294,4.87788513150832,3.5963499731615673,0.013419216317767043,2.328234031132582,0.17444981213097155
92,7.7831454643048845,1.583467525496511,5.931293612453032,28.891572732152444,19.692699946323135,4.7638217928073,19.90740740740741,5.0858829844337095,3.670155662909286,0.013419216317767043,2.3886205045625335,0.2885131508319914
93,7.628824476650563,1.6170155662909287,5.931293612453032,28.629898013955984,19.0955448201825,4.804079441760601,21.26274825550188,4.562533548040794,3.6634460547504024,0.013419216317767043,2.522812667740204,0.2683843263553409
94,7.669082125603865,1.6170155662909287,5.924584004294149,27.428878153515836,17.887815351583466,7.118894256575416,21.007783145464305,4.542404723564144,3.9452495974235107,0.013419216317767043,2.49597423510467,0.3488996242619431
95,7.7361782071927,1.6170155662909287,5.911164787976382,26.56333870101986,20.001341921631777,6.052066559312936,20.913848631239937,4.341116478797638,3.9184111647879765,0.013419216317767043,2.49597423510467,0.43612453032742887
96,7.977724100912507,1.6170155662909287,5.770263016639828,26.288244766505635,19.79334406870639,6.078904991948471,20.571658615136876,4.636339237788513,4.320987654320987,0.013419216317767043,2.49597423510467,0.43612453032742887
97,8.232689210950081,1.6170155662909287,5.797101449275362,26.120504562533547,19.53166935050993,6.132581857219538,20.517981749865807,4.750402576489533,4.367954911433173,0.013419216317767043,2.4825550187869028,0.43612453032742887
98,8.621846484165324,1.6170155662909287,5.770263016639828,25.979602791196996,19.41760601180891,6.1862587224906065,20.457595276435857,4.74369296833065,4.300858829844337,0.013419216317767043,2.4557165861513686,0.43612453032742887
99,8.044820182501342,1.3687600644122384,6.944444444444445,21.26274825550188,20.12211486849168,6.119162640901771,24.396135265700483,4.622920021470746,4.126409017713366,0.013419216317767043,2.5161030595813205,0.46296296296296297
100,7.5281803542673105,1.3687600644122384,6.6760601180891035,26.455984970477726,20.625335480407944,6.414385399892646,20.12211486849168,4.361245303274289,3.5292538915727323,0.013419216317767043,2.4490069779924855,0.4562533548040794
101,7.561728395061729,1.3687600644122384,6.595544820182502,25.167740203972087,22.04777241009125,6.333870101986044,19.98792270531401,4.508856682769726,3.569511540526033,0.013419216317767043,2.3886205045625335,0.4562533548040794
102,8.011272141706923,1.3687600644122384,6.568706387546968,25.033548040794418,21.792807300053678,6.367418142780462,19.83360171765969,4.53569511540526,3.5091250670960816,0.013419216317767043,2.509393451422437,0.4562533548040794
103,7.689210950080516,1.3620504562533549,6.293612453032743,30.60252281266774,20.739398819108963,6.340579710144928,16.0829307568438,4.448470209339774,3.4688674181427803,0.013419216317767043,2.5026838432635534,0.4562533548040794
104,7.809983896940419,1.3150831991411702,6.239935587761675,30.54213633923779,20.679012345679013,6.327160493827161,15.962157809983896,4.549114331723027,3.5225442834138487,0.013419216317767043,2.5026838432635534,0.5367686527106817
105,8.145464304884594,1.261406333870102,6.146001073537305,25.785024154589372,20.471014492753625,6.246645195920558,20.987654320987655,4.488727858293076,3.4151905528717124,0.013419216317767043,2.5026838432635534,0.5367686527106817
106,7.944176060118089,1.1674718196457328,6.072195383789587,25.503220611916262,22.31615673644659,5.877616747181965,20.316693505099302,4.7101449275362315,3.1602254428341383,0.013419216317767043,2.38191089640365,0.5367686527106817
107,8.239398819108963,1.1674718196457328,6.199677938808374,24.094202898550726,22.094739667203434,7.25979602791197,20.242887815351583,4.663177670424047,3.140096618357488,0.013419216317767043,2.3483628556092326,0.5367686527106817
108,8.460815888352121,1.1473429951690821,6.092324208266238,23.845947396672035,22.29602791196994,7.37385936661299,19.732957595276435,4.757112184648417,3.3950617283950617,0.013419216317767043,2.3483628556092326,0.5367686527106817
109,8.259527643585615,1.133923778851315,6.152710681696189,27.885131508319915,20.263016639828233,5.683038110574342,19.672571121846484,4.757112184648417,3.294417606011809,0.013419216317767043,2.3483628556092326,0.5367686527106817
110,8.32662372517445,1.133923778851315,6.280193236714976,27.79790660225443,20.148953301127214,5.683038110574342,19.55179817498658,4.7101449275362315,3.4017713365539453,0.013419216317767043,2.4154589371980677,0.5367686527106817
111,8.467525496511003,1.093666129898014,6.233225979602791,27.200751476113794,20.02818035426731,6.052066559312936,19.766505636070853,4.918142780461621,3.3145464304884595,0.013419216317767043,2.3752012882447664,0.5367686527106817
112,8.380300590445518,1.093666129898014,6.146001073537305,27.073268921095007,20.263016639828233,6.213097155126141,19.612184648416534,5.025496511003757,3.3145464304884595,0.013419216317767043,2.328234031132582,0.5367686527106817
113,8.467525496511003,1.093666129898014,6.146001073537305,26.82501341921632,20.182501341921633,6.085614600107354,19.585346215780998,5.360976918947934,3.307836822329576,0.013419216317767043,2.408749329039184,0.5233494363929146
114,8.581588835212024,1.0265700483091786,6.233225979602791,26.52308105206656,20.202630166398283,6.085614600107354,19.47128287707998,5.743424584004294,3.1870638754696725,0.013419216317767043,2.408749329039184,0.5233494363929146
115,7.333601717659689,10.815888352120236,5.434782608695652,29.421631776704242,18.00187869028449,4.663177670424047,14.606816961889425,5.059044551798175,2.2745571658615136,0.013419216317767043,1.9189479334406871,0.4562533548040794
116,7.675791733762749,10.695115405260333,5.501878690284487,29.180085882984432,18.10252281266774,4.656468062265164,14.398819108964037,5.045625335480408,2.368491680085883,0.013419216317767043,1.9189479334406871,0.4428341384863124
117,6.582125603864735,9.232420826623725,4.696725711218465,39.45920558239399,16.35131508319914,5.481749865807837,9.668545356951155,4.549114331723027,1.932367149758454,0.013419216317767043,1.7310789049919484,0.30193236714975846
118,6.790123456790123,9.172034353193773,4.824208266237251,39.15727321524423,16.243961352657006,5.481749865807837,9.581320450885668,4.676596886741814,2.0263016639828235,0.013419216317767043,1.7310789049919484,0.30193236714975846
119,7.024959742351046,9.084809447128288,4.797369833601718,39.08346752549651,16.109769189479334,5.595813204508857,9.581320450885668,4.656468062265164,2.01959205582394,0.013419216317767043,1.7310789049919484,0.30193236714975846
120,7.212828770799785,9.07139023081052,4.64975845410628,38.808373590982285,15.83467525496511,6.280193236714976,9.494095544820183,4.790660225442834,1.8115942028985508,0.013419216317767043,1.7310789049919484,0.30193236714975846
121,7.4208266237251745,8.863392377885132,5.045625335480408,38.51315083199141,15.72061191626409,6.219806763285024,9.4873859366613,4.817498658078368,1.8719806763285025,0.013419216317767043,1.724369296833065,0.30193236714975846
122,7.521470746108427,8.84326355340848,5.280461621041331,38.27160493827161,15.60654857756307,6.1862587224906065,9.39345142243693,5.139559849704777,1.8451422436929683,0.013419216317767043,1.6505636070853462,0.24825550187869028
123,7.5281803542673105,8.789586688137414,6.233225979602791,37.36580783682233,14.74771873322598,6.139291465378422,10.104669887278583,5.233494363929147,1.865271068169619,0.013419216317767043,1.7310789049919484,0.24825550187869028
124,7.843531937734836,8.789586688137414,6.159420289855072,37.164519592055825,14.640365002683843,6.139291465378422,10.104669887278583,5.267042404723564,1.8988191089640365,0.013419216317767043,1.7310789049919484,0.24825550187869028
125,7.575147611379496,8.668813741277509,5.877616747181965,38.02334943639291,14.49946323134729,7.125603864734299,9.111647879763822,5.267042404723564,1.8719806763285025,0.013419216317767043,1.7176596886741815,0.24825550187869028
126,6.810252281266774,4.636339237788513,4.978529253891573,46.564680622651636,12.513419216317766,6.977992485238862,8.849973161567364,5.032206119162641,1.8518518518518519,0.013419216317767043,1.6304347826086956,0.14090177133655393
127,6.9310252281266775,4.656468062265164,5.065754159957058,45.4374664519592,12.513419216317766,7.6556629092860975,9.16532474503489,4.938271604938271,1.8518518518518519,0.013419216317767043,1.6304347826086956,0.14090177133655393
128,7.058507783145465,4.53569511540526,5.307300053676865,44.887278582930755,12.466451959205582,7.729468599033816,9.03113258185722,5.260332796564681,1.8518518518518519,0.013419216317767043,1.7176596886741815,0.14090177133655393
129,6.957863660762212,4.502147074610843,5.662909286097692,43.57890499194847,12.432903918411165,7.568438003220612,9.433709071390231,6.139291465378422,1.8518518518518519,0.013419216317767043,1.7176596886741815,0.14090177133655393
130,7.065217391304348,4.502147074610843,5.776972624798712,42.85426731078905,12.372517444981213,7.50805152979066,10.426731078904991,5.783682232957595,1.8384326355340848,0.013419216317767043,1.7176596886741815,0.14090177133655393
131,6.159420289855072,10.258990874932904,5.730005367686527,41.968599033816425,11.064143853998926,6.454643048845948,9.628287707997853,5.4616210413311865,1.5297906602254427,0.013419216317767043,1.6304347826086956,0.10064412238325282
132,6.327160493827161,10.144927536231885,5.535426731078905,41.2037037037037,10.909822866344605,6.521739130434782,10.413311862587225,5.609232420826624,1.5633387010198605,0.013419216317767043,1.6572732152442298,0.10064412238325282
133,6.447933440687064,10.144927536231885,5.535426731078905,41.1634460547504,10.748792270531402,6.662640901771336,10.399892646269459,5.535426731078905,1.5633387010198605,0.013419216317767043,1.6841116478797638,0.10064412238325282
134,6.454643048845948,10.11808910359635,5.703166935050993,40.4723564143854,10.681696188942565,7.266505636070853,10.238862050456254,5.589103596349974,1.5633387010198605,0.013419216317767043,1.7981749865807837,0.10064412238325282
135,6.488191089640365,10.138217928073,5.01207729468599,38.75469672571122,12.338969404186795,7.185990338164252,11.238593666129898,5.6964573268921095,1.4694041867954912,0.013419216317767043,1.5633387010198605,0.10064412238325282
136,6.635802469135802,10.104669887278583,5.199946323134729,38.31857219538379,12.399355877616747,7.159151905528717,11.11111111111111,5.83064949006978,1.5633387010198605,0.013419216317767043,1.5633387010198605,0.10064412238325282
137,6.743156199677939,9.990606548577563,5.287171229200215,37.82877079978529,12.52012882447665,7.14573268921095,11.017176596886742,6.119162640901771,1.6706924315619969,0.013419216317767043,1.5633387010198605,0.10064412238325282
138,6.816961889425658,9.977187332259795,5.193236714975845,37.5805152979066,12.506709608158884,7.14573268921095,10.95679012345679,6.3070316693505095,1.7310789049919484,0.013419216317767043,1.6706924315619969,0.10064412238325282
139,6.857219538378959,9.977187332259795,6.139291465378422,35.86285560923242,12.365807836822329,6.179549114331723,12.882447665056361,6.3070316693505095,1.7310789049919484,0.013419216317767043,1.583467525496511,0.10064412238325282
140,6.9243156199677935,9.977187332259795,6.139291465378422,35.71524422973698,12.359098228663447,6.152710681696189,12.882447665056361,6.421095008051529,1.7310789049919484,0.013419216317767043,1.583467525496511,0.10064412238325282
141,7.112184648416532,9.977187332259795,6.139291465378422,35.51395598497048,12.338969404186795,6.092324208266238,12.788513150831992,6.575415995705851,1.7713365539452497,0.013419216317767043,1.5767579173376274,0.10064412238325282
142,7.313472893183038,9.950348899624261,7.722758990874933,33.89694041867955,12.23161567364466,6.146001073537305,12.634192163177671,6.582125603864735,1.7713365539452497,0.013419216317767043,1.6371443907675791,0.10064412238325282
143,7.427536231884058,9.829575952764358,7.917337627482555,33.59500805152979,12.23161567364466,6.239935587761675,12.5402576489533,6.696188942565755,1.7713365539452497,0.013419216317767043,1.6371443907675791,0.10064412238325282
144,7.5348899624261945,9.829575952764358,7.997852925389157,32.98443370907139,12.13768115942029,7.62211486849168,11.936392914653783,6.582125603864735,1.710950080515298,0.013419216317767043,1.5633387010198605,0.08722490606548577
145,7.809983896940419,9.73564143853999,8.185721953837897,32.75630703166935,12.117552334943639,7.763016639828234,11.641170155662909,6.568706387546968,1.710950080515298,0.013419216317767043,1.6103059581320451,0.08722490606548577
146,8.038110574342458,9.601449275362318,8.21256038647343,32.118894256575416,12.110842726784755,8.024691358024691,11.600912506709609,6.749865807836822,1.8317230273752012,0.013419216317767043,1.6103059581320451,0.08722490606548577
147,8.246108427267847,9.601449275362318,8.259527643585615,31.756575415995705,12.077294685990339,8.179012345679013,11.426462694578637,6.769994632313473,1.8518518518518519,0.013419216317767043,1.7310789049919484,0.08722490606548577
148,8.299785292538916,9.601449275362318,8.259527643585615,31.662640901771336,12.130971551261407,8.179012345679013,11.345947396672035,6.863929146537842,1.8250134192163177,0.013419216317767043,1.7310789049919484,0.08722490606548577
149,7.85024154589372,9.460547504025765,8.21256038647343,31.0654857756307,11.520397208803006,6.810252281266774,14.955716586151368,6.622383252818035,1.6975308641975309,0.013419216317767043,1.7042404723564144,0.08722490606548577
150,7.9106280193236715,9.460547504025765,8.252818035426731,30.9849704777241,11.473429951690822,6.816961889425658,14.915458937198068,6.588835212023618,1.6975308641975309,0.013419216317767043,1.7981749865807837,0.08722490606548577
151,7.702630166398282,7.6556629092860975,7.7831454643048845,29.750402576489535,15.76086956521739,6.89747718733226,14.694041867954912,5.877616747181965,1.9256575415995705,0.013419216317767043,1.8518518518518519,0.08722490606548577
152,7.863660762211487,7.635534084809447,7.991143317230274,29.542404723564143,15.693773483628556,6.977992485238862,14.51959205582394,5.938003220611916,1.9256575415995705,0.013419216317767043,1.8115942028985508,0.08722490606548577
153,7.803274288781535,7.407407407407407,8.185721953837897,29.455179817498657,15.693773483628556,6.018518518518518,15.666935050993022,5.904455179817498,1.9524959742351047,0.013419216317767043,1.8115942028985508,0.08722490606548577
154,7.924047235641439,7.347020933977456,8.165593129361245,29.012345679012345,15.311325818572195,6.166129898013956,15.58641975308642,6.340579710144928,2.1068169618894257,0.013419216317767043,1.9390767579173376,0.08722490606548577
155,8.038110574342458,7.286634460547504,8.145464304884594,28.878153515834676,15.45222758990875,6.152710681696189,15.411969940955448,6.447933440687064,2.1135265700483092,0.013419216317767043,1.9726247987117553,0.08722490606548577
156,7.944176060118089,7.266505636070853,8.125335480407944,28.455448201825014,15.177133655394526,5.548845947396672,16.545893719806763,6.541867954911433,2.167203435319377,0.013419216317767043,2.1269457863660763,0.08722490606548577
157,8.158883521202362,7.266505636070853,7.803274288781535,28.25415995705851,15.901771336553946,5.246913580246914,16.472088030059044,6.515029522275899,2.167203435319377,0.013419216317767043,2.1269457863660763,0.07380568974771873
158,8.279656468062266,7.185990338164252,8.024691358024691,28.166935050993022,15.841384863123993,5.246913580246914,16.371443907675793,6.468062265163715,2.167203435319377,0.013419216317767043,2.1604938271604937,0.07380568974771873
159,8.474235104669887,7.1725711218464845,8.071658615136876,28.059581320450885,15.666935050993022,5.347557702630167,16.223832528180353,6.535158346752549,2.227589908749329,0.013419216317767043,2.13365539452496,0.07380568974771873
160,8.57487922705314,7.14573268921095,8.199141170155663,27.697262479871174,16.29092860976919,5.193236714975845,15.92860976918948,6.521739130434782,2.227589908749329,0.013419216317767043,2.13365539452496,0.07380568974771873
161,8.68894256575416,7.118894256575416,8.84326355340848,27.100107353730543,16.25067096081589,5.0791733762748255,15.841384863123993,6.702898550724638,2.227589908749329,0.013419216317767043,2.059849704777241,0.07380568974771873
162,8.165593129361245,7.011540526033279,8.272946859903382,25.45625335480408,16.0829307568438,4.898013955984971,19.55179817498658,6.427804616210413,2.059849704777241,0.013419216317767043,1.9860440150295222,0.07380568974771873
163,8.521202361782072,6.951154052603328,8.3064949006978,25.167740203972087,16.0829307568438,4.804079441760601,19.524959742351047,6.561996779388084,2.059849704777241,0.013419216317767043,1.932367149758454,0.07380568974771873
164,8.621846484165324,6.904186795491143,8.454106280193237,24.89935587761675,15.955448201825014,4.944981213097155,19.209608158883523,6.622383252818035,2.4221685453569513,0.013419216317767043,1.8786902844873858,0.07380568974771873
165,8.809715512614064,6.904186795491143,8.588298443370908,24.812130971551262,15.908480944712828,4.924852388620504,19.176060118089104,6.488191089640365,2.4221685453569513,0.013419216317767043,1.8786902844873858,0.07380568974771873
166,8.883521202361782,6.8035426731078905,8.648684916800859,24.771873322597962,15.76086956521739,4.958400429414922,18.907675791733762,6.481481481481482,2.6838432635534084,0.013419216317767043,2.0128824476650564,0.07380568974771873
167,8.970746108427267,6.709608158883521,8.84326355340848,24.711486849168008,15.70048309178744,5.01207729468599,18.840579710144926,6.427804616210413,2.6838432635534084,0.013419216317767043,2.0128824476650564,0.07380568974771873
168,9.125067096081589,6.655931293612453,8.789586688137414,24.50348899624262,15.26435856146001,4.790660225442834,19.880568974771872,6.347289318303811,2.636876006441224,0.013419216317767043,1.9189479334406871,0.07380568974771873
169,9.339774557165862,6.655931293612453,8.876811594202898,24.268652710681696,15.210681696188942,4.938271604938271,19.706119162640903,6.280193236714976,2.690552871712292,0.013419216317767043,1.9457863660762211,0.07380568974771873
170,9.64170692431562,6.655931293612453,8.876811594202898,24.10762211486849,15.170424047235642,4.904723564143854,19.49812130971551,6.353998926462695,2.677133655394525,0.013419216317767043,1.9860440150295222,0.11406333870101985
171,9.789318303811058,6.353998926462695,9.178743961352657,23.89291465378422,15.103327965646805,4.87788513150832,19.370638754696724,6.481481481481482,2.8381642512077296,0.013419216317767043,1.9860440150295222,0.11406333870101985
172,9.708803005904455,6.353998926462695,10.446859903381643,23.081052066559312,14.989264626945786,4.824208266237251,19.243156199677937,6.394256575415996,2.898550724637681,0.013419216317767043,1.932367149758454,0.11406333870101985
173,9.86983360171766,6.327160493827161,10.359634997316157,22.604669887278583,15.022812667740205,5.0791733762748255,18.988191089640367,6.810252281266774,2.8784219001610305,0.013419216317767043,1.932367149758454,0.11406333870101985
174,10.00402576489533,6.3137412775093935,10.50053676865271,22.50402576489533,14.895330112721417,5.0791733762748255,18.894256575415994,6.810252281266774,2.8784219001610305,0.013419216317767043,1.9927536231884058,0.11406333870101985
175,9.359903381642512,6.199677938808374,9.668545356951155,27.462426194310254,14.237788513150832,5.12614063338701,17.028985507246375,6.1929683306494905,2.6167471819645733,0.013419216317767043,1.9793344068706387,0.11406333870101985
176,9.353193773483628,5.978260869565218,10.050993022007514,27.26784755770263,14.298174986580785,5.045625335480408,16.941760601180892,6.340579710144928,2.6167471819645733,0.013419216317767043,1.9793344068706387,0.11406333870101985
177,9.426999463231347,5.938003220611916,10.057702630166398,27.012882447665056,14.392109500805153,4.951690821256038,16.881374127750938,6.501610305958132,2.7308105206655933,0.013419216317767043,1.9793344068706387,0.11406333870101985
178,9.104938271604938,5.938003220611916,9.990606548577563,30.273752012882447,12.493290391841116,4.864465915190553,16.264090177133657,6.454643048845948,2.6301663982823404,0.013419216317767043,1.8585614600107354,0.11406333870101985
179,9.25925925925926,5.877616747181965,10.245571658615138,29.797369833601717,12.385936661298981,4.944981213097155,16.129898013955984,6.662640901771336,2.6972624798711755,0.013419216317767043,1.8719806763285025,0.11406333870101985
180,9.514224369296834,5.877616747181965,10.721953837895867,29.30756843800322,12.332259796027913,4.87788513150832,15.861513687600644,6.816961889425658,2.7241009125067097,0.013419216317767043,1.8384326355340848,0.11406333870101985
