,45,50,55,53,54,51,52,56,59,57,58,60,62,61
0,99.81884057971014,0.18115942028985507,,,,,,,,,,,,
1,99.68464841653247,0.3153515834675255,,,,,,,,,,,,
2,99.49677938808374,0.5032206119162641,,,,,,,,,,,,
3,99.00026838432636,0.9997316156736447,,,,,,,,,,,,
4,98.90633387010199,1.093666129898014,,,,,,,,,,,,
5,91.15673644659152,8.84326355340848,,,,,,,,,,,,
6,86.14465915190553,13.848631239935587,0.0067096081588835215,,,,,,,,,,,
7,86.11782071927,13.875469672571121,0.0067096081588835215,,,,,,,,,,,
8,82.86366076221148,17.122920021470748,0.0067096081588835215,0.0067096081588835215,,,,,,,,,,
9,77.78448738593666,22.20209339774557,0.0067096081588835215,0.0067096081588835215,,,,,,,,,,
10,77.74422973698336,22.228931830381107,0.020128824476650563,0.0067096081588835215,,,,,,,,,,
11,73.51046698872786,26.35534084809447,0.06038647342995169,0.0067096081588835215,0.06709608158883522,,,,,,,,,
12,72.89318303811058,26.073537305421365,0.06038647342995169,0.0067096081588835215,0.06709608158883522,0.8990874932903918,,,,,,,,
13,71.51771336553945,27.36849168008588,0.08722490606548577,0.06038647342995169,0.06709608158883522,0.8990874932903918,,,,,,,,
14,64.47933440687063,34.4068706387547,0.0939345142243693,0.06038647342995169,0.06709608158883522,0.8923778851315083,,,,,,,,
15,61.05743424584004,37.82877079978529,0.0939345142243693,0.06038647342995169,0.06709608158883522,0.8923778851315083,,,,,,,,
16,58.883521202361784,39.90874932903918,0.1878690284487386,0.06038647342995169,0.06709608158883522,0.8923778851315083,,,,,,,,
17,57.57514761137949,37.74154589371981,0.2214170692431562,0.06038647342995169,0.06709608158883522,4.334406870638754,,,,,,,,
18,57.420826623725176,37.895866881374126,0.2214170692431562,0.06038647342995169,0.06709608158883522,4.334406870638754,,,,,,,,
19,57.2866344605475,37.84219001610306,0.30193236714975846,0.06038647342995169,0.06709608158883522,4.334406870638754,0.10735373054213634,,,,,,,
20,57.21282877079979,37.466451959205585,0.3153515834675255,0.49651100375738055,0.06709608158883522,4.334406870638754,0.10735373054213634,,,,,,,
21,55.2133655394525,34.286097691894796,0.33548040794417605,0.49651100375738055,0.06709608158883522,9.494095544820183,0.10735373054213634,,,,,,,
22,55.173107890499196,34.31964573268921,0.35560923242082665,0.5166398282340311,0.06709608158883522,9.460547504025765,0.10735373054213634,,,,,,,
23,51.301663982823406,38.191089640365,0.35560923242082665,0.5166398282340311,0.06709608158883522,9.440418679549115,0.10735373054213634,0.020128824476650563,,,,,,
24,50.999731615673646,38.1105743424584,0.39586688137412773,0.5166398282340311,0.06709608158883522,9.581320450885668,0.30864197530864196,0.020128824476650563,,,,,,
25,50.275093934514224,40.87493290391841,0.43612453032742887,0.5434782608695652,0.06709608158883522,7.494632313472893,0.30864197530864196,,,,,,,
26,50.12748255501879,40.995705850778315,0.43612453032742887,0.5703166935050993,0.06709608158883522,7.494632313472893,0.30864197530864196,,,,,,,
27,48.067632850241544,42.85426731078905,0.4562533548040794,0.7380568974771873,0.06709608158883522,7.494632313472893,0.30864197530864196,,0.013419216317767043,,,,,
28,47.396672034353195,43.37090713902308,0.46967257112184646,0.8789586688137413,0.17444981213097155,7.387278582930757,0.30864197530864196,,0.013419216317767043,,,,,
29,47.28260869565217,43.4447128287708,0.4830917874396135,0.8789586688137413,0.17444981213097155,7.380568974771873,0.3421900161030596,,0.013419216317767043,,,,,
30,47.08132045088567,43.646001073537306,0.4830917874396135,0.8789586688137413,0.17444981213097155,7.380568974771873,0.3421900161030596,,0.013419216317767043,,,,,
31,47.04106280193237,43.46484165324745,0.5837359098228664,1.0131508319914118,0.17444981213097155,7.367149758454106,0.3421900161030596,,0.013419216317767043,,,,,
32,46.9068706387547,42.7133655394525,0.6843800322061192,1.0265700483091786,0.17444981213097155,7.306763285024155,1.1741814278046163,,0.013419216317767043,,,,,
33,44.578636607622116,44.85373054213634,0.644122383252818,1.3620504562533549,0.17444981213097155,7.219538378958669,1.1540526033279657,,0.013419216317767043,,,,,
34,43.88083735909823,44.02173913043478,0.5971551261406334,1.3620504562533549,0.17444981213097155,8.78287707997853,1.1674718196457328,,0.013419216317767043,,,,,
35,43.80032206119163,44.07541599570585,0.6374127750939346,1.3620504562533549,0.17444981213097155,8.769457863660762,1.1674718196457328,,0.013419216317767043,,,,,
36,43.33735909822866,42.8341384863124,0.5636070853462157,0.9728931830381106,0.17444981213097155,10.916532474503489,1.2010198604401503,,,,,,,
37,38.56682769726248,49.49006977992485,0.5300590445517982,0.9594739667203436,0.17444981213097155,9.205582393988191,1.0601180891035964,0.013419216317767043,,,,,,
38,38.55340848094471,49.463231347289316,0.5568974771873323,0.9728931830381106,0.17444981213097155,9.205582393988191,1.0601180891035964,0.013419216317767043,,,,,,
39,37.996511003757384,50.38915727321525,0.5770263016639828,0.9728931830381106,0.17444981213097155,9.205582393988191,0.6709608158883521,0.013419216317767043,,,,,,
40,37.835480407944175,50.4898013955985,0.6374127750939346,0.9728931830381106,0.17444981213097155,9.145195920558239,0.6709608158883521,0.07380568974771873,,,,,,
41,37.82877079978529,49.69806763285024,0.6575415995705851,0.9728931830381106,0.95276435856146,9.118357487922705,0.6709608158883521,0.10064412238325282,,,,,,
42,36.761943102522814,48.34272678475577,0.7917337627482555,0.966183574879227,0.95276435856146,10.93666129898014,1.0869565217391304,0.1610305958132045,,,,,,
43,36.60762211486849,48.168276972624795,0.7313472893183038,0.966183574879227,0.95276435856146,9.212292002147075,3.2340311325818574,0.1274825550187869,,,,,,
44,36.43317230273752,48.30246913580247,0.7716049382716049,0.966183574879227,0.95276435856146,9.205582393988191,3.2340311325818574,0.13419216317767044,,,,,,
45,35.29253891572732,49.23510466988728,0.798443370907139,1.1205045625335481,0.95276435856146,9.205582393988191,3.260869565217391,0.13419216317767044,,,,,,
46,35.14492753623188,49.10762211486849,1.0131508319914118,1.1808910359634996,0.95276435856146,9.205582393988191,3.260869565217391,0.13419216317767044,,,,,,
47,34.97047772410091,46.443907675791735,1.0332796564680622,4.455179817498658,0.95276435856146,8.735909822866345,3.260869565217391,0.14761137949543746,,,,,,
48,34.97047772410091,46.403650026838434,1.0601180891035964,4.448470209339774,0.95276435856146,8.735909822866345,3.260869565217391,0.16774020397208803,,,,,,
49,34.86983360171766,46.182232957595275,1.3620504562533549,4.441760601180891,1.1137949543746646,8.474235104669887,3.321256038647343,0.20799785292538917,,0.026838432635534086,,,,
50,34.80944712828771,46.162104133118625,1.42914653784219,4.42163177670424,1.1137949543746646,8.474235104669887,3.321256038647343,0.20799785292538917,,0.06038647342995169,,,,
51,34.735641438539986,46.20907139023081,1.4559849704777241,4.42163177670424,1.1137949543746646,8.474235104669887,3.321256038647343,0.20799785292538917,,0.06038647342995169,,,,
52,34.735641438539986,46.19565217391305,1.4694041867954912,4.42163177670424,1.1137949543746646,8.460815888352121,3.321256038647343,0.2214170692431562,,0.06038647342995169,,,,
53,34.66183574879227,46.202361782071925,1.5499194847020934,4.408212560386473,1.1137949543746646,8.460815888352121,3.307836822329576,0.2214170692431562,,0.06038647342995169,0.013419216317767043,,,
54,32.9374664519592,47.235641438539986,1.5767579173376274,2.033011272141707,1.415727321524423,11.305689747718732,3.307836822329576,0.15432098765432098,,0.026838432635534086,0.0067096081588835215,,,
55,32.8972088030059,47.155126140633385,1.6706924315619969,2.033011272141707,1.415727321524423,11.305689747718732,3.307836822329576,0.18115942028985507,,0.026838432635534086,0.0067096081588835215,,,
56,32.8569511540526,47.054482018250134,1.6774020397208802,1.9994632313472893,1.5499194847020934,11.305689747718732,3.307836822329576,0.18115942028985507,,0.026838432635534086,0.040257648953301126,,,
57,32.85024154589372,47.04777241009125,1.6908212560386473,1.9860440150295222,1.5499194847020934,11.285560923242082,3.307836822329576,0.20128824476650564,,0.026838432635534086,0.05367686527106817,,,
58,32.74288781535159,47.04106280193237,1.8048845947396672,1.9860440150295222,1.5499194847020934,11.285560923242082,3.307836822329576,0.20128824476650564,,0.026838432635534086,0.05367686527106817,,,
59,32.74288781535159,47.0276435856146,1.8183038110574343,1.9860440150295222,1.5499194847020934,11.285560923242082,3.307836822329576,0.20128824476650564,,0.026838432635534086,0.05367686527106817,,,
60,32.72275899087493,46.99409554482018,1.8451422436929683,1.9524959742351047,1.6035963499731616,11.258722490606548,3.307836822329576,0.20128824476650564,,0.026838432635534086,0.08722490606548577,,,
61,32.72275899087493,46.96725711218465,1.8719806763285025,1.9524959742351047,1.6304347826086956,11.231884057971014,3.307836822329576,0.20128824476650564,,0.026838432635534086,0.08722490606548577,,,
62,32.72275899087493,46.95383789586688,1.8853998926462694,1.9524959742351047,1.6103059581320451,11.218464841653248,3.307836822329576,0.2147074610842727,0.020128824476650563,0.026838432635534086,0.08722490606548577,,,
63,32.67579173376275,46.81964573268921,1.9457863660762211,2.0933977455716586,1.6103059581320451,11.084272678475577,3.307836822329576,0.32877079978529256,0.020128824476650563,0.026838432635534086,0.08722490606548577,,,
64,32.1658615136876,47.054482018250134,2.0263016639828235,1.9524959742351047,1.6103059581320451,11.16478797638218,3.5628019323671496,0.32877079978529256,0.020128824476650563,0.026838432635534086,0.08722490606548577,,,
65,31.964573268921097,46.081588835212024,2.006172839506173,1.9524959742351047,1.6103059581320451,11.16478797638218,4.730273752012883,0.35560923242082665,0.020128824476650563,0.026838432635534086,0.08722490606548577,,,
66,31.93102522812668,46.101717659688674,2.0531400966183573,1.9524959742351047,1.6103059581320451,11.131239935587761,4.730273752012883,0.35560923242082665,0.020128824476650563,0.026838432635534086,0.08722490606548577,,,
67,30.85077831454643,43.73993558776167,1.9860440150295222,1.9927536231884058,1.6103059581320451,14.61352657004831,4.7168545356951155,0.35560923242082665,0.020128824476650563,0.026838432635534086,0.08722490606548577,,,
68,30.683038110574344,41.8545356951154,2.214170692431562,2.804616210413312,1.570048309178744,14.600107353730541,5.750134192163178,0.39586688137412773,0.020128824476650563,0.040257648953301126,0.06709608158883522,,,
69,30.656199677938808,41.8142780461621,2.26784755770263,2.791196994095545,1.5432098765432098,14.600107353730541,5.750134192163178,0.39586688137412773,0.04696725711218465,0.06709608158883522,0.06709608158883522,,,
70,30.615942028985508,41.659957058507786,2.428878153515835,3.1333870101986045,1.6035963499731616,14.579978529253891,5.394524959742351,0.38915727321524424,0.04696725711218465,0.08051529790660225,0.06709608158883522,,,
71,30.58239398819109,41.58615136876006,2.4691358024691357,3.1333870101986045,1.6035963499731616,14.600107353730541,5.434782608695652,0.39586688137412773,0.04696725711218465,0.08051529790660225,0.06709608158883522,,,
72,30.58239398819109,41.39157273215244,2.6435856146001075,3.126677402039721,1.5901771336553945,14.579978529253891,5.394524959742351,0.4562533548040794,0.04696725711218465,0.12077294685990338,0.06709608158883522,,,
73,30.555555555555557,41.41170155662909,2.623456790123457,3.126677402039721,1.6170155662909287,14.579978529253891,5.381105743424584,0.4562533548040794,0.04696725711218465,0.13419216317767044,0.06709608158883522,,,
74,30.555555555555557,41.358024691358025,2.657004830917874,3.126677402039721,1.6170155662909287,14.553140096618357,5.381105743424584,0.5032206119162641,0.04696725711218465,0.13419216317767044,0.06709608158883522,,,
75,29.958400429414922,41.0426731078905,2.6838432635534084,2.61003757380569,1.6170155662909287,15.92860976918948,5.394524959742351,0.5166398282340311,0.04696725711218465,0.13419216317767044,0.06709608158883522,,,
76,29.938271604938272,40.98228663446055,2.6838432635534084,2.703972088030059,1.6035963499731616,15.92860976918948,5.394524959742351,0.5166398282340311,0.04696725711218465,0.13419216317767044,0.06709608158883522,,,
77,29.320987654320987,39.32501341921632,2.536231884057971,2.636876006441224,1.6035963499731616,18.303811057434245,5.475040257648954,0.5166398282340311,0.04696725711218465,0.13419216317767044,0.10064412238325282,,,
78,28.14680622651637,40.49919484702093,2.563070316693505,2.636876006441224,1.6035963499731616,18.276972624798713,5.475040257648954,0.5166398282340311,0.04696725711218465,0.13419216317767044,0.10064412238325282,,,
79,27.079978529253893,39.00295222758991,2.475845410628019,2.589908749329039,1.6035963499731616,21.83977455716586,4.582662372517445,0.5434782608695652,0.04696725711218465,0.12077294685990338,0.10064412238325282,0.013419216317767043,,
80,26.80488459473967,39.231078904991946,2.5429414922168547,2.589908749329039,1.6035963499731616,21.712292002147073,4.582662372517445,0.6508319914117016,0.04696725711218465,0.12077294685990338,0.10064412238325282,0.013419216317767043,,
81,26.77133655394525,39.22436929683307,2.576489533011272,2.589908749329039,1.6035963499731616,21.712292002147073,4.575952764358561,0.6642512077294686,0.04696725711218465,0.12077294685990338,0.10064412238325282,0.013419216317767043,,
82,26.7512077294686,39.15727321524423,2.677133655394525,2.589908749329039,1.596886741814278,21.70558239398819,4.575952764358561,0.6642512077294686,0.04696725711218465,0.12077294685990338,0.10064412238325282,0.013419216317767043,,
83,25.583735909822867,41.51905528717123,2.5563607085346214,2.5831991411701556,1.6237251744498122,21.598228663446054,3.589640365002684,0.6776704240472357,0.04696725711218465,0.10735373054213634,0.10064412238325282,0.013419216317767043,,
84,25.489801395598498,39.86849168008588,2.7643585614600106,2.408749329039184,1.4895330112721417,23.96672034353194,3.012614063338701,0.7716049382716049,0.03354804079441761,0.0939345142243693,0.08722490606548577,0.013419216317767043,,
85,25.462962962962962,39.89533011272142,2.771068169618894,2.408749329039184,1.4895330112721417,23.95330112721417,3.012614063338701,0.7716049382716049,0.03354804079441761,0.10064412238325282,0.08722490606548577,0.013419216317767043,,
86,25.36231884057971,39.962426194310254,2.7308105206655933,2.6972624798711755,1.2546967257112185,23.95330112721417,3.012614063338701,0.8051529790660226,0.020128824476650563,0.10064412238325282,0.08722490606548577,0.013419216317767043,,
87,25.308641975308642,39.98926462694579,2.771068169618894,2.6972624798711755,1.2546967257112185,23.939881910896403,3.0059044551798175,0.8051529790660226,0.020128824476650563,0.10735373054213634,0.08722490606548577,0.013419216317767043,,
88,25.281803542673106,39.87520128824477,2.9589371980676327,2.6972624798711755,1.2546967257112185,23.899624261943103,3.0059044551798175,0.798443370907139,0.020128824476650563,0.10735373054213634,0.08722490606548577,0.013419216317767043,,
89,25.248255501878692,39.861782071927,3.0059044551798175,2.6972624798711755,1.2546967257112185,23.765432098765434,3.0059044551798175,0.9326355340848095,0.020128824476650563,0.08051529790660225,0.08722490606548577,0.013419216317767043,0.026838432635534086,
90,25.194578636607623,39.83494363929147,3.0730005367686526,2.6972624798711755,1.2546967257112185,23.698336017176597,3.0059044551798175,1.0131508319914118,0.020128824476650563,0.08051529790660225,0.08722490606548577,0.013419216317767043,0.026838432635534086,
91,25.174449812130973,39.70746108427268,3.1535158346752548,2.6972624798711755,1.3352120236178207,23.70504562533548,2.985775630703167,1.0131508319914118,0.020128824476650563,0.08051529790660225,0.08722490606548577,0.013419216317767043,0.026838432635534086,
92,23.765432098765434,42.693236714975846,3.2877079978529253,2.703972088030059,0.7447665056360708,22.65163714439077,2.844873859366613,1.1406333870101986,,0.06709608158883522,0.08722490606548577,0.013419216317767043,,
93,23.752012882447666,42.599302200751474,3.3950617283950617,2.703972088030059,0.7447665056360708,22.61808910359635,2.8381642512077296,1.1808910359634996,,0.06709608158883522,0.08722490606548577,0.013419216317767043,,
94,23.752012882447666,42.56575415995706,3.4017713365539453,2.7241009125067097,0.7112184648416533,22.530864197530864,2.8381642512077296,1.3016639828234031,,0.06709608158883522,0.0939345142243693,0.013419216317767043,,
95,23.72517444981213,42.43827160493827,3.556092324208266,2.7241009125067097,0.7112184648416533,22.530864197530864,2.8381642512077296,1.3016639828234031,,0.06709608158883522,0.0939345142243693,0.013419216317767043,,
96,23.67149758454106,42.47181964573269,3.5762211486849167,2.7241009125067097,0.7112184648416533,22.41009125067096,2.7844873859366612,1.4559849704777241,,0.08722490606548577,0.0939345142243693,0.013419216317767043,,
97,22.73215244229737,44.77992485238862,3.0931293612453032,2.589908749329039,0.6709608158883521,22.48389694041868,2.15378421900161,1.3016639828234031,,0.08722490606548577,0.0939345142243693,0.013419216317767043,,
98,22.69860440150295,43.27697262479871,3.026033279656468,2.5831991411701556,0.6642512077294686,20.78636607622115,5.46833064949007,1.3016639828234031,,0.08722490606548577,0.0939345142243693,0.013419216317767043,,
99,22.685185185185187,43.14949006977992,3.166935050993022,2.5831991411701556,0.6642512077294686,20.78636607622115,5.4549114331723025,1.3016639828234031,,0.10064412238325282,0.0939345142243693,0.013419216317767043,,
100,22.685185185185187,43.09581320450886,3.180354267310789,2.5966183574879227,0.6642512077294686,20.759527643585614,5.387815351583468,1.4224369296833066,,0.10064412238325282,0.0939345142243693,0.013419216317767043,,
101,22.08132045088567,43.70638754696726,3.1736446591519054,2.5966183574879227,0.6642512077294686,20.75281803542673,5.394524959742351,1.4224369296833066,,0.10064412238325282,0.0939345142243693,0.013419216317767043,,
102,19.223027375201287,34.93022007514761,2.281266774020397,2.49597423510467,0.6642512077294686,33.52120236178207,5.367686527106817,1.3486312399355878,,0.07380568974771873,0.0939345142243693,,,
103,19.189479334406872,34.95034889962426,2.3483628556092326,2.49597423510467,0.6642512077294686,33.48094471282877,5.35426731078905,1.3486312399355878,,0.07380568974771873,0.0939345142243693,,,
104,19.189479334406872,34.90338164251208,2.4355877616747184,2.49597423510467,0.6642512077294686,33.44068706387547,5.35426731078905,1.3486312399355878,,0.07380568974771873,0.0939345142243693,,,
105,19.182769726247987,34.896672034353195,2.4557165861513686,2.49597423510467,0.6642512077294686,33.42055823939882,5.434782608695652,1.2815351583467525,,0.07380568974771873,0.0939345142243693,,,
106,19.14922168545357,33.561460010735374,2.818035426731079,2.49597423510467,0.6575415995705851,32.46108427267848,7.407407407407407,1.2815351583467525,,0.07380568974771873,0.0939345142243693,,,
107,19.14922168545357,33.561460010735374,2.844873859366613,2.49597423510467,0.6575415995705851,32.39398819108964,7.407407407407407,1.3217928073000538,,0.07380568974771873,0.0939345142243693,,,
108,19.122383252818036,33.581588835212024,2.9790660225442833,2.49597423510467,0.6843800322061192,32.2463768115942,7.407407407407407,1.3150831991411702,,0.07380568974771873,0.0939345142243693,,,
109,19.0955448201825,33.48094471282877,3.046162104133119,2.49597423510467,0.7045088566827697,32.17928073000537,7.501341921631776,1.328502415458937,,0.07380568974771873,0.0939345142243693,,,
110,19.0552871712292,33.47423510466989,3.2340311325818574,2.442297369833602,0.5703166935050993,32.10547504025765,7.501341921631776,1.4492753623188406,,0.07380568974771873,0.0939345142243693,,,
111,18.9345142243693,33.4272678475577,3.0394524959742353,2.3752012882447664,0.5703166935050993,32.50134192163178,7.501341921631776,1.482823403113258,,0.07380568974771873,0.0939345142243693,,,
112,18.92109500805153,33.319914117015564,3.307836822329576,2.3483628556092326,0.7112184648416533,32.22624798711755,7.467793880837359,1.4962426194310252,,0.10735373054213634,0.0939345142243693,,,
113,18.92109500805153,33.3064949006978,3.3548040794417604,2.3483628556092326,0.7112184648416533,32.19269994632314,7.467793880837359,1.4962426194310252,,0.10735373054213634,0.0939345142243693,,,
114,18.69296833064949,33.53462157809984,3.3682232957595275,2.3483628556092326,0.7112184648416533,32.17928073000537,7.467793880837359,1.4962426194310252,,0.10735373054213634,0.0939345142243693,,,
115,18.69296833064949,33.49436392914654,3.3816425120772946,2.3886205045625335,0.785024154589372,32.018250134192165,7.427536231884058,1.570048309178744,,0.14761137949543746,0.0939345142243693,,,
116,18.67283950617284,33.49436392914654,3.388352120236178,2.3617820719269993,0.798443370907139,31.99812130971551,7.427536231884058,1.5901771336553945,,0.14761137949543746,0.12077294685990338,,,
117,18.646001073537306,33.49436392914654,3.3816425120772946,2.368491680085883,0.798443370907139,32.024959742351044,7.427536231884058,1.5901771336553945,,0.14761137949543746,0.12077294685990338,,,
118,16.5727321524423,30.099302200751477,3.012614063338701,2.3483628556092326,0.7716049382716049,39.60010735373054,5.501878690284487,1.8317230273752012,,0.14090177133655393,0.12077294685990338,,,
119,16.5727321524423,30.08588298443371,3.0394524959742353,2.3349436392914655,0.7716049382716049,39.59339774557166,5.501878690284487,1.8384326355340848,,0.14090177133655393,0.12077294685990338,,,
120,16.5727321524423,30.08588298443371,3.066290928609769,2.3349436392914655,0.7783145464304885,39.55984970477724,5.501878690284487,1.8384326355340848,,0.14090177133655393,0.12077294685990338,,,
121,16.5727321524423,30.08588298443371,3.066290928609769,2.3349436392914655,0.7783145464304885,39.47933440687064,5.501878690284487,1.9189479334406871,,0.14090177133655393,0.12077294685990338,,,
122,15.170424047235642,32.9777241009125,3.1065485775630703,2.24771873322598,0.7783145464304885,38.1105743424584,5.421363392377885,1.932367149758454,,0.14090177133655393,0.11406333870101985,,,
123,12.02361782071927,37.35238862050456,2.965646806226516,2.2208803005904456,0.6374127750939346,37.43961352657005,5.139559849704777,1.9726247987117553,,0.13419216317767044,0.11406333870101985,,,
124,12.02361782071927,37.35238862050456,3.0327428878153517,2.2208803005904456,0.6374127750939346,37.31884057971015,5.139559849704777,2.0263016639828235,,0.13419216317767044,0.11406333870101985,,,
125,11.996779388083736,37.31213097155126,3.0864197530864197,2.2208803005904456,0.6374127750939346,37.265163714439076,5.112721417069243,2.0665593129361244,,0.1878690284487386,0.11406333870101985,,,
126,11.969940955448202,37.32555018786903,3.0864197530864197,2.2208803005904456,0.6642512077294686,37.245034889962426,5.0993022007514766,2.073268921095008,,0.20128824476650564,0.11406333870101985,,,
127,11.963231347289318,37.23161567364466,3.2004830917874396,2.2208803005904456,0.6642512077294686,37.23161567364466,5.0993022007514766,2.073268921095008,,0.20128824476650564,0.11406333870101985,,,
128,11.963231347289318,37.21819645732689,3.227321524422974,2.2208803005904456,0.6776704240472357,37.09742351046699,5.0993022007514766,2.1806226516371443,,0.20128824476650564,0.11406333870101985,,,
129,10.970209339774557,34.816156736446594,3.099838969404187,2.2208803005904456,0.7112184648416533,40.5931293612453,5.045625335480408,2.2410091250670963,,0.1878690284487386,0.11406333870101985,,,
130,10.970209339774557,34.76247987117552,3.240740740740741,2.2074610842726785,0.7112184648416533,40.485775630703166,5.038915727321524,2.26784755770263,0.013419216317767043,0.1878690284487386,0.11406333870101985,,,
131,10.681696188942565,35.12479871175523,3.260869565217391,2.2074610842726785,0.7313472893183038,40.33816425120773,5.038915727321524,2.301395598497048,0.013419216317767043,0.1878690284487386,0.11406333870101985,,,
132,10.681696188942565,35.03086419753087,3.3413848631239937,2.2074610842726785,0.7313472893183038,40.25093934514224,5.038915727321524,2.4020397208803006,0.013419216317767043,0.1878690284487386,0.11406333870101985,,,
133,10.681696188942565,35.03086419753087,3.307836822329576,2.2208803005904456,0.7313472893183038,40.23752012882448,5.025496511003757,2.4154589371980677,0.013419216317767043,0.20128824476650564,0.13419216317767044,,,
134,10.681696188942565,34.93022007514761,3.4420289855072466,2.200751476113795,0.7447665056360708,40.02952227589909,4.998658078368224,2.636876006441224,0.013419216317767043,0.20128824476650564,0.12077294685990338,,,
135,10.681696188942565,34.90338164251208,3.4957058507783145,2.200751476113795,0.7447665056360708,39.96913580246913,4.985238862050457,2.6704240472356413,0.013419216317767043,0.2147074610842727,0.12077294685990338,,,
136,10.681696188942565,34.876543209876544,3.549382716049383,2.200751476113795,0.7179280730005367,39.942297369833604,4.985238862050457,2.6972624798711755,0.013419216317767043,0.2147074610842727,0.12077294685990338,,,
137,10.661567364465915,34.896672034353195,3.556092324208266,2.200751476113795,0.7179280730005367,39.93558776167472,4.985238862050457,2.6838432635534084,0.013419216317767043,0.2147074610842727,0.13419216317767044,,,
138,10.661567364465915,34.695383789586685,3.770799785292539,2.200751476113795,0.7045088566827697,39.93558776167472,4.985238862050457,2.6838432635534084,0.013419216317767043,0.2147074610842727,0.13419216317767044,,,
139,10.661567364465915,34.68196457326892,3.784219001610306,2.200751476113795,0.7045088566827697,39.93558776167472,4.985238862050457,2.6838432635534084,0.013419216317767043,0.2147074610842727,0.13419216317767044,,,
140,8.836553945249598,36.67471819645733,3.7640901771336552,2.0531400966183573,0.7045088566827697,39.92216854535695,4.985238862050457,2.6972624798711755,0.013419216317767043,0.2147074610842727,0.13419216317767044,,,
141,8.836553945249598,34.648416532474506,3.750670960815888,2.0531400966183573,0.7045088566827697,39.821524422973695,7.058507783145465,2.771068169618894,0.013419216317767043,0.20799785292538917,0.13419216317767044,,,
142,8.836553945249598,34.574610842726784,3.797638217928073,2.0531400966183573,1.3553408480944713,39.18411164787977,7.058507783145465,2.7844873859366612,0.013419216317767043,0.20799785292538917,0.13419216317767044,,,
143,8.829844337090714,34.56119162640902,3.8378958668813743,2.046430488459474,1.3553408480944713,39.10359634997316,7.058507783145465,2.8515834675254963,0.013419216317767043,0.20799785292538917,0.13419216317767044,,,
144,8.709071390230811,31.910896403650028,4.05931293612453,1.9726247987117553,1.3419216317767042,41.84782608695652,6.964573268921095,2.8381642512077296,0.013419216317767043,0.20799785292538917,0.13419216317767044,,,
145,8.695652173913043,31.910896403650028,4.032474503488996,1.9860440150295222,1.3687600644122384,41.8142780461621,6.957863660762212,2.8515834675254963,0.013419216317767043,0.20799785292538917,0.1610305958132045,,,
146,8.695652173913043,31.890767579173378,4.066022544283414,1.9860440150295222,1.3687600644122384,41.727053140096615,6.957863660762212,2.9253891572732154,0.013419216317767043,0.20799785292538917,0.1610305958132045,,,
147,8.695652173913043,31.890767579173378,4.05931293612453,1.9860440150295222,1.3687600644122384,41.706924315619965,6.957863660762212,2.9253891572732154,0.013419216317767043,0.2214170692431562,0.17444981213097155,,,
148,8.695652173913043,31.749865807836823,4.193505099302201,2.0128824476650564,1.3687600644122384,41.626409017713364,6.951154052603328,2.9790660225442833,0.013419216317767043,0.23483628556092323,0.17444981213097155,,,
149,8.608427267847558,31.689479334406872,4.186795491143317,1.9994632313472893,1.3687600644122384,41.706924315619965,6.951154052603328,3.026033279656468,0.013419216317767043,0.23483628556092323,0.17444981213097155,0.040257648953301126,,
150,8.608427267847558,31.655931293612454,4.2270531400966185,1.9994632313472893,1.3687600644122384,41.680085882984436,6.91760601180891,3.046162104133119,0.013419216317767043,0.2683843263553409,0.17444981213097155,0.040257648953301126,,
151,8.59500805152979,31.602254428341386,4.314278046162104,1.9994632313472893,1.3687600644122384,41.606280193236714,6.91760601180891,3.0730005367686526,0.013419216317767043,0.2952227589908749,0.17444981213097155,0.040257648953301126,,
152,8.581588835212024,31.602254428341386,4.394793344068707,1.9726247987117553,1.4090177133655395,41.48550724637681,6.910896403650026,3.1199677938808374,0.013419216317767043,0.2952227589908749,0.17444981213097155,0.040257648953301126,,
153,8.581588835212024,31.548577563070317,4.461889425657541,1.9726247987117553,1.4090177133655395,41.47208803005905,6.884057971014493,3.1199677938808374,0.013419216317767043,0.2952227589908749,0.20128824476650564,0.040257648953301126,,
154,8.581588835212024,31.427804616210413,4.522275899087493,2.918679549114332,1.4090177133655395,41.38486312399356,6.139291465378422,3.126677402039721,0.013419216317767043,0.23483628556092323,0.20128824476650564,0.040257648953301126,,
155,8.581588835212024,31.233225979602793,4.5893719806763285,3.0595813204508855,1.4090177133655395,41.37144390767579,6.139291465378422,3.126677402039721,0.013419216317767043,0.23483628556092323,0.20128824476650564,0.040257648953301126,,
156,8.581588835212024,31.219806763285025,4.602791196994096,3.0327428878153517,1.4090177133655395,41.2842190016103,6.139291465378422,3.240740740740741,0.013419216317767043,0.23483628556092323,0.20128824476650564,0.040257648953301126,,
157,8.36688137412775,31.031937734836287,4.636339237788513,3.0059044551798175,1.4090177133655395,41.25067096081589,6.541867954911433,3.240740740740741,0.013419216317767043,0.23483628556092323,0.2281266774020397,0.040257648953301126,,
158,8.353462157809984,30.669618894256576,4.8443370907139025,3.0394524959742353,2.281266774020397,41.18357487922705,5.897745571658615,3.2139023081052067,0.013419216317767043,0.23483628556092323,0.2281266774020397,0.040257648953301126,,
159,8.3064949006978,30.69645732689211,4.790660225442834,3.0394524959742353,2.2946859903381642,41.04938271604938,5.897745571658615,3.321256038647343,0.013419216317767043,0.322061191626409,0.2281266774020397,0.040257648953301126,,
160,8.259527643585615,30.66290928609769,4.817498658078368,3.0394524959742353,2.2946859903381642,41.0024154589372,5.978260869565218,3.3413848631239937,0.013419216317767043,0.322061191626409,0.2281266774020397,0.040257648953301126,,
161,8.259527643585615,30.48174986580784,5.005367686527107,3.0394524959742353,2.2946859903381642,40.713902308105204,5.978260869565218,3.6231884057971016,0.013419216317767043,0.322061191626409,0.2281266774020397,0.040257648953301126,,
162,8.259527643585615,30.334138486312398,5.152979066022544,3.0394524959742353,2.2946859903381642,40.633387010198604,5.978260869565218,3.69699409554482,0.013419216317767043,0.322061191626409,0.2281266774020397,0.040257648953301126,,0.0067096081588835215
163,8.259527643585615,30.334138486312398,5.166398282340311,3.066290928609769,2.2745571658615136,40.485775630703166,5.978260869565218,3.8043478260869565,0.013419216317767043,0.322061191626409,0.24825550187869028,0.040257648953301126,,0.0067096081588835215
164,8.252818035426731,30.253623188405797,5.173107890499195,3.0193236714975846,2.771068169618894,40.11674718196457,5.884326355340848,3.9184111647879765,0.013419216317767043,0.27509393451422437,0.27509393451422437,0.040257648953301126,,0.0067096081588835215
165,8.252818035426731,30.253623188405797,5.152979066022544,3.046162104133119,2.771068169618894,40.11674718196457,5.884326355340848,3.911701556629093,0.013419216317767043,0.27509393451422437,0.27509393451422437,0.040257648953301126,,0.0067096081588835215
166,8.132045088566828,29.374664519592056,5.0993022007514766,3.0394524959742353,2.791196994095545,38.13070316693505,9.373322597960279,3.44873859366613,0.013419216317767043,0.27509393451422437,0.27509393451422437,0.040257648953301126,,0.0067096081588835215
167,8.132045088566828,29.052603327965645,5.045625335480408,2.0799785292538915,2.7844873859366612,39.68733225979603,9.232420826623725,3.4420289855072466,0.013419216317767043,0.27509393451422437,0.24825550187869028,,,0.0067096081588835215
168,8.132045088566828,28.75067096081589,5.340848094471283,2.0799785292538915,2.791196994095545,39.58668813741278,9.212292002147075,3.569511540526033,0.013419216317767043,0.2683843263553409,0.24825550187869028,,,0.0067096081588835215
169,8.132045088566828,28.670155662909288,5.414653784219001,2.0799785292538915,2.8113258185721954,39.53301127214171,9.212292002147075,3.6097691894793345,0.013419216317767043,0.2683843263553409,0.24825550187869028,,,0.0067096081588835215
170,8.105206655931294,28.650026838432634,5.4616210413311865,2.0799785292538915,2.576489533011272,39.53301127214171,9.460547504025765,3.603059581320451,0.013419216317767043,0.2683843263553409,0.23483628556092323,,,0.013419216317767043
171,8.091787439613526,28.569511540526033,5.548845947396672,2.0799785292538915,2.7844873859366612,39.351851851851855,9.453837895866881,3.569511540526033,0.03354804079441761,0.2683843263553409,0.23483628556092323,,,0.013419216317767043
172,8.091787439613526,28.381642512077295,5.542136339237788,2.0799785292538915,2.985775630703167,39.29817498658078,9.453837895866881,3.616478797638218,0.03354804079441761,0.2683843263553409,0.23483628556092323,,,0.013419216317767043
173,8.071658615136876,28.29441760601181,5.622651637144391,2.0799785292538915,2.985775630703167,39.15727321524423,9.453837895866881,3.784219001610306,0.03354804079441761,0.2683843263553409,0.23483628556092323,,,0.013419216317767043
174,8.071658615136876,28.247450348899623,5.662909286097692,2.0665593129361244,2.985775630703167,39.14385399892646,9.480676328502415,3.7909286097691894,0.03354804079441761,0.2683843263553409,0.23483628556092323,,,0.013419216317767043
175,8.071658615136876,28.039452495974235,5.958132045088567,2.0665593129361244,2.85829307568438,40.707192699946326,8.313204508856682,3.4420289855072466,0.03354804079441761,0.2683843263553409,0.23483628556092323,,,0.0067096081588835215
176,8.071658615136876,28.039452495974235,5.9447128287707995,2.38191089640365,2.8515834675254963,40.37842190016103,8.313204508856682,3.475577026301664,0.03354804079441761,0.2683843263553409,0.23483628556092323,,,0.0067096081588835215
177,8.051529790660226,28.026033279656467,5.958132045088567,2.38191089640365,2.8515834675254963,40.39855072463768,8.313204508856682,3.475577026301664,0.03354804079441761,0.2683843263553409,0.23483628556092323,,,0.0067096081588835215
178,8.051529790660226,27.979066022544284,6.005099302200751,2.38191089640365,2.8515834675254963,40.35829307568438,8.313204508856682,3.515834675254965,0.03354804079441761,0.2683843263553409,0.23483628556092323,,,0.0067096081588835215
179,8.051529790660226,27.979066022544284,6.018518518518518,2.38191089640365,2.8515834675254963,40.35829307568438,8.272946859903382,3.5225442834138487,0.03354804079441761,0.2683843263553409,0.2549651100375738,,,0.0067096081588835215
180,8.051529790660226,27.831454643048847,6.172839506172839,2.3886205045625335,2.8515834675254963,40.35829307568438,8.272946859903382,3.5091250670960816,0.03354804079441761,0.2683843263553409,0.2549651100375738,,,0.0067096081588835215
181,8.031400966183575,27.771068169618893,6.340579710144928,2.4020397208803006,2.871712292002147,40.17042404723564,8.272946859903382,3.5762211486849167,0.03354804079441761,0.2683843263553409,0.2549651100375738,,,0.0067096081588835215
182,8.031400966183575,27.68384326355341,6.414385399892646,2.4221685453569513,2.871712292002147,40.15029522275899,8.192431561996779,3.656736446591519,0.03354804079441761,0.2683843263553409,0.2683843263553409,,,0.0067096081588835215
183,8.031400966183575,27.556360708534623,7.212828770799785,2.5496511003757383,2.8113258185721954,39.351851851851855,8.091787439613526,3.7909286097691894,0.03354804079441761,0.2683843263553409,0.2952227589908749,,,0.0067096081588835215
184,8.017981749865807,27.47584541062802,7.239667203435319,2.6502952227589907,2.8247450348899625,39.21765968867418,8.071658615136876,3.898282340311326,0.03354804079441761,0.2683843263553409,0.2952227589908749,,,0.0067096081588835215
185,7.883789586688137,27.623456790123456,7.2933440687063875,2.6704240472356413,2.8113258185721954,39.12372517444981,8.071658615136876,3.9184111647879765,0.03354804079441761,0.2683843263553409,0.2952227589908749,,,0.0067096081588835215
186,7.883789586688137,27.596618357487923,7.320182501341922,2.6704240472356413,2.8113258185721954,39.09688674181428,8.017981749865807,3.9586688137412773,0.03354804079441761,0.27509393451422437,0.32877079978529256,,,0.0067096081588835215
187,7.883789586688137,27.49597423510467,7.50805152979066,2.8784219001610305,2.8247450348899625,38.828502415458935,8.017981749865807,3.9184111647879765,0.03354804079441761,0.27509393451422437,0.32877079978529256,,,0.0067096081588835215
188,7.883789586688137,27.47584541062802,7.5348899624261945,2.885131508319914,2.8247450348899625,38.79495437466452,8.017981749865807,3.938539989264627,0.03354804079441761,0.27509393451422437,0.32877079978529256,0.0067096081588835215,,
189,7.843531937734836,27.388620504562535,8.548040794417606,2.8784219001610305,2.7442297369833604,37.96967257112185,7.98443370907139,3.978797638217928,0.020128824476650563,0.2885131508319914,0.3488996242619431,0.0067096081588835215,,
190,7.595276435856146,26.704240472356414,8.53462157809984,2.8784219001610305,2.6435856146001075,39.23778851315083,7.763016639828234,3.978797638217928,0.020128824476650563,0.2885131508319914,0.3488996242619431,0.0067096081588835215,,
191,7.595276435856146,26.643853998926463,8.548040794417606,2.8515834675254963,3.1535158346752548,38.77482555018787,7.763016639828234,3.9855072463768115,0.020128824476650563,0.30864197530864196,0.3488996242619431,0.0067096081588835215,,
192,7.595276435856146,26.643853998926463,8.655394524959743,2.8515834675254963,3.1333870101986045,38.60708534621578,7.763016639828234,4.032474503488996,0.020128824476650563,0.30864197530864196,0.3824476650563607,0.0067096081588835215,,
193,7.467793880837359,26.610305958132045,8.628556092324208,2.898550724637681,3.1199677938808374,38.687600644122384,7.763016639828234,4.092860976918948,0.03354804079441761,0.30864197530864196,0.3824476650563607,0.0067096081588835215,,
194,7.467793880837359,26.556629092860977,8.68894256575416,2.932098765432099,3.1199677938808374,38.63392377885131,7.763016639828234,4.106280193236715,0.03354804079441761,0.30864197530864196,0.3824476650563607,0.0067096081588835215,,
195,7.440955448201825,26.32850241545894,8.588298443370908,2.791196994095545,3.7372517444981215,38.49302200751476,7.763016639828234,4.126409017713366,0.03354804079441761,0.30864197530864196,0.3824476650563607,0.0067096081588835215,,
196,7.427536231884058,26.281535158346752,8.662104133118627,2.7844873859366612,3.7372517444981215,38.47289318303811,7.729468599033816,4.126409017713366,0.03354804079441761,0.35560923242082665,0.3824476650563607,0.0067096081588835215,,
197,7.4208266237251745,26.288244766505635,8.695652173913043,2.7979066022544283,3.743961352657005,38.399087493290395,7.447665056360709,4.159957058507783,0.03354804079441761,0.35560923242082665,0.6508319914117016,0.0067096081588835215,,
198,7.4208266237251745,26.27482555018787,8.702361782071927,2.7844873859366612,3.743961352657005,38.38566827697262,7.447665056360709,4.159957058507783,0.040257648953301126,0.3824476650563607,0.6508319914117016,0.0067096081588835215,,
199,7.353730542136339,26.301663982823403,8.910359634997317,2.7442297369833604,3.7909286097691894,38.16425120772947,7.447665056360709,4.186795491143317,0.040257648953301126,0.4092860976918948,0.644122383252818,0.0067096081588835215,,
200,7.353730542136339,26.261406333870102,8.964036500268385,2.7442297369833604,3.8043478260869565,38.056897477187334,7.447665056360709,4.26731078904992,0.040257648953301126,0.4092860976918948,0.644122383252818,0.0067096081588835215,,
201,7.353730542136339,26.227858293075684,9.01100375738057,2.7442297369833604,3.8311862587224907,38.016639828234034,7.447665056360709,4.253891572732153,0.040257648953301126,0.4227053140096618,0.644122383252818,0.0067096081588835215,,
