,45,50,51,52,53,55,54,57,59,58,60,56,61
0,99.13446054750402,0.8521202361782072,0.013419216317767043,,,,,,,,,,
1,98.64465915190553,1.3419216317767042,0.013419216317767043,,,,,,,,,,
2,88.22463768115942,11.560654857756306,0.013419216317767043,0.020128824476650563,0.13419216317767044,0.04696725711218465,,,,,,,
3,85.49382716049382,14.056629092860977,0.013419216317767043,0.020128824476650563,0.13419216317767044,0.24154589371980675,0.040257648953301126,,,,,,
4,85.0979602791197,14.237788513150832,0.07380568974771873,0.04696725711218465,0.13419216317767044,0.32877079978529256,0.08051529790660225,,,,,,
5,84.76247987117553,14.479334406870638,0.10735373054213634,0.05367686527106817,0.10735373054213634,0.3824476650563607,0.10735373054213634,,,,,,
6,83.1857219538379,15.22410091250671,0.19457863660762212,0.9192163177670424,0.013419216317767043,0.3824476650563607,0.08051529790660225,,,,,,
7,79.01905528717123,19.28341384863124,0.2214170692431562,0.9393451422436929,0.013419216317767043,0.4428341384863124,0.08051529790660225,,,,,,
8,78.30112721417069,19.887278582930758,0.24825550187869028,0.9326355340848095,0.06709608158883522,0.4830917874396135,0.08051529790660225,,,,,,
9,77.83816425120773,20.128824476650564,0.32877079978529256,0.9594739667203436,0.06709608158883522,0.5703166935050993,0.10735373054213634,,,,,,
10,77.58990874932904,20.276435856146,0.41599570585077833,0.9594739667203436,0.06709608158883522,0.5837359098228664,0.10735373054213634,,,,,,
11,77.25442834138487,20.41062801932367,0.46967257112184646,1.0332796564680622,0.10064412238325282,0.6239935587761675,0.10735373054213634,,,,,,
12,70.98094471282877,26.590177133655395,0.4428341384863124,1.0265700483091786,0.13419216317767044,0.7179280730005367,0.10735373054213634,,,,,,
13,69.94095544820182,27.462426194310254,0.5166398282340311,1.0265700483091786,0.13419216317767044,0.8118625872249061,0.10735373054213634,,,,,,
14,69.7463768115942,27.24771873322598,0.5971551261406334,1.0265700483091786,0.12077294685990338,1.1540526033279657,0.10735373054213634,,,,,,
15,69.32367149758454,27.616747181964573,0.5971551261406334,0.9997316156736447,0.13419216317767044,1.1741814278046163,0.14090177133655393,0.013419216317767043,,,,,
16,46.73242082662372,49.52361782071927,0.4227053140096618,0.15432098765432098,0.1274825550187869,1.2345679012345678,1.8048845947396672,,,,,,
17,46.343263553408484,49.27536231884058,0.46967257112184646,0.19457863660762212,0.14090177133655393,1.6572732152442298,1.9122383252818036,,0.0067096081588835215,,,,
18,45.370370370370374,50.026838432635536,0.5099302200751477,0.2214170692431562,0.1878690284487386,1.7981749865807837,1.8518518518518519,0.026838432635534086,0.0067096081588835215,,,,
19,45.09527643585615,49.73161567364466,0.6776704240472357,0.28180354267310787,0.20128824476650564,2.073268921095008,1.8719806763285025,0.06038647342995169,0.0067096081588835215,,,,
20,43.4447128287708,51.07353730542136,0.7313472893183038,0.322061191626409,0.30193236714975846,2.1068169618894257,1.9524959742351047,0.06038647342995169,0.0067096081588835215,,,,
21,26.69753086419753,68.51180891035963,0.5233494363929146,0.10735373054213634,0.30864197530864196,3.2340311325818574,0.6172839506172839,,,,,,
22,26.583467525496513,68.20316693505099,0.6374127750939346,0.10735373054213634,0.36902844873859364,3.488996242619431,0.6105743424584005,,,,,,
23,26.596886741814277,67.45840042941492,0.7112184648416533,0.13419216317767044,1.221148684916801,3.1736446591519054,0.6575415995705851,,,0.020128824476650563,0.026838432635534086,,
24,26.704240472356414,67.04911433172303,0.7313472893183038,0.1878690284487386,1.2546967257112185,3.321256038647343,0.7045088566827697,,,0.020128824476650563,0.026838432635534086,,
25,26.093666129898015,62.47987117552335,0.7514761137949544,0.30193236714975846,6.481481481481482,3.066290928609769,0.7447665056360708,0.020128824476650563,,0.06038647342995169,,,
26,24.308910359634996,62.7012882447665,0.8655394524959742,1.3016639828234031,6.4412238325281805,3.4822866344605474,0.7917337627482555,,,0.10735373054213634,,,
27,24.376006441223833,62.32555018786903,0.9326355340848095,1.3083735909822867,6.454643048845948,3.6231884057971016,0.8252818035426731,,,0.14090177133655393,,0.013419216317767043,
28,24.4296833064949,61.93639291465379,0.9326355340848095,1.2949543746645196,6.468062265163715,3.8378958668813743,0.8387010198604401,0.020128824476650563,,0.19457863660762212,,0.04696725711218465,
29,24.496779388083738,61.500268384326354,0.95276435856146,1.3217928073000538,6.468062265163715,4.133118625872249,0.8454106280193237,0.020128824476650563,,0.2147074610842727,,0.04696725711218465,
30,24.416264090177133,59.42028985507246,0.9460547504025765,1.3352120236178207,6.575415995705851,6.146001073537305,0.8789586688137413,0.020128824476650563,,0.2147074610842727,,0.04696725711218465,
31,24.154589371980677,58.313204508856685,0.9594739667203436,3.5963499731615673,5.495169082125604,6.213097155126141,0.9594739667203436,0.020128824476650563,,0.24154589371980675,,0.04696725711218465,
32,24.335748792270532,57.56843800322061,0.9930220075147611,3.6097691894793345,5.407944176060118,6.689479334406871,0.9796027911969941,0.020128824476650563,0.020128824476650563,0.32877079978529256,,0.04696725711218465,
33,24.44310252281267,56.998121309715515,1.0466988727858293,3.629898013955985,5.387815351583468,6.870638754696726,1.2144390767579174,0.020128824476650563,0.020128824476650563,0.30193236714975846,,0.06709608158883522,
34,24.496779388083738,56.82367149758454,1.1003757380568975,3.616478797638218,5.3341384863123995,7.004830917874396,1.2077294685990339,0.013419216317767043,0.020128824476650563,0.3153515834675255,,0.06709608158883522,
35,24.61755233494364,56.60225442834138,1.1205045625335481,3.6097691894793345,5.3341384863123995,7.024959742351046,1.2077294685990339,0.013419216317767043,0.020128824476650563,0.35560923242082665,0.03354804079441761,0.06038647342995169,
36,24.93961352657005,55.67632850241546,1.221148684916801,3.6231884057971016,5.35426731078905,7.387278582930757,1.2815351583467525,0.013419216317767043,0.03354804079441761,0.3757380568974772,0.040257648953301126,0.05367686527106817,
37,24.94632313472893,54.2337627482555,1.2412775093934514,3.6097691894793345,5.320719269994632,8.776167471819646,1.3150831991411702,0.03354804079441761,0.06038647342995169,0.3757380568974772,0.03354804079441761,0.05367686527106817,
38,24.745034889962426,54.05260332796565,1.288244766505636,3.603059581320451,5.347557702630167,8.930488459473967,1.3486312399355878,0.06709608158883522,0.05367686527106817,0.4092860976918948,0.08722490606548577,0.06709608158883522,
39,24.67793880837359,52.865002683843265,1.328502415458937,3.717122920021471,5.300590445517981,10.057702630166398,1.3754696725711217,0.06709608158883522,0.07380568974771873,0.3824476650563607,0.08722490606548577,0.06709608158883522,
40,23.181696188942567,48.107890499194845,8.031400966183575,3.6097691894793345,5.293880837359098,9.581320450885668,1.4224369296833066,0.0939345142243693,0.10735373054213634,0.3824476650563607,0.08722490606548577,0.10064412238325282,
41,23.201825013419217,47.86634460547504,7.96430488459474,3.6902844873859366,5.24020397208803,9.681964573268921,1.4559849704777241,0.0939345142243693,0.10735373054213634,0.39586688137412773,0.08722490606548577,0.2147074610842727,
42,23.221953837895867,47.55099302200752,7.944176060118089,3.7037037037037037,5.233494363929147,9.782608695652174,1.6103059581320451,0.0939345142243693,0.10735373054213634,0.4092860976918948,0.10064412238325282,0.24154589371980675,
43,23.22866344605475,47.114868491680085,7.977724100912507,3.7775093934514223,5.3341384863123995,9.842995169082126,1.6706924315619969,0.0939345142243693,0.10735373054213634,0.4428341384863124,0.1274825550187869,0.28180354267310787,
44,22.25577026301664,47.88647342995169,8.004562533548041,3.7573805689747717,5.307300053676865,9.957058507783145,1.7310789049919484,0.0939345142243693,0.12077294685990338,0.4562533548040794,0.1610305958132045,0.2683843263553409,
45,22.342995169082126,47.014224369296834,7.98443370907139,3.743961352657005,5.119431025228127,9.883252818035427,2.8247450348899625,0.0939345142243693,0.10735373054213634,0.4562533548040794,0.1610305958132045,0.2683843263553409,
46,22.497316156736446,46.806226516371446,7.883789586688137,3.7037037037037037,5.139559849704777,9.876543209876543,2.8650026838432634,0.0939345142243693,0.13419216317767044,0.4830917874396135,0.18115942028985507,0.33548040794417605,
47,22.564412238325282,46.47745571658615,7.944176060118089,3.670155662909286,5.139559849704777,9.997316156736447,2.8650026838432634,0.11406333870101985,0.13419216317767044,0.5233494363929146,0.18115942028985507,0.38915727321524424,
48,22.584541062801932,46.02120236178207,7.897208803005904,3.7775093934514223,5.10601180891036,10.305958132045088,2.8515834675254963,0.11406333870101985,0.13419216317767044,0.5367686527106817,0.23483628556092323,0.43612453032742887,
49,22.57783145464305,45.511272141706925,7.836822329575953,3.898282340311326,5.917874396135265,10.064412238325282,2.7308105206655933,0.11406333870101985,0.0939345142243693,0.6105743424584005,0.2147074610842727,0.4294149221685454,
50,22.685185185185187,45.309983896940416,7.823403113258186,3.9720880300590444,5.978260869565218,10.037573805689748,2.737520128824477,0.11406333870101985,0.0939345142243693,0.5837359098228664,0.2147074610842727,0.4495437466451959,
51,22.69860440150295,45.04830917874396,7.830112721417069,3.965378421900161,6.005099302200751,10.171765968867419,2.7643585614600106,0.11406333870101985,0.0939345142243693,0.5971551261406334,0.2147074610842727,0.49651100375738055,
52,22.685185185185187,44.99463231347289,7.75630703166935,3.9586688137412773,6.112453032742888,10.151637144390767,2.7241009125067097,0.16774020397208803,0.11406333870101985,0.630703166935051,0.2147074610842727,0.48980139559849706,
53,22.79253891572732,44.67257112184648,7.776435856146001,3.9720880300590444,6.085614600107354,10.23215244229737,2.818035426731079,0.20799785292538917,0.14090177133655393,0.6374127750939346,0.24154589371980675,0.4227053140096618,
54,22.75228126677402,43.33064949006978,7.763016639828234,3.992216854535695,6.152710681696189,9.695383789586689,4.314278046162104,0.24154589371980675,0.30864197530864196,0.6172839506172839,0.24154589371980675,0.5904455179817498,
55,22.879763821792807,43.09581320450886,7.742887815351583,4.032474503488996,6.179549114331723,9.681964573268921,4.280730005367687,0.24154589371980675,0.30864197530864196,0.6508319914117016,0.2683843263553409,0.6374127750939346,
56,22.779119699409556,43.02871712292002,7.769726247987117,4.045893719806763,6.166129898013956,9.648416532474503,4.367954911433173,0.24154589371980675,0.30864197530864196,0.6642512077294686,0.28180354267310787,0.6977992485238862,
57,22.463768115942027,42.639559849704774,7.675791733762749,4.770531400966184,6.119162640901771,9.588030059044552,4.361245303274289,0.27509393451422437,0.30864197530864196,0.7179280730005367,0.2952227589908749,0.785024154589372,
58,22.38996242619431,42.51878690284487,7.6556629092860975,4.8443370907139025,6.159420289855072,9.695383789586689,4.294149221685454,0.27509393451422437,0.3421900161030596,0.7045088566827697,0.32877079978529256,0.7917337627482555,
59,22.5577026301664,42.14975845410628,7.682501341921632,4.804079441760601,6.226516371443908,9.77589908749329,4.388083735909823,0.24825550187869028,0.32877079978529256,0.7313472893183038,0.32877079978529256,0.7783145464304885,
60,21.638486312399355,43.25013419216318,7.62211486849168,4.676596886741814,6.213097155126141,9.75577026301664,4.414922168545357,0.24825550187869028,0.32877079978529256,0.7648953301127214,0.2952227589908749,0.7917337627482555,
61,21.806226516371442,42.975040257648956,7.675791733762749,4.690016103059581,6.280193236714976,9.71551261406334,4.455179817498658,0.24825550187869028,0.32877079978529256,0.798443370907139,0.2952227589908749,0.7313472893183038,
62,21.67874396135266,42.81400966183575,7.615405260332796,4.777241009125067,6.333870101986044,9.802737520128824,4.51556629092861,0.2281266774020397,0.3488996242619431,0.8252818035426731,0.2885131508319914,0.7716049382716049,
63,21.70558239398819,42.78717122920021,7.575147611379496,4.7101449275362315,6.414385399892646,9.789318303811058,4.455179817498658,0.2281266774020397,0.4830917874396135,0.8185721953837896,0.2549651100375738,0.7783145464304885,
64,21.67874396135266,42.639559849704774,7.541599570585078,4.777241009125067,6.400966183574879,9.829575952764358,4.4820182501341925,0.2549651100375738,0.46967257112184646,0.8185721953837896,0.28180354267310787,0.8252818035426731,
65,21.79951690821256,42.190016103059584,7.555018786902845,4.790660225442834,6.488191089640365,10.124798711755233,4.414922168545357,0.2549651100375738,0.48980139559849706,0.785024154589372,0.24825550187869028,0.8588298443370908,
66,20.799785292538918,41.90150295222759,7.427536231884058,4.74369296833065,6.488191089640365,11.500268384326356,4.4820182501341925,0.28180354267310787,0.48980139559849706,0.7783145464304885,0.24825550187869028,0.8588298443370908,
67,20.78636607622115,41.6532474503489,7.4006977992485234,4.770531400966184,6.561996779388084,11.560654857756306,4.555823939881911,0.28180354267310787,0.48980139559849706,0.798443370907139,0.24825550187869028,0.8923778851315083,
68,20.840042941492218,41.398282340311326,7.454374664519592,4.85775630703167,6.508319914117015,11.54723564143854,4.542404723564144,0.2885131508319914,0.48980139559849706,0.9057971014492754,0.24825550187869028,0.9192163177670424,
69,20.82662372517445,41.21041331186259,7.387278582930757,4.851046698872786,6.5552871712292005,11.493558776167472,4.683306494900698,0.2885131508319914,0.6105743424584005,0.8521202361782072,0.27509393451422437,0.966183574879227,
70,20.665593129361245,41.243961352657,7.407407407407407,4.87788513150832,6.568706387546968,11.439881910896403,4.804079441760601,0.2885131508319914,0.6105743424584005,0.8655394524959742,0.30864197530864196,0.9192163177670424,
71,20.67230273752013,41.176865271068166,7.407407407407407,4.851046698872786,6.568706387546968,11.419753086419753,4.8376274825550185,0.2885131508319914,0.6105743424584005,0.9259259259259259,0.30864197530864196,0.9326355340848095,
72,20.819914117015568,41.00912506709608,7.326892109500805,4.9651100375738055,6.635802469135802,11.446591519055287,4.7638217928073,0.2885131508319914,0.5904455179817498,0.9125067096081588,0.30864197530864196,0.9326355340848095,
73,20.933977455716587,40.80112721417069,7.232957595276436,5.018786902844874,6.66935050993022,11.513687600644122,4.783950617283951,0.2885131508319914,0.6105743424584005,0.8990874932903918,0.2885131508319914,0.9594739667203436,
74,21.061460010735374,40.49919484702093,7.27992485238862,4.944981213097155,6.736446591519055,11.500268384326356,4.830917874396135,0.2885131508319914,0.644122383252818,0.9326355340848095,0.30864197530864196,0.9728931830381106,
75,20.913848631239937,40.45222758990875,7.219538378958669,4.884594739667204,6.756575415995706,11.668008588298443,4.938271604938271,0.2885131508319914,0.6172839506172839,0.8990874932903918,0.3421900161030596,1.0198604401502953,
76,20.92055823939882,40.27106816961889,7.232957595276436,4.958400429414922,6.843800322061192,11.701556629092861,4.87788513150832,0.2885131508319914,0.6776704240472357,0.8789586688137413,0.3421900161030596,1.0064412238325282,
77,20.954106280193237,40.13687600644123,7.266505636070853,4.985238862050457,6.810252281266774,11.782071926999464,4.871175523349437,0.30193236714975846,0.6508319914117016,0.8789586688137413,0.3421900161030596,1.0198604401502953,
78,21.095008051529792,39.93558776167472,7.27992485238862,4.958400429414922,6.796833064949007,11.681427804616211,4.8443370907139025,0.3421900161030596,0.6508319914117016,0.9594739667203436,0.39586688137412773,1.0601180891035964,
79,21.155394524959743,39.84836285560923,7.266505636070853,4.998658078368224,6.843800322061192,11.600912506709609,4.87788513150832,0.3421900161030596,0.6575415995705851,0.9259259259259259,0.39586688137412773,1.0869565217391304,
80,21.24261943102523,39.71417069243156,7.25979602791197,4.958400429414922,6.951154052603328,11.453301127214171,4.944981213097155,0.36902844873859364,0.6575415995705851,0.9259259259259259,0.39586688137412773,1.1272141706924315,
81,20.725979602791195,39.009661835748794,7.239667203435319,6.125872249060655,6.944444444444445,11.486849168008588,5.025496511003757,0.3488996242619431,0.6575415995705851,0.9192163177670424,0.39586688137412773,1.1205045625335481,
82,20.8064949006978,38.747987117552334,7.185990338164252,6.085614600107354,6.998121309715513,11.392914653784219,5.233494363929147,0.36231884057971014,0.7179280730005367,0.9326355340848095,0.38915727321524424,1.1473429951690821,
83,20.913848631239937,38.58695652173913,7.192699946323135,6.072195383789587,7.085346215780999,11.372785829307569,5.193236714975845,0.3488996242619431,0.7648953301127214,0.9326355340848095,0.38915727321524424,1.1473429951690821,
84,20.88030059044552,38.466183574879224,7.206119162640902,6.0654857756307035,7.085346215780999,11.312399355877616,5.253623188405797,0.3488996242619431,0.7783145464304885,0.9192163177670424,0.38915727321524424,1.2949543746645196,
85,20.987654320987655,38.30515297906602,7.185990338164252,6.119162640901771,7.139023081052066,11.225174449812132,5.320719269994632,0.322061191626409,0.7917337627482555,0.8990874932903918,0.36902844873859364,1.3352120236178207,
86,21.014492753623188,38.1105743424584,7.152442297369833,6.152710681696189,7.118894256575416,11.386205045625335,5.280461621041331,0.3488996242619431,0.7648953301127214,0.9393451422436929,0.4025764895330113,1.328502415458937,
87,20.987654320987655,38.016639828234034,7.125603864734299,6.219806763285024,7.065217391304348,11.386205045625335,5.387815351583468,0.3488996242619431,0.7581857219538379,0.9125067096081588,0.4562533548040794,1.3352120236178207,
88,20.974235104669887,37.82877079978529,7.118894256575416,5.991680085882985,7.011540526033279,11.366076221148685,5.917874396135265,0.3757380568974772,0.7581857219538379,0.8722490606548577,0.4495437466451959,1.3352120236178207,
89,20.336822329575952,38.828502415458935,6.951154052603328,5.864197530864198,6.957863660762212,11.245303274288782,6.0654857756307035,0.36231884057971014,0.7581857219538379,0.8856682769726248,0.4428341384863124,1.3016639828234031,
90,20.39049919484702,38.75469672571122,6.877348362855609,5.924584004294149,6.964573268921095,11.272141706924316,6.085614600107354,0.38915727321524424,0.7581857219538379,0.8856682769726248,0.4092860976918948,1.288244766505636,
91,20.276435856146,38.62050456253355,6.890767579173376,6.0654857756307035,6.991411701556629,11.245303274288782,6.219806763285024,0.38915727321524424,0.7581857219538379,0.8722490606548577,0.3824476650563607,1.288244766505636,
92,20.1959205582394,38.26489533011272,6.890767579173376,6.078904991948471,7.212828770799785,11.2788513150832,6.380837359098229,0.36902844873859364,0.7447665056360708,0.8454106280193237,0.39586688137412773,1.3419216317767042,
93,20.155662909286097,38.04347826086956,6.944444444444445,6.085614600107354,7.219538378958669,11.366076221148685,6.474771873322598,0.35560923242082665,0.7783145464304885,0.8588298443370908,0.39586688137412773,1.3217928073000538,
94,19.685990338164252,37.4194847020934,6.843800322061192,7.25979602791197,7.132313472893183,11.372785829307569,6.521739130434782,0.35560923242082665,0.8051529790660226,0.8722490606548577,0.39586688137412773,1.3352120236178207,
95,19.639023081052066,37.144390767579175,6.830381105743425,7.340311325818572,7.232957595276436,11.137949543746645,6.5485775630703165,0.36902844873859364,0.8051529790660226,0.8588298443370908,0.39586688137412773,1.6975308641975309,
96,19.746376811594203,36.99006977992485,6.837090713902308,7.333601717659689,7.300053676865271,11.11111111111111,6.521739130434782,0.4025764895330113,0.8319914117015567,0.8588298443370908,0.39586688137412773,1.6706924315619969,
97,19.14922168545357,34.816156736446594,6.984702093397746,7.192699946323135,7.266505636070853,10.735373054213634,9.621578099838969,0.4294149221685454,0.8051529790660226,0.8722490606548577,0.36902844873859364,1.7579173376274826,
98,19.296833064949006,34.74235104669887,6.957863660762212,7.253086419753086,7.2933440687063875,10.63472893183038,9.500805152979066,0.4562533548040794,0.8051529790660226,0.9192163177670424,0.4092860976918948,1.7310789049919484,
99,19.32367149758454,34.54777241009125,7.03166935050993,7.37385936661299,7.2933440687063875,10.63472893183038,9.494095544820183,0.4495437466451959,0.8319914117015567,0.8856682769726248,0.4025764895330113,1.7310789049919484,
100,19.26328502415459,34.41358024691358,7.03166935050993,7.326892109500805,7.14573268921095,10.72866344605475,9.567901234567902,0.7313472893183038,0.8185721953837896,0.8655394524959742,0.39586688137412773,1.710950080515298,
101,19.504830917874397,34.19887278582931,6.998121309715513,7.306763285024155,7.1725711218464845,10.641438539989265,9.601449275362318,0.7313472893183038,0.7917337627482555,0.8655394524959742,0.4227053140096618,1.7646269457863661,
102,19.43773483628556,34.044551798174986,6.964573268921095,7.306763285024155,7.2933440687063875,10.68840579710145,9.64170692431562,0.7246376811594203,0.8252818035426731,0.8655394524959742,0.46967257112184646,1.737788513150832,
103,19.370638754696724,33.843263553408484,6.957863660762212,7.380568974771873,7.313472893183038,10.668276972624799,9.782608695652174,0.7246376811594203,0.8521202361782072,0.8454106280193237,0.46296296296296297,1.7981749865807837,
104,19.384057971014492,33.682232957595275,7.024959742351046,7.481213097155126,7.340311325818572,10.654857756307031,9.77589908749329,0.7246376811594203,0.8655394524959742,0.8387010198604401,0.46296296296296297,1.7646269457863661,
105,16.264090177133657,37.07729468599034,6.414385399892646,6.769994632313473,6.89747718733226,10.044283413848632,11.855877616747183,0.6977992485238862,0.8521202361782072,0.9057971014492754,0.43612453032742887,1.7847557702630166,
106,16.411701556629094,36.64117015566291,6.152710681696189,6.816961889425658,6.870638754696726,10.124798711755233,11.829039184111648,0.7246376811594203,0.8655394524959742,0.9796027911969941,0.48980139559849706,2.0933977455716586,
107,16.317767042404725,36.39291465378422,6.092324208266238,6.904186795491143,6.977992485238862,9.25925925925926,13.003220611916264,0.7447665056360708,0.8722490606548577,0.9125067096081588,0.43612453032742887,2.086688137412775,
108,16.170155662909288,35.970209339774556,6.045356951154052,9.151905528717123,6.971282877079979,8.984165324745035,12.057165861513688,0.7783145464304885,0.6374127750939346,0.9057971014492754,0.39586688137412773,1.932367149758454,
109,16.317767042404725,35.74208266237252,6.0587761674718195,9.158615136876007,7.0383789586688135,8.917069243156199,12.016908212560386,0.8051529790660226,0.6642512077294686,0.8990874932903918,0.39586688137412773,1.9860440150295222,
110,16.51905528717123,35.487117552334944,5.971551261406334,9.158615136876007,7.125603864734299,8.943907675791733,12.016908212560386,0.8118625872249061,0.6642512077294686,0.8588298443370908,0.38915727321524424,2.0531400966183573,
111,16.59957058507783,35.18518518518518,5.991680085882985,9.178743961352657,7.125603864734299,9.091519055287172,12.110842726784755,0.7783145464304885,0.7045088566827697,0.798443370907139,0.38915727321524424,2.046430488459474,
112,16.71363392377885,34.88325281803543,5.609232420826624,9.265968867418144,7.071926999463232,8.984165324745035,12.030327428878154,0.7648953301127214,0.7380568974771873,0.798443370907139,0.38915727321524424,2.7509393451422435,
113,16.666666666666668,34.66183574879227,5.615942028985507,9.326355340848094,7.199409554482019,8.964036500268385,12.02361782071927,0.7380568974771873,0.7648953301127214,0.8588298443370908,0.4294149221685454,2.7509393451422435,
114,16.67337627482555,34.5276435856146,5.589103596349974,9.346484165324744,7.253086419753086,8.977455716586151,12.090713902308105,0.7581857219538379,0.7716049382716049,0.8722490606548577,0.4294149221685454,2.7106816961889426,
115,16.720343531937736,34.41358024691358,5.615942028985507,10.674986580783683,7.340311325818572,9.017713365539452,10.715244229736983,0.8319914117015567,0.8118625872249061,0.8722490606548577,0.36231884057971014,2.623456790123457,
116,16.418411164787976,33.9975845410628,6.4345142243692965,10.560923242082662,7.521470746108427,9.044551798174986,10.534084809447128,0.8051529790660226,0.8118625872249061,0.9259259259259259,0.3488996242619431,2.5966183574879227,
117,16.57944176060118,33.74932903918411,6.729736983360172,10.520665593129362,7.501341921631776,9.004294149221685,10.534084809447128,0.8051529790660226,0.8118625872249061,0.9259259259259259,0.30193236714975846,2.536231884057971,
118,16.606280193236714,33.55475040257649,6.709608158883521,10.534084809447128,7.648953301127214,8.957326892109501,10.547504025764896,0.8454106280193237,0.8118625872249061,0.9393451422436929,0.30193236714975846,2.5429414922168547,
119,16.894793344068706,33.36688137412775,6.702898550724638,10.399892646269459,7.7361782071927,8.93719806763285,10.466988727858293,0.8588298443370908,0.8252818035426731,0.9393451422436929,0.32877079978529256,2.5429414922168547,
120,16.968599033816425,32.971014492753625,6.716317767042405,10.413311862587225,8.024691358024691,9.057971014492754,10.312667740203972,0.8319914117015567,0.8118625872249061,0.9930220075147611,0.35560923242082665,2.5429414922168547,
121,17.01556629092861,32.8166935050993,6.689479334406871,10.44015029522276,8.044820182501342,9.158615136876007,10.225442834138486,0.8789586688137413,0.8118625872249061,0.9460547504025765,0.3488996242619431,2.623456790123457,
122,16.888083735909824,32.628824476650564,6.857219538378959,10.379763821792807,8.051529790660226,9.131776704240472,10.487117552334944,0.8655394524959742,0.8118625872249061,0.9125067096081588,0.33548040794417605,2.6502952227589907,
123,16.988727858293075,32.43424584004294,6.8035426731078905,10.373054213633925,8.179012345679013,9.138486312399356,10.50053676865271,0.8789586688137413,0.8118625872249061,0.8990874932903918,0.33548040794417605,2.657004830917874,
124,17.01556629092861,32.360440150295226,6.78341384863124,10.420021470746109,8.179012345679013,9.131776704240472,10.507246376811594,0.9326355340848095,0.7917337627482555,0.8789586688137413,0.33548040794417605,2.6637144390767578,
125,17.06924315619968,32.407407407407405,6.843800322061192,10.34621578099839,8.13875469672571,9.037842190016104,10.453569511540525,0.966183574879227,0.7783145464304885,0.8789586688137413,0.36902844873859364,2.7106816961889426,
126,16.961889425657542,32.14573268921095,7.1658615136876005,10.272410091250672,8.21256038647343,9.004294149221685,10.46027911969941,0.9594739667203436,0.8051529790660226,0.8923778851315083,0.36902844873859364,2.7509393451422435,
127,16.27750939345142,29.582662372517444,11.748523886205046,10.084541062801932,7.96430488459474,8.447396672034353,10.11808910359635,0.9796027911969941,0.8051529790660226,0.8655394524959742,0.36902844873859364,2.757648953301127,
128,16.35131508319914,29.441760601180892,11.668008588298443,10.165056360708535,8.111916264090176,8.433977455716587,10.00402576489533,0.9460547504025765,0.798443370907139,0.8655394524959742,0.38915727321524424,2.8247450348899625,
129,16.358024691358025,29.280730005367687,11.58749329039184,10.178475577026301,8.13875469672571,8.541331186258722,9.970477724100913,0.9930220075147611,0.8252818035426731,0.9057971014492754,0.38915727321524424,2.831454643048846,
130,16.384863123993558,29.07944176060118,11.52710681696189,10.245571658615138,8.111916264090176,8.467525496511003,10.178475577026301,0.9796027911969941,0.8252818035426731,0.9057971014492754,0.3824476650563607,2.9119699409554483,
131,16.451959205582394,29.012345679012345,11.513687600644122,10.218733225979603,8.199141170155663,8.413848631239935,10.165056360708535,0.9930220075147611,0.8252818035426731,0.9057971014492754,0.3757380568974772,2.9253891572732154,
132,16.512345679012345,28.985507246376812,11.41304347826087,10.205314009661835,8.293075684380032,8.393719806763285,10.151637144390767,1.0198604401502953,0.8185721953837896,0.8923778851315083,0.3757380568974772,2.9388083735909825,
133,16.431830381105744,28.824476650563607,11.439881910896403,10.279119699409554,8.266237251744498,8.480944712828771,10.225442834138486,0.9930220075147611,0.8185721953837896,0.8856682769726248,0.3757380568974772,2.9790660225442833,
134,16.59286097691895,28.75067096081589,11.379495437466453,10.299248523886206,8.252818035426731,8.514492753623188,10.044283413848632,0.9930220075147611,0.798443370907139,0.9259259259259259,0.35560923242082665,3.0931293612453032,
135,16.861245303274288,28.609769189479334,11.3191089640365,10.245571658615138,8.28636607622115,8.501073537305421,9.96376811594203,1.0064412238325282,0.7783145464304885,0.9125067096081588,0.35560923242082665,3.1602254428341383,
136,16.941760601180892,28.556092324208265,11.285560923242082,10.305958132045088,8.219269994632313,8.474235104669887,9.957058507783145,1.0399892646269457,0.7783145464304885,0.9125067096081588,0.35560923242082665,3.1736446591519054,
137,17.062533548040793,28.529253891572733,11.144659151905529,10.433440687063875,8.125335480407944,8.447396672034353,9.88996242619431,1.0399892646269457,0.7716049382716049,0.8923778851315083,0.3421900161030596,3.321256038647343,
138,17.028985507246375,28.535963499731615,11.124530327428879,10.36634460547504,8.145464304884594,8.400429414922169,9.930220075147611,1.0802469135802468,0.7716049382716049,0.8789586688137413,0.3421900161030596,3.3950617283950617,
139,17.022275899087493,28.442028985507246,11.09098228663446,10.38647342995169,8.21256038647343,8.460815888352121,9.876543209876543,1.1473429951690821,0.7917337627482555,0.8655394524959742,0.3421900161030596,3.361513687600644,
140,16.867954911433173,28.032742887815353,11.030595813204508,10.393183038110575,9.192163177670425,8.199141170155663,9.829575952764358,1.0534084809447128,0.785024154589372,0.8588298443370908,0.32877079978529256,3.4286097691894795,
141,16.99543746645196,27.938808373590984,10.976918947933441,10.393183038110575,9.225711218464841,8.205850778314547,9.769189479334408,1.1003757380568975,0.785024154589372,0.8588298443370908,0.30864197530864196,3.4420289855072466,
142,16.961889425657542,27.87842190016103,10.990338164251208,10.420021470746109,9.245840042941492,8.21256038647343,9.802737520128824,1.0735373054213635,0.8185721953837896,0.8588298443370908,0.30193236714975846,3.435319377348363,
143,17.082662372517444,27.791196994095547,10.970209339774557,10.420021470746109,9.29951690821256,8.172302737520129,9.71551261406334,1.0735373054213635,0.8118625872249061,0.8722490606548577,0.30193236714975846,3.488996242619431,
144,17.05582393988191,27.737520128824478,10.950080515297907,10.547504025764896,9.346484165324744,8.085077831454644,9.71551261406334,1.107085346215781,0.8118625872249061,0.8722490606548577,0.2885131508319914,3.4822866344605474,
145,16.854535695115406,27.710681696188942,10.997047772410092,10.540794417606012,9.5276435856146,7.98443370907139,9.708803005904455,1.1473429951690821,0.8387010198604401,0.8722490606548577,0.28180354267310787,3.535963499731616,
146,16.82769726247987,27.616747181964573,10.997047772410092,10.48040794417606,9.581320450885668,7.930756843800322,9.822866344605474,1.1943102522812667,0.8185721953837896,0.8923778851315083,0.28180354267310787,3.556092324208266,
147,16.928341384863124,27.576489533011273,11.023886205045626,10.50053676865271,9.614868491680086,7.890499194847021,9.762479871175524,1.2345679012345678,0.7380568974771873,0.8923778851315083,0.28180354267310787,3.556092324208266,
148,16.431830381105744,26.556629092860977,14.942297369833602,9.353193773483628,9.534353193773484,7.367149758454106,9.366612989801396,1.0869565217391304,0.6575415995705851,0.9863123993558777,0.2281266774020397,3.488996242619431,
149,16.438539989264626,26.496242619431026,14.875201288244767,9.386741814278047,9.534353193773484,7.387278582930757,9.433709071390231,1.0198604401502953,0.6575415995705851,0.9863123993558777,0.2281266774020397,3.556092324208266,
150,16.49892646269458,26.455984970477726,14.727589908749328,9.420289855072463,9.4873859366613,7.4141170155662905,9.494095544820183,1.0198604401502953,0.6575415995705851,0.966183574879227,0.2281266774020397,3.629898013955985,
151,16.492216854535695,26.36876006441224,14.694041867954912,9.480676328502415,9.554482018250134,7.39398819108964,9.554482018250134,1.0064412238325282,0.6843800322061192,0.966183574879227,0.2281266774020397,3.5762211486849167,
152,16.57944176060118,26.27482555018787,14.506172839506172,9.574610842726784,9.541062801932368,7.37385936661299,9.681964573268921,0.9796027911969941,0.6843800322061192,0.9997316156736447,0.2214170692431562,3.5829307568438002,
153,16.680085882984432,26.120504562533547,14.418947933440688,9.614868491680086,9.5276435856146,7.675791733762749,9.594739667203436,0.8923778851315083,0.644122383252818,0.9863123993558777,0.2549651100375738,3.589640365002684,
154,16.71363392377885,25.999731615673646,14.371980676328503,9.789318303811058,9.420289855072463,7.695920558239399,9.621578099838969,0.9192163177670424,0.644122383252818,0.9728931830381106,0.24825550187869028,3.603059581320451,
155,16.80756843800322,25.95276435856146,14.217659688674182,9.930220075147611,9.46725711218465,7.648953301127214,9.54777241009125,0.9057971014492754,0.644122383252818,0.9728931830381106,0.24825550187869028,3.656736446591519,
156,16.881374127750938,25.825281803542673,14.398819108964037,9.849704777241008,9.386741814278047,7.803274288781535,9.514224369296834,0.8588298443370908,0.644122383252818,0.9393451422436929,0.24154589371980675,3.656736446591519,
157,16.99543746645196,25.731347289318304,14.358561460010735,9.856414385399892,9.447128287707997,7.823403113258186,9.541062801932368,0.8387010198604401,0.6239935587761675,0.9125067096081588,0.24154589371980675,3.629898013955985,
158,17.136339237788512,25.637412775093935,14.371980676328503,9.802737520128824,9.447128287707997,7.7898550724637685,9.634997316156737,0.8185721953837896,0.6239935587761675,0.8789586688137413,0.24154589371980675,3.616478797638218,
159,16.57944176060118,24.174718196457327,14.298174986580785,13.687600644122384,9.07139023081052,6.823671497584541,9.286097691894794,0.8722490606548577,0.5770263016639828,0.7581857219538379,0.20128824476650564,3.670155662909286,
160,16.545893719806763,24.053945249597422,14.38539989264627,13.727858293075684,9.118357487922705,6.776704240472356,9.272678475577026,0.8588298443370908,0.5636070853462157,0.7581857219538379,0.1878690284487386,3.750670960815888,
161,16.586151368760063,24.013687600644122,14.318303811057435,13.6406333870102,9.158615136876007,6.763285024154589,9.272678475577026,0.8588298443370908,0.5971551261406334,0.8252818035426731,0.1878690284487386,3.7775093934514223,
162,16.659957058507782,23.879495437466453,14.31159420289855,13.633923778851315,9.098228663446054,6.877348362855609,9.359903381642512,0.8454106280193237,0.5971551261406334,0.8588298443370908,0.1878690284487386,3.6902844873859366,
163,16.71363392377885,23.63123993558776,14.2914653784219,13.727858293075684,9.131776704240472,6.863929146537842,9.386741814278047,0.8990874932903918,0.5971551261406334,0.8588298443370908,0.1878690284487386,3.7104133118625873,
164,16.75389157273215,23.64465915190553,14.224369296833064,13.707729468599034,9.118357487922705,6.843800322061192,9.426999463231347,0.8990874932903918,0.5837359098228664,0.8521202361782072,0.1878690284487386,3.7573805689747717,
165,16.639828234031132,23.564143853998928,14.217659688674182,13.801663982823403,9.125067096081589,6.850509930220075,9.520933977455716,0.8990874932903918,0.5837359098228664,0.8454106280193237,0.2147074610842727,3.7372517444981215,
166,16.760601180891037,23.503757380568974,14.231078904991948,13.848631239935587,9.057971014492754,6.850509930220075,9.500805152979066,0.8990874932903918,0.5837359098228664,0.8454106280193237,0.20128824476650564,3.717122920021471,
167,16.820987654320987,23.443370907139023,14.204240472356414,13.768115942028986,9.125067096081589,6.790123456790123,9.561191626409018,0.8856682769726248,0.5636070853462157,0.8789586688137413,0.20128824476650564,3.7573805689747717,
168,16.63311862587225,23.013955984970476,14.231078904991948,13.6808910359635,10.520665593129362,6.66935050993022,9.104938271604938,0.8588298443370908,0.5837359098228664,0.8051529790660226,0.17444981213097155,3.7238325281803544,
169,16.639828234031132,22.987117552334944,14.197530864197532,13.774825550187868,10.48040794417606,6.608964036500268,9.104938271604938,0.8454106280193237,0.6038647342995169,0.8319914117015567,0.17444981213097155,3.750670960815888,
170,16.680085882984432,22.933440687063875,14.224369296833064,13.781535158346752,10.433440687063875,6.602254428341385,9.145195920558239,0.8789586688137413,0.6038647342995169,0.8319914117015567,0.17444981213097155,3.7104133118625873,
171,16.6129898013956,22.879763821792807,14.15727321524423,13.90901771336554,10.493827160493828,6.575415995705851,9.158615136876007,0.9125067096081588,0.6172839506172839,0.8454106280193237,0.17444981213097155,3.6634460547504024,
172,16.505636070853463,22.114868491680085,14.083467525496511,15.183843263553408,10.359634997316157,6.286902844873859,9.111647879763822,1.0332796564680622,0.6172839506172839,0.7716049382716049,0.17444981213097155,3.7573805689747717,
173,16.49892646269458,22.074610842726784,13.969404186795492,15.203972088030058,10.420021470746109,6.360708534621578,9.158615136876007,1.0198604401502953,0.6172839506172839,0.7716049382716049,0.17444981213097155,3.730542136339238,
174,16.431830381105744,21.973966720343533,13.942565754159958,15.230810520665592,10.379763821792807,6.3137412775093935,9.286097691894794,1.1003757380568975,0.6105743424584005,0.7581857219538379,0.17444981213097155,3.797638217928073,
175,16.431830381105744,21.83977455716586,13.868760064412239,15.230810520665592,10.534084809447128,6.4345142243692965,9.232420826623725,1.1272141706924315,0.6105743424584005,0.7179280730005367,0.17444981213097155,3.797638217928073,
176,15.552871712292003,23.356146001073537,13.546698872785829,15.056360708534621,10.547504025764896,6.340579710144928,9.192163177670425,1.1473429951690821,0.5971551261406334,0.7179280730005367,0.15432098765432098,3.7909286097691894,
177,15.72061191626409,23.289049919484704,13.499731615673644,14.821524422973699,10.61460010735373,6.300322061191626,9.27938808373591,1.3419216317767042,0.5837359098228664,0.7179280730005367,0.15432098765432098,3.6768652710681695,
178,15.70048309178744,23.26892109500805,13.43263553408481,14.834943639291465,10.587761674718196,6.280193236714976,9.426999463231347,1.3754696725711217,0.5636070853462157,0.7179280730005367,0.15432098765432098,3.656736446591519,
179,15.854804079441761,23.19511540526033,13.459473966720344,14.801395598497047,10.668276972624799,6.112453032742888,9.561191626409018,1.402308105206656,0.5636070853462157,0.6910896403650026,0.15432098765432098,3.535963499731616,
180,15.814546430488459,23.121309715512613,13.399087493290391,14.9020397208803,10.648148148148149,6.125872249060655,9.634997316156737,1.3821792807300053,0.5636070853462157,0.6910896403650026,0.15432098765432098,3.5628019323671496,
181,16.089640365002683,23.060923242082662,13.318572195383789,14.855072463768115,10.661567364465915,6.085614600107354,9.64170692431562,1.3955984970477724,0.5636070853462157,0.6843800322061192,0.15432098765432098,3.488996242619431,
182,15.995705850778315,22.873054213633925,13.110574342458401,14.378690284487385,11.90955448201825,5.978260869565218,9.500805152979066,1.3016639828234031,0.5636070853462157,0.6843800322061192,0.15432098765432098,3.549382716049383,
183,15.908480944712828,22.765700483091788,13.077026301663983,14.432367149758454,11.996779388083736,5.991680085882985,9.46725711218465,1.247987117552335,0.6038647342995169,0.644122383252818,0.15432098765432098,3.7104133118625873,
184,15.271068169618895,22.007514761137948,15.807836822329575,13.83521202361782,11.654589371980677,5.622651637144391,9.829575952764358,1.1808910359634996,0.5636070853462157,0.644122383252818,0.15432098765432098,3.4286097691894795,
