,45,50,51,55,54,52,53,56,57,58,60
0,96.88674181427804,3.113258185721954,,,,,,,,,
1,78.24745034889962,18.746645195920557,2.898550724637681,0.10735373054213634,,,,,,,
2,75.38244766505636,21.618357487922705,2.8918411164787976,0.10735373054213634,,,,,,,
3,65.6333870101986,31.219806763285025,2.8918411164787976,0.18115942028985507,0.07380568974771873,,,,,,
4,64.7410091250671,25.711218464841654,2.8918411164787976,0.0939345142243693,,4.522275899087493,2.0397208803005906,,,,
5,63.90230810520666,26.549919484702095,2.8918411164787976,0.0939345142243693,,4.522275899087493,2.0397208803005906,,,,
6,56.66264090177134,34.33977455716586,2.2410091250670963,0.2214170692431562,,4.49543746645196,2.0397208803005906,,,,
7,55.2938808373591,32.32018250134192,3.227321524422974,0.12077294685990338,,7.03166935050993,2.006172839506173,,,,
8,45.49785292538916,40.84809447128288,3.0394524959742353,0.08051529790660225,,7.03166935050993,3.502415458937198,,,,
9,41.43183038110574,42.599302200751474,5.495169082125604,0.08051529790660225,,7.03166935050993,3.361513687600644,,,,
10,34.88996242619431,45.51798174986581,5.495169082125604,1.6975308641975309,4.26731078904992,4.62962962962963,3.502415458937198,,,,
11,31.13929146537842,49.28878153515835,5.340848094471283,1.8317230273752012,4.26731078904992,4.62962962962963,3.502415458937198,,,,
12,31.5552871712292,46.41035963499731,5.293880837359098,2.9119699409554483,3.1535158346752548,7.347020933977456,3.3279656468062266,,,,
13,30.381105743424584,35.567632850241544,20.30998389694042,1.8384326355340848,2.5161030595813205,6.0587761674718195,3.3279656468062266,,,,
14,29.924852388620504,30.92458400429415,21.91358024691358,0.6977992485238862,3.8378958668813743,6.884057971014493,5.35426731078905,0.46296296296296297,,,
15,25.389157273215243,34.447128287708,23.557434245840042,0.966183574879227,3.8378958668813743,6.461352657004831,4.797369833601718,0.5434782608695652,,,
16,25.771604938271604,34.4068706387547,23.275630703166936,1.093666129898014,3.6902844873859366,6.447933440687064,4.770531400966184,0.5434782608695652,,,
17,25.731347289318304,32.54159957058508,20.873590982286636,0.9863123993558777,3.5091250670960816,8.943907675791733,6.723027375201288,0.6910896403650026,,,
18,25.234836285560924,32.360440150295226,20.739398819108963,1.0399892646269457,3.5091250670960816,9.594739667203436,6.716317767042405,0.8051529790660226,,,
19,19.900697799248523,34.25925925925926,26.33521202361782,1.0735373054213635,2.100107353730542,8.816425120772946,6.709608158883521,0.8051529790660226,,,
20,13.278314546430488,44.900697799248526,24.255233494363928,0.966183574879227,2.576489533011272,7.320182501341922,5.978260869565218,0.7246376811594203,,,
21,9.292807300053678,44.42431561996779,29.542404723564143,0.18115942028985507,0.6575415995705851,12.318840579710145,3.5091250670960816,0.07380568974771873,,,
22,7.581857219538379,34.80944712828771,39.84836285560923,0.17444981213097155,0.6575415995705851,12.06387546967257,3.4688674181427803,1.3955984970477724,,,
23,7.125603864734299,34.42699946323135,33.601717659688674,0.322061191626409,1.8384326355340848,12.04374664519592,9.54777241009125,1.093666129898014,,,
24,7.387278582930757,34.346484165324746,34.58132045088567,0.41599570585077833,1.583467525496511,11.211755233494364,9.380032206119163,1.093666129898014,,,
25,7.675791733762749,31.206387546967257,34.40016103059581,3.026033279656468,2.187332259796028,11.171497584541063,9.433709071390231,0.8990874932903918,,,
26,7.950885668276973,30.783682232957595,32.31347289318304,3.1535158346752548,2.1806226516371443,13.331991411701557,9.386741814278047,0.8990874932903918,,,
27,8.662104133118627,29.60950080515298,32.18599033816425,3.207192699946323,2.1806226516371443,13.955984970477724,8.628556092324208,0.8789586688137413,0.6910896403650026,,
28,8.185721953837897,24.18142780461621,38.808373590982285,3.730542136339238,2.1806226516371443,16.029253891572733,4.616210413311863,1.4358561460010735,0.8319914117015567,,
29,7.541599570585078,20.974235104669887,47.41009125067096,3.7573805689747717,2.4825550187869028,10.909822866344605,4.542404723564144,1.5499194847020934,0.8319914117015567,,
30,6.575415995705851,14.512882447665056,55.46833064949007,3.8915727321524423,2.046430488459474,10.695115405260333,4.2270531400966185,1.751207729468599,0.8319914117015567,,
31,6.890767579173376,14.096886741814279,51.14734299516908,6.8035426731078905,3.556092324208266,10.507246376811594,3.9519592055823938,2.120236178207193,0.9259259259259259,,
32,7.105475040257649,13.399087493290391,48.40311325818572,7.206119162640902,3.1602254428341383,13.560118089103597,4.51556629092861,1.724369296833065,0.9259259259259259,,
33,7.601986044015029,13.298443370907139,47.62479871175523,7.206119162640902,3.1602254428341383,13.499731615673644,4.488727858293076,2.1940418679549114,0.9259259259259259,,
34,8.252818035426731,12.835480407944177,45.93397745571659,7.548309178743962,3.066290928609769,13.45276435856146,5.555555555555555,2.3081052066559313,1.0466988727858293,,
35,8.82313472893183,12.795222758990874,45.53811057434246,7.467793880837359,2.965646806226516,13.378958668813741,5.535426731078905,2.4490069779924855,1.0466988727858293,,
36,9.433709071390231,12.593934514224369,45.17579173376275,7.434245840042942,2.965646806226516,13.345410628019323,5.407944176060118,2.5966183574879227,1.0466988727858293,,
37,9.306226516371444,11.513687600644122,33.2259796027912,4.388083735909823,2.965646806226516,28.18035426731079,7.051798174986581,2.3215244229736984,1.0466988727858293,,
38,9.936929683306495,11.399624261943103,32.9374664519592,4.3545356951154055,2.952227589908749,27.3215244229737,6.951154052603328,2.5966183574879227,1.4559849704777241,0.0939345142243693,
39,10.279119699409554,11.272141706924316,35.31266774020397,4.206924315619967,2.952227589908749,26.86527106816962,6.166129898013956,1.9659151905528718,0.8856682769726248,0.0939345142243693,
40,10.507246376811594,11.238593666129898,35.18518518518518,4.206924315619967,2.952227589908749,26.724369296833064,6.166129898013956,2.0397208803005906,0.8856682769726248,0.0939345142243693,
41,10.782340311325818,11.144659151905529,35.04428341384863,4.206924315619967,5.555555555555555,24.402844873859365,5.763553408480945,2.1269457863660763,0.8789586688137413,0.0939345142243693,
42,9.796027911969942,7.467793880837359,34.86312399355877,3.9452495974235107,5.475040257648954,28.609769189479334,6.696188942565755,2.1068169618894257,0.9997316156736447,0.040257648953301126,
43,9.339774557165862,5.662909286097692,34.225711218464845,3.670155662909286,4.804079441760601,32.991143317230275,6.655931293612453,1.6304347826086956,0.9796027911969941,0.040257648953301126,
44,9.440418679549115,5.595813204508857,36.963231347289316,3.6231884057971016,4.03918411164788,31.816961889425656,5.891035963499732,1.6304347826086956,0.9594739667203436,0.040257648953301126,
45,9.876543209876543,5.562265163714439,36.822329575952764,3.603059581320451,4.03918411164788,31.488191089640367,5.891035963499732,1.7176596886741815,0.9594739667203436,0.040257648953301126,
46,9.46725711218465,4.7638217928073,35.82259796027912,2.945517981749866,3.92512077294686,36.35265700483092,3.9989264626945786,1.7176596886741815,1.0064412238325282,,
47,9.05126140633387,4.7638217928073,32.1256038647343,2.9924852388620504,6.266774020397209,37.996511003757384,3.4621578099838968,2.3483628556092326,0.9930220075147611,,
48,9.098228663446054,4.7638217928073,32.078636607622116,2.9924852388620504,6.266774020397209,37.996511003757384,3.4621578099838968,2.3483628556092326,0.9930220075147611,,
49,8.494363929146537,4.280730005367687,33.393719806763286,2.395330112721417,10.185185185185185,35.99704777241009,1.5901771336553945,2.6033279656468062,1.0601180891035964,,
50,8.78287707997853,4.133118625872249,31.53515834675255,2.5295222758990876,10.185185185185185,37.59393451422437,1.5901771336553945,2.589908749329039,1.0601180891035964,,
51,9.024422973698336,3.0059044551798175,42.37788513150832,3.113258185721954,9.822866344605474,28.08641975308642,1.7176596886741815,2.2074610842726785,0.644122383252818,,
52,9.400161030595813,3.0059044551798175,39.660493827160494,3.113258185721954,9.77589908749329,30.461621041331185,1.8250134192163177,2.1135265700483092,0.644122383252818,,
53,9.54777241009125,3.0059044551798175,39.452495974235106,3.113258185721954,9.842995169082126,30.421363392377884,1.8048845947396672,2.1806226516371443,0.630703166935051,,
54,9.695383789586689,2.9723564143853998,38.989533011272144,3.81105743424584,9.802737520128824,30.139559849704778,1.8048845947396672,2.15378421900161,0.630703166935051,,
55,10.104669887278583,2.9723564143853998,37.285292538915726,3.8848631239935587,9.655126140633387,30.50187869028449,2.2208803005904456,2.509393451422437,0.8655394524959742,,
56,10.359634997316157,2.945517981749866,37.17122920021471,3.8848631239935587,9.608158883521202,30.381105743424584,2.2208803005904456,2.4825550187869028,0.9460547504025765,,
57,11.023886205045626,2.7777777777777777,36.99006977992485,3.851315083199141,9.41358024691358,30.12614063338701,2.187332259796028,2.5429414922168547,1.0869565217391304,,
58,11.513687600644122,2.7643585614600106,36.34594739667203,3.616478797638218,9.29951690821256,29.220343531937736,3.656736446591519,2.49597423510467,1.0869565217391304,,
59,12.037037037037036,2.7643585614600106,36.01717659688674,3.7037037037037037,9.265968867418144,29.0727321524423,3.656736446591519,2.408749329039184,1.0735373054213635,,
60,12.379227053140097,2.61003757380569,34.54777241009125,3.4017713365539453,9.252549651100376,29.448470209339774,3.643317230273752,3.643317230273752,1.0735373054213635,,
61,12.681159420289855,2.6033279656468062,34.25925925925926,3.374932903918411,9.252549651100376,29.388083735909824,3.535963499731616,3.8311862587224907,1.0735373054213635,,
62,13.526570048309178,2.522812667740204,31.870638754696724,3.3011272141706924,9.138486312399356,27.563070316693505,7.226247987117552,3.683574879227053,1.1674718196457328,,
63,14.04320987654321,2.509393451422437,31.50161030595813,3.421900161030596,9.111647879763822,27.42216854535695,7.132313472893183,3.6902844873859366,1.1674718196457328,,
64,14.74771873322598,2.49597423510467,31.226516371443907,3.4151905528717124,9.057971014492754,27.200751476113794,6.937734836285561,3.750670960815888,1.1674718196457328,,
65,12.969672571121846,2.3550724637681157,40.50590445517982,2.717391304347826,8.407139023081053,22.32957595276436,6.729736983360172,3.2206119162640903,0.7648953301127214,,
66,12.245034889962426,2.227589908749329,46.68545356951154,2.6502952227589907,7.6623725174449815,20.397208803005906,4.528985507246377,2.8381642512077296,0.7648953301127214,,
67,11.889425657541599,2.227589908749329,50.053676865271065,2.408749329039184,7.635534084809447,18.585614600107355,3.5963499731615673,2.8381642512077296,0.7648953301127214,,
68,12.198067632850242,2.227589908749329,49.57058507783145,2.408749329039184,7.9039184111647875,18.256843800322063,3.5963499731615673,3.0730005367686526,0.7648953301127214,,
69,12.144390767579173,2.227589908749329,47.99382716049383,2.4020397208803006,7.9039184111647875,18.136070853462158,4.985238862050457,3.321256038647343,0.8856682769726248,,
70,11.292270531400966,2.227589908749329,46.792807300053674,3.294417606011809,6.535158346752549,19.605475040257648,6.025228126677402,3.3548040794417604,0.8722490606548577,,
71,11.332528180354267,2.1403650026838434,44.50483091787439,3.294417606011809,7.716049382716049,20.893719806763286,5.958132045088567,3.3145464304884595,0.8454106280193237,,
72,11.392914653784219,2.120236178207193,43.41116478797638,3.294417606011809,7.716049382716049,23.17498658078368,5.139559849704777,3.2139023081052067,0.5367686527106817,,
73,11.218464841653248,2.0933977455716586,41.626409017713364,3.589640365002684,10.38647342995169,21.786097691894792,5.139559849704777,3.6231884057971016,0.5367686527106817,,
74,11.943102522812667,2.0665593129361244,42.74020397208803,2.5161030595813205,10.218733225979603,21.544551798174986,5.052334943639291,3.3816425120772946,0.5367686527106817,,
75,12.278582930756844,2.046430488459474,42.62614063338701,2.5161030595813205,10.178475577026301,21.443907675791735,4.99194847020934,3.3816425120772946,0.5367686527106817,,
76,11.426462694578637,5.448201825013419,39.57997852925389,3.3279656468062266,10.326086956521738,21.34326355340848,4.99194847020934,3.2340311325818574,0.322061191626409,,
77,11.668008588298443,5.448201825013419,41.55260332796565,3.307836822329576,9.943639291465379,19.672571121846484,4.898013955984971,3.1870638754696725,0.322061191626409,,
78,11.976650563607086,5.166398282340311,41.2842190016103,3.2742887815351582,9.50751476113795,19.53166935050993,5.750134192163178,3.1870638754696725,0.322061191626409,,
79,11.829039184111648,5.112721417069243,40.80112721417069,3.012614063338701,9.091519055287172,20.994363929146537,5.723295759527644,2.999194847020934,0.43612453032742887,,
80,11.916264090177133,5.112721417069243,40.727321524422976,2.918679549114332,9.078099838969404,21.088298443370906,5.723295759527644,2.999194847020934,0.43612453032742887,,
81,12.224906065485776,5.0858829844337095,40.5126140633387,2.918679549114332,8.910359634997317,21.027911969940956,5.6964573268921095,3.1870638754696725,0.43612453032742887,,
82,12.674449812130971,5.0858829844337095,40.33145464304884,2.918679549114332,8.729200214707461,20.8870101986044,5.6964573268921095,3.240740740740741,0.43612453032742887,,
83,12.640901771336553,4.998658078368224,39.54643048845947,2.945517981749866,7.669082125603865,19.732957595276435,8.883521202361782,3.1468062265163717,0.43612453032742887,,
84,12.808641975308642,4.9718196457326895,36.66129898013956,2.965646806226516,7.212828770799785,23.161567364465917,8.3064949006978,3.475577026301664,0.43612453032742887,,
85,13.103864734299517,4.9718196457326895,36.39291465378422,2.965646806226516,7.206119162640902,22.926731078904993,8.3064949006978,3.5829307568438002,0.5434782608695652,,
86,13.539989264626946,4.958400429414922,36.22517444981213,2.965646806226516,7.353730542136339,22.63150831991412,8.11862587224906,3.6634460547504024,0.5434782608695652,,
87,12.00348899624262,4.777241009125067,42.049114331723025,2.0531400966183573,7.353730542136339,19.699409554482017,7.823403113258186,3.69699409554482,0.5434782608695652,,
88,12.305421363392378,4.777241009125067,41.639828234031135,2.1739130434782608,7.333601717659689,19.57192699946323,7.823403113258186,3.7640901771336552,0.6105743424584005,,
89,12.681159420289855,4.777241009125067,41.26409017713365,2.2745571658615136,7.333601717659689,19.53166935050993,7.7831454643048845,3.743961352657005,0.6105743424584005,,
90,13.09044551798175,4.656468062265164,40.92860976918948,2.3349436392914655,7.286634460547504,19.51154052603328,7.7361782071927,3.864734299516908,0.5904455179817498,,
91,13.258185721953838,4.253891572732153,40.23081052066559,3.2004830917874396,7.722758990874933,19.47799248523886,7.2933440687063875,3.9720880300590444,0.5904455179817498,,
92,13.513150831991412,4.253891572732153,39.97584541062802,3.2004830917874396,7.702630166398282,19.32367149758454,7.27992485238862,4.045893719806763,0.7045088566827697,,
93,14.06333870101986,4.2270531400966185,39.47933440687064,3.193773483628556,7.461084272678476,19.223027375201287,7.132313472893183,4.51556629092861,0.7045088566827697,,
94,14.143853998926463,4.186795491143317,39.33843263553408,3.193773483628556,7.427536231884058,17.860976918947934,8.628556092324208,4.51556629092861,0.7045088566827697,,
95,13.808373590982287,4.186795491143317,38.33870101986044,3.180354267310789,8.239398819108963,17.800590445517983,8.715780998389693,5.025496511003757,0.7045088566827697,,
96,14.278046162104133,4.166666666666667,38.16425120772947,3.166935050993022,8.179012345679013,17.673107890499196,8.641975308641975,5.025496511003757,0.7045088566827697,,
97,14.53972088030059,4.166666666666667,37.9495437466452,3.1199677938808374,8.232689210950081,17.62614063338701,8.635265700483092,5.025496511003757,0.7045088566827697,,
98,14.626945786366075,4.166666666666667,37.80193236714976,3.1199677938808374,8.192431561996779,17.62614063338701,8.635265700483092,5.12614063338701,0.7045088566827697,,
99,14.774557165861514,4.133118625872249,35.59447128287708,5.6964573268921095,8.192431561996779,17.52549651100376,8.521202361782072,4.85775630703167,0.7045088566827697,,
100,12.117552334943639,24.57729468599034,24.731615673644658,4.609500805152979,8.185721953837897,13.311862587224907,8.829844337090714,2.999194847020934,0.6374127750939346,,
101,12.325550187869029,24.335748792270532,24.322329575952764,4.5893719806763285,8.165593129361245,13.868760064412239,8.68894256575416,2.945517981749866,0.7581857219538379,,
102,10.48040794417606,21.484165324745035,33.23268921095008,4.193505099302201,7.360440150295223,10.50053676865271,10.124798711755233,2.046430488459474,0.5770263016639828,,
103,10.950080515297907,21.336553945249598,32.910628019323674,4.3545356951154055,7.253086419753086,10.473698336017177,10.0979602791197,2.046430488459474,0.5770263016639828,,
104,9.702093397745571,29.8040794417606,28.442028985507246,4.40150295222759,6.347289318303811,8.943907675791733,10.084541062801932,1.8183038110574343,0.4562533548040794,,
105,9.494095544820183,26.321792807300053,27.643585614600106,3.3548040794417604,6.260064412238325,14.848362855609233,9.749060654857756,1.8719806763285025,0.4562533548040794,,
106,10.017444981213098,26.080246913580247,27.462426194310254,3.421900161030596,6.233225979602791,14.774557165861514,9.594739667203436,1.9659151905528718,0.4495437466451959,,
107,9.54777241009125,16.7337627482555,37.35909822866345,3.3279656468062266,9.044551798174986,13.875469672571121,8.017981749865807,1.7444981213097155,0.3488996242619431,,
108,7.977724100912507,16.666666666666668,45.32340311325819,2.9924852388620504,8.038110574342458,10.426731078904991,6.702898550724638,1.5297906602254427,0.3421900161030596,,
109,8.179012345679013,16.33118625872249,43.51180891035963,3.066290928609769,7.561728395061729,12.962962962962964,6.608964036500268,1.4358561460010735,0.3421900161030596,,
110,8.53462157809984,16.163446054750402,42.93478260869565,3.066290928609769,8.038110574342458,12.942834138486312,6.615673644659152,1.3620504562533549,0.3421900161030596,,
111,8.789586688137414,15.385131508319914,40.37842190016103,3.0059044551798175,8.071658615136876,12.922705314009661,9.681964573268921,1.4224369296833066,0.3421900161030596,,
112,9.098228663446054,15.304616210413311,40.264358561460014,3.0059044551798175,8.051529790660226,12.76838432635534,9.628287707997853,1.4224369296833066,0.4562533548040794,,
113,9.265968867418144,15.277777777777779,40.11674718196457,2.9589371980676327,8.051529790660226,12.761674718196458,9.829575952764358,1.2815351583467525,0.4562533548040794,,
114,8.836553945249598,15.237520128824476,42.914653784219,2.8113258185721954,6.454643048845948,12.560386473429952,9.292807300053678,1.4358561460010735,0.4562533548040794,,
115,9.326355340848094,15.136876006441224,42.652979066022546,2.804616210413312,6.353998926462695,12.560386473429952,9.178743961352657,1.5297906602254427,0.4562533548040794,,
116,9.73564143853999,14.989264626945786,42.50536768652711,2.6972624798711755,6.347289318303811,12.560386473429952,9.178743961352657,1.5297906602254427,0.4562533548040794,,
117,10.017444981213098,14.935587761674718,43.10923242082662,2.6972624798711755,6.099033816425121,12.25174449812131,8.76274825550188,1.6371443907675791,0.3421900161030596,,0.14761137949543746
118,10.59447128287708,14.78797638217928,42.66639828234031,2.831454643048846,6.018518518518518,11.929683306494901,8.76274825550188,1.9189479334406871,0.3421900161030596,,0.14761137949543746
119,10.829307568438002,14.734299516908212,42.652979066022546,2.757648953301127,5.9514224369296835,11.902844873859367,8.76274825550188,1.9189479334406871,0.3421900161030596,,0.14761137949543746
120,11.003757380568974,14.110305958132045,40.385131508319915,4.911433172302737,5.938003220611916,11.829039184111648,9.265968867418144,2.0665593129361244,0.3421900161030596,,0.14761137949543746
121,11.533816425120772,14.029790660225443,39.942297369833604,4.904723564143854,5.938003220611916,11.829039184111648,9.265968867418144,2.0665593129361244,0.3421900161030596,,0.14761137949543746
122,11.285560923242082,9.722222222222221,41.56602254428341,4.616210413311863,5.669618894256575,10.138217928073,14.80810520665593,1.7444981213097155,0.30193236714975846,,0.14761137949543746
123,11.379495437466453,9.541062801932368,38.94927536231884,4.804079441760601,5.501878690284487,10.017444981213098,17.612721417069242,1.7444981213097155,0.30193236714975846,,0.14761137949543746
124,10.238862050456254,8.93719806763285,46.88674181427805,3.7238325281803544,4.911433172302737,9.5276435856146,13.754696725711218,1.570048309178744,0.30193236714975846,,0.14761137949543746
125,10.755501878690284,8.829844337090714,44.578636607622116,3.7104133118625873,4.757112184648417,9.46725711218465,15.734031132581856,1.7176596886741815,0.30193236714975846,,0.14761137949543746
126,11.33923778851315,8.829844337090714,44.276704240472355,3.7104133118625873,4.757112184648417,9.46725711218465,15.485775630703166,1.6841116478797638,0.30193236714975846,,0.14761137949543746
127,11.654589371980677,8.668813741277509,44.08883521202362,3.9519592055823938,4.757112184648417,9.286097691894794,15.458937198067632,1.6841116478797638,0.30193236714975846,,0.14761137949543746
128,11.788781535158346,8.668813741277509,44.06199677938808,3.9519592055823938,4.703435319377348,9.265968867418144,15.425389157273216,1.6841116478797638,0.30193236714975846,,0.14761137949543746
129,11.876006441223833,8.61513687600644,43.00858829844337,2.9723564143853998,4.676596886741814,8.870101986044014,17.85426731078905,1.5432098765432098,0.30193236714975846,0.13419216317767044,0.14761137949543746
130,12.204777241009126,8.507783145464305,42.76033279656468,3.079710144927536,4.64975845410628,8.829844337090714,17.773752012882447,1.5432098765432098,0.30193236714975846,0.20128824476650564,0.14761137949543746
131,12.399355877616747,8.494363929146537,41.277509393451425,3.066290928609769,4.7638217928073,11.486849168008588,16.31105743424584,1.5499194847020934,0.30193236714975846,0.20128824476650564,0.14761137949543746
132,12.446323134728932,8.3064949006978,40.485775630703166,3.421900161030596,4.609500805152979,11.43317230273752,17.10950080515298,1.5499194847020934,0.30193236714975846,0.1878690284487386,0.14761137949543746
133,12.734836285560924,8.299785292538916,40.19055287171229,3.69699409554482,4.549114331723027,11.366076221148685,16.97530864197531,1.5499194847020934,0.30193236714975846,0.1878690284487386,0.14761137949543746
134,13.030059044551798,8.299785292538916,39.87520128824477,3.6231884057971016,4.7101449275362315,11.29898013955985,16.97530864197531,1.5499194847020934,0.30193236714975846,0.1878690284487386,0.14761137949543746
135,12.929414922168545,8.299785292538916,37.245034889962426,3.6231884057971016,4.562533548040794,13.996242619431026,16.935050993022006,1.7713365539452497,0.30193236714975846,0.1878690284487386,0.14761137949543746
136,13.399087493290391,8.192431561996779,37.151100375738054,3.5091250670960816,4.562533548040794,13.895598497047773,16.881374127750938,1.7713365539452497,0.30193236714975846,0.1878690284487386,0.14761137949543746
137,14.103596349973161,8.192431561996779,36.82903918411165,3.5091250670960816,4.562533548040794,13.707729468599034,16.686795491143318,1.7713365539452497,0.30193236714975846,0.1878690284487386,0.14761137949543746
138,14.586688137412775,8.038110574342458,36.58749329039184,3.589640365002684,4.51556629092861,13.607085346215781,16.5727321524423,1.751207729468599,0.41599570585077833,0.1878690284487386,0.14761137949543746
139,14.78797638217928,8.038110574342458,36.500268384326354,3.589640365002684,4.51556629092861,13.58695652173913,16.49892646269458,1.751207729468599,0.39586688137412773,0.1878690284487386,0.14761137949543746
140,14.566559312936125,7.991143317230274,35.46027911969941,3.770799785292539,6.139291465378422,13.077026301663983,16.243961352657006,2.01959205582394,0.39586688137412773,0.1878690284487386,0.14761137949543746
141,15.076489533011273,7.98443370907139,35.09125067096082,3.750670960815888,5.917874396135265,13.01663982823403,16.17686527106817,2.120236178207193,0.5300590445517982,0.1878690284487386,0.14761137949543746
142,15.250939345142244,7.9039184111647875,34.97047772410091,3.7372517444981215,6.152710681696189,12.815351583467525,16.076221148684915,2.120236178207193,0.6374127750939346,0.1878690284487386,0.14761137949543746
143,14.794685990338165,7.675791733762749,35.319377348362856,4.032474503488996,5.9447128287707995,13.251476113794954,16.022544283413847,1.9860440150295222,0.6374127750939346,0.1878690284487386,0.14761137949543746
144,12.238325281803542,7.286634460547504,43.09581320450886,3.515834675254965,6.501610305958132,12.674449812130971,12.077294685990339,1.7713365539452497,0.6374127750939346,0.05367686527106817,0.14761137949543746
145,11.922973698336017,6.595544820182502,46.88003220611916,2.9253891572732154,6.112453032742888,12.050456253354804,11.131239935587761,1.5432098765432098,0.6374127750939346,0.05367686527106817,0.14761137949543746
146,12.298711755233494,6.568706387546968,46.041331186258724,2.804616210413312,6.233225979602791,11.996779388083736,10.876274825550189,2.2611379495437465,0.7179280730005367,0.05367686527106817,0.14761137949543746
147,12.835480407944177,6.320450885668277,45.82662372517445,2.885131508319914,6.159420289855072,11.922973698336017,10.876274825550189,2.254428341384863,0.7179280730005367,0.05367686527106817,0.14761137949543746
148,13.157541599570585,6.280193236714976,45.70585077831455,2.885131508319914,6.159420289855072,11.77536231884058,10.86285560923242,2.254428341384863,0.7179280730005367,0.05367686527106817,0.14761137949543746
149,13.352120236178207,6.239935587761675,45.54482018250134,2.985775630703167,6.092324208266238,11.77536231884058,10.86285560923242,2.227589908749329,0.7179280730005367,0.05367686527106817,0.14761137949543746
150,10.547504025764896,4.186795491143317,61.171497584541065,2.61003757380569,4.8376274825550185,8.447396672034353,5.522007514761138,2.2074610842726785,0.322061191626409,,0.14761137949543746
151,10.970209339774557,4.106280193236715,60.91653247450349,2.5295222758990876,4.723564143853999,8.55475040257649,5.522007514761138,2.2074610842726785,0.322061191626409,,0.14761137949543746
152,11.117820719269995,4.0995705850778315,60.607890499194845,2.5295222758990876,4.7168545356951155,8.55475040257649,5.481749865807837,2.4221685453569513,0.322061191626409,,0.14761137949543746
153,10.950080515297907,3.6097691894793345,60.42673107890499,2.5295222758990876,3.535963499731616,8.393719806763285,7.930756843800322,2.2745571658615136,0.3421900161030596,,0.0067096081588835215
154,11.178207192699947,3.589640365002684,60.05099302200752,2.771068169618894,3.670155662909286,8.232689210950081,7.883789586688137,2.2745571658615136,0.3421900161030596,,0.0067096081588835215
155,11.701556629092861,3.589640365002684,59.39345142243693,2.7509393451422435,3.549382716049383,8.232689210950081,7.816693505099302,2.6167471819645733,0.3421900161030596,,0.0067096081588835215
156,12.245034889962426,3.5628019323671496,58.762748255501876,2.7509393451422435,3.549382716049383,8.232689210950081,7.816693505099302,2.7308105206655933,0.3421900161030596,,0.0067096081588835215
157,12.211486849168008,3.1199677938808374,56.635802469135804,2.6033279656468062,3.5426731078904994,11.144659151905529,7.749597423510467,2.6435856146001075,0.3421900161030596,,0.0067096081588835215
158,12.553676865271068,3.1199677938808374,56.374127750939344,2.6033279656468062,3.5426731078904994,11.064143853998926,7.749597423510467,2.6435856146001075,0.3421900161030596,,0.0067096081588835215
159,12.922705314009661,3.1199677938808374,56.13929146537842,2.6033279656468062,3.5426731078904994,11.064143853998926,7.615405260332796,2.6435856146001075,0.3421900161030596,,0.0067096081588835215
160,13.150831991411701,3.0931293612453032,55.89774557165862,2.737520128824477,3.5426731078904994,10.929951690821255,7.568438003220612,2.7308105206655933,0.3421900161030596,,0.0067096081588835215
161,13.6406333870102,3.0931293612453032,55.481749865807835,2.7106816961889426,3.5426731078904994,10.903113258185721,7.568438003220612,2.7106816961889426,0.3421900161030596,,0.0067096081588835215
162,13.761406333870102,3.0931293612453032,54.63633923778851,3.421900161030596,3.5426731078904994,10.889694041867955,7.501341921631776,2.804616210413312,0.3421900161030596,,0.0067096081588835215
163,13.976113794954374,3.0931293612453032,54.51556629092861,3.421900161030596,3.5426731078904994,10.815888352120236,7.501341921631776,2.7844873859366612,0.3421900161030596,,0.0067096081588835215
164,14.606816961889425,3.0931293612453032,54.17337627482555,3.3413848631239937,3.5091250670960816,10.695115405260333,7.474503488996243,2.757648953301127,0.3421900161030596,,0.0067096081588835215
165,14.51959205582394,2.8113258185721954,52.21417069243156,5.280461621041331,3.4621578099838968,10.674986580783683,7.96430488459474,2.7241009125067097,0.3421900161030596,,0.0067096081588835215
166,15.297906602254429,2.8113258185721954,51.650563607085346,5.152979066022544,3.408480944712829,10.587761674718196,8.017981749865807,2.7241009125067097,0.3421900161030596,,0.0067096081588835215
167,15.49248523886205,2.8113258185721954,51.37546967257112,5.260332796564681,3.4017713365539453,10.540794417606012,7.917337627482555,2.8515834675254963,0.3421900161030596,,0.0067096081588835215
168,15.479066022544284,2.7106816961889426,50.13419216317767,5.280461621041331,3.5762211486849167,11.75523349436393,7.917337627482555,2.7979066022544283,0.3421900161030596,,0.0067096081588835215
169,14.626945786366075,2.690552871712292,45.4777241009125,5.267042404723564,3.2541599570585076,18.14278046162104,7.27992485238862,2.804616210413312,0.4495437466451959,,0.0067096081588835215
170,14.660493827160494,2.690552871712292,44.16264090177134,5.260332796564681,3.2541599570585076,19.32367149758454,7.266505636070853,2.804616210413312,0.5703166935050993,,0.0067096081588835215
171,15.190552871712292,2.690552871712292,43.96806226516372,5.367686527106817,3.2541599570585076,19.135802469135804,7.092055823939882,2.7509393451422435,0.5434782608695652,,0.0067096081588835215
172,15.646806226516372,2.690552871712292,43.67954911433172,5.367686527106817,3.2541599570585076,18.968062265163713,7.092055823939882,2.7509393451422435,0.5434782608695652,,0.0067096081588835215
173,16.056092324208265,2.690552871712292,43.16961889425657,5.3341384863123995,3.193773483628556,18.947933440687063,7.024959742351046,3.0327428878153517,0.5434782608695652,,0.0067096081588835215
174,15.083199141170155,2.690552871712292,38.888888888888886,5.387815351583468,3.193773483628556,21.38352120236178,9.936929683306495,2.885131508319914,0.5434782608695652,,0.0067096081588835215
175,15.479066022544284,2.657004830917874,38.747987117552334,5.347557702630167,3.193773483628556,21.24261943102523,9.91009125067096,2.885131508319914,0.5300590445517982,,0.0067096081588835215
176,15.807836822329575,2.657004830917874,38.687600644122384,5.273752012882448,3.099838969404187,21.195652173913043,9.856414385399892,2.885131508319914,0.5300590445517982,,0.0067096081588835215
177,15.707192699946322,2.657004830917874,38.077026301663984,5.374396135265701,3.066290928609769,22.544283413848632,9.225711218464841,2.8784219001610305,0.46296296296296297,,0.0067096081588835215
178,16.06280193236715,2.6435856146001075,37.956253354804076,5.374396135265701,3.052871712292002,22.383252818035427,9.111647879763822,2.844873859366613,0.5636070853462157,,0.0067096081588835215
179,16.57944176060118,2.6435856146001075,38.258185721953836,5.0993022007514766,2.9052603327965647,22.134997316156735,9.004294149221685,2.8113258185721954,0.5568974771873323,,0.0067096081588835215
180,16.97530864197531,2.6435856146001075,37.92270531400966,5.24020397208803,2.9052603327965647,21.967257112184647,8.984165324745035,2.7979066022544283,0.5568974771873323,,0.0067096081588835215
181,17.14975845410628,2.6435856146001075,37.69457863660762,5.394524959742351,2.9052603327965647,21.786097691894792,8.950617283950617,2.9119699409554483,0.5568974771873323,,0.0067096081588835215
182,17.55233494363929,2.61003757380569,37.56038647342995,5.381105743424584,2.9052603327965647,21.591519055287172,8.950617283950617,2.9119699409554483,0.5300590445517982,,0.0067096081588835215
183,17.94820182501342,2.5563607085346214,37.124261943102525,5.340848094471283,5.387815351583468,19.75979602791197,8.393719806763285,2.9723564143853998,0.5099302200751477,,0.0067096081588835215
184,18.51851851851852,2.5563607085346214,36.99006977992485,5.307300053676865,5.273752012882448,19.598765432098766,8.293075684380032,2.9723564143853998,0.4830917874396135,,0.0067096081588835215
185,18.5654857756307,2.5563607085346214,36.18491680085883,5.4616210413311865,5.273752012882448,19.57192699946323,8.588298443370908,3.307836822329576,0.4830917874396135,,0.0067096081588835215
186,18.853998926462694,2.5496511003757383,35.73537305421363,5.267042404723564,5.267042404723564,19.45786366076221,8.93719806763285,3.4420289855072466,0.4830917874396135,,0.0067096081588835215
187,19.196188942565755,2.475845410628019,35.507246376811594,5.179817498658078,5.367686527106817,19.578636607622116,8.776167471819646,3.4286097691894795,0.4830917874396135,,0.0067096081588835215
188,19.384057971014492,2.4691358024691357,35.27241009125067,5.092592592592593,5.5756843800322065,18.766774020397207,9.447128287707997,3.502415458937198,0.4830917874396135,,0.0067096081588835215
189,19.545088566827697,2.4355877616747184,34.82286634460547,5.025496511003757,5.723295759527644,18.706387546967257,9.769189479334408,3.4822866344605474,0.4830917874396135,,0.0067096081588835215
190,19.92753623188406,2.4355877616747184,34.72222222222222,5.018786902844874,5.709876543209877,18.451422436929683,9.728931830381105,3.515834675254965,0.4830917874396135,,0.0067096081588835215
191,20.242887815351583,2.4355877616747184,34.11164787976382,5.146269457863661,5.756843800322061,18.337359098228664,9.675254965110037,3.8043478260869565,0.4830917874396135,,0.0067096081588835215
192,20.343531937734838,2.4221685453569513,33.9170692431562,5.146269457863661,5.756843800322061,18.337359098228664,9.675254965110037,3.911701556629093,0.4830917874396135,,0.0067096081588835215
193,20.67230273752013,2.4221685453569513,33.65539452495974,5.24020397208803,5.931293612453032,18.19645732689211,9.480676328502415,3.911701556629093,0.4830917874396135,,0.0067096081588835215
194,21.24261943102523,2.4221685453569513,33.41384863123994,5.10601180891036,5.924584004294149,17.995169082125603,9.426999463231347,3.978797638217928,0.4830917874396135,,0.0067096081588835215
195,21.67874396135266,2.4221685453569513,32.9374664519592,5.213365539452496,6.005099302200751,17.92807300053677,9.366612989801396,3.9586688137412773,0.4830917874396135,,0.0067096081588835215
196,21.772678475577028,2.4221685453569513,32.57514761137949,5.340848094471283,6.005099302200751,18.203166935050994,9.286097691894794,3.938539989264627,0.4495437466451959,,0.0067096081588835215
197,21.22249060654858,2.227589908749329,28.978797638217927,4.508856682769726,5.750134192163178,22.973698336017176,10.131508319914117,3.750670960815888,0.4495437466451959,,0.0067096081588835215
198,20.276435856146,2.1403650026838434,35.76221148684917,2.9253891572732154,5.595813204508857,19.578636607622116,9.702093397745571,3.589640365002684,0.4294149221685454,,
199,20.39049919484702,2.13365539452496,35.7487922705314,2.8918411164787976,5.595813204508857,19.53166935050993,9.702093397745571,3.5762211486849167,0.4294149221685454,,
200,20.618625872249062,2.1068169618894257,35.72866344605475,2.85829307568438,5.555555555555555,19.47799248523886,9.648416532474503,3.5762211486849167,0.4294149221685454,,
201,20.813204508856682,2.046430488459474,35.601180891035966,2.952227589908749,5.555555555555555,19.37734836285561,9.648416532474503,3.5762211486849167,0.4294149221685454,,
202,21.24932903918411,2.046430488459474,35.225442834138484,2.9119699409554483,5.555555555555555,19.32367149758454,9.594739667203436,3.6634460547504024,0.4294149221685454,,
203,21.048040794417606,2.006172839506173,31.890767579173378,2.61003757380569,5.609232420826624,18.04884594739667,14.626945786366075,3.603059581320451,0.5568974771873323,,
204,21.477455716586153,2.006172839506173,31.52173913043478,2.5831991411701556,5.6964573268921095,17.995169082125603,14.472624798711756,3.6902844873859366,0.5568974771873323,,
205,21.638486312399355,2.006172839506173,31.300322061191626,2.576489533011272,5.8239398819108965,17.96833064949007,14.452495974235104,3.6768652710681695,0.5568974771873323,,
206,22.22222222222222,2.006172839506173,31.031937734836287,2.576489533011272,5.790391841116479,17.887815351583466,14.2914653784219,3.6768652710681695,0.5166398282340311,,
207,22.611379495437465,1.9390767579173376,30.763553408480945,2.690552871712292,5.730005367686527,17.834138486312398,14.237788513150832,3.6768652710681695,0.5166398282340311,,
208,22.725442834138487,1.932367149758454,30.730005367686527,2.690552871712292,5.730005367686527,17.793880837359097,14.224369296833064,3.656736446591519,0.5166398282340311,,
209,23.020665593129362,1.90552871712292,30.589103596349972,2.690552871712292,5.636070853462158,17.787171229200215,14.197530864197532,3.656736446591519,0.5166398282340311,,
210,23.11460010735373,1.90552871712292,30.253623188405797,2.6838432635534084,6.152710681696189,17.72007514761138,14.096886741814279,3.556092324208266,0.5166398282340311,,
211,23.30246913580247,1.90552871712292,30.018786902844873,2.898550724637681,6.092324208266238,17.612721417069242,14.049919484702093,3.643317230273752,0.47638217928073,,
212,23.60440150295223,1.90552871712292,29.663177670424048,3.113258185721954,6.119162640901771,17.398013955984972,13.848631239935587,3.7573805689747717,0.5904455179817498,,
213,24.52361782071927,1.90552871712292,29.20692431561997,3.099838969404187,6.105743424584004,17.122920021470748,13.727858293075684,3.717122920021471,0.5904455179817498,,
214,24.872517444981213,1.892109500805153,28.965378421900162,3.099838969404187,6.105743424584004,17.05582393988191,13.546698872785829,3.8043478260869565,0.6575415995705851,,
215,25.107353730542137,1.892109500805153,28.837895866881375,3.099838969404187,6.105743424584004,16.894793344068706,13.479602791196994,3.92512077294686,0.6575415995705851,,
216,24.610842726784757,1.4559849704777241,28.32125603864734,3.0327428878153517,6.105743424584004,16.948470209339774,15.069779924852389,3.81105743424584,0.644122383252818,,
217,24.859098228663445,1.4559849704777241,27.83816425120773,3.656736446591519,6.025228126677402,16.740472356414386,14.841653247450349,3.938539989264627,0.644122383252818,,
218,25.13419216317767,1.4559849704777241,27.70397208803006,3.629898013955985,6.005099302200751,16.686795491143318,14.80810520665593,3.9318303811057436,0.644122383252818,,
219,25.469672571121848,1.4559849704777241,27.415458937198068,3.9989264626945786,5.991680085882985,16.492216854535695,14.700751476113794,3.9318303811057436,0.5434782608695652,,
220,25.764895330112722,1.4559849704777241,26.992753623188406,4.05931293612453,6.146001073537305,16.324476650563607,14.667203435319378,3.992216854535695,0.5971551261406334,,
221,25.744766505636072,1.4559849704777241,26.85185185185185,4.05931293612453,6.159420289855072,15.861513687600644,15.26435856146001,4.005636070853462,0.5971551261406334,,
222,25.51663982823403,1.4559849704777241,25.637412775093935,3.7372517444981215,6.031937734836285,18.317230273752013,15.063070316693505,3.643317230273752,0.5971551261406334,,
223,25.657541599570585,1.4559849704777241,25.462962962962962,3.7775093934514223,6.166129898013956,18.21658615136876,14.9020397208803,3.7640901771336552,0.5971551261406334,,
224,26.053408480944714,1.4559849704777241,25.315351583467525,3.7775093934514223,6.159420289855072,17.907944176060116,14.660493827160494,3.938539989264627,0.7313472893183038,,
225,26.247987117552334,1.4559849704777241,25.107353730542137,3.965378421900161,6.052066559312936,17.807300053676865,14.606816961889425,4.025764895330113,0.7313472893183038,,
